NAME : VRPTW_INSTANCE_196.txt
COMMENT : Bangkok Supermarket
TYPE : VRPTW
DIMENSION : 305
DAYS : Saturday
EDGE_WEIGHT_TYPE : EXPLICIT
VEHICLES : 38
EDGE_WEIGHT_FORMAT : FULL_MATRIX
CAPACITY : 1000
EDGE_WEIGHT_SECTION
0	1221	91	1627	174	179	214	766	1190	1004	367	215	89	401	309	223	1058	306	199	474	1010	38	101	1436	819	526	909	258	737	1291	1181	217	564	330	846	1068	341	2768	464	397	202	591	718	153	226	128	1734	779	2950	385	246	1054	1825	172	379	396	847	589	1068	277	2127	1117	1137	594	192	446	936	1141	115	439	734	194	38	1812	185	2758	474	104	201	373	1424	2678	650	1104	155	968	362	3565	577	155	198	317	379	352	59	1793	404	119	379	1006	1118	124	330	1079	79	213	809	133	1026	1223	1134	404	308	1686	985	1989	376	1727	672	123	264	584	1579	1231	935	1592	358	815	1358	309	419	212	101	328	219	991	393	1933	504	555	439	73	215	524	126	403	351	382	1882	173	1647	583	171	991	341	195	1851	581	91	610	422	1014	393	1121	1092	254	354	3586	123	1036	717	489	1145	497	1067	667	334	367	382	155	819	573	2278	650	523	378	2979	3742	611	438	1775	192	1028	891	1221	1067	1025	843	206	152	1129	418	608	214	133	362	288	1174	528	155	421	474	190	202	88	694	171	811	1231	219	133	395	1123	745	216	1125	218	352	1447	193	25	825	939	204	1066	1994	193	404	775	410	1734	124	3005	1221	193	352	582	561	219	855	371	284	401	395	394	347	379	359	407	608	212	638	130	525	330	2756	186	2257	121	1139	610	464	534	562	435	248	301	545	1009	891	103	1686	2627	2274	1010	428	24	1722	408	708	603	595	543	1124	762	502	306	737	143	86	2096	298	592	534	219
1221	0	1139	439	1056	1256	1165	1070	1131	1911	1243	1170	1217	1342	1092	1267	1442	1519	1023	1658	245	1235	1311	1563	1365	713	885	1307	612	1138	1121	1029	1650	1083	1553	313	1483	2057	924	1160	1424	1703	510	1074	1294	1349	905	998	1968	840	1459	1510	1810	1062	1227	1097	375	1564	313	1499	1377	1079	941	1034	1038	836	327	753	1334	1061	1953	1045	1235	631	1036	2072	1658	1265	1077	1237	2045	1807	1216	2097	1080	382	1221	3001	662	1080	1289	1532	1227	1215	1219	1629	1080	1338	1227	763	2119	1118	1083	254	1190	1265	1407	1245	1448	1669	385	1180	1098	2441	239	787	1238	1039	1594	1266	958	650	367	1093	304	2512	1230	810	2355	912	1110	1130	1314	899	1165	238	1345	1827	1324	794	783	1229	1170	903	1256	1336	1203	1492	988	1055	1373	727	1277	238	1483	1404	1832	1680	1139	1145	1053	239	1345	2281	1460	1466	1077	3083	1266	356	678	737	1253	1311	266	1304	1445	1243	1593	1080	1365	1150	1812	1865	900	1053	2126	3055	616	1071	1493	1046	1218	339	0	1457	242	2061	1023	1283	2081	1155	619	1165	1245	1221	1108	1126	902	1080	1026	1658	1400	1262	1310	1395	1277	1419	918	1165	1245	1588	1079	1375	1169	210	1003	1215	1345	1248	1246	503	2155	1295	272	779	1045	1523	1139	1165	1067	1118	2643	0	1264	1215	994	660	1240	1296	1128	1066	1342	1212	1226	1218	1227	1161	1175	1294	1260	654	1345	1141	1083	1711	1397	1391	1341	1472	1708	924	904	1283	1094	977	1325	926	2164	339	1279	1217	1918	1055	233	983	1225	524	1166	519	623	653	1347	1464	708	1307	1521	612	1327	1254	1281	1090	1660	904	1165
91	1139	0	1540	85	174	162	764	1179	1013	331	166	91	386	312	213	1082	380	131	535	934	96	192	1450	849	455	884	256	679	1276	1169	126	596	332	896	999	383	2736	435	418	288	631	633	102	227	213	1683	768	2897	313	337	1086	1835	81	338	329	767	596	999	361	2086	1104	1112	520	102	393	861	1101	196	366	814	103	96	1737	114	2728	535	182	183	335	1405	2633	594	1129	116	900	321	3547	489	116	204	393	338	310	82	1791	334	199	338	969	1145	107	332	1006	60	204	768	136	1052	1182	1043	351	239	1686	901	1903	337	1685	673	198	180	497	1500	1216	858	1612	319	783	1387	230	429	223	175	241	167	911	379	1938	473	465	355	94	165	437	197	385	306	414	1829	84	1634	527	179	911	383	266	1861	617	0	547	348	937	379	1180	1116	344	355	3574	198	969	626	403	1147	464	994	621	364	331	455	116	849	587	2260	739	436	374	2936	3716	526	366	1764	101	1032	806	1139	1016	950	931	150	227	1148	361	522	162	136	321	220	1163	442	116	412	535	262	194	174	659	179	771	1201	167	136	486	1110	781	166	1051	144	310	1442	181	112	760	1027	211	994	1909	102	440	780	355	1694	107	3001	1139	189	310	571	479	271	875	385	276	386	427	352	383	338	381	430	564	270	577	206	539	332	2697	258	2209	203	1161	647	435	448	597	368	162	297	461	1066	806	146	1659	2594	2190	932	410	87	1636	352	630	518	525	513	1147	671	469	382	679	195	164	2051	226	621	448	167
1627	439	1540	0	1455	1638	1542	1503	1514	2199	1592	1546	1612	1688	1524	1641	1862	1914	1433	2038	685	1636	1721	1942	1800	1139	1304	1678	1052	1502	1506	1422	2002	1516	1991	731	1859	2130	1361	1597	1829	2060	909	1486	1670	1753	1059	1429	1881	1257	1870	1933	2145	1460	1573	1441	800	1895	731	1901	1493	1472	1324	1334	1438	1268	767	1127	1737	1398	2349	1441	1636	497	1445	2156	2038	1680	1499	1584	2237	1808	1500	2400	1494	814	1570	3098	1051	1494	1669	1928	1573	1566	1618	1940	1424	1740	1573	1167	2424	1533	1516	678	1587	1641	1663	1633	1871	1844	562	1521	1461	2652	650	362	1584	1241	1909	1684	1362	1043	290	1466	741	2775	1580	1240	2649	1321	1548	1556	1714	1299	1541	673	1693	2138	1648	1140	1187	1625	1546	1236	1675	1682	1555	1859	1080	1456	1679	1164	1660	673	1859	1800	2165	2034	1540	1438	1394	679	1693	2637	1878	1877	1512	3203	1684	777	992	1137	1652	1635	692	1589	1816	1592	1986	1494	1800	1589	2011	2277	1234	1489	2116	3095	1015	1408	1783	1442	1631	737	439	1645	681	2471	1438	1703	2373	1493	1018	1542	1633	1570	1474	1512	1234	1494	1464	2038	1797	1640	1714	1680	1660	1676	1278	1541	1633	2007	1471	1813	1545	628	1412	1566	1696	1627	1651	942	2566	1674	698	381	1441	1891	1572	1505	1273	1533	2832	439	1644	1566	1433	1072	1666	1727	1564	1496	1688	1649	1569	1653	1573	1597	1613	1592	1686	1091	1745	1580	1516	1590	1794	1437	1743	1886	2060	1361	1234	1723	1430	1379	1689	1250	2521	737	1674	1480	2002	664	673	1420	1627	97	1505	944	1023	1084	1664	1878	996	1630	1917	1052	1720	1668	1372	1455	2007	1234	1541
174	1056	85	1455	0	227	175	748	1153	1050	341	180	164	412	316	256	1089	463	82	611	853	181	275	1444	863	382	847	302	614	1246	1142	50	655	333	929	923	450	2687	402	432	373	694	549	95	277	298	1620	744	2832	239	421	1099	1825	11	342	300	685	636	923	446	2032	1076	1073	474	17	338	783	1050	281	328	897	26	181	1657	67	2681	611	255	184	342	1415	2574	573	1179	116	826	325	3511	404	116	260	476	342	315	163	1770	301	284	342	920	1196	134	333	929	135	250	760	200	1062	1171	959	342	213	1712	818	1818	344	1630	706	267	98	412	1417	1184	777	1656	327	739	1439	153	432	244	259	156	179	829	408	1923	482	387	272	173	180	372	263	411	308	475	1764	3	1603	466	239	829	450	348	1851	678	85	518	308	857	408	1253	1123	428	354	3542	267	895	546	319	1132	472	916	611	425	341	537	116	863	589	2224	824	370	367	2880	3672	441	330	1734	24	1020	722	1056	995	870	1016	113	295	1192	344	438	175	200	325	199	1137	377	116	399	611	344	242	260	660	239	765	1158	179	199	569	1082	802	179	972	81	315	1419	227	197	690	1113	267	917	1825	24	503	772	341	1640	134	2976	1056	240	315	551	397	319	879	395	274	412	451	354	412	342	398	447	558	324	509	290	542	333	2627	341	2149	288	1166	708	402	383	619	337	79	338	399	1138	722	224	1616	2545	2106	851	388	172	1551	339	550	434	452	521	1152	595	475	465	614	273	237	1992	199	676	383	179
179	1256	174	1638	227	0	98	934	1353	839	196	95	93	222	479	43	1237	290	299	401	1067	142	237	1613	998	607	1059	82	842	1450	1343	234	427	499	1022	1145	228	2909	610	574	255	468	746	277	52	199	1847	942	3059	465	328	1234	2000	217	210	268	894	421	1145	304	2257	1278	1286	469	241	562	1000	1273	178	318	716	225	142	1869	282	2901	401	276	355	203	1245	2801	490	955	291	1049	195	3722	594	291	33	305	210	186	121	1962	281	180	210	1141	972	275	499	1147	119	33	635	46	1205	1047	1113	247	198	1514	1017	2000	205	1855	500	296	321	605	1622	1390	990	1437	188	957	1214	379	593	384	154	366	100	1038	214	2107	326	511	482	106	94	446	301	223	189	248	1991	229	1808	693	25	1038	228	188	2027	451	174	461	307	1070	214	1033	1271	335	523	3748	296	1118	674	523	1316	320	1135	496	198	195	354	291	998	749	2434	684	446	544	3106	3890	640	314	1938	225	1200	917	1256	898	1085	863	322	322	973	268	637	98	46	195	179	1337	450	291	584	401	189	22	186	517	25	636	1375	100	46	481	1284	925	96	1188	305	187	1614	18	172	915	962	40	1136	2013	226	277	947	258	1865	275	3173	1256	14	186	744	609	399	1033	546	447	222	574	226	527	210	537	585	436	390	736	170	701	499	2853	189	2376	185	1318	481	610	454	741	304	301	124	455	917	917	97	1833	2767	2296	1063	584	155	1735	255	765	634	677	364	1303	704	326	296	842	110	259	2219	197	450	454	100
214	1165	162	1542	175	98	0	919	1327	876	170	4	130	237	473	101	1245	388	257	495	983	186	298	1610	1012	537	1022	144	778	1421	1317	163	498	492	1055	1067	318	2860	577	580	343	545	656	252	129	277	1782	918	2990	399	412	1248	1993	164	175	186	807	463	1067	398	2201	1251	1248	387	184	510	918	1221	256	233	814	163	186	1782	241	2854	495	318	341	173	1245	2739	437	1009	271	973	158	3687	503	271	127	402	175	147	158	1943	196	258	175	1093	1027	269	492	1065	134	99	605	113	1215	1019	1015	191	105	1537	926	1904	175	1799	531	337	255	515	1532	1360	906	1483	157	914	1271	313	590	386	230	288	5	951	233	2094	312	413	400	149	4	349	340	235	143	328	1924	178	1778	634	123	951	318	283	2020	525	162	396	219	985	233	1118	1279	419	515	3717	337	1042	576	437	1302	303	1054	459	280	169	452	271	1012	748	2399	781	350	532	3047	3846	552	230	1910	164	1189	826	1165	856	1001	961	286	366	1020	204	549	0	113	158	84	1311	353	271	568	495	282	98	255	497	123	609	1332	5	113	567	1257	944	4	1105	256	147	1593	85	218	844	1060	132	1055	1919	165	359	939	197	1810	269	3150	1165	102	147	723	527	427	1037	547	435	237	589	189	544	175	544	593	402	423	671	253	700	492	2779	282	2313	264	1324	555	577	358	759	224	235	171	361	1001	826	171	1791	2717	2202	977	560	192	1639	194	683	546	606	352	1309	606	307	393	778	201	300	2158	101	516	358	5
766	1070	764	1503	748	934	919	0	430	1771	1088	923	842	1150	457	975	406	1005	666	1193	830	804	774	702	298	576	245	1017	481	535	421	779	1323	436	499	773	1099	2046	359	386	883	1342	802	666	985	845	1140	75	2331	612	856	456	1077	759	1090	1036	786	1354	773	944	1449	361	428	1168	744	478	754	530	848	1050	1334	767	804	1463	681	2031	1193	707	580	1090	2163	2015	1306	1865	648	688	1074	2805	791	648	960	1010	1090	1063	817	1028	1032	850	1090	406	1878	659	436	824	815	966	1504	890	398	1908	1234	1089	957	2449	922	1824	1092	1069	1435	690	705	780	1324	480	793	2356	1074	264	2114	662	350	554	850	723	923	860	1143	1175	1230	951	702	833	922	1015	679	1149	1056	1146	1298	745	887	453	933	860	1099	929	1104	1337	764	1241	1030	836	1143	1810	433	859	412	2822	690	726	1033	727	383	1220	810	1355	1099	1088	1073	648	298	220	1522	1159	1012	390	2297	2998	763	1056	1012	766	272	891	1070	1720	829	1339	635	680	1894	1088	762	919	890	1074	946	413	1019	648	351	1193	923	956	817	1408	933	1509	538	923	890	892	367	328	922	875	674	1063	680	944	784	576	1409	966	805	1791	765	1165	69	1087	1068	659	2239	1070	949	1063	198	689	585	227	399	487	1150	414	1102	460	1090	420	383	1304	605	502	868	259	436	2186	918	1617	848	464	1365	359	1027	333	1068	717	1059	1054	1708	891	869	960	1909	2035	847	360	788	1577	1085	687	755	569	1269	451	1105	1223	1000	481	905	714	1447	942	1354	1027	923
1190	1131	1179	1514	1153	1353	1327	430	0	2192	1494	1332	1262	1563	881	1393	452	1435	1070	1623	934	1228	1203	432	573	895	330	1436	700	110	11	1177	1751	860	765	820	1527	1627	750	816	1313	1771	1053	1079	1405	1275	848	411	1969	976	1285	538	726	1164	1493	1423	973	1775	820	1374	1065	77	191	1529	1146	841	884	386	1276	1430	1753	1169	1228	1333	1086	1608	1623	1136	998	1495	2562	1630	1684	2293	1063	780	1478	2376	1096	1063	1380	1440	1493	1467	1238	622	1417	1279	1493	378	2306	1078	860	881	1234	1384	1890	1311	484	2283	1404	1485	1353	2864	1069	1781	1497	722	1853	1119	1094	1081	1275	74	933	2783	1479	452	2543	1044	779	979	1277	1098	1331	986	1557	792	1634	1282	1047	1255	1332	1365	1108	1562	1459	1572	999	1150	457	761	1354	986	1527	1358	752	1765	1179	1615	1410	940	1557	2236	448	1288	836	2396	1119	781	1324	1057	168	1623	872	1742	1525	1494	1502	1063	573	646	1092	1569	1362	812	1897	2569	1052	1437	584	1168	238	1079	1131	2084	923	1741	1041	1110	2320	1481	1052	1327	1311	1478	1344	16	1369	1063	770	1623	1352	1374	1245	1804	1354	1897	255	1331	1311	1313	72	650	1331	920	1074	1467	271	1361	1210	743	1803	1387	864	1728	1167	1592	443	1481	712	1078	1823	1131	1368	1467	609	993	1015	473	829	908	1563	843	1504	889	1493	850	813	1696	1035	776	1296	688	860	1859	1347	1256	1277	431	1794	750	1377	738	1452	1110	1477	1406	2135	1079	1294	551	1492	1933	957	769	1212	1569	1479	929	1046	860	1673	430	1396	1626	1430	700	1332	1142	1086	1337	1781	1377	1331
1004	1911	1013	2199	1050	839	876	1771	2192	0	725	871	930	639	1314	800	2042	827	1131	672	1783	966	1012	2433	1798	1398	1896	756	1644	2290	2182	1037	475	1335	1772	1892	686	3734	1448	1397	929	487	1443	1115	787	942	2638	1781	3830	1269	987	2025	2824	1039	732	845	1606	417	1892	897	3070	2117	2123	877	1060	1386	1734	2096	934	867	855	1039	966	2542	1114	3729	672	1075	1194	727	549	3599	700	219	1130	1810	745	4561	1300	1130	812	830	732	754	954	2798	858	932	732	1969	246	1114	1335	1878	958	809	546	881	2006	646	1636	763	882	690	1687	2537	725	2669	345	1094	1128	1316	2271	2229	1709	613	740	1790	450	1186	1423	1217	927	1149	872	1738	643	2937	604	1126	1246	937	871	1014	1103	642	765	633	2773	1053	2647	1507	838	1738	686	862	2850	477	1013	767	880	1784	643	658	2076	989	1358	4588	1094	1876	1234	1268	2149	618	1869	611	675	725	791	1130	1798	1575	3273	1018	1017	1381	3910	4722	1357	857	2777	1040	2032	1587	1911	697	1804	1061	1157	1111	174	781	1354	876	881	745	884	2176	1013	1130	1423	672	868	819	963	519	838	533	2208	872	881	1059	2124	1716	871	1908	1132	754	2451	832	988	1697	1129	805	1872	2577	1041	620	1779	774	2681	1114	4010	1911	824	754	1583	1360	1204	1848	1375	1285	639	1387	726	1337	732	1360	1405	616	1188	1537	914	1528	1335	3600	873	3170	936	2125	457	1448	1010	1542	835	1109	716	986	587	1587	902	2667	3591	2857	1772	1423	982	2294	775	1509	1355	1464	574	2111	1212	619	836	1644	868	1064	3021	896	439	1010	872
367	1243	331	1592	341	196	170	1088	1494	725	0	166	278	98	643	156	1414	436	424	479	1084	333	433	1780	1179	673	1184	149	919	1586	1483	318	410	662	1214	1181	303	3010	743	749	438	468	746	422	171	391	1916	1086	3116	545	514	1416	2163	330	21	150	905	328	1181	471	2345	1417	1409	315	347	667	1026	1372	372	195	818	325	333	1871	408	3005	479	469	512	9	1075	2876	297	876	442	1093	22	3847	595	442	195	450	21	30	308	2111	167	372	21	1247	896	438	662	1173	294	165	441	239	1384	855	1043	77	158	1373	1008	1950	11	1944	380	489	407	609	1611	1524	1007	1337	15	1074	1138	463	760	555	348	424	165	1045	101	2263	142	454	523	295	166	356	493	92	41	282	2054	344	1943	783	215	1045	303	360	2190	442	331	278	197	1085	101	1045	1448	520	685	3880	489	1161	601	549	1472	133	1163	300	251	0	480	442	1179	918	2560	828	358	702	3186	4000	649	187	2075	326	1359	905	1243	702	1103	990	454	516	878	107	646	170	239	22	158	1478	358	442	737	479	363	175	382	328	215	444	1490	165	239	661	1423	1110	166	1208	420	29	1760	178	365	974	1089	193	1165	1972	327	312	1109	94	1956	438	3317	1243	185	30	892	642	587	1207	717	605	98	756	34	710	21	713	761	240	580	812	360	870	662	2895	365	2448	378	1493	468	743	359	925	166	389	127	348	929	905	292	1947	2867	2256	1075	729	344	1689	92	795	646	739	181	1479	611	137	444	919	297	451	2297	172	417	359	165
215	1170	166	1546	180	95	4	923	1332	871	166	0	130	232	477	96	1248	386	262	492	987	187	299	1613	1015	542	1027	139	783	1425	1321	168	494	496	1057	1071	314	2864	582	584	342	540	661	256	124	277	1787	922	2995	404	411	1252	1997	169	171	186	812	458	1071	396	2206	1256	1253	388	189	515	923	1226	256	233	810	168	187	1787	245	2859	492	320	345	169	1241	2744	435	1005	275	978	155	3692	508	275	123	400	171	144	159	1947	197	258	171	1098	1023	272	496	1070	136	95	602	112	1219	1016	1018	189	106	1532	930	1908	171	1804	526	339	259	520	1536	1364	910	1478	153	919	1266	318	593	389	229	293	5	955	228	2098	309	416	405	150	0	352	342	230	140	324	1929	183	1783	639	120	955	314	281	2024	520	166	395	220	990	228	1113	1282	418	519	3722	339	1047	579	442	1306	299	1059	456	276	166	449	275	1015	752	2404	778	352	536	3052	3851	556	230	1914	169	1193	830	1170	854	1005	958	290	368	1015	202	553	4	112	155	86	1316	355	275	572	492	280	94	255	493	120	605	1337	5	112	566	1262	947	0	1110	261	144	1597	82	219	849	1057	128	1060	1923	170	354	943	195	1815	272	3155	1170	98	144	728	532	429	1041	551	439	232	592	185	547	171	548	596	399	425	676	252	704	496	2783	280	2318	263	1327	550	582	360	762	224	240	166	362	997	830	170	1795	2722	2206	982	564	194	1643	192	688	551	611	348	1313	609	303	391	783	199	301	2163	103	511	360	5
89	1217	91	1612	164	93	130	842	1262	930	278	130	0	315	385	136	1144	302	222	447	1018	56	168	1519	906	544	971	175	770	1360	1252	189	505	406	936	1087	291	2825	523	481	229	540	709	191	143	156	1774	850	2988	401	291	1142	1907	156	289	316	848	513	1087	294	2177	1187	1199	516	181	485	947	1192	136	361	737	172	56	1821	205	2817	447	192	264	284	1338	2724	563	1041	203	988	273	3633	561	203	118	316	289	263	30	1870	325	139	289	1059	1056	183	406	1093	30	127	720	48	1112	1134	1102	316	231	1607	979	1974	286	1776	593	211	262	570	1580	1300	941	1525	268	872	1298	316	499	290	110	318	134	993	307	2013	415	509	434	19	130	463	215	315	262	323	1920	164	1717	619	92	993	291	188	1933	526	91	525	346	1021	307	1091	1178	298	430	3657	211	1057	674	480	1223	407	1080	577	273	278	375	203	906	655	2345	679	463	451	3027	3804	601	359	1847	171	1107	882	1217	978	1034	866	241	240	1061	332	598	130	48	273	210	1245	467	203	492	447	185	115	128	604	92	722	1290	134	48	446	1193	834	131	1136	233	263	1522	105	89	850	964	125	1081	1984	172	349	854	324	1785	183	3081	1217	108	263	653	561	309	939	453	354	315	482	304	435	289	444	492	518	302	667	138	607	406	2787	182	2301	144	1225	556	523	473	650	354	243	218	480	976	882	62	1747	2684	2265	1015	494	66	1708	321	714	594	614	454	1210	712	413	305	770	109	174	2142	223	531	473	134
401	1342	386	1688	412	222	237	1150	1563	639	98	232	315	0	697	178	1459	395	494	404	1181	363	447	1834	1220	763	1260	146	1007	1657	1553	398	313	717	1239	1277	240	3095	814	796	424	372	844	484	177	392	2008	1152	3210	631	500	1456	2220	401	116	247	1003	232	1277	441	2433	1487	1486	392	422	747	1123	1456	376	290	744	400	363	1969	477	3089	404	494	569	105	1023	2968	330	782	502	1188	121	3924	693	502	205	407	116	127	343	2177	264	376	116	1329	801	492	717	1270	337	188	430	268	1427	836	1138	168	253	1301	1106	2046	105	2032	293	515	489	707	1710	1596	1105	1249	112	1152	1044	546	812	604	357	513	233	1143	10	2324	122	552	616	328	232	452	521	7	139	205	2147	415	2015	868	232	1143	240	343	2247	346	386	334	294	1183	10	948	1493	505	741	3954	515	1256	697	644	1533	122	1260	306	188	98	425	502	1220	969	2637	774	454	760	3277	4083	747	281	2146	401	1418	1004	1342	703	1201	925	522	539	787	196	744	237	268	121	250	1547	454	502	798	404	347	199	394	305	232	429	1569	233	268	637	1493	1146	233	1306	494	127	1827	209	392	1067	1023	201	1262	2069	402	232	1166	184	2043	492	3385	1342	207	127	957	737	620	1255	767	663	0	796	119	749	116	759	807	247	610	900	360	921	717	2991	350	2540	381	1540	372	814	455	963	259	470	104	442	832	1004	309	2028	2952	2353	1173	794	377	1786	183	891	743	830	154	1525	704	129	404	1007	298	478	2387	265	319	455	233
309	1092	312	1524	316	479	473	457	881	1314	643	477	385	697	0	520	773	571	242	756	855	347	329	1137	547	388	610	561	518	982	872	358	870	21	628	876	646	2471	192	119	448	892	644	223	529	398	1470	471	2686	306	441	782	1522	326	648	616	724	897	876	518	1841	808	836	782	318	256	773	861	398	642	953	340	347	1630	252	2459	756	261	132	646	1717	2399	889	1412	203	772	631	3256	548	203	503	578	648	620	360	1484	617	401	648	722	1425	205	21	902	360	511	1074	434	745	1486	1105	655	530	1993	875	1879	648	1444	979	248	311	546	1425	924	788	1901	630	528	1664	297	117	97	397	359	478	854	690	1627	786	631	408	376	476	655	237	697	615	690	1623	313	1339	372	476	854	646	482	1549	885	312	833	622	860	690	1393	807	446	44	3277	248	837	764	455	837	776	888	926	643	643	644	203	547	275	1970	814	653	71	2694	3439	554	645	1466	338	721	800	1092	1311	865	1010	210	247	1438	660	551	473	434	631	515	865	660	203	116	756	475	500	366	969	476	1079	934	478	434	529	815	489	477	953	259	621	1138	489	328	624	1096	509	886	1869	338	711	469	656	1449	205	2696	1092	493	620	275	479	166	564	79	45	697	153	661	135	648	93	136	871	189	443	417	227	21	2508	470	1983	399	851	914	192	668	309	653	315	604	689	1285	800	412	1385	2331	2140	862	138	331	1614	654	581	544	439	825	837	827	780	567	518	450	265	1819	515	900	668	478
223	1267	213	1641	256	43	101	975	1393	800	156	96	136	178	520	0	1281	305	332	396	1083	185	278	1656	1042	632	1096	46	869	1489	1383	257	401	541	1065	1165	217	2943	647	617	286	445	758	314	28	235	1875	981	3085	491	361	1278	2043	246	172	246	908	383	1165	327	2288	1317	1323	443	269	594	1018	1306	216	296	720	251	185	1883	315	2936	396	319	395	163	1201	2830	452	922	330	1071	158	3760	605	330	41	319	172	150	165	2003	260	216	172	1175	939	316	541	1165	160	9	592	90	1249	1004	1110	214	187	1473	1027	2003	166	1887	460	339	346	617	1633	1429	1006	1401	150	992	1182	404	635	426	192	386	101	1052	170	2148	283	508	500	149	96	434	345	179	154	227	2018	258	1847	723	59	1052	217	213	2069	427	213	427	288	1086	170	1016	1315	367	564	3787	339	1140	669	538	1357	277	1154	454	179	155	362	330	1042	791	2472	701	435	585	3136	3926	653	291	1977	251	1242	927	1267	857	1101	875	357	365	937	237	650	101	90	158	170	1376	438	330	625	396	214	21	227	473	59	593	1411	101	90	511	1324	969	97	1205	337	150	1654	31	215	940	974	41	1155	2019	252	258	989	226	1897	316	3214	1267	30	150	784	627	442	1076	589	488	178	618	187	570	172	580	628	394	433	763	205	744	541	2876	215	2404	222	1361	456	647	441	785	279	326	84	440	900	927	138	1869	2801	2302	1078	623	199	1739	223	783	647	701	321	1347	694	283	311	869	142	303	2248	189	421	441	101
1058	1442	1082	1862	1089	1237	1245	406	452	2042	1414	1248	1144	1459	773	1281	0	1226	1011	1406	1210	1096	1032	404	245	978	557	1316	880	544	452	1128	1573	756	358	1132	1356	1993	741	664	1115	1577	1208	997	1284	1101	1300	463	2401	997	1065	85	793	1099	1420	1388	1186	1637	1132	1158	1491	444	595	1541	1089	869	1141	776	1110	1410	1458	1112	1096	1750	1023	1967	1406	973	906	1418	2482	2049	1661	2104	976	1061	1403	2641	1193	976	1256	1227	1420	1392	1115	830	1387	1111	1420	700	2112	975	756	1189	1123	1271	1848	1191	43	2260	1635	1429	1303	2732	1316	2162	1420	1171	1725	953	1067	1183	1654	526	1183	2595	1401	637	2336	1034	656	858	1120	1097	1250	1248	1451	923	1555	1343	1094	1131	1248	1397	944	1460	1388	1409	1451	1086	795	859	1229	1248	1356	1180	819	1579	1082	1602	1390	1217	1451	1962	34	1065	734	2633	953	1087	1434	1124	286	1547	1176	1700	1369	1414	1280	976	245	499	1402	1256	1394	723	2297	2881	1167	1414	887	1110	241	1293	1442	2082	1207	1403	979	933	2144	1433	1166	1245	1191	1403	1288	441	1401	976	698	1406	1174	1259	1083	1742	1229	1852	692	1250	1191	1042	448	330	1248	1237	1025	1393	553	1250	1069	967	1451	1262	1170	2118	1109	1422	348	1430	1158	975	2017	1442	1251	1392	580	1092	843	210	697	815	1459	663	1434	711	1420	701	652	1645	857	908	1129	546	756	2305	1169	1695	1108	83	1604	741	1409	500	1423	1076	1360	1435	1873	1293	1155	967	1868	2343	1230	723	1082	1929	1428	1092	1159	975	1595	69	1506	1551	1219	880	1180	986	1526	1288	1607	1409	1250
306	1519	380	1914	463	290	388	1005	1435	827	436	386	302	395	571	305	1226	0	504	187	1314	285	243	1625	981	831	1181	290	1041	1541	1427	492	352	592	944	1374	170	3041	751	619	123	350	1011	459	279	180	2031	1033	3248	690	161	1203	2017	457	457	551	1147	457	1374	69	2412	1366	1405	745	480	750	1240	1430	190	602	435	474	285	2116	489	3028	187	310	494	445	1320	2969	723	877	460	1274	448	3809	863	460	267	14	457	443	299	2014	565	187	457	1292	886	425	592	1385	328	300	814	283	1189	1203	1400	508	488	1516	1281	2277	447	2014	550	322	560	872	1880	1484	1238	1369	437	1098	1115	610	659	479	206	619	391	1292	384	2137	516	800	735	290	385	737	334	401	450	225	2181	463	1892	886	265	1292	170	115	2043	354	380	715	593	1317	384	824	1260	162	614	3821	322	1342	964	782	1365	517	1372	701	213	436	76	460	981	791	2527	396	737	642	3265	4003	903	596	2015	473	1247	1184	1519	1091	1329	572	512	327	918	535	900	388	283	448	470	1419	740	460	688	187	118	296	220	687	265	811	1506	391	284	253	1372	896	386	1430	521	443	1678	305	280	1130	671	264	1372	2286	474	222	998	523	2020	425	3224	1519	289	443	843	860	421	1042	609	560	395	595	471	547	457	585	622	642	400	944	176	748	592	3059	121	2550	185	1310	378	751	744	732	582	542	310	744	714	1184	240	1954	2901	2568	1312	706	297	2011	520	1010	896	900	544	1296	995	525	9	1041	195	309	2387	488	388	744	391
199	1023	131	1433	82	299	257	666	1070	1131	424	262	222	494	242	332	1011	504	0	665	810	220	288	1363	789	327	765	378	548	1163	1060	116	725	257	865	870	514	2610	320	361	402	762	524	53	351	328	1551	662	2766	186	437	1024	1743	93	424	376	648	715	870	477	1957	994	992	539	78	263	736	974	315	399	934	101	220	1612	17	2603	665	249	117	425	1497	2503	649	1255	67	770	408	3430	391	67	331	516	424	397	212	1687	375	318	424	842	1271	103	257	880	191	325	840	265	985	1250	957	423	293	1795	788	1795	427	1556	787	255	84	395	1380	1102	735	1734	409	660	1514	112	356	185	298	148	261	791	489	1840	565	415	247	226	261	420	248	492	390	544	1697	79	1521	396	308	791	514	392	1770	747	131	591	380	814	489	1311	1045	444	277	3460	255	839	565	298	1049	554	867	691	493	423	580	67	789	512	2142	843	418	288	2807	3593	419	403	1652	100	938	696	1023	1070	825	1038	32	279	1270	424	416	257	265	408	280	1054	425	67	318	665	387	316	288	742	308	845	1078	261	265	575	1000	731	261	925	24	398	1336	302	225	630	1133	338	867	1798	99	571	691	422	1566	103	2893	1023	313	397	469	363	278	802	322	198	494	385	436	351	424	330	377	639	288	445	328	465	257	2565	383	2079	321	1088	777	320	432	550	411	79	416	452	1197	696	276	1536	2468	2077	810	305	207	1528	420	508	410	396	604	1074	620	557	505	548	325	235	1920	278	749	432	261
474	1658	535	2038	611	401	495	1193	1623	672	479	492	447	404	756	396	1406	187	665	0	1464	446	426	1806	1161	991	1366	362	1211	1728	1614	631	211	777	1111	1534	181	3227	932	806	310	185	1148	625	368	359	2208	1220	3425	848	343	1379	2198	603	501	620	1293	361	1534	250	2595	1553	1591	793	628	921	1394	1611	364	669	340	617	446	2267	649	3215	0	494	671	488	1191	3150	726	699	630	1435	497	3996	996	630	369	183	501	496	453	2199	636	361	501	1474	707	598	777	1540	477	396	768	414	1367	1124	1505	557	580	1355	1418	2399	489	2196	447	508	710	1007	2023	1671	1388	1189	486	1281	931	764	846	663	373	762	496	1437	395	2321	508	903	879	440	491	823	519	411	506	198	2357	612	2079	1057	381	1437	181	279	2224	198	535	737	666	1467	395	647	1439	342	799	4007	508	1504	1062	922	1551	514	1528	682	229	479	126	630	1161	978	2715	398	824	827	3448	4190	1041	662	2202	616	1433	1319	1658	1042	1481	526	678	514	746	586	1038	495	414	497	565	1606	825	630	873	0	285	397	395	645	381	762	1691	496	414	388	1560	1075	492	1583	679	496	1864	410	449	1296	622	364	1528	2415	618	171	1185	573	2203	598	3409	1658	394	496	1029	1007	608	1225	796	743	404	781	511	734	501	772	809	631	587	1111	346	935	777	3230	290	2730	360	1489	215	932	828	915	644	690	359	822	534	1319	389	2140	3087	2697	1461	889	461	2135	571	1161	1035	1061	524	1475	1082	522	192	1211	340	492	2568	584	247	828	496
1010	245	934	685	853	1067	983	830	934	1783	1084	987	1018	1181	855	1083	1210	1314	810	1464	0	1028	1094	1363	1123	488	660	1127	366	958	924	834	1479	845	1309	143	1296	2050	682	919	1212	1527	340	859	1110	1139	898	759	2050	624	1240	1275	1640	861	1070	945	178	1411	143	1287	1364	874	750	923	836	602	82	579	1125	917	1745	847	1028	803	825	2058	1464	1044	852	1079	1978	1846	1109	1955	862	154	1061	2967	488	862	1101	1326	1070	1054	1016	1478	930	1129	1070	556	1977	900	845	100	989	1080	1313	1050	1214	1622	477	1029	929	2357	150	1029	1079	989	1452	1043	755	474	573	907	76	2394	1069	574	2217	703	867	901	1107	702	983	62	1182	1673	1182	658	585	1027	987	771	1033	1176	1042	1311	1012	853	1233	486	1085	62	1296	1200	1663	1507	934	1034	905	6	1182	2100	1231	1247	838	3035	1043	164	585	545	1041	1168	97	1193	1263	1083	1389	862	1123	904	1733	1644	767	813	2164	3054	434	927	1360	847	995	217	245	1408	21	1840	807	1058	1948	1007	437	983	1050	1061	936	927	772	862	784	1464	1196	1076	1099	1280	1085	1324	749	983	1050	1363	876	1131	986	125	792	1054	1169	1062	1036	258	1933	1107	103	1015	846	1342	899	1016	1012	900	2557	245	1077	1054	748	457	1008	1056	887	832	1181	970	1072	978	1070	921	933	1173	1029	413	1138	895	845	1816	1192	1419	1131	1246	1536	682	776	1038	950	774	1150	802	1984	217	1078	1113	1908	1285	23	741	1017	768	1015	303	438	423	1210	1237	636	1166	1315	366	1127	1034	1287	919	1493	776	983
38	1235	96	1636	181	142	186	804	1228	966	333	187	56	363	347	185	1096	285	220	446	1028	0	114	1475	857	547	945	219	764	1328	1218	217	527	368	881	1091	306	2803	499	436	193	556	729	178	187	117	1764	817	2980	405	247	1092	1864	176	345	371	863	550	1091	265	2160	1154	1173	571	198	474	955	1174	100	416	718	196	0	1831	204	2794	446	136	236	339	1386	2710	619	1067	184	991	329	3602	585	184	159	297	345	319	28	1832	380	103	345	1039	1082	156	368	1100	58	176	774	95	1064	1188	1136	373	285	1647	998	1999	341	1759	633	156	276	593	1596	1269	953	1555	323	849	1322	325	458	250	79	337	191	1007	355	1972	468	550	451	38	186	511	160	365	318	346	1911	180	1685	611	132	1007	306	171	1890	545	96	582	400	1032	355	1093	1130	254	392	3624	156	1060	713	500	1183	461	1087	633	297	333	360	184	857	612	2315	645	510	416	3011	3778	622	414	1813	195	1067	902	1235	1034	1044	835	231	183	1091	389	619	186	95	329	264	1212	515	184	458	446	167	164	81	658	132	776	1266	191	95	400	1161	783	187	1145	236	319	1485	156	32	849	932	165	1087	2006	196	369	813	380	1767	156	3044	1235	156	319	620	575	256	893	410	321	363	433	360	385	345	398	445	573	248	664	109	564	368	2783	163	2288	107	1177	575	499	521	600	410	258	263	529	980	902	65	1722	2662	2286	1027	465	16	1732	378	725	614	617	506	1163	755	467	286	764	109	118	2128	276	555	521	191
101	1311	192	1721	275	237	298	774	1203	1012	433	299	168	447	329	278	1032	243	288	426	1094	114	0	1421	788	606	940	301	804	1307	1194	318	551	350	792	1145	328	2800	507	390	123	568	812	236	271	71	1788	797	3005	471	148	1020	1812	273	448	485	936	605	1145	198	2169	1132	1165	685	291	513	1018	1186	77	530	653	295	114	1893	276	2788	426	68	254	440	1459	2725	726	1092	232	1043	432	3579	674	232	243	252	448	423	142	1794	494	79	448	1048	1104	194	350	1159	172	269	871	195	997	1282	1234	481	399	1700	1076	2083	442	1771	694	83	361	680	1666	1249	1020	1584	426	855	1340	400	424	236	90	425	303	1078	438	1926	560	657	534	148	298	623	94	450	424	379	1939	274	1661	649	219	1078	328	155	1838	563	192	692	514	1098	438	1067	1066	156	372	3596	83	1111	819	584	1144	555	1146	733	337	433	318	232	788	567	2295	555	622	401	3022	3766	706	528	1786	294	1026	984	1311	1136	1109	750	287	99	1124	498	703	298	195	432	378	1186	628	232	446	426	148	258	53	750	219	871	1264	303	195	294	1138	709	299	1206	309	423	1452	254	84	897	845	247	1145	2086	294	394	773	489	1777	194	3006	1311	248	423	603	651	192	835	374	317	447	375	463	325	448	354	396	673	175	709	97	521	350	2818	143	2307	76	1114	591	507	634	531	523	345	343	643	958	984	140	1714	2660	2365	1095	462	112	1816	487	794	697	674	597	1100	863	561	240	804	151	66	2144	391	583	634	303
1436	1563	1450	1942	1444	1613	1610	702	432	2433	1780	1613	1519	1834	1137	1656	404	1625	1363	1806	1363	1475	1421	0	645	1261	725	1694	1099	444	441	1478	1968	1117	749	1252	1748	1649	1062	1039	1510	1975	1451	1357	1662	1491	1165	727	2134	1313	1464	451	391	1455	1784	1736	1389	2023	1252	1557	1232	488	622	1870	1442	1177	1309	815	1498	1752	1861	1465	1475	1726	1377	1617	1806	1359	1268	1783	2855	1762	2007	2503	1338	1209	1767	2244	1472	1338	1635	1626	1784	1756	1492	445	1733	1500	1784	806	2512	1342	1117	1313	1496	1646	2203	1567	445	2610	1828	1786	1656	3120	1494	2196	1785	992	2109	1339	1407	1459	1694	475	1358	2994	1766	841	2738	1365	1021	1229	1506	1425	1614	1413	1826	519	1922	1645	1399	1508	1613	1715	1330	1834	1750	1800	1297	1441	494	1129	1608	1413	1748	1572	417	1975	1450	1943	1732	1369	1826	2366	372	1464	1094	2231	1339	1212	1710	1419	338	1913	1303	2054	1758	1780	1680	1338	645	864	1034	1658	1711	1078	1981	2497	1435	1757	545	1463	431	1496	1563	2422	1353	1800	1331	1322	2541	1787	1435	1610	1567	1767	1643	436	1719	1338	1044	1806	1566	1635	1470	2104	1608	2209	666	1614	1567	1446	487	733	1613	1352	1373	1756	294	1625	1450	1158	1843	1641	1296	2138	1462	1814	671	1785	970	1342	1613	1563	1628	1756	900	1368	1229	585	1066	1174	1834	1046	1797	1096	1784	1076	1030	2002	1245	1159	1518	912	1117	2082	1561	1456	1497	322	2002	1062	1727	893	1769	1418	1737	1754	2277	1496	1537	727	1533	2328	1386	1060	1460	1993	1783	1328	1428	1238	1962	335	1782	1916	1618	1099	1566	1370	1296	1641	2002	1727	1614
819	1365	849	1800	863	998	1012	298	573	1798	1179	1015	906	1220	547	1042	245	981	789	1161	1123	857	788	645	0	809	528	1076	765	681	569	905	1328	531	208	1071	1111	2184	552	432	869	1332	1057	769	1044	857	1385	373	2540	801	820	236	1036	873	1187	1163	1065	1394	1071	913	1638	532	655	1327	865	685	1046	799	866	1189	1226	887	857	1755	800	2161	1161	730	679	1184	2243	2204	1436	1859	748	985	1170	2868	1018	748	1016	982	1187	1159	877	1056	1164	868	1187	689	1868	743	531	1121	886	1032	1617	952	208	2031	1507	1199	1076	2487	1207	2122	1186	1285	1482	710	852	1010	1622	643	1082	2350	1167	563	2092	825	433	626	877	889	1017	1150	1212	1162	1320	1149	903	892	1015	1191	702	1222	1155	1165	1541	860	986	705	989	1150	1111	935	1062	1334	849	1381	1169	1129	1212	1727	279	820	512	2866	710	1025	1256	939	440	1312	1107	1470	1125	1179	1035	748	0	285	1612	1029	1188	506	2467	3095	1000	1193	1092	886	336	1167	1365	1858	1123	1187	757	689	1899	1205	999	1012	952	1170	1060	558	1196	748	489	1161	929	1021	840	1508	989	1621	765	1017	952	803	539	88	1015	1172	805	1159	749	1012	829	866	1242	1021	1102	2089	885	1177	229	1201	1278	743	2255	1365	1012	1159	406	922	602	101	468	591	1220	424	1201	471	1187	467	418	1413	614	766	886	327	531	2419	924	1826	864	328	1359	552	1203	257	1200	859	1120	1227	1635	1167	914	1122	2053	2332	1139	522	843	1875	1199	951	991	819	1359	314	1326	1316	974	765	938	744	1656	1062	1362	1203	1017
526	713	455	1139	382	607	537	576	895	1398	673	542	544	763	388	632	978	831	327	991	488	547	606	1261	809	0	565	677	245	970	884	374	1033	384	951	543	832	2338	262	478	725	1075	261	373	655	654	1246	536	2453	142	752	1017	1613	391	665	564	339	995	543	801	1671	819	772	637	366	137	411	705	641	558	1258	381	547	1287	342	2336	991	555	364	671	1695	2204	803	1545	375	444	652	3194	215	375	641	843	665	643	537	1516	554	645	665	589	1563	412	384	553	513	626	1014	582	965	1393	725	640	515	2031	488	1497	672	1270	1054	555	286	204	1061	908	415	2011	658	444	1806	228	436	417	625	250	539	476	761	1688	799	387	159	550	542	471	545	759	633	856	1386	380	1317	134	621	476	832	719	1639	1058	455	730	540	492	761	1635	1008	759	384	3236	555	513	456	162	924	786	540	871	806	673	907	375	809	533	1913	1155	467	366	2513	3333	191	566	1451	381	832	411	713	1190	502	1352	320	571	1550	627	190	537	582	652	515	882	475	375	353	991	714	620	613	943	621	1022	837	539	582	876	824	783	541	600	311	644	1167	605	551	308	1445	647	540	1492	380	885	629	631	1283	412	2696	713	619	643	404	113	527	779	440	357	763	527	672	521	665	469	495	832	547	139	655	505	384	2245	710	1777	647	1040	1088	262	482	640	585	306	708	511	1520	411	602	1290	2195	1767	490	309	534	1230	630	195	182	70	834	1028	528	786	832	245	650	546	1624	501	1053	482	539
909	885	884	1304	847	1059	1022	245	330	1896	1184	1027	971	1260	610	1096	557	1181	765	1366	660	945	940	725	528	565	0	1141	375	406	319	866	1473	589	735	575	1251	1860	448	577	1058	1500	728	782	1111	1009	900	177	2102	653	1044	629	1054	858	1182	1104	665	1480	575	1126	1235	254	227	1201	838	521	596	285	1007	1107	1542	860	945	1226	782	1849	1366	872	709	1185	2244	1798	1360	2012	768	507	1167	2664	765	768	1089	1188	1182	1156	951	950	1097	1010	1182	161	2027	789	589	632	942	1088	1568	1019	567	1956	1109	1170	1037	2558	779	1610	1186	845	1553	858	779	751	1104	344	643	2497	1170	122	2267	726	529	705	1003	777	1026	703	1255	1123	1322	952	719	967	1027	1036	847	1258	1148	1291	1057	844	760	432	1063	703	1251	1091	1080	1490	884	1289	1088	666	1255	2001	575	1048	567	2695	858	530	995	727	390	1310	619	1421	1242	1184	1253	768	528	441	1377	1378	1033	539	2088	2833	722	1114	893	859	334	773	885	1755	654	1564	739	855	2032	1163	723	1022	1019	1167	1030	317	1040	768	493	1366	1085	1078	975	1486	1063	1575	324	1026	1019	1102	259	571	1026	679	766	1157	601	1065	931	434	1638	1095	613	1571	858	1314	306	1164	847	789	2139	885	1074	1156	340	662	764	439	576	626	1260	617	1192	656	1182	605	580	1376	787	446	1026	468	589	1947	1080	1391	1009	587	1520	448	1047	571	1131	796	1180	1076	1894	773	1011	776	1720	1807	681	480	929	1372	1163	604	716	529	1360	578	1067	1313	1177	375	1053	875	1223	1022	1501	1047	1026
258	1307	256	1678	302	82	144	1017	1436	756	149	139	175	146	561	46	1316	290	378	362	1127	219	301	1694	1076	677	1141	0	916	1533	1426	302	355	582	1093	1210	181	2989	692	655	290	401	799	359	32	249	1921	1024	3131	537	366	1311	2082	292	169	264	951	339	1210	321	2334	1361	1368	455	315	640	1062	1352	232	315	692	297	219	1926	361	2981	362	348	438	158	1166	2877	445	876	373	1116	158	3804	646	373	60	304	169	153	202	2045	280	232	169	1221	893	358	582	1209	202	52	571	127	1284	980	1143	218	218	1432	1068	2039	160	1933	417	369	392	658	1675	1472	1050	1356	148	1038	1136	451	674	466	211	431	143	1095	137	2189	260	541	544	185	139	462	375	148	160	184	2064	305	1891	769	87	1095	181	211	2108	382	256	428	310	1129	137	974	1350	372	605	3831	369	1185	700	581	1398	256	1198	438	138	149	340	373	1076	830	2517	685	463	627	3182	3971	695	309	2020	297	1283	967	1307	840	1145	854	403	393	892	245	692	144	127	158	203	1419	465	373	667	362	214	62	248	449	87	571	1456	143	127	511	1367	1001	140	1249	383	153	1697	76	247	985	952	55	1199	2056	299	215	1029	232	1943	358	3256	1307	67	153	827	671	475	1113	628	529	146	653	183	605	169	617	665	378	464	810	218	782	582	2921	216	2451	237	1397	411	692	468	819	294	372	43	464	858	967	163	1914	2847	2340	1121	667	234	1775	230	827	690	747	296	1383	722	263	297	916	154	333	2295	223	375	468	143
737	612	679	1052	614	842	778	481	700	1644	919	783	770	1007	518	869	880	1041	548	1211	366	764	804	1099	765	245	375	916	0	760	689	614	1269	504	945	359	1062	2093	331	563	927	1309	353	586	891	860	1005	417	2218	378	940	936	1427	624	911	809	306	1239	359	1002	1426	626	552	868	600	291	285	463	851	800	1455	618	764	1112	565	2090	1211	744	549	917	1934	1961	1040	1787	581	256	898	2953	407	581	875	1052	911	889	760	1308	798	855	911	357	1806	615	504	391	739	864	1252	812	877	1621	755	885	761	2275	442	1393	918	1025	1299	738	523	391	917	699	318	2256	903	258	2049	465	510	583	838	494	780	386	1005	1488	1045	603	402	774	783	700	727	1004	878	1090	1149	613	1094	154	854	386	1062	933	1452	1293	679	966	783	372	1005	1858	904	946	493	2999	738	318	625	393	762	1031	377	1112	1039	918	1118	581	765	537	1676	1330	696	465	2269	3088	358	809	1228	618	690	412	612	1414	371	1526	533	748	1795	872	358	778	812	898	760	688	703	581	431	1211	928	856	821	1186	854	1261	604	780	812	1045	630	767	782	443	537	889	966	842	763	110	1614	882	374	1373	616	1118	547	877	1038	615	2469	612	854	889	381	311	682	707	536	505	1007	615	918	630	911	571	576	1075	704	107	867	529	504	2018	924	1535	856	927	1323	331	710	671	828	543	948	739	1745	412	824	1050	1950	1636	380	390	750	1134	875	229	353	184	1079	917	696	1032	1040	0	872	739	1380	747	1291	710	780
