NAME : VRPTW_INSTANCE_25.txt
COMMENT : Bangkok Supermarket
TYPE : VRPTW
DIMENSION : 242
DAYS : Wednesday
EDGE_WEIGHT_TYPE : EXPLICIT
VEHICLES : 33
EDGE_WEIGHT_FORMAT : FULL_MATRIX
CAPACITY : 1000
EDGE_WEIGHT_SECTION
0	2106	358	118	385	390	412	308	568	1254	408	413	90	539	586	102	428	400	322	133	213	2601	213	155	196	1390	432	885	133	194	23	1834	59	411	623	283	968	1996	312	589	190	976	935	2006	540	63	1040	1010	2436	394	395	310	264	505	1527	261	409	246	919	399	204	418	118	379	540	184	198	630	59	428	385	568	993	535	911	391	202	2159	496	528	170	344	1152	495	101	150	255	83	402	420	3372	1221	1448	832	1213	474	203	939	430	797	1893	1036	669	408	101	1640	1990	537	201	135	381	248	428	532	996	330	964	631	1627	394	395	1213	28	606	932	300	214	135	481	178	199	481	410	1996	933	529	254	1954	437	395	1080	197	745	196	577	464	65	1463	1238	284	527	1087	503	101	183	346	92	287	609	1013	213	46	1585	410	996	193	965	120	2117	111	155	1930	2254	1627	537	1933	192	309	428	127	957	284	544	1300	814	625	249	620	1276	312	211	1069	783	1300	1462	307	2564	582	373	904	224	230	979	371	358	288	305	506	330	493	403	1132	649	221	525	706	358	540	220	111	1030	575	1118	1621	215	358	240	891	128	631	978	1005	1003	908	306	215	441	1461	347	1115	296	236
2106	0	2458	2139	2487	1990	2074	2002	1567	3062	1965	1977	2138	1801	1554	2142	2441	2078	2019	2011	2067	1725	2304	1958	1956	2000	1979	1284	2141	2295	2123	3590	2110	2073	1985	1910	1187	3728	1996	1540	2066	1175	1171	3862	1807	2113	2745	1096	1371	2056	2030	2000	1849	1620	595	2349	2073	1880	2788	1980	2193	2380	2139	2126	2235	1940	2187	1704	2110	1849	2487	2014	1611	1799	2544	2242	2138	360	2205	2588	2234	2117	2209	2199	2203	2250	1857	2085	2235	1924	2142	900	686	1291	1495	1645	2063	1252	2040	2393	3099	1098	1584	1989	2190	3045	1286	1855	1945	1985	2151	1868	1849	2228	1148	1921	1565	1971	631	2243	2030	1495	2120	1501	2140	1934	2065	2148	2190	2202	1906	2190	2073	4067	2736	1812	2342	159	1688	2030	1099	2190	2099	1956	1561	1748	2151	694	869	1917	2625	2103	1617	2203	2186	2354	2064	2210	1531	1320	2164	2124	3221	2235	1110	1973	1164	2138	19	2067	1969	2044	351	631	1799	3896	2160	1990	1972	2231	1151	1917	1798	1497	2064	1824	1857	2085	2386	1995	1919	2029	2821	1497	3558	2032	1281	1768	2137	2080	2193	2322	1127	1953	2130	2208	2000	2211	1921	2197	2077	1544	2710	1884	1924	2732	2458	1807	2166	2216	1092	2574	3056	630	2054	2458	2166	1908	2234	1971	1129	1135	1106	1532	1845	2164	1823	3562	2115	3008	1849	2326
358	2458	0	373	29	662	537	518	901	999	689	687	358	779	917	361	215	526	515	478	422	2919	220	514	542	1626	612	1243	325	164	339	1562	348	537	759	618	1327	1725	524	926	414	1335	1290	1698	776	345	859	1362	2771	536	648	521	609	843	1874	209	536	580	673	674	295	280	373	475	544	518	299	955	348	748	29	698	1302	776	793	391	429	2496	521	336	230	456	1331	525	258	238	614	373	407	714	3698	1566	1792	1174	1529	815	421	1296	573	735	1781	1395	958	677	299	1494	2321	834	549	491	458	590	748	541	1355	647	1282	773	1959	393	648	1529	340	957	1121	620	424	318	517	272	556	517	537	1638	722	767	209	2308	774	648	1410	294	944	542	909	806	307	1821	1589	616	168	1291	844	258	293	216	395	331	967	1359	331	354	1367	415	1349	532	1324	375	2469	394	489	2183	2594	1959	778	1597	325	527	701	248	1313	616	783	1613	1024	832	602	708	1418	525	541	1290	450	1613	1103	496	2907	898	463	1109	306	211	1333	664	456	333	518	527	647	524	529	1444	309	578	801	388	0	776	333	247	1374	452	816	1954	434	0	344	1144	235	773	1332	1364	1358	1235	657	332	766	1104	460	834	649	213
118	2139	373	0	394	304	530	425	636	1327	327	328	29	647	654	17	494	517	440	128	331	2550	170	190	183	1299	550	888	244	228	132	1903	175	529	740	248	976	2066	428	652	308	986	969	2060	649	179	1131	1047	2398	512	300	427	335	571	1568	211	527	330	992	314	307	501	0	495	651	274	302	582	175	375	394	686	934	642	1012	497	87	2209	609	458	249	460	1046	609	160	134	285	201	509	347	3327	1267	1493	886	1159	537	322	938	548	905	2000	1052	759	321	77	1741	1949	468	194	162	495	323	375	644	1008	274	911	748	1684	500	300	1159	140	650	827	247	332	244	595	275	254	595	528	2001	1016	638	205	1984	506	300	1143	299	640	183	645	436	162	1479	1274	245	535	986	566	160	285	423	209	392	616	989	323	72	1670	518	1032	168	983	2	2150	228	250	1846	2303	1684	645	1969	301	425	343	129	987	245	652	1244	713	737	308	738	1165	428	302	972	820	1244	1455	425	2535	526	488	802	328	186	1012	297	473	393	421	619	274	607	521	1075	680	274	444	750	373	649	329	154	1079	484	1173	1678	333	373	350	803	150	748	1010	1019	1032	862	298	325	393	1449	463	1179	292	190
385	2487	29	394	0	679	565	548	931	994	706	704	381	808	946	382	229	553	544	502	452	2937	235	540	566	1636	640	1269	355	191	366	1553	376	565	786	640	1353	1716	554	955	444	1361	1317	1684	805	373	863	1390	2791	564	663	550	638	872	1902	219	564	608	671	691	325	299	394	502	567	547	328	975	376	768	0	725	1320	806	804	416	446	2525	545	319	259	484	1336	549	285	260	640	402	432	732	3717	1595	1821	1203	1547	844	451	1321	601	751	1789	1422	988	694	321	1499	2341	852	573	517	485	619	768	564	1381	668	1301	799	1988	418	663	1547	368	985	1127	641	454	348	542	302	583	542	564	1613	724	796	220	2336	803	663	1439	324	952	566	938	829	335	1848	1617	638	142	1298	872	285	322	239	423	358	993	1382	361	378	1365	440	1377	555	1351	396	2497	423	518	2194	2623	1988	807	1578	355	557	717	271	1341	638	813	1631	1033	861	630	733	1419	555	570	1299	435	1631	1076	525	2929	917	490	1117	335	225	1361	682	484	361	547	550	668	548	557	1462	294	605	817	377	29	805	362	273	1403	439	805	1983	464	29	373	1156	260	799	1360	1390	1386	1255	681	361	787	1076	488	826	673	226
390	1990	662	304	679	0	770	643	650	1631	28	24	328	795	669	320	798	759	664	273	576	2258	443	313	237	1000	759	706	522	531	412	2207	446	768	948	175	802	2370	644	654	553	814	855	2359	799	451	1429	938	2120	747	41	644	432	591	1453	466	767	460	1296	11	594	802	304	751	921	438	588	316	446	141	679	903	641	789	1301	780	233	2106	876	631	549	716	775	874	462	431	324	458	789	67	3039	1171	1390	832	869	556	565	743	778	1182	2277	891	831	18	381	2030	1668	175	245	304	758	435	141	913	841	112	625	952	1607	782	41	869	418	599	556	130	576	525	860	567	360	860	768	2256	1318	789	463	1832	548	41	1100	587	372	237	661	247	451	1305	1155	166	814	702	579	462	573	725	454	676	474	746	602	358	1972	798	921	225	828	301	2003	475	431	1543	2192	1607	792	2257	581	638	38	431	863	166	799	952	432	898	392	971	915	643	456	680	1113	952	1698	654	2267	252	748	521	614	454	894	46	732	677	638	887	112	872	763	783	972	364	140	1048	662	799	608	458	1002	590	1473	1600	573	662	627	502	454	952	893	855	906	588	240	603	167	1685	719	1482	249	454
412	2074	537	530	565	770	0	133	537	1036	781	790	501	280	544	513	408	12	109	497	199	2837	557	458	535	1747	95	1019	294	441	398	1608	354	1	227	614	1075	1764	134	567	222	1078	963	1834	274	351	756	1016	2631	25	785	133	394	505	1479	597	2	349	727	776	264	329	530	64	188	341	264	923	354	755	565	166	1286	280	583	178	614	2057	145	844	350	82	1545	140	410	499	491	328	167	779	3583	1176	1388	798	1483	497	209	1080	38	440	1517	1112	493	788	489	1292	2204	879	529	466	86	379	755	179	1088	679	1242	238	1515	178	785	1483	390	652	1326	651	199	296	127	299	428	127	1	2003	696	268	590	1935	454	785	979	269	1140	535	539	740	376	1508	1225	620	659	1471	515	410	279	341	325	206	772	1212	231	457	1302	165	1007	544	1044	532	2081	304	341	2263	2159	1515	280	1829	248	143	803	475	995	620	283	1571	1202	303	424	208	1679	136	332	1443	763	1571	1527	116	2731	896	77	1291	245	569	1003	738	81	204	138	154	679	137	8	1412	675	435	889	673	537	274	226	429	988	929	986	1511	200	537	207	1251	453	238	1003	1091	1035	1171	588	229	758	1542	79	948	576	576
308	2002	518	425	548	643	133	0	442	1149	653	663	398	261	452	410	442	126	24	375	105	2711	485	330	406	1614	124	902	217	389	300	1725	256	132	315	483	963	1883	6	471	123	967	866	1941	258	254	880	926	2510	108	661	2	262	400	1408	531	130	216	830	649	223	377	425	146	315	209	219	789	256	623	548	263	1153	258	712	246	505	2006	269	791	299	122	1418	265	334	422	357	225	243	649	3461	1102	1320	714	1352	386	111	962	134	572	1650	1007	446	661	399	1425	2080	747	399	340	167	246	623	306	980	549	1110	323	1465	247	661	1352	291	544	1200	521	103	221	251	249	295	251	132	2065	809	249	523	1859	341	661	919	224	1015	406	446	607	288	1413	1142	490	663	1342	408	334	228	359	216	211	647	1087	187	354	1428	246	915	418	938	427	2011	197	211	2130	2107	1465	260	1920	195	13	675	396	897	490	265	1440	1075	327	291	328	1556	7	199	1312	819	1440	1569	30	2615	762	151	1163	213	500	908	610	139	209	4	280	549	263	128	1280	713	302	759	730	518	258	185	354	910	862	1077	1460	97	518	176	1119	379	323	907	984	939	1039	455	186	624	1579	122	1048	443	507
568	1567	901	636	931	650	537	442	0	1572	641	656	624	320	19	632	875	537	461	512	499	2342	780	446	481	1426	451	509	578	743	580	2140	558	535	547	487	548	2294	436	30	499	550	426	2371	328	560	1282	484	2115	515	688	440	304	64	976	828	535	324	1264	648	626	817	636	578	720	387	620	594	558	541	931	543	895	314	1095	688	671	1595	680	1091	673	562	1331	675	655	718	362	529	683	611	3069	668	891	275	1049	100	496	569	510	942	1935	577	206	662	665	1758	1702	644	467	474	602	320	541	711	557	539	837	541	1059	689	688	1049	575	138	1134	530	497	585	663	637	381	663	536	2501	1232	325	821	1421	131	688	512	624	976	481	10	455	601	973	702	497	1064	1232	72	655	620	788	508	645	328	732	597	597	1818	685	473	501	511	636	1576	507	417	1879	1692	1059	317	2361	593	429	661	695	458	497	320	1134	1006	407	327	630	1500	434	362	1182	1256	1134	1992	472	2204	606	587	1081	626	798	467	603	577	643	439	689	539	673	537	994	1143	361	693	1168	901	328	599	671	475	1118	1518	1054	486	901	599	976	692	541	466	558	499	757	413	597	525	1998	561	1484	408	804
1254	3062	999	1327	994	1631	1036	1149	1572	0	1654	1656	1303	1279	1578	1311	833	1037	1125	1387	1139	3845	1210	1387	1448	2620	1120	2051	1136	1102	1230	581	1207	1037	1078	1536	2110	742	1153	1602	1153	2114	1996	803	1272	1202	322	2045	3657	1059	1625	1150	1394	1541	2473	1208	1038	1349	335	1642	1060	837	1327	1003	852	1313	1067	1881	1207	1682	994	1054	2247	1283	522	911	1403	2990	891	1252	1086	1027	2330	897	1170	1205	1462	1208	910	1671	4605	2182	2378	1824	2464	1532	1147	2112	1062	669	983	2149	1491	1648	1251	659	3222	1790	1449	1378	982	1375	1682	860	2125	1585	2215	1091	2462	909	1625	2464	1226	1689	2120	1555	1140	1131	909	1078	1392	909	1037	1214	339	1270	1207	2933	1488	1625	1966	1067	1941	1448	1573	1707	1189	2538	2243	1537	904	2289	1551	1170	1079	908	1222	994	1792	2229	1067	1277	393	905	2036	1446	2081	1330	3067	1206	1296	3172	3095	2462	1281	864	1084	1161	1670	1201	2029	1537	1281	2551	2021	1240	1412	978	2410	1155	1318	2286	606	2551	982	1120	3764	1836	997	2107	1045	1205	2035	1621	1009	994	1153	882	1585	899	1036	2385	726	1408	1771	627	999	1272	1062	1173	2003	1383	269	2460	1149	999	1049	2129	1178	1091	2035	2128	2069	2154	1544	1066	1694	1032	1027	189	1532	1208
408	1965	689	327	706	28	781	653	641	1654	0	15	350	797	660	343	821	771	675	288	589	2231	470	323	246	981	768	680	539	555	431	2230	464	780	955	177	777	2393	654	643	567	789	834	2385	801	469	1449	916	2092	758	65	654	434	583	1430	493	778	464	1318	16	613	823	327	765	936	446	607	288	464	119	706	911	614	791	1318	797	259	2084	890	659	570	730	765	889	484	456	324	475	806	41	3012	1149	1368	816	842	548	579	717	788	1198	2292	867	826	24	404	2047	1640	147	254	315	773	438	119	928	816	110	597	959	1587	799	65	842	437	584	547	133	589	543	874	587	366	874	780	2284	1339	791	490	1806	542	65	1083	605	365	246	652	225	471	1279	1132	168	841	689	571	484	592	747	469	694	453	718	619	378	1992	814	900	236	804	324	1978	490	441	1522	2169	1587	794	2284	598	647	22	455	841	168	801	925	421	901	395	981	909	653	463	664	1139	925	1726	665	2239	223	762	509	632	481	873	43	746	695	648	901	110	886	774	756	998	368	117	1073	689	801	625	480	983	617	1498	1580	585	689	644	482	477	959	871	830	883	559	236	620	144	1714	732	1506	246	481
413	1977	687	328	704	24	790	663	656	1656	15	0	353	809	675	345	823	780	684	295	598	2233	468	333	256	976	778	693	545	556	436	2232	470	789	966	189	790	2395	664	658	575	802	848	2384	814	474	1453	931	2097	768	53	663	446	597	1443	490	787	476	1321	14	618	826	328	773	944	457	612	297	470	133	704	922	616	803	1324	803	258	2098	898	650	574	738	755	896	487	456	337	481	813	54	3015	1164	1382	831	845	563	587	729	797	1205	2299	880	840	12	406	2053	1644	152	264	324	780	450	133	936	829	123	602	970	1601	806	53	845	442	599	537	145	597	548	882	591	377	882	789	2278	1343	804	487	1819	556	53	1098	611	354	256	667	240	475	1291	1146	180	838	680	585	487	597	750	476	700	467	727	625	382	1996	821	914	245	818	326	1991	497	451	1518	2183	1601	807	2282	604	657	14	456	855	180	814	927	412	913	407	991	897	663	474	657	1138	927	1720	675	2245	231	770	500	637	479	887	56	754	701	658	909	123	894	783	759	997	380	115	1073	687	814	631	482	997	606	1498	1594	594	687	650	477	479	970	885	843	897	565	250	626	158	1707	740	1507	259	479
90	2138	358	29	381	328	501	398	624	1303	350	353	0	624	643	12	470	489	413	127	303	2569	166	182	187	1326	523	894	214	208	103	1880	147	500	713	259	981	2043	402	642	280	990	967	2040	625	150	1104	1044	2414	484	326	400	321	560	1565	211	498	313	968	338	278	474	29	466	622	255	273	599	147	392	381	658	954	619	984	469	116	2204	580	467	222	431	1075	579	134	121	281	174	480	369	3345	1262	1489	878	1178	526	293	944	520	876	1971	1055	742	345	59	1713	1965	489	196	154	466	308	392	615	1012	291	929	721	1676	471	326	1178	111	645	855	263	304	215	566	247	243	566	500	1992	990	615	204	1984	494	326	1134	270	669	187	634	447	133	1482	1272	257	523	1014	556	134	256	397	182	363	620	1001	294	44	1644	489	1029	174	985	31	2149	201	229	1871	2298	1676	622	1953	272	398	367	111	986	257	629	1263	741	712	297	710	1194	402	283	999	802	1263	1448	397	2549	545	459	830	299	184	1010	318	444	364	395	590	291	577	493	1095	664	264	467	731	358	625	300	130	1074	499	1152	1670	305	358	321	829	129	721	1009	1022	1031	879	303	295	409	1444	434	1156	296	188
539	1801	779	647	808	795	280	261	320	1279	797	809	624	0	319	635	681	286	264	561	363	2662	736	498	567	1693	185	829	473	649	538	1838	498	279	227	620	866	1989	255	348	377	867	724	2082	8	497	978	767	2433	267	823	258	363	317	1206	783	280	339	989	798	484	606	647	339	435	379	480	848	498	731	808	229	1185	6	785	457	716	1777	404	1048	560	341	1548	398	586	671	472	465	447	780	3388	907	1114	545	1355	329	367	890	243	630	1620	888	216	811	638	1437	2022	852	556	519	364	361	731	427	872	686	1131	221	1235	457	823	1355	530	456	1337	665	361	479	390	510	439	390	280	2282	944	12	775	1664	301	823	702	485	1161	567	317	677	536	1260	964	629	918	1460	332	586	489	606	449	459	625	1049	447	583	1504	445	760	584	824	649	1808	435	399	2173	1879	1235	3	2096	456	253	820	645	759	629	4	1442	1208	105	402	313	1703	254	354	1420	1043	1442	1806	282	2518	841	351	1292	472	752	761	753	349	457	262	410	686	396	284	1295	952	432	883	953	779	8	445	606	724	1111	1255	1232	353	779	435	1216	631	221	761	872	796	1053	565	447	723	1820	338	1210	554	759
586	1554	917	654	946	669	544	452	19	1578	660	675	643	319	0	650	887	545	471	531	513	2344	798	465	500	1438	457	511	593	759	597	2145	574	542	546	507	547	2298	446	31	513	549	419	2378	327	576	1286	474	2114	522	707	450	322	83	962	846	542	341	1271	667	640	828	654	586	725	404	634	609	574	560	946	544	906	313	1098	697	690	1579	687	1109	688	571	1347	681	671	736	381	545	692	630	3069	654	877	263	1057	119	510	571	516	944	1931	573	193	681	683	1756	1704	661	487	493	610	337	560	717	555	558	848	539	1043	698	707	1057	592	145	1151	550	511	600	670	651	400	670	543	2514	1238	324	838	1408	148	707	495	638	994	500	8	472	617	965	690	516	1079	1248	91	671	634	800	524	657	339	737	610	615	1820	694	464	520	508	654	1563	523	433	1889	1676	1043	316	2370	607	439	680	713	451	516	319	1142	1023	403	345	631	1516	445	378	1198	1268	1142	2006	482	2201	622	595	1098	639	815	459	623	586	655	449	695	558	679	545	1004	1156	380	711	1180	917	327	612	688	461	1137	1526	1038	500	917	612	992	709	539	459	555	491	767	433	611	543	2013	570	1492	427	821
102	2142	361	17	382	320	513	410	632	1311	343	345	12	635	650	0	478	501	425	130	315	2564	164	188	188	1317	535	895	226	213	115	1887	159	512	725	258	982	2050	414	649	292	992	971	2045	637	162	1113	1049	2411	496	317	412	330	567	1570	207	511	323	975	331	289	483	17	477	634	265	284	595	159	388	382	670	949	631	995	480	105	2210	591	460	231	443	1064	591	142	122	286	186	491	362	3340	1267	1494	885	1173	533	306	945	532	887	1982	1057	752	337	63	1723	1962	483	198	160	478	317	388	627	1014	287	925	733	1683	482	317	1173	123	650	845	260	316	227	577	257	251	577	512	1992	999	626	200	1987	502	317	1141	281	658	188	641	446	145	1485	1276	255	524	1004	563	142	267	406	194	374	622	999	305	56	1653	500	1034	175	987	20	2153	213	240	1863	2303	1683	633	1956	283	410	359	115	990	255	640	1258	731	724	305	722	1183	414	293	990	806	1258	1447	409	2546	540	471	820	310	180	1014	312	456	375	407	601	287	589	505	1090	667	271	460	736	361	637	312	137	1079	490	1158	1677	317	361	332	820	135	733	1013	1024	1035	875	304	307	406	1442	446	1163	298	184
428	2441	215	494	229	798	408	442	875	833	821	823	470	681	887	478	0	398	428	561	376	3030	389	573	625	1790	498	1286	327	270	404	1409	388	408	607	711	1360	1572	448	902	380	1367	1290	1578	676	384	656	1356	2861	416	792	444	620	825	1848	398	407	580	498	809	258	83	494	344	356	528	265	1058	388	855	229	548	1420	680	579	232	571	2448	344	549	258	340	1515	350	338	374	661	398	246	839	3800	1541	1761	1150	1641	804	381	1343	446	521	1569	1417	884	815	417	1287	2417	959	628	559	321	600	855	355	1383	756	1392	621	1906	233	792	1641	401	958	1300	726	378	321	346	263	593	346	407	1626	529	669	395	2296	759	792	1361	263	1117	625	880	891	363	1835	1577	712	266	1466	830	338	272	89	416	231	1012	1434	281	446	1182	251	1344	621	1346	497	2450	404	504	2340	2548	1906	681	1515	290	454	837	368	1318	712	685	1728	1194	711	626	538	1613	449	543	1458	381	1728	1127	413	2984	1009	331	1282	252	388	1334	789	332	233	443	347	756	349	401	1560	272	612	938	295	215	676	278	340	1348	667	691	1902	389	215	276	1297	344	621	1333	1389	1362	1336	730	280	869	1139	343	687	719	392
400	2078	526	517	553	759	12	126	537	1037	771	780	489	286	545	501	398	0	101	487	187	2833	544	448	524	1738	101	1017	281	428	386	1610	342	12	240	605	1073	1767	127	567	211	1077	963	1834	281	338	759	1018	2628	22	775	126	387	504	1483	584	10	342	726	766	251	321	517	54	192	332	251	915	342	747	553	179	1279	287	588	170	602	2063	147	831	337	69	1534	142	397	486	483	316	160	769	3579	1180	1392	800	1477	496	197	1078	48	446	1526	1112	498	777	477	1299	2201	870	519	455	78	372	747	183	1087	669	1235	251	1521	170	775	1477	377	651	1315	641	187	283	129	286	419	129	11	1997	697	274	577	1938	452	775	984	256	1129	524	539	733	363	1510	1228	611	648	1460	514	397	266	330	313	194	767	1208	218	445	1306	159	1008	534	1044	520	2086	292	331	2255	2165	1521	287	1827	236	136	793	462	995	611	290	1565	1192	313	417	220	1668	129	324	1433	756	1565	1519	106	2729	888	67	1280	232	556	1004	728	69	192	130	157	669	140	3	1406	667	427	879	666	526	281	213	416	991	916	983	1517	188	526	194	1241	440	251	1004	1090	1036	1165	580	216	749	1534	66	947	567	563
322	2019	515	440	544	664	109	24	461	1125	675	684	413	264	471	425	428	101	0	395	113	2736	493	352	428	1638	111	925	223	392	313	1702	269	107	300	506	985	1859	27	490	134	990	886	1918	261	266	855	945	2534	84	682	25	286	421	1424	537	106	241	808	671	221	361	440	122	290	232	218	814	269	646	544	246	1178	262	688	226	522	2019	244	795	300	101	1440	240	341	430	382	239	222	672	3485	1118	1336	732	1376	408	121	986	113	547	1626	1029	456	682	410	1400	2104	770	422	361	144	270	646	281	1002	572	1134	308	1477	227	682	1376	304	566	1221	544	112	227	226	249	319	226	107	2049	786	252	529	1876	364	682	933	223	1036	428	465	631	298	1434	1160	513	655	1364	429	341	228	347	231	199	671	1111	184	369	1403	225	934	439	959	442	2027	211	233	2154	2120	1477	263	1899	194	36	697	405	917	513	268	1465	1097	323	315	307	1577	29	223	1335	803	1465	1556	18	2638	786	128	1185	209	507	928	632	117	197	29	255	572	238	103	1305	700	326	781	714	515	261	182	361	927	869	1057	1473	108	515	170	1142	386	308	927	1006	959	1064	479	183	648	1567	100	1026	467	514
133	2011	478	128	502	273	497	375	512	1387	288	295	127	561	531	130	561	487	395	0	302	2468	293	68	64	1268	495	768	255	318	157	1967	181	496	687	149	854	2129	376	528	280	864	841	2139	564	185	1167	918	2304	476	288	376	219	447	1440	337	495	226	1051	281	330	550	128	477	648	183	324	496	181	295	502	638	860	556	1030	510	162	2081	602	586	303	442	1047	601	229	245	157	187	519	294	3239	1138	1365	758	1079	412	292	820	508	909	2003	928	649	292	183	1759	1858	407	71	42	484	211	295	640	885	199	830	692	1556	512	288	1079	161	522	828	169	302	259	586	309	135	586	496	2115	1064	553	331	1857	385	288	1017	323	642	64	522	332	198	1355	1146	150	645	976	442	229	310	480	181	408	494	884	333	124	1714	527	903	59	858	128	2023	201	167	1803	2174	1556	559	2063	312	371	309	231	859	150	566	1166	706	658	188	702	1182	376	207	953	913	1166	1574	383	2434	449	474	795	348	310	884	247	458	409	370	613	199	598	490	999	777	152	402	837	478	564	339	233	951	605	1251	1550	299	478	357	769	242	692	882	895	905	774	179	334	307	1570	445	1249	171	315
213	2067	422	331	452	576	199	105	499	1139	589	598	303	363	513	315	376	187	113	302	0	2707	380	272	346	1565	224	922	111	285	201	1720	157	198	411	430	991	1879	110	527	23	997	914	1920	361	154	890	979	2519	181	589	107	256	448	1475	425	196	212	811	583	130	325	331	175	348	174	125	759	157	577	452	355	1126	360	739	229	415	2084	301	686	197	140	1350	299	228	317	327	129	233	591	3465	1167	1389	775	1334	427	10	981	217	610	1702	1044	536	594	297	1463	2082	698	342	274	184	236	577	339	1012	492	1088	420	1544	231	589	1334	192	583	1130	463	1	116	285	149	258	285	198	2002	804	351	418	1920	383	589	996	129	944	346	505	578	185	1459	1201	435	574	1278	453	228	129	288	125	152	655	1090	97	259	1440	240	967	353	973	333	2076	104	162	2091	2183	1544	362	1881	98	110	611	291	942	435	368	1422	1008	433	273	407	1481	111	179	1254	758	1422	1494	95	2632	724	172	1097	127	395	957	548	156	151	103	312	492	297	191	1258	643	271	701	671	422	361	99	248	974	757	1044	1539	12	422	100	1066	274	420	956	1017	986	1022	418	98	582	1502	142	1023	405	402
2601	1725	2919	2550	2937	2258	2837	2711	2342	3845	2231	2233	2569	2662	2344	2564	3030	2833	2736	2468	2707	0	2701	2460	2405	1460	2770	1833	2711	2777	2625	4427	2643	2836	2890	2318	1802	4587	2708	2314	2692	1803	1978	4607	2670	2648	3591	1971	355	2812	2277	2710	2455	2351	1883	2723	2835	2501	3513	2246	2787	3012	2550	2856	3025	2533	2780	1972	2643	2177	2937	2882	1617	2657	3419	2937	2490	2086	2980	2838	2772	2828	1838	2976	2695	2683	2383	2639	2940	2205	791	1986	1948	2168	1391	2349	2699	1772	2821	3271	4266	1803	2501	2244	2627	4100	641	2085	2402	2472	2875	2473	2177	3016	1804	2277	1639	2883	2110	2939	2277	1391	2629	2206	1952	2306	2706	2717	2962	2772	2453	2962	2836	4480	3512	2667	2721	1673	2389	2277	2196	2780	2064	2405	2345	2140	2666	1585	1886	2318	3072	1798	2338	2695	2769	2947	2624	2851	2065	1624	2778	2586	4139	2945	1971	2409	1855	2548	1742	2640	2549	1008	2066	2110	2659	4515	2761	2699	2220	2679	1942	2318	2663	1306	1984	2745	2434	2969	1916	2706	2529	1755	3370	1306	3915	2737	518	2024	2860	1926	2800	2712	1954	2255	2846	2851	2707	2990	2277	2973	2834	1475	3229	2437	2121	3300	2919	2670	2783	2696	2072	2748	3720	2102	2697	2919	2796	1820	2698	2883	1953	1808	1919	1693	2303	2779	2161	3892	2829	3716	2314	2713
213	2304	220	170	235	443	557	485	780	1210	470	468	166	736	798	164	389	544	493	293	380	2701	0	346	352	1410	603	1058	269	132	205	1778	239	556	783	417	1146	1941	490	800	362	1156	1133	1918	736	240	1045	1210	2558	546	427	488	476	717	1730	48	555	459	879	455	295	421	170	507	633	397	294	742	239	536	235	723	1084	733	952	469	211	2367	597	316	210	477	1126	599	151	65	447	273	484	497	3482	1426	1653	1040	1311	684	374	1108	585	866	1946	1221	880	458	115	1672	2107	616	362	320	499	460	536	627	1178	437	1066	793	1837	472	427	1311	212	809	912	412	382	265	587	259	404	587	556	1833	918	726	40	2151	649	427	1292	290	731	352	789	604	200	1649	1438	414	372	1080	714	151	279	340	291	372	786	1156	326	183	1569	493	1195	338	1151	171	2316	302	368	1965	2461	1837	735	1814	308	490	481	91	1153	414	741	1395	810	813	457	758	1224	491	424	1075	670	1395	1285	474	2698	683	497	897	316	17	1176	447	485	374	483	606	437	597	548	1226	529	425	582	608	220	736	332	131	1237	376	1035	1831	388	220	351	924	106	793	1175	1188	1198	1022	468	328	556	1279	480	1051	462	23
155	1958	514	190	540	313	458	330	446	1387	323	333	182	498	465	188	573	448	352	68	272	2460	346	0	76	1293	446	730	251	350	177	1968	185	457	636	158	812	2130	330	462	251	821	787	2150	501	189	1155	863	2287	435	334	330	151	381	1383	392	456	160	1053	319	327	551	190	446	620	125	320	495	185	305	540	589	862	493	1010	493	230	2021	574	648	318	412	1088	571	256	292	101	178	500	320	3227	1080	1306	696	1076	346	262	784	464	882	1973	882	581	331	232	1735	1844	425	70	28	456	144	305	612	841	221	827	640	1494	495	334	1076	177	463	870	192	271	256	557	311	67	557	457	2152	1059	491	386	1805	317	334	953	320	686	76	456	319	214	1309	1091	163	682	1012	376	256	308	487	165	397	453	861	321	165	1704	507	849	89	811	190	1969	183	118	1819	2115	1494	496	2085	303	324	345	273	807	163	503	1164	745	598	120	658	1228	330	146	984	937	1164	1616	342	2412	455	444	833	342	364	830	280	428	397	325	584	221	569	452	998	804	84	430	858	514	501	327	266	891	672	1264	1488	266	514	343	794	280	640	829	851	853	767	157	323	312	1614	413	1256	146	369
196	1956	542	183	566	237	535	406	481	1448	246	256	187	567	500	188	625	524	428	64	346	2405	352	76	0	1219	522	706	312	383	220	2028	240	533	711	88	794	2190	407	493	324	803	788	2203	571	245	1223	867	2239	512	259	407	208	416	1389	394	532	228	1112	242	388	610	183	520	694	201	382	434	240	236	566	666	799	561	1082	563	192	2033	648	635	367	486	1011	646	293	307	119	242	570	245	3175	1089	1316	714	1017	380	335	757	541	956	2048	869	634	255	245	1808	1793	353	13	72	530	206	236	686	825	146	768	716	1512	565	259	1017	223	476	794	117	345	317	631	369	128	631	533	2178	1122	560	388	1802	358	259	977	381	609	0	491	268	261	1296	1094	91	708	936	409	293	369	542	232	463	433	819	387	188	1771	578	851	20	799	182	1968	251	194	1749	2125	1512	564	2128	368	400	269	294	805	91	572	1104	668	668	171	734	1152	406	220	909	978	1104	1636	419	2369	389	519	756	405	369	831	203	503	464	402	659	146	643	528	937	841	137	355	902	542	571	394	298	905	643	1315	1505	341	542	411	720	307	716	829	836	850	711	116	389	246	1631	488	1312	109	373
1390	2000	1626	1299	1636	1000	1747	1614	1426	2620	981	976	1326	1693	1438	1317	1790	1738	1638	1268	1565	1460	1410	1293	1219	0	1716	1054	1521	1519	1412	3188	1446	1746	1891	1134	1110	3351	1614	1409	1543	1122	1303	3313	1699	1450	2429	1359	1455	1723	999	1614	1363	1395	1685	1417	1744	1404	2287	991	1594	1800	1299	1739	1913	1405	1589	844	1446	991	1636	1857	549	1686	2299	1779	1219	2261	1867	1459	1548	1705	378	1864	1460	1416	1258	1456	1787	974	2247	1541	1678	1425	528	1373	1554	1024	1747	2175	3265	1188	1632	982	1374	3027	1041	868	1222	1291	1749	1375	991	1905	1146	1072	614	1891	1925	1781	999	528	1419	1300	527	1102	1564	1524	1850	1568	1319	1850	1746	3068	2316	1691	1417	1854	1393	999	1625	1587	685	1219	1434	1019	1452	1376	1463	1129	1751	356	1380	1460	1573	1722	1449	1676	1100	839	1600	1358	2970	1795	1347	1213	1181	1297	2018	1469	1408	561	2311	1925	1690	3170	1580	1606	962	1422	1281	1129	1696	505	603	1797	1328	1935	473	1613	1415	338	2066	505	2504	1631	1661	857	1737	522	1614	1416	1314	1020	1721	1677	1610	1877	1072	1862	1741	514	1926	1313	866	2013	1626	1699	1607	1453	1477	1349	2440	1916	1559	1626	1625	499	1446	1891	1312	1162	1295	694	1159	1602	990	2475	1706	2461	1172	1414
432	1979	612	550	640	759	95	124	451	1120	768	778	523	185	457	535	498	101	111	495	224	2770	603	446	522	1716	0	944	334	498	424	1689	380	94	192	594	995	1843	121	481	245	998	875	1921	180	377	832	927	2557	82	780	122	353	425	1384	647	95	312	817	765	323	421	550	154	268	321	322	881	380	728	640	143	1239	185	650	272	630	1962	230	903	407	159	1533	224	452	541	459	349	261	761	3510	1082	1293	707	1428	422	232	1006	60	500	1554	1029	398	777	521	1343	2134	852	514	458	179	341	728	260	1007	661	1191	198	1420	271	780	1428	415	573	1316	634	223	338	214	355	403	214	95	2098	781	173	640	1841	381	780	884	326	1132	522	452	700	410	1419	1133	601	742	1453	436	452	333	426	340	283	707	1146	287	479	1373	260	917	535	962	552	1987	321	329	2222	2064	1420	185	1921	301	125	790	516	908	601	189	1516	1189	220	388	218	1674	121	305	1421	858	1516	1620	129	2652	860	167	1277	308	617	915	724	166	281	128	238	661	222	99	1360	767	406	869	768	612	180	284	472	895	980	1079	1416	219	612	269	1224	497	198	915	1009	948	1118	558	286	727	1635	156	1038	545	624
885	1284	1243	888	1269	706	1019	902	509	2051	680	693	894	829	511	895	1286	1017	925	768	922	1833	1058	730	706	1054	944	0	959	1080	906	2627	907	1018	1056	644	97	2784	898	481	912	110	249	2841	837	911	1775	314	1612	995	746	901	667	520	769	1098	1017	710	1730	696	1027	1246	888	1048	1207	758	1021	428	907	566	1269	1050	508	823	1595	1143	871	1421	1164	1318	1041	1024	1084	1159	987	1014	631	891	1143	639	2565	529	722	387	587	522	915	61	999	1443	2441	191	679	704	951	2266	1194	574	697	752	1069	688	566	1199	138	645	442	1050	961	1145	746	587	906	374	944	661	921	966	1146	1024	695	1146	1018	2882	1712	834	1093	1126	565	746	571	1022	853	706	512	469	942	600	481	650	1412	973	508	987	1014	1197	872	1074	276	242	1009	890	2318	1147	299	720	144	887	1298	882	781	1429	1501	961	826	2801	997	889	688	999	230	650	829	664	840	914	659	1136	1269	896	745	906	1661	664	2342	931	1712	489	1054	882	1036	1075	265	671	1041	1073	898	1174	645	1157	1018	556	1531	675	643	1579	1243	837	1013	996	425	1294	1966	953	911	1243	1021	724	1008	1050	263	154	255	367	590	1010	541	2338	1024	1945	597	1078
133	2141	325	244	355	522	294	217	578	1136	539	545	214	473	593	226	327	281	223	255	111	2711	269	251	312	1521	334	959	0	177	113	1717	75	293	516	401	1035	1879	222	603	96	1042	977	1901	472	70	912	1047	2535	280	528	219	297	521	1553	313	292	261	802	530	76	300	244	253	408	204	69	745	75	548	355	457	1111	470	778	258	331	2171	365	574	95	219	1285	364	118	207	334	72	268	548	3477	1245	1469	852	1327	495	106	1016	319	664	1760	1095	637	540	195	1508	2093	663	313	241	252	277	548	400	1059	455	1078	526	1633	261	528	1327	105	643	1066	425	113	7	351	64	265	351	293	1937	810	462	306	1992	452	528	1084	69	878	312	585	571	83	1517	1272	403	486	1220	523	118	57	239	88	154	685	1107	80	173	1458	277	1034	313	1024	246	2150	77	178	2058	2269	1633	472	1843	59	222	559	182	1003	403	478	1414	948	545	300	501	1408	223	222	1201	702	1414	1417	205	2656	702	246	1037	93	283	1021	501	231	155	215	375	455	362	285	1248	577	285	655	619	325	472	87	138	1052	646	1016	1628	120	325	107	1022	163	526	1020	1066	1047	1018	408	82	559	1421	222	1006	396	290
194	2295	164	228	191	531	441	389	743	1102	555	556	208	649	759	213	270	428	392	318	285	2777	132	350	383	1519	498	1080	177	0	174	1676	185	441	668	463	1163	1839	395	766	272	1171	1126	1832	647	183	921	1199	2620	433	523	392	447	682	1712	161	439	419	767	542	177	292	228	386	502	356	177	806	185	600	191	607	1162	646	821	338	301	2338	468	404	91	359	1248	470	93	103	449	213	354	576	3552	1405	1631	1013	1386	654	282	1134	472	733	1815	1230	813	547	150	1543	2172	696	389	328	376	428	600	497	1191	499	1138	680	1802	341	523	1386	176	794	1031	471	287	171	459	143	391	459	440	1801	798	637	155	2144	614	523	1253	173	848	383	750	650	144	1656	1426	462	332	1196	683	93	164	211	234	246	804	1202	212	194	1452	363	1185	375	1159	231	2306	236	327	2070	2435	1802	648	1746	197	396	570	99	1149	462	654	1472	924	715	438	636	1352	396	380	1188	596	1472	1268	373	2752	753	375	1012	195	138	1169	525	364	248	388	476	499	468	432	1303	458	413	671	523	164	647	216	84	1213	489	944	1797	296	164	233	1027	78	680	1168	1200	1194	1087	497	213	617	1268	362	951	488	145
23	2123	339	132	366	412	398	300	580	1230	431	436	103	538	597	115	404	386	313	157	201	2625	205	177	220	1412	424	906	113	174	0	1810	44	397	612	307	988	1972	304	601	179	996	952	1982	538	47	1017	1026	2459	381	416	302	278	518	1542	254	396	256	895	421	182	394	132	362	521	193	176	654	44	452	366	556	1017	534	890	371	218	2173	478	521	146	328	1172	477	80	140	275	74	381	443	3396	1236	1462	846	1237	487	192	961	418	777	1873	1056	674	430	100	1619	2014	560	224	158	364	260	452	514	1016	354	988	621	1639	373	416	1237	8	622	952	324	202	115	463	155	217	463	397	1976	910	528	246	1971	449	416	1092	175	765	220	588	488	41	1482	1254	308	507	1108	516	80	160	322	88	265	630	1036	193	60	1562	390	1012	217	985	134	2134	103	164	1953	2268	1639	536	1910	172	301	450	116	975	308	543	1324	835	621	265	607	1295	304	220	1090	760	1324	1442	296	2587	606	356	925	202	222	996	394	341	267	297	488	354	475	390	1156	627	239	548	683	339	538	200	93	1045	573	1094	1634	204	339	220	914	112	621	995	1025	1020	932	329	195	465	1442	331	1091	319	229
1834	3590	1562	1903	1553	2207	1608	1725	2140	581	2230	2232	1880	1838	2145	1887	1409	1610	1702	1967	1720	4427	1778	1968	2028	3188	1689	2627	1717	1676	1810	0	1787	1610	1625	2116	2683	163	1729	2170	1734	2687	2561	336	1830	1783	859	2605	4236	1632	2199	1727	1974	2113	3009	1772	1610	1929	915	2218	1641	1417	1903	1579	1421	1894	1648	2462	1787	2262	1553	1609	2827	1842	1055	1491	1977	3489	1463	1781	1665	1604	2886	1468	1748	1778	2044	1789	1489	2249	5185	2728	2914	2383	3045	2106	1728	2688	1632	1210	957	2718	2043	2224	1826	721	3802	2368	2030	1959	1559	1955	2262	1430	2696	2164	2796	1636	2975	1489	2199	3045	1806	2261	2680	2134	1721	1712	1481	1659	1973	1481	1609	1121	917	1829	1771	3468	2063	2199	2505	1648	2506	2028	2141	2288	1769	3097	2795	2117	1447	2851	2124	1748	1660	1487	1803	1575	2371	2809	1649	1855	395	1484	2598	2026	2651	1906	3594	1787	1877	3744	3595	2975	1840	602	1665	1738	2246	1775	2595	2117	1839	3132	2586	1787	1993	1528	2954	1731	1899	2852	1134	3132	1177	1697	4340	2416	1574	2671	1627	1772	2599	2199	1587	1575	1729	1454	2164	1471	1609	2965	1269	1989	2347	1177	1562	1830	1643	1750	2555	1910	755	2974	1730	1562	1630	2702	1753	1636	2599	2698	2633	2736	2125	1647	2274	1237	1604	727	2113	1774
59	2110	348	175	376	446	354	256	558	1207	464	470	147	498	574	159	388	342	269	181	157	2643	239	185	240	1446	380	907	75	185	44	1787	0	353	568	328	986	1949	260	581	135	994	942	1965	498	4	986	1014	2472	337	453	258	261	497	1526	287	351	234	872	455	149	370	175	319	480	171	143	674	0	476	376	512	1040	494	854	334	261	2153	437	555	134	285	1211	436	97	174	276	33	343	473	3411	1219	1445	828	1257	468	148	963	374	738	1834	1051	642	464	142	1583	2028	588	242	171	321	242	476	473	1013	381	1008	577	1618	336	453	1257	35	609	991	350	158	78	422	128	212	422	353	1978	883	488	280	1960	428	453	1070	142	804	240	566	503	42	1476	1241	330	515	1145	497	97	129	303	52	230	631	1046	155	103	1532	352	1000	240	980	178	2121	62	142	1983	2249	1618	496	1900	134	258	484	148	965	330	503	1344	873	579	255	563	1336	261	195	1126	754	1344	1450	252	2597	629	314	962	168	256	985	425	298	230	253	447	381	434	346	1177	623	233	580	674	348	498	162	115	1027	612	1079	1612	160	348	181	946	138	577	984	1021	1010	950	341	157	487	1452	288	1072	331	263
411	2073	537	529	565	768	1	132	535	1037	780	789	500	279	542	512	408	12	107	496	198	2836	556	457	533	1746	94	1018	293	441	397	1610	353	0	227	613	1073	1766	133	565	221	1077	961	1836	273	350	757	1015	2629	23	784	132	393	503	1478	597	1	348	729	775	264	330	529	64	189	340	263	921	353	754	565	166	1285	279	584	179	613	2056	146	843	350	82	1544	141	409	498	489	327	167	778	3581	1175	1387	797	1481	496	208	1079	37	441	1519	1111	492	787	488	1293	2203	878	527	464	87	377	754	181	1087	678	1240	239	1514	178	784	1481	389	651	1325	650	198	295	128	299	427	128	0	2004	697	267	590	1934	453	784	978	268	1139	533	537	739	375	1507	1224	619	659	1469	514	409	278	341	324	206	770	1211	230	456	1303	166	1005	543	1043	531	2080	303	339	2262	2158	1514	280	1830	248	141	802	474	994	619	283	1570	1201	303	423	209	1678	134	331	1442	764	1570	1527	114	2729	894	77	1290	245	569	1002	737	81	204	136	156	678	139	8	1411	676	434	888	674	537	273	225	428	987	929	987	1510	198	537	207	1249	452	239	1001	1090	1034	1170	587	229	756	1542	78	949	574	576
623	1985	759	740	786	948	227	315	547	1078	955	966	713	227	546	725	607	240	300	687	411	2890	783	636	711	1891	192	1056	516	668	612	1625	568	227	0	780	1094	1773	313	576	433	1094	946	1881	219	565	767	984	2661	236	970	314	530	542	1394	824	229	494	810	953	491	523	740	285	278	510	491	1049	568	909	786	61	1397	233	569	376	821	1932	268	1071	577	309	1719	262	634	723	640	539	361	946	3615	1105	1300	763	1575	550	420	1117	197	414	1398	1112	419	966	708	1210	2250	1033	703	650	301	522	909	273	1099	847	1346	15	1395	375	970	1575	604	683	1503	822	410	519	263	526	589	263	228	2138	751	222	817	1854	516	970	887	496	1321	711	545	871	595	1474	1170	788	869	1638	556	634	505	553	531	431	845	1274	457	669	1283	355	978	725	1050	742	1990	512	520	2385	2036	1395	230	1914	474	317	978	698	982	788	227	1662	1376	162	568	100	1864	313	492	1603	925	1662	1693	316	2743	1034	297	1463	472	795	982	912	306	428	319	269	847	262	236	1512	859	590	1054	838	759	219	452	653	930	1156	1083	1393	408	759	434	1404	677	15	982	1098	1017	1270	738	456	906	1713	306	1028	726	802
283	1910	618	248	640	175	614	483	487	1536	177	189	259	620	507	258	711	605	506	149	430	2318	417	158	88	1134	594	644	401	463	307	2116	328	613	780	0	735	2278	484	494	409	746	749	2289	624	333	1311	830	2156	591	207	484	257	425	1352	455	612	287	1200	177	477	698	248	604	778	274	470	347	328	148	640	738	711	614	1168	650	228	2001	732	677	453	570	939	730	377	380	148	330	657	166	3090	1058	1282	696	930	389	420	692	618	1041	2131	815	660	191	319	1894	1709	267	89	160	614	261	148	770	769	67	681	783	1487	652	207	930	310	457	723	45	430	405	715	457	190	715	613	2250	1211	614	450	1754	377	207	963	470	542	88	498	188	348	1241	1055	9	783	859	415	377	457	629	319	552	379	741	475	269	1859	665	814	90	747	246	1922	339	273	1662	2091	1487	617	2210	456	476	200	370	763	9	624	1017	596	724	218	810	1086	482	288	829	1059	1017	1703	498	2289	301	603	682	493	433	791	133	587	552	479	743	67	727	608	849	922	191	275	985	618	624	482	380	878	670	1401	1481	424	618	498	636	386	783	789	781	808	625	75	477	158	1696	572	1399	79	436
968	1187	1327	976	1353	802	1075	963	548	2110	777	790	981	866	547	982	1360	1073	985	854	991	1802	1146	812	794	1110	995	97	1035	1163	988	2683	986	1073	1094	735	0	2839	958	519	982	13	205	2904	874	990	1828	250	1567	1051	842	961	739	570	674	1187	1073	781	1793	793	1101	1317	976	1107	1262	831	1094	524	986	662	1353	1092	572	861	1643	1207	963	1325	1220	1411	1119	1086	1163	1215	1069	1100	713	968	1206	736	2521	446	631	377	619	577	985	88	1052	1490	2465	96	699	801	1038	2301	1161	671	784	836	1129	760	662	1253	43	738	507	1086	872	1208	842	619	987	422	1032	754	989	1041	1202	1099	774	1202	1074	2964	1770	872	1181	1029	621	842	518	1096	947	794	550	563	1023	506	390	741	1495	1052	559	1069	1088	1270	948	1143	360	274	1080	975	2366	1209	238	808	72	975	1201	957	856	1454	1404	872	864	2872	1070	950	785	1084	176	741	866	688	931	945	734	1178	1349	957	817	983	1737	688	2428	992	1656	586	1114	969	1108	1163	206	767	1102	1142	959	1229	738	1212	1074	601	1610	753	741	1654	1327	874	1084	1079	369	1389	2035	864	979	1327	1091	808	1092	1086	204	60	185	438	678	1081	636	2425	1085	2010	684	1166
1996	3728	1725	2066	1716	2370	1764	1883	2294	742	2393	2395	2043	1989	2298	2050	1572	1767	1859	2129	1879	4587	1941	2130	2190	3351	1843	2784	1879	1839	1972	163	1949	1766	1773	2278	2839	0	1887	2324	1894	2842	2713	319	1981	1944	1011	2755	4394	1789	2362	1884	2133	2268	3151	1935	1766	2088	1077	2381	1803	1579	2066	1737	1577	2054	1809	2624	1949	2424	1716	1759	2989	1993	1204	1650	2140	3618	1619	1941	1827	1762	3048	1624	1910	1941	2204	1951	1648	2411	5343	2873	3056	2534	3206	2262	1888	2845	1787	1359	985	2872	2192	2387	1989	793	3961	2531	2191	2120	1717	2114	2424	1585	2851	2326	2957	1784	3110	1648	2362	3206	1968	2416	2843	2296	1881	1874	1637	1820	2134	1637	1765	1174	1075	1980	1934	3609	2219	2362	2649	1809	2669	2190	2294	2449	1931	3247	2942	2279	1609	3014	2279	1910	1822	1649	1965	1735	2529	2968	1810	2018	511	1643	2748	2188	2805	2069	3732	1948	2038	3907	3724	3110	1991	640	1826	1895	2409	1938	2747	2279	1990	3294	2749	1935	2153	1677	3115	1889	2058	3015	1296	3294	1295	1855	4495	2578	1732	2834	1788	1935	2750	2361	1745	1735	1887	1609	2326	1627	1766	3127	1431	2149	2510	1339	1725	1981	1804	1913	2702	2070	916	3109	1889	1725	1791	2865	1916	1784	2750	2853	2784	2897	2286	1808	2436	1354	1762	890	2274	1937
