NAME : VRPTW_INSTANCE_153.txt
COMMENT : Bangkok Supermarket
TYPE : VRPTW
DIMENSION : 291
DAYS : Friday
EDGE_WEIGHT_TYPE : EXPLICIT
VEHICLES : 33
EDGE_WEIGHT_FORMAT : FULL_MATRIX
CAPACITY : 1000
EDGE_WEIGHT_SECTION
0	1620	264	165	863	194	1995	118	642	456	399	1078	2929	1713	938	101	948	322	862	855	775	128	1686	217	3589	1210	128	2530	104	1785	150	428	654	614	398	2097	1480	1130	1738	359	505	172	737	24	118	396	79	2227	1630	314	606	204	737	85	948	205	463	872	202	1517	583	1714	534	276	281	584	410	525	317	1723	175	1030	73	348	503	189	330	584	1495	205	412	663	422	214	309	1526	937	236	2156	2055	400	252	445	160	1217	242	809	650	595	182	503	585	1140	412	638	2075	392	347	1921	475	863	46	88	2939	449	1025	245	1279	289	1567	646	204	212	697	221	366	410	77	2294	265	1081	369	1529	251	383	379	809	355	309	404	258	546	783	103	929	2552	215	515	3713	102	130	203	227	1269	1121	1743	3381	556	777	196	221	193	1400	300	288	216	622	579	135	1006	1064	227	2209	502	330	26	190	155	196	54	412	1245	345	839	351	1495	1424	402	33	223	530	432	304	657	1042	83	1028	401	539	582	1010	309	3008	255	288	234	1126	1096	165	150	1190	401	213	2132	1126	371	872	1156	891	264	1116	1861	1321	2178	1739	423	1627	418	1436	2059	1407	1823	103	38	148	739	2287	264	1711	580	350	645	632	1445	1079	654	517	67	353	496	696	287	1179	197	411	372	2734	404	977	368	401	434	1027	2209	373	464	3378	942	76	1712	170	370	164	413	874	2058	202	300	422	763	1910	3383	124	201	1591	202	119	691	1452	885	697
1620	0	1429	1520	1226	1810	1290	1596	2251	1358	1914	667	1509	328	1379	1720	780	1711	2142	2361	957	1733	3189	1769	2182	1246	1610	968	1628	384	1729	1310	1863	2110	1910	514	3055	2741	131	1355	1290	1528	907	1644	1596	1711	1599	1047	570	1700	1888	1754	907	1603	780	1423	1350	1317	1822	139	1051	156	1585	1689	1829	1272	1335	1226	1920	3011	1737	2507	1608	1800	1938	1432	1325	2068	164	1676	1790	1675	1797	1513	1676	861	2273	1484	787	680	2010	1790	1727	1780	602	1784	2045	1924	1220	1518	1278	1257	485	1326	2248	883	1912	1794	833	1450	1226	1616	1696	1723	1912	839	1744	1590	1887	736	1051	1783	1683	2083	1791	1366	1335	1597	927	1547	601	1976	336	1724	1990	1818	937	1959	1345	1916	1371	1589	1255	1601	811	993	1767	1851	2172	1607	1733	1540	1775	589	857	893	1763	1252	2398	1756	1426	1757	1192	1350	1667	1769	1965	2066	1485	662	2255	1775	886	1936	1325	1645	1807	1467	1427	1660	1326	2865	1792	867	1797	993	3017	1911	1646	1771	1351	1715	1924	2108	1738	1678	978	1275	1125	1249	880	1345	1731	1790	1667	1791	628	627	1520	1729	682	2007	1766	961	628	1324	2371	2767	1048	1429	1723	3416	1041	664	979	1708	3246	1775	1100	1195	3022	768	1715	1652	1655	1362	1335	1429	933	1285	1965	2048	1868	3032	965	1410	1771	1657	1958	1930	1897	1836	619	1672	1789	1831	1578	1340	769	1967	1910	1201	714	598	1837	1161	1809	775	1628	300	1785	1818	1688	1917	1022	3585	1556	1350	1797	1426	3502	1852	1496	1759	1270	1556	1731	1136	3029	1390	1071
264	1429	0	105	897	447	1730	335	828	196	487	962	2808	1561	1013	355	710	299	835	1119	699	392	1789	342	3477	1240	353	2368	216	1637	414	457	573	879	484	1925	1628	1316	1554	402	240	106	523	278	335	331	306	1972	1385	287	555	466	523	313	710	118	202	933	447	1340	380	1538	356	267	399	320	453	525	573	1733	438	1295	308	380	534	193	323	849	1320	246	394	500	404	84	265	1467	940	361	1915	1816	591	515	664	397	1104	505	758	600	330	96	238	321	966	448	826	1975	485	375	1667	589	897	293	352	2860	497	771	500	1376	548	1311	403	361	253	712	367	101	453	302	2050	434	859	557	1303	499	570	403	734	609	311	489	240	368	825	327	831	2391	340	484	3565	330	329	110	491	1158	1063	1483	3178	291	991	331	71	333	1408	301	251	342	606	843	178	786	1014	491	2092	533	323	290	440	151	208	275	448	1466	373	740	379	1461	1587	485	272	487	600	353	526	709	1192	280	764	387	467	318	752	311	2918	517	251	364	1008	971	105	414	1094	586	339	1877	1008	390	1137	1389	871	0	1255	1995	1056	2024	1477	343	1825	386	1171	2012	1634	1730	323	276	230	816	2024	0	1450	317	556	666	561	1603	816	748	437	263	538	526	617	407	1066	242	393	412	2662	449	875	544	484	233	790	2026	417	347	3219	706	323	1490	387	401	417	492	611	2315	382	301	404	859	2073	3236	186	333	1327	382	379	427	1701	640	657
165	1520	105	0	903	342	1832	254	732	290	411	1025	2877	1639	1004	251	812	251	808	1017	745	289	1720	249	3544	1249	271	2451	112	1714	315	455	564	779	408	2010	1545	1222	1642	392	342	15	618	175	254	306	220	2077	1489	240	533	369	618	228	812	118	297	928	342	1426	469	1624	392	210	312	419	445	537	468	1697	341	1193	220	318	479	169	328	750	1405	166	352	531	362	53	224	1512	902	315	2019	1919	493	418	591	291	1167	408	739	578	433	18	341	421	1050	443	729	2036	407	314	1772	558	903	200	251	2915	434	876	408	1359	444	1417	506	263	174	666	271	204	445	217	2154	376	958	458	1403	411	472	345	780	504	311	414	239	405	827	243	887	2473	248	451	3644	245	225	56	393	1220	1105	1588	3273	393	890	236	95	237	1427	300	204	249	571	744	124	884	998	393	2159	478	328	190	335	109	186	170	443	1364	311	795	318	1497	1500	410	169	389	586	336	422	650	1153	175	869	399	506	419	858	311	2977	421	204	271	1072	1038	0	315	1151	489	246	1983	1072	389	1035	1285	898	105	1221	1917	1159	2103	1581	326	1729	349	1272	2054	1531	1788	218	172	135	804	2128	105	1555	415	454	617	548	1517	920	728	424	158	440	471	608	319	1129	160	350	348	2714	440	933	447	410	318	892	2115	352	401	3301	808	232	1590	283	340	326	419	716	2210	317	300	362	839	1986	3314	125	238	1425	317	276	532	1596	722	688
863	1226	897	903	0	971	2150	761	1437	1018	1262	561	2207	1152	174	920	997	1151	1709	1266	365	899	2523	1080	2836	347	761	1934	946	1205	867	448	1465	1047	1261	1569	2277	1884	1299	512	1002	918	798	885	761	1209	791	2157	1538	1141	1436	852	798	789	997	793	1018	92	993	1089	744	1244	1248	1107	1144	1065	459	372	1021	2586	855	1378	801	1202	1362	733	577	1004	1063	1046	1251	1392	1261	942	1126	741	1795	626	1969	1857	1219	860	655	982	635	860	1642	1481	1027	917	987	1052	809	460	1429	1337	1255	1200	1871	412	0	825	883	2140	1310	1153	806	521	987	1578	889	1065	1055	1556	1083	934	459	792	2115	623	987	1195	1327	778	1208	1232	358	1052	592	1267	665	1259	80	774	441	1952	1079	1352	3042	779	988	957	860	665	404	1787	2906	1017	1504	1059	835	1057	538	603	1106	1079	1470	1005	785	932	1901	860	1502	1361	577	872	975	793	717	917	460	1904	1197	434	1204	670	2199	1265	896	858	334	1238	1104	1520	523	946	1262	510	468	1043	1170	592	2224	858	1106	1098	598	603	903	867	563	1225	1077	2059	598	513	1269	1775	180	897	529	2664	1553	1578	1829	1228	2324	1251	1673	1232	2029	1085	958	901	993	171	2346	897	1786	1073	1160	1504	1450	2229	1301	259	1326	929	1184	1354	1509	1149	611	1039	1250	1229	1927	464	470	1205	1265	757	1038	1712	1231	595	2746	982	812	1453	1009	1224	803	1276	1143	2439	676	603	1261	215	2673	2712	788	1064	1872	676	910	1049	1953	1408	299
194	1810	447	342	971	0	2170	228	475	626	347	1250	3094	1892	1017	93	1142	382	841	681	939	79	1552	216	3749	1310	221	2711	237	1964	103	570	688	456	348	2282	1321	954	1927	505	682	343	932	174	228	462	214	2418	1824	381	625	131	932	212	1142	399	634	964	23	1705	777	1900	645	347	245	757	548	671	126	1650	119	859	205	359	476	378	499	434	1682	285	441	752	449	380	388	1670	890	365	2351	2249	247	154	422	60	1386	147	809	663	775	354	683	761	1328	553	469	2233	338	363	2112	561	971	194	114	3085	418	1216	192	1332	105	1757	839	177	286	658	193	545	548	215	2488	348	1276	224	1724	216	236	386	972	162	478	353	440	656	891	219	1097	2732	215	533	3888	213	136	360	137	1437	1270	1930	3573	734	590	201	413	196	1509	471	371	213	613	427	328	1200	1050	137	2374	476	499	168	9	350	383	171	553	1054	361	1010	366	1627	1256	354	176	136	639	498	133	593	1055	170	1211	564	711	759	1199	478	3159	157	371	215	1299	1271	342	103	1354	254	213	2323	1299	525	700	961	1028	447	1136	1706	1498	2356	1923	492	1442	456	1610	2193	1213	1980	128	171	249	827	2469	447	1897	752	188	606	662	1281	1262	734	568	184	215	470	725	246	1349	280	441	370	2877	542	1146	238	354	629	1221	2397	367	650	3557	1137	185	1906	91	375	168	365	1058	1868	301	471	449	835	1741	3557	317	204	1757	301	79	874	1258	1031	850
1995	1290	1730	1832	2150	2170	0	2050	2436	1544	2052	1675	2592	1617	2324	2083	1167	1859	1968	2849	1786	2121	3005	2007	3207	2330	2068	1958	1933	1664	2144	1953	1775	2609	2048	1605	3022	2858	1364	1953	1489	1828	1397	2007	2050	1805	2028	570	723	1853	1841	2195	1397	2035	1167	1811	1536	2238	2167	1378	1519	1427	1597	1870	2036	1413	1970	1926	2296	2595	2168	3025	2032	1939	1991	1869	1875	2577	1390	1907	1878	1575	1878	1790	1834	2098	2099	2015	822	832	2247	2243	2338	2115	1710	2233	1878	1851	1399	1818	1491	1410	1402	1960	2439	2157	2057	1932	507	2138	2150	2021	2083	2921	2003	1026	2222	2641	2275	597	1393	2042	1910	2028	2038	1629	1970	2025	840	2098	1166	2215	973	2217	2225	1937	1792	2330	1884	2050	1855	1591	2133	2045	1731	1981	2007	1869	3002	2049	2040	1809	2220	1730	1928	402	2188	1439	2630	2008	1779	2012	2355	1881	1841	2009	1927	2572	1889	1217	1958	2220	2120	1989	1875	2020	2162	1861	1876	2001	1960	3086	1931	1717	1932	2209	3038	2044	2001	2215	2075	1783	2222	2106	2654	2000	975	1875	1783	1412	1024	1884	2897	2245	1841	2024	1668	1636	1832	2144	1783	2236	2007	551	1668	1920	2867	3046	1989	1730	2676	3298	673	1810	331	1782	3361	1856	560	2486	3263	2058	2042	2005	1927	2208	350	1730	377	1418	2233	2024	1797	3033	924	2204	1777	1986	2198	1987	1782	2042	1702	1909	1877	1958	2810	1972	1720	2191	2044	1619	1115	1563	1965	1715	2617	1181	2050	1006	2097	1944	2141	2043	1129	4022	2068	1881	1878	2277	3467	2742	1899	2008	450	2068	2108	1306	3391	1192	1872
118	1596	335	254	761	228	2050	0	703	531	506	1023	2865	1667	827	160	965	440	978	815	710	149	1771	327	3520	1105	18	2486	221	1738	134	343	772	566	505	2061	1549	1182	1710	277	571	266	741	133	0	514	38	2255	1648	432	724	161	741	32	965	239	537	764	246	1487	587	1681	642	394	387	652	322	444	325	1831	141	986	44	464	616	186	274	530	1464	323	530	774	540	307	426	1445	1049	138	2168	2064	469	203	337	224	1158	195	926	768	655	273	566	651	1112	326	697	2005	498	464	1948	363	761	72	124	2860	560	1058	173	1163	290	1597	674	307	330	810	325	433	322	41	2308	148	1083	441	1529	166	455	495	743	363	253	511	228	654	680	14	869	2507	325	633	3661	17	229	303	184	1209	1043	1780	3360	618	815	306	274	302	1299	247	405	325	738	525	162	1007	1181	184	2145	615	274	116	228	190	183	166	326	1271	462	782	468	1406	1484	509	146	180	426	550	359	764	924	195	1077	336	485	647	1047	253	2932	205	405	342	1072	1045	254	134	1126	473	323	2159	1072	297	831	1170	804	335	998	1933	1378	2131	1783	540	1666	536	1495	1971	1426	1752	198	149	266	629	2333	335	1753	651	412	757	750	1509	1128	541	635	183	429	609	814	392	1121	315	529	487	2653	316	918	448	509	449	1042	2178	488	436	3332	958	51	1708	249	485	96	521	922	2036	87	247	540	649	1969	3329	152	310	1658	87	155	744	1445	973	622
642	2251	828	732	1437	475	2436	703	0	952	385	1720	3568	2355	1464	551	1534	590	680	659	1412	554	1092	486	4224	1767	697	3172	623	2428	577	1046	703	592	390	2737	845	490	2373	980	1021	725	1350	618	703	633	685	2757	2197	599	627	585	1350	684	1534	829	960	1420	457	2154	1201	2351	839	593	432	1075	1024	1147	417	1286	585	809	675	503	453	831	969	608	2133	585	558	874	557	745	621	2145	650	841	2729	2634	243	578	823	485	1858	577	708	637	1111	735	1027	1085	1777	1029	11	2709	382	510	2458	1024	1437	659	583	3560	433	1576	631	1747	450	2103	1229	468	579	506	461	907	1024	686	2860	819	1687	276	2130	659	262	501	1446	390	948	387	901	844	1356	693	1569	3194	487	575	4356	688	521	718	576	1909	1746	2253	4006	1070	198	496	825	495	1971	940	621	485	557	601	774	1614	866	576	2848	455	969	621	474	788	839	597	1029	655	511	1480	509	2099	782	392	613	578	1109	653	344	406	1435	576	1534	1037	1180	1088	1550	948	3635	580	621	464	1768	1739	732	577	1828	244	488	2667	1768	1000	681	611	1502	828	1522	1231	1785	2820	2230	654	997	580	1883	2664	830	2456	541	607	598	1283	2760	828	2211	1066	293	478	676	805	1583	1189	663	597	293	456	716	425	1820	587	559	480	3352	1018	1618	284	393	1050	1614	2845	474	1106	4021	1532	658	2318	472	495	638	393	1394	1609	776	940	557	1281	1268	4026	763	494	1995	776	549	1214	970	1245	1326
456	1358	196	290	1018	626	1544	531	952	0	578	976	2789	1527	1152	539	595	367	810	1305	761	579	1831	478	3463	1349	549	2316	388	1604	606	603	529	1070	574	1866	1706	1427	1487	561	70	285	462	466	531	354	502	1812	1245	357	538	659	462	510	595	304	8	1067	623	1284	358	1480	256	358	521	131	605	651	752	1707	631	1482	503	458	582	377	474	1040	1266	375	435	391	441	246	333	1512	931	547	1777	1683	730	708	858	571	1115	698	719	578	159	275	80	137	925	599	951	1980	579	451	1510	758	1018	488	541	2875	562	624	695	1518	730	1154	307	508	379	727	508	101	605	498	1908	624	764	696	1191	695	708	470	794	785	468	578	405	265	953	523	867	2340	477	494	3519	526	497	265	683	1169	1119	1315	3081	118	1130	475	261	478	1500	459	331	479	610	1034	373	697	962	683	2082	580	474	480	618	345	391	457	599	1604	450	780	454	1524	1679	573	458	679	752	356	685	750	1362	455	592	523	556	137	598	468	2924	710	331	497	1017	977	290	606	1120	722	477	1720	1017	541	1324	1538	961	196	1420	2060	872	1982	1302	349	1942	418	984	2058	1776	1744	498	462	385	962	1846	196	1278	126	705	690	526	1690	642	904	417	442	678	574	569	528	1078	375	433	486	2683	603	905	677	572	267	673	1955	493	427	3164	596	519	1382	554	473	612	577	444	2487	575	459	441	1012	2158	3194	381	475	1135	575	565	262	1865	446	747
399	1914	487	411	1262	347	2052	506	385	578	0	1437	3289	2048	1333	355	1171	210	493	906	1151	390	1308	182	3955	1609	509	2856	326	2123	432	825	375	736	4	2412	1141	849	2039	757	648	400	1006	377	506	247	472	2374	1821	220	302	476	1006	475	1171	526	587	1270	325	1827	867	2025	455	225	118	696	808	919	406	1325	457	1080	463	120	131	556	715	728	1807	246	175	506	175	404	244	1914	547	636	2353	2260	221	502	769	306	1578	495	466	332	736	407	656	707	1454	810	387	2447	9	127	2075	869	1262	437	392	3322	76	1200	537	1664	414	1721	870	199	237	311	180	548	808	471	2482	653	1333	200	1768	560	204	115	1186	414	695	5	631	461	1183	492	1297	2879	184	221	4052	488	277	379	484	1632	1507	1869	3654	696	577	203	506	205	1799	685	249	183	271	720	497	1262	702	484	2571	131	715	391	339	500	570	345	810	1041	128	1205	125	1890	1105	8	366	483	929	269	271	258	1400	316	1151	788	912	710	1172	695	3386	505	249	164	1484	1449	411	432	1561	206	186	2284	1484	765	928	993	1286	487	1480	1508	1400	2511	1845	269	1364	197	1498	2452	1216	2198	307	361	284	1135	2375	487	1826	687	241	259	347	1119	1199	1047	294	333	189	127	404	113	1540	251	175	95	3119	803	1344	170	9	720	1249	2512	88	812	3706	1170	454	1958	271	109	493	18	1014	1980	593	685	175	1154	1588	3723	490	198	1614	593	374	837	1343	863	1085
1078	667	962	1025	561	1250	1675	1023	1720	976	1437	0	1853	650	721	1169	628	1261	1781	1726	318	1170	2746	1267	2518	656	1033	1468	1117	718	1156	696	1503	1483	1434	1059	2558	2204	750	753	925	1038	550	1103	1023	1288	1036	1614	1009	1250	1503	1168	550	1038	628	911	971	653	1266	532	618	702	1233	1227	1332	951	720	600	1343	2681	1157	1863	1046	1340	1497	893	751	1440	506	1192	1356	1361	1365	1039	1228	554	1895	893	1410	1299	1478	1196	1087	1234	141	1191	1694	1546	898	1031	910	934	274	713	1715	1012	1433	1335	1339	806	561	1060	1139	1901	1457	781	1145	982	1308	1082	708	1269	1200	1673	1282	938	720	1035	1556	940	532	1447	781	1121	1461	1364	290	1381	772	1440	820	1242	587	1031	158	1489	1265	1441	2637	1037	1204	1063	1185	195	252	1288	2388	911	1838	1249	931	1249	691	780	1213	1266	1563	1438	952	510	1939	1185	1134	1495	751	1099	1249	943	882	1127	713	2287	1333	240	1339	606	2502	1436	1109	1182	704	1305	1377	1671	1080	1150	925	686	539	924	813	772	1956	1195	1213	1288	49	43	1025	1156	150	1480	1263	1518	49	728	1735	2175	382	962	1074	2936	1162	1111	1345	1295	2688	1347	1269	1091	2433	770	1180	1115	1155	694	1831	962	1299	962	1426	1628	1498	2524	948	746	1381	1130	1432	1489	1545	1339	103	1186	1355	1371	1707	726	109	1446	1436	735	630	1191	1376	625	2310	613	1064	894	1248	1361	1104	1445	862	2940	964	780	1365	758	2988	2306	961	1253	1472	964	1173	862	2408	1218	425
2929	1509	2808	2877	2207	3094	2592	2865	3568	2789	3289	1853	0	1266	2268	3017	2262	3107	3598	3472	2155	3014	4597	3120	676	1973	2873	636	2970	1188	2996	2526	3316	3253	3286	1026	4410	4047	1381	2589	2727	2889	2327	2954	2865	3126	2882	2109	1982	3095	3328	3000	2327	2884	2262	2764	2782	2263	3111	1534	2441	1357	3037	3075	3185	2729	2549	2425	3177	4487	2993	3574	2892	3188	3342	2745	2599	3211	1546	3043	3198	3145	3207	2887	3072	1467	3721	2730	1795	1762	3328	3021	2857	3083	1713	3018	3504	3368	2674	2882	2713	2712	1866	2543	3562	870	3285	3183	2086	2589	2207	2909	2985	490	3306	2343	2968	2226	3141	2171	2488	3122	3051	3510	3135	2771	2549	2882	1839	2764	2084	3298	1815	2942	3312	3211	2122	3213	2621	3292	2672	3043	2277	2875	2000	614	3118	3276	863	2881	3056	2912	3015	1660	1835	2260	1282	2700	3674	3102	2782	3102	1778	2629	3059	3119	3396	3211	2804	2130	3732	3015	720	3340	2599	2949	3094	2796	2735	2979	2543	4102	3181	2090	3187	1562	4350	3288	2961	3012	2490	3137	3224	3516	2542	3003	2485	2531	2389	2703	2385	2621	383	3020	3059	3141	1805	1839	2877	2996	1739	3330	3116	2078	1805	2568	3475	3978	2090	2808	2478	4789	2534	846	2356	3129	4515	3187	2575	1095	4234	1123	3032	2966	3008	2378	2469	2808	2318	2741	3275	3468	3315	4373	2474	2464	3206	2982	3283	3334	3354	3192	1750	3038	3197	3219	573	2555	1951	3298	3287	2576	2207	1033	3224	2478	682	2254	2910	1673	3099	3209	2939	3296	2517	4605	2798	2629	3207	2414	4835	557	2814	3106	2718	2798	3019	2605	4158	2892	2244
1713	328	1561	1639	1152	1892	1617	1667	2355	1527	2048	650	1266	0	1278	1807	1000	1857	2333	2373	969	1813	3349	1887	1942	1080	1678	818	1740	77	1801	1346	2052	2132	2045	417	3184	2843	267	1402	1464	1650	1065	1737	1667	1870	1677	1337	898	1845	2066	1816	1065	1680	1000	1531	1520	1233	1907	285	1186	195	1772	1828	1951	1463	1371	1251	1990	3221	1804	2505	1687	1942	2091	1524	1393	2089	290	1803	1945	1879	1953	1643	1822	611	2459	1540	1048	950	2112	1845	1735	1871	530	1840	2239	2105	1409	1642	1450	1446	602	1363	2351	558	2045	1936	1149	1454	1152	1699	1779	1424	2058	1093	1795	1422	1955	1063	1223	1895	1811	2252	1906	1516	1371	1676	1176	1590	824	2080	662	1771	2094	1963	941	2028	1414	2050	1455	1778	1199	1674	809	840	1886	2018	2004	1680	1835	1669	1834	490	749	1221	1755	1435	2482	1872	1544	1872	981	1421	1810	1887	2137	2088	1581	866	2466	1834	588	2089	1393	1735	1891	1569	1516	1758	1363	2935	1934	888	1940	753	3134	2046	1742	1831	1351	1879	2016	2264	1626	1780	1242	1331	1182	1438	1135	1414	1445	1845	1810	1909	602	624	1639	1801	591	2112	1884	1257	602	1375	2381	2826	988	1561	1596	3556	1347	465	1308	1871	3334	1932	1415	871	3083	445	1813	1748	1773	1309	1645	1561	1262	1476	2063	2212	2052	3154	1237	1375	1945	1759	2064	2083	2089	1958	563	1798	1943	1973	1267	1377	760	2076	2045	1328	949	561	1978	1249	1665	991	1706	616	1882	1962	1751	2054	1257	3579	1612	1421	1953	1365	3621	1675	1592	1875	1591	1612	1814	1339	3057	1636	1076
938	1379	1013	1004	174	1017	2324	827	1464	1152	1333	721	2268	1278	0	981	1169	1245	1799	1213	538	952	2557	1154	2878	313	824	2037	1031	1326	916	556	1568	1015	1332	1693	2292	1889	1444	613	1142	1019	966	958	827	1308	862	2327	1709	1235	1532	890	966	858	1169	902	1152	90	1041	1240	902	1385	1369	1199	1215	1210	561	501	1048	2658	898	1306	870	1286	1442	835	690	975	1214	1134	1342	1514	1353	1048	1223	804	1876	704	2132	2020	1262	888	649	1038	779	890	1739	1578	1176	1020	1128	1198	977	565	1455	1403	1325	1285	2042	464	174	897	943	2163	1387	1325	837	367	1015	1752	1048	1134	1142	1636	1152	1062	561	863	2278	680	1161	1241	1495	809	1253	1316	532	1074	702	1338	774	1381	206	841	611	2054	1152	1445	3114	845	1056	1059	894	802	532	1960	3027	1162	1510	1133	946	1130	522	712	1202	1152	1558	977	881	1106	1997	894	1578	1441	690	943	1022	894	819	991	565	1881	1282	608	1289	707	2206	1337	970	893	417	1340	1146	1591	359	1020	1431	630	618	1189	1341	702	2256	886	1202	1169	754	764	1004	916	702	1270	1150	2229	754	622	1213	1746	346	1013	357	2679	1725	1686	2003	1330	2305	1345	1845	1247	1995	1159	1025	975	1079	200	2520	1013	1960	1217	1202	1584	1551	2239	1471	285	1428	1006	1233	1435	1612	1219	759	1126	1341	1311	1948	565	637	1255	1336	899	1212	1840	1312	739	2832	1154	878	1615	1069	1308	851	1348	1308	2347	739	712	1353	183	2671	2787	882	1137	2043	739	966	1205	1893	1557	466
101	1720	355	251	920	93	2083	160	551	539	355	1169	3017	1807	981	0	1048	335	840	766	861	47	1611	188	3675	1264	159	2625	154	1880	88	501	659	533	354	2195	1393	1036	1837	434	593	254	838	80	160	415	135	2325	1730	331	602	145	838	135	1048	306	547	921	101	1616	684	1812	582	294	239	669	481	601	218	1678	118	943	125	334	474	287	418	506	1594	225	410	699	419	293	333	1603	902	298	2257	2155	312	188	428	65	1307	178	797	644	685	265	593	672	1239	484	545	2160	346	336	2019	517	920	108	37	3018	416	1123	202	1309	193	1664	745	158	228	664	177	455	481	136	2394	300	1182	283	1630	218	296	364	895	255	397	360	353	593	840	147	1018	2647	186	509	3806	142	85	276	164	1358	1200	1838	3482	645	678	167	319	163	1459	389	314	185	604	500	236	1107	1047	164	2297	473	418	75	89	256	293	81	484	1145	334	929	340	1566	1333	359	83	161	586	452	208	612	1050	89	1120	486	629	670	1106	397	3089	191	314	197	1218	1189	251	88	1277	315	184	2229	1218	451	784	1054	963	355	1128	1776	1410	2272	1832	444	1529	421	1523	2131	1306	1907	59	79	178	785	2380	355	1805	665	257	612	635	1356	1171	695	530	98	269	467	699	242	1269	219	409	352	2811	475	1067	288	359	535	1127	2308	352	561	3473	1043	110	1813	89	354	140	371	967	1961	244	389	419	800	1819	3475	224	172	1673	244	29	783	1352	955	778
948	780	710	812	997	1142	1167	965	1534	595	1171	628	2262	1000	1169	1048	0	961	1362	1780	633	1075	2416	1049	2939	1228	982	1748	925	1076	1084	797	1084	1528	1167	1294	2302	2017	912	807	525	816	236	968	965	949	954	1293	683	951	1111	1124	236	960	0	743	587	1081	1147	729	381	916	807	947	1102	496	816	761	1265	2232	1101	1947	961	1052	1176	780	739	1491	716	948	1030	894	1036	791	926	1170	1493	895	1208	1107	1301	1169	1205	1099	729	1160	1264	1146	446	805	516	481	434	806	1533	1514	1171	1045	986	979	997	959	1035	2408	1158	159	1135	1507	1236	642	306	1071	954	1309	1076	627	816	951	1346	975	179	1266	597	1123	1279	1066	645	1303	752	1171	743	810	971	964	617	1773	1048	1082	2953	970	1037	817	1148	774	863	839	2485	482	1701	1040	729	1042	1306	752	922	1050	1191	1486	818	137	1476	1148	1582	1175	739	975	1137	794	782	974	806	2176	1044	578	1048	1234	2274	1166	966	1144	910	948	1235	1342	1488	985	296	725	618	475	186	752	2440	1170	922	1070	647	603	812	1084	773	1295	1047	1195	647	773	1795	2098	850	710	1514	2653	559	1430	861	942	2530	1013	677	1685	2344	1307	1027	971	940	1042	1404	710	823	508	1266	1278	1089	2285	322	1037	997	966	1248	1169	1117	1109	702	946	1029	1081	2234	818	625	1252	1165	517	79	1372	1087	567	2589	15	981	787	1094	1068	1061	1171	259	3001	958	752	1036	1110	2754	2632	830	1042	877	958	1067	356	2400	639	708
322	1711	299	251	1151	382	1859	440	590	367	210	1261	3107	1857	1245	335	961	0	557	1037	992	382	1492	169	3776	1499	450	2659	219	1933	424	703	332	832	206	2213	1344	1060	1838	639	437	237	804	310	440	79	401	2166	1610	11	287	480	804	407	961	368	376	1173	367	1628	671	1826	275	46	178	486	692	789	488	1445	454	1215	395	91	235	419	579	814	1609	116	100	370	110	224	35	1760	650	543	2143	2049	387	521	759	323	1403	512	493	333	525	240	446	496	1258	691	591	2274	212	84	1867	788	1151	368	362	3158	201	989	537	1594	481	1512	663	210	110	416	198	344	692	399	2272	585	1125	356	1558	552	366	106	1027	511	561	211	490	284	1074	425	1129	2683	170	201	3859	424	253	203	498	1457	1354	1663	3446	485	776	181	336	186	1678	551	48	172	319	807	366	1055	751	498	2391	234	579	328	373	358	435	279	691	1246	82	1037	87	1748	1313	205	297	495	829	116	379	409	1364	255	943	651	755	500	962	561	3217	524	48	178	1307	1270	251	424	1392	376	171	2076	1307	638	1058	1191	1149	299	1437	1705	1199	2318	1642	109	1575	99	1302	2303	1420	2029	276	295	173	1044	2177	299	1622	476	379	368	310	1325	992	964	196	260	339	227	374	184	1365	124	98	120	2959	687	1174	331	205	530	1039	2309	126	643	3509	961	396	1748	291	107	468	209	804	2164	522	551	110	1074	1794	3531	363	179	1427	522	363	627	1531	681	939
862	2142	835	808	1709	841	1968	978	680	810	493	1781	3598	2333	1799	840	1362	557	0	1325	1534	880	1077	654	4273	2056	985	3109	767	2411	922	1261	281	1199	493	2655	1053	942	2273	1196	870	793	1270	845	978	505	941	2387	1918	568	280	969	1270	946	1362	922	816	1729	819	2081	1166	2273	561	601	602	872	1249	1345	891	901	948	1485	933	514	366	976	1136	1198	2065	664	458	471	447	774	584	2301	136	1095	2433	2355	671	996	1262	798	1920	989	99	235	926	795	884	888	1732	1248	689	2789	503	514	2112	1338	1709	906	875	3682	424	1332	1030	2142	904	1779	1109	682	656	190	663	842	1249	939	2546	1127	1541	666	1929	1052	663	483	1569	893	1118	488	1047	556	1632	963	1660	3133	655	356	4314	961	756	756	978	1975	1898	1881	3812	898	860	675	886	679	2235	1108	603	656	240	1191	924	1483	209	978	2892	367	1136	861	833	916	992	811	1248	1217	517	1570	510	2297	1074	487	832	977	1384	482	755	282	1890	783	1231	1207	1302	897	1295	1118	3733	999	603	643	1823	1783	808	922	1920	656	657	2308	1823	1196	1348	1230	1703	835	1969	1347	1392	2782	1834	492	1414	458	1460	2846	1389	2551	787	828	720	1598	2314	835	1827	860	713	238	283	1067	1268	1515	400	795	662	373	245	600	1883	672	459	491	3487	1244	1702	638	487	1047	1431	2734	490	1182	3952	1367	929	2119	762	492	980	475	1136	2233	1065	1108	447	1625	1500	3991	920	670	1518	1065	862	1006	1600	832	1491
855	2361	1119	1017	1266	681	2849	815	659	1305	906	1726	3472	2373	1213	766	1780	1037	1325	0	1412	727	1573	869	4091	1523	798	3181	918	2437	706	1050	1280	253	909	2786	1237	825	2463	1010	1359	1020	1552	841	815	1109	830	3071	2462	1038	1205	659	1552	824	1780	1048	1313	1209	687	2238	1400	2423	1311	1011	863	1436	1026	1135	557	1904	685	178	825	982	1025	1002	1055	293	2214	959	1063	1398	1068	1059	1051	2004	1309	893	2977	2872	685	613	638	738	1843	622	1336	1230	1450	1031	1358	1438	1878	1035	648	2602	897	988	2764	920	1266	832	766	3375	980	1873	644	1380	575	2413	1490	830	958	1140	839	1220	1026	833	3119	821	1890	705	2332	658	702	999	1437	528	1039	910	1037	1321	1200	817	1569	3201	869	1127	4308	812	815	1041	635	1886	1656	2594	4113	1410	536	862	1074	858	1730	1037	1038	867	1157	296	970	1814	1520	635	2768	1026	1055	829	689	997	998	848	1035	708	988	1499	989	1918	1125	914	847	639	1022	1143	658	1043	1030	850	1883	1093	1238	1436	1860	1039	3469	611	1038	858	1774	1758	1017	706	1789	701	868	2974	1774	1043	22	560	1400	1119	1116	1601	2176	2823	2593	1139	1127	1083	2289	2458	792	2352	809	844	929	1095	3142	1119	2565	1431	669	1101	1252	1167	1934	1013	1192	863	718	1023	1306	859	1810	955	1063	977	3159	1021	1617	736	915	1265	1856	2917	972	1231	4007	1772	806	2504	761	988	720	922	1728	1229	826	1037	1068	1058	1533	3978	958	864	2438	826	740	1546	688	1708	1301
775	957	699	745	365	939	1786	710	1412	761	1151	318	2155	969	538	861	633	992	1534	1412	0	859	2457	975	2814	621	719	1786	826	1037	842	378	1266	1166	1149	1376	2255	1893	1053	437	726	759	446	800	710	1031	727	1817	1192	981	1254	852	446	728	633	627	758	451	956	829	429	1011	1014	954	1041	774	402	281	1028	2433	842	1553	736	1063	1224	596	444	1123	804	909	1091	1152	1101	767	961	768	1640	577	1650	1539	1173	878	774	927	449	874	1454	1299	728	754	710	759	490	395	1406	1299	1146	1059	1523	494	365	753	829	2170	1180	790	827	876	992	1219	562	973	918	1408	987	700	402	726	1796	622	626	1143	998	803	1157	1090	34	1065	466	1155	521	1024	349	720	160	1807	973	1183	2951	725	904	789	869	498	363	1427	2700	728	1524	956	656	955	746	474	944	974	1306	1122	656	569	1708	869	1435	1223	444	794	939	651	584	826	395	1969	1057	89	1063	765	2194	1151	807	865	394	1052	1068	1395	873	852	905	375	239	748	809	466	2235	878	944	995	367	347	745	842	415	1175	971	1718	367	414	1421	1857	226	699	889	2636	1190	1429	1466	1042	2373	1085	1309	1312	2114	1049	878	813	867	438	1990	699	1424	784	1119	1361	1257	2218	941	464	1134	831	1128	1216	1309	1048	412	903	1089	1094	1968	408	210	1144	1151	497	673	1504	1098	352	2627	617	754	1143	944	1085	788	1161	795	2631	648	474	1101	507	2680	2620	664	960	1509	648	863	727	2091	1095	113
128	1733	392	289	899	79	2121	149	554	579	390	1170	3014	1813	952	47	1075	382	880	727	859	0	1626	231	3670	1240	142	2631	199	1884	43	491	704	490	390	2204	1400	1034	1849	426	632	294	860	114	149	462	135	2356	1757	378	646	97	860	132	1075	331	587	896	97	1627	706	1822	629	342	277	709	470	592	191	1708	71	903	126	378	513	303	420	463	1604	272	456	746	465	334	381	1592	938	286	2283	2181	322	140	384	86	1306	130	840	687	722	304	630	711	1251	474	548	2154	381	380	2049	492	899	118	40	3008	455	1154	156	1275	161	1695	774	198	276	701	217	493	470	136	2421	276	1204	296	1652	173	309	407	892	229	398	396	362	640	818	139	1017	2653	229	554	3808	133	130	318	116	1357	1192	1871	3496	682	670	211	350	207	1438	391	361	228	645	456	257	1129	1087	116	2294	512	420	102	79	280	306	124	474	1131	379	930	384	1551	1335	395	120	113	566	499	210	645	1010	136	1156	484	631	709	1139	398	3081	144	361	238	1219	1191	289	43	1275	327	227	2260	1219	446	745	1036	951	392	1089	1784	1448	2277	1868	492	1521	467	1562	2117	1289	1901	106	117	225	759	2416	392	1840	705	264	649	680	1360	1207	668	576	142	285	507	744	280	1269	266	455	395	2800	464	1066	305	395	559	1153	2319	394	572	3478	1069	106	1834	119	397	102	407	1002	1929	225	391	465	771	1820	3477	245	216	1714	225	19	819	1325	999	771
1686	3189	1789	1720	2523	1552	3005	1771	1092	1831	1308	2746	4597	3349	2557	1611	2416	1492	1077	1573	2457	1626	0	1482	5264	2858	1768	4147	1631	3425	1656	2112	1339	1628	1311	3697	365	750	3318	2044	1899	1708	2290	1662	1771	1480	1746	3455	2995	1503	1304	1672	2290	1746	2416	1835	1839	2511	1531	3114	2162	3311	1610	1521	1416	1919	2092	2211	1509	620	1668	1641	1736	1408	1258	1860	2015	1655	3096	1554	1404	1543	1396	1709	1527	3213	940	1910	3510	3432	1305	1669	1914	1546	2887	1667	1176	1272	1970	1715	1911	1934	2749	2095	1101	3755	1313	1414	3185	2111	2523	1715	1647	4626	1291	2402	1721	2835	1541	2855	2139	1485	1545	1106	1470	1833	2092	1746	3621	1901	2591	1330	2997	1749	1317	1386	2492	1482	1994	1305	1935	1607	2443	1759	2605	4171	1484	1337	5349	1754	1556	1684	1665	2941	2808	2952	4885	1937	1081	1501	1814	1502	3060	1985	1539	1483	1224	1650	1801	2527	1047	1665	3879	1259	2015	1671	1549	1806	1873	1634	2095	962	1416	2514	1410	3177	491	1309	1653	1667	2192	1474	1419	1084	2511	1607	2307	2087	2218	1941	2366	1994	4693	1671	1539	1461	2793	2758	1720	1656	2869	1299	1486	3378	2793	2058	1590	1094	2575	1789	2600	312	2465	3809	2900	1482	771	1417	2525	3743	1029	3506	1584	1648	1592	2374	3355	1789	2896	1907	1363	1141	1330	445	2345	2280	1419	1627	1342	1266	1312	1409	2849	1559	1405	1377	4421	2086	2652	1323	1310	2022	2489	3786	1372	2121	4995	2419	1721	3188	1523	1388	1720	1300	2205	1808	1852	1985	1396	2374	547	5022	1793	1497	2560	1852	1617	2060	1342	1908	2384
217	1769	342	249	1080	216	2007	327	486	478	182	1267	3120	1887	1154	188	1049	169	654	869	975	231	1482	0	3784	1427	332	2700	149	1961	274	642	475	662	180	2260	1296	974	1892	574	544	241	865	196	327	247	292	2291	1717	169	415	326	865	296	1049	356	487	1090	199	1675	718	1873	441	141	66	607	626	738	318	1506	302	1048	284	147	289	378	535	644	1655	103	226	539	235	258	182	1734	721	454	2249	2152	253	362	615	159	1407	353	609	456	637	250	549	615	1300	627	484	2273	175	149	1988	690	1080	257	222	3145	233	1098	386	1490	312	1632	743	40	98	482	30	422	626	291	2382	475	1201	218	1644	405	231	176	1009	342	515	186	453	451	1001	313	1123	2722	1	323	3891	309	103	232	340	1460	1328	1793	3520	595	654	21	344	25	1617	505	169	2	416	637	318	1128	859	340	2400	288	535	211	206	324	390	163	627	1129	148	1032	153	1708	1250	184	184	338	748	283	216	439	1238	134	1070	608	735	616	1075	515	3210	366	169	22	1314	1281	249	274	1387	246	3	2198	1314	583	890	1060	1104	342	1315	1670	1341	2351	1778	277	1483	240	1447	2271	1299	2023	133	180	114	956	2318	342	1755	600	227	430	450	1268	1120	869	352	151	200	282	513	73	1369	103	226	164	2941	620	1170	202	184	567	1129	2364	164	642	3550	1046	277	1832	124	166	328	195	923	2015	415	505	235	977	1737	3562	310	16	1582	415	212	740	1388	841	905
3589	2182	3477	3544	2836	3749	3207	3520	4224	3463	3955	2518	676	1942	2878	3675	2939	3776	4273	4091	2814	3670	5264	3784	0	2572	3528	1262	3634	1865	3649	3179	3991	3882	3953	1688	5068	4698	2053	3244	3402	3556	3002	3614	3520	3797	3539	2691	2634	3765	4001	3650	3002	3540	2939	3429	3457	2883	3767	2210	3113	2032	3712	3744	3850	3405	3201	3077	3827	5163	3645	4182	3549	3857	4012	3408	3258	3840	2222	3710	3869	3821	3878	3556	3742	2095	4395	3384	2391	2374	3987	3669	3491	3740	2377	3666	4179	4042	3350	3549	3388	3388	2541	3196	4218	1515	3951	3852	2708	3230	2836	3567	3642	759	3974	3018	3615	2789	3791	2824	3163	3785	3718	4182	3799	3443	3201	3539	2411	3413	2761	3957	2481	3588	3971	3881	2780	3862	3280	3958	3333	3718	2909	3531	2661	1237	3782	3948	579	3536	3718	3580	3664	2323	2481	2897	1499	3375	4322	3766	3449	3765	2369	3288	3728	3783	4069	3841	3467	2807	4408	3664	1385	4010	3258	3608	3749	3460	3396	3640	3196	4739	3850	2752	3856	2172	5005	3954	3621	3661	3133	3810	3880	4186	3123	3665	3160	3189	3050	3379	3060	3280	638	3668	3728	3805	2471	2506	3544	3649	2398	3989	3781	2673	2471	3224	4092	4611	2732	3477	3052	5450	3198	1518	2993	3801	5157	3858	3232	1648	4865	1768	3692	3627	3673	3006	3047	3477	2957	3417	3932	4140	3990	5030	3147	3094	3880	3644	3942	4004	4029	3857	2415	3704	3867	3888	967	3207	2613	3958	3954	3246	2883	1674	3893	3143	758	2931	3566	2331	3758	3878	3590	3963	3193	5187	3450	3288	3878	3035	5488	557	3476	3770	3367	3450	3675	3281	4772	3568	2898
1210	1246	1240	1249	347	1310	2330	1105	1767	1349	1609	656	1973	1080	313	1264	1228	1499	2056	1523	621	1240	2858	1427	2572	0	1105	1787	1294	1116	1207	795	1810	1329	1608	1482	2600	2200	1286	860	1325	1265	1066	1231	1105	1555	1137	2256	1663	1488	1783	1187	1066	1135	1228	1138	1347	347	1332	1107	1045	1219	1586	1455	1491	1382	807	715	1350	2933	1192	1609	1146	1550	1710	1080	922	1288	1083	1394	1599	1730	1609	1287	1473	531	2143	973	2027	1918	1557	1189	960	1325	655	1190	1989	1828	1340	1264	1310	1368	931	808	1759	1118	1602	1548	1990	749	347	1172	1226	1852	1657	1387	1136	345	1317	1738	1182	1411	1403	1904	1429	1270	807	1138	2170	964	1173	1534	1427	1109	1547	1580	598	1379	939	1614	1011	1597	426	1119	612	1801	1426	1700	2826	1123	1334	1303	1192	658	408	1945	2799	1335	1820	1406	1179	1403	209	949	1453	1426	1817	1290	1132	1135	2247	1192	1300	1709	922	1218	1314	1141	1064	1264	808	2195	1545	654	1552	413	2517	1612	1243	1191	679	1584	1441	1867	578	1293	1515	854	792	1358	1412	939	1947	1187	1453	1444	670	697	1249	1207	574	1564	1424	2161	670	860	1522	2059	397	1240	529	2988	1785	1446	2000	1574	2618	1598	1899	935	2307	885	1303	1248	1341	484	2486	1240	1955	1391	1497	1852	1796	2549	1547	578	1671	1276	1525	1702	1854	1496	650	1387	1597	1577	1636	812	614	1546	1611	1083	1252	1634	1579	921	2557	1212	1157	1515	1353	1572	1142	1623	1414	2633	1019	949	1609	489	2984	2501	1136	1411	2101	1019	1253	1347	2199	1714	604
128	1610	353	271	761	221	2068	18	697	549	509	1033	2873	1678	824	159	982	450	985	798	719	142	1768	332	3528	1105	0	2497	233	1749	123	349	782	548	508	2073	1542	1174	1723	284	589	282	758	141	18	525	51	2273	1665	443	733	145	758	44	982	257	555	762	240	1500	604	1694	656	404	391	670	327	450	312	1834	127	968	55	471	622	203	286	513	1477	333	539	788	548	324	437	1450	1054	144	2184	2080	464	187	321	221	1168	179	934	777	673	289	584	669	1125	332	690	2012	501	471	1966	360	761	82	121	2865	565	1076	155	1157	277	1615	692	310	340	815	328	451	327	54	2325	143	1099	437	1545	148	451	502	752	351	266	514	244	669	680	27	878	2518	330	641	3670	26	232	318	168	1218	1049	1798	3373	636	805	311	292	307	1300	260	416	330	745	508	180	1023	1188	168	2153	621	286	123	222	208	200	174	332	1259	469	792	475	1409	1477	513	154	164	427	561	353	767	914	202	1095	347	496	665	1064	266	2938	188	416	346	1082	1055	271	123	1134	469	328	2176	1082	305	814	1157	808	353	988	1927	1396	2142	1801	552	1656	546	1513	1975	1413	1759	201	157	276	627	2351	353	1771	669	407	762	760	1502	1146	538	646	191	425	614	824	395	1131	326	538	494	2657	321	928	445	512	466	1059	2191	494	450	3342	975	55	1724	248	493	80	524	940	2019	85	260	548	645	1961	3339	170	315	1676	85	150	762	1430	990	629
2530	968	2368	2451	1934	2711	1958	2486	3172	2316	2856	1468	636	818	2037	2625	1748	2659	3109	3181	1786	2631	4147	2700	1262	1787	2497	0	2554	749	2620	2164	2829	2944	2853	454	3995	3661	836	2221	2250	2460	1857	2554	2486	2666	2496	1474	1373	2648	2851	2635	1857	2499	1748	2345	2309	2007	2725	1032	1989	836	2550	2634	2763	2237	2189	2067	2809	3979	2623	3306	2505	2746	2890	2341	2211	2900	1050	2612	2743	2643	2751	2451	2624	1256	3239	2359	1158	1126	2929	2664	2545	2689	1341	2659	3012	2888	2184	2452	2237	2221	1401	2181	3167	733	2853	2740	1454	2264	1934	2518	2597	1033	2861	1803	2613	2099	2774	1563	2009	2709	2621	3043	2719	2315	2189	2495	1206	2408	1569	2896	1235	2589	2910	2766	1757	2847	2233	2858	2272	2554	1990	2493	1625	25	2698	2810	1204	2499	2651	2477	2653	1296	1531	1636	1034	2215	3301	2685	2355	2685	1630	2239	2614	2699	2926	2900	2398	1626	3224	2653	547	2889	2211	2553	2709	2384	2333	2575	2181	3754	2738	1707	2744	1387	3949	2853	2559	2649	2162	2672	2834	3063	2362	2596	1936	2150	2000	2214	1844	2233	974	2663	2614	2722	1419	1442	2451	2620	1392	2928	2697	1441	1419	2194	3188	3643	1783	2368	2316	4364	1945	358	1731	2665	4152	2729	1974	1131	3901	913	2630	2565	2585	2099	1833	2368	1695	2250	2880	3006	2832	3968	1917	2172	2732	2575	2879	2883	2864	2770	1376	2608	2742	2777	998	2194	1576	2891	2853	2135	1683	412	2783	2066	850	1743	2525	1074	2699	2766	2570	2861	1990	4373	2431	2239	2751	2149	4436	884	2408	2688	2105	2431	2632	2103	3867	2354	1890
104	1628	216	112	946	237	1933	221	623	388	326	1117	2970	1740	1031	154	925	219	767	918	826	199	1631	149	3634	1294	233	2554	0	1814	233	502	551	687	324	2115	1444	1113	1750	435	446	110	729	97	221	292	182	2188	1602	211	505	291	729	189	925	208	396	962	235	1532	579	1729	435	173	215	519	488	594	363	1640	262	1095	177	255	416	229	389	661	1511	103	312	560	322	143	204	1587	849	327	2131	2032	382	338	549	183	1258	327	710	550	539	120	447	523	1155	488	620	2123	321	254	1883	571	946	150	166	2996	364	987	340	1377	342	1527	619	155	111	609	166	311	488	180	2267	366	1070	347	1515	349	361	285	860	397	369	330	305	446	867	207	974	2576	147	416	3744	206	113	123	313	1311	1181	1696	3384	498	777	132	202	132	1479	359	183	148	527	655	170	996	966	313	2251	415	389	116	229	175	243	75	488	1252	251	882	258	1564	1395	327	85	309	618	328	309	578	1145	67	975	462	586	522	968	369	3061	341	183	170	1165	1132	112	233	1238	379	146	2093	1165	440	937	1173	960	216	1218	1819	1261	2204	1687	319	1619	317	1372	2125	1418	1874	109	86	47	831	2233	216	1662	514	342	558	529	1414	1026	748	413	56	330	408	593	222	1220	96	311	282	2793	482	1021	338	327	427	1005	2222	285	493	3403	921	180	1702	171	278	263	337	824	2102	303	359	322	858	1882	3414	163	135	1520	303	182	639	1485	800	758
1785	384	1637	1714	1205	1964	1664	1738	2428	1604	2123	718	1188	77	1326	1880	1076	1933	2411	2437	1037	1884	3425	1961	1865	1116	1749	749	1814	0	1872	1415	2129	2197	2120	368	3258	2916	301	1471	1541	1724	1141	1810	1738	1946	1749	1362	951	1921	2143	1885	1141	1751	1076	1605	1597	1285	1979	357	1262	236	1849	1904	2026	1540	1439	1318	2060	3298	1874	2566	1758	2017	2167	1597	1464	2153	364	1878	2021	1956	2029	1718	1898	626	2536	1610	1064	971	2185	1914	1799	1944	593	1910	2316	2182	1486	1716	1527	1524	679	1432	2423	498	2120	2012	1187	1518	1205	1771	1851	1353	2134	1168	1864	1453	2025	1120	1301	1969	1886	2329	1980	1592	1439	1748	1187	1659	900	2153	721	1840	2167	2039	1007	2098	1485	2126	1527	1855	1255	1745	876	770	1960	2094	1929	1751	1908	1744	1904	550	801	1272	1702	1512	2554	1946	1618	1946	1003	1492	1886	1961	2214	2152	1654	942	2543	1904	514	2165	1464	1807	1962	1642	1588	1831	1432	3005	2010	957	2015	769	3208	2121	1815	1900	1415	1956	2088	2341	1670	1853	1316	1402	1252	1515	1210	1485	1371	1914	1886	1984	669	693	1714	1872	649	2185	1958	1286	669	1445	2444	2894	1045	1637	1636	3631	1415	393	1360	1948	3405	2008	1480	834	3151	415	1886	1821	1848	1366	1678	1637	1315	1553	2135	2289	2129	3228	1311	1434	2022	1833	2137	2159	2166	2033	627	1873	2020	2048	1199	1445	827	2149	2121	1403	1025	518	2054	1322	1593	1067	1778	659	1955	2037	1821	2129	1333	3638	1682	1492	2029	1419	3695	1600	1665	1949	1654	1682	1886	1416	3121	1712	1142
