NAME : VRPTW_INSTANCE_68.txt
COMMENT : Bangkok Supermarket
TYPE : VRPTW
DIMENSION : 265
DAYS : Thursday
EDGE_WEIGHT_TYPE : EXPLICIT
VEHICLES : 37
EDGE_WEIGHT_FORMAT : FULL_MATRIX
CAPACITY : 1000
EDGE_WEIGHT_SECTION
0	820	215	23	395	403	1221	1651	556	1143	991	349	2939	154	222	400	239	2159	192	981	1089	290	1077	620	423	1095	775	438	590	1081	613	540	395	101	359	23	51	196	199	603	539	1727	725	359	106	113	830	404	208	1788	111	369	593	90	308	759	165	214	217	63	407	197	260	423	496	97	355	504	160	503	1994	101	1016	254	395	46	1392	170	206	189	582	807	1047	599	395	91	829	1612	802	935	612	496	1552	409	363	901	1213	608	202	1346	122	991	287	1063	540	1521	367	415	622	314	124	1185	185	218	993	124	133	196	131	530	185	172	104	199	582	1054	495	379	501	1783	359	1016	309	177	1679	412	356	402	1994	199	428	2011	972	210	194	962	90	288	212	150	737	982	600	650	373	1086	2072	367	283	88	347	410	1010	79	373	369	152	1028	456	1221	1241	497	218	1816	825	815	1231	370	439	395	1390	1118	382	133	1247	1327	362	66	601	637	230	94	2066	106	404	979	349	1064	991	835	202	532	258	59	307	517	408	538	996	202	397	1066	213	793	948	150	290	745	399	532	436	124	123	438	1670	366	481	308	422	37	228	33	1052	153	320	39	390	224	179	425	79	474	124	155	211	2005	223	570	1616	1969	1608	1975	379	110	30	1058	611	672	1183	351	753	411	541	1041	239
820	0	1035	841	425	1223	1350	2471	265	1252	1000	1154	2167	673	668	1221	826	2096	883	527	1112	848	1062	1310	1180	1123	1593	1190	1403	946	1332	1357	425	792	467	841	807	670	924	1198	954	1268	1056	467	903	869	20	1191	1028	1417	725	1157	666	748	1073	335	855	1011	1038	883	1197	1016	593	1180	1310	857	1021	1320	943	936	2072	792	463	915	425	784	1991	970	754	686	994	17	1819	963	425	849	1595	1578	1621	1068	1310	1310	1515	1229	1171	1714	652	989	956	2166	885	1000	1107	1006	1357	909	1157	422	1424	1086	742	373	797	802	1000	869	953	1016	952	1193	797	871	902	786	396	237	1310	1187	953	1360	467	463	1079	875	1080	1208	1166	1189	2072	1019	515	2160	920	1007	934	1075	748	1059	618	830	751	441	941	1434	1187	1327	1493	1179	596	843	1153	1203	189	751	1184	1181	693	320	968	1350	1726	1312	802	1821	1269	546	626	1180	896	425	589	389	1006	953	440	707	1151	885	1045	1448	827	890	1459	903	1193	1076	1156	749	1136	403	956	945	1078	878	1072	1175	423	1206	956	956	431	1086	1034	171	953	937	848	262	428	1203	972	944	713	1194	1003	1178	1296	1075	427	844	869	853	1064	768	1093	859	435	600	1000	1219	751	1169	742	747	1008	2824	1043	1290	2164	1174	2204	2796	1187	914	850	1080	990	1486	599	1155	1535	1200	1207	1016	826
215	1035	0	193	610	191	1295	1436	772	1228	1112	181	3150	363	417	188	326	2245	270	1159	1199	391	1197	528	310	1203	560	325	377	1226	500	336	610	259	575	193	231	398	238	532	611	1901	751	575	161	191	1044	223	30	1946	313	191	755	290	223	966	269	130	34	155	254	19	469	310	297	196	309	301	132	578	2049	259	1219	309	610	251	1259	97	368	386	645	1022	849	676	610	219	638	1708	590	1032	515	297	1650	198	187	698	1412	677	168	1133	178	1112	73	1193	336	1720	224	630	435	216	318	1401	327	351	1115	198	86	34	85	473	327	262	162	345	787	1268	294	200	568	1950	575	1219	216	262	1874	249	176	220	2049	33	628	2047	1108	131	187	1062	290	203	421	253	887	1186	686	479	184	1098	2259	182	486	206	178	253	1225	285	190	182	350	1241	508	1295	1156	296	351	1894	832	1002	1434	189	524	610	1605	1332	356	86	1463	1530	184	154	647	437	317	171	2258	161	252	1081	178	1239	1079	1038	168	606	43	160	222	467	624	476	1128	168	612	1179	31	1007	1075	131	391	956	614	468	483	95	326	322	1873	181	281	220	636	198	317	183	1168	322	218	176	606	436	45	263	285	365	318	335	131	1789	34	462	1494	2184	1470	1761	200	148	185	1170	680	458	1385	185	556	259	479	1166	325
23	841	193	0	416	382	1236	1630	578	1159	1010	333	2962	172	246	380	232	2175	200	993	1107	304	1096	616	415	1113	753	430	567	1102	606	521	416	100	382	0	51	220	201	584	552	1750	716	382	100	96	851	380	187	1810	125	345	614	103	301	782	176	202	197	47	394	175	283	415	478	81	336	485	137	516	2008	100	1040	261	416	60	1371	146	226	212	594	828	1023	613	416	99	805	1630	782	952	607	478	1569	388	347	883	1237	621	181	1326	102	1010	265	1083	521	1545	355	438	606	305	146	1207	202	235	1012	108	113	176	110	529	202	181	98	217	606	1075	476	362	513	1805	382	1040	300	185	1703	398	339	378	2008	179	452	2023	992	199	174	979	103	279	230	140	758	1006	615	636	356	1076	2095	350	307	75	332	397	1031	94	356	351	166	1051	466	1236	1223	479	235	1831	832	839	1255	353	453	416	1412	1142	365	113	1269	1351	338	50	612	619	222	90	2089	100	391	996	333	1087	1007	859	181	545	236	44	300	517	431	537	1016	181	419	1084	193	816	967	127	304	768	421	530	445	105	138	430	1694	349	462	300	445	40	239	17	1070	172	311	17	412	243	159	411	94	453	146	177	199	1983	203	563	1595	1992	1587	1954	362	102	9	1076	624	650	1207	336	730	398	539	1060	231
395	425	610	416	0	798	1212	2046	162	1119	901	732	2561	251	267	795	439	2083	474	686	1015	467	983	923	770	1025	1169	782	981	927	936	932	0	375	60	416	384	259	512	847	644	1462	806	60	480	451	435	776	603	1562	304	741	472	326	659	425	444	589	612	457	779	591	189	770	886	437	634	896	524	617	1985	375	682	515	0	360	1661	548	355	276	690	412	1414	677	0	427	1191	1537	1196	908	920	886	1473	804	748	1291	890	699	543	1741	467	901	682	946	932	1192	738	82	1003	670	323	791	392	405	903	453	528	591	526	812	392	459	478	385	284	660	885	764	627	1535	60	682	664	464	1359	788	743	774	1985	594	229	2038	848	585	523	927	326	643	199	421	615	649	663	1019	763	1141	1765	756	207	424	730	784	614	327	760	757	276	653	621	1212	1442	888	405	1766	976	561	895	756	560	0	999	742	631	528	854	990	735	460	734	1025	437	466	1748	480	774	936	733	825	975	517	543	635	653	453	658	794	65	823	881	543	52	989	608	412	852	517	467	387	49	819	617	519	293	784	1325	754	871	660	106	419	469	428	970	356	678	433	42	179	574	800	328	781	323	334	586	2400	618	893	1859	1581	1878	2371	764	490	425	981	701	1063	851	733	1125	781	825	938	439
403	1223	191	382	798	0	1336	1249	959	1280	1199	129	3322	554	585	5	500	2285	399	1344	1274	507	1280	458	262	1277	384	274	222	1330	411	148	798	450	759	382	422	571	356	590	680	2028	866	759	326	379	1233	214	194	2057	504	209	886	481	251	1134	411	235	185	340	175	210	646	262	119	386	422	116	312	652	2063	450	1383	413	798	441	1213	277	521	557	704	1210	718	745	798	385	530	1761	399	1100	442	119	1706	8	114	508	1568	739	332	943	365	1199	118	1285	148	1875	179	812	263	235	492	1586	476	492	1202	385	269	206	271	448	476	399	328	492	956	1457	115	109	637	2070	759	1383	240	398	2024	156	106	213	2063	203	793	2043	1208	239	354	1130	481	245	612	438	1004	1350	760	324	82	1192	2400	92	658	397	128	167	1412	475	98	91	542	1418	574	1336	1166	116	492	1931	832	1150	1595	103	611	798	1788	1508	474	269	1647	1690	206	338	691	252	493	339	2403	326	178	1151	124	1372	1137	1201	332	678	148	344	252	449	807	445	1224	332	796	1256	189	1188	1167	314	507	1131	799	437	547	278	517	268	2033	94	103	248	816	379	439	369	1248	483	231	365	791	626	223	165	475	411	492	501	238	1605	179	384	1458	2363	1416	1572	109	314	373	1248	741	296	1545	133	439	180	448	1254	499
1221	1350	1295	1236	1212	1336	0	2249	1227	97	352	1208	2625	1248	1058	1339	1452	950	1046	1838	249	932	309	950	1079	238	1630	1071	1541	468	1014	1342	1212	1311	1161	1236	1267	1089	1065	1813	688	1039	1933	1161	1170	1332	1370	1507	1265	942	1264	1480	742	1262	1095	1016	1063	1165	1264	1222	1166	1292	1095	1079	1303	1318	1567	1324	1353	722	779	1311	1024	993	1212	1243	2545	1339	1023	1083	650	1354	2023	624	1212	1139	1861	431	1523	304	967	1303	383	1333	1222	1497	1027	619	1405	1932	1337	352	1310	375	1342	1193	1157	1134	1281	1109	1118	1474	1036	1003	352	1344	1245	1261	1252	903	1036	1062	1170	1023	994	1510	1308	1227	730	1016	1161	1024	1105	1059	1247	1188	1230	1505	779	1262	983	827	439	1164	1405	286	1262	1108	1260	1369	612	1018	620	1216	1253	2293	1458	1244	1058	1310	1210	1176	1434	1248	1237	1244	1283	1218	786	0	2448	1311	1003	599	537	810	1093	1232	783	1212	1541	1262	1600	1245	1483	1138	1474	1220	649	1347	1444	1170	1506	1170	1163	279	1214	715	238	966	1405	693	1307	1219	1095	896	1149	909	405	1405	1160	272	1265	1183	397	1343	932	1087	1163	916	812	1239	1266	1078	1368	1242	1303	1098	1110	1196	1001	1225	294	1074	1111	1236	1169	1243	1256	1184	1248	1658	1118	1080	1164	2580	1267	1012	2786	1913	2751	2481	1227	1179	1233	276	616	1594	1058	1203	1768	1163	907	349	1452
1651	2471	1436	1630	2046	1249	2249	0	2208	2237	2267	1335	4555	1798	1830	1251	1688	3089	1626	2521	2300	1710	2331	1359	1361	2298	882	1357	1073	2433	1302	1126	2046	1684	2009	1630	1665	1819	1582	1490	1786	3159	1825	2009	1575	1608	2480	1301	1444	3137	1747	1332	2075	1724	1440	2372	1646	1474	1434	1589	1311	1455	1894	1361	1175	1619	1524	1161	1534	1773	2769	1684	2610	1620	2046	1687	1345	1505	1757	1804	1785	2458	816	1836	2046	1633	990	2664	859	2129	1347	1175	2627	1244	1317	803	2781	1817	1531	326	1592	2267	1364	2360	1126	3080	1348	2062	1093	1425	1740	2836	1711	1720	2270	1610	1518	1455	1520	1456	1711	1633	1577	1726	2195	2703	1174	1301	1753	3177	2009	2610	1432	1630	3216	1294	1319	1303	2769	1452	2032	2671	2309	1478	1555	2159	1724	1448	1855	1656	2159	2579	1860	1118	1295	1989	3560	1304	1904	1631	1335	1303	2661	1720	1302	1303	1781	2663	1697	2249	1606	1172	1720	2750	1729	2355	2816	1306	1762	2046	3037	2753	1562	1518	2897	2908	1336	1587	1746	1049	1684	1587	3577	1575	1316	2181	1332	2541	2136	2430	1531	1789	1393	1594	1441	1472	2057	1444	2312	1531	2046	2293	1438	2436	2252	1539	1710	2375	2049	1441	1675	1527	1759	1352	3248	1306	1187	1438	2065	1629	1657	1618	2293	1727	1417	1612	2040	1871	1472	1287	1720	1401	1740	1746	1477	357	1429	1327	1532	3610	1394	337	1301	1563	1621	2286	1819	993	2765	1335	1005	1311	1445	2321	1688
556	265	772	578	162	959	1227	2208	0	1131	894	889	2403	413	406	956	589	2055	620	616	1010	594	970	1056	917	1020	1331	928	1143	889	1074	1091	162	536	201	578	546	405	660	986	732	1357	904	201	638	612	277	937	764	1474	466	902	493	488	809	315	591	746	773	618	932	753	329	917	1044	599	785	1055	686	709	1986	536	555	655	162	522	1795	710	493	422	775	254	1573	753	162	583	1349	1516	1356	928	1055	1044	1452	964	905	1448	764	777	703	1902	628	894	843	924	1091	1058	892	161	1158	821	477	629	535	542	896	614	689	752	688	941	535	607	636	525	236	502	1044	921	723	1436	201	555	815	611	1227	943	900	935	1986	755	284	2053	829	742	683	942	488	794	360	580	615	523	734	1170	921	1218	1638	914	335	585	887	938	454	490	918	915	437	499	729	1227	1559	1046	542	1752	1059	493	761	914	661	162	837	587	778	689	692	854	896	620	824	1183	588	625	1616	638	928	948	890	748	997	410	703	723	815	614	808	923	159	953	864	703	166	984	769	260	845	679	594	258	163	950	729	680	455	931	1181	912	1030	810	171	579	608	589	962	503	829	595	169	341	735	954	490	934	477	482	742	2562	779	1032	1985	1420	2011	2531	921	648	586	976	779	1226	720	889	1285	934	955	923	589
1143	1252	1228	1159	1119	1280	97	2237	1131	0	256	1151	2572	1163	972	1283	1371	1018	973	1741	159	856	220	914	1027	147	1588	1020	1489	383	978	1295	1119	1230	1069	1159	1188	1004	994	1739	617	1000	1850	1069	1097	1255	1273	1443	1198	922	1181	1415	648	1180	1034	918	988	1099	1198	1147	1113	1224	1007	1027	1254	1240	1492	1275	1279	651	867	1230	932	922	1119	1163	2483	1268	943	999	583	1257	1977	552	1119	1063	1808	481	1488	213	931	1254	426	1277	1165	1471	943	550	1331	1917	1261	256	1247	286	1295	1123	1101	1040	1241	1049	1037	1380	957	924	255	1267	1174	1194	1181	857	957	988	1097	944	897	1413	1259	1172	660	986	1069	932	1045	985	1186	1135	1173	1441	867	1194	890	922	343	1098	1330	192	1180	1046	1173	1289	515	924	545	1181	1197	2209	1420	1187	969	1232	1152	1123	1338	1166	1181	1188	1199	1124	719	97	2376	1262	924	672	509	713	1008	1176	709	1119	1452	1170	1524	1174	1391	1057	1409	1145	588	1307	1363	1096	1463	1097	1110	183	1156	627	152	869	1331	622	1243	1145	1034	848	1056	864	310	1331	1067	179	1198	1085	300	1270	856	990	1070	871	745	1168	1182	1027	1300	1186	1253	1038	1016	1120	927	1149	200	994	1052	1160	1076	1156	1188	1132	1167	1588	1037	999	1098	2573	1201	972	2722	1838	2691	2479	1172	1107	1157	182	547	1546	972	1146	1715	1110	862	257	1371
991	1000	1112	1010	901	1199	352	2267	894	256	0	1071	2411	983	795	1202	1203	1187	844	1496	115	722	86	910	969	126	1544	966	1419	178	970	1244	901	1067	856	1010	1030	827	874	1594	520	895	1667	856	965	1104	1020	1335	1084	874	1009	1304	433	1012	948	665	852	991	1086	1007	1049	1105	815	969	1198	1088	1346	1218	1140	547	1091	1067	680	804	901	1003	2370	1135	784	825	503	1005	1916	458	901	922	1728	638	1467	151	923	1198	574	1199	1088	1475	712	468	1189	1942	1112	0	1145	92	1244	928	1028	820	1214	964	874	1126	808	777	2	1115	1046	1078	1053	825	808	855	965	793	658	1157	1201	1097	563	909	856	680	959	854	1018	1071	1093	1333	1091	1079	675	1164	90	989	1184	130	1012	955	982	1128	285	671	440	1167	1119	2021	1307	1109	777	1078	1072	1058	1082	1000	1105	1110	1020	870	626	352	2232	1204	777	864	565	457	775	1099	591	901	1207	918	1372	1046	1139	834	1297	1006	531	1275	1196	961	1337	965	1044	114	1076	393	186	613	1189	521	1135	1004	947	812	836	835	62	1189	849	89	1086	831	49	1130	722	737	852	840	653	1039	1008	973	1109	1107	1193	951	795	974	797	1003	68	838	969	1014	859	963	1069	1070	1000	1457	874	837	990	2615	1090	952	2601	1623	2583	2533	1097	977	1009	82	466	1485	735	1067	1638	1047	834	55	1203
349	1154	181	333	732	129	1208	1335	889	1151	1071	0	3224	503	496	132	505	2158	292	1324	1144	390	1152	360	146	1147	494	160	348	1204	325	209	732	421	687	333	382	487	248	678	551	1906	925	687	252	363	1166	315	163	1931	459	299	768	437	124	1038	311	142	154	286	74	196	564	146	159	365	478	174	312	524	1940	421	1280	296	732	393	1339	277	422	472	575	1143	845	615	732	305	659	1632	475	970	345	159	1577	127	18	559	1460	609	349	1019	352	1071	136	1157	209	1765	55	735	273	107	412	1509	376	386	1073	372	225	172	231	329	376	297	254	391	860	1391	160	33	508	1946	687	1280	113	295	1912	68	22	314	1940	170	697	1925	1081	146	368	1001	437	121	561	427	881	1248	631	304	48	1265	2282	37	571	372	2	72	1342	428	35	38	500	1328	445	1208	1278	163	386	1804	710	1038	1490	29	485	732	1705	1418	527	225	1567	1584	294	283	562	294	497	265	2288	252	73	1022	5	1253	1008	1099	349	549	155	290	124	328	732	329	1096	349	723	1127	158	1104	1039	310	390	1040	726	321	418	231	472	156	1927	36	147	120	735	317	327	317	1119	393	102	316	719	572	185	82	427	501	412	413	146	1692	150	290	1582	2275	1543	1650	33	243	324	1119	612	417	1440	5	568	79	332	1126	505
2939	2167	3150	2962	2561	3322	2625	4555	2403	2572	2411	3224	0	2811	2737	3321	2990	2549	2931	2419	2437	2844	2384	3234	3195	2445	3706	3200	3527	2234	3281	3433	2561	2936	2584	2962	2939	2753	2975	3363	2797	1598	3181	2584	2997	3011	2166	3336	3136	1756	2864	3301	2486	2884	3115	2187	2914	3089	3144	2995	3244	3133	2681	3195	3383	2997	3186	3398	3083	2803	2827	2936	1944	2935	2561	2912	4139	3104	2803	2766	2809	2183	3976	2760	2561	2937	3753	2431	3697	2563	3243	3383	2413	3326	3242	3757	1780	2783	3105	4233	3027	2411	3217	2330	3433	1496	3208	2525	3463	3131	2833	1799	2849	2837	2410	3014	3064	3125	3065	3124	2849	2927	2995	2833	2366	1977	3384	3257	2824	1651	2584	1944	3124	2929	1393	3261	3241	3334	2827	3127	2529	3008	2340	3085	3085	2541	2884	3108	2761	2983	2424	1976	2733	3445	3266	3371	1203	3257	2665	2983	3224	3252	1989	2883	3258	3258	2838	1911	2873	2625	3845	3387	2837	2579	2968	2204	1740	3253	2803	2561	1579	1821	3173	3064	1729	1650	3294	2996	2857	3506	2990	2985	1136	2997	3239	2523	3227	2055	2591	2125	3105	2792	3191	2991	3114	3106	2533	3137	2352	3105	2547	2430	3141	2149	2405	3075	2844	2194	2545	3138	2892	3055	2853	3205	1319	3255	3371	3117	2516	2952	2898	2970	2418	2838	3138	2978	2555	2741	3109	3268	2883	3334	2833	2821	3086	4912	3150	3250	4290	1002	4346	4858	3257	3009	2969	2433	2782	3609	1791	3223	3686	3244	3137	2370	2990
154	673	363	172	251	554	1248	1798	413	1163	983	503	2811	0	190	551	228	2167	300	833	1089	355	1069	754	569	1096	919	583	730	1050	753	694	251	125	228	172	133	159	323	641	593	1655	686	228	255	200	682	525	360	1733	52	490	558	74	454	649	267	366	370	218	560	344	175	569	650	186	407	658	273	559	2027	125	909	358	251	112	1452	297	237	165	640	660	1165	645	251	216	943	1618	954	950	747	650	1555	560	518	1056	1112	659	295	1497	216	983	436	1045	694	1419	520	289	777	461	150	1042	247	276	985	203	285	348	282	655	247	280	253	252	481	905	649	533	562	1718	228	909	456	285	1582	566	511	523	2027	351	348	2058	950	362	276	975	74	434	58	179	710	875	640	803	528	1045	1982	522	211	172	502	564	863	78	528	523	38	900	530	1248	1266	651	276	1832	906	738	1124	525	494	251	1251	990	416	285	1106	1220	484	220	670	791	222	242	1971	255	556	989	504	998	1012	733	295	585	406	214	453	640	278	665	979	295	264	1065	365	661	937	265	355	624	266	659	516	277	42	584	1560	521	635	454	302	186	318	187	1048	200	468	190	256	72	332	579	78	548	150	185	363	2151	375	710	1664	1833	1669	2125	533	262	181	1056	662	812	1078	505	875	563	667	1029	227
222	668	417	246	267	585	1058	1830	406	972	795	496	2737	190	0	584	408	1977	215	942	899	203	881	656	511	907	969	522	792	871	670	704	267	276	210	246	247	32	256	810	414	1504	877	210	260	327	682	624	400	1569	214	588	378	219	405	549	188	355	407	266	532	401	78	511	655	311	565	668	383	382	1837	276	802	249	267	218	1610	391	88	33	462	658	1264	461	267	200	1048	1428	971	759	653	655	1366	589	514	1052	995	478	423	1516	339	795	480	860	704	1303	492	246	759	418	100	1015	128	138	797	336	332	389	334	544	128	203	258	119	371	906	656	529	388	1561	210	802	412	207	1460	544	511	621	1837	391	210	1870	766	351	412	784	219	392	206	338	527	769	454	766	534	1236	1850	526	74	298	495	538	852	207	528	527	227	833	368	1058	1443	658	138	1641	739	593	1016	524	319	267	1209	923	584	332	1071	1112	581	267	497	789	401	248	1845	260	527	798	498	841	821	620	423	405	456	262	404	527	246	556	793	423	241	875	404	608	749	373	203	546	245	552	360	322	213	525	1456	524	642	407	242	224	203	247	859	103	426	257	240	193	373	554	208	694	100	84	352	2186	413	627	1830	1780	1827	2147	529	272	250	867	481	873	968	496	970	533	558	842	408
400	1221	188	380	795	5	1339	1251	956	1283	1202	132	3321	551	584	0	495	2289	399	1340	1276	508	1283	463	266	1279	385	278	221	1332	416	152	795	447	757	380	419	570	357	584	682	2029	861	757	325	376	1231	209	192	2058	501	204	886	478	253	1133	411	235	183	337	180	207	644	266	124	383	417	121	308	654	2066	447	1382	414	795	439	1210	273	520	556	707	1208	717	747	795	384	527	1764	402	1102	446	124	1709	13	117	512	1568	741	327	946	361	1202	115	1287	152	1875	182	811	268	237	490	1584	475	491	1204	381	267	204	269	452	475	399	327	492	955	1455	120	113	639	2071	757	1382	242	398	2025	160	109	208	2066	201	792	2047	1210	238	350	1133	478	247	609	434	1005	1349	762	329	86	1186	2400	95	657	393	130	172	1410	473	102	94	539	1417	576	1339	1161	121	491	1934	836	1150	1595	107	613	795	1786	1507	469	267	1645	1690	201	335	694	257	488	337	2403	325	182	1154	126	1373	1140	1200	327	680	145	342	254	453	805	449	1226	327	795	1259	187	1186	1169	310	508	1130	797	441	549	276	514	272	2033	97	108	250	814	377	440	367	1250	483	233	362	789	623	220	169	472	406	490	500	238	1606	177	389	1454	2362	1412	1575	113	313	371	1251	744	296	1545	136	436	184	452	1256	495
239	826	326	232	439	500	1452	1688	589	1371	1203	505	2990	228	408	495	0	2382	431	849	1306	527	1290	831	619	1313	809	634	617	1276	813	648	439	142	436	232	189	376	433	415	776	1880	486	436	326	150	830	386	341	1961	194	356	784	191	512	861	405	405	351	265	577	309	403	619	615	157	196	616	193	740	2228	142	1119	493	439	210	1229	229	428	378	820	811	994	834	439	330	769	1834	881	1160	820	615	1772	508	513	1003	1326	845	168	1405	157	1203	389	1269	648	1631	543	498	758	512	334	1200	418	451	1205	139	292	333	285	754	418	412	325	430	700	1042	612	526	739	1945	436	1119	509	416	1796	574	502	384	2228	336	575	2249	1174	403	145	1186	191	490	253	91	935	1086	834	805	509	847	2200	508	439	158	503	577	1012	205	516	509	190	1089	695	1452	1038	614	451	2043	1064	964	1334	515	676	439	1416	1176	192	292	1267	1429	352	269	841	752	9	319	2185	326	574	1202	503	1225	1219	949	168	768	361	265	511	743	484	760	1202	168	468	1283	347	848	1158	195	527	827	469	753	675	290	196	633	1764	507	599	510	515	272	468	247	1267	378	517	239	458	275	322	588	204	344	334	372	403	2033	355	772	1437	2000	1446	2021	526	323	238	1274	848	696	1289	509	714	581	763	1250	0
2159	2096	2245	2175	2083	2285	950	3089	2055	1018	1187	2158	2549	2167	1977	2289	2382	0	1991	2620	1078	1874	1102	1880	2026	1070	2563	2017	2486	1166	1943	2283	2083	2243	2041	2175	2202	2009	2012	2757	1635	1115	2853	2041	2115	2271	2115	2457	2215	895	2189	2431	1620	2190	2046	1775	2006	2116	2214	2165	2114	2241	2002	2026	2247	2256	2510	2267	2297	1669	370	2243	1660	1940	2083	2176	3496	2286	1955	2005	1599	2105	2960	1570	2083	2080	2806	549	2442	1223	1897	2247	612	2282	2171	2396	1544	1568	2348	2791	2278	1187	2261	1137	2283	1514	2106	2001	2210	2059	2049	2076	1973	1940	1185	2283	2192	2211	2199	1846	1973	2006	2115	1959	1822	2182	2251	2176	1678	1013	2041	1660	2056	2003	1452	2135	2180	2456	370	2211	1861	545	1234	2114	2347	1196	2190	2059	2169	2303	1470	1672	1563	2140	2202	3208	1384	2193	1963	2247	2160	2123	2113	2177	2186	2194	2204	1859	1736	950	3395	2254	1940	355	1466	1569	1605	2181	1728	2083	2047	1861	2541	2192	2055	1591	2425	2163	1600	2278	2374	2114	1469	2115	2110	1180	2163	1347	1169	1694	2348	1640	2258	2162	2045	1841	2018	1851	1202	2348	2032	1102	2215	1926	1235	2288	1874	1849	2034	1859	1762	2186	2190	2023	1626	2192	2248	2049	1977	2137	1945	2166	1120	2008	2062	2177	2042	2150	2205	2130	2177	2606	2049	2011	2115	3394	2217	1946	3737	2182	3701	3274	2176	2125	2173	1111	1565	2535	1597	2153	2714	2110	1849	1146	2382
192	883	270	200	474	399	1046	1626	620	973	844	292	2931	300	215	399	431	1991	0	1126	933	121	929	457	296	938	781	308	618	955	464	501	474	294	422	200	243	215	43	767	358	1636	916	422	124	292	897	493	243	1677	280	461	490	266	191	746	33	164	246	177	319	261	290	296	451	280	521	466	307	323	1813	294	988	61	474	230	1526	295	132	198	398	873	1107	421	474	101	903	1449	767	771	452	451	1390	401	311	841	1170	427	358	1309	295	844	313	923	501	1476	280	461	546	205	158	1228	87	93	846	305	202	236	209	355	87	20	124	100	569	1121	452	325	317	1682	422	988	198	15	1625	333	310	491	1813	237	405	1825	838	161	360	799	266	180	348	341	618	956	427	551	335	1276	2002	326	288	275	292	326	1067	252	326	327	317	1038	267	1046	1403	455	93	1644	632	750	1198	321	263	474	1419	1128	556	202	1283	1293	454	174	412	580	422	124	2004	124	314	818	295	976	821	806	358	352	297	175	190	340	461	365	858	358	455	913	246	819	805	297	121	751	458	359	245	196	289	310	1636	324	440	193	457	159	46	186	901	118	213	196	452	349	225	343	251	616	158	140	161	1983	251	420	1758	1985	1738	1939	325	134	195	904	430	695	1148	291	818	321	367	897	431
981	527	1159	993	686	1344	1838	2521	616	1741	1496	1324	2419	833	942	1340	849	2620	1126	0	1611	1146	1566	1584	1403	1622	1652	1417	1463	1463	1587	1492	686	903	746	993	943	926	1155	1070	1329	1771	801	746	1086	967	508	1228	1166	1934	869	1202	1109	891	1288	848	1093	1195	1176	1040	1387	1140	867	1403	1456	962	997	1459	1032	1302	2583	903	985	1178	686	935	1755	1067	1027	942	1375	516	1768	1358	686	1050	1554	2097	1730	1542	1579	1456	2033	1352	1336	1851	1159	1381	1017	2250	980	1496	1229	1514	1492	1379	1348	744	1593	1294	968	716	1056	1075	1497	960	1098	1155	1093	1479	1056	1108	1085	1053	844	529	1453	1351	1313	1869	746	985	1289	1113	1544	1391	1328	1227	2583	1158	891	2660	1423	1191	993	1554	891	1268	780	906	1226	966	1342	1629	1340	952	1947	1336	891	954	1322	1390	570	902	1344	1337	828	813	1306	1838	1437	1455	1075	2338	1660	1058	1122	1341	1246	686	908	855	959	1098	781	1189	1199	1044	1420	1596	855	1074	1900	1086	1384	1559	1324	1275	1611	925	1017	1320	1198	1037	1286	1463	733	1490	1459	1017	728	1585	1172	694	1447	1030	1146	773	725	1485	1300	1092	857	1418	1434	1335	1440	1287	764	1016	1133	1010	1563	1012	1301	1009	723	777	1140	1404	902	1123	968	992	1192	2857	1181	1543	1882	1426	1952	2857	1351	1092	1003	1578	1383	1538	1103	1327	1521	1391	1492	1519	850
1089	1112	1199	1107	1015	1274	249	2300	1010	159	115	1144	2437	1089	899	1276	1306	1078	933	1611	0	813	60	952	1034	11	1605	1029	1490	225	1014	1307	1015	1168	969	1107	1129	932	961	1692	594	886	1775	969	1056	1202	1132	1419	1170	837	1113	1389	545	1115	1023	776	944	1074	1171	1101	1116	1192	923	1034	1263	1186	1443	1284	1235	624	975	1168	774	889	1015	1103	2458	1227	883	928	570	1117	1985	529	1015	1016	1804	528	1519	176	967	1263	466	1272	1160	1518	784	535	1284	1976	1210	115	1226	126	1307	973	1099	934	1268	1039	975	1224	904	872	114	1213	1136	1164	1143	878	904	946	1056	889	774	1263	1267	1168	637	886	969	774	1034	944	1046	1138	1167	1417	975	1165	788	1049	193	1073	1281	145	1115	1032	1091	1229	400	768	515	1215	1192	2130	1304	1182	885	1176	1146	1126	1188	1102	1177	1183	1126	969	700	249	2330	1270	872	751	576	567	850	1172	674	1015	1293	1012	1471	1136	1233	900	1383	1099	589	1331	1299	1053	1341	1056	1112	123	1150	468	166	721	1284	597	1218	1098	1022	866	951	887	157	1284	963	26	1171	943	165	1225	813	850	966	893	727	1129	1112	1036	1151	1180	1260	1026	910	1070	887	1099	48	936	1043	1110	973	1072	1156	1137	1102	1550	975	937	1073	2644	1174	1001	2692	1683	2669	2556	1168	1067	1106	33	532	1553	812	1140	1713	1114	886	100	1306
290	848	391	304	467	507	932	1710	594	856	722	390	2844	355	203	508	527	1874	121	1146	813	0	808	462	353	818	884	360	728	835	484	593	467	385	409	304	338	221	155	883	248	1522	1013	409	243	400	863	614	364	1558	352	582	379	344	272	669	132	278	366	291	399	382	279	353	543	386	636	560	423	213	1704	385	900	93	467	317	1647	414	122	206	292	839	1222	309	467	207	1021	1330	854	652	462	543	1271	508	408	914	1073	317	474	1389	405	722	431	802	593	1377	365	433	619	288	206	1174	110	79	725	412	323	357	330	347	110	133	243	103	498	1083	545	421	211	1566	409	900	281	131	1522	417	410	612	1704	358	341	1722	717	275	473	680	344	268	390	440	500	868	311	609	436	1375	1893	426	262	378	390	408	1024	330	425	427	382	968	174	932	1521	548	79	1528	550	649	1106	420	149	467	1355	1056	668	323	1225	1199	575	288	316	661	518	241	1898	243	395	698	394	865	704	720	474	241	417	288	271	329	438	359	737	474	436	792	366	762	684	414	0	685	439	356	161	316	358	365	1540	424	534	275	423	264	74	293	779	156	295	304	437	384	347	424	330	736	206	170	275	2067	371	444	1879	1911	1860	2016	421	254	301	783	321	803	1055	387	934	400	361	775	527
1077	1062	1197	1096	983	1280	309	2331	970	220	86	1152	2384	1069	881	1283	1290	1102	929	1566	60	808	0	977	1046	72	1620	1043	1499	164	1038	1321	983	1154	939	1096	1116	914	959	1681	600	843	1753	939	1051	1190	1082	1419	1168	806	1095	1388	517	1098	1029	726	937	1075	1170	1093	1127	1190	901	1046	1275	1175	1432	1296	1226	628	1017	1154	716	888	983	1089	2455	1220	870	911	580	1068	1995	536	983	1008	1810	554	1539	201	991	1275	491	1279	1168	1543	723	545	1275	2006	1199	86	1228	66	1321	915	1108	901	1287	1045	960	1166	895	864	84	1201	1132	1162	1138	897	895	940	1050	879	733	1208	1279	1177	643	849	939	716	1040	939	991	1149	1174	1417	1017	1163	758	1098	142	1073	1271	172	1098	1037	1068	1215	368	710	520	1237	1200	2106	1260	1189	862	1164	1153	1137	1133	1086	1185	1190	1106	911	706	309	2318	1282	864	784	613	516	789	1180	674	983	1232	953	1458	1132	1174	839	1381	1092	605	1349	1282	1047	1294	1051	1123	150	1157	407	209	668	1275	602	1219	1090	1028	885	918	907	106	1275	931	46	1170	892	132	1216	808	800	933	912	733	1124	1094	1049	1094	1188	1272	1032	877	1060	882	1089	37	924	1049	1100	941	1049	1154	1149	1086	1543	960	924	1073	2676	1174	1022	2686	1623	2668	2591	1177	1062	1096	49	543	1564	752	1148	1719	1125	905	46	1289
620	1310	528	616	923	458	950	1359	1056	914	910	360	3234	754	656	463	831	1880	457	1584	952	462	977	0	218	952	683	202	621	1073	63	411	923	716	866	616	667	665	430	1038	437	1799	1279	866	515	680	1325	669	503	1783	726	656	754	708	319	1105	490	425	495	572	290	538	734	218	383	676	835	402	649	432	1630	716	1309	408	923	665	1652	617	568	648	429	1302	1080	480	923	539	938	1382	573	777	17	383	1333	452	363	566	1455	459	694	1033	674	910	496	1002	411	1742	308	895	331	319	616	1627	532	518	912	692	538	508	546	117	532	476	517	538	946	1545	388	359	411	1819	866	1309	322	471	1868	305	375	668	1630	506	798	1597	949	427	709	807	708	341	805	743	812	1281	505	266	387	1624	2201	381	722	678	363	295	1484	694	372	381	766	1407	367	950	1624	390	518	1524	415	1035	1498	369	441	923	1798	1492	884	538	1674	1586	652	569	387	398	822	526	2221	515	289	830	365	1190	793	1140	694	442	512	574	320	136	899	104	952	694	896	942	499	1216	892	644	462	1132	899	106	353	540	737	206	1916	381	388	320	886	583	454	598	940	573	315	602	896	806	515	294	694	860	616	594	427	1710	494	74	1900	2336	1845	1637	359	514	607	935	461	660	1448	355	846	285	103	964	830
423	1180	310	415	770	262	1079	1361	917	1027	969	146	3195	569	511	266	619	2026	296	1403	1034	353	1046	218	0	1036	574	15	461	1114	193	274	770	513	718	415	467	512	258	824	451	1829	1061	718	317	469	1193	462	285	1839	534	445	714	513	115	1022	326	215	277	369	87	320	587	0	229	467	617	249	433	429	1800	513	1251	269	770	470	1476	400	426	495	466	1170	952	512	770	353	781	1507	513	857	205	229	1454	258	154	561	1419	501	476	1038	462	969	279	1058	274	1719	92	757	268	109	448	1520	382	380	972	480	326	291	334	185	382	310	319	393	850	1418	233	154	411	1861	718	1251	114	306	1858	109	165	461	1800	289	690	1781	989	218	492	888	513	135	624	533	808	1220	531	257	182	1406	2216	174	584	470	149	96	1362	502	166	175	575	1321	349	1079	1423	236	380	1671	569	993	1454	162	405	770	1706	1409	665	326	1574	1547	441	365	444	317	610	329	2227	317	84	910	151	1188	889	1073	476	452	294	371	116	186	758	183	1000	476	752	1019	281	1109	942	428	353	1036	755	175	324	329	546	14	1886	173	226	115	753	387	313	397	1012	414	103	400	749	630	299	104	501	648	448	436	217	1718	276	153	1721	2264	1677	1664	154	313	405	1011	503	519	1404	141	688	84	186	1024	618
1095	1123	1203	1113	1025	1277	238	2298	1020	147	126	1147	2445	1096	907	1279	1313	1070	938	1622	11	818	72	952	1036	0	1607	1031	1493	235	1014	1309	1025	1175	978	1113	1136	939	965	1698	597	891	1783	978	1061	1208	1144	1423	1174	839	1120	1394	554	1122	1026	788	949	1079	1175	1107	1118	1197	932	1036	1265	1193	1449	1285	1240	628	965	1175	786	894	1025	1110	2463	1232	889	936	572	1129	1987	532	1025	1021	1807	521	1520	178	967	1265	458	1275	1163	1517	795	538	1290	1975	1216	126	1230	138	1309	982	1101	944	1269	1042	981	1236	910	878	124	1219	1141	1169	1148	878	910	951	1061	895	784	1275	1269	1171	641	890	978	786	1037	949	1054	1140	1170	1422	965	1169	797	1038	204	1077	1287	147	1122	1035	1099	1236	409	780	519	1215	1195	2138	1310	1185	893	1183	1149	1128	1200	1109	1180	1186	1133	981	704	238	2336	1272	878	742	572	579	861	1174	679	1025	1304	1024	1477	1141	1245	910	1387	1105	591	1332	1306	1059	1347	1061	1114	125	1153	479	162	733	1290	600	1223	1104	1026	867	960	888	169	1290	973	37	1175	954	175	1230	818	861	975	893	730	1134	1120	1037	1160	1183	1262	1030	919	1075	892	1105	59	942	1046	1116	982	1081	1161	1139	1109	1555	981	944	1077	2641	1179	1001	2697	1693	2674	2553	1171	1072	1112	43	535	1555	824	1143	1716	1116	886	111	1313
775	1593	560	753	1169	384	1630	882	1331	1588	1544	494	3706	919	969	385	809	2563	781	1652	1605	884	1620	683	574	1607	0	577	192	1687	619	300	1169	803	1135	753	786	954	738	693	1025	2397	1029	1135	709	726	1601	424	571	2413	867	452	1262	844	615	1518	795	619	563	715	498	578	1027	574	347	737	659	328	652	1002	2305	803	1767	790	1169	809	1023	623	905	940	1040	1579	399	1086	1169	769	310	2062	166	1429	665	347	2011	381	475	303	1952	1075	650	597	710	1544	490	1633	300	2258	524	1190	352	598	874	1960	860	875	1546	728	645	583	645	731	860	783	711	876	1340	1823	344	462	984	2433	1135	1767	604	781	2406	476	473	425	2305	580	1177	2260	1563	623	673	1460	844	615	975	774	1372	1734	1105	425	447	1283	2776	457	1041	750	493	488	1782	841	458	456	900	1800	922	1630	1090	341	875	2207	1098	1531	1979	464	971	1169	2166	1890	702	645	2023	2074	456	714	1016	285	804	721	2782	709	502	1482	489	1747	1456	1585	650	1025	518	720	615	740	1184	723	1575	650	1173	1591	566	1567	1516	658	884	1513	1175	717	896	654	879	570	2417	459	354	611	1196	757	820	743	1586	868	591	736	1166	992	599	475	841	557	874	885	622	1232	557	618	1273	2744	1197	1213	462	697	745	1583	1077	114	1929	496	240	499	725	1599	809
438	1190	325	430	782	274	1071	1357	928	1020	966	160	3200	583	522	278	634	2017	308	1417	1029	360	1043	202	15	1031	577	0	469	1112	178	278	782	528	730	430	482	523	270	839	449	1828	1077	730	332	485	1204	475	301	1837	548	459	717	528	129	1029	338	230	293	384	98	336	598	15	234	482	632	255	449	428	1789	528	1257	278	782	484	1486	416	436	506	463	1181	957	509	782	367	789	1499	512	852	189	234	1446	269	167	556	1423	497	492	1034	477	966	294	1056	278	1722	106	768	264	124	460	1529	393	389	968	496	342	306	349	173	393	322	333	404	858	1428	238	166	410	1860	730	1257	129	318	1861	118	178	474	1789	304	698	1769	987	233	508	883	528	150	638	549	809	1226	529	249	195	1421	2217	187	594	486	163	106	1373	516	179	187	589	1329	349	1071	1437	241	389	1662	558	997	1459	175	407	782	1715	1417	681	342	1583	1551	455	380	439	316	625	344	2228	332	96	905	165	1189	883	1079	492	450	309	386	130	176	769	171	998	492	763	1014	297	1118	939	444	360	1044	766	163	324	344	560	6	1890	186	233	130	763	402	323	412	1008	426	119	415	761	643	314	113	516	662	460	447	233	1714	291	137	1732	2271	1687	1658	166	328	420	1006	500	525	1409	155	697	94	174	1021	634
590	1403	377	567	981	222	1541	1073	1143	1489	1419	348	3527	730	792	221	617	2486	618	1463	1490	728	1499	621	461	1493	192	469	0	1552	563	210	981	612	950	567	597	775	576	546	898	2250	870	950	532	535	1411	234	392	2279	678	261	1107	655	472	1342	627	453	384	532	375	394	846	461	240	547	474	219	461	872	2249	612	1594	635	981	621	1031	433	735	762	920	1390	497	962	981	592	320	1969	287	1315	603	240	1915	221	331	429	1783	955	457	787	519	1419	311	1506	210	2091	391	1006	323	455	695	1773	691	709	1421	537	462	403	462	639	691	617	534	708	1163	1633	235	322	856	2292	950	1594	461	615	2242	353	325	235	2249	400	1002	2219	1430	457	481	1346	655	467	785	582	1226	1561	979	403	299	1153	2620	310	863	560	347	366	1593	653	314	309	710	1618	792	1541	1033	232	709	2130	1022	1368	1808	319	833	981	1980	1708	520	462	1836	1903	265	531	904	267	613	543	2623	532	379	1367	343	1593	1350	1412	457	897	336	537	472	644	999	634	1444	457	987	1474	387	1384	1387	467	728	1333	989	627	766	472	690	463	2247	312	238	468	1012	575	660	558	1466	693	450	551	980	803	419	357	653	389	695	709	456	1423	379	549	1280	2559	1225	1405	322	520	560	1466	958	82	1758	351	227	378	637	1474	617
1081	946	1226	1102	927	1330	468	2433	889	383	178	1204	2234	1050	871	1332	1276	1166	955	1463	225	835	164	1073	1114	235	1687	1112	1552	0	1131	1387	927	1147	891	1102	1115	902	990	1681	662	726	1721	891	1071	1193	966	1449	1199	726	1083	1416	492	1089	1080	615	958	1111	1202	1107	1189	1216	875	1114	1339	1177	1434	1359	1238	684	1127	1147	566	923	927	1086	2473	1236	876	903	653	954	2049	605	927	1022	1854	633	1620	329	1086	1339	570	1330	1221	1636	559	620	1284	2106	1203	178	1265	100	1387	755	1165	845	1367	1097	960	1017	907	879	176	1203	1153	1192	1159	981	907	964	1070	891	657	1073	1343	1232	702	749	891	566	1091	963	840	1211	1226	1447	1127	1193	716	1224	124	1109	1276	307	1089	1085	1040	1209	344	564	583	1324	1252	2066	1134	1242	838	1165	1205	1199	999	1078	1239	1243	1088	766	765	468	2314	1346	879	875	742	405	625	1233	719	927	1073	801	1455	1153	1021	674	1409	1105	688	1426	1270	1065	1160	1071	1185	289	1209	247	359	544	1284	662	1252	1103	1079	967	862	993	122	1284	877	209	1201	775	181	1228	835	690	878	997	791	1145	1080	1119	934	1240	1334	1083	821	1070	909	1098	192	930	1102	1109	887	1019	1181	1212	1079	1555	960	926	1109	2782	1206	1110	2698	1459	2688	2703	1232	1083	1103	209	617	1621	589	1201	1766	1187	992	138	1276
613	1332	500	606	936	411	1014	1302	1074	978	970	325	3281	753	670	416	813	1943	464	1587	1014	484	1038	63	193	1014	619	178	563	1131	0	352	936	705	881	606	658	677	432	997	487	1857	1250	881	506	663	1347	625	477	1844	722	615	797	702	305	1140	496	408	469	561	251	512	749	193	327	660	803	346	626	478	1691	705	1351	421	936	659	1594	593	582	660	483	1323	1018	533	936	536	879	1445	509	839	47	327	1397	404	325	505	1501	514	668	976	656	970	461	1062	352	1791	276	913	267	302	622	1656	543	533	972	674	520	483	528	157	543	481	508	551	977	1568	333	319	458	1878	881	1351	306	476	1920	264	337	624	1691	481	825	1656	1006	411	684	869	702	326	806	727	862	1321	558	202	346	1590	2257	341	739	664	327	255	1509	689	331	341	762	1442	409	1014	1574	334	533	1587	479	1079	1543	329	481	936	1832	1528	852	520	1706	1632	611	557	443	334	804	518	2275	506	251	891	329	1242	856	1179	668	491	480	563	306	175	916	144	1011	668	912	1003	473	1245	951	622	484	1164	915	143	392	523	733	179	1964	341	334	305	905	576	467	588	1001	582	296	591	911	810	492	251	689	819	622	603	411	1654	467	43	1843	2375	1786	1584	319	504	597	996	516	599	1493	320	787	246	144	1024	812
540	1357	336	521	932	148	1342	1126	1091	1295	1244	209	3433	694	704	152	648	2283	501	1492	1307	593	1321	411	274	1309	300	278	210	1387	352	0	932	595	890	521	564	694	457	700	725	2099	997	890	453	526	1367	331	334	2113	645	337	970	622	321	1247	520	348	324	476	198	355	770	274	50	532	560	36	460	702	2041	595	1489	500	932	581	1242	425	631	679	740	1344	681	786	932	509	527	1772	267	1131	393	50	1721	140	190	362	1667	775	480	812	512	1244	264	1333	0	1971	229	940	129	305	617	1715	585	595	1246	532	408	345	411	439	585	507	455	600	1069	1592	48	175	684	2133	890	1489	311	504	2115	178	193	331	2041	342	906	2008	1263	352	502	1162	622	325	752	586	1075	1457	805	204	170	1310	2481	178	778	542	209	189	1545	616	175	177	684	1537	622	1342	1236	45	595	1927	817	1243	1698	180	673	932	1913	1627	611	408	1774	1792	336	474	718	104	641	466	2489	453	203	1183	206	1451	1161	1307	480	725	294	480	322	447	936	432	1274	480	927	1292	328	1312	1216	461	593	1249	929	426	596	416	658	271	2134	180	61	318	941	513	535	507	1286	601	298	503	922	765	362	175	615	526	617	620	351	1483	318	340	1491	2484	1434	1443	175	442	512	1285	778	251	1647	209	435	200	435	1299	648
395	425	610	416	0	798	1212	2046	162	1119	901	732	2561	251	267	795	439	2083	474	686	1015	467	983	923	770	1025	1169	782	981	927	936	932	0	375	60	416	384	259	512	847	644	1462	806	60	480	451	435	776	603	1562	304	741	472	326	659	425	444	589	612	457	779	591	189	770	886	437	634	896	524	617	1985	375	682	515	0	360	1661	548	355	276	690	412	1414	677	0	427	1191	1537	1196	908	920	886	1473	804	748	1291	890	699	543	1741	467	901	682	946	932	1192	738	82	1003	670	323	791	392	405	903	453	528	591	526	812	392	459	478	385	284	660	885	764	627	1535	60	682	664	464	1359	788	743	774	1985	594	229	2038	848	585	523	927	326	643	199	421	615	649	663	1019	763	1141	1765	756	207	424	730	784	614	327	760	757	276	653	621	1212	1442	888	405	1766	976	561	895	756	560	0	999	742	631	528	854	990	735	460	734	1025	437	466	1748	480	774	936	733	825	975	517	543	635	653	453	658	794	65	823	881	543	52	989	608	412	852	517	467	387	49	819	617	519	293	784	1325	754	871	660	106	419	469	428	970	356	678	433	42	179	574	800	328	781	323	334	586	2400	618	893	1859	1581	1878	2371	764	490	425	981	701	1063	851	733	1125	781	825	938	439
101	792	259	100	375	450	1311	1684	536	1230	1067	421	2936	125	276	447	142	2243	294	903	1168	385	1154	716	513	1175	803	528	612	1147	705	595	375	0	354	100	50	245	300	533	633	1771	628	354	201	76	800	401	263	1842	74	366	655	59	400	774	266	298	273	144	486	240	287	513	555	65	290	560	151	598	2086	0	1033	355	375	67	1338	179	287	244	678	778	1040	692	375	192	817	1695	848	1020	707	555	1634	457	433	958	1236	703	169	1387	92	1067	332	1135	595	1543	448	415	690	403	194	1163	276	309	1069	77	195	252	190	630	276	273	199	288	603	1020	553	448	597	1831	354	1033	399	278	1705	488	424	399	2086	255	462	2107	1042	295	150	1046	59	378	175	62	804	1000	692	726	437	989	2103	433	319	53	419	488	982	69	440	434	99	1026	554	1311	1167	555	309	1902	925	855	1249	438	534	375	1374	1115	307	195	1228	1345	360	147	700	696	133	191	2093	201	483	1062	420	1110	1078	857	169	626	301	142	399	617	404	637	1068	169	390	1145	269	786	1023	145	385	750	391	631	535	189	83	528	1685	432	539	399	427	137	327	118	1130	236	409	113	381	195	237	502	68	426	194	232	295	2035	278	663	1554	1956	1555	2013	448	202	109	1137	706	694	1203	424	749	490	640	1115	141
