NAME : VRPTW_INSTANCE_140.txt
COMMENT : Bangkok Supermarket
TYPE : VRPTW
DIMENSION : 290
DAYS : Saturday
EDGE_WEIGHT_TYPE : EXPLICIT
VEHICLES : 32
EDGE_WEIGHT_FORMAT : FULL_MATRIX
CAPACITY : 1000
EDGE_WEIGHT_SECTION
0	283	775	104	1425	394	197	263	207	965	404	977	1213	185	1928	1962	292	1366	2090	539	91	1007	577	324	46	404	2626	646	214	118	1026	1413	432	2355	207	253	423	948	437	1370	1421	1065	121	179	255	2076	399	632	96	935	437	215	2059	88	2365	2999	1218	1903	428	941	457	412	611	309	348	54	412	130	439	1452	1442	395	412	97	367	1013	2663	1190	474	367	221	885	199	392	1064	153	202	1135	332	218	2069	835	1021	130	1149	994	1740	464	481	206	2967	617	862	432	288	618	156	981	1162	1129	347	979	541	379	735	657	2178	193	118	101	331	419	555	118	1569	2500	1397	1120	239	424	1989	1190	1415	422	431	2091	368	330	1618	1067	1006	413	1737	1016	1212	39	2066	376	92	1761	135	382	383	1969	76	1928	535	1037	578	1067	1817	119	284	1126	237	300	1121	1852	1327	365	1067	885	523	401	283	520	546	1760	308	1606	264	217	208	359	1870	412	352	347	177	1142	189	91	1003	418	622	945	104	732	437	398	214	1845	223	495	649	710	1918	412	1794	457	442	309	170	576	929	217	441	333	154	586	353	955	193	1140	496	807	560	211	2037	806	418	174	952	1014	1925	351	1172	1820	644	1470	154	154	1407	399	413	1001	1171	383	2009	1112	1697	816	2068	1080	1010	1322	495	1114	25	2079	225	1133	152	845	814	246	22	1926	474	386	519	3531	1221	2052	1144	1862	957	73	379	379	645	604	835	531	288	1221	1075	355	183	689
283	0	497	330	1708	617	412	547	418	861	660	749	930	202	2208	2226	284	1643	1825	455	272	782	498	538	269	688	2345	418	475	248	817	1133	679	2135	463	321	584	857	598	1203	1704	782	366	444	449	1796	656	437	337	756	161	477	2295	349	2109	2731	1005	1698	146	757	520	619	506	242	570	331	619	400	356	1180	1261	207	619	363	650	829	2397	910	744	649	491	661	462	148	859	419	477	936	553	434	1786	552	894	400	952	766	1464	188	639	158	2692	719	647	595	467	719	276	751	1444	890	572	1257	779	604	452	761	1896	268	248	377	528	699	726	248	1371	2221	1668	876	507	627	1849	910	1143	627	588	1811	601	67	1342	791	1285	668	1461	1296	954	320	1831	605	319	1533	398	666	666	2215	279	2196	254	829	798	862	1563	385	9	843	437	45	994	2128	1044	648	862	801	598	657	0	711	625	1630	481	1494	257	307	422	147	1588	601	576	572	268	945	100	272	736	472	398	1151	330	449	593	564	475	1562	482	730	391	471	1713	601	1512	520	385	54	152	478	647	422	158	347	424	869	608	804	90	929	730	731	752	472	1757	528	612	267	723	828	2171	576	890	2102	416	1284	424	424	1248	563	189	1284	889	247	1874	1000	1525	597	1844	865	830	1546	416	858	304	1799	486	976	249	1126	1083	443	304	2171	744	115	343	3248	1058	1771	948	2144	1220	259	604	604	826	627	553	611	552	1058	916	579	457	927
775	497	0	827	2198	1103	904	1038	909	785	1156	402	454	681	2704	2658	716	2140	1338	740	769	652	772	1024	754	1177	1885	276	973	711	724	700	1122	1886	960	779	1044	807	1057	1150	2193	306	837	941	878	1300	1151	369	834	759	338	974	2770	830	1754	2327	863	1508	361	747	812	1099	741	656	1058	827	1099	881	689	686	1167	436	1099	844	1142	800	1906	415	1210	1143	988	357	959	454	767	896	956	847	1040	925	1316	152	976	881	865	631	1043	353	1093	635	2261	1126	376	1055	945	1125	763	613	1924	481	1060	1728	1267	1091	136	1165	1429	744	711	862	943	1195	1181	711	1223	1725	2119	456	1005	1105	1802	415	756	1106	1046	1366	1090	445	845	294	1757	1162	1042	1771	657	814	1551	1093	816	1112	874	1157	1157	2698	755	2636	243	738	1277	773	1093	865	494	367	872	475	841	2625	576	1140	773	979	1000	1152	497	1179	1026	1614	956	1528	701	778	913	437	1095	1073	1064	1060	750	857	597	769	436	774	464	1614	827	141	1050	946	973	1076	979	1218	349	437	1521	1073	1053	812	731	466	617	734	161	863	340	674	921	1362	1063	644	584	806	1217	937	1219	969	1261	32	1086	749	379	797	2654	1064	402	2596	459	1175	921	921	989	944	391	1777	398	594	1836	878	1429	340	1595	744	812	1919	724	588	794	1303	983	981	696	1621	1579	874	798	2654	1210	421	415	2763	1033	1314	862	2637	1664	737	1091	1091	1185	978	94	1015	1049	1033	710	1067	954	1413
104	330	827	0	1392	300	96	249	104	1068	330	1058	1250	165	1884	1974	236	1315	2155	479	58	986	513	225	150	388	2649	725	146	221	997	1435	477	2322	133	177	319	1052	333	1319	1390	1104	202	117	341	2124	325	720	16	894	492	147	1975	166	2357	3001	1188	1865	468	903	559	314	554	271	253	75	314	184	387	1510	1396	478	314	168	342	973	2727	1238	493	336	166	967	134	407	1033	207	235	1099	236	118	2098	869	959	184	1112	974	1754	493	376	205	2978	513	947	327	183	515	95	963	1144	1207	254	975	455	285	770	553	2205	135	221	154	411	381	451	221	1529	2550	1402	1196	180	324	1925	1238	1426	323	327	2110	278	389	1672	1121	999	338	1751	1006	1210	87	2044	284	12	1844	199	361	362	1891	180	1936	583	1007	485	1035	1889	183	334	1165	323	359	1223	1799	1360	341	1035	812	424	327	330	419	446	1694	203	1534	216	141	106	435	1914	310	258	253	119	1105	229	58	1012	522	611	850	0	767	332	485	146	1883	152	408	656	703	1880	310	1820	559	381	369	255	518	974	303	486	437	104	552	395	1053	247	1110	408	735	459	142	2085	858	317	118	1032	974	1847	258	1215	1781	633	1426	104	104	1505	486	489	966	1216	356	1943	1215	1645	899	2039	1053	968	1368	437	1111	115	2126	156	1080	256	806	752	332	93	1847	493	415	608	3566	1170	2076	1107	1824	976	177	285	285	718	513	878	431	222	1170	1172	261	139	604
1425	1708	2198	1392	0	1190	1338	1161	1337	2105	1093	2331	2638	1555	530	908	1584	262	3477	1757	1448	2324	1769	1255	1444	1021	4040	2028	1247	1490	2312	2827	1127	3573	1262	1507	1322	2067	1317	2517	30	2490	1363	1274	1356	3497	1097	1983	1381	2180	1861	1247	1163	1369	3698	4363	2490	3100	1853	2194	1546	1219	1825	1638	1222	1376	1219	1318	1708	2862	2616	1784	1219	1355	1057	2254	4050	2614	1013	1059	1226	2239	1258	1799	2338	1303	1243	2386	1236	1322	3490	2258	2142	1318	2394	2317	3141	1883	1309	1597	4357	1432	2207	1314	1342	1435	1476	2309	322	2492	1216	540	1049	1194	2159	1428	3597	1508	1490	1336	1315	1011	1256	1490	2772	3919	519	2491	1212	1222	2980	2614	2810	1219	1327	3500	1184	1754	3034	2486	509	1092	3138	479	2581	1387	3342	1186	1400	3070	1326	1042	1041	1006	1444	831	1960	2319	1093	2338	3186	1334	1709	2551	1355	1724	2273	544	2751	1059	2338	1955	1489	1098	1708	1210	1483	2752	1343	2563	1580	1488	1332	1767	3294	1263	1214	1217	1496	2390	1611	1448	2397	1555	1983	1030	1392	2155	1327	1355	1247	3270	1244	1089	2045	2078	3114	1263	3212	1546	1679	1732	1581	1796	2353	1358	1866	1592	1289	840	1162	2186	1618	2417	1093	1892	1189	1251	3458	2229	1248	1496	2308	2257	975	1213	2597	405	2005	2653	1289	1289	2585	1357	1818	425	2596	1725	2981	2232	2816	2170	3311	2372	2243	1034	1729	2482	1404	3501	1238	2295	1509	587	704	1357	1403	974	1013	1805	1872	4956	2383	3468	2390	442	722	1461	1194	1194	1255	1606	2260	1479	1175	2383	2299	1212	1255	959
394	617	1103	300	1190	0	206	290	200	1354	117	1357	1503	421	1650	1878	409	1074	2440	568	352	1133	583	79	438	342	2866	1024	194	510	1124	1660	567	2413	195	334	150	1335	152	1370	1193	1362	440	226	555	2387	115	1020	301	996	778	193	1678	413	2509	3173	1305	1944	742	1010	808	45	638	468	46	343	45	392	519	1789	1461	778	45	405	295	1072	3009	1504	511	274	208	1266	209	657	1152	403	381	1204	64	184	2330	1124	992	392	1214	1127	1961	754	172	467	3170	347	1247	146	162	350	341	1119	990	1504	46	865	164	15	1029	373	2433	358	510	379	599	273	199	510	1609	2814	1301	1491	193	57	1917	1504	1630	53	158	2324	34	680	1945	1397	882	110	1958	878	1393	361	2163	23	313	2143	412	313	313	1598	461	1830	861	1131	185	1152	2180	404	622	1421	539	651	1513	1546	1606	295	1152	814	335	111	617	144	341	1684	157	1507	413	327	196	734	2173	88	41	46	353	1209	518	352	1220	779	802	551	300	1025	161	682	194	2132	184	115	878	896	1958	88	2049	808	489	661	555	607	1240	523	765	717	254	403	499	1349	542	1231	114	742	177	197	2348	1135	77	354	1331	1074	1554	42	1477	1559	824	1496	254	254	1801	683	787	773	1479	551	1929	1502	1687	1199	2142	1183	1062	1385	539	1295	392	2388	186	1136	544	611	501	548	375	1554	511	682	909	3804	1226	2299	1209	1604	930	465	15	15	855	459	1143	331	156	1226	1469	38	243	310
197	412	904	96	1338	206	0	240	10	1163	253	1150	1317	225	1820	1956	251	1247	2238	471	145	1009	499	130	243	365	2702	817	102	315	1012	1490	505	2330	86	177	229	1146	242	1309	1338	1173	275	96	410	2196	249	814	100	899	574	102	1885	242	2386	3038	1201	1867	543	910	644	218	547	301	160	155	218	243	393	1590	1392	572	218	239	314	978	2809	1311	497	303	132	1059	100	468	1045	262	270	1107	142	22	2157	936	941	243	1119	999	1803	561	285	270	3022	433	1040	236	95	434	143	989	1105	1297	161	948	366	193	839	471	2263	170	315	219	473	337	357	315	1530	2623	1381	1285	138	228	1899	1311	1473	228	237	2162	188	474	1749	1199	971	259	1800	973	1248	172	2060	193	109	1936	261	335	335	1803	271	1915	661	1021	391	1047	1976	247	417	1233	392	445	1318	1727	1424	313	1047	783	357	249	412	323	376	1667	116	1501	242	152	10	527	1985	215	165	160	160	1113	313	145	1059	608	648	754	96	835	243	551	102	1949	101	318	707	742	1882	215	1877	643	376	455	350	512	1047	373	565	530	108	506	425	1149	335	1124	317	705	363	99	2158	936	221	160	1124	980	1759	165	1286	1721	670	1423	108	108	1601	552	580	913	1287	389	1916	1310	1635	992	2050	1070	971	1384	432	1149	203	2198	108	1071	350	750	679	402	182	1759	497	486	703	3628	1162	2131	1114	1765	969	271	193	193	768	459	950	361	163	1162	1268	168	130	514
263	547	1038	249	1161	290	240	0	247	1126	222	1214	1477	413	1666	1725	479	1108	2342	711	299	1234	740	269	285	142	2888	891	142	339	1243	1674	281	2566	156	410	407	1101	417	1550	1157	1329	222	146	292	2339	219	863	234	1136	700	142	1845	215	2606	3249	1434	2105	692	1145	551	331	786	519	265	216	331	169	627	1710	1632	639	331	202	104	1215	2916	1454	256	107	111	1121	141	647	1278	164	113	1342	260	240	2332	1098	1182	169	1355	1223	1997	726	450	449	3223	622	1095	410	311	625	343	1212	901	1371	261	726	372	277	998	654	2441	382	339	179	319	162	490	339	1769	2762	1153	1364	113	345	2138	1454	1671	341	417	2351	256	593	1879	1329	751	235	1995	758	1458	226	2291	267	253	1990	183	119	119	1746	289	1687	799	1253	436	1280	2064	185	548	1390	280	563	1292	1596	1591	102	1280	1022	575	223	547	433	590	1906	327	1738	463	379	243	613	2133	361	264	260	367	1348	451	299	1257	531	860	789	249	995	422	401	142	2109	147	339	901	952	2120	361	2056	551	614	572	424	751	1192	269	705	501	146	324	209	1148	457	1356	342	945	462	143	2300	1069	356	366	1190	1216	1702	262	1436	1557	882	1663	146	146	1593	402	666	738	1435	605	2154	1272	1875	1051	2284	1300	1209	1145	671	1359	243	2342	140	1311	365	582	572	287	242	1702	256	647	749	3795	1402	2314	1350	1599	731	305	277	277	566	688	1099	576	134	1402	1268	265	114	503
207	418	909	104	1337	200	10	247	0	1172	251	1157	1320	228	1818	1960	250	1245	2243	466	152	1006	494	122	253	369	2703	824	107	325	1009	1492	513	2325	91	174	218	1156	232	1304	1337	1176	286	103	420	2200	246	822	110	895	580	107	1878	252	2384	3036	1198	1862	548	906	654	209	542	301	153	165	209	253	389	1595	1387	579	209	249	318	974	2814	1315	503	306	137	1066	106	471	1042	272	279	1103	135	16	2159	939	935	253	1115	997	1803	565	275	274	3022	423	1047	226	85	424	146	987	1106	1304	154	951	360	186	842	461	2264	172	325	229	482	339	347	325	1526	2626	1385	1291	142	220	1892	1315	1473	219	227	2162	182	481	1753	1204	973	256	1800	976	1247	182	2057	186	117	1943	271	339	339	1797	281	1919	666	1018	384	1043	1981	257	423	1236	402	451	1327	1724	1427	317	1043	776	347	246	418	314	367	1660	106	1494	242	151	4	534	1988	205	158	154	162	1109	319	152	1059	619	647	746	104	838	233	561	107	1951	105	312	708	741	1877	205	1879	653	372	462	358	507	1051	383	569	540	117	507	433	1158	342	1120	311	698	354	104	2161	941	212	162	1131	976	1753	158	1290	1720	669	1418	117	117	1610	562	587	913	1291	388	1908	1319	1629	999	2046	1067	967	1391	428	1148	213	2201	112	1065	360	750	676	412	192	1753	503	490	712	3630	1156	2132	1110	1763	974	280	186	186	777	450	954	352	164	1156	1277	161	137	508
965	861	785	1068	2105	1354	1163	1126	1172	0	1336	489	1103	1031	2635	2289	1139	2143	1495	1308	1031	1426	1350	1288	919	1210	2414	543	1162	847	1492	1384	1004	2653	1160	1155	1385	44	1399	1919	2089	998	920	1129	837	1669	1332	466	1062	1497	780	1163	2964	943	2460	2957	1644	2291	853	1490	587	1377	1347	1103	1310	1012	1377	972	1214	1044	1945	654	1377	952	1208	1552	2041	992	1131	1222	1156	462	1147	961	1536	968	1012	1618	1295	1184	1851	937	1688	972	1636	1406	1709	903	1443	1000	2845	1559	428	1394	1250	1559	1076	1388	1787	601	1309	1567	1485	1339	899	1601	1966	1090	847	978	837	1275	1520	847	2008	2036	1845	624	1174	1389	2576	992	1483	1387	1392	1963	1325	802	1220	856	1599	1348	1711	1626	1435	995	2310	1334	1055	996	953	1210	1210	2855	893	2291	796	1507	1535	1542	1184	958	851	1039	847	816	170	2618	1216	1206	1542	1635	1446	1336	861	1485	1472	2379	1269	2274	1108	1129	1174	714	1524	1378	1314	1309	1082	1628	916	1031	1220	597	1140	1901	1068	902	1398	774	1162	1570	1172	1444	1053	1159	2304	1378	1645	587	1245	807	828	1324	884	857	823	637	1101	1392	1001	169	882	1583	1446	1573	1525	1159	1633	784	1384	1080	490	1550	2812	1313	1022	2506	1147	1956	1101	1101	482	772	683	1739	1008	1102	2609	147	2210	450	2366	1519	1560	1470	1272	1372	963	1680	1172	1727	813	1622	1679	841	982	2812	1131	903	523	3150	1791	1886	1633	2539	1418	892	1339	1339	858	1487	873	1457	1222	1791	223	1316	1117	1626
404	660	1156	330	1093	117	253	222	251	1336	0	1381	1571	479	1567	1763	491	994	2485	673	388	1235	692	164	442	236	2951	1050	189	511	1229	1741	478	2526	199	415	267	1313	270	1485	1095	1427	416	224	511	2450	4	1036	325	1104	822	188	1655	397	2612	3272	1413	2057	796	1117	770	161	746	547	133	350	161	364	615	1840	1575	799	161	386	193	1181	3057	1564	407	172	185	1289	205	722	1258	368	330	1313	144	235	2409	1190	1107	364	1323	1227	2049	815	287	524	3264	460	1266	264	249	463	396	1218	880	1533	127	749	150	114	1093	483	2514	423	511	360	541	159	297	511	1722	2877	1185	1523	167	171	2035	1564	1718	167	276	2410	96	719	2001	1451	767	13	2046	764	1487	366	2272	103	341	2165	382	209	209	1565	459	1715	912	1237	214	1259	2218	378	664	1487	497	689	1499	1473	1678	194	1259	931	452	6	660	234	459	1801	252	1624	489	399	246	761	2239	205	126	127	413	1318	560	388	1306	746	890	568	330	1089	278	623	189	2203	181	117	957	985	2072	205	2129	769	589	699	574	714	1300	484	816	702	250	287	418	1346	578	1337	121	858	255	193	2411	1188	194	414	1356	1183	1521	125	1540	1471	912	1609	250	250	1795	625	815	671	1541	633	2047	1483	1803	1220	2253	1288	1172	1271	642	1388	395	2452	179	1250	542	508	425	505	382	1521	407	739	922	3881	1341	2381	1319	1515	813	468	114	114	770	576	1203	448	117	1341	1467	124	225	290
977	749	402	1058	2331	1357	1150	1214	1157	489	1381	0	617	951	2854	2658	1022	2315	1148	1106	1005	1043	1142	1280	941	1336	1945	333	1191	877	1119	897	1205	2184	1183	1069	1334	526	1348	1539	2320	526	993	1157	975	1237	1376	351	1060	1161	600	1193	3034	999	1971	2471	1241	1847	660	1149	805	1364	1119	968	1310	1031	1364	1045	1036	587	1548	582	1364	1012	1315	1200	1720	502	1318	1322	1198	92	1176	775	1160	1052	1110	1238	1292	1172	1376	533	1378	1045	1255	1022	1220	682	1388	907	2366	1455	123	1344	1214	1454	1022	1005	2030	161	1311	1818	1514	1343	538	1497	1492	1018	877	1037	1016	1377	1475	877	1587	1634	2161	166	1216	1373	2184	502	1005	1373	1338	1478	1337	682	770	372	1849	1391	1221	1870	989	1015	1837	1342	1046	785	1032	1324	1324	2947	928	2649	551	1133	1541	1166	855	1028	742	560	977	710	483	2803	727	1313	1166	1374	1330	1379	749	1460	1357	2005	1229	1926	999	1056	1160	623	1069	1349	1316	1311	1017	1248	841	1005	796	785	855	1900	1058	543	1343	986	1191	1099	1200	1466	744	837	1859	1349	1159	805	1076	699	807	1107	438	976	629	739	1131	1529	1169	321	815	1191	1467	1327	1501	1188	1199	385	1359	1016	26	1197	2903	1315	535	2736	853	1552	1131	1131	587	984	570	1926	521	929	2220	534	1804	162	1901	1132	1212	1865	1082	942	988	1245	1202	1381	849	1783	1785	975	999	2903	1318	725	465	2730	1429	1405	1253	2773	1710	916	1343	1343	1168	1330	463	1344	1265	1429	339	1319	1159	1663
1213	930	454	1250	2638	1503	1317	1477	1320	1103	1571	617	0	1092	3134	3112	1096	2564	1020	1037	1192	662	1055	1425	1196	1618	1431	703	1397	1159	741	281	1576	1577	1383	1169	1419	1136	1430	1095	2634	149	1285	1367	1332	886	1567	788	1260	851	780	1398	3132	1274	1357	1890	781	1276	785	832	1259	1491	1008	1036	1461	1261	1491	1326	1023	395	1070	890	1491	1288	1580	850	1556	127	1661	1579	1416	644	1385	849	768	1343	1402	824	1444	1336	862	381	1076	1326	839	646	614	757	1461	1048	1812	1454	681	1430	1341	1452	1174	634	2371	560	1464	2179	1667	1493	479	1488	975	1149	1159	1305	1397	1628	1546	1159	1064	1313	2573	527	1431	1495	1684	127	394	1496	1419	915	1496	887	483	246	2207	1576	614	2220	464	1251	1228	1497	1241	992	1321	1596	1596	3073	1200	3091	680	751	1664	774	852	1310	929	87	1325	916	1096	3045	123	1578	774	1155	1334	1567	930	1556	1356	1541	1348	1507	1090	1177	1325	890	670	1459	1468	1464	1157	833	1027	1192	388	1223	737	1974	1250	483	1422	1400	1397	632	1402	1618	636	659	1287	1459	600	1259	1064	908	1063	1016	293	1316	772	1127	1350	1798	1516	936	1020	762	1617	1141	1594	1393	848	428	1473	1157	613	845	3030	1468	81	3031	721	1062	1350	1350	1122	1398	845	2214	97	958	1725	1149	1296	675	1300	723	867	2366	1038	468	1234	886	1407	1013	1146	2055	1996	1328	1235	3031	1661	834	859	2317	1027	860	838	3073	2118	1182	1493	1493	1635	1278	379	1349	1472	1027	950	1470	1384	1806
185	202	681	165	1555	421	225	413	228	1031	479	951	1092	0	2043	2134	120	1472	2018	360	114	827	400	342	208	553	2484	619	307	246	842	1271	616	2171	292	124	382	1022	396	1184	1554	948	306	282	433	1971	474	632	178	749	358	308	2096	274	2194	2836	1034	1718	320	756	596	420	429	123	376	207	420	313	257	1368	1257	392	420	283	508	828	2588	1086	649	502	330	863	297	244	880	337	380	950	358	244	1935	711	839	313	964	815	1588	336	438	46	2812	529	848	393	266	529	82	803	1310	1091	378	1140	585	409	614	571	2042	66	246	282	512	546	524	246	1383	2398	1565	1077	343	427	1807	1086	1260	428	387	1945	409	268	1525	976	1164	484	1586	1171	1045	206	1886	412	160	1735	321	527	527	2019	238	2098	439	853	599	882	1761	304	209	1008	416	242	1174	1952	1200	507	882	711	414	474	202	509	441	1580	280	1429	88	105	232	338	1760	400	382	378	68	957	116	114	846	552	447	949	165	610	392	573	307	1724	311	536	491	539	1733	400	1657	596	266	252	211	395	822	397	344	441	270	717	536	991	149	956	535	635	550	304	1932	713	411	67	925	828	1975	382	1061	1942	469	1284	270	270	1439	573	386	1130	1062	198	1828	1175	1511	798	1886	898	824	1508	316	946	211	1973	317	948	272	968	904	425	197	1975	649	261	531	3405	1036	1912	959	1986	1133	221	409	409	826	466	725	425	381	1036	1106	385	304	731
1928	2208	2704	1884	530	1650	1820	1666	1818	2635	1567	2854	3134	2043	0	1044	2057	577	3998	2203	1942	2771	2209	1723	1951	1530	4517	2546	1737	2001	2750	3309	1655	3958	1751	1981	1767	2597	1759	2906	546	2988	1876	1767	1878	4004	1572	2505	1875	2610	2365	1736	949	1878	4128	4805	2918	3486	2351	2627	2075	1673	2267	2114	1688	1877	1673	1828	2168	3375	3009	2299	1673	1864	1561	2680	4572	3118	1537	1560	1719	2762	1749	2288	2772	1816	1756	2811	1704	1802	3977	2753	2541	1828	2817	2766	3612	2377	1743	2087	4814	1837	2731	1757	1810	1840	1961	2760	849	3015	1683	1069	1495	1658	2655	1825	4082	1990	2001	1844	1842	1509	1676	2001	3170	4428	931	3013	1703	1673	3301	3118	3281	1670	1770	3975	1651	2258	3545	2995	1037	1564	3608	1008	3041	1889	3754	1651	1893	3599	1838	1548	1547	793	1954	960	2462	2755	1522	2771	3710	1845	2210	3049	1877	2228	2803	213	3244	1563	2771	2354	1915	1572	2208	1641	1904	3083	1808	2892	2057	1966	1813	2278	3797	1713	1681	1684	1980	2813	2109	1942	2871	2083	2453	1355	1884	2651	1769	1884	1737	3767	1732	1540	2525	2547	3500	1713	3697	2075	2135	2237	2090	2240	2856	1879	2367	2115	1785	1341	1685	2715	2119	2848	1543	2299	1613	1741	3965	2735	1698	1980	2832	2683	783	1680	3098	138	2475	3048	1785	1785	3115	1886	2330	930	3098	2200	3297	2762	3185	2693	3711	2809	2667	1475	2181	2944	1909	4007	1727	2697	2023	1083	1149	1879	1905	782	1537	2300	2393	5449	2781	3948	2813	130	1240	1970	1658	1658	1783	2024	2761	1903	1662	2781	2829	1678	1751	1378
1962	2226	2658	1974	908	1878	1956	1725	1960	2289	1763	2658	3112	2134	1044	0	2204	1171	3777	2424	2020	2960	2448	1921	1961	1591	4543	2423	1854	1978	2968	3348	1547	4285	1870	2132	2028	2244	2028	3248	882	2965	1860	1868	1787	3893	1765	2351	1959	2855	2349	1854	1964	1881	4327	4957	3158	3818	2367	2866	1867	1918	2499	2245	1894	1928	1918	1833	2349	3240	3338	2222	1918	1869	1642	2934	4330	3055	1487	1654	1825	2578	1859	2353	3002	1811	1759	3064	1903	1949	3972	2758	2870	1833	3075	2948	3685	2414	2035	2165	4913	2189	2540	2023	1998	2193	2068	2937	916	2814	1888	1014	1782	1877	2662	2198	4086	2108	1978	1861	1717	1626	2006	1978	3482	4292	577	2824	1818	1926	3778	3055	3368	1922	2035	4022	1859	2250	3422	2912	995	1768	3683	1001	3174	1932	4016	1866	1977	3282	1831	1621	1621	1802	1947	84	2449	2977	1847	3003	3468	1846	2223	3026	1795	2225	2433	1221	3234	1643	3003	2692	2211	1769	2226	1949	2214	3546	2007	3362	2188	2103	1955	2229	3712	1965	1888	1888	2093	3069	2146	2020	2961	1897	2582	1889	1974	2660	2037	1712	1854	3719	1855	1807	2610	2671	3833	1965	3712	1867	2332	2230	2075	2465	2819	1808	2370	1985	1872	1475	1617	2421	2140	3080	1812	2620	1942	1857	3855	2683	1952	2091	2642	2936	1783	1886	3054	939	2604	3371	1872	1872	2719	1714	2270	1167	3048	2330	3786	2377	3566	2517	4007	3025	2926	826	2388	3076	1937	3900	1848	3013	1982	1302	1489	1792	1945	1781	1487	2339	2262	5386	3104	3972	3071	921	1005	1967	1877	1877	1492	2335	2739	2205	1800	3104	2510	1886	1839	1742
292	284	716	236	1584	409	251	479	250	1139	491	1022	1096	120	2057	2204	0	1481	2054	247	205	758	284	334	323	613	2460	697	351	366	763	1252	712	2087	335	76	328	1131	341	1083	1585	957	413	335	546	1982	487	722	253	658	421	352	2054	379	2134	2786	954	1628	366	667	717	394	320	60	369	299	394	411	150	1398	1160	489	394	386	563	737	2618	1104	729	553	380	937	345	262	798	435	470	863	353	264	1921	720	728	411	876	747	1557	362	377	139	2773	435	926	339	247	435	143	737	1356	1154	373	1198	571	400	628	477	2025	102	366	380	624	589	465	366	1292	2409	1630	1137	388	398	1696	1104	1226	400	330	1918	406	350	1547	1006	1222	494	1554	1225	998	304	1812	406	237	1799	422	584	584	1985	354	2164	484	773	568	800	1807	406	293	1015	529	329	1277	1955	1197	562	800	593	313	486	284	464	340	1468	252	1313	32	100	254	431	1767	363	376	373	119	869	224	205	814	673	399	898	236	623	334	689	351	1723	352	523	469	493	1643	363	1640	717	149	339	329	284	842	509	395	561	333	757	630	1088	259	876	521	516	504	348	1944	748	376	121	995	738	1942	377	1074	1962	421	1189	333	333	1532	689	474	1161	1077	142	1716	1280	1410	876	1805	821	731	1603	203	898	316	1982	358	845	393	998	909	538	298	1942	729	301	627	3395	934	1891	871	2007	1210	338	400	400	937	350	745	326	414	934	1201	379	365	710
1366	1643	2140	1315	262	1074	1247	1108	1245	2143	994	2315	2564	1472	577	1171	1481	0	3451	1626	1373	2194	1633	1147	1393	979	3940	1998	1169	1448	2174	2733	1140	3399	1182	1405	1189	2108	1182	2345	290	2419	1325	1199	1345	3439	998	1964	1307	2036	1802	1168	954	1324	3555	4230	2345	2927	1784	2052	1564	1095	1690	1539	1112	1314	1095	1275	1590	2818	2446	1748	1095	1310	1005	2107	4025	2553	1015	1001	1152	2223	1181	1716	2197	1265	1206	2238	1128	1229	3403	2183	1975	1275	2245	2189	3035	1807	1167	1516	4237	1267	2194	1180	1234	1270	1390	2183	460	2474	1107	639	918	1081	2085	1257	3506	1417	1448	1288	1319	947	1101	1448	2605	3865	755	2470	1135	1095	2774	2553	2704	1093	1193	3398	1075	1696	2984	2433	613	990	3031	577	2464	1327	3186	1075	1325	3078	1286	993	993	805	1398	1093	1897	2180	946	2196	3169	1292	1646	2480	1341	1666	2312	487	2672	1007	2196	1788	1340	998	1643	1065	1330	2550	1231	2359	1482	1392	1240	1722	3230	1136	1105	1108	1407	2240	1543	1373	2294	1565	1877	814	1315	2081	1192	1372	1169	3196	1163	963	1950	1970	2941	1136	3122	1564	1557	1675	1532	1663	2289	1340	1801	1581	1219	787	1156	2205	1555	2274	966	1730	1038	1172	3400	2171	1121	1408	2292	2110	769	1104	2531	498	1898	2485	1219	1219	2625	1374	1775	403	2531	1624	2773	2278	2633	2153	3147	2234	2094	1233	1603	2366	1349	3442	1158	2130	1472	532	572	1344	1343	768	1015	1730	1850	4875	2216	3372	2240	545	846	1414	1081	1081	1321	1451	2193	1329	1093	2216	2322	1102	1186	802
2090	1825	1338	2155	3477	2440	2238	2342	2243	1495	2485	1148	1020	2018	3998	3777	2054	3451	0	2040	2098	1670	2062	2360	2059	2471	1188	1452	2298	2002	1745	1061	2353	2115	2287	2118	2382	1540	2395	2039	3467	1125	2125	2264	2121	421	2481	1494	2160	1866	1663	2299	4108	2126	1666	1851	1741	2011	1698	1847	1950	2437	2018	1994	2394	2143	2437	2175	2010	657	1985	1702	2437	2140	2445	1857	574	966	2464	2450	2309	1238	2283	1792	1766	2185	2245	1809	2376	2259	822	1349	2087	2175	1821	1656	1089	1692	2430	1972	1654	2449	1271	2393	2283	2447	2098	1646	3179	986	2396	2966	2603	2428	1431	2485	886	2082	2002	2162	2164	2504	2518	2002	1925	583	3302	986	2327	2443	2525	966	1205	2444	2384	1022	2426	1766	537	1048	2997	2493	1095	3018	1418	2129	1799	2429	2144	571	2164	2457	2457	4037	2052	3775	1578	1754	2616	1771	311	2158	1821	1080	2121	1796	1370	3938	975	2443	1771	2175	2325	2482	1825	2517	2349	2435	2294	2446	2040	2116	2247	1730	520	2412	2400	2396	2087	1817	1926	2098	1406	1932	1739	2951	2155	1436	2388	2134	2298	651	2305	2554	1628	1670	2017	2412	880	1950	2052	1786	1921	2023	1216	2119	1674	1885	2241	2663	2315	1356	1907	1743	2554	2162	2558	2294	416	1306	2425	2086	1169	1852	3993	2400	1009	3881	1725	1965	2241	2241	1145	2132	1676	3068	1001	1927	2569	1432	2155	1307	1918	1718	1875	2964	2034	1459	2104	438	2309	2006	1979	2921	2904	2120	2112	3993	2464	1760	1605	1690	2004	925	1821	3920	2854	2038	2428	2428	2303	2283	1312	2340	2374	2004	1272	2403	2272	2750
539	455	740	479	1757	568	471	711	466	1308	673	1106	1037	360	2203	2424	247	1626	2040	0	453	568	42	510	568	836	2326	810	573	605	556	1141	956	1860	557	303	437	1307	443	840	1761	915	660	565	792	1918	670	858	495	431	535	574	2098	627	1941	2607	739	1395	463	444	947	537	75	240	541	546	537	658	104	1384	921	657	537	634	784	509	2591	1074	966	771	604	1032	571	349	584	682	714	640	529	476	1810	693	481	658	651	563	1418	427	461	361	2611	417	1030	446	428	415	389	557	1554	1215	546	1412	710	564	621	450	1906	349	605	627	871	798	535	605	1059	2342	1848	1193	609	535	1449	1074	1089	538	433	1783	578	508	1513	1003	1433	672	1414	1433	840	551	1599	574	481	1853	669	805	805	2047	598	2381	556	563	681	585	1820	653	465	966	775	499	1430	2083	1121	783	585	353	304	668	455	563	323	1221	421	1068	275	337	471	596	1700	494	548	546	366	645	437	453	696	901	301	946	479	616	434	933	573	1639	571	668	412	380	1410	494	1527	947	98	506	551	40	829	755	495	782	568	957	875	1233	469	663	665	279	594	571	1881	769	508	368	1080	511	2005	549	1033	2119	316	952	568	568	1659	934	625	1341	1040	208	1469	1443	1166	980	1582	615	501	1847	44	745	563	1917	578	601	628	1179	1059	784	546	2005	966	407	784	3282	692	1767	646	2164	1441	581	564	564	1184	242	738	318	624	692	1336	550	597	826
91	272	769	58	1448	352	145	299	152	1031	388	1005	1192	114	1942	2020	205	1373	2098	453	0	941	489	275	131	440	2593	672	204	193	955	1379	508	2283	191	162	353	1017	368	1288	1446	1046	209	174	345	2066	383	670	67	858	434	205	2029	174	2308	2950	1147	1827	410	865	544	361	526	230	305	95	361	206	355	1452	1363	427	361	180	396	936	2669	1179	535	391	223	914	192	351	992	230	268	1060	287	167	2041	811	934	206	1074	929	1700	435	411	150	2925	536	895	363	220	536	65	917	1198	1152	306	1026	510	338	713	577	2148	104	193	175	421	437	491	193	1492	2492	1450	1141	238	371	1902	1179	1372	371	360	2054	332	332	1614	1063	1051	395	1697	1058	1159	98	2000	337	48	1791	216	414	415	1946	163	1984	525	965	536	994	1833	200	276	1107	328	302	1183	1857	1303	395	994	795	436	384	272	463	460	1673	239	1516	180	126	155	381	1856	353	310	305	87	1067	172	0	958	503	562	898	58	709	366	489	204	1825	210	462	603	653	1842	353	1763	543	355	312	208	490	915	307	428	409	159	609	427	1010	191	1069	462	717	504	200	2027	800	361	85	979	937	1902	310	1157	1839	584	1391	159	159	1461	490	435	1023	1157	311	1922	1178	1615	847	1998	1011	932	1400	409	1060	112	2068	215	1050	227	863	810	337	93	1902	535	358	560	3509	1139	2020	1069	1881	1019	153	338	338	733	514	820	445	280	1139	1128	313	194	658
1007	782	652	986	2324	1133	1009	1234	1006	1426	1235	1043	662	827	2771	2960	758	2194	1670	568	941	0	561	1071	1016	1370	1774	887	1109	1021	80	648	1438	1352	1093	832	1005	1443	1012	497	2327	608	1120	1093	1226	1462	1231	973	1001	204	729	1110	2609	1093	1378	2039	227	918	674	183	1287	1105	504	715	1103	1034	1105	1137	619	1056	519	896	1105	1104	1321	188	2178	754	1477	1311	1138	1009	1103	636	117	1160	1207	194	1090	1019	1287	510	417	1137	212	21	872	614	1027	800	2044	953	1029	1014	985	950	891	39	2112	1081	1109	1957	1279	1129	527	976	1374	852	1021	1107	1306	1346	1097	1021	599	1871	2388	1049	1146	1103	1150	754	556	1106	1001	1236	1141	789	1133	763	1980	1234	867	1983	295	1033	1059	1138	983	1634	1142	1342	1342	2574	1038	2922	663	92	1248	123	1514	1127	788	627	1212	803	1493	2647	694	1320	123	527	859	1229	782	1129	872	962	982	886	771	858	1011	854	1246	1062	1110	1108	867	204	836	941	280	1241	388	1484	986	524	1002	1347	1109	1161	1110	1236	407	312	932	1062	1010	1287	645	802	932	530	619	1195	689	1116	1088	1512	1360	1295	852	157	1233	538	1158	1106	1429	662	1077	868	1024	183	2533	1111	700	2687	367	531	1088	1088	1629	1346	844	1906	714	630	1184	1528	785	992	1063	92	205	2322	594	218	1033	1457	1116	356	1029	1743	1628	1219	1022	2533	1477	670	965	2745	389	1231	209	2733	1961	1017	1129	1129	1609	761	580	871	1171	389	1362	1113	1121	1393
577	498	772	513	1769	583	499	740	494	1350	692	1142	1055	400	2209	2448	284	1633	2062	42	489	561	0	529	607	862	2327	849	601	645	543	1150	990	1836	585	335	447	1349	452	810	1774	937	698	594	831	1933	688	899	529	412	576	601	2086	664	1928	2598	722	1370	504	426	989	550	57	281	559	581	550	694	146	1407	893	699	550	670	810	489	2611	1096	996	796	632	1069	599	390	569	717	748	621	548	503	1816	718	446	694	631	557	1420	465	465	402	2605	406	1068	455	450	403	425	553	1573	1249	565	1435	720	581	650	436	1911	385	645	663	909	821	536	645	1034	2356	1871	1226	636	547	1412	1096	1092	550	442	1785	595	550	1534	1030	1455	689	1415	1454	840	587	1580	590	516	1885	706	831	832	2038	637	2404	594	549	687	569	1847	689	508	986	814	541	1471	2086	1135	810	569	311	299	686	498	568	316	1183	442	1029	313	371	498	639	1714	505	565	564	402	626	479	489	706	943	323	938	513	644	443	973	601	1651	598	680	437	396	1385	505	1534	988	134	548	593	39	856	793	535	824	599	977	909	1273	511	648	676	237	597	599	1896	800	520	404	1116	491	1995	567	1054	2127	337	925	599	599	1698	973	667	1356	1061	250	1432	1484	1135	1019	1561	602	480	1879	84	746	601	1931	605	571	669	1194	1069	823	582	1996	996	448	826	3287	662	1771	626	2173	1468	621	581	581	1222	222	766	313	648	662	1376	567	627	831
324	538	1024	225	1255	79	130	269	122	1288	164	1280	1425	342	1723	1921	334	1147	2360	510	275	1071	529	0	369	353	2794	946	145	441	1065	1586	551	2365	139	258	138	1270	147	1328	1258	1284	383	170	507	2308	160	944	228	941	698	144	1757	353	2448	3109	1249	1897	663	954	754	88	583	392	35	276	88	340	452	1710	1416	702	88	347	302	1018	2930	1426	512	284	168	1189	157	578	1094	354	342	1150	19	107	2256	1046	952	340	1160	1063	1890	675	183	388	3102	353	1170	140	87	355	262	1055	1044	1425	39	907	243	67	951	385	2359	279	441	323	559	298	239	441	1562	2735	1344	1413	158	100	1891	1426	1559	98	148	2252	72	601	1866	1318	926	163	1887	925	1325	293	2109	71	238	2065	360	323	323	1677	394	1875	782	1072	261	1095	2101	349	543	1343	491	572	1445	1621	1529	302	1095	780	311	158	538	197	324	1658	88	1485	336	249	119	656	2095	97	42	38	274	1155	440	275	1148	722	731	624	225	946	152	641	145	2055	135	194	803	825	1912	97	1974	754	425	583	480	550	1162	473	686	653	196	448	477	1278	464	1173	193	705	236	146	2270	1056	98	274	1253	1020	1633	42	1398	1629	752	1450	196	196	1730	642	709	835	1400	476	1905	1436	1648	1122	2090	1124	1009	1398	477	1227	325	2310	140	1091	476	672	575	500	306	1634	512	602	834	3729	1182	2225	1155	1674	956	396	67	67	833	431	1064	311	140	1182	1398	45	195	389
46	269	754	150	1444	438	243	285	253	919	442	941	1196	208	1951	1961	323	1393	2059	568	131	1016	607	369	0	423	2614	612	254	72	1039	1403	422	2367	248	291	470	902	484	1392	1439	1047	103	219	224	2053	437	594	143	953	416	255	2098	80	2367	2997	1231	1918	415	959	413	457	638	332	392	94	457	131	466	1425	1462	360	457	94	389	1031	2633	1169	476	392	257	848	238	391	1078	150	207	1150	376	264	2055	820	1047	131	1165	1002	1732	455	527	220	2961	662	824	478	334	663	194	989	1175	1094	392	988	582	422	721	702	2164	228	72	108	304	445	601	72	1585	2477	1400	1086	276	469	2016	1169	1410	468	478	2081	411	309	1593	1043	1015	452	1730	1026	1213	77	2075	419	138	1723	130	403	404	2007	32	1930	516	1050	621	1081	1784	116	268	1109	208	280	1076	1880	1312	387	1081	916	566	440	269	565	590	1788	354	1636	293	255	254	329	1849	458	396	391	212	1158	184	131	1000	374	629	989	150	718	483	366	254	1827	263	537	648	715	1933	458	1781	413	472	288	138	603	909	188	424	286	192	609	345	911	180	1153	538	839	605	250	2014	784	464	210	915	1031	1963	396	1153	1842	650	1489	192	192	1363	366	382	1023	1151	400	2037	1067	1719	779	2080	1092	1028	1307	524	1115	47	2057	265	1155	106	868	846	216	62	1963	476	378	480	3513	1243	2040	1160	1883	956	27	422	422	617	644	817	574	325	1243	1031	399	218	729
404	688	1177	388	1021	342	365	142	369	1210	236	1336	1618	553	1530	1591	613	979	2471	836	440	1370	862	353	423	0	3030	1019	262	471	1376	1816	258	2695	279	541	484	1182	490	1670	1016	1469	346	277	377	2476	235	984	375	1265	839	262	1753	348	2744	3390	1566	2232	833	1275	624	387	911	656	336	358	387	297	758	1845	1755	769	387	334	52	1343	3046	1592	171	69	233	1243	267	789	1410	286	226	1473	338	359	2474	1239	1298	297	1484	1360	2139	868	515	590	3365	690	1215	484	417	693	481	1349	759	1495	330	587	359	334	1140	716	2582	519	471	314	375	85	533	471	1895	2899	1017	1490	226	400	2244	1592	1812	396	494	2493	312	732	2015	1466	611	248	2137	617	1599	367	2425	322	393	2105	307	30	30	1646	423	1551	938	1386	436	1412	2189	314	688	1531	370	703	1379	1467	1732	52	1412	1131	665	240	688	471	676	2011	429	1838	599	512	364	747	2272	428	332	330	504	1478	593	440	1399	613	999	753	388	1137	497	448	262	2249	264	343	1043	1092	2247	428	2198	624	741	711	560	876	1332	366	845	607	284	192	219	1247	597	1488	348	1055	490	265	2437	1207	419	503	1312	1345	1602	330	1576	1419	1021	1787	284	284	1686	451	800	600	1574	743	2258	1354	1994	1173	2415	1434	1336	1045	797	1500	383	2480	257	1432	493	449	468	375	383	1602	171	789	871	3935	1523	2456	1480	1460	607	440	334	334	548	785	1239	663	216	1523	1367	332	250	461
2626	2345	1885	2649	4040	2866	2702	2888	2703	2414	2951	1945	1431	2484	4517	4543	2460	3940	1188	2326	2593	1774	2327	2794	2614	3030	0	2125	2792	2583	1815	1213	3006	1329	2777	2537	2756	2456	2764	1862	4039	1579	2708	2766	2762	807	2947	2203	2660	1963	2205	2793	4377	2694	790	671	1689	1498	2199	1944	2684	2845	2270	2404	2829	2671	2845	2746	2351	1370	1765	2321	2845	2708	2988	1909	1163	1492	3086	2984	2814	2008	2782	2242	1806	2764	2822	1796	2813	2719	573	1795	2112	2746	1797	1774	907	2162	2785	2443	467	2727	2047	2766	2707	2724	2564	1776	3788	1814	2833	3602	3023	2859	1894	2751	458	2532	2583	2722	2828	3030	2862	2583	1625	714	4003	1793	2828	2846	2044	1492	1237	2848	2753	542	2866	2309	1198	1637	3630	2954	911	3641	1487	2662	1158	2865	2641	1711	2742	3006	3006	4347	2622	4522	2104	1814	3004	1809	1409	2730	2345	1517	2755	2337	2342	4407	1309	2987	1809	2274	2627	2946	2345	2887	2642	2069	2709	2170	2462	2553	2708	2319	895	2806	2836	2833	2543	1798	2437	2593	1646	2650	2063	3258	2649	1897	2755	2830	2792	846	2796	2977	1995	1970	1495	2806	833	2684	2386	2330	2486	2292	1724	2744	2191	2558	2752	3202	2943	2248	2435	1741	2975	2302	2920	2788	833	1859	2821	2544	1954	1905	4306	2837	1490	4423	2042	1727	2752	2752	2209	2829	2275	3614	1496	2318	2087	2405	1785	2058	1285	1760	1926	3787	2343	1581	2649	792	2801	1970	2573	3453	3368	2758	2647	4307	3086	2240	2284	987	1916	574	1800	4467	3549	2602	2859	2859	3061	2535	1807	2640	2864	1916	2209	2839	2787	3150
646	418	276	725	2028	1024	817	891	824	543	1050	333	703	619	2546	2423	697	1998	1452	810	672	887	849	946	612	1019	2125	0	860	551	951	966	916	2160	851	739	1002	557	1016	1376	2020	563	672	825	675	1484	1045	92	727	954	279	861	2701	675	2029	2591	1108	1772	347	947	559	1031	836	646	977	701	1031	723	729	837	1406	252	1031	689	993	1009	2027	632	1019	999	868	243	845	464	995	733	792	1077	959	839	1551	423	1150	723	1095	866	1309	384	1057	577	2515	1132	229	1013	881	1132	689	848	1737	482	978	1531	1181	1010	365	1174	1666	686	551	712	728	1053	1144	551	1477	1899	1900	474	886	1040	2034	632	1031	1040	1007	1618	1003	351	1014	488	1561	1059	1309	1579	930	685	1826	1009	713	1119	711	1004	1005	2615	602	2407	262	965	1207	1000	1173	706	410	620	674	377	634	2486	827	991	1000	1112	1009	1047	418	1127	1036	1836	896	1732	672	725	827	290	1293	1016	982	977	685	1087	508	672	704	526	603	1566	725	367	1012	715	860	1295	868	1133	510	616	1786	1016	1301	559	766	367	476	818	421	669	315	447	800	1211	869	432	482	1044	1133	1056	1168	856	1445	290	1026	683	307	1006	2571	982	636	2431	608	1418	800	800	849	713	237	1616	628	617	2066	658	1672	179	1869	980	1017	1663	780	855	658	1490	871	1184	526	1468	1459	673	669	2571	1019	409	162	2969	1248	1559	1092	2470	1444	588	1010	1010	936	1020	371	1022	934	1248	528	985	829	1330
214	475	973	146	1247	194	102	142	107	1162	189	1191	1397	307	1737	1854	351	1169	2298	573	204	1109	601	145	254	262	2792	860	0	324	1114	1579	417	2432	16	278	279	1142	290	1411	1246	1251	245	34	363	2270	185	847	138	1002	637	1	1844	219	2485	3135	1303	1969	615	1012	614	225	649	398	155	160	225	198	495	1655	1494	609	225	211	212	1080	2870	1384	398	201	31	1099	15	551	1147	210	197	1210	143	98	2243	1015	1041	198	1221	1099	1895	639	328	349	3117	494	1077	283	170	496	228	1089	1007	1343	152	847	328	179	917	528	2350	263	324	185	414	240	383	324	1633	2696	1279	1333	37	238	1996	1384	1566	236	289	2252	163	532	1818	1267	870	199	1892	873	1345	177	2162	173	156	1975	218	233	233	1755	273	1813	729	1123	372	1149	2029	209	479	1311	347	502	1323	1652	1506	211	1149	880	436	187	475	335	452	1763	187	1596	340	251	102	571	2061	242	157	152	250	1215	375	204	1152	584	744	739	146	913	293	495	0	2029	10	283	797	838	1984	242	1964	614	478	512	384	614	1120	330	633	525	62	410	340	1163	390	1226	285	803	371	3	2232	1004	242	249	1166	1082	1711	155	1362	1635	766	1526	62	62	1614	497	625	822	1362	485	2012	1309	1736	1031	2152	1172	1074	1287	535	1245	207	2273	10	1172	357	661	607	356	193	1711	398	562	733	3712	1263	2220	1217	1678	867	280	179	179	692	547	1024	438	76	1263	1284	159	50	475
118	248	711	221	1490	510	315	339	325	847	511	877	1159	246	2001	1978	366	1448	2002	605	193	1021	645	441	72	471	2583	551	324	0	1048	1375	431	2374	319	346	540	830	554	1414	1484	1010	126	289	205	2007	506	527	214	972	378	325	2166	124	2357	2979	1239	1930	389	976	353	530	672	365	465	166	530	173	501	1373	1481	300	530	137	442	1048	2576	1126	502	447	325	784	308	386	1089	186	246	1163	449	337	2020	788	1080	173	1179	1006	1708	436	598	245	2937	729	759	549	405	730	251	991	1213	1032	464	1019	652	495	689	770	2131	280	0	160	285	502	673	0	1599	2429	1423	1025	344	542	2047	1126	1390	540	548	2053	483	274	1544	996	1048	521	1706	1061	1202	149	2075	491	209	1657	164	454	455	2073	51	1949	480	1060	693	1092	1724	156	245	1072	191	247	1004	1935	1277	440	1092	957	629	509	248	638	654	1821	425	1673	335	312	326	277	1805	531	469	463	266	1171	186	193	984	311	633	1061	221	687	554	334	324	1787	334	608	638	713	1945	531	1749	353	512	253	97	638	869	175	393	216	262	661	361	839	168	1162	609	881	677	321	1968	740	536	264	852	1048	2029	468	1112	1890	653	1506	262	262	1291	334	328	1071	1109	422	2069	994	1741	714	2085	1100	1047	1302	561	1106	117	2011	335	1181	34	920	908	198	135	2029	502	363	413	3473	1267	2009	1174	1930	973	44	495	495	594	701	780	638	393	1267	960	471	285	799
