NAME : VRPTW_INSTANCE_233.txt
COMMENT : Bangkok Supermarket
TYPE : VRPTW
DIMENSION : 231
DAYS : Monday
EDGE_WEIGHT_TYPE : EXPLICIT
VEHICLES : 33
EDGE_WEIGHT_FORMAT : FULL_MATRIX
CAPACITY : 1000
EDGE_WEIGHT_SECTION
0	524	79	215	258	113	348	216	1121	124	113	409	1521	345	428	173	146	537	609	248	213	582	963	210	1126	581	383	622	462	2061	1036	1929	465	111	221	236	935	848	1784	183	346	612	1608	482	1321	116	477	1052	390	603	404	279	935	639	54	183	497	1079	206	1041	1321	641	193	215	489	97	153	155	976	93	214	1041	451	412	1725	2025	404	118	371	1721	499	111	37	540	59	264	1356	333	91	245	395	403	1079	50	205	382	428	214	611	255	170	330	202	140	875	673	300	394	358	508	1117	133	1170	127	1028	582	910	440	1744	595	252	1029	264	202	1739	258	1016	1496	101	191	367	1085	288	85	524	255	831	413	124	2767	207	1933	130	1745	611	595	248	1138	3001	1297	1891	484	1404	2437	121	996	215	133	359	481	552	101	391	208	426	308	543	754	437	46	987	437	215	258	464	153	667	235	172	362	94	681	306	946	418	177	2050	46	904	610	907	113	1096	212	3825	311	91	60	358	1483	2214	26	97	341	1994	315	447	166	219	358	502	306	539	97	239	221	976	489	1117	2191	401	330	578	214	89	358	964	504	283	2944	365
524	0	602	336	719	527	176	315	1274	647	528	163	1915	179	885	480	429	357	898	510	317	667	1367	324	1532	657	382	99	225	2443	1224	1874	531	422	330	659	1156	590	2147	526	178	1128	1555	64	1302	528	75	1212	185	703	145	268	914	307	473	526	63	1224	345	1226	1302	154	342	315	623	454	524	472	1195	436	316	1226	596	124	1348	2443	910	640	865	2038	64	525	490	80	464	525	1736	845	481	306	908	172	1224	491	329	611	863	317	342	622	431	807	726	539	992	668	778	130	165	109	1247	621	1238	543	1496	1026	1156	437	1789	698	670	1159	525	495	1692	299	1439	1503	505	511	157	1517	268	607	67	672	899	915	587	3193	642	1863	515	1757	287	716	510	1140	3324	1492	2365	625	1824	2538	534	1203	319	621	651	72	177	591	189	327	125	267	649	288	643	568	1510	196	316	719	871	524	254	316	466	162	439	964	271	1142	140	463	2393	568	1415	163	1431	528	1235	737	4158	269	481	464	580	1162	2275	523	431	419	1961	252	215	428	313	166	58	719	355	531	660	330	1195	623	853	2192	173	807	254	318	438	580	1373	447	568	3170	159
79	602	0	285	229	131	427	295	1132	45	131	482	1481	424	386	228	204	608	608	293	293	621	925	289	1086	622	431	701	528	2021	1043	1963	516	189	291	201	938	897	1748	198	424	540	1643	559	1356	133	554	1063	462	639	484	358	976	715	129	198	573	1092	275	1048	1356	716	267	295	527	171	170	213	978	167	294	1048	490	491	1779	1977	341	38	316	1695	575	131	111	616	138	306	1320	255	156	316	327	475	1092	114	279	386	395	293	685	267	221	286	124	149	897	695	257	472	437	587	1132	114	1194	135	971	540	909	502	1766	631	216	1046	306	229	1773	328	972	1525	134	212	445	1038	359	11	601	219	862	352	129	2716	173	1969	153	1771	688	601	293	1144	2970	1298	1829	521	1358	2446	134	1000	290	114	349	557	630	69	463	281	505	386	582	826	466	34	911	516	294	229	439	170	745	305	231	441	166	679	384	953	498	236	2018	34	833	690	830	131	1109	136	3791	388	156	138	367	1531	2230	80	176	383	2025	394	525	219	298	436	579	292	610	115	205	291	978	527	1161	2216	473	286	654	293	168	367	924	545	289	2930	443
215	336	285	0	461	191	179	128	1236	327	192	198	1720	174	634	274	93	477	760	345	128	645	1161	135	1326	640	205	435	247	2259	1162	1975	505	155	6	324	1071	650	1975	193	171	825	1651	284	1373	192	277	1168	177	674	253	177	976	533	161	193	297	1190	9	1166	1373	434	32	126	564	192	188	255	1112	122	128	1166	526	249	1517	2231	620	319	586	1899	298	189	178	336	161	366	1551	512	219	31	610	191	1190	170	33	332	628	127	526	414	97	541	406	203	968	537	510	215	184	353	1223	341	1253	206	1241	787	1055	441	1827	667	336	1133	366	168	1786	43	1219	1562	170	181	182	1291	74	286	322	338	903	629	318	2975	306	1973	179	1815	504	508	345	1026	3184	1430	2105	561	1609	2546	197	1128	33	341	350	281	416	259	178	30	270	220	611	541	540	251	1195	320	126	461	655	188	532	21	262	187	121	832	221	1072	269	262	2237	251	1118	457	1112	192	1205	421	4012	226	219	159	300	1284	2307	205	153	188	2049	216	339	92	131	178	303	492	478	196	326	6	1112	564	924	2261	189	541	466	130	153	300	1163	331	259	3098	180
258	719	229	461	0	356	546	409	924	223	356	637	1263	545	173	241	404	600	393	243	407	488	705	398	868	493	641	810	706	1803	829	1790	429	313	465	417	721	1105	1525	426	548	429	1476	691	1188	358	690	855	622	495	579	451	832	736	306	426	708	888	453	835	1188	856	433	409	399	276	396	246	761	341	407	835	371	595	1978	1770	209	228	152	1467	710	355	292	754	302	240	1098	342	247	488	220	633	888	309	442	615	170	407	690	133	428	88	215	377	711	923	62	592	559	670	929	125	1006	363	785	326	688	458	1569	487	431	847	240	453	1601	501	759	1344	353	438	575	830	527	238	736	433	696	207	142	2514	391	1800	377	1582	713	830	243	1373	2744	1078	1653	391	1148	2231	361	784	451	125	575	693	690	297	625	445	601	458	450	979	321	246	821	576	409	0	210	396	793	478	254	563	345	459	454	741	589	258	1793	246	704	761	755	356	905	194	3567	457	247	304	596	1740	2024	280	310	599	1844	471	576	424	410	562	712	78	603	340	421	465	761	399	1375	2024	631	88	688	405	308	596	705	762	518	2701	573
113	527	131	191	356	0	362	255	1234	160	0	387	1612	357	518	278	98	609	721	355	253	689	1056	254	1217	687	303	626	417	2153	1149	2036	566	178	198	148	1048	767	1879	71	356	657	1714	475	1429	3	468	1165	365	712	430	322	1040	693	103	71	488	1192	182	1154	1429	622	186	254	597	187	41	257	1089	114	254	1154	559	431	1651	2108	467	151	446	1823	489	2	100	526	120	373	1451	322	193	222	451	379	1192	79	199	269	525	253	674	368	103	417	232	28	987	567	388	402	369	534	1230	234	1281	19	1100	671	1022	530	1856	704	163	1142	373	97	1846	231	1103	1606	24	81	370	1169	264	126	513	166	940	480	233	2846	124	2039	21	1856	664	483	355	1026	3100	1409	1955	592	1490	2550	9	1109	209	234	248	472	589	76	365	200	449	359	650	722	548	110	1013	482	253	356	566	41	706	212	274	372	108	792	358	1059	445	277	2148	110	949	639	928	0	1209	252	3921	363	193	119	246	1401	2327	86	163	253	2103	362	496	104	259	365	494	412	610	16	151	198	1089	597	1030	2302	377	417	628	255	154	246	1055	414	170	3052	369
348	176	427	179	546	362	0	138	1185	472	363	126	1766	6	715	312	268	332	762	354	141	576	1212	148	1378	568	306	274	225	2298	1124	1861	432	245	173	502	1045	655	2006	373	11	951	1538	145	1270	364	145	1120	127	609	75	102	872	360	298	373	162	1136	186	1127	1270	310	176	139	512	277	366	301	1085	263	140	1127	480	69	1476	2288	734	465	690	1910	165	360	315	209	289	371	1590	674	305	155	731	128	1136	318	162	497	697	141	363	458	276	633	551	378	907	637	604	46	13	174	1165	444	1175	379	1328	860	1038	347	1741	603	515	1075	371	348	1675	154	1280	1465	338	361	36	1357	132	432	191	517	826	740	411	3038	482	1855	353	1720	332	645	354	1127	3198	1394	2197	512	1668	2477	370	1097	154	444	524	148	238	420	133	162	90	121	549	437	514	392	1333	154	139	546	710	366	352	162	297	17	266	831	124	1038	91	295	2259	392	1239	278	1254	363	1150	560	4030	126	305	288	465	1267	2226	349	254	321	1941	106	177	271	136	22	166	552	332	364	504	173	1085	512	931	2163	126	633	294	142	261	465	1217	411	435	3072	34
216	315	295	128	409	255	138	0	1116	341	256	234	1644	137	580	182	178	361	658	239	2	519	1087	11	1253	514	326	411	317	2179	1046	1847	378	108	126	404	958	745	1890	288	139	812	1523	282	1245	258	280	1048	222	549	188	66	847	437	172	288	298	1069	127	1049	1245	447	100	1	441	138	271	168	999	143	1	1049	404	197	1592	2162	595	334	551	1803	301	253	187	344	159	259	1470	548	166	130	593	231	1069	195	94	454	564	2	420	330	198	496	418	277	845	662	466	185	151	291	1101	305	1127	275	1193	727	946	313	1701	542	418	1011	259	275	1658	140	1152	1434	230	281	166	1227	149	302	327	420	777	601	273	2910	379	1845	253	1688	409	636	239	1152	3091	1315	2061	439	1541	2423	265	1014	95	305	463	283	338	300	226	97	209	105	486	570	424	262	1196	227	1	409	581	271	454	127	168	154	148	729	104	957	202	166	2148	262	1100	394	1118	256	1084	426	3921	109	166	159	423	1371	2181	221	119	315	1921	106	240	191	3	153	303	421	362	252	406	126	999	441	1021	2134	229	496	372	4	127	423	1091	449	372	2988	163
1121	1274	1132	1236	924	1234	1185	1116	0	1140	1235	1312	941	1189	853	972	1234	925	532	894	1115	610	676	1106	739	619	1440	1311	1410	1354	107	933	753	1095	1236	1333	220	1840	1051	1304	1195	1094	667	1294	430	1237	1302	69	1311	575	1152	1098	450	1039	1144	1304	1309	50	1232	100	430	1423	1203	1117	676	1067	1274	993	190	1160	1115	100	711	1179	2612	1446	1002	1144	957	868	1312	1233	1139	1349	1130	874	775	1251	1050	1245	1035	1313	50	1162	1203	1504	810	1115	977	867	1262	923	1139	1261	282	1771	935	1211	1197	1168	53	1018	197	1248	961	787	271	842	654	582	1347	117	874	1318	759	1256	764	487	1220	1310	1221	826	1263	1143	1331	1350	381	984	1006	2160	1305	957	1251	686	1041	1714	894	2253	2103	228	1592	677	957	1316	1242	161	1207	1018	1478	1303	1120	1199	1316	1207	1164	1065	635	1553	697	1134	1358	1080	1117	924	750	1274	1135	1240	981	1199	1168	471	1063	185	1149	979	1234	1134	1171	1183	1352	1235	44	1117	2934	1060	1050	1132	1479	2436	1099	1148	1105	1421	963	1080	1059	1255	1113	1207	1309	848	928	1219	1336	1236	190	676	2115	1112	1312	923	1054	1112	1110	1479	693	1565	1405	1896	1219
124	647	45	327	223	160	472	341	1140	0	160	525	1458	469	368	264	242	649	612	324	338	646	905	334	1064	648	463	746	568	1999	1048	1983	547	234	333	194	941	927	1729	220	469	500	1664	603	1376	161	598	1071	505	662	529	403	1001	758	173	220	617	1102	317	1054	1376	759	310	340	552	215	194	251	982	211	339	1054	516	537	1811	1950	307	8	288	1681	619	160	156	659	183	336	1300	211	198	358	291	518	1102	157	323	395	382	338	727	284	257	267	79	172	912	712	240	517	482	632	1142	126	1209	159	940	519	910	538	1778	654	208	1057	336	254	1793	370	948	1542	168	236	490	1012	401	40	644	210	882	320	151	2687	168	1990	181	1786	731	609	324	1151	2952	1300	1795	546	1333	2451	161	1004	333	126	352	601	675	85	506	325	550	430	606	868	487	79	868	560	339	223	430	194	790	348	269	486	210	681	428	959	543	274	2000	79	793	735	786	160	1119	94	3771	433	198	183	380	1560	2239	124	221	413	2043	438	569	256	344	481	623	293	651	146	198	333	982	552	1189	2230	516	267	698	338	213	380	903	573	302	2923	488
113	528	131	192	356	0	363	256	1235	160	0	387	1612	358	518	279	98	610	721	356	254	690	1056	255	1217	688	303	627	417	2153	1150	2037	567	179	198	148	1048	767	1879	70	357	656	1715	476	1430	2	469	1165	366	712	431	323	1041	693	103	70	488	1193	183	1155	1430	623	187	255	598	188	40	258	1089	115	255	1155	559	432	1651	2108	467	151	446	1823	490	3	101	526	121	374	1451	322	194	223	451	380	1193	79	200	269	525	254	675	368	104	417	232	27	987	567	388	403	370	535	1230	234	1282	19	1100	671	1022	531	1857	704	162	1143	374	97	1847	232	1103	1607	25	81	371	1169	264	126	514	165	941	480	233	2846	123	2040	21	1856	665	482	356	1026	3100	1410	1954	593	1490	2551	9	1109	209	234	247	473	590	76	366	201	450	360	651	723	549	110	1013	483	254	356	566	40	707	213	275	373	108	793	359	1059	446	278	2148	110	949	639	928	0	1209	252	3921	364	194	119	246	1401	2327	86	164	253	2104	363	497	105	260	365	495	413	611	16	150	198	1089	598	1030	2303	378	417	629	255	155	246	1055	415	170	3053	370
409	163	482	198	637	387	126	234	1312	525	387	0	1878	122	810	416	289	443	883	469	236	702	1322	245	1487	694	221	254	99	2412	1251	1976	558	324	192	507	1171	528	2123	374	116	1021	1654	100	1389	388	90	1247	22	736	174	221	993	440	355	374	108	1263	207	1254	1389	235	215	233	639	361	377	402	1211	316	235	1254	606	151	1358	2397	811	517	772	2031	109	385	372	140	351	487	1704	709	390	166	804	8	1263	367	203	447	797	236	457	565	285	722	604	394	1034	530	692	108	115	231	1292	525	1300	400	1422	960	1163	472	1865	730	517	1202	487	340	1791	156	1386	1586	367	358	90	1461	123	484	129	519	952	819	496	3145	493	1969	372	1841	414	560	469	1016	3319	1520	2290	639	1775	2603	392	1223	193	525	488	94	307	457	25	201	173	247	676	345	639	448	1393	260	234	637	815	377	406	177	402	113	316	953	250	1164	184	401	2378	448	1313	318	1310	387	1277	618	4150	252	390	349	416	1144	2349	401	329	255	2058	232	284	283	234	104	114	655	442	394	508	192	1211	639	804	2283	9	722	377	238	333	416	1325	304	407	3199	92
1521	1915	1481	1720	1263	1612	1766	1644	941	1458	1612	1878	0	1767	1095	1461	1668	1641	1023	1412	1641	1314	558	1632	395	1327	1905	1987	1958	540	889	1668	1413	1566	1724	1628	873	2368	292	1678	1772	1066	1511	1907	1348	1614	1909	946	1866	1282	1771	1663	1348	1787	1570	1678	1924	974	1712	894	1348	2067	1690	1644	1318	1529	1650	1476	854	1604	1642	894	1334	1794	3235	535	1165	1466	1170	391	1927	1612	1556	1971	1564	1394	183	1426	1501	1744	1192	1875	974	1572	1697	1846	1093	1642	1722	1313	1692	1195	1405	1630	1109	2169	1224	1807	1779	1832	995	1388	1134	1616	589	941	839	1504	1298	1283	1636	1023	1394	1710	1550	1757	511	1319	1613	1692	1800	456	1780	1487	1952	1637	1215	1149	1404	1284	1610	1710	1634	1390	1777	2052	1412	2574	1511	786	673	1313	166	1538	1615	867	1706	1388	1792	1912	1815	1543	1870	1701	1790	1652	1313	2200	1277	1504	1025	1729	1644	1263	1065	1650	1876	1735	1475	1783	1608	966	1648	917	1775	1477	571	1504	889	1890	1086	1612	979	1380	2317	1648	1501	1566	1835	3003	1502	1542	1567	1862	1643	1667	1717	1688	1643	1786	1927	1228	1645	1596	1631	1724	854	1318	2639	1662	1873	1195	1773	1639	1566	1835	557	2025	1758	1625	1798
345	179	424	174	545	357	6	137	1189	469	358	122	1767	0	715	312	263	338	765	355	140	580	1213	147	1379	572	300	276	220	2300	1128	1867	436	243	168	498	1049	651	2008	368	6	949	1543	145	1275	359	145	1124	122	614	81	103	877	366	295	368	162	1141	181	1131	1275	310	171	137	516	275	361	301	1089	260	139	1131	483	74	1474	2290	733	462	688	1912	165	355	312	209	286	373	1591	670	303	150	730	124	1141	315	158	491	697	139	369	458	271	633	548	373	911	631	604	48	13	179	1169	443	1180	375	1328	860	1042	351	1746	607	510	1079	373	343	1680	148	1281	1470	334	356	33	1357	126	429	191	512	831	738	410	3039	478	1861	349	1725	338	639	355	1122	3200	1398	2197	516	1669	2482	365	1101	149	443	518	148	244	416	128	158	95	125	553	437	517	389	1331	160	138	545	710	361	358	156	298	17	263	834	128	1041	96	295	2261	389	1238	283	1252	358	1154	558	4032	129	303	285	459	1264	2231	345	252	315	1947	110	183	266	135	18	166	553	338	359	499	168	1089	516	927	2168	122	633	299	141	259	459	1218	405	429	3076	31
428	885	386	634	173	518	715	580	853	368	518	810	1095	715	0	405	575	728	334	387	577	540	538	569	700	548	811	974	879	1635	750	1757	525	487	639	552	637	1276	1362	584	718	318	1454	861	1168	519	860	787	795	535	743	617	849	872	478	584	877	824	626	757	1168	1026	607	580	466	449	556	414	674	514	578	757	450	761	2151	1597	150	375	105	1314	880	517	463	924	474	378	933	407	420	661	182	806	824	479	616	763	50	578	819	269	598	100	328	536	684	1080	129	761	728	829	867	295	965	522	613	154	594	578	1507	529	562	794	378	615	1572	674	587	1305	518	598	745	657	700	393	906	564	696	133	316	2341	529	1772	539	1532	851	975	387	1513	2584	978	1481	458	976	2135	521	700	625	295	715	863	841	451	798	619	765	620	507	1151	386	409	700	731	580	173	106	556	937	651	419	732	518	384	617	667	751	422	1632	409	561	914	646	518	842	303	3404	619	420	477	748	1911	1945	448	484	767	1802	635	728	594	581	732	882	170	731	502	555	639	674	466	1544	1965	804	100	830	576	482	748	537	930	670	2564	743
173	480	228	274	241	278	312	182	972	264	279	416	1461	312	405	0	262	390	486	78	180	410	905	171	1070	409	478	569	498	1997	894	1758	291	124	276	410	799	920	1709	341	316	664	1436	457	1151	281	457	903	405	434	338	212	762	512	178	341	474	928	268	898	1151	622	242	183	319	95	314	21	840	189	181	898	280	356	1774	1980	443	262	391	1626	477	276	177	521	161	98	1288	470	84	292	447	414	928	199	246	539	385	181	473	148	290	330	324	306	714	801	302	357	325	429	963	169	1007	296	1017	548	781	273	1583	426	426	874	98	350	1568	304	970	1329	259	344	344	1046	322	239	503	429	663	445	131	2728	381	1761	290	1579	486	744	78	1281	2913	1160	1886	314	1358	2287	287	857	252	169	525	460	452	274	408	249	360	217	372	749	276	208	1055	337	182	241	399	314	559	284	14	329	196	558	213	803	348	17	1968	208	944	521	984	279	943	321	3742	216	84	164	512	1550	2056	198	133	452	1825	231	338	283	182	330	478	240	392	265	413	276	840	319	1196	2026	411	330	458	178	138	512	908	604	442	2824	341
146	429	204	93	404	98	268	178	1234	242	98	289	1668	263	575	262	0	539	738	340	177	663	1109	180	1273	660	236	528	325	2208	1155	2006	530	140	100	234	1058	701	1929	110	261	743	1682	377	1400	99	370	1165	268	689	339	241	1006	610	99	110	390	1190	84	1159	1400	525	92	177	575	167	98	240	1099	73	177	1159	537	338	1579	2172	544	234	515	1863	391	96	112	428	109	360	1502	420	186	124	531	282	1190	96	105	285	574	176	597	383	27	477	320	110	976	541	447	306	274	441	1225	280	1266	113	1173	729	1037	480	1842	681	247	1136	360	98	1816	133	1163	1583	78	102	274	1232	166	203	415	250	919	555	266	2914	214	2006	86	1835	582	484	340	1018	3145	1420	2033	571	1551	2549	104	1118	113	280	287	374	500	168	268	105	357	283	626	628	538	172	1107	397	176	404	608	98	617	114	253	277	66	810	282	1064	354	255	2195	172	1036	546	1023	98	1206	337	3970	287	186	106	255	1336	2318	128	129	198	2076	282	414	21	182	269	396	447	540	104	236	100	1099	575	970	2282	280	477	544	179	123	255	1110	359	196	3077	273
537	357	608	477	600	609	332	361	925	649	610	443	1641	338	728	390	539	0	621	358	362	336	1119	359	1278	325	638	385	539	2153	885	1533	231	434	473	757	829	945	1851	648	344	1028	1211	392	949	612	401	867	452	372	269	300	557	149	512	648	404	875	480	886	949	500	456	362	324	440	630	399	865	494	361	886	314	292	1687	2176	809	645	750	1723	406	606	522	436	495	360	1459	859	451	465	820	448	875	537	447	810	690	362	91	469	559	683	713	633	644	969	662	335	338	248	896	559	881	629	1299	838	838	151	1432	368	772	809	360	636	1348	469	1203	1149	584	642	360	1285	457	618	420	775	546	807	520	2926	731	1526	610	1403	135	974	358	1458	3001	1148	2153	329	1571	2180	619	869	444	559	824	401	194	637	457	449	271	257	330	628	378	581	1419	182	362	600	674	630	234	467	383	339	501	675	258	808	259	378	2085	581	1289	260	1355	610	885	711	3835	252	451	496	778	1515	1918	554	449	648	1615	261	159	552	357	350	402	562	3	603	760	473	865	324	1210	1842	447	683	134	360	459	778	1128	742	732	2822	359
609	898	608	760	393	721	762	658	532	612	721	883	1023	765	334	486	738	621	0	418	656	315	500	646	656	327	963	965	973	1545	436	1423	391	608	762	806	329	1402	1248	792	770	623	1120	897	835	724	901	464	876	291	756	662	541	769	641	792	914	498	754	442	835	1052	728	658	297	574	762	505	370	665	656	442	311	781	2238	1556	484	616	432	1147	917	719	633	960	629	398	842	720	551	777	516	882	498	655	731	990	286	656	706	355	765	392	607	746	351	1279	402	800	776	810	540	494	631	733	712	324	301	481	1181	289	820	463	398	811	1237	790	588	971	710	800	799	670	805	619	941	822	378	467	488	2307	779	1438	739	1201	757	1204	418	1747	2435	689	1541	292	949	1839	728	392	737	494	958	903	792	677	881	735	774	643	302	1186	255	615	964	708	658	393	227	762	856	770	498	779	671	72	639	348	759	498	1497	615	793	866	930	721	515	585	3267	639	551	632	967	2027	1632	636	614	934	1470	659	694	759	656	784	916	318	625	705	810	762	370	297	1679	1638	880	392	751	654	617	967	510	1089	891	2339	797
248	510	293	345	243	355	354	239	894	324	356	469	1412	355	387	78	340	358	418	0	237	334	859	228	1024	333	550	593	556	1944	818	1681	222	200	346	484	725	984	1654	420	360	672	1359	496	1073	359	498	826	460	356	365	251	687	493	256	420	513	850	340	822	1073	658	313	240	241	174	392	100	766	267	238	822	203	386	1827	1935	452	323	394	1564	516	353	255	560	240	20	1236	521	162	360	462	467	850	277	315	618	358	238	447	118	368	328	373	383	636	877	305	396	367	444	885	211	928	373	990	519	709	223	1504	348	499	796	20	428	1491	372	929	1251	337	423	388	1007	386	305	541	502	585	450	176	2685	454	1684	368	1501	470	823	0	1359	2852	1085	1857	236	1315	2209	365	783	320	211	603	500	454	345	464	318	386	242	295	789	198	278	1064	345	240	243	361	392	552	353	86	371	275	490	239	728	372	84	1909	278	942	527	998	356	866	366	3682	240	162	242	590	1610	1978	273	211	527	1747	258	340	361	238	374	516	217	361	342	487	346	766	241	1260	1947	465	328	446	235	216	590	864	676	521	2752	386
213	317	293	128	407	253	141	2	1115	338	254	236	1641	140	577	180	177	362	656	237	0	519	1085	9	1251	513	326	413	319	2177	1045	1847	377	105	126	402	957	746	1888	286	142	810	1523	284	1245	256	283	1047	224	549	191	68	848	439	169	286	301	1068	127	1048	1245	449	99	2	440	136	270	166	998	141	0	1048	403	200	1594	2160	593	332	549	1802	303	251	185	347	156	257	1468	545	163	131	590	233	1068	193	94	453	562	0	421	328	197	493	416	275	844	663	464	188	153	294	1100	303	1127	273	1191	725	944	313	1700	541	416	1010	257	273	1658	141	1150	1434	229	279	168	1225	150	299	329	419	777	598	270	2908	378	1845	251	1688	410	635	237	1152	3089	1314	2059	438	1539	2422	263	1013	95	303	462	286	340	297	228	97	212	106	486	573	423	259	1193	229	2	407	579	270	457	127	166	157	146	727	105	956	204	164	2146	259	1098	397	1116	254	1083	423	3919	111	163	156	422	1373	2181	219	117	315	1921	108	242	190	5	155	305	419	363	250	404	126	998	440	1023	2134	231	493	374	2	125	422	1089	450	371	2986	166
582	667	621	645	488	689	576	519	610	646	690	702	1314	580	540	410	663	336	315	334	519	0	813	510	964	12	845	714	801	1819	557	1347	144	523	644	817	493	1230	1516	751	586	859	1025	685	740	692	692	546	702	35	542	492	354	475	588	751	700	561	643	558	740	819	614	520	94	504	724	431	530	593	519	558	131	569	2014	1850	667	647	605	1386	703	687	588	740	571	317	1131	822	495	649	690	704	561	610	612	946	491	519	410	370	689	542	680	717	331	1182	534	601	587	565	589	522	608	707	1026	600	501	232	1182	31	832	499	317	756	1157	659	902	920	670	753	612	984	662	633	722	835	258	657	495	2598	787	1350	701	1172	468	1146	334	1671	2666	824	1855	100	1254	1905	698	536	614	522	936	693	526	678	708	615	555	458	39	951	167	610	1233	472	521	488	451	724	567	646	415	589	601	355	455	475	539	412	1748	610	1076	596	1185	690	574	666	3500	452	495	573	918	1828	1662	607	536	833	1415	471	452	682	516	597	700	417	339	676	820	644	530	94	1504	1619	702	542	471	516	543	918	823	966	852	2503	610
963	1367	925	1161	705	1056	1212	1087	676	905	1056	1322	558	1213	538	905	1109	1119	500	859	1085	813	0	1076	165	825	1346	1444	1400	1098	578	1589	888	1008	1165	1081	497	1809	824	1123	1218	577	1342	1355	1100	1058	1357	640	1309	785	1222	1110	949	1268	1011	1123	1373	680	1153	586	1100	1518	1131	1088	796	970	1095	919	504	1045	1086	586	806	1245	2677	1076	624	912	620	795	1376	1056	997	1419	1005	843	395	896	942	1186	654	1319	680	1014	1139	1297	535	1086	1205	756	1133	639	857	1074	705	1618	667	1255	1226	1290	720	830	862	1060	284	386	442	974	1263	784	1091	698	843	1154	1427	1199	95	1157	1056	1137	1246	175	1222	931	1401	1092	790	606	845	1825	1061	1619	1078	1323	1255	1507	859	2038	2048	667	1042	790	456	1755	1060	530	1147	830	1246	1360	1280	989	1313	1142	1242	1101	802	1649	743	947	715	1187	1087	705	507	1095	1353	1176	919	1229	1049	459	1097	550	1227	921	1096	947	530	1356	733	1056	694	832	2866	1098	942	1008	1284	2445	1622	984	1008	1304	1602	1117	1177	1129	1087	1232	1376	670	1123	1040	1084	1165	504	796	2080	1705	1316	639	1246	1083	1007	1284	17	1467	1207	2067	1244
210	324	289	135	398	254	148	11	1106	334	255	245	1632	147	569	171	180	359	646	228	9	510	1076	0	1241	505	335	419	328	2168	1035	1840	369	100	134	403	948	756	1879	289	149	803	1516	292	1238	257	291	1038	234	540	195	69	840	439	167	289	309	1059	134	1039	1238	457	106	12	431	129	272	157	989	140	10	1039	394	205	1603	2151	586	328	541	1792	311	251	182	355	154	247	1459	542	156	139	584	242	1059	191	102	459	553	10	420	319	201	486	411	277	836	671	456	195	160	297	1091	296	1118	274	1182	716	935	307	1692	533	417	1001	247	277	1651	150	1141	1426	229	283	176	1216	159	296	337	420	768	591	263	2899	378	1839	253	1680	410	642	228	1161	3080	1304	2051	429	1529	2413	263	1003	103	296	466	294	342	296	238	105	217	105	477	581	413	256	1187	230	11	398	570	272	458	135	157	164	146	718	104	946	208	155	2136	256	1091	400	1110	255	1074	419	3910	109	156	154	427	1382	2172	216	113	323	1914	108	243	194	11	163	313	410	360	250	405	134	989	431	1032	2126	240	486	375	7	121	427	1079	459	375	2977	174
1126	1532	1086	1326	868	1217	1378	1253	739	1064	1217	1487	395	1379	700	1070	1273	1278	656	1024	1251	964	165	1241	0	976	1510	1608	1565	935	654	1614	1047	1173	1330	1236	594	1973	668	1283	1383	699	1391	1521	1170	1219	1522	717	1475	934	1387	1276	1067	1426	1175	1283	1538	754	1318	661	1170	1683	1296	1253	953	1135	1256	1085	591	1209	1251	661	965	1410	2842	910	775	1072	777	665	1541	1217	1161	1585	1170	1008	242	1042	1107	1351	803	1484	754	1177	1304	1454	699	1251	1362	922	1297	800	1013	1235	821	1776	829	1421	1391	1454	789	993	935	1221	288	546	546	1134	1269	934	1245	784	1008	1315	1462	1364	124	1201	1218	1298	1412	114	1387	1092	1566	1246	914	758	1009	1661	1218	1647	1239	1339	1413	1661	1024	2188	1894	677	900	948	293	1693	1221	614	1312	993	1401	1525	1442	1149	1479	1307	1407	1266	956	1814	904	1109	760	1351	1253	868	672	1256	1512	1341	1084	1395	1213	608	1263	647	1392	1086	944	1109	588	1518	796	1217	766	988	2708	1263	1107	1172	1442	2609	1587	1147	1173	1467	1615	1282	1340	1292	1253	1397	1541	835	1281	1201	1239	1330	591	953	2243	1694	1482	800	1406	1249	1172	1442	162	1629	1365	1943	1410
581	657	622	640	493	687	568	514	619	648	688	694	1327	572	548	409	660	325	327	333	513	12	825	505	976	0	839	703	793	1831	567	1349	137	521	639	816	504	1222	1528	749	579	867	1026	675	742	691	683	555	695	46	533	486	354	462	586	749	691	569	638	568	742	809	609	515	96	502	722	429	541	591	513	568	131	560	2004	1862	674	648	612	1398	694	685	587	731	569	317	1143	826	494	644	697	696	569	609	607	944	500	514	397	373	686	548	683	715	339	1177	540	592	579	554	597	524	613	705	1037	610	513	223	1187	43	832	507	317	754	1159	654	914	924	668	751	604	997	656	634	713	835	263	664	496	2610	787	1352	699	1176	456	1142	333	1666	2677	834	1867	103	1266	1912	697	547	609	524	934	684	515	678	700	610	545	450	43	941	172	610	1242	462	515	493	460	722	555	641	413	581	599	367	448	486	530	410	1760	610	1086	584	1194	688	582	669	3511	445	494	571	915	1819	1667	606	533	829	1417	464	442	679	511	590	691	423	328	675	820	639	541	96	1496	1623	695	548	459	511	541	915	836	960	849	2513	602
383	382	431	205	641	303	306	326	1440	463	303	221	1905	300	811	478	236	638	963	550	326	845	1346	335	1510	839	0	464	174	2445	1367	2161	702	355	204	367	1276	465	2166	252	294	957	1837	318	1564	302	306	1372	203	875	376	358	1166	656	335	252	321	1394	209	1371	1564	405	237	324	766	390	272	458	1317	304	326	1371	729	359	1348	2407	771	455	747	2097	321	302	349	337	343	570	1739	599	415	195	754	213	1394	332	236	239	811	326	667	613	213	712	534	294	1171	338	683	313	301	450	1426	516	1453	306	1403	965	1259	631	2026	868	371	1336	570	214	1974	185	1399	1756	296	234	283	1467	186	428	334	372	1102	783	502	3147	364	2157	282	2010	630	341	550	829	3380	1635	2258	764	1787	2749	303	1333	232	516	293	310	525	379	198	233	382	398	812	469	745	404	1301	460	324	641	844	272	627	200	466	302	298	1036	400	1278	390	467	2431	404	1248	540	1212	303	1409	555	4206	404	415	340	212	1101	2507	363	350	57	2239	389	483	217	328	290	328	683	638	317	366	204	1317	766	733	2455	213	712	592	329	348	212	1347	126	232	3302	283
622	99	701	435	810	626	274	411	1311	746	627	254	1987	276	974	569	528	385	965	593	413	714	1444	419	1608	703	464	0	296	2510	1268	1865	586	518	428	757	1207	598	2212	623	276	1223	1549	154	1307	627	164	1252	277	750	231	359	929	296	572	623	146	1260	444	1270	1307	126	441	411	680	549	622	563	1244	535	412	1270	657	215	1302	2517	1005	738	957	2096	146	624	589	129	563	606	1807	944	576	405	1003	263	1260	590	428	699	950	413	346	707	530	898	825	638	1029	724	870	228	263	154	1281	715	1261	642	1583	1112	1211	491	1799	745	767	1194	606	591	1686	397	1519	1510	604	608	256	1598	366	705	130	769	932	1009	681	3268	740	1851	614	1762	283	788	593	1182	3379	1533	2450	683	1901	2554	633	1251	418	715	742	160	190	690	279	427	209	353	700	243	710	666	1607	257	412	810	954	622	218	414	556	260	538	1028	356	1189	222	552	2454	666	1510	137	1529	627	1271	835	4213	354	576	562	669	1133	2284	622	529	506	1955	339	270	526	408	265	139	806	383	630	758	428	1244	680	846	2192	264	898	260	414	535	669	1450	513	662	3207	258
462	225	528	247	706	417	225	317	1410	568	417	99	1958	220	879	498	325	539	973	556	319	801	1400	328	1565	793	174	296	0	2494	1347	2072	657	393	241	516	1266	432	2207	387	214	1069	1750	165	1487	417	152	1344	99	834	271	315	1091	524	408	387	162	1361	256	1350	1487	231	272	316	735	431	398	481	1306	370	318	1350	702	247	1277	2473	866	560	833	2120	161	415	425	167	408	575	1786	736	460	218	856	96	1361	415	263	413	870	318	548	645	313	787	646	418	1132	444	757	206	213	314	1390	587	1399	427	1488	1031	1257	571	1963	828	523	1300	575	350	1887	205	1461	1684	402	370	189	1534	179	528	167	525	1051	876	563	3219	507	2064	399	1939	501	493	556	924	3408	1617	2353	735	1851	2702	420	1319	254	587	465	155	391	492	94	260	268	344	774	308	732	496	1431	356	316	706	893	398	479	228	484	212	367	1044	347	1260	280	483	2465	496	1362	389	1345	417	1375	663	4238	349	460	406	386	1054	2448	450	395	224	2155	330	380	313	317	203	167	730	538	427	516	241	1306	735	709	2380	98	787	464	321	397	386	1403	221	395	3295	191
2061	2443	2021	2259	1803	2153	2298	2179	1354	1999	2153	2412	540	2300	1635	1997	2208	2153	1545	1944	2177	1819	1098	2168	935	1831	2445	2510	2494	0	1332	1868	1929	2104	2262	2167	1346	2907	306	2218	2305	1592	1796	2438	1704	2154	2441	1379	2402	1785	2299	2196	1796	2294	2109	2218	2455	1397	2251	1336	1704	2596	2228	2179	1834	2067	2191	2013	1318	2143	2178	1336	1853	2323	3771	238	1704	2006	1710	502	2458	2152	2095	2501	2104	1927	708	1961	2039	2282	1730	2410	1397	2112	2235	2385	1633	2177	2229	1849	2232	1735	1945	2170	1575	2709	1764	2339	2312	2355	1406	1928	1526	2156	1105	1481	1324	2022	1502	1787	2174	1457	1927	2250	1796	2295	1050	1619	2153	2233	2333	991	2317	2027	2482	2175	1684	1688	1943	807	2149	1916	2174	1608	2287	2590	1944	3107	995	1150	699	1830	675	1463	2156	1324	2243	1928	2330	2443	2333	2084	2406	2239	2318	2182	1823	2729	1800	2045	1491	2254	2179	1803	1603	2191	2387	2273	2011	2315	2148	1482	2179	1382	2303	2012	227	2045	1384	2407	1565	2153	1397	1920	1783	2179	2039	2106	2374	3543	1536	2083	2105	2402	1812	2198	2239	2228	2179	2319	2458	1766	2156	2137	2169	2262	1318	1834	3178	1753	2408	1735	2287	2175	2105	2374	1097	2565	2298	1252	2331
1036	1224	1043	1162	829	1149	1124	1046	107	1048	1150	1251	889	1128	750	894	1155	885	436	818	1045	557	578	1035	654	567	1367	1268	1347	1332	0	1041	696	1018	1163	1242	113	1780	1026	1219	1134	987	771	1240	522	1152	1247	63	1248	521	1097	1033	464	1008	1063	1219	1256	102	1158	8	522	1376	1130	1047	612	988	1189	915	82	1081	1045	8	645	1124	2570	1408	898	1052	855	861	1259	1148	1057	1297	1049	798	715	1151	969	1174	932	1252	102	1079	1131	1419	709	1045	945	781	1183	823	1044	1176	249	1695	837	1153	1136	1121	142	928	285	1163	862	680	164	788	759	526	1256	135	798	1236	866	1185	668	593	1136	1226	1161	734	1194	1053	1279	1258	359	880	918	2134	1214	1064	1166	793	1007	1631	818	2172	2121	269	1525	612	889	1403	1157	53	1135	928	1391	1248	1079	1111	1254	1134	1111	1003	577	1508	622	1047	1251	1029	1047	829	649	1189	1104	1168	904	1139	1088	371	1000	90	1095	902	1228	1047	1065	1145	1245	1150	117	1021	2955	998	969	1051	1395	2385	1196	1063	1026	1345	1071	1018	1009	1176	1044	1146	1256	755	888	1134	1245	1163	82	612	2055	1217	1250	823	1017	1042	1031	1395	595	1493	1320	1948	1159
1929	1874	1963	1975	1790	2036	1861	1847	933	1983	2037	1976	1668	1867	1757	1758	2006	1533	1423	1681	1847	1347	1589	1840	1614	1349	2161	1865	2072	1868	1041	0	1476	1868	1973	2162	1149	2461	1628	2098	1873	2022	323	1919	607	2040	1930	989	1984	1325	1802	1804	1000	1570	1935	2098	1929	948	1974	1032	607	1991	1947	1848	1440	1851	2072	1779	1123	1939	1847	1032	1478	1825	3063	2047	1907	1984	1855	1393	1931	2034	1936	1954	1918	1664	1556	2132	1843	1973	1939	1981	948	1958	1942	2291	1710	1847	1532	1699	2032	1810	2002	2065	1079	2498	1816	1868	1869	1767	903	1856	792	2054	1870	1713	1204	1533	373	1334	2178	965	1664	2101	190	1980	1668	452	2017	2099	1891	1717	1975	1975	1941	2180	1101	1891	1834	2623	2133	52	2048	279	1588	2483	1681	2989	2234	936	2338	1445	1751	875	2046	1094	1942	1856	2283	1929	1696	2023	1990	1944	1804	1763	1386	2095	1496	1955	2289	1716	1849	1790	1651	2072	1647	1972	1763	1869	1947	1376	1761	1106	1792	1759	1665	1955	2101	1729	2285	2037	930	1983	2987	1757	1843	1920	2261	2962	571	1955	1882	2161	111	1772	1692	2024	1843	1880	1926	1711	1533	2024	2165	1973	1123	1440	2710	366	1980	1810	1619	1844	1889	2261	1606	2272	2198	1753	1890
465	531	516	505	429	566	432	378	753	547	567	558	1413	436	525	291	530	231	391	222	377	144	888	369	1047	137	702	586	657	1929	696	1476	0	393	503	702	624	1087	1628	624	442	838	1152	544	871	569	551	689	558	177	401	348	476	380	463	624	560	704	503	698	871	685	475	379	95	378	599	310	663	463	377	698	83	428	1880	1947	629	546	567	1510	563	564	466	602	445	211	1231	739	375	508	646	560	704	487	471	815	481	378	318	297	556	500	593	594	475	1040	485	458	443	433	733	430	750	585	1073	618	625	95	1323	171	718	643	211	626	1286	517	972	1057	545	624	468	1054	519	527	584	720	400	622	397	2697	673	1476	575	1310	366	1009	222	1530	2794	965	1923	99	1340	2049	576	672	473	430	809	552	404	565	564	474	415	313	118	818	150	499	1225	335	379	429	457	599	465	505	293	445	471	447	311	611	399	289	1868	499	1082	478	1168	567	718	583	3628	308	375	447	785	1689	1804	489	407	693	1547	327	317	548	375	453	561	372	234	554	705	503	663	95	1361	1756	558	500	360	375	415	785	897	823	723	2644	466
111	422	189	155	313	178	245	108	1095	234	179	324	1566	243	487	124	140	434	608	200	105	523	1008	100	1173	521	355	518	393	2104	1018	1868	393	0	158	325	923	805	1820	231	244	706	1545	385	1262	182	382	1027	308	549	296	168	869	529	78	231	401	1051	148	1022	1262	548	124	107	435	37	207	103	964	70	106	1022	397	305	1669	2079	491	228	449	1744	403	176	88	446	61	220	1396	444	66	177	486	319	1051	103	131	423	476	105	504	259	167	397	311	205	835	676	367	292	256	398	1086	201	1126	198	1098	638	905	351	1702	541	340	997	220	233	1679	191	1068	1444	155	231	269	1141	214	196	429	343	779	497	172	2825	298	1870	184	1696	501	624	200	1158	3029	1284	1965	431	1457	2410	188	982	139	201	416	386	441	204	311	134	317	197	487	668	399	157	1088	326	107	313	501	207	556	168	114	260	78	680	195	928	309	116	2082	157	995	500	1010	179	1066	318	3857	200	66	62	394	1439	2177	121	15	328	1938	204	336	160	110	257	406	338	435	170	327	158	964	435	1080	2143	317	397	467	105	25	394	1010	481	329	2947	267
221	330	291	6	465	198	173	126	1236	333	198	192	1724	168	639	276	100	473	762	346	126	644	1165	134	1330	639	204	428	241	2262	1163	1973	503	158	0	331	1072	647	1978	200	165	831	1649	277	1371	199	270	1168	171	674	248	173	974	527	166	200	290	1190	15	1167	1371	427	34	124	563	195	195	257	1113	128	126	1167	526	243	1513	2235	625	325	591	1901	292	196	184	329	166	367	1554	519	223	25	616	185	1190	176	32	337	632	125	521	417	103	545	412	209	968	538	515	208	178	347	1223	345	1252	213	1246	792	1056	439	1826	666	343	1133	367	174	1784	37	1224	1560	177	187	175	1295	68	292	315	345	902	635	323	2980	313	1971	185	1814	499	510	346	1027	3187	1431	2111	561	1613	2546	204	1129	30	345	355	274	410	266	172	29	263	217	611	535	540	257	1201	315	124	465	659	195	526	14	264	180	126	834	217	1073	263	264	2240	257	1124	451	1118	198	1205	427	4015	222	223	164	304	1280	2306	211	157	189	2047	212	334	98	129	171	296	496	474	203	332	0	1113	563	921	2260	183	545	461	128	157	304	1167	330	264	3099	174
236	659	201	324	417	148	502	404	1333	194	148	507	1628	498	552	410	234	757	806	484	402	817	1081	403	1236	816	367	757	516	2167	1242	2162	702	325	331	0	1136	803	1904	133	495	614	1841	603	1554	146	594	1264	485	836	574	470	1171	841	247	133	614	1294	316	1248	1554	738	327	402	723	327	136	391	1176	263	402	1248	685	572	1688	2106	462	190	461	1866	615	151	239	647	264	499	1476	237	327	353	437	499	1294	221	340	219	572	402	823	469	228	453	224	126	1099	545	429	540	508	676	1333	315	1395	129	1086	697	1105	673	1967	828	15	1248	499	168	1972	359	1117	1726	173	149	506	1176	390	190	636	18	1062	479	330	2834	29	2167	151	1972	812	425	484	961	3130	1495	1921	717	1495	2645	139	1198	348	315	164	598	735	138	483	340	592	508	777	825	666	206	937	629	402	417	622	136	851	344	409	511	256	875	507	1152	589	413	2178	206	898	781	847	148	1311	250	3945	512	327	263	213	1424	2431	213	309	310	2225	510	644	232	407	503	620	488	759	154	3	331	1176	723	1049	2418	497	453	776	403	300	213	1078	449	145	3114	505
935	1156	938	1071	721	1048	1045	958	220	941	1048	1171	873	1049	637	799	1058	829	329	725	957	493	497	948	594	504	1276	1207	1266	1346	113	1149	624	923	1072	1136	0	1698	1040	1118	1054	875	872	1168	611	1051	1173	161	1167	457	1024	951	479	961	964	1118	1184	202	1066	121	611	1310	1038	959	535	892	1088	820	41	984	957	121	565	1050	2505	1403	784	946	741	896	1187	1046	957	1226	951	705	693	1039	871	1084	818	1171	202	979	1040	1317	596	958	896	680	1086	711	934	1074	236	1599	726	1077	1058	1056	246	823	376	1060	777	567	56	719	873	461	1150	203	705	1136	972	1096	590	700	1036	1126	1082	662	1107	948	1208	1152	342	766	815	2140	1109	1171	1065	906	957	1531	725	2073	2172	361	1484	534	851	1510	1055	63	1045	823	1287	1175	1020	1006	1172	1044	1039	923	507	1442	534	943	1149	960	959	721	537	1088	1056	1078	810	1060	992	261	920	53	1023	809	1260	943	963	1089	1138	1048	219	911	3007	919	871	953	1294	2311	1308	962	931	1251	1182	939	942	1079	957	1067	1184	648	832	1032	1139	1072	41	535	1975	1331	1169	711	963	955	935	1294	513	1402	1218	2029	1080
848	590	897	650	1105	767	655	745	1840	927	767	528	2368	651	1276	920	701	945	1402	984	746	1230	1809	756	1973	1222	465	598	432	2907	1780	2461	1087	805	647	803	1698	0	2625	710	645	1413	2144	554	1892	766	545	1775	531	1264	690	747	1503	890	798	710	541	1791	657	1782	1892	472	681	744	1168	842	733	902	1739	764	746	1782	1134	664	886	2873	1235	919	1213	2547	538	767	813	510	803	1004	2200	1041	869	628	1217	527	1791	797	675	605	1274	746	931	1064	678	1178	995	755	1561	348	1148	629	643	699	1819	981	1821	768	1868	1430	1689	999	2378	1258	803	1729	1004	673	2281	616	1864	2093	762	693	619	1933	598	893	525	803	1476	1248	964	3613	809	2449	746	2347	873	504	984	636	3834	2049	2718	1167	2252	3123	766	1752	668	981	673	544	766	842	526	672	681	776	1205	393	1164	869	1737	769	744	1105	1304	733	817	637	907	641	759	1474	779	1693	696	906	2887	869	1701	732	1645	767	1805	1017	4662	781	869	801	598	635	2864	828	803	514	2549	761	792	682	746	633	542	1142	944	782	802	647	1739	1168	276	2783	529	1178	843	749	803	598	1811	356	657	3727	621
1784	2147	1748	1975	1525	1879	2006	1890	1051	1729	1879	2123	292	2008	1362	1709	1929	1851	1248	1654	1888	1516	824	1879	668	1528	2166	2212	2207	306	1026	1628	1628	1820	1978	1904	1040	2625	0	1947	2013	1355	1525	2144	1413	1881	2147	1074	2113	1482	2004	1904	1490	1991	1830	1947	2161	1093	1968	1030	1413	2300	1944	1891	1533	1783	1918	1726	1012	1862	1889	1030	1554	2029	3481	422	1443	1736	1444	235	2164	1879	1817	2207	1823	1635	428	1709	1756	1997	1472	2121	1093	1834	1951	2121	1355	1889	1926	1563	1954	1462	1680	1898	1268	2442	1491	2046	2020	2057	1103	1650	1226	1884	882	1210	1019	1722	1256	1484	1913	1152	1635	1977	1539	2011	790	1343	1878	1960	2042	743	2031	1755	2188	1914	1378	1426	1663	1109	1885	1675	1901	1359	1984	2329	1654	2856	1226	852	759	1530	456	1349	1883	1018	1958	1650	2068	2150	2033	1813	2117	1954	2022	1889	1520	2434	1503	1770	1314	1956	1891	1525	1321	1918	2084	1989	1723	2023	1867	1183	1885	1076	2007	1724	279	1770	1181	2106	1377	1879	1094	1655	2042	1885	1756	1825	2108	3259	1365	1806	1822	2125	1584	1904	1941	1949	1890	2027	2163	1483	1854	1863	1907	1978	1012	1533	2898	1558	2119	1462	1985	1886	1822	2108	826	2288	2031	1341	2039
183	526	198	193	426	71	373	288	1304	220	70	374	1678	368	584	341	110	648	792	420	286	751	1123	289	1283	749	252	623	387	2218	1219	2098	624	231	200	133	1118	710	1947	0	365	705	1776	469	1492	68	461	1234	351	775	446	352	1100	720	163	0	480	1261	186	1224	1492	605	200	286	661	247	30	320	1159	162	287	1224	622	443	1596	2171	526	212	509	1893	481	72	165	514	180	438	1518	350	258	220	507	365	1261	142	213	200	594	286	707	438	97	484	285	48	1054	497	456	408	378	547	1298	304	1348	62	1159	737	1093	582	1923	767	144	1211	438	38	1908	226	1168	1671	83	17	375	1233	257	191	503	146	1005	539	304	2906	120	2100	53	1921	691	412	420	955	3168	1480	2008	656	1553	2620	64	1179	220	304	185	464	608	134	350	212	463	392	713	696	615	180	1050	507	286	426	636	30	724	212	336	381	153	863	392	1129	461	339	2216	180	996	651	962	70	1278	307	3989	397	258	178	175	1341	2395	156	217	198	2166	392	524	102	292	372	486	483	649	87	134	200	1159	661	969	2368	364	484	654	288	209	175	1122	355	101	3123	374
