NAME : VRPTW_INSTANCE_231.txt
COMMENT : Bangkok Supermarket
TYPE : VRPTW
DIMENSION : 267
DAYS : Saturday
EDGE_WEIGHT_TYPE : EXPLICIT
VEHICLES : 33
EDGE_WEIGHT_FORMAT : FULL_MATRIX
CAPACITY : 1000
EDGE_WEIGHT_SECTION
0	412	480	221	309	382	695	2471	78	217	172	284	153	1202	486	214	185	785	410	89	94	364	1840	1628	1504	365	1010	152	976	1316	2742	402	1211	525	309	97	939	1699	397	640	976	291	359	79	778	1154	219	93	1614	110	14	314	189	904	368	1101	737	1994	373	527	631	676	1698	815	693	1227	585	428	221	850	1871	1126	196	1426	554	608	1117	395	1627	1231	1109	206	368	556	1751	22	586	284	606	403	547	2552	2030	978	999	133	312	1727	307	363	817	1149	154	2216	21	2785	1026	652	1698	582	946	994	409	517	748	224	400	309	1463	1466	1627	330	2690	668	474	1052	1705	1914	2716	152	431	214	996	2002	682	402	3586	1311	1077	1648	153	465	225	891	2065	2905	228	165	88	359	376	153	2704	266	24	1485	464	407	760	141	517	366	1491	1556	104	132	547	193	1328	890	956	364	710	694	1321	1234	1749	684	733	373	1785	288	533	221	2130	84	373	655	243	373	1371	400	312	481	548	1027	1668	219	2189	103	97	729	193	890	373	207	1727	505	1083	625	401	521	582	101	197	998	168	201	300	213	840	525	368	1917	401	401	1887	417	1626	135	703	593	532	996	974	352	978	1960	223	581	425	814	527	196	133	617	1047	1102	2003	1048	135	404	2267	242	309	1017	1685	582	867	284	246	531	109	395	396	504	891
412	0	732	558	454	358	517	2511	491	320	554	141	436	995	123	199	253	857	12	324	325	750	1959	1325	1711	752	1395	564	826	1312	3071	155	1387	893	666	433	1166	1778	713	346	1089	422	742	491	478	1404	195	319	1611	304	404	116	523	509	76	1490	896	1908	67	839	244	1085	1480	1067	320	1513	578	807	442	1000	2161	1410	241	1695	592	419	938	770	1527	1523	1520	466	322	560	1649	395	555	625	195	156	163	2735	2022	1014	766	500	569	1920	141	78	1073	1180	566	2406	416	3004	1411	642	1862	569	1156	1098	151	686	990	219	159	666	1519	1302	1511	684	2912	682	555	854	1594	1853	3060	564	116	229	1018	2238	708	165	3816	1556	1353	1291	442	428	240	852	2362	3251	363	357	439	742	764	436	2917	622	390	1701	747	21	821	501	825	325	1395	1365	516	291	163	548	1617	1196	973	75	635	733	1240	1541	1714	936	1123	67	1524	527	538	442	2367	495	82	854	228	82	1591	13	143	116	900	1119	1957	195	2533	515	317	791	548	1196	82	222	1920	96	1368	333	787	829	902	488	218	913	539	533	655	227	1141	893	322	1765	756	363	1601	773	1765	469	312	792	525	1018	918	74	1014	2232	219	553	14	1206	290	539	500	611	1396	1390	1859	1262	294	153	2611	576	138	1427	1939	569	1145	625	581	373	426	653	549	825	852
480	732	0	266	788	417	1154	2926	462	689	339	599	342	1038	724	603	503	1255	738	503	546	653	2267	1550	1882	653	1156	435	1448	928	2940	615	1622	803	676	386	460	1243	132	1052	1428	311	660	455	828	685	607	527	1209	544	473	693	628	1075	657	1222	1183	2475	666	148	976	758	1497	1197	865	1543	1065	709	699	1293	2150	1451	513	1749	1035	1060	933	699	2108	1539	1094	677	444	1037	2232	474	1065	680	906	615	895	2927	2501	1450	905	568	175	2109	704	655	1195	1620	473	2591	459	3125	1169	1133	2103	1062	466	1448	624	976	1145	524	610	676	1024	1220	1318	694	3030	394	268	902	2186	2393	2886	435	811	517	1470	2340	1161	607	3906	841	1415	1662	626	941	498	1372	2330	3068	707	644	393	660	657	342	3052	651	479	1858	868	741	1233	580	134	440	1971	1335	441	498	895	610	1634	1207	590	657	522	377	1802	1522	2226	210	903	666	1636	212	1013	699	2464	438	654	184	507	654	1745	727	711	724	265	1485	1958	607	2372	443	535	371	610	1207	654	533	2109	824	1408	723	315	135	926	390	598	729	330	636	673	521	1170	803	444	2394	740	425	1766	750	2046	595	904	1032	1012	1470	1455	657	1450	2260	525	1061	745	966	956	625	568	1097	1281	1423	2482	568	582	618	2449	247	704	909	2014	1062	1220	680	244	986	379	830	202	157	1372
221	558	266	0	524	359	912	2663	196	436	78	417	122	1143	591	387	304	988	560	265	300	425	2012	1615	1643	426	1013	178	1197	1156	2786	486	1371	588	425	138	720	1504	177	838	1165	222	428	188	805	933	392	286	1447	305	215	488	362	994	493	1093	920	2211	501	308	798	633	1629	953	776	1327	804	488	434	1031	1954	1231	317	1532	771	823	1047	469	1845	1327	1035	411	366	775	1970	219	806	422	750	486	714	2692	2235	1184	967	302	121	1870	490	489	952	1353	215	2356	201	2905	1027	870	1855	802	730	1184	495	710	895	338	483	425	1277	1373	1507	445	2810	539	348	996	1925	2128	2746	178	610	328	1204	2119	896	482	3696	1090	1190	1677	360	686	320	1109	2142	2932	449	387	139	428	432	122	2828	394	224	1622	613	560	967	313	297	362	1709	1476	176	277	714	347	1423	987	801	491	621	549	1540	1318	1960	464	740	501	1741	126	752	434	2245	172	494	448	335	494	1507	549	497	589	345	1220	1757	392	2223	178	293	570	347	987	494	336	1870	655	1187	667	237	301	691	124	376	887	65	371	420	330	945	588	366	2138	500	376	1857	513	1793	328	801	769	752	1204	1192	485	1184	2056	338	801	572	814	732	361	302	835	1099	1204	2224	830	340	489	2301	21	491	900	1796	802	986	422	26	746	138	567	250	286	1109
309	454	788	524	0	627	450	2173	333	149	461	407	458	1412	573	316	387	481	445	316	268	403	1563	1777	1270	405	995	388	693	1605	2620	542	956	498	297	406	1245	2005	696	486	689	577	390	340	923	1453	316	292	1906	283	318	341	201	952	463	1095	465	1686	462	821	569	761	1906	612	774	1058	282	438	91	576	1707	955	389	1241	246	389	1340	401	1321	1069	1191	121	602	253	1446	319	290	252	600	543	505	2307	1723	671	1191	241	621	1486	314	459	618	843	358	1975	330	2563	1011	347	1440	281	1254	703	545	242	536	407	544	297	1765	1700	1884	306	2470	950	764	1264	1401	1605	2613	388	390	403	688	1791	373	548	3373	1610	898	1744	165	199	427	584	1907	2805	107	158	397	390	417	458	2478	268	314	1257	303	436	454	231	813	601	1185	1778	360	349	505	234	1163	745	1246	458	965	983	1015	1088	1440	988	743	462	1967	596	231	91	1919	356	473	965	438	473	1145	441	311	566	820	733	1502	316	2087	358	285	1024	234	745	473	382	1486	510	914	769	652	817	465	400	301	1258	463	201	288	399	690	498	602	1619	363	644	2051	378	1356	203	762	342	234	688	668	440	671	1778	404	285	461	823	369	214	241	312	960	935	1703	1355	250	542	2165	544	317	1160	1487	281	691	252	548	316	416	206	697	795	584
382	358	417	359	627	0	855	2791	436	482	406	263	271	820	316	325	239	1102	367	323	367	731	2191	1264	1879	733	1358	478	1165	991	3115	213	1576	897	690	317	817	1432	448	703	1316	138	730	431	446	1059	328	343	1292	347	368	371	569	662	282	1443	1090	2238	291	551	588	989	1315	1194	449	1610	851	797	563	1202	2253	1509	238	1808	843	756	734	768	1859	1614	1394	564	35	826	1983	361	838	666	505	213	516	2924	2322	1283	623	516	296	2099	394	282	1196	1454	503	2589	367	3164	1374	920	2063	844	804	1331	221	865	1124	225	208	690	1177	1085	1257	712	3070	338	198	669	1930	2174	3083	478	463	227	1294	2383	972	204	3967	1207	1460	1318	515	702	201	1152	2446	3271	521	471	330	730	742	271	3082	648	361	1862	844	374	1071	524	536	33	1725	1174	442	281	516	575	1711	1272	637	284	337	383	1564	1616	2024	605	1082	291	1407	258	802	563	2511	422	276	507	193	276	1748	358	402	318	643	1359	2051	328	2558	443	349	437	575	1272	276	248	2099	436	1465	317	587	539	965	379	335	630	386	581	682	231	1223	897	35	2112	781	19	1514	797	1982	512	487	955	794	1294	1227	293	1283	2343	227	834	369	1160	633	578	516	886	1420	1485	2205	909	377	216	2636	367	392	1252	2067	844	1249	666	371	695	301	768	215	546	1152
695	517	1154	912	450	855	0	2020	748	478	867	593	812	1476	621	557	659	485	505	651	612	849	1526	1716	1375	852	1386	816	310	1829	2860	671	1041	918	743	775	1613	2287	1090	218	712	874	836	754	942	1839	553	629	2128	611	698	485	648	824	583	1487	615	1391	575	1221	406	1203	1941	862	738	1295	254	877	528	680	1912	1199	652	1439	314	99	1434	841	1009	1315	1624	564	820	267	1132	693	220	699	505	672	414	2338	1517	575	1245	678	978	1558	465	581	873	719	793	2023	713	2640	1403	264	1471	244	1612	711	667	508	789	650	675	743	2031	1794	2015	748	2552	1191	1042	1345	1077	1337	2878	816	400	654	567	1911	339	681	3454	1995	1136	1604	593	251	678	375	2113	3070	476	533	773	836	862	812	2547	718	688	1374	685	496	448	669	1210	822	878	1843	778	656	414	682	1396	1049	1486	579	1152	1239	725	1354	1204	1364	1161	575	1951	943	269	528	2037	767	591	1310	677	591	1277	511	457	615	1241	715	1713	553	2364	777	621	1293	682	1049	591	634	1558	484	1166	823	1084	1214	839	797	558	1429	863	649	734	650	995	918	820	1257	795	865	2002	807	1356	636	697	599	254	567	422	567	575	1952	648	223	510	1236	226	663	678	261	1300	1188	1350	1717	573	669	2438	934	466	1608	1648	244	963	699	939	167	779	604	1009	1198	375
2471	2511	2926	2663	2173	2791	2020	0	2469	2310	2587	2539	2624	3496	2628	2465	2554	1691	2499	2490	2441	2304	730	3709	1231	2305	2226	2491	1749	3778	2198	2653	1349	2200	2256	2568	3351	4167	2809	2236	1498	2750	2294	2476	2962	3516	2463	2465	4079	2456	2483	2440	2301	2822	2562	2270	1743	867	2556	2911	2424	2440	3961	1774	2759	1651	1943	2266	2252	1633	1577	1682	2553	1514	1947	2108	3448	2261	1140	1677	2595	2264	2761	1967	1067	2485	1961	2247	2526	2654	2433	933	536	1508	3264	2362	2776	1065	2413	2559	1781	1337	2453	923	2493	1298	2231	1875	964	1951	3372	1479	2652	1955	1807	2565	2656	2256	3934	3811	4023	2240	1267	3121	2937	3361	1129	809	2337	2491	2397	2563	1498	1220	1819	2662	1919	3665	1677	3543	2318	2095	2590	1659	1643	2471	2275	2332	2558	2294	2306	2624	1207	2276	2482	1267	2064	2489	1720	2350	2908	2761	1225	3863	2486	2521	2433	2316	1633	1862	3419	2557	3122	3156	1327	1741	852	3101	2268	2556	3959	2758	1990	2252	1229	2492	2572	3110	2597	2572	1345	2502	2406	2622	2857	1444	1565	2463	2085	2485	2458	3197	2316	1862	2572	2542	1065	2499	1710	2837	2687	2912	2048	2545	2456	3413	2597	2291	2257	2560	1870	2200	2761	1199	2209	2806	3994	2203	946	2341	2716	1894	2000	1498	1599	2541	1508	1453	2563	1964	2508	2273	2233	2301	2362	1909	1990	1710	1134	3462	2421	2652	2111	2680	2415	2768	1369	1951	1797	2247	2682	2140	2581	2096	2867	2881	1659
78	491	462	196	333	436	748	2469	0	272	127	362	176	1255	563	293	260	792	489	168	170	297	1824	1692	1471	298	937	75	1019	1334	2680	477	1188	461	258	121	914	1698	362	709	971	328	294	7	848	1120	298	172	1630	188	88	392	168	981	446	1027	727	2017	452	487	707	598	1749	780	769	1179	616	362	242	839	1818	1079	272	1380	579	666	1167	332	1655	1181	1030	217	427	587	1779	98	621	242	685	477	625	2521	2039	988	1058	107	307	1696	383	442	781	1157	76	2184	79	2745	953	681	1674	614	925	989	484	514	717	300	475	258	1468	1510	1662	279	2651	696	500	1105	1735	1933	2651	75	507	290	1008	1961	702	476	3543	1277	1033	1720	168	509	298	917	2011	2840	273	215	107	294	308	176	2666	219	101	1452	432	486	771	118	479	423	1519	1604	30	209	625	157	1279	839	976	443	752	716	1348	1181	1764	657	660	452	1843	294	564	242	2088	24	452	644	315	452	1337	479	387	559	493	1025	1617	298	2125	28	175	745	157	839	452	284	1696	584	1036	696	336	483	533	76	275	1035	132	177	251	289	792	461	427	1952	346	455	1948	361	1607	133	781	578	566	1008	1002	430	988	1912	299	616	504	741	593	168	107	646	984	1054	2036	1024	209	479	2203	215	385	939	1641	614	824	242	218	588	137	376	413	462	917
217	320	689	436	149	482	478	2310	272	0	388	258	347	1262	433	166	243	619	312	189	143	453	1710	1634	1419	456	1085	344	760	1467	2751	394	1106	582	358	303	1149	1881	614	444	834	445	443	277	778	1369	166	164	1768	150	221	204	220	828	319	1183	614	1794	318	744	478	807	1757	755	639	1197	384	504	121	724	1846	1094	244	1383	366	393	1191	466	1422	1206	1244	149	455	356	1547	217	379	314	487	395	403	2457	1851	804	1042	222	515	1635	179	314	760	975	326	2124	236	2712	1102	453	1590	379	1154	848	397	392	680	259	395	358	1636	1551	1736	374	2619	811	631	1115	1499	1719	2739	344	281	255	817	1938	495	399	3521	1525	1038	1612	142	251	281	692	2045	2931	44	59	298	443	468	347	2627	317	212	1406	427	305	590	217	734	454	1286	1628	303	212	403	252	1301	876	1109	313	819	847	1119	1222	1561	896	820	318	1820	484	332	121	2067	290	328	856	291	328	1294	307	178	427	763	876	1641	166	2212	301	156	891	252	876	328	234	1635	390	1052	623	609	738	581	318	152	1112	385	228	348	252	821	582	455	1705	443	499	1906	460	1504	181	633	490	328	817	773	295	804	1921	257	375	329	902	325	237	222	418	1076	1073	1793	1257	112	394	2290	458	183	1184	1633	379	829	314	463	315	309	333	573	721	692
172	554	339	78	461	406	867	2587	127	388	0	415	139	1207	603	368	302	917	554	239	263	350	1934	1669	1565	351	954	99	1143	1234	2721	503	1292	515	347	121	787	1580	235	810	1089	275	353	120	845	992	373	254	1525	273	171	471	289	1015	496	1037	844	2145	503	360	786	584	1696	875	798	1252	743	414	370	955	1881	1155	314	1456	706	781	1113	393	1782	1252	999	344	407	714	1906	178	747	344	749	504	702	2614	2162	1113	1024	230	199	1791	468	492	874	1281	137	2278	156	2828	969	808	1777	741	799	1108	512	636	817	340	500	347	1355	1444	1582	367	2733	613	420	1058	1862	2060	2683	99	592	329	1134	2043	830	500	3620	1149	1113	1720	295	633	327	1045	2070	2870	395	334	114	353	358	139	2751	316	183	1544	534	553	896	241	352	403	1646	1545	103	263	702	271	1349	912	879	493	689	625	1476	1245	1890	530	678	503	1803	199	691	370	2169	104	499	523	344	499	1429	544	474	600	375	1145	1683	373	2160	104	260	647	271	912	499	332	1791	650	1111	701	235	356	613	72	354	959	20	297	342	330	868	515	407	2079	423	424	1916	436	1715	260	818	693	692	1134	1129	484	1113	1982	339	742	567	755	698	286	230	773	1030	1128	2164	897	304	506	2238	93	470	880	1720	741	909	344	95	703	130	491	324	335	1045
284	141	599	417	407	263	593	2539	362	258	415	0	295	1005	202	94	113	859	143	194	208	638	1958	1382	1677	640	1287	433	902	1251	2992	137	1362	791	565	293	1043	1695	574	457	1083	294	632	362	524	1278	92	195	1552	184	274	108	423	620	84	1380	870	1974	89	700	383	961	1499	1011	411	1449	596	699	367	979	2098	1346	100	1638	595	494	935	664	1595	1457	1393	383	229	573	1719	264	580	528	334	138	300	2714	2064	1032	784	390	432	1893	131	79	1016	1202	439	2382	284	2970	1303	664	1845	588	1036	1095	141	649	936	78	138	565	1441	1297	1490	584	2877	601	449	858	1667	1911	2974	433	214	88	1041	2196	721	142	3779	1431	1291	1377	347	444	101	892	2296	3165	302	273	301	632	652	295	2885	520	261	1664	674	144	826	393	687	230	1461	1372	385	155	300	444	1552	1121	900	80	583	646	1300	1468	1764	807	1012	89	1562	390	549	367	2325	363	89	733	92	89	1552	133	138	197	760	1120	1893	92	2447	385	195	700	444	1121	89	83	1893	237	1303	369	647	691	819	351	112	873	399	435	554	86	1068	791	229	1851	657	275	1651	674	1756	365	419	749	539	1041	965	69	1032	2176	78	577	155	1094	374	438	390	630	1305	1324	1943	1142	188	138	2525	435	129	1292	1889	588	1081	528	440	432	286	585	426	685	892
153	436	342	122	458	271	812	2624	176	347	139	295	0	1084	472	270	183	937	438	161	204	463	1991	1536	1647	464	1087	206	1105	1165	2845	368	1359	630	434	57	803	1547	286	724	1129	152	463	170	706	1026	275	184	1462	202	141	369	335	879	371	1172	890	2139	379	416	676	722	1577	956	661	1355	728	529	373	1002	1992	1256	195	1556	702	719	994	502	1769	1357	1138	360	270	700	1894	139	726	418	628	369	592	2696	2182	1129	894	274	167	1871	374	367	957	1301	234	2360	131	2922	1102	796	1847	724	806	1147	377	670	892	216	365	434	1310	1334	1486	456	2827	521	325	935	1846	2061	2812	206	492	206	1147	2138	831	365	3720	1182	1210	1581	306	599	198	1036	2184	3000	368	306	70	463	473	0	2843	396	144	1627	606	438	912	285	404	266	1633	1430	175	161	592	331	1454	1015	805	369	576	543	1465	1355	1899	551	810	379	1676	138	676	373	2265	157	372	509	213	372	1513	427	381	469	465	1180	1792	275	2287	176	192	576	331	1015	372	215	1871	533	1212	562	356	408	710	108	262	858	119	346	427	208	968	630	270	2052	521	290	1785	536	1776	286	684	744	673	1147	1118	363	1129	2087	216	721	450	888	621	339	274	761	1151	1230	2140	910	240	371	2365	140	375	1014	1818	724	1001	418	145	645	43	544	244	398	1036
1202	995	1038	1143	1412	820	1476	3496	1255	1262	1207	1005	1084	0	873	1096	1040	1851	1007	1136	1175	1548	2954	536	2682	1549	2156	1291	1765	650	3928	872	2368	1714	1510	1134	1130	1166	1147	1264	2081	934	1547	1250	534	1329	1095	1153	855	1152	1188	1085	1387	745	958	2233	1875	2834	962	1181	1078	1768	496	2006	741	2429	1574	1613	1364	1983	3073	2328	1035	2626	1586	1387	109	1586	2456	2434	2132	1371	833	1555	2572	1180	1550	1486	973	871	1062	3719	2992	2009	231	1335	1038	2898	1114	962	2010	2172	1319	3387	1187	3973	2170	1637	2849	1564	1085	2092	871	1654	1934	1012	870	1510	921	323	570	1532	3880	644	804	150	2512	2798	3889	1291	1104	1018	2011	3195	1703	865	4780	1416	2278	745	1326	1423	997	1838	3266	4076	1306	1268	1148	1547	1558	1084	3889	1468	1180	2667	1659	1017	1816	1343	1168	836	2333	369	1259	1090	1062	1395	2531	2092	589	964	525	669	2193	2436	2677	1093	1884	962	600	1018	1533	1364	3324	1239	948	962	983	948	2554	1006	1120	880	1302	2113	2871	1095	3367	1260	1157	698	1395	2092	948	1037	2898	997	2284	662	1329	1169	1785	1193	1112	356	1187	1399	1502	1021	2042	1714	833	2638	1601	800	728	1617	2757	1328	789	1752	1520	2011	1896	982	2009	3162	1014	1548	996	1958	1263	1397	1335	1606	2235	2304	2736	1149	1174	872	3445	1143	1111	1945	2883	1564	2067	1486	1145	1359	1119	1577	903	1195	1838
486	123	724	591	573	316	621	2628	563	433	603	202	472	873	0	288	305	980	135	396	409	840	2082	1204	1834	842	1488	632	926	1218	3183	110	1511	991	764	483	1134	1697	728	430	1213	416	833	562	354	1376	285	398	1513	386	475	231	621	418	120	1582	1019	2009	117	846	281	1162	1357	1185	210	1630	701	900	552	1123	2279	1526	293	1814	715	526	820	865	1628	1639	1592	573	284	683	1749	465	677	726	189	109	222	2858	2134	1135	643	591	577	2044	259	125	1191	1299	640	2529	484	3127	1505	763	1985	691	1119	1222	101	808	1109	266	114	764	1435	1183	1396	783	3035	609	512	734	1692	1959	3169	632	231	276	1138	2360	830	117	3939	1523	1470	1181	543	551	276	969	2478	3360	476	462	493	833	854	472	3040	719	462	1823	860	145	944	593	831	288	1498	1243	585	354	222	644	1734	1309	888	125	542	663	1347	1655	1824	920	1214	117	1401	534	661	552	2489	562	113	824	259	113	1713	136	262	6	922	1242	2074	285	2642	584	397	725	644	1309	113	280	2044	141	1485	210	828	835	1011	545	308	809	586	632	754	276	1255	991	284	1854	856	315	1479	873	1888	565	217	913	648	1138	1032	141	1135	2352	267	674	122	1296	398	636	591	733	1501	1506	1950	1224	386	106	2720	607	255	1484	2060	691	1262	726	612	488	473	767	528	836	969
214	199	603	387	316	325	557	2465	293	166	368	94	270	1096	288	0	102	778	196	130	126	553	1874	1476	1586	555	1201	367	860	1316	2899	231	1273	702	475	251	1058	1746	557	453	998	318	546	294	619	1288	5	121	1617	104	208	102	333	702	168	1295	781	1921	171	687	419	886	1591	917	499	1354	525	613	273	891	2003	1251	96	1544	518	460	1024	577	1544	1362	1321	289	295	500	1669	198	513	437	391	232	335	2624	1997	957	876	304	428	1802	103	163	922	1128	367	2291	220	2878	1217	595	1756	519	1056	1011	235	558	843	101	232	475	1496	1384	1572	494	2785	661	493	948	1618	1853	2882	367	224	101	968	2103	646	236	3686	1443	1197	1468	255	377	127	828	2202	3073	209	179	255	546	567	270	2793	431	194	1572	580	193	747	306	674	295	1409	1461	319	109	335	355	1458	1027	961	163	658	702	1245	1374	1701	813	928	171	1656	390	476	273	2231	298	176	753	132	176	1459	187	110	283	732	1038	1799	5	2355	318	118	751	355	1027	176	80	1802	290	1209	463	603	679	726	298	19	950	356	344	465	97	974	702	295	1811	567	340	1745	584	1670	276	502	656	468	968	905	147	957	2082	98	509	211	1010	353	348	304	560	1214	1229	1902	1161	97	232	2433	407	104	1231	1795	519	987	437	412	390	248	490	452	669	828
185	253	503	304	387	239	659	2554	260	243	302	113	183	1040	305	102	0	863	255	100	134	549	1951	1448	1645	550	1195	326	963	1224	2921	216	1339	708	486	180	956	1647	466	549	1076	215	544	258	595	1188	106	113	1526	111	173	190	351	722	194	1287	851	2021	200	595	493	858	1537	965	509	1392	620	612	326	962	2039	1290	12	1587	607	562	962	578	1645	1398	1286	331	214	593	1770	163	610	454	447	217	409	2688	2091	1046	829	307	331	1864	200	190	969	1218	337	2354	181	2934	1211	689	1825	614	954	1091	223	626	894	39	215	486	1398	1319	1496	507	2840	568	393	891	1719	1952	2898	326	311	29	1059	2155	737	216	3739	1342	1238	1462	285	475	43	925	2236	3088	281	232	188	544	561	183	2851	442	161	1629	619	255	833	312	582	213	1510	1402	280	53	409	365	1495	1059	867	191	577	606	1345	1405	1797	713	919	200	1614	291	569	326	2283	257	197	650	59	197	1516	244	208	302	649	1119	1836	106	2371	279	117	653	365	1059	197	31	1864	350	1247	441	534	586	752	240	103	870	286	363	476	29	1007	708	214	1913	579	256	1711	596	1743	292	523	718	563	1059	1003	182	1046	2124	38	606	267	1000	453	363	307	654	1228	1267	2004	1059	137	218	2449	323	200	1180	1843	614	1027	454	329	493	173	537	349	578	925
785	857	1255	988	481	1102	485	1691	792	619	917	859	937	1851	980	778	863	0	845	798	750	707	1103	2158	893	710	1042	828	471	2086	2380	983	559	683	625	882	1702	2484	1149	680	236	1059	694	800	1332	1895	777	774	2387	764	795	767	628	1277	893	1138	179	1243	889	1265	850	990	2337	434	1149	828	282	697	563	200	1429	738	863	958	265	525	1790	675	903	851	1349	579	1073	297	1022	797	312	601	929	984	826	1885	1246	196	1622	687	1095	1084	739	890	446	364	791	1561	806	2171	1057	232	1011	293	1716	243	983	286	379	877	985	625	2246	2153	2349	616	2081	1430	1246	1708	988	1149	2404	828	753	874	220	1429	156	990	2985	2051	676	2072	632	429	900	233	1630	2596	584	640	873	694	716	937	2080	631	793	890	458	835	37	675	1259	1073	772	2220	814	829	826	650	925	637	1727	888	1437	1464	604	898	975	1446	883	889	2374	1073	318	563	1556	816	904	1436	909	904	792	845	732	973	1238	262	1232	777	1897	812	766	1506	650	637	904	853	1084	871	711	1190	1063	1264	545	866	767	1729	924	621	623	871	591	683	1073	1231	617	1117	2440	620	909	660	1120	279	331	220	302	871	196	1467	874	313	857	940	620	633	687	253	899	732	1304	1813	729	982	1969	1007	741	1402	1163	293	538	601	1011	518	894	445	1178	1237	233
410	12	738	560	445	367	505	2499	489	312	554	143	438	1007	135	196	255	845	0	323	322	745	1947	1335	1700	747	1389	563	814	1324	3063	167	1376	887	660	434	1173	1789	717	336	1077	428	737	490	490	1412	192	317	1623	301	403	109	517	516	85	1485	885	1896	76	843	239	1082	1492	1057	329	1503	566	802	434	988	2152	1400	243	1685	580	406	951	765	1515	1514	1517	459	332	548	1637	393	543	619	195	167	157	2723	2009	1002	778	496	574	1909	133	86	1063	1167	564	2394	415	2993	1406	629	1850	557	1164	1087	162	676	980	222	171	660	1530	1314	1523	678	2901	693	565	866	1582	1841	3052	563	104	232	1006	2227	695	176	3805	1563	1343	1300	436	415	244	840	2352	3243	354	350	440	737	759	438	2905	616	389	1690	739	9	809	496	830	335	1383	1377	515	291	157	543	1608	1187	984	83	647	743	1228	1532	1702	943	1118	76	1535	532	526	434	2356	493	91	862	233	91	1580	10	135	128	904	1107	1947	192	2525	514	314	801	543	1187	91	224	1909	95	1359	345	788	834	894	488	215	926	540	527	650	229	1132	887	332	1754	750	373	1612	766	1753	464	320	781	513	1006	906	80	1002	2222	222	541	16	1201	278	533	496	599	1388	1380	1848	1270	290	164	2603	579	129	1426	1929	557	1136	619	584	361	427	644	556	829	840
89	324	503	265	316	323	651	2490	168	189	239	194	161	1136	396	130	100	798	323	0	48	449	1873	1549	1555	451	1096	240	944	1289	2820	315	1254	607	385	127	964	1693	441	574	1002	260	444	167	696	1187	135	25	1589	40	80	232	252	814	278	1189	770	1984	284	572	549	766	1632	872	604	1294	573	512	242	883	1941	1193	110	1490	552	559	1055	478	1612	1300	1198	241	303	545	1737	70	569	354	519	315	465	2601	2037	987	927	206	328	1776	229	274	874	1158	244	2266	91	2841	1112	643	1741	569	966	1018	321	546	801	138	313	385	1450	1408	1579	406	2747	634	447	986	1688	1909	2797	240	353	128	1002	2061	682	315	3645	1344	1142	1562	191	439	143	882	2136	2987	216	158	128	444	462	161	2759	341	66	1538	523	321	770	212	560	301	1476	1495	192	47	465	264	1397	960	929	275	659	666	1308	1306	1749	712	820	284	1713	296	521	242	2189	170	284	668	160	284	1424	313	235	392	608	1049	1737	135	2270	191	32	707	264	960	284	118	1776	418	1149	541	474	565	653	168	115	951	228	264	376	127	909	607	303	1892	478	341	1811	495	1663	193	614	632	518	1002	963	262	987	2026	136	564	337	902	466	263	206	607	1127	1169	1980	1071	79	316	2348	287	231	1103	1747	569	930	354	292	484	128	444	384	551	882
94	325	546	300	268	367	612	2441	170	143	263	208	204	1175	409	126	134	750	322	48	0	430	1827	1579	1512	432	1078	245	901	1337	2791	338	1209	584	358	163	1007	1741	477	547	955	309	424	172	724	1228	130	24	1637	24	92	222	219	826	289	1172	724	1937	293	608	537	760	1671	831	620	1258	526	491	196	836	1905	1156	141	1452	504	522	1096	456	1566	1264	1195	197	345	498	1690	85	522	324	517	339	454	2557	1988	938	963	182	372	1732	212	284	834	1110	242	2222	106	2800	1095	595	1696	522	1011	970	343	500	760	166	337	358	1498	1451	1625	378	2706	682	496	1025	1642	1861	2770	245	337	158	953	2020	634	340	3605	1385	1104	1584	151	394	178	834	2102	2960	168	109	160	424	444	204	2717	313	79	1496	484	318	722	185	597	344	1429	1535	198	85	454	237	1361	925	977	285	704	714	1262	1272	1701	754	804	293	1748	341	474	196	2149	179	296	713	193	296	1382	313	217	405	637	1001	1702	130	2243	197	17	756	237	925	296	143	1732	415	1113	568	495	602	620	191	107	997	255	231	348	156	873	584	345	1848	451	385	1844	468	1616	160	625	587	471	953	916	270	938	1989	164	518	337	886	435	232	182	560	1100	1133	1936	1114	41	339	2321	321	215	1109	1708	522	893	324	326	446	167	402	432	586	834
364	750	653	425	403	731	849	2304	297	453	350	638	463	1548	840	553	549	707	745	449	430	0	1624	1990	1228	2	648	258	1058	1575	2383	764	976	166	106	414	1048	1888	524	882	825	615	13	301	1143	1214	557	443	1861	454	377	637	232	1256	720	741	583	1949	724	610	932	359	2040	546	1050	902	640	65	345	682	1531	806	559	1106	584	792	1457	45	1610	901	793	310	724	614	1730	386	661	150	933	765	855	2274	1916	898	1354	249	546	1455	619	715	543	1052	229	1938	372	2480	664	687	1452	644	1072	847	771	430	500	587	763	106	1677	1794	1933	102	2385	964	770	1398	1695	1849	2354	258	733	577	926	1695	676	765	3270	1366	765	2011	313	599	589	893	1721	2543	424	401	401	13	14	463	2404	138	388	1205	253	739	699	248	609	720	1478	1892	289	495	855	203	998	562	1224	716	1037	975	1308	894	1669	803	374	724	2139	550	600	345	1820	309	727	835	607	727	1091	736	621	835	553	889	1332	557	1827	288	443	993	203	562	727	567	1455	833	762	989	383	613	272	354	534	1310	369	225	115	576	520	166	724	1933	95	751	2245	100	1401	280	1056	437	609	926	978	701	898	1631	585	656	761	456	762	216	249	660	688	779	2009	1159	456	766	1906	434	622	758	1370	644	566	150	434	719	430	273	674	581	893
1840	1959	2267	2012	1563	2191	1526	730	1824	1710	1934	1958	1991	2954	2082	1874	1951	1103	1947	1873	1827	1624	0	3242	501	1625	1496	1835	1322	3156	1770	2085	648	1504	1591	1934	2671	3509	2143	1743	875	2129	1615	1832	2433	2821	1873	1851	3454	1844	1853	1870	1658	2350	1996	1540	1103	961	1992	2235	1927	1724	3439	1080	2244	920	1381	1579	1631	990	953	953	1953	791	1368	1596	2892	1580	976	946	1864	1636	2165	1399	986	1857	1407	1589	2017	2086	1916	832	626	955	2725	1719	2130	370	1841	1992	1084	809	1797	564	1860	1177	1500	1321	239	1391	2696	863	2085	1327	1124	1969	2087	1591	3289	3255	3446	1573	1101	2506	2314	2811	1021	829	1870	1835	1853	1965	960	668	1252	2092	1971	2966	951	3125	1689	1531	1991	1152	1077	2036	1670	1719	1922	1615	1624	1991	1077	1617	1854	538	1399	1937	1138	1708	2233	2164	977	3324	1838	1911	1916	1667	905	1144	2796	1991	2528	2534	983	1011	703	2428	1549	1992	3469	2118	1420	1631	743	1847	2006	2451	2001	2006	614	1948	1835	2075	2170	840	886	1873	1506	1836	1844	2568	1667	1144	2006	1945	370	1968	982	2293	2006	2237	1357	1901	1861	2822	1947	1647	1594	1962	1157	1504	2165	1231	1532	2207	3527	1524	224	1705	2210	1247	1433	960	1120	1973	955	865	1967	1409	1959	1549	1708	1655	1719	1349	1259	981	1222	2781	1813	2084	1550	2027	1844	2040	688	1391	1087	1589	2029	1607	1948	1448	2235	2205	1152
1628	1325	1550	1615	1777	1264	1716	3709	1692	1634	1669	1382	1536	536	1204	1476	1448	2158	1335	1549	1579	1990	3242	0	3033	1991	2623	1741	1961	1114	4370	1245	2706	2153	1934	1578	1666	1581	1648	1498	2394	1394	1986	1688	857	1860	1475	1561	1230	1555	1614	1435	1799	893	1315	2707	2218	2967	1315	1697	1314	2249	426	2389	1011	2831	1875	2054	1749	2318	3480	2728	1440	3018	1902	1645	644	2023	2605	2839	2634	1765	1267	1863	2710	1605	1845	1903	1229	1244	1331	4042	3183	2286	650	1755	1523	3238	1463	1320	2394	2435	1764	3719	1617	4324	2638	1928	3169	1864	1621	2400	1240	2011	2313	1413	1245	1934	1370	597	815	1955	4233	1161	1298	651	2646	2956	4344	1741	1412	1422	2282	3563	2002	1241	5138	1939	2672	317	1727	1735	1405	2091	3678	4533	1678	1655	1591	1986	2001	1536	4235	1890	1604	3024	2056	1344	2120	1761	1683	1271	2497	498	1703	1502	1331	1814	2934	2503	1124	1320	1028	1193	2381	2850	2863	1624	2346	1315	282	1496	1844	1749	3691	1681	1305	1491	1389	1305	2915	1338	1466	1210	1816	2413	3275	1475	3817	1703	1563	1228	1814	2503	1305	1436	3238	1290	2685	1013	1822	1684	2199	1642	1495	892	1649	1811	1925	1424	2450	2153	1267	2724	2028	1245	285	2044	3063	1739	1037	2117	1829	2282	2133	1338	2286	3555	1415	1844	1320	2424	1538	1811	1755	1904	2675	2706	2822	1682	1568	1244	3895	1619	1459	2460	3264	1864	2463	1903	1621	1640	1563	1966	1393	1708	2091
1504	1711	1882	1643	1270	1879	1375	1231	1471	1419	1565	1677	1647	2682	1834	1586	1645	893	1700	1555	1512	1228	501	3033	0	1229	1002	1466	1266	2799	1555	1813	333	1086	1219	1590	2253	3110	1752	1573	663	1795	1222	1478	2188	2382	1586	1535	3089	1533	1517	1606	1314	2165	1731	1041	814	1322	1729	1828	1740	1266	3177	691	2021	423	1167	1174	1319	716	614	472	1649	295	1134	1418	2607	1183	1199	447	1368	1314	1858	1176	1256	1523	1200	1229	1811	1814	1708	1049	1062	827	2462	1373	1765	226	1577	1727	691	758	1429	713	1522	1293	1006	1124	267	1179	2283	665	1815	1029	755	1671	1814	1219	2905	2963	3131	1198	1200	2168	1972	2533	1269	1185	1613	1466	1621	1665	849	536	1047	1819	2105	2521	485	2962	1364	1299	1687	1038	797	1797	1376	1414	1577	1222	1225	1647	1207	1253	1522	37	1040	1691	930	1363	1829	1856	1142	3046	1479	1598	1708	1316	403	693	2444	1726	2213	2187	1070	510	1013	2022	1087	1729	3235	1761	1192	1319	663	1492	1741	2063	1701	1741	137	1698	1573	1827	1750	670	467	1586	1162	1478	1530	2213	1316	693	1741	1646	226	1743	507	2038	1596	1832	956	1546	1570	2502	1581	1303	1224	1662	719	1086	1858	1520	1144	1897	3312	1133	313	1369	1998	929	1208	849	1045	1708	827	604	1668	1200	1714	1075	1507	1308	1373	1142	766	501	1540	2360	1508	1813	1222	1655	1581	1552	311	1179	663	1229	1656	1405	1605	1111	1883	1799	1038
365	752	653	426	405	733	852	2305	298	456	351	640	464	1549	842	555	550	710	747	451	432	2	1625	1991	1229	0	646	259	1061	1575	2382	766	977	165	108	416	1047	1887	524	884	826	616	16	302	1144	1213	559	445	1861	456	378	639	235	1258	722	740	585	1951	726	610	934	357	2041	547	1052	901	643	64	348	684	1531	806	561	1106	586	794	1458	45	1612	901	790	312	725	617	1732	388	663	153	935	767	858	2274	1917	900	1356	251	547	1455	621	717	544	1054	230	1938	374	2480	662	690	1452	647	1071	849	772	432	501	589	764	108	1677	1794	1933	104	2385	965	771	1399	1697	1851	2352	259	735	579	928	1694	678	766	3270	1365	765	2013	315	602	591	895	1720	2541	427	404	402	16	12	464	2404	140	390	1205	255	741	701	250	608	721	1480	1893	290	497	858	205	997	561	1224	718	1037	975	1311	894	1671	802	372	726	2140	551	602	348	1820	311	729	834	608	729	1091	739	623	837	552	891	1332	559	1826	290	445	994	205	561	729	569	1455	835	762	991	382	612	272	355	536	1311	369	227	117	578	520	165	725	1935	97	752	2246	101	1402	283	1058	438	612	928	980	703	900	1630	587	658	763	454	765	218	251	662	687	778	2011	1158	458	767	1904	434	624	756	1370	647	566	153	434	721	431	275	675	580	895
1010	1395	1156	1013	995	1358	1386	2226	937	1085	954	1287	1087	2156	1488	1201	1195	1042	1389	1096	1078	648	1496	2623	1002	646	0	883	1501	2064	1783	1411	926	503	729	1046	1399	2263	1029	1477	1002	1229	654	941	1786	1471	1204	1091	2322	1102	1022	1280	872	1903	1368	100	862	2123	1371	1046	1559	398	2637	626	1699	579	1137	588	967	889	1040	545	1206	752	1075	1358	2058	624	1858	556	371	936	1356	1120	1961	1032	1169	771	1572	1412	1488	1938	1969	1168	1978	897	1119	1204	1260	1363	613	1259	863	1620	1016	2061	16	1153	1269	1146	1440	1026	1418	880	664	1234	1410	729	2101	2371	2475	712	1968	1532	1353	2009	1944	1999	1735	883	1367	1224	1204	1308	1104	1412	2803	1592	561	2657	953	1163	1235	1274	1201	1920	1050	1040	1033	654	634	1087	2003	772	1034	967	706	1383	1057	895	1053	1352	1746	2480	923	1142	1488	846	622	435	1745	1364	1631	1528	1597	501	1808	1218	277	1371	2754	1137	1116	967	1416	946	1375	1305	1252	1375	881	1381	1261	1483	934	1069	874	1204	1216	923	1091	1528	846	435	1375	1215	1204	1474	523	1634	842	1055	547	982	1181	1879	974	862	739	1223	465	503	1356	2205	642	1377	2869	625	1282	925	1703	802	1132	1204	1343	1348	1168	1172	1233	1165	1405	198	1363	856	897	1140	236	520	2260	1494	1103	1413	1293	1013	1263	553	992	1146	536	771	1010	1296	1061	796	1254	1021	1274
152	564	435	178	388	478	816	2491	75	344	99	433	206	1291	632	367	326	828	563	240	245	258	1835	1741	1466	259	883	0	1079	1333	2638	541	1193	424	247	163	874	1678	321	783	993	357	259	73	904	1071	372	246	1625	263	160	467	200	1049	517	970	748	2062	522	439	783	531	1782	775	836	1157	670	323	298	858	1790	1059	338	1360	629	736	1199	299	1703	1157	960	267	473	641	1827	169	678	245	759	542	700	2515	2071	1024	1101	147	299	1692	458	512	775	1191	38	2178	148	2731	898	733	1677	670	888	1013	549	544	717	366	539	247	1454	1535	1678	267	2636	709	514	1141	1784	1974	2605	0	583	356	1046	1946	749	540	3524	1228	1016	1778	226	573	361	966	1980	2793	340	285	150	259	267	206	2653	217	173	1445	435	560	809	158	432	469	1567	1634	47	278	700	177	1254	816	978	513	778	723	1397	1152	1803	618	606	522	1883	296	620	298	2072	69	521	619	378	521	1330	553	463	628	431	1051	1590	372	2080	49	250	746	177	816	521	352	1692	658	1015	754	267	436	515	99	350	1053	115	206	242	356	772	424	473	2006	325	496	1992	338	1615	185	850	596	623	1046	1051	502	1024	1887	365	673	577	685	667	194	147	699	944	1033	2089	985	284	543	2158	192	461	864	1623	670	810	245	193	658	177	395	420	411	966
976	826	1448	1197	693	1165	310	1749	1019	760	1143	902	1105	1765	926	860	963	471	814	944	901	1058	1322	1961	1266	1061	1501	1079	0	2139	2805	981	947	1088	956	1063	1908	2597	1373	503	629	1179	1044	1025	1231	2129	856	920	2437	903	981	794	892	1073	893	1599	648	1083	885	1503	686	1391	2216	905	1023	1285	419	1071	781	662	1850	1201	957	1392	474	409	1729	1040	701	1310	1785	814	1130	447	823	978	404	918	792	981	711	2152	1231	442	1534	934	1273	1418	773	891	918	527	1051	1853	996	2477	1516	372	1309	416	1911	618	977	648	847	956	985	956	2341	2086	2313	956	2392	1501	1350	1639	767	1035	2842	1079	710	959	417	1790	401	990	3284	2286	1139	1815	853	510	984	246	2047	3032	748	810	1059	1044	1070	1105	2379	942	972	1273	845	806	448	924	1493	1132	572	2127	1048	954	711	924	1377	1108	1796	889	1461	1548	428	1362	913	1656	1314	885	2210	1239	465	781	1911	1040	901	1610	984	901	1193	820	765	920	1511	602	1662	856	2345	1046	912	1602	924	1108	901	939	1418	787	1177	1123	1345	1497	974	1076	860	1736	1142	891	950	955	1060	1088	1130	950	986	1175	2247	994	1182	894	976	703	459	417	221	877	442	1866	954	409	819	1381	536	904	934	398	1370	1198	1041	2015	865	978	2416	1218	774	1805	1564	416	1009	918	1222	471	1069	789	1312	1479	246
1316	1312	928	1156	1605	991	1829	3778	1334	1467	1234	1251	1165	650	1218	1316	1224	2086	1324	1289	1337	1575	3156	1114	2799	1575	2064	1333	2139	0	3836	1158	2522	1729	1581	1222	733	525	1061	1648	2291	1029	1580	1327	996	841	1319	1313	301	1322	1304	1357	1499	1284	1247	2119	2054	3220	1254	1019	1488	1667	825	2109	1187	2471	1842	1633	1530	2167	3075	2378	1226	2676	1832	1730	582	1620	2839	2467	1929	1521	1022	1817	2962	1300	1829	1574	1381	1157	1440	3848	3314	2271	765	1438	1034	3026	1381	1249	2108	2443	1370	3511	1296	4052	2075	1911	3009	1835	682	2307	1162	1832	2050	1215	1154	1581	271	537	470	1601	3957	656	843	655	2907	3161	3769	1333	1428	1216	2284	3268	1961	1148	4834	876	2340	1377	1468	1693	1190	2143	3253	3945	1502	1447	1234	1580	1580	1165	3978	1548	1303	2777	1765	1333	2057	1449	1012	1022	2707	665	1323	1256	1440	1492	2562	2134	360	1251	677	623	2549	2450	3015	848	1824	1254	1034	1041	1793	1530	3391	1312	1238	761	1184	1238	2663	1318	1389	1223	1129	2339	2885	1319	3267	1325	1320	589	1492	2134	1238	1238	3026	1359	2335	1045	1238	1010	1845	1258	1324	425	1218	1510	1576	1220	2095	1729	1022	3072	1655	977	1195	1667	2941	1451	1243	1909	1785	2284	2216	1264	2271	3188	1218	1825	1320	1881	1603	1502	1438	1877	2206	2350	3168	691	1357	1160	3343	1143	1379	1702	2942	1835	2140	1574	1143	1678	1208	1709	921	1045	2143
2742	3071	2940	2786	2620	3115	2860	2198	2680	2751	2721	2992	2845	3928	3183	2899	2921	2380	3063	2820	2791	2383	1770	4370	1555	2382	1783	2638	2805	3836	0	3128	1858	2218	2435	2798	3139	3976	2813	3030	2178	2994	2385	2685	3515	3155	2901	2809	4080	2815	2756	2955	2571	3572	3066	1719	2248	2731	3067	2825	3169	2182	4415	2021	3391	1572	2621	2318	2631	2181	954	1673	2930	1421	2572	2880	3834	2348	2711	1557	1927	2611	3107	2620	2742	2765	2656	2467	3217	3129	3118	1303	2375	2362	3738	2614	2897	1470	2929	3061	2013	2312	2612	1291	2753	1044	1771	2596	1620	2632	3184	2187	3133	2411	2099	2957	3127	2435	3846	4154	4257	2414	1016	3314	3132	3779	2770	2599	180	2638	3009	2948	2389	1105	2521	3130	1340	3243	1734	4363	2645	2720	2964	2565	759	273	2708	2722	2784	2385	2372	2845	1089	2479	2765	1541	2324	3055	2415	2608	2834	3104	2677	4261	2672	2867	3118	2555	1468	1875	3527	3061	3408	3311	2621	1532	2466	2988	2047	3067	4522	2912	2629	2631	1029	2693	3074	3084	2980	3074	1612	3057	2928	3177	2709	2202	1148	2901	569	2672	2806	3312	2555	1875	3074	2934	1470	3130	1711	3359	2626	2835	2173	2737	2880	3662	2741	2559	2444	2946	1930	2218	3107	2996	2341	3134	4629	2325	1754	2630	3382	2303	2647	2389	2585	3043	2362	954	2955	2654	3079	1977	2940	2558	2614	2604	1695	1689	2992	3220	2804	3129	494	2788	2933	2169	1246	2632	1932	2467	2787	2846	2813	2418	3032	2802	2565
402	155	615	486	542	213	671	2653	477	394	503	137	368	872	110	231	216	983	167	315	338	764	2085	1245	1813	766	1411	541	981	1158	3128	0	1496	921	696	385	1030	1623	619	500	1210	306	759	475	388	1271	230	322	1457	313	390	215	556	511	91	1503	1003	2062	98	736	375	1073	1365	1149	295	1586	712	826	505	1111	2235	1483	205	1776	717	572	807	792	1681	1594	1499	520	178	691	1804	380	692	661	293	0	304	2847	2169	1150	649	519	467	2027	244	94	1153	1318	553	2515	397	3106	1427	778	1976	703	1017	1222	9	784	1074	177	4	696	1363	1170	1370	716	3013	527	411	726	1749	2005	3108	541	270	187	1156	2333	839	9	3916	1420	1429	1247	483	559	180	997	2433	3298	438	410	396	759	777	368	3020	651	377	1800	811	175	949	523	721	182	1549	1240	495	269	304	575	1690	1258	817	96	481	579	1392	1605	1864	812	1135	98	1425	424	668	505	2461	472	82	719	162	82	1688	160	250	109	813	1245	2031	230	2581	495	323	638	575	1258	82	196	2027	224	1441	232	723	725	955	449	250	763	485	568	686	188	1205	921	178	1921	789	215	1514	806	1885	498	315	885	657	1156	1066	112	1150	2314	178	690	164	1217	445	570	519	746	1438	1461	2015	1122	323	3	2659	501	241	1383	2027	703	1218	661	506	522	374	722	420	726	997
1211	1387	1622	1371	956	1576	1041	1349	1188	1106	1292	1362	1359	2368	1511	1273	1339	559	1376	1254	1209	976	648	2706	333	977	926	1193	947	2522	1858	1496	0	856	947	1302	2023	2863	1497	1240	330	1503	967	1195	1866	2174	1273	1233	2817	1229	1224	1286	1024	1833	1412	993	493	1214	1409	1587	1407	1092	2861	431	1694	431	835	930	1013	387	904	400	1342	463	804	1085	2297	931	1005	462	1295	1013	1553	845	1087	1229	868	949	1481	1497	1377	1351	1044	504	2145	1085	1491	532	1257	1408	436	469	1155	1019	1230	1618	935	791	487	847	2048	335	1498	714	477	1362	1498	947	2646	2656	2834	928	1527	1879	1685	2220	1085	1084	1900	1193	1293	1357	530	870	714	1502	2432	2321	367	2630	1064	970	1380	712	1099	2089	1063	1106	1289	967	976	1359	1529	976	1227	332	758	1367	597	1074	1585	1552	919	2735	1199	1294	1377	1030	489	520	2164	1407	1913	1903	813	532	896	1780	923	1409	2912	1481	862	1013	997	1210	1422	1806	1393	1422	246	1375	1252	1504	1522	345	721	1273	1418	1198	1227	1933	1030	520	1422	1337	532	1415	409	1717	1357	1589	709	1264	1258	2205	1306	1013	950	1353	522	856	1553	1347	884	1594	2986	876	425	1075	1669	621	878	530	727	1389	504	921	1359	868	1390	936	1175	1020	1085	810	700	419	1386	2133	1201	1496	1485	1385	1260	1439	617	847	448	949	1386	1073	1316	815	1601	1557	712
