NAME : VRPTW_INSTANCE_347.txt
COMMENT : Bangkok Supermarket
TYPE : VRPTW
DIMENSION : 205
DAYS : Wednesday
EDGE_WEIGHT_TYPE : EXPLICIT
VEHICLES : 29
EDGE_WEIGHT_FORMAT : FULL_MATRIX
CAPACITY : 1000
EDGE_WEIGHT_SECTION
0	663	667	1321	3368	3859	1187	425	255	17	1606	1010	935	90	993	990	193	119	34	576	248	1421	1680	388	399	221	1132	212	742	237	526	664	437	845	1088	1080	353	475	525	2550	262	170	330	1417	622	309	307	185	1010	1321	1894	207	391	538	212	592	1632	498	1183	1120	88	101	412	623	432	737	393	217	1191	976	123	257	994	155	91	447	386	1142	1315	140	639	1059	1213	422	101	474	422	1010	216	442	185	365	118	154	1213	149	1807	534	485	347	193	1221	1079	622	1028	407	1010	1124	1605	120	484	1038	25	170	529	452	835	193	352	133	582	103	1008	118	585	133	979	395	978	1166	224	270	374	225	1028	101	3680	115	862	1321	1041	582	639	474	206	155	37	419	463	918	54	404	140	654	418	366	208	197	1752	451	197	1134	966	206	341	583	492	2191	62	412	3552	497	154	78	1433	1010	1733	1321	218	3255	4116	202	178	408	165	1434	135	1603	529	349	236	1627	46	406	111	2740	1048	358	203	441	525	525	120	383	484
663	0	83	738	3207	3609	580	495	512	669	973	1352	533	736	1094	930	647	763	651	231	432	959	1614	856	825	493	1653	797	582	457	226	260	277	1160	1620	717	807	762	883	2328	765	725	713	822	588	439	442	633	581	738	1768	523	663	215	797	936	1385	803	1239	1433	742	731	489	441	397	975	666	446	1566	902	756	915	1029	575	732	368	799	652	1810	781	329	1319	1239	497	765	1127	795	581	530	269	511	559	753	759	1239	726	1731	202	612	539	647	694	680	588	1238	480	566	1434	1057	756	271	1689	683	725	210	532	958	647	539	632	805	747	1434	753	204	643	566	860	334	992	653	555	554	653	1038	765	3570	757	1320	738	1335	805	307	1019	529	575	653	794	210	312	652	495	752	1282	468	564	525	531	1150	279	531	487	710	529	993	224	609	1552	633	501	3395	618	759	715	1642	581	1945	738	526	3409	3927	800	487	839	761	1718	601	1354	210	954	652	1027	701	480	576	2835	776	553	531	715	883	883	756	864	271
667	83	0	690	3125	3530	539	551	488	675	946	1292	452	733	1019	849	626	773	659	165	424	890	1531	822	787	477	1611	780	662	445	289	342	248	1100	1580	636	845	815	835	2247	795	747	676	778	661	476	479	660	503	690	1851	549	713	281	780	885	1303	856	1160	1369	750	743	544	517	453	912	715	451	1624	982	749	923	1106	562	728	425	761	583	1857	793	408	1385	1159	553	767	1138	753	503	558	240	501	608	747	747	1159	745	1647	265	672	586	626	632	602	661	1169	534	489	1371	1003	749	226	1702	688	747	273	478	887	626	586	652	747	742	1487	747	138	630	486	825	311	909	684	592	604	684	959	767	3487	768	1368	690	1399	747	387	1051	511	562	661	751	243	265	662	548	742	1302	523	613	551	556	1110	244	556	468	627	511	986	157	670	1529	644	556	3312	679	747	711	1570	503	1871	690	555	3329	3846	819	488	800	779	1785	589	1272	273	976	684	986	701	533	589	2753	693	601	557	666	835	835	749	901	226
1321	738	690	0	2709	3022	165	1234	1092	1333	334	1597	463	1370	1181	926	1225	1437	1321	745	1073	364	1360	1348	1300	1106	2034	1380	1264	1084	964	953	885	1429	2017	474	1535	1500	1287	1815	1482	1427	1213	99	1307	1167	1169	1345	399	0	2302	1235	1401	953	1380	1308	963	1542	1223	1630	1409	1410	1228	1151	1136	1242	1403	1119	2302	1559	1377	1578	1713	1188	1364	1107	1277	262	2547	1457	1032	2044	1192	1236	1415	1795	1249	399	1245	881	1139	1296	1378	1363	1192	1422	1443	940	1349	1275	1225	166	419	1307	1384	1219	383	1629	325	1379	837	2357	1346	1427	948	970	1128	1225	1275	1331	1143	1377	2173	1378	737	1250	432	1348	425	815	1371	1282	1292	1372	1055	1415	3110	1432	2057	0	2065	1143	1010	1739	1132	1188	1324	1249	934	427	1328	1233	1363	1974	1207	1301	1237	1241	431	870	1241	323	632	1132	1602	738	1346	897	1312	1240	2895	1355	1363	1348	1690	399	1946	0	1242	3230	3385	1495	1147	1312	1454	2439	1216	938	948	1653	1373	306	1347	1218	1262	2621	615	1290	1243	1144	1287	1287	1379	1591	837
3368	3207	3125	2709	0	664	2841	3592	3141	3386	2826	2614	2675	3340	2394	2384	3176	3467	3395	3034	3225	2351	1691	3061	3023	3194	3008	3241	3783	3208	3390	3467	3126	2665	3043	2493	3718	3796	2900	894	3629	3538	3049	2707	3758	3455	3456	3519	2636	2709	4962	3448	3690	3386	3241	2847	1822	3831	2204	2513	3435	3464	3579	3632	3509	2674	3692	3297	4559	4105	3317	3519	4215	3223	3333	3490	3024	2613	4628	3484	3532	4409	2166	3592	3399	3667	2978	2636	3464	3129	3228	3604	3323	3277	2166	3518	1564	3368	3714	3577	3176	2626	2535	3758	2437	3569	2655	2506	2464	3323	3077	4043	3391	3538	3374	2939	2544	3176	3580	3473	2796	3337	4370	3323	3051	3235	2645	3056	3042	2242	3560	3533	3606	3562	2341	3399	437	3467	4222	2709	4400	2796	3511	3825	3187	3223	3398	2981	3295	2972	3413	3578	3289	3869	3565	3609	3451	3447	2631	3105	3447	3010	2508	3187	3394	3035	3716	2857	3408	3589	187	3724	3277	3328	2170	2636	2011	2709	3463	1574	753	3563	3287	3021	3530	4797	3236	1853	3374	3677	3570	2654	3356	3567	3400	1273	2434	3595	3453	2931	2900	2900	3323	3752	3077
3859	3609	3530	3022	664	0	3171	4035	3618	3877	3072	3191	3079	3842	2921	2869	3671	3965	3882	3462	3691	2687	2220	3583	3542	3668	3613	3753	4191	3677	3810	3868	3569	3219	3646	2895	4200	4259	3425	1309	4114	4026	3553	3000	4184	3907	3908	3994	3028	3022	5321	3913	4150	3804	3753	3377	2244	4296	2737	3097	3932	3958	4023	4047	3945	3204	4153	3762	5048	4511	3822	4033	4636	3708	3834	3924	3539	2977	5151	3983	3939	4870	2692	4035	3901	4198	3492	3028	3930	3571	3704	4058	3827	3784	2692	4007	2097	3787	4159	4031	3671	2970	2928	4184	2993	4012	3044	3090	2736	3827	3517	4610	3883	4026	3793	3414	3061	3671	4034	3952	3306	3839	4867	3827	3476	3729	3043	3578	3398	2699	4035	3995	4059	4036	2848	3901	815	3964	4721	3022	4869	3306	3917	4328	3666	3708	3886	3495	3725	3343	3900	4023	3794	4403	4006	4063	3917	3914	2855	3548	3914	3340	2942	3666	3924	3462	4160	2975	3893	4034	587	4169	3784	3827	2768	3028	2639	3022	3928	2189	471	4059	3758	3542	4024	5267	3724	2275	3793	4185	4044	2905	3852	4011	3877	1936	2862	4048	3920	3433	3425	3425	3827	4239	3517
1187	580	539	165	2841	3171	0	1075	969	1198	423	1555	409	1241	1163	917	1105	1300	1185	613	939	490	1428	1248	1203	977	1969	1262	1099	952	804	788	750	1378	1948	484	1383	1342	1204	1946	1334	1283	1109	241	1143	1014	1017	1198	366	165	2150	1087	1244	793	1262	1232	1063	1383	1231	1600	1274	1272	1070	987	977	1186	1246	979	2140	1395	1252	1445	1548	1061	1236	948	1179	273	2391	1320	867	1879	1205	1077	1284	1662	1154	366	1097	744	1008	1140	1251	1241	1205	1279	1520	781	1189	1120	1105	220	424	1143	1359	1061	344	1599	491	1253	705	2225	1211	1283	789	868	1090	1105	1119	1187	1069	1250	2014	1251	602	1125	391	1250	260	843	1223	1130	1135	1223	1048	1284	3236	1295	1901	165	1901	1069	846	1590	1005	1061	1187	1154	781	274	1190	1075	1239	1835	1048	1145	1090	1094	571	737	1094	170	616	1005	1481	605	1185	1007	1173	1082	3027	1193	1241	1220	1694	366	1964	165	1093	3297	3526	1354	1010	1215	1313	2274	1089	1035	789	1511	1223	447	1216	1060	1121	2693	621	1133	1096	1051	1204	1204	1253	1440	705
425	495	551	1234	3592	4035	1075	0	506	417	1455	1405	973	514	1301	1222	559	453	393	576	394	1437	1935	794	791	450	1558	636	316	420	271	336	467	1227	1513	1152	349	266	904	2735	345	360	694	1317	204	149	149	267	1036	1234	1503	221	176	282	636	971	1791	307	1479	1510	453	422	14	211	98	1086	178	329	1072	576	549	589	637	473	516	127	772	1132	1318	462	275	843	1497	3	502	761	796	1036	210	464	429	86	543	579	1497	376	2060	294	125	87	559	1184	1128	204	1381	24	1026	1513	1552	545	517	1289	427	360	286	679	1143	559	83	306	911	527	939	543	565	512	1013	800	822	1350	254	160	77	254	1296	502	3932	446	827	1234	851	911	286	567	475	473	392	793	318	808	378	21	565	867	28	90	219	230	1641	487	230	967	1093	475	741	577	124	2022	364	14	3779	133	579	504	1796	1036	2102	1234	208	3616	4328	431	361	802	407	1243	480	1760	286	552	245	1520	470	25	318	3077	1172	87	223	772	904	904	545	406	517
255	512	488	1092	3141	3618	969	506	0	271	1392	917	686	281	800	756	139	373	270	359	118	1169	1461	349	326	56	1152	295	796	87	464	611	240	731	1116	826	581	659	415	2310	496	410	214	1190	707	356	356	377	761	1092	2008	314	556	472	295	479	1384	692	983	1015	341	356	491	649	459	580	559	177	1429	1081	285	495	1137	101	274	458	302	897	1569	394	617	1269	1006	504	333	710	311	761	330	247	87	486	285	271	1006	394	1588	460	609	460	139	981	827	707	875	482	763	1018	1363	287	270	1266	281	410	458	204	641	139	464	334	404	287	1252	285	375	157	729	354	787	920	419	401	491	420	811	333	3464	370	1110	1092	1259	404	608	727	49	101	274	309	361	712	286	486	270	901	485	490	317	311	1523	245	311	940	711	49	512	367	613	1977	276	497	3326	621	271	260	1291	761	1597	1092	330	3110	3886	456	151	339	417	1656	127	1354	458	604	429	1399	267	480	259	2573	793	477	318	268	415	415	287	621	270
17	669	675	1333	3386	3877	1198	417	271	0	1615	1024	950	97	1011	1007	210	104	24	588	259	1435	1698	403	415	236	1140	224	733	250	527	663	448	861	1096	1096	336	459	541	2567	245	152	348	1428	612	305	303	171	1025	1333	1880	201	377	540	224	608	1650	482	1201	1135	76	84	404	617	427	754	379	224	1174	964	132	248	980	172	99	444	402	1155	1299	125	637	1042	1231	414	97	464	439	1024	209	453	199	355	126	166	1231	131	1825	536	473	337	210	1234	1094	612	1045	400	1024	1139	1618	128	496	1028	13	152	530	469	853	210	342	119	600	110	990	126	596	151	993	409	987	1183	209	260	363	210	1045	97	3697	100	845	1333	1023	600	637	457	222	172	25	436	467	928	40	396	151	642	411	356	203	191	1763	462	191	1143	982	222	341	594	481	2200	52	404	3570	485	166	89	1449	1025	1749	1333	212	3271	4134	185	187	423	147	1416	152	1620	530	333	222	1638	54	398	107	2756	1065	347	197	459	541	541	128	366	496
1606	973	946	334	2826	3072	423	1455	1392	1615	0	1931	795	1663	1511	1254	1528	1717	1601	1035	1358	597	1625	1668	1622	1399	2368	1685	1420	1373	1187	1139	1169	1764	2350	803	1780	1720	1615	1944	1738	1693	1530	243	1489	1413	1416	1605	734	334	2321	1494	1630	1174	1685	1639	1190	1761	1543	1963	1691	1688	1452	1334	1360	1576	1632	1394	2496	1682	1673	1863	1849	1483	1657	1330	1598	595	2772	1736	1217	2217	1507	1457	1703	2080	1572	734	1502	1164	1429	1527	1673	1664	1507	1691	1692	1165	1560	1510	1528	497	750	1489	1715	1444	717	1961	371	1675	1127	2644	1629	1693	1173	1288	1463	1528	1509	1598	1475	1671	2386	1673	1022	1547	766	1669	639	1126	1626	1529	1521	1627	1382	1703	3243	1711	2282	334	2246	1475	1198	1993	1428	1483	1604	1572	1182	687	1606	1458	1662	2248	1430	1532	1496	1501	231	1157	1501	488	964	1428	1904	1027	1554	585	1588	1463	3007	1563	1664	1641	2008	734	2254	334	1498	3480	3463	1766	1428	1634	1725	2600	1511	1170	1173	1922	1626	171	1636	1443	1535	2866	942	1522	1502	1468	1615	1615	1675	1838	1127
1010	1352	1292	1597	2614	3191	1555	1405	917	1024	1931	0	1147	938	451	700	846	1056	1044	1127	1035	1445	1000	621	615	967	503	807	1710	1003	1372	1516	1092	192	511	1135	1335	1481	503	1932	1247	1159	712	1689	1610	1260	1260	1195	1200	1597	2901	1188	1401	1379	807	437	1237	1501	543	116	1033	1070	1391	1566	1373	383	1403	1085	2083	1978	903	1035	2005	932	933	1374	633	1336	2064	1065	1532	2027	599	1403	982	1118	610	1200	1202	1100	980	1364	910	863	599	1135	1110	1365	1488	1342	846	1434	1183	1610	257	1383	1219	122	1727	909	1083	1429	1020	1159	1364	821	468	846	1346	1143	547	928	1879	910	1154	897	1170	614	1501	893	1234	1269	1371	1235	593	982	2857	1059	1729	1597	1995	547	1521	1353	936	932	1047	613	1262	1397	1064	1384	878	1302	1389	1366	1191	1181	1964	1083	1181	1617	968	936	865	1135	1495	2458	1070	1395	2785	1500	863	937	470	1200	744	1597	1204	2260	3366	1145	1047	605	1129	2364	925	1220	1364	1201	1246	1858	974	1381	1098	1781	1003	1355	1189	655	503	503	909	1344	1083
935	533	452	463	2675	3079	409	973	686	950	795	1147	0	967	758	520	805	1054	943	400	701	486	1121	897	848	713	1572	953	1114	702	732	793	531	973	1554	184	1210	1221	825	1795	1140	1069	770	560	1107	864	866	1004	76	463	2291	902	1113	726	953	845	853	1261	842	1191	1024	1032	963	968	878	782	1115	761	2034	1434	967	1182	1557	787	960	854	826	220	2227	1075	861	1816	823	974	1019	1395	794	75	916	530	750	1012	969	946	823	1058	1229	709	1098	986	805	316	155	1107	951	952	82	1190	685	970	476	1946	961	1069	716	529	681	805	988	977	681	972	1880	969	408	841	43	897	430	497	1038	969	1010	1039	650	1019	3044	1050	1749	463	1824	681	839	1391	731	787	946	794	655	331	955	965	948	1587	944	1017	905	905	874	511	905	497	226	731	1176	397	1097	1356	941	974	2863	1106	946	946	1298	76	1578	463	913	2966	3394	1128	777	858	1087	2217	813	822	716	1282	1043	755	952	951	901	2373	264	1003	909	690	825	825	970	1260	476
90	736	733	1370	3340	3842	1241	514	281	97	1663	938	967	0	954	973	174	128	121	628	308	1448	1649	319	338	264	1043	131	830	290	611	751	494	780	999	1101	403	543	467	2533	312	222	291	1467	709	399	397	265	1042	1370	1972	297	469	623	131	533	1627	563	1145	1050	99	134	501	713	522	688	470	292	1220	1058	35	215	1069	182	7	537	329	1179	1317	144	729	1108	1178	512	59	429	371	1042	306	500	234	451	29	74	1178	198	1777	618	569	434	174	1262	1105	709	973	497	1044	1055	1645	31	536	986	88	222	613	459	798	174	439	214	545	12	1029	29	640	127	1010	326	1043	1159	299	357	460	300	1000	59	3644	129	881	1370	1086	545	728	486	238	182	122	368	541	977	137	493	59	622	508	452	299	287	1801	505	287	1198	976	238	258	636	576	2248	149	501	3523	580	74	21	1371	1042	1669	1370	308	3190	4091	224	248	345	198	1473	154	1598	613	344	312	1676	44	495	201	2683	1058	444	293	409	467	467	31	423	536
993	1094	1019	1181	2394	2921	1163	1301	800	1011	1511	451	758	954	0	257	801	1082	1023	864	907	998	704	667	629	856	947	848	1567	882	1183	1310	883	349	948	708	1347	1453	506	1623	1256	1163	664	1268	1496	1151	1152	1161	797	1181	2793	1113	1354	1186	848	456	818	1483	191	456	1051	1083	1286	1412	1240	282	1356	974	2173	1870	928	1125	1936	862	947	1232	630	919	2236	1098	1347	2052	229	1300	1011	1277	585	797	1130	890	884	1287	934	887	229	1141	831	1169	1409	1260	801	1015	761	1496	206	1277	818	454	1283	934	854	1709	1013	1163	1171	624	159	801	1264	1111	411	949	1980	934	890	860	771	661	1159	441	1204	1201	1291	1205	141	1011	2690	1083	1830	1181	2035	411	1331	1435	839	862	1026	588	1070	1053	1043	1282	900	1482	1278	1290	1117	1109	1525	867	1109	1252	550	839	1003	870	1413	2018	1041	1294	2575	1420	887	943	553	797	851	1181	1129	2329	3147	1179	951	627	1149	2426	870	798	1171	1284	1215	1425	974	1275	1045	1776	569	1277	1117	553	506	506	934	1374	854
990	930	849	926	2384	2869	917	1222	756	1007	1254	700	520	973	257	0	801	1095	1014	711	843	745	712	742	694	809	1182	892	1455	824	1059	1169	768	565	1178	451	1335	1413	597	1560	1248	1158	687	1011	1404	1079	1080	1134	550	926	2678	1064	1307	1059	892	572	668	1447	323	714	1063	1088	1209	1299	1148	424	1309	915	2181	1770	954	1170	1857	840	965	1134	686	666	2288	1114	1217	2025	312	1222	1032	1351	640	550	1081	773	843	1226	959	917	312	1138	837	1041	1340	1198	801	760	506	1404	464	1198	573	711	1027	960	727	1834	1013	1158	1044	555	264	801	1202	1089	454	971	1997	959	735	859	528	738	940	217	1176	1150	1228	1177	130	1032	2712	1094	1851	926	2016	454	1199	1458	803	840	1017	642	951	836	1032	1207	927	1558	1196	1230	1068	1063	1268	749	1063	1018	301	803	1084	715	1343	1761	1026	1218	2570	1351	917	957	778	550	1058	926	1080	2481	3129	1189	903	697	1154	2413	855	641	1044	1317	1185	1167	982	1197	1015	1904	312	1216	1069	568	597	597	960	1372	727
193	647	626	1225	3176	3671	1105	559	139	210	1528	846	805	174	801	801	0	293	222	498	224	1282	1487	239	231	156	1035	157	868	195	574	721	378	671	996	932	546	659	347	2362	455	363	141	1323	763	417	416	365	881	1225	2056	342	567	584	157	415	1452	686	990	952	261	287	544	731	535	549	569	252	1383	1131	165	387	1167	89	167	541	212	1021	1491	312	717	1251	1020	557	233	594	240	881	357	386	149	519	168	141	1020	342	1615	574	643	496	0	1108	939	763	843	537	884	956	1488	169	409	1140	214	363	571	287	642	0	500	313	390	175	1196	168	514	59	848	245	926	985	407	425	526	408	835	233	3487	292	1049	1225	1234	390	711	656	119	89	225	237	480	850	242	538	144	792	544	521	345	335	1655	384	335	1079	803	119	377	506	650	2112	241	548	3360	656	141	157	1252	881	1555	1225	357	3075	3925	387	208	243	354	1627	79	1423	571	518	419	1531	180	536	256	2553	885	510	343	248	347	347	169	576	409
119	763	773	1437	3467	3965	1300	453	373	104	1717	1056	1054	128	1082	1095	293	0	115	691	363	1540	1776	443	465	340	1124	250	763	355	605	734	551	903	1077	1199	280	432	594	2656	191	109	418	1532	633	368	366	186	1129	1437	1867	262	371	618	250	659	1744	447	1273	1169	32	33	442	663	484	816	372	322	1093	964	157	153	962	272	135	505	457	1260	1201	20	698	982	1305	450	74	364	499	1129	264	556	304	378	150	199	1305	86	1904	617	483	367	293	1339	1198	633	1099	440	1129	1174	1723	151	600	928	93	109	610	567	926	293	372	151	672	134	904	150	699	237	1098	449	1085	1277	208	294	388	208	1126	74	3772	6	756	1437	958	672	701	363	325	272	112	496	557	1030	111	433	185	537	454	377	262	252	1867	566	252	1241	1083	325	288	698	492	2301	129	439	3650	494	199	139	1495	1129	1791	1437	268	3312	4217	96	289	471	73	1345	250	1715	610	230	220	1742	113	439	187	2809	1165	373	256	535	594	594	151	296	600
34	651	659	1321	3395	3882	1185	393	270	24	1601	1044	943	121	1023	1014	222	115	0	576	248	1429	1707	423	433	231	1164	246	709	242	505	641	436	879	1120	1092	324	441	558	2573	234	143	362	1416	589	281	279	151	1018	1321	1859	177	357	518	246	626	1653	466	1213	1154	90	89	380	593	403	769	358	208	1166	941	156	264	960	175	123	420	419	1147	1299	135	613	1029	1242	390	119	479	455	1018	185	441	194	331	150	188	1242	124	1835	514	451	314	222	1225	1089	589	1061	376	1017	1159	1609	152	485	1043	35	143	509	472	865	222	318	98	612	134	985	150	584	162	987	429	971	1187	190	237	340	191	1055	119	3708	110	841	1321	1012	612	614	457	221	175	3	452	447	914	20	371	174	652	387	332	178	167	1751	451	167	1127	981	221	364	583	458	2186	28	380	3579	462	188	112	1466	1018	1767	1321	188	3289	4142	186	174	442	146	1405	158	1623	509	338	202	1626	77	374	84	2772	1064	324	173	470	558	558	152	357	485
576	231	165	745	3034	3462	613	576	359	588	1035	1127	400	628	864	711	498	691	576	0	328	878	1409	673	634	364	1453	655	754	339	357	457	141	935	1423	576	815	820	674	2167	751	687	527	840	725	463	465	613	467	745	1969	507	713	355	655	722	1221	861	1013	1205	664	665	565	600	483	747	715	377	1634	1075	638	833	1181	448	623	461	609	581	1835	712	509	1418	1016	576	671	1050	597	467	520	137	395	612	638	630	1016	680	1529	336	701	586	498	652	555	725	1007	554	461	1206	1035	640	92	1613	600	687	341	315	727	498	588	593	582	636	1481	638	26	513	442	675	431	797	645	570	610	646	813	671	3386	687	1352	745	1425	582	490	1006	393	448	579	595	262	352	584	566	627	1229	547	616	510	512	1175	125	512	582	525	393	870	8	700	1620	568	576	3221	710	630	606	1411	467	1714	745	517	3184	3763	753	402	648	712	1819	476	1189	341	910	649	1050	603	553	521	2614	601	603	515	506	674	674	640	868	92
248	432	424	1073	3225	3691	939	394	118	259	1358	1035	701	308	907	843	224	363	248	328	0	1187	1553	457	438	71	1258	366	678	31	352	499	189	850	1220	857	518	571	532	2384	442	368	328	1169	593	244	244	309	774	1073	1893	222	464	361	366	597	1449	606	1087	1133	335	337	379	531	342	697	466	71	1362	967	325	506	1029	144	303	340	415	901	1529	383	502	1184	1107	392	345	723	428	774	239	194	79	384	323	326	1107	357	1679	350	503	357	224	977	850	593	990	370	772	1136	1361	325	236	1286	272	368	348	290	749	224	360	277	519	318	1194	323	337	211	744	462	734	992	348	307	387	349	908	345	3555	358	1056	1073	1178	519	493	690	107	144	251	425	256	671	256	375	320	900	372	388	226	223	1504	203	223	890	761	107	562	335	506	1943	241	386	3411	514	326	287	1406	774	1713	1073	237	3224	3967	428	76	451	387	1576	169	1419	348	584	355	1379	278	368	200	2683	844	374	229	385	532	532	325	565	236
1421	959	890	364	2351	2687	490	1437	1169	1435	597	1445	486	1448	998	745	1282	1540	1429	878	1187	0	1028	1344	1293	1199	1922	1425	1531	1188	1179	1207	1014	1303	1914	357	1693	1694	1244	1457	1625	1555	1231	390	1548	1340	1342	1489	412	364	2634	1384	1587	1171	1425	1246	605	1734	989	1454	1509	1518	1428	1399	1339	1137	1590	1247	2508	1842	1447	1664	1982	1270	1442	1313	1274	307	2712	1561	1283	2275	946	1438	1502	1876	1236	413	1398	1012	1236	1484	1449	1423	946	1545	1099	1155	1560	1460	1282	283	343	1548	1204	1418	417	1451	287	1450	960	2419	1446	1555	1163	999	994	1282	1461	1463	1089	1453	2359	1449	881	1322	442	1342	712	570	1522	1449	1482	1523	858	1502	2749	1536	2231	364	2288	1089	1261	1877	1216	1270	1433	1237	1119	666	1441	1431	1427	2070	1408	1489	1388	1389	540	995	1389	660	517	1216	1647	874	1558	1026	1427	1440	2537	1567	1423	1428	1445	412	1672	364	1395	2888	3037	1614	1263	1302	1573	2675	1296	581	1163	1768	1526	461	1436	1417	1387	2276	456	1476	1392	1135	1244	1244	1450	1745	960
1680	1614	1531	1360	1691	2220	1428	1935	1461	1698	1625	1000	1121	1649	704	712	1487	1776	1707	1409	1553	1028	0	1371	1332	1515	1474	1549	2161	1533	1764	1864	1478	1002	1495	964	2032	2120	1211	935	1942	1850	1358	1411	2116	1791	1792	1836	1111	1360	3379	1772	2016	1763	1549	1160	466	2153	517	924	1745	1774	1921	2006	1859	987	2018	1624	2869	2479	1626	1828	2569	1538	1642	1845	1332	1156	2940	1793	1919	2730	475	1934	1708	1982	1286	1111	1789	1482	1548	1937	1631	1585	475	1829	127	1744	2052	1910	1487	1216	1021	2116	778	1911	1134	917	1284	1631	1435	2393	1702	1850	1749	1263	852	1487	1913	1789	1105	1645	2679	1631	1431	1546	1106	1366	1545	626	1878	1859	1940	1879	652	1708	2002	1777	2530	1360	2717	1105	1899	2134	1505	1538	1711	1289	1659	1451	1726	1919	1597	2185	1909	1941	1776	1771	1535	1458	1771	1574	909	1505	1708	1412	2055	1978	1722	1930	1873	2063	1585	1637	673	1111	757	1360	1788	1870	2443	1873	1610	1331	1841	3113	1550	476	1749	1985	1888	1481	1665	1909	1718	1264	856	1927	1777	1241	1211	1211	1631	2064	1435
388	856	822	1348	3061	3583	1248	794	349	403	1668	621	897	319	667	742	239	443	423	673	457	1344	1371	0	50	386	802	193	1105	425	809	956	579	460	766	986	722	861	160	2279	632	542	145	1447	997	655	654	574	970	1348	2281	573	780	818	193	219	1410	882	856	731	417	453	779	970	774	387	782	491	1517	1360	286	460	1383	328	314	780	70	1117	1569	455	956	1424	895	792	368	615	108	970	586	587	387	746	293	245	895	518	1498	807	869	725	239	1212	1007	997	659	773	979	736	1579	292	596	1098	400	542	805	380	522	239	730	521	287	310	1319	293	694	281	936	6	1103	950	612	651	754	613	738	368	3351	446	1169	1348	1399	287	949	775	350	328	425	106	710	1015	443	772	260	821	781	748	576	565	1770	579	565	1248	833	350	343	681	876	2244	449	782	3241	881	245	317	1052	970	1349	1348	588	2871	3814	537	447	44	516	1781	315	1383	805	623	625	1649	353	771	480	2366	907	738	573	208	160	160	292	738	596
399	825	787	1300	3023	3542	1203	791	326	415	1622	615	848	338	629	694	231	465	433	634	438	1293	1332	50	0	367	829	220	1099	406	789	936	547	446	795	936	742	874	129	2237	651	559	113	1399	995	648	647	583	921	1300	2285	572	789	798	220	194	1362	897	820	723	437	472	776	960	765	353	790	479	1548	1362	308	496	1391	319	332	769	25	1068	1609	478	940	1447	857	789	391	659	57	921	587	556	373	748	314	266	857	535	1459	786	872	726	231	1163	957	995	634	769	930	727	1529	314	560	1148	413	559	784	335	481	231	730	530	240	331	1352	314	657	281	887	49	1062	901	623	653	755	624	694	391	3317	467	1202	1300	1424	240	932	807	333	319	435	56	687	973	453	770	280	865	776	750	575	565	1721	546	565	1206	782	333	389	643	879	2197	457	780	3204	884	266	333	1034	921	1334	1300	588	2856	3775	561	437	13	536	1809	310	1335	784	656	635	1600	368	767	483	2344	856	739	573	158	129	129	314	761	560
221	493	477	1106	3194	3668	977	450	56	236	1399	967	713	264	856	809	156	340	231	364	71	1199	1515	386	367	0	1187	304	743	39	423	570	232	783	1149	860	532	605	464	2360	449	366	258	1203	652	301	300	326	788	1106	1953	258	501	432	304	530	1431	638	1040	1067	310	319	435	598	407	636	503	121	1380	1026	275	473	1081	84	258	407	344	921	1529	361	572	1215	1062	449	309	690	358	788	274	239	37	430	274	270	1062	352	1642	421	552	404	156	1001	858	652	930	426	788	1070	1385	276	272	1250	247	366	418	255	697	156	408	285	460	272	1205	274	377	152	757	391	784	969	367	345	435	368	866	309	3518	337	1064	1106	1206	460	564	687	36	84	234	356	325	714	244	430	265	875	430	433	261	255	1537	242	255	938	752	36	510	371	557	1984	233	442	3379	564	270	242	1346	788	1652	1106	274	3166	3938	418	95	380	377	1604	113	1401	418	569	376	1412	242	425	208	2629	835	420	262	322	464	464	276	574	272
1132	1653	1611	2034	3008	3613	1969	1558	1152	1140	2368	503	1572	1043	947	1182	1035	1124	1164	1453	1258	1922	1474	802	829	1187	0	923	1874	1227	1609	1757	1376	618	53	1593	1374	1547	780	2391	1301	1233	942	2130	1752	1434	1432	1302	1634	2034	2977	1338	1496	1619	923	740	1739	1554	1045	552	1115	1151	1544	1752	1557	794	1497	1285	1967	2088	1008	1037	2072	1122	1041	1567	854	1778	1855	1124	1751	1989	1101	1555	1062	1017	858	1635	1348	1385	1185	1494	1014	979	1101	1210	1574	1608	1606	1478	1035	1878	1634	1752	760	1540	1650	559	2197	1012	1386	1122	1131	1233	1606	1139	928	1035	1482	1256	900	1030	1764	1014	1477	1064	1602	797	1869	1386	1331	1401	1503	1332	1087	1062	3207	1130	1626	2034	1944	900	1746	1311	1151	1122	1166	860	1512	1771	1180	1536	993	1145	1550	1494	1340	1329	2424	1374	1329	2003	1423	1151	851	1462	1615	2916	1193	1544	3169	1618	979	1053	846	1634	1014	2034	1350	2410	3749	1188	1240	815	1190	2268	1104	1723	1606	1178	1343	2313	1087	1538	1241	2026	1470	1487	1335	947	780	780	1012	1362	1386
212	797	780	1380	3241	3753	1262	636	295	224	1685	807	953	131	848	892	157	250	246	655	366	1425	1549	193	220	304	923	0	952	340	702	847	533	653	881	1071	530	674	349	2446	440	352	207	1478	835	510	509	395	1029	1380	2103	415	600	713	0	411	1556	693	1039	920	225	262	622	828	633	574	601	374	1327	1188	96	280	1201	222	126	645	217	1171	1398	261	832	1231	1075	633	175	464	262	1029	426	540	286	578	103	58	1075	327	1677	705	697	560	157	1260	1082	835	852	617	1033	925	1638	101	566	994	217	352	701	426	697	157	564	343	447	120	1132	103	671	154	995	199	1083	1089	430	483	587	431	906	175	3537	253	982	1380	1206	447	829	587	269	222	248	259	618	1008	265	614	72	669	627	579	417	406	1809	540	406	1236	933	269	223	663	705	2269	275	623	3423	709	58	134	1245	1029	1541	1380	428	3062	3993	343	327	225	323	1589	197	1528	701	436	443	1686	170	615	318	2559	1012	570	413	325	349	349	101	544	566
742	582	662	1264	3783	4191	1099	316	796	733	1420	1710	1114	830	1567	1455	868	763	709	754	678	1531	2161	1105	1099	743	1874	952	0	709	397	324	689	1527	1830	1298	594	435	1206	2909	624	662	997	1331	138	450	451	577	1163	1264	1226	537	417	399	952	1273	1963	461	1736	1811	766	732	329	156	336	1375	417	624	1086	321	865	889	451	780	832	338	1079	1226	1403	769	253	796	1748	319	816	1036	1100	1163	526	683	729	385	859	895	1748	681	2283	418	293	397	868	1255	1263	138	1667	335	1148	1814	1590	861	728	1526	743	662	413	943	1413	868	393	620	1196	843	1005	859	735	824	1148	1111	840	1552	556	474	375	556	1544	816	4140	756	933	1264	829	1196	274	791	773	780	708	1097	504	866	694	337	881	1107	325	385	535	546	1631	707	546	956	1277	773	1051	752	284	1951	680	329	3971	285	895	820	2083	1163	2390	1264	524	3894	4507	726	662	1111	709	1181	790	1932	413	821	545	1517	787	336	634	3342	1349	390	539	1064	1206	1206	861	640	728
237	457	445	1084	3208	3677	952	420	87	250	1373	1003	702	290	882	824	195	355	242	339	31	1188	1533	425	406	39	1227	340	709	0	383	531	203	819	1189	854	527	588	501	2370	447	369	296	1180	621	270	271	318	776	1084	1922	239	482	392	340	566	1437	623	1063	1102	326	331	405	562	372	667	485	92	1373	995	304	493	1054	118	285	371	383	905	1532	376	533	1200	1084	419	331	711	396	776	256	209	56	406	303	303	1084	357	1659	381	527	379	195	984	849	621	961	396	775	1106	1368	305	247	1273	262	369	379	269	723	195	383	282	491	299	1202	303	350	186	746	430	753	978	358	325	410	359	886	331	3535	350	1063	1084	1193	491	525	691	76	118	245	393	286	687	252	401	297	892	399	410	243	238	1515	215	238	908	753	76	541	347	531	1958	238	412	3394	538	303	268	1378	776	1684	1084	255	3196	3951	426	81	420	384	1591	145	1407	379	580	366	1390	263	395	204	2656	835	396	245	355	501	501	305	572	247
526	226	289	964	3390	3810	804	271	464	527	1187	1372	732	611	1183	1059	574	605	505	357	352	1179	1764	809	789	423	1609	702	397	383	0	147	300	1183	1571	915	598	538	876	2520	568	545	678	1045	374	244	247	447	789	964	1619	345	443	13	702	938	1574	579	1347	1465	591	572	266	243	174	1015	445	328	1340	717	639	757	827	488	610	144	765	873	1588	621	163	1095	1356	273	625	958	775	789	347	293	424	340	635	653	1356	551	1885	24	386	323	574	919	885	374	1299	257	776	1468	1283	637	333	1511	541	545	16	568	1034	574	322	459	836	624	1210	635	339	550	770	814	551	1155	458	353	334	458	1152	625	3743	598	1098	964	1110	836	149	814	459	488	506	772	113	538	500	272	643	1095	244	345	346	355	1370	316	355	698	882	459	868	355	383	1758	482	278	3577	392	653	594	1714	789	2020	964	343	3513	4117	622	375	803	587	1496	509	1542	16	768	454	1249	570	257	422	2953	956	335	352	717	876	876	637	655	333
664	260	342	953	3467	3868	788	336	611	663	1139	1516	793	751	1310	1169	721	734	641	457	499	1207	1864	956	936	570	1757	847	324	531	147	0	431	1326	1718	977	684	590	1022	2589	670	662	825	1025	355	365	367	563	840	953	1514	471	512	138	847	1083	1645	629	1467	1607	723	700	337	198	260	1154	514	474	1358	642	780	884	775	635	750	234	913	902	1636	748	79	1091	1472	339	760	1076	921	839	470	424	572	420	776	797	1472	672	1983	151	424	411	721	933	940	355	1434	333	824	1609	1278	778	455	1619	676	662	152	705	1164	721	408	584	976	764	1247	776	434	696	826	962	528	1246	566	460	412	566	1269	760	3829	727	1148	953	1114	976	58	903	606	635	641	919	253	543	633	346	786	1198	317	424	471	481	1338	445	481	658	966	606	1005	453	418	1696	615	347	3655	426	797	734	1847	840	2153	953	466	3637	4187	739	520	950	707	1486	655	1614	152	876	560	1220	709	333	556	3070	1035	418	478	861	1022	1022	778	742	455
437	277	248	885	3126	3569	750	467	240	448	1169	1092	531	494	883	768	378	551	436	141	189	1014	1478	579	547	232	1376	533	689	203	300	431	0	900	1343	699	679	696	610	2268	612	546	435	980	638	339	341	475	601	885	1915	370	587	302	533	666	1325	736	1048	1179	524	525	454	533	383	723	590	236	1506	1002	507	695	1093	317	489	367	522	720	1698	572	463	1302	1059	467	534	912	519	601	384	8	260	490	506	502	1059	539	1601	285	590	464	378	792	684	638	1002	444	596	1181	1176	508	54	1475	461	546	287	274	734	378	466	452	547	503	1349	506	148	385	574	583	551	883	508	439	490	509	855	534	3469	546	1217	885	1305	547	448	866	265	317	439	517	187	483	443	454	498	1088	439	495	374	374	1315	20	374	705	627	265	742	147	591	1754	427	465	3313	600	502	472	1416	601	1722	885	381	3213	3861	612	262	561	571	1701	345	1294	287	769	512	1190	466	442	380	2654	707	481	378	443	610	610	508	730	54
845	1160	1100	1429	2665	3219	1378	1227	731	861	1764	192	973	780	349	565	671	903	879	935	850	1303	1002	460	446	783	618	653	1527	819	1183	1326	900	0	612	977	1183	1320	324	1937	1093	1002	533	1523	1431	1080	1080	1029	1030	1429	2728	1013	1235	1189	653	256	1167	1342	497	283	878	914	1212	1381	1190	194	1236	903	1961	1802	747	903	1837	754	774	1190	461	1169	1975	915	1343	1884	550	1225	829	1015	431	1030	1028	908	799	1191	754	706	550	978	1122	1175	1315	1167	671	1269	1021	1431	227	1205	1047	287	1579	753	891	1391	858	1002	1175	629	309	671	1172	977	354	771	1760	754	962	725	999	454	1314	775	1069	1096	1198	1070	481	829	2931	906	1610	1429	1856	354	1332	1223	754	754	882	434	1072	1211	899	1207	720	1211	1210	1193	1016	1007	1809	891	1007	1433	808	754	748	943	1321	2302	903	1217	2841	1327	706	777	591	1030	888	1429	1029	2410	3419	996	867	437	976	2234	750	1147	1175	1069	1082	1700	812	1203	927	1907	851	1182	1014	466	324	324	753	1197	891
1088	1620	1580	2017	3043	3646	1948	1513	1116	1096	2350	511	1554	999	948	1178	996	1077	1120	1423	1220	1914	1495	766	795	1149	53	881	1830	1189	1571	1718	1343	612	0	1581	1325	1498	752	2417	1252	1186	907	2113	1706	1391	1390	1257	1618	2017	2927	1294	1449	1581	881	716	1748	1504	1054	571	1068	1104	1500	1709	1515	781	1449	1245	1914	2041	964	987	2023	1083	997	1526	820	1762	1803	1076	1710	1937	1110	1511	1016	965	827	1618	1304	1351	1146	1448	970	936	1110	1163	1598	1570	1560	1433	996	1862	1621	1706	767	1496	1633	577	2187	968	1354	1072	1086	1186	1568	1110	920	996	1437	1210	878	986	1710	970	1447	1024	1585	761	1842	1385	1284	1356	1457	1285	1087	1016	3247	1083	1572	2017	1892	878	1706	1259	1113	1083	1121	828	1475	1746	1136	1492	949	1092	1506	1449	1296	1285	2411	1341	1285	1978	1411	1113	802	1432	1568	2902	1149	1500	3206	1571	936	1009	878	1618	1056	2017	1307	2461	3787	1140	1199	781	1143	2214	1064	1731	1568	1127	1297	2298	1042	1494	1197	2072	1460	1441	1292	918	752	752	968	1312	1354
1080	717	636	474	2493	2895	484	1152	826	1096	803	1135	184	1101	708	451	932	1199	1092	576	857	357	964	986	936	860	1593	1071	1298	854	915	977	699	977	1581	0	1373	1394	890	1611	1299	1224	875	559	1290	1037	1039	1165	149	474	2471	1067	1286	910	1071	895	670	1434	752	1161	1167	1180	1141	1152	1058	799	1288	922	2206	1619	1097	1317	1741	927	1094	1034	917	217	2386	1220	1045	1994	723	1152	1157	1526	879	149	1082	699	898	1186	1100	1072	723	1211	1067	892	1277	1161	932	308	60	1290	912	1130	171	1159	607	1101	645	2065	1106	1224	899	646	669	932	1162	1135	736	1105	2047	1100	586	974	153	985	582	359	1202	1138	1185	1203	580	1157	2863	1196	1912	474	2000	736	1024	1546	873	927	1095	880	835	493	1105	1142	1076	1724	1123	1191	1070	1070	831	679	1070	614	170	873	1292	574	1276	1325	1092	1152	2680	1285	1072	1081	1218	149	1481	474	1079	2825	3210	1278	933	945	1238	2395	952	639	899	1429	1207	723	1092	1129	1058	2226	141	1178	1074	778	890	890	1101	1422	645
353	807	845	1535	3718	4200	1383	349	581	336	1780	1335	1210	403	1347	1335	546	280	324	815	518	1693	2032	722	742	532	1374	530	594	527	598	684	679	1183	1325	1373	0	178	871	2891	91	184	683	1623	455	368	366	208	1280	1535	1603	308	182	611	530	937	1964	179	1537	1449	305	269	347	545	430	1089	181	451	847	726	435	338	698	495	410	459	732	1396	1019	270	624	706	1566	346	354	445	772	1280	294	680	495	264	429	477	1566	207	2159	617	302	276	546	1462	1362	455	1376	352	1275	1454	1842	430	733	944	334	184	609	785	1189	546	278	247	936	412	675	429	814	487	1253	729	1141	1501	171	252	272	170	1379	354	4033	276	539	1535	687	936	636	218	533	495	321	768	602	1110	305	338	463	522	367	260	305	304	1955	698	304	1293	1279	533	523	819	311	2355	309	337	3903	309	477	409	1774	1280	2071	1535	297	3592	4465	192	446	749	206	1080	482	1934	609	229	166	1831	376	351	323	3087	1362	267	300	795	871	871	430	57	733
475	762	815	1500	3796	4259	1342	266	659	459	1720	1481	1221	543	1453	1413	659	432	441	820	571	1694	2120	861	874	605	1547	674	435	588	538	590	696	1320	1498	1394	178	0	1000	2954	246	324	800	1583	300	357	355	293	1287	1500	1435	348	108	549	674	1067	2015	41	1640	1593	450	413	272	419	364	1208	106	499	814	548	578	513	529	590	548	393	861	1390	1051	428	519	612	1665	264	503	619	896	1287	332	695	572	209	571	618	1665	348	2247	560	167	234	659	1446	1376	300	1501	281	1279	1598	1817	573	750	1090	461	324	552	858	1294	659	233	345	1045	554	672	571	814	600	1263	868	1089	1562	252	264	212	251	1470	503	4123	427	561	1500	610	1045	534	356	616	590	438	893	575	1073	421	267	603	672	293	204	345	350	1908	717	350	1233	1320	616	696	823	174	2285	418	260	3982	168	618	544	1908	1287	2208	1500	333	3730	4538	358	510	883	360	1007	585	1984	552	405	240	1787	508	281	407	3212	1401	217	343	902	1000	1000	573	212	750
525	883	835	1287	2900	3425	1204	904	415	541	1615	503	825	467	506	597	347	594	558	674	532	1244	1211	160	129	464	780	349	1206	501	876	1022	610	324	752	890	871	1000	0	2122	779	688	209	1385	1108	758	757	708	895	1287	2404	689	912	883	349	67	1264	1024	696	605	566	601	889	1063	870	226	914	582	1676	1478	437	621	1514	430	461	871	139	1043	1729	608	1032	1576	735	902	521	772	107	895	704	618	477	867	444	395	735	664	1337	870	991	843	347	1141	918	1108	505	881	907	609	1493	443	612	1236	540	688	869	359	365	347	848	655	155	460	1480	444	699	402	861	155	1089	811	748	772	873	749	582	521	3191	596	1329	1287	1553	155	1023	935	433	430	561	110	768	993	579	883	409	978	887	869	692	683	1698	604	683	1225	727	433	499	683	997	2182	582	893	3081	1003	395	461	907	895	1209	1287	705	2730	3653	690	544	124	666	1938	426	1238	869	783	760	1580	496	879	603	2216	795	857	690	168	0	0	443	890	612
2550	2328	2247	1815	894	1309	1946	2735	2310	2567	1944	1932	1795	2533	1623	1560	2362	2656	2573	2167	2384	1457	935	2279	2237	2360	2391	2446	2909	2370	2520	2589	2268	1937	2417	1611	2891	2954	2122	0	2805	2716	2245	1815	2892	2604	2605	2686	1752	1815	4073	2607	2845	2515	2446	2077	946	2990	1444	1850	2623	2648	2723	2760	2648	1904	2848	2455	3739	3230	2514	2726	3347	2398	2525	2628	2233	1722	3844	2674	2656	3566	1396	2736	2593	2895	2186	1752	2623	2271	2396	2755	2519	2476	1396	2698	822	2497	2859	2728	2362	1732	1651	2892	1714	2712	1770	1843	1577	2519	2218	3326	2573	2716	2503	2106	1757	2362	2730	2644	1999	2531	3558	2519	2182	2419	1763	2275	2150	1392	2727	2689	2756	2729	1542	2593	1300	2655	3412	1815	3563	1999	2635	3019	2358	2398	2577	2189	2430	2083	2591	2723	2486	3100	2707	2759	2611	2607	1759	2248	2607	2116	1642	2358	2622	2167	2860	2036	2584	2734	1080	2869	2476	2518	1554	1752	1509	1815	2622	1847	1598	2750	2450	2237	2714	3961	2415	977	2503	2876	2736	1772	2543	2711	2568	1296	1565	2745	2613	2125	2122	2122	2519	2930	2218
262	765	795	1482	3629	4114	1334	345	496	245	1738	1247	1140	312	1256	1248	455	191	234	751	442	1625	1942	632	651	449	1301	440	624	447	568	670	612	1093	1252	1299	91	246	779	2805	0	92	592	1572	488	326	324	137	1212	1482	1681	247	209	581	440	845	1880	257	1446	1360	214	178	339	554	410	997	209	378	933	790	345	271	775	407	318	438	641	1332	1087	184	618	798	1476	342	265	416	680	1212	236	614	412	258	338	387	1476	115	2069	585	332	261	455	1402	1291	488	1285	342	1208	1365	1784	339	665	948	242	92	577	700	1098	455	264	165	845	321	755	338	752	396	1183	638	1098	1417	111	214	268	111	1290	265	3942	187	615	1482	778	845	626	256	448	407	231	677	555	1060	215	330	372	528	357	256	244	240	1905	630	240	1252	1200	448	451	756	341	2317	221	332	3813	341	387	318	1684	1212	1981	1482	240	3503	4377	112	367	658	117	1171	392	1851	577	207	113	1781	284	341	242	2995	1283	258	238	704	779	779	339	125	665
170	725	747	1427	3538	4026	1283	360	410	152	1693	1159	1069	222	1163	1158	363	109	143	687	368	1555	1850	542	559	366	1233	352	662	369	545	662	546	1002	1186	1224	184	324	688	2716	92	0	499	1519	530	301	298	99	1142	1427	1758	203	262	558	352	754	1794	341	1353	1272	126	89	350	571	405	904	263	310	1023	855	256	229	853	318	228	429	549	1266	1163	109	619	890	1383	357	179	413	588	1142	198	550	329	279	249	297	1383	24	1978	560	377	272	363	1339	1218	530	1193	350	1139	1277	1723	250	599	967	149	0	553	613	1005	363	276	95	752	231	842	249	691	303	1112	548	1056	1330	106	205	289	106	1198	179	3850	103	699	1427	871	752	625	322	361	318	140	584	515	1009	125	341	282	556	365	278	201	194	1854	564	194	1211	1119	361	391	693	386	2275	134	346	3722	388	297	226	1593	1142	1891	1427	202	3413	4286	76	291	567	47	1263	302	1765	553	228	116	1729	192	349	167	2904	1202	275	194	611	688	688	250	214	599
330	713	676	1213	3049	3553	1109	694	214	348	1530	712	770	291	664	687	141	418	362	527	328	1231	1358	145	113	258	942	207	997	296	678	825	435	533	907	875	683	800	209	2245	592	499	0	1312	898	548	548	507	845	1213	2195	481	708	686	207	277	1349	827	855	815	387	418	679	855	661	408	710	374	1511	1269	269	483	1308	221	284	664	88	990	1600	435	830	1390	887	692	350	671	102	845	496	443	268	658	274	230	887	477	1485	674	783	634	141	1083	890	898	701	671	852	819	1455	274	450	1192	349	499	672	243	507	141	639	455	254	287	1321	274	549	199	811	148	958	882	548	565	665	549	708	350	3354	419	1173	1213	1371	254	822	777	225	221	365	99	574	871	382	673	241	876	677	661	484	474	1639	434	474	1104	730	225	419	536	789	2109	382	684	3232	795	230	279	1111	845	1414	1213	496	2934	3799	515	335	126	485	1761	218	1321	672	631	560	1516	309	670	397	2412	808	649	482	119	209	209	274	710	450
1417	822	778	99	2707	3000	241	1317	1190	1428	243	1689	560	1467	1268	1011	1323	1532	1416	840	1169	390	1411	1447	1399	1203	2130	1478	1331	1180	1045	1025	980	1523	2113	559	1623	1583	1385	1815	1572	1519	1312	0	1380	1255	1257	1436	495	99	2335	1325	1486	1034	1478	1405	996	1624	1302	1719	1504	1504	1311	1224	1219	1337	1488	1212	2380	1618	1475	1674	1776	1285	1461	1189	1377	353	2632	1552	1105	2117	1268	1319	1511	1891	1348	495	1336	975	1235	1381	1475	1461	1268	1515	1487	1022	1430	1361	1323	254	507	1380	1472	1302	480	1718	271	1477	933	2453	1441	1519	1031	1069	1220	1323	1361	1424	1241	1474	2255	1475	832	1347	528	1447	498	888	1462	1371	1376	1462	1139	1511	3114	1527	2142	99	2140	1241	1084	1829	1229	1285	1419	1348	1021	513	1423	1317	1461	2068	1290	1386	1328	1332	335	965	1332	376	721	1229	1700	833	1426	798	1406	1323	2891	1434	1461	1445	1768	495	2018	99	1332	3276	3371	1589	1242	1411	1547	2510	1313	972	1031	1746	1463	210	1444	1302	1356	2665	699	1375	1334	1243	1385	1385	1477	1680	933
