NAME : VRPTW_INSTANCE_62.txt
COMMENT : Bangkok Supermarket
TYPE : VRPTW
DIMENSION : 286
DAYS : Friday
EDGE_WEIGHT_TYPE : EXPLICIT
VEHICLES : 31
EDGE_WEIGHT_FORMAT : FULL_MATRIX
CAPACITY : 1000
EDGE_WEIGHT_SECTION
0	2186	124	1273	408	1139	255	1855	2678	582	976	510	394	1359	309	1102	308	193	533	975	978	491	598	172	968	309	648	531	426	404	1765	2691	2074	585	547	587	1227	1034	63	226	351	389	484	719	135	391	1067	1480	394	22	1183	436	26	79	412	165	609	2179	464	124	1128	379	629	26	254	978	624	141	1348	1501	92	230	1410	1234	620	218	1399	1963	1535	1563	780	2925	201	213	839	1757	223	880	491	1419	79	308	2241	336	145	1489	492	394	239	534	1025	367	885	480	1357	481	1627	367	796	127	1706	499	503	352	165	2204	218	419	1050	395	623	1221	1079	1118	171	342	438	474	482	103	351	672	101	62	1660	665	474	401	202	1797	283	1318	101	1138	454	193	1149	2741	199	1911	353	2240	350	120	1294	1723	1221	1028	1633	464	2285	394	223	49	548	190	559	79	1088	1815	428	1126	840	306	431	694	385	309	458	182	626	1817	456	613	815	430	817	540	1627	283	1678	82	54	776	437	2714	1696	1839	332	1977	691	1747	1878	84	1737	381	891	1066	419	1011	630	1172	1407	404	3142	98	1920	460	1025	1394	440	2650	82	1119	363	619	1699	1034	264	146	410	2587	255	1140	1229	662	216	285	202	539	908	412	415	1065	849	1092	505	418	552	586	657	1009	815	145	190	964	1176	1627	702	368	165	443	582	327	1213	91	221	206	346	752	1077	979	1703	774	3166	214	492	1062	1813	875	585	1376	929	459	3881	1693
2186	0	2299	1789	2180	2928	1972	2690	2022	1607	1457	1747	2193	846	2111	2646	1985	2108	1657	2183	1319	1697	2566	2015	1489	1888	1620	1739	2004	2185	445	2357	1961	1680	1890	1605	1606	2659	2171	2199	2077	2520	1707	1601	2091	1932	1291	1998	2071	2190	2012	2219	2210	2228	2026	2347	1728	664	1954	2172	2798	2077	2095	2210	2439	1319	1569	2113	919	1518	2118	2072	3384	2696	1728	1977	1525	3417	3201	1334	2575	2484	2075	2399	1506	1979	2164	1345	1697	790	2228	1985	2280	2428	2315	3046	1697	2071	2425	1734	2663	2338	1497	2310	2473	1900	599	2098	1451	2059	512	2621	2113	2084	2020	2448	1977	2141	1165	2241	1687	1038	1278	3265	2198	2278	1910	2267	2117	2221	2077	2373	2284	2168	2969	1690	2565	2182	2344	2463	2071	1932	2284	2562	2167	2108	2240	2971	2000	3208	2502	2291	2345	2255	2995	524	1038	2221	732	1954	966	2071	2171	2219	1741	2085	2329	2138	2085	1118	2012	1971	2596	1984	1977	1864	2165	1888	2587	2005	2715	3842	2336	1782	1838	1915	2299	2134	599	2071	1961	2230	2185	2719	1919	3240	558	2632	2428	2836	1880	485	2296	2269	3239	2101	1313	1264	2141	1359	1692	2033	3147	2005	2137	2145	829	2469	1350	3329	1766	2386	2231	2018	2097	1745	1700	1761	1927	2246	2209	2192	2196	2637	1294	1689	2078	2362	2281	1652	1539	2026	2165	2993	1337	2470	1683	1993	2291	1609	1716	1756	1838	2248	2345	1328	2085	599	1564	2498	2020	2125	2032	2274	1968	2096	1979	2008	2344	2563	1322	1317	3808	1428	3027	2078	2109	1970	3082	3053	1602	830	2835	2468	3407	1537
124	2299	0	1383	486	1136	379	1925	2794	700	1100	594	367	1477	405	1137	367	301	651	956	1102	610	495	285	1091	432	773	612	454	380	1882	2799	2183	709	589	695	1345	1063	128	204	366	342	604	796	256	510	1191	1582	405	113	1281	401	97	140	435	104	732	2302	576	147	1040	390	622	108	157	1102	743	256	1470	1619	181	342	1290	1273	687	342	1518	1875	1437	1686	694	3034	316	120	963	1862	221	1002	610	1537	140	367	2343	322	22	1402	611	405	143	616	1053	291	1009	530	1424	529	1745	373	920	247	1823	376	496	364	281	2298	342	504	1154	458	747	1343	1204	994	159	392	491	427	475	90	366	613	82	131	1697	733	355	377	88	1879	389	1421	82	1079	534	301	1230	2826	324	1837	228	2341	269	159	1298	1842	1343	1108	1756	576	2410	405	217	81	625	243	608	161	1180	1940	535	1227	756	365	466	727	466	432	404	295	504	1693	497	669	926	483	882	526	1745	389	1783	71	113	669	488	2785	1815	1912	316	1935	722	1865	1972	46	1649	384	1011	1191	504	1136	704	1269	1305	435	3261	210	2044	359	1150	1276	540	2756	141	1216	370	741	1813	1147	371	99	481	2697	232	1180	1354	731	262	186	238	658	1031	435	496	952	962	1148	624	450	502	706	721	1122	926	195	70	1088	1269	1745	827	324	281	531	680	377	1314	205	346	331	266	666	1202	1103	1578	879	3261	261	486	1162	1743	756	703	1494	915	358	3983	1811
1273	1789	1383	0	936	1303	1044	946	1424	1001	528	1304	1598	1093	981	962	1366	1082	1007	2057	716	1023	1871	1203	501	1057	782	1325	1500	1602	1373	1419	800	811	1518	1129	192	1012	1315	1465	1492	1341	1009	1402	1140	888	647	277	1523	1293	246	1644	1296	1243	1506	1342	725	1400	808	1366	2383	1515	1735	1279	1422	716	968	1131	947	349	1288	1043	2662	968	1430	1111	286	3212	2802	522	2040	1652	1072	1396	638	496	1443	848	1023	1118	1244	1366	990	1247	1405	2740	1016	1523	1414	1322	1021	1630	587	985	689	1460	1230	1520	793	1197	1310	1745	1643	1497	1193	1004	1111	904	1259	991	742	884	653	2274	1419	1066	1426	1697	1628	1372	1492	1896	1310	1311	1183	1441	1737	1597	1470	756	993	147	1310	2332	891	1082	490	1583	1114	3127	1596	991	1617	1235	1313	1278	884	526	1056	808	1344	1523	1447	1322	1353	1352	943	1298	362	837	847	238	2095	1363	1483	1635	945	1057	1378	1195	1877	3035	1030	1482	457	1422	730	1684	1230	993	420	1355	1317	2049	1434	1684	1244	896	1252	3069	1645	1321	704	1336	2987	1534	915	688	904	613	1400	272	2678	1482	1916	1175	1095	1733	609	2656	1202	1381	1243	284	1516	701	444	243	1192	1416	955	1314	1486	935	524	1437	1370	1558	1186	995	514	1506	920	2336	1063	762	1020	1484	1769	964	1462	269	457	1203	1453	721	321	1230	770	1329	1193	875	714	1074	193	1239	1098	1090	1614	2013	594	717	2868	1169	1931	1369	1631	281	3017	1987	1008	1099	1311	1732	2618	497
408	2180	486	936	0	845	324	1446	2360	642	789	759	799	1334	123	725	651	236	599	1368	871	571	979	447	768	416	560	785	792	809	1738	2335	1728	503	885	723	936	673	469	634	737	415	554	958	315	262	928	1109	778	431	805	843	423	349	785	421	453	2048	225	530	1526	765	1018	402	490	871	660	288	1276	1215	469	226	1731	850	899	383	1117	2361	1921	1316	1180	2571	254	470	691	1396	627	837	571	1389	349	651	1868	317	506	1888	567	778	484	786	666	770	716	137	948	813	1587	758	729	406	1673	819	897	739	432	1815	383	40	1151	65	492	1149	942	1343	580	132	769	883	877	510	737	1081	404	466	1273	936	822	805	573	1393	177	953	404	1547	48	236	744	2340	366	2318	675	1866	751	326	975	1675	1149	622	1536	225	2104	778	628	450	811	567	190	469	697	1603	167	755	1241	648	789	1034	27	416	464	447	951	2099	156	916	499	761	409	936	1587	177	1317	485	462	1148	772	2306	1644	1430	320	2380	1035	1707	1488	443	2135	773	877	943	40	861	893	790	1787	770	2846	317	1763	845	873	1729	649	2288	348	739	754	440	1378	716	507	551	29	2242	662	757	1036	932	593	672	259	596	705	785	17	1421	908	689	583	780	961	622	939	695	499	291	553	860	786	1587	615	400	432	65	223	139	842	427	368	334	747	1151	918	873	1939	895	2779	591	885	691	2221	1061	649	1349	684	844	3507	1400
1139	2928	1136	1303	845	0	1163	1168	2571	1482	1471	1593	1504	2100	961	352	1441	1045	1442	2092	1615	1416	1504	1253	1440	1258	1362	1618	1566	1517	2483	2407	1904	1316	1683	1569	1422	291	1201	1339	1489	809	1398	1798	1113	1101	1636	1294	1531	1157	1062	1536	1137	1060	1552	1032	1238	2669	1036	1256	2045	1515	1758	1119	1021	1615	1495	1082	2009	1653	1228	1053	1968	417	1727	1211	1579	2825	2351	1816	1737	2635	1073	1037	1430	1563	1350	1628	1416	2149	1060	1441	1903	815	1145	2382	1411	1531	1028	1620	282	1404	1432	712	777	1614	2328	1502	1518	1201	2416	1262	1631	1488	1238	1756	1211	872	1985	808	1283	1893	1650	1432	1288	822	1569	1556	1610	1210	1489	1721	1069	1200	704	1767	1312	1514	1193	1265	1015	1218	1069	2168	832	1045	829	2130	1190	2854	1183	1895	1379	1020	172	2406	1893	777	2226	1036	2645	1531	1347	1157	1642	1330	657	1218	941	2132	991	1066	1798	1438	1570	1831	870	1258	767	1255	1359	2190	713	1734	1091	1561	631	1663	2328	1015	1499	1182	1187	1615	1570	1948	2373	1190	820	3044	1830	2443	1475	1116	2611	1514	1680	1664	872	1569	1726	1036	2201	1544	3098	1086	2365	1408	1577	2007	1488	2340	1057	1019	1498	1213	1692	1210	1330	1234	821	2368	1368	395	1665	1764	1355	1284	937	1438	1388	1552	854	1797	1737	551	1427	1558	1627	1459	1767	1206	1091	995	1171	1608	992	2328	1409	822	1238	875	915	835	1118	1202	1197	1161	1376	1710	1607	1617	1941	1738	2662	1354	1621	1034	2780	1166	1490	2114	235	1407	3437	1789
255	1972	379	1044	324	1163	0	1709	2435	370	721	434	558	1133	203	1046	355	139	321	1082	728	284	836	162	713	97	396	460	499	564	1542	2463	1842	331	572	420	983	997	280	420	465	549	270	635	127	157	814	1270	502	270	983	605	282	267	497	390	355	1931	251	325	1339	491	736	271	485	728	403	142	1109	1253	245	113	1663	1168	574	71	1151	2170	1758	1310	995	2696	105	447	584	1536	399	642	284	1192	268	355	2026	462	400	1697	281	502	472	461	991	588	630	450	1224	501	1399	491	551	153	1480	754	625	469	150	2005	71	309	874	354	368	981	827	1368	377	350	458	655	607	340	465	856	333	276	1586	611	727	560	456	1625	148	1104	333	1307	352	139	990	2557	70	2097	608	2026	577	287	1298	1493	981	875	1391	251	2032	502	402	303	486	310	514	258	904	1560	242	922	1051	351	490	719	297	97	617	155	880	2072	451	594	590	450	707	667	1399	148	1458	330	286	1017	462	2561	1465	1686	461	2105	722	1520	1682	336	1944	505	662	815	309	757	568	976	1637	477	2892	181	1668	699	771	1644	325	2426	269	923	487	367	1460	802	190	383	344	2354	442	1075	974	607	330	529	310	323	654	497	320	1310	647	991	297	485	729	363	615	776	590	276	445	714	987	1399	451	527	150	319	404	341	1006	198	56	49	573	968	823	729	1956	603	2959	329	613	860	1992	1116	375	1150	984	698	3661	1445
1855	2690	1925	946	1446	1168	1709	0	1579	1824	1449	2087	2243	2039	1552	889	2064	1674	1812	2792	1643	1813	2405	1865	1418	1765	1610	2111	2208	2252	2298	1317	983	1612	2270	1951	1138	984	1914	2080	2168	1716	1795	2234	1751	1562	1587	696	2208	1877	806	2287	1869	1793	2206	1843	1510	2199	1463	1975	2961	2196	2445	1848	1887	1643	1804	1728	1891	1171	1910	1650	3048	769	2228	1780	1171	3791	3336	1357	2618	1528	1681	1880	1525	756	2071	1756	1813	2063	1794	2064	839	1658	1943	3322	1806	2208	1886	2110	999	2214	1485	1399	501	2202	2161	2192	1678	1835	2238	2206	2330	2171	1851	640	1780	1437	2178	1467	1545	1830	1595	2548	2026	1533	2161	2329	2311	1956	2168	2528	1842	1912	558	2250	2228	2248	2009	240	1592	800	1842	2993	1400	1674	719	966	1772	3762	2079	827	2194	1766	1052	2199	1830	834	1969	1463	2048	2208	2072	1896	2141	2002	1322	1912	830	1618	1467	872	2680	2060	2199	2410	1470	1765	1715	1861	2330	3325	1436	2267	1202	2154	1042	2371	2161	1592	747	1931	1909	2560	2166	860	2167	61	1664	3814	2416	2242	479	1884	3566	2207	1824	1628	1437	1545	2206	799	3194	2187	2102	1761	1915	2277	1543	3070	1971	1242	1792	845	2188	1478	1021	1096	1895	1997	1446	1323	2108	834	1468	2246	2026	2110	1687	1801	1411	2206	1439	2804	1958	791	1815	2195	2407	1787	2265	1117	1202	1731	1987	1646	765	2161	1620	1716	1851	1416	1304	1547	820	1864	1764	1741	2190	2590	1535	1645	3092	2040	1495	2025	2318	916	3667	2263	1832	2044	1335	2276	2270	1180
2678	2022	2794	1424	2360	2571	2435	1579	0	2285	1757	2593	2965	1897	2399	2222	2718	2493	2309	3333	1860	2338	3271	2584	1752	2426	2096	2608	2835	2966	1854	414	668	2146	2815	2394	1451	2301	2714	2851	2847	2764	2330	2619	2543	2287	1752	1303	2872	2698	1593	3010	2703	2657	2846	2762	2086	1359	2218	2760	3753	2867	3053	2688	2844	1860	2240	2539	1757	1185	2680	2452	4082	2162	2690	2495	1286	4563	4182	1177	3419	466	2479	2817	1905	1014	2825	2016	2338	1872	2657	2718	745	2671	2816	4100	2332	2872	2835	2603	2314	3022	1849	2406	1798	2771	1807	2876	2024	2588	1831	3163	2982	2853	2577	965	2495	2327	2297	2415	2087	1807	1746	3696	2811	2490	2746	3065	2971	2773	2847	3256	2725	2710	2121	2685	3150	2962	2880	1375	2406	1428	2725	3657	2315	2493	1774	1192	2503	4445	3014	757	3012	2652	2514	1769	1807	1868	1587	2218	1061	2872	2830	2728	2631	2730	2358	2693	1722	1084	2263	1626	3471	2714	2813	2901	2369	2426	2798	2575	3294	4459	2451	2751	1871	2744	2114	3022	1807	2406	1086	2760	2718	3452	2756	1585	1753	1526	2675	4287	2914	1800	1129	2748	4342	2888	2061	1777	2327	1774	2653	1615	4068	2820	529	2584	1263	3134	1761	4071	2514	481	2657	1656	2872	2070	982	1650	2554	2817	2379	293	2869	2176	1545	2681	2744	2962	2608	2297	1801	2846	2344	3744	2214	2034	2330	2819	3131	2254	2711	1673	1871	2622	2865	1873	1642	1807	2061	2752	2577	2298	2137	2498	1544	2633	2484	2483	3008	3394	1713	1860	4289	2352	1039	2743	2972	1685	4327	3408	2289	1888	2650	3133	1411	993
582	1607	700	1001	642	1482	370	1824	2285	0	530	311	709	776	541	1307	458	509	50	1065	446	90	1064	415	540	281	220	329	555	707	1182	2373	1753	212	532	129	878	1277	575	645	584	919	100	411	485	381	551	1267	601	588	1030	750	607	621	569	741	315	1614	451	589	1481	598	768	606	834	446	48	508	774	1108	524	478	1915	1412	429	370	1013	2278	1913	1114	1163	2597	475	793	384	1490	611	314	90	836	621	458	1983	832	718	1818	90	601	820	325	1274	810	441	779	1380	486	1045	612	264	455	1123	1051	702	590	418	2005	370	611	510	690	279	650	561	1690	626	706	463	806	693	631	584	983	678	572	1807	440	1007	702	756	1695	492	1104	678	1372	650	509	1121	2580	393	2163	917	1986	809	649	1600	1141	650	1026	1063	451	1748	601	617	619	355	517	826	543	994	1314	491	964	1208	455	531	637	619	281	988	405	1163	2349	791	483	622	461	937	740	1045	492	1418	634	588	1241	472	2644	1115	1790	831	2069	648	1165	1697	666	2059	622	312	538	611	515	399	1032	1811	542	2704	539	1373	940	529	1881	232	2347	624	983	609	347	1350	771	337	663	669	2246	652	1324	748	436	520	797	680	47	501	569	631	1538	277	1205	76	539	863	37	461	745	622	643	753	432	1061	1045	233	897	418	607	600	699	1033	495	372	402	806	1141	580	447	2263	256	2926	519	692	912	2047	1456	8	794	1326	939	3586	1296
976	1457	1100	528	789	1471	721	1449	1757	530	0	841	1213	649	764	1193	964	818	552	1592	194	581	1542	851	34	689	344	857	1078	1214	1013	1846	1229	400	1063	646	366	1202	998	1115	1093	1190	573	901	844	602	167	805	1117	992	651	1258	1003	978	1089	1098	370	1259	575	1034	1999	1112	1297	992	1191	194	487	850	539	578	956	774	2381	1255	950	769	484	2806	2430	596	1671	2068	793	1156	148	988	1086	321	581	691	979	964	1474	1090	1122	2343	575	1117	1179	853	1206	1287	94	901	1092	1015	858	1122	281	867	946	1476	1225	1099	846	1518	769	749	733	854	353	433	180	2080	1082	912	990	1313	1214	1059	1093	1501	1047	994	1577	952	1448	1209	1177	1277	746	660	1047	1902	763	818	833	2102	782	2693	1329	1477	1280	987	1539	934	433	786	763	575	1323	1117	1091	1024	883	989	902	972	677	839	634	591	1720	960	1056	1161	783	689	1247	841	1601	2794	936	1008	381	987	841	1265	858	746	921	1051	1005	1723	999	2212	901	1404	1092	2584	1173	972	1230	1056	2585	1134	386	201	749	104	915	664	2320	1063	2189	894	974	1409	109	2358	757	1822	980	629	1119	367	824	358	807	1099	818	1717	1130	1188	254	948	999	1245	973	540	86	1089	772	2020	537	1027	573	1062	1377	497	976	341	381	965	1167	197	709	858	304	1171	846	726	599	913	629	913	761	770	1277	1647	136	195	2673	652	2414	999	1215	565	2578	1815	534	660	1391	1407	3060	766
510	1747	594	1304	759	1593	434	2087	2593	311	841	0	455	972	637	1478	241	548	297	754	741	282	828	352	851	346	522	26	273	449	1355	2685	2064	495	222	201	1188	1431	470	456	333	899	298	210	485	543	849	1564	334	504	1311	488	527	579	293	672	590	1850	639	450	1188	337	461	536	750	741	353	516	1010	1419	421	540	1672	1597	143	382	1324	1973	1621	1419	888	2908	519	710	696	1797	421	592	282	1031	579	241	2291	835	604	1517	289	334	735	26	1426	591	752	883	1620	184	1235	356	569	407	1304	876	412	340	365	2305	382	742	582	786	565	897	857	1518	463	771	174	542	407	506	333	697	610	468	2011	176	818	445	616	1974	582	1399	610	1063	785	548	1371	2876	403	1853	767	2293	598	618	1731	1333	897	1264	1298	639	2011	334	428	524	54	355	949	439	1259	1603	654	1245	927	240	247	331	732	346	968	346	968	2120	879	181	897	176	1129	446	1235	582	1723	522	486	995	184	2922	1312	2057	832	1765	341	1349	1992	578	1755	362	565	830	742	820	133	1310	1527	268	3005	523	1633	723	833	1629	116	2658	582	1259	354	619	1662	1069	265	519	778	2558	450	1505	1052	173	342	619	683	310	812	293	755	1285	450	1410	284	259	585	345	183	1042	897	629	623	727	1333	1235	544	877	365	749	802	759	1320	423	395	431	596	869	883	741	2064	327	3234	342	404	1189	1736	1320	306	990	1404	722	3897	1606
394	2193	367	1598	799	1504	558	2243	2965	709	1213	455	0	1427	690	1493	251	569	673	589	1155	638	374	396	1215	543	870	458	189	14	1809	3014	2392	818	318	637	1521	1423	331	169	125	703	642	597	492	716	1259	1828	122	372	1541	46	385	466	166	471	882	2302	808	270	789	117	258	406	496	1155	757	514	1460	1779	333	595	1218	1627	470	489	1679	1614	1217	1809	457	3244	563	472	1065	2092	172	1020	638	1486	465	251	2584	689	359	1143	642	122	486	463	1413	161	1120	874	1747	294	1691	99	971	413	1758	467	137	118	408	2564	489	805	1028	789	878	1343	1269	1087	224	735	283	100	118	302	125	298	439	334	2052	512	397	13	318	2175	652	1663	439	752	844	569	1531	3112	489	1539	407	2584	179	501	1665	1789	1343	1412	1749	808	2453	122	171	360	452	248	953	331	1457	2023	788	1481	506	254	215	415	774	543	759	404	532	1664	848	424	1147	280	1209	161	1691	652	2014	330	339	541	275	3101	1767	2225	684	1582	405	1804	2240	391	1389	93	1004	1247	805	1218	503	1533	1107	188	3402	482	2076	281	1232	1178	480	2979	468	1480	101	902	2001	1355	410	270	803	2899	140	1533	1450	513	228	251	587	684	1163	166	805	834	903	1486	648	199	171	732	489	1328	1147	533	338	1140	1542	1691	911	687	408	827	951	720	1565	379	503	517	180	433	1284	1156	1614	782	3518	229	131	1418	1435	926	707	1445	1281	280	4216	1971
1359	846	1477	1093	1334	2100	1133	2039	1897	776	649	972	1427	0	1265	1838	1195	1266	826	1572	484	867	1800	1191	683	1054	774	971	1244	1421	408	2111	1560	834	1155	799	901	1842	1351	1402	1303	1678	875	881	1256	1086	483	1352	1306	1365	1275	1460	1384	1395	1264	1516	883	889	1108	1360	2125	1309	1388	1382	1610	484	735	1275	158	939	1299	1229	2644	1904	994	1144	897	2846	2551	811	1852	2300	1234	1569	670	1437	1367	498	867	60	1395	1195	1861	1585	1494	2422	866	1306	1595	965	1844	1555	670	1465	1730	1146	268	1328	604	1232	347	1820	1374	1311	1195	1969	1144	1295	452	1394	841	217	471	2462	1392	1432	1145	1513	1372	1405	1303	1654	1454	1347	2221	967	1770	1417	1530	1839	1226	1240	1454	1940	1322	1266	1477	2545	1166	2678	1690	1869	1559	1419	2180	365	217	1436	355	1108	1092	1306	1374	1395	981	1280	1486	1318	1320	813	1166	1221	1884	1193	1217	1176	1319	1054	1744	1181	1925	3092	1490	1057	1023	1148	1478	1403	268	1226	1392	1410	1364	1967	1155	2727	341	1988	1585	2432	1192	388	1733	1443	2643	1334	471	448	1295	545	955	1292	2472	1240	2209	1310	721	1688	540	2600	963	2111	1397	1265	1326	901	1189	993	1109	1434	1363	1957	1404	1836	571	965	1277	1562	1439	820	723	1264	1319	2256	526	1676	853	1231	1552	773	996	981	1023	1409	1528	492	1340	268	718	1656	1195	1279	1193	1428	1242	1272	1145	1172	1557	1835	527	482	3026	646	2751	1277	1367	1206	2554	2233	773	17	1994	1687	3295	1055
309	2111	405	981	123	961	203	1552	2399	541	764	637	690	1265	0	848	530	121	495	1251	819	464	900	326	748	297	493	663	672	699	1672	2394	1780	431	762	612	958	796	364	529	620	428	447	838	199	178	888	1176	661	331	876	735	328	264	666	362	403	2014	192	425	1437	648	901	308	446	819	565	175	1219	1236	357	103	1682	973	776	259	1135	2273	1841	1321	1089	2629	132	417	648	1457	519	766	464	1322	265	530	1937	329	427	1799	460	661	437	664	789	676	683	248	1057	691	1524	643	662	287	1608	763	781	623	311	1896	259	117	1052	153	436	1092	902	1327	476	168	646	778	762	412	620	979	329	361	1395	813	756	695	494	1488	54	1016	329	1442	158	121	842	2431	242	2220	615	1936	659	254	1095	1615	1092	721	1489	192	2087	661	520	355	689	452	311	360	778	1596	138	821	1149	526	668	910	96	297	488	324	896	2066	252	793	528	638	525	821	1524	54	1378	390	361	1074	649	2410	1585	1534	330	2266	913	1645	1569	359	2046	657	800	898	117	824	771	864	1710	650	2876	211	1737	763	837	1674	528	2351	264	812	639	398	1417	749	384	456	141	2295	556	879	1017	810	477	587	214	494	684	666	122	1356	814	807	476	660	855	525	816	726	528	222	475	807	867	1524	550	408	311	136	275	163	908	312	244	210	655	1061	885	821	1923	789	2858	475	770	757	2120	1054	548	1281	789	762	3577	1425
1102	2646	1137	962	725	352	1046	889	2222	1307	1193	1478	1493	1838	848	0	1374	957	1274	2077	1356	1256	1579	1171	1160	1131	1148	1504	1512	1504	2204	2071	1554	1115	1609	1412	1094	95	1165	1323	1449	867	1237	1669	1035	943	1360	941	1491	1122	717	1532	1108	1027	1503	1041	1023	2346	858	1226	2137	1477	1730	1087	1061	1356	1309	1006	1732	1312	1178	951	2165	137	1620	1108	1243	2951	2485	1481	1805	2303	978	1065	1177	1212	1325	1395	1256	1883	1027	1374	1568	831	1151	2490	1250	1491	1064	1505	109	1426	1169	622	441	1538	2050	1468	1288	1126	2137	1358	1605	1450	1156	1435	1108	737	1784	714	1068	1624	1373	1659	1269	759	1493	1564	1584	1191	1449	1749	1058	1164	559	1655	1392	1501	1212	946	901	869	1058	2213	693	957	479	1853	1091	2948	1247	1561	1403	991	355	2121	1624	442	1929	858	2307	1491	1324	1132	1531	1280	545	1174	602	1797	829	728	1868	1370	1510	1759	752	1131	852	1171	1474	2436	645	1640	814	1485	373	1642	2050	901	1147	1163	1155	1718	1496	1721	2087	899	837	3072	1760	2160	1140	1105	2729	1482	1454	1392	737	1295	1611	692	2339	1490	2748	1025	2040	1463	1302	2191	1364	2007	1025	680	1463	994	1341	896	1232	1225	711	2026	1353	54	1361	1651	1306	1311	905	1267	1115	1503	726	1941	1536	201	1265	1501	1640	1278	1660	896	814	959	1189	1351	645	2050	1187	872	1156	728	707	774	773	1141	1092	1059	1399	1777	1325	1358	2206	1561	2366	1305	1594	703	2862	1375	1315	1850	454	1461	3135	1442
308	1985	367	1366	651	1441	355	2064	2718	458	964	241	251	1195	530	1374	0	416	421	727	904	386	609	204	966	312	621	254	144	250	1587	2777	2154	572	241	396	1279	1315	255	215	129	694	391	432	338	506	1007	1607	157	295	1330	294	318	386	143	456	643	2061	604	219	1035	149	381	332	524	904	506	368	1218	1533	216	427	1460	1502	320	283	1433	1851	1465	1559	708	3006	397	486	815	1862	180	771	386	1255	386	0	2356	645	374	1383	391	157	510	259	1307	360	870	754	1578	173	1461	158	719	247	1533	636	276	135	219	2347	283	646	822	660	634	1098	1017	1279	224	625	130	350	261	276	129	538	399	254	1924	366	580	246	378	1978	481	1441	399	966	688	416	1346	2905	293	1760	526	2357	364	427	1591	1559	1098	1230	1508	604	2205	157	187	307	262	124	829	229	1256	1771	597	1266	756	3	137	390	624	312	760	206	732	1900	740	305	924	121	1054	318	1461	481	1786	297	270	785	129	2915	1536	2041	641	1749	390	1577	2026	360	1628	170	759	995	646	966	338	1324	1357	122	3152	356	1829	493	980	1424	234	2744	389	1271	154	666	1759	1124	175	282	663	2659	211	1407	1199	364	105	378	505	432	916	143	652	1080	668	1337	396	131	413	481	354	1097	924	447	386	889	1338	1461	660	673	219	662	760	611	1348	239	299	325	362	685	1032	904	1832	558	3295	106	265	1205	1651	1079	457	1213	1236	492	3983	1724
193	2108	301	1082	236	1045	139	1674	2493	509	818	548	569	1266	121	957	416	0	460	1131	846	423	790	214	806	234	513	573	556	578	1675	2500	1883	448	652	556	1045	900	245	408	500	412	409	756	79	216	925	1287	542	214	990	614	214	165	548	280	448	2050	275	304	1320	528	782	196	373	846	541	54	1236	1321	236	43	1590	1085	682	167	1219	2156	1728	1393	973	2734	33	338	689	1565	397	771	423	1325	165	416	2048	323	323	1682	421	542	361	575	893	559	730	341	1179	582	1531	522	675	169	1613	671	661	503	198	2012	167	237	1013	245	471	1108	939	1262	356	223	537	657	641	295	500	858	233	241	1509	722	656	573	387	1609	90	1125	233	1321	277	0	963	2550	145	2100	522	2047	543	169	1187	1624	1108	843	1514	275	2139	542	399	241	597	331	413	238	896	1657	236	933	1032	412	553	802	210	234	480	214	802	1985	332	692	625	528	644	701	1531	90	1486	275	242	967	539	2531	1596	1655	322	2145	803	1652	1686	254	1929	537	795	931	237	865	681	979	1600	533	2963	94	1780	652	879	1577	448	2458	165	926	518	451	1512	845	285	339	247	2397	435	991	1072	719	356	476	173	461	744	548	239	1253	786	925	436	544	734	501	722	821	625	148	371	833	984	1531	570	390	198	258	390	211	1020	191	156	119	539	945	929	848	1855	741	2973	355	650	869	1999	1000	514	1283	857	651	3688	1512
533	1657	651	1007	599	1442	321	1812	2309	50	552	297	673	826	495	1274	421	460	0	1052	483	41	1023	367	559	231	225	318	526	671	1232	2390	1769	202	515	142	891	1241	527	601	549	870	50	422	435	340	586	1268	568	539	1024	715	558	571	538	691	302	1660	416	543	1450	565	745	556	784	483	92	458	821	1129	476	430	1873	1382	426	320	1032	2253	1882	1142	1129	2615	426	744	404	1499	568	358	41	886	571	421	1993	783	669	1791	40	568	770	315	1238	768	461	736	1361	464	1094	577	298	406	1173	1005	673	555	370	2009	320	570	556	646	271	696	596	1642	581	660	437	771	663	583	549	952	628	523	1780	442	962	667	709	1688	445	1104	628	1350	609	460	1104	2582	342	2143	869	1995	766	599	1563	1190	696	1005	1110	416	1789	568	574	570	346	473	785	495	981	1350	452	957	1175	418	503	628	576	231	938	356	1118	2305	747	475	612	435	907	713	1094	445	1425	586	540	1202	446	2637	1164	1779	782	2062	638	1214	1698	617	2033	588	360	574	570	546	399	1025	1778	512	2734	489	1416	898	560	1841	205	2362	574	974	574	334	1367	773	291	616	625	2265	610	1293	779	438	477	752	630	12	516	538	589	1499	326	1178	27	510	830	60	460	746	612	593	705	468	1051	1094	249	847	370	567	569	652	1029	446	322	352	764	1106	612	484	2217	296	2936	476	663	904	2028	1407	54	843	1283	896	3602	1318
975	2183	956	2057	1368	2092	1082	2792	3333	1065	1592	754	589	1572	1251	2077	727	1131	1052	0	1472	1033	712	928	1604	1030	1277	735	583	576	1882	3438	2818	1245	539	945	1942	2010	912	757	631	1287	1047	718	1052	1231	1580	2311	589	955	2046	555	970	1051	586	1060	1334	2455	1330	851	635	603	349	991	1076	1472	1105	1079	1659	2169	900	1149	1292	2209	643	1011	2076	1274	1017	2155	551	3660	1118	1056	1449	2551	753	1316	1033	1623	1051	727	3045	1278	947	864	1040	589	1067	739	2000	697	1505	1455	2305	599	1800	610	1314	963	1847	937	472	629	943	3053	1011	1368	1120	1366	1314	1568	1587	1408	811	1318	637	539	493	889	631	421	1028	913	2635	648	865	580	900	2701	1205	2145	1028	379	1408	1131	2073	3620	1020	1118	945	3047	722	1088	2255	1893	1568	1958	1926	1330	2662	589	754	947	709	800	1533	904	1979	2307	1324	1981	532	731	593	431	1341	1030	1338	932	927	1748	1432	584	1634	643	1776	435	1800	1205	2476	918	922	754	630	3642	1880	2768	1273	1023	419	1895	2737	980	1074	596	1274	1556	1368	1561	680	2042	974	604	3723	1055	2286	737	1573	1217	854	3412	1053	1989	614	1362	2415	1818	897	860	1376	3309	728	2115	1788	652	775	814	1174	1064	1566	586	1371	927	1126	2057	1037	597	475	1099	621	1791	1634	1119	921	1459	2060	1800	1298	1272	943	1385	1487	1303	2060	941	1027	1052	725	560	1620	1472	1800	986	3988	776	483	1922	997	1351	1059	1588	1867	737	4651	2354
978	1319	1102	716	871	1615	728	1643	1860	446	194	741	1155	484	819	1356	904	846	483	1472	0	520	1505	830	226	671	333	753	999	1153	874	1982	1374	399	961	539	543	1358	987	1081	1030	1246	518	762	855	643	108	993	1047	989	845	1197	1005	995	1014	1118	418	1203	645	1013	1925	1045	1202	997	1213	0	398	868	405	712	940	805	2354	1427	830	760	628	2714	2358	682	1610	2197	817	1175	186	1158	1049	157	520	534	996	904	1635	1148	1122	2258	516	1047	1200	748	1359	1250	187	996	1282	924	721	1058	185	857	808	1471	1146	1037	829	1693	760	831	543	934	383	281	116	2096	1056	981	905	1253	1137	1047	1030	1429	1061	983	1763	824	1434	1149	1171	1469	789	852	1061	1802	854	846	1021	2278	778	2586	1329	1640	1247	1012	1696	806	281	966	670	645	1311	1047	1055	1022	775	952	1011	958	866	868	705	784	1654	901	975	1041	859	671	1308	819	1590	2782	1026	891	543	904	993	1183	721	789	1095	1044	997	1684	914	2400	774	1598	1149	2444	1054	839	1413	1062	2496	1069	212	91	831	104	792	857	2257	988	2264	909	942	1378	112	2324	678	1964	997	822	1055	431	969	552	768	1084	900	1845	1091	1356	315	821	958	1225	1014	472	249	1014	855	1981	369	1200	509	984	1309	423	851	534	543	995	1164	14	901	721	277	1225	829	812	712	979	824	902	756	774	1244	1588	150	1	2680	499	2570	957	1136	756	2467	1844	448	498	1515	1376	3195	887
491	1697	610	1023	571	1416	284	1813	2338	90	581	282	638	867	464	1256	386	423	41	1033	520	0	985	326	586	192	245	305	496	637	1273	2413	1791	212	495	155	913	1221	486	562	515	831	19	426	395	316	621	1281	536	498	1030	681	517	531	508	650	308	1700	398	502	1419	532	721	515	743	520	133	419	862	1156	435	394	1835	1366	417	279	1058	2225	1850	1173	1095	2639	389	703	432	1517	530	398	0	927	531	386	2011	746	628	1762	6	536	729	302	1217	730	488	707	1356	440	1135	543	334	364	1214	964	644	521	328	2022	279	544	590	616	282	737	632	1601	541	627	411	737	633	542	515	920	587	482	1769	437	921	633	668	1694	413	1116	587	1325	584	423	1101	2594	302	2119	828	2013	727	559	1539	1231	737	1000	1150	398	1828	536	536	529	334	434	759	454	983	1386	430	964	1142	383	475	614	547	192	900	315	1078	2266	717	463	617	408	892	684	1135	413	1442	545	498	1164	419	2642	1205	1781	745	2048	623	1255	1710	576	2004	555	401	611	544	580	393	1030	1744	482	2766	449	1455	859	594	1804	180	2384	533	979	540	338	1391	786	251	575	597	2290	571	1277	812	433	438	712	592	49	541	508	562	1461	364	1166	13	481	797	99	453	759	617	554	664	505	1055	1135	277	809	328	542	555	618	1038	405	282	313	725	1072	646	521	2176	325	2954	438	634	909	2005	1366	94	884	1253	857	3624	1346
598	2566	495	1871	979	1504	836	2405	3271	1064	1542	828	374	1800	900	1579	609	790	1023	712	1505	985	0	691	1539	853	1200	832	562	381	2184	3289	2672	1142	679	1005	1820	1495	557	427	496	713	986	965	731	985	1605	2076	496	577	1776	346	575	635	540	563	1188	2671	1062	511	558	491	521	593	520	1505	1112	739	1828	2089	591	828	850	1716	839	778	1987	1386	942	2137	233	3524	799	524	1396	2355	457	1378	985	1859	635	609	2837	751	474	917	989	496	520	837	1483	255	1448	1006	1903	665	2064	472	1319	683	2132	248	460	489	697	2794	778	999	1401	945	1193	1708	1616	741	461	875	658	300	453	499	496	292	575	561	2132	879	191	384	406	2370	880	1915	575	671	1027	790	1721	3318	768	1368	331	2836	261	653	1675	2162	1708	1599	2117	1062	2812	496	451	549	826	554	1082	577	1675	2369	1026	1721	294	612	589	741	960	853	741	701	214	1292	968	787	1413	654	1365	450	2064	880	2276	515	554	181	649	3264	2140	2395	745	1548	728	2178	2467	540	1161	467	1368	1597	999	1559	873	1764	810	562	3726	696	2438	137	1573	818	844	3248	636	1712	473	1202	2294	1632	739	455	972	3185	414	1626	1788	879	547	313	723	1033	1482	540	990	478	1275	1618	997	573	297	1083	853	1606	1413	688	426	1491	1764	2064	1246	707	697	1026	1175	861	1808	638	788	787	264	206	1626	1506	1243	1155	3757	547	462	1657	1285	640	1064	1818	1268	139	4477	2281
172	2015	285	1203	447	1253	162	1865	2584	415	851	352	396	1191	326	1171	204	214	367	928	830	326	691	0	847	162	511	375	347	402	1596	2621	1999	451	438	414	1135	1114	160	266	304	550	320	562	139	319	925	1431	343	175	1146	443	196	231	342	338	498	2023	413	183	1180	331	580	198	426	830	459	171	1188	1400	110	222	1531	1298	476	92	1299	2009	1602	1446	838	2853	193	385	707	1696	241	721	326	1251	231	204	2187	483	302	1537	327	343	412	378	1107	438	758	555	1376	367	1460	329	645	54	1538	641	465	308	15	2167	92	442	877	459	501	1062	937	1275	230	431	322	494	447	217	304	695	273	156	1720	518	603	397	343	1785	277	1266	273	1145	484	214	1148	2719	93	1935	503	2187	429	268	1398	1556	1062	1031	1475	413	2142	343	246	204	396	149	627	128	1065	1683	399	1084	893	200	341	588	420	162	620	10	759	1952	544	481	750	314	850	507	1460	277	1618	219	172	873	325	2719	1530	1843	480	1948	589	1580	1844	254	1784	344	727	921	442	874	480	1138	1483	324	3035	171	1772	557	888	1506	270	2584	234	1085	325	514	1613	960	93	253	460	2509	285	1204	1099	515	168	396	330	374	791	342	448	1169	677	1133	339	334	567	423	515	934	750	277	338	816	1149	1460	561	528	15	458	562	417	1168	81	106	124	426	812	940	831	1853	601	3121	167	453	1022	1829	1041	418	1209	1056	556	3821	1592
968	1489	1091	501	768	1440	713	1418	1752	540	34	851	1215	683	748	1160	966	806	559	1604	226	586	1539	847	0	685	345	869	1083	1216	1045	1833	1214	398	1072	659	346	1170	992	1113	1096	1172	578	918	835	589	201	778	1120	984	618	1260	995	967	1094	1086	359	1282	557	1029	2002	1115	1305	983	1179	226	499	840	572	569	951	762	2375	1221	963	763	473	2812	2432	598	1672	2056	782	1144	155	967	1084	347	586	725	968	966	1455	1072	1113	2348	581	1120	1167	864	1173	1285	99	877	1058	1024	891	1125	299	861	978	1467	1230	1102	842	1495	763	728	763	833	347	467	213	2068	1078	892	997	1315	1219	1053	1096	1504	1036	988	1543	967	1441	1211	1170	1248	731	631	1036	1910	740	806	799	2078	776	2703	1320	1458	1277	975	1507	965	467	752	791	557	1339	1120	1089	1016	894	987	876	966	643	851	615	557	1721	963	1062	1174	763	685	1228	837	1594	2785	914	1020	349	994	810	1271	891	731	899	1044	999	1720	1005	2184	932	1373	1074	2600	1185	1003	1204	1047	2591	1137	414	235	728	139	930	631	2321	1068	2189	884	994	1405	143	2354	764	1808	968	596	1121	354	810	325	807	1094	796	1706	1128	1155	269	963	999	1239	958	547	63	1094	751	2017	562	993	579	1067	1380	506	991	308	349	952	1159	228	675	891	310	1154	842	704	574	894	597	907	755	762	1274	1647	166	228	2661	673	2396	998	1220	531	2587	1800	545	694	1363	1403	3047	759
309	1888	432	1057	416	1258	97	1765	2426	281	689	346	543	1054	297	1131	312	234	231	1030	671	192	853	162	685	0	349	373	452	546	1462	2471	1849	289	505	322	979	1086	315	427	435	639	181	542	203	204	764	1295	468	319	1018	589	335	340	454	462	340	1870	303	346	1331	458	691	330	556	671	319	226	1039	1241	269	211	1693	1251	489	90	1140	2156	1757	1284	993	2701	201	516	544	1552	400	571	192	1114	341	312	2045	555	451	1685	191	468	542	373	1080	599	595	545	1288	437	1321	463	488	185	1401	799	588	440	158	2035	90	396	779	450	340	912	776	1426	393	448	395	642	572	375	435	840	400	311	1665	523	764	541	499	1670	242	1128	400	1278	439	234	1046	2594	112	2072	657	2046	591	367	1391	1417	912	934	1324	303	1982	468	404	351	400	303	606	286	948	1521	310	955	1046	308	438	647	390	0	708	152	920	2113	548	514	612	389	784	631	1321	242	1475	372	325	1035	401	2612	1389	1740	553	2054	652	1442	1714	393	1932	477	584	761	396	712	479	1013	1641	431	2874	257	1614	720	726	1669	233	2436	343	960	459	359	1458	814	136	414	437	2356	443	1158	937	519	317	558	400	235	629	454	410	1331	557	1066	206	437	713	280	529	787	612	361	492	657	1029	1321	399	617	158	403	465	438	1036	230	91	121	588	968	779	673	2009	507	2983	316	577	894	1963	1183	286	1071	1082	718	3675	1433
648	1620	773	782	560	1362	396	1610	2096	220	344	522	870	774	493	1148	621	513	225	1277	333	245	1200	511	345	349	0	543	740	871	1179	2167	1546	65	739	349	668	1130	663	773	751	915	235	630	523	314	418	1046	775	662	812	915	675	662	750	785	125	1537	337	695	1657	770	966	667	880	333	194	535	727	912	618	472	2042	1242	648	433	814	2469	2087	940	1327	2393	483	842	196	1274	743	276	245	830	663	621	1768	819	794	2003	239	775	867	539	1129	944	250	693	1178	686	1031	779	169	532	1115	1145	887	757	508	1785	433	523	635	620	79	599	431	1765	741	659	656	970	875	724	751	1159	729	659	1622	661	1113	866	845	1476	459	883	729	1570	552	513	916	2360	449	2364	1001	1770	938	678	1464	1121	599	828	1001	337	1636	775	748	694	570	645	722	635	782	1172	393	745	1376	618	719	853	545	349	979	501	1268	2461	717	700	409	653	774	927	1031	459	1200	718	672	1381	665	2425	1091	1575	819	2287	863	1151	1476	731	2247	792	320	419	523	363	619	815	1977	724	2533	576	1272	1068	378	2017	425	2138	664	767	776	154	1145	550	463	763	590	2044	787	1160	588	656	656	907	682	212	296	750	546	1678	387	1026	240	724	1034	183	681	524	409	661	837	320	845	1031	57	894	508	508	449	656	813	577	428	442	935	1303	430	335	2352	436	2711	655	876	695	2251	1510	227	790	1233	1066	3379	1103
531	1739	612	1325	785	1618	460	2111	2608	329	857	26	458	971	663	1504	254	573	318	735	753	305	832	375	869	373	543	0	272	451	1351	2702	2083	517	208	213	1207	1458	490	468	338	920	321	187	509	569	861	1586	336	524	1335	489	548	602	293	692	613	1852	665	467	1180	340	449	557	769	753	370	541	1013	1436	441	566	1673	1623	117	407	1341	1960	1613	1433	885	2925	545	729	713	1817	434	603	305	1030	601	254	2311	858	622	1507	312	336	754	5	1452	598	770	909	1646	177	1233	360	583	430	1300	887	407	345	389	2327	407	768	573	812	587	902	869	1528	478	796	174	542	403	523	338	691	631	488	2037	150	827	447	632	1998	608	1421	631	1049	811	573	1396	2899	428	1837	781	2313	606	641	1757	1331	902	1290	1300	665	2017	336	440	544	29	371	975	459	1283	1613	681	1269	922	254	246	310	758	373	989	370	976	2122	905	158	921	178	1155	440	1233	608	1744	541	506	997	183	2946	1310	2082	855	1744	320	1346	2015	598	1743	365	573	841	768	834	108	1334	1520	269	3017	546	1638	729	847	1629	142	2676	604	1283	359	643	1679	1090	289	535	804	2575	460	1531	1065	147	357	631	706	330	830	293	781	1285	453	1436	306	260	583	364	157	1064	921	652	639	739	1357	1233	562	899	389	775	829	784	1343	445	421	457	604	866	896	753	2070	325	3254	357	399	1213	1720	1333	323	989	1429	728	3916	1622
426	2004	454	1500	792	1566	499	2208	2835	555	1078	273	189	1244	672	1512	144	556	526	583	999	496	562	347	1083	452	740	272	0	181	1622	2905	2282	696	141	466	1405	1450	365	259	92	795	505	408	477	649	1105	1745	68	409	1471	217	429	505	23	554	774	2124	748	314	926	78	239	447	606	999	602	506	1283	1652	338	569	1400	1641	282	428	1554	1729	1359	1668	616	3132	539	573	929	1996	234	857	496	1302	505	144	2490	758	454	1265	502	68	593	278	1442	342	985	890	1722	104	1506	100	819	386	1572	645	147	96	361	2486	428	789	839	797	762	1170	1115	1275	295	758	98	269	138	367	92	429	504	365	2065	325	579	178	438	2121	624	1578	504	833	830	556	1490	3046	437	1628	563	2491	356	546	1719	1603	1170	1374	1571	748	2283	68	239	412	264	236	966	347	1399	1866	741	1407	657	148	26	272	765	452	858	349	720	1850	873	240	1063	97	1197	187	1506	624	1920	393	379	724	89	3059	1583	2185	753	1605	268	1618	2166	459	1507	100	835	1090	789	1070	313	1465	1259	22	3259	488	1905	469	1084	1356	322	2873	508	1412	101	799	1885	1258	316	357	803	2784	239	1547	1303	325	210	404	628	538	1036	23	794	1012	724	1479	504	15	313	583	304	1231	1063	570	453	985	1480	1506	773	775	361	805	904	743	1488	371	444	469	355	596	1135	1000	1804	597	3430	211	137	1346	1517	1102	552	1262	1354	468	4113	1843
404	2185	380	1602	809	1517	564	2252	2966	707	1214	449	14	1421	699	1504	250	578	671	576	1153	637	381	402	1216	546	871	451	181	0	1802	3017	2395	820	307	633	1523	1435	342	181	123	717	642	587	501	722	1257	1834	115	383	1548	43	396	477	158	484	885	2297	815	280	787	112	244	417	510	1153	755	523	1455	1781	341	603	1223	1638	460	494	1681	1610	1216	1809	457	3248	571	485	1066	2097	181	1017	637	1480	477	250	2588	702	372	1139	642	115	500	457	1425	174	1120	885	1756	285	1684	95	970	421	1752	479	123	116	414	2570	494	815	1020	799	880	1339	1268	1098	235	746	276	99	104	313	123	294	451	344	2063	502	409	4	332	2182	660	1668	451	745	853	578	1539	3119	495	1532	421	2589	193	513	1678	1782	1339	1420	1744	815	2450	115	181	372	445	254	963	340	1464	2021	795	1487	505	254	207	401	784	546	773	409	543	1671	859	413	1152	273	1219	147	1684	660	2019	341	350	546	267	3109	1761	2233	697	1572	392	1798	2246	403	1385	87	1001	1245	815	1217	493	1540	1107	181	3403	492	2073	291	1231	1182	478	2983	479	1486	98	906	2004	1359	413	283	813	2902	151	1544	1450	503	233	265	599	683	1165	158	814	838	898	1496	647	192	166	731	479	1333	1152	545	352	1139	1549	1684	911	700	414	836	958	731	1571	388	508	523	193	434	1283	1154	1623	776	3524	235	117	1424	1428	938	705	1439	1294	290	4221	1973
1765	445	1882	1373	1738	2483	1542	2298	1854	1182	1013	1355	1809	408	1672	2204	1587	1675	1232	1882	874	1273	2184	1596	1045	1462	1179	1351	1622	1802	0	2136	1660	1241	1521	1196	1185	2216	1755	1798	1689	2087	1282	1236	1664	1493	846	1601	1687	1771	1586	1840	1790	1803	1644	1923	1285	612	1512	1761	2469	1692	1743	1788	2017	874	1142	1684	474	1135	1702	1638	3019	2258	1358	1552	1126	3146	2886	963	2217	2295	1643	1976	1060	1620	1763	906	1273	350	1803	1587	1978	1993	1899	2745	1273	1687	2002	1346	2219	1945	1051	1867	2048	1521	154	1711	1010	1638	66	2218	1744	1696	1600	2122	1552	1699	790	1799	1245	592	833	2861	1791	1839	1526	1891	1745	1808	1689	2016	1861	1751	2544	1324	2166	1799	1932	2079	1634	1520	1861	2259	1724	1675	1808	2674	1574	2959	2092	1987	1951	1828	2552	101	592	1784	334	1512	886	1687	1769	1800	1357	1678	1884	1722	1652	820	1570	1541	2245	1585	1596	1519	1723	1462	2153	1586	2319	3472	1894	1417	1394	1529	1854	1769	154	1634	1592	1814	1768	2346	1535	2907	131	2242	1993	2650	1535	58	1934	1849	2954	1716	879	819	1699	914	1320	1607	2819	1621	2075	1718	591	2078	906	2970	1359	2152	1805	1588	1710	1301	1347	1325	1512	1835	1767	1973	1797	2196	863	1323	1674	1959	1848	1227	1095	1644	1722	2629	923	2031	1259	1610	1923	1181	1353	1319	1394	1818	1931	883	1657	154	1123	2065	1600	1681	1587	1835	1546	1677	1553	1580	1949	2202	879	872	3419	1029	2800	1674	1738	1537	2833	2638	1179	391	2389	2077	3265	1191
