NAME : VRPTW_INSTANCE_133.txt
COMMENT : Bangkok Supermarket
TYPE : VRPTW
DIMENSION : 287
DAYS : Saturday
EDGE_WEIGHT_TYPE : EXPLICIT
VEHICLES : 38
EDGE_WEIGHT_FORMAT : FULL_MATRIX
CAPACITY : 1000
EDGE_WEIGHT_SECTION
0	176	778	587	204	1961	221	404	600	245	774	2609	1486	464	46	382	308	488	1002	815	199	1968	479	332	587	1190	330	202	113	343	474	1070	213	582	362	258	1724	221	133	221	449	539	76	747	284	1126	891	359	358	22	394	165	1033	401	380	193	695	1115	1231	1522	135	1067	613	230	347	736	201	1925	127	350	328	574	400	583	309	1052	349	407	584	428	349	1098	423	1731	1170	527	149	1354	46	192	115	1213	284	958	172	196	28	498	1727	1171	533	368	690	1434	349	379	133	428	124	639	524	1080	3138	208	306	1649	956	1005	985	1219	1028	153	158	913	218	240	481	197	111	248	582	1068	933	1117	300	51	506	199	586	85	582	1124	373	97	204	215	404	160	148	1202	556	439	688	1028	792	418	962	1190	1409	192	165	104	826	1517	698	1108	1524	359	76	536	1041	1609	950	184	762	861	346	126	104	73	418	957	2581	611	972	846	1919	830	2034	1721	968	307	610	97	390	1076	592	199	33	688	538	885	571	85	499	776	404	221	1617	640	404	514	388	290	1028	410	636	631	59	225	165	925	300	506	16	2713	401	876	101	124	524	90	463	205	124	307	1795	981	942	221	1067	366	239	1081	368	382	1920	370	474	402	422	978	930	162	21	1921	1772	382	135	355	78	1977	308	991	459	593	1413	497	403	535	288	206	126	565	124	155	133	368	435	218	1204	124	409	1700	96	408	126
176	0	685	453	255	1845	111	394	601	276	817	2494	1442	419	214	533	194	325	875	755	99	1887	440	486	424	1051	349	343	276	512	603	938	389	415	309	288	1701	396	185	111	279	379	246	819	290	1089	726	414	505	178	337	22	902	393	308	221	805	970	1201	1367	146	927	474	406	293	740	200	1891	300	297	161	748	485	414	198	913	292	462	413	405	292	962	308	1563	1078	670	271	1400	214	26	279	1325	290	837	6	208	178	674	1644	1145	492	438	577	1379	295	337	185	405	274	496	361	945	3108	233	460	1624	1083	877	835	1116	1037	310	333	1020	394	251	439	250	274	87	568	1061	1058	972	322	227	339	99	421	246	406	1168	453	264	230	236	318	292	124	1288	631	313	552	1037	616	328	813	1169	1248	26	22	261	886	1641	534	1234	1654	414	246	516	923	1738	1083	14	699	833	296	271	261	234	328	813	2519	445	849	726	1838	804	1865	1638	836	462	516	264	386	941	651	99	170	518	378	943	545	243	456	600	325	397	1607	483	462	682	468	124	1037	329	520	479	157	244	22	808	322	465	179	2722	393	699	277	182	483	250	290	154	274	195	1638	857	814	111	925	437	272	1037	544	463	1930	320	603	394	452	830	757	163	198	1786	1804	463	86	302	252	1942	197	836	287	497	1254	455	324	374	183	130	271	486	147	21	185	325	521	394	1164	147	397	1696	125	323	288
778	685	0	281	937	1188	580	1070	1273	961	1502	1835	795	336	778	1152	828	467	293	165	599	1201	1096	852	433	507	512	981	887	1085	1252	370	938	475	969	974	1088	946	654	580	524	806	794	712	524	486	500	567	1132	796	990	674	333	1070	398	601	1472	469	602	891	643	407	952	953	956	420	582	2487	884	959	565	1151	1163	480	835	386	952	564	503	392	952	410	898	1183	393	1299	923	2082	778	659	889	1242	524	230	682	590	801	1146	958	565	1141	1120	1101	716	956	1001	654	392	762	948	789	393	2463	918	1075	2242	1732	301	413	441	598	928	900	1691	943	936	1092	931	885	605	342	560	1711	471	531	807	486	599	445	776	611	830	1133	870	914	921	947	937	809	1098	645	881	245	598	738	949	392	602	828	659	674	772	700	2294	862	1237	2298	567	794	341	292	2384	1152	670	137	1472	960	752	772	773	949	356	1840	453	250	156	1152	1447	1485	952	288	1077	170	870	1065	390	1337	599	798	803	807	727	1202	770	1107	688	961	946	1031	878	570	1047	1148	584	598	961	189	901	805	929	674	190	531	1115	793	2162	1070	752	835	856	1131	776	541	837	762	830	1158	263	256	580	413	1119	957	423	1022	1143	1392	982	1252	1070	497	390	641	617	791	1182	1340	1143	769	964	844	2536	833	454	698	188	819	1106	959	800	830	579	752	1092	654	690	654	989	1200	943	544	654	1073	1132	795	952	791
587	453	281	0	708	1392	366	815	1011	725	1250	2040	1077	290	601	969	566	186	421	416	388	1459	830	761	162	603	429	784	700	923	1052	485	780	202	708	737	1368	789	487	366	245	524	625	805	408	760	368	512	944	600	726	448	449	814	254	451	1259	529	877	946	461	480	671	797	696	571	421	2205	709	699	308	1066	938	207	572	465	691	534	230	343	691	511	624	1185	648	1112	717	1825	601	427	702	1358	408	385	452	434	603	1032	1217	835	873	890	819	996	696	740	487	343	612	667	507	494	2743	684	893	1962	1534	423	406	674	821	739	732	1474	786	697	826	703	698	366	416	804	1510	531	432	627	205	388	174	611	335	1026	906	684	681	686	678	735	577	1250	675	605	101	821	494	678	382	869	844	427	448	614	826	2094	588	1319	2105	512	625	378	471	2189	1204	439	365	1197	701	603	614	605	678	372	2110	189	396	276	1410	1173	1492	1211	383	894	161	684	811	490	1096	388	598	532	526	868	936	606	840	447	692	789	1305	598	538	972	921	336	821	692	92	620	597	693	448	358	432	848	598	2437	814	530	666	635	863	613	260	594	612	568	1220	403	360	366	480	889	722	699	899	916	1660	721	1052	815	473	395	473	441	604	1336	1589	917	540	703	663	2255	570	420	417	152	844	838	691	518	571	380	603	816	472	464	487	729	975	786	822	472	816	1404	576	683	639
204	255	937	708	0	2100	356	205	396	43	578	2748	1675	647	239	327	228	566	1130	994	338	2137	289	494	663	1301	530	159	179	353	364	1191	296	646	198	54	1921	299	330	356	512	484	255	948	479	1317	955	564	295	182	226	263	1156	202	547	389	552	1219	1425	1604	318	1177	509	306	186	937	389	1723	220	189	406	666	230	645	225	1165	191	611	638	619	191	1214	312	1782	1330	444	103	1161	239	281	180	1395	479	1092	257	388	175	562	1894	1366	341	184	548	1618	188	202	330	619	315	541	474	1197	3333	33	270	1445	835	1131	1081	1370	1231	177	251	766	298	56	293	7	177	341	778	1268	809	1220	500	219	574	338	658	274	601	1329	198	184	35	39	262	121	130	1396	758	338	805	1231	784	279	1059	1387	1480	281	263	293	1029	1390	639	1279	1406	564	255	729	1178	1489	1116	269	939	659	182	320	293	265	279	1062	2762	679	1104	981	2088	628	2078	1889	1089	271	766	184	189	1193	402	338	172	648	482	1088	372	277	310	781	255	301	1817	568	609	635	213	374	1231	263	774	549	150	42	263	1063	500	317	188	2916	202	873	247	85	334	278	516	129	315	226	1872	1112	1068	356	1175	182	37	1269	456	208	2124	200	364	202	625	1078	964	346	208	2037	1976	208	168	191	203	1774	225	1077	447	748	1488	308	255	481	207	360	320	398	309	246	330	194	266	298	1394	309	210	1901	144	264	304
1961	1845	1188	1392	2100	0	1750	2198	2384	2118	2633	648	877	1523	1964	2339	1946	1552	972	1205	1771	455	2199	2026	1468	835	1697	2163	2072	2274	2435	918	2127	1499	2087	2129	1053	2135	1841	1750	1613	1823	1982	1729	1713	1076	1252	1740	2318	1978	2101	1838	950	2198	1583	1790	2649	926	1065	757	1826	948	1950	2142	2077	1449	1769	3417	2072	2079	1699	2312	2330	1502	1953	955	2072	1727	1518	1576	2072	903	1980	970	816	2486	2102	3195	1964	1819	2074	2101	1713	1008	1843	1778	1982	2323	461	1115	2234	2282	2095	810	2077	2120	1841	1576	1951	1930	1813	918	1792	2077	2262	3220	2917	972	1068	749	1362	2113	2088	2865	2132	2089	2193	2095	2070	1759	1483	1263	2894	925	1718	1993	1555	1771	1477	1964	1606	1568	2298	2055	2073	2079	2045	2118	1969	1891	1753	1954	1297	1362	1580	2041	1083	1139	888	1819	1838	1960	1665	3478	1790	2173	3485	1740	1982	1503	922	3570	2156	1830	1244	2526	2082	1941	1960	1961	2041	1065	1014	1464	996	1119	443	2508	1075	461	1015	2264	1352	2055	2196	922	2487	1771	1978	1730	1825	1653	2299	1958	2205	1540	2061	2134	1169	1845	1733	2205	2314	1728	1362	2058	1327	1878	1981	2085	1838	1038	1718	2212	1975	1896	2198	1524	2023	2025	2225	1965	1618	1986	1951	1949	721	988	1034	1750	953	2282	2115	1070	2204	2309	1440	2100	2435	2199	1664	1061	1346	1802	1975	295	1603	2309	1932	2084	2030	3461	1951	1094	1754	1369	861	2204	2060	1818	1955	1756	1941	2152	1838	1855	1841	2110	2367	2132	1017	1838	2199	1239	1965	2049	1980
221	111	580	366	356	1750	0	505	712	382	927	2399	1330	308	242	603	295	274	785	644	21	1781	550	468	371	970	258	418	334	563	687	851	426	372	418	395	1590	434	152	0	247	432	270	735	199	978	675	334	578	234	446	95	814	504	197	156	898	893	1090	1301	113	846	548	443	403	634	125	1997	347	407	132	755	584	373	301	831	401	380	378	297	401	878	402	1515	973	746	352	1510	242	87	337	1257	199	743	106	137	237	698	1538	1034	602	540	665	1268	405	448	152	297	274	564	413	860	2996	339	527	1733	1169	788	763	1015	930	373	374	1115	431	359	549	351	332	71	460	952	1145	895	234	265	297	21	371	261	400	1070	553	319	335	343	422	369	230	1207	552	401	467	930	619	430	740	1059	1189	87	95	269	796	1729	575	1177	1739	334	270	408	828	1824	1032	97	588	942	406	267	269	252	430	736	2410	398	756	632	1731	914	1820	1532	749	528	410	319	497	856	757	21	231	548	432	851	656	256	566	594	430	434	1497	536	381	676	568	100	930	434	422	539	231	351	95	712	234	574	232	2614	504	695	309	276	592	264	266	265	274	296	1574	765	725	0	845	539	378	926	564	563	1822	431	687	505	358	756	726	109	240	1702	1700	563	189	412	299	2048	299	769	322	392	1193	564	430	426	287	36	267	588	122	111	152	435	620	431	1053	122	509	1587	215	427	296
404	394	1070	815	205	2198	505	0	206	161	436	2843	1836	812	443	442	251	645	1226	1149	492	2270	93	697	732	1377	718	334	381	507	415	1280	487	705	113	150	2094	489	520	505	584	444	460	1151	663	1484	996	760	411	382	109	411	1247	3	703	576	526	1289	1595	1646	499	1256	408	495	121	1122	569	1521	421	119	508	841	233	702	244	1246	127	808	689	793	127	1297	248	1789	1458	511	302	1012	443	419	382	1599	663	1197	399	572	376	727	2027	1538	140	182	394	1772	121	82	520	793	520	443	442	1282	3502	196	413	1246	819	1226	1147	1488	1418	371	450	715	489	164	100	212	379	466	956	1449	789	1291	688	424	643	492	724	479	622	1527	211	388	199	188	175	314	285	1601	960	280	903	1418	761	186	1128	1562	1513	419	411	498	1230	1348	576	1481	1375	760	460	905	1284	1453	1316	408	1093	457	115	525	498	469	186	1138	2910	739	1207	1090	2221	426	2075	2021	1182	414	903	388	17	1278	300	492	371	604	442	1289	167	481	114	772	158	491	1997	497	806	823	217	486	1418	164	893	470	346	178	411	1173	688	119	389	3106	3	851	452	279	134	482	580	240	520	249	1905	1213	1165	505	1252	186	168	1432	638	216	2313	101	415	3	816	1148	973	526	411	2110	2173	217	324	115	408	1573	246	1135	461	885	1524	112	159	444	244	521	525	225	492	396	520	89	257	489	1559	492	5	2084	324	172	509
600	601	1273	1011	396	2384	712	206	0	354	258	3026	2042	1019	635	531	445	836	1416	1355	699	2470	185	867	916	1556	921	488	558	623	452	1466	644	885	304	342	2301	644	722	712	774	585	648	1342	867	1691	1160	960	506	578	285	618	1435	208	910	779	465	1467	1802	1803	704	1437	502	648	316	1327	774	1329	594	313	708	961	298	882	439	1429	320	1007	867	999	320	1481	406	1921	1658	545	478	814	635	625	557	1766	867	1390	606	776	571	840	2227	1745	157	279	423	1977	316	271	722	999	708	535	589	1465	3709	394	530	1050	740	1415	1323	1685	1622	538	618	607	644	365	191	403	556	671	1162	1655	708	1468	891	613	830	699	907	668	787	1725	298	568	398	388	339	485	491	1783	1153	433	1096	1622	892	343	1306	1768	1666	625	618	687	1424	1226	685	1640	1262	960	648	1111	1477	1336	1473	615	1299	274	312	714	687	659	343	1320	3113	920	1399	1285	2420	242	2197	2221	1370	530	1107	568	216	1462	207	699	567	727	583	1483	96	671	181	912	323	646	2203	608	1005	962	292	688	1622	325	1093	576	544	378	618	1368	891	175	584	3310	208	978	633	477	166	672	767	447	708	443	2055	1404	1355	712	1433	284	361	1638	775	296	2517	291	452	207	1019	1327	1120	731	604	2283	2372	296	530	308	591	1381	441	1307	631	1088	1679	182	324	587	442	727	714	271	696	602	722	283	296	644	1765	696	203	2290	527	334	694
245	276	961	725	43	2118	382	161	354	0	546	2766	1707	679	282	346	215	576	1146	1024	365	2163	246	538	671	1313	568	193	222	383	368	1205	336	651	161	13	1956	339	369	382	519	466	299	991	516	1351	958	605	314	223	188	287	1171	158	577	427	542	1229	1459	1609	353	1189	480	346	151	975	424	1680	263	153	420	703	217	650	211	1177	157	652	642	653	157	1227	285	1779	1354	453	144	1129	282	302	223	1438	516	1110	279	425	217	597	1920	1401	298	165	511	1648	153	162	369	653	358	513	458	1211	3368	43	296	1403	830	1147	1090	1392	1269	217	294	753	338	32	250	51	220	360	814	1305	803	1231	538	262	581	365	665	318	598	1370	184	228	47	39	230	161	152	1440	800	314	821	1269	772	246	1069	1422	1483	302	287	336	1071	1381	619	1323	1399	605	299	764	1196	1481	1159	291	969	616	146	363	336	308	246	1073	2792	685	1122	1000	2114	585	2074	1914	1105	297	791	228	146	1207	375	365	212	631	464	1130	328	320	267	772	220	341	1854	545	650	675	199	389	1269	229	795	525	189	32	287	1082	538	274	230	2956	158	862	291	123	291	321	522	133	358	214	1875	1129	1084	382	1187	165	6	1301	495	194	2163	162	368	159	664	1088	960	381	251	2049	2017	195	192	155	247	1732	212	1085	440	773	1491	265	221	464	197	389	363	357	345	271	369	154	253	338	1427	345	166	1939	176	231	347
774	817	1502	1250	578	2633	927	436	258	546	0	3277	2253	1225	799	569	687	1081	1662	1570	910	2703	440	978	1165	1809	1105	611	701	680	448	1715	751	1137	546	533	2498	748	906	927	1020	843	804	1482	1056	1896	1417	1128	557	752	532	831	1683	436	1122	965	329	1720	2003	2062	896	1689	757	749	556	1510	967	1241	730	553	943	993	386	1134	680	1680	561	1172	1119	1197	561	1731	661	2178	1892	513	631	583	799	844	700	1850	1056	1633	821	966	746	869	2460	1944	416	406	664	2194	556	513	906	1197	862	790	847	1716	3911	589	603	951	543	1662	1577	1924	1800	670	743	390	750	567	447	585	701	896	1355	1843	511	1722	1075	772	1078	910	1157	826	1043	1876	407	715	593	585	592	629	697	1895	1299	690	1339	1800	1150	597	1559	1964	1924	844	831	841	1570	981	942	1710	1022	1128	804	1307	1720	1092	1542	832	1515	335	551	870	841	819	597	1571	3337	1171	1643	1526	2654	316	2452	2454	1617	602	1333	715	439	1712	188	910	744	985	841	1629	353	829	438	1170	575	750	2391	865	1169	1022	393	919	1800	578	1328	832	727	576	831	1609	1075	433	758	3479	436	1236	778	664	424	828	1015	664	862	685	2314	1649	1600	927	1685	409	551	1847	843	399	2689	533	448	435	1195	1580	1378	924	772	2539	2527	399	738	549	743	1291	682	1562	886	1314	1938	439	576	846	680	936	870	526	887	815	906	523	359	750	1973	887	434	2473	722	588	841
2609	2494	1835	2040	2748	648	2399	2843	3026	2766	3277	0	1398	2168	2612	2987	2592	2198	1619	1842	2419	815	2841	2665	2111	1470	2340	2812	2720	2920	3083	1563	2773	2141	2731	2777	1463	2781	2488	2399	2258	2457	2629	2335	2358	1670	1880	2380	2966	2626	2745	2486	1596	2843	2231	2437	3297	1561	1634	1309	2475	1588	2580	2788	2722	2070	2417	4010	2719	2724	2346	2945	2978	2144	2598	1597	2716	2364	2159	2220	2716	1545	2621	1412	1455	3133	2750	3834	2612	2467	2722	2649	2358	1656	2491	2425	2630	2962	986	1692	2875	2930	2722	1363	2721	2764	2488	2220	2597	2558	2449	1561	1622	2725	2910	3827	3565	1619	1704	1394	1944	2761	2735	3514	2778	2737	2835	2744	2718	2407	2119	1846	3543	1559	2362	2641	2199	2419	2120	2611	2243	2122	2946	2704	2721	2727	2687	2766	2618	2433	2378	2594	1945	1944	2199	2683	1720	1708	1454	2467	2486	2607	2263	4127	2413	2741	4132	2380	2629	2143	1571	4218	2744	2479	1884	3158	2727	2587	2607	2608	2683	1706	903	2106	1644	1767	845	3141	1382	988	1662	2911	2000	2704	2842	1565	3134	2419	2626	2355	2459	2244	2940	2605	2846	2162	2703	2780	1613	2473	2370	2837	2962	2376	1944	2701	1976	2506	2630	2733	2486	1686	2362	2853	2623	1987	2843	2135	2670	2674	2865	2611	2262	2633	2597	2594	1162	1636	1681	2399	1592	2930	2763	1675	2846	2957	1780	2744	3083	2844	2303	1699	1961	2450	2623	775	2001	2957	2580	2728	2678	4052	2596	1725	2395	2017	1430	2845	2702	2454	2600	2405	2587	2789	2486	2503	2488	2754	3015	2778	1601	2486	2844	1652	2613	2691	2626
1486	1442	795	1077	1675	877	1330	1836	2042	1707	2253	1398	0	1028	1470	1815	1607	1263	824	687	1345	593	1874	1417	1225	896	1161	1676	1578	1722	1935	842	1586	1266	1743	1720	316	1592	1353	1330	1319	1602	1475	987	1202	361	1194	1163	1803	1508	1768	1425	841	1835	1133	1293	2165	949	271	1164	1358	913	1748	1597	1729	785	1287	3282	1562	1733	1347	1652	1887	1271	1613	900	1726	1130	1294	1058	1726	869	1687	1491	507	1957	1635	2836	1470	1417	1580	1251	1202	798	1437	1290	1514	1699	424	337	1922	1853	1897	109	1730	1774	1353	1058	1425	1743	1585	868	1670	1664	1744	3036	2389	832	1019	559	572	1617	1565	2381	1590	1687	1871	1668	1578	1372	907	483	2373	949	1190	1499	1282	1345	1237	1453	1402	725	1859	1562	1660	1668	1730	1643	1557	1036	1082	1673	1028	572	1499	1734	1013	336	1206	1417	1425	1442	903	2936	1649	1345	2926	1163	1475	950	742	3013	1361	1427	744	2258	1732	1416	1442	1456	1734	972	1105	1242	805	856	556	2232	1725	423	870	1745	946	1562	1828	868	2076	1345	1514	1588	1603	872	1981	1448	1887	1448	1743	1591	340	1671	1135	1547	1875	1360	572	1744	985	1695	1528	1677	1425	793	1190	1895	1503	1400	1835	1490	1510	1589	1912	1452	1336	1596	1425	1609	1326	811	859	1330	923	1851	1702	406	1607	1869	697	1756	1935	1836	1086	995	1339	1330	1493	1069	773	1869	1517	1738	1534	3332	1612	1067	1494	963	1181	1886	1742	1596	1606	1318	1416	1882	1368	1441	1353	1762	1921	1590	282	1368	1839	437	1531	1736	1452
464	419	336	290	647	1523	308	812	1019	679	1225	2168	1028	0	455	824	600	374	608	350	320	1505	858	519	418	817	176	663	566	751	932	683	605	448	727	692	1282	613	332	308	401	677	467	524	191	672	657	240	806	485	754	401	645	811	116	275	1157	761	782	1189	332	703	814	620	712	341	263	2302	558	715	363	822	863	453	605	684	710	251	471	59	710	719	698	1453	716	971	613	1808	455	395	568	1075	191	551	413	268	490	810	1264	726	910	826	947	972	713	756	332	59	430	822	658	701	2690	635	748	2040	1407	613	662	774	631	606	570	1376	610	660	857	640	565	361	163	646	1387	763	194	485	405	320	427	447	553	796	834	549	631	640	726	624	530	983	384	691	365	631	751	733	638	750	1104	395	401	441	557	1967	788	1030	1968	240	467	111	624	2054	914	405	298	1250	714	420	441	447	733	616	2118	451	569	448	1456	1222	1760	1259	587	750	194	549	803	698	1049	320	489	744	678	605	964	442	874	710	736	612	1189	773	256	721	849	362	631	739	269	786	502	649	401	513	194	882	480	2309	811	802	507	561	900	447	425	572	430	601	1462	580	556	308	706	824	674	622	685	844	1518	739	932	811	186	645	762	303	473	1517	1407	844	489	721	522	2353	604	687	557	183	1100	872	735	671	594	291	420	890	342	416	332	744	898	610	748	342	815	1279	503	732	459
46	214	778	601	239	1964	242	443	635	282	799	2612	1470	455	0	375	354	514	1012	805	220	1961	520	286	612	1204	309	207	110	322	476	1081	184	610	406	294	1702	192	124	242	479	583	32	708	268	1109	916	329	354	62	438	200	1043	440	381	180	702	1130	1212	1542	140	1081	659	201	391	711	195	1963	108	395	358	534	420	611	355	1065	393	374	613	415	393	1110	469	1757	1167	521	168	1377	0	226	112	1169	268	965	209	188	68	463	1720	1151	574	393	736	1421	393	422	124	415	79	685	567	1092	3116	247	297	1685	954	1015	1003	1219	1000	150	132	920	189	280	523	232	109	278	563	1044	933	1132	280	30	534	220	612	39	618	1090	394	94	244	255	449	173	194	1160	518	485	702	1000	830	464	980	1169	1431	226	200	58	789	1515	741	1062	1520	329	32	519	1046	1606	904	220	754	899	390	82	58	27	464	973	2568	638	979	854	1912	868	2061	1715	979	299	612	94	428	1088	614	220	76	730	582	848	610	39	540	812	449	192	1592	684	372	470	409	320	1000	456	645	676	103	265	200	931	280	548	56	2682	440	912	67	165	566	44	494	251	79	353	1815	989	952	242	1081	389	276	1065	331	403	1891	413	476	440	396	994	961	162	31	1931	1738	403	180	399	66	2014	354	1010	500	595	1434	539	449	579	334	220	82	610	128	193	124	411	453	189	1188	128	448	1674	143	453	80
382	533	1152	969	327	2339	603	442	531	346	569	2987	1815	824	375	0	556	858	1385	1170	581	2325	534	432	958	1573	662	190	269	112	131	1453	229	947	499	345	2025	222	498	603	812	811	358	945	633	1454	1259	651	32	369	519	531	1415	438	756	551	357	1496	1549	1899	513	1449	824	218	492	1034	570	1807	267	494	695	434	233	947	552	1434	499	686	944	778	499	1481	632	2094	1540	146	263	1095	375	556	267	1281	633	1339	532	561	366	311	2086	1486	571	266	835	1774	495	488	498	778	395	858	801	1463	3435	361	77	1518	582	1388	1365	1593	1305	229	254	567	224	376	541	326	271	618	911	1364	563	1498	636	346	872	581	955	376	920	1344	240	285	362	366	572	241	430	1333	776	660	1070	1305	1110	588	1342	1499	1782	556	531	382	1038	1142	965	1141	1145	651	358	873	1421	1231	973	546	1120	796	487	405	382	378	588	1339	2918	979	1354	1228	2277	766	2394	2081	1350	75	987	285	425	1459	391	581	372	976	809	1095	566	382	553	1105	560	223	1902	892	681	453	242	657	1305	569	1018	871	377	367	531	1305	636	557	370	2954	438	1199	317	359	568	376	821	451	395	554	2171	1363	1325	603	1449	261	343	1415	275	239	2171	496	131	438	728	1358	1281	537	366	2304	1990	239	454	495	309	1858	553	1368	771	970	1787	552	561	808	535	589	405	668	502	517	498	485	236	224	1533	502	447	1975	408	573	367
308	194	828	566	228	1946	295	251	445	215	687	2592	1607	600	354	556	0	394	975	920	289	2024	267	640	481	1127	544	380	360	574	584	1028	488	455	142	222	1876	493	371	295	333	256	383	1012	484	1262	754	607	524	295	162	216	996	251	485	413	747	1040	1375	1406	336	1005	305	502	130	930	394	1702	398	133	263	865	424	453	6	995	125	656	442	593	125	1046	117	1566	1212	669	310	1259	354	211	362	1509	484	947	201	401	291	771	1781	1322	315	368	388	1538	130	174	371	593	430	333	245	1030	3277	195	497	1440	1038	975	898	1240	1226	378	434	950	492	183	264	229	358	238	756	1246	1010	1042	516	352	392	289	474	393	386	1363	392	356	193	190	126	333	162	1480	823	131	652	1226	556	134	879	1348	1276	211	216	411	1080	1582	414	1411	1604	607	383	703	1034	1685	1255	203	863	652	135	430	411	380	134	888	2669	490	956	840	1975	625	1859	1775	931	498	665	356	250	1027	545	289	282	420	254	1137	374	392	280	556	136	495	1788	346	655	816	405	247	1226	139	647	331	255	190	216	923	516	288	301	2909	251	646	399	221	304	397	329	113	430	2	1669	962	913	295	1002	369	217	1207	653	402	2117	155	584	252	646	899	747	356	326	1861	1996	402	174	137	360	1753	4	888	225	646	1286	278	135	253	21	322	430	293	334	207	371	164	458	492	1334	334	252	1880	212	131	434
488	325	467	186	566	1552	274	645	836	576	1081	2198	1263	374	514	858	394	0	581	593	295	1640	652	733	99	737	448	668	597	831	925	635	698	98	535	586	1551	706	424	274	61	340	544	894	405	940	403	537	830	495	551	327	602	646	282	410	1118	653	1057	1042	387	614	487	715	525	704	376	2019	615	527	163	1028	792	100	400	603	519	572	109	408	519	654	441	1243	831	995	596	1650	514	302	599	1442	405	554	325	390	497	973	1399	1012	693	741	634	1183	524	568	424	408	548	485	323	637	2930	538	785	1775	1402	580	514	851	975	633	645	1329	704	545	647	563	595	241	531	969	1376	655	439	536	31	295	97	536	178	1163	760	583	535	538	498	617	438	1357	736	420	260	975	382	497	493	1044	923	302	327	544	931	1956	422	1383	1972	537	544	483	641	2055	1253	312	539	1012	530	541	544	526	497	498	2295	123	563	451	1591	989	1547	1392	536	786	327	583	644	634	936	295	490	373	342	980	756	531	661	346	514	707	1484	421	575	945	775	200	975	512	277	441	481	544	327	533	439	668	496	2615	646	444	582	505	682	539	74	442	548	396	1312	568	519	274	612	741	574	880	839	770	1834	548	925	646	524	512	453	378	509	1473	1751	771	407	531	567	2069	399	512	231	313	929	659	512	334	402	303	541	630	397	341	424	558	829	704	1004	397	646	1581	450	503	571
1002	875	293	421	1130	972	785	1226	1416	1146	1662	1619	824	608	1012	1385	975	581	0	418	807	1082	1231	1127	502	213	782	1203	1115	1331	1472	77	1185	536	1116	1157	1139	1193	892	785	642	875	1033	1000	783	620	374	847	1361	1017	1132	869	40	1227	637	847	1681	184	718	598	871	123	1013	1201	1106	702	822	2535	1120	1108	726	1430	1360	540	982	103	1101	850	558	667	1101	117	1015	896	319	1530	1138	2229	1012	849	1118	1517	783	64	874	832	1021	1415	846	706	1270	1311	1163	722	1106	1149	892	667	1011	999	862	100	2433	1106	1308	2311	1955	9	196	298	821	1156	1141	1896	1191	1117	1226	1125	1114	788	636	757	1931	186	796	1040	585	807	511	1017	657	1066	1327	1099	1102	1107	1077	1155	999	1358	938	992	325	821	697	1075	189	747	543	849	869	1017	980	2515	877	1522	2525	847	1033	632	82	2610	1443	861	416	1577	1111	1002	1017	1012	1075	148	1752	503	44	160	1033	1556	1195	840	50	1310	415	1099	1224	97	1514	807	1016	814	876	1001	1334	1012	1239	647	1093	1193	1123	917	855	1328	1343	756	821	1091	367	947	1017	1113	869	103	796	1246	1015	2224	1227	674	1075	1057	1260	1019	649	1014	1011	977	864	30	61	785	131	1310	1143	560	1287	1338	1494	1129	1472	1227	783	171	516	849	1019	919	1492	1338	962	1113	1076	2582	980	245	792	429	531	1238	1092	870	983	796	1002	1197	883	886	892	1139	1396	1191	645	883	1228	1227	997	1082	1040
815	755	165	416	994	1205	644	1149	1355	1024	1570	1842	687	350	805	1170	920	593	418	0	660	1156	1186	822	576	623	508	1013	916	1090	1281	490	946	618	1055	1037	962	953	683	644	645	933	815	589	537	348	665	538	1153	836	1080	740	458	1148	447	625	1507	602	464	1009	682	540	1079	959	1041	287	614	2605	906	1045	660	1107	1213	623	926	519	1038	522	646	392	1038	532	1002	1314	389	1316	964	2154	805	730	918	1098	537	354	750	619	841	1119	916	419	1235	1175	1224	624	1042	1086	683	392	774	1079	915	517	2357	981	1095	2353	1752	427	568	463	433	956	915	1726	951	1003	1183	988	915	684	277	397	1733	604	533	835	617	660	589	795	752	667	1184	899	977	985	1043	975	873	944	559	989	402	433	895	1048	548	452	961	730	740	787	563	2311	1004	1106	2309	538	815	301	388	2396	1035	741	56	1571	1045	764	787	795	1048	509	1768	601	374	311	1107	1545	1611	911	428	1096	266	899	1141	514	1397	660	840	948	934	582	1293	790	1199	845	1056	953	891	1013	527	999	1200	672	433	1057	326	1033	852	994	740	318	533	1208	831	2022	1148	913	855	910	1224	795	664	910	774	921	1265	387	397	644	548	1173	1020	289	1004	1194	1244	1068	1281	1149	461	543	806	654	824	1239	1180	1194	832	1050	872	2655	924	611	819	282	949	1198	1054	927	918	634	764	1198	693	756	683	1074	1249	951	416	693	1152	989	850	1049	802
199	99	599	388	338	1771	21	492	699	365	910	2419	1345	320	220	581	289	295	807	660	0	1799	540	452	392	991	257	396	312	541	665	873	404	392	408	378	1602	412	135	21	266	439	248	733	198	991	696	330	556	212	436	81	836	491	212	145	878	915	1102	1323	94	868	551	421	393	642	117	1989	325	397	148	736	565	394	294	853	391	377	398	305	391	900	399	1536	992	724	331	1494	220	78	315	1251	198	764	93	128	215	677	1556	1046	592	522	664	1284	394	437	135	305	254	568	420	882	3010	322	505	1724	1148	809	785	1035	938	352	352	1095	410	343	539	332	310	79	469	962	1124	917	232	243	317	0	392	240	417	1074	533	297	318	326	415	348	213	1204	549	399	489	938	635	424	762	1070	1211	78	81	249	796	1708	585	1168	1718	330	248	417	849	1803	1022	87	604	932	395	248	249	231	424	757	2426	419	777	653	1749	904	1841	1550	770	506	429	297	483	878	740	0	210	560	439	852	645	235	556	611	423	413	1507	544	377	659	549	114	938	427	443	545	210	334	81	733	232	564	210	2623	491	712	288	257	582	243	284	252	254	290	1596	786	746	21	867	520	361	940	544	544	1831	420	665	491	359	778	746	94	218	1724	1706	544	172	402	277	2040	293	791	331	410	1214	554	422	433	280	32	248	583	103	96	135	424	601	410	1066	103	496	1597	196	420	276
1968	1887	1201	1459	2137	455	1781	2270	2470	2163	2703	815	593	1505	1961	2325	2024	1640	1082	1156	1799	0	2290	1957	1575	1028	1663	2168	2071	2243	2437	1056	2100	1612	2166	2176	658	2107	1838	1781	1702	1955	1971	1568	1693	907	1433	1684	2309	1988	2186	1875	1076	2270	1591	1780	2662	1114	849	1102	1833	1111	2095	2113	2154	1332	1767	3615	2062	2157	1762	2214	2362	1616	2031	1109	2149	1659	1636	1548	2149	1060	2082	1371	812	2471	2116	3282	1961	1860	2073	1839	1693	1092	1883	1773	1993	2249	243	912	2332	2321	2245	581	2154	2198	1838	1548	1930	2082	1941	1069	1412	2120	2251	3393	2908	1086	1238	791	1159	2111	2071	2881	2105	2138	2285	2131	2070	1807	1418	1065	2889	1114	1689	1991	1651	1799	1585	1951	1738	1317	2331	2055	2116	2123	2137	2128	2010	1622	1640	2061	1381	1159	1768	2138	1244	921	1207	1860	1875	1943	1488	3464	1958	1938	3461	1684	1971	1453	1008	3547	1954	1872	1207	2651	2158	1920	1943	1951	2138	1213	676	1581	1088	1190	49	2629	1515	249	1132	2252	1371	2055	2265	1072	2538	1799	1991	1896	1956	1461	2395	1946	2300	1721	2152	2107	801	2000	1664	2107	2347	1784	1159	2151	1377	2030	2000	2131	1875	1109	1689	2307	1984	1443	2270	1730	2011	2055	2322	1951	1713	2039	1930	2026	1139	1086	1139	1781	1119	2319	2159	929	2145	2342	1015	2179	2437	2270	1605	1222	1556	1806	1978	742	1208	2342	1970	2161	2027	3662	2029	1276	1865	1389	1179	2298	2151	1949	2028	1777	1920	2270	1845	1892	1838	2187	2398	2105	831	1845	2272	849	1994	2142	1958
479	440	1096	830	289	2199	550	93	185	246	440	2841	1874	858	520	534	267	652	1231	1186	540	2290	0	784	731	1371	779	427	468	601	498	1281	579	700	131	237	2139	581	586	550	590	406	541	1225	722	1526	977	828	504	458	105	459	1250	97	746	639	586	1281	1639	1622	560	1252	342	587	146	1179	628	1454	509	143	530	935	317	697	261	1243	148	877	681	845	148	1295	221	1749	1478	595	390	998	520	463	469	1684	722	1207	446	632	452	821	2047	1584	54	270	307	1805	145	103	586	845	599	377	408	1280	3543	274	507	1185	876	1231	1138	1503	1476	461	539	759	580	240	8	296	466	501	1008	1502	845	1283	749	504	646	540	722	558	603	1595	298	474	277	265	154	404	346	1680	1034	249	913	1476	718	157	1121	1609	1485	463	459	577	1301	1389	520	1569	1420	828	541	957	1293	1496	1405	453	1129	393	144	603	577	547	157	1134	2936	734	1215	1102	2240	364	2030	2041	1185	508	932	474	111	1277	340	540	446	556	403	1360	107	559	21	735	138	582	2047	442	875	915	302	514	1476	140	913	411	419	256	459	1185	749	28	465	3162	97	807	536	355	45	562	582	293	599	265	1876	1220	1170	550	1248	274	252	1472	731	303	2370	119	498	97	880	1142	941	586	488	2098	2237	303	382	137	492	1506	262	1122	446	914	1499	19	139	407	267	570	603	136	555	446	586	116	336	580	1599	555	88	2137	391	149	591
332	486	852	761	494	2026	468	697	867	538	978	2665	1417	519	286	432	640	733	1127	822	452	1957	784	0	822	1335	344	379	316	323	563	1202	227	831	682	547	1607	229	316	468	714	864	257	513	353	1060	1116	286	432	346	713	468	1163	694	507	323	788	1274	1147	1700	358	1217	945	228	668	631	357	2192	276	671	600	306	596	834	642	1199	671	300	841	460	671	1237	756	1946	1210	557	395	1525	286	490	315	901	353	1070	480	343	351	297	1725	1082	836	593	1021	1388	670	693	316	460	213	971	847	1219	3012	513	378	1908	978	1132	1164	1278	884	329	249	991	228	546	788	488	318	527	545	950	965	1276	332	291	759	452	825	247	869	912	582	310	510	521	732	384	480	920	348	771	856	884	1087	747	1139	1090	1605	490	468	229	606	1519	1020	784	1509	286	257	522	1142	1596	622	488	782	1140	666	214	229	260	747	1123	2521	853	1088	966	1910	1108	2253	1720	1104	379	711	310	681	1215	790	452	359	1003	863	663	861	249	805	1062	730	227	1478	967	295	212	593	566	884	737	774	960	387	530	468	1032	332	812	340	2522	694	1163	250	439	829	243	734	536	213	640	1974	1100	1074	468	1220	589	531	1030	190	588	1740	688	563	694	361	1150	1186	359	315	2034	1559	588	467	675	294	2244	641	1181	771	698	1604	803	730	859	621	434	214	887	351	465	316	684	619	228	1140	351	703	1548	429	736	206
587	424	433	162	663	1468	371	732	916	671	1165	2111	1225	418	612	958	481	99	502	576	392	1575	731	822	0	645	520	768	696	930	1023	550	796	41	620	681	1521	804	517	371	151	383	641	942	483	918	304	609	930	595	633	426	519	732	345	499	1214	559	1034	943	482	524	527	813	610	727	466	2063	714	613	262	1120	888	47	487	514	605	639	69	461	605	566	513	1144	772	1094	695	1728	612	401	699	1494	483	483	425	479	597	1068	1334	994	768	835	678	1140	610	652	517	461	643	520	368	550	2885	635	884	1826	1499	500	419	783	982	733	743	1423	802	640	725	660	694	340	563	966	1472	561	515	634	89	392	12	632	178	1184	855	683	631	634	576	716	536	1397	796	490	198	982	337	574	399	1029	824	401	426	640	972	2052	428	1445	2069	609	641	520	568	2152	1320	411	526	1077	616	636	640	623	574	406	2235	33	488	386	1525	1055	1449	1328	455	886	323	683	731	546	1026	392	589	371	384	1017	833	627	738	293	593	805	1463	445	643	1034	870	300	982	590	250	470	580	639	426	466	515	745	595	2594	732	383	680	603	758	635	151	537	643	483	1213	492	441	371	521	835	669	855	935	866	1821	632	1023	733	586	418	364	471	607	1380	1751	866	506	616	666	2112	486	414	291	312	829	736	591	377	491	398	636	696	492	441	517	643	924	802	977	492	732	1563	549	581	667
1190	1051	507	603	1301	835	970	1377	1556	1313	1809	1470	896	817	1204	1573	1127	737	213	623	991	1028	1371	1335	645	0	990	1387	1303	1526	1653	136	1382	672	1264	1324	1210	1390	1087	970	795	988	1227	1210	987	767	419	1058	1548	1204	1276	1047	174	1378	838	1046	1854	91	850	386	1063	123	1115	1398	1256	909	1019	2601	1312	1258	894	1640	1529	675	1133	138	1250	1062	689	877	1250	98	1150	695	405	1716	1319	2363	1204	1025	1306	1717	987	276	1050	1030	1207	1620	811	851	1404	1478	1260	787	1255	1297	1087	877	1209	1095	978	115	2422	1275	1496	2393	2134	206	233	337	1001	1343	1335	2066	1387	1282	1365	1297	1302	963	850	927	2109	90	1003	1231	735	991	653	1213	773	1248	1497	1288	1271	1275	1217	1338	1171	1551	1152	1124	502	1001	753	1213	249	892	349	1025	1047	1214	1186	2691	957	1729	2705	1058	1227	845	237	2789	1654	1037	626	1691	1261	1200	1214	1207	1213	239	1705	637	257	369	982	1673	988	805	230	1498	623	1288	1377	119	1672	991	1201	896	990	1203	1469	1207	1376	709	1234	1390	1221	1011	1067	1539	1512	928	1001	1231	565	1043	1199	1280	1047	316	1003	1382	1202	2282	1378	706	1269	1233	1394	1214	797	1179	1209	1129	650	243	261	970	125	1478	1311	714	1490	1507	1589	1277	1653	1378	995	228	529	1043	1208	736	1618	1508	1136	1262	1266	2647	1131	260	924	636	332	1375	1233	984	1137	984	1200	1319	1075	1064	1087	1288	1566	1387	774	1075	1377	1324	1175	1221	1238
330	349	512	429	530	1697	258	718	921	568	1105	2340	1161	176	309	662	544	448	782	508	257	1663	779	344	520	990	0	515	417	582	777	857	438	540	650	581	1394	445	199	258	452	686	313	477	59	800	795	88	647	353	680	328	819	716	177	141	1006	930	902	1358	218	873	806	451	634	406	150	2234	402	638	368	649	729	543	548	855	634	126	557	120	634	893	656	1611	886	808	477	1685	309	334	419	1007	59	726	343	146	359	634	1424	841	833	699	922	1114	636	675	199	120	267	822	666	875	2807	527	588	1963	1245	787	824	947	701	456	408	1223	442	556	779	523	417	328	254	737	1226	932	30	339	479	257	526	292	614	819	702	401	523	533	667	483	433	949	298	657	518	701	829	677	800	860	1266	334	328	282	538	1802	821	938	1801	88	313	211	800	1888	804	340	460	1171	635	257	282	294	677	781	2261	553	744	622	1615	1141	1919	1419	759	590	367	401	706	871	922	257	360	787	686	594	880	287	797	795	673	444	1287	789	128	550	717	349	701	678	431	794	380	543	328	688	30	805	347	2388	716	893	350	445	823	291	476	485	267	545	1631	756	729	258	876	696	563	757	509	712	1595	661	777	716	102	809	883	192	334	1693	1458	712	396	643	373	2285	547	845	571	354	1264	795	673	680	532	225	257	836	225	338	199	663	762	442	879	225	722	1371	394	672	295
202	343	981	784	159	2163	418	334	488	193	611	2812	1676	663	207	190	380	668	1203	1013	396	2168	427	379	768	1387	515	0	97	194	271	1269	156	757	354	197	1904	156	330	418	622	637	201	871	476	1315	1069	523	162	185	381	342	1232	331	583	387	494	1309	1417	1710	338	1263	668	161	344	910	401	1813	119	346	505	511	225	757	378	1249	349	565	754	623	349	1296	471	1905	1372	328	74	1180	207	366	95	1278	476	1159	343	395	181	403	1927	1355	475	214	704	1628	346	354	330	623	254	700	625	1278	3317	191	119	1529	753	1205	1177	1421	1195	60	132	713	156	216	432	156	98	428	769	1243	731	1311	486	177	682	396	765	223	732	1264	206	114	191	198	421	52	242	1298	687	497	885	1195	927	438	1154	1372	1592	366	342	236	959	1314	794	1153	1322	523	201	726	1243	1407	987	356	961	762	339	263	236	220	438	1152	2775	789	1173	1048	2119	731	2205	1922	1167	121	813	114	317	1274	423	396	186	799	635	1018	491	228	448	920	413	158	1789	725	561	488	219	468	1195	421	838	707	188	202	342	1127	486	454	188	2868	331	1015	169	171	469	224	631	270	254	379	1981	1182	1142	418	1263	210	188	1272	304	213	2078	355	271	331	595	1171	1092	364	190	2120	1915	213	265	349	141	1865	378	1179	587	795	1598	446	414	634	359	407	263	548	326	327	330	347	254	156	1394	326	340	1868	218	424	231
113	276	887	700	179	2072	334	381	558	222	701	2720	1578	566	110	269	360	597	1115	916	312	2071	468	316	696	1303	417	97	0	235	366	1183	127	689	372	231	1807	132	234	334	555	610	104	788	378	1217	1000	428	246	101	402	270	1146	378	489	290	591	1228	1319	1634	245	1180	663	141	359	814	305	1887	41	362	435	504	317	690	360	1165	363	471	689	525	363	1211	466	1839	1277	414	80	1274	110	296	2	1217	378	1070	274	298	99	413	1830	1258	520	297	719	1531	361	380	234	525	160	693	597	1193	3221	200	193	1606	845	1118	1098	1328	1100	41	75	809	131	232	472	172	2	355	671	1147	824	1230	388	80	613	312	694	126	679	1177	294	16	198	209	429	74	202	1226	600	487	801	1100	883	445	1075	1275	1519	296	270	140	873	1407	770	1100	1413	428	104	628	1152	1498	937	287	864	828	356	168	140	122	445	1070	2677	719	1084	958	2022	797	2141	1825	1081	194	720	16	365	1189	514	312	107	767	609	932	546	131	489	871	425	134	1694	706	467	461	308	397	1100	433	749	692	120	216	270	1036	388	496	102	2777	378	969	76	140	513	128	567	247	160	359	1907	1093	1055	334	1180	293	215	1174	292	302	1987	376	366	378	499	1090	1033	270	96	2034	1827	302	211	366	44	1939	359	1102	544	703	1524	487	425	607	339	319	168	575	233	257	234	371	348	131	1296	233	387	1774	162	433	139
343	512	1085	923	353	2274	563	507	623	383	680	2920	1722	751	322	112	574	831	1331	1090	541	2243	601	323	930	1526	582	194	235	0	243	1401	146	925	544	386	1925	138	439	563	790	830	298	835	561	1362	1234	560	123	335	569	505	1363	504	695	485	464	1453	1455	1864	462	1403	862	131	534	938	509	1916	216	537	670	338	326	925	571	1387	540	591	925	701	540	1431	665	2074	1467	236	264	1207	322	531	233	1170	561	1282	510	499	334	220	2006	1391	644	347	891	1686	537	540	439	701	322	894	818	1413	3333	385	94	1627	667	1334	1326	1525	1203	203	190	668	141	408	607	350	238	590	825	1265	651	1455	559	297	849	541	929	313	914	1234	325	248	385	392	613	241	428	1220	670	691	1024	1203	1114	630	1303	1402	1752	531	505	314	929	1221	988	1032	1218	560	298	790	1362	1305	864	522	1043	894	530	332	314	318	630	1296	2827	954	1298	1172	2195	863	2377	2001	1299	94	924	248	490	1409	499	541	342	991	828	986	647	319	621	1104	604	139	1799	919	586	345	331	632	1203	613	964	901	356	396	505	1247	559	626	335	2845	504	1201	256	358	640	312	803	462	322	572	2138	1308	1273	563	1403	342	379	1326	163	327	2063	544	243	504	639	1317	1269	482	323	2251	1880	327	443	539	264	1967	572	1333	774	908	1756	620	605	827	552	543	332	729	450	493	439	534	337	141	1442	450	513	1871	394	615	293
474	603	1252	1052	364	2435	687	415	452	368	448	3083	1935	932	476	131	584	925	1472	1281	665	2437	498	563	1023	1653	777	271	366	243	0	1538	353	1008	497	362	2151	348	600	687	873	829	465	1076	743	1573	1319	772	133	457	511	605	1501	411	854	656	230	1574	1671	1966	609	1529	819	345	494	1158	671	1689	374	495	762	545	181	1008	579	1516	501	809	1002	889	501	1563	639	2146	1644	96	334	964	476	628	364	1406	743	1430	603	665	453	421	2196	1608	525	233	806	1892	496	479	600	889	510	854	823	1546	3562	395	192	1399	482	1475	1438	1693	1433	325	369	446	350	401	506	366	367	690	1029	1489	459	1575	749	446	935	665	1019	485	965	1475	205	383	398	398	571	317	486	1463	906	669	1152	1433	1140	586	1416	1623	1844	628	605	494	1169	1043	976	1263	1052	772	465	989	1514	1137	1096	617	1230	704	488	519	494	485	586	1416	3037	1041	1443	1318	2388	674	2442	2191	1435	191	1085	383	401	1542	282	665	457	995	827	1226	506	491	515	1141	557	349	2030	900	805	576	197	727	1433	565	1109	875	455	396	605	1398	749	517	460	3085	411	1230	426	420	525	486	879	493	510	582	2235	1452	1412	687	1528	230	367	1533	404	198	2302	491	0	411	849	1434	1328	635	461	2388	2122	198	518	494	409	1740	580	1437	808	1067	1851	514	558	828	565	678	519	635	598	589	600	479	164	350	1653	598	419	2104	477	571	482
1070	938	370	485	1191	918	851	1280	1466	1205	1715	1563	842	683	1081	1453	1028	635	77	490	873	1056	1281	1202	550	136	857	1269	1183	1401	1538	0	1256	581	1169	1217	1159	1264	962	851	695	913	1103	1075	856	667	379	923	1428	1084	1183	933	38	1280	709	919	1743	120	760	522	940	70	1047	1272	1159	775	893	2558	1189	1161	785	1506	1420	585	1035	58	1153	926	601	743	1153	42	1062	823	335	1597	1203	2278	1081	912	1185	1588	856	140	936	903	1088	1489	826	753	1317	1371	1196	737	1158	1201	962	743	1082	1031	901	29	2425	1166	1376	2340	2020	70	185	293	883	1223	1211	1957	1261	1176	1275	1187	1181	850	713	815	1995	122	871	1108	636	873	558	1088	695	1130	1388	1167	1162	1167	1126	1221	1060	1426	1015	1038	386	883	712	1123	188	794	472	912	933	1088	1053	2579	903	1596	2590	923	1103	709	117	2675	1518	923	491	1617	1164	1073	1088	1082	1123	157	1730	547	120	235	1008	1597	1121	819	102	1378	490	1167	1279	28	1571	873	1083	840	915	1072	1382	1082	1287	664	1143	1264	1153	948	932	1404	1403	817	883	1140	437	979	1082	1173	933	179	871	1294	1082	2241	1280	680	1145	1120	1307	1089	700	1072	1082	1031	787	107	129	851	80	1370	1203	610	1360	1399	1524	1181	1538	1281	859	166	512	919	1087	851	1534	1399	1024	1165	1144	2605	1033	230	837	503	458	1286	1141	908	1037	863	1073	1239	952	949	962	1192	1457	1261	685	952	1281	1257	1061	1131	1111
