NAME : VRPTW_INSTANCE_292.txt
COMMENT : Bangkok Supermarket
TYPE : VRPTW
DIMENSION : 209
DAYS : Thursday
EDGE_WEIGHT_TYPE : EXPLICIT
VEHICLES : 30
EDGE_WEIGHT_FORMAT : FULL_MATRIX
CAPACITY : 1000
EDGE_WEIGHT_SECTION
0	1022	371	350	625	307	263	497	1420	438	184	419	3668	288	3370	1493	94	413	101	26	124	193	26	1016	904	2663	288	395	539	204	407	840	586	400	204	215	2592	1140	202	1886	255	985	1137	978	1365	1631	284	995	759	288	1933	272	809	407	1190	503	783	491	14	916	1126	526	942	214	243	464	904	308	1138	67	1004	842	373	435	407	203	215	1740	501	1052	284	307	901	1773	527	1079	305	288	743	401	1724	218	155	505	672	102	127	213	281	246	283	977	25	347	1022	1738	198	256	1210	1174	820	2090	423	25	845	203	202	1414	1109	609	640	431	525	255	2214	412	308	428	202	210	2093	512	153	147	341	948	154	220	2440	330	2347	497	91	1144	1972	386	2883	213	517	154	212	224	124	464	202	373	609	1533	97	256	288	423	993	968	194	1190	154	1033	278	1137	155	985	432	408	891	1648	103	1191	365	393	1126	193	376	203	474	364	806	814	436	248	760	964	305	215	213	891	264	501	224	371	212	1056	183	705	1735	1913	702	2224	426
1022	0	985	985	703	1315	1135	1072	1478	836	842	976	3176	882	2844	470	962	1104	1117	1045	929	932	1048	271	1348	1901	882	1405	669	1042	932	932	436	1107	1223	949	2175	2100	1043	2515	797	227	316	252	371	2465	904	428	1007	882	2827	1240	513	1038	1162	1072	440	814	1030	1430	1035	675	1690	948	1078	791	1348	870	1714	1014	517	239	1258	859	1038	838	949	736	1393	345	904	869	1412	784	575	323	873	882	361	1103	1965	807	1045	1404	1356	972	895	1101	1078	1265	895	1003	1046	984	250	715	1070	1275	2158	1150	1277	2088	950	1046	368	945	1105	2410	319	1616	665	902	1026	1077	1975	954	866	846	1105	944	1071	1467	1050	1044	1263	937	1069	1045	3454	931	1328	1072	936	312	1447	833	2437	1045	660	1069	1088	1048	929	791	1105	1005	572	1122	1117	1275	882	950	366	457	837	1162	1069	403	915	316	872	227	847	1012	136	2019	1071	400	1010	1113	1035	1029	1379	945	1440	1008	1681	1292	596	774	344	250	872	1235	1045	136	757	521	1074	985	1088	401	1192	563	2383	1926	400	1233	934
371	985	0	694	857	606	217	849	1048	724	403	49	3321	592	3030	1432	429	777	374	366	278	194	387	881	553	2390	592	539	753	570	731	490	587	766	440	551	2243	1423	568	2252	281	868	992	851	1266	1964	124	804	393	592	2237	356	600	59	829	856	911	769	385	1283	777	741	728	549	612	206	553	607	842	433	782	757	738	731	59	443	551	1630	856	890	124	606	568	1646	409	926	605	592	635	766	2080	339	524	857	1044	446	363	585	649	466	133	622	387	690	894	1676	569	472	1501	812	466	1718	751	387	694	537	236	1649	959	869	857	102	154	624	1850	742	605	146	236	543	2011	519	523	517	700	603	249	586	2617	67	2247	849	385	1001	1655	152	2535	580	724	249	211	591	278	206	236	720	432	1213	431	472	592	751	824	767	419	829	249	850	599	992	395	868	724	43	849	2014	473	1023	715	759	777	558	672	537	796	713	1150	465	538	394	653	840	605	451	580	849	390	544	594	0	211	875	509	881	2101	1541	591	2083	749
350	985	694	0	374	449	613	157	1723	167	310	736	3894	129	3584	1438	269	123	421	369	416	499	351	1071	1243	2791	129	655	338	164	78	1110	607	124	479	143	2827	1123	166	1644	464	1028	1189	1029	1355	1494	581	1104	1056	129	1844	598	956	740	1466	162	620	213	341	602	1384	328	1287	145	157	715	1243	129	1488	284	1139	877	291	148	740	274	143	1721	415	1127	581	131	1247	1769	668	1144	128	129	818	119	1385	392	212	427	410	253	333	204	127	511	575	1248	349	3	1069	1673	189	518	1176	1450	1158	2399	81	349	938	156	553	1449	1167	700	404	725	847	147	2483	71	133	702	553	150	2033	819	216	218	316	1207	505	151	2509	638	2298	157	309	1193	2165	653	3114	157	336	505	563	149	416	715	553	28	769	1741	364	518	129	81	1081	1088	297	1466	505	1129	105	1189	306	1028	156	735	878	1327	282	1259	27	128	1384	167	487	156	495	25	696	1154	426	360	829	1015	128	484	157	878	377	516	169	694	563	1148	372	504	1498	2222	787	2219	92
625	703	857	374	0	814	865	397	1777	210	475	885	3790	347	3468	1118	531	462	721	651	620	685	639	864	1397	2588	347	996	106	510	297	1144	462	471	806	432	2746	1475	511	1816	576	814	968	824	1069	1775	732	947	1134	347	2150	897	860	914	1484	395	276	160	623	729	1379	116	1548	433	522	783	1397	326	1699	574	1007	675	664	226	914	439	432	1417	777	934	732	326	1423	1475	630	938	329	347	669	466	1355	520	543	790	668	527	534	564	499	844	724	1271	637	375	855	1341	540	853	1521	1468	1311	2449	305	637	786	439	809	1811	954	1074	38	842	988	513	2458	313	325	799	809	433	1699	1136	548	546	690	1216	758	503	2874	790	1967	397	543	968	2046	753	3025	506	136	758	809	502	620	783	809	380	723	1652	682	853	347	305	907	945	459	1484	758	957	369	968	495	814	220	900	629	1364	603	1048	389	481	1379	504	858	439	868	387	1027	1313	352	463	672	810	329	814	506	629	466	408	528	857	809	971	718	147	1682	2273	655	1915	290
307	1315	606	449	814	0	408	527	1626	604	474	655	3927	477	3636	1785	353	421	242	290	426	476	280	1323	1056	2963	477	237	755	305	528	1096	884	405	169	392	2850	836	304	1675	562	1291	1444	1284	1666	1357	559	1302	995	477	1638	296	1114	618	1432	534	1027	656	296	835	1384	742	946	392	293	750	1056	496	1205	301	1308	1146	232	590	618	477	392	2041	285	1360	559	496	1028	2077	834	1387	492	477	1050	410	1658	524	281	280	559	343	427	249	322	157	562	1229	281	447	1328	2029	274	156	909	1416	982	2277	530	282	1153	391	371	1107	1416	303	840	691	744	303	2448	519	498	704	371	394	2386	427	276	280	179	1209	359	311	2139	590	2644	527	383	1451	2254	669	3142	308	741	359	396	311	426	750	371	454	914	1813	210	156	477	530	1301	1274	478	1432	359	1340	449	1444	445	1291	594	631	1188	1541	244	1499	444	394	1384	312	69	391	191	445	549	970	719	545	1067	1270	493	160	308	1188	564	794	285	606	396	1363	125	927	1523	2104	1009	2528	542
263	1135	217	613	865	408	0	757	1218	693	391	262	3523	544	3236	1596	351	668	210	244	248	208	264	1066	663	2607	544	322	770	461	670	700	708	653	239	478	2446	1208	459	2079	347	1046	1182	1033	1443	1761	235	1005	590	544	2024	138	802	214	1026	764	981	744	272	1162	984	757	684	476	493	407	663	564	875	329	990	921	577	693	214	426	478	1813	679	1083	235	563	650	1834	571	1117	561	544	805	655	1978	368	410	677	904	363	331	454	534	257	243	828	265	610	1076	1842	448	262	1287	1010	584	1875	686	265	880	465	60	1431	1150	654	875	317	338	506	2039	675	563	350	60	472	2186	332	407	403	532	814	110	477	2406	231	2429	757	326	1190	1870	333	2738	470	745	110	56	481	248	407	60	636	619	1428	275	262	544	686	1018	969	407	1026	110	1049	539	1182	369	1046	689	231	998	1891	344	1219	628	645	984	452	470	465	599	627	958	575	607	422	823	1020	561	248	470	998	429	643	474	217	56	1073	333	924	1927	1700	760	2277	688
497	1072	849	157	397	527	757	0	1880	240	466	892	4040	279	3728	1508	422	105	555	513	571	655	493	1186	1397	2914	279	754	403	296	155	1266	728	121	595	298	2976	1081	298	1503	620	1140	1301	1144	1443	1393	737	1232	1213	279	1759	725	1095	894	1622	6	670	257	486	446	1538	397	1419	300	269	871	1397	273	1632	429	1273	990	316	217	894	430	298	1801	398	1247	737	275	1398	1854	813	1260	273	279	944	117	1230	548	347	413	285	405	489	315	228	621	732	1403	492	160	1182	1735	312	627	1125	1606	1312	2557	132	492	1066	312	697	1422	1281	727	434	882	1003	256	2637	134	277	859	697	306	2094	931	350	354	360	1361	651	280	2486	795	2362	0	464	1303	2307	810	3262	287	412	651	709	276	571	871	697	129	914	1886	493	627	279	132	1205	1219	453	1622	651	1254	260	1301	463	1140	229	890	976	1170	415	1375	134	133	1538	304	547	312	515	136	630	1307	553	513	954	1130	273	598	287	976	530	642	287	849	709	1272	480	542	1360	2379	916	2300	145
1420	1478	1048	1723	1777	1626	1218	1880	0	1712	1414	1000	2364	1606	2109	1715	1470	1819	1415	1415	1318	1234	1435	1218	606	1787	1606	1479	1674	1616	1745	632	1341	1808	1458	1584	1307	2369	1614	3296	1262	1253	1240	1227	1508	2962	1147	1055	667	1606	3185	1334	990	1019	316	1886	1695	1744	1433	2323	442	1666	1026	1582	1659	1015	606	1617	765	1480	966	1276	1784	1725	1019	1452	1584	1729	1895	1157	1147	1615	672	1691	1148	1193	1616	1606	1194	1808	3096	1334	1571	1895	2092	1488	1392	1633	1695	1470	1151	508	1436	1720	1240	1894	1616	1474	2452	328	659	677	1767	1436	1125	1570	1262	2512	1215	1833	1760	999	895	1670	844	1760	1613	1021	1262	1576	2112	1345	1571	1564	1743	569	1290	1631	3319	1093	2258	1880	1423	1250	960	1070	1593	1625	1643	1290	1240	1636	1318	1015	1262	1751	1062	658	1476	1474	1606	1767	1117	1022	1428	316	1290	1090	1621	1240	1416	1253	1715	1013	1395	3051	1522	1192	1747	1803	442	1602	1684	1570	1816	1745	2175	676	1425	1376	1203	1228	1616	1466	1625	1395	1362	1371	1641	1048	1240	1101	1547	1734	3144	500	1182	1996	1762
438	836	724	167	210	604	693	240	1712	0	322	760	3819	150	3504	1280	344	272	528	462	460	536	447	947	1277	2675	150	792	174	301	98	1084	492	278	605	230	2761	1286	302	1735	457	900	1061	905	1207	1631	601	997	1050	150	1992	706	871	777	1437	241	454	54	433	658	1344	164	1377	231	311	697	1277	129	1553	380	1043	751	459	23	777	282	230	1568	580	1008	601	130	1292	1619	599	1020	133	150	709	273	1385	389	337	593	525	336	370	354	290	642	594	1219	446	167	942	1512	331	650	1337	1420	1190	2389	114	446	831	239	634	1615	1041	866	238	732	869	303	2440	118	130	698	634	233	1873	941	342	341	482	1171	583	293	2676	661	2139	240	367	1063	2081	649	3044	296	176	583	638	292	460	697	634	178	700	1667	482	650	150	114	968	986	305	1437	583	1017	165	1061	334	900	11	768	737	1356	401	1135	186	286	1344	297	647	239	662	184	850	1190	324	339	718	890	132	612	296	737	351	409	318	724	638	1035	511	336	1594	2212	684	2067	98
184	842	403	310	475	474	391	466	1414	322	0	439	3597	193	3291	1313	121	416	285	209	144	214	208	857	956	2538	193	579	379	244	333	800	410	409	388	178	2527	1287	244	1940	154	822	978	817	1192	1739	281	854	747	193	2061	442	683	455	1156	472	604	368	190	912	1076	366	1072	176	291	405	956	206	1233	172	875	674	467	328	455	40	178	1567	607	899	281	204	970	1603	391	923	204	193	586	407	1687	83	224	614	704	135	62	292	313	431	274	938	206	306	860	1558	263	440	1353	1140	869	2091	354	206	696	165	337	1578	951	776	483	419	550	297	2175	347	203	393	337	170	1914	685	227	220	454	898	287	255	2613	340	2170	466	94	984	1879	343	2815	251	353	287	334	260	144	405	337	338	486	1447	274	440	193	354	844	831	16	1156	287	887	206	978	29	822	321	446	714	1637	231	1037	335	406	1076	229	539	165	617	332	916	868	251	73	601	802	204	400	251	714	93	321	278	403	334	909	349	535	1792	1914	547	2055	350
419	976	49	736	885	655	262	892	1000	760	439	0	3271	631	2981	1416	473	822	424	415	321	237	435	859	517	2346	631	583	780	616	771	441	590	811	489	593	2194	1470	614	2301	309	849	968	831	1246	2013	158	775	343	631	2284	400	571	65	779	898	924	803	432	1328	728	768	723	591	659	186	517	646	819	480	749	744	787	768	65	480	593	1607	905	865	158	644	538	1621	402	902	644	631	621	811	2122	371	571	907	1091	491	404	633	695	514	165	573	435	733	873	1659	616	520	1548	763	430	1672	791	435	672	580	285	1692	935	916	882	75	110	670	1801	783	643	129	285	586	1991	551	570	564	749	554	298	632	2655	99	2224	892	429	978	1608	151	2486	626	750	298	259	637	321	186	285	763	414	1166	480	520	631	791	798	737	455	779	298	822	639	968	434	849	760	39	841	2059	521	995	758	805	728	603	721	580	846	756	1199	430	557	425	639	820	644	500	626	841	419	555	640	49	259	847	559	902	2150	1495	578	2055	789
3668	3176	3321	3894	3790	3927	3523	4040	2364	3819	3597	3271	0	3765	341	3032	3689	4011	3693	3671	3548	3475	3690	2943	2969	1483	3765	3816	3711	3835	3886	2832	3337	4004	3759	3775	1077	4717	3834	5537	3448	2996	2862	2981	2915	5284	3385	2843	2933	3765	5536	3654	2948	3310	2498	4044	3586	3830	3682	4478	2544	3709	3375	3773	3882	3206	2969	3768	3081	3716	2784	3120	4040	3839	3310	3626	3775	2787	4169	2868	3385	3766	3037	2701	3227	2873	3768	3765	3123	4002	5130	3515	3801	4172	4301	3708	3600	3870	3909	3781	3385	2698	3690	3891	2957	3010	3846	3786	4799	2514	3014	1893	3910	3689	3004	3763	3555	4876	2866	4169	3759	3241	3185	3890	1523	3906	3764	3239	3555	3767	2914	3700	3802	3795	4009	2721	3569	3848	5655	3344	2818	4040	3641	2866	1744	3282	785	3843	3686	3569	3531	3853	3548	3206	3555	3922	3125	2153	3745	3786	3765	3910	2887	2845	3607	2498	3569	2836	3790	2862	3611	2996	3827	3296	3191	5155	3769	2777	3921	4003	2544	3820	3992	3763	4117	3919	4469	3033	3495	3537	3118	2992	3768	3770	3843	3191	3518	3412	3866	3321	3531	2825	3828	3684	5390	2010	3141	2557	3899
288	882	592	129	347	477	544	279	1606	150	193	631	3765	0	3455	1343	194	250	378	312	319	399	297	952	1145	2666	0	649	278	173	139	988	486	247	459	86	2699	1218	174	1773	343	910	1070	910	1249	1615	473	978	940	0	1958	556	827	642	1344	284	552	203	283	725	1259	265	1228	86	199	594	1145	20	1410	230	1011	758	375	148	642	154	86	1619	511	1005	473	20	1155	1664	539	1023	17	0	694	244	1493	272	198	522	539	186	230	232	195	497	467	1125	296	126	951	1582	204	506	1275	1327	1059	2283	161	296	813	91	485	1533	1047	757	368	612	742	196	2358	154	21	585	485	86	1942	792	203	200	384	1082	434	171	2587	532	2205	279	220	1075	2036	536	2986	172	264	434	490	172	319	594	485	157	640	1612	335	506	0	161	957	961	178	1344	434	1004	33	1070	197	910	144	635	768	1446	256	1139	156	249	1259	164	528	91	565	154	806	1057	304	234	705	895	17	467	172	768	251	394	199	592	490	1024	372	451	1627	2106	661	2115	157
3370	2844	3030	3584	3468	3636	3236	3728	2109	3504	3291	2981	341	3455	0	2692	3387	3702	3400	3374	3248	3178	3392	2616	2707	1149	3455	3536	3390	3531	3573	2539	3018	3697	3470	3468	802	4438	3530	5229	3144	2668	2532	2654	2577	4994	3088	2521	2646	3455	5257	3369	2633	3022	2216	3731	3258	3513	3384	4163	2252	3389	3131	3466	3578	2906	2707	3457	2847	3416	2464	2795	3740	3524	3022	3319	3468	2446	3871	2541	3088	3455	2779	2360	2915	2545	3457	3455	2803	3694	4802	3210	3499	3875	3992	3405	3296	3568	3604	3493	3088	2408	3392	3581	2629	2669	3543	3498	4519	2231	2746	1703	3597	3392	2683	3456	3266	4611	2537	3887	3436	2947	2899	3586	1286	3594	3453	2942	3266	3460	2576	3429	3500	3493	3711	2427	3277	3544	5421	3049	2486	3728	3339	2535	1423	2983	518	3539	3367	3277	3240	3549	3248	2906	3266	3612	2814	1844	3450	3498	3455	3597	2562	2524	3300	2216	3277	2512	3481	2532	3306	2668	3512	3007	2863	4832	3470	2447	3611	3696	2252	3516	3702	3456	3826	3609	4174	2766	3179	3229	2797	2666	3457	3480	3539	2863	3210	3095	3563	3030	3240	2500	3533	3359	5082	1799	2823	2221	3585
1493	470	1432	1438	1118	1785	1596	1508	1715	1280	1313	1416	3032	1343	2692	0	1432	1552	1587	1516	1398	1396	1518	574	1723	1641	1343	1874	1107	1508	1379	1279	907	1558	1693	1414	2118	2560	1508	2886	1264	572	498	593	208	2893	1362	712	1381	1343	3267	1706	883	1481	1416	1507	841	1251	1500	1821	1291	1116	2110	1413	1541	1230	1723	1330	2093	1484	788	676	1719	1303	1481	1307	1414	311	1852	601	1362	1328	1796	385	1027	560	1333	1343	797	1552	2236	1277	1513	1863	1786	1441	1366	1567	1539	1736	1354	1311	1517	1438	556	246	1536	1745	2615	1408	1662	2241	1395	1517	752	1411	1569	2876	529	2085	1079	1341	1451	1540	2028	1399	1326	1288	1569	1409	601	1928	1518	1512	1727	1248	1535	1510	3923	1383	861	1508	1406	487	1397	1281	2347	1509	1104	1535	1551	1512	1398	1230	1569	1456	1002	1201	1587	1745	1343	1395	662	754	1307	1416	1535	665	1376	498	1342	572	1292	1454	603	2331	1540	527	1462	1564	1291	1495	1848	1411	1906	1459	2131	1679	1066	1244	778	602	1332	1706	1509	603	1228	992	1538	1432	1551	646	1662	971	2763	2099	840	801	1378
94	962	429	269	531	353	351	422	1470	344	121	473	3689	194	3387	1432	0	349	190	119	152	236	107	978	975	2652	194	478	448	147	319	873	531	338	284	127	2616	1167	146	1853	244	944	1099	938	1313	1629	323	972	804	194	1945	365	795	472	1228	428	699	397	91	854	1155	434	1034	125	193	484	975	214	1222	52	989	796	357	342	472	125	127	1689	495	1019	323	213	978	1725	505	1044	211	194	707	338	1652	186	112	501	625	18	91	182	225	326	319	1011	106	265	982	1676	156	335	1233	1211	890	2144	336	106	815	114	292	1456	1072	655	547	471	583	203	2251	326	214	458	292	121	2033	605	114	106	338	977	241	162	2492	378	2290	422	48	1105	1980	411	2906	156	427	241	298	167	152	484	292	294	596	1545	162	335	194	336	964	947	125	1228	241	1006	187	1099	95	944	339	469	835	1585	109	1158	287	332	1155	133	417	114	496	286	804	886	367	194	722	924	211	295	156	835	214	441	177	429	298	1028	229	616	1703	1967	667	2177	337
413	1104	777	123	462	421	668	105	1819	272	416	822	4011	250	3702	1552	349	0	461	426	501	585	406	1195	1317	2915	250	649	445	209	173	1214	731	16	494	238	2942	1016	211	1526	570	1151	1312	1153	1474	1371	672	1227	1152	250	1724	627	1077	818	1570	112	724	307	402	505	1492	437	1320	240	174	820	1317	252	1541	347	1261	1000	216	249	818	385	238	1838	315	1251	672	254	1314	1888	788	1267	251	250	942	12	1311	499	258	329	290	331	427	216	133	518	668	1352	405	125	1193	1784	219	524	1065	1554	1234	2493	159	405	1062	252	609	1349	1290	631	496	819	932	161	2591	153	256	802	609	247	2144	827	261	266	256	1314	565	193	2412	727	2411	105	395	1316	2285	754	3230	200	447	565	623	188	501	820	609	99	888	1858	398	524	250	159	1205	1211	405	1570	565	1253	222	1312	407	1151	260	817	999	1237	323	1383	96	27	1492	220	442	252	419	99	579	1228	550	474	953	1138	251	496	200	999	492	640	193	777	623	1272	377	601	1379	2316	910	2337	175
101	1117	374	421	721	242	210	555	1415	528	285	424	3693	378	3400	1587	190	461	0	75	194	233	83	1099	872	2721	378	294	639	260	486	861	680	447	106	299	2616	1077	258	1881	333	1070	1219	1061	1454	1594	317	1068	767	378	1881	178	875	396	1203	562	885	582	99	952	1149	625	865	297	287	507	872	399	1079	148	1070	930	370	523	396	305	299	1830	482	1130	317	398	860	1860	602	1159	396	378	826	449	1770	309	210	483	694	194	225	246	328	148	319	995	84	418	1105	1833	243	158	1151	1187	792	2078	499	84	923	289	155	1338	1189	534	738	452	521	300	2225	488	399	462	155	295	2186	414	206	203	328	972	125	275	2353	350	2438	555	192	1226	2013	427	2908	269	617	125	175	279	194	507	155	440	677	1572	65	158	378	499	1069	1038	295	1203	125	1107	364	1219	256	1070	521	404	984	1681	140	1269	431	438	1149	254	311	289	426	431	776	784	535	345	843	1047	396	119	269	984	361	597	269	374	175	1131	134	806	1729	1902	784	2310	504
26	1045	366	369	651	290	244	513	1415	462	209	415	3671	312	3374	1516	119	426	75	0	136	196	20	1036	892	2675	312	369	565	218	428	842	609	413	179	237	2595	1126	216	1887	271	1005	1156	997	1386	1623	286	1012	757	312	1921	246	823	399	1190	520	810	515	28	927	1129	552	920	236	253	471	892	332	1120	85	1018	863	372	459	399	229	237	1762	497	1070	286	331	887	1794	544	1098	329	312	763	414	1738	239	168	500	679	126	151	220	293	221	286	978	21	366	1041	1761	209	231	1197	1174	809	2083	443	21	863	226	184	1396	1127	591	666	431	519	266	2214	433	332	432	184	232	2115	486	165	160	338	950	138	234	2419	330	2369	513	117	1163	1979	392	2886	227	544	138	196	238	136	471	184	391	624	1540	81	231	312	443	1010	983	220	1190	138	1049	301	1156	180	1005	456	402	914	1659	107	1209	383	405	1129	208	360	226	463	382	800	803	460	272	779	983	329	191	227	914	288	524	235	366	196	1073	168	732	1736	1907	721	2245	447
124	929	278	416	620	426	248	571	1318	460	144	321	3548	319	3248	1398	152	501	194	136	0	84	149	904	828	2539	319	475	523	298	455	725	493	490	299	272	2473	1262	297	1999	138	876	1025	867	1262	1754	171	876	652	319	2056	317	687	324	1078	577	736	509	137	1007	1009	510	927	270	343	342	828	336	1092	168	882	737	491	464	324	181	272	1637	623	936	171	334	836	1667	409	965	333	319	632	490	1801	126	257	627	776	170	89	323	377	340	168	862	148	412	911	1644	302	349	1333	1061	742	1991	475	148	729	259	197	1530	995	725	627	319	431	353	2101	466	334	310	197	265	1996	556	257	250	463	830	150	313	2547	225	2247	571	107	1032	1849	266	2764	307	496	150	191	318	0	342	197	442	488	1410	217	349	319	475	876	847	160	1078	150	915	322	1025	126	876	458	319	795	1738	221	1076	436	485	1009	285	496	259	598	434	929	740	366	176	649	853	333	311	307	795	186	415	325	278	191	938	304	675	1849	1814	590	2116	474
193	932	194	499	685	476	208	655	1234	536	214	237	3475	399	3178	1396	236	585	233	196	84	0	214	882	746	2487	399	485	584	381	537	647	501	574	329	356	2399	1311	379	2078	139	858	1001	846	1250	1820	91	839	570	399	2113	309	644	242	998	661	777	583	207	1091	933	571	867	354	425	275	746	415	1018	247	838	726	566	541	242	254	356	1624	693	908	91	414	756	1649	382	939	413	399	614	574	1885	167	338	697	858	254	169	402	460	366	90	784	214	496	891	1643	383	374	1385	982	660	1908	557	214	701	343	173	1567	970	766	689	239	347	435	2022	548	413	236	173	349	1990	536	337	330	534	755	141	396	2571	141	2237	655	191	1009	1783	195	2690	390	556	141	157	401	84	275	173	526	448	1343	274	374	399	557	845	808	231	998	141	880	405	1001	203	858	535	236	795	1822	295	1046	520	569	933	367	545	343	656	518	997	657	400	224	632	833	413	342	390	795	227	434	407	194	157	904	360	728	1927	1730	570	2096	556
26	1048	387	351	639	280	264	493	1435	447	208	435	3690	297	3392	1518	107	406	83	20	149	214	0	1043	913	2689	297	373	556	197	411	861	612	392	180	220	2614	1114	195	1867	282	1012	1164	1005	1391	1607	305	1022	777	297	1907	259	836	420	1210	500	804	501	18	906	1147	542	938	219	233	487	913	318	1139	68	1030	869	353	444	420	224	220	1767	479	1079	305	317	908	1800	554	1106	315	297	770	394	1717	245	147	482	658	112	152	199	273	223	304	997	1	347	1049	1763	188	232	1184	1193	830	2104	425	1	872	210	204	1387	1136	583	655	450	540	245	2233	415	318	450	204	216	2118	497	144	139	319	969	159	213	2413	349	2373	493	114	1171	1996	409	2905	207	535	159	217	217	149	487	204	372	636	1557	71	232	297	425	1020	994	217	1210	159	1060	285	1164	178	1012	441	423	917	1638	86	1218	364	384	1147	188	349	210	448	363	783	824	460	273	787	990	315	192	207	917	290	526	214	387	217	1083	156	723	1716	1928	729	2251	429
1016	271	881	1071	864	1323	1066	1186	1218	947	857	859	2943	952	2616	574	978	1195	1099	1036	904	882	1043	0	1151	1729	952	1368	802	1088	1035	712	465	1195	1203	1000	1925	2145	1088	2674	766	52	121	42	388	2566	830	162	808	952	2908	1188	308	925	903	1188	642	940	1027	1586	776	804	1538	999	1130	675	1151	945	1521	1026	251	196	1313	969	925	865	1000	749	1453	77	830	943	1223	768	499	74	947	952	272	1191	2186	799	1079	1462	1471	992	896	1143	1140	1243	823	762	1042	1070	22	808	1112	1252	2209	893	1088	1818	1056	1042	187	993	1049	2431	95	1626	830	785	883	1132	1707	1057	941	734	1049	994	1132	1394	1083	1075	1308	697	1023	1095	3452	841	1366	1186	941	127	1203	736	2192	1093	784	1023	1028	1099	904	675	1049	1096	449	856	1114	1252	952	1056	101	197	857	903	1023	132	984	121	883	52	957	898	247	2221	1087	188	1099	1199	776	1074	1391	993	1474	1096	1756	1105	647	783	256	56	946	1216	1093	247	764	557	1122	881	1028	130	1198	745	2536	1658	315	1214	1041
904	1348	553	1243	1397	1056	663	1397	606	1277	956	517	2969	1145	2707	1723	975	1317	872	892	828	746	913	1151	0	2265	1145	884	1292	1108	1284	448	1047	1304	893	1100	1905	1765	1106	2731	825	1162	1228	1138	1525	2366	675	1012	343	1145	2579	759	846	503	545	1403	1405	1320	916	1820	588	1281	479	1098	1146	628	0	1161	370	970	945	1111	1241	1284	503	996	1100	1841	1336	1122	675	1159	88	1831	837	1163	1158	1145	993	1306	2627	889	1059	1334	1567	991	915	1112	1185	898	682	468	914	1240	1171	1947	1101	900	1849	535	86	1225	1304	914	987	1087	717	1906	1195	1236	1392	555	409	1158	1451	1294	1158	601	717	1093	2239	740	1057	1051	1194	512	755	1124	2744	615	2439	1397	934	1239	1454	644	2194	1117	1261	755	699	1129	828	628	717	1269	793	1046	937	900	1145	1304	1060	969	972	545	755	1060	1151	1228	948	1162	1277	510	1227	2551	999	1220	1262	1297	588	1097	1108	1087	1240	1261	1597	89	1058	942	1009	1132	1159	899	1117	1227	935	1037	1127	553	699	1081	996	1401	2579	1054	961	2221	1302
2663	1901	2390	2791	2588	2963	2607	2914	1787	2675	2538	2346	1483	2666	1149	1641	2652	2915	2721	2675	2539	2487	2689	1729	2265	0	2666	2929	2532	2782	2760	1936	2186	2913	2811	2702	971	3799	2781	4403	2411	1778	1621	1771	1573	4276	2406	1688	2069	2666	4595	2746	1856	2403	1720	2916	2340	2670	2676	3315	1690	2534	2743	2700	2827	2215	2265	2662	2534	2692	1663	1925	3006	2698	2403	2556	2702	1360	3146	1667	2406	2660	2352	1274	2147	1655	2663	2666	1972	2910	3852	2465	2762	3152	3197	2668	2562	2830	2844	2844	2403	1838	2688	2789	1736	1571	2801	2852	3872	1730	2269	1780	2783	2688	1853	2693	2618	4039	1637	3250	2552	2291	2297	2831	1307	2782	2658	2266	2618	2695	1435	2877	2765	2757	2990	1826	2613	2792	4979	2386	1336	2914	2608	1620	827	2296	1018	2788	2514	2613	2593	2795	2539	2215	2618	2817	2056	1221	2756	2852	2666	2783	1709	1707	2542	1720	2613	1661	2696	1621	2560	1778	2685	2381	1959	3919	2752	1542	2819	2915	1690	2767	3032	2693	3138	2816	3454	2291	2365	2467	1961	1785	2663	2824	2788	1959	2447	2275	2815	2390	2593	1642	2843	2458	4265	1763	2004	1075	2768
288	882	592	129	347	477	544	279	1606	150	193	631	3765	0	3455	1343	194	250	378	312	319	399	297	952	1145	2666	0	649	278	173	139	988	486	247	459	86	2699	1218	174	1773	343	910	1070	910	1249	1615	473	978	940	0	1958	556	827	642	1344	284	552	203	283	725	1259	265	1228	86	199	594	1145	20	1410	230	1011	758	375	148	642	154	86	1619	511	1005	473	20	1155	1664	539	1023	17	0	694	244	1493	272	198	522	539	186	230	232	195	497	467	1125	296	126	951	1582	204	506	1275	1327	1059	2283	161	296	813	91	485	1533	1047	757	368	612	742	196	2358	154	21	585	485	86	1942	792	203	200	384	1082	434	171	2587	532	2205	279	220	1075	2036	536	2986	172	264	434	490	172	319	594	485	157	640	1612	335	506	0	161	957	961	178	1344	434	1004	33	1070	197	910	144	635	768	1446	256	1139	156	249	1259	164	528	91	565	154	806	1057	304	234	705	895	17	467	172	768	251	394	199	592	490	1024	372	451	1627	2106	661	2115	157
395	1405	539	655	996	237	322	754	1479	792	579	583	3816	649	3536	1874	478	649	294	369	475	485	373	1368	884	2929	649	0	922	494	731	1012	969	633	193	563	2741	901	493	1860	610	1343	1486	1332	1734	1483	544	1319	893	649	1720	185	1118	528	1320	761	1177	846	391	1071	1291	908	716	563	499	726	884	670	988	428	1308	1209	470	783	528	598	563	2108	508	1392	544	670	844	2135	868	1424	666	649	1099	637	1893	599	455	500	794	477	519	451	535	152	550	1134	375	653	1376	2120	466	143	982	1305	820	2109	737	375	1186	557	322	1109	1455	354	1017	640	644	510	2316	726	671	671	322	562	2471	192	449	450	416	1126	344	505	2089	550	2721	754	486	1494	2185	650	3033	500	903	344	345	507	475	726	322	666	929	1744	317	143	649	737	1328	1285	589	1320	344	1361	627	1486	550	1343	784	549	1271	1770	393	1529	656	621	1291	496	256	557	380	656	722	805	829	639	1117	1319	667	183	500	1271	653	888	486	539	345	1386	283	1092	1708	1939	1055	2582	746
539	669	753	338	106	755	770	403	1674	174	379	780	3711	278	3390	1107	448	445	639	565	523	584	556	802	1292	2532	278	922	0	449	272	1041	374	452	729	363	2661	1460	451	1871	472	753	911	760	1040	1796	628	871	1028	278	2162	811	770	811	1383	403	282	145	539	784	1280	13	1450	364	469	677	1292	258	1595	494	926	608	629	195	811	345	363	1398	753	868	628	258	1318	1451	529	876	262	278	587	447	1447	418	476	766	687	446	439	507	454	769	620	1169	554	338	795	1338	481	778	1511	1367	1205	2347	287	554	707	367	716	1788	894	1029	105	736	883	464	2364	292	256	693	716	363	1699	1052	481	478	649	1115	665	446	2848	686	1965	403	454	913	1967	647	2942	447	30	665	713	446	523	677	716	352	624	1566	604	778	278	287	835	866	363	1383	665	885	306	911	401	753	185	796	579	1446	530	989	359	460	1280	442	804	367	830	357	1023	1208	248	361	593	747	261	738	447	579	363	311	473	753	713	901	650	172	1733	2171	570	1897	271
204	1042	570	164	510	305	461	296	1616	301	244	616	3835	173	3531	1508	147	209	260	218	298	381	197	1088	1108	2782	173	494	449	0	236	1021	628	196	314	93	2762	1061	2	1705	387	1050	1209	1047	1404	1494	470	1096	951	173	1821	434	928	609	1375	303	725	354	192	713	1303	437	1126	94	46	631	1108	191	1336	138	1119	900	225	289	609	226	93	1777	366	1135	470	192	1105	1819	636	1157	188	173	821	197	1520	323	50	374	477	129	235	59	79	348	466	1159	196	161	1090	1748	31	355	1123	1359	1024	2288	245	196	935	97	401	1368	1183	585	534	618	725	55	2398	234	193	606	401	98	2108	655	54	58	221	1124	356	15	2418	523	2369	296	196	1214	2122	559	3052	9	437	356	414	20	298	631	401	180	731	1689	201	355	173	245	1083	1074	239	1375	356	1127	143	1209	226	1050	291	609	922	1445	119	1272	171	189	1303	15	355	97	398	171	672	1019	450	314	835	1033	188	320	9	922	335	535	33	570	414	1149	211	622	1556	2111	784	2271	253
407	932	731	78	297	528	670	155	1745	98	333	771	3886	139	3573	1379	319	173	486	428	455	537	411	1035	1284	2760	139	731	272	236	0	1124	574	180	550	192	2823	1188	238	1658	482	989	1150	992	1303	1537	613	1077	1079	139	1895	664	941	780	1479	158	552	138	400	594	1392	263	1349	193	235	731	1284	128	1541	343	1118	839	366	76	780	294	192	1666	483	1094	613	130	1292	1716	660	1108	129	139	790	174	1354	411	281	496	436	306	368	281	206	584	606	1260	410	80	1031	1611	264	592	1239	1463	1197	2422	23	410	911	204	610	1519	1129	777	329	752	881	225	2491	21	131	724	610	197	1971	890	286	286	393	1216	560	225	2580	671	2237	155	352	1153	2152	675	3109	230	274	560	617	223	455	731	610	82	761	1732	433	592	139	23	1051	1064	318	1479	560	1100	133	1150	336	989	86	773	831	1309	350	1223	91	188	1392	237	566	204	570	89	752	1195	398	370	800	978	129	557	230	831	385	487	246	731	617	1118	447	432	1515	2245	761	2165	18
840	932	490	1110	1144	1096	700	1266	632	1084	800	441	2832	988	2539	1279	873	1214	861	842	725	647	861	712	448	1936	988	1012	1041	1021	1124	0	716	1205	930	976	1755	1908	1019	2725	646	729	781	704	1079	2454	556	566	136	988	2724	835	418	486	356	1271	1077	1114	854	1712	287	1033	890	974	1067	394	448	997	817	893	496	703	1213	1099	486	835	976	1392	1339	677	556	994	529	1384	517	718	996	988	599	1205	2470	718	982	1341	1498	892	788	1048	1099	954	558	138	861	1107	733	1499	1027	960	1987	339	401	1306	1147	860	564	963	726	2116	749	1354	1129	410	368	1076	1377	1141	993	415	726	968	1790	941	982	975	1180	114	738	1036	3044	512	1993	1266	825	793	1173	461	2046	1030	1011	738	701	1040	725	394	726	1139	436	732	914	960	988	1147	617	524	813	356	738	614	1006	781	807	729	1088	469	824	2434	943	771	1135	1202	287	1006	1162	963	1286	1133	1637	422	793	754	611	700	996	941	1030	824	739	740	1050	490	701	634	996	1106	2574	1130	577	1783	1140
586	436	587	607	462	884	708	728	1341	492	410	590	3337	486	3018	907	531	731	680	609	493	501	612	465	1047	2186	486	969	374	628	574	716	0	731	786	538	2287	1689	628	2228	363	423	584	423	782	2101	487	505	736	486	2443	806	397	644	1038	731	363	495	594	1147	927	371	1313	536	668	425	1047	480	1390	582	554	272	851	514	644	410	538	1157	991	520	487	478	1093	1194	210	536	481	486	217	727	1817	370	623	1000	1010	542	459	684	676	829	477	832	611	605	464	1152	653	838	1751	1022	965	2004	597	610	339	531	673	1986	560	1187	437	523	666	670	1997	596	476	467	673	532	1506	1037	627	621	849	772	635	634	3023	525	1761	728	501	588	1595	439	2568	632	349	635	658	637	493	425	673	632	279	1192	681	838	486	597	476	495	406	1038	635	525	518	584	438	423	501	621	305	1820	640	652	634	734	927	614	949	531	1020	632	1292	974	182	339	225	408	481	799	632	305	321	93	661	587	658	543	759	394	2086	1831	196	1646	583
400	1107	766	124	471	405	653	121	1808	278	409	811	4004	247	3697	1558	338	16	447	413	490	574	392	1195	1304	2913	247	633	452	196	180	1205	731	0	478	230	2935	1008	198	1532	561	1152	1313	1153	1477	1370	661	1225	1142	247	1721	611	1073	806	1561	128	731	315	388	517	1484	443	1304	232	160	812	1304	251	1526	334	1258	1000	202	256	806	378	230	1843	305	1250	661	253	1300	1892	783	1267	249	247	940	5	1325	491	245	318	296	320	417	201	119	502	657	1343	391	125	1193	1790	205	507	1059	1545	1221	2482	167	391	1060	243	595	1340	1291	617	505	809	920	147	2582	160	255	792	595	238	2151	811	247	253	241	1305	551	180	2403	716	2417	121	384	1317	2280	744	3223	187	453	551	609	175	490	812	595	102	883	1852	383	507	247	167	1204	1208	398	1561	551	1251	218	1313	399	1152	266	805	1001	1249	309	1383	97	11	1484	208	427	243	406	100	574	1215	549	467	952	1139	250	480	187	1001	486	639	178	766	609	1271	361	610	1385	2305	908	2341	183
204	1223	440	479	806	169	239	595	1458	605	388	489	3759	459	3470	1693	284	494	106	179	299	329	180	1203	893	2811	459	193	729	314	550	930	786	478	0	374	2682	988	312	1841	437	1175	1323	1166	1560	1525	405	1168	827	459	1798	140	973	450	1263	602	983	659	199	959	1217	716	827	374	328	596	893	480	1065	235	1167	1036	356	597	450	405	374	1936	443	1233	405	480	870	1966	705	1263	476	459	931	481	1783	416	270	441	690	283	330	281	367	42	408	1061	182	476	1210	1939	290	52	1064	1247	817	2112	560	182	1026	367	204	1238	1293	439	825	529	575	341	2279	549	481	546	204	372	2292	340	265	265	306	1043	198	327	2248	429	2545	595	294	1330	2092	515	2974	321	710	198	229	330	299	596	204	493	777	1650	124	52	459	560	1171	1137	398	1263	198	1208	439	1323	359	1175	597	463	1091	1680	204	1372	483	467	1217	313	232	367	360	483	718	806	640	451	948	1152	476	12	321	1091	466	703	312	440	229	1232	117	899	1689	1937	888	2415	567
215	949	551	143	432	392	478	298	1584	230	178	593	3775	86	3468	1414	127	238	299	237	272	356	220	1000	1100	2702	86	563	363	93	192	976	538	230	374	0	2705	1153	94	1762	331	961	1121	959	1311	1574	439	1014	916	86	1907	477	852	596	1332	304	635	285	208	739	1253	351	1158	2	130	582	1100	106	1350	152	1041	810	313	224	596	149	0	1684	453	1049	439	106	1105	1726	560	1070	103	86	736	229	1528	261	112	462	526	114	191	153	141	412	434	1114	219	139	1001	1654	123	420	1214	1315	1015	2259	208	219	852	13	417	1461	1096	678	454	584	704	131	2352	198	108	564	417	8	2014	710	117	114	314	1075	368	96	2512	496	2275	298	166	1125	2054	516	2993	95	349	368	425	99	272	582	417	169	658	1624	251	420	86	208	999	994	168	1332	368	1044	65	1121	169	961	223	592	830	1467	170	1185	164	228	1253	82	446	13	492	162	756	1011	358	240	749	944	103	382	95	830	259	444	124	551	425	1065	286	536	1614	2082	700	2178	210
2592	2175	2243	2827	2746	2850	2446	2976	1307	2761	2527	2194	1077	2699	802	2118	2616	2942	2616	2595	2473	2399	2614	1925	1905	971	2699	2741	2661	2762	2823	1755	2287	2935	2682	2705	0	3642	2761	4467	2376	1977	1859	1959	1966	4207	2309	1808	1855	2699	4461	2577	1892	2232	1421	2980	2561	2775	2606	3417	1467	2659	2331	2703	2809	2132	1905	2703	2052	2642	1741	2088	2965	2780	2232	2557	2705	1930	3093	1848	2309	2700	1977	1849	2163	1859	2702	2699	2077	2933	4098	2444	2727	3095	3231	2634	2527	2796	2837	2703	2309	1621	2614	2824	1941	2156	2772	2708	3724	1437	1945	972	2847	2614	1961	2692	2478	3810	1857	3093	2718	2165	2108	2817	505	2843	2698	2164	2478	2697	2161	2629	2728	2721	2933	1644	2492	2776	4623	2267	2151	2976	2567	1864	731	2207	292	2771	2636	2492	2453	2780	2473	2132	2478	2856	2062	1095	2669	2708	2699	2847	1857	1804	2537	1421	2492	1808	2722	1859	2539	1977	2768	2219	2171	4108	2694	1775	2854	2933	1467	2747	2914	2692	3040	2852	3392	1965	2437	2468	2075	1969	2702	2692	2771	2171	2450	2357	2793	2243	2453	1799	2751	2650	4318	1034	2092	1856	2837
1140	2100	1423	1123	1475	836	1208	1081	2369	1286	1287	1470	4717	1218	4438	2560	1167	1016	1077	1126	1262	1311	1114	2145	1765	3799	1218	901	1460	1061	1188	1908	1689	1008	988	1153	3642	0	1061	1170	1395	2108	2266	2104	2465	636	1393	2135	1793	1218	819	1072	1949	1422	2222	1084	1740	1323	1128	1009	2191	1451	1465	1154	1023	1584	1765	1230	1778	1120	2144	1959	842	1265	1422	1280	1153	2837	708	2186	1393	1232	1711	2880	1666	2211	1228	1218	1874	1014	1616	1350	1066	697	852	1152	1252	1004	1022	958	1396	2033	1114	1124	2147	2796	1035	951	84	2206	1710	2975	1175	1115	1982	1158	1188	356	2239	554	1511	1516	1542	1023	3211	1169	1234	1535	1188	1158	3157	1025	1062	1069	839	2022	1187	1056	1411	1417	3421	1081	1206	2271	3078	1503	3934	1058	1459	1187	1213	1054	1262	1584	1188	1108	1750	2636	1044	951	1218	1175	2130	2108	1288	2222	1187	2171	1185	2266	1262	2108	1274	1439	1983	1404	1059	2325	1101	1000	2191	1075	766	1158	670	1103	460	1692	1511	1361	1889	2090	1228	976	1058	1983	1381	1596	1029	1423	1213	2194	957	1617	1037	2810	1834	3332	1191
202	1043	568	166	511	304	459	298	1614	302	244	614	3834	174	3530	1508	146	211	258	216	297	379	195	1088	1106	2781	174	493	451	2	238	1019	628	198	312	94	2761	1061	0	1707	386	1050	1209	1047	1404	1495	468	1096	949	174	1822	432	927	607	1374	305	726	356	190	715	1302	438	1124	95	47	630	1106	192	1334	136	1118	899	226	291	607	225	94	1777	366	1135	468	193	1103	1819	635	1157	189	174	821	199	1522	322	48	374	479	127	234	59	80	345	465	1157	194	163	1090	1749	29	353	1123	1357	1022	2286	247	194	935	97	399	1367	1183	584	536	617	723	56	2397	236	195	604	399	98	2108	652	52	55	221	1123	354	18	2417	521	2369	298	194	1214	2121	558	3051	11	438	354	412	22	297	630	399	182	730	1687	199	353	174	247	1083	1074	238	1374	354	1127	144	1209	225	1050	293	607	923	1447	117	1272	173	191	1302	14	354	97	397	173	673	1017	450	314	835	1032	189	318	11	923	334	535	34	568	412	1148	209	623	1557	2109	784	2271	255
1886	2515	2252	1644	1816	1675	2079	1503	3296	1735	1940	2301	5537	1773	5229	2886	1853	1526	1881	1887	1999	2078	1867	2674	2731	4403	1773	1860	1871	1705	1658	2725	2228	1532	1841	1762	4467	1170	1707	0	2091	2625	2782	2632	2874	625	2169	2733	2644	1773	919	1972	2599	2277	3076	1500	2076	1735	1872	1088	3009	1869	2544	1764	1659	2337	2731	1772	2840	1831	2777	2479	1514	1714	2277	1911	1762	3196	1400	2739	2169	1774	2700	3263	2313	2748	1771	1773	2445	1534	922	2022	1743	1401	1236	1834	1941	1676	1629	1833	2167	2862	1867	1647	2667	3076	1698	1831	1102	3060	2658	3953	1635	1867	2567	1774	2033	1364	2766	1535	1853	2316	2402	1650	4100	1637	1776	2310	2033	1770	3412	2037	1742	1749	1553	2830	2006	1691	2053	2216	3679	1503	1901	2783	3810	2264	4756	1697	1890	2006	2055	1687	1999	2337	2033	1616	2414	3385	1821	1831	1773	1635	2703	2722	1930	3076	2006	2752	1747	2782	1927	2625	1726	2285	2445	691	1782	2860	1617	1534	3009	1720	1623	1774	1490	1619	1137	2646	2056	2000	2453	2618	1771	1833	1697	2445	2019	2144	1676	2252	2055	2769	1748	1951	152	3779	2419	3684	1648
255	797	281	464	576	562	347	620	1262	457	154	309	3448	343	3144	1264	244	570	333	271	138	139	282	766	825	2411	343	610	472	387	482	646	363	561	437	331	2376	1395	386	2091	0	737	886	728	1124	1873	157	740	596	343	2184	442	555	339	1002	625	643	497	267	1066	922	460	994	329	434	251	825	354	1123	281	750	599	602	468	339	189	331	1499	739	798	157	352	847	1528	272	827	353	343	493	560	1835	71	357	744	856	262	153	427	461	478	148	784	281	460	772	1510	400	487	1465	986	738	1940	504	281	591	318	310	1668	857	863	575	274	415	442	2021	497	351	242	310	323	1861	674	359	351	580	744	271	400	2686	214	2110	620	198	893	1735	193	2665	395	442	271	295	405	138	251	310	492	355	1301	352	487	343	504	738	713	166	1002	271	778	359	886	163	737	459	324	662	1789	340	937	489	559	922	372	631	318	727	486	1047	739	266	118	511	714	353	450	395	662	110	295	419	281	295	801	438	603	1942	1762	451	1977	499
985	227	868	1028	814	1291	1046	1140	1253	900	822	849	2996	910	2668	572	944	1151	1070	1005	876	858	1012	52	1162	1778	910	1343	753	1050	989	729	423	1152	1175	961	1977	2108	1050	2625	737	0	161	26	398	2523	810	200	819	910	2867	1166	316	914	937	1142	589	892	995	1537	810	755	1538	959	1091	662	1162	902	1532	993	289	151	1274	923	914	828	961	766	1414	129	810	900	1232	791	476	125	904	910	244	1148	2133	767	1042	1423	1425	957	863	1105	1100	1216	803	787	1011	1026	42	811	1074	1225	2172	926	1097	1860	1010	1011	180	954	1027	2398	141	1594	779	774	879	1093	1757	1011	898	722	1027	955	1143	1376	1046	1039	1270	722	999	1056	3424	824	1382	1140	908	164	1256	720	2245	1054	736	999	1007	1060	876	662	1027	1052	435	907	1083	1225	910	1010	138	230	821	937	999	178	942	161	849	0	911	887	195	2169	1052	235	1055	1156	810	1035	1358	954	1438	1052	1715	1113	605	749	226	30	904	1188	1054	195	729	517	1083	868	1007	180	1165	693	2487	1698	288	1240	996
1137	316	992	1189	968	1444	1182	1301	1240	1061	978	968	2862	1070	2532	498	1099	1312	1219	1156	1025	1001	1164	121	1228	1621	1070	1486	911	1209	1150	781	584	1313	1323	1121	1859	2266	1209	2782	886	161	0	161	297	2684	947	215	889	1070	3028	1306	403	1034	931	1302	731	1052	1148	1694	804	914	1632	1119	1251	785	1228	1063	1598	1148	290	312	1434	1083	1034	986	1121	639	1574	107	947	1061	1303	653	618	66	1065	1070	394	1309	2272	920	1200	1583	1586	1113	1018	1264	1260	1363	940	813	1163	1187	119	719	1233	1372	2330	922	1170	1812	1171	1163	301	1113	1167	2552	33	1747	932	894	985	1253	1670	1172	1059	845	1167	1114	1029	1508	1204	1197	1428	750	1142	1216	3572	955	1256	1301	1063	11	1131	850	2120	1213	895	1142	1145	1219	1025	785	1167	1213	562	815	1235	1372	1070	1171	173	258	978	931	1142	167	1103	0	1004	161	1071	1007	339	2315	1208	84	1216	1317	804	1194	1512	1113	1595	1213	1876	1188	766	905	377	176	1065	1336	1213	339	885	677	1242	992	1145	148	1319	842	2645	1658	435	1096	1156
