NAME : VRPTW_INSTANCE_18.txt
COMMENT : Bangkok Supermarket
TYPE : VRPTW
DIMENSION : 201
DAYS : Wednesday
EDGE_WEIGHT_TYPE : EXPLICIT
VEHICLES : 28
EDGE_WEIGHT_FORMAT : FULL_MATRIX
CAPACITY : 1000
EDGE_WEIGHT_SECTION
0	211	994	202	481	661	394	843	400	579	347	182	996	372	385	215	246	1627	435	135	694	397	153	185	1527	39	88	910	197	153	189	347	2438	77	307	295	212	28	841	1483	978	214	1432	368	1077	288	221	1221	746	618	1016	474	1041	428	148	322	192	309	423	103	309	220	231	335	608	958	379	231	192	1036	226	422	494	258	561	201	996	2216	399	1508	982	1313	638	1192	379	701	248	362	308	264	474	1012	426	474	26	1037	264	977	491	379	404	212	189	124	477	407	84	890	165	815	401	914	693	549	428	406	153	255	205	1014	541	124	285	539	530	1506	404	1778	593	145	1959	404	899	815	133	1758	1729	529	1321	1010	201	309	412	786	309	369	252	1493	192	817	312	978	635	1115	327	797	359	206	363	1929	1102	403	904	194	378	539	1077	408	155	245	798	91	1121	1013	91	1757	153	214	1894	1758	368	1003	192	1632	996	317	1560	432	201	580	368	208	149	177	101	469	430	258	375	170	30
211	0	1006	412	289	453	183	895	191	370	147	168	887	178	559	134	410	1541	227	92	548	462	118	237	1682	184	253	995	14	249	327	146	2514	288	273	397	420	190	819	1680	952	6	1257	300	1073	86	267	1164	549	425	994	496	1043	556	62	114	161	310	214	314	310	102	85	542	547	1165	178	85	161	1040	417	212	347	402	709	338	963	2308	237	1673	1112	1318	457	1291	178	683	232	161	105	252	496	1132	215	424	233	1027	252	1106	434	178	588	420	327	260	287	490	295	1021	173	911	561	1004	826	577	556	195	270	323	5	984	364	265	75	481	356	1308	238	1717	651	267	1872	241	907	911	298	1677	1798	351	1242	975	338	469	201	657	469	570	416	1489	181	1008	111	952	559	1095	527	665	541	283	163	2023	1302	397	1094	286	528	362	1073	584	268	135	614	302	1015	1195	159	1665	270	6	1707	1663	174	887	161	1568	963	402	1516	226	338	500	311	4	203	172	228	415	224	402	552	198	190
994	1006	0	994	1215	1090	1064	1836	1087	1189	1101	856	1874	1137	806	1129	1205	834	1019	954	1516	1391	1080	815	1129	1020	1079	1888	999	841	821	1100	3404	994	733	1286	971	1012	1818	1474	178	1012	2100	1304	111	977	777	409	1389	949	166	1464	64	656	991	1001	856	703	1100	1006	703	1104	1091	1134	502	1271	1122	1091	856	57	1148	1094	1333	781	669	812	210	1395	1223	1185	609	2304	1377	528	1122	1679	781	1111	978	760	1464	560	1086	592	1010	112	760	601	588	1122	843	971	821	1118	1222	1399	1013	592	862	405	752	373	1633	444	656	1076	1147	738	1007	199	873	874	1010	548	863	2021	1221	882	418	1139	1132	1227	1890	405	882	931	848	878	574	221	812	785	1056	656	785	1192	1210	501	841	975	972	178	521	193	923	672	835	787	1112	1128	1238	610	1008	1188	731	872	111	807	839	1139	1496	1002	2003	996	929	975	1147	1011	2464	985	1133	1868	856	757	210	1310	633	1006	812	567	1312	1002	1129	856	1094	603	995	781	1282	1143	1014
202	412	994	0	682	858	596	871	603	782	550	336	1149	574	243	405	231	1704	634	329	874	459	347	294	1369	236	207	900	399	247	202	549	2409	125	424	347	25	227	935	1288	1014	416	1620	530	1090	485	314	1279	947	803	1049	562	1049	352	349	522	350	400	625	101	400	417	431	165	698	755	581	431	350	1044	162	624	680	215	439	205	1038	2115	593	1341	861	1370	833	1099	581	800	373	565	505	382	562	901	628	570	184	1057	382	857	591	581	243	25	202	238	677	450	124	769	317	738	282	839	638	567	352	608	262	310	407	1053	718	197	486	633	705	1706	599	1830	575	255	2034	598	965	738	162	1830	1656	707	1398	1054	205	214	614	919	214	217	234	1495	339	630	508	1014	735	1142	144	933	210	280	566	1829	904	477	717	301	281	716	1090	261	230	438	994	113	1269	833	268	1839	262	416	2088	1842	570	1160	350	1688	1038	380	1598	630	205	688	524	409	309	329	244	570	626	215	287	333	228
481	289	1215	682	0	310	151	889	129	140	142	447	663	110	848	286	609	1622	202	381	302	543	336	521	1969	446	489	1026	303	537	616	143	2490	557	517	537	694	455	719	1964	1128	283	969	285	1264	261	546	1295	265	380	1171	514	1242	841	346	226	436	566	115	580	566	266	251	786	719	1437	111	251	436	1240	642	121	154	690	996	627	1132	2562	114	1961	1392	1220	173	1554	111	606	495	128	251	512	514	1407	129	625	498	1215	512	1385	627	111	876	694	616	476	12	585	558	1302	456	1179	850	1267	936	819	841	139	469	602	292	1154	390	554	236	667	393	1024	106	1826	906	471	1944	112	840	1179	586	1760	2038	378	1340	1141	627	758	159	722	758	801	613	1670	458	1294	255	1128	713	1270	808	722	828	567	126	2279	1583	636	1380	459	817	390	1264	873	557	252	326	569	791	1484	447	1731	469	283	1418	1727	115	654	436	1678	1132	523	1652	214	627	657	304	293	397	452	454	613	224	690	747	376	454
661	453	1090	858	310	0	280	1200	284	180	351	541	889	352	956	530	854	1360	226	529	544	838	555	609	1999	638	705	1335	465	645	725	352	2797	737	535	810	862	644	1019	2081	967	451	1009	588	1115	373	616	1080	320	141	1008	821	1102	899	514	339	526	589	268	765	589	497	474	995	595	1598	332	474	526	1102	868	265	460	787	1058	732	962	2480	414	2008	1402	1513	376	1512	332	913	547	342	353	554	821	1402	257	556	685	1063	554	1394	547	332	995	862	725	706	323	876	746	1320	558	1160	941	1232	1229	776	899	273	710	665	459	985	226	682	378	569	239	959	406	1581	878	709	1672	414	1145	1160	720	1497	1937	225	1097	967	732	860	257	490	860	1024	859	1494	545	1408	350	967	570	1101	955	484	947	649	342	2205	1714	616	1489	713	900	227	1115	981	667	503	435	752	1008	1575	591	1459	710	450	1393	1453	353	871	526	1436	962	804	1432	229	732	529	607	455	636	548	676	544	232	787	997	622	643
394	183	1064	596	151	280	0	965	22	190	76	316	811	94	731	250	573	1500	73	271	452	569	275	390	1835	365	427	1086	197	415	496	76	2581	471	370	532	603	373	830	1857	981	179	1106	338	1115	124	411	1157	382	290	1023	570	1092	708	246	84	303	421	38	498	421	217	193	722	570	1348	72	193	303	1090	590	34	279	567	866	506	985	2412	184	1831	1252	1335	320	1407	72	706	354	73	108	369	570	1264	33	473	416	1066	369	1245	476	72	764	603	496	426	157	606	477	1163	328	1033	728	1119	956	669	708	14	429	466	188	1008	267	440	111	516	266	1134	178	1696	757	428	1826	186	940	1033	476	1638	1887	255	1212	995	506	638	24	598	638	747	579	1523	325	1183	111	981	566	1123	708	601	716	436	73	2129	1481	486	1268	433	691	267	1115	756	435	225	464	485	940	1366	337	1615	429	179	1543	1611	93	804	303	1548	985	528	1515	82	506	510	356	186	356	322	397	461	89	567	716	342	372
843	895	1836	871	889	1200	965	0	948	1024	890	1002	705	871	1109	761	642	2437	1038	910	755	447	788	1027	2148	821	756	170	895	996	1016	890	1620	843	1134	549	896	827	302	1891	1819	892	1333	626	1921	965	1064	2052	1021	1253	1859	400	1884	1222	881	968	1006	1147	955	834	1147	796	817	787	1432	1320	894	817	1006	1880	709	960	743	1066	1304	1026	1836	2971	791	2096	1713	511	881	1966	894	315	1077	891	977	1096	400	1760	971	1301	826	1880	1096	1710	1315	894	1095	896	1016	719	876	436	824	1624	991	1609	1152	1710	363	1392	1222	963	690	1098	892	1855	1228	961	935	1363	1225	1575	799	2608	1426	698	2768	791	190	1609	954	2573	2526	1215	2137	1849	1026	1083	988	1548	1083	741	637	2336	1015	1368	985	1819	1450	1958	991	1554	1074	1050	891	2687	1531	1243	1443	651	1152	1227	1921	1122	997	768	966	837	753	1575	917	2560	690	892	1810	2558	872	739	1006	2460	1836	526	2398	1046	1026	1391	608	898	720	1000	744	1294	1053	1066	616	712	826
400	191	1087	603	129	284	22	948	0	179	66	332	788	77	745	245	572	1521	91	281	429	559	275	406	1852	370	429	1072	205	429	509	67	2563	478	391	526	611	378	810	1869	1004	187	1087	323	1138	140	428	1180	366	304	1046	555	1114	725	254	102	320	441	22	504	441	214	191	726	593	1357	54	191	320	1112	591	21	257	582	882	520	1008	2433	163	1848	1270	1315	299	1427	54	687	372	59	126	388	555	1284	27	496	421	1089	388	1264	498	54	776	611	509	426	135	596	483	1182	343	1053	742	1140	947	690	725	15	427	484	196	1031	287	453	123	539	286	1120	157	1718	778	427	1846	165	921	1053	487	1659	1909	274	1233	1018	520	652	40	619	652	749	577	1546	341	1196	130	1004	589	1146	718	621	728	452	59	2150	1492	507	1281	429	706	286	1138	770	449	218	444	491	917	1380	348	1635	427	187	1526	1631	76	781	320	1569	1008	520	1537	101	520	533	341	195	353	338	398	484	109	582	714	338	377
579	370	1189	782	140	180	190	1024	179	0	233	504	726	217	921	406	734	1528	187	460	371	683	446	578	2016	547	602	1164	384	604	685	234	2617	656	542	671	790	555	838	2047	1085	366	934	425	1227	313	596	1226	206	281	1127	654	1209	893	433	273	491	596	156	682	596	379	359	900	687	1536	204	359	491	1208	761	158	281	756	1051	695	1084	2561	253	2015	1428	1333	205	1568	204	733	535	219	296	548	654	1437	156	615	599	1176	548	1421	612	204	954	790	685	594	152	724	661	1341	517	1201	916	1282	1076	826	893	176	591	651	375	1107	323	630	301	645	331	945	245	1743	921	592	1845	251	965	1201	666	1666	2028	315	1256	1091	695	828	178	640	828	920	739	1622	512	1374	297	1085	672	1223	897	637	906	623	219	2281	1671	648	1458	586	879	324	1227	946	625	374	306	669	849	1555	527	1632	591	366	1359	1626	220	711	491	1596	1084	660	1582	198	695	622	445	374	518	510	569	602	208	756	875	499	554
347	147	1101	550	142	351	76	890	66	233	0	305	774	36	706	179	507	1567	149	239	421	493	213	378	1826	315	369	1010	161	395	473	0	2507	424	385	459	560	323	765	1825	1028	141	1111	264	1158	126	404	1215	402	367	1070	494	1132	699	206	100	295	431	84	449	431	149	127	666	616	1306	31	127	295	1130	529	86	231	548	853	484	1034	2432	123	1819	1251	1270	313	1419	31	638	357	14	122	375	494	1268	94	509	366	1110	375	1245	514	31	735	560	473	363	142	530	428	1161	314	1042	708	1132	881	690	699	79	363	461	150	1056	339	412	97	557	337	1162	120	1758	773	363	1894	127	871	1042	445	1704	1913	326	1276	1045	484	616	100	666	616	688	512	1570	317	1154	129	1028	617	1171	671	670	688	424	16	2147	1446	507	1240	363	674	338	1158	731	414	151	468	437	903	1342	306	1683	363	141	1560	1680	32	769	295	1610	1034	453	1572	156	484	559	281	151	289	310	336	498	162	548	649	272	322
182	168	856	336	447	541	316	1002	332	504	305	0	1054	341	419	274	428	1449	328	98	717	555	224	74	1522	188	266	1081	156	104	184	304	2609	235	132	464	333	186	962	1547	819	174	1416	450	930	192	99	1051	698	470	859	614	897	394	137	231	14	152	353	262	152	253	245	493	433	1057	336	245	14	893	405	350	516	252	550	193	834	2141	405	1516	946	1451	619	1122	336	822	76	320	208	96	614	964	349	299	207	886	96	940	315	336	455	333	184	295	448	573	251	856	18	743	412	835	875	417	394	330	319	155	166	854	382	143	211	363	369	1450	406	1608	485	313	1782	410	1037	743	182	1582	1633	371	1145	848	193	324	326	604	324	536	434	1348	14	872	207	819	456	960	415	616	407	120	321	1855	1175	246	956	354	375	380	930	444	125	288	773	250	1182	1050	91	1579	319	174	1859	1579	336	1054	14	1461	834	480	1395	321	193	400	457	163	282	7	265	294	314	252	556	292	186
996	887	1874	1149	663	889	811	705	788	726	774	1054	0	737	1376	792	959	2249	864	962	361	742	854	1117	2517	958	948	874	897	1115	1179	774	2047	1049	1155	832	1171	968	403	2396	1791	880	627	628	1927	899	1151	1950	583	1008	1834	632	1903	1421	921	873	1048	1196	777	1060	1196	804	808	1169	1381	1826	752	808	1048	1901	1026	783	543	1252	1558	1191	1794	3195	655	2491	1978	726	520	2175	752	446	1119	763	896	1138	632	2005	792	1282	998	1877	1138	1973	1286	752	1388	1171	1179	913	654	776	1039	1886	1055	1794	1398	1889	991	1461	1421	800	887	1205	887	1817	1043	1110	868	1327	1048	888	656	2468	1538	894	2560	650	533	1794	1129	2387	2684	1033	1982	1804	1191	1306	822	1366	1306	1151	959	2333	1067	1772	902	1791	1376	1933	1293	1363	1348	1160	762	2909	2013	1278	1857	848	1375	1043	1927	1399	1129	770	474	1054	129	1979	1013	2348	887	881	1106	2341	741	36	1048	2322	1794	799	2307	877	1191	1320	629	892	852	1056	914	1270	887	1252	1039	828	966
372	178	1137	574	110	352	94	871	77	217	36	341	737	0	737	188	517	1594	167	270	384	486	231	413	1861	338	386	995	192	428	506	37	2487	448	422	460	585	347	737	1854	1062	173	1078	246	1193	163	440	1247	374	381	1104	479	1168	734	236	136	331	468	86	472	468	162	144	684	650	1330	22	144	331	1165	544	90	196	580	887	517	1068	2468	91	1852	1287	1242	279	1456	22	612	394	26	159	412	479	1304	100	545	390	1145	412	1280	549	22	765	585	506	377	109	524	451	1197	348	1079	740	1168	876	727	734	92	374	496	182	1090	362	444	134	593	361	1134	86	1788	810	375	1920	94	846	1079	475	1732	1950	349	1304	1079	517	648	116	692	648	703	522	1604	352	1184	165	1062	651	1205	698	695	718	459	25	2184	1473	544	1270	370	707	361	1193	762	447	157	435	461	866	1373	336	1709	374	173	1529	1706	4	733	331	1640	1068	452	1603	176	517	593	264	183	300	345	352	534	184	580	658	282	345
385	559	806	243	848	956	731	1109	745	921	706	419	1376	737	0	599	474	1573	748	467	1079	703	537	348	1142	424	428	1126	545	317	236	705	2614	326	437	591	218	413	1179	1127	859	565	1812	749	910	608	340	1137	1109	869	888	805	866	154	501	648	433	390	767	317	390	600	607	339	626	657	738	607	433	860	402	765	878	168	196	226	888	1872	779	1123	617	1612	1013	857	738	1042	411	721	626	407	805	657	765	524	379	884	407	614	545	738	47	218	236	466	846	693	337	525	405	504	54	604	848	428	154	745	493	297	556	899	772	293	622	573	758	1866	783	1673	397	486	1896	784	1209	504	262	1692	1417	764	1272	904	226	96	743	886	96	396	477	1298	413	453	626	859	671	973	122	903	34	306	722	1585	757	421	537	535	86	770	910	24	296	629	1172	323	1499	636	400	1713	493	565	2266	1718	733	1385	433	1537	888	623	1431	740	226	640	747	555	524	413	462	529	733	168	504	548	415
215	134	1129	405	286	530	250	761	245	406	179	274	792	188	599	0	328	1676	316	176	480	333	62	329	1740	176	204	864	136	323	387	179	2380	283	396	283	420	186	690	1693	1082	131	1218	176	1199	207	364	1298	548	531	1124	362	1168	628	137	218	272	426	263	303	426	36	60	500	680	1156	203	60	272	1165	356	265	279	461	770	399	1095	2405	188	1723	1187	1186	428	1383	203	552	347	190	221	368	362	1212	273	554	225	1154	368	1181	565	203	619	420	387	190	279	365	281	1095	271	1003	613	1099	710	692	628	256	185	415	131	1115	483	319	180	614	477	1303	194	1851	756	186	2007	193	774	1003	341	1812	1904	470	1377	1107	399	520	274	789	520	516	333	1617	288	1031	229	1082	693	1225	539	796	575	369	190	2119	1309	518	1117	183	586	482	1199	623	336	33	589	293	919	1228	220	1799	185	131	1683	1797	185	797	272	1703	1095	281	1649	319	399	634	183	138	112	275	168	546	322	461	470	93	184
246	410	1205	231	609	854	573	642	572	734	507	428	959	517	474	328	0	1870	632	366	728	234	299	425	1578	245	165	683	401	384	384	506	2205	215	552	127	256	245	711	1441	1207	411	1478	378	1295	496	458	1459	861	836	1244	343	1256	580	360	522	438	549	591	199	549	358	380	210	851	878	532	380	438	1251	72	592	556	426	670	392	1227	2345	500	1543	1089	1139	728	1331	532	579	494	518	516	509	343	1131	599	717	221	1258	509	1086	736	532	468	256	384	150	600	220	195	998	412	968	513	1069	448	765	580	582	144	479	405	1244	770	340	482	782	761	1602	507	2015	789	145	2202	504	735	968	324	2001	1887	757	1564	1242	392	441	596	1031	441	203	5	1706	438	816	521	1207	880	1340	363	1042	440	435	519	2059	1056	640	900	150	510	768	1295	490	379	360	883	204	1072	1025	337	2002	144	411	1957	2003	514	974	438	1870	1227	162	1791	633	392	826	366	410	218	423	182	714	633	426	142	235	245
1627	1541	834	1704	1622	1360	1500	2437	1521	1528	1567	1449	2249	1594	1573	1676	1870	0	1430	1534	1899	1998	1650	1445	1864	1638	1714	2529	1541	1486	1504	1567	4055	1658	1320	1913	1686	1635	2331	2286	721	1545	2243	1825	725	1474	1412	439	1673	1247	699	2038	770	1420	1558	1477	1442	1321	1522	1679	1321	1642	1621	1864	1018	2102	1573	1621	1442	777	1832	1516	1773	1493	1476	1499	689	1734	1684	1940	1429	2836	1733	1268	1573	2205	1379	1570	1465	1362	2038	1372	1506	1153	1650	726	1362	1421	1135	1573	1618	1686	1504	1745	1633	2020	1678	1423	1464	1240	1521	1201	2319	1148	1420	1506	1769	1399	1545	681	1234	1533	1506	1088	1234	2045	1679	260	1180	1763	332	1686	2437	1240	1556	138	1239	1247	306	673	1499	1524	1481	901	1524	1919	1876	618	1438	1808	1457	721	993	640	1675	900	1597	1438	1570	1555	2072	1233	1842	1802	1489	1235	725	1581	1494	1671	1787	1670	2368	1827	1540	142	1769	1544	2469	150	1592	2231	1442	177	689	1928	328	1420	1499	1050	1840	1538	1724	1453	1714	1157	1411	1493	1980	1729	1636
435	227	1019	634	202	226	73	1038	91	187	149	328	864	167	748	316	632	1430	0	304	502	641	333	400	1830	411	479	1159	239	431	512	149	2654	511	355	599	638	417	901	1875	927	225	1121	412	1065	148	414	1094	392	217	969	644	1043	709	287	113	314	408	91	539	408	281	256	769	519	1379	145	256	314	1041	643	85	344	580	868	521	930	2380	255	1831	1241	1406	357	1383	145	778	350	146	128	363	644	1249	75	434	459	1015	363	1233	434	145	783	638	512	483	211	676	520	1154	343	1014	738	1096	1025	640	709	76	488	468	232	952	196	464	152	470	196	1127	249	1629	734	487	1755	257	1013	1014	501	1568	1850	183	1144	939	521	653	51	528	653	798	637	1469	334	1201	126	927	511	1068	736	530	735	444	147	2099	1503	461	1284	496	700	195	1065	772	453	293	486	526	992	1377	368	1544	488	224	1545	1540	166	855	314	1481	930	596	1451	12	521	457	430	229	416	335	452	422	23	580	775	404	416
135	92	954	329	381	529	271	910	281	460	239	98	962	270	467	176	366	1534	304	0	632	465	126	155	1593	121	200	995	78	159	235	238	2521	208	226	381	334	123	863	1588	915	98	1348	352	1028	156	189	1142	642	483	956	518	995	469	40	193	98	250	304	236	250	158	153	469	522	1078	271	153	98	992	357	302	429	310	619	246	929	2233	322	1582	1026	1354	548	1212	271	724	173	254	176	194	518	1048	304	391	160	984	194	1020	405	271	496	334	235	220	379	486	219	935	95	832	469	927	802	516	469	284	240	242	88	949	408	173	159	453	398	1400	324	1698	580	234	1866	327	940	832	206	1667	1729	396	1231	942	246	377	287	670	377	504	371	1446	112	916	179	915	542	1056	436	680	448	198	255	1947	1210	344	1001	268	437	406	1028	492	177	192	706	223	1090	1103	67	1661	240	97	1799	1660	266	964	98	1550	929	394	1489	300	246	484	359	88	191	99	188	384	297	310	502	197	123
694	548	1516	874	302	544	452	755	429	371	421	717	361	384	1079	480	728	1899	502	632	0	565	542	785	2219	655	667	916	560	791	862	422	2287	759	806	616	892	666	509	2158	1430	542	750	351	1566	548	816	1590	277	652	1472	481	1543	1101	592	519	709	852	417	776	852	481	479	934	1021	1604	396	479	709	1542	784	423	203	938	1247	874	1433	2853	311	2203	1659	980	168	1838	396	440	776	410	543	794	481	1680	431	925	702	1517	794	1653	928	396	1098	892	862	639	294	608	754	1567	721	1460	1092	1551	918	1112	1101	440	619	872	550	1455	682	795	518	968	687	891	310	2113	1194	624	2215	307	649	1460	820	2038	2335	672	1627	1442	874	999	461	1009	999	932	730	1972	730	1505	548	1430	1014	1571	1015	1006	1054	830	408	2568	1773	928	1592	589	1064	682	1566	1103	808	451	211	767	489	1706	691	2002	619	542	1229	1996	389	352	709	1966	1433	589	1947	515	874	959	362	553	565	721	630	913	526	938	842	540	664
397	462	1391	459	543	838	569	447	559	683	493	555	742	486	703	333	234	1998	641	465	565	0	348	579	1812	373	311	533	460	550	575	493	2057	405	687	112	484	379	477	1655	1371	460	1297	260	1474	540	617	1606	758	858	1411	111	1438	796	439	551	560	699	572	401	699	370	394	435	987	1083	507	394	560	1434	307	575	438	632	898	586	1388	2575	429	1776	1320	921	613	1556	507	344	630	499	555	649	111	1360	585	854	381	1433	649	1317	869	507	700	484	575	273	532	43	388	1229	543	1188	739	1288	392	946	796	572	244	652	458	1407	816	517	514	918	810	1457	438	2162	986	251	2330	431	510	1188	514	2132	2107	803	1695	1402	586	660	594	1120	660	411	233	1890	568	1046	562	1371	1007	1510	597	1128	670	604	499	2288	1273	795	1129	203	731	815	1474	721	552	349	751	401	849	1256	469	2124	244	460	1783	2123	485	761	560	2015	1388	82	1950	646	586	949	241	464	274	552	297	848	650	632	296	269	378
153	118	1080	347	336	555	275	788	275	446	213	224	854	231	537	62	299	1650	333	126	542	348	0	272	1677	114	155	881	113	263	325	213	2404	224	352	278	361	124	737	1634	1041	117	1278	232	1154	203	309	1264	600	540	1082	393	1121	567	93	225	225	376	296	245	376	69	86	453	644	1101	242	86	225	1118	316	296	341	399	707	337	1055	2346	247	1660	1125	1228	486	1323	242	598	299	226	221	320	393	1151	303	515	165	1110	320	1119	528	242	557	361	325	151	330	374	223	1032	218	944	550	1040	708	640	567	284	155	358	113	1074	482	256	184	576	474	1358	252	1819	701	154	1982	251	814	944	278	1785	1848	469	1349	1067	337	457	297	773	457	474	304	1572	238	970	227	1041	661	1182	479	781	512	311	227	2059	1252	470	1057	168	524	480	1154	561	275	92	647	234	980	1167	161	1775	155	117	1742	1774	227	859	225	1672	1055	284	1613	334	337	603	237	119	85	224	122	507	334	399	442	80	123
185	237	815	294	521	609	390	1027	406	578	378	74	1117	413	348	329	425	1445	400	155	785	579	272	0	1448	206	274	1096	225	47	116	377	2624	215	132	480	286	200	1006	1475	792	243	1490	504	895	266	37	1036	772	529	831	649	859	320	196	305	87	123	428	238	123	313	309	458	426	992	409	309	87	855	390	424	583	180	476	123	810	2077	474	1442	874	1489	692	1057	409	867	79	393	282	88	649	894	424	292	206	853	88	868	311	409	386	286	116	309	521	592	234	784	64	677	338	771	874	371	320	404	337	87	235	828	437	97	285	357	423	1524	475	1593	428	329	1777	479	1075	677	132	1575	1575	428	1139	824	123	252	400	626	252	505	431	1312	65	801	281	792	456	930	353	640	338	46	394	1791	1105	217	884	376	300	435	895	373	65	348	846	229	1245	977	114	1577	337	243	1933	1578	408	1119	87	1447	810	501	1374	392	123	404	509	232	314	68	282	290	385	180	541	329	201
1527	1682	1129	1369	1969	1999	1835	2148	1852	2016	1826	1522	2517	1861	1142	1740	1578	1864	1830	1593	2219	1812	1677	1448	0	1566	1569	2106	1669	1433	1358	1826	3399	1468	1475	1705	1347	1555	2285	579	1307	1689	2938	1891	1207	1712	1424	1508	2217	1876	1295	1921	1175	1127	1631	1750	1533	1421	1873	1456	1421	1738	1742	1382	1454	900	1857	1742	1533	1169	1506	1869	2017	1283	973	1346	1340	972	1913	107	599	2657	2140	608	1857	2157	1481	1841	1726	1467	1921	611	1867	1448	1522	1235	1467	607	1461	1857	1129	1347	1358	1604	1969	1792	1478	678	1512	853	1127	806	1809	1230	1127	1849	1630	1368	1680	1329	1777	1424	1733	1452	1764	2954	1916	1793	1126	1623	2082	1918	2287	853	1399	1915	842	1776	1671	1351	1346	1220	1841	1704	1220	1419	1579	1278	1511	779	1723	1307	1497	1291	1225	1723	1170	1402	1842	752	695	1382	706	1670	1156	1776	1207	1119	1415	1768	2295	1463	2638	573	1530	1991	1630	1688	3375	2005	1856	2527	1533	1726	1340	1739	1561	1819	1346	1510	1888	1678	1667	1516	1604	1460	1810	1283	1546	1690	1557
39	184	1020	236	446	638	365	821	370	547	315	188	958	338	424	176	245	1638	411	121	655	373	114	206	1566	0	80	894	172	180	225	314	2422	110	318	276	248	10	809	1520	998	187	1393	330	1101	266	243	1237	711	601	1037	445	1066	466	124	298	197	327	392	134	327	182	195	357	621	991	345	195	197	1061	237	392	455	295	600	237	1015	2252	361	1547	1020	1285	600	1229	345	668	260	329	286	278	445	1050	396	487	51	1060	278	1015	503	345	443	248	225	107	442	387	113	928	174	851	440	949	687	575	466	377	132	282	179	1034	529	158	260	551	519	1470	366	1794	623	125	1971	366	870	851	171	1771	1763	517	1333	1029	237	348	385	787	348	387	251	1518	200	855	290	998	645	1137	365	797	399	233	330	1965	1138	422	942	170	417	527	1101	448	186	207	761	122	1082	1052	98	1768	132	187	1856	1768	334	964	197	1648	1015	295	1578	409	237	589	330	182	114	185	77	481	407	295	381	133	8
88	253	1079	207	489	705	427	756	429	602	369	266	948	386	428	204	165	1714	479	200	667	311	155	274	1569	80	0	822	242	240	265	368	2349	103	394	207	225	81	767	1493	1066	255	1414	324	1164	337	310	1310	752	676	1105	395	1127	495	198	367	275	397	450	112	397	224	242	297	696	952	397	242	275	1123	163	451	474	326	616	276	1084	2283	393	1545	1040	1231	632	1260	397	627	335	382	358	352	395	1073	456	562	69	1124	352	1035	579	397	439	225	265	40	483	320	91	947	251	886	454	985	608	635	495	437	70	341	247	1102	606	205	327	626	597	1508	399	1867	674	62	2047	397	818	886	204	1846	1803	594	1409	1098	276	366	449	867	366	320	171	1580	277	838	362	1066	722	1203	348	877	399	293	383	1996	1109	491	924	114	437	605	1164	450	240	238	792	105	1070	1040	174	1845	70	255	1884	1845	383	958	275	1721	1084	230	1648	478	276	667	320	252	102	262	37	557	477	326	302	126	80
910	995	1888	900	1026	1335	1086	170	1072	1164	1010	1081	874	995	1126	864	683	2529	1159	995	916	533	881	1096	2106	894	822	0	993	1060	1067	1010	1527	896	1213	617	925	898	471	1809	1887	992	1502	750	1979	1071	1132	2131	1177	1376	1925	516	1940	1253	971	1079	1087	1219	1081	883	1219	900	923	790	1514	1248	1017	923	1087	1935	741	1085	886	1108	1316	1076	1906	2962	921	2047	1709	569	1034	1973	1017	479	1154	1013	1085	1172	516	1761	1096	1381	890	1941	1172	1708	1397	1017	1105	925	1067	787	1013	509	877	1624	1068	1630	1174	1730	297	1449	1253	1086	762	1159	991	1924	1343	1020	1043	1445	1338	1745	929	2688	1472	769	2862	922	349	1630	1007	2663	2538	1330	2226	1920	1076	1114	1110	1653	1114	737	678	2390	1094	1332	1092	1887	1537	2023	1004	1660	1092	1113	1013	2681	1463	1314	1401	727	1179	1342	1979	1136	1058	876	1128	887	918	1533	992	2656	762	993	1978	2655	995	908	1087	2542	1906	601	2470	1166	1076	1479	731	997	804	1078	817	1375	1171	1108	622	801	897
197	14	999	399	303	465	197	895	205	384	161	156	897	192	545	136	401	1541	239	78	560	460	113	225	1669	172	242	993	0	235	313	160	2514	274	266	392	406	178	824	1665	948	19	1270	305	1067	95	255	1162	563	434	989	497	1036	543	49	126	150	301	228	301	301	106	92	530	544	1151	193	92	150	1033	406	226	359	388	695	324	959	2297	249	1659	1099	1321	471	1279	193	687	223	176	115	242	497	1119	229	419	220	1021	242	1093	430	193	574	406	313	251	301	487	281	1008	160	900	547	992	820	568	543	209	262	311	10	980	371	251	88	477	362	1322	250	1715	640	259	1873	253	910	900	284	1677	1788	358	1241	971	324	455	215	660	455	559	407	1484	170	994	120	948	557	1090	512	668	527	270	177	2012	1287	389	1079	280	514	369	1067	570	254	140	628	288	1026	1181	145	1665	262	19	1721	1664	188	897	150	1567	959	398	1513	237	324	498	316	10	197	160	219	410	235	388	542	194	177
153	249	841	247	537	645	415	996	429	604	395	104	1115	428	317	323	384	1486	431	159	791	550	263	47	1433	180	240	1060	235	0	81	394	2587	171	179	447	240	172	988	1444	826	255	1506	495	924	291	74	1074	794	571	865	625	888	309	198	331	118	165	451	193	165	312	311	410	469	953	426	311	118	883	346	448	588	153	459	90	845	2083	481	1424	867	1465	707	1060	426	847	126	409	309	135	625	891	448	336	170	884	135	862	355	426	352	240	81	277	537	560	191	776	88	681	313	777	832	396	309	428	306	102	246	863	480	50	306	400	467	1549	484	1631	444	298	1818	486	1051	681	85	1616	1587	470	1180	860	90	223	426	674	223	458	390	1340	101	770	308	826	501	963	312	687	303	53	411	1796	1071	255	854	347	279	478	924	342	21	345	863	184	1242	951	102	1619	306	255	1954	1620	423	1119	118	1486	845	470	1410	424	90	450	498	244	292	97	253	334	418	153	497	309	173
189	327	821	202	616	725	496	1016	509	685	473	184	1179	506	236	387	384	1504	512	235	862	575	325	116	1358	225	265	1067	313	81	0	473	2589	172	232	467	188	215	1030	1363	824	333	1583	553	911	372	121	1083	874	646	861	660	872	242	272	412	198	201	531	184	201	381	383	367	496	876	505	383	198	867	333	529	659	75	385	12	846	2027	555	1346	799	1496	784	1004	505	890	190	488	390	193	660	826	529	368	197	874	193	794	389	505	271	188	0	305	615	580	191	707	169	626	234	724	824	381	242	509	335	107	323	862	552	68	386	430	539	1630	558	1637	410	327	1834	560	1083	626	61	1631	1540	544	1198	861	12	143	507	721	143	419	389	1323	179	689	390	824	533	957	238	736	223	84	489	1740	991	274	773	378	202	551	911	261	60	413	942	180	1305	870	172	1639	335	333	2034	1641	501	1184	198	1494	846	493	1409	505	12	487	555	322	338	177	287	369	498	75	478	358	217
347	146	1100	549	143	352	76	890	67	234	0	304	774	37	705	179	506	1567	149	238	422	493	213	377	1826	314	368	1010	160	394	473	0	2508	424	384	458	559	322	765	1825	1027	140	1112	264	1157	125	403	1215	403	367	1069	494	1131	698	205	100	294	430	84	449	430	148	126	666	615	1305	32	126	294	1129	528	86	232	547	852	483	1034	2431	124	1818	1250	1270	314	1419	32	638	356	15	122	374	494	1267	94	508	366	1109	374	1244	513	32	734	559	473	362	143	529	427	1160	313	1041	707	1131	880	689	698	79	362	460	149	1056	339	412	96	557	336	1163	121	1758	772	362	1894	127	871	1041	444	1704	1912	326	1275	1044	483	615	100	666	615	687	511	1569	316	1154	128	1027	617	1170	670	670	687	423	17	2146	1445	506	1239	362	673	338	1157	730	413	151	469	436	903	1342	305	1683	362	140	1561	1680	33	770	294	1610	1034	453	1571	156	483	559	281	150	288	309	335	497	162	547	649	272	321
2438	2514	3404	2409	2490	2797	2581	1620	2563	2617	2507	2609	2047	2487	2614	2380	2205	4055	2654	2521	2287	2057	2404	2624	3399	2422	2349	1527	2514	2587	2589	2508	0	2420	2740	2145	2432	2426	1782	2940	3412	2511	2544	2243	3499	2585	2659	3659	2564	2865	3450	2020	3458	2754	2496	2588	2615	2747	2568	2405	2747	2415	2437	2275	3042	2501	2509	2437	2615	3453	2257	2574	2338	2623	2790	2597	3432	4340	2402	3315	3138	1322	2443	3417	2509	1884	2682	2508	2597	2700	2020	3199	2584	2909	2417	3463	2700	3139	2924	2509	2585	2432	2589	2315	2478	2036	2400	3064	2596	3110	2666	3206	1771	2970	2754	2579	2290	2684	2511	3450	2847	2545	2555	2973	2844	2869	2409	4216	2985	2297	4386	2401	1652	3110	2530	4189	3983	2834	3752	3447	2597	2620	2603	3168	2620	2218	2200	3904	2621	2696	2605	3412	3063	3546	2492	3174	2581	2639	2507	4074	2703	2841	2741	2255	2679	2846	3499	2619	2583	2388	2478	2410	1991	2862	2520	4179	2290	2511	2894	4178	2488	2081	2615	4070	3432	2128	3997	2663	2597	3006	2227	2517	2330	2606	2345	2903	2670	2623	2122	2325	2425
77	288	994	125	557	737	471	843	478	656	424	235	1049	448	326	283	215	1658	511	208	759	405	224	215	1468	110	103	896	274	171	172	424	2420	0	346	295	137	101	868	1410	992	292	1501	423	1082	363	245	1244	822	689	1029	496	1044	393	225	399	248	336	500	27	336	293	306	262	640	881	455	306	248	1039	175	499	561	226	512	182	1012	2180	471	1446	936	1327	711	1158	455	729	289	439	384	302	496	970	503	507	59	1044	302	932	526	455	340	137	172	142	552	408	20	844	217	785	350	885	661	552	393	483	172	263	283	1029	609	125	362	572	597	1581	476	1800	582	164	1990	476	915	785	111	1788	1703	597	1352	1027	182	262	490	837	262	301	220	1495	241	747	387	992	672	1126	256	849	298	220	440	1893	1027	425	833	215	334	607	1082	349	164	315	871	15	1172	946	153	1791	172	292	1966	1792	444	1058	248	1655	1012	323	1576	508	182	620	420	285	198	229	136	505	505	226	326	222	103
307	273	733	424	517	535	370	1134	391	542	385	132	1155	422	437	396	552	1320	355	226	806	687	352	132	1475	318	394	1213	266	179	232	384	2740	346	0	595	415	315	1087	1550	689	279	1474	570	803	258	111	919	746	434	729	745	771	364	260	291	128	54	409	370	54	371	358	589	302	1093	411	358	128	768	521	404	612	273	523	235	703	2046	500	1478	885	1580	690	1037	411	949	58	397	266	43	745	895	400	168	331	758	43	878	184	411	480	415	232	425	521	704	365	799	144	662	413	749	1000	306	364	384	450	139	274	723	335	229	288	232	321	1479	499	1476	388	444	1652	504	1166	662	262	1452	1529	329	1015	716	235	343	371	494	343	637	558	1220	119	879	261	689	328	830	468	508	435	147	398	1762	1190	124	959	486	371	333	803	460	194	405	834	360	1284	1040	220	1450	450	279	1900	1451	417	1152	128	1329	703	612	1264	344	235	274	579	268	414	134	395	163	335	273	672	423	315
295	397	1286	347	537	810	532	549	526	671	459	464	832	460	591	283	127	1913	599	381	616	112	278	480	1705	276	207	617	392	447	467	458	2145	295	595	0	372	281	588	1565	1273	396	1362	276	1371	480	517	1514	775	813	1312	216	1334	684	362	498	470	603	542	289	603	318	343	336	897	999	478	343	470	1330	199	545	459	521	786	477	1291	2462	423	1671	1208	1032	635	1443	478	454	537	468	498	555	216	1248	553	763	276	1332	555	1205	779	478	589	372	467	170	527	113	277	1116	451	1075	627	1176	429	842	684	538	144	548	392	1309	760	411	459	827	753	1501	431	2071	878	151	2246	426	622	1075	405	2046	1994	747	1609	1305	477	547	556	1048	547	321	127	1786	476	944	504	1273	920	1410	486	1057	558	501	468	2175	1181	697	1028	112	618	758	1371	609	447	307	785	290	944	1153	374	2041	144	396	1845	2041	458	848	470	1924	1291	34	1854	602	477	863	261	398	194	461	199	758	604	521	226	198	280
212	420	971	25	694	862	603	896	611	790	560	333	1171	585	218	420	256	1686	638	334	892	484	361	286	1347	248	225	925	406	240	188	559	2432	137	415	372	0	238	960	1273	994	424	1637	549	1068	490	304	1260	959	802	1028	587	1026	327	357	527	348	388	634	116	388	430	443	179	684	746	591	443	348	1021	187	632	696	194	414	190	1018	2090	608	1320	836	1395	848	1074	591	824	366	575	510	373	587	875	636	557	196	1035	373	832	578	591	219	0	188	258	690	475	139	744	315	713	257	813	661	547	327	615	283	295	415	1033	715	191	493	619	703	1718	613	1810	552	277	2015	613	991	713	154	1811	1630	705	1380	1033	190	189	620	908	189	233	260	1472	335	612	512	994	721	1121	123	923	185	269	576	1804	890	462	699	323	255	714	1068	236	222	452	1008	126	1291	814	270	1822	283	424	2103	1825	581	1181	348	1669	1018	405	1577	634	190	675	544	417	327	326	262	558	629	194	310	352	240
28	190	1012	227	455	644	373	827	378	555	323	186	968	347	413	186	245	1635	417	123	666	379	124	200	1555	10	81	898	178	172	215	322	2426	101	315	281	238	0	817	1510	992	194	1403	340	1094	271	237	1232	720	605	1031	453	1059	455	129	304	194	321	400	126	321	192	204	351	617	983	354	204	194	1054	234	400	465	285	589	227	1010	2242	371	1537	1010	1293	610	1219	354	677	256	338	291	274	453	1039	404	483	43	1053	274	1005	499	354	433	238	215	110	451	392	105	918	171	841	430	939	689	568	455	384	137	274	185	1028	531	148	266	547	521	1480	376	1789	615	130	1967	376	878	841	161	1767	1754	519	1330	1023	227	338	392	786	338	382	251	1511	197	845	295	992	642	1131	355	797	388	225	339	1955	1128	416	932	176	406	530	1094	437	177	217	771	113	1093	1042	94	1765	137	194	1866	1765	343	975	194	1643	1010	301	1573	415	227	586	340	188	123	181	82	478	413	285	379	143	1
841	819	1818	935	719	1019	830	302	810	838	765	962	403	737	1179	690	711	2331	901	863	509	477	737	1006	2285	809	767	471	824	988	1030	765	1782	868	1087	588	960	817	0	2093	1772	814	1031	519	1890	869	1044	1977	786	1099	1813	374	1858	1262	826	859	961	1114	810	869	1114	718	733	903	1365	1516	758	733	961	1855	784	816	564	1094	1373	1041	1783	3048	646	2245	1796	504	661	2027	758	140	1037	762	875	1057	374	1835	826	1243	832	1845	1057	1793	1253	758	1177	960	1030	727	706	494	853	1704	956	1653	1213	1753	611	1377	1262	825	697	1089	817	1804	1097	965	836	1301	1097	1278	652	2524	1432	705	2657	644	143	1653	971	2469	2570	1085	2041	1795	1041	1130	850	1429	1130	870	709	2307	976	1513	882	1772	1374	1914	1074	1432	1146	1040	761	2761	1718	1207	1594	653	1201	1097	1890	1197	995	684	712	867	458	1724	892	2445	697	814	1509	2441	739	437	961	2375	1783	555	2332	911	1041	1315	508	823	695	962	742	1234	920	1094	745	678	816
1483	1680	1474	1288	1964	2081	1857	1891	1869	2047	1825	1547	2396	1854	1127	1693	1441	2286	1875	1588	2158	1655	1634	1475	579	1520	1493	1809	1665	1444	1363	1825	2940	1410	1550	1565	1273	1510	2093	0	1632	1685	2907	1808	1573	1735	1464	1882	2228	1983	1634	1766	1532	1189	1619	1774	1561	1497	1891	1389	1497	1703	1714	1230	1639	576	1857	1714	1561	1525	1378	1889	1967	1295	1035	1354	1667	1533	1881	472	864	2378	2121	1035	1857	1982	1533	1840	1753	1526	1766	916	1890	1586	1469	1586	1526	872	1604	1857	1093	1273	1363	1519	1960	1623	1411	892	1532	1095	1139	1101	1529	1397	1189	1870	1538	1416	1675	1664	1884	1416	1746	1613	1869	2988	1886	2262	1301	1533	2545	1886	2059	1095	1381	2361	1407	1878	2048	1681	1354	1222	1870	1912	1222	1245	1440	1753	1541	674	1753	1632	1687	1661	1156	1931	1141	1432	1841	1330	385	1495	591	1570	1180	1882	1573	1102	1423	1725	2282	1400	2504	519	1521	2423	1538	1685	3376	2435	1849	2414	1561	2172	1667	1598	2015	1868	1354	1680	1799	1676	1595	1540	1531	1596	1861	1295	1360	1619	1512
978	952	178	1014	1128	967	981	1819	1004	1085	1028	819	1791	1062	859	1082	1207	721	927	915	1430	1371	1041	792	1307	998	1066	1887	948	826	824	1027	3412	992	689	1273	994	992	1772	1632	0	957	1973	1253	150	910	756	281	1278	827	42	1434	151	705	949	927	817	671	1014	1008	671	1054	1038	1167	412	1388	1045	1038	817	155	1157	1008	1258	799	755	817	35	1545	1152	1359	771	2268	1281	707	1045	1635	743	1036	907	724	1434	727	999	528	997	98	724	762	519	1045	902	994	824	1102	1137	1385	1012	742	829	543	806	531	1649	447	705	991	1129	728	954	40	762	867	943	472	754	1875	1148	817	462	1122	1038	1155	1855	543	882	834	993	769	434	50	817	819	969	504	819	1224	1212	542	806	1096	900	0	415	142	967	519	885	774	1037	1285	1376	576	1138	1168	777	761	150	865	829	1088	1388	1002	1919	1140	902	862	1129	957	2319	869	1059	1782	817	678	35	1294	584	915	817	471	1264	948	1101	821	1075	537	904	799	1300	1111	993
214	6	1012	416	283	451	179	892	187	366	141	174	880	173	565	131	411	1545	225	98	542	460	117	243	1689	187	255	992	19	255	333	140	2511	292	279	396	424	194	814	1685	957	0	1251	295	1078	85	273	1168	544	424	999	493	1048	563	67	112	167	316	209	318	316	98	80	545	552	1170	173	80	167	1045	418	208	341	407	715	344	968	2314	230	1679	1118	1313	451	1297	173	678	238	156	104	258	493	1138	211	429	236	1032	258	1112	439	173	594	424	333	261	282	488	298	1027	179	917	567	1010	825	583	563	191	270	329	9	989	364	271	72	486	357	1303	232	1721	657	267	1876	235	903	917	304	1681	1804	351	1246	980	344	475	198	660	475	573	417	1495	187	1013	110	957	563	1100	531	667	546	289	157	2029	1307	403	1099	286	534	363	1078	590	274	130	608	305	1009	1201	164	1668	270	0	1701	1666	168	880	167	1573	968	400	1521	223	344	504	306	11	202	178	229	420	222	407	553	197	193
1432	1257	2100	1620	969	1009	1106	1333	1087	934	1111	1416	627	1078	1812	1218	1478	2243	1121	1348	750	1297	1278	1490	2938	1393	1414	1502	1270	1506	1583	1112	2544	1501	1474	1362	1637	1403	1031	2907	1973	1251	0	1102	2121	1227	1514	2052	728	1150	2013	1198	2110	1811	1311	1189	1405	1526	1067	1520	1526	1212	1204	1685	1603	2355	1080	1204	1405	2110	1535	1071	940	1658	1965	1595	1964	3487	1033	2930	2358	1272	799	2503	1080	1058	1460	1097	1214	1475	1198	2370	1074	1546	1443	2069	1475	2351	1541	1080	1835	1637	1583	1388	969	1338	1498	2269	1425	2135	1818	2217	1601	1760	1811	1092	1369	1570	1260	1987	1230	1520	1205	1570	1241	334	1029	2492	1855	1374	2513	1028	1159	2135	1549	2373	2946	1225	2032	1969	1595	1725	1102	1477	1725	1681	1480	2487	1427	2249	1217	1973	1579	2101	1757	1466	1789	1536	1096	3210	2522	1583	2335	1340	1785	1231	2121	1836	1525	1186	643	1510	606	2445	1412	2310	1369	1251	487	2299	1082	593	1405	2357	1964	1333	2386	1132	1595	1536	1112	1261	1312	1422	1376	1534	1143	1658	1586	1287	1402
368	300	1304	530	285	588	338	626	323	425	264	450	628	246	749	176	378	1825	412	352	351	260	232	504	1891	330	324	750	305	495	553	264	2243	423	570	276	549	340	519	1808	1253	295	1102	0	1373	352	540	1460	502	628	1294	233	1342	795	313	347	448	602	331	436	602	199	214	583	846	1253	268	214	448	1339	432	336	184	625	930	565	1263	2578	174	1869	1351	1019	360	1555	268	384	523	265	360	544	233	1379	346	724	370	1327	544	1346	734	268	763	549	553	292	273	302	414	1258	447	1175	769	1272	651	868	795	338	270	590	298	1284	603	485	320	781	600	1226	182	2009	932	275	2154	175	613	1175	501	1962	2080	590	1530	1275	565	678	362	927	678	582	381	1790	465	1160	368	1253	855	1395	673	932	721	543	265	2291	1422	693	1246	238	747	602	1373	772	507	165	509	428	752	1364	393	1944	270	295	1579	1941	246	635	448	1861	1263	254	1814	420	565	796	19	304	224	451	288	715	427	625	500	201	339
1077	1073	111	1090	1264	1115	1115	1921	1138	1227	1158	930	1927	1193	910	1199	1295	725	1065	1028	1566	1474	1154	895	1207	1101	1164	1979	1067	924	911	1157	3499	1082	803	1371	1068	1094	1890	1573	150	1078	2121	1373	0	1037	857	309	1423	974	114	1543	46	758	1063	1057	929	779	1149	1096	779	1173	1159	1235	545	1382	1177	1159	929	53	1241	1143	1389	875	778	903	167	1396	1281	1268	710	2382	1421	599	1177	1752	854	1167	1036	834	1543	657	1135	651	1095	52	834	702	644	1177	949	1068	911	1202	1272	1484	1102	699	937	516	856	477	1729	530	758	1126	1230	823	1074	146	905	960	1070	600	897	2025	1278	772	517	1223	1021	1285	1967	516	971	820	843	913	475	169	903	885	1105	654	885	1292	1301	417	916	1086	1029	150	555	88	1026	669	939	870	1168	1139	1346	684	1118	1271	833	905	0	912	924	1207	1532	1091	2055	1102	1008	866	1230	1078	2469	876	1190	1919	929	646	167	1394	523	1052	903	608	1382	1069	1208	931	1177	661	1041	875	1378	1220	1096
288	86	977	485	261	373	124	965	140	313	126	192	899	163	608	207	496	1474	148	156	548	540	203	266	1712	266	337	1071	95	291	372	125	2585	363	258	480	490	271	869	1735	910	85	1227	352	1037	0	287	1108	506	339	952	565	1009	585	141	39	180	306	161	391	306	171	148	622	499	1232	153	148	180	1007	501	158	356	443	742	382	918	2305	245	1708	1131	1371	434	1294	153	736	234	138	20	251	565	1146	157	386	312	989	251	1125	392	153	642	490	372	346	264	570	372	1042	204	918	604	1006	910	564	585	138	356	343	91	939	279	319	33	437	272	1258	244	1657	647	353	1804	249	965	918	356	1611	1786	266	1178	929	382	515	135	583	515	653	502	1450	201	1061	25	910	505	1053	589	589	593	312	140	2021	1360	380	1145	371	567	278	1037	633	312	197	584	378	1029	1242	220	1595	356	85	1666	1593	159	896	180	1508	918	484	1463	144	382	446	366	86	288	198	314	375	141	443	638	282	270
