NAME : VRPTW_INSTANCE_361.txt
COMMENT : Bangkok Supermarket
TYPE : VRPTW
DIMENSION : 232
DAYS : Wednesday
EDGE_WEIGHT_TYPE : EXPLICIT
VEHICLES : 32
EDGE_WEIGHT_FORMAT : FULL_MATRIX
CAPACITY : 1000
EDGE_WEIGHT_SECTION
0	736	373	202	1107	231	196	441	37	522	489	1007	428	21	362	110	1359	210	1190	709	803	150	699	206	1302	910	196	613	1138	590	1108	620	1067	1426	1257	422	1928	189	193	349	290	737	1022	365	309	454	79	189	264	39	875	584	170	805	863	203	309	705	2927	394	358	393	609	851	2073	304	253	675	122	474	425	1213	893	33	2071	307	423	2438	910	154	172	1913	367	826	2919	248	1089	985	1128	77	1164	146	402	1010	2058	348	301	281	911	220	946	244	592	290	477	1036	481	1423	261	101	367	934	182	503	877	264	190	996	1173	231	1192	190	1126	451	206	1423	34	1467	977	35	628	1171	2006	1708	587	373	368	248	411	607	1117	438	372	1055	1321	583	1190	172	2179	59	153	366	358	577	165	101	207	1411	212	832	826	378	195	193	288	320	409	121	2450	141	631	208	212	153	116	497	239	391	589	399	344	206	611	344	1627	172	363	118	368	1066	152	710	376	317	153	1708	412	124	379	838	1028	400	535	150	456	948	213	369	111	984	204	815	503	500	357	1772	982	322	1552	752	314	1317	583	88	1055	426	51	119	1350	622	192	123
736	0	837	777	1444	850	812	1036	716	580	291	1692	486	758	1099	713	643	722	883	1385	769	871	1190	532	1541	260	812	724	1865	979	1443	893	334	994	1345	805	2424	584	607	808	459	187	287	839	689	644	754	584	485	757	203	248	873	653	966	717	682	55	2305	833	1092	936	207	1586	1685	682	988	896	857	1195	1161	825	260	751	1531	686	705	3171	260	748	592	2522	840	933	2298	505	354	251	949	750	1135	845	1066	1041	2795	804	894	869	1358	822	234	855	1146	459	928	300	928	1471	979	819	1019	1491	581	301	171	485	921	259	1112	850	738	921	764	338	532	1804	745	2202	1027	754	1056	846	1319	979	203	739	830	505	781	215	1735	710	845	334	633	232	883	592	1445	742	585	839	1092	265	590	819	927	2121	757	178	933	1048	927	566	686	701	792	858	1719	629	709	817	723	888	852	937	854	933	234	667	810	532	708	810	935	592	820	770	1031	1753	784	442	838	1053	804	1471	804	625	829	110	877	1072	587	879	359	236	817	842	847	1020	814	446	940	1230	1020	1393	703	708	824	1366	696	2014	232	825	334	792	779	856	1926	957	579	768
373	837	0	575	1474	174	188	782	343	339	545	879	730	374	491	270	1478	177	1495	579	1145	321	371	455	1674	1073	188	331	1106	217	1474	261	1162	1702	1628	77	1626	504	526	31	425	917	1086	9	149	803	451	504	406	339	898	604	287	1123	1228	185	156	788	3132	25	463	108	797	887	2375	156	415	1045	367	488	556	1495	1062	342	2316	152	166	2496	1073	528	331	1686	9	1190	3124	388	1177	1052	1460	450	1522	282	296	1371	2081	34	136	132	570	166	1071	162	308	425	111	1102	114	1792	535	440	252	658	337	537	1005	406	366	1073	1527	174	1452	366	1412	678	455	1072	339	1473	1340	342	266	1470	1942	1718	638	105	7	388	87	638	898	173	9	1170	1295	615	1495	331	2196	313	425	9	463	590	345	440	496	1324	586	856	1190	291	369	348	157	136	76	386	2529	474	360	178	175	379	380	129	168	106	616	755	33	455	339	33	1584	331	17	488	273	941	522	591	2	459	234	2043	67	442	12	947	1361	310	344	442	478	1073	171	9	373	1345	180	1073	135	672	267	2072	1283	128	1567	532	142	1495	615	389	1170	91	403	385	1094	250	326	495
202	777	575	0	906	423	393	277	236	698	586	1107	352	201	417	312	1354	412	1060	829	645	300	886	280	1099	899	393	804	1186	791	907	823	1088	1313	1061	625	2090	202	173	552	400	727	1063	567	507	307	124	202	382	236	947	684	333	674	676	404	506	759	2849	596	429	586	607	879	1934	501	334	482	248	562	458	1100	878	232	1972	504	620	2409	899	51	330	2039	569	640	2841	373	1113	1027	974	125	983	320	554	826	2053	550	492	475	1099	417	955	437	770	400	677	1075	681	1228	239	155	529	1098	336	608	890	382	303	1031	997	423	1098	303	1013	446	280	1612	236	1483	792	233	825	1046	2087	1756	671	574	570	373	613	699	1252	635	574	1065	1398	677	1060	330	2216	262	247	568	429	681	317	155	204	1476	25	905	640	529	306	340	485	519	612	231	2450	173	821	405	414	262	233	697	431	585	684	244	547	280	802	547	1704	330	566	87	524	1162	56	853	578	380	347	1546	615	197	581	865	875	547	713	199	575	958	411	570	235	800	401	738	704	486	514	1637	861	522	1601	902	512	1237	677	207	1065	628	175	231	1497	825	350	80
1107	1444	1474	906	0	1307	1286	708	1142	1590	1393	1704	982	1102	1123	1218	1781	1318	1037	1525	733	1163	1735	1139	244	1404	1286	1708	1606	1683	3	1728	1641	1301	455	1529	2812	1056	1022	1453	1256	1293	1674	1465	1413	822	1028	1056	1247	1137	1647	1478	1200	872	522	1311	1412	1458	2807	1496	1155	1464	1237	1322	1645	1408	1120	548	1112	1262	1106	1155	1379	1135	1906	1411	1527	2349	1404	957	1227	2632	1466	543	2802	1246	1668	1645	848	1030	628	1197	1364	556	2134	1452	1370	1359	1942	1309	1505	1321	1607	1256	1568	1678	1571	578	973	1033	1361	1873	1230	1422	1464	1247	1136	1631	678	1307	1240	1136	1099	1143	1139	2444	1139	1730	539	1135	1705	1058	2713	2302	1444	1480	1469	1246	1518	1478	1935	1542	1471	1591	2056	1464	1037	1227	2693	1165	1128	1466	1155	1482	1212	1033	994	1907	902	1618	543	1343	1135	1231	1392	1426	1516	1093	2777	1054	1722	1296	1319	1109	1098	1587	1315	1463	1472	825	1447	1139	1704	1447	2339	1227	1466	989	1347	1738	955	1696	1476	1119	1240	1159	1519	1086	1481	1481	811	1351	1604	1039	1411	1507	1303	1468	1104	556	1294	1105	1594	1022	1341	1418	982	1429	2164	1661	1419	1141	1464	1085	1591	1533	1071	1093	2194	1723	1245	983
231	850	174	423	1307	0	42	610	212	454	566	842	641	225	333	159	1492	131	1410	535	1032	147	467	378	1513	1062	42	488	1026	375	1308	435	1184	1635	1484	245	1703	400	413	164	397	895	1121	165	210	684	302	400	372	192	948	645	112	1028	1093	134	216	808	3109	199	309	163	768	774	2293	212	245	904	195	367	401	1424	1048	197	2269	211	299	2387	1062	380	270	1712	166	1057	3101	352	1202	1085	1356	301	1395	110	215	1241	1984	164	70	52	679	29	1078	13	363	397	260	1136	264	1651	360	276	169	712	279	568	1010	372	192	1102	1405	0	1394	192	1339	626	378	1192	197	1380	1208	196	402	1388	2038	1783	666	231	172	352	245	676	914	311	169	1183	1372	651	1410	270	2260	176	333	165	309	633	278	276	322	1271	438	904	1057	197	195	294	198	210	238	214	2567	359	514	33	130	204	209	279	8	161	655	630	157	378	493	157	1670	270	172	336	181	903	367	693	177	296	78	1937	235	332	184	959	1256	221	464	270	510	1080	33	167	203	1215	37	1013	286	512	170	1991	1199	206	1628	543	209	1343	651	223	1183	255	248	214	1136	418	277	342
196	812	188	393	1286	42	0	594	174	437	530	882	600	192	348	117	1452	98	1369	575	994	139	504	336	1488	1021	0	483	1060	399	1286	448	1146	1593	1452	252	1743	359	374	171	357	853	1084	179	191	646	270	359	331	158	913	611	109	987	1059	100	196	770	3067	212	327	197	727	803	2252	191	252	871	179	397	417	1382	1007	163	2227	191	291	2415	1021	348	228	1754	181	1022	3059	311	1164	1048	1316	269	1359	97	255	1206	2015	171	108	86	715	24	1038	52	403	357	284	1099	288	1618	353	252	209	753	238	532	970	331	191	1065	1368	42	1352	191	1297	584	336	1227	161	1411	1173	161	432	1347	2010	1749	630	225	184	311	247	641	956	304	185	1144	1341	616	1369	228	2226	138	292	180	327	599	236	252	311	1309	406	869	1022	236	195	253	176	194	242	198	2529	319	508	11	98	195	192	304	48	195	620	593	165	336	487	165	1641	228	182	306	220	943	338	669	190	308	46	1898	241	291	196	920	1217	260	447	254	475	1040	17	182	185	1180	8	971	310	524	209	1950	1158	191	1595	585	191	1358	616	201	1144	260	218	197	1178	437	236	312
441	1036	782	277	708	610	594	0	479	962	862	1082	570	430	428	549	1576	644	1144	852	706	462	1027	557	929	1124	594	1053	1082	983	709	1042	1331	1418	966	845	2147	478	446	765	677	960	1317	773	748	454	368	478	658	462	1214	960	499	783	649	638	749	1023	2980	806	456	760	850	768	1981	744	412	458	415	576	426	1211	1102	461	2084	746	862	2196	1124	322	598	2029	774	623	2973	649	1357	1282	1018	372	956	500	658	799	1867	764	668	659	1235	615	1194	623	899	677	868	1328	872	1134	265	349	653	1179	605	885	1132	658	430	1283	983	610	1234	430	1127	698	557	1740	467	1329	763	460	1000	1140	2353	2008	945	806	778	649	838	974	1277	877	778	1302	1664	953	1144	598	2459	492	522	773	456	958	586	349	289	1387	289	1174	623	636	429	611	727	758	834	396	2666	450	1073	604	646	406	401	888	617	759	960	402	759	557	1053	759	1969	598	776	332	639	1128	300	1129	784	416	549	1551	834	472	790	1116	926	645	975	340	852	1196	610	775	408	776	601	914	894	381	633	1695	971	759	1854	970	752	991	953	395	1302	851	395	396	1534	1028	618	328
37	716	343	236	1142	212	174	479	0	484	461	1012	433	53	382	76	1344	176	1200	710	820	157	679	193	1334	898	174	576	1153	561	1142	587	1048	1431	1284	390	1914	191	202	318	264	726	1000	336	273	472	114	191	238	40	849	555	169	817	887	168	273	683	2924	363	375	371	598	870	2083	268	272	702	141	485	446	1219	882	34	2072	270	387	2462	898	186	140	1909	338	850	2916	220	1070	964	1143	112	1186	143	398	1033	2079	316	282	260	890	197	930	225	575	264	450	1014	453	1449	294	137	359	922	150	474	861	238	205	976	1194	212	1194	205	1133	443	193	1401	29	1485	1001	38	602	1180	1977	1684	561	338	338	220	377	580	1112	402	343	1039	1294	555	1200	140	2156	37	140	337	375	548	135	137	240	1421	243	806	850	374	211	163	251	284	376	144	2433	147	594	185	177	172	138	469	220	369	561	419	313	193	574	313	1599	140	332	153	363	1071	188	675	346	336	135	1725	379	123	348	820	1043	397	498	181	425	932	191	339	132	1007	182	815	475	527	352	1782	990	287	1528	744	278	1349	555	116	1039	392	87	142	1341	591	159	158
522	580	339	698	1590	454	437	962	484	0	320	1213	679	536	785	421	1195	346	1374	917	1105	565	634	452	1757	837	437	154	1446	412	1589	314	876	1539	1651	276	1846	534	568	322	344	710	787	346	245	808	593	534	347	509	589	331	543	1043	1241	349	240	525	2882	323	763	447	617	1220	2229	245	688	1088	589	815	854	1347	833	508	2108	245	173	2832	837	648	368	1969	347	1202	2874	345	887	756	1383	589	1499	523	632	1365	2420	319	456	439	784	429	809	449	620	344	392	804	390	1806	766	621	585	940	363	296	750	347	623	783	1493	454	1281	623	1272	560	452	1226	501	1811	1339	509	492	1343	1602	1388	379	237	334	345	256	365	1202	168	349	896	960	348	1374	368	1865	479	461	346	763	314	381	621	715	1660	696	551	1202	623	628	360	261	244	268	603	2214	536	151	434	345	614	596	395	453	445	345	782	327	452	141	327	1246	368	326	630	605	1274	663	252	339	745	463	1953	280	506	327	684	1291	644	14	654	254	811	429	348	589	1339	433	925	395	961	597	1929	1168	248	1238	852	246	1795	348	587	896	259	571	601	1369	381	348	634
489	291	545	586	1393	566	530	862	461	320	0	1404	419	510	840	442	934	436	1057	1098	821	606	902	308	1531	533	530	474	1589	696	1392	623	620	1219	1388	516	2145	384	416	516	198	393	554	547	397	574	527	384	224	501	389	97	602	742	982	432	390	244	2592	542	829	644	297	1322	1908	391	730	857	602	922	906	1027	526	496	1797	395	419	2923	533	545	324	2231	549	944	2584	241	637	519	1077	523	1214	575	780	1091	2535	513	605	581	1077	537	525	569	854	198	638	569	638	1534	747	584	733	1201	314	31	460	224	661	536	1203	566	961	661	953	270	308	1540	489	1935	1068	499	771	1025	1517	1225	101	448	538	241	492	118	1443	425	553	625	832	94	1057	324	1700	480	352	548	829	95	327	584	694	1838	573	345	944	763	667	300	395	409	502	606	2000	416	466	534	437	633	600	648	569	642	100	568	518	308	460	518	1137	324	528	552	747	1466	575	306	546	795	528	1640	515	400	538	401	989	788	331	639	70	527	533	550	594	1066	531	606	651	989	736	1609	853	417	1070	1075	404	1802	94	577	625	504	537	604	1636	680	308	553
1007	1692	879	1107	1704	842	882	1082	1012	1213	1404	0	1431	989	692	990	2334	970	2168	307	1744	857	646	1203	1947	1902	882	1155	325	846	1706	982	2025	2419	2041	937	1123	1197	1196	903	1239	1733	1957	875	1015	1415	1036	1197	1214	974	1775	1476	842	1782	1727	974	1022	1648	3935	892	678	772	1605	407	3037	1020	776	1530	892	545	666	2206	1887	981	3073	1017	1041	1713	1902	1093	1109	947	873	1698	3927	1193	2042	1922	2072	1038	2036	868	627	1879	1270	906	799	823	676	870	1920	837	602	1239	824	1973	826	2206	880	970	673	436	1119	1403	1852	1214	824	1941	2061	842	2195	824	2119	1454	1203	960	985	683	1843	977	776	2154	2805	2598	1503	985	885	1193	957	1509	274	1045	870	2026	2173	1484	2168	1109	3076	977	1151	874	678	1462	1115	970	904	449	1132	1732	1698	646	819	1134	1012	1006	945	901	3404	1147	1185	875	969	866	903	825	838	774	1487	1352	900	1203	1169	899	2458	1109	895	1047	662	61	1059	1465	879	727	896	2627	932	1131	890	1801	1974	622	1215	913	1343	1923	875	872	905	1855	879	1822	826	703	673	2742	1968	999	2447	376	1009	1054	1484	935	2026	953	986	903	514	906	1118	1053
428	486	730	352	982	641	600	570	433	679	419	1431	0	445	755	482	1009	556	769	1137	429	577	1094	274	1112	555	600	825	1534	938	981	918	762	997	975	746	2343	242	236	700	341	390	756	726	602	162	395	242	347	465	682	498	599	392	566	548	597	487	2507	742	761	788	286	1230	1652	594	658	439	539	889	804	785	533	459	1643	598	690	2754	555	348	399	2341	728	527	2500	358	788	722	730	393	821	574	830	685	2405	697	708	684	1300	621	624	652	1002	341	842	765	844	1127	589	462	793	1353	394	450	563	347	607	719	818	641	764	607	699	161	274	1802	456	1835	660	462	996	747	1803	1441	461	676	723	358	725	496	1545	702	734	732	1119	483	769	399	1890	470	309	727	761	504	385	462	548	1819	327	647	527	807	612	384	585	617	730	529	2103	287	828	610	558	565	527	859	648	786	491	180	697	274	815	697	1420	399	715	389	796	1488	385	726	732	714	567	1313	739	310	730	553	633	829	693	523	452	626	614	730	525	660	606	392	864	839	785	1350	558	624	1289	1178	610	1561	483	495	732	741	445	528	1775	950	405	384
21	758	374	201	1102	225	192	430	53	536	510	989	445	0	341	119	1380	216	1205	692	813	132	692	228	1299	931	192	623	1117	589	1103	625	1089	1441	1260	426	1916	207	209	351	311	758	1044	366	318	465	77	207	286	34	897	605	155	819	868	210	319	727	2946	395	337	388	630	830	2087	314	232	679	101	454	403	1229	914	32	2088	316	433	2416	931	156	192	1897	368	831	2938	269	1110	1007	1139	76	1171	133	387	1016	2036	350	295	276	904	216	967	238	582	311	476	1057	479	1426	241	84	354	922	202	524	899	286	169	1018	1181	225	1209	169	1142	472	228	1417	37	1445	983	32	625	1186	2027	1729	608	380	369	269	416	629	1101	447	372	1077	1343	604	1205	192	2200	63	174	367	337	598	186	84	188	1390	214	853	831	363	175	213	297	329	414	99	2471	158	643	204	218	131	94	495	233	386	610	408	346	228	622	346	1648	192	365	114	354	1047	148	728	376	295	147	1719	416	143	380	860	1039	385	550	129	476	970	210	369	89	990	200	833	502	478	343	1786	997	330	1574	738	323	1297	604	67	1077	430	34	97	1336	624	212	121
362	1099	491	417	1123	333	348	428	382	785	840	692	755	341	0	400	1720	443	1475	430	1052	235	628	569	1353	1270	348	818	781	643	1125	739	1430	1731	1391	568	1722	538	529	489	645	1096	1383	481	540	724	364	538	619	342	1229	931	246	1091	1047	442	544	1066	3262	516	33	422	969	488	2345	540	110	848	241	153	69	1517	1252	347	2389	540	632	2082	1270	409	515	1632	482	1016	3254	600	1451	1346	1380	367	1358	271	257	1200	1697	491	354	361	826	356	1308	340	497	645	537	1397	542	1559	189	295	272	752	526	850	1240	619	179	1358	1379	333	1513	179	1430	808	569	1321	353	1104	1164	344	636	1462	2347	2065	940	563	491	600	572	958	859	644	483	1418	1669	933	1475	515	2538	360	515	481	33	922	514	295	212	1063	442	1185	1016	242	173	540	524	542	563	241	2812	488	845	351	443	210	246	554	336	422	938	661	483	569	824	483	1973	515	494	366	252	745	373	1015	493	45	327	1941	557	481	503	1201	1282	241	795	233	797	1311	356	482	251	1175	352	1147	561	181	251	2050	1278	538	1909	542	539	1010	933	276	1418	580	325	243	1113	700	532	371
110	713	270	312	1218	159	117	549	76	421	442	990	482	119	400	0	1350	100	1252	685	883	165	616	219	1410	912	117	504	1151	487	1218	511	1047	1475	1357	314	1860	243	261	244	254	742	992	263	199	537	190	243	228	88	831	531	160	872	958	92	199	675	2952	289	387	308	615	880	2135	194	292	775	173	482	468	1265	897	88	2110	197	313	2483	912	262	121	1871	265	920	2945	208	1067	956	1203	187	1254	133	365	1102	2092	242	225	201	825	138	935	170	519	254	378	1007	381	1522	345	202	322	870	132	450	866	228	222	970	1261	159	1234	222	1179	468	219	1334	82	1493	1071	89	532	1230	1947	1668	543	262	264	208	301	558	1073	328	270	1042	1269	533	1252	121	2142	58	174	264	387	521	125	202	294	1410	319	787	920	344	228	147	177	210	300	184	2433	207	523	128	101	202	177	397	166	306	538	487	239	219	503	239	1572	121	258	228	330	1050	263	626	272	355	93	1785	304	177	274	820	1103	368	434	232	396	937	131	267	170	1076	124	854	403	560	319	1833	1041	212	1512	702	203	1390	533	166	1042	316	154	182	1296	516	134	234
1359	643	1478	1354	1781	1492	1452	1576	1344	1195	934	2334	1009	1380	1720	1350	0	1364	852	2027	1049	1501	1823	1152	1793	455	1452	1322	2497	1606	1778	1506	318	760	1518	1442	3035	1186	1201	1450	1096	628	413	1480	1331	1127	1362	1186	1122	1384	613	876	1507	911	1258	1360	1324	690	1701	1473	1717	1578	753	2209	1345	1325	1612	1286	1481	1828	1779	730	476	1378	1039	1328	1338	3763	455	1338	1228	3158	1482	1238	1693	1143	308	440	1019	1358	1270	1479	1707	1254	3405	1446	1537	1512	1978	1464	414	1497	1786	1096	1565	396	1564	1588	1580	1430	1661	2127	1218	940	483	1122	1548	412	1227	1492	611	1548	738	915	1152	2391	1372	2823	1259	1381	1684	814	994	548	840	1378	1471	1143	1417	841	2376	1341	1486	308	547	864	852	1228	914	1373	1206	1481	1717	891	1225	1430	1532	2760	1331	647	1238	1689	1554	1203	1329	1342	1429	1479	1096	1235	1301	1459	1365	1512	1474	1573	1496	1576	863	1174	1451	1152	1306	1451	683	1228	1461	1369	1673	2395	1376	992	1479	1675	1442	1325	1442	1239	1470	533	1006	1713	1199	1492	999	412	1459	1483	1470	1244	1455	693	1575	1834	1662	1110	810	1350	445	2009	1338	2567	864	1444	308	1428	1395	1477	2561	1576	1218	1366
210	722	177	412	1318	131	98	644	176	346	436	970	556	216	443	100	1364	0	1324	663	968	219	538	282	1510	939	98	411	1157	393	1318	411	1055	1538	1454	214	1791	326	349	148	275	775	990	171	106	626	289	326	252	183	817	514	198	949	1053	8	108	678	2992	193	424	236	651	902	2206	103	342	872	246	496	512	1329	926	184	2162	105	218	2514	939	362	160	1824	173	1015	2984	232	1073	955	1284	287	1345	177	344	1195	2114	146	173	148	743	102	951	133	454	275	288	1005	291	1618	424	295	297	809	168	437	883	252	276	972	1350	131	1292	276	1245	517	282	1248	179	1510	1164	185	442	1300	1911	1652	535	163	170	232	201	545	1028	233	179	1055	1242	520	1324	160	2129	153	248	172	424	502	172	295	376	1402	419	773	1015	328	281	181	86	114	200	262	2436	297	433	100	2	269	255	306	133	234	523	579	144	282	412	144	1542	160	163	328	311	1031	363	571	179	402	117	1867	204	265	179	831	1185	352	357	316	378	953	98	175	247	1169	98	911	312	616	300	1903	1112	115	1497	656	109	1450	520	252	1055	216	250	260	1241	418	161	334
1190	883	1495	1060	1037	1410	1369	1144	1200	1374	1057	2168	769	1205	1475	1252	852	1324	0	1886	438	1334	1862	1041	986	672	1369	1529	2220	1696	1034	1657	862	281	687	1502	3112	1010	998	1464	1080	700	948	1491	1358	752	1143	1010	1094	1229	1044	1081	1360	386	563	1316	1352	931	1846	1504	1489	1557	762	1906	883	1350	1394	703	1290	1623	1509	127	656	1223	942	1355	1432	3278	672	1078	1164	3097	1494	567	1839	1110	884	937	190	1142	439	1337	1592	481	2989	1461	1477	1453	2065	1390	773	1421	1772	1080	1606	943	1608	737	1290	1203	1558	2122	1158	1085	778	1094	1354	908	391	1410	241	1354	127	827	1041	2561	1221	2472	502	1225	1758	40	1846	1400	1029	1431	1488	1110	1480	1057	2305	1442	1499	799	1296	1062	0	1164	1720	1237	1079	1492	1489	1096	1151	1203	1263	2520	1035	1040	567	1568	1358	1146	1344	1374	1486	1277	1748	1052	1524	1380	1326	1311	1276	1622	1417	1555	1068	815	1462	1041	1516	1462	1514	1164	1479	1126	1559	2221	1110	1313	1497	1440	1335	588	1496	1078	1493	836	238	1589	1387	1256	1120	773	1383	1495	1276	484	1375	452	1627	1508	1548	581	212	1381	1291	1943	1366	2041	1062	1245	799	1495	1198	1276	2541	1699	1168	1119
709	1385	579	829	1525	535	575	852	710	917	1098	307	1137	692	430	685	2027	663	1886	0	1473	559	418	900	1762	1596	575	874	540	580	1527	715	1718	2131	1818	641	1295	899	901	601	933	1428	1651	574	710	1134	745	899	907	674	1470	1170	541	1500	1477	667	717	1341	3634	594	408	471	1300	407	2763	715	494	1279	599	277	425	1918	1582	681	2780	712	744	1949	1596	808	803	1210	572	1445	3627	887	1735	1616	1802	747	1788	567	320	1630	1520	604	492	516	535	563	1613	530	332	933	536	1666	539	1986	618	683	366	367	813	1096	1545	907	532	1634	1809	535	1902	532	1831	1151	900	961	684	913	1594	678	521	1870	2517	2297	1196	684	585	887	661	1203	428	749	570	1719	1875	1178	1886	803	2775	675	849	573	408	1157	809	683	631	745	852	1427	1445	340	528	828	707	702	648	610	3097	850	904	569	662	575	611	541	531	473	1181	1073	597	900	886	597	2163	803	594	761	355	368	777	1170	579	456	591	2369	636	832	590	1494	1703	316	921	630	1037	1616	568	571	612	1605	572	1525	543	503	367	2465	1683	695	2145	173	705	1103	1178	643	1719	658	692	612	683	643	812	767
803	769	1145	645	733	1032	994	706	820	1105	821	1744	429	813	1052	883	1049	968	438	1473	0	936	1498	695	783	679	994	1253	1784	1359	731	1346	916	714	577	1169	2729	641	621	1116	770	594	960	1140	1025	348	744	641	776	842	969	880	965	138	213	960	1021	797	2280	1160	1069	1190	577	1469	1293	1018	979	273	887	1202	1081	513	655	836	1379	1022	1118	2856	679	671	818	2682	1142	189	2273	786	942	934	329	743	394	946	1194	274	2555	1113	1102	1080	1708	1017	784	1045	1395	770	1257	962	1259	714	863	796	1165	1735	815	852	751	776	947	916	388	1032	559	947	434	552	695	2217	836	2034	258	838	1411	436	1984	1569	834	1101	1139	786	1149	868	1898	1131	1148	862	1343	862	438	818	1963	856	720	1141	1069	890	804	796	843	2085	622	947	189	1170	951	807	1008	1041	1153	872	2077	675	1255	1005	970	905	873	1275	1040	1188	870	405	1113	695	1243	1113	1615	818	1131	720	1163	1796	698	1120	1148	1019	954	905	1161	705	1147	780	230	1189	1119	844	867	785	1010	1144	874	251	1001	375	1280	1072	1152	999	284	1047	1432	1545	1033	1621	862	843	862	1165	800	871	2141	1374	828	713
150	871	321	300	1163	147	139	462	157	565	606	857	577	132	235	165	1501	219	1334	559	936	0	589	351	1373	1056	139	622	995	521	1164	583	1204	1574	1357	390	1793	340	341	308	414	884	1153	312	323	589	192	340	387	118	995	696	36	948	976	216	327	835	3078	346	222	300	756	717	2216	322	127	782	52	327	303	1361	1040	124	2221	322	428	2317	1056	265	282	1765	313	941	3070	368	1225	1116	1264	193	1283	42	258	1126	1929	308	206	196	801	157	1087	160	470	414	405	1167	409	1525	214	145	230	799	292	615	1018	387	58	1129	1296	147	1342	58	1274	600	351	1314	129	1332	1093	121	542	1316	2112	1832	707	364	319	368	386	723	970	442	317	1196	1434	698	1334	282	2306	128	298	313	222	687	282	145	175	1263	319	951	941	234	63	307	305	329	381	71	2589	291	646	147	220	57	68	425	154	299	703	530	302	351	624	302	1738	282	318	217	227	915	243	785	324	190	102	1841	379	274	331	975	1164	254	577	124	562	1089	153	314	64	1101	145	966	432	399	216	1915	1128	327	1676	609	325	1232	698	93	1196	398	136	71	1207	566	297	224
699	1190	371	886	1735	467	504	1027	679	634	902	646	1094	692	628	616	1823	538	1862	418	1498	589	0	821	1954	1435	504	537	940	223	1737	351	1505	2073	1946	385	1255	859	877	402	796	1284	1419	373	517	1151	768	859	778	660	1223	947	554	1486	1560	546	524	1139	3494	366	595	308	1167	820	2744	525	615	1369	642	528	669	1866	1426	665	2687	521	485	2351	1435	846	698	1336	371	1524	3486	760	1517	1388	1819	767	1863	566	373	1709	1913	406	397	418	212	481	1425	454	131	796	265	1436	265	2114	762	733	374	305	705	890	1361	778	604	1413	1873	467	1824	604	1783	1049	821	725	665	1314	1676	664	144	1838	2180	2010	987	455	378	760	410	982	575	482	366	1520	1577	961	1862	698	2484	643	785	372	595	932	711	733	744	1089	903	1184	1524	393	604	717	528	503	400	660	2847	823	566	493	536	637	657	254	460	310	961	1098	403	821	553	403	1847	698	388	800	388	702	829	872	369	622	546	2402	388	793	375	1299	1720	388	632	708	833	1427	488	369	653	1683	497	1445	251	783	394	2442	1650	495	1864	273	510	1507	961	680	1520	398	712	661	737	272	696	807
206	532	455	280	1139	378	336	557	193	452	308	1203	274	228	569	219	1152	282	1041	900	695	351	821	0	1305	705	336	582	1345	664	1139	652	861	1258	1211	473	2073	84	119	425	122	533	819	451	330	367	224	84	108	232	682	405	361	667	802	275	325	504	2735	467	565	517	404	1058	1923	322	460	639	328	678	630	1048	688	226	1890	326	426	2639	705	237	124	2090	454	763	2727	107	883	782	1005	220	1081	334	583	936	2263	422	441	417	1025	355	739	388	733	122	567	832	569	1370	449	287	541	1087	120	329	671	108	396	792	1082	378	1015	396	963	251	0	1527	221	1673	907	230	721	1017	1820	1508	398	405	448	107	453	424	1292	439	459	849	1132	401	1041	124	1976	225	53	452	565	402	110	287	396	1614	269	639	763	561	402	111	312	345	457	327	2243	108	591	346	284	360	322	584	385	515	407	333	422	0	575	422	1438	124	440	245	548	1262	267	576	458	524	311	1587	466	94	455	632	906	584	467	347	295	741	349	455	318	910	342	634	589	698	536	1620	829	351	1352	921	337	1498	401	293	849	469	246	325	1514	678	132	246
1302	1541	1674	1099	244	1513	1488	929	1334	1757	1531	1947	1112	1299	1353	1410	1793	1510	986	1762	783	1373	1954	1305	0	1460	1488	1885	1850	1887	242	1921	1696	1225	312	1724	3053	1225	1192	1651	1416	1374	1743	1665	1600	959	1223	1225	1410	1334	1743	1609	1409	916	575	1503	1599	1562	2669	1695	1383	1673	1339	1567	1476	1594	1341	674	1321	1495	1340	1112	1436	1331	1783	1597	1712	2541	1460	1148	1404	2877	1667	608	2665	1412	1722	1717	797	1224	548	1404	1587	540	2350	1649	1578	1565	2163	1511	1566	1527	1827	1416	1772	1745	1776	379	1193	1236	1580	2105	1406	1562	1534	1410	1350	1699	598	1513	1213	1350	1073	1269	1305	2669	1335	1967	539	1332	1915	1015	2758	2331	1570	1671	1669	1412	1711	1605	2175	1726	1672	1640	2126	1594	986	1404	2693	1361	1302	1666	1383	1616	1389	1236	1210	2151	1090	1718	608	1565	1351	1405	1579	1614	1710	1301	2733	1231	1896	1499	1512	1320	1306	1792	1521	1672	1602	977	1646	1305	1879	1646	2394	1404	1664	1185	1567	1982	1151	1838	1676	1345	1442	988	1714	1264	1680	1561	789	1575	1772	1249	1559	1568	1506	1668	1311	552	1496	1155	1799	1261	1560	1276	983	1617	2202	1894	1606	1358	1594	1289	1640	1727	1270	1302	2435	1923	1421	1178
910	260	1073	899	1404	1062	1021	1124	898	837	533	1902	555	931	1270	912	455	939	672	1596	679	1056	1435	705	1460	0	1021	984	2049	1229	1402	1150	237	745	1225	1049	2678	733	746	1043	665	173	289	1073	923	682	909	733	689	938	376	507	1065	543	891	934	916	316	2059	1072	1269	1165	301	1757	1432	916	1163	876	1032	1384	1327	593	24	932	1271	920	953	3307	0	883	793	2758	1075	864	2052	709	264	271	774	905	993	1037	1276	929	2950	1039	1113	1088	1610	1034	108	1068	1381	665	1170	288	1170	1331	1125	977	1230	1731	783	549	109	689	1100	246	961	1062	494	1100	546	462	705	2063	927	2370	924	935	1304	632	1308	909	458	980	1065	709	1024	474	1966	959	1080	188	667	489	672	793	1340	929	758	1074	1269	523	787	977	1078	2319	875	380	864	1255	1106	768	917	936	1035	1029	1551	783	970	1028	941	1063	1025	1181	1067	1163	492	725	1043	705	968	1043	936	793	1055	915	1241	1962	920	698	1074	1225	1006	1249	1047	789	1066	175	721	1280	846	1040	603	109	1029	1077	1021	913	1024	304	1184	1379	1229	1145	525	944	764	1594	931	2116	489	994	188	1037	945	1027	2167	1211	785	912
196	812	188	393	1286	42	0	594	174	437	530	882	600	192	348	117	1452	98	1369	575	994	139	504	336	1488	1021	0	483	1060	399	1286	448	1146	1593	1452	252	1743	359	374	171	357	853	1084	179	191	646	270	359	331	158	913	611	109	987	1059	100	196	770	3067	212	327	197	727	803	2252	191	252	871	179	397	417	1382	1007	163	2227	191	291	2415	1021	348	228	1754	181	1022	3059	311	1164	1048	1316	269	1359	97	255	1206	2015	171	108	86	715	24	1038	52	403	357	284	1099	288	1618	353	252	209	753	238	532	970	331	191	1065	1368	42	1352	191	1297	584	336	1227	161	1411	1173	161	432	1347	2010	1749	630	225	184	311	247	641	956	304	185	1144	1341	616	1369	228	2226	138	292	180	327	599	236	252	311	1309	406	869	1022	236	195	253	176	194	242	198	2529	319	508	11	98	195	192	304	48	195	620	593	165	336	487	165	1641	228	182	306	220	943	338	669	190	308	46	1898	241	291	196	920	1217	260	447	254	475	1040	17	182	185	1180	8	971	310	524	209	1950	1158	191	1595	585	191	1358	616	201	1144	260	218	197	1178	437	236	312
613	724	331	804	1708	488	483	1053	576	154	474	1155	825	623	818	504	1322	411	1529	874	1253	622	537	582	1885	984	483	0	1412	315	1708	190	1006	1692	1791	254	1712	660	692	329	484	862	910	341	305	946	689	660	483	591	710	477	593	1194	1381	416	304	669	3017	308	792	426	771	1213	2382	309	733	1221	656	819	885	1501	981	592	2255	307	193	2814	984	753	481	1860	341	1342	3009	477	1014	882	1535	686	1646	579	624	1509	2392	327	466	457	660	469	949	479	553	484	337	927	334	1948	833	705	582	840	478	449	893	483	675	910	1641	488	1434	675	1427	712	582	1080	586	1784	1482	593	393	1497	1650	1473	527	258	330	477	246	510	1113	179	340	1031	1039	495	1529	481	1946	561	582	341	792	461	496	705	787	1604	806	674	1342	621	679	480	326	296	256	672	2316	654	30	477	410	676	665	333	484	425	492	915	335	582	16	335	1310	481	325	728	604	1215	762	340	330	783	520	2107	264	622	319	825	1442	639	142	727	409	951	471	341	658	1483	477	1079	330	999	598	2083	1321	297	1328	782	302	1826	495	664	1031	240	658	671	1260	267	464	733
1138	1865	1106	1186	1606	1026	1060	1082	1153	1446	1589	325	1534	1117	781	1151	2497	1157	2220	540	1784	995	940	1345	1850	2049	1060	1412	0	1119	1608	1255	2199	2487	1990	1174	1337	1319	1310	1124	1406	1876	2143	1100	1223	1484	1145	1319	1379	1112	1974	1671	991	1845	1727	1160	1230	1827	4034	1123	780	999	1748	314	3064	1227	886	1540	1016	669	729	2276	2032	1118	3151	1225	1273	1411	2049	1186	1273	1046	1099	1704	4027	1359	2219	2107	2100	1148	2026	1019	819	1873	980	1127	1000	1021	997	1055	2083	1025	870	1406	1074	2158	1078	2148	947	1076	867	760	1283	1593	2014	1379	949	2122	2057	1026	2282	949	2189	1589	1345	1274	1124	374	1838	1115	1058	2212	3049	2809	1690	1209	1111	1359	1191	1702	577	1279	1097	2192	2395	1677	2220	1273	3286	1124	1291	1099	780	1660	1275	1076	985	307	1211	1930	1704	832	943	1298	1216	1218	1179	1020	3584	1268	1443	1057	1156	986	1024	1080	1024	1001	1680	1421	1120	1345	1425	1120	2689	1273	1119	1146	850	295	1148	1698	1107	825	1061	2626	1167	1260	1118	1971	2008	809	1451	1014	1535	2085	1058	1098	1028	1852	1059	1924	1083	712	860	2778	2034	1211	2655	668	1219	775	1677	1055	2192	1190	1105	1022	774	1182	1285	1150
590	979	217	791	1683	375	399	983	561	412	696	846	938	589	643	487	1606	393	1696	580	1359	521	223	664	1887	1229	399	315	1119	0	1684	136	1287	1892	1845	193	1449	718	742	244	616	1085	1199	224	337	1019	667	718	601	554	1002	733	484	1330	1446	401	343	926	3285	200	611	226	973	952	2572	345	591	1263	570	592	699	1689	1222	558	2491	341	276	2529	1229	744	540	1557	222	1408	3277	586	1299	1168	1669	665	1738	485	397	1588	2099	247	315	324	381	375	1212	361	248	616	115	1216	111	2010	726	650	371	529	544	680	1150	601	556	1194	1742	375	1639	556	1608	870	664	865	555	1493	1557	557	79	1669	1964	1786	775	265	223	586	216	767	798	270	217	1304	1354	747	1696	540	2261	530	638	223	611	717	555	650	694	1294	802	963	1408	406	558	554	353	322	209	590	2623	691	345	387	391	577	585	95	367	226	747	972	248	664	330	248	1626	540	229	704	392	905	737	648	215	621	445	2252	199	658	213	1087	1571	414	409	645	625	1214	381	221	579	1562	390	1264	89	819	392	2269	1484	315	1640	470	329	1608	747	598	1304	201	617	589	957	65	533	710
1108	1443	1474	907	3	1308	1286	709	1142	1589	1392	1706	981	1103	1125	1218	1778	1318	1034	1527	731	1164	1737	1139	242	1402	1286	1708	1608	1684	0	1728	1639	1298	451	1530	2814	1055	1021	1453	1256	1292	1672	1465	1414	820	1028	1055	1246	1138	1646	1477	1201	870	520	1311	1413	1456	2803	1497	1156	1464	1236	1324	1642	1408	1121	547	1113	1263	1107	1152	1377	1135	1902	1411	1527	2352	1402	957	1227	2635	1467	541	2798	1246	1666	1643	845	1030	625	1198	1366	553	2137	1452	1371	1359	1943	1309	1503	1322	1608	1256	1568	1676	1572	575	974	1034	1362	1874	1230	1422	1462	1246	1137	1629	675	1308	1237	1137	1096	1142	1139	2445	1139	1734	536	1135	1706	1055	2711	2300	1443	1481	1470	1246	1519	1477	1937	1542	1471	1589	2054	1463	1034	1227	2690	1165	1128	1466	1156	1482	1212	1034	995	1910	902	1616	541	1344	1136	1230	1392	1426	1517	1094	2774	1054	1722	1297	1320	1109	1099	1588	1316	1464	1471	824	1448	1139	1703	1448	2337	1227	1466	990	1348	1741	955	1695	1476	1120	1240	1156	1519	1086	1481	1479	808	1352	1604	1040	1411	1505	1304	1468	1104	553	1294	1103	1595	1024	1342	1414	979	1429	2162	1663	1419	1145	1463	1085	1589	1533	1071	1094	2197	1724	1245	984
620	893	261	823	1728	435	448	1042	587	314	623	982	918	625	739	511	1506	411	1657	715	1346	583	351	652	1921	1150	448	190	1255	136	1728	0	1188	1838	1857	198	1532	718	746	277	581	1016	1095	270	326	1018	700	718	571	590	896	645	548	1304	1451	418	329	839	3196	236	708	318	913	1080	2524	333	673	1277	627	707	800	1640	1145	592	2419	329	228	2664	1150	773	533	1670	269	1413	3188	559	1198	1066	1645	698	1733	543	509	1588	2235	277	389	391	473	427	1123	423	384	581	205	1112	200	2019	796	697	475	651	535	603	1064	571	627	1093	1734	435	1581	627	1562	829	652	916	588	1629	1559	592	208	1628	1830	1662	691	252	264	559	210	679	926	216	266	1210	1229	661	1657	533	2135	562	636	270	708	628	548	697	757	1430	830	859	1413	513	630	541	346	311	211	646	2506	699	217	438	409	640	640	191	429	317	659	977	282	652	206	282	1496	533	265	738	497	1041	773	530	258	711	492	2225	208	666	251	998	1549	526	307	702	553	1125	431	268	634	1562	440	1214	186	919	495	2223	1446	307	1518	606	319	1725	661	648	1210	194	656	645	1070	79	521	744
1067	334	1162	1088	1641	1184	1146	1331	1048	876	620	2025	762	1089	1430	1047	318	1055	862	1718	916	1204	1505	861	1696	237	1146	1006	2199	1287	1639	1188	0	874	1454	1124	2718	905	925	1134	793	373	110	1164	1016	902	1079	905	819	1089	301	558	1207	779	1128	1050	1009	376	2013	1156	1424	1263	482	1918	1534	1010	1320	1110	1188	1529	1491	764	261	1083	1299	1014	1020	3494	237	1065	926	2840	1166	1101	2004	839	27	127	988	1075	1217	1179	1399	1162	3124	1130	1226	1202	1660	1155	140	1188	1469	793	1247	97	1246	1553	1302	1146	1352	1808	915	625	199	819	1254	95	1183	1184	650	1254	735	641	861	2079	1077	2534	1158	1087	1366	821	1071	681	524	1061	1155	839	1100	524	2060	1023	1170	62	440	546	862	926	1128	1075	914	1165	1424	573	924	1146	1252	2455	1066	332	1101	1381	1260	900	1015	1027	1111	1188	1385	952	985	1151	1056	1220	1183	1255	1188	1261	545	939	1136	861	989	1136	699	926	1145	1091	1365	2086	1102	679	1163	1384	1139	1416	1124	952	1153	228	944	1406	881	1207	684	138	1151	1167	1178	1147	1148	540	1256	1556	1354	1265	743	1035	532	1694	1023	2321	546	1155	62	1110	1107	1186	2242	1258	914	1089
1426	994	1702	1313	1301	1635	1593	1418	1431	1539	1219	2419	997	1441	1731	1475	760	1538	281	2131	714	1574	2073	1258	1225	745	1593	1692	2487	1892	1298	1838	874	0	915	1700	3328	1239	1232	1670	1278	831	977	1700	1559	1007	1386	1239	1295	1463	1117	1223	1596	642	844	1530	1552	1048	1566	1709	1742	1774	924	2173	691	1551	1643	983	1532	1874	1768	213	738	1456	665	1555	1619	3559	745	1326	1377	3339	1702	848	1559	1313	889	977	456	1384	681	1572	1828	752	3268	1667	1700	1675	2269	1613	826	1645	1992	1278	1811	967	1812	927	1548	1449	1791	2345	1370	1243	853	1295	1599	943	630	1635	258	1599	300	1024	1258	2753	1454	2747	776	1459	1959	278	1740	1288	1170	1628	1695	1313	1676	1194	2542	1629	1707	814	1274	1204	281	1377	1546	1468	1301	1700	1742	1238	1365	1449	1518	2785	1288	1124	848	1804	1603	1357	1546	1574	1684	1521	1516	1285	1683	1603	1540	1556	1519	1825	1642	1772	1208	1070	1669	1258	1678	1669	1444	1377	1685	1372	1794	2475	1360	1436	1704	1693	1563	564	1695	1307	1699	921	518	1826	1550	1506	1286	825	1607	1703	1519	758	1599	628	1830	1774	1782	399	453	1581	1204	2175	1567	2322	1204	1488	814	1691	1439	1519	2771	1888	1378	1366
1257	1345	1628	1061	455	1484	1452	966	1284	1651	1388	2041	975	1260	1391	1357	1518	1454	687	1818	577	1357	1946	1211	312	1225	1452	1791	1990	1845	451	1857	1454	915	0	1667	3113	1140	1111	1601	1308	1165	1514	1621	1531	845	1182	1140	1307	1294	1542	1453	1392	693	410	1446	1528	1374	2366	1646	1417	1647	1154	1689	1190	1524	1354	582	1304	1542	1393	815	1202	1289	1474	1528	1635	2804	1225	1104	1325	2986	1623	449	2361	1314	1480	1492	503	1183	249	1381	1597	303	2583	1599	1553	1536	2159	1476	1333	1498	1827	1308	1734	1513	1738	168	1212	1213	1581	2136	1324	1419	1310	1307	1348	1470	296	1484	922	1348	784	1118	1211	2672	1291	2154	320	1291	1885	719	2499	2063	1408	1605	1622	1314	1650	1443	2244	1649	1628	1395	1892	1436	687	1325	2406	1316	1221	1622	1417	1462	1309	1213	1214	2297	1046	1523	449	1573	1349	1320	1511	1546	1652	1286	2428	1159	1798	1464	1456	1311	1289	1754	1492	1646	1444	880	1597	1211	1783	1597	2146	1325	1616	1148	1572	2083	1117	1691	1630	1373	1408	704	1658	1192	1632	1347	515	1587	1666	1241	1427	1334	1470	1624	1292	325	1461	924	1760	1337	1564	972	717	1550	1941	1929	1538	1592	1436	1266	1395	1666	1236	1285	2501	1872	1339	1141
422	805	77	625	1529	245	252	845	390	276	516	937	746	426	568	314	1442	214	1502	641	1169	390	385	473	1724	1049	252	254	1174	193	1530	198	1124	1700	1667	0	1635	531	557	82	423	899	1043	86	144	833	502	531	408	392	851	565	357	1137	1263	222	150	754	3108	53	540	176	785	961	2379	152	490	1085	432	564	633	1496	1041	394	2304	148	106	2568	1049	576	350	1717	86	1225	3101	392	1138	1010	1477	500	1551	349	371	1403	2151	81	213	207	569	233	1040	234	348	423	122	1059	122	1830	604	499	327	685	353	504	976	408	438	1034	1554	245	1448	438	1415	678	473	1058	390	1542	1373	394	259	1476	1876	1662	603	72	76	392	24	600	937	108	86	1136	1236	578	1502	350	2140	364	451	86	540	550	365	499	563	1384	633	810	1225	367	441	362	161	129	16	450	2482	508	283	243	212	447	444	132	240	174	578	789	88	473	263	88	1522	350	73	540	349	998	575	528	75	535	296	2059	10	475	64	915	1379	385	279	507	447	1042	236	86	437	1377	245	1072	134	749	343	2076	1290	122	1512	578	136	1572	578	450	1136	16	458	449	1120	206	341	546
1928	2424	1626	2090	2812	1703	1743	2147	1914	1846	2145	1123	2343	1916	1722	1860	3035	1791	3112	1295	2729	1793	1255	2073	3053	2678	1743	1712	1337	1449	2814	1532	2718	3328	3113	1635	0	2103	2116	1658	2052	2534	2622	1628	1772	2381	1985	2103	2033	1888	2421	2176	1763	2731	2759	1798	1779	2370	4728	1621	1696	1555	2420	1530	3995	1780	1767	2561	1843	1570	1721	3120	2671	1894	3939	1775	1725	2285	2678	2059	1952	508	1626	2726	4720	2015	2727	2594	3056	1986	3070	1783	1536	2912	1860	1661	1635	1658	1067	1722	2656	1691	1340	2052	1519	2639	1518	3281	1904	1935	1563	993	1958	2128	2596	2033	1787	2623	3086	1703	3079	1787	3036	2305	2073	676	1895	1514	2877	1892	1375	3090	3176	3121	2221	1706	1634	2015	1659	2210	877	1719	1621	2742	2694	2192	3112	1952	3570	1877	2033	1627	1696	2160	1963	1935	1908	1149	2111	2387	2726	1561	1784	1971	1783	1757	1650	1859	3988	2062	1733	1732	1789	1827	1858	1505	1695	1557	2190	2323	1659	2073	1729	1659	2912	1952	1643	2010	1566	1103	2034	2045	1625	1741	1779	3634	1638	2035	1630	2530	2956	1542	1840	1893	2074	2658	1728	1625	1856	2887	1736	2700	1502	1791	1576	3693	2901	1750	2992	1189	1764	2110	2192	1886	2742	1645	1929	1860	618	1467	1950	2017
189	584	504	202	1056	400	359	478	191	534	384	1197	242	207	538	243	1186	326	1010	899	641	340	859	84	1225	733	359	660	1319	718	1055	718	905	1239	1140	531	2103	0	34	474	206	559	872	498	392	301	175	0	193	224	746	481	358	628	733	318	388	562	2738	518	539	551	433	1024	1893	384	433	563	306	660	594	1027	714	218	1882	388	495	2589	733	165	184	2100	500	695	2730	190	928	835	959	172	1020	333	589	872	2221	472	468	444	1067	381	777	411	762	206	615	884	617	1301	396	244	551	1112	184	407	710	193	375	842	1024	400	1003	375	941	271	84	1575	215	1637	841	221	769	989	1887	1563	469	467	497	190	513	497	1303	509	506	888	1198	475	1010	184	2028	228	81	499	539	479	169	244	347	1596	188	705	695	565	380	181	372	407	516	300	2281	50	671	370	328	335	296	633	407	549	482	259	471	84	654	471	1504	184	489	186	555	1255	200	660	506	493	325	1542	523	68	505	678	860	588	549	306	377	780	374	502	293	845	366	626	639	650	543	1591	799	412	1408	936	399	1433	475	265	888	529	214	298	1533	738	198	184
193	607	526	173	1022	413	374	446	202	568	416	1196	236	209	529	261	1201	349	998	901	621	341	877	119	1192	746	374	692	1310	742	1021	746	925	1232	1111	557	2116	34	0	497	241	573	894	520	419	277	165	34	227	230	774	513	363	614	706	341	416	587	2740	542	532	569	448	1012	1882	412	427	533	304	656	582	1020	727	224	1879	416	525	2569	746	141	214	2106	522	668	2732	224	948	858	942	161	996	339	595	846	2204	495	482	460	1086	396	795	426	777	241	637	906	639	1273	379	233	559	1124	214	440	728	227	372	863	1001	413	1000	372	933	285	119	1595	222	1624	815	227	791	978	1914	1587	499	494	520	224	539	527	1310	539	528	905	1225	506	998	214	2050	239	110	521	532	511	198	233	331	1590	157	732	668	571	377	212	399	434	542	295	2296	54	703	385	351	331	293	655	421	567	513	231	494	119	686	494	1531	214	512	168	561	1254	177	695	528	485	337	1524	548	84	528	699	843	593	582	295	411	797	390	524	290	820	381	625	661	633	550	1580	789	439	1432	944	426	1408	506	261	905	556	210	294	1542	763	229	165
