NAME : VRPTW_INSTANCE_296.txt
COMMENT : Bangkok Supermarket
TYPE : VRPTW
DIMENSION : 315
DAYS : Monday
EDGE_WEIGHT_TYPE : EXPLICIT
VEHICLES : 42
EDGE_WEIGHT_FORMAT : FULL_MATRIX
CAPACITY : 1000
EDGE_WEIGHT_SECTION
0	1331	403	394	986	1213	185	382	460	418	172	172	447	532	366	425	92	118	916	104	1561	199	546	155	270	102	371	979	2121	1126	431	208	650	964	374	373	417	978	284	201	257	403	530	1196	225	1321	399	284	130	1003	668	464	482	2043	30	1016	152	1087	936	196	441	810	546	305	963	1442	932	1003	39	351	621	542	370	126	88	1606	491	90	1122	402	256	464	530	2394	213	3166	413	706	121	923	192	290	79	349	367	532	702	1428	991	1339	891	380	373	991	613	199	2138	196	309	2007	119	1055	963	372	76	425	1116	172	1315	890	101	420	948	248	1727	213	425	193	119	2286	213	629	1912	1063	1083	2186	205	211	1213	438	432	1380	976	411	212	1627	122	150	178	404	79	568	206	46	563	650	441	422	404	967	124	24	985	585	481	839	215	307	418	202	2074	611	650	525	1083	639	464	2007	1907	404	595	1172	1256	747	624	113	299	79	535	815	584	2044	212	368	176	122	830	206	993	404	1569	1231	554	891	608	418	89	1122	516	1650	509	185	1104	14	499	1185	347	408	1300	1161	153	1037	650	306	83	578	237	946	398	102	166	172	192	116	401	503	221	388	550	1028	83	258	584	438	79	608	2066	529	24	217	390	356	1119	491	256	1033	540	695	185	961	620	193	432	148	368	1118	355	1190	150	402	101	463	2591	463	300	390	150	761	766	358	422	1098	502	2068	576	495	347	190	474	97	525	214	23	369	367	22	373	1938	1702	528	1022	153	1066	199	880	961	1152	609	595	401	658	1627	202	978	1016
1331	0	1680	1677	841	125	1205	1664	1113	1578	1280	1280	1688	1103	1603	1521	1291	1280	652	1365	759	1188	1448	1284	1520	1294	987	868	1457	211	1521	1507	1765	2295	1603	1604	930	866	1047	1516	1477	1680	1437	276	1534	1204	1676	1047	1446	840	1945	872	1716	743	1360	335	1269	720	1002	1135	1533	788	1448	1454	368	2773	753	840	1368	1567	1948	798	1524	1263	1395	1508	1718	1299	323	1679	1457	872	1437	1385	1435	1844	1589	806	1428	1002	1280	1180	1292	1569	1698	1103	1979	2758	940	1111	1059	1567	1614	940	1513	1188	1866	1135	1456	1698	1426	732	368	1609	1321	1603	259	1280	88	455	1357	937	383	1215	499	1446	919	1138	1429	1457	1446	1831	3243	681	254	1791	1437	1441	125	1525	1530	2469	675	972	1198	1388	1426	1414	1301	1373	1292	1136	1519	1316	1098	1765	1533	935	986	460	1212	1354	891	1458	1714	899	1438	1440	1578	1223	769	1091	1765	860	254	1095	872	1596	1647	971	1088	2497	1230	1030	1089	1425	1630	1365	1442	530	1143	753	1443	1605	1285	1426	787	1506	354	971	659	148	1624	1059	1085	1578	1394	2453	1344	1405	827	1491	968	1345	1730	615	1572	965	68	939	1463	785	1765	1589	1369	1576	1108	737	1677	1291	1497	1280	1260	1426	1732	1116	1173	1670	842	459	1398	1073	1143	1524	1293	889	774	1435	1356	1286	1671	1588	236	1718	1457	716	1774	2012	1205	670	1739	1138	1532	1401	1699	565	1581	223	1480	1585	1357	1182	1260	1182	1036	993	1414	607	566	1583	1498	753	1730	1220	1102	1726	1572	1504	1121	1408	860	1444	1350	1700	1604	1353	1704	1528	1428	1135	870	1463	796	1188	967	2054	887	826	778	1677	1978	1388	1522	866	849
403	1680	0	15	1167	1568	476	438	628	189	399	399	76	678	93	264	486	510	1168	328	1779	492	454	396	159	492	767	1151	2246	1484	271	194	324	658	101	98	807	1151	662	206	494	0	448	1507	181	1393	3	662	364	1183	601	812	104	2410	373	1383	542	1490	1330	571	267	1213	454	248	1319	1119	1335	1182	365	133	310	921	208	523	397	1619	117	481	1433	0	512	812	448	2601	485	3487	169	950	384	1317	399	507	476	129	197	678	305	1100	1137	1442	998	162	82	1137	475	492	2148	571	246	2039	384	1265	1319	89	459	165	1485	399	1651	1259	450	813	1298	467	2028	233	761	576	379	2447	233	245	1593	1288	1442	2229	242	238	1568	274	262	1391	1211	811	612	1682	389	438	378	722	476	684	200	441	703	324	267	816	805	1353	492	379	1149	875	103	1015	484	265	189	597	2439	741	324	922	1442	761	812	2069	1934	803	731	828	1313	1140	752	378	252	338	448	1150	692	2413	237	92	395	389	1233	196	1360	803	1811	1595	312	998	742	189	315	809	506	1703	855	217	1239	391	117	1586	123	807	1656	1560	369	1232	324	416	334	383	579	1165	6	494	275	399	419	380	215	652	506	16	846	1418	319	633	692	274	475	1011	2435	447	381	395	14	106	1484	117	512	1249	148	523	476	1200	301	576	259	285	197	1370	117	1562	314	160	450	582	2934	582	687	790	438	1145	1115	117	287	1299	123	2248	709	115	123	351	631	386	922	235	396	199	92	381	207	2006	1757	656	1191	369	1256	492	1277	1027	1314	882	906	2	490	1682	332	1151	1193
394	1677	15	0	1172	1565	473	423	631	201	397	397	91	683	101	274	477	500	1170	322	1783	489	465	393	157	482	760	1157	2254	1481	281	186	339	654	110	107	801	1156	657	196	480	15	458	1507	170	1402	12	657	352	1188	587	809	119	2406	364	1379	531	1482	1319	565	278	1204	465	252	1316	1117	1327	1188	356	140	304	916	216	513	386	1630	132	471	1432	15	498	809	458	2606	471	3487	180	952	372	1306	397	507	466	135	182	683	310	1099	1144	1450	1005	171	91	1144	487	489	2159	565	251	2050	372	1270	1316	97	448	177	1481	397	1650	1255	439	807	1296	466	2029	231	758	569	367	2454	231	259	1591	1291	1438	2239	240	236	1565	284	273	1377	1214	803	602	1692	377	425	376	708	466	690	190	432	708	339	278	809	798	1347	486	370	1155	861	118	1020	471	269	201	587	2436	747	339	915	1438	767	809	2078	1945	796	736	827	1322	1129	758	367	237	331	458	1148	698	2410	234	100	392	377	1225	188	1356	796	1815	1592	326	1005	748	201	308	806	515	1713	852	208	1246	382	132	1578	129	800	1654	1550	356	1237	339	401	327	397	575	1168	9	484	263	397	417	368	200	656	503	7	845	1412	311	627	698	284	466	1002	2432	458	372	395	7	113	1480	132	498	1253	161	511	473	1202	316	569	270	280	182	1373	124	1558	301	171	439	587	2932	587	681	783	425	1139	1113	124	297	1304	138	2254	714	130	129	338	634	375	915	233	386	184	100	372	192	2016	1767	661	1196	356	1261	489	1267	1012	1320	883	905	14	478	1692	318	1156	1198
986	841	1167	1172	0	799	801	1367	549	1002	841	841	1139	490	1074	927	1009	1016	223	951	615	786	779	855	1028	1019	850	27	1138	761	923	1063	1113	1824	1068	1070	804	26	799	1088	1230	1167	774	568	1094	446	1165	799	1115	16	1648	643	1155	1542	1002	761	1028	1219	1334	834	932	1068	779	920	668	2275	1135	16	1007	1034	1476	737	964	1004	1074	781	1152	1015	519	1166	1221	643	774	1434	1182	2413	1019	307	1107	1325	828	708	1001	1038	1275	490	1416	2253	99	406	238	1012	1085	99	818	786	1264	834	921	1110	1105	125	668	1079	1026	1031	828	841	765	724	1068	828	635	754	967	970	637	851	1105	1301	970	1222	2745	172	744	1266	965	966	799	923	933	2358	170	885	997	728	1108	1128	851	1268	1001	483	1089	1002	464	1113	932	828	899	877	874	999	50	1432	1154	152	1185	903	1002	1018	1560	425	1113	853	744	408	643	1072	1024	873	435	1976	433	1232	415	1099	1244	968	777	526	478	1559	967	1075	841	1108	1084	1063	750	873	663	862	980	238	424	1002	997	1974	687	751	619	1059	167	997	1165	1205	1044	868	866	1425	1138	74	1113	1292	969	909	769	117	1167	1016	1115	841	816	1102	1311	517	764	1164	491	947	1008	802	478	923	1002	991	1579	773	1004	815	1165	1060	799	1152	1221	129	1202	1642	801	180	1095	851	936	961	1277	293	1049	888	1120	1022	1068	584	1932	584	818	890	1128	781	588	1050	901	140	1162	1089	457	1161	1043	1173	542	1084	853	968	1010	1279	1075	998	1285	999	795	510	46	1138	91	786	1272	1932	170	417	493	1165	1606	728	1180	26	31
1213	125	1568	1565	799	0	1092	1541	1017	1473	1168	1168	1579	1013	1494	1419	1170	1159	594	1250	813	1076	1356	1172	1409	1173	864	825	1520	87	1419	1393	1667	2178	1494	1495	808	824	929	1400	1353	1568	1344	271	1419	1192	1565	929	1326	801	1822	757	1608	844	1242	209	1146	623	891	1017	1431	668	1356	1347	250	2656	640	801	1250	1459	1832	677	1419	1142	1274	1507	1611	1178	289	1567	1333	757	1344	1487	1312	1968	1483	723	1308	889	1170	1073	1172	1460	1580	1013	1870	2641	898	1107	1004	1460	1505	898	1423	1076	1893	1017	1350	1726	1306	701	250	1500	1200	1497	138	1168	162	331	1236	814	270	1107	615	1335	807	1020	1309	1539	1335	1727	3125	652	131	1830	1325	1329	0	1423	1428	2344	629	848	1075	1399	1305	1292	1190	1247	1172	1049	1404	1196	1010	1667	1431	812	862	338	1095	1236	849	1333	1606	837	1315	1333	1473	1100	871	1008	1667	735	131	1014	757	1633	1668	848	1003	2382	1209	909	1007	1305	1511	1249	1349	425	1057	850	1331	1496	1173	1305	668	1391	229	848	725	67	1525	1004	1002	1473	1278	2335	1252	1417	713	1376	940	1227	1623	532	1464	842	88	846	1343	751	1667	1467	1253	1482	993	688	1565	1170	1379	1168	1149	1306	1615	1023	1062	1558	740	345	1282	955	1057	1423	1173	764	872	1342	1238	1177	1559	1479	111	1611	1333	681	1667	1891	1092	622	1640	1020	1430	1287	1581	546	1472	127	1361	1479	1236	1087	1379	1087	916	869	1292	482	452	1474	1396	729	1623	1299	1016	1618	1463	1384	1026	1288	735	1333	1231	1582	1495	1235	1586	1563	1444	1045	834	1343	766	1076	852	1929	868	730	674	1566	1856	1399	1402	824	811
185	1205	476	473	801	1092	0	566	277	411	78	78	493	350	407	383	230	246	741	165	1383	17	441	79	317	242	331	794	1935	1008	387	304	638	1100	409	409	355	792	209	318	439	476	423	1046	333	1139	472	209	313	818	848	336	525	1934	201	907	272	1061	963	133	399	790	441	277	842	1575	911	818	205	375	748	453	355	241	274	1429	530	234	971	475	434	336	423	2215	393	3025	415	527	306	951	87	110	218	376	508	350	779	1559	805	1154	708	387	417	805	516	17	1960	133	281	1826	304	874	842	413	238	429	1009	78	1180	784	276	368	823	79	1573	243	285	149	304	2102	243	658	2048	884	965	2004	233	237	1092	393	392	1566	798	385	286	1445	307	333	101	545	218	390	320	208	381	638	399	370	386	884	97	198	800	727	523	653	395	269	411	294	1963	429	638	477	965	457	336	1823	1727	373	413	1293	1075	784	442	298	457	174	429	677	406	1937	239	408	84	307	812	303	884	373	1396	1119	514	708	426	411	205	1257	382	1468	379	290	918	195	541	1141	378	375	1181	1169	337	853	638	491	177	511	108	765	473	240	322	78	65	301	544	322	37	465	386	952	214	180	406	393	219	596	1959	422	202	105	466	392	1008	530	434	852	585	860	0	784	608	149	393	196	509	945	386	1086	322	408	276	291	2462	291	242	369	333	676	640	389	369	915	542	1885	395	536	377	372	292	283	477	241	209	511	408	197	516	1754	1520	350	836	337	882	17	902	1144	967	437	439	474	824	1445	380	792	831
382	1664	438	423	1367	1541	566	0	831	588	532	532	514	901	485	640	384	389	1297	425	1943	581	818	517	442	378	676	1359	2499	1454	649	361	762	691	497	495	734	1358	633	327	190	438	806	1556	337	1685	435	633	253	1384	289	824	542	2346	364	1335	396	1290	1057	561	652	1024	818	550	1297	1156	1138	1384	360	504	426	865	571	405	296	1953	554	376	1484	438	213	824	806	2775	229	3508	571	1088	262	1045	548	663	387	499	248	901	618	1147	1368	1711	1259	546	482	1368	864	581	2487	561	552	2364	264	1438	1297	487	358	575	1429	532	1658	1210	317	726	1286	618	2086	453	794	551	263	2668	453	669	1608	1446	1410	2546	453	455	1541	654	644	1016	1358	694	465	1988	261	255	527	388	387	930	330	375	932	762	652	728	681	1256	502	368	1365	488	541	1219	226	563	588	440	2378	979	762	811	1410	1005	824	2372	2261	693	964	925	1615	875	991	269	189	404	808	1170	944	2343	455	486	533	261	1041	360	1313	693	1948	1549	733	1259	976	588	377	841	827	2011	868	351	1480	371	553	1411	492	699	1624	1301	229	1419	762	77	403	791	614	1328	432	381	267	532	556	266	248	872	603	423	928	1305	364	615	944	654	386	835	2364	805	363	566	425	487	1439	554	213	1415	573	357	566	1343	739	551	642	430	248	1498	495	1499	251	559	317	821	2917	821	636	673	255	1065	1112	497	653	1481	559	2451	943	551	492	194	843	285	811	456	358	246	485	369	240	2305	2064	892	1402	229	1448	581	1019	615	1533	990	968	437	326	1988	190	1358	1398
460	1113	628	631	549	1017	277	831	0	483	298	298	612	72	538	417	506	520	543	407	1154	266	342	314	481	517	490	537	1669	941	415	514	653	1285	533	535	479	536	380	540	716	628	328	904	545	862	626	380	582	565	1104	359	633	1856	470	865	543	1145	1120	362	427	900	342	380	782	1746	1009	565	473	497	934	512	436	513	548	1152	633	510	831	627	712	359	328	1981	670	2875	498	328	578	1108	283	169	495	501	726	72	901	1727	538	880	431	484	549	538	414	266	1683	362	382	1549	576	639	782	543	515	511	965	298	1069	758	554	501	754	213	1412	422	307	382	575	1848	422	728	2220	660	903	1727	416	417	1017	418	425	1840	583	544	539	1167	580	609	305	811	495	118	540	486	104	653	427	503	552	892	368	468	539	991	632	397	672	363	483	553	1882	152	653	590	903	180	359	1547	1450	530	135	1452	798	961	164	569	696	427	334	593	136	1865	418	539	298	580	921	513	844	530	1183	1057	511	431	148	483	454	1438	240	1190	379	510	649	468	645	1195	506	529	1104	1293	605	610	653	759	428	465	296	537	627	515	571	298	274	572	762	46	246	624	285	968	467	365	136	418	495	736	1886	327	473	268	624	523	954	633	712	622	686	1093	277	572	627	382	428	413	728	743	513	1043	580	498	554	72	2341	72	414	536	609	700	587	514	392	676	644	1638	117	641	506	637	19	555	590	419	483	729	539	467	736	1478	1242	79	579	605	636	266	1055	1421	707	286	351	626	1057	1167	641	536	577
418	1578	189	201	1002	1473	411	588	483	0	334	334	140	522	107	77	511	536	1025	317	1617	424	264	339	161	520	737	984	2063	1392	83	249	233	827	94	98	765	984	618	280	594	189	259	1385	261	1207	189	618	439	1017	784	733	153	2317	396	1300	571	1470	1348	534	78	1196	264	133	1227	1273	1318	1017	389	85	491	863	55	545	451	1430	151	508	1311	189	606	733	259	2432	570	3359	20	812	454	1335	324	400	498	89	370	522	418	1252	965	1258	820	42	113	965	288	424	1958	534	129	1850	453	1107	1227	107	491	28	1403	334	1541	1181	498	777	1204	372	1895	204	678	544	448	2269	204	253	1744	1133	1351	2039	213	207	1473	85	73	1572	1062	788	627	1493	459	510	311	800	498	518	275	464	543	233	78	779	786	1291	463	400	980	971	152	852	570	143	0	620	2344	577	233	887	1351	593	733	1880	1745	778	568	975	1125	1161	586	445	400	339	259	1048	524	2323	206	106	328	459	1217	251	1278	778	1656	1506	148	820	578	0	332	973	324	1515	772	269	1063	411	163	1552	96	780	1561	1565	453	1070	233	547	335	204	519	1011	192	521	359	334	345	448	395	498	430	195	735	1361	343	589	524	85	498	998	2345	259	404	309	194	102	1397	151	606	1093	203	712	411	1052	203	544	70	270	371	1223	93	1481	396	30	498	426	2820	426	649	770	510	1084	1024	91	102	1138	161	2074	547	159	96	452	482	446	887	204	422	373	107	402	381	1818	1569	496	1022	453	1092	424	1290	1195	1142	759	799	188	679	1493	438	984	1026
172	1280	399	397	841	1168	78	532	298	334	0	0	415	368	328	311	244	266	798	110	1433	93	391	17	240	256	404	831	1968	1084	316	236	563	1032	330	331	431	830	284	255	429	399	375	1114	267	1155	396	284	285	857	807	413	447	2010	176	984	297	1135	1028	201	327	863	391	201	919	1505	984	857	177	297	679	532	279	266	256	1435	452	246	1040	398	428	413	375	2264	386	3095	338	581	283	1015	20	133	230	297	446	368	702	1488	836	1178	727	309	339	836	464	93	1968	201	205	1839	281	921	919	335	242	352	1087	0	1253	861	273	443	898	86	1641	166	361	214	280	2142	166	580	1979	935	1042	2019	157	161	1168	322	320	1543	851	456	328	1460	286	321	23	566	230	400	256	209	399	563	327	445	455	962	140	175	835	749	445	690	388	194	334	330	2039	446	563	552	1042	473	413	1842	1738	445	431	1221	1088	846	459	274	404	128	380	750	415	2014	162	330	6	286	884	235	962	445	1451	1196	444	727	444	334	156	1189	348	1483	455	226	948	177	462	1217	299	447	1257	1238	309	897	563	461	129	447	186	814	397	255	274	0	24	277	482	339	106	390	453	1031	168	254	415	322	231	667	2036	373	180	46	391	314	1085	452	428	901	507	806	78	837	533	214	321	127	448	1002	308	1164	282	330	273	292	2535	292	315	438	321	754	715	311	300	961	464	1929	411	458	299	338	310	262	552	164	193	449	330	175	455	1774	1535	361	874	309	925	93	968	1128	1003	498	509	397	770	1460	343	830	870
172	1280	399	397	841	1168	78	532	298	334	0	0	415	368	328	311	244	266	798	110	1433	93	391	17	240	256	404	831	1968	1084	316	236	563	1032	330	331	431	830	284	255	429	399	375	1114	267	1155	396	284	285	857	807	413	447	2010	176	984	297	1135	1028	201	327	863	391	201	919	1505	984	857	177	297	679	532	279	266	256	1435	452	246	1040	398	428	413	375	2264	386	3095	338	581	283	1015	20	133	230	297	446	368	702	1488	836	1178	727	309	339	836	464	93	1968	201	205	1839	281	921	919	335	242	352	1087	0	1253	861	273	443	898	86	1641	166	361	214	280	2142	166	580	1979	935	1042	2019	157	161	1168	322	320	1543	851	456	328	1460	286	321	23	566	230	400	256	209	399	563	327	445	455	962	140	175	835	749	445	690	388	194	334	330	2039	446	563	552	1042	473	413	1842	1738	445	431	1221	1088	846	459	274	404	128	380	750	415	2014	162	330	6	286	884	235	962	445	1451	1196	444	727	444	334	156	1189	348	1483	455	226	948	177	462	1217	299	447	1257	1238	309	897	563	461	129	447	186	814	397	255	274	0	24	277	482	339	106	390	453	1031	168	254	415	322	231	667	2036	373	180	46	391	314	1085	452	428	901	507	806	78	837	533	214	321	127	448	1002	308	1164	282	330	273	292	2535	292	315	438	321	754	715	311	300	961	464	1929	411	458	299	338	310	262	552	164	193	449	330	175	455	1774	1535	361	874	309	925	93	968	1128	1003	498	509	397	770	1460	343	830	870
447	1688	76	91	1139	1579	493	514	612	140	415	415	0	656	86	217	535	560	1155	361	1754	509	401	414	181	542	801	1123	2202	1496	223	243	248	687	85	83	837	1122	690	262	563	76	396	1505	236	1345	78	690	425	1155	673	828	35	2423	419	1399	593	1530	1381	600	217	1253	401	236	1331	1136	1376	1155	411	120	352	945	176	571	453	1562	45	530	1431	76	580	828	396	2571	550	3483	121	939	445	1368	410	508	524	118	273	656	292	1116	1104	1398	960	128	76	1104	413	509	2088	600	233	1983	444	1243	1331	80	509	111	1501	415	1655	1276	505	845	1309	472	2021	253	775	607	439	2409	253	183	1609	1267	1454	2173	263	258	1579	224	213	1462	1194	848	659	1630	450	500	392	787	524	656	256	489	678	248	217	848	843	1377	523	425	1119	945	33	989	550	251	140	647	2451	714	248	955	1454	731	828	2016	1877	839	705	840	1263	1192	723	438	328	375	396	1157	661	2427	257	84	409	450	1274	244	1376	839	1791	1609	242	960	715	140	358	834	464	1651	869	266	1203	436	51	1621	115	842	1667	1608	433	1207	248	490	371	317	600	1145	81	544	337	415	432	440	289	631	520	90	848	1444	364	660	661	224	523	1052	2449	396	427	402	88	100	1498	45	580	1228	93	585	493	1183	225	607	210	315	273	1355	107	1579	376	117	505	560	2937	560	718	828	500	1169	1127	104	242	1275	55	2214	683	47	116	419	612	444	955	255	443	275	85	426	283	1955	1705	631	1161	433	1230	509	1327	1102	1281	878	910	76	554	1630	400	1122	1164
532	1103	678	683	490	1013	350	901	72	522	368	368	656	0	586	451	579	593	507	476	1100	339	345	384	538	590	550	476	1602	941	448	577	672	1336	580	583	534	475	445	604	788	678	334	882	608	789	676	445	653	506	1171	401	675	1847	541	873	615	1180	1172	433	459	944	345	430	786	1792	1049	506	544	546	987	553	479	585	620	1080	673	583	811	677	784	401	334	1924	742	2843	538	302	649	1160	352	241	567	549	788	0	940	1772	472	810	359	527	597	472	410	339	1610	433	431	1476	647	587	786	591	588	550	971	368	1054	772	626	557	757	284	1379	482	354	453	646	1784	482	759	2265	611	905	1654	477	478	1013	450	458	1911	540	603	610	1095	651	681	374	883	567	54	604	558	31	672	459	559	612	912	441	539	476	1063	673	337	745	413	522	624	1871	79	672	639	905	107	401	1475	1377	589	63	1496	725	1017	92	640	762	497	339	595	71	1856	479	587	367	651	965	576	853	589	1135	1057	530	359	76	522	523	1487	241	1118	415	574	581	540	686	1223	555	587	1098	1337	676	554	672	829	497	475	366	489	678	588	638	368	345	643	823	28	319	675	302	989	536	432	71	450	568	788	1878	333	545	335	675	572	957	673	784	572	725	1156	350	530	648	453	461	479	789	702	561	1048	650	539	626	96	2318	96	478	597	681	728	599	562	425	621	684	1577	45	681	555	707	58	627	639	479	554	791	587	539	798	1406	1170	32	517	676	579	339	1107	1493	644	285	365	676	1119	1095	711	475	517
366	1603	93	101	1074	1494	407	485	538	107	328	328	86	586	0	175	457	481	1079	276	1687	422	366	328	97	464	716	1058	2153	1411	183	169	297	750	12	9	751	1058	604	195	507	93	359	1424	171	1301	92	604	359	1090	677	742	119	2337	340	1313	515	1445	1302	514	181	1169	366	157	1245	1208	1291	1090	332	40	403	859	115	492	381	1532	126	452	1350	92	521	742	359	2508	488	3403	88	862	377	1289	324	425	444	36	263	586	376	1189	1044	1349	905	71	11	1044	394	422	2061	514	156	1951	376	1174	1245	6	432	90	1415	328	1572	1190	432	759	1224	388	1943	167	689	521	371	2354	167	263	1682	1196	1369	2140	177	172	1494	187	175	1465	1121	763	579	1591	382	433	306	724	444	591	189	410	610	297	181	762	759	1290	437	345	1056	888	118	922	489	174	107	568	2366	648	297	869	1369	668	742	1978	1846	754	638	915	1222	1114	659	369	296	292	359	1072	598	2342	170	1	323	382	1190	171	1290	754	1720	1523	248	905	649	107	277	901	413	1613	783	192	1146	357	136	1536	31	757	1582	1527	370	1140	297	449	288	310	513	1074	94	465	273	328	346	371	288	560	433	94	765	1358	284	574	598	186	444	968	2363	358	348	317	94	14	1413	126	521	1158	179	610	407	1110	270	521	172	229	264	1281	24	1493	312	77	432	490	2854	490	632	743	433	1082	1042	23	197	1207	138	2155	616	131	31	362	539	373	869	168	365	266	1	347	274	1915	1667	563	1098	370	1164	422	1247	1089	1220	798	826	92	577	1591	346	1058	1100
425	1521	264	274	927	1419	383	640	417	77	311	311	217	451	175	0	517	541	957	320	1542	394	190	320	200	527	714	909	1985	1339	8	286	257	904	164	167	737	909	592	320	626	264	183	1321	304	1130	263	592	467	942	850	690	229	2263	407	1251	576	1444	1338	513	16	1174	190	119	1176	1347	1294	942	401	143	568	826	69	548	472	1356	225	515	1248	263	636	690	183	2356	597	3292	96	745	479	1325	297	353	503	148	436	451	490	1326	888	1181	743	104	184	888	224	394	1886	513	116	1776	478	1033	1176	177	500	105	1354	311	1482	1134	514	751	1151	332	1828	217	634	525	474	2192	217	311	1818	1061	1299	1965	224	218	1419	14	9	1636	991	767	625	1417	484	534	289	821	503	445	316	471	471	257	16	753	767	1250	449	410	905	996	227	778	598	120	77	621	2289	503	257	860	1299	518	690	1804	1671	756	495	1049	1049	1154	512	470	456	345	184	993	449	2269	218	175	304	484	1195	287	1229	756	1583	1454	133	743	505	77	345	1049	247	1439	727	303	986	420	238	1520	155	758	1507	1550	484	996	257	593	342	157	488	939	266	527	395	311	317	473	463	429	396	268	679	1321	358	563	449	14	503	978	2291	183	415	277	267	166	1347	225	636	1020	275	785	383	981	228	525	10	277	437	1153	156	1432	430	103	514	357	2758	357	625	750	534	1044	974	154	26	1064	235	1997	474	234	155	489	414	468	860	216	433	439	176	411	447	1742	1493	424	947	484	1018	394	1279	1253	1065	698	744	263	752	1417	478	909	951
92	1291	486	477	1009	1170	230	384	506	511	244	244	535	579	457	517	0	25	919	196	1567	239	631	228	362	11	311	1004	2147	1083	523	293	743	1013	465	464	363	1003	250	280	221	486	615	1173	306	1366	483	250	157	1026	673	440	571	1992	116	968	59	1008	846	180	533	731	631	397	923	1491	852	1026	124	443	680	493	463	36	106	1659	580	7	1101	486	212	440	615	2398	173	3132	506	717	137	833	265	341	14	441	424	579	780	1478	1022	1376	934	473	463	1022	700	239	2190	180	401	2055	136	1069	923	462	31	518	1066	244	1281	842	67	361	910	305	1704	306	411	167	139	2303	306	718	1957	1072	1039	2231	298	304	1170	530	525	1349	984	342	125	1672	135	128	256	322	14	621	286	47	610	743	533	363	333	908	138	112	1013	504	569	867	176	398	511	111	2023	658	743	460	1039	687	440	2048	1956	338	641	1229	1304	657	671	135	346	172	619	787	637	1991	305	458	249	135	750	291	946	338	1568	1184	647	934	654	511	180	1170	593	1695	484	270	1136	100	587	1110	438	343	1256	1073	172	1055	743	306	175	668	240	959	481	10	227	244	258	137	456	552	260	471	548	965	172	231	637	530	14	528	2013	613	108	291	473	447	1073	580	212	1045	627	722	230	968	713	167	524	241	425	1118	446	1139	198	495	67	521	2550	521	256	321	128	706	732	450	514	1113	591	2081	624	583	438	213	522	120	460	306	92	426	458	110	428	1978	1746	580	1047	172	1085	239	791	923	1178	614	585	484	687	1672	232	1003	1040
118	1280	510	500	1016	1159	246	389	520	536	266	266	560	593	481	541	25	0	921	221	1568	254	654	250	386	17	297	1012	2154	1072	548	317	768	1028	489	488	351	1010	245	304	218	510	638	1167	329	1378	506	245	173	1032	677	436	595	1977	141	956	34	986	821	183	558	709	654	422	912	1506	831	1032	149	468	698	482	488	17	124	1673	605	29	1095	509	206	436	638	2399	170	3123	531	721	152	808	286	357	38	466	442	593	802	1493	1031	1387	946	498	488	1031	724	254	2203	183	425	2067	151	1073	912	487	51	543	1053	266	1272	830	77	347	900	323	1697	332	409	168	155	2308	332	743	1970	1075	1028	2243	323	329	1159	555	550	1342	986	325	103	1684	149	134	278	301	38	636	309	72	624	768	558	349	316	892	152	137	1021	484	594	875	173	423	536	87	2009	672	768	444	1028	700	436	2059	1969	321	655	1246	1317	632	684	152	362	197	642	781	652	1977	330	483	271	149	729	315	934	321	1567	1172	672	946	668	536	205	1185	614	1707	479	294	1145	125	611	1090	463	327	1244	1049	186	1060	768	312	201	693	246	963	505	16	248	266	278	152	473	566	274	495	550	949	197	228	652	554	38	507	1998	636	133	312	496	472	1060	605	206	1049	651	732	246	970	738	168	549	266	444	1118	471	1126	217	520	77	537	2538	537	247	304	134	692	724	475	538	1118	615	2084	638	608	463	226	537	137	444	332	116	444	482	135	446	1989	1758	595	1055	186	1091	254	767	916	1185	616	584	508	697	1684	246	1010	1047
916	652	1168	1170	223	594	741	1297	543	1025	798	798	1155	507	1079	957	919	921	0	904	647	725	843	809	1016	927	705	244	1268	547	954	1033	1176	1822	1075	1077	652	242	683	1053	1140	1168	834	395	1064	663	1166	683	1046	230	1584	503	1176	1379	938	539	926	999	1129	739	965	861	843	922	445	2288	920	230	944	1039	1469	562	979	906	1000	998	1176	926	332	1167	1127	503	834	1478	1091	2336	1041	218	1035	1120	790	670	913	1043	1245	507	1444	2268	316	609	410	1027	1091	316	898	725	1464	739	923	1304	1033	183	445	1085	941	1053	609	798	586	502	983	674	412	715	872	950	514	752	1034	1395	950	1266	2761	163	526	1449	942	944	594	956	965	2254	76	730	881	931	1035	1045	814	1140	913	524	1055	922	491	1176	965	674	746	654	795	934	268	1290	1175	246	1094	905	1025	905	1400	471	1176	678	526	466	503	1251	1224	720	473	1994	656	1040	466	1028	1199	916	839	309	526	1393	946	1081	800	1035	875	1032	527	720	654	653	1036	410	466	1025	947	1977	741	953	468	1024	386	929	1188	982	1048	715	667	1207	1069	205	1176	1219	918	976	682	105	1167	924	1064	798	774	1031	1281	528	704	1162	371	724	956	694	526	956	915	805	1414	833	937	784	1163	1065	582	1176	1127	153	1229	1602	741	58	1154	752	967	925	1246	204	1055	673	1062	1041	983	600	1818	600	695	740	1045	570	376	1056	931	230	1187	1166	491	1184	1047	1107	543	1012	678	947	940	1248	1080	932	1253	1178	994	536	266	1069	233	725	1068	1825	354	307	345	1166	1566	931	1118	242	244
104	1365	328	322	951	1250	165	425	407	317	110	110	361	476	276	320	196	221	904	0	1542	183	446	96	179	206	440	941	2077	1165	327	142	550	935	282	282	479	940	334	152	338	328	431	1211	169	1261	324	334	184	967	697	493	395	2088	90	1060	256	1169	1032	243	336	893	446	200	1000	1411	1015	967	87	255	584	593	267	228	166	1534	403	194	1136	327	341	493	431	2374	300	3189	313	688	187	1019	124	243	182	254	342	476	633	1395	946	1286	834	281	285	946	511	183	2068	243	204	1941	185	1030	1000	282	180	326	1161	110	1342	935	199	486	981	196	1739	113	446	247	182	2252	113	539	1884	1043	1122	2123	104	110	1250	333	328	1439	959	486	310	1564	190	233	102	506	182	505	155	150	507	550	336	488	482	1025	163	92	945	685	394	800	301	202	317	303	2118	554	550	594	1122	580	493	1947	1840	478	539	1132	1192	845	566	177	295	27	435	839	519	2091	111	278	109	190	913	140	1037	478	1558	1274	450	834	552	317	47	1093	425	1587	537	126	1057	101	412	1260	253	481	1338	1253	207	1007	550	355	25	473	257	923	324	207	164	110	134	180	379	447	202	315	552	1089	60	305	519	333	182	691	2113	429	97	141	317	264	1162	403	341	1010	455	698	165	945	520	247	327	47	344	1108	262	1238	173	303	199	396	2623	396	359	466	233	817	798	265	318	1071	415	2039	518	408	253	232	418	168	594	113	115	345	277	93	350	1880	1640	467	984	207	1035	183	975	1027	1113	601	605	326	661	1564	235	940	980
1561	759	1779	1783	615	813	1383	1943	1154	1617	1433	1433	1754	1100	1687	1542	1567	1568	647	1542	0	1366	1391	1446	1636	1575	1341	633	708	841	1538	1664	1723	2437	1681	1683	1285	634	1329	1687	1787	1779	1387	563	1695	664	1777	1329	1691	600	2230	1145	1770	1219	1582	927	1574	1419	1642	1386	1547	1383	1391	1531	872	2890	1399	600	1587	1646	2087	1177	1578	1554	1646	870	1767	1573	595	1778	1774	1145	1387	832	1739	1852	1634	855	1681	1637	1423	1301	1561	1650	1877	1100	2031	2868	665	552	824	1626	1698	665	1425	1366	1127	1386	1532	961	1679	514	872	1692	1589	1646	926	1433	673	976	1631	1304	853	1348	526	1575	1161	1400	1680	768	1575	1836	3360	499	858	1036	1569	1570	813	1538	1548	2898	584	1359	1526	715	1681	1693	1447	1778	1561	1098	1688	1569	1076	1723	1547	1303	1375	1084	1441	1578	640	1918	1769	764	1742	1514	1617	1550	1223	1040	1723	1286	858	1023	1145	846	926	1350	1049	2591	734	1602	1030	1674	1838	1556	1390	863	1093	1246	1571	1688	1435	1681	1391	1663	930	1350	123	875	1592	824	1038	1617	1586	2587	1301	726	1107	1657	594	1573	1780	1344	1656	1344	821	1645	1714	547	1723	1866	1558	1520	1329	619	1779	1572	1705	1433	1409	1677	1913	1127	1345	1776	1018	1124	1596	1341	1093	1538	1562	1389	1261	1386	1582	1414	1776	1673	890	1767	1774	533	1817	2240	1383	600	1706	1400	1551	1558	1878	453	1662	940	1705	1637	1631	1196	1446	1196	1339	1371	1693	1107	939	1663	1516	479	1777	530	1070	1776	1656	1752	1149	1658	1286	1572	1585	1880	1688	1577	1886	782	732	1123	598	1714	524	1366	1591	2469	495	953	989	1777	2203	715	1762	634	592
199	1188	492	489	786	1076	17	581	266	424	93	93	509	339	422	394	239	254	725	183	1366	0	445	96	334	251	322	779	1921	991	398	322	649	1118	424	425	343	778	198	335	451	492	428	1028	351	1127	489	198	328	803	864	320	540	1917	216	891	279	1049	956	128	410	780	445	291	826	1593	900	803	221	390	765	439	368	248	288	1419	545	243	954	491	446	320	428	2199	404	3007	429	511	321	944	100	103	228	391	526	339	795	1576	791	1142	696	401	433	791	521	0	1950	128	294	1816	318	858	826	429	248	443	993	93	1163	768	288	357	806	79	1556	259	268	145	318	2087	259	672	2066	868	949	1993	250	254	1076	404	403	1579	782	376	288	1433	322	345	116	551	228	381	338	220	371	649	410	359	377	869	103	213	785	733	539	639	407	281	424	297	1946	419	649	465	949	447	320	1811	1717	364	402	1311	1065	779	431	312	474	191	433	660	398	1921	255	424	99	322	801	320	868	364	1379	1102	524	696	415	424	222	1275	382	1457	362	308	904	210	556	1128	393	366	1164	1160	352	838	649	505	194	519	94	749	489	248	339	93	78	315	562	312	21	482	368	938	230	169	398	403	229	587	1943	426	217	116	483	408	991	545	446	836	600	877	17	767	620	145	404	213	527	928	402	1070	338	422	288	284	2445	284	232	360	345	661	623	404	380	900	557	1870	384	551	393	387	282	297	465	257	223	528	424	212	533	1742	1508	341	822	352	867	0	895	1157	953	420	422	490	841	1433	396	778	817
546	1448	454	465	779	1356	441	818	342	264	391	391	401	345	366	190	631	654	843	446	1391	445	0	406	377	642	758	758	1804	1282	183	457	335	1080	355	358	767	758	634	491	779	454	17	1226	480	945	454	634	619	793	1039	681	405	2192	537	1208	687	1464	1399	573	186	1205	0	269	1124	1509	1321	792	533	332	753	830	255	656	612	1165	398	631	1155	453	785	681	17	2193	744	3175	285	647	627	1386	372	364	617	338	625	345	648	1486	728	1001	575	294	375	728	77	445	1695	573	266	1585	626	893	1124	368	622	291	1308	391	1400	1099	646	785	1096	367	1714	370	625	590	622	2017	370	445	1975	926	1245	1774	374	369	1356	180	191	1823	866	814	720	1229	631	678	376	950	617	319	488	590	354	335	186	787	817	1230	529	538	750	1131	404	637	745	258	264	722	2217	372	335	887	1245	380	681	1615	1480	801	370	1208	862	1223	378	617	638	474	11	934	317	2202	369	366	385	631	1227	458	1186	801	1442	1399	201	575	376	264	484	1220	104	1250	709	469	818	546	410	1524	345	802	1443	1593	639	851	335	764	472	132	528	808	457	642	560	391	385	621	653	333	437	459	627	1305	498	608	317	180	617	1022	2223	18	544	346	458	357	1296	398	785	884	440	976	441	858	316	590	194	415	626	1029	346	1385	590	293	646	270	2660	270	670	800	678	1033	930	345	170	918	406	1829	352	407	345	651	331	612	887	368	561	628	367	539	636	1554	1304	313	793	639	869	445	1336	1433	904	626	693	453	943	1229	644	758	800
155	1284	396	393	855	1172	79	517	314	339	17	17	414	384	328	320	228	250	809	96	1446	96	406	0	237	240	398	846	1983	1088	325	227	569	1024	330	331	427	844	279	244	412	396	389	1122	257	1172	393	279	268	872	792	416	447	2013	159	987	282	1130	1018	194	336	857	406	207	922	1498	978	871	160	298	671	531	284	250	239	1452	452	229	1048	395	411	416	389	2277	369	3102	341	593	267	1006	37	147	214	298	435	384	699	1481	851	1194	743	312	338	851	478	96	1985	194	211	1856	265	934	922	334	225	355	1089	17	1259	863	256	438	902	101	1649	163	365	206	263	2157	163	582	1971	947	1045	2036	153	157	1172	331	329	1527	863	449	315	1476	269	304	30	550	214	417	246	193	415	569	336	440	448	962	129	158	850	733	445	705	371	201	339	316	2042	463	569	548	1045	490	416	1858	1755	439	447	1215	1105	835	475	257	391	113	394	756	431	2017	159	330	21	269	878	226	964	439	1463	1199	452	743	460	339	142	1181	365	1499	459	215	963	160	463	1214	299	441	1260	1230	292	911	569	445	114	459	185	826	393	239	260	17	39	260	472	355	111	385	461	1030	153	250	431	331	215	660	2039	387	163	62	387	314	1088	452	411	913	507	794	79	849	539	206	329	118	437	1013	308	1166	266	334	256	309	2541	309	310	431	304	754	719	311	310	974	464	1943	427	458	299	322	326	245	548	161	176	438	329	158	444	1790	1552	377	888	292	939	96	959	1111	1018	508	516	394	757	1476	327	844	884
270	1520	159	157	1028	1409	317	442	481	161	240	240	181	538	97	200	362	386	1016	179	1636	334	377	237	0	369	619	1014	2126	1325	208	88	384	806	103	103	656	1013	509	121	432	159	366	1349	104	1284	156	509	277	1044	667	654	216	2251	245	1225	421	1348	1206	419	212	1072	377	117	1160	1273	1195	1044	237	82	453	766	131	397	292	1531	223	357	1275	158	444	654	366	2462	408	3330	151	798	293	1194	239	350	349	79	258	538	462	1255	1006	1325	875	119	105	1006	422	334	2064	419	118	1947	292	1121	1160	103	338	160	1327	240	1492	1101	341	664	1139	309	1872	74	602	425	287	2319	74	360	1747	1141	1283	2134	84	79	1409	214	204	1446	1062	666	483	1580	298	349	218	640	349	550	116	314	565	384	212	666	662	1198	341	249	1014	809	214	875	409	133	161	473	2280	606	384	773	1283	628	654	1967	1843	657	594	985	1208	1018	618	284	261	195	368	990	560	2255	78	98	235	298	1093	89	1202	657	1663	1436	309	875	606	161	181	960	400	1603	696	107	1111	261	232	1439	77	661	1497	1430	291	1091	384	393	191	355	422	1018	156	371	198	240	260	287	291	510	347	150	688	1264	189	480	560	213	349	871	2277	365	253	237	151	85	1325	223	444	1104	275	625	317	1050	355	425	202	133	259	1219	84	1404	235	139	341	444	2775	444	536	646	349	990	956	88	211	1157	235	2115	572	228	76	291	486	286	773	76	270	261	98	251	269	1902	1656	519	1055	291	1116	334	1151	1056	1180	726	747	157	589	1580	279	1013	1055
102	1294	492	482	1019	1173	242	378	517	520	256	256	542	590	464	527	11	17	927	206	1575	251	642	240	369	0	312	1014	2157	1086	533	299	751	1013	472	471	365	1013	255	286	212	492	626	1178	311	1376	488	255	156	1035	667	446	577	1993	124	970	51	1004	839	188	543	727	642	407	926	1490	849	1035	132	451	681	496	473	33	106	1670	587	12	1106	491	202	446	626	2406	164	3136	515	726	136	826	277	352	25	449	425	590	784	1478	1033	1387	945	482	470	1033	711	251	2201	188	411	2066	135	1078	926	470	33	526	1068	256	1285	844	63	362	913	317	1709	316	418	175	138	2312	316	725	1955	1081	1042	2242	307	313	1173	540	535	1339	992	342	120	1683	133	122	267	310	25	632	291	56	621	751	543	365	332	908	149	120	1023	493	576	877	167	408	520	105	2024	669	751	460	1042	698	446	2059	1967	338	653	1229	1315	650	682	135	346	181	631	792	648	1992	314	466	261	133	747	297	949	338	1575	1186	657	945	665	520	188	1169	605	1706	490	276	1147	109	594	1108	446	343	1258	1067	170	1064	751	300	185	679	249	968	487	3	230	256	270	136	456	563	271	477	556	965	180	237	648	540	25	525	2014	624	116	302	479	454	1075	587	202	1054	634	718	242	976	722	175	534	250	426	1126	454	1141	200	504	63	532	2552	532	260	320	122	707	736	458	524	1122	598	2090	635	590	446	211	533	120	460	316	99	427	465	118	429	1989	1757	592	1057	170	1094	251	785	913	1188	622	592	490	683	1683	230	1013	1050
371	987	767	760	850	864	331	676	490	737	404	404	801	550	716	714	311	297	705	440	1341	322	758	398	619	312	0	853	1972	777	719	574	968	1325	720	720	59	851	124	572	491	767	741	893	595	1263	764	124	468	865	960	206	835	1681	402	660	282	732	641	203	731	459	758	605	620	1802	580	865	410	690	989	189	682	279	417	1583	842	318	824	766	472	206	741	2161	448	2831	739	543	448	628	417	394	315	690	733	550	1071	1790	891	1249	849	709	725	891	836	322	2097	203	609	1950	447	878	620	722	342	753	756	404	983	534	374	50	611	394	1419	549	219	194	450	2099	549	976	2267	869	733	2113	538	544	864	725	724	1559	779	55	211	1564	446	428	427	437	315	603	577	344	575	968	731	52	62	597	278	396	868	585	834	732	451	598	737	236	1712	615	968	154	733	642	206	1921	1858	42	599	1539	1218	472	625	447	657	429	747	507	621	1680	545	717	411	446	480	573	638	42	1324	875	846	849	609	737	453	1482	682	1587	237	553	1002	385	852	820	690	43	949	838	483	878	968	602	433	840	231	771	763	309	533	404	397	448	766	533	324	754	358	657	451	152	621	724	316	265	1702	739	395	437	755	703	764	842	472	850	895	1027	331	761	938	194	724	486	735	887	699	829	508	731	374	543	2242	543	89	46	428	395	442	702	701	925	854	1868	590	847	690	523	509	431	154	547	385	735	717	394	738	1849	1635	568	894	483	909	322	578	1130	1018	432	362	765	992	1564	543	851	881
979	868	1151	1157	27	825	794	1359	537	984	831	831	1123	476	1058	909	1004	1012	244	941	633	779	758	846	1014	1014	853	0	1143	786	905	1051	1092	1808	1052	1054	809	1	798	1077	1225	1151	754	595	1082	432	1150	798	1107	35	1638	647	1138	1569	995	784	1025	1238	1348	831	914	1083	758	905	690	2257	1151	35	999	1018	1461	745	947	1000	1067	766	1135	1010	545	1150	1216	647	754	1449	1177	2437	1002	310	1100	1339	818	698	996	1022	1263	476	1398	2235	73	398	211	996	1070	73	796	779	1255	831	906	1101	1098	152	690	1063	1021	1013	852	831	792	743	1062	832	657	744	993	958	638	848	1098	1311	958	1202	2727	199	768	1260	953	953	825	905	915	2354	195	889	995	719	1101	1122	841	1268	996	467	1077	996	449	1092	914	833	904	897	868	992	24	1433	1136	140	1180	888	984	1016	1587	409	1092	861	768	391	647	1067	1014	877	420	1958	414	1242	399	1091	1233	959	757	544	461	1586	955	1059	831	1101	1099	1051	771	877	685	888	959	211	409	984	988	1957	667	742	625	1047	154	989	1147	1225	1028	873	893	1442	1131	99	1092	1285	960	888	765	140	1152	1011	1105	831	807	1095	1298	504	757	1149	494	968	999	800	461	905	997	1001	1607	753	996	805	1149	1045	823	1135	1216	157	1183	1631	794	204	1074	848	918	950	1264	321	1034	913	1112	1005	1062	570	1958	570	819	894	1122	797	604	1034	883	163	1144	1101	442	1143	1028	1165	529	1077	861	955	1003	1266	1059	991	1273	995	787	495	43	1131	112	779	1285	1928	173	420	500	1150	1594	719	1172	1	41
2121	1457	2246	2254	1138	1520	1935	2499	1669	2063	1968	1968	2202	1602	2153	1985	2147	2154	1268	2077	708	1921	1804	1983	2126	2157	1972	1143	0	1549	1979	2176	2101	2884	2144	2147	1920	1144	1934	2204	2368	2246	1806	1271	2207	863	2245	1934	2248	1122	2773	1766	2209	1768	2135	1632	2167	2127	2341	1972	1985	2078	1804	2011	1572	3297	2102	1122	2139	2114	2554	1829	2037	2142	2210	778	2203	2153	1297	2245	2359	1766	1806	610	2320	1973	2082	1439	2242	2335	1953	1836	2139	2119	2383	1602	2445	3273	1131	804	1251	2084	2163	1131	1811	1921	631	1972	2011	520	2240	1093	1572	2156	2164	2091	1634	1968	1375	1673	2205	1942	1551	1882	1102	2079	1768	1989	2239	283	2079	2235	3751	1104	1565	461	2076	2075	1520	1978	1989	3497	1194	1999	2133	630	2243	2265	1975	2401	2139	1579	2204	2139	1572	2101	1985	1942	2014	1789	2011	2133	1135	2557	2208	1282	2323	1994	2063	2154	1762	1526	2101	1944	1565	1501	1766	369	571	1989	1540	2997	950	2287	1514	2233	2363	2096	1808	1537	1568	1801	2077	2154	1967	2243	2087	2176	1635	1989	798	1581	1994	1251	1527	2063	2124	3022	1739	617	1735	2175	1020	2131	2215	2051	2126	1983	1522	2353	2272	1097	2101	2426	2097	1914	1908	1201	2247	2154	2240	1968	1944	2236	2417	1631	1899	2247	1621	1832	2136	1939	1568	1978	2140	2062	1811	1806	2137	1937	2247	2141	1598	2203	2359	1121	2243	2751	1935	1211	2092	1989	1992	2081	2385	1112	2130	1648	2250	2088	2205	1689	1780	1689	1951	2008	2265	1793	1613	2129	1961	1046	2211	321	1561	2212	2125	2305	1659	2219	1944	2077	2145	2386	2154	2132	2394	367	572	1614	1100	2272	1066	1921	2287	3070	969	1548	1609	2245	2716	630	2310	1144	1107
