NAME : VRPTW_INSTANCE_247.txt
COMMENT : Bangkok Supermarket
TYPE : VRPTW
DIMENSION : 224
DAYS : Monday
EDGE_WEIGHT_TYPE : EXPLICIT
VEHICLES : 31
EDGE_WEIGHT_FORMAT : FULL_MATRIX
CAPACITY : 1000
EDGE_WEIGHT_SECTION
0	101	2108	409	428	183	1032	300	1829	587	474	246	205	201	412	525	88	1042	640	614	1190	155	1029	1144	482	288	284	745	1931	496	51	207	620	277	850	393	185	987	532	635	344	322	1268	290	547	1134	410	3443	358	1482	431	170	893	1089	358	211	786	353	612	410	395	490	67	503	239	77	103	101	176	213	1175	1190	220	547	491	412	351	402	248	1080	1347	402	979	82	637	255	1811	775	1019	167	1766	1755	631	264	502	479	436	349	816	582	203	491	185	118	400	809	202	212	146	211	153	140	367	124	213	465	1397	216	207	465	2074	449	165	438	932	121	449	491	394	609	300	206	312	991	428	1556	578	118	1727	216	189	189	359	607	1997	533	62	1213	22	133	402	610	350	1187	1171	414	438	264	346	584	355	581	419	237	1423	358	193	91	215	379	246	444	2514	534	426	1627	417	623	402	83	737	1523	38	2010	355	307	1660	1100	227	191	1870	255	481	308	1640	404	609	525	581	1213	492	328	958	224	611	481	975	1221	351	518	396	102	1747	2460	196	113	246	440	527	373	399	110	1740	1190
101	0	2207	367	523	138	1130	389	1927	687	373	330	177	155	408	498	37	1081	681	619	1089	256	1129	1242	454	314	377	799	2030	467	79	177	615	369	951	404	282	1015	622	590	332	335	1369	382	637	1187	368	3539	258	1577	453	89	994	1187	258	228	875	269	644	411	460	544	98	590	340	136	142	141	256	183	1262	1277	189	511	580	410	261	360	337	1180	1439	316	1076	136	726	211	1906	850	1111	68	1667	1850	644	355	472	448	457	249	907	672	222	580	282	160	312	902	173	262	78	182	253	193	287	224	152	545	1468	185	177	545	2161	416	251	458	849	34	535	580	350	710	389	120	339	1090	501	1654	603	160	1826	230	284	287	434	703	2093	621	99	1305	85	229	359	615	267	1286	1260	435	460	355	333	673	343	667	504	173	1500	258	287	175	170	364	330	529	2597	583	425	1714	501	634	316	129	838	1440	79	2106	255	335	1753	1195	164	90	1958	356	451	334	1712	406	710	601	489	1305	464	416	888	180	640	454	1064	1314	340	464	415	142	1832	2561	293	25	183	507	576	352	355	150	1826	1256
2108	2207	0	2391	1695	2253	1085	1838	815	1570	2580	1956	2245	2265	2274	2415	2184	1842	2086	2309	3296	1954	1203	1171	2392	2145	1839	1750	247	2403	2133	2248	2363	1894	1279	2210	1948	1958	1726	2414	2271	2188	896	1888	1717	1654	2394	1415	2456	726	2173	2272	1238	1179	2456	2164	1405	2444	2139	2253	1856	1861	2143	1772	1869	2085	2096	2129	2015	2251	1121	1110	2256	2463	1764	2263	2449	2390	1932	1146	1250	2493	1297	2089	1669	2296	1046	1547	1174	2275	3874	542	2266	1912	2411	2402	2181	2441	1527	1575	2160	1764	1948	2084	2495	1500	2244	2018	2245	2247	1962	2053	2449	1984	2251	1849	1322	2253	2248	1849	791	2388	2004	2185	2869	2219	1811	1764	2387	1513	1838	2308	2143	1216	1795	955	2179	2084	396	2170	1952	1920	1841	1607	345	1738	2138	1009	2127	1980	2390	2307	2439	926	1098	2173	2176	1912	2275	1698	2276	1734	1748	2268	1182	2456	1924	2061	2274	2294	1956	1817	1123	2033	2263	1354	1751	2274	2493	2124	1388	3555	2139	361	2447	2141	1144	1296	2263	2295	787	1863	2397	2149	1268	2248	1513	1708	2620	1009	2400	1881	2948	2277	2169	2391	1244	1273	2274	2395	2183	2095	1437	376	1915	2214	2272	1943	2034	2314	2390	2127	1436	1465
409	367	2391	0	797	231	1355	692	1990	820	419	442	203	213	151	140	404	1446	495	321	1006	505	1226	1312	100	245	667	1154	2239	110	429	201	292	504	1112	207	479	1383	677	905	120	205	1509	508	689	1543	3	3765	416	1822	267	285	1152	1272	416	241	1162	206	435	172	804	899	342	632	584	481	499	324	397	195	1550	1565	188	144	635	162	236	8	469	1282	1446	221	1150	484	757	157	1926	1176	1382	333	1528	2094	368	487	112	88	263	429	936	960	247	635	479	517	237	947	206	618	289	198	487	545	183	496	493	558	1799	193	201	558	2442	59	414	260	1032	392	586	635	18	883	692	270	250	1199	833	1709	377	517	2029	234	469	562	765	791	2321	667	348	1571	387	525	9	318	202	1498	1542	256	269	487	116	715	117	688	813	507	1817	416	580	390	198	105	442	579	2893	451	173	1677	812	353	221	339	1005	1170	371	2337	431	251	1759	1232	499	358	2239	565	94	243	2041	174	883	927	661	1571	107	510	575	188	414	100	1346	1333	118	772	237	499	1776	2724	576	387	515	472	446	80	13	319	1770	1597
428	523	1695	797	0	599	611	142	1507	339	889	387	607	616	739	881	495	810	792	888	1602	293	722	855	842	585	146	484	1510	856	445	610	918	335	491	690	320	809	439	810	697	634	899	341	450	833	799	3016	761	1054	692	599	533	788	761	557	365	781	799	726	229	316	479	450	213	393	401	480	405	615	754	769	621	916	427	733	779	792	358	761	1110	830	707	395	519	661	1532	408	592	591	2186	1327	878	347	864	845	700	746	636	163	551	427	320	389	829	610	604	327	574	611	309	357	793	310	556	481	1019	617	610	481	1649	820	385	704	1223	529	427	427	786	286	142	635	597	675	182	1253	796	389	1308	564	332	242	180	420	1570	452	473	785	450	295	792	885	778	769	747	681	698	347	700	478	706	506	101	574	1024	761	236	410	628	730	387	428	2096	679	741	1420	104	877	830	469	390	1947	465	1583	752	594	1403	855	568	607	1447	242	844	599	1256	720	286	200	931	785	853	373	1369	634	815	841	551	983	703	746	676	400	1554	2056	232	525	578	539	673	738	790	482	1548	837
183	138	2253	231	599	0	1189	480	1923	698	369	311	43	18	275	360	174	1214	576	487	1064	308	1132	1236	316	211	459	925	2085	329	197	42	480	366	979	281	304	1151	597	712	198	218	1392	375	612	1314	233	3604	293	1648	336	73	1022	1186	293	131	962	191	532	281	577	669	121	558	394	251	268	124	242	47	1352	1367	53	374	554	279	198	224	329	1186	1410	240	1069	254	695	74	1885	958	1191	123	1625	1921	516	349	334	309	339	294	880	758	129	554	304	285	243	881	40	387	63	48	295	315	197	289	279	500	1580	49	42	500	2249	278	249	339	922	167	505	554	215	740	480	87	235	1098	611	1644	485	285	1878	129	300	357	543	695	2157	593	127	1384	160	310	224	483	186	1340	1346	319	343	349	198	645	208	630	600	297	1605	293	369	194	33	228	311	498	2693	489	294	1671	598	505	240	131	868	1347	144	2172	299	232	1726	1175	288	158	2046	391	313	228	1823	277	740	708	549	1384	326	397	776	42	523	315	1150	1289	205	582	297	267	1783	2598	369	160	306	441	482	214	220	125	1776	1373
1032	1130	1085	1355	611	1189	0	753	1041	567	1500	913	1188	1203	1260	1406	1104	961	1166	1348	2214	883	474	582	1375	1116	756	746	899	1388	1054	1190	1393	850	314	1200	886	1039	752	1351	1241	1162	409	847	749	843	1358	2415	1373	470	1177	1200	299	521	1373	1117	348	1378	1203	1242	775	793	1074	794	796	1004	1013	1065	961	1194	357	365	1199	1450	779	1251	1379	1352	886	461	866	1427	548	1006	742	1241	1141	530	208	1198	2796	739	1317	867	1396	1383	1186	1358	692	492	1112	779	886	1000	1428	652	1186	932	1174	1190	893	968	1386	909	1165	867	759	1196	1190	867	1119	1363	947	1190	1797	1139	817	779	1348	480	753	1236	1119	438	713	850	1227	1000	697	1124	893	842	756	640	968	768	1068	281	1052	901	1352	1345	1374	160	324	1173	1181	867	1244	746	1247	788	662	1183	680	1373	843	995	1213	1269	913	822	1589	1081	1254	1169	666	1322	1427	1058	382	2525	1065	983	1364	1116	1066	676	1177	1216	924	799	1380	1124	927	1236	480	632	1535	281	1385	852	1928	1218	1229	1375	266	770	1245	1318	1177	1012	1310	1450	836	1134	1187	959	1078	1284	1351	1065	1305	713
300	389	1838	692	142	480	753	0	1638	430	749	330	494	497	655	790	358	821	768	827	1461	192	845	974	749	504	36	499	1651	763	309	496	849	296	625	615	242	796	478	689	603	551	1037	307	492	877	694	3153	620	1190	628	469	667	910	620	459	486	654	764	646	162	272	358	475	142	255	261	368	322	502	874	890	508	821	454	651	649	687	305	887	1218	702	819	257	573	547	1652	484	722	457	2046	1462	825	301	770	749	636	605	717	283	453	454	242	247	699	697	491	187	447	498	213	215	668	195	413	485	1107	504	496	485	1773	722	300	639	1088	392	438	454	679	402	0	505	521	800	156	1378	751	247	1450	466	256	132	102	494	1708	488	352	916	323	169	686	823	650	911	871	615	635	301	606	526	613	545	121	431	1126	620	111	302	510	638	330	437	2213	653	661	1521	119	822	702	354	519	1824	338	1721	611	517	1517	962	425	469	1570	193	750	521	1349	639	402	238	789	916	760	349	1255	518	775	748	675	1089	610	615	606	260	1652	2198	117	388	436	519	646	641	684	372	1645	909
1829	1927	815	1990	1507	1923	1041	1638	0	1242	2288	1612	1900	1930	1848	1970	1917	1999	1572	1814	2982	1677	800	687	1959	1757	1623	1781	897	1967	1870	1903	1872	1562	1016	1786	1645	2081	1327	2316	1872	1788	637	1551	1313	1863	1993	2139	2185	1037	1733	1966	975	740	2185	1805	1376	2104	1635	1826	1726	1778	1840	1368	1605	1837	1858	1811	1685	1904	1305	1303	1907	2020	1370	1836	2119	1992	1598	752	578	2149	853	1842	1235	1943	230	1568	1234	1987	3518	1074	1761	1578	1974	1973	1739	2177	1054	1459	1804	1370	1645	1852	2157	1045	1900	1823	1938	1900	1676	1829	2101	1714	2021	1436	1665	1905	1903	1436	1488	1968	1683	1743	2726	1950	1420	1370	1992	1238	1638	1998	1746	841	1667	281	1688	1852	801	1810	1643	1666	1686	1228	1056	1333	1837	1176	1842	1726	1992	1813	2099	925	1269	1740	1733	1578	1876	1281	1873	1304	1595	2043	1540	2185	1685	1755	1933	1885	1612	1427	1899	1560	1831	562	1598	1773	2149	1813	1119	3083	1849	1079	2183	1746	352	758	2035	2017	1395	1576	1966	1753	1728	1822	1238	1614	2405	1176	1965	1526	2484	1934	1666	1958	1302	667	1872	2253	1756	1856	626	948	1669	1942	2050	1517	1563	1910	1993	1805	626	1706
587	687	1570	820	339	698	567	430	1242	0	1054	390	684	708	708	852	675	1117	605	780	1761	435	442	560	825	574	406	798	1423	837	628	687	827	331	292	645	405	1133	186	1117	701	617	695	323	186	1102	823	2951	945	1036	615	732	332	501	945	597	526	888	637	688	564	656	604	227	366	596	619	579	456	689	849	862	693	898	211	697	897	819	369	492	789	936	397	602	211	733	1234	664	662	748	2322	1301	749	349	845	834	624	936	296	410	594	211	405	614	940	271	683	600	704	685	435	594	890	473	780	299	1199	690	687	299	1686	819	450	628	1495	709	251	211	816	102	430	766	573	403	522	971	659	614	1212	603	405	428	509	96	1514	203	600	826	601	487	819	777	883	693	828	613	619	349	704	193	705	234	440	803	1166	945	450	518	715	724	390	256	2154	514	699	1090	443	754	936	579	190	1986	609	1531	942	571	1093	533	795	777	1489	334	830	578	1414	682	102	526	1163	826	834	311	1382	717	662	824	658	660	704	1034	619	617	1222	1907	433	701	811	392	511	743	819	575	1216	1060
474	373	2580	419	889	369	1500	749	2288	1054	0	675	398	365	555	545	395	1304	900	740	715	630	1493	1601	514	565	743	1075	2399	519	446	395	707	726	1324	594	649	1210	966	591	491	553	1742	736	980	1447	417	3902	133	1939	657	322	1367	1550	133	496	1227	218	845	573	781	836	450	927	713	496	488	477	603	396	1607	1623	396	522	922	565	192	411	690	1546	1780	198	1435	493	1064	369	2254	1172	1467	307	1296	2211	787	710	518	498	656	153	1249	1029	495	922	649	502	181	1250	397	587	350	400	625	536	237	598	353	869	1770	396	395	869	2503	476	605	655	615	360	873	922	404	1083	749	289	584	1457	834	2011	789	502	2196	492	648	660	772	1060	2458	962	454	1661	457	600	411	737	223	1657	1608	642	662	710	488	1014	496	1000	855	344	1819	133	656	535	365	501	675	867	2926	833	579	2038	852	773	198	475	1211	1137	446	2471	148	583	2095	1543	346	284	2301	727	506	577	2014	572	1083	935	257	1661	518	762	672	367	827	514	1415	1658	495	468	620	489	2147	2935	665	366	345	806	827	473	407	482	2141	1547
246	330	1956	442	387	311	913	330	1612	390	675	0	294	320	357	502	332	1151	444	502	1375	160	821	925	467	205	295	830	1798	481	297	297	530	62	677	304	96	1121	292	872	328	253	1085	67	308	1204	444	3324	580	1381	304	354	719	875	580	208	743	498	434	342	486	597	234	259	189	294	324	199	74	299	1124	1139	303	542	250	349	509	439	29	875	1111	546	759	301	395	342	1581	793	949	380	1932	1652	496	46	488	473	313	575	578	549	204	250	96	330	551	576	293	380	326	295	141	330	499	189	460	219	1407	300	297	219	2007	451	80	316	1177	359	205	250	435	443	330	385	213	787	487	1335	420	330	1589	214	82	211	429	384	1879	291	232	1136	250	226	439	498	493	1057	1113	293	311	46	331	343	335	336	437	484	1408	580	245	157	325	357	0	199	2464	329	356	1384	437	494	546	204	567	1612	252	1895	580	210	1425	869	474	414	1806	146	470	216	1643	335	443	560	820	1136	477	87	1015	327	445	466	920	986	333	761	288	323	1502	2296	228	350	493	208	322	371	438	193	1496	1222
205	177	2245	203	607	43	1188	494	1900	684	398	294	0	35	232	324	210	1245	533	444	1082	314	1113	1214	280	172	471	951	2082	294	228	3	438	352	969	237	301	1185	573	755	156	175	1379	360	588	1340	204	3603	331	1649	293	116	1011	1166	331	97	972	204	489	238	600	696	139	533	397	279	298	127	230	7	1361	1376	14	343	530	236	218	196	315	1168	1383	252	1048	282	669	54	1858	976	1198	167	1638	1922	473	335	299	275	296	334	854	768	97	530	301	315	257	857	3	416	105	5	299	343	205	299	321	471	1599	10	3	471	2257	245	241	296	962	207	480	530	188	731	494	127	194	1081	631	1621	442	315	1874	94	294	367	563	675	2156	568	145	1389	184	325	196	440	199	1337	1355	276	300	335	156	620	166	603	615	340	1620	331	382	197	33	187	294	474	2703	449	251	1639	613	462	252	139	858	1342	168	2171	338	192	1698	1150	331	202	2054	388	278	187	1841	234	731	726	588	1389	290	377	762	33	480	280	1158	1262	163	626	254	297	1750	2588	380	200	349	408	442	175	193	124	1743	1395
201	155	2265	213	616	18	1203	497	1930	708	365	320	35	0	261	343	191	1233	569	474	1055	324	1141	1243	299	208	476	943	2099	312	216	33	465	376	991	271	318	1169	604	725	184	210	1403	385	618	1332	214	3619	295	1663	328	84	1033	1194	295	131	979	179	524	269	595	687	139	564	409	269	286	138	252	37	1369	1384	41	356	560	266	189	206	339	1195	1415	228	1077	272	700	56	1890	976	1208	135	1614	1936	504	359	316	292	330	298	885	775	130	560	318	304	232	887	34	406	78	39	311	333	184	306	293	504	1598	38	33	504	2266	261	261	330	927	183	511	560	197	752	497	91	230	1107	629	1651	476	304	1892	128	313	374	561	703	2172	599	144	1400	178	327	205	470	174	1354	1363	311	334	359	184	651	194	635	617	311	1623	295	386	208	15	213	320	504	2710	485	282	1673	616	493	228	147	879	1331	162	2186	302	228	1730	1181	302	169	2063	404	296	223	1841	265	752	726	552	1400	308	405	758	24	514	298	1166	1294	191	594	288	286	1784	2610	385	177	320	443	478	198	202	138	1778	1392
412	408	2274	151	739	275	1260	655	1848	708	555	357	232	261	0	146	439	1450	346	212	1156	463	1095	1175	117	154	625	1143	2131	129	448	233	208	417	1000	64	420	1399	550	986	77	105	1385	417	560	1529	153	3659	530	1730	117	346	1038	1138	530	203	1099	337	289	22	788	892	347	503	529	490	514	312	336	227	1481	1496	222	190	510	12	364	155	386	1152	1299	362	1015	494	622	217	1779	1137	1306	397	1670	2000	244	402	137	128	112	539	796	902	211	510	420	530	377	810	236	623	338	227	442	552	319	466	554	428	1757	225	233	428	2363	119	357	109	1159	439	462	510	159	781	655	346	143	1071	807	1567	233	530	1920	198	407	523	742	667	2220	538	351	1491	394	500	155	208	332	1397	1470	108	118	402	77	583	67	553	773	572	1763	530	548	361	249	55	357	456	2821	300	23	1527	773	232	362	330	896	1280	381	2237	542	147	1611	1090	563	430	2162	497	123	140	1995	26	781	893	784	1491	126	408	674	240	272	116	1277	1188	70	856	93	513	1625	2601	539	432	581	336	295	82	158	304	1619	1564
525	498	2415	140	881	360	1406	790	1970	852	545	502	324	343	146	0	534	1568	421	206	1068	598	1230	1304	44	297	761	1268	2275	31	553	323	163	563	1144	207	560	1510	689	1045	186	248	1524	564	699	1656	141	3804	555	1877	243	420	1182	1270	555	330	1243	342	357	164	914	1015	458	643	668	601	622	431	476	317	1626	1641	310	50	651	155	371	149	531	1287	1411	347	1146	605	755	287	1890	1274	1452	470	1557	2146	260	547	28	52	236	568	923	1044	337	651	560	639	364	940	328	738	421	319	578	665	317	596	631	566	1895	315	323	566	2509	83	496	232	1160	525	604	651	159	927	790	409	289	1207	938	1688	298	639	2064	323	548	657	871	808	2365	677	463	1637	505	629	149	204	338	1543	1615	242	241	547	183	720	176	687	909	645	1905	555	680	489	328	152	502	599	2967	410	153	1623	909	245	347	448	1041	1139	490	2382	570	292	1720	1212	637	496	2308	640	47	285	2135	170	927	1028	794	1637	34	554	532	318	330	44	1422	1305	179	912	232	622	1714	2739	673	520	653	472	406	152	154	424	1708	1699
88	37	2184	404	495	174	1104	358	1917	675	395	332	210	191	439	534	0	1043	702	649	1111	240	1117	1232	490	337	349	762	2004	503	50	211	648	365	933	432	274	978	620	567	365	362	1352	378	635	1150	405	3511	274	1549	478	126	977	1176	274	253	843	305	668	442	424	506	110	590	320	103	106	156	259	217	1230	1245	224	548	579	441	295	396	335	1167	1436	351	1067	102	724	247	1900	815	1081	99	1691	1821	672	352	508	484	483	263	904	641	246	579	274	124	346	898	207	225	115	216	240	157	323	205	133	549	1432	220	211	549	2129	452	251	484	845	35	536	579	387	693	358	156	362	1078	466	1644	628	124	1801	255	278	265	399	696	2065	620	109	1274	81	204	396	645	302	1261	1228	461	486	352	366	672	376	668	471	156	1465	274	261	174	206	397	332	530	2563	601	456	1714	469	663	351	141	821	1474	81	2079	269	358	1749	1189	146	111	1926	341	487	358	1676	437	693	566	492	1274	500	415	925	216	664	489	1032	1310	372	445	441	106	1834	2539	269	29	166	518	594	386	392	166	1827	1219
1042	1081	1842	1446	810	1214	961	821	1999	1117	1304	1151	1245	1233	1450	1568	1043	0	1588	1639	1884	1002	1357	1489	1524	1308	856	327	1602	1538	1017	1246	1654	1116	1108	1420	1060	131	1248	806	1386	1351	1370	1126	1258	204	1447	2901	1180	1119	1442	1168	1132	1419	1180	1246	662	1329	1585	1445	667	559	1110	1261	963	967	947	1139	1133	1253	734	742	1259	1588	1238	1448	1311	1439	1126	1369	1776	1366	1388	963	1319	1289	2100	473	765	1129	2463	1322	1642	1122	1544	1521	1449	1158	1402	707	1239	1238	1060	929	1356	1368	1241	830	1159	1251	1023	902	1352	989	986	1289	598	1255	1246	1289	1426	1490	1111	1452	1233	1061	1237	1238	1430	1030	821	1193	1328	1309	665	1809	1571	929	1462	1252	1074	944	721	1211	1580	1262	1104	861	1062	952	1438	1635	1328	1076	764	1427	1449	1122	1388	1284	1397	1315	727	984	712	1180	913	1090	1248	1421	1151	1237	1758	1473	1461	2092	726	1638	1366	1121	1065	2438	1078	1582	1162	1324	2015	1542	987	1116	1249	1013	1523	1327	807	1439	1030	610	1170	861	1535	1166	1948	1257	1596	1524	697	1660	1393	875	1415	947	2233	2216	927	1064	979	1336	1467	1416	1435	1147	2227	389
640	681	2086	495	792	576	1166	768	1572	605	900	444	533	569	346	421	702	1588	0	241	1488	603	883	932	425	368	733	1263	1973	428	688	535	300	472	865	305	539	1564	418	1270	409	358	1190	462	418	1625	497	3494	860	1629	243	648	895	911	860	454	1103	681	64	327	928	1039	592	380	626	709	739	547	483	531	1452	1465	529	469	400	336	707	500	466	940	1003	709	789	715	431	541	1478	1197	1265	696	1974	1885	188	467	434	442	243	866	559	936	459	400	539	750	723	585	536	818	630	529	583	759	664	627	833	320	1783	530	535	320	2285	450	503	244	1493	715	377	400	505	703	768	660	343	872	923	1293	123	750	1763	453	526	655	870	526	2080	401	593	1431	632	666	500	241	676	1278	1432	260	238	467	411	420	403	378	863	855	1762	860	689	556	561	400	444	374	2756	115	323	1202	864	200	709	563	784	1511	624	2100	869	347	1306	826	845	732	2091	575	434	349	2008	327	703	984	1118	1431	428	422	912	555	94	424	1256	905	405	1146	282	737	1293	2388	672	706	864	253	122	428	504	537	1286	1621
614	619	2309	321	888	487	1348	827	1814	780	740	502	444	474	212	206	649	1639	241	0	1268	638	1109	1167	227	331	794	1324	2185	224	654	445	58	553	1061	221	585	1595	599	1199	289	292	1413	548	605	1704	323	3712	732	1817	198	558	1095	1142	732	403	1233	527	178	207	972	1080	552	555	690	691	718	513	506	439	1604	1618	434	247	569	208	557	329	531	1166	1245	542	1018	696	641	428	1719	1296	1422	610	1738	2080	57	541	227	244	190	743	789	1047	411	569	585	732	558	812	448	821	550	439	617	752	505	649	766	481	1906	437	445	481	2465	264	528	187	1353	651	531	569	337	869	827	557	310	1093	983	1534	130	732	1975	399	571	697	920	717	2286	584	555	1598	599	686	329	4	523	1472	1588	212	191	541	289	617	279	578	938	784	1900	732	727	551	461	262	502	526	2930	276	193	1438	939	42	542	531	969	1271	586	2304	746	315	1547	1064	775	642	2266	649	235	312	2139	212	869	1061	982	1598	225	523	670	452	148	227	1402	1146	282	1067	223	717	1523	2619	714	643	794	388	276	283	334	504	1517	1725
1190	1089	3296	1006	1602	1064	2214	1461	2982	1761	715	1375	1082	1055	1156	1068	1111	1884	1488	1268	0	1345	2196	2297	1063	1226	1457	1721	3112	1059	1162	1079	1215	1430	2037	1214	1360	1767	1655	1079	1118	1199	2454	1439	1669	2058	1004	4606	840	2646	1274	1031	2080	2249	840	1177	1929	878	1425	1178	1473	1508	1160	1613	1429	1210	1200	1182	1306	1078	2300	2315	1075	1022	1611	1168	865	1003	1393	2250	2451	832	2131	1207	1747	1039	2930	1852	2171	1022	592	2916	1325	1413	1054	1047	1269	856	1930	1736	1178	1611	1360	1213	825	1937	1083	1289	1058	1082	1339	1246	880	1313	1052	1547	2416	1077	1079	1547	3187	1041	1311	1266	731	1076	1561	1611	1001	1796	1461	996	1240	2162	1530	2702	1365	1213	2911	1171	1358	1376	1473	1758	3167	1649	1165	2363	1172	1316	1003	1267	883	2371	2304	1263	1275	1413	1115	1700	1119	1679	1561	1037	2483	840	1371	1245	1050	1112	1375	1555	3591	1457	1177	2683	1558	1310	832	1183	1925	733	1160	3179	850	1239	2765	2227	1041	1000	2986	1441	1055	1232	2655	1181	1796	1629	726	2363	1060	1460	744	1049	1399	1064	2115	2334	1119	1014	1244	1202	2780	3650	1380	1082	1035	1470	1452	1084	1001	1186	2774	2187
155	256	1954	505	293	308	883	192	1677	435	630	160	314	324	463	598	240	1002	603	638	1345	0	877	994	557	312	163	686	1781	571	192	316	658	156	694	423	65	966	403	728	412	358	1112	170	418	1068	507	3297	514	1339	440	318	737	937	514	268	658	495	590	453	334	444	191	382	86	164	190	187	131	321	1047	1063	327	630	366	458	496	500	144	927	1207	544	830	170	508	368	1665	676	884	322	1919	1612	640	151	579	558	448	503	680	455	262	366	65	190	545	670	311	222	291	317	21	180	505	38	347	362	1297	323	316	362	1943	532	109	451	1067	275	332	366	493	453	192	354	330	837	345	1406	570	190	1575	275	78	60	282	464	1850	407	185	1076	172	68	500	634	491	1036	1041	426	447	151	415	455	421	460	311	370	1312	514	89	116	335	446	160	328	2390	489	469	1494	310	636	544	177	581	1655	184	1864	509	325	1518	957	361	346	1740	101	558	330	1538	447	453	430	728	1076	568	215	1075	342	598	557	844	1080	418	626	415	188	1618	2306	76	267	378	367	482	450	498	189	1612	1102
1029	1129	1203	1226	722	1132	474	845	800	442	1493	821	1113	1141	1095	1230	1117	1357	883	1109	2196	877	0	136	1211	983	828	1079	1100	1221	1069	1116	1164	767	252	1030	846	1408	548	1532	1105	1020	308	757	536	1277	1229	2613	1387	834	986	1171	224	66	1387	1021	694	1318	936	1073	949	1017	1044	593	804	1037	1058	1016	891	1118	832	839	1121	1279	591	1083	1330	1226	804	57	419	1365	99	1042	474	1159	809	886	671	1189	2747	1056	1064	784	1229	1223	994	1378	325	707	1019	591	846	1052	1371	297	1113	1027	1143	1114	877	1030	1318	914	1221	668	1233	1119	1116	668	1490	1213	888	998	1929	1151	641	591	1225	442	845	1204	976	49	894	533	978	1052	894	1027	846	866	903	438	1219	558	1040	745	1043	926	1226	1107	1313	495	798	989	988	784	1109	511	1108	542	817	1243	1153	1387	885	958	1145	1123	821	647	1965	834	1081	735	820	1073	1365	1018	333	2368	1051	1240	1384	975	685	201	1235	1218	1314	776	1217	983	1397	1068	442	859	1604	745	1218	736	1761	1147	967	1210	713	306	1107	1460	1002	1056	876	1511	869	1143	1250	758	835	1146	1227	1012	870	1171
1144	1242	1171	1312	855	1236	582	974	687	560	1601	925	1214	1243	1175	1304	1232	1489	932	1167	2297	994	136	0	1289	1075	955	1214	1095	1298	1186	1217	1224	875	388	1111	959	1543	641	1663	1192	1108	313	864	628	1403	1315	2586	1499	889	1062	1279	358	69	1499	1119	826	1419	990	1153	1082	1152	1154	684	925	1156	1179	1124	998	1218	936	942	1221	1354	685	1163	1432	1314	911	122	289	1464	166	1162	554	1257	678	1019	786	1300	2839	1088	1118	891	1306	1302	1069	1492	381	843	1118	685	959	1174	1471	365	1214	1153	1251	1214	992	1153	1416	1032	1340	754	1339	1219	1217	754	1531	1295	996	1073	2054	1265	735	685	1313	571	974	1311	1065	185	1028	411	1037	1174	897	1125	957	988	1035	541	1226	648	1150	838	1156	1047	1313	1166	1413	573	901	1067	1063	891	1196	598	1194	623	950	1363	1250	1499	1009	1069	1247	1208	925	741	2003	899	1159	603	954	1129	1464	1126	467	2436	1163	1248	1498	1064	550	131	1355	1331	1365	893	1296	1072	1490	1148	571	995	1723	838	1296	839	1830	1247	1021	1288	833	188	1194	1588	1082	1177	744	1456	992	1257	1371	840	901	1232	1315	1118	738	1290
482	454	2392	100	842	316	1375	749	1959	825	514	467	280	299	117	44	490	1524	425	227	1063	557	1211	1289	0	262	721	1225	2248	14	509	279	193	529	1117	181	521	1466	667	1004	145	213	1502	530	677	1613	101	3777	517	1845	226	377	1156	1253	517	289	1205	306	362	138	872	971	414	621	629	557	578	388	437	273	1590	1605	266	75	627	128	336	109	496	1268	1405	316	1130	561	737	243	1884	1233	1416	426	1563	2115	278	513	21	16	219	530	909	1006	296	627	521	595	332	924	284	694	377	274	538	621	282	555	587	544	1855	270	279	544	2475	41	457	216	1129	481	580	627	118	897	749	366	256	1187	896	1677	303	595	2038	282	510	616	829	785	2337	655	420	1603	461	586	109	225	302	1514	1579	221	225	513	142	700	136	668	869	602	1866	517	639	447	284	112	467	574	2931	402	130	1623	868	263	316	405	1013	1162	446	2353	532	259	1715	1200	594	454	2273	603	8	252	2095	143	897	986	760	1603	10	523	557	274	338	0	1385	1296	139	871	209	578	1717	2718	631	476	610	452	398	108	114	381	1710	1658
288	314	2145	245	585	211	1116	504	1757	574	565	205	172	208	154	297	337	1308	368	331	1226	312	983	1075	262	0	473	997	1995	275	331	174	346	267	867	111	266	1264	435	904	126	48	1264	268	447	1380	248	3522	503	1585	142	282	907	1032	503	86	945	356	330	142	643	749	230	391	375	363	391	187	183	172	1329	1344	171	337	392	148	376	245	234	1040	1226	397	910	369	521	196	1704	984	1155	328	1765	1855	343	251	283	267	148	506	704	748	91	392	266	405	407	711	174	490	263	168	291	422	349	319	466	321	1603	171	174	321	2213	247	204	150	1134	348	342	392	242	640	504	298	25	955	658	1476	291	405	1785	85	254	372	593	547	2079	426	233	1341	275	356	244	327	351	1256	1318	125	150	251	130	476	132	453	621	488	1609	503	399	220	203	153	205	336	2669	278	157	1474	620	336	397	205	760	1413	264	2096	510	21	1541	1001	478	365	2011	343	265	20	1841	135	640	742	760	1341	272	265	812	199	326	261	1124	1108	130	778	109	390	1582	2479	388	339	497	245	271	169	245	177	1576	1412
284	377	1839	667	146	459	756	36	1623	406	743	295	471	476	625	761	349	856	733	794	1457	163	828	955	721	473	0	534	1656	735	298	473	817	260	613	583	209	832	445	712	575	520	1029	271	459	910	669	3162	616	1200	595	454	657	892	616	432	503	637	729	615	197	308	338	441	106	247	256	344	290	479	892	908	485	793	420	620	635	662	270	872	1195	686	798	249	542	524	1634	512	735	445	2040	1473	791	266	742	722	603	601	689	299	425	420	209	245	684	670	468	199	430	475	183	215	650	171	414	449	1134	481	473	449	1790	695	269	606	1102	383	403	420	654	386	36	490	489	783	191	1362	716	245	1454	439	222	104	138	465	1716	455	332	929	306	150	661	790	634	914	887	582	602	266	578	493	585	511	148	433	1150	616	91	276	489	609	295	401	2233	617	630	1496	147	788	686	331	505	1806	321	1730	607	485	1496	939	427	460	1587	157	722	490	1375	608	386	268	795	929	731	313	1233	496	740	720	691	1066	582	632	573	255	1626	2198	91	379	439	483	611	613	659	348	1620	939
745	799	1750	1154	484	925	746	499	1781	798	1075	830	951	943	1143	1268	762	327	1263	1324	1721	686	1079	1214	1225	997	534	0	1524	1240	728	953	1343	792	826	1108	740	336	922	692	1083	1041	1143	801	932	389	1156	2932	944	1029	1126	888	855	1144	944	941	404	1061	1262	1136	354	255	812	934	640	673	658	837	818	959	637	650	966	1293	912	1140	1047	1148	804	1099	1496	1103	1098	671	996	999	1857	215	586	855	2312	1274	1325	799	1246	1223	1134	923	1088	392	933	912	740	640	1095	1056	948	537	875	956	707	610	1082	677	731	962	698	961	953	962	1477	1194	795	1137	1152	784	910	912	1139	716	499	917	1015	1030	342	1565	1250	640	1355	947	754	626	403	889	1536	936	807	741	767	642	1147	1320	1060	888	655	1112	1133	799	1085	959	1094	989	400	735	763	944	597	781	958	1118	830	910	1870	1148	1152	1813	399	1321	1103	820	767	2210	783	1542	928	1011	1756	1252	736	849	1282	689	1225	1015	940	1129	716	283	994	741	1236	841	1685	967	1274	1225	514	1375	1090	713	1101	658	1953	2126	609	786	733	1011	1142	1116	1144	844	1947	472
1931	2030	247	2239	1510	2085	899	1651	897	1423	2399	1798	2082	2099	2131	2275	2004	1602	1973	2185	3112	1781	1100	1095	2248	1995	1656	1524	0	2260	1953	2084	2237	1736	1131	2068	1781	1720	1590	2199	2121	2039	793	1731	1583	1411	2242	1528	2272	495	2036	2099	1094	1088	2272	2006	1198	2275	2022	2111	1655	1651	1972	1636	1695	1903	1912	1961	1852	2088	889	878	2093	2322	1626	2121	2278	2237	1773	1046	1229	2325	1199	1906	1546	2134	1121	1327	961	2098	3696	295	2146	1753	2268	2257	2044	2256	1422	1379	2002	1626	1781	1899	2326	1391	2080	1826	2073	2084	1791	1866	2283	1808	2062	1713	1075	2090	2084	1713	604	2241	1840	2048	2657	2039	1671	1626	2233	1355	1651	2135	1995	1103	1595	967	2057	1899	210	2012	1787	1742	1645	1471	158	1604	1967	785	1951	1801	2237	2183	2271	745	869	2035	2039	1753	2125	1568	2127	1607	1554	2078	935	2272	1743	1892	2109	2146	1798	1677	1003	1909	2122	1388	1557	2153	2325	1955	1235	3408	1965	182	2262	1993	1186	1225	2073	2116	561	1694	2253	2000	1024	2105	1355	1503	2423	785	2257	1729	2805	2113	2051	2248	1028	1227	2125	2187	2042	1910	1489	614	1736	2034	2081	1808	1909	2164	2237	1960	1487	1222
496	467	2403	110	856	329	1388	763	1967	837	519	481	294	312	129	31	503	1538	428	224	1059	571	1221	1298	14	275	735	1240	2260	0	522	293	187	542	1129	192	535	1479	678	1015	159	227	1513	543	688	1628	110	3789	526	1858	235	389	1168	1263	526	303	1219	313	365	149	886	985	428	632	644	571	592	402	451	286	1604	1619	280	61	639	139	343	119	510	1278	1412	321	1139	575	747	256	1891	1248	1430	438	1556	2128	277	526	8	22	228	539	918	1020	310	639	535	609	338	933	298	708	390	288	552	635	289	569	599	555	1869	284	293	555	2488	52	471	224	1135	494	591	639	128	910	763	377	269	1198	910	1685	305	609	2050	296	524	631	843	796	2349	666	434	1617	475	601	119	222	310	1526	1593	231	234	526	156	710	150	678	883	614	1880	526	653	462	297	126	481	585	2945	409	140	1628	882	262	321	419	1026	1151	460	2366	541	272	1721	1209	606	465	2287	617	16	265	2109	155	910	1001	767	1617	3	536	545	287	340	14	1399	1303	153	882	220	591	1721	2729	646	489	622	463	405	123	124	396	1715	1672
51	79	2133	429	445	197	1054	309	1870	628	446	297	228	216	448	553	50	1017	688	654	1162	192	1069	1186	509	331	298	728	1953	522	0	229	656	325	883	433	231	957	579	585	376	362	1302	338	595	1117	430	3461	324	1499	474	165	927	1129	324	251	795	348	658	447	384	472	102	552	270	57	70	144	227	236	1182	1198	242	571	539	448	341	422	297	1119	1393	395	1021	57	685	272	1855	772	1032	147	1742	1771	672	313	528	504	480	312	863	593	244	539	231	87	391	855	224	190	147	234	193	118	365	156	163	516	1391	238	229	516	2081	473	216	481	884	85	498	539	413	644	309	198	356	1030	422	1598	623	87	1750	255	236	214	355	652	2015	581	98	1225	57	153	421	650	345	1210	1180	457	482	313	378	632	387	630	424	187	1422	324	210	142	231	410	297	493	2517	584	463	1675	422	664	395	126	771	1519	67	2029	318	352	1706	1145	178	162	1878	293	507	352	1635	442	644	522	537	1225	519	377	964	240	657	508	984	1267	384	467	439	69	1796	2489	218	80	196	491	576	402	418	154	1789	1180
207	177	2248	201	610	42	1190	496	1903	687	395	297	3	33	233	323	211	1246	535	445	1079	316	1116	1217	279	174	473	953	2084	293	229	0	438	355	972	239	304	1186	576	755	156	177	1382	363	590	1342	203	3606	329	1652	295	115	1014	1169	329	100	974	201	490	238	602	697	141	536	400	280	299	129	233	6	1364	1379	13	341	533	236	215	195	318	1171	1385	249	1051	283	672	51	1861	978	1200	166	1635	1925	474	338	298	274	297	332	857	770	100	533	304	316	254	860	5	417	105	6	301	344	202	302	321	474	1601	8	0	474	2259	244	244	297	960	207	483	533	186	734	496	125	196	1084	633	1624	443	316	1876	97	297	369	565	678	2159	571	147	1392	185	327	194	441	196	1340	1357	277	301	338	156	623	166	606	617	339	1622	329	384	199	30	187	297	477	2706	451	252	1642	616	463	249	142	861	1339	169	2174	336	194	1701	1153	330	201	2057	391	277	189	1843	234	734	728	586	1392	289	380	760	30	481	279	1161	1265	163	625	255	299	1752	2591	382	200	348	411	445	174	191	127	1746	1396
620	615	2363	292	918	480	1393	849	1872	827	707	530	438	465	208	163	648	1654	300	58	1215	658	1164	1224	193	346	817	1343	2237	187	656	438	0	584	1110	234	608	1606	648	1186	282	303	1467	581	654	1726	293	3764	708	1863	227	548	1145	1198	708	410	1268	499	237	210	989	1095	555	603	715	698	723	519	527	432	1642	1657	427	199	616	208	528	301	559	1221	1303	509	1074	702	694	415	1778	1323	1461	599	1680	2128	114	571	188	208	218	721	845	1079	417	616	608	738	526	867	442	830	543	433	636	760	475	666	759	528	1937	430	438	528	2508	233	548	214	1322	646	576	616	309	913	849	544	328	1147	1003	1592	186	738	2026	405	594	718	940	767	2336	633	560	1640	603	702	301	59	495	1519	1628	237	220	571	282	668	272	630	963	776	1935	708	746	564	451	251	530	571	2973	329	194	1496	963	100	509	538	1016	1213	590	2354	723	332	1605	1122	767	630	2309	677	200	328	2172	216	913	1085	953	1640	188	559	612	442	206	193	1439	1204	275	1054	243	722	1580	2674	734	639	785	434	329	268	306	511	1574	1752
277	369	1894	504	335	366	850	296	1562	331	726	62	352	376	417	563	365	1116	472	553	1430	156	767	875	529	267	260	792	1736	542	325	355	584	0	616	363	97	1092	254	884	391	315	1026	13	270	1161	507	3261	624	1318	357	403	658	823	624	270	685	556	470	401	456	568	278	228	155	312	340	249	124	358	1064	1079	362	604	215	409	565	502	37	820	1070	604	709	318	360	402	1536	744	888	425	1991	1589	543	17	550	535	366	618	538	494	266	215	97	343	608	533	351	377	376	354	142	337	558	192	488	206	1353	359	355	206	1946	514	120	370	1209	396	176	215	498	381	296	437	273	732	451	1286	462	343	1527	276	89	193	398	334	1816	256	275	1074	285	224	502	549	551	994	1052	347	364	17	394	307	398	306	394	512	1351	624	228	195	383	419	62	172	2403	356	416	1350	395	541	604	251	506	1675	290	1832	624	270	1384	825	502	456	1744	103	532	277	1588	395	381	517	858	1074	539	59	1078	385	483	528	860	944	395	779	345	339	1471	2236	208	387	520	223	350	433	501	244	1464	1172
850	951	1279	1112	491	979	314	625	1016	292	1324	677	969	991	1000	1144	933	1108	865	1061	2037	694	252	388	1117	867	613	826	1131	1129	883	972	1110	616	0	937	677	1157	462	1300	993	910	418	610	456	1040	1115	2660	1208	764	905	1006	43	318	1208	885	448	1170	906	980	711	771	877	507	613	843	860	857	739	975	651	662	979	1190	495	989	1178	1111	654	279	670	1219	282	847	435	1019	1051	636	471	1016	2605	1021	1026	634	1137	1127	913	1196	380	457	882	495	677	852	1223	340	968	811	979	970	698	825	1174	728	1023	583	1040	976	972	583	1423	1111	730	917	1713	968	539	495	1108	240	625	1042	865	203	653	766	936	852	920	892	680	671	670	344	1225	477	872	594	866	732	1111	1058	1166	412	623	903	908	634	997	447	998	488	579	1043	978	1208	684	792	999	1017	677	545	1896	788	990	987	583	1032	1219	854	112	2279	877	1243	1202	863	935	433	1036	1041	1232	596	1122	871	1228	974	240	611	1406	594	1126	602	1674	1002	934	1116	497	552	996	1238	911	859	1127	1619	670	961	1050	678	786	1036	1111	854	1121	949
393	404	2210	207	690	281	1200	615	1786	645	594	304	237	271	64	207	432	1420	305	221	1214	423	1030	1111	181	111	583	1108	2068	192	433	239	234	363	937	0	375	1374	486	992	103	71	1321	361	496	1491	210	3597	556	1670	63	354	975	1074	556	182	1047	376	255	42	754	861	331	439	483	470	496	291	293	234	1427	1442	230	253	446	53	402	211	334	1088	1239	407	951	475	558	237	1719	1092	1250	405	1732	1939	239	348	200	192	62	563	732	853	189	446	375	511	420	746	241	599	341	232	402	530	361	431	555	363	1710	232	239	363	2305	183	314	61	1189	437	398	446	213	720	615	361	94	1006	769	1504	204	511	1857	178	362	483	705	603	2158	474	335	1434	378	467	210	217	371	1336	1415	49	67	348	106	519	99	489	730	575	1713	556	511	331	261	102	304	392	2765	245	54	1470	730	230	407	310	834	1344	366	2175	566	98	1552	1027	565	440	2105	448	187	93	1947	37	720	852	813	1434	189	348	738	254	243	180	1223	1126	100	863	29	495	1571	2537	500	429	584	272	240	130	213	282	1565	1521
185	282	1948	479	320	304	886	242	1645	405	649	96	301	318	420	560	274	1060	539	585	1360	65	846	959	521	266	209	740	1781	535	231	304	608	97	677	375	0	1027	350	788	376	314	1093	110	365	1119	481	3301	541	1349	386	329	720	904	541	238	684	495	528	408	392	503	199	325	108	215	243	181	84	308	1071	1086	313	595	311	414	501	475	79	898	1162	545	794	221	455	354	1625	717	902	343	1928	1621	584	88	543	524	394	532	632	484	232	311	0	246	547	624	299	286	301	304	47	241	502	97	393	300	1336	310	304	300	1962	499	64	397	1114	306	273	311	469	437	242	364	281	808	398	1371	511	246	1573	245	14	116	338	422	1855	352	195	1092	197	132	475	580	491	1036	1062	373	393	88	380	402	385	403	355	416	1345	541	149	114	327	409	96	269	2414	425	424	1445	355	580	545	177	565	1641	204	1870	538	277	1475	915	407	372	1760	87	523	282	1575	402	437	477	767	1092	532	154	1053	332	537	521	867	1036	382	682	364	242	1567	2295	133	298	425	302	418	417	473	179	1560	1146
987	1015	1958	1383	809	1151	1039	796	2081	1133	1210	1121	1185	1169	1399	1510	978	131	1564	1595	1767	966	1408	1543	1466	1264	832	336	1720	1479	957	1186	1606	1092	1157	1374	1027	0	1247	688	1332	1304	1447	1103	1259	336	1384	3032	1091	1233	1401	1100	1184	1473	1091	1196	719	1252	1555	1396	636	524	1054	1256	937	910	888	1087	1095	1193	843	852	1199	1526	1233	1398	1232	1375	1098	1426	1827	1286	1432	906	1326	1226	2172	524	853	1057	2343	1444	1603	1096	1485	1461	1408	1069	1424	729	1189	1233	1027	871	1275	1393	1181	775	1093	1191	987	847	1276	949	908	1277	729	1195	1186	1277	1557	1430	1073	1411	1106	992	1227	1233	1366	1052	796	1122	1285	1360	646	1880	1536	871	1574	1201	1041	910	694	1222	1703	1261	1049	966	1006	910	1375	1591	1252	1165	870	1386	1409	1096	1333	1287	1342	1315	717	903	841	1091	877	1043	1185	1366	1121	1226	1889	1448	1412	2144	714	1598	1286	1069	1102	2339	1021	1706	1072	1280	2079	1586	907	1042	1379	989	1464	1283	938	1390	1052	609	1061	966	1476	1146	1865	1194	1564	1465	782	1708	1339	767	1372	888	2284	2333	893	996	897	1315	1442	1359	1371	1095	2278	517
532	622	1726	677	439	597	752	478	1327	186	966	292	573	604	550	689	620	1248	418	599	1655	403	548	641	667	435	445	922	1590	678	579	576	648	254	462	486	350	1247	0	1129	556	471	835	241	15	1254	680	3118	872	1219	447	646	497	597	872	478	698	777	451	528	635	740	527	46	364	564	592	492	367	577	1034	1048	580	738	43	539	792	678	284	605	818	822	476	570	105	616	1288	816	848	673	2200	1481	566	267	686	678	455	868	285	554	477	43	350	593	830	284	573	610	619	573	393	582	775	441	742	123	1376	578	576	123	1871	666	370	459	1464	649	93	43	676	285	478	676	427	521	607	1047	475	593	1379	483	343	422	575	119	1687	17	525	1013	539	468	677	597	772	872	1014	447	450	267	560	52	559	67	532	766	1348	872	453	446	606	575	292	100	2340	328	538	1095	534	571	822	497	371	1829	543	1705	873	426	1132	577	757	706	1675	314	673	434	1595	523	285	639	1111	1013	675	206	1222	607	477	666	840	693	558	1029	458	590	1217	2051	433	641	775	218	326	597	678	485	1210	1227
635	590	2414	905	810	712	1351	689	2316	1117	591	872	755	725	986	1045	567	806	1270	1199	1079	728	1532	1663	1004	904	712	692	2199	1015	585	755	1186	884	1300	992	788	688	1129	0	909	925	1697	898	1144	988	905	3624	509	1707	1043	640	1341	1597	509	818	1011	717	1235	994	591	558	678	1111	767	577	547	723	808	760	1323	1337	765	1042	1094	991	689	896	865	1572	1907	733	1509	571	1233	771	2341	873	1240	589	1657	1960	1229	877	1017	993	1046	490	1395	869	812	1094	788	542	717	1379	752	521	650	761	741	547	743	692	438	1088	1362	762	755	1088	2166	963	794	1047	460	556	1061	1094	886	1091	689	642	929	1485	651	2064	1193	542	2018	820	798	707	630	1172	2221	1134	676	1415	640	661	896	1195	719	1509	1337	1025	1050	877	909	1181	919	1188	721	417	1446	509	678	725	737	937	872	1056	2541	1168	1007	2206	717	1218	733	707	1201	1675	646	2229	490	925	2207	1651	426	556	1973	814	999	924	1594	990	1091	719	386	1415	1012	942	1263	746	1230	1004	1172	1778	916	133	1004	549	2335	2788	697	564	407	1074	1161	918	891	733	2329	1133
344	332	2271	120	697	198	1241	603	1872	701	491	328	156	184	77	186	365	1386	409	289	1118	412	1105	1192	145	126	575	1083	2121	159	376	156	282	391	993	103	376	1332	556	909	0	84	1388	393	568	1471	123	3648	456	1709	166	269	1033	1152	456	144	1061	272	356	87	729	830	277	511	484	421	444	247	292	150	1447	1462	145	218	514	82	298	121	356	1162	1332	304	1029	425	638	141	1811	1088	1275	320	1647	1980	321	374	166	147	165	464	817	861	151	514	376	460	317	827	160	557	261	150	392	485	258	410	477	438	1710	148	156	438	2334	123	312	164	1088	363	465	514	120	766	603	269	129	1078	751	1590	302	460	1911	137	365	471	685	671	2205	547	282	1463	325	442	121	285	267	1382	1437	152	171	374	3	595	10	569	723	495	1721	456	494	303	172	34	328	458	2789	347	98	1569	722	309	304	264	886	1287	311	2222	468	130	1646	1114	486	353	2132	459	147	123	1950	84	766	841	713	1463	156	392	687	163	341	144	1242	1217	7	778	130	443	1672	2604	486	356	504	354	341	43	122	239	1665	1513
