NAME : VRPTW_INSTANCE_125.txt
COMMENT : Bangkok Supermarket
TYPE : VRPTW
DIMENSION : 294
DAYS : Friday
EDGE_WEIGHT_TYPE : EXPLICIT
VEHICLES : 36
EDGE_WEIGHT_FORMAT : FULL_MATRIX
CAPACITY : 1000
EDGE_WEIGHT_SECTION
0	1627	241	235	118	412	707	358	491	150	1017	204	437	358	608	1247	373	1029	607	753	778	412	1190	525	363	606	1113	103	631	1601	165	254	865	492	193	425	368	170	946	439	948	224	550	404	932	26	264	1080	307	330	229	676	601	1436	1341	1376	2158	153	101	3573	344	617	1535	876	540	26	229	428	439	366	265	155	828	1027	1133	121	1054	584	59	189	145	155	781	2057	1465	1547	118	418	1235	996	889	385	474	532	804	481	309	385	807	1911	281	437	205	284	913	3142	364	293	1028	801	204	935	1642	193	886	2674	352	1999	97	1058	1682	745	901	1219	3847	404	1726	852	1790	1628	283	1059	782	493	1433	582	372	37	1103	51	493	368	202	978	347	1457	623	583	221	909	489	496	608	981	395	437	373	351	305	1151	1190	1169	133	1032	400	1096	193	118	589	2224	83	29	2072	1940	1933	258	288	305	155	1542	1001	963	1028	153	587	1151	1698	1382	780	348	170	377	99	378	422	586	1480	425	1906	93	587	1126	219	562	1710	1994	201	111	1070	288	309	375	412	394	691	437	421	1426	1250	1159	2018	993	212	1052	927	998	1908	255	1068	441	97	165	191	1176	1199	152	649	1162	212	675	371	1010	870	24	404	464	1813	1056	368	404	124	547	1327	83	2231	118	1182	1132	916	975	394	1942	412	213	1814	580	328	412	400	153	631	845	650	307	128	415	119	652	428	1126	59	216	681	499	838	541	167	936	968	838	270	412	587	1942
1627	0	1777	1731	1654	1644	1205	1681	2101	1762	611	1696	1221	1983	1054	1568	1689	2479	1056	1113	2354	1644	1184	1433	1673	1659	2614	1652	1455	3038	1480	1858	1147	1760	1697	1639	1911	1762	694	1519	1053	1705	1114	1504	1606	1646	1375	556	1548	1431	1443	1552	1057	346	395	2117	681	1475	1725	2908	1667	1554	2977	1018	1803	1646	1442	1357	1205	1693	1880	1494	799	619	1341	1749	1668	1097	1635	1817	1772	1477	1230	2921	226	193	1654	1612	1795	637	884	1467	2084	1378	2408	1540	1444	1467	1244	3239	1744	1221	1696	1428	2522	1705	1692	1732	1347	1141	1727	693	1814	1466	2490	1333	1666	3343	1725	2476	1094	1615	1687	612	2787	1785	1340	2313	3165	3155	1421	2684	1247	1507	357	1087	1920	1640	1658	1672	1761	1996	1822	651	1665	3084	1554	1081	1406	1054	1165	1763	1054	694	1950	1535	1920	1342	1354	756	1184	1244	1527	890	1634	531	1487	1654	2020	622	1655	1648	1551	3326	938	1434	1750	1545	1477	848	632	2024	1347	1475	2134	1830	784	2998	1062	1673	1762	1966	1670	1391	1846	1070	1066	1535	3236	1613	1064	2705	1602	1576	244	547	1695	1595	1570	1552	1933	1389	1632	1680	1280	1538	1559	2849	854	2723	588	1145	1627	1275	2529	2426	3088	1858	817	1332	1568	1480	1814	1575	2711	1664	1565	762	1627	1552	1462	713	1094	1636	1792	1257	642	587	1695	1478	1514	1566	1551	1655	752	1654	2603	1095	758	1259	1680	1532	1491	1698	277	2179	1322	1644	1634	1780	1559	1074	1683	1541	1755	1494	1746	1011	1316	1075	1635	1605	1648	1771	790	1803	1784	1997	671	798	1391	1644	2209	3385
241	1777	0	417	142	633	717	569	479	269	1175	402	648	331	809	1147	582	1091	810	985	775	633	1166	479	576	828	1142	151	871	1638	394	122	868	690	390	647	470	305	1083	676	967	419	665	351	810	215	477	1221	544	360	335	910	801	1551	1523	1188	2344	343	226	3505	559	851	1573	1105	730	215	337	454	642	574	305	387	990	1161	1076	198	924	794	288	199	212	331	769	2222	1597	1677	142	645	1091	1162	968	362	464	773	631	716	343	362	788	1977	464	648	403	350	746	3213	573	482	970	1037	384	1098	1527	426	842	2735	567	2059	201	1132	1684	616	757	1308	3836	585	1692	923	1845	1618	356	923	765	731	1547	788	468	265	978	195	691	298	265	1139	562	1344	856	787	415	933	693	693	809	1168	478	673	469	437	423	1217	1166	1133	266	1082	622	1248	293	142	711	2388	299	213	2032	1987	1973	342	469	542	331	1578	1168	1148	970	343	635	994	1748	1222	825	561	305	192	305	408	582	785	1480	661	1972	328	784	1098	450	448	1883	2180	399	349	961	525	219	408	635	606	677	673	655	1476	1289	957	2206	985	153	1010	882	1072	2017	121	1131	477	339	394	244	1072	1216	118	536	1226	153	909	357	1208	1104	256	583	535	2017	1192	576	367	293	780	1235	299	2417	142	1246	1128	1034	940	606	1894	364	411	1984	402	543	633	622	215	864	1077	870	545	189	365	199	851	481	1127	288	446	539	695	991	732	260	1123	1106	978	496	633	528	1966
235	1731	417	0	339	231	926	159	383	151	1125	39	510	311	679	1482	171	820	676	734	623	231	1413	759	169	420	921	325	511	1397	280	357	1082	272	44	246	180	116	1079	317	1158	26	724	639	1167	246	373	1205	209	558	444	522	674	1578	1409	1596	2209	336	191	3802	154	464	1332	863	314	246	444	651	528	161	206	265	941	1161	1363	218	1288	639	178	243	209	350	1004	1825	1591	1674	339	252	1468	1095	1071	618	368	458	816	342	537	618	1032	1691	48	510	38	506	911	3306	160	65	1259	763	33	1041	1877	279	760	2846	162	1782	218	842	1891	979	1133	1386	4056	171	1948	642	1577	1452	503	1012	1006	368	1577	646	188	198	1338	247	273	357	186	1083	158	1372	469	651	374	1118	567	276	679	1052	218	308	188	560	502	1333	1413	1395	358	1227	224	1209	417	339	362	2305	152	247	2294	1730	2122	478	53	210	350	1736	1099	736	1259	336	407	1382	1884	1351	984	154	116	465	135	603	188	661	1692	298	1687	165	667	976	130	796	1785	2047	41	168	1305	196	344	600	236	196	917	306	282	1217	1447	1192	2067	1213	441	1280	798	783	1676	359	1254	661	206	280	199	1411	1013	371	884	1346	441	521	604	1063	836	210	171	670	1837	1186	162	638	335	393	1562	152	2280	339	969	1349	1068	1203	196	2167	647	34	1892	620	414	231	224	208	475	820	459	214	228	650	218	722	644	1341	178	127	912	277	959	316	167	710	1099	972	345	231	504	1743
118	1654	142	339	0	530	653	473	519	217	1047	314	506	373	669	1154	488	1097	669	843	815	530	1126	444	479	724	1168	14	745	1661	254	205	809	606	302	543	444	249	963	555	900	334	550	316	831	97	335	1100	424	274	212	793	660	1441	1388	1260	2209	201	160	3495	460	734	1595	963	651	97	213	375	501	481	304	248	860	1042	1055	152	951	652	175	200	179	190	718	2165	1480	1561	0	536	1128	1032	871	307	502	640	756	598	253	307	741	1984	387	506	315	245	869	3125	479	402	949	896	307	969	1545	286	906	2652	469	2069	137	1131	1630	640	793	1209	3792	511	1659	923	1858	1667	248	1033	717	609	1437	647	445	151	1002	92	607	362	246	1010	463	1445	740	646	274	864	552	609	669	1032	463	554	446	328	301	1128	1126	1099	128	1001	517	1122	168	0	677	2260	195	95	2003	2005	1899	228	393	422	190	1505	1038	1075	949	201	644	1042	1669	1344	744	464	249	315	207	325	523	645	1427	541	1979	211	644	1155	337	459	1752	2045	310	228	973	405	289	323	530	510	626	554	539	1491	1214	1094	2071	934	103	979	947	1071	1997	205	1043	393	209	254	227	1081	1249	34	548	1138	103	792	297	1069	963	139	511	436	1878	1072	483	321	152	665	1237	195	2282	0	1252	1075	921	904	510	1870	326	323	1853	527	400	530	517	186	748	935	768	424	150	328	151	711	389	1072	175	334	572	612	865	653	222	1048	985	856	355	530	595	1997
412	1644	633	231	530	0	1013	73	567	379	1056	234	465	530	604	1616	67	838	600	572	742	0	1496	893	63	195	970	515	292	1408	357	586	1162	126	245	14	340	346	1039	128	1222	219	755	790	1322	433	402	1152	141	684	560	291	603	1534	1292	1787	2068	442	408	3891	77	233	1345	699	178	433	560	761	495	77	433	349	886	1119	1472	439	1446	554	354	473	435	463	1099	1673	1528	1611	530	33	1631	1018	1092	758	555	281	1033	127	666	758	1130	1659	197	465	232	625	1121	3273	76	175	1372	585	259	974	2017	334	899	2827	69	1757	433	841	1941	1143	1301	1376	4094	153	2025	669	1561	1511	619	1200	1105	161	1534	569	351	379	1492	444	127	581	417	1014	73	1529	239	578	442	1181	515	129	604	950	378	112	350	652	587	1347	1496	1488	500	1261	14	1142	548	530	376	2188	337	435	2371	1720	2134	595	197	145	463	1762	1022	573	1372	442	521	1554	1893	1542	1040	77	346	697	329	720	216	594	1749	110	1655	320	602	1080	195	960	1668	1908	237	305	1449	154	575	716	12	45	1021	109	85	1221	1480	1411	1925	1294	623	1381	934	788	1595	588	1276	763	335	357	430	1550	1067	564	1043	1362	623	290	742	944	656	390	161	747	1677	1140	77	782	466	163	1689	337	2136	530	971	1420	1052	1303	45	2252	794	225	1776	847	408	0	14	436	244	649	238	146	450	798	438	642	739	1410	354	197	1084	137	912	179	397	544	1057	940	355	0	693	1757
707	1205	717	926	653	1013	0	993	1172	854	701	888	627	1024	643	648	1008	1737	648	927	1469	1013	487	254	993	1165	1818	661	1067	2308	664	832	157	1130	881	1020	1076	877	564	954	249	907	314	369	470	709	612	682	871	380	482	1161	634	913	1076	1029	1853	591	798	2881	975	1116	2242	984	1183	709	481	280	592	1005	956	675	580	613	465	801	576	679	753	854	828	575	90	2677	992	1062	653	999	757	719	321	355	1155	928	1312	1002	401	355	124	2616	966	627	889	423	1428	2503	1003	970	375	1000	900	658	1044	681	1554	2022	981	2706	781	1764	977	417	523	640	3141	1074	1022	1559	2498	2321	424	1624	102	990	906	656	1080	740	597	724	1131	1006	895	685	977	2052	1121	645	572	216	614	1133	643	805	1102	964	1080	367	429	524	487	475	574	377	998	737	514	653	1288	1826	781	709	1369	2648	1256	449	973	867	575	861	726	1582	375	591	1291	735	1033	1896	142	982	877	901	799	330	1110	626	775	954	2611	761	614	1806	844	379	1372	1696	885	758	523	859	928	332	1006	1019	76	967	968	2134	574	1573	1731	287	572	371	1594	1704	2596	832	438	266	721	664	878	599	1901	642	360	529	572	1160	361	881	1035	729	1077	265	1621	645	1008	350	592	1070	704	781	1927	653	1889	425	468	293	1019	1243	355	896	1456	1096	623	1013	998	836	1130	994	1210	866	801	355	799	655	282	419	753	844	443	1139	553	1184	866	1553	583	500	661	1013	1240	2647
358	1681	569	159	473	73	993	0	498	309	1086	166	481	456	632	1582	16	812	629	628	687	73	1479	857	11	261	936	459	364	1387	329	516	1145	139	178	88	271	275	1060	186	1210	150	751	748	1281	376	391	1178	140	649	527	365	630	1558	1338	1734	2121	409	342	3874	17	307	1323	757	191	376	526	732	507	13	359	318	910	1140	1446	372	1404	585	298	402	366	428	1077	1708	1558	1641	473	100	1587	1050	1093	720	486	339	960	196	630	720	1107	1652	123	481	165	592	1049	3295	11	101	1345	646	189	1003	1982	312	840	2845	15	1748	367	821	1936	1098	1255	1389	4094	104	2011	638	1549	1476	587	1132	1082	228	1558	597	282	322	1451	385	140	507	345	1044	17	1468	312	605	420	1170	534	143	632	990	310	172	282	627	564	1352	1479	1468	458	1259	69	1172	510	473	342	2234	278	378	2358	1706	2141	562	123	143	428	1764	1054	610	1345	409	465	1507	1901	1473	1030	11	275	624	267	688	165	620	1741	166	1648	268	627	1031	152	914	1714	1961	170	257	1411	143	502	684	81	37	996	170	143	1201	1479	1337	1978	1277	570	1358	876	765	1605	518	1278	737	291	329	359	1515	1032	507	1000	1366	570	363	704	989	718	334	111	728	1735	1163	15	743	426	237	1658	278	2190	473	951	1407	1065	1280	37	2236	754	157	1822	773	409	73	69	366	318	709	302	146	383	757	371	672	714	1397	298	153	1037	148	934	193	326	582	1079	958	349	73	623	1736
491	2101	479	383	519	567	1172	498	0	344	1490	413	882	149	1054	1624	500	623	1052	1115	297	567	1638	951	509	710	663	512	859	1159	622	356	1327	526	409	580	226	339	1431	682	1420	409	1042	821	1283	480	726	1562	591	793	714	840	1049	1925	1788	1601	2592	642	390	3984	503	789	1094	1244	533	480	715	894	895	491	226	607	1303	1513	1554	377	1392	1017	470	318	350	647	1234	1844	1949	2031	519	598	1549	1464	1379	821	16	832	490	694	772	821	1256	1504	388	882	413	760	563	3633	491	407	1448	1140	379	1407	1996	634	395	3164	509	1583	399	671	2148	1089	1222	1711	4308	424	2168	469	1369	1148	761	634	1232	726	1923	1023	216	470	1448	458	527	186	288	1450	506	990	793	1027	703	1383	938	528	1054	1430	189	669	216	837	795	1640	1638	1608	617	1517	567	1572	673	519	362	2683	447	478	2510	1508	2417	738	385	592	647	2024	1469	857	1448	642	187	1445	2185	975	1261	500	339	359	432	844	371	1035	1945	662	1499	488	1039	637	511	926	2164	2430	413	506	1437	579	261	842	577	522	1142	667	641	1000	1732	864	2450	1451	603	1486	435	613	1569	358	1556	912	533	622	301	1547	737	530	1014	1651	603	839	812	1445	1212	477	417	948	2220	1540	490	832	615	725	1713	447	2663	519	777	1593	1406	1414	522	2373	833	413	2270	366	779	567	567	342	797	1200	734	596	375	834	379	1098	906	1590	470	508	1010	523	1317	535	324	841	1452	1323	710	567	125	1487
150	1762	269	151	217	379	854	309	344	0	1150	145	551	222	724	1371	321	885	723	829	627	379	1334	659	318	571	964	205	646	1453	282	207	1011	422	134	393	227	36	1087	448	1097	159	699	532	1046	145	387	1219	322	474	379	667	718	1580	1461	1455	2273	298	57	3710	302	608	1388	957	461	145	380	574	560	312	118	267	962	1169	1270	71	1165	693	126	95	58	304	925	1958	1606	1688	217	396	1340	1126	1039	520	327	573	707	480	453	520	950	1769	196	551	147	432	809	3291	311	216	1164	868	120	1068	1762	298	739	2824	310	1856	80	916	1830	854	1005	1368	3995	316	1869	709	1646	1477	431	936	925	502	1578	695	229	126	1217	131	423	248	61	1111	305	1322	613	698	359	1058	606	425	724	1101	249	441	229	502	455	1301	1334	1311	282	1183	370	1231	341	217	460	2351	107	144	2214	1795	2084	407	200	322	304	1692	1132	879	1164	298	437	1250	1849	1267	931	303	36	321	94	524	315	704	1628	430	1764	150	707	977	224	674	1834	2110	143	172	1190	305	212	521	383	346	834	440	418	1280	1401	1075	2132	1139	319	1192	780	856	1780	209	1218	588	193	282	61	1299	1049	243	764	1313	319	666	508	1123	939	133	313	615	1916	1197	314	536	274	536	1454	107	2345	217	1039	1279	1062	1116	346	2083	542	153	1939	495	444	379	370	57	620	919	610	326	80	544	71	769	577	1274	126	220	784	426	975	463	24	854	1108	979	378	379	447	1793
1017	611	1175	1125	1047	1056	701	1086	1490	1150	0	1088	614	1372	453	1241	1095	1895	457	591	1748	1056	905	884	1079	1102	2022	1045	911	2464	869	1251	710	1178	1089	1054	1305	1152	141	936	657	1098	524	931	1162	1036	764	118	949	842	840	1016	455	488	377	1715	1182	865	1114	3092	1071	1004	2401	545	1225	1036	838	781	596	1099	1269	883	188	139	1010	1138	1254	502	1024	1206	1161	867	758	2495	472	554	1047	1026	1418	51	421	889	1474	810	1804	965	852	889	783	2693	1140	614	1088	831	1917	2222	1097	1129	970	643	1119	83	1583	856	1881	1792	1071	2794	1115	1897	1108	1115	1223	431	3143	1190	1291	1724	2607	2562	824	2075	776	934	490	488	1313	1029	1262	1062	1179	1385	1210	41	1069	2473	1005	480	795	636	558	1181	453	185	1343	952	1313	747	751	501	905	945	920	542	1045	86	883	1047	1428	1212	1044	1038	1597	2766	1169	834	1146	946	867	866	52	1500	970	865	1530	1418	935	2391	574	1077	1152	1362	1059	808	1249	467	974	950	2689	1002	460	2100	996	1035	711	1020	1088	984	1178	951	1323	805	1044	1089	776	956	975	2275	668	2129	1051	771	1029	917	1920	1845	2577	1251	492	756	957	869	1203	1220	2118	1060	1044	518	1029	1015	882	264	626	1025	1197	676	920	132	1101	905	905	1002	1260	1044	1257	1047	2026	799	246	869	1089	1522	920	1091	809	1574	712	1056	1045	1169	1012	590	1132	943	1145	923	1136	414	735	778	1024	999	1129	1189	184	1225	1173	1472	128	211	781	1056	1598	2812
204	1696	402	39	314	234	888	166	413	145	1088	0	474	330	644	1449	180	859	642	709	659	234	1375	725	174	427	961	299	502	1436	240	353	1044	292	12	248	217	115	1041	305	1120	20	685	607	1137	218	335	1168	187	523	407	521	640	1540	1376	1574	2179	298	175	3765	157	462	1371	839	337	218	407	615	492	172	222	226	904	1123	1328	206	1259	605	146	240	201	313	967	1853	1554	1637	314	250	1439	1059	1032	585	398	440	833	335	502	585	995	1729	79	474	1	470	930	3267	170	88	1224	742	35	1005	1846	241	794	2807	166	1821	201	881	1853	950	1105	1347	4017	199	1911	681	1615	1491	466	1038	970	358	1539	612	225	167	1308	222	293	371	191	1047	161	1403	468	617	335	1080	531	295	644	1019	255	298	225	522	464	1294	1375	1359	323	1188	224	1172	381	314	400	2271	121	219	2257	1768	2083	441	85	188	313	1697	1064	761	1224	298	445	1355	1845	1375	945	159	115	466	106	567	222	626	1654	286	1725	128	631	1012	98	766	1752	2016	3	130	1273	173	351	564	237	204	881	296	273	1256	1408	1207	2037	1175	414	1244	833	822	1712	355	1215	624	168	240	201	1379	1052	347	854	1307	414	520	570	1031	814	180	199	631	1809	1149	173	605	298	391	1528	121	2250	314	1008	1311	1030	1166	204	2130	614	9	1859	631	377	234	224	202	474	797	468	192	216	618	205	688	606	1303	146	95	885	298	922	339	166	734	1061	934	308	234	532	1782
437	1221	648	510	506	465	627	481	882	551	614	474	0	774	173	1272	492	1293	172	360	1133	465	1083	610	475	568	1413	498	441	1868	273	690	757	591	476	466	690	546	579	365	795	484	324	564	1035	461	173	699	341	435	350	540	167	1077	910	1567	1723	305	525	3463	464	501	1805	467	642	461	348	455	35	494	667	286	432	659	1091	553	1156	147	428	621	573	317	718	2070	1083	1166	506	439	1346	584	636	517	866	302	1242	407	430	517	752	2124	525	0	474	386	1350	2814	492	516	1002	426	506	531	1671	252	1269	2364	466	2222	531	1302	1491	893	1046	911	3635	584	1596	1119	2026	1951	377	1487	729	385	1077	145	699	439	1191	488	592	796	612	573	464	1871	504	147	232	755	56	594	173	550	729	379	699	346	297	886	1083	1086	385	810	452	699	378	506	823	1801	444	463	1939	2184	1670	368	531	338	317	1302	589	992	1002	305	916	1295	1429	1815	615	471	546	811	457	440	640	153	1306	373	2120	400	157	1485	382	733	1283	1559	474	380	1129	341	744	434	454	490	661	382	394	1682	1025	1595	1583	883	533	994	1308	1247	2050	691	818	443	359	273	608	1218	1508	531	793	901	533	538	502	574	483	438	590	386	1376	683	497	543	354	466	1331	444	1795	506	1432	996	586	918	490	1828	560	477	1389	1017	109	465	452	579	513	449	609	335	562	564	551	217	411	982	428	384	861	602	454	643	575	962	598	477	173	465	995	2217
358	1983	331	311	373	530	1024	456	149	222	1372	330	774	0	947	1478	463	763	946	1039	447	530	1489	801	467	700	811	367	819	1307	504	209	1180	523	323	544	220	230	1304	628	1273	333	907	671	1139	343	609	1438	518	647	574	819	941	1794	1684	1476	2495	511	258	3836	456	762	1242	1168	544	343	575	748	783	453	109	490	1184	1386	1405	239	1249	915	348	175	213	514	1086	1947	1824	1906	373	556	1410	1349	1239	672	133	769	505	650	626	672	1107	1648	334	774	331	616	600	3494	453	356	1299	1072	295	1290	1853	521	534	3023	463	1728	262	807	2000	944	1080	1574	4159	411	2019	601	1515	1297	618	714	1083	678	1792	918	212	343	1304	320	524	61	162	1332	460	1100	767	921	578	1236	829	526	947	1324	202	618	213	695	657	1499	1489	1459	478	1373	526	1452	532	373	433	2574	330	342	2360	1656	2273	596	333	518	514	1878	1354	918	1299	511	311	1308	2041	1048	1117	455	230	236	317	698	374	927	1797	608	1643	373	930	782	426	779	2057	2332	329	394	1291	503	117	697	537	488	993	616	591	1146	1587	881	2354	1302	454	1337	574	748	1700	211	1414	766	416	504	168	1402	886	382	867	1509	454	817	664	1345	1144	348	405	806	2134	1415	453	683	479	693	1566	330	2567	373	918	1444	1274	1265	488	2224	684	333	2162	321	667	530	526	205	773	1127	732	522	235	685	241	992	761	1442	348	423	866	523	1195	546	199	898	1326	1196	600	530	228	1636
608	1054	809	679	669	604	643	632	1054	724	453	644	173	947	0	1289	642	1441	5	283	1300	604	1052	692	625	669	1568	662	500	2012	446	859	746	727	646	602	858	720	441	487	761	652	331	674	1090	631	343	548	495	551	491	607	10	930	736	1639	1550	469	697	3400	617	582	1949	352	775	631	489	543	168	645	840	459	283	518	1088	725	1207	53	601	793	746	478	731	2133	926	1008	669	574	1393	419	563	626	1038	377	1413	520	551	626	765	2252	690	173	644	513	1522	2669	643	678	1010	357	676	371	1679	426	1438	2228	617	2352	703	1445	1413	972	1116	793	3532	736	1542	1270	2161	2108	504	1661	745	492	931	34	867	611	1235	658	728	969	785	412	615	2043	584	27	395	723	119	730	0	376	897	503	867	451	420	791	1052	1066	543	741	593	539	526	669	974	1628	617	634	1878	2320	1558	502	696	493	478	1205	423	1085	1010	469	1080	1356	1317	1988	592	623	720	979	630	542	796	24	1239	500	2249	573	31	1651	549	830	1110	1387	644	553	1165	499	916	537	592	636	693	506	524	1824	943	1762	1410	862	684	989	1477	1392	2157	859	734	524	532	446	782	1243	1664	691	877	807	684	606	613	402	394	610	743	450	1209	538	647	650	517	566	1338	617	1623	669	1575	956	472	917	636	1776	667	646	1216	1187	281	604	593	752	592	353	704	489	734	672	723	44	493	940	601	552	953	738	313	775	748	1055	457	351	346	604	1168	2361
1247	1568	1147	1482	1154	1616	648	1582	1624	1371	1241	1449	1272	1478	1289	0	1599	2238	1293	1572	1915	1616	384	725	1585	1786	2287	1166	1707	2782	1259	1268	552	1722	1439	1625	1597	1403	1102	1577	584	1469	962	842	344	1238	1232	1175	1478	933	1056	1797	1279	1223	1579	575	2249	1174	1314	2363	1566	1748	2717	1621	1774	1238	1056	856	1238	1594	1445	1267	1176	1115	234	1304	262	1326	1303	1335	1328	1154	558	3290	1342	1383	1154	1608	255	1275	823	864	1610	1568	1579	1626	952	864	524	3125	1528	1272	1450	991	1680	2418	1592	1537	281	1646	1451	1227	401	1282	1956	1929	1573	3206	1291	2278	782	535	425	962	2769	1647	655	2069	2993	2737	997	1899	545	1618	1213	1303	1598	1284	207	1243	1723	1439	1394	1240	1568	2324	1753	1291	1178	608	1262	1726	1289	1388	1613	1585	1598	969	1034	820	384	323	1127	714	1602	1243	1073	1154	1831	2143	1329	1238	948	3132	1170	1021	1534	1474	1154	854	1281	2190	281	1174	1782	343	1035	2091	709	1572	1403	1281	1346	896	1670	1272	627	1574	3120	1323	1260	2213	1430	701	1787	2110	1446	1329	187	1463	1363	900	1611	1614	612	1587	1585	2624	716	1711	2150	470	1052	323	1993	2218	3151	1266	780	857	1293	1259	1373	78	2356	1128	611	811	1052	1795	879	1471	1677	1271	1648	892	2112	1139	1596	843	1157	1696	93	1329	2320	1154	2394	474	997	380	1614	800	834	1458	1844	1415	1255	1616	1602	1335	1762	1635	1831	1474	1299	831	1303	1297	884	495	1303	1429	615	1731	1142	1775	1375	2161	1113	1080	1281	1616	1653	3103
373	1689	582	171	488	67	1008	16	500	321	1095	180	492	463	642	1599	0	801	638	631	683	67	1495	874	17	249	926	474	360	1376	345	528	1161	123	192	81	273	287	1071	187	1225	163	765	764	1297	391	406	1188	152	665	543	356	640	1568	1344	1749	2125	425	356	3890	33	299	1312	759	175	391	543	748	519	9	368	334	921	1151	1462	386	1420	594	314	414	379	444	1093	1692	1568	1650	488	98	1603	1060	1107	736	488	341	966	194	646	736	1123	1639	132	492	179	608	1053	3306	10	110	1361	648	201	1013	1998	328	837	2857	27	1734	381	809	1950	1114	1271	1401	4108	96	2027	628	1536	1467	603	1133	1098	226	1568	607	284	338	1467	400	124	515	356	1054	31	1466	304	615	436	1185	545	127	642	997	312	173	283	643	580	1366	1495	1484	474	1274	67	1182	526	488	332	2240	293	393	2373	1693	2155	578	131	155	444	1778	1064	594	1361	425	461	1523	1914	1475	1045	27	287	635	282	704	158	630	1756	167	1635	283	638	1025	168	930	1720	1965	183	273	1428	157	512	700	77	25	1011	170	144	1189	1493	1343	1982	1292	586	1374	873	754	1589	530	1292	753	307	345	370	1531	1023	522	1016	1380	586	355	720	995	719	350	103	744	1738	1174	9	759	442	230	1674	293	2194	488	939	1422	1077	1296	25	2251	770	171	1828	781	422	67	67	379	310	711	289	158	396	773	385	682	730	1412	314	169	1053	132	945	176	338	566	1090	969	363	67	625	1724
1029	2479	1091	820	1097	838	1737	812	623	885	1895	859	1293	763	1441	2238	801	0	1438	1381	376	838	2219	1541	818	836	166	1087	1044	577	1099	972	1894	718	864	841	661	860	1872	960	1975	842	1543	1413	1901	1029	1186	1989	952	1359	1256	964	1440	2370	2117	2220	2859	1155	942	4591	828	944	513	1496	676	1029	1256	1458	1319	799	796	1085	1722	1953	2152	945	2013	1392	985	905	918	1168	1810	1309	2367	2449	1097	869	2172	1857	1890	1404	635	1102	944	938	1338	1404	1835	887	788	1293	858	1313	946	4107	801	790	2046	1372	841	1813	2617	1095	463	3656	827	971	961	67	2709	1707	1844	2197	4875	709	2754	178	761	685	1312	853	1810	972	2370	1407	657	997	2068	1016	718	809	851	1853	829	950	946	1415	1194	1936	1347	716	1441	1785	635	944	656	1376	1321	2152	2219	2196	1163	2047	849	1981	1222	1097	470	3005	957	1029	3099	911	2942	1287	781	955	1168	2557	1861	637	2046	1155	456	2069	2702	1131	1803	822	860	982	939	1408	655	1430	2509	945	882	982	1439	409	929	1537	2488	2705	861	988	2053	953	880	1405	850	806	1720	941	921	397	2268	1233	2717	2023	1194	2077	459	62	953	973	2074	1471	1026	1099	870	2163	259	1118	1627	2165	1194	964	1393	1772	1436	1008	703	1487	2447	1976	796	1419	1146	919	2325	957	2923	1097	155	2162	1875	2001	806	2967	1424	853	2597	939	1216	838	849	911	943	1442	824	958	947	1426	946	1480	1457	2156	985	927	1629	708	1747	676	876	644	1891	1770	1150	838	636	925
607	1056	810	676	669	600	648	629	1052	723	457	642	172	946	5	1293	638	1438	0	279	1298	600	1057	695	622	664	1565	663	496	2009	445	858	751	723	644	598	855	718	445	484	766	650	336	677	1094	631	342	552	492	553	492	602	14	934	737	1643	1551	469	696	3405	614	577	1946	348	771	631	490	546	168	642	839	458	287	522	1093	725	1211	49	601	793	745	479	736	2128	929	1011	669	570	1398	422	568	629	1036	373	1412	516	553	629	770	2248	688	172	642	515	1521	2673	640	676	1015	352	674	374	1684	425	1436	2232	614	2348	702	1442	1418	976	1120	797	3537	733	1547	1267	2157	2105	506	1659	750	487	935	31	864	610	1239	658	724	968	784	415	612	2042	580	25	395	728	118	726	5	378	895	499	864	454	422	796	1057	1071	544	746	589	543	527	669	971	1630	616	633	1883	2316	1562	503	693	490	479	1210	426	1080	1015	469	1078	1360	1321	1987	597	620	718	979	629	544	793	26	1244	496	2245	572	35	1649	546	833	1112	1387	642	552	1169	496	915	540	588	632	697	503	520	1821	948	1762	1411	867	685	993	1475	1389	2152	859	739	527	531	445	781	1247	1661	691	880	812	685	601	615	402	390	610	740	453	1208	541	644	653	517	561	1343	616	1623	669	1571	961	477	922	632	1781	670	644	1218	1187	280	600	589	751	588	349	700	486	733	674	723	45	496	945	601	549	956	734	317	771	747	1050	461	355	345	600	1166	2357
753	1113	985	734	843	572	927	628	1115	829	591	709	360	1039	283	1572	631	1381	279	0	1314	572	1326	959	618	549	1525	833	342	1929	590	1004	1028	672	716	564	894	812	639	444	1036	709	614	923	1370	779	512	706	524	795	709	439	293	1075	738	1914	1495	648	820	3645	619	442	1869	129	708	779	707	806	383	638	930	599	484	700	1370	853	1488	251	725	915	867	664	1015	1908	1038	1116	843	539	1675	542	824	876	1101	290	1536	451	790	876	1049	2127	726	360	709	747	1637	2794	637	708	1294	73	744	525	1962	560	1469	2376	615	2230	834	1371	1653	1242	1391	999	3732	725	1800	1224	2052	2064	738	1746	1029	416	1079	273	905	742	1517	804	673	1075	887	554	616	2096	442	283	581	999	339	674	283	433	935	460	904	702	657	1025	1326	1344	732	998	567	671	734	843	941	1624	731	782	2129	2213	1756	729	730	523	664	1429	543	918	1294	648	1092	1634	1518	2085	872	623	812	1128	738	796	788	301	1490	464	2124	688	312	1652	612	1089	1107	1336	710	665	1448	537	1039	791	560	615	976	462	488	1740	1186	1903	1352	1141	885	1270	1505	1325	1992	1005	980	790	659	590	890	1526	1624	872	1144	1042	885	439	861	399	122	746	733	722	1107	710	639	901	698	462	1621	731	1563	843	1497	1227	702	1199	615	2035	918	707	1216	1322	449	572	567	871	446	92	570	519	864	923	851	278	758	1210	725	616	1216	682	523	707	853	890	648	578	488	572	1238	2274
778	2354	775	623	815	742	1469	687	297	627	1748	659	1133	447	1300	1915	683	376	1298	1314	0	742	1936	1249	697	827	374	808	1015	868	891	652	1625	657	660	751	442	614	1700	870	1716	649	1325	1119	1572	769	992	1828	810	1089	1005	967	1296	2198	2022	1855	2809	923	678	4277	699	926	803	1441	638	769	1005	1190	1151	677	515	876	1564	1782	1851	670	1678	1258	748	614	642	931	1532	1671	2214	2297	815	776	1828	1718	1667	1119	313	1024	574	866	1068	1119	1554	1226	610	1133	659	1053	591	3917	678	622	1745	1326	630	1664	2281	897	166	3451	701	1299	691	437	2446	1379	1506	1994	4606	589	2466	281	1085	852	1054	550	1530	901	2196	1267	434	752	1734	750	657	477	577	1707	701	797	930	1273	979	1679	1190	656	1300	1670	404	854	434	1128	1083	1929	1936	1906	907	1809	747	1832	965	815	399	2920	723	768	2807	1219	2710	1031	604	812	931	2317	1722	821	1745	923	222	1720	2476	875	1555	693	614	636	705	1140	526	1284	2242	850	1220	759	1289	353	751	1221	2399	2648	660	773	1727	804	555	1138	754	699	1439	852	826	718	2026	892	2666	1748	901	1784	195	389	1326	654	1846	1207	805	891	593	1838	441	828	1307	1940	901	966	1110	1674	1397	761	581	1240	2419	1808	675	1130	901	876	2004	723	2877	815	518	1890	1683	1712	699	2669	1131	657	2507	566	1037	742	747	634	931	1391	836	816	669	1132	671	1343	1200	1887	748	749	1299	649	1581	639	610	815	1720	1593	968	742	270	1191
412	1644	633	231	530	0	1013	73	567	379	1056	234	465	530	604	1616	67	838	600	572	742	0	1496	893	63	195	970	515	292	1408	357	586	1162	126	245	14	340	346	1039	128	1222	219	755	790	1322	433	402	1152	141	684	560	291	603	1534	1292	1787	2068	442	408	3891	77	233	1345	699	178	433	560	761	495	77	433	349	886	1119	1472	439	1446	554	354	473	435	463	1099	1673	1528	1611	530	33	1631	1018	1092	758	555	281	1033	127	666	758	1130	1659	197	465	232	625	1121	3273	76	175	1372	585	259	974	2017	334	899	2827	69	1757	433	841	1941	1143	1301	1376	4094	153	2025	669	1561	1511	619	1200	1105	161	1534	569	351	379	1492	444	127	581	417	1014	73	1529	239	578	442	1181	515	129	604	950	378	112	350	652	587	1347	1496	1488	500	1261	14	1142	548	530	376	2188	337	435	2371	1720	2134	595	197	145	463	1762	1022	573	1372	442	521	1554	1893	1542	1040	77	346	697	329	720	216	594	1749	110	1655	320	602	1080	195	960	1668	1908	237	305	1449	154	575	716	12	45	1021	109	85	1221	1480	1411	1925	1294	623	1381	934	788	1595	588	1276	763	335	357	430	1550	1067	564	1043	1362	623	290	742	944	656	390	161	747	1677	1140	77	782	466	163	1689	337	2136	530	971	1420	1052	1303	45	2252	794	225	1776	847	408	0	14	436	244	649	238	146	450	798	438	642	739	1410	354	197	1084	137	912	179	397	544	1057	940	355	0	693	1757
1190	1184	1166	1413	1126	1496	487	1479	1638	1334	905	1375	1083	1489	1052	384	1495	2219	1057	1326	1936	1496	0	688	1479	1641	2294	1135	1524	2787	1151	1288	334	1615	1368	1503	1559	1360	773	1430	291	1395	759	818	530	1190	1094	823	1355	860	968	1623	1045	838	1218	949	1865	1079	1277	2394	1462	1583	2721	1351	1669	1190	968	762	1047	1492	1431	1163	878	770	173	1277	538	1098	1238	1325	1304	1063	409	3151	958	999	1126	1481	624	945	512	818	1623	1386	1707	1477	881	818	384	3101	1453	1083	1376	908	1818	2145	1490	1457	238	1398	1387	906	678	1167	2009	1654	1467	3190	1259	2249	529	650	630	582	2669	1562	535	2043	2981	2785	910	2028	409	1461	828	1074	1562	1224	509	1203	1616	1464	1372	911	1463	2459	1587	1062	1059	330	1057	1619	1052	1070	1584	1441	1563	855	916	444	0	65	1058	363	1482	893	998	1126	1775	1760	1266	1190	881	3129	875	935	1460	1351	1063	509	950	2062	238	1079	1770	682	698	2265	468	1468	1360	1336	1284	812	1597	1041	329	1432	3097	1248	1029	2265	1331	744	1405	1728	1373	1246	429	1344	1385	815	1489	1504	500	1444	1447	2615	331	1907	1768	202	1035	169	2048	2189	3083	1286	419	751	1208	1151	1353	402	2374	1110	673	433	1035	1622	829	1154	1417	1213	1564	750	1741	790	1494	806	1078	1542	371	1266	1935	1126	2373	106	673	228	1504	756	805	1383	1460	1509	1098	1496	1482	1311	1596	1375	1684	1350	1276	804	1276	1049	769	127	1238	1331	723	1625	840	1670	1345	2032	780	777	1142	1496	1695	3123
525	1433	479	759	444	893	254	857	951	659	884	725	610	801	692	725	874	1541	695	959	1249	893	688	0	860	1069	1609	454	1015	2103	537	600	393	997	716	903	886	688	759	865	498	745	386	130	435	519	525	890	757	209	333	1095	681	1157	1261	956	2061	451	601	3051	841	1042	2038	1044	1049	519	333	154	581	868	747	545	729	822	610	596	559	710	580	639	623	430	292	2566	1227	1301	444	887	748	891	558	140	935	881	1059	914	227	140	309	2428	804	610	726	268	1173	2756	866	813	505	1029	729	825	1124	563	1322	2273	848	2513	580	1575	1205	283	436	890	3358	922	1218	1367	2302	2097	275	1372	286	910	1151	691	888	561	601	528	998	776	690	859	843	1801	1048	683	464	468	620	1001	692	949	907	872	889	267	328	778	688	658	402	632	879	936	347	444	1114	2055	607	519	1560	2448	1503	298	810	754	430	1108	898	1466	505	451	1087	687	1284	1641	387	847	688	656	624	179	947	669	1001	860	2423	598	660	1577	705	150	1583	1902	722	603	555	742	697	184	889	889	200	873	868	1935	825	1319	1934	506	349	536	1362	1515	2434	598	691	168	567	537	671	657	1687	424	185	784	349	1094	154	1015	1078	549	924	242	1798	854	871	122	431	985	803	607	2136	444	1696	649	678	463	889	1426	118	734	1673	845	562	893	879	630	1057	1040	1115	754	594	116	595	718	200	648	580	704	262	1005	712	1050	666	1437	780	673	574	893	1008	2437
363	1673	576	169	479	63	993	11	509	318	1079	174	475	467	625	1585	17	818	622	618	697	63	1479	860	0	252	943	465	353	1393	329	525	1145	138	186	77	282	284	1054	175	1209	159	748	751	1284	382	389	1171	135	651	529	354	623	1551	1329	1739	2112	411	350	3874	19	296	1329	746	190	382	528	733	502	20	369	319	904	1134	1447	380	1408	577	304	411	375	430	1077	1706	1551	1634	479	89	1591	1043	1090	722	497	329	971	185	632	722	1108	1656	133	475	173	594	1060	3289	19	111	1346	636	198	996	1985	312	850	2839	11	1752	375	826	1933	1102	1259	1384	4091	112	2010	645	1553	1483	588	1143	1082	217	1551	590	293	328	1455	391	139	518	355	1037	16	1478	302	598	420	1168	528	141	625	981	321	161	292	628	564	1349	1479	1468	461	1257	58	1165	512	479	349	2225	285	384	2357	1710	2137	564	133	138	430	1761	1047	606	1346	411	475	1512	1897	1484	1029	15	284	634	274	690	173	613	1739	155	1652	272	621	1040	154	919	1705	1951	178	261	1414	140	512	686	70	30	996	159	133	1206	1476	1348	1969	1276	576	1359	886	771	1606	527	1275	738	294	329	368	1518	1039	513	1003	1363	576	353	707	980	707	340	119	728	1725	1157	22	745	429	227	1660	285	2180	479	956	1406	1060	1280	30	2235	757	166	1813	783	405	63	58	375	308	698	293	141	391	760	380	665	715	1396	304	156	1041	146	928	191	336	578	1073	952	346	63	634	1741
606	1659	828	420	724	195	1165	261	710	571	1102	427	568	700	669	1786	249	836	664	549	827	195	1641	1069	252	0	986	710	208	1380	533	778	1308	183	439	181	490	536	1109	211	1358	412	885	972	1502	627	555	1208	314	860	737	139	671	1589	1287	1978	2024	621	602	4029	269	108	1320	661	189	627	736	930	603	258	612	527	950	1184	1630	633	1626	615	548	663	628	642	1254	1512	1568	1649	724	188	1813	1059	1204	938	701	293	1193	163	844	938	1287	1590	380	568	426	801	1273	3324	259	358	1533	536	451	1024	2188	506	992	2892	261	1692	627	823	2060	1328	1486	1462	4198	290	2162	687	1508	1521	794	1329	1262	182	1591	635	500	573	1670	639	183	756	604	1061	266	1625	110	646	607	1317	608	182	669	969	523	201	500	816	751	1450	1641	1638	686	1379	206	1187	730	724	429	2169	532	629	2505	1668	2226	771	378	317	642	1866	1061	423	1533	621	619	1740	1985	1670	1176	268	536	884	524	892	338	666	1875	211	1587	513	677	1139	387	1145	1654	1869	430	498	1623	331	759	887	194	224	1181	199	201	1190	1593	1571	1882	1438	816	1536	1023	778	1488	780	1385	929	524	533	619	1723	1085	759	1227	1465	816	138	922	946	600	585	297	902	1617	1202	257	963	650	103	1856	532	2089	724	948	1558	1139	1458	224	2392	976	419	1763	1021	543	195	206	628	108	606	45	316	644	980	632	699	902	1546	548	390	1272	187	982	188	588	394	1125	1020	506	195	833	1726
1113	2614	1142	921	1168	970	1818	936	663	964	2022	961	1413	811	1568	2287	926	166	1565	1525	374	970	2294	1609	943	986	0	1159	1193	495	1201	1020	1975	855	964	974	750	943	1992	1095	2061	945	1645	1479	1945	1109	1294	2112	1073	1438	1342	1118	1566	2491	2259	2226	3011	1249	1020	4647	951	1095	430	1644	817	1109	1343	1538	1437	923	863	1187	1845	2073	2216	1017	2052	1521	1074	969	990	1259	1886	1401	2494	2577	1168	1002	2203	1986	1991	1475	678	1241	897	1077	1416	1475	1910	853	895	1413	960	1396	879	4225	924	901	2110	1521	938	1939	2655	1201	398	3768	951	925	1036	216	2795	1751	1881	2307	4959	831	2826	301	710	541	1396	754	1885	1112	2490	1534	744	1083	2108	1094	855	847	922	1980	952	798	1096	1541	1295	2023	1468	854	1568	1920	719	1079	744	1464	1413	2254	2294	2267	1246	2143	979	2108	1306	1168	594	3150	1047	1109	3169	846	3042	1371	888	1076	1259	2653	1990	803	2110	1249	526	2095	2804	1003	1894	944	943	1010	1029	1487	773	1555	2593	1079	847	1077	1563	266	1039	1590	2632	2855	962	1086	2099	1072	924	1485	982	934	1794	1076	1054	345	2362	1147	2868	2102	1259	2145	381	228	982	1021	2174	1553	1122	1201	940	2210	98	1184	1677	2267	1259	1118	1465	1911	1586	1093	825	1577	2602	2097	921	1488	1235	1064	2376	1047	3076	1168	195	2242	1988	2072	934	3034	1490	955	2740	932	1329	970	979	982	1094	1590	978	1080	1018	1492	1018	1608	1542	2238	1074	1037	1672	845	1868	818	951	810	2011	1887	1262	970	644	829
103	1652	151	325	14	515	661	459	512	205	1045	299	498	367	662	1166	474	1087	663	833	808	515	1135	454	465	710	1159	0	732	1651	243	205	817	591	288	528	432	236	962	541	908	319	551	327	844	82	327	1099	410	281	213	779	654	1442	1384	1275	2204	193	147	3506	446	720	1586	953	637	82	214	382	494	466	295	237	858	1042	1065	142	964	645	161	193	169	184	727	2150	1480	1561	14	522	1142	1029	875	317	495	628	759	584	260	317	751	1973	373	498	301	249	872	3130	465	387	960	886	293	966	1558	275	901	2656	454	2059	126	1120	1638	654	807	1212	3800	497	1669	912	1848	1660	252	1033	726	596	1439	640	433	136	1015	78	592	359	236	1008	449	1444	726	639	267	871	545	594	662	1027	452	540	434	331	301	1133	1135	1109	125	1006	503	1121	169	14	664	2257	180	81	2013	1995	1905	231	379	408	184	1512	1035	1060	960	193	634	1056	1674	1346	750	449	236	318	193	332	509	639	1435	528	1968	196	638	1149	322	472	1749	2040	296	214	986	391	286	330	515	495	635	540	525	1481	1220	1099	2066	943	116	990	941	1060	1985	206	1048	400	196	243	218	1094	1240	49	561	1143	116	778	306	1063	953	125	496	440	1871	1072	468	332	145	651	1249	180	2278	14	1241	1084	922	915	495	1880	337	309	1851	530	392	515	503	176	734	925	753	410	140	339	141	705	394	1080	161	320	586	597	863	639	211	1034	985	855	345	515	591	1988
631	1455	871	511	745	292	1067	364	859	646	911	502	441	819	500	1707	360	1044	496	342	1015	292	1524	1015	353	208	1193	732	0	1587	509	849	1199	357	512	279	633	617	932	198	1234	493	765	938	1450	656	490	1021	328	814	698	106	505	1399	1079	1957	1818	594	660	3895	362	100	1528	452	382	656	696	865	477	369	718	509	771	1003	1532	694	1574	447	582	740	697	615	1158	1636	1372	1451	745	263	1763	865	1058	897	848	139	1324	169	801	897	1192	1788	485	441	501	756	1413	3129	369	463	1442	328	534	837	2108	477	1176	2703	356	1890	682	1032	1912	1290	1447	1290	4031	438	2031	893	1710	1729	747	1491	1168	143	1402	470	643	606	1613	675	358	868	693	871	359	1809	99	482	557	1194	466	358	500	769	670	204	643	749	687	1292	1524	1528	674	1235	294	995	703	745	623	1960	575	659	2371	1871	2055	729	486	329	615	1706	867	590	1442	594	798	1701	1814	1833	1055	364	617	967	574	836	498	503	1734	215	1785	543	515	1337	426	1114	1446	1661	504	521	1557	347	853	831	283	337	1095	205	229	1398	1442	1701	1675	1325	821	1435	1209	987	1666	851	1233	858	536	509	703	1650	1292	780	1188	1308	821	105	881	741	392	615	446	815	1413	1018	369	923	635	138	1770	575	1883	745	1157	1434	973	1359	337	2264	938	496	1554	1131	455	292	294	699	104	397	227	326	705	943	693	524	828	1420	582	429	1244	365	806	381	667	561	946	850	444	292	985	1932
1601	3038	1638	1397	1661	1408	2308	1387	1159	1453	2464	1436	1868	1307	2012	2782	1376	577	2009	1929	868	1408	2787	2103	1393	1380	495	1651	1587	0	1677	1516	2465	1285	1441	1410	1233	1431	2447	1527	2549	1420	2121	1973	2440	1599	1764	2561	1528	1928	1829	1497	2012	2943	2667	2703	3379	1731	1510	5143	1404	1487	65	2038	1239	1599	1830	2028	1895	1374	1356	1663	2295	2527	2711	1509	2545	1962	1559	1463	1482	1743	2378	1215	2936	3018	1661	1438	2694	2424	2468	1968	1173	1661	1340	1500	1907	1968	2402	395	1365	1868	1436	1885	1297	4681	1376	1368	2605	1912	1417	2383	3148	1673	856	4232	1402	445	1527	567	3283	2246	2374	2775	5448	1285	3320	756	237	310	1884	1123	2377	1533	2943	1978	1229	1570	2602	1584	1284	1343	1415	2422	1405	973	1488	1987	1772	2510	1921	1283	2012	2345	1205	1511	1228	1950	1897	2730	2787	2761	1734	2624	1420	2550	1794	1661	1047	3543	1531	1598	3664	352	3519	1859	1359	1531	1743	3134	2428	1077	2605	1731	1017	2585	3280	1270	2378	1397	1431	1503	1513	1978	1233	2003	3082	1513	389	1558	2011	625	1507	2086	3032	3229	1439	1565	2595	1529	1420	1975	1420	1378	2287	1507	1489	189	2844	1518	3238	2593	1754	2640	827	621	652	1517	2652	2042	1602	1677	1433	2705	429	1678	2173	2743	1754	1497	1958	2326	1971	1580	1280	2062	2957	2549	1372	1982	1720	1472	2871	1531	3439	1661	437	2733	2452	2566	1378	3529	1985	1430	3141	1410	1793	1408	1420	1475	1483	1982	1360	1534	1510	1986	1511	2050	2030	2728	1559	1505	2167	1275	2320	1239	1442	1096	2465	2346	1728	1408	1134	348
