NAME : VRPTW_INSTANCE_142.txt
COMMENT : Bangkok Supermarket
TYPE : VRPTW
DIMENSION : 316
DAYS : Monday
EDGE_WEIGHT_TYPE : EXPLICIT
VEHICLES : 39
EDGE_WEIGHT_FORMAT : FULL_MATRIX
CAPACITY : 1000
EDGE_WEIGHT_SECTION
0	433	154	367	314	79	309	504	960	497	1213	367	294	1115	97	1698	582	255	2125	103	118	1663	3310	1123	586	284	401	140	576	737	310	1156	221	1627	330	197	14	2290	1341	153	532	431	434	650	2117	590	410	218	885	447	505	600	2064	534	1171	1162	750	491	404	288	101	1949	368	182	298	772	287	1429	308	38	66	1028	309	1535	395	223	89	1137	191	1096	133	1237	172	386	373	1975	1350	1028	1054	269	1648	33	30	412	1094	394	172	300	497	118	432	264	525	972	83	133	185	2090	189	35	948	940	850	83	394	82	523	172	1634	404	710	199	207	730	1086	474	716	602	539	17	88	153	968	404	715	768	761	437	358	867	1567	399	1121	152	1142	1190	1196	199	582	1902	1433	481	182	383	495	1011	948	447	1067	288	170	978	962	203	502	830	212	404	1066	206	206	1142	1805	202	1536	73	901	2215	1421	264	403	759	499	1073	400	885	152	165	608	393	286	101	90	539	620	17	1648	412	510	118	402	885	763	582	404	428	213	672	264	367	352	764	625	231	1064	778	1800	309	199	46	294	629	496	394	737	124	756	1627	993	494	885	413	122	671	419	374	977	1190	996	170	97	104	1235	171	676	1946	1882	89	525	1694	1381	639	609	465	465	515	221	608	500	246	639	85	1056	778	122	392	1142	587	22	647	379	438	650	155	196	202	364	154	1927	215	307	224	211	956	702	176	172	387	395	281	484	650	517	364	1735	307	114	489	300	288	282	1960	443	33	639	230	437	407	1190	359	404	347	662	284	2204	643
433	0	574	800	627	394	334	886	1384	875	779	743	428	843	510	1458	150	261	1748	399	386	1230	2883	1552	540	149	804	353	503	411	618	1556	315	1445	112	557	447	2581	916	565	716	27	867	968	1838	499	171	331	552	720	469	883	1633	704	808	1003	451	456	737	603	461	1664	744	411	602	1187	701	1862	618	470	485	615	132	1307	205	634	502	868	607	819	300	982	415	135	745	2362	918	615	721	177	1263	461	463	734	839	798	415	138	875	386	720	369	172	1003	480	481	336	1657	349	467	514	638	1283	504	758	395	92	415	1340	737	872	322	619	1115	830	436	289	983	477	451	496	576	668	808	412	521	451	722	730	435	1213	803	850	379	873	759	883	322	150	1606	1084	857	411	817	463	721	1238	463	787	603	603	635	722	562	681	505	572	806	757	290	290	873	1651	343	1926	404	675	1994	1854	369	806	329	877	774	834	889	379	592	394	800	618	525	524	718	937	451	2060	751	680	386	744	552	349	518	737	29	549	1058	369	743	257	532	824	650	783	875	1376	615	322	417	680	995	874	798	411	318	1163	1445	699	871	545	815	528	1102	803	753	633	759	679	603	510	393	911	594	257	1647	1450	502	172	1461	949	871	311	509	509	728	315	928	830	408	549	397	773	346	528	799	873	491	455	969	756	725	968	411	239	615	742	343	1738	637	387	636	621	1321	1080	404	415	67	829	695	440	968	687	742	1489	612	547	778	138	603	200	1527	594	464	860	563	722	167	759	160	838	714	1087	149	1951	1056
154	574	0	232	217	227	373	354	811	348	1350	224	315	1178	151	1737	725	356	2219	244	262	1804	3435	1007	607	426	248	290	608	833	219	1073	306	1646	478	108	142	2267	1468	160	467	575	310	518	2167	626	564	296	1039	350	536	622	2207	475	1267	1183	837	524	280	198	209	2004	224	221	213	619	133	1298	216	115	91	1178	457	1573	549	70	71	1199	167	1161	278	1290	210	538	231	1821	1483	1178	1208	419	1749	121	124	293	1242	240	210	447	348	262	329	316	677	933	95	121	270	2232	265	119	1085	1019	713	71	254	229	666	210	1695	280	637	287	55	577	1235	511	862	450	572	139	158	5	1045	250	869	919	851	335	216	1002	1654	245	1184	294	1203	1334	1348	287	725	1961	1519	333	221	257	526	1084	946	471	1134	198	85	1132	1020	111	444	984	113	250	1144	309	309	1203	1811	349	1458	218	1048	2241	1284	316	249	903	350	1148	277	861	294	125	759	239	184	126	91	476	490	139	1549	284	455	262	273	1039	888	611	280	566	275	520	316	223	505	829	543	77	1132	725	1924	220	287	192	283	481	347	240	833	255	675	1646	1068	345	980	260	163	554	385	229	1131	1334	1079	85	151	248	1388	20	804	2006	2024	71	677	1731	1515	542	706	473	473	581	306	608	503	279	669	230	1124	921	163	238	1203	625	132	641	234	335	518	201	335	49	220	305	1945	63	348	71	59	806	551	220	210	522	273	127	521	518	461	220	1777	218	65	520	447	198	400	2098	408	120	547	288	335	560	1334	513	284	209	513	426	2243	557
367	800	232	0	351	422	599	281	600	284	1579	243	529	1391	310	1931	949	588	2445	429	447	2030	3667	777	803	650	176	481	811	1063	359	866	538	1822	698	303	353	2112	1700	270	589	798	84	497	2367	832	768	527	1229	443	741	579	2431	604	1495	1367	1064	731	337	349	373	2208	243	448	363	429	146	1066	357	329	316	1393	676	1766	747	196	301	1411	235	1376	500	1496	438	749	252	1648	1714	1393	1393	636	1978	338	337	358	1399	168	438	668	286	447	417	541	888	1059	326	349	502	2457	497	332	1314	1241	483	297	274	422	891	438	1905	337	730	519	205	446	1392	721	1084	348	778	350	323	229	1267	172	1057	1089	1079	422	251	1231	1878	170	1397	473	1415	1558	1523	519	949	2168	1743	282	448	39	732	1303	843	674	1350	349	200	1322	1231	301	577	1173	296	179	1365	541	541	1415	1973	529	1252	412	1204	2421	1054	541	175	1126	286	1367	59	1007	473	226	934	159	324	287	278	599	478	350	1326	329	591	447	320	1229	1120	812	337	793	368	397	541	242	693	1047	632	169	1348	843	2157	362	519	392	277	400	285	168	1063	483	479	1822	1288	285	1208	184	302	326	301	237	1322	1558	1303	200	310	435	1566	211	1036	2214	2250	301	888	1922	1745	605	936	667	667	608	538	532	448	499	869	422	1341	1145	302	158	1415	832	345	555	242	421	497	430	561	206	238	495	2117	173	568	193	204	684	436	449	438	751	59	153	731	497	595	238	1971	363	253	503	668	349	632	2326	572	335	617	371	423	765	1558	720	69	261	304	650	2434	362
314	627	217	351	0	392	325	272	808	260	1362	145	229	1057	358	1581	772	368	2130	417	431	1823	3400	1099	460	499	234	449	474	775	11	1216	312	1470	558	119	309	2456	1450	377	252	638	435	349	2019	497	674	296	1151	135	408	838	2231	263	1193	1015	764	401	110	27	403	1862	145	218	25	598	205	1351	10	290	255	1243	541	1416	670	182	235	1076	384	1043	383	1155	215	638	142	1735	1482	1243	1324	517	1675	287	296	108	1389	233	215	531	258	431	118	272	768	724	231	184	292	2251	279	292	1104	925	766	247	143	395	717	215	1565	110	419	305	185	494	1381	395	913	363	445	310	361	223	949	239	988	1059	781	123	130	1015	1559	236	1063	466	1079	1366	1475	305	772	1825	1425	241	218	389	400	979	1153	343	1019	27	299	1242	896	114	233	1098	108	233	1044	337	337	1079	1624	512	1601	387	1200	2069	1321	272	235	948	261	1043	410	661	466	343	901	240	33	336	298	262	318	310	1662	123	246	431	117	1151	882	472	110	610	488	438	272	145	643	724	325	209	1019	512	1895	14	305	360	497	368	258	233	775	346	830	1470	966	255	912	238	375	665	589	156	1240	1366	989	299	358	418	1510	222	811	1872	2044	235	768	1572	1516	329	657	325	325	797	312	819	716	227	527	399	1012	962	375	240	1079	498	300	850	156	124	349	224	415	188	147	461	1766	219	276	184	182	693	456	225	215	563	410	199	404	349	251	147	1622	16	278	737	531	27	428	2104	221	291	331	503	123	669	1366	620	420	112	533	499	2083	713
79	394	227	422	392	0	339	580	1021	574	1172	446	346	1129	116	1722	539	266	2116	27	38	1616	3278	1157	627	248	475	62	612	734	388	1169	248	1661	285	277	87	2267	1310	171	603	387	481	730	2134	624	346	250	814	524	544	565	2015	604	1164	1197	753	529	484	366	70	1965	446	238	375	838	358	1472	386	112	144	971	263	1561	327	298	168	1152	213	1108	113	1255	230	327	451	2047	1313	971	982	220	1635	110	104	492	1016	467	230	256	574	38	511	306	465	1032	163	209	218	2042	226	109	908	945	900	160	472	3	481	230	1646	484	781	228	282	804	1008	510	667	677	575	88	102	226	974	477	644	691	761	515	436	830	1564	472	1135	73	1156	1142	1121	228	539	1914	1431	559	238	432	534	1020	920	491	1078	366	222	908	980	282	572	759	291	477	1071	223	223	1156	1844	123	1545	9	823	2244	1469	306	476	711	576	1081	447	941	73	201	532	465	365	135	147	610	700	88	1668	491	579	38	482	814	736	620	484	394	180	747	306	445	278	780	699	302	1075	843	1770	387	228	35	293	706	573	467	734	128	772	1661	1001	571	881	487	133	709	419	452	907	1142	999	222	116	26	1161	242	647	1958	1835	168	465	1719	1343	716	607	515	515	461	248	585	478	298	675	7	1066	732	133	464	1156	620	97	624	457	516	730	213	175	276	442	77	1961	284	349	299	285	1033	778	230	230	358	442	354	520	730	587	442	1758	385	175	453	256	366	276	1917	507	109	715	198	515	343	1142	298	450	426	723	248	2227	663
309	334	373	599	325	339	0	598	1128	585	1036	463	99	810	406	1389	465	97	1846	364	365	1497	3083	1376	290	252	542	355	273	465	314	1444	91	1321	306	301	318	2599	1127	458	382	352	680	644	1809	284	437	90	885	393	206	903	1906	371	896	857	465	191	431	306	400	1643	463	152	300	920	465	1653	315	325	314	934	297	1226	450	404	316	832	492	792	241	929	162	394	462	2052	1156	934	1055	298	1378	315	322	423	1159	538	162	288	584	365	398	58	498	725	290	251	123	1926	119	324	780	645	1065	327	468	343	415	162	1329	431	544	112	394	819	1150	171	604	689	235	322	397	377	672	547	736	831	479	399	448	690	1280	542	817	388	836	1044	1215	112	465	1596	1146	566	152	628	196	712	1255	163	764	306	441	970	655	304	347	836	312	542	771	121	121	836	1505	400	1829	343	983	1907	1631	58	543	634	587	775	649	623	388	457	684	543	327	404	378	385	613	322	1922	446	346	365	442	885	556	281	431	310	516	764	58	463	454	460	490	430	762	565	1575	311	112	332	602	691	584	538	465	213	1045	1321	695	581	609	550	430	925	725	474	968	1044	705	441	406	360	1245	393	486	1641	1718	316	498	1385	1190	536	340	199	199	798	91	917	808	103	335	347	754	646	430	543	836	280	319	955	475	402	644	173	214	392	463	358	1622	426	54	407	395	1007	780	152	162	266	646	458	181	644	354	463	1426	309	385	792	288	306	148	1778	260	320	526	533	399	432	1044	390	656	430	843	252	1895	928
504	886	354	281	272	580	598	0	541	13	1633	142	502	1299	498	1784	1034	632	2382	599	616	2094	3669	881	701	748	117	643	723	1045	283	1048	575	1648	805	330	493	2346	1723	484	408	893	331	217	2229	747	907	560	1386	268	664	860	2502	429	1456	1213	1030	659	174	292	560	2078	142	477	297	328	230	1100	282	468	438	1501	786	1620	896	283	415	1316	466	1287	612	1384	471	876	140	1479	1754	1501	1556	754	1936	471	476	191	1597	126	471	775	15	616	244	543	1013	843	427	408	550	2523	538	471	1374	1183	529	421	130	582	977	471	1793	174	503	565	298	229	1589	657	1175	98	698	492	508	356	1205	118	1217	1272	1049	248	156	1286	1812	121	1304	649	1318	1634	1700	565	1034	2047	1679	31	477	315	657	1231	1116	602	1266	292	392	1478	1138	324	413	1331	314	114	1298	596	596	1318	1779	704	1425	572	1403	2247	1062	543	116	1212	12	1294	328	815	649	437	1113	132	271	472	442	418	203	492	1452	159	427	616	160	1386	1154	718	174	871	601	172	543	142	856	980	411	284	1266	629	2166	287	565	545	544	129	15	126	1045	581	701	1648	1220	18	1178	105	503	492	583	133	1477	1634	1248	392	498	602	1738	341	1082	2094	2315	415	1013	1772	1788	363	928	575	575	877	575	813	729	497	769	584	1260	1227	503	133	1318	750	483	834	129	245	217	475	658	304	144	658	1935	303	549	282	295	452	198	482	471	824	332	232	665	217	427	144	1827	289	413	781	775	292	690	2376	449	472	381	609	249	903	1634	854	338	171	289	748	2278	596
960	1384	811	600	808	1021	1128	541	0	554	2154	666	1036	1833	910	2284	1535	1147	2920	1030	1047	2611	4208	479	1238	1237	588	1081	1263	1584	819	762	1092	2125	1289	836	947	2092	2255	869	929	1386	557	627	2731	1287	1367	1078	1828	802	1205	1019	3016	952	1997	1717	1571	1200	716	824	974	2588	665	993	832	212	683	582	818	921	902	1989	1268	2123	1347	750	883	1849	832	1822	1089	1910	986	1346	667	1080	2281	1989	1992	1229	2477	929	930	731	1985	592	986	1259	555	1047	782	1071	1485	1297	904	907	1061	3040	1052	924	1891	1724	211	882	665	1022	1476	986	2316	716	972	1078	765	372	1979	1198	1673	468	1239	944	923	810	1745	583	1657	1684	1589	784	681	1805	2349	587	1838	1073	1851	2144	2118	1078	1535	2563	2217	572	993	597	1198	1770	1113	1143	1802	824	798	1922	1673	832	941	1773	823	587	1837	1105	1105	1851	2230	1130	1071	1011	1791	2715	529	1071	586	1713	553	1833	587	1299	1073	826	1531	588	801	887	875	937	641	944	1017	700	954	1047	701	1828	1681	1257	716	1374	956	406	1071	665	1293	1520	898	734	1802	1103	2703	823	1078	989	837	497	555	592	1584	1066	614	2125	1760	559	1719	579	902	428	787	655	1922	2144	1788	798	910	1035	2162	791	1603	2610	2832	883	1485	2270	2314	833	1465	1116	1116	1124	1092	936	909	1025	1306	1022	1797	1731	902	589	1851	1290	938	934	653	781	627	984	1146	769	665	1095	2399	748	1083	748	763	417	416	997	986	1329	593	690	1206	627	953	665	2328	825	847	994	1259	824	1200	2901	988	927	854	954	785	1364	2144	1318	588	698	298	1237	2765	591
497	875	348	284	260	574	585	13	554	0	1621	133	489	1285	493	1770	1023	621	2369	593	610	2082	3656	894	687	738	116	636	710	1031	271	1060	564	1635	795	320	486	2356	1710	481	395	883	338	212	2215	733	898	549	1377	254	650	863	2490	416	1443	1199	1017	645	161	280	555	2065	132	466	285	342	226	1114	270	461	431	1491	776	1607	888	277	407	1302	464	1274	603	1371	461	867	130	1488	1742	1491	1548	745	1923	464	469	177	1590	125	461	766	1	610	231	531	1003	832	419	399	539	2511	528	464	1362	1169	542	414	118	576	966	461	1780	161	492	554	292	239	1583	643	1164	107	685	485	503	350	1191	118	1209	1265	1035	234	146	1274	1798	121	1290	643	1305	1623	1692	554	1023	2033	1665	18	466	320	643	1217	1122	588	1252	280	388	1470	1125	315	399	1323	305	113	1284	585	585	1305	1767	697	1437	566	1396	2234	1075	531	116	1201	2	1281	333	802	643	434	1106	132	260	467	437	404	196	485	1465	145	413	610	147	1377	1142	705	161	860	598	182	531	133	849	966	398	279	1252	617	2153	274	554	539	544	133	1	125	1031	571	710	1635	1207	4	1165	105	499	503	586	124	1468	1623	1234	388	493	596	1731	336	1070	2081	2303	407	1003	1759	1776	352	915	562	562	877	564	817	731	485	755	578	1246	1216	499	133	1305	736	476	839	120	231	212	464	648	298	135	651	1923	298	536	276	289	459	206	472	461	813	336	228	651	212	414	135	1813	276	408	782	766	280	679	2364	435	465	369	606	235	894	1623	845	343	161	303	738	2265	604
1213	779	1350	1579	1362	1172	1036	1633	2154	1621	0	1495	1135	813	1288	1281	633	1006	1151	1174	1159	461	2115	2329	1057	929	1567	1125	1016	650	1351	2311	1062	1399	887	1317	1227	3203	216	1343	1358	784	1647	1667	1505	995	856	1076	644	1419	1038	1584	869	1339	528	1131	694	1035	1468	1341	1236	1338	1496	1161	1336	1950	1472	2642	1352	1250	1262	345	908	1194	890	1405	1278	828	1385	792	1079	922	1168	857	1495	3080	154	345	659	952	700	1241	1242	1459	898	1562	1168	916	1620	1159	1428	1090	735	1418	1255	1247	1092	889	1102	1247	265	685	2062	1282	1503	1172	691	1168	1053	1468	1459	1076	1391	1856	891	1026	512	1726	1018	1231	1274	1352	692	1571	722	819	672	1429	1480	349	778	1567	815	1146	833	127	770	1076	633	1262	708	1602	1161	1596	1040	727	1914	1079	774	1341	1383	617	838	1322	1328	666	1331	1568	689	1048	1048	833	1620	1100	2668	1182	892	1776	2634	1090	1568	465	1623	717	1614	1304	1146	1371	858	1565	1361	1305	1304	1355	1637	1231	2822	1483	1320	1159	1479	644	481	1029	1468	785	1311	1800	1090	1495	959	813	1452	1424	768	1400	633	1348	1076	1196	1447	1727	1620	1562	650	1095	1928	1399	711	1617	587	1576	1305	1881	1565	1506	614	127	650	1383	1288	1168	751	1370	551	1286	682	1278	735	1298	176	1517	730	1121	1121	1406	1062	1649	1564	1136	1014	1174	761	443	1305	1564	833	987	1235	1688	1508	1431	1667	1169	1017	1387	1495	1112	1622	1413	1087	1407	1393	2037	1816	1157	1168	828	1609	1465	1022	1667	1326	1495	1290	1345	1327	1494	916	1341	953	748	1248	1244	1499	1323	1428	857	127	890	1618	1464	1859	929	1665	1827
367	743	224	243	145	446	463	142	666	133	1495	0	370	1199	374	1712	892	491	2274	466	482	1955	3543	959	601	605	91	508	617	919	156	1090	435	1592	662	187	358	2355	1590	371	349	750	319	297	2153	640	765	420	1245	202	553	792	2363	367	1338	1143	909	545	93	158	433	1998	0	335	167	457	124	1206	154	333	301	1359	643	1547	756	156	278	1218	361	1186	470	1294	330	734	9	1621	1618	1359	1416	612	1821	335	341	115	1462	92	330	633	132	482	175	407	870	816	288	266	408	2384	397	336	1235	1070	621	285	34	448	835	330	1704	93	487	424	169	372	1454	540	1033	240	589	357	382	227	1093	97	1077	1135	926	180	15	1147	1704	94	1205	516	1221	1494	1561	424	892	1963	1570	115	335	283	545	1123	1080	487	1163	158	279	1337	1038	182	342	1191	172	90	1189	454	454	1221	1737	569	1473	438	1269	2192	1176	407	92	1070	135	1187	302	769	516	326	976	101	135	348	315	360	270	357	1525	86	356	482	77	1245	1018	615	93	729	489	314	407	1	718	869	389	166	1162	600	2037	159	424	411	457	262	132	92	919	438	715	1592	1111	129	1057	94	383	533	523	11	1336	1494	1134	279	374	469	1599	215	944	2009	2176	278	870	1702	1652	365	799	468	468	783	435	758	663	361	669	450	1156	1085	383	101	1221	642	348	785	12	179	297	332	515	175	5	522	1885	185	417	155	165	590	339	341	330	682	303	123	549	297	359	5	1754	161	287	701	633	158	548	2240	354	336	375	500	181	761	1494	713	312	32	388	605	2212	601
294	428	315	529	229	346	99	502	1036	489	1135	370	0	864	384	1423	563	171	1918	372	378	1596	3172	1302	296	327	453	377	293	549	218	1387	130	1339	385	226	299	2572	1221	430	298	443	612	545	1851	311	514	117	974	294	221	893	2004	290	973	875	542	208	333	212	394	1688	371	112	204	826	388	1570	219	298	277	1033	373	1259	521	333	273	884	457	847	271	974	122	472	369	1952	1253	1033	1145	364	1456	289	298	324	1240	451	122	363	488	378	298	61	586	687	249	198	139	2024	126	298	879	713	982	286	372	349	511	122	1380	333	469	140	325	721	1231	195	702	592	257	303	378	320	738	459	821	909	558	300	355	790	1350	454	870	407	888	1144	1304	140	563	1645	1215	470	112	561	211	774	1237	157	821	212	394	1061	705	228	262	924	233	453	836	167	167	888	1513	432	1773	346	1059	1932	1544	61	455	734	491	838	582	595	407	419	758	456	235	375	343	302	514	303	1855	348	264	378	344	974	654	297	333	405	507	666	61	371	515	518	405	361	819	508	1666	214	140	328	573	591	488	451	549	235	990	1339	759	484	689	460	408	855	690	381	1059	1144	775	394	384	370	1334	333	586	1691	1817	273	586	1417	1287	446	428	171	171	806	130	897	788	48	355	354	812	746	408	456	888	309	297	934	382	302	545	139	267	324	371	384	1639	359	47	335	325	907	681	118	122	360	580	381	205	545	272	371	1462	212	343	783	363	212	232	1875	181	295	437	524	299	509	1144	464	590	338	755	327	1929	873
1115	843	1178	1391	1057	1129	810	1299	1833	1285	813	1199	864	0	1213	615	808	863	1090	1148	1143	1171	2446	2157	599	923	1290	1121	582	433	1047	2251	893	637	930	1089	1126	3394	726	1267	904	869	1475	1225	1006	560	1013	898	1185	1032	650	1687	1540	882	304	325	392	660	1128	1051	1196	836	1200	959	1038	1621	1247	2399	1049	1135	1124	1003	942	470	1048	1196	1126	24	1302	25	1016	142	970	979	1195	2557	822	1003	1298	978	684	1124	1131	1109	1508	1290	970	941	1283	1143	1054	863	960	718	1100	1057	930	1540	929	1133	730	208	1820	1137	1188	1131	823	970	519	1128	910	915	1189	1470	1498	670	832	1365	614	1130	1203	1182	180	1296	1138	1267	392	1051	1185	686	523	1293	6	1155	30	914	1454	915	808	786	399	1268	959	1425	659	125	2045	717	56	1051	1251	1221	161	1090	891	1167	1095	1290	127	910	910	30	857	1143	2636	1134	1405	1152	2359	863	1292	812	1286	98	1446	631	1155	1268	1195	1298	1077	1213	1188	897	1204	1130	2717	1143	878	1143	1144	1185	598	584	1128	821	1309	1428	863	1200	1099	350	954	1224	61	800	1029	1043	915	1130	1410	1338	1284	1290	433	1002	1853	637	149	1280	325	1294	1237	1716	1534	1210	1217	914	192	1251	1213	1143	1455	1196	656	831	1359	1126	960	619	856	1025	538	731	731	1553	893	1714	1607	898	531	1135	72	798	1237	1298	30	559	1127	1753	1209	1053	1225	983	961	1188	1202	1118	912	1224	829	1198	1188	1575	1425	961	970	827	1443	1240	660	1225	879	1202	645	1042	1196	1576	941	1051	856	1352	850	1130	1004	1327	1050	1009	914	1002	1454	1169	1583	923	1109	1736
97	510	151	310	358	116	406	498	910	493	1288	374	384	1213	0	1795	655	352	2219	120	137	1733	3393	1041	679	362	385	171	671	833	357	1062	319	1721	401	239	87	2194	1424	57	596	503	365	669	2215	685	459	316	920	493	600	510	2131	601	1266	1256	847	586	431	335	65	2047	374	272	348	733	268	1355	355	85	112	1086	380	1632	437	218	127	1235	98	1194	217	1334	262	443	381	1947	1429	1086	1085	336	1741	94	85	443	1104	376	262	372	493	137	475	360	580	1050	142	200	283	2158	286	85	1024	1037	784	113	405	116	597	262	1732	431	771	297	204	714	1097	569	784	592	633	83	14	148	1065	386	748	786	857	480	367	946	1663	382	1219	163	1240	1259	1219	297	655	2000	1529	480	272	317	589	1109	854	540	1164	335	114	1013	1060	244	569	864	250	388	1163	304	304	1240	1897	220	1441	107	909	2311	1352	360	386	828	495	1171	332	968	163	85	629	373	326	26	61	604	641	83	1557	435	578	137	425	920	848	677	431	509	132	658	360	373	383	862	682	214	1162	849	1884	357	297	94	196	627	493	376	833	217	663	1721	1091	491	981	397	24	592	321	378	1013	1259	1093	114	0	125	1261	159	760	2044	1952	127	580	1791	1459	687	705	554	554	442	319	513	405	337	734	115	1153	848	24	372	1240	683	87	551	384	480	669	245	282	199	370	186	2022	194	401	218	208	947	691	267	262	471	326	265	579	669	585	370	1832	355	86	400	372	335	375	2034	519	88	689	147	480	457	1259	413	334	361	613	362	2301	552
1698	1458	1737	1931	1581	1722	1389	1784	2284	1770	1281	1712	1423	615	1795	0	1421	1455	884	1743	1740	1497	2310	2664	1131	1531	1803	1721	1129	1049	1572	2797	1477	241	1542	1638	1707	3988	1115	1846	1375	1484	2015	1656	447	1112	1628	1479	1771	1520	1201	2286	1777	1355	775	570	1007	1214	1627	1581	1786	320	1712	1528	1567	2082	1784	2865	1574	1712	1697	1549	1553	164	1663	1742	1695	590	1877	639	1612	475	1539	1594	1705	2823	1226	1549	1864	1587	767	1703	1710	1606	2088	1805	1539	1551	1768	1740	1546	1436	1574	1003	1670	1621	1512	1761	1508	1712	1286	823	2312	1708	1693	1724	1438	1539	260	1627	1312	1499	1738	1911	2078	1229	1432	1829	1165	1711	1786	1742	794	1809	1742	1871	1007	1542	1699	1263	573	1806	609	1755	585	1404	2010	1499	1421	325	584	1756	1528	1967	1211	739	2642	1266	671	1581	1817	1794	745	1638	1374	1760	1641	1801	716	1499	1499	585	394	1748	3182	1727	2003	537	2811	1436	1804	1407	1771	694	1989	984	1755	1841	1807	1813	1606	1791	1763	1366	1643	1711	3234	1641	1360	1740	1645	1771	1200	1126	1627	1435	1902	1880	1436	1713	1713	945	1387	1771	676	1181	1190	1569	1499	1719	1991	1790	1769	1805	1049	1593	2407	241	762	1766	933	1804	1819	2245	2111	1722	1791	1404	794	1817	1795	1738	2003	1754	1266	368	1627	1695	1574	27	1249	1451	1150	1266	1266	2160	1477	2305	2197	1464	1068	1729	686	1390	1819	1813	585	1114	1707	2344	1719	1544	1656	1554	1561	1738	1716	1720	342	1774	1397	1745	1737	1956	1867	1532	1539	1439	1987	1777	1219	1656	1358	1716	45	1568	1765	2174	1551	1581	1456	1566	1360	1708	1429	1919	1541	1625	1404	1616	1998	1684	2073	1531	506	2289
582	150	725	949	772	539	465	1034	1535	1023	633	892	563	808	655	1421	0	404	1640	541	526	1080	2742	1696	622	299	954	492	582	381	762	1689	460	1433	254	707	596	2673	779	710	840	152	1016	1107	1779	571	246	476	454	857	562	992	1482	826	722	1012	433	552	882	748	603	1604	893	557	747	1338	852	2010	762	620	635	470	275	1278	284	784	653	833	752	784	449	951	562	233	894	2508	775	470	614	319	1154	611	612	878	764	948	562	283	1023	526	860	507	155	1078	631	631	484	1507	495	617	369	599	1433	654	905	539	58	562	1279	882	986	469	770	1263	755	534	140	1131	562	600	641	726	628	958	348	473	426	862	878	295	1123	953	815	515	839	609	780	469	0	1541	999	1005	557	965	559	683	1341	571	752	748	752	527	710	712	805	415	721	956	707	438	438	839	1646	472	2054	548	623	1959	2004	507	956	178	1025	727	982	961	515	739	386	951	765	672	672	841	1076	600	2196	896	802	526	890	454	242	597	882	163	683	1205	507	892	350	542	946	801	747	974	1239	759	469	563	817	1141	1022	948	381	469	1300	1433	660	1019	489	965	672	1248	938	902	524	609	628	752	655	535	802	745	158	1580	1300	653	155	1427	804	998	324	618	618	826	460	1045	952	549	616	541	736	196	672	950	839	563	604	1085	905	864	1107	559	389	765	891	481	1718	788	519	786	772	1465	1227	551	562	210	977	845	536	1107	810	891	1448	757	696	892	283	748	344	1378	719	614	986	696	861	245	609	266	986	862	1238	299	1902	1196
255	261	356	588	368	266	97	632	1147	621	1006	491	171	863	352	1455	404	0	1872	288	285	1465	3079	1363	381	157	560	270	359	483	357	1410	56	1399	214	311	267	2534	1114	408	469	274	665	706	1868	367	344	71	803	458	297	831	1872	460	918	936	495	282	477	343	333	1699	492	155	342	944	468	1653	357	281	279	875	203	1294	354	402	289	886	446	843	157	988	162	302	492	2103	1134	875	974	201	1397	270	276	473	1069	555	162	193	620	285	459	110	415	823	263	243	87	1894	95	279	744	684	1066	296	502	269	349	162	1381	477	636	70	389	859	1060	261	545	728	323	271	341	359	713	565	649	739	506	461	477	657	1312	560	869	304	891	1002	1132	70	404	1650	1178	602	155	613	288	757	1186	259	814	343	410	890	713	315	433	752	325	561	811	49	49	891	1587	310	1791	272	890	1978	1637	110	562	580	623	819	632	719	304	417	590	559	361	356	337	472	675	271	1897	491	434	285	485	803	535	369	477	242	447	802	110	491	357	513	576	424	811	662	1569	354	70	267	548	736	620	555	483	138	1010	1399	738	616	631	569	376	909	673	501	888	1002	741	410	352	283	1163	377	455	1694	1686	289	415	1453	1167	617	355	297	297	715	56	851	744	146	420	273	802	595	376	558	891	362	270	891	504	463	706	163	119	386	491	271	1699	416	139	405	391	1060	822	150	162	195	628	461	270	706	442	491	1491	352	351	719	193	343	61	1753	349	275	608	464	460	339	1002	295	638	460	855	157	1960	895
2125	1748	2219	2445	2130	2116	1846	2382	2920	2369	1151	2274	1918	1090	2219	884	1640	1872	0	2129	2119	1059	1429	3221	1681	1875	2364	2090	1659	1388	2119	3281	1915	1125	1858	2143	2138	4310	936	2276	1994	1766	2527	2315	693	1636	1886	1924	1793	2118	1721	2630	1149	1971	953	1287	1381	1729	2209	2120	2186	636	2275	1998	2109	2708	2307	3480	2121	2153	2150	1497	1876	967	1924	2249	2158	1076	2316	1098	2004	1035	2008	1869	2270	3616	1012	1497	1806	1920	486	2142	2147	2191	2045	2362	2008	1879	2367	2119	2139	1904	1785	1755	2131	2098	1952	1115	1955	2151	1329	1205	2896	2166	2266	2118	1685	2008	687	2209	1995	1935	2239	2560	2038	1734	1572	2452	1686	2142	2207	2223	1181	2369	1848	1958	1367	2136	2260	1366	570	2366	1085	2120	1074	1268	1899	1935	1640	584	704	2351	1998	2474	1729	1151	2981	1787	1118	2120	2281	1769	1247	2145	1979	1809	2152	2363	1085	1921	1921	1074	1251	2090	3661	2124	2042	1049	3445	1904	2365	1529	2370	1088	2495	1693	2120	2289	1966	2369	2145	2226	2209	1986	2294	2142	3768	2224	1966	2119	2225	1793	1402	1664	2209	1737	2289	2517	1904	2275	1990	1405	2044	2276	1117	1878	637	2115	1935	2128	2409	2428	2367	2362	1388	2002	2882	1125	1163	2364	1240	2369	2242	2771	2536	2285	1766	1268	1142	2281	2219	2123	1871	2239	1493	557	1071	2158	1785	912	1009	2115	1516	1808	1808	2466	1915	2677	2577	1945	1614	2121	1122	1506	2242	2369	1074	1633	2142	2717	2285	2138	2315	2018	1941	2238	2277	2082	1119	2272	1877	2252	2240	2662	2515	1998	2008	1764	2492	2299	1725	2315	1968	2277	849	2114	2223	2526	1879	2120	1844	951	1933	2147	2093	2304	2135	1885	1268	1899	2502	2243	2662	1875	867	2767
103	399	244	429	417	27	364	599	1030	593	1174	466	372	1148	120	1743	541	288	2129	0	17	1616	3282	1155	652	256	491	51	637	749	413	1159	273	1684	288	301	109	2247	1315	170	630	390	485	752	2154	648	339	275	802	550	569	543	2013	631	1178	1220	770	554	507	391	62	1984	466	265	401	850	374	1473	411	133	166	966	267	1582	317	315	189	1171	211	1127	132	1275	257	323	472	2061	1316	966	969	222	1647	132	125	516	997	483	257	261	593	17	536	331	460	1059	187	235	243	2040	252	130	910	963	904	180	493	23	484	257	1665	507	808	252	300	821	990	535	667	695	600	110	106	243	991	493	631	674	778	541	457	834	1579	488	1154	50	1176	1141	1106	252	541	1933	1446	578	265	437	559	1038	899	517	1097	391	231	895	1001	306	599	746	315	494	1089	246	246	1176	1869	105	1533	30	803	2266	1471	331	492	712	595	1099	452	968	50	205	516	481	390	142	160	637	723	110	1660	514	606	17	504	802	744	645	507	401	162	764	331	465	265	800	725	318	1094	870	1776	412	252	57	282	726	592	483	749	151	764	1684	1019	590	896	503	133	709	407	472	895	1141	1016	231	120	5	1146	258	654	1977	1834	189	460	1741	1346	742	624	541	541	435	273	565	459	324	699	19	1085	732	133	480	1176	644	119	605	477	541	752	240	190	294	462	65	1985	300	375	316	304	1051	796	257	257	367	446	370	545	752	614	462	1779	410	189	431	261	391	293	1918	535	130	741	179	541	336	1141	293	454	447	732	256	2248	657
118	386	262	447	431	38	365	616	1047	610	1159	482	378	1143	137	1740	526	285	2119	17	0	1600	3268	1170	654	245	509	34	638	741	427	1171	274	1684	274	315	125	2251	1302	186	640	376	502	768	2149	648	322	277	784	563	571	546	1996	641	1168	1220	763	556	522	405	77	1979	483	273	414	868	392	1489	425	149	182	949	253	1580	300	333	205	1166	227	1122	128	1271	266	307	488	2079	1302	949	951	208	1637	148	141	531	980	500	266	247	610	0	550	335	444	1065	201	248	246	2024	256	146	896	956	921	197	510	36	469	266	1659	522	819	254	317	839	973	537	651	713	601	126	124	260	985	511	613	657	771	554	473	820	1570	506	1149	34	1171	1126	1088	254	526	1928	1437	595	273	455	561	1032	902	520	1092	405	249	878	997	321	609	729	330	511	1082	245	245	1171	1870	87	1544	44	786	2264	1488	335	510	696	612	1092	469	973	34	222	498	499	404	160	178	647	738	126	1673	530	616	0	520	784	732	646	522	389	170	782	335	482	247	796	737	336	1089	879	1763	426	254	72	294	743	609	500	741	152	777	1684	1013	607	888	521	149	725	419	489	877	1126	1008	249	137	13	1128	276	641	1971	1818	205	444	1738	1331	755	616	546	546	433	274	571	465	330	700	32	1080	717	149	498	1171	644	135	611	494	555	768	248	183	311	479	48	1984	317	379	334	321	1068	813	265	266	356	463	387	546	768	624	479	1776	424	207	434	247	405	287	1902	543	146	753	186	554	319	1126	277	471	463	750	245	2244	670
1663	1230	1804	2030	1823	1616	1497	2094	2611	2082	461	1955	1596	1171	1733	1497	1080	1465	1059	1616	1600	0	1719	2768	1509	1379	2025	1566	1468	1100	1812	2729	1521	1667	1333	1776	1677	3526	446	1786	1816	1232	2096	2127	1598	1446	1286	1536	961	1879	1495	1982	408	1796	866	1496	1139	1492	1929	1802	1678	1455	1956	1620	1797	2409	1928	3089	1812	1700	1715	682	1354	1454	1317	1861	1732	1180	1828	1156	1530	1248	1627	1294	1955	3539	364	682	896	1397	757	1692	1692	1920	1110	2020	1627	1363	2081	1600	1889	1550	1162	1839	1709	1704	1550	429	1560	1697	720	1093	2513	1734	1963	1617	1139	1627	1240	1929	1910	1534	1847	2317	1105	1484	949	2187	1473	1680	1719	1806	1093	2030	1090	1155	1117	1889	1940	808	927	2025	1172	1584	1184	474	932	1534	1080	1376	923	2063	1620	2046	1497	1115	2290	1538	1146	1802	1832	898	1237	1780	1786	1002	1790	2026	1061	1506	1506	1184	1876	1535	3074	1626	1177	1920	3084	1550	2027	905	2084	1087	2062	1730	1584	1818	1236	2023	1822	1751	1753	1813	2098	1680	3243	1944	1778	1600	1940	961	942	1481	1929	1238	1744	2261	1550	1955	1383	1249	1908	1879	1141	1843	422	1808	1534	1643	1881	2188	2081	2020	1100	1548	2357	1667	1105	2077	1016	2035	1749	2325	1994	1965	895	474	1045	1832	1733	1610	891	1824	1011	1386	221	1732	1162	1520	328	1973	1189	1580	1580	1800	1521	2054	1978	1596	1461	1618	1136	885	1749	2022	1184	1439	1685	2091	1968	1892	2127	1627	1469	1842	1955	1552	1835	1867	1548	1863	1849	2497	2277	1616	1627	1282	2057	1921	1480	2127	1784	1955	1492	1806	1777	1901	1363	1802	1411	310	1707	1695	1956	1754	1889	1287	474	1325	2066	1924	2316	1379	1774	2261
3310	2883	3435	3667	3400	3278	3083	3669	4208	3656	2115	3543	3172	2446	3393	2310	2742	3079	1429	3282	3268	1719	0	4434	2991	3030	3625	3235	2960	2624	3389	4427	3132	2552	2994	3383	3324	5234	1969	3449	3316	2892	3742	3643	2029	2936	2972	3144	2681	3419	3011	3693	1410	3294	2222	2692	2639	3014	3495	3384	3344	2033	3544	3227	3376	3997	3546	4733	3390	3345	3352	2398	3015	2396	3006	3481	3366	2438	3491	2447	3178	2425	3236	2972	3541	5003	1968	2398	2605	3060	1762	3335	3338	3481	2800	3622	3236	3021	3654	3268	3436	3142	2851	3151	3340	3322	3166	1365	3173	3342	2374	2502	4146	3371	3543	3279	2799	3236	2113	3495	3351	3149	3469	3871	2797	3014	2627	3751	2979	3328	3379	3438	2485	3631	2807	2874	2620	3434	3528	2448	1932	3626	2442	3258	2438	2174	2611	3149	2742	1996	2047	3637	3227	3689	3017	2472	4009	3069	2459	3384	3479	2615	2587	3387	3295	2721	3395	3626	2403	3126	3126	2438	2659	3214	4782	3287	2891	2351	4714	3142	3627	2581	3657	2414	3708	3075	3258	3473	2951	3627	3408	3407	3401	3310	3618	3328	4938	3510	3283	3268	3509	2681	2548	2968	3495	2884	3425	3822	3142	3544	3075	2704	3384	3504	2456	3246	1510	3385	3149	3299	3560	3737	3654	3622	2624	3188	4042	2552	2477	3651	2491	3633	3411	3982	3680	3554	2613	2174	2437	3479	3393	3276	2564	3456	2634	1961	1534	3366	2851	2337	1940	3455	2744	3101	3101	3513	3132	3761	3679	3187	2928	3281	2459	2558	3411	3627	2438	2931	3331	3800	3555	3437	3643	3240	3114	3466	3544	3223	2506	3495	3126	3484	3470	4007	3828	3224	3236	2923	3704	3538	3007	3643	3286	3544	2273	3383	3421	3608	3021	3384	3035	1411	3233	3339	3434	3438	3433	2973	2174	3004	3713	3510	3927	3030	2166	3939
1123	1552	1007	777	1099	1157	1376	881	479	894	2329	959	1302	2157	1041	2664	1696	1363	3221	1155	1170	2768	4434	0	1559	1404	867	1204	1574	1840	1110	316	1314	2528	1442	1077	1110	1619	2465	986	1289	1545	697	1038	3108	1596	1482	1303	1886	1144	1507	898	3160	1309	2273	2093	1841	1498	1038	1105	1092	2955	958	1225	1118	617	914	353	1108	1090	1084	2103	1421	2500	1452	972	1073	2176	944	2143	1256	2253	1215	1474	964	1337	2470	2103	2031	1377	2755	1100	1096	1059	1967	867	1215	1414	896	1170	1118	1318	1606	1712	1099	1126	1277	3189	1273	1092	2065	2016	358	1066	974	1156	1638	1215	2663	1038	1374	1295	982	799	1964	1490	1821	847	1543	1106	1055	1004	2041	861	1722	1712	1856	1122	973	1987	2653	865	2163	1184	2179	2293	2129	1295	1696	2921	2518	908	1225	750	1498	2075	831	1440	2118	1105	955	1977	1996	1075	1290	1833	1069	868	2138	1314	1314	2179	2652	1233	593	1148	1786	3125	401	1318	866	1866	893	2139	730	1694	1184	960	1579	859	1080	1027	1033	1298	1043	1106	572	1024	1304	1170	1020	1886	1887	1572	1038	1550	1024	811	1318	958	1387	1819	1287	946	2117	1504	2924	1113	1295	1135	887	894	895	867	1840	1246	436	2528	2061	898	1986	865	1023	453	781	948	1977	2293	2078	955	1041	1160	2178	987	1800	2968	2984	1073	1606	2653	2500	1231	1713	1425	1425	1059	1314	807	838	1276	1627	1155	2110	1887	1023	859	2179	1597	1103	784	950	1120	1038	1207	1320	984	956	1216	2812	951	1343	969	981	894	836	1226	1215	1511	734	921	1499	1038	1306	956	2707	1114	1014	928	1414	1105	1402	3072	1312	1095	1251	1015	1123	1480	2293	1443	724	989	593	1404	3159	512
586	540	607	803	460	627	290	701	1238	687	1057	601	296	599	679	1131	622	381	1681	652	654	1509	2991	1559	0	516	692	645	42	408	450	1669	380	1043	558	507	593	2869	1092	726	324	566	887	652	1564	62	686	376	1075	436	83	1186	1914	302	769	578	372	99	529	456	683	1404	601	406	443	1026	657	1800	452	593	574	1050	557	966	707	612	569	617	753	587	531	695	417	642	595	2044	1147	1050	1237	570	1242	584	593	510	1377	692	417	550	686	654	457	322	711	462	545	493	408	1928	401	593	833	490	1221	582	588	630	591	417	1104	529	402	400	607	884	1367	119	738	771	63	596	672	612	509	698	950	1061	393	454	586	746	1111	694	605	678	620	1099	1403	400	622	1365	979	670	406	839	93	531	1533	138	564	456	688	1149	438	507	303	1034	510	691	599	411	411	620	1219	690	2055	629	1215	1635	1763	322	693	754	688	594	860	350	678	715	929	700	482	671	639	319	627	596	2122	544	292	654	545	1075	597	28	529	511	798	838	322	601	726	287	403	641	564	357	1507	447	400	615	869	750	686	692	408	502	1276	1043	522	682	511	695	703	1124	986	611	1147	1099	555	688	679	649	1424	623	565	1412	1725	569	711	1124	1183	472	339	136	136	1087	380	1192	1084	341	68	635	559	757	703	700	620	70	591	1230	610	457	652	433	500	607	604	649	1343	643	279	614	606	1019	840	411	417	482	858	650	111	652	295	604	1171	446	639	1075	550	456	413	1762	251	590	452	815	453	681	1099	647	869	570	984	516	1636	1158
284	149	426	650	499	248	252	748	1237	738	929	605	327	923	362	1531	299	157	1875	256	245	1379	3030	1404	516	0	661	215	487	505	490	1416	199	1496	59	417	298	2477	1061	418	625	148	718	846	1928	490	187	214	654	604	435	770	1781	617	926	1040	533	420	608	473	317	1755	606	282	475	1042	555	1713	490	321	336	755	45	1374	197	488	354	947	460	900	150	1057	284	145	608	2226	1067	755	826	57	1392	312	313	608	912	654	284	36	737	245	601	266	268	970	333	339	209	1806	222	318	664	727	1134	356	622	249	240	284	1433	608	793	198	473	977	903	399	435	846	454	301	349	428	756	664	495	582	539	604	592	584	1329	660	929	245	952	908	981	198	299	1701	1198	720	282	667	427	806	1128	408	869	473	454	743	786	423	590	602	433	662	851	166	166	952	1693	221	1789	257	732	2062	1705	266	662	476	740	864	684	863	245	443	433	656	486	377	374	629	815	301	1917	620	591	245	613	654	488	500	608	146	414	920	266	605	209	587	732	503	866	817	1522	488	198	268	539	861	737	654	505	171	1020	1496	785	734	650	671	381	953	664	614	741	908	775	454	362	251	1014	446	398	1743	1599	354	268	1531	1098	772	386	449	449	630	199	806	704	295	544	252	856	495	381	655	952	483	305	847	618	606	846	276	91	468	603	207	1793	489	297	490	475	1190	944	274	284	111	679	548	406	846	599	603	1564	485	398	661	36	473	105	1676	506	315	763	429	604	182	908	138	688	577	940	0	2031	912
401	804	248	176	234	475	542	117	588	116	1567	91	453	1290	385	1803	954	560	2364	491	509	2025	3625	867	692	661	0	538	708	1002	244	1002	504	1680	716	249	390	2276	1668	368	436	808	241	324	2244	730	810	490	1286	288	642	749	2432	454	1425	1234	994	635	178	244	449	2089	90	405	254	383	117	1118	242	363	336	1416	696	1638	796	178	314	1309	349	1277	518	1385	398	782	97	1574	1693	1416	1456	661	1908	368	372	200	1488	9	398	686	117	509	261	484	920	897	331	323	474	2454	465	367	1304	1159	532	318	111	476	896	398	1795	178	563	491	193	330	1481	629	1094	206	679	388	396	249	1182	6	1117	1166	1011	266	105	1218	1793	5	1296	541	1312	1560	1597	491	954	2054	1659	109	405	214	634	1213	1019	577	1253	244	276	1380	1129	245	431	1232	235	3	1278	519	519	1312	1823	596	1384	466	1294	2281	1090	484	1	1133	118	1277	230	855	541	321	1007	17	219	359	332	446	303	388	1433	166	445	509	160	1286	1093	705	178	792	484	273	484	90	753	958	466	173	1252	681	2118	248	491	440	427	246	116	9	1002	490	632	1680	1200	115	1142	12	389	444	473	81	1379	1560	1222	276	385	495	1636	232	1015	2101	2246	314	920	1793	1726	433	881	559	559	760	504	706	618	438	760	478	1246	1149	389	17	1312	732	380	730	83	264	324	398	570	199	88	553	1973	191	499	176	190	562	305	409	398	746	232	121	638	324	448	88	1845	249	303	666	686	244	614	2313	445	368	446	492	267	806	1560	758	240	121	301	661	2302	520
140	353	290	481	449	62	355	643	1081	636	1125	508	377	1121	171	1721	492	270	2090	51	34	1566	3235	1204	645	215	538	0	627	715	443	1202	265	1669	241	335	150	2273	1269	220	649	343	536	789	2128	636	287	271	752	579	562	566	1962	648	1140	1207	739	547	543	422	112	1957	508	277	430	900	421	1523	442	175	206	914	220	1562	266	360	229	1145	262	1100	114	1251	271	272	513	2110	1268	914	920	175	1607	172	167	550	954	530	271	215	636	34	566	330	409	1065	222	264	241	1989	252	172	862	932	955	222	534	61	436	271	1636	543	827	247	345	867	946	527	617	740	590	151	157	288	961	540	581	628	746	571	498	786	1543	535	1128	34	1150	1091	1058	247	492	1905	1411	621	277	489	552	1009	923	514	1070	422	282	846	977	341	617	697	350	540	1058	234	234	1150	1857	63	1575	71	761	2247	1522	330	539	662	638	1069	503	970	34	256	469	528	423	193	209	655	760	151	1706	551	623	34	542	752	700	636	543	357	198	810	330	507	215	776	748	365	1066	882	1729	442	247	97	326	769	636	530	715	144	809	1669	989	633	862	550	184	759	450	514	845	1091	984	282	171	46	1098	305	610	1948	1783	229	409	1720	1297	768	591	542	542	444	265	595	491	330	689	60	1057	682	184	527	1150	632	159	635	519	572	789	254	160	339	504	15	1969	347	374	362	348	1096	841	268	271	326	498	417	536	789	631	504	1757	440	237	454	215	422	265	1868	548	171	766	214	571	285	1091	242	505	487	783	215	2225	704
576	503	608	811	474	612	273	723	1263	710	1016	617	293	582	671	1129	582	359	1659	637	638	1468	2960	1574	42	487	708	627	0	368	464	1676	364	1050	527	512	584	2864	1054	720	358	530	896	684	1559	24	653	362	1035	461	72	1175	1875	336	739	585	334	85	549	468	671	1397	618	400	455	1050	666	1821	466	586	569	1007	527	965	675	618	566	602	749	569	513	685	411	609	613	2081	1108	1007	1196	543	1215	577	585	532	1338	707	411	520	708	638	481	311	674	500	541	491	395	1888	388	586	791	461	1239	579	607	616	552	411	1093	549	443	384	612	912	1329	102	696	797	37	588	664	613	482	714	912	1024	355	479	603	703	1088	710	588	660	605	1056	1362	384	582	1356	955	692	400	846	82	507	1524	137	545	468	687	1108	421	512	334	994	516	707	574	393	393	605	1231	669	2062	616	1179	1640	1785	311	709	711	711	571	868	385	660	712	895	715	494	665	635	353	658	588	2135	565	324	638	566	1035	554	14	549	474	787	865	311	618	697	258	441	647	544	400	1472	461	384	603	864	778	708	707	368	486	1281	1050	497	705	475	712	695	1135	983	628	1106	1056	526	687	671	633	1383	625	523	1402	1685	566	674	1124	1144	509	297	149	149	1071	364	1185	1076	335	62	620	538	715	695	715	605	29	583	1222	627	481	684	427	478	612	620	630	1351	648	269	621	611	1053	868	404	411	447	866	659	92	684	327	620	1168	459	636	1063	520	468	386	1723	275	583	490	804	478	648	1056	616	876	586	1003	487	1635	1163
