NAME : VRPTW_INSTANCE_244.txt
COMMENT : Bangkok Supermarket
TYPE : VRPTW
DIMENSION : 283
DAYS : Friday
EDGE_WEIGHT_TYPE : EXPLICIT
VEHICLES : 37
EDGE_WEIGHT_FORMAT : FULL_MATRIX
CAPACITY : 1000
EDGE_WEIGHT_SECTION
0	416	154	574	2286	648	358	417	2021	1067	495	495	196	2854	198	3505	482	88	101	464	407	437	2022	672	541	850	103	219	246	77	935	438	124	23	255	258	474	121	2500	968	1016	241	570	1094	345	468	363	1213	196	1710	284	820	584	491	192	1065	464	935	892	1354	328	126	412	1115	2223	339	1050	153	1189	1496	602	475	1221	135	1041	1143	629	1344	613	438	24	1907	1029	650	740	990	412	1213	499	308	178	586	135	154	244	538	248	2254	153	623	252	1122	1030	221	491	1747	1429	59	1092	976	283	484	342	1005	899	1727	1627	17	395	681	365	418	1474	822	976	408	205	485	483	939	408	437	700	672	1032	868	545	451	437	176	1946	1218	358	532	1926	373	364	753	1190	115	611	650	104	308	1053	824	1825	307	422	598	30	215	148	437	1001	660	97	33	330	1016	1447	282	1083	288	173	223	976	1321	954	1816	185	245	1637	394	767	535	979	422	120	231	202	405	942	101	470	232	1239	994	97	196	546	978	1072	404	409	365	1005	2102	410	91	206	2637	103	532	413	79	19	308	120	199	1264	1071	60	283	46	750	118	367	330	202	167	189	487	1137	826	155	289	1055	865	322	1485	617	609	1927	309	253	606	237	1026	120	1213	2035	33	264	1777	582	355	197	111	306	481	1278	893	379	1943	1120	1627	225	637	1153	412	1506	932	248	179	1174	405	379	1121	964	411	955	541
416	0	275	845	2408	829	763	115	2015	979	905	621	273	2447	615	3180	743	447	399	277	27	798	1901	607	953	695	341	613	465	350	898	843	315	426	470	230	594	473	2111	826	951	464	323	788	748	849	767	865	273	1878	686	405	680	908	469	1404	277	886	700	940	732	307	806	1035	2114	593	1292	507	778	1088	256	667	1201	512	923	805	218	1031	484	796	440	2151	965	1036	1111	996	806	865	909	677	437	671	512	275	661	833	473	1980	507	984	250	1516	1387	459	758	1759	1805	474	718	839	214	894	367	960	793	1438	1639	431	786	989	764	803	1722	1209	838	27	621	895	746	1329	796	798	1112	1086	1448	1246	138	836	799	466	1646	860	673	829	2342	779	772	948	817	476	859	1036	487	675	637	711	1875	676	91	830	446	456	544	795	873	547	461	450	151	711	1391	285	735	659	462	639	839	1339	576	2211	602	661	1699	797	897	832	924	813	320	602	246	794	826	483	614	188	871	862	472	273	838	923	1460	23	771	773	880	1828	799	445	622	2407	340	227	37	350	434	676	322	397	1248	687	476	214	382	1121	323	755	151	618	546	290	634	1528	411	349	567	940	522	698	1187	932	505	2343	672	581	990	464	610	320	865	1647	389	470	1680	262	660	613	328	673	891	904	488	782	2310	1515	1639	641	1044	799	32	1362	761	473	595	801	820	782	1021	911	35	1091	835
154	275	0	692	2273	642	512	304	2059	1066	650	555	159	2722	346	3420	594	172	125	397	271	583	2018	668	695	819	65	371	231	79	950	568	40	158	239	194	530	199	2381	945	1023	228	493	1011	500	577	518	1112	159	1713	438	673	637	637	289	1148	397	946	849	1215	482	32	566	1118	2225	357	1082	234	1037	1344	492	467	1248	278	1029	991	481	1260	582	583	178	1945	1037	803	842	1023	566	1112	653	455	262	635	278	0	394	665	326	2190	234	771	201	1242	1124	215	525	1791	1537	214	978	956	211	638	239	1019	888	1655	1670	166	512	814	489	570	1512	937	955	272	358	639	596	1056	560	583	854	812	1180	1020	410	603	584	277	1870	1064	417	659	2075	528	519	849	1078	201	638	803	248	454	910	809	1882	453	302	703	181	211	300	582	985	637	186	186	230	867	1464	251	981	434	274	375	956	1363	800	1938	337	394	1698	548	840	662	989	575	46	329	51	558	929	208	535	87	1129	975	237	159	672	988	1188	267	555	520	990	2038	563	216	354	2592	65	432	280	78	169	454	48	252	1293	916	211	211	112	853	48	520	230	354	271	165	457	1255	678	185	320	1045	763	471	1408	751	587	2076	453	317	759	226	879	46	1112	1916	122	336	1781	481	407	349	52	452	635	1123	741	533	2046	1241	1670	377	791	1049	277	1490	898	326	332	1061	556	533	1117	974	277	936	667
574	845	692	0	2760	1162	404	767	1570	821	453	293	584	3052	528	3449	101	643	674	672	821	234	1700	567	489	770	668	403	808	638	660	677	681	589	816	615	310	663	2633	825	754	803	752	1159	392	779	394	1330	584	2161	400	1207	323	591	403	1338	672	677	845	1642	402	678	347	847	1875	865	1470	674	1584	1891	873	1006	853	443	843	1648	1049	1377	633	229	562	2272	762	379	992	638	347	1330	461	308	431	339	443	692	515	58	377	2141	674	269	595	1224	1268	782	970	1292	1565	536	1280	826	630	455	914	719	732	1675	1179	576	712	159	671	314	1853	1007	826	822	496	455	99	1085	326	236	576	741	915	504	917	314	237	414	1898	1706	827	65	1715	407	419	224	1363	653	1082	379	472	306	1392	699	1332	309	789	82	566	777	448	229	829	626	644	562	695	1541	1093	561	1221	324	418	493	826	895	1420	1846	509	516	1143	390	322	63	713	336	679	683	742	328	774	626	277	728	1392	829	476	584	50	713	1205	823	245	413	828	1998	326	485	529	2436	668	798	819	641	572	306	680	457	884	1528	553	630	616	1002	677	330	695	498	650	568	1036	1251	1219	519	813	850	1042	314	1476	125	601	1716	299	750	348	799	1394	679	1330	2183	603	376	1443	835	835	500	672	307	454	1747	1316	395	2069	1220	1179	493	497	1292	821	1257	841	377	503	1348	498	395	879	699	819	1467	55
2286	2408	2273	2760	0	1638	2359	2510	4303	3339	2358	2779	2430	4311	2243	5436	2702	2198	2198	2652	2428	2532	4290	2941	2348	3085	2243	2371	2052	2266	3218	2094	2251	2263	2043	2466	2759	2166	4173	3214	3295	2056	2726	3174	2370	1986	2370	3200	2430	606	2360	2552	2868	2209	2472	1559	2652	3216	3103	3000	2358	2260	2425	3391	4498	1947	1297	2140	2652	2784	2659	1814	3508	2374	3301	2236	2444	3398	2851	2537	2282	778	3308	2547	1832	3277	2425	3200	2352	2456	2464	2872	2374	2273	2247	2705	2532	4352	2140	2621	2474	1895	1656	2074	1806	4027	1727	2291	3023	3225	2479	2351	2060	3288	3161	3811	3908	2274	2048	2781	2089	2457	1001	1884	3225	2429	2273	2351	2700	1885	2443	2531	2380	2142	2336	2684	2511	2468	2529	2455	3999	2328	1949	2697	2762	2360	2346	2980	3108	2174	1687	2547	2354	2459	2738	3080	4088	2455	2492	2818	2275	2080	2349	2537	3255	2909	2190	2277	2475	2124	3732	2524	3083	2443	2454	2273	3225	3604	2371	2022	2265	2246	3898	2380	3032	2700	3260	2438	2248	2097	2251	2441	3201	2195	2751	2318	3168	3245	2360	2430	2714	3258	1850	2422	2517	2352	3261	4203	2444	2370	2240	4805	2244	2635	2441	2263	2276	2459	2246	2485	3551	2421	2271	2479	2265	1826	2247	2432	2475	2272	2146	2434	1815	1865	2540	2430	1997	3317	2899	2447	3559	2727	2859	2761	2466	2044	2536	2059	2661	2248	3200	3764	2274	2550	4054	2670	1946	2271	2250	2458	2350	2422	2487	2372	1720	1902	3908	2273	2411	3130	2436	3758	3159	2532	2272	3095	2276	2372	3390	3244	2438	1336	2708
648	829	642	1162	1638	0	790	912	2668	1704	845	1143	796	3150	633	4001	1089	560	559	1035	842	954	2659	1306	858	1462	607	759	415	629	1580	580	616	625	406	837	1122	529	2873	1588	1658	419	1122	1618	794	478	801	1689	796	1071	767	1108	1232	719	836	686	1035	1578	1489	1656	779	626	863	1755	2863	309	467	505	1375	1634	1085	176	1869	744	1670	1114	941	1861	1224	958	645	1321	1671	1053	553	1638	863	1689	841	853	827	1234	744	642	651	1112	895	2809	505	1090	843	949	713	436	201	2394	1139	656	1530	1598	853	834	462	1650	1529	2268	2274	636	504	1219	534	891	895	678	1598	844	665	835	1088	783	876	953	963	769	1138	1249	956	912	952	820	2475	1218	336	1105	1961	796	781	1370	1627	537	137	1053	722	856	1345	1450	2466	852	899	1208	638	442	724	957	1627	1280	553	641	860	956	2094	891	1560	837	818	670	1598	1969	1068	1591	653	650	2277	820	1406	1108	1622	877	613	478	629	873	1570	559	1116	699	1684	1618	726	796	1121	1621	879	837	933	786	1632	2657	877	733	633	3227	607	1044	856	625	639	856	611	846	1913	1171	636	853	626	558	612	853	860	663	517	798	195	945	1104	791	361	1686	1351	851	2016	1158	1229	1962	862	415	1025	422	1286	613	1689	2417	635	913	2419	1086	327	661	614	854	831	1309	1105	808	1596	952	2274	670	952	1621	851	2133	1540	895	658	1611	737	808	1757	1607	852	308	1115
358	763	512	404	2359	790	0	739	1973	1148	143	531	503	3167	190	3717	367	375	426	728	749	172	2072	803	193	1010	457	152	511	434	993	273	481	357	517	562	526	376	2789	1102	1086	507	834	1336	18	375	11	1480	503	1759	77	1168	611	212	333	946	728	1003	1072	1683	30	484	73	1185	2256	521	1066	366	1541	1850	906	654	1230	252	1149	1497	980	1579	803	177	334	1870	1097	302	597	1003	73	1480	147	139	359	622	252	512	151	347	374	2431	366	306	547	887	883	488	590	1694	1221	298	1384	1107	587	133	663	1060	1017	1928	1580	347	311	431	271	100	1449	630	1107	750	165	134	364	725	86	171	350	395	699	520	881	122	170	327	2152	1574	456	339	1585	16	17	628	1479	366	694	302	275	144	1392	959	1736	140	750	471	331	485	219	177	1122	827	367	327	649	1365	1470	548	1355	143	330	150	1107	1290	1312	1557	187	152	1547	37	707	342	1045	87	476	331	560	83	1062	342	500	587	1521	1118	291	503	356	1044	854	748	159	12	1123	2282	87	319	186	2767	457	830	754	436	343	143	475	409	1266	1429	303	587	401	607	473	74	649	169	326	487	699	910	1174	428	475	1160	1145	117	1704	372	784	1586	152	406	261	502	1372	476	1480	2326	390	391	1817	878	468	173	467	144	130	1635	1248	22	1736	884	1580	148	281	1428	754	1597	1092	374	188	1463	103	22	1207	1030	752	1087	350
417	115	304	767	2510	912	739	0	1899	864	882	524	236	2438	613	3117	667	469	428	162	89	749	1791	492	932	583	366	587	524	366	782	856	343	433	530	177	498	500	2083	714	835	522	216	711	722	877	741	808	236	1972	662	445	576	904	421	1453	162	770	593	944	708	334	773	920	2004	653	1368	536	824	1134	188	744	1086	486	810	898	283	959	368	746	441	2230	849	993	1145	881	773	808	887	637	390	566	486	304	656	762	410	1898	536	931	194	1538	1429	513	821	1643	1839	469	676	726	153	872	455	844	678	1360	1523	434	808	918	781	765	1800	1235	726	88	613	873	670	1354	760	750	1089	1088	1435	1197	151	798	751	421	1571	946	721	759	2324	755	750	852	775	500	929	993	467	634	655	596	1760	636	25	745	448	509	523	746	761	432	483	450	90	814	1276	210	677	620	417	630	726	1224	656	2233	596	657	1584	770	792	762	809	778	348	630	294	759	712	501	521	223	826	749	451	236	767	807	1486	95	723	750	767	1746	763	422	621	2315	366	132	78	367	436	635	351	343	1133	761	476	153	393	1155	351	720	90	610	569	251	718	1552	455	310	620	827	458	660	1110	863	389	2325	630	622	947	521	642	348	808	1618	397	403	1568	177	710	606	354	632	869	982	548	757	2349	1537	1523	632	1017	745	83	1254	652	410	589	759	808	757	907	796	80	1185	764
2021	2015	2059	1570	4303	2668	1973	1899	0	1045	2016	1525	1901	2940	2064	2582	1611	2108	2114	1738	1989	1805	560	1411	2045	1342	2076	1936	2263	2050	1119	2246	2073	2043	2271	1879	1546	2139	2433	1218	1065	2258	1704	1535	1959	2345	1963	1672	1901	3715	1957	2128	1436	2160	1832	2905	1738	1129	1367	2168	1967	2066	1918	988	541	2359	3029	2164	2366	2577	1827	2496	815	1929	1114	2675	2100	1506	1531	1799	2023	3842	1051	1880	2562	1036	1918	1672	2023	1859	1842	1434	1929	2059	2064	1628	1773	1427	2164	1777	1866	2746	2830	2239	2497	278	3081	2012	1797	1204	1873	2019	2294	1055	1228	1380	395	2032	2274	1599	2232	1884	3422	2567	1204	1988	2034	2019	1613	2632	1897	1806	2087	2294	2345	1857	1973	1882	1808	1848	1480	2674	2354	1636	2868	1976	1988	1345	1796	2131	2616	1880	1948	1855	2135	1308	308	1859	1923	1501	2030	2233	1953	1799	1166	1467	2115	2027	1898	2648	637	1813	1687	1869	1850	2036	1204	699	2411	3272	2040	2065	459	1961	1273	1633	1090	1906	2075	2206	2092	1899	1202	2109	1552	2036	1767	1179	1943	1901	1619	1092	2740	1994	1814	1983	1158	1372	1897	1935	2067	1366	2075	1809	1977	2054	2029	1855	2077	1826	769	2467	2032	1873	2046	2571	2075	1898	1898	2035	2157	1894	2505	2776	2144	1886	2308	1097	1719	1871	1430	1636	1510	2869	1847	2259	1870	2255	2194	2075	1672	2160	2036	1756	507	1797	2356	2036	2072	1856	2019	2659	2254	1965	3555	2740	395	2037	2023	1705	1983	820	1298	1773	2033	1794	2069	1965	1014	1103	1980	2976	1625
1067	979	1066	821	3339	1704	1148	864	1045	0	1246	618	909	2409	1169	2636	800	1154	1146	706	954	1018	955	398	1290	297	1097	1055	1289	1076	161	1401	1088	1090	1297	874	628	1188	1943	181	67	1285	661	594	1130	1478	1141	774	909	2774	1103	1092	537	1360	900	2082	706	145	332	1243	1131	1079	1120	56	1159	1402	2117	1219	1369	1619	782	1528	266	1011	84	1640	1055	706	498	1011	1076	2969	63	1200	1734	231	1120	774	1253	1011	898	526	1011	1066	1186	871	838	1323	1219	1090	865	2027	2027	1268	1558	806	2366	1076	838	167	862	1244	1287	111	185	892	692	1082	1401	940	1360	1090	2536	1778	167	952	1146	1244	804	1872	1098	1019	1395	1535	1736	1296	928	1104	1021	915	1107	1647	1423	877	2500	1158	1165	661	872	1182	1678	1200	1021	1006	1134	267	952	1010	887	739	1084	1262	1046	1011	130	436	1164	1083	876	1605	412	815	732	1012	915	1154	167	431	1374	2667	1144	1187	803	1152	520	876	108	1114	1091	1284	1090	1098	156	1165	649	1026	867	143	1011	909	866	108	2000	959	1013	1161	122	1183	1099	994	1174	1621	1096	765	941	1079	1080	1007	1093	867	309	1439	1095	862	1081	1745	1092	1080	876	1145	1225	906	1523	2052	1108	915	1354	72	699	1031	744	938	484	2501	998	1320	1169	1282	1183	1091	774	1534	1073	818	715	752	1421	1144	1090	1006	1242	1642	1220	1150	2877	2024	692	1155	1315	777	947	449	264	838	1135	864	1252	1150	58	121	944	2002	870
495	905	650	453	2358	845	143	882	2016	1246	0	639	646	3308	311	3838	447	502	555	868	892	228	2151	920	50	1130	592	295	622	571	1087	273	616	492	626	705	637	497	2927	1215	1182	618	973	1469	159	383	141	1617	646	1753	220	1310	711	149	473	888	868	1100	1195	1827	173	620	129	1279	2328	608	1061	481	1682	1991	1049	730	1304	396	1253	1627	1122	1709	932	235	472	1829	1191	208	548	1083	129	1617	7	265	500	724	396	650	265	395	510	2545	481	262	690	781	815	601	643	1739	1120	436	1524	1218	730	12	782	1152	1126	2050	1628	484	341	428	311	156	1418	553	1218	893	293	11	443	633	151	227	207	290	558	413	1024	142	225	468	2274	1707	525	388	1442	127	132	674	1619	488	733	208	418	269	1535	1074	1765	266	893	531	468	598	361	235	1230	951	493	464	792	1492	1545	690	1493	275	471	277	1218	1348	1449	1435	315	266	1578	114	774	390	1140	133	611	425	696	150	1171	467	609	727	1660	1227	433	646	403	1139	756	890	233	132	1231	2397	149	462	305	2867	591	972	896	572	480	269	610	551	1337	1566	439	730	537	557	609	179	792	297	438	631	782	806	1316	571	568	1263	1285	240	1830	381	910	1443	277	499	183	613	1514	611	1617	2465	527	526	1894	1020	540	302	602	270	15	1770	1388	126	1631	777	1628	274	141	1566	896	1692	1210	510	319	1603	113	126	1305	1125	894	1126	398
495	621	555	293	2779	1143	531	524	1525	618	639	0	407	2759	558	3201	220	583	591	400	595	418	1558	287	686	496	559	439	740	531	467	782	561	518	748	411	26	614	2344	575	558	735	467	870	513	863	525	1038	407	2196	484	944	89	743	307	1464	400	475	567	1352	513	554	510	658	1750	833	1521	639	1314	1618	597	970	733	408	617	1423	805	1096	339	412	497	2363	570	639	1116	500	510	1038	646	393	317	95	408	555	570	318	247	1905	639	540	392	1417	1408	715	975	1251	1753	488	986	579	416	635	794	536	487	1416	1131	507	787	452	745	483	1932	1160	579	595	532	636	224	1257	488	419	810	923	1166	793	665	502	421	323	1640	1469	833	320	1998	542	549	327	1069	605	1095	639	425	388	1112	435	1332	392	548	241	504	710	438	412	591	336	590	502	471	1333	966	343	927	394	324	539	579	826	1179	2073	533	572	1145	539	286	321	517	506	561	687	596	489	531	584	31	557	1099	588	418	407	318	517	1385	598	407	544	592	1757	490	409	563	2236	558	527	589	535	504	389	563	306	774	1281	508	416	524	1127	561	466	471	532	634	395	982	1440	957	371	782	628	748	414	1204	416	308	1999	380	735	599	731	1121	561	1038	1892	513	231	1306	557	834	532	557	388	634	1502	1061	535	2266	1413	1131	540	728	998	593	1068	574	247	525	1055	635	535	677	502	590	1450	318
196	273	159	584	2430	796	503	236	1901	909	646	407	0	2672	382	3309	483	269	245	268	254	525	1863	510	695	670	190	350	381	173	792	631	179	217	389	62	380	303	2309	794	865	377	373	898	486	665	505	1017	0	1866	425	670	484	670	196	1260	268	788	706	1181	472	170	539	961	2068	500	1224	339	1048	1358	412	619	1089	250	874	1065	490	1147	432	523	217	2086	879	764	937	864	539	1017	650	406	164	481	250	159	424	567	206	2061	339	711	55	1316	1227	361	664	1633	1626	240	900	803	88	636	394	861	733	1532	1512	214	592	722	561	534	1652	1018	803	255	380	636	485	1134	527	525	853	856	1199	974	379	566	526	193	1750	1127	542	562	2088	519	514	716	998	300	781	764	231	404	890	654	1727	405	247	581	225	356	287	522	831	485	282	227	146	957	1305	95	887	388	189	396	803	1206	847	2008	363	424	1543	534	693	565	831	545	182	425	192	526	774	293	390	151	1045	822	214	0	573	829	1267	254	498	513	836	1909	530	185	390	2452	189	339	256	176	215	404	184	128	1135	959	251	88	188	947	183	487	146	377	362	16	614	1332	678	76	456	890	670	428	1289	663	433	2089	400	436	719	374	872	182	1017	1845	186	208	1624	389	535	373	181	402	632	1175	760	520	2140	1314	1512	398	781	958	257	1337	750	206	355	982	572	520	961	816	255	1093	569
2854	2447	2722	3052	4311	3150	3167	2438	2940	2409	3308	2759	2672	0	3051	1522	2976	2895	2847	2441	2452	3136	2403	2491	3359	2305	2788	3016	2893	2795	2528	3289	2762	2868	2896	2610	2746	2921	507	2299	2465	2893	2338	1898	3149	3296	3167	1722	2672	3976	3091	2068	2735	3342	2835	3813	2441	2501	2226	1511	3137	2754	3188	2428	2532	3010	3599	2955	1777	1555	2261	3036	2609	2919	2339	2121	2258	1711	2420	3132	2878	4371	2467	3380	3551	2637	3188	1722	3314	3048	2808	2718	2919	2722	3095	3077	2802	1575	2955	3293	2623	3962	3811	2893	3158	2891	4240	2908	1786	2305	2585	3300	2746	2513	2384	1599	2840	2871	3234	3208	3212	3174	3992	3655	2305	2450	3052	3300	2981	3775	3172	3137	3512	3527	3866	3552	2312	3203	3139	2840	1461	2017	3105	3078	4742	3183	3180	2991	1695	2924	3233	3380	2903	3044	1824	2385	3081	3047	2432	2988	2885	2891	2958	3131	2322	2426	2909	2888	2527	2263	2536	2618	1832	3035	2837	3068	2305	2750	2087	4657	3034	3095	3031	3194	2856	3079	2490	3191	2768	3050	2693	3171	2357	2930	2779	2635	1661	2314	2887	2672	3077	2489	3905	2455	3115	3179	2327	1584	3175	2857	3059	1945	2788	2337	2443	2796	2873	3045	2770	2757	2630	1993	2914	2585	2826	3560	2771	3135	2527	3049	2994	2685	2980	3973	2068	2742	2997	2343	2028	3072	1670	3175	2451	4743	3038	3023	3336	2894	1873	2768	1722	878	2831	2787	2448	2288	3089	3044	2775	3043	3296	1919	2048	3182	4732	3962	2840	3070	3434	1760	2445	2232	2250	2802	3027	1710	3244	3182	2375	2496	2446	3291	3077
198	615	346	528	2243	633	190	613	2064	1169	311	558	382	3051	0	3673	460	191	243	640	605	328	2115	791	353	987	284	128	321	267	1024	253	310	189	327	445	543	186	2692	1094	1112	317	747	1268	185	311	199	1396	382	1651	139	1018	646	293	274	918	640	1029	1038	1552	166	315	260	1212	2309	343	967	176	1384	1691	794	482	1289	162	1155	1315	826	1516	759	331	174	1804	1124	492	577	1056	260	1396	313	219	286	653	162	346	47	479	334	2406	176	491	435	937	872	298	442	1786	1254	143	1282	1101	470	300	473	1093	1016	1887	1669	183	233	593	194	278	1374	645	1101	606	32	300	459	757	264	327	510	475	834	710	743	306	326	261	2109	1395	299	471	1729	203	190	740	1380	177	557	492	162	222	1251	949	1845	219	619	578	168	295	124	330	1121	796	181	165	524	1180	1524	453	1267	204	262	40	1101	1369	1141	1627	24	47	1655	227	790	474	1072	272	305	155	389	262	1061	155	528	429	1427	1115	177	382	488	1071	891	603	304	193	1124	2255	267	204	7	2769	284	721	612	268	180	222	304	331	1329	1258	138	470	234	588	302	232	524	29	137	370	520	954	1023	320	294	1169	1051	218	1652	531	748	1730	228	226	452	312	1224	305	1396	2227	226	354	1865	771	306	27	296	221	296	1460	1088	212	1769	935	1669	42	453	1339	611	1616	1069	334	33	1364	210	212	1226	1057	609	939	482
3505	3180	3420	3449	5436	4001	3717	3117	2582	2636	3838	3201	3309	1522	3673	0	3411	3575	3541	3041	3172	3619	2050	2917	3886	2708	3479	3590	3641	3473	2795	3926	3458	3526	3647	3249	3201	3608	1344	2628	2704	3639	2935	2411	3698	3973	3713	2315	3309	4993	3655	2917	3138	3925	3405	4568	3041	2775	2645	2436	3693	3448	3708	2621	2044	3770	4469	3645	2784	2697	2931	3847	2703	3514	2606	3209	3064	2162	2918	3613	3524	5317	2698	3826	4244	2851	3708	2315	3845	3579	3388	3124	3514	3420	3705	3494	3352	1315	3645	3719	3253	4601	4536	3631	3937	2682	4926	3542	2471	2626	3225	3833	3542	2745	2719	1788	2696	3523	3898	3576	3864	3683	4896	4318	2626	3170	3660	3834	3415	4428	3687	3620	4011	4112	4362	3932	3048	3703	3623	3416	1565	3125	3838	3499	5132	3730	3734	3297	2375	3607	4040	3826	3510	3574	2706	2765	2842	3578	3124	3368	3533	3627	3554	3613	2620	2890	3589	3534	3191	3312	2514	3224	2445	3574	3415	3673	2626	2775	3066	5273	3650	3706	2888	3731	3156	3498	2743	3705	3463	3734	3412	3687	2676	3602	3230	3341	2317	2620	3495	3309	3490	2743	4561	3177	3608	3730	2620	1453	3689	3469	3680	1217	3478	2988	3159	3475	3524	3575	3465	3341	2697	3015	3556	3225	3495	4255	3465	3660	3191	3658	3671	3316	3808	4621	2925	3357	3738	2599	2660	3602	2021	3570	2934	5133	3566	3736	3792	3638	2781	3463	2315	1681	3494	3332	2242	2940	3827	3655	3467	3574	3831	3038	2961	3725	5442	4599	2696	3675	3929	2381	3163	2245	2627	3352	3641	2390	3815	3725	2580	2756	3163	4226	3493
482	743	594	101	2702	1089	367	667	1611	800	447	220	483	2976	460	3411	0	556	583	577	720	218	1708	505	489	714	574	332	722	543	641	638	585	499	730	514	230	579	2564	783	735	717	661	1090	352	734	358	1256	483	2107	345	1109	272	571	305	1313	577	654	786	1552	358	582	325	832	1890	787	1419	592	1486	1794	778	929	864	356	812	1546	949	1316	555	211	473	2236	745	420	964	638	325	1256	454	247	332	287	356	594	455	102	276	2109	592	320	493	1228	1248	696	902	1333	1567	449	1197	785	529	445	820	705	691	1629	1217	486	663	252	621	293	1812	991	785	720	429	445	4	1078	302	219	600	737	951	576	817	304	221	317	1853	1604	758	102	1778	373	384	280	1283	569	1017	420	383	244	1297	648	1385	248	688	118	477	691	367	211	793	556	558	473	594	1440	1104	459	1144	259	320	429	785	923	1319	1869	438	456	1196	362	340	103	694	317	583	612	644	304	735	543	197	628	1315	791	386	483	103	693	1203	721	216	378	793	1963	303	392	462	2421	573	703	718	547	482	244	584	355	899	1427	467	529	523	974	582	293	594	430	573	467	955	1253	1120	419	735	821	957	260	1422	204	526	1779	236	675	382	713	1297	583	1256	2111	510	275	1452	741	764	432	576	245	444	1646	1216	363	2077	1224	1217	429	518	1215	720	1245	790	276	432	1268	468	363	859	679	717	1397	102
88	447	172	643	2198	560	375	469	2108	1154	502	583	269	2895	191	3575	556	0	53	536	443	484	2110	759	544	933	106	260	166	103	1024	395	132	65	173	326	562	34	2551	1053	1105	161	639	1163	367	407	383	1274	269	1622	310	843	672	472	277	992	536	1024	973	1388	348	140	439	1203	2311	251	964	70	1203	1507	657	387	1310	200	1127	1124	650	1413	696	485	86	1822	1118	676	676	1078	439	1274	504	358	266	674	200	172	237	604	335	2331	70	663	324	1071	962	139	404	1834	1369	107	1146	1062	349	491	290	1094	986	1801	1714	76	340	739	316	451	1389	766	1062	444	210	491	556	885	439	484	700	642	1016	895	582	483	483	261	2018	1205	274	597	1911	389	378	832	1245	31	523	676	172	358	1082	910	1911	356	470	674	80	134	198	485	1087	744	14	83	387	990	1536	361	1143	337	259	226	1062	1409	952	1766	188	237	1723	413	852	600	1067	451	126	160	207	437	1029	37	557	259	1295	1079	172	269	612	1066	1017	439	457	381	1091	2178	442	174	197	2719	106	592	452	101	79	358	124	288	1353	1069	89	349	80	686	124	401	387	207	99	265	403	1084	847	240	201	1142	925	367	1557	675	693	1911	361	168	634	156	1049	126	1274	2086	83	352	1866	641	269	202	119	356	487	1270	905	397	1880	1070	1714	228	644	1213	449	1592	1015	335	186	1229	400	397	1209	1052	449	867	606
101	399	125	674	2198	559	426	428	2114	1146	555	591	245	2847	243	3541	583	53	0	507	396	527	2101	748	597	916	62	303	148	72	1020	446	85	84	157	297	569	73	2507	1038	1099	144	608	1130	416	451	433	1236	245	1627	358	792	679	525	291	1026	507	1019	951	1339	398	94	488	1196	2305	256	979	108	1150	1454	617	384	1311	232	1115	1072	599	1379	677	528	111	1840	1112	726	717	1081	488	1236	557	399	275	680	232	125	290	637	345	2303	108	708	298	1117	1000	124	418	1842	1411	142	1104	1047	319	543	246	1090	974	1771	1721	97	387	777	366	498	1407	811	1047	397	262	544	584	931	487	527	753	694	1069	945	535	530	526	276	1987	1152	299	631	1964	440	429	855	1203	77	536	726	202	399	1031	897	1923	397	427	700	109	119	237	527	1074	728	65	113	350	939	1534	340	1105	378	274	278	1047	1415	899	1812	240	290	1736	463	867	634	1062	499	80	204	155	484	1016	90	567	212	1254	1065	198	245	646	1061	1062	392	499	431	1078	2151	489	192	250	2698	62	554	406	69	102	399	77	288	1354	1016	129	319	67	727	77	448	350	258	147	244	390	1129	796	232	211	1131	886	410	1526	713	677	1964	401	195	683	140	997	80	1236	2042	78	361	1860	603	290	253	74	397	539	1217	852	448	1921	1116	1721	280	696	1173	403	1580	996	345	237	1187	453	448	1199	1047	402	863	640
464	277	397	672	2652	1035	728	162	1738	706	868	400	268	2441	640	3041	577	536	507	0	251	701	1642	329	919	433	447	581	629	436	620	892	430	485	636	210	376	570	2061	563	675	626	107	630	710	932	728	757	268	2103	655	544	437	916	395	1528	0	608	454	980	699	420	747	761	1853	754	1479	606	915	1220	201	861	924	489	655	1039	416	879	208	697	483	2342	689	947	1204	719	747	757	874	607	370	425	489	397	677	678	361	1796	606	871	212	1577	1495	613	922	1481	1891	503	655	575	188	860	591	682	520	1264	1361	482	858	829	826	733	1909	1283	574	250	632	861	581	1397	731	702	1071	1105	1426	1137	273	763	703	402	1482	1078	806	676	2302	744	742	724	750	568	1036	947	479	603	719	438	1598	606	186	636	492	608	530	697	607	271	549	493	176	965	1116	186	629	594	399	647	575	1062	787	2266	619	678	1423	754	649	678	647	750	434	693	406	730	556	561	404	336	793	597	463	268	681	645	1530	256	678	741	613	1643	734	435	647	2195	447	127	240	439	482	604	437	320	971	884	516	188	455	1214	436	694	176	630	630	275	844	1594	557	319	715	672	416	631	1021	781	227	2303	597	702	902	624	722	434	757	1598	454	347	1414	163	798	626	436	602	857	1105	662	743	2406	1575	1361	649	993	701	245	1107	507	361	610	734	812	743	750	634	242	1320	679
407	27	271	821	2428	842	749	89	1989	954	892	595	254	2452	605	3172	720	443	396	251	0	779	1878	581	940	671	336	598	471	343	871	837	311	418	476	208	568	470	2111	802	925	469	301	775	734	847	753	857	254	1895	672	418	653	899	450	1408	251	860	678	947	719	303	791	1009	2091	599	1304	505	794	1104	243	678	1175	497	899	830	235	1019	458	777	431	2163	939	1019	1111	970	791	857	896	660	418	644	497	271	651	811	451	1966	505	965	228	1513	1389	463	765	1733	1806	463	714	815	191	881	381	934	768	1425	1613	422	783	967	759	787	1734	1207	815	1	611	882	723	1327	780	780	1099	1078	1438	1228	139	820	781	447	1634	884	676	807	2331	765	759	922	813	472	869	1019	474	658	646	686	1848	659	66	806	437	460	530	777	849	522	457	440	126	737	1366	261	726	642	443	628	815	1313	599	2209	591	651	1672	782	870	810	898	797	317	600	247	778	801	478	589	183	866	838	458	254	816	897	1459	5	753	759	856	1814	783	430	613	2390	336	207	13	344	425	658	319	377	1222	708	467	191	374	1121	319	739	126	607	542	271	647	1526	425	331	571	916	511	682	1174	910	479	2332	655	582	973	469	622	317	857	1646	381	448	1656	245	663	603	323	656	878	926	506	768	2312	1512	1613	630	1030	792	8	1340	738	451	585	797	809	768	996	885	10	1108	813
437	798	583	234	2532	954	172	749	1805	1018	228	418	525	3136	328	3619	218	484	527	701	779	0	1923	704	272	914	541	224	640	513	859	443	560	445	646	575	420	495	2740	992	953	635	799	1271	163	547	161	1428	525	1931	189	1193	485	358	329	1105	701	872	982	1679	176	560	112	1050	2102	671	1239	495	1571	1882	895	809	1077	305	1027	1573	1015	1505	730	6	419	2037	963	246	758	855	112	1428	236	129	361	498	305	583	303	177	343	2322	495	188	556	1010	1036	614	756	1527	1349	385	1350	995	597	227	773	923	903	1834	1414	433	483	266	443	79	1618	777	995	780	296	228	214	861	91	1	393	519	750	448	899	86	3	332	2058	1643	618	169	1605	173	186	459	1441	484	863	246	335	129	1403	854	1565	130	765	307	419	610	290	6	1005	743	480	415	663	1451	1318	541	1308	149	336	288	995	1127	1368	1656	314	304	1376	155	548	172	911	102	556	482	634	93	947	458	389	643	1478	1003	346	525	185	911	985	779	27	180	1006	2175	91	367	326	2639	540	817	781	515	429	129	556	406	1111	1482	397	597	484	767	554	101	663	299	463	508	848	1035	1201	449	622	1037	1108	116	1620	204	705	1606	129	555	201	630	1391	556	1428	2281	471	354	1667	861	628	303	548	131	226	1696	1286	161	1859	1006	1414	287	311	1381	782	1463	993	343	311	1426	263	161	1077	897	779	1254	180
2022	1901	2018	1700	4290	2659	2072	1791	560	955	2151	1558	1863	2403	2115	2050	1708	2110	2101	1642	1878	1923	0	1353	2189	1209	2052	1996	2244	2030	1092	2336	2042	2046	2252	1824	1572	2143	1896	1078	1006	2239	1577	1249	2056	2421	2064	1339	1863	3729	2037	1906	1471	2279	1852	3018	1642	1088	1201	1812	2059	2033	2033	907	218	2357	3071	2174	2069	2231	1670	2482	847	1961	989	2433	1929	1139	1440	1917	2030	3920	993	2060	2668	1069	2033	1339	2158	1941	1852	1462	1961	2018	2128	1756	1789	867	2174	1950	1816	2924	2956	2222	2514	633	3265	2030	1496	1067	1811	2151	2232	1022	1130	902	664	2037	2345	1777	2303	2001	3488	2699	1067	1877	2091	2151	1711	2784	2011	1924	2268	2441	2575	2095	1823	2008	1926	1867	957	2412	2378	1763	3217	2080	2089	1491	1466	2137	2634	2060	1973	1936	1853	1210	792	1940	1812	1620	2038	2217	1994	1917	1035	1381	2120	2037	1817	2438	606	1767	1392	1945	1868	2097	1067	835	2179	3519	2091	2130	846	2070	1377	1761	1044	2025	2045	2237	2039	2012	1089	2120	1588	1973	1425	1045	1963	1863	1749	1046	2905	1884	1924	2084	1030	822	2012	1948	2120	852	2051	1676	1865	2034	2035	1937	2047	1822	816	2212	2049	1811	2036	2679	2046	2000	1817	2090	2179	1860	2476	2951	1921	1870	2310	973	1490	1959	1022	1797	1431	3218	1928	2274	2039	2237	1922	2045	1339	1663	2029	1770	257	1650	2376	2090	2044	1937	2150	2378	2022	2070	3765	2919	664	2098	2193	1389	1870	539	1139	1789	2082	1470	2175	2070	902	1060	1868	2955	1754
672	607	668	567	2941	1306	803	492	1411	398	920	287	510	2491	791	2917	505	759	748	329	581	704	1353	0	968	210	698	688	891	677	291	1034	690	695	899	477	283	793	2066	303	356	886	324	593	784	1102	798	769	510	2376	745	817	245	1013	516	1710	329	282	280	1133	780	681	790	450	1557	1004	1723	825	1156	1444	465	1129	596	629	369	1345	728	811	135	698	682	2579	370	925	1366	390	790	769	927	663	510	228	629	668	814	600	456	1628	825	825	467	1690	1661	869	1163	1152	2022	686	742	310	467	915	892	357	227	1130	1032	687	1025	719	985	765	2145	1422	310	580	771	916	510	1524	769	705	1097	1198	1453	1071	588	786	707	531	1354	1373	1030	603	2281	815	819	513	816	787	1282	925	635	659	934	158	1268	662	516	498	691	864	667	698	331	82	769	690	487	1284	798	416	669	660	530	781	310	732	1085	2355	766	815	1095	814	395	603	324	787	692	894	693	769	271	772	314	631	838	324	624	510	598	322	1655	586	691	815	334	1479	771	604	797	1978	698	422	570	681	686	659	695	474	642	1170	705	467	683	1377	693	743	487	770	834	507	1125	1712	832	518	957	383	521	686	917	692	105	2282	650	925	886	883	960	692	769	1618	677	436	1113	427	1027	768	691	658	913	1387	944	809	2538	1687	1032	783	1015	737	575	833	290	456	757	802	903	809	451	310	572	1604	600
541	953	695	489	2348	858	193	932	2045	1290	50	686	695	3359	353	3886	489	544	597	919	940	272	2189	968	0	1178	636	345	656	616	1131	279	661	537	660	755	685	537	2978	1262	1225	653	1024	1519	210	387	191	1668	695	1741	270	1358	756	143	524	861	919	1144	1244	1876	223	665	179	1322	2364	634	1051	519	1730	2038	1099	751	1342	445	1299	1668	1169	1759	982	278	518	1806	1235	202	527	1123	179	1668	45	316	551	770	445	695	306	432	561	2592	519	276	740	739	785	637	658	1768	1078	482	1575	1265	780	59	820	1194	1173	2099	1659	529	354	449	329	203	1399	522	1265	941	337	58	485	596	199	271	158	252	507	391	1073	186	268	519	2323	1749	546	425	1392	176	181	706	1670	528	741	202	466	320	1585	1121	1790	317	943	569	513	634	410	278	1276	1001	534	509	842	1531	1582	741	1544	326	522	320	1265	1381	1494	1387	359	306	1603	165	811	427	1183	181	656	457	741	199	1217	508	657	773	1711	1274	482	695	439	1183	716	939	279	182	1277	2444	197	511	347	2911	636	1022	945	617	525	319	655	601	1374	1610	484	780	583	535	653	229	842	341	475	680	806	764	1364	621	597	1309	1335	291	1879	408	960	1393	327	529	188	648	1563	656	1668	2516	573	577	1932	1070	562	346	647	321	62	1814	1435	176	1587	734	1659	318	102	1616	945	1734	1258	561	363	1654	146	176	1349	1169	943	1133	434
850	695	819	770	3085	1462	1010	583	1342	297	1130	496	670	2305	987	2708	714	933	916	433	671	914	1209	210	1178	0	860	890	1050	843	285	1234	847	873	1058	625	494	968	1870	131	290	1046	372	410	991	1297	1006	594	670	2532	951	798	447	1220	712	1904	433	261	79	1010	987	838	1000	353	1420	1171	1895	1002	1093	1359	486	1287	552	825	230	1345	758	609	238	908	864	2756	303	1134	1564	413	1000	594	1137	871	701	430	825	819	1013	806	654	1422	1002	1032	620	1897	1859	1031	1334	1103	2228	872	604	143	608	1125	1025	319	124	920	987	867	1220	917	1181	975	2322	1624	143	670	969	1125	718	1729	979	915	1307	1406	1663	1274	634	996	917	726	1144	1356	1208	809	2485	1023	1027	685	662	964	1452	1134	827	867	860	81	1243	870	604	697	872	1026	863	908	179	190	945	872	609	1308	707	575	513	867	724	980	143	711	1079	2565	962	1014	1086	1023	551	809	282	997	851	1079	835	979	140	951	524	767	674	167	814	670	804	280	1861	677	901	1023	186	1272	981	792	993	1787	860	475	658	847	866	867	853	660	598	1148	889	608	855	1575	852	952	609	968	1016	671	1274	1919	814	694	1127	247	423	895	708	895	241	2486	858	1102	1096	1044	902	851	594	1429	850	634	985	457	1202	966	851	866	1123	1355	927	1017	2744	1894	987	982	1225	574	664	673	82	654	953	650	1110	1017	330	275	661	1751	806
103	341	65	668	2243	607	457	366	2076	1097	592	559	190	2788	284	3479	574	106	62	447	336	541	2052	698	636	860	0	322	192	30	975	502	26	100	200	238	535	134	2446	984	1051	187	547	1068	445	512	463	1174	190	1677	385	738	644	573	271	1088	447	972	894	1281	427	33	514	1148	2256	310	1035	170	1100	1406	555	430	1269	237	1064	1041	545	1318	622	541	123	1897	1065	752	779	1040	514	1174	594	411	250	644	237	65	332	636	319	2243	170	726	241	1177	1062	171	475	1805	1473	160	1042	994	259	580	246	1045	922	1710	1684	110	446	781	423	521	1464	872	994	338	298	581	574	991	510	541	794	747	1117	971	476	554	541	257	1926	1117	360	630	2012	472	462	838	1141	136	591	752	206	411	976	844	1891	410	365	687	125	166	251	540	1021	675	120	130	288	913	1489	286	1043	391	254	315	994	1378	857	1872	276	332	1705	493	840	633	1016	524	20	264	105	508	964	142	537	153	1192	1013	197	190	644	1014	1123	333	513	464	1026	2091	513	183	292	2640	0	492	345	26	114	411	19	252	1313	974	153	259	57	789	17	470	288	294	205	191	429	1190	742	190	268	1079	824	426	1464	718	624	2013	412	257	709	184	944	20	1174	1981	69	331	1812	541	351	289	13	409	577	1179	803	478	1983	1176	1684	317	733	1111	343	1527	940	319	272	1125	495	478	1150	1001	342	907	639
219	613	371	403	2371	759	152	587	1936	1055	295	439	350	3016	128	3590	332	260	303	581	598	224	1996	688	345	890	322	0	417	296	906	347	343	224	424	410	426	271	2642	991	996	412	688	1197	136	424	154	1336	350	1779	75	1016	525	338	188	1027	581	913	947	1531	121	345	195	1096	2187	462	1094	275	1391	1701	755	603	1165	100	1046	1362	830	1442	672	225	198	1926	1008	432	680	933	195	1336	300	99	210	534	100	371	132	356	238	2312	275	405	395	1011	974	392	570	1658	1338	163	1235	997	434	285	549	976	910	1802	1541	212	348	482	307	199	1497	734	997	599	98	286	330	839	189	224	502	527	850	649	729	232	223	179	2025	1436	426	349	1737	168	164	612	1331	261	685	432	125	101	1240	846	1716	98	598	450	197	387	71	225	1015	702	256	193	497	1235	1402	398	1210	80	182	101	997	1242	1169	1691	106	133	1527	184	662	352	956	204	339	280	421	187	955	234	408	440	1375	1010	140	350	365	955	971	597	197	163	1017	2162	192	167	131	2665	322	679	602	298	208	101	339	261	1204	1284	174	434	265	691	337	148	497	99	248	335	635	1031	1024	276	410	1059	998	107	1572	418	656	1738	105	347	387	408	1220	339	1336	2179	252	257	1744	728	433	100	330	99	282	1494	1099	170	1854	1008	1541	102	431	1282	602	1504	973	238	100	1315	231	170	1113	940	600	1066	359
246	465	231	808	2052	415	511	524	2263	1289	622	740	381	2893	321	3641	722	166	148	629	471	640	2244	891	656	1050	192	417	0	214	1166	447	202	226	8	425	717	146	2572	1175	1243	4	723	1236	507	415	520	1328	381	1485	456	825	828	557	438	938	629	1164	1081	1381	488	212	581	1340	2448	128	850	145	1159	1454	709	238	1458	366	1256	1025	635	1484	812	642	251	1713	1257	812	658	1229	581	1328	622	517	424	829	366	231	361	768	494	2420	145	811	430	1074	924	26	296	1990	1348	273	1184	1184	443	610	170	1236	1114	1883	1870	238	371	900	365	598	1280	766	1184	472	349	610	722	887	585	639	804	700	1089	1029	603	628	639	422	2096	1114	212	761	1977	523	510	998	1283	156	407	812	338	518	1069	1036	2071	516	517	840	245	31	361	641	1213	866	164	249	459	881	1680	477	1197	497	420	362	1184	1564	884	1766	329	360	1884	548	1014	764	1208	594	199	202	229	582	1156	183	716	301	1337	1204	338	381	776	1206	1014	466	614	514	1217	2267	587	337	325	2824	192	656	483	210	242	518	196	436	1502	1000	255	443	216	667	198	550	459	345	185	383	241	1083	825	378	104	1271	980	523	1634	836	815	1978	521	142	773	9	1025	199	1328	2109	227	509	2004	702	196	341	199	516	606	1187	864	533	1848	1074	1870	363	759	1263	479	1719	1129	494	330	1267	511	533	1342	1192	479	716	771
77	350	79	638	2266	629	434	366	2050	1076	571	531	173	2795	267	3473	543	103	72	436	343	513	2030	677	616	843	30	296	214	0	951	494	47	79	223	226	507	135	2448	966	1029	210	538	1061	422	510	440	1171	173	1698	361	751	617	559	241	1094	436	949	879	1290	405	49	490	1126	2234	328	1051	172	1116	1423	554	452	1244	208	1044	1066	559	1311	605	513	99	1913	1042	727	779	1015	490	1171	574	384	220	617	208	79	315	606	289	2232	172	699	226	1173	1065	192	491	1778	1473	136	1043	975	248	560	276	1021	902	1701	1658	87	442	752	417	495	1479	869	975	344	279	560	544	988	485	513	775	736	1102	945	483	528	513	227	1917	1140	370	600	1997	450	440	808	1142	135	608	727	177	383	986	825	1863	382	367	656	103	187	225	512	1002	656	117	107	284	939	1465	268	1040	363	224	296	975	1352	878	1868	257	315	1677	471	811	603	993	499	43	264	125	483	944	136	508	162	1192	994	168	173	614	992	1120	340	485	442	1006	2080	488	153	275	2625	29	488	351	4	91	383	43	224	1288	994	132	248	33	790	41	445	284	275	202	172	454	1187	756	164	283	1059	821	399	1456	688	605	1998	383	265	683	207	956	43	1171	1983	44	302	1790	538	362	270	35	381	556	1201	820	455	1984	1172	1658	298	712	1109	349	1508	923	289	252	1125	477	455	1129	978	348	930	609
935	898	950	660	3218	1580	993	782	1119	161	1087	467	792	2528	1024	2795	641	1024	1020	620	871	859	1092	291	1131	285	975	906	1166	951	0	1250	969	959	1174	764	480	1057	2071	233	94	1162	598	665	976	1331	986	851	792	2646	951	1068	383	1204	760	1932	620	27	351	1291	977	960	962	192	1288	1274	1980	1086	1377	1645	732	1404	304	869	197	1610	1003	817	415	852	942	2827	104	1039	1583	127	962	851	1095	857	761	373	869	950	1038	710	698	1484	1086	929	752	1869	1874	1143	1426	861	2208	940	884	224	756	1085	1180	70	164	1041	741	949	1254	780	1213	932	2396	1623	224	870	999	1086	645	1716	940	860	1234	1377	1575	1137	868	945	862	776	1259	1628	1288	716	2343	1003	1010	504	933	1050	1546	1039	881	852	1145	218	984	857	806	578	950	1138	902	852	206	352	1033	948	779	1560	514	700	787	859	776	1006	224	446	1346	2506	999	1039	816	996	362	715	53	956	971	1145	979	941	176	1031	498	920	938	213	872	792	705	52	1842	876	854	1005	201	1342	941	858	1029	1780	974	701	860	955	947	853	973	735	351	1422	959	756	953	1594	972	924	779	999	1088	786	1405	1894	1084	788	1225	199	708	877	876	777	392	2345	844	1186	1008	1159	1184	971	851	1650	945	678	843	697	1287	998	969	853	1084	1632	1197	994	2718	1865	741	1007	1154	842	865	604	299	698	990	923	1097	994	219	39	862	1882	709
438	843	568	677	2094	580	273	856	2246	1401	273	782	631	3289	253	3926	638	395	446	892	837	443	2336	1034	279	1234	502	347	447	494	1250	0	528	422	448	694	772	372	2939	1338	1341	445	1000	1521	287	110	283	1648	631	1490	299	1238	867	139	523	682	892	1257	1288	1784	280	535	333	1441	2524	388	797	341	1592	1892	1040	486	1498	412	1393	1472	1045	1769	1010	449	416	1597	1352	479	333	1269	333	1648	269	396	537	876	412	568	221	620	580	2656	341	533	685	685	627	434	381	1968	1000	390	1530	1344	719	264	618	1318	1257	2140	1854	421	83	687	82	366	1176	392	1344	839	266	264	635	504	352	442	390	253	642	669	977	375	440	510	2361	1561	286	612	1530	270	258	901	1629	368	462	479	416	400	1477	1192	2008	396	859	745	408	434	372	448	1362	1045	382	406	769	1326	1737	706	1518	391	512	253	1344	1562	1328	1377	275	220	1820	288	979	615	1300	345	522	251	601	350	1302	359	751	655	1676	1357	431	631	629	1299	637	834	432	263	1364	2505	352	458	246	3012	502	970	846	493	419	400	520	584	1535	1444	380	719	463	344	519	348	769	267	299	621	546	701	1241	572	363	1406	1301	379	1905	633	997	1531	409	305	456	441	1443	522	1648	2474	459	600	2083	1020	304	270	515	400	262	1634	1294	282	1516	683	1854	252	372	1589	844	1850	1317	580	284	1612	182	282	1459	1285	843	854	623
