NAME : VRPTW_INSTANCE_165.txt
COMMENT : Bangkok Supermarket
TYPE : VRPTW
DIMENSION : 237
DAYS : Wednesday
EDGE_WEIGHT_TYPE : EXPLICIT
VEHICLES : 33
EDGE_WEIGHT_FORMAT : FULL_MATRIX
CAPACITY : 1000
EDGE_WEIGHT_SECTION
0	193	3536	258	404	91	978	92	3121	1627	337	85	156	438	153	347	1132	309	25	1013	97	96	211	170	402	1075	625	491	957	437	1013	1627	307	994	1028	194	676	830	1911	993	376	216	288	225	382	213	347	521	1175	26	284	78	1107	1309	799	1315	490	425	576	403	160	193	193	865	474	401	223	366	196	373	1697	537	363	716	214	909	449	601	611	404	89	1911	288	1041	1221	905	1417	1989	586	1606	527	1622	204	508	215	681	571	974	1078	379	139	611	418	315	449	506	149	622	524	585	202	426	217	476	258	372	438	1080	288	255	442	577	212	369	83	1144	127	1010	1001	367	411	1016	945	582	935	1171	400	124	497	439	908	835	185	904	113	624	2614	1625	155	153	964	368	418	447	1190	1315	171	412	1121	385	165	1898	1036	827	423	482	612	757	413	358	2064	1561	508	623	1775	221	987	283	580	402	1708	530	120	111	210	386	92	617	309	366	193	401	97	252	1727	203	300	307	965	1056	221	1524	428	1430	907	1003	283	1321	1977	943	1054	1190	237	531	584	359	358	1152	83	408	231	373	639	408	492	431	1663	976	1095	329	153	759	870	244	1010	309	394
193	0	3707	427	211	181	1032	133	3240	1627	413	272	206	297	202	164	1296	377	187	1063	284	115	242	119	228	1139	504	298	1017	460	1063	1627	180	1080	1211	214	571	1023	1751	1161	188	83	164	33	251	319	164	433	1346	188	456	210	1270	1362	849	1464	302	282	598	210	151	367	16	1030	504	208	31	223	259	185	1745	441	174	910	255	854	641	626	730	595	119	1751	164	1119	1248	712	1383	1985	394	1586	436	1621	15	521	24	558	407	909	1241	193	228	633	250	180	568	528	130	451	331	721	393	254	231	332	427	183	295	1153	164	70	571	586	405	179	111	1199	236	1061	1049	178	241	1074	756	753	990	1355	208	285	304	301	1007	1001	285	1097	195	645	2712	1504	298	202	1126	224	250	460	1361	1123	42	249	1188	369	225	1745	1115	812	246	290	485	607	220	339	2234	1411	521	463	1945	319	831	453	585	228	1735	436	308	190	320	574	133	461	179	223	225	582	284	352	1857	84	479	347	1044	1134	47	1358	617	1540	1100	910	453	1328	1784	1129	1248	1361	338	437	592	549	339	1325	125	237	38	185	501	598	300	290	1841	1065	1156	500	283	603	708	174	1062	189	208
3536	3707	0	3281	3908	3525	3006	3573	1487	3194	3667	3490	3512	3759	3651	3803	2412	3376	3554	3011	3479	3591	3498	3704	3819	2907	3767	3965	2991	3389	3011	3194	3690	2845	2519	3522	4174	2796	5444	2546	3837	3674	3681	3740	3916	3598	3803	3648	2361	3554	3253	3573	2438	2865	3122	2277	4004	3756	3326	3906	3686	3344	3714	2677	3353	3903	3738	3901	3467	3835	2773	3674	3830	2958	3483	3556	3110	3307	3024	3151	3589	5444	3681	2854	3062	4316	4615	3252	4028	3363	3656	3209	3721	3382	3731	3794	3891	3606	2468	3832	3615	3311	3812	3703	3166	3358	3681	3947	3988	3491	3393	3827	3516	3783	3281	3839	3765	2858	3681	3776	3154	3364	3370	3836	3612	2921	3593	3007	3028	3834	3812	2974	4300	2955	3027	2882	3905	3424	3961	3751	2847	2705	3429	2735	3616	3307	1958	5094	3408	3651	2583	3904	3812	3408	2345	4674	3700	3798	2866	3831	3494	5424	2852	3382	3836	3943	3781	4290	3914	3818	1472	5085	3382	3902	1762	3400	4521	3256	3377	3818	2954	3666	3462	3618	3592	3158	3573	3886	3695	3901	3507	3135	3479	3610	2025	3662	3235	3426	2897	2846	3747	5060	3123	2404	2845	4449	3256	3178	5410	2982	2619	2345	3607	3666	3365	3188	3818	2383	3584	3812	3736	3835	3836	3145	3953	3754	1881	2842	2913	3402	3424	4294	4406	3611	3007	3680	3842
258	427	3281	0	635	247	799	294	2872	1493	518	238	252	573	396	548	874	230	280	838	231	311	267	428	584	883	706	707	773	368	838	1493	459	781	785	279	931	631	2168	736	580	409	443	461	641	399	548	576	920	280	29	312	849	1123	636	1057	728	563	475	633	417	65	433	607	384	631	459	623	227	578	1510	600	571	554	254	875	251	492	380	209	308	2169	443	835	1065	1106	1630	1855	790	1497	585	1490	441	434	452	759	720	948	820	579	368	504	589	471	233	420	407	777	736	643	215	601	285	609	0	580	576	878	443	496	214	493	194	576	331	959	348	834	829	575	585	833	1128	326	758	1055	632	142	708	569	685	578	180	704	356	516	2379	1880	133	396	705	625	589	389	935	1510	418	578	924	619	239	2156	829	746	604	691	702	1015	642	596	1809	1819	434	759	1519	172	1245	25	503	583	1542	591	227	356	394	172	294	749	463	623	265	160	231	431	1474	395	62	273	761	850	465	1780	219	1190	748	1252	25	1188	2198	833	855	935	419	592	500	162	596	898	303	583	459	578	744	208	702	566	1414	761	905	356	153	1016	1126	375	834	454	592
404	211	3908	635	0	388	1155	341	3401	1686	543	478	396	279	368	127	1496	547	395	1181	491	325	414	277	165	1267	471	102	1145	590	1181	1686	249	1227	1420	389	484	1234	1565	1363	103	234	249	179	209	484	127	458	1549	396	664	406	1470	1476	973	1654	96	268	714	4	311	578	210	1232	635	6	180	179	443	103	1849	453	100	1117	430	875	853	741	908	807	329	1566	249	1259	1341	512	1344	2035	206	1624	457	1678	199	636	188	514	308	916	1440	114	404	746	194	238	752	650	299	327	139	874	598	183	399	294	635	94	273	1288	249	150	759	692	613	96	321	1319	419	1180	1166	97	184	1197	568	958	1114	1549	3	494	118	288	1166	1203	479	1308	379	757	2855	1362	503	368	1325	175	194	582	1564	922	234	205	1318	429	414	1567	1256	878	167	112	446	453	13	405	2436	1239	636	365	2147	509	660	660	686	166	1820	452	513	375	487	785	341	371	245	179	403	792	491	508	2032	246	689	504	1186	1273	185	1169	829	1700	1306	815	660	1398	1573	1324	1458	1564	497	453	696	761	405	1530	335	181	177	103	438	810	119	276	2049	1215	1281	690	486	440	531	309	1180	261	117
91	181	3525	247	388	0	902	48	3074	1540	427	166	65	367	230	306	1114	230	112	936	174	67	121	214	350	1003	543	462	883	350	936	1540	238	929	1032	103	724	860	1931	979	337	166	220	215	414	304	306	434	1164	114	276	167	1089	1234	721	1285	481	354	490	385	218	191	189	848	388	383	213	391	110	335	1621	451	327	760	124	818	475	516	560	429	66	1931	220	973	1139	868	1493	1902	549	1516	440	1535	196	420	206	599	507	883	1059	338	225	526	361	249	396	420	200	561	492	673	268	371	126	405	247	336	368	1011	220	251	395	489	270	332	104	1069	215	934	924	331	355	941	898	571	859	1232	384	107	464	366	849	820	114	934	193	538	2556	1668	116	230	944	393	361	359	1179	1275	179	353	1050	458	76	1923	969	738	371	447	531	783	395	430	2052	1588	420	555	1763	152	1009	272	492	350	1626	444	195	190	301	403	48	548	241	391	102	405	174	343	1685	152	302	220	897	988	223	1539	448	1376	954	1058	272	1235	1954	1005	1086	1179	328	445	496	381	430	1144	63	352	211	335	563	431	458	359	1661	913	1021	408	102	781	888	164	934	237	352
978	1032	3006	799	1155	902	0	940	2277	721	1301	1007	845	905	1129	1028	805	671	1003	41	1005	956	797	1111	1005	115	824	1160	33	573	41	721	907	178	966	824	1603	1094	2682	770	1054	958	910	1056	1283	1176	1028	740	902	1005	797	1055	787	331	184	791	1244	909	441	1151	1120	846	1048	702	528	1149	1055	1253	793	1054	719	759	1055	1139	787	549	912	413	454	902	960	2682	910	151	281	1397	2395	1075	1177	768	745	721	1047	520	1052	833	993	604	766	1045	1116	409	984	917	567	507	1101	1039	1165	1433	1014	999	804	911	799	1062	911	152	910	1091	590	464	994	1060	1004	167	1102	36	41	1058	990	42	1353	712	42	1627	1152	867	1146	895	249	700	792	1138	1090	398	1705	2518	829	1129	704	1253	984	576	911	1701	1056	969	166	1360	829	2698	155	380	1014	1129	844	1608	1153	1332	1602	2382	520	982	1348	756	1810	789	471	1004	742	754	1010	1088	1171	865	940	964	911	1253	816	806	1005	1212	992	952	817	689	132	160	1080	2283	883	615	1283	1942	789	434	2443	1449	1243	911	1199	753	460	885	1332	916	959	992	1038	1054	895	896	1136	903	1357	194	126	1152	826	1595	1679	865	36	894	1047
92	133	3573	294	341	48	940	0	3120	1567	409	178	94	346	202	266	1163	269	104	973	188	18	146	172	316	1042	533	419	922	379	973	1567	214	971	1078	122	679	900	1882	1028	297	129	195	166	367	291	266	432	1212	106	323	154	1137	1271	757	1334	434	332	520	339	181	236	140	897	420	337	165	343	147	294	1658	447	286	795	154	830	515	546	607	470	20	1882	195	1014	1171	828	1457	1929	509	1539	438	1562	147	447	158	589	481	892	1108	298	205	556	330	223	444	449	161	532	450	676	290	338	145	384	294	295	346	1051	195	202	443	516	297	291	65	1107	200	970	960	290	323	980	863	619	897	1259	338	152	422	346	893	868	160	974	170	568	2601	1622	165	202	993	345	330	386	1228	1237	131	323	1090	423	110	1874	1010	760	337	406	519	734	349	395	2101	1539	447	531	1811	197	961	319	517	316	1659	441	211	167	290	445	0	525	217	343	126	450	188	330	1733	115	347	252	939	1030	174	1491	490	1422	988	1014	319	1264	1911	1032	1125	1228	315	441	522	423	395	1191	20	320	164	294	547	472	417	338	1708	956	1060	422	151	732	839	153	971	216	313
3121	3240	1487	2872	3401	3074	2277	3120	0	2139	3369	3110	3034	3173	3268	3277	2080	2863	3146	2262	3103	3139	3000	3285	3265	2161	3100	3422	2278	2812	2262	2139	3153	2177	2315	3027	3797	2646	4955	2218	3306	3180	3151	3269	3487	3263	3277	3015	2091	3146	2853	3184	2100	2008	2447	1850	3495	3175	2701	3397	3281	2937	3253	2319	2768	3395	3268	3462	2981	3305	1745	3035	3305	2803	2986	2766	2807	2675	2513	2832	3140	4955	3151	2152	2197	3672	4464	2061	3450	2308	3021	2155	3256	2775	3263	3106	3269	2790	2122	3298	3241	2673	3247	3165	2677	2758	3268	3316	3432	3328	3055	3263	3012	3184	2872	3313	3180	2130	3151	3307	2680	2730	3029	3310	3177	2133	3221	2260	2279	3308	3252	2235	3622	2585	2313	2988	3398	2997	3410	3163	2235	2348	2960	2617	3227	2665	650	4742	2968	3268	2218	3463	3247	2823	2079	3948	3251	3233	2110	3491	3016	4965	2153	2637	3277	3393	3121	3845	3401	3469	1480	4640	2775	3259	1648	2923	4061	2850	2739	3264	1889	3030	3095	3227	3258	2819	3120	3241	3158	3462	3015	2773	3103	3289	1402	3170	2850	2900	2220	2138	3287	4555	2802	1701	2785	4124	2850	2249	4681	2976	2572	2079	3280	3029	2728	2851	3469	2129	3137	3253	3257	3305	3171	2825	3401	3171	1857	2186	2154	3130	2976	3837	3932	3094	2260	3141	3303
1627	1627	3194	1493	1686	1540	721	1567	2139	0	1964	1674	1477	1408	1769	1567	1414	1321	1651	679	1675	1581	1422	1729	1521	686	1240	1654	753	1190	679	0	1465	834	1631	1445	2169	1804	3059	1425	1584	1544	1474	1642	1859	1838	1567	1228	1510	1652	1496	1706	1403	495	858	1300	1756	1417	1050	1682	1747	1531	1644	1388	1153	1681	1641	1826	1431	1584	422	1234	1590	1859	1416	825	1630	1026	1173	1618	1587	3059	1474	770	439	1739	3010	363	1631	171	1229	15	1640	1120	1641	1217	1432	807	1392	1573	1765	1015	1493	1471	1269	1120	1724	1456	1646	2135	1704	1506	1422	1397	1493	1594	1414	723	1474	1671	1296	1051	1686	1592	1632	603	1754	685	682	1592	1502	699	1659	1433	755	2338	1685	1533	1635	1398	940	1393	1445	1842	1734	1003	1493	3008	1494	1769	1364	1825	1493	1182	1514	1913	1660	1481	673	1988	1464	3099	777	815	1522	1623	1267	2120	1680	1959	1971	2815	1120	1395	1783	1412	2285	1487	1050	1520	251	1234	1684	1731	1834	1579	1567	1380	1468	1826	1441	1521	1675	1876	1241	1543	1521	1320	817	761	1670	2674	1600	930	1996	2502	1487	306	2610	2167	1933	1514	1861	1233	1045	1597	1959	1535	1587	1505	1621	1584	1299	1611	1626	1410	1863	859	660	1849	1486	2099	2158	1453	685	1453	1569
337	413	3667	518	543	427	1301	409	3369	1964	0	294	492	710	214	565	1318	642	314	1338	296	401	548	294	633	1393	917	645	1278	775	1338	1964	588	1298	1152	528	519	877	1798	1175	579	486	571	422	378	126	565	833	1339	313	530	259	1295	1631	1127	1528	586	696	913	544	261	460	399	1058	811	543	421	391	534	576	2019	845	565	723	551	1240	573	937	898	542	393	1799	571	1350	1553	1038	1112	2326	749	1943	838	1959	410	846	416	971	813	1301	1268	587	204	948	659	591	746	843	283	850	682	335	315	659	551	745	518	570	708	1392	571	421	731	915	340	568	352	1466	211	1335	1328	567	649	1338	1107	784	1259	1058	540	435	660	714	1203	1029	519	944	239	960	2893	1430	473	214	1161	395	659	785	1354	1439	370	660	1436	179	503	1766	1345	1165	649	652	898	681	556	180	2211	1428	846	871	1926	552	900	535	918	633	2038	839	293	243	130	550	409	871	588	391	529	596	296	89	1967	479	525	644	1275	1365	395	1438	572	1703	881	785	535	1658	2022	844	1080	1354	102	840	921	518	180	1309	391	645	443	576	914	548	660	703	1785	1278	1414	264	478	697	813	553	1335	595	602
85	272	3490	238	478	166	1007	178	3110	1674	294	0	226	524	163	431	1096	352	84	1044	12	182	279	219	487	1099	708	570	984	491	1044	1674	392	1008	975	267	699	760	1954	955	458	302	373	302	427	169	431	600	1133	83	257	83	1071	1336	833	1288	560	510	625	477	196	174	269	829	523	475	300	416	255	455	1725	618	445	639	278	978	387	648	613	343	174	1954	373	1058	1259	985	1398	2037	667	1660	607	1669	281	562	292	764	657	1044	1043	462	131	659	504	401	456	557	195	707	604	508	120	511	288	562	238	454	524	1100	373	327	443	631	134	450	161	1171	111	1040	1033	449	496	1044	1027	546	965	1086	474	141	577	524	916	800	231	833	126	672	2616	1646	179	163	930	419	504	504	1148	1395	243	498	1143	381	231	1936	1053	885	507	562	695	800	488	358	2020	1598	562	709	1731	261	1031	259	635	487	1744	611	35	128	164	331	178	703	395	416	263	357	12	205	1711	289	264	362	983	1073	292	1572	369	1428	828	1014	259	1367	2049	859	982	1148	191	611	637	302	358	1108	168	493	310	455	724	348	572	516	1612	989	1120	244	187	805	919	327	1040	394	477
156	206	3512	252	396	65	845	94	3034	1477	492	226	0	329	292	298	1099	176	178	879	234	110	55	266	331	948	491	459	827	287	879	1477	207	880	1032	40	769	880	1955	966	331	163	191	237	453	369	298	376	1153	179	282	232	1073	1177	663	1260	493	317	427	394	275	208	218	835	326	391	236	427	54	329	1563	395	322	790	60	753	496	453	523	450	114	1955	191	922	1078	853	1551	1838	538	1451	383	1471	222	356	230	547	474	819	1043	329	289	463	336	220	362	357	255	530	486	735	318	348	61	366	252	332	331	958	191	275	365	425	317	328	159	1013	280	876	866	326	332	885	877	565	803	1272	393	131	458	326	804	807	82	954	257	475	2510	1708	120	292	928	429	336	295	1168	1257	217	326	996	517	18	1951	918	672	351	441	481	814	402	489	2039	1618	356	517	1750	113	1037	276	427	331	1566	387	252	254	367	420	94	508	211	427	37	413	234	408	1651	150	313	158	846	937	253	1561	466	1334	984	1106	276	1172	1948	1046	1105	1168	393	388	431	402	489	1134	114	330	228	329	516	452	452	321	1655	864	966	464	99	810	913	125	876	203	341
438	297	3759	573	279	367	905	346	3173	1408	710	524	329	0	498	168	1356	395	446	927	534	342	306	416	113	1019	210	256	898	374	927	1408	131	997	1329	295	763	1204	1781	1235	178	229	150	291	467	612	168	180	1422	448	602	487	1330	1215	727	1484	351	14	472	274	449	537	311	1104	414	273	291	434	345	179	1582	173	186	1119	319	597	822	498	735	778	350	1781	150	1021	1071	559	1619	1756	278	1345	178	1399	301	399	296	262	147	641	1300	166	520	500	85	123	600	418	427	205	260	1011	634	98	287	38	573	188	6	1045	150	303	618	443	638	187	377	1063	523	927	910	187	94	947	563	858	865	1599	277	460	241	9	952	1079	393	1277	485	509	2610	1625	447	498	1187	432	85	358	1437	947	340	73	1070	651	338	1794	1020	603	114	225	189	719	272	622	2293	1477	399	188	2007	405	908	594	434	112	1546	173	557	480	612	745	346	180	129	434	308	730	534	646	1828	239	635	341	953	1035	320	1381	791	1479	1313	1094	594	1121	1660	1372	1428	1437	632	174	446	730	622	1409	356	97	269	179	204	778	232	7	1932	989	1031	768	426	702	777	204	927	130	161
153	202	3651	396	368	230	1129	202	3268	1769	214	163	292	498	0	363	1260	458	127	1164	173	191	347	92	429	1228	703	469	1109	579	1164	1769	374	1147	1134	324	535	904	1792	1119	381	271	356	218	271	118	363	619	1296	126	418	84	1235	1461	950	1451	435	484	720	369	56	331	190	993	618	367	216	266	340	379	1849	630	367	771	353	1028	543	746	761	501	184	1793	356	1194	1369	880	1265	2131	572	1741	623	1764	202	648	210	757	609	1088	1207	388	39	755	453	377	600	649	74	651	505	519	262	455	347	534	396	374	496	1233	356	226	592	717	283	371	140	1296	59	1162	1152	370	443	1168	936	710	1087	1182	365	274	481	501	1061	963	337	977	41	768	2766	1484	308	0	1094	270	453	587	1311	1289	160	452	1274	232	306	1773	1189	962	447	469	685	640	381	205	2183	1435	648	666	1894	373	870	419	719	429	1856	625	188	41	120	493	202	664	374	266	327	521	173	149	1871	265	427	450	1118	1209	195	1412	529	1580	953	855	419	1465	1917	957	1123	1311	136	625	724	463	205	1270	182	439	236	379	703	506	479	491	1773	1129	1247	324	306	647	761	340	1162	381	403
347	164	3803	548	127	306	1028	266	3277	1567	565	431	298	168	363	0	1391	431	346	1054	443	255	304	272	68	1140	375	162	1018	464	1054	1567	123	1101	1330	282	601	1166	1685	1261	33	139	126	144	299	481	0	340	1448	348	578	374	1365	1349	846	1541	218	155	586	122	308	496	173	1129	509	121	146	266	338	31	1723	338	28	1061	320	763	781	614	792	735	261	1685	126	1132	1215	562	1452	1918	243	1510	340	1559	161	508	153	424	247	809	1335	31	392	619	95	111	639	523	289	287	188	882	550	94	287	193	548	36	163	1161	126	145	649	565	560	33	269	1191	400	1053	1038	31	85	1070	597	863	987	1517	124	412	160	175	1042	1102	378	1240	359	629	2728	1490	414	363	1220	264	95	456	1463	970	204	100	1191	488	314	1689	1130	755	84	143	352	580	125	460	2331	1363	508	305	2043	404	785	572	559	68	1696	337	466	355	482	709	266	306	118	266	296	708	443	512	1912	153	606	385	1060	1147	169	1287	754	1576	1254	937	572	1276	1650	1290	1392	1463	499	338	569	688	460	1431	268	81	127	31	356	737	153	163	1952	1090	1154	664	395	567	656	192	1053	135	46
1132	1296	2412	874	1496	1114	805	1163	2080	1414	1318	1096	1099	1356	1260	1391	0	966	1153	835	1086	1181	1086	1302	1408	769	1394	1553	775	996	835	1414	1279	631	272	1109	1794	584	3043	142	1424	1262	1269	1329	1515	1227	1391	1265	98	1153	848	1178	26	918	828	239	1592	1351	962	1493	1288	939	1304	267	965	1491	1327	1498	1054	1422	1182	1292	1417	729	1070	1293	744	949	627	776	1179	3043	1269	682	1026	1915	2388	1711	1619	1514	1274	1420	1311	1003	1321	1429	1493	1362	55	1420	1226	956	1403	1292	756	978	1280	1552	1576	1248	1015	1418	1103	1383	874	1427	1361	718	1269	1366	742	1001	990	1423	1205	837	1205	828	844	1421	1403	797	1911	550	800	1045	1492	1016	1549	1348	563	296	1017	574	1222	956	1684	2738	998	1260	170	1500	1403	1017	106	2292	1291	1389	761	1462	1081	3030	675	1104	1426	1531	1403	1890	1501	1444	940	2693	1003	1512	652	987	2119	849	1015	1408	1313	1283	1073	1223	1221	773	1163	1497	1283	1498	1094	738	1086	1247	698	1249	833	1017	673	684	1337	2654	746	602	754	2098	849	1192	3016	953	593	106	1240	1283	1004	805	1444	121	1174	1402	1324	1422	1457	770	1541	1350	588	612	790	1064	1013	1891	2001	1199	828	1269	1430
309	377	3376	230	547	230	671	269	2863	1321	642	352	176	395	458	431	966	0	334	706	354	286	136	441	442	772	490	591	653	144	706	1321	314	703	934	163	945	836	2113	841	464	317	306	406	627	516	431	356	1029	335	252	387	940	1003	491	1110	643	388	273	543	449	234	391	710	171	541	404	601	122	462	1390	381	459	777	122	650	473	296	361	434	290	2113	306	745	912	952	1723	1684	653	1308	365	1317	393	215	400	540	539	722	910	458	448	307	437	327	209	206	430	598	612	840	400	452	149	426	230	468	400	782	306	443	224	281	388	464	333	839	435	703	694	463	436	711	958	465	629	1283	544	213	585	388	629	684	123	907	420	319	2335	1881	175	458	796	602	437	163	1044	1342	393	423	820	688	158	2113	741	537	460	567	489	982	550	660	1905	1782	215	568	1618	91	1201	242	287	442	1399	372	365	418	512	394	269	555	319	601	152	363	354	554	1486	307	288	54	670	760	425	1716	438	1162	969	1282	242	1015	2054	1063	1055	1044	540	373	288	390	660	1015	288	436	393	462	536	432	577	389	1538	689	791	554	165	975	1074	239	703	304	468
25	187	3554	280	395	112	1003	104	3146	1651	314	84	178	446	127	346	1153	334	0	1039	97	104	233	149	404	1101	637	485	983	461	1039	1651	315	1019	1044	215	652	840	1891	1013	373	220	296	217	362	191	346	537	1194	1	305	54	1127	1335	825	1337	479	432	600	394	136	214	185	885	498	392	215	347	220	371	1723	552	361	722	237	929	462	625	636	417	96	1892	296	1067	1246	900	1391	2013	582	1629	543	1646	196	532	207	693	576	993	1099	377	114	636	421	322	474	530	127	625	519	571	205	428	238	484	280	369	446	1106	296	244	467	601	217	366	77	1170	103	1036	1027	364	413	1042	943	602	961	1170	391	148	492	447	934	856	211	914	87	648	2640	1601	181	127	985	350	421	471	1210	1311	160	417	1147	359	188	1877	1062	850	424	477	623	737	405	333	2083	1540	532	629	1794	247	967	304	604	404	1733	545	120	85	189	401	104	623	317	347	215	419	97	230	1751	208	319	331	991	1082	210	1505	442	1455	912	978	304	1346	1967	943	1064	1210	215	546	607	374	333	1171	90	410	226	371	649	421	488	439	1680	1002	1121	322	178	740	852	257	1036	318	392
1013	1063	3011	838	1181	936	41	973	2262	679	1338	1044	879	927	1164	1054	835	706	1039	0	1043	989	829	1144	1029	105	838	1183	74	603	0	679	934	204	1002	856	1633	1135	2701	804	1080	988	937	1086	1313	1213	1054	759	932	1040	837	1091	817	298	215	811	1269	931	469	1177	1154	885	1079	740	559	1175	1085	1283	827	1079	684	777	1081	1181	820	545	953	441	496	943	993	2701	937	165	239	1410	2429	1033	1197	727	764	679	1078	547	1083	845	1010	595	797	1070	1152	435	1007	944	606	536	1134	1055	1188	1473	1054	1022	836	932	838	1088	934	153	937	1121	631	489	1033	1085	1038	137	1138	6	17	1084	1013	39	1364	754	80	1668	1179	904	1168	917	285	739	828	1178	1126	424	1684	2544	866	1164	739	1283	1007	605	941	1707	1087	993	153	1395	862	2719	170	383	1037	1152	859	1634	1179	1367	1616	2404	547	997	1366	791	1834	829	495	1028	703	772	1047	1123	1208	906	973	979	938	1283	848	847	1043	1249	993	982	858	721	163	170	1110	2302	925	614	1324	1973	829	393	2448	1490	1282	941	1236	771	485	926	1367	947	993	1015	1068	1079	909	937	1159	926	1380	222	108	1192	862	1621	1703	894	6	921	1072
97	284	3479	231	491	174	1005	188	3103	1675	296	12	234	534	173	443	1086	354	97	1043	0	193	285	231	499	1097	717	582	982	494	1043	1675	403	1004	963	274	708	747	1965	945	470	313	384	314	439	171	443	609	1122	96	250	94	1062	1335	832	1280	572	521	627	490	208	168	282	820	525	488	312	428	260	468	1723	626	457	626	284	983	375	650	608	331	186	1965	384	1055	1259	997	1402	2038	679	1662	615	1671	293	565	304	773	668	1050	1033	474	140	661	515	412	453	560	207	719	616	501	108	522	295	572	231	466	535	1097	384	340	439	633	122	463	174	1170	119	1039	1032	461	508	1042	1040	536	963	1074	487	141	589	534	912	790	234	821	137	674	2610	1655	180	173	921	431	515	507	1138	1408	256	510	1141	388	238	1947	1050	888	519	574	705	811	501	366	2010	1608	565	719	1721	263	1042	252	639	499	1743	619	23	139	166	320	188	714	405	428	269	347	0	206	1704	301	255	365	980	1070	305	1583	358	1422	815	1022	252	1369	2061	847	970	1138	193	620	640	291	366	1097	180	505	323	468	734	336	585	527	1601	985	1118	234	189	817	930	337	1039	404	489
96	115	3591	311	325	67	956	18	3139	1581	401	182	110	342	191	255	1181	286	104	989	193	0	160	155	307	1059	533	405	938	394	989	1581	211	989	1095	136	660	914	1864	1046	284	119	192	149	348	285	255	436	1230	105	340	150	1156	1287	774	1352	417	328	535	323	166	252	122	915	435	321	147	325	164	282	1674	450	273	806	169	838	530	561	625	484	8	1864	192	1032	1186	815	1442	1941	496	1550	442	1575	129	461	140	589	474	900	1126	286	197	570	321	219	462	463	145	525	437	674	298	329	158	380	311	282	342	1069	192	184	462	529	306	278	51	1123	194	987	976	277	314	996	852	637	913	1267	321	169	409	343	911	886	178	988	162	583	2619	1603	183	191	1011	326	321	399	1245	1225	112	316	1107	409	128	1856	1028	771	327	393	519	716	333	380	2119	1521	461	526	1829	215	942	337	530	307	1674	444	217	158	284	460	18	520	213	325	141	467	193	323	1751	107	364	268	957	1047	156	1472	505	1441	999	996	337	1277	1896	1039	1139	1245	308	445	536	437	380	1209	13	311	148	282	545	487	404	335	1726	974	1077	425	169	714	820	155	987	213	301
211	242	3498	267	414	121	797	146	3000	1422	548	279	55	306	347	304	1086	136	233	829	285	160	0	315	327	901	451	467	780	233	829	1422	198	838	1033	27	811	898	1979	957	338	182	185	270	492	425	304	330	1144	235	296	288	1060	1128	614	1239	511	296	374	411	327	235	255	825	274	409	268	465	39	336	1513	351	331	816	15	699	517	400	494	473	166	1979	185	878	1025	847	1603	1783	537	1396	338	1416	257	301	264	506	453	765	1030	334	345	409	327	211	337	303	306	510	491	787	363	341	18	341	267	340	309	913	185	307	345	370	360	337	211	964	336	827	816	335	325	837	864	563	754	1307	411	169	463	302	766	798	87	971	312	422	2470	1745	146	347	915	466	327	240	1159	1247	259	315	950	570	47	1978	874	617	346	445	443	845	418	541	2027	1646	301	492	1738	102	1066	288	372	326	1513	343	303	309	422	439	146	482	202	465	19	425	285	464	1621	171	329	107	803	893	289	1583	486	1298	1011	1149	288	1118	1946	1081	1122	1159	449	343	377	425	541	1127	166	323	257	336	482	473	456	298	1649	824	919	513	125	839	939	114	827	190	345
170	119	3704	428	277	214	1111	172	3285	1729	294	219	266	416	92	272	1302	441	149	1144	231	155	315	0	340	1214	624	377	1094	546	1144	1729	298	1143	1193	289	511	978	1741	1163	289	198	282	128	212	211	272	550	1344	149	454	138	1277	1443	929	1484	348	402	687	277	36	363	104	1035	589	275	127	197	319	287	1829	559	276	851	324	968	606	714	772	562	151	1742	282	1186	1339	789	1288	2088	479	1693	554	1723	115	612	121	677	520	1025	1248	297	127	723	365	300	609	616	24	560	413	610	333	366	310	450	428	282	414	1224	282	133	605	680	352	279	109	1279	142	1142	1131	278	354	1151	843	752	1069	1272	273	291	388	420	1063	1005	329	1051	103	735	2771	1458	318	92	1134	201	365	551	1360	1199	77	365	1262	259	283	1728	1183	916	357	377	605	587	289	230	2233	1390	612	577	1944	366	817	453	680	340	1827	554	252	100	213	548	172	576	298	197	296	569	231	239	1893	194	469	423	1111	1202	103	1356	588	1590	1036	843	453	1427	1835	1047	1199	1360	227	555	686	520	230	1320	153	351	148	287	619	567	386	409	1829	1127	1232	413	309	590	702	279	1142	307	312
402	228	3819	584	165	350	1005	316	3265	1521	633	487	331	113	429	68	1408	442	404	1029	499	307	327	340	0	1118	312	156	997	454	1029	1521	129	1088	1360	308	650	1209	1691	1282	66	187	142	211	359	547	68	292	1469	405	613	436	1382	1320	825	1550	241	103	566	160	375	537	238	1150	497	159	212	326	363	68	1690	287	77	1110	342	709	824	593	799	778	314	1691	142	1116	1180	522	1507	1869	211	1459	291	1513	227	490	219	359	180	752	1352	55	457	597	30	116	652	507	355	223	171	948	605	26	308	131	584	77	107	1142	142	213	665	541	613	77	328	1166	464	1028	1013	77	19	1047	548	890	965	1574	164	454	146	122	1035	1123	408	1283	424	606	2709	1517	451	429	1238	323	30	442	1484	926	269	40	1169	555	345	1700	1114	715	20	128	288	609	158	527	2348	1378	490	237	2061	430	804	607	534	0	1657	287	522	419	548	749	316	237	125	326	322	744	499	578	1909	200	644	392	1045	1130	237	1291	796	1567	1304	981	607	1234	1619	1346	1435	1484	565	288	544	730	527	1453	320	15	192	68	289	780	137	111	1976	1079	1131	725	431	593	674	212	1029	138	48
1075	1139	2907	883	1267	1003	115	1042	2161	686	1393	1099	948	1019	1228	1140	769	772	1101	105	1097	1059	901	1214	1118	0	939	1274	122	682	105	686	1018	149	957	928	1710	1118	2797	754	1167	1066	1020	1163	1390	1268	1140	855	867	1102	878	1151	753	240	294	723	1356	1023	553	1263	1222	934	1154	705	637	1261	1162	1361	895	1166	626	874	1168	1179	890	650	972	526	519	967	1062	2797	1020	88	261	1511	2493	1027	1293	758	861	689	1154	631	1159	947	1108	699	736	1158	1213	521	1098	1029	649	618	1203	1154	1280	1507	1098	1113	909	1026	883	1175	1026	54	1020	1199	670	577	1077	1172	1106	84	1197	102	123	1171	1104	74	1467	759	153	1652	1264	961	1260	1009	254	708	891	1156	1188	512	1590	2629	924	1228	690	1361	1098	686	874	1812	1161	1083	51	1459	931	2813	95	488	1128	1243	959	1720	1265	1432	1519	2496	631	1097	1273	854	1923	871	585	1118	671	869	1100	1186	1263	932	1042	1079	1023	1361	920	873	1097	1304	888	1059	895	793	134	84	1187	2398	946	508	1310	2049	871	427	2554	1484	1250	874	1291	868	574	955	1432	885	1061	1105	1146	1166	1010	960	1251	1018	1297	173	25	1230	923	1707	1793	974	102	1006	1160
625	504	3767	706	471	543	824	533	3100	1240	917	708	491	210	703	375	1394	490	637	838	717	533	451	624	312	939	0	418	825	404	838	1240	328	947	1407	452	952	1326	1871	1286	379	431	347	500	671	813	375	135	1470	639	732	683	1368	1107	665	1492	525	224	441	466	656	685	519	1161	429	466	501	639	489	380	1454	108	389	1260	460	416	957	460	768	915	542	1871	347	958	943	573	1815	1579	390	1164	126	1231	510	391	505	55	191	448	1339	367	721	457	282	325	666	416	633	223	406	1208	809	290	436	181	706	389	213	974	347	513	691	403	809	389	574	968	723	839	820	389	293	864	537	946	789	1757	471	620	398	204	924	1139	535	1397	686	461	2516	1769	598	703	1232	636	282	381	1484	906	547	274	989	861	494	1895	958	472	305	388	26	881	462	832	2314	1592	391	162	2034	534	1045	724	390	311	1399	118	738	681	813	878	533	145	328	639	461	852	717	849	1794	439	768	438	898	971	530	1474	924	1428	1454	1275	724	968	1643	1532	1546	1484	835	117	402	869	832	1462	547	297	478	380	71	915	390	216	1980	945	945	952	577	859	917	380	839	323	358
491	298	3965	707	102	462	1160	419	3422	1654	645	570	459	256	469	162	1553	591	485	1183	582	405	467	377	156	1274	418	0	1152	611	1183	1654	278	1245	1491	444	538	1319	1534	1423	129	298	285	268	300	586	162	434	1611	486	737	502	1527	1472	980	1701	107	251	722	101	412	654	300	1292	654	102	269	273	500	131	1839	423	137	1208	482	832	935	749	950	889	411	1534	285	1272	1327	415	1403	1997	103	1582	431	1645	288	646	278	454	236	867	1497	132	504	752	175	264	800	664	398	242	36	977	690	160	449	259	707	127	250	1298	285	246	811	696	703	131	409	1319	518	1182	1166	132	170	1202	467	1025	1120	1647	105	570	20	266	1192	1264	540	1393	477	762	2864	1368	574	469	1382	269	175	599	1626	826	327	190	1325	527	476	1543	1270	857	145	31	392	466	89	504	2494	1222	646	289	2205	567	651	732	688	157	1799	425	605	473	588	865	419	299	273	273	459	867	582	610	2065	312	764	543	1202	1286	280	1135	910	1724	1398	856	732	1372	1491	1421	1544	1626	599	426	699	842	504	1593	417	168	260	131	373	892	28	257	2114	1235	1286	789	555	447	521	353	1183	288	123
957	1017	2991	773	1145	883	33	922	2278	753	1278	984	827	898	1109	1018	775	653	983	74	982	938	780	1094	997	122	825	1152	0	559	74	753	896	153	933	807	1588	1061	2678	737	1045	944	898	1041	1268	1153	1018	737	872	984	770	1034	756	352	172	767	1234	902	431	1140	1102	822	1032	669	514	1139	1040	1239	774	1044	740	756	1045	1107	769	566	881	403	424	872	942	2678	898	137	313	1398	2375	1106	1173	801	742	753	1032	509	1037	837	991	623	736	1036	1096	400	976	907	540	495	1083	1038	1159	1405	989	992	787	907	773	1053	905	148	898	1077	563	456	968	1050	986	187	1081	68	75	1048	982	60	1357	680	36	1594	1142	845	1139	889	217	667	772	1105	1070	390	1712	2507	807	1109	672	1239	976	563	881	1709	1039	962	172	1341	811	2693	139	391	1006	1122	845	1597	1143	1313	1581	2375	509	982	1325	736	1801	763	464	996	769	751	986	1068	1149	835	922	964	900	1239	798	776	982	1189	982	937	790	672	104	148	1065	2278	853	607	1250	1928	763	467	2450	1416	1210	881	1176	750	452	856	1313	885	941	984	1024	1044	896	866	1129	897	1331	166	138	1125	805	1585	1671	851	68	883	1038
437	460	3389	368	590	350	573	379	2812	1190	775	491	287	374	579	464	996	144	461	603	494	394	233	546	454	682	404	611	559	0	603	1190	341	636	1002	258	1030	943	2145	883	494	384	341	482	709	650	464	271	1069	462	386	516	970	901	389	1112	683	373	141	586	560	378	476	757	45	584	482	679	241	492	1285	298	492	900	226	507	599	167	369	564	399	2145	341	668	792	926	1835	1552	651	1169	280	1185	474	71	479	447	501	579	941	485	575	176	439	352	263	69	539	558	624	984	545	455	236	395	368	500	380	699	341	518	290	140	533	497	444	739	564	601	589	496	442	614	915	547	531	1412	587	354	600	365	581	734	260	1012	544	189	2265	1949	317	579	831	679	439	24	1083	1296	485	424	731	803	273	2152	666	394	467	582	411	1041	589	774	1926	1828	71	516	1642	232	1250	377	144	453	1280	289	506	541	646	522	379	501	345	679	252	483	494	688	1456	378	422	130	596	683	507	1746	564	1113	1089	1369	377	885	2023	1194	1156	1083	674	289	147	523	774	1060	399	443	465	492	463	561	591	370	1579	626	697	698	305	1030	1120	291	601	328	490
1013	1063	3011	838	1181	936	41	973	2262	679	1338	1044	879	927	1164	1054	835	706	1039	0	1043	989	829	1144	1029	105	838	1183	74	603	0	679	934	204	1002	856	1633	1135	2701	804	1080	988	937	1086	1313	1213	1054	759	932	1040	837	1091	817	298	215	811	1269	931	469	1177	1154	885	1079	740	559	1175	1085	1283	827	1079	684	777	1081	1181	820	545	953	441	496	943	993	2701	937	165	239	1410	2429	1033	1197	727	764	679	1078	547	1083	845	1010	595	797	1070	1152	435	1007	944	606	536	1134	1055	1188	1473	1054	1022	836	932	838	1088	934	153	937	1121	631	489	1033	1085	1038	137	1138	6	17	1084	1013	39	1364	754	80	1668	1179	904	1168	917	285	739	828	1178	1126	424	1684	2544	866	1164	739	1283	1007	605	941	1707	1087	993	153	1395	862	2719	170	383	1037	1152	859	1634	1179	1367	1616	2404	547	997	1366	791	1834	829	495	1028	703	772	1047	1123	1208	906	973	979	938	1283	848	847	1043	1249	993	982	858	721	163	170	1110	2302	925	614	1324	1973	829	393	2448	1490	1282	941	1236	771	485	926	1367	947	993	1015	1068	1079	909	937	1159	926	1380	222	108	1192	862	1621	1703	894	6	921	1072
1627	1627	3194	1493	1686	1540	721	1567	2139	0	1964	1674	1477	1408	1769	1567	1414	1321	1651	679	1675	1581	1422	1729	1521	686	1240	1654	753	1190	679	0	1465	834	1631	1445	2169	1804	3059	1425	1584	1544	1474	1642	1859	1838	1567	1228	1510	1652	1496	1706	1403	495	858	1300	1756	1417	1050	1682	1747	1531	1644	1388	1153	1681	1641	1826	1431	1584	422	1234	1590	1859	1416	825	1630	1026	1173	1618	1587	3059	1474	770	439	1739	3010	363	1631	171	1229	15	1640	1120	1641	1217	1432	807	1392	1573	1765	1015	1493	1471	1269	1120	1724	1456	1646	2135	1704	1506	1422	1397	1493	1594	1414	723	1474	1671	1296	1051	1686	1592	1632	603	1754	685	682	1592	1502	699	1659	1433	755	2338	1685	1533	1635	1398	940	1393	1445	1842	1734	1003	1493	3008	1494	1769	1364	1825	1493	1182	1514	1913	1660	1481	673	1988	1464	3099	777	815	1522	1623	1267	2120	1680	1959	1971	2815	1120	1395	1783	1412	2285	1487	1050	1520	251	1234	1684	1731	1834	1579	1567	1380	1468	1826	1441	1521	1675	1876	1241	1543	1521	1320	817	761	1670	2674	1600	930	1996	2502	1487	306	2610	2167	1933	1514	1861	1233	1045	1597	1959	1535	1587	1505	1621	1584	1299	1611	1626	1410	1863	859	660	1849	1486	2099	2158	1453	685	1453	1569
307	180	3690	459	249	238	907	214	3153	1465	588	392	207	131	374	123	1279	314	315	934	403	211	198	298	129	1018	328	278	896	341	934	1465	0	978	1231	180	708	1088	1808	1152	153	102	19	183	394	485	123	254	1339	316	488	357	1253	1230	724	1423	342	117	465	245	328	416	196	1020	386	243	183	361	235	152	1607	260	151	995	213	677	703	493	672	658	219	1808	19	1009	1102	650	1547	1820	340	1416	257	1458	187	387	186	383	269	730	1223	147	393	498	130	13	523	401	305	323	298	882	504	143	179	169	459	159	131	1039	19	207	536	445	509	156	247	1071	395	933	919	155	127	949	669	761	866	1471	246	336	271	132	919	994	281	1162	357	509	2606	1610	328	374	1108	360	130	333	1355	1050	221	119	1069	547	219	1813	1007	649	148	253	311	701	248	518	2219	1487	387	317	1931	300	909	482	441	129	1585	256	426	352	484	627	214	310	4	361	195	619	403	520	1789	110	520	265	937	1024	213	1409	674	1452	1190	1047	482	1169	1748	1243	1313	1355	506	257	450	610	518	1324	225	125	161	152	334	660	263	123	1846	967	1033	636	307	689	779	84	933	12	154
994	1080	2845	781	1227	929	178	971	2177	834	1298	1008	880	997	1147	1101	631	703	1019	204	1004	989	838	1143	1088	149	947	1245	153	636	204	834	978	0	809	865	1649	971	2778	607	1130	1012	977	1106	1331	1176	1101	847	729	1020	772	1067	614	369	282	613	1320	999	526	1222	1147	837	1094	556	592	1221	1105	1303	825	1129	740	869	1129	1037	825	717	845	500	404	843	992	2778	977	64	409	1518	2406	1171	1276	906	854	837	1095	599	1101	964	1102	775	595	1122	1128	500	1071	989	551	581	1129	1153	1255	1388	994	1086	848	1010	781	1137	1004	113	977	1143	567	557	971	1134	1033	230	1111	197	215	1133	1075	166	1484	623	186	1505	1224	874	1233	988	110	559	815	1008	1106	492	1632	2581	839	1147	543	1304	1071	646	737	1842	1096	1056	165	1379	862	2788	57	537	1100	1216	965	1675	1226	1352	1429	2465	599	1099	1171	777	1887	766	567	1087	805	863	1004	1105	1171	811	971	1081	982	1303	855	752	1004	1210	847	1004	786	733	52	76	1127	2378	821	483	1164	1986	766	574	2584	1340	1101	737	1197	862	555	835	1352	744	990	1076	1091	1129	1018	837	1224	995	1178	25	173	1118	841	1666	1757	923	197	965	1127
1028	1211	2519	785	1420	1032	966	1078	2315	1631	1152	975	1032	1329	1134	1330	272	934	1044	1002	963	1095	1033	1193	1360	957	1407	1491	933	1002	1002	1631	1231	809	0	1052	1655	330	2927	206	1363	1193	1218	1244	1403	1079	1330	1272	226	1044	755	1058	266	1139	940	506	1513	1321	1007	1418	1172	843	1215	272	982	1416	1242	1390	996	1361	1435	1299	1354	490	1018	1386	592	1001	659	633	1091	2927	1218	869	1218	1881	2180	1946	1570	1715	1281	1636	1224	1028	1235	1450	1474	1460	262	1362	1097	1011	1361	1245	741	1004	1169	1533	1519	1030	875	1374	1052	1360	785	1364	1333	912	1218	1278	717	1045	852	1360	1108	1034	1076	995	1008	1359	1358	968	1892	470	951	773	1416	926	1491	1323	717	284	952	308	1100	1014	1947	2583	918	1134	267	1394	1361	1026	238	2276	1197	1349	961	1313	1017	2904	862	1201	1379	1473	1412	1775	1427	1299	1058	2566	1028	1502	774	930	2005	759	1059	1360	1553	1290	946	1102	1073	644	1078	1488	1236	1390	1037	628	963	1092	958	1179	731	989	840	875	1246	2547	606	870	485	1938	759	1384	2980	684	323	238	1088	1290	1049	672	1299	187	1086	1357	1243	1361	1462	628	1484	1322	638	786	981	889	936	1781	1894	1147	995	1224	1374
194	214	3522	279	389	103	824	122	3027	1445	528	267	40	295	324	282	1109	163	215	856	274	136	27	289	308	928	452	444	807	258	856	1445	180	865	1052	0	783	909	1953	979	315	156	166	242	465	407	282	335	1166	216	308	269	1083	1154	640	1264	486	285	399	386	302	241	228	847	299	384	241	437	55	313	1540	355	308	823	41	714	527	425	521	482	141	1953	166	905	1050	830	1577	1806	518	1417	342	1439	229	325	236	507	442	779	1053	312	324	434	310	193	362	327	281	499	469	775	358	323	22	332	279	318	298	940	166	280	370	393	357	314	186	991	317	854	843	312	307	864	849	582	781	1309	386	168	442	292	793	820	100	983	291	447	2497	1718	152	324	938	438	310	263	1181	1231	232	299	977	545	43	1951	902	638	328	424	442	818	393	516	2049	1620	325	483	1761	122	1039	301	395	308	1538	347	293	288	404	449	122	474	185	437	14	438	274	445	1648	145	341	134	830	920	262	1558	496	1326	1018	1122	301	1141	1927	1083	1134	1181	430	348	400	434	516	1149	142	306	229	313	479	483	434	288	1670	851	946	505	130	812	913	96	854	175	323
676	571	4174	931	484	724	1603	679	3797	2169	519	699	769	763	535	601	1794	945	652	1633	708	660	811	511	650	1710	952	538	1588	1030	1633	2169	708	1649	1655	783	0	1394	1280	1653	585	645	701	547	320	575	601	940	1827	652	954	619	1770	1931	1419	1987	431	752	1165	489	516	865	556	1528	1074	490	548	350	823	585	2312	937	578	1242	823	1359	1064	1193	1283	1025	659	1280	701	1689	1810	760	864	2519	603	2109	940	2161	556	1087	550	991	775	1400	1742	596	568	1200	679	701	1120	1096	529	777	559	797	782	668	802	779	931	575	757	1724	701	512	1116	1150	807	576	620	1770	589	1631	1619	577	669	1644	859	1245	1561	1549	485	800	559	772	1572	1498	838	1462	575	1211	3279	948	829	535	1629	350	679	1028	1843	1095	552	690	1759	344	787	1251	1686	1356	651	567	927	208	492	355	2710	912	1087	828	2423	876	391	955	1147	650	2294	936	721	574	581	1023	679	838	705	350	793	1055	708	564	2403	651	963	917	1614	1704	523	921	1054	2101	1399	339	955	1877	1566	1346	1599	1843	567	937	1155	992	355	1800	661	665	565	585	912	1031	566	760	2292	1634	1727	778	821	238	333	739	1631	721	601
830	1023	2796	631	1234	860	1094	900	2646	1804	877	760	880	1204	904	1166	584	836	840	1135	747	914	898	978	1209	1118	1326	1319	1061	943	1135	1804	1088	971	330	909	1394	0	2674	469	1197	1026	1072	1055	1176	826	1166	1192	556	839	602	839	571	1334	1013	823	1319	1194	994	1233	951	672	1024	436	938	1231	1053	1170	858	1195	1670	1218	1186	165	885	1405	385	997	683	431	908	2675	1072	1036	1370	1728	1860	2142	1409	1863	1201	1807	1034	990	1045	1376	1351	1481	557	1198	865	1009	1217	1100	690	968	953	1408	1351	710	644	1228	916	1240	631	1196	1207	1084	1072	1084	659	1027	626	1192	913	1202	845	1128	1136	1190	1212	1109	1757	415	1068	533	1231	754	1323	1200	864	422	811	74	877	1016	2268	2298	759	904	503	1174	1217	968	568	2136	1000	1207	1136	1049	868	2644	1029	1235	1230	1307	1325	1536	1244	1040	1358	2306	990	1390	1083	800	1763	609	1040	1209	1766	1209	726	880	821	460	900	1379	1092	1170	896	475	747	831	1281	1013	568	888	987	1046	1050	2306	414	1151	193	1654	609	1528	2807	383	225	568	830	1209	1032	478	1040	517	902	1210	1060	1195	1370	429	1317	1197	921	947	1144	615	780	1546	1662	1005	1128	1083	1212
