NAME : VRPTW_INSTANCE_334.txt
COMMENT : Bangkok Supermarket
TYPE : VRPTW
DIMENSION : 277
DAYS : Thursday
EDGE_WEIGHT_TYPE : EXPLICIT
VEHICLES : 38
EDGE_WEIGHT_FORMAT : FULL_MATRIX
CAPACITY : 1000
EDGE_WEIGHT_SECTION
0	3568	81	2089	490	532	287	152	25	412	533	31	371	2137	172	103	1028	1001	603	239	464	298	639	395	257	152	4075	390	266	885	212	104	568	170	1016	388	434	133	436	221	155	1190	352	300	202	128	196	21	404	436	420	599	364	214	266	496	298	215	1042	404	233	394	154	236	734	1022	762	537	568	1350	671	183	358	212	525	428	2939	1185	1609	1321	300	202	815	134	314	935	1028	631	124	1109	1089	986	469	1077	437	772	1213	185	418	885	307	2219	395	481	394	216	845	1149	1017	437	104	606	1954	306	401	681	431	352	586	1103	975	629	93	26	1760	127	580	479	1185	1087	102	705	289	544	674	1055	215	176	1404	620	111	255	1056	454	404	366	178	330	373	650	201	1213	206	510	102	355	762	189	1019	135	1691	583	580	213	31	192	101	154	348	1002	1082	364	308	521	405	584	624	33	218	356	503	399	353	1480	307	367	887	399	738	863	177	206	1052	948	1927	456	965	152	479	210	464	441	103	618	347	1402	402	412	21	1838	440	875	383	672	759	145	118	309	465	824	608	1132	215	214	212	1163	876	586	529	584	1087	204	395	304	1126	388	1077	631	1922	510	89	347	118	206	525	301	1160	1627	284	1909	324	118	154	935	485	908	495	1321	1656	525	396	1095	408	946	221	344	976	2470	170	391	413	772	202	127	1728	367	1160
3568	0	3646	1846	3845	3407	3845	3468	3585	3886	3424	3590	3198	1477	3553	3506	2541	2953	3390	3800	3140	3730	3895	3953	3645	3468	1670	3185	3623	2944	3392	3623	3440	3734	2569	3950	3600	3625	3826	3448	3552	2389	3857	3269	3414	3638	3381	3569	3966	3826	3148	3372	3879	3719	3369	4008	3726	3721	2626	3952	3720	3945	3716	3798	4016	3126	2881	3749	3955	2388	3007	3749	3831	3392	3046	3156	630	2427	2667	3321	3269	3735	2825	3491	3756	3158	2541	3970	3649	3030	2764	3088	3437	2972	3605	3938	2399	3475	3869	2944	3775	3064	3192	3997	3945	3771	3937	3042	3087	3829	3623	4024	1619	3299	3948	4202	3818	3861	3446	4019	2609	4123	3632	3564	2009	3496	3883	3999	2427	2557	3503	4192	3747	3754	4184	2964	3720	3475	4932	3662	3494	3392	2955	3116	3174	3882	3542	3238	3893	4066	3382	2399	3430	3718	3503	3861	2881	3394	2580	3625	3342	3410	3458	3718	3590	3536	3648	3716	3850	2950	3235	3883	3738	3243	3950	3402	3391	3601	3616	3868	3449	3947	3917	2155	3739	3453	2834	3947	3612	2769	3556	3430	3008	2652	3409	3491	2999	3468	3864	3607	3140	3830	3507	3846	3852	2192	3949	3156	3580	1744	3610	4430	3852	4238	2815	3668	3490	3749	3519	3040	3388	2466	3770	3719	3715	2462	4005	3385	3645	3429	2557	3701	3192	3740	2478	3950	2972	3889	3601	3718	3645	3852	3490	3430	3046	3862	2619	5091	3290	1679	3275	3490	3441	3132	4001	2938	4010	3321	3509	3046	3865	3149	3169	3005	3617	3852	2941	2634	3734	3943	3878	2798	3414	3616	3351	3833	4679
81	3646	0	2169	476	585	222	201	61	376	584	56	448	2217	217	152	1105	1073	657	174	545	288	630	314	225	201	4156	464	241	961	272	115	617	89	1096	307	463	146	420	289	202	1271	310	380	257	86	278	76	323	420	497	654	317	192	318	443	290	192	1107	341	173	330	96	171	674	1085	843	545	541	1431	729	115	289	272	601	510	3017	1257	1681	1373	380	128	896	178	299	998	1105	609	73	1175	1141	1052	522	1147	465	723	1294	251	388	961	243	2280	465	427	330	158	800	1214	1082	420	115	571	2031	386	339	621	416	308	634	1062	1055	577	92	81	1826	172	526	424	1257	1155	154	652	230	551	594	1126	191	214	1323	643	164	329	1126	530	477	319	226	410	324	613	282	1294	280	521	154	312	843	270	1100	148	1742	635	627	191	56	240	40	96	307	1074	1139	316	297	592	343	637	677	53	194	311	553	336	273	1562	296	383	967	336	769	930	220	280	1120	1029	1976	501	1036	201	460	190	545	424	152	615	305	1476	340	490	66	1914	467	805	350	598	839	86	170	295	506	897	662	1213	159	191	191	1233	826	640	552	634	1155	187	465	293	1207	307	1147	623	1965	521	70	305	170	280	601	235	1218	1547	365	1985	389	170	215	1000	431	983	441	1373	1700	601	326	1156	481	1016	198	302	1049	2540	89	328	379	849	257	100	1779	338	1078
2089	1846	2169	0	2210	1753	2319	2046	2112	2293	1767	2117	1768	579	2009	2066	1245	1220	1714	2283	1624	2148	2217	2480	2259	2046	1987	1778	2246	1265	1979	2106	1770	2257	1132	2470	1963	2095	2207	1905	2014	1008	2285	1805	2004	2196	1893	2098	2486	2207	1719	1700	2311	2172	1985	2423	2144	2174	1538	2403	2299	2399	2210	2282	2731	1357	1326	2086	2313	738	1775	2244	2426	1979	1651	1665	1340	1333	823	1490	1805	2287	1274	2064	2172	1409	1245	2309	2200	1249	1800	1334	1800	1209	1967	2703	924	1940	2268	1265	2369	1308	1805	2415	2399	2250	2738	1249	1324	2210	2106	2385	928	1783	2397	2603	2199	2292	1769	2918	1171	2512	2122	2096	1458	2066	2573	2419	1333	1464	2062	2570	2344	2089	2763	1210	2174	2066	3487	1970	2055	1854	1202	1705	1774	2314	1996	1779	2326	2421	1888	924	1901	2061	2062	2290	1326	1899	1106	2095	1497	1738	1783	2171	2117	1986	2186	2210	2279	1218	1443	2316	2153	1630	2398	1731	1708	2117	2219	2299	1799	2398	2434	679	2155	2135	1211	2398	1887	1569	2009	1901	1247	1169	1580	1853	1269	2046	2236	2209	1624	2210	2066	2168	2282	1164	2398	1716	2107	993	1971	2852	2263	2695	1380	2222	2053	2166	1876	1355	1711	1011	2248	2172	2167	1378	2797	1716	1979	1755	1464	2154	1805	2157	1008	2470	1209	2213	1767	2061	2141	2282	2053	1901	1651	2337	1665	3716	1812	1020	1885	2053	2009	1387	2418	1250	2425	1490	1663	1651	2465	1360	1767	1281	2221	2283	1222	1027	2257	2397	2283	1446	2004	2180	1508	2245	3247
490	3845	476	2210	0	457	342	641	499	154	442	500	768	2376	368	593	1362	1001	499	361	730	192	155	532	694	641	4165	805	713	945	688	386	442	469	1284	513	248	358	56	446	381	1464	211	678	685	561	568	509	517	56	803	511	228	284	748	252	192	284	1463	315	610	322	391	364	1045	923	964	146	109	1498	1127	395	672	688	910	735	3226	1567	1571	1095	678	544	1020	625	177	845	1362	147	544	1033	1554	918	414	1039	244	1130	1446	436	122	945	655	2041	827	253	322	348	1215	1058	939	57	386	179	2266	595	309	400	59	219	445	1480	1247	305	400	515	2165	618	928	261	1567	1494	592	360	658	148	799	1029	284	667	1364	291	600	496	1034	845	822	229	375	704	235	221	559	1446	478	157	592	213	964	551	1268	357	1447	473	432	285	500	372	513	391	209	1003	918	234	182	603	305	480	507	468	669	222	411	313	489	1696	183	855	1023	313	428	1281	364	478	1004	1197	1668	360	953	641	34	665	730	53	593	152	214	1756	309	784	500	2165	240	652	154	541	1062	549	607	182	334	854	502	1380	346	285	285	1554	1225	495	241	458	1494	290	827	186	1368	513	1039	148	1619	157	413	214	607	478	910	350	1605	1647	644	2239	780	607	634	860	254	959	257	1095	1366	910	694	968	823	938	672	217	993	2378	469	321	142	1128	685	577	1481	154	1162
532	3407	585	1753	457	0	630	615	556	550	17	561	550	1933	368	591	989	551	71	610	401	423	487	828	788	615	3713	596	794	488	610	476	54	646	873	812	210	450	455	319	383	1048	557	478	624	659	433	552	824	455	557	69	583	482	667	678	418	484	1169	683	758	683	568	611	1260	512	543	342	562	1044	917	597	872	610	639	439	2794	1223	1143	789	478	711	595	615	443	426	989	566	652	612	1326	490	64	602	214	1304	1013	350	522	488	829	1697	635	673	683	578	1377	646	517	459	476	633	1853	361	677	852	448	565	72	1634	840	759	499	555	1825	611	1110	678	1223	1180	588	817	815	346	1127	587	484	650	1783	269	589	314	591	596	612	586	359	486	597	672	419	1013	348	313	588	561	543	422	848	448	1159	53	77	482	561	345	622	568	551	553	554	589	425	184	675	52	92	539	748	572	46	678	777	1252	427	840	574	678	294	996	365	348	570	781	1395	104	505	615	483	739	401	459	592	439	555	1381	677	534	553	1761	218	1102	523	963	690	670	593	438	123	397	76	955	576	483	479	1220	1408	55	237	61	1180	469	635	430	941	812	602	482	1396	313	523	555	593	348	639	647	1339	2046	445	1836	635	593	585	433	675	502	681	789	1128	639	908	576	608	489	751	556	540	1981	646	681	538	792	624	659	1196	507	1561
287	3845	222	2319	342	630	0	423	277	199	623	274	655	2403	309	374	1309	1167	695	48	714	216	495	204	387	423	4300	677	411	1074	494	222	645	162	1282	187	448	225	289	414	305	1460	132	578	479	280	463	292	197	289	702	699	123	150	541	227	221	148	1328	118	289	108	133	50	703	1142	1003	459	369	1583	952	106	331	494	810	691	3218	1472	1770	1380	578	224	1058	401	205	1056	1309	443	262	1243	1362	1120	568	1228	447	787	1472	381	225	1074	320	2314	682	211	108	73	873	1276	1147	287	222	380	2235	552	117	399	289	125	657	1137	1242	359	213	298	2046	394	586	206	1472	1374	376	433	328	464	499	1211	148	436	1171	590	386	468	1214	739	691	124	322	608	123	417	463	1472	424	448	376	131	1003	451	1280	225	1744	670	646	151	274	332	242	133	133	1169	1170	119	218	697	121	674	712	253	374	124	587	113	155	1737	216	586	1107	113	729	1149	309	424	1197	1208	1972	528	1125	423	314	375	714	291	374	495	129	1687	117	692	281	2121	447	589	189	392	1030	256	392	208	520	997	700	1394	74	150	154	1450	882	683	509	662	1374	166	682	213	1387	187	1228	488	1938	448	202	129	392	424	810	17	1441	1421	555	2193	610	392	436	1064	215	1094	224	1380	1679	810	352	1203	694	1107	377	125	1149	2612	162	105	208	1055	479	302	1779	188	939
152	3468	201	2046	641	615	423	0	151	564	620	153	282	2055	297	50	928	1022	685	375	435	449	787	485	216	0	4032	285	209	894	76	256	659	276	942	483	559	282	588	298	280	1110	502	242	56	169	194	137	500	588	332	677	513	367	117	642	449	368	908	542	258	531	294	373	709	1072	727	678	720	1310	528	317	382	76	424	385	2838	1064	1623	1397	242	266	775	23	466	986	928	783	181	1148	941	1028	558	1106	562	721	1146	272	571	894	324	2268	276	627	531	358	784	1191	1060	589	256	759	1850	306	541	822	583	502	678	1030	901	776	245	131	1627	29	549	624	1064	958	50	851	298	685	730	1082	367	34	1476	747	41	304	1081	357	295	515	298	267	521	802	206	1146	267	648	50	505	727	200	953	284	1765	668	675	366	153	309	187	294	498	1023	1148	513	459	559	544	668	706	180	175	506	595	537	453	1414	458	231	869	537	855	733	302	267	1085	884	2002	557	992	0	631	164	435	592	50	764	497	1288	541	332	148	1730	566	1002	535	792	682	200	34	461	573	847	689	1062	358	366	364	1039	825	666	657	673	958	356	276	456	1059	483	1106	780	2011	648	240	497	34	267	424	436	1017	1678	245	1800	195	34	38	982	631	918	641	1397	1743	424	420	1150	300	972	177	495	993	2490	276	529	566	672	56	147	1802	520	1226
25	3585	61	2112	499	556	277	151	0	413	557	5	387	2156	194	101	1044	1027	628	228	487	307	649	375	235	151	4099	404	244	911	217	115	592	149	1036	368	454	145	444	247	177	1210	351	319	205	103	219	16	384	444	436	624	361	218	268	491	307	219	1051	395	208	385	145	226	708	1047	785	552	572	1373	677	171	333	217	540	450	2956	1197	1635	1346	319	177	838	131	321	960	1044	637	98	1134	1092	1012	494	1103	456	747	1234	211	421	911	282	2245	406	476	385	208	821	1174	1042	445	115	608	1970	330	393	674	439	350	609	1080	994	625	99	21	1769	124	555	473	1197	1097	101	700	264	559	651	1081	218	171	1383	639	111	281	1082	470	417	363	201	349	370	652	224	1234	232	525	101	354	786	212	1040	147	1715	607	604	218	5	214	75	145	347	1028	1107	361	316	547	396	608	648	30	196	354	527	390	334	1502	316	356	912	390	759	873	198	232	1078	969	1951	479	991	151	486	189	487	448	101	630	346	1416	393	429	5	1853	459	863	385	658	778	119	117	317	487	850	632	1152	208	218	216	1174	852	610	548	608	1097	209	406	313	1147	368	1103	642	1945	525	89	346	117	232	540	290	1165	1604	305	1924	332	117	159	961	480	934	490	1346	1679	540	371	1120	421	971	200	343	1002	2496	149	382	415	788	205	103	1752	371	1137
412	3886	376	2293	154	550	199	564	413	0	538	413	742	2426	342	514	1372	1101	604	228	747	156	298	379	575	564	4261	773	598	1030	623	314	548	346	1316	359	341	295	112	442	349	1496	69	655	615	453	539	426	363	112	784	613	76	199	679	129	159	198	1437	161	483	167	281	231	894	1044	1010	292	171	1569	1079	275	530	623	893	739	3262	1559	1688	1240	655	417	1067	545	130	962	1372	244	435	1151	1501	1032	496	1149	338	984	1491	420	33	1030	519	2183	788	123	167	225	1070	1180	1056	109	314	195	2290	595	155	317	116	74	555	1334	1277	238	320	433	2149	537	783	128	1559	1475	514	311	525	295	645	1136	198	585	1237	435	523	497	1140	824	790	77	352	684	82	238	533	1491	466	293	514	68	1010	523	1306	294	1596	578	543	200	413	355	408	281	70	1103	1051	82	147	665	151	583	616	384	557	75	503	158	337	1749	146	758	1090	158	574	1254	339	466	1115	1234	1818	446	1055	564	122	555	747	112	514	305	73	1761	155	768	416	2183	336	559	34	414	1078	435	530	137	428	943	608	1420	224	200	202	1542	1077	596	369	565	1475	213	788	146	1410	359	1149	292	1772	293	324	73	530	466	893	203	1565	1511	625	2256	728	530	566	974	125	1046	132	1240	1519	893	549	1095	791	1039	559	77	1089	2509	346	167	13	1127	615	472	1630	53	1025
533	3424	584	1767	442	17	623	620	557	538	0	561	562	1949	367	594	1005	563	73	604	416	414	471	822	790	620	3725	607	796	502	617	474	42	643	890	806	198	447	442	322	382	1065	547	488	630	659	440	553	818	442	570	76	574	476	674	666	410	478	1184	673	757	673	564	605	1258	518	560	326	547	1059	929	593	870	617	653	452	2810	1240	1152	789	488	709	612	619	433	433	1005	550	651	620	1340	498	63	612	201	1304	1029	352	510	502	828	1700	646	661	673	572	1378	653	524	446	474	619	1870	371	667	838	435	555	61	1635	858	745	497	556	1841	615	1110	667	1240	1196	591	803	815	330	1121	598	478	655	1773	252	593	321	601	609	623	576	358	497	588	657	426	1029	352	297	591	552	560	428	865	445	1158	50	63	476	561	344	621	564	541	565	556	580	416	201	666	52	92	539	749	562	35	669	771	1268	418	846	590	669	279	1011	364	352	579	798	1394	95	517	620	469	741	416	446	595	422	545	1398	668	547	554	1778	205	1090	512	952	707	669	597	428	110	411	78	972	571	476	473	1236	1408	60	221	53	1196	463	646	421	957	806	612	465	1392	297	521	545	597	352	653	640	1354	2037	455	1853	644	597	590	441	664	516	670	789	1125	653	905	581	620	500	753	547	552	1988	643	672	526	809	630	660	1195	496	1552
31	3590	56	2117	500	561	274	153	5	413	561	0	392	2161	198	102	1049	1033	632	225	492	308	651	369	230	153	4104	408	241	916	220	117	596	145	1041	363	457	148	445	252	181	1214	350	324	207	98	224	20	379	445	441	628	360	218	270	489	309	219	1054	392	202	382	142	223	703	1053	791	554	572	1379	679	167	327	220	544	455	2960	1201	1640	1350	324	172	843	132	322	966	1049	637	93	1140	1094	1017	498	1108	460	743	1239	216	421	916	276	2250	410	474	382	206	817	1180	1048	445	117	608	1975	335	390	671	440	349	614	1075	999	623	100	25	1772	125	550	471	1201	1101	103	698	258	561	645	1087	218	172	1378	642	113	286	1087	474	421	362	205	354	368	651	229	1239	238	528	103	352	791	218	1045	150	1720	612	608	218	0	219	70	142	346	1034	1112	359	317	552	394	613	653	31	192	352	531	387	329	1507	317	355	917	387	762	876	202	238	1083	974	1955	483	996	153	486	185	492	449	102	631	344	1420	390	434	10	1858	463	859	384	654	783	114	119	318	491	856	637	1158	206	218	216	1178	847	615	551	612	1101	210	410	314	1152	363	1108	643	1950	528	88	344	119	238	544	287	1168	1598	310	1929	335	119	162	966	478	939	488	1350	1683	544	365	1125	425	977	196	342	1007	2501	145	379	415	792	207	98	1757	370	1132
371	3198	448	1768	768	550	655	282	387	742	562	392	0	1775	404	312	657	812	605	608	206	595	888	757	491	282	3753	45	477	671	211	440	603	536	660	752	596	451	726	324	395	829	695	89	236	446	203	371	769	726	50	591	713	549	221	847	593	551	696	769	540	760	523	606	969	902	464	750	868	1035	374	554	664	211	154	146	2568	820	1392	1263	89	543	507	303	619	824	657	915	455	959	798	850	514	905	601	959	864	331	737	671	606	2076	86	834	760	582	1011	1006	882	728	440	922	1583	195	766	1040	719	697	623	1235	618	976	444	366	1406	306	809	833	820	732	309	1051	580	757	1012	878	551	299	1757	767	300	281	875	83	62	716	396	67	725	968	210	864	290	716	309	699	464	220	671	451	1621	599	625	549	392	397	451	523	689	813	1004	715	605	416	769	595	625	405	452	703	552	764	720	1132	606	395	617	764	837	513	408	290	890	603	1857	541	790	282	770	442	206	731	313	852	690	1031	766	53	382	1466	606	1245	709	1044	400	475	297	612	567	646	609	780	581	549	545	800	1060	587	690	611	732	533	86	604	777	752	905	881	1891	716	453	690	297	290	154	671	838	1960	124	1538	129	297	249	813	838	696	847	1263	1625	154	702	986	59	771	454	688	778	2260	536	758	739	401	236	426	1657	691	1508
2137	1477	2217	579	2376	1933	2403	2055	2156	2426	1949	2161	1775	0	2102	2088	1138	1479	1913	2361	1689	2271	2420	2531	2250	2055	2114	1770	2231	1466	1980	2181	1964	2306	1121	2525	2129	2179	2359	1996	2102	947	2402	1837	2005	2221	1944	2141	2541	2359	1725	1896	2426	2269	1969	2552	2268	2271	1328	2505	2313	2499	2279	2359	2675	1658	1415	2275	2485	913	1660	2313	2433	1980	1631	1713	882	1109	1282	1889	1837	2318	1359	2077	2297	1685	1138	2498	2230	1568	1547	1617	1964	1505	2134	2619	934	2026	2407	1466	2375	1873	1785	2541	2499	2330	2637	1584	1618	2363	2181	2555	418	1852	2500	2744	2352	2407	1969	2774	1162	2661	2192	2137	1005	2081	2527	2543	1109	1251	2084	2728	2348	2280	2785	1495	2271	2067	3532	2186	2075	1940	1485	1698	1761	2429	2090	1807	2440	2597	1943	934	1981	2245	2084	2407	1415	1955	1123	2179	1977	1934	1982	2269	2161	2083	2224	2279	2396	1476	1774	2430	2278	1773	2502	1926	1914	2169	2217	2414	1975	2500	2491	680	2280	2083	1358	2500	2134	1424	2104	1981	1539	1196	2095	2019	1525	2055	2396	2207	1689	2364	2088	2371	2398	882	2501	1729	2151	530	2138	2979	2393	2795	1378	2251	2072	2290	2047	1562	1911	1009	2329	2269	2265	1152	2702	1909	2170	1953	1251	2251	1785	2281	1017	2525	1505	2415	2270	2245	2207	2398	2072	1981	1631	2421	1397	3723	1854	524	1869	2072	2024	1659	2545	1460	2553	1889	2128	1631	2469	1688	1756	1530	2218	2397	1466	1604	2306	2496	2418	1389	2005	2201	1994	2373	3282
172	3553	217	2009	368	368	309	297	194	342	367	198	404	2102	0	257	1031	872	439	274	413	191	502	483	429	297	3991	438	439	770	328	110	400	281	984	471	264	89	322	106	17	1164	304	315	330	294	201	194	485	322	443	437	326	167	391	457	189	169	1100	403	390	397	210	274	891	871	695	383	464	1273	758	244	505	328	552	399	2928	1217	1479	1155	315	343	750	287	215	784	1031	515	285	964	1185	841	304	940	267	938	1168	78	334	770	460	2064	459	445	397	241	1014	1002	870	325	110	517	1952	255	398	652	316	308	417	1274	944	580	132	198	1809	281	743	446	1217	1135	255	654	447	390	781	921	168	329	1480	451	260	162	923	484	455	328	12	343	339	563	193	1168	124	352	255	308	695	184	979	88	1525	417	411	166	198	24	254	210	298	874	922	329	201	394	399	419	459	173	391	314	335	397	434	1431	201	527	798	397	566	918	4	124	912	906	1760	285	832	297	368	383	413	327	257	474	299	1419	398	427	192	1842	270	877	308	695	740	302	266	208	293	698	444	1093	239	166	162	1201	1042	423	361	416	1135	149	459	200	1084	471	940	494	1751	352	156	299	266	124	552	327	1238	1723	284	1916	412	266	280	787	449	791	458	1155	1485	552	540	941	456	814	394	298	851	2333	281	395	338	784	330	297	1561	289	1244
103	3506	152	2066	593	591	374	50	101	514	594	102	312	2088	257	0	965	1021	662	326	447	400	740	446	212	50	4053	321	210	896	120	207	633	231	971	443	521	234	539	272	239	1141	452	260	105	133	189	87	459	539	363	655	463	317	167	592	401	318	955	493	232	482	244	323	706	1060	743	634	671	1328	577	268	360	120	460	401	2877	1108	1625	1377	260	230	793	32	417	974	965	734	142	1140	991	1020	532	1102	524	727	1173	243	521	896	303	2258	317	576	482	308	794	1182	1051	540	207	708	1889	305	491	773	534	451	651	1046	929	726	195	81	1674	25	547	574	1108	1004	3	801	279	641	702	1079	317	74	1445	708	12	287	1078	391	332	465	259	287	471	752	199	1173	245	605	3	455	743	190	980	236	1746	644	647	316	102	271	142	244	448	1022	1132	462	410	549	495	644	683	130	169	455	568	488	412	1442	410	270	880	488	820	778	262	245	1079	910	1983	527	988	50	582	158	447	544	0	718	447	1329	492	360	98	1770	527	956	485	747	711	163	17	412	540	844	666	1090	308	316	314	1083	832	643	618	647	1004	307	317	407	1086	443	1102	733	1987	605	189	447	17	245	460	387	1066	1653	256	1840	238	17	65	972	581	919	590	1377	1720	460	399	1137	337	968	171	444	993	2490	231	480	515	708	105	114	1783	470	1196
1028	2541	1105	1245	1362	989	1309	928	1044	1372	1005	1049	657	1138	1031	965	0	822	1003	1263	631	1217	1449	1412	1115	928	3188	644	1095	702	852	1089	1036	1193	203	1408	1138	1095	1331	930	1026	238	1334	731	875	1097	846	1028	1425	1331	608	984	1355	1191	834	1488	1214	1193	345	1420	1183	1412	1178	1261	1539	1011	469	1299	1470	614	536	1210	1299	852	505	633	1911	257	1174	1384	731	1195	433	951	1243	976	0	1502	1108	993	618	947	993	911	1143	1490	345	952	1361	702	1242	1940	653	1475	1412	1235	1515	1036	970	1334	1089	1533	926	777	1416	1682	1323	1338	1050	1679	201	1611	1096	1024	841	955	1389	1476	257	296	962	1684	1214	1305	1652	884	1193	937	2401	1257	953	875	875	575	633	1358	1020	701	1368	1578	848	345	906	1264	962	1338	469	860	257	1095	1667	1014	1059	1191	1049	1016	1106	1178	1328	821	1150	1357	1226	804	1419	1007	1014	1061	1083	1344	1018	1415	1376	565	1227	944	550	1415	1264	325	1034	906	924	272	1880	1042	840	928	1373	1073	631	1336	966	1404	1329	395	1417	617	1039	812	1148	1898	1338	1700	302	1127	949	1236	1073	765	1004	272	1234	1191	1187	274	1577	991	1209	1033	296	1174	653	1227	288	1408	911	1442	1979	1264	1107	1329	949	906	505	1325	526	2585	755	885	737	949	900	951	1479	717	1488	1384	1739	505	1334	1086	628	830	1084	1328	786	1972	1193	1409	1367	256	875	1076	1699	1319	2149
1001	2953	1073	1220	1001	551	1167	1022	1027	1101	563	1033	812	1479	872	1021	822	0	502	1141	607	970	997	1355	1233	1022	3163	847	1230	147	981	981	558	1150	630	1341	761	962	1005	784	883	749	1106	796	1004	1127	831	1018	1355	1005	783	490	1133	1017	1017	1230	966	1018	1128	1231	1234	1230	1083	1141	1727	199	417	870	1100	566	1059	1116	1360	981	790	667	2360	1079	608	561	796	1202	419	1033	991	206	822	1090	1126	173	1368	144	607	98	765	1744	657	822	1073	147	1308	1264	889	1225	1230	1107	1805	220	156	1009	981	1172	1490	716	1225	1400	998	1114	555	2041	621	1306	1001	1018	1626	1032	1569	1230	1079	1103	1017	1359	1289	872	1653	69	1018	1053	2331	750	1013	746	63	798	855	1136	860	782	1147	1206	821	657	795	847	1017	1111	416	830	580	960	864	527	569	1016	1033	848	1102	1083	1100	2	338	1139	973	481	1224	521	493	1020	1190	1121	598	1226	1305	824	975	1201	278	1226	671	1007	871	795	101	550	1091	655	48	1022	1029	1179	607	1008	1021	949	1104	1147	1226	765	1023	1428	767	1652	1074	1514	629	1147	1014	986	674	177	498	643	1105	1017	1013	1096	1848	507	764	542	1103	1001	889	978	621	1341	98	993	1167	847	1025	1104	1014	795	790	1185	1319	2589	782	1501	939	1014	985	179	1227	123	1233	561	919	790	1398	266	848	62	1192	1105	38	1469	1150	1228	1090	769	1004	1119	899	1058	2105
603	3390	657	1714	499	71	695	685	628	604	73	632	605	1913	439	662	1003	502	0	677	442	484	509	895	860	685	3666	651	866	454	677	547	56	716	876	879	262	520	504	389	455	1046	616	538	692	730	500	624	891	504	609	19	642	549	733	730	480	551	1202	742	829	743	637	678	1331	446	546	372	599	1015	966	666	943	677	684	485	2780	1244	1084	718	538	782	595	685	503	362	1003	595	723	550	1370	429	134	545	265	1375	1003	421	574	454	900	1627	691	726	743	646	1449	581	454	507	547	671	1849	422	736	898	497	624	56	1705	845	803	570	626	1843	681	1182	732	1244	1209	658	858	887	375	1194	532	551	720	1840	272	659	382	537	646	667	645	430	544	656	707	487	1003	417	347	658	620	545	490	846	518	1087	26	69	549	632	416	693	637	610	504	483	648	486	211	735	21	21	611	819	631	108	738	844	1234	488	908	557	738	262	1032	436	417	511	782	1323	166	454	685	527	810	442	507	662	460	614	1392	737	585	625	1761	267	1150	579	1018	710	741	663	498	177	360	4	951	644	549	546	1244	1480	19	265	40	1209	536	691	491	934	879	545	504	1326	347	594	614	663	417	684	712	1376	2107	506	1836	697	663	654	371	728	466	734	718	1058	684	978	508	663	439	822	616	494	1916	716	741	592	820	692	730	1124	563	1622
239	3800	174	2283	361	610	48	375	228	228	604	225	608	2361	274	326	1263	1141	677	0	673	212	516	217	348	375	4266	629	372	1043	446	180	629	120	1239	202	438	187	305	377	268	1416	159	532	431	235	419	244	214	305	656	680	157	128	493	271	215	126	1280	166	254	156	85	3	695	1123	964	466	400	1546	904	58	312	446	763	647	3172	1424	1745	1372	532	189	1019	353	206	1036	1263	472	217	1221	1315	1098	547	1204	438	772	1430	342	250	1043	294	2301	634	256	156	33	856	1256	1126	304	180	417	2189	510	165	447	304	154	642	1121	1198	405	168	250	1998	346	569	252	1424	1326	328	479	298	472	517	1186	126	388	1205	591	338	430	1188	692	643	158	287	562	160	456	418	1430	384	452	328	159	964	406	1238	187	1737	653	632	128	225	298	195	85	158	1142	1156	154	215	666	169	656	695	205	333	154	569	162	167	1696	213	542	1072	162	728	1101	274	384	1174	1166	1967	511	1099	375	336	333	673	308	326	512	154	1640	165	646	233	2075	438	637	212	437	986	213	344	207	506	969	682	1352	35	127	131	1402	869	664	507	646	1326	141	634	210	1345	202	1204	509	1938	452	156	154	344	384	763	62	1392	1449	510	2146	561	344	388	1043	260	1064	269	1372	1678	763	338	1186	647	1081	335	151	1121	2591	120	153	235	1009	431	257	1773	206	969
464	3140	545	1624	730	401	714	435	487	747	416	492	206	1689	413	447	631	607	442	673	0	591	822	858	652	435	3611	246	644	469	381	493	455	633	571	849	512	490	700	308	413	750	716	194	406	572	268	473	865	700	186	425	739	580	412	868	588	582	770	815	678	809	594	672	1144	697	298	674	838	886	529	628	806	381	242	59	2515	843	1195	1062	194	663	350	450	617	620	631	871	576	753	927	643	385	699	517	1147	757	336	733	469	750	1870	288	857	809	641	1203	799	676	703	493	902	1543	163	811	1062	692	721	472	1435	531	986	506	471	1445	451	984	858	843	787	443	1057	726	681	1138	672	581	462	1868	653	436	251	669	215	256	742	401	176	752	947	263	757	291	639	443	721	298	275	566	489	1417	442	478	579	492	395	561	594	710	608	802	742	600	234	812	437	460	493	610	727	417	810	814	1022	601	594	434	810	695	595	415	291	684	493	1653	427	584	435	742	599	0	705	447	779	712	1025	811	165	482	1437	522	1291	713	1105	332	598	436	610	457	439	445	680	640	580	575	835	1250	425	592	458	787	562	288	601	672	849	699	815	1692	639	523	712	436	291	242	732	938	2091	191	1511	331	436	397	608	861	493	869	1062	1426	242	845	781	250	565	612	711	574	2063	633	806	741	404	406	558	1453	694	1624
298	3730	288	2148	192	423	216	449	307	156	414	308	595	2271	191	400	1217	970	484	212	591	0	342	421	511	449	4121	628	529	889	498	193	432	297	1160	404	231	166	139	286	200	1340	137	506	494	375	392	316	413	139	634	490	164	100	557	280	4	100	1291	260	437	260	213	213	905	931	856	262	277	1420	943	226	518	498	744	584	3106	1408	1566	1163	506	374	912	432	25	847	1217	334	359	1034	1369	912	363	1025	230	977	1336	267	143	889	492	2097	647	271	260	187	1059	1066	939	140	193	327	2134	440	254	472	134	144	443	1324	1121	394	208	322	2001	425	775	273	1408	1327	400	466	489	268	715	1009	101	475	1361	379	408	342	1013	675	645	166	200	534	178	372	385	1336	312	243	400	142	856	375	1150	164	1527	459	432	100	308	201	327	213	131	972	955	169	10	518	254	463	500	276	483	152	378	256	371	1595	10	663	941	256	516	1109	187	312	993	1078	1756	319	926	449	183	479	591	144	401	326	134	1607	255	618	308	2027	230	710	122	548	922	367	414	18	307	806	489	1265	185	100	99	1392	1076	474	295	450	1327	101	647	9	1254	404	1025	335	1726	243	222	134	414	312	744	231	1426	1623	475	2101	594	414	443	856	274	907	282	1163	1466	744	547	989	647	908	486	135	955	2401	297	258	149	974	494	389	1563	102	1138
639	3895	630	2217	155	487	495	787	649	298	471	651	888	2420	502	740	1449	997	509	516	822	342	0	676	849	787	4151	928	869	964	829	535	456	625	1352	657	310	506	212	564	517	1530	362	799	828	715	695	658	660	212	918	525	375	438	891	362	342	438	1576	451	766	460	547	519	1193	891	1025	149	156	1524	1256	551	826	829	1023	836	3281	1666	1537	1010	799	700	1079	773	331	821	1449	104	699	1003	1683	896	463	1021	305	1282	1499	562	270	964	811	1955	954	369	460	503	1368	1022	913	212	535	210	2335	704	446	455	215	369	452	1632	1317	361	550	664	2267	766	1081	377	1666	1602	740	390	813	143	928	1015	439	815	1438	246	747	608	1021	961	945	376	506	822	381	227	685	1499	599	184	740	363	1024	678	1330	504	1348	487	439	439	651	501	668	547	361	999	862	381	333	658	441	494	511	619	823	372	446	450	636	1739	334	1006	1061	450	357	1395	497	599	984	1262	1561	410	948	787	180	820	822	209	741	48	365	1844	446	898	650	2239	300	699	305	631	1146	705	753	334	380	869	511	1440	502	439	439	1656	1375	511	249	468	1602	443	954	337	1426	657	1021	7	1499	184	565	365	753	599	1023	501	1726	1732	763	2314	913	753	777	839	368	974	367	1010	1255	1023	847	923	945	935	827	369	995	2317	625	460	287	1226	828	731	1381	309	1253
395	3953	314	2480	532	828	204	485	375	379	822	369	757	2531	483	446	1412	1355	895	217	858	421	676	0	350	485	4466	768	377	1254	562	378	846	225	1410	19	652	394	483	580	475	1584	322	694	541	316	592	390	22	483	807	898	304	345	592	342	425	344	1383	228	250	217	274	217	518	1340	1155	659	534	1742	993	239	202	562	907	824	3323	1548	1961	1585	694	219	1209	462	410	1254	1412	608	304	1439	1377	1315	765	1420	651	617	1609	543	410	1254	229	2517	762	328	217	250	705	1474	1344	481	378	523	2336	697	232	440	484	314	858	966	1369	445	360	393	2099	457	424	321	1548	1438	449	505	252	663	299	1402	344	483	1009	793	459	628	1404	838	779	303	496	724	296	549	595	1609	580	650	449	320	1155	583	1415	395	1948	870	849	346	369	508	306	274	326	1357	1373	298	423	878	237	874	912	365	361	310	787	228	50	1876	421	572	1273	228	932	1212	484	580	1391	1344	2176	728	1314	485	500	367	858	484	446	684	321	1773	232	802	380	2216	651	546	379	330	1152	285	463	412	722	1182	900	1527	251	345	349	1521	705	882	714	864	1438	359	762	417	1522	19	1420	670	2141	650	339	321	463	580	907	191	1473	1240	679	2286	680	463	512	1260	331	1275	337	1585	1883	907	202	1403	784	1296	362	318	1335	2809	225	217	391	1155	541	338	1984	383	766
257	3645	225	2259	694	788	387	216	235	575	790	230	491	2250	429	212	1115	1233	860	348	652	511	849	350	0	216	4244	485	26	1107	280	338	826	229	1146	356	686	370	637	473	412	1309	506	459	254	139	401	236	370	637	540	855	506	412	281	611	513	412	1046	493	104	480	302	345	494	1270	944	770	746	1524	654	301	186	280	621	602	3014	1223	1836	1578	459	163	991	202	519	1183	1115	818	152	1352	1026	1230	727	1314	688	518	1353	439	594	1107	132	2468	466	595	480	351	588	1393	1262	637	338	765	2025	517	494	762	634	502	843	845	1105	740	317	233	1757	202	335	590	1223	1105	216	811	105	777	539	1291	411	192	1288	868	219	495	1290	559	492	507	436	483	508	804	411	1353	451	747	216	507	944	403	1161	372	1948	840	838	412	230	449	185	302	505	1234	1336	503	519	761	499	841	881	257	43	503	761	489	338	1620	518	221	1086	489	992	882	433	451	1291	1093	2183	713	1200	216	674	53	652	640	211	837	502	1455	494	543	237	1901	691	896	555	680	887	144	218	516	722	1056	865	1268	352	411	412	1193	622	842	777	842	1105	410	466	515	1266	356	1314	842	2180	747	296	502	218	451	621	391	1125	1474	461	1969	381	218	254	1182	599	1131	608	1578	1914	621	220	1345	498	1180	40	498	1205	2702	229	478	582	861	254	132	1984	546	1035
152	3468	201	2046	641	615	423	0	151	564	620	153	282	2055	297	50	928	1022	685	375	435	449	787	485	216	0	4032	285	209	894	76	256	659	276	942	483	559	282	588	298	280	1110	502	242	56	169	194	137	500	588	332	677	513	367	117	642	449	368	908	542	258	531	294	373	709	1072	727	678	720	1310	528	317	382	76	424	385	2838	1064	1623	1397	242	266	775	23	466	986	928	783	181	1148	941	1028	558	1106	562	721	1146	272	571	894	324	2268	276	627	531	358	784	1191	1060	589	256	759	1850	306	541	822	583	502	678	1030	901	776	245	131	1627	29	549	624	1064	958	50	851	298	685	730	1082	367	34	1476	747	41	304	1081	357	295	515	298	267	521	802	206	1146	267	648	50	505	727	200	953	284	1765	668	675	366	153	309	187	294	498	1023	1148	513	459	559	544	668	706	180	175	506	595	537	453	1414	458	231	869	537	855	733	302	267	1085	884	2002	557	992	0	631	164	435	592	50	764	497	1288	541	332	148	1730	566	1002	535	792	682	200	34	461	573	847	689	1062	358	366	364	1039	825	666	657	673	958	356	276	456	1059	483	1106	780	2011	648	240	497	34	267	424	436	1017	1678	245	1800	195	34	38	982	631	918	641	1397	1743	424	420	1150	300	972	177	495	993	2490	276	529	566	672	56	147	1802	520	1226
4075	1670	4156	1987	4165	3713	4300	4032	4099	4261	3725	4104	3753	2114	3991	4053	3188	3163	3666	4266	3611	4121	4151	4466	4244	4032	0	3761	4230	3232	3964	4090	3722	4243	3106	4456	3923	4078	4168	3889	3997	2961	4259	3792	3989	4183	3880	4085	4471	4168	3704	3654	4285	4152	3968	4390	4117	4153	3429	4379	4286	4377	4194	4265	4709	3261	3313	4032	4263	2725	3725	4229	4413	3964	3631	3652	1874	3210	2626	3266	3792	4274	3261	4051	4144	3330	3188	4249	4188	3149	3659	3255	3764	3130	3927	4673	2896	3924	4234	3232	4356	2572	3786	4384	4377	4232	4702	3135	3237	4172	4090	4334	2497	3770	4374	4564	4161	4266	3719	4863	3145	4470	4106	4083	3070	4053	4553	4389	3210	3351	4049	4522	4330	4034	4750	3138	4153	4052	5471	3904	4042	3838	3132	3688	3756	4288	3978	3765	4300	4367	3874	2896	3886	4010	4049	4264	3313	3886	3085	4078	3102	3691	3732	4151	4104	3968	4173	4194	4253	3162	3312	4290	4126	3605	4374	3685	3657	4103	4205	4273	3759	4374	4419	2634	4128	4112	3193	4374	3802	3501	3991	3886	3166	3151	3048	3816	3211	4032	4193	4195	3611	4171	4053	4104	4256	2992	4374	3701	4094	2627	3930	4815	4232	4669	3360	4210	4040	4138	3836	3317	3662	2983	4231	4151	4147	3255	4764	3670	3927	3706	3351	4134	3786	4130	2982	4456	3130	4148	3242	4010	4126	4256	4040	3886	3631	4318	3510	5703	3799	2600	3867	4040	3996	3311	4387	3214	4393	3266	3279	3631	4451	3240	3750	3226	4207	4257	3173	2060	4243	4374	4250	3412	3989	4167	3092	4215	5232
390	3185	464	1778	805	596	677	285	404	773	607	408	45	1770	438	321	644	847	651	629	246	628	928	768	485	285	3761	0	469	705	210	466	649	550	661	764	639	479	761	363	428	826	723	130	234	453	237	388	781	761	65	637	741	578	207	875	627	579	663	792	542	783	544	627	954	943	486	792	903	1049	331	573	663	210	139	186	2555	795	1421	1305	130	550	526	307	652	865	644	952	463	997	756	889	560	941	643	938	868	368	770	705	606	2112	42	861	783	604	987	1044	921	763	466	956	1568	240	789	1066	754	725	668	1206	620	1005	468	382	1376	311	795	860	795	702	318	1080	578	799	1014	914	579	297	1761	811	308	323	910	73	17	743	431	111	752	1001	245	868	329	757	318	727	487	254	676	480	1662	645	671	577	408	433	462	544	718	848	1046	742	638	461	792	641	671	424	449	731	598	787	732	1135	639	370	643	787	883	481	443	329	927	610	1898	586	827	285	806	438	246	766	321	893	718	1011	790	82	399	1450	648	1266	740	1062	402	483	304	645	612	683	655	782	604	577	574	774	1038	632	733	657	702	562	42	638	781	764	941	920	1935	757	475	718	304	329	139	692	800	1958	166	1521	107	304	256	854	865	729	874	1305	1668	139	700	1027	18	808	450	716	813	2288	550	780	771	387	234	432	1699	722	1511
266	3623	241	2246	713	794	411	209	244	598	796	241	477	2231	439	210	1095	1230	866	372	644	529	869	377	26	209	4230	469	0	1102	267	352	833	252	1130	383	698	384	657	477	421	1291	529	450	242	154	398	244	397	657	526	860	529	430	264	636	531	430	1022	518	130	506	322	368	500	1271	933	787	768	1512	629	323	209	267	604	592	2993	1200	1832	1583	450	188	980	197	538	1185	1095	839	169	1351	1000	1230	733	1312	700	516	1338	444	615	1102	157	2469	448	620	506	373	585	1393	1262	657	352	789	2004	513	519	788	654	524	851	839	1089	765	331	241	1732	198	340	615	1200	1081	214	836	130	793	561	1289	430	182	1309	881	217	497	1288	543	475	530	445	473	532	828	409	1338	453	763	214	530	934	401	1146	386	1953	847	846	430	241	458	202	322	527	1231	1340	526	538	760	524	847	887	269	48	526	768	515	364	1604	537	194	1078	515	1004	859	443	453	1290	1079	2189	722	1198	209	694	55	644	660	209	855	524	1432	519	530	246	1879	703	922	577	707	872	164	215	535	732	1053	870	1252	374	430	430	1170	621	848	791	848	1081	428	448	533	1250	383	1312	861	2188	763	311	524	215	453	604	416	1100	1492	454	1946	365	215	247	1182	624	1126	633	1583	1921	604	242	1347	482	1178	44	521	1201	2698	252	504	604	842	242	144	1990	567	1056
885	2944	961	1265	945	488	1074	894	911	1030	502	916	671	1466	770	896	702	147	454	1043	469	889	964	1254	1107	894	3232	705	1102	0	848	876	509	1041	521	1241	698	859	941	675	779	661	1026	661	871	1008	706	900	1255	941	639	439	1053	924	881	1159	884	926	994	1147	1116	1145	980	1043	1602	310	273	826	1050	561	912	1014	1243	848	643	527	2340	960	729	690	661	1088	281	905	912	275	702	1050	1008	316	1227	246	534	245	702	1613	587	712	1004	0	1190	1409	746	1153	1145	1010	1671	363	271	945	876	1122	1437	590	1142	1338	934	1034	511	1904	506	1247	895	900	1525	905	1443	1157	960	973	892	1305	1169	829	1549	216	926	923	2245	723	887	631	211	653	711	1055	758	645	1067	1159	697	587	681	799	892	1031	272	707	475	859	1007	478	524	923	916	746	987	980	1020	147	447	1058	893	377	1142	470	452	907	1064	1041	534	1143	1205	793	895	1063	153	1143	669	866	770	681	242	433	1236	587	144	894	971	1054	469	945	896	915	1024	1049	1143	623	906	1363	705	1587	1000	1437	487	1030	888	906	610	95	452	556	1008	924	920	974	1716	454	719	495	973	907	746	897	536	1241	245	959	1307	799	918	1024	888	681	643	1092	1184	2493	650	1438	799	888	856	249	1155	24	1162	690	1054	643	1282	389	704	130	1067	1024	110	1596	1041	1143	1019	627	871	999	1042	982	2013
212	3392	272	1979	688	610	494	76	217	623	617	220	211	1980	328	120	852	981	677	446	381	498	829	562	280	76	3964	210	267	848	0	310	658	352	869	560	580	333	637	304	313	1035	564	187	25	246	177	202	576	637	261	667	577	424	62	708	497	425	835	613	332	602	363	443	764	1043	666	711	773	1244	459	387	454	0	349	327	2762	988	1576	1380	187	343	713	100	517	959	852	833	258	1114	877	997	558	1068	584	765	1075	286	627	848	396	2235	199	693	602	426	824	1158	1029	638	310	816	1773	273	610	892	631	564	677	1062	828	842	303	196	1553	105	604	691	988	883	118	917	369	718	804	1043	425	88	1551	767	108	295	1041	283	219	579	327	207	586	860	190	1075	269	680	118	568	667	188	882	334	1746	663	675	423	220	335	262	363	560	982	1127	577	508	531	614	662	698	244	241	569	596	608	530	1343	508	232	813	608	866	658	333	269	1049	814	1983	564	953	76	681	231	381	642	120	802	559	1211	611	263	214	1653	588	1076	593	868	610	277	103	511	583	807	682	990	426	423	421	963	868	658	679	670	883	412	199	505	988	560	1068	821	2000	680	302	559	103	269	349	507	948	1750	199	1723	118	103	58	953	697	872	707	1380	1732	349	491	1123	225	933	243	557	950	2444	352	600	624	595	25	224	1783	577	1301
104	3623	115	2106	386	476	222	256	115	314	474	117	440	2181	110	207	1089	981	547	180	493	193	535	378	338	256	4090	466	352	876	310	0	505	171	1060	366	348	31	332	202	98	1238	258	359	303	199	243	123	381	332	486	545	274	114	367	408	193	115	1127	330	286	322	104	178	785	981	784	437	464	1368	765	139	396	310	594	468	2996	1260	1588	1261	359	235	839	239	209	894	1089	526	187	1074	1187	951	412	1050	350	837	1250	165	317	876	354	2173	478	394	322	148	915	1112	980	333	0	505	2015	330	327	599	327	259	521	1177	1019	539	23	129	1843	232	639	393	1260	1169	207	615	343	444	673	1030	115	281	1381	529	215	252	1032	524	482	276	121	389	285	550	241	1250	205	412	207	262	784	229	1058	33	1630	524	514	113	117	134	154	104	253	982	1030	275	203	501	329	526	566	85	304	264	441	325	330	1516	202	471	896	325	654	946	112	205	1022	986	1863	388	941	256	375	298	493	336	207	515	253	1471	327	473	115	1902	353	808	283	615	808	201	221	204	392	806	552	1172	147	113	111	1240	940	531	439	522	1169	101	478	200	1165	366	1050	527	1851	412	47	253	221	205	594	239	1252	1619	334	1974	415	221	253	897	398	897	408	1261	1586	594	431	1050	485	923	307	251	959	2443	171	320	313	837	303	208	1666	266	1142
568	3440	617	1770	442	54	645	659	592	548	42	596	603	1964	400	633	1036	558	56	629	455	432	456	846	826	659	3722	649	833	509	658	505	0	673	916	830	206	477	447	361	416	1089	562	530	671	694	481	589	841	447	611	69	588	501	716	674	428	502	1222	688	790	690	592	629	1290	499	585	317	543	1068	971	620	901	658	693	493	2828	1273	1139	755	530	740	636	658	450	415	1036	541	685	604	1380	483	100	601	209	1339	1049	390	518	509	860	1673	688	671	690	597	1414	634	508	451	505	615	1892	413	682	841	441	570	19	1672	884	747	528	592	1874	653	1143	676	1273	1232	630	802	848	320	1144	588	502	694	1785	226	631	362	593	650	665	591	392	539	602	652	467	1049	392	291	630	566	585	469	888	476	1124	31	23	500	596	378	655	592	556	560	528	594	433	234	681	38	68	573	786	577	65	684	795	1284	435	886	606	684	240	1049	397	392	567	823	1359	118	511	659	471	777	455	450	634	408	561	1428	683	588	589	1803	211	1093	524	963	740	703	636	445	124	415	60	994	595	501	497	1271	1443	54	210	17	1232	488	688	438	979	830	601	451	1355	291	553	561	636	392	693	661	1392	2054	497	1878	686	636	630	426	672	521	678	755	1088	693	936	557	662	496	789	562	550	1969	673	688	536	844	671	695	1161	508	1568
