NAME : VRPTW_INSTANCE_162.txt
COMMENT : Bangkok Supermarket
TYPE : VRPTW
DIMENSION : 321
DAYS : Sunday
EDGE_WEIGHT_TYPE : EXPLICIT
VEHICLES : 37
EDGE_WEIGHT_FORMAT : FULL_MATRIX
CAPACITY : 1000
EDGE_WEIGHT_SECTION
0	932	193	119	440	447	1364	572	1732	747	111	127	1120	2072	176	154	772	54	620	153	306	290	1057	451	808	192	2011	1785	586	809	3173	888	219	840	1185	396	94	133	2010	2528	474	358	815	248	1087	93	193	203	1013	423	367	124	1820	320	405	402	1308	1014	307	202	948	212	1059	221	1867	313	1750	539	352	1029	1727	622	33	1321	474	1532	1994	358	337	1810	222	2228	1001	605	2499	330	349	885	210	939	464	213	1398	368	1028	1240	864	221	1800	481	631	201	437	3736	977	1050	680	119	350	411	1106	307	1210	208	210	3177	266	284	431	1190	97	491	588	309	737	436	1234	1026	1048	399	493	713	23	91	503	2841	254	346	25	1902	230	935	198	182	153	195	1022	192	317	639	525	1536	488	124	1214	204	119	916	944	204	690	133	210	123	1627	1220	1142	358	373	968	634	1076	582	248	435	1086	439	441	410	424	671	650	1080	90	262	111	978	1606	1815	1813	1704	612	212	1921	539	215	939	283	506	1975	373	300	354	235	185	916	2027	220	601	2058	195	210	1441	736	1021	154	154	362	258	994	1510	2944	981	236	1137	620	394	139	863	265	218	280	735	101	358	401	214	534	101	2066	2815	201	575	1231	264	123	379	202	23	3083	123	1721	1109	1896	154	281	916	796	632	690	398	577	248	371	422	1022	332	1627	124	585	194	807	1658	620	369	612	97	578	288	140	2020	1321	1441	625	672	1155	612	309	422	1994	1117	424	795	521	201	1512	2518	810	1890	650	1515	2229	1539	614	957	540	653	857	178	283	1973	1547	901	1092	800	196	418	165	97	502	370
932	0	1111	818	1237	1379	2233	1063	2568	1462	824	1038	1850	2922	1067	994	1693	899	1238	781	1235	1190	239	1332	1674	1069	1589	2681	1466	1719	4093	1817	934	1726	1925	540	951	1056	1588	1711	457	883	1732	1144	1007	926	1083	936	1917	625	872	1055	2744	993	789	595	2226	1918	635	1000	1873	1026	237	1144	2663	631	2591	1231	896	1938	2649	1065	909	2229	457	2416	2843	579	1253	2655	1152	2971	1411	863	3324	1225	903	1612	836	558	1385	835	2161	875	1848	2147	841	1144	2711	849	1133	809	1041	4615	1699	1598	1596	816	642	953	667	1007	283	941	795	4074	762	1195	1055	2052	839	1368	1520	1204	1669	1057	1975	1747	486	781	858	960	909	945	856	3743	677	644	907	1284	776	1838	814	1068	781	736	1924	1082	1076	1204	1365	2451	1374	1055	2061	839	817	1847	1103	807	1582	866	836	956	2463	1823	614	883	879	1892	1562	1997	1473	1144	1036	1837	1166	1052	961	972	974	1581	2001	908	992	823	1885	2404	2572	2636	2532	1069	1026	2845	1417	930	560	1197	1382	1252	879	1199	1244	804	1106	1782	2865	833	1479	1206	736	936	2359	1460	260	994	994	1283	1176	125	2276	3848	1909	802	2035	1552	781	807	1584	726	934	905	819	831	883	777	837	1231	831	2984	3719	1128	820	2105	1164	955	867	1000	910	3843	956	1218	1645	2740	994	797	1847	1613	359	1386	1329	1490	1144	1237	946	1928	1226	2463	873	474	1070	1544	2544	1238	624	1221	839	1162	992	983	2868	2170	2278	1247	1447	757	1221	998	1288	2843	1862	972	1514	1452	1128	580	3336	1545	2647	1039	2380	2972	2469	1435	1869	841	1409	1078	1046	657	1630	2426	1524	1662	1618	1120	974	1060	839	854	884
193	1111	0	294	448	292	1254	684	1635	599	289	169	952	1964	206	141	631	242	682	331	129	241	1246	384	617	229	2186	1592	502	617	2985	706	358	647	1014	570	237	59	2186	2662	656	510	625	224	1250	253	212	343	885	614	523	84	1663	434	577	595	1160	885	476	173	797	157	1248	156	1787	481	1650	584	501	896	1540	739	224	1184	656	1339	1887	532	243	1707	59	2047	926	763	2308	141	495	725	387	1052	275	390	1220	522	843	1048	1034	156	1655	640	729	386	541	3543	815	933	490	297	543	543	1211	413	1384	345	333	2985	383	91	529	998	274	423	423	121	573	535	1062	863	1241	572	651	859	212	167	661	2650	439	539	214	2091	354	809	383	214	331	377	894	211	234	717	347	1346	410	84	1023	381	296	752	1084	389	586	313	387	165	1531	1081	1334	510	526	817	482	928	390	224	541	914	330	542	540	551	813	487	932	203	373	290	846	1528	1634	1720	1610	727	157	1735	461	356	1051	90	436	2168	526	111	165	417	149	725	1925	396	517	2204	377	349	1291	737	1212	141	141	173	65	1179	1329	2753	823	419	944	456	567	303	706	457	357	427	903	287	510	575	390	578	287	1914	2623	33	622	1038	227	166	535	173	217	2898	165	1905	992	1793	141	460	752	615	792	710	223	385	224	194	557	891	143	1531	304	725	231	649	1465	682	562	678	274	659	399	144	1912	1225	1348	685	654	1249	678	419	240	1887	946	551	643	368	33	1688	2327	652	1709	776	1405	2048	1358	438	822	701	647	993	236	453	2141	1427	772	967	619	20	544	198	274	660	522
119	818	294	0	538	564	1481	609	1847	785	10	242	1170	2189	287	200	891	111	688	37	416	406	954	566	892	300	1967	1882	702	910	3279	999	267	931	1239	280	180	237	1966	2410	362	371	919	363	1064	163	305	255	1132	358	377	238	1938	374	388	323	1427	1133	188	231	1067	251	955	340	1978	194	1865	618	371	1149	1834	654	108	1440	362	1626	2110	241	456	1926	333	2289	982	597	2579	419	370	930	210	827	569	212	1459	378	1100	1340	835	340	1919	478	675	182	487	3831	1023	1059	783	5	277	440	996	368	1094	261	119	3276	170	381	485	1276	21	606	704	398	854	491	1288	1072	966	379	492	715	95	135	500	2942	146	273	93	1833	133	1054	182	292	37	84	1141	303	343	697	595	1640	604	238	1295	205	4	1033	948	185	808	150	210	158	1741	1244	1067	371	385	1086	752	1195	673	363	484	1141	465	493	442	458	680	766	1199	101	326	12	1097	1716	1878	1926	1818	646	251	2029	654	262	827	382	621	1894	385	390	441	218	304	1001	2143	218	717	1939	84	260	1559	828	921	200	200	467	359	885	1573	3045	1099	219	1234	736	374	27	906	209	267	308	710	32	371	381	214	614	32	2185	2916	309	497	1321	380	156	387	231	102	3151	158	1664	1117	2012	200	265	1033	865	513	776	510	678	363	447	449	1141	421	1741	148	468	301	853	1752	688	293	677	21	636	347	186	2136	1436	1555	694	772	1048	677	366	500	2110	1170	458	836	639	309	1397	2597	855	1953	673	1632	2290	1650	680	1076	531	749	866	281	165	1938	1665	922	1107	869	302	453	277	21	498	383
440	1237	448	538	0	384	995	355	1337	1012	528	324	1316	1688	270	546	531	427	260	559	414	212	1294	170	900	250	1938	1723	258	807	3020	784	310	889	1366	764	357	434	1938	2911	806	368	786	223	989	375	255	313	702	617	382	397	1547	247	471	642	1024	705	699	594	707	588	1297	292	1452	705	1358	154	353	730	1597	407	434	1011	806	1510	1608	733	251	1421	402	2338	1374	545	2520	538	346	1117	410	1361	522	410	1539	379	1148	1187	818	292	1490	460	361	443	249	3662	1199	1366	684	536	596	323	1531	230	1520	306	648	3080	703	483	229	1234	521	180	482	528	582	231	1409	1241	1186	476	461	583	459	513	470	2738	616	594	460	1937	667	626	438	262	559	582	709	257	680	314	731	1442	201	397	1276	409	535	725	763	443	374	409	410	538	1231	1491	1240	368	377	722	464	812	686	223	253	1269	776	241	314	312	530	512	816	527	247	526	678	1189	1932	1410	1303	393	588	1773	217	315	1361	473	187	2062	377	519	557	438	302	989	1634	410	267	2423	582	311	1155	297	1245	546	546	476	458	1264	1638	2835	759	440	1119	500	474	565	1103	518	310	331	696	507	368	480	408	147	507	1771	2707	417	1014	1251	220	539	391	594	445	3156	538	1715	1424	1507	546	440	725	959	1009	262	428	621	223	606	336	717	540	1231	406	992	248	1045	1622	260	613	263	521	272	245	538	1634	933	1045	260	234	1586	263	239	632	1608	1301	312	1049	405	417	1807	2546	1049	2004	459	1142	2339	1374	815	670	509	212	671	262	676	1866	1190	1199	1394	961	429	307	281	521	470	371
447	1379	292	564	384	0	970	724	1356	676	558	345	941	1678	331	433	339	480	643	600	165	230	1493	227	517	338	2300	1386	276	432	2742	456	506	507	988	844	436	334	2300	2955	921	641	419	268	1349	460	319	495	595	824	656	326	1375	526	734	822	868	595	753	458	506	438	1495	240	1518	758	1369	538	627	604	1298	779	469	891	921	1155	1602	806	157	1425	238	1956	1099	875	2155	265	620	759	580	1344	153	581	1155	654	764	840	1156	240	1363	765	742	594	593	3339	834	1043	304	566	768	637	1502	501	1658	493	623	2768	674	243	575	857	543	245	142	271	290	579	1029	873	1448	734	771	941	471	454	782	2428	701	765	473	2260	644	521	590	333	600	643	604	319	480	698	393	1120	221	326	896	574	565	468	1138	597	322	525	580	457	1253	1139	1525	641	655	526	190	636	310	268	596	892	525	588	630	635	888	202	640	488	480	558	556	1264	1548	1444	1334	765	438	1488	256	507	1343	234	252	2361	655	267	270	614	277	606	1643	586	289	2494	643	499	1000	599	1453	433	433	168	243	1436	1254	2529	535	616	756	173	730	580	749	677	505	568	1027	548	641	738	581	530	548	1624	2400	265	902	879	249	458	669	458	468	2780	457	2053	1098	1510	433	644	468	584	1075	602	87	237	268	321	652	600	266	1253	517	1015	339	693	1273	643	788	647	543	654	499	436	1627	949	1074	642	499	1538	647	511	319	1602	924	635	704	76	265	1959	2180	697	1621	827	1120	1957	1099	463	530	824	512	1046	361	729	2235	1138	871	1060	586	276	628	333	543	782	650
1364	2233	1254	1481	995	970	0	1246	391	1518	1472	1238	1591	710	1195	1394	641	1375	1060	1510	1133	1074	2282	916	1179	1186	2654	1316	779	993	2263	804	1300	1101	1595	1741	1310	1283	2655	3890	1795	1358	944	1118	1791	1333	1177	1300	384	1611	1370	1263	676	1241	1459	1637	339	386	1663	1425	535	1406	2285	1145	586	1669	401	1026	1343	389	1064	1275	1373	244	1795	1258	633	1706	1029	455	1195	2209	1992	1475	2166	1230	1336	1526	1400	2299	1070	1400	1634	1367	1342	1006	1699	1145	550	1426	1200	1430	1212	3028	1561	1864	993	1480	1590	1299	2462	1226	2516	1294	1567	2427	1621	1213	1195	1238	1460	876	873	1239	756	1194	1613	1577	2143	1464	1422	1454	1387	1400	1429	2096	1590	1588	1389	2780	1588	451	1425	1191	1510	1544	374	1179	1448	1117	1285	1047	877	1263	1299	1398	1480	635	1525	1431	673	1383	1400	1411	297	1868	2173	1358	1364	518	793	432	1137	1118	1217	1534	1477	1201	1289	1282	1409	814	430	1429	1240	1471	426	379	1883	486	378	1263	1406	1155	828	1305	2298	1205	862	2948	1364	1236	1229	1430	1179	1178	673	1401	765	3411	1544	1299	370	823	2231	1394	1394	1133	1212	2257	1679	2174	556	1432	1051	845	1463	1503	1531	1510	1300	1327	1605	1456	1358	1469	1398	1024	1456	836	2058	1223	1872	1195	1100	1412	1378	1425	1378	2860	1411	2528	1907	540	1394	1435	635	1319	1986	901	1054	1049	1118	1275	1308	386	1230	297	1378	1949	1185	1492	1303	1060	1608	1077	1460	1132	1240	1395	658	111	164	1052	801	2503	1077	1234	1256	633	1558	1282	1521	897	1223	2801	2206	1495	1934	1323	151	2210	830	1313	457	1460	844	1458	1207	1639	2538	198	1700	1854	1318	1235	1279	1204	1460	1430	1359
572	1063	684	609	355	724	1246	0	1539	1283	600	516	1622	1897	479	722	878	528	188	609	706	508	1060	524	1231	456	1583	2078	601	1155	3360	1139	353	1230	1679	716	480	643	1583	2774	712	246	1137	489	634	479	475	368	1015	462	246	606	1853	254	296	515	1337	1018	692	773	1047	778	1063	555	1611	696	1565	236	242	1047	1947	55	546	1310	712	1865	1818	699	572	1631	661	2677	1574	228	2873	811	242	1405	402	1329	845	400	1867	244	1477	1542	473	555	1775	215	74	435	142	4015	1493	1612	1028	604	493	169	1500	272	1333	363	727	3430	771	751	156	1581	602	534	834	795	937	151	1724	1539	897	305	204	231	577	663	207	3088	602	493	577	1592	738	945	433	470	609	604	1020	476	883	141	1019	1796	556	606	1619	406	605	1074	415	433	709	461	402	696	1437	1766	929	246	237	1060	819	1141	1007	489	142	1580	1000	143	167	151	178	867	1144	657	315	597	997	1358	2268	1598	1499	42	778	2119	567	357	1330	744	539	1730	237	784	834	405	542	1327	1832	395	607	2270	604	362	1464	425	1005	722	722	777	722	1057	1969	3184	1102	405	1472	854	308	636	1388	462	353	301	363	578	246	308	398	241	578	2061	3057	664	1100	1600	500	695	242	773	561	3504	696	1364	1671	1713	722	369	1074	1271	933	347	749	954	489	874	162	1032	813	1437	466	958	455	1330	1977	188	500	170	602	114	288	709	1843	1164	1258	196	452	1569	170	267	913	1818	1612	151	1326	756	664	1595	2899	1333	2341	104	1383	2678	1720	1109	995	226	407	322	448	675	1513	1445	1455	1649	1274	672	156	485	602	209	237
1732	2568	1635	1847	1337	1356	391	1539	0	1907	1838	1605	1961	357	1560	1774	1032	1738	1352	1875	1518	1442	2597	1281	1563	1548	2811	1544	1146	1377	2246	1185	1647	1482	1960	2098	1671	1661	2812	4248	2144	1685	1328	1484	2017	1693	1542	1649	776	1943	1697	1638	719	1577	1782	1975	660	778	2025	1807	924	1789	2600	1517	226	2031	33	1340	1672	781	1267	1558	1739	574	2144	1544	278	2065	1404	95	1576	2477	2383	1767	2360	1618	1665	1911	1747	2672	1461	1747	1976	1694	1711	1335	1961	1517	534	1736	1483	1779	1530	3065	1941	2250	1383	1846	1931	1619	2837	1564	2849	1643	1939	2470	1995	1598	1515	1585	1827	1241	1264	1626	1148	1513	1973	1955	2431	1789	1731	1726	1755	1775	1736	2158	1947	1929	1757	2992	1960	841	1775	1555	1875	1906	766	1543	1835	1401	1677	1309	1244	1638	1645	1746	1846	1021	1753	1780	1049	1739	1747	1788	105	2244	2446	1685	1689	906	1183	813	1529	1484	1535	1905	1868	1519	1610	1601	1686	1206	810	1803	1584	1837	818	224	2185	98	48	1548	1789	1303	1193	1652	2671	1590	1226	3180	1689	1623	1618	1775	1550	1554	297	1748	1131	3761	1906	1648	617	1117	2543	1774	1774	1521	1596	2582	2009	2221	940	1777	1399	1236	1788	1871	1917	1856	1647	1665	1883	1820	1685	1793	1745	1339	1820	751	2119	1603	2256	1533	1467	1789	1703	1807	1745	3054	1788	2732	2292	173	1774	1775	1021	1705	2344	1194	1441	1441	1484	1665	1626	778	1618	105	1735	2315	1547	1880	1564	1352	1947	1370	1827	1428	1580	1774	303	411	292	1343	1121	2881	1370	1572	1647	278	1928	1601	1910	1285	1603	3126	2404	1882	2229	1602	255	2478	1067	1705	849	1763	1159	1701	1568	2001	2680	294	2088	2238	1703	1616	1598	1569	1827	1738	1685
747	1462	599	785	1012	676	1518	1283	1907	0	788	768	393	2184	804	596	902	801	1265	814	598	803	1657	890	373	827	2752	1300	952	543	2737	734	951	459	466	977	822	644	2751	2729	1076	1100	589	806	1834	832	808	935	1139	1143	1111	679	1696	1033	1152	1105	1295	1136	891	556	983	539	1657	735	2100	893	1913	1163	1092	1129	1356	1338	780	1358	1076	1023	2115	945	764	1958	625	1520	478	1351	1863	477	1088	150	958	1159	524	960	699	1111	417	843	1611	735	1754	1227	1326	945	1140	3176	241	367	525	791	1061	1140	1266	1013	1692	938	727	2661	735	536	1128	651	776	916	690	490	769	1133	516	291	1729	1146	1239	1454	754	665	1249	2344	911	1058	755	2608	737	1087	943	812	814	855	1149	807	441	1308	285	1138	894	679	640	951	790	887	1681	948	975	880	958	635	1815	482	1840	1100	1116	1001	772	1098	394	806	1140	375	321	1140	1138	1149	1409	731	1101	691	971	791	1098	1864	1114	2003	1896	1326	539	1554	933	948	1157	544	925	2651	1116	501	456	980	742	440	2168	967	964	2338	855	941	1402	1269	1638	596	596	538	563	1564	815	2451	969	982	717	707	1140	774	123	993	950	1018	1482	800	1100	1148	961	1155	800	1958	2325	619	679	720	801	636	1123	556	767	2389	635	2448	421	2038	596	1028	887	234	1103	1262	601	487	806	411	1154	1134	475	1815	871	992	829	83	1150	1265	1077	1264	776	1252	998	611	2138	1531	1655	1267	1172	1262	1264	1018	380	2115	400	1149	52	712	619	1989	1874	84	1190	1375	1654	1521	1258	217	1065	1286	1180	1591	835	880	2718	1643	194	384	238	611	1143	797	776	1247	1112
111	824	289	10	528	558	1472	600	1838	788	0	233	1173	2179	277	200	884	100	677	42	411	397	957	557	891	290	1963	1880	692	906	3275	993	257	929	1241	286	170	233	1962	2419	367	363	915	353	1058	153	295	244	1124	355	369	232	1931	364	381	322	1419	1125	196	233	1059	253	958	332	1968	201	1856	608	362	1140	1830	644	98	1432	367	1624	2101	247	448	1917	328	2291	990	589	2579	417	361	933	201	837	565	203	1461	370	1101	1337	830	332	1911	470	665	174	477	3829	1026	1065	779	8	274	431	1006	357	1100	251	129	3273	180	378	475	1275	15	597	697	395	847	481	1291	1075	966	373	484	707	87	134	493	2939	149	271	85	1832	144	1045	174	282	42	87	1132	294	347	687	595	1636	595	232	1295	196	8	1026	941	177	799	140	201	158	1732	1249	1066	363	376	1079	745	1188	671	353	474	1143	469	483	433	448	672	760	1192	101	315	2	1089	1706	1879	1917	1808	637	253	2024	644	251	837	379	611	1895	376	388	439	210	296	1000	2133	209	707	1947	87	250	1552	818	924	200	200	462	355	889	1574	3042	1092	211	1231	730	367	38	909	205	256	298	704	22	363	374	205	604	22	2177	2913	304	507	1319	371	157	378	233	93	3152	158	1661	1123	2003	200	257	1026	865	521	766	505	674	353	446	440	1133	419	1732	137	477	291	856	1750	677	292	667	15	625	336	186	2126	1427	1546	683	762	1059	667	356	499	2101	1173	448	839	632	304	1403	2596	858	1955	664	1623	2292	1645	681	1068	524	739	858	271	172	1933	1656	927	1112	869	297	443	268	15	491	374
127	1038	169	242	324	345	1238	516	1605	768	233	0	1120	1946	53	225	656	140	530	273	233	164	1147	324	768	75	2024	1715	459	742	3086	798	192	788	1181	512	91	127	2024	2653	581	344	741	121	1084	115	69	177	892	483	357	89	1707	265	419	477	1191	892	427	276	835	274	1149	106	1740	433	1623	440	334	909	1641	570	135	1201	581	1471	1868	475	217	1684	161	2207	1074	596	2454	305	328	895	241	1066	396	243	1383	356	1001	1168	871	106	1681	475	565	251	374	3669	985	1097	610	242	423	374	1234	245	1319	179	337	3103	392	247	363	1143	222	364	487	287	634	369	1228	1032	1111	416	485	690	149	189	495	2765	363	420	151	1944	357	813	246	61	273	310	900	67	375	559	514	1457	361	89	1172	235	241	810	914	253	565	180	241	215	1500	1249	1196	344	360	854	524	961	537	121	374	1081	486	375	370	382	643	546	965	206	203	233	857	1479	1795	1686	1577	559	274	1832	412	191	1066	242	379	2032	360	276	329	274	68	873	1901	249	474	2179	310	183	1324	621	1108	225	225	302	218	1092	1491	2867	871	276	1073	519	411	265	876	332	191	262	739	218	344	419	243	434	218	1950	2738	154	692	1178	138	215	370	276	140	3054	215	1751	1155	1770	225	311	810	779	753	581	314	512	121	363	388	901	307	1500	171	711	76	818	1594	530	443	524	222	499	230	216	1893	1195	1314	534	552	1282	524	250	407	1868	1113	382	812	415	154	1619	2475	821	1870	607	1389	2209	1444	605	838	536	535	823	71	403	1975	1422	938	1133	782	159	375	42	222	494	355
1120	1850	952	1170	1316	941	1591	1622	1961	393	1173	1120	0	2189	1148	975	1059	1174	1576	1201	916	1120	2048	1168	449	1169	3131	1022	1194	621	2437	793	1310	506	75	1370	1186	1004	3130	3024	1469	1462	668	1133	2202	1199	1149	1295	1245	1528	1475	1036	1605	1382	1523	1492	1307	1242	1284	939	1074	920	2049	1067	2173	1286	1960	1471	1453	1224	1146	1678	1153	1387	1469	754	2129	1338	1066	1995	964	1127	645	1715	1486	815	1448	243	1330	1509	794	1333	312	1474	250	696	1983	1067	1702	1592	1657	1321	1481	2818	152	406	685	1175	1447	1493	1596	1359	2072	1297	1119	2325	1128	874	1466	436	1159	1186	899	833	917	1471	124	103	2122	1518	1603	1810	1129	1044	1613	2022	1300	1444	1131	2999	1129	1215	1318	1156	1201	1243	1254	1148	828	1626	605	934	1161	1036	392	1323	1174	968	2032	1324	1181	1252	1330	1016	1881	291	2231	1462	1478	1087	969	1159	631	1133	1482	57	712	1479	1489	1500	1763	916	1161	1073	1321	1175	1208	1963	722	2060	1960	1665	920	1331	1189	1309	1507	880	1191	3044	1478	843	791	1355	1082	416	2190	1339	1203	2665	1243	1301	1386	1535	2031	975	975	847	904	1954	427	2129	1039	1357	590	903	1513	1161	269	1375	1310	1380	1852	1183	1462	1521	1333	1463	1183	1858	2006	966	1049	509	1124	1017	1487	939	1141	1997	1016	2834	415	2067	975	1401	968	357	1491	1544	888	708	1133	757	1508	1234	813	1881	1243	1377	1171	317	869	1576	1464	1578	1159	1575	1348	990	2149	1630	1745	1576	1434	1577	1578	1366	713	2129	36	1500	341	950	966	2365	1493	315	797	1720	1707	1128	1117	515	1175	1652	1452	1940	1181	1272	3091	1675	356	355	355	960	1493	1143	1159	1612	1474
2072	2922	1964	2189	1688	1678	710	1897	357	2184	2179	1946	2189	0	1902	2104	1344	2082	1709	2218	1842	1782	2954	1623	1823	1892	3137	1613	1487	1642	2064	1449	1997	1739	2178	2445	2016	1994	3138	4595	2494	2040	1595	1826	2367	2038	1884	1998	1085	2297	2052	1973	716	1930	2138	2328	891	1086	2369	2135	1212	2115	2957	1854	374	2375	332	1696	2026	1082	1329	1916	2081	825	2494	1673	79	2411	1739	267	1905	2560	2662	2124	2368	1935	2019	2169	2098	3009	1771	2097	2160	2049	1941	1521	2316	1854	542	2093	1840	2129	1886	2914	2189	2509	1668	2188	2284	1975	3173	1916	3204	1992	2277	2334	2332	1921	1870	1783	2168	1583	1574	1945	1446	1869	2184	2196	2788	2144	2088	2082	2096	2110	2093	2046	2294	2282	2097	3336	2298	1157	2124	1898	2218	2250	1075	1886	2154	1759	1974	1425	1584	1973	1842	2096	2188	1300	2104	2130	1383	2086	2098	2121	460	2478	2802	2040	2044	1193	1497	1089	1821	1826	1891	2134	2176	1875	1965	1957	2043	1513	1085	2139	1935	2179	1126	559	2313	313	399	1906	2115	1310	1535	2002	3009	1913	1568	3529	2044	1943	1933	2126	1888	1798	90	2098	1472	4111	2250	1997	803	1474	2900	2104	2104	1839	1921	2938	2176	2095	1217	2128	1605	1545	2144	2212	2179	2206	1997	2018	2240	2163	2040	2149	2096	1695	2163	617	2006	1933	2581	1723	1808	2122	2058	2135	2086	3049	2121	3074	2547	184	2104	2127	1300	1968	2690	1551	1761	1738	1826	1977	1982	1083	1935	460	2081	2657	1891	2147	1665	1709	2300	1727	2168	1786	1932	2105	54	755	644	1701	1475	3213	1727	1925	1955	79	2154	1957	2180	1605	1933	3482	2414	2150	2347	1959	559	2561	1177	1991	1154	2120	1515	2054	1913	2345	3001	545	2355	2490	1966	1945	1954	1911	2168	2095	2040
176	1067	206	287	270	331	1195	479	1560	804	277	53	1148	1902	0	277	626	179	481	315	244	124	1166	279	782	23	2006	1712	415	743	3073	787	179	797	1207	548	116	173	2006	2694	612	327	739	78	1062	140	17	167	855	493	341	135	1677	233	411	493	1159	856	467	327	806	325	1168	94	1692	473	1578	388	315	874	1629	533	178	1166	612	1473	1824	512	188	1639	184	2226	1122	576	2462	333	308	927	249	1114	402	250	1405	339	1020	1165	854	94	1647	457	523	265	336	3666	1016	1139	611	286	440	346	1282	210	1349	166	387	3097	442	274	323	1153	267	319	472	317	614	328	1254	1062	1118	409	465	663	197	242	476	2758	398	437	198	1939	406	776	261	8	315	349	863	16	423	513	543	1450	318	135	1184	243	285	788	883	267	525	200	249	268	1454	1287	1197	327	342	825	501	930	551	78	336	1108	531	336	341	351	614	527	934	258	173	276	821	1430	1814	1639	1530	521	325	1818	367	180	1113	267	334	2034	342	306	357	283	67	885	1856	255	430	2218	349	172	1292	568	1125	277	277	315	244	1115	1512	2859	845	285	1074	501	405	311	909	349	179	247	722	260	327	413	250	382	260	1918	2730	185	745	1184	97	268	354	327	185	3069	268	1741	1197	1725	277	313	788	802	792	528	313	518	78	395	360	865	335	1454	193	754	25	851	1594	481	460	476	267	454	199	268	1849	1149	1268	485	499	1331	476	217	436	1824	1140	351	847	395	185	1647	2484	854	1889	572	1346	2227	1428	633	804	518	482	791	34	443	1954	1381	979	1174	806	193	344	10	267	475	337
154	994	141	200	546	433	1394	722	1774	596	200	225	975	2104	277	0	772	206	754	234	268	355	1145	511	694	300	2157	1692	635	724	3098	831	371	738	1042	455	242	117	2156	2523	548	512	738	326	1239	246	291	355	1026	554	522	150	1800	468	556	523	1300	1026	359	51	937	58	1146	270	1923	364	1789	665	507	1037	1655	773	186	1325	548	1432	2027	417	374	1847	199	2091	853	759	2379	230	503	737	363	911	397	365	1261	522	900	1153	1014	270	1795	635	778	348	584	3636	830	896	603	205	475	564	1070	453	1262	360	202	3086	247	207	576	1078	186	551	560	210	710	582	1092	879	1166	550	648	868	158	69	658	2753	343	471	159	2032	222	950	346	286	234	281	1036	289	163	780	395	1456	541	150	1096	356	204	889	1099	351	725	285	363	42	1670	1067	1267	512	528	957	623	1068	481	326	583	944	284	587	563	577	826	625	1072	99	408	202	988	1664	1679	1859	1749	763	58	1852	593	368	910	211	565	2095	528	205	250	384	247	804	2065	372	651	2067	281	362	1431	842	1115	0	0	298	194	1070	1374	2857	961	385	1043	593	545	198	714	400	371	434	886	208	512	552	367	659	208	2052	2727	171	487	1124	336	43	534	51	172	2951	42	1860	954	1933	0	432	889	664	663	806	360	497	326	249	576	1032	232	1670	277	590	302	660	1559	754	492	747	186	719	434	15	2052	1363	1486	758	767	1108	747	456	302	2027	974	577	645	509	171	1567	2396	662	1754	803	1545	2092	1482	480	963	694	755	1011	295	340	2122	1568	747	938	669	159	570	267	186	656	525
772	1693	631	891	531	339	641	878	1032	902	884	656	1059	1344	626	772	0	796	733	925	504	503	1786	379	611	624	2449	1214	276	440	2489	314	775	554	1084	1168	742	670	2450	3293	1237	881	397	549	1508	766	610	769	259	1104	896	657	1051	756	984	1114	535	258	1080	798	181	776	1788	552	1209	1086	1043	646	866	265	1069	926	789	552	1237	1029	1269	1130	439	1096	576	1925	1366	1077	2039	591	859	939	866	1683	429	867	1194	894	830	704	1348	552	1027	987	867	888	780	3138	992	1263	386	892	1062	850	1842	734	1975	766	960	2552	1012	579	761	825	870	354	231	601	142	763	1115	1019	1707	986	989	1109	796	790	999	2210	1020	1059	798	2467	981	191	883	625	925	966	269	611	810	798	650	926	339	657	879	862	891	198	1265	890	178	826	866	795	932	1308	1768	881	893	199	153	304	510	549	785	1003	836	772	842	841	1056	175	308	823	730	884	218	965	1539	1124	1014	911	776	1242	314	778	1683	571	345	2594	893	599	589	899	589	652	1313	870	271	2829	966	771	668	576	1742	772	772	495	582	1740	1272	2306	228	901	668	204	983	910	938	972	775	824	1227	872	881	991	866	640	872	1294	2178	603	1238	818	529	796	907	798	791	2700	795	2242	1312	1180	772	920	198	734	1405	621	418	418	549	634	864	262	591	932	819	1351	624	891	1128	733	1081	745	870	777	741	775	1294	636	761	728	484	1876	745	744	615	1269	1032	841	915	263	603	2273	2070	894	1605	979	789	1926	843	689	191	1039	521	1178	648	1056	2365	801	1093	1265	734	615	835	632	870	999	887
54	899	242	111	427	480	1375	528	1738	801	100	140	1174	2082	179	206	796	0	588	136	348	302	1016	459	859	190	1956	1831	595	855	3214	927	175	889	1239	371	69	183	1956	2515	442	307	859	256	1033	55	197	161	1031	372	316	166	1847	281	351	354	1331	1032	288	253	974	265	1018	244	1868	294	1757	513	302	1049	1768	576	20	1342	442	1580	2003	335	357	1818	265	2281	1047	552	2550	382	299	939	156	938	509	159	1452	316	1081	1285	810	244	1822	428	589	147	397	3783	1031	1101	725	109	301	364	1107	270	1180	166	223	3223	277	333	392	1241	93	498	622	361	770	398	1288	1080	999	344	441	661	50	139	451	2886	223	298	49	1850	240	953	144	183	136	170	1040	195	369	603	579	1579	497	166	1265	150	108	947	893	150	704	79	156	172	1633	1273	1091	307	322	994	663	1101	632	256	395	1140	491	401	364	378	621	682	1105	128	226	99	997	1606	1869	1817	1708	567	265	1961	547	171	937	331	513	1925	322	352	406	180	207	967	2035	166	610	2040	170	167	1465	719	979	206	206	408	306	957	1564	2988	1010	182	1184	653	339	137	917	214	175	231	680	81	307	347	160	509	81	2090	2859	246	598	1281	275	172	327	253	34	3137	172	1668	1160	1904	206	227	947	850	613	669	437	623	256	425	375	1041	384	1633	70	576	191	862	1705	588	321	579	93	541	250	192	2028	1328	1446	594	661	1159	579	271	475	2003	1171	378	849	552	246	1480	2569	864	1944	603	1526	2283	1576	668	978	487	639	807	171	264	1918	1560	954	1144	854	244	373	170	93	449	319
620	1238	682	688	260	643	1060	188	1352	1265	677	530	1576	1709	481	754	733	588	0	696	669	462	1246	420	1160	457	1716	1946	462	1059	3197	1017	421	1146	1627	848	526	655	1716	2945	860	374	1035	461	780	534	471	433	844	622	381	616	1675	315	453	668	1164	847	807	805	892	805	1249	532	1428	812	1377	105	364	878	1799	216	602	1132	860	1746	1630	825	510	1443	644	2593	1604	416	2758	788	360	1374	501	1464	783	499	1798	378	1407	1421	647	532	1592	390	143	537	214	3869	1458	1613	940	684	637	295	1636	320	1513	426	807	3280	857	730	208	1486	676	417	731	776	812	204	1669	1500	1085	462	382	400	632	706	386	2938	717	636	632	1757	822	777	533	472	696	703	848	473	904	65	987	1659	441	616	1530	503	684	932	531	536	557	538	501	737	1249	1746	1114	374	372	904	700	977	946	461	218	1529	1011	205	287	274	351	752	980	710	362	675	830	1172	2188	1411	1312	203	805	1965	437	426	1464	722	418	1905	372	766	808	515	532	1246	1645	496	464	2444	703	427	1288	237	1191	754	754	734	704	1238	1896	3032	950	516	1361	744	463	715	1359	586	421	395	545	655	374	466	497	112	655	1879	2906	655	1184	1498	464	736	382	805	616	3403	737	1521	1671	1525	754	492	932	1219	1079	159	688	880	461	855	297	862	790	1249	540	1090	455	1302	1853	0	648	17	676	77	341	743	1655	976	1070	8	274	1700	17	321	886	1630	1562	274	1304	657	655	1779	2786	1305	2260	266	1195	2594	1567	1073	831	411	229	445	459	787	1633	1258	1448	1643	1221	665	274	490	676	388	369
153	781	331	37	559	600	1510	609	1875	814	42	273	1201	2218	315	234	925	136	696	0	453	436	917	595	927	326	1940	1919	731	947	3317	1035	275	968	1270	244	204	274	1939	2380	325	366	956	392	1043	184	333	265	1164	329	371	274	1973	381	373	291	1461	1165	154	262	1101	283	918	373	2004	160	1893	632	367	1181	1871	651	137	1473	325	1662	2139	205	489	1954	370	2321	996	582	2614	456	367	960	206	803	606	208	1492	372	1134	1377	813	373	1952	465	676	175	491	3867	1052	1080	820	34	247	439	972	377	1058	271	120	3313	163	418	491	1311	57	635	740	434	890	497	1319	1102	931	364	480	702	129	172	488	2979	109	243	127	1801	129	1086	176	319	0	47	1173	331	372	703	630	1677	633	274	1331	202	35	1069	935	177	839	158	206	192	1769	1269	1034	366	379	1121	787	1229	710	392	488	1172	492	498	442	457	669	802	1233	136	337	41	1129	1741	1910	1953	1845	644	283	2066	683	270	803	419	649	1860	379	427	477	208	337	1037	2171	214	746	1906	47	269	1594	846	884	234	234	504	396	848	1605	3082	1134	209	1271	772	359	39	935	187	275	309	690	54	366	365	210	628	54	2219	2953	346	492	1357	410	191	379	262	134	3184	192	1634	1138	2040	234	253	1069	898	480	791	547	715	392	483	447	1173	457	1769	158	439	327	883	1789	696	263	685	57	641	356	220	2165	1465	1583	703	793	1027	685	375	535	2139	1201	457	865	674	346	1361	2631	885	1986	668	1662	2322	1687	714	1109	517	768	855	307	130	1913	1695	946	1129	903	339	453	306	57	486	377
306	1235	129	416	414	165	1133	706	1518	598	411	233	916	1842	244	268	504	348	669	453	0	206	1363	306	538	261	2250	1484	404	510	2867	582	421	555	972	696	321	179	2250	2791	779	570	511	217	1305	343	240	408	760	713	585	182	1533	473	651	701	1031	760	602	293	668	273	1365	153	1676	607	1532	565	559	770	1420	762	333	1056	779	1238	1766	657	169	1588	83	1983	979	820	2221	128	552	706	474	1179	163	476	1163	583	777	938	1098	153	1526	701	740	481	565	3438	791	954	378	419	648	587	1337	449	1511	408	463	2875	513	84	550	910	396	340	293	124	443	555	1018	835	1342	648	709	903	328	296	720	2538	559	644	330	2178	484	686	477	250	453	499	770	239	322	714	318	1231	322	182	941	468	418	623	1118	483	475	408	474	295	1415	1077	1429	570	586	688	354	799	307	217	567	873	387	563	582	591	853	357	803	332	416	412	721	1420	1571	1605	1495	749	273	1614	370	421	1178	75	352	2265	586	116	144	506	176	641	1806	482	419	2334	499	413	1162	682	1327	268	268	71	78	1300	1269	2640	693	509	840	326	644	429	690	559	421	490	966	405	570	652	476	558	405	1784	2511	107	738	944	208	296	598	293	329	2825	295	1983	1011	1674	268	545	623	564	920	667	94	279	217	195	602	765	129	1415	398	855	262	633	1361	669	668	668	396	661	441	273	1791	1109	1234	670	590	1372	668	457	218	1766	905	591	635	241	107	1814	2242	636	1645	805	1284	1984	1233	405	696	762	591	1026	278	579	2197	1303	785	979	567	116	583	241	396	719	581
290	1190	241	406	212	230	1074	508	1442	803	397	164	1120	1782	124	355	503	302	462	436	206	0	1285	161	723	121	2073	1616	295	660	2962	682	280	726	1174	672	241	238	2073	2817	736	411	649	46	1123	265	107	272	730	607	426	206	1554	295	506	612	1035	732	590	400	684	390	1287	86	1579	596	1460	359	397	750	1522	564	299	1041	736	1385	1704	636	73	1520	191	2170	1164	646	2384	327	390	912	364	1229	337	366	1358	424	968	1071	927	86	1522	535	537	385	371	3568	997	1155	529	406	559	408	1396	271	1473	269	498	2995	553	271	354	1080	386	202	364	316	500	358	1218	1041	1224	505	541	716	313	339	552	2655	522	556	315	2029	518	652	380	122	436	472	739	108	475	507	525	1348	197	206	1116	360	405	670	923	387	402	323	364	358	1336	1284	1298	411	425	702	383	807	498	46	373	1075	566	367	401	407	665	415	811	363	249	397	697	1318	1760	1523	1413	550	390	1708	248	283	1229	262	216	2133	425	307	346	398	110	821	1737	369	310	2342	472	275	1168	496	1242	355	355	273	246	1237	1461	2755	724	400	986	392	502	429	897	469	280	339	797	382	411	510	365	352	382	1794	2626	208	840	1106	26	359	438	400	304	3003	358	1823	1212	1606	355	423	670	765	915	471	241	447	46	394	423	741	329	1336	316	875	121	839	1503	462	579	462	386	455	268	351	1729	1031	1151	464	414	1443	462	280	423	1704	1107	407	841	285	208	1770	2407	843	1834	609	1225	2171	1315	611	679	593	406	830	145	566	2013	1259	988	1183	768	221	400	132	386	551	420
1057	239	1246	954	1294	1493	2282	1060	2597	1657	957	1147	2048	2954	1166	1145	1786	1016	1246	917	1363	1285	0	1412	1837	1164	1356	2836	1539	1864	4230	1943	1011	1883	2122	693	1056	1188	1355	1770	597	926	1872	1240	863	1032	1181	1016	1993	682	913	1181	2832	1047	824	673	2310	1995	788	1160	1968	1184	3	1253	2672	784	2622	1259	941	2018	2784	1050	1030	2304	597	2577	2874	730	1354	2687	1279	3174	1639	839	3509	1372	948	1807	920	796	1521	919	2356	916	2027	2294	740	1253	2784	860	1123	901	1071	4781	1896	1817	1736	950	726	983	894	1066	329	1020	955	4230	932	1335	1088	2220	973	1444	1635	1351	1780	1089	2172	1945	290	819	866	911	1036	1088	860	3896	807	729	1034	1044	940	1915	905	1166	917	869	2000	1180	1248	1201	1532	2593	1454	1181	2234	925	951	1954	1009	899	1658	968	920	1104	2493	2039	403	926	919	1986	1667	2087	1625	1240	1066	2031	1348	1081	993	1000	937	1693	2091	1051	1061	956	1965	2418	2771	2657	2558	1057	1184	2977	1492	1008	798	1336	1457	1021	919	1344	1393	887	1216	1947	2891	916	1551	1256	869	1015	2443	1479	59	1145	1145	1419	1312	114	2471	3999	2010	885	2188	1666	820	948	1780	817	1011	968	756	959	926	814	920	1261	959	3063	3870	1258	1040	2269	1260	1103	905	1160	1034	4045	1104	983	1865	2769	1145	867	1954	1790	568	1402	1454	1632	1240	1394	974	2006	1374	2493	976	688	1164	1736	2704	1246	706	1228	973	1169	1055	1133	2900	2210	2311	1254	1483	984	1228	1056	1446	2874	2057	1000	1708	1561	1258	538	3523	1738	2846	1014	2426	3175	2592	1608	1952	835	1441	1003	1141	806	1404	2480	1733	1880	1795	1253	1003	1162	973	859	924
451	1332	384	566	170	227	916	524	1281	890	557	324	1168	1623	279	511	379	459	420	595	306	161	1412	0	742	270	2108	1555	136	639	2865	615	402	725	1215	826	394	393	2108	2974	884	502	617	203	1158	417	261	398	584	729	517	364	1420	377	604	744	897	585	747	553	560	540	1415	242	1418	753	1299	317	487	606	1435	577	458	896	884	1340	1544	791	142	1360	327	2172	1286	705	2350	434	479	981	497	1391	376	498	1380	514	989	1018	982	242	1378	610	531	523	410	3497	1059	1253	519	565	693	474	1557	354	1616	393	659	2917	715	387	390	1067	546	40	313	430	415	393	1256	1099	1327	606	613	751	474	500	623	2575	675	690	475	2099	680	505	518	275	595	628	592	263	615	479	604	1276	41	364	1109	494	565	566	933	524	249	470	497	517	1175	1360	1390	502	513	577	296	675	537	203	413	1119	692	403	465	466	698	342	679	524	352	556	553	1157	1768	1361	1252	563	540	1615	88	405	1390	378	55	2218	513	422	448	529	271	826	1576	500	150	2496	628	399	1031	379	1366	511	511	354	371	1371	1476	2673	608	531	949	330	604	589	970	606	401	446	857	540	502	611	496	310	540	1654	2545	350	998	1081	186	518	528	553	464	2987	517	1880	1309	1446	511	545	566	811	1070	376	289	464	203	500	488	596	436	1175	464	1034	269	914	1452	420	711	426	546	441	361	507	1569	870	990	419	284	1604	426	365	516	1544	1152	466	922	237	350	1910	2376	917	1839	628	1067	2173	1217	682	539	663	290	841	292	723	2036	1103	1082	1274	813	364	460	288	546	623	508
808	1674	617	892	900	517	1179	1231	1563	373	891	768	449	1823	782	694	611	859	1160	927	538	723	1837	742	0	799	2789	1010	751	186	2437	377	959	86	483	1144	849	676	2788	3063	1240	1109	235	747	1842	868	778	945	814	1231	1123	698	1323	1009	1187	1209	932	811	1049	677	647	653	1838	690	1765	1053	1565	1055	1097	798	1017	1287	840	1000	1240	742	1757	1107	659	1607	607	1447	846	1358	1691	477	1091	348	1003	1462	386	1005	638	1121	247	498	1636	690	1382	1239	1255	1003	1095	2944	385	687	236	896	1157	1124	1589	986	1929	945	882	2400	912	527	1078	384	875	753	454	498	469	1082	520	408	1855	1183	1248	1438	824	756	1259	2071	1037	1154	826	2708	899	776	1000	788	927	974	824	777	598	1215	308	804	728	698	406	996	895	544	1647	1006	732	930	1003	735	1475	699	1950	1109	1125	663	520	749	230	747	1097	395	527	1091	1118	1126	1387	467	752	791	954	892	775	1541	1036	1660	1556	1274	653	1218	751	958	1461	529	757	2783	1125	507	454	1033	715	109	1813	1011	759	2651	974	950	1033	1096	1809	694	694	467	555	1759	738	2177	623	1035	375	455	1179	892	355	1073	958	1028	1505	893	1109	1187	1005	1047	893	1585	2048	618	971	431	734	737	1136	677	832	2287	735	2519	729	1685	694	1075	544	144	1324	1110	482	279	747	445	1139	806	475	1475	921	1228	800	324	870	1160	1176	1164	875	1169	978	707	1779	1206	1326	1159	994	1595	1164	994	392	1757	425	1126	359	512	618	2233	1710	327	1110	1333	1307	1448	895	249	742	1300	1015	1554	816	1031	2734	1288	531	675	142	618	1119	779	875	1258	1120
192	1069	229	300	250	338	1186	456	1548	827	290	75	1169	1892	23	300	624	190	457	326	261	121	1164	270	799	0	1989	1722	406	756	3079	794	167	812	1228	556	124	197	1989	2704	616	311	750	75	1044	146	21	157	849	488	326	158	1675	213	398	491	1156	851	477	350	805	348	1166	109	1678	483	1567	365	299	869	1636	511	192	1161	616	1485	1813	520	190	1628	205	2244	1146	558	2476	355	292	949	244	1127	417	246	1424	324	1038	1175	838	109	1642	440	500	263	313	3676	1038	1162	624	299	438	326	1296	190	1352	155	403	3106	459	295	300	1168	280	309	478	338	618	306	1274	1084	1110	397	449	643	213	263	460	2767	405	435	214	1927	422	771	259	14	326	358	858	21	447	489	564	1459	310	158	1200	239	298	790	862	265	518	202	244	289	1442	1309	1187	311	326	824	503	928	569	75	314	1128	555	313	321	331	594	532	932	277	155	289	817	1416	1832	1627	1518	499	348	1824	358	169	1127	288	323	2024	326	328	378	278	87	901	1844	250	421	2226	358	161	1290	547	1122	300	300	332	266	1115	1530	2867	846	280	1086	507	393	325	931	348	167	233	706	272	311	401	245	359	272	1915	2738	207	764	1198	95	289	339	350	200	3086	289	1727	1221	1714	300	306	790	822	800	506	326	533	75	417	341	860	357	1442	196	766	1	873	1606	457	457	452	280	430	180	291	1839	1138	1256	461	480	1347	452	197	457	1813	1160	331	869	400	207	1649	2499	876	1907	551	1337	2245	1433	654	800	501	462	770	23	453	1936	1373	1002	1197	825	215	324	33	280	459	321
2011	1589	2186	1967	1938	2300	2654	1583	2811	2752	1963	2024	3131	3137	2006	2157	2449	1956	1716	1940	2250	2073	1356	2108	2789	1989	0	3659	2176	2732	4890	2723	1831	2799	3196	1828	1949	2130	1	2753	1739	1680	2718	2044	951	1934	2011	1846	2539	1610	1666	2102	3323	1780	1609	1654	2845	2543	1892	2195	2607	2213	1359	2098	2774	1892	2843	1805	1691	2576	3514	1531	1977	2794	1739	3448	3068	1849	2144	2905	2185	4232	2883	1430	4455	2327	1697	2894	1801	2147	2405	1798	3406	1668	3026	3126	1152	2098	3204	1549	1584	1810	1706	5585	2987	3009	2603	1961	1693	1666	2251	1805	1615	1845	2039	4993	2047	2271	1725	3154	1975	2117	2417	2307	2520	1721	3245	3036	1121	1614	1540	1359	2001	2087	1529	4651	1851	1697	1999	477	2034	2480	1812	2000	1940	1901	2541	2011	2310	1651	2532	3375	2139	2102	3188	1808	1962	2648	1184	1806	2274	1878	1801	2117	2731	3207	989	1680	1664	2618	2403	2682	2558	2044	1704	3097	2432	1712	1672	1666	1412	2450	2684	2060	1834	1960	2532	2588	3819	2827	2763	1545	2213	3676	2146	1832	2149	2266	2121	723	1664	2297	2351	1775	2074	2891	3053	1792	2179	2290	1901	1840	2956	1905	1328	2157	2157	2321	2241	1467	3515	4743	2666	1774	3054	2437	1619	1979	2871	1758	1832	1762	1284	1951	1680	1611	1798	1811	1951	3487	4618	2177	2281	3179	2059	2116	1653	2195	1989	5075	2117	377	3065	2968	2157	1729	2648	2801	1839	1842	2311	2519	2044	2378	1651	2558	2329	2731	1887	1951	1988	2817	3561	1716	1679	1704	1975	1674	1811	2141	3089	2549	2595	1721	1978	2341	1704	1796	2426	3068	3128	1666	2801	2338	2177	1600	4480	2819	3894	1479	2754	4233	3279	2623	2538	1488	1936	1272	1972	1897	165	2838	2885	3063	2805	2180	1673	2009	1975	1530	1669
1785	2681	1592	1882	1723	1386	1316	2078	1544	1300	1880	1715	1022	1613	1712	1692	1214	1831	1946	1919	1484	1616	2836	1555	1010	1722	3659	0	1484	975	1436	940	1890	955	962	2147	1805	1651	3660	4025	2240	2027	973	1654	2712	1827	1702	1879	1190	2198	2043	1664	899	1910	2120	2185	984	1185	2051	1681	1075	1656	2837	1618	1769	2055	1526	1854	2014	1152	283	2129	1814	1075	2240	277	1582	2109	1542	1528	1566	947	1666	2255	856	1463	2006	1181	1957	2454	1322	1959	794	2040	883	547	2535	1618	1072	2150	2075	1965	1963	1954	1129	1428	1106	1886	2132	2018	2567	1885	2939	1878	1887	1394	1919	1502	1944	650	1864	1543	1254	1485	1140	1947	934	1099	2827	2119	2155	2306	1804	1748	2166	1062	2029	2129	1807	3646	1905	1225	1961	1716	1919	1967	1192	1702	1608	2011	1318	292	1522	1664	661	1951	1885	1016	2476	1968	1392	1892	1957	1732	1513	1269	2910	2027	2042	1068	1258	1038	1211	1654	1967	995	1533	1957	2011	2014	2253	1213	1036	1784	1866	1881	1181	1663	747	1631	1569	2114	1656	370	1513	1892	2453	1502	1538	3746	2042	1492	1442	1989	1651	903	1653	1964	1481	3638	1967	1883	954	1783	2804	1692	1692	1422	1526	2762	740	1167	1013	1992	648	1230	2116	1887	1206	2043	1890	1954	2408	1879	2027	2124	1958	1848	1879	1082	1038	1584	1966	585	1636	1733	2055	1681	1808	1546	1732	3434	1432	1569	1692	2025	1016	1093	2334	1834	1401	1208	1654	1445	2033	1170	1462	1513	1883	2238	1723	1220	152	1946	2152	1956	1864	1985	1885	1704	1594	1412	1473	1941	1696	2561	1956	1895	1393	1582	990	2014	1259	1335	1584	3243	893	1220	762	2181	1347	948	487	1255	1164	2207	1735	2388	1744	2032	3579	1269	1358	1374	1088	1588	2007	1713	1864	2166	2036
