NAME : VRPTW_INSTANCE_186.txt
COMMENT : Bangkok Supermarket
TYPE : VRPTW
DIMENSION : 273
DAYS : Wednesday
EDGE_WEIGHT_TYPE : EXPLICIT
VEHICLES : 38
EDGE_WEIGHT_FORMAT : FULL_MATRIX
CAPACITY : 1000
EDGE_WEIGHT_SECTION
0	465	199	24	1658	556	309	245	398	154	725	1791	2235	153	1190	1224	532	830	957	199	403	243	1277	978	441	437	399	197	1804	204	212	402	940	1055	1137	885	1614	840	473	672	378	1010	223	1734	1183	225	307	1730	328	448	978	428	911	541	860	2175	243	978	1002	530	451	1406	941	1403	21	17	46	422	469	545	941	201	1771	287	219	177	97	314	910	234	574	206	215	83	201	441	304	717	309	35	202	206	601	995	309	153	3352	347	246	1075	307	1142	1455	641	1190	3419	1028	23	133	625	859	307	258	413	330	150	807	248	1660	1237	193	101	609	1001	505	196	101	412	309	1321	97	135	214	60	994	815	834	1036	92	90	1930	891	404	432	807	609	420	79	283	307	198	594	611	2532	1121	359	499	499	24	359	401	1213	1113	254	230	726	1016	806	548	1727	586	1727	1126	2097	309	395	734	1990	203	103	112	205	1247	246	115	1390	1115	214	170	89	308	3008	582	1908	404	203	972	348	976	367	240	85	246	994	307	79	155	2974	231	166	863	586	1934	308	647	155	401	1016	391	165	207	402	737	650	193	1560	1109	307	254	223	629	351	348	438	394	1073	394	1016	379	1077	428	212	1095	413	363	22	386	322	404	103	1075	242	1162	811	411	2033	734	968	964	1303	1781	283	1033	502	192	122	1116	306	582	362	300	1602	586
465	0	295	463	1529	132	304	508	863	547	411	1625	1773	599	1149	1441	236	1014	580	295	560	509	1112	590	335	333	613	472	2194	366	583	559	607	708	750	689	1994	809	936	842	87	616	476	1302	1113	505	311	1279	437	874	590	481	1233	236	704	2128	509	590	676	225	417	1672	552	1338	487	474	499	422	83	640	552	399	1610	520	374	288	407	639	625	335	969	314	505	460	504	513	313	867	199	469	626	314	798	672	199	347	3237	437	712	702	310	753	1514	685	1149	3138	1073	474	430	341	1257	297	429	622	500	614	991	222	1208	830	273	407	391	674	776	412	545	428	493	871	554	467	251	468	671	699	453	696	396	531	2086	450	418	337	991	1067	585	416	439	310	499	1059	181	2343	737	586	563	563	463	586	558	1192	874	719	696	1191	632	826	234	1502	136	1502	1047	1889	493	594	679	1532	374	540	392	376	1343	712	568	1464	731	680	556	439	314	2952	618	1999	563	269	661	698	663	681	475	523	712	671	310	515	362	2668	457	630	1048	136	2238	317	758	310	565	972	564	299	673	715	488	552	272	1248	728	168	509	476	636	427	432	326	565	720	565	972	478	722	481	374	716	562	446	468	588	337	558	501	702	707	952	723	415	1576	916	660	897	1769	1711	439	672	563	273	578	1246	372	618	445	485	1837	168
199	295	0	208	1514	365	288	365	583	252	528	1637	2047	352	1070	1219	434	800	757	0	492	364	1118	778	410	406	364	314	1999	242	288	491	743	858	938	710	1808	714	666	787	212	810	332	1535	1052	351	290	1536	380	646	778	305	964	441	847	2063	364	778	807	428	456	1430	742	1277	218	214	220	438	280	456	742	117	1618	398	261	83	194	474	719	243	767	32	345	236	335	329	290	666	112	218	396	32	570	800	112	53	3219	394	436	876	290	942	1378	701	1070	3240	938	217	135	428	1054	281	169	377	257	345	777	79	1465	1037	99	198	420	805	515	128	298	434	242	1127	297	272	84	230	798	660	634	839	177	243	2059	696	423	404	777	775	357	191	190	290	331	784	419	2375	921	330	556	556	208	330	490	1101	933	444	421	916	817	698	445	1556	400	1556	991	1933	242	350	595	1798	248	251	189	252	1183	436	315	1319	915	402	345	222	293	2895	469	2013	495	125	777	520	782	526	343	235	437	798	290	228	67	2788	326	350	834	400	2110	295	573	96	494	891	487	81	397	562	548	649	79	1369	909	127	371	332	672	390	391	403	489	875	489	891	437	879	305	255	895	500	409	212	342	319	492	276	876	432	989	664	427	1841	700	774	829	1491	1658	190	834	558	78	322	1066	161	469	408	232	1755	392
24	463	208	0	1678	558	291	221	403	178	736	1811	2235	144	1213	1248	519	854	965	208	378	218	1296	985	422	419	423	173	1792	184	236	377	950	1066	1146	901	1601	862	473	649	376	1017	199	1739	1205	201	289	1732	305	438	985	449	933	528	839	2198	218	985	1014	517	430	1429	949	1425	36	14	67	400	471	568	949	220	1791	262	198	175	78	292	923	216	561	218	191	59	177	462	286	741	314	12	189	218	625	1007	314	164	3373	325	251	1084	289	1150	1478	617	1213	3436	1051	11	154	635	847	290	279	438	353	152	832	250	1662	1244	189	82	623	1013	529	217	89	390	332	1323	92	111	212	36	1005	834	842	1047	77	110	1908	894	382	413	832	619	443	61	304	289	174	595	613	2552	1130	383	475	475	0	383	376	1236	1129	258	234	728	1024	829	535	1744	586	1744	1148	2116	332	419	755	1991	183	123	94	185	1271	251	108	1414	1123	220	150	66	290	3031	604	1884	380	197	984	328	988	346	216	106	250	1005	289	101	170	2989	207	174	887	586	1916	290	670	152	377	1037	367	165	212	381	751	628	192	1573	1117	308	230	199	605	328	325	419	370	1084	370	1037	356	1087	449	191	1103	389	340	5	409	303	379	81	1084	246	1179	831	389	2034	758	980	985	1306	1804	304	1042	478	191	117	1140	324	604	339	323	1581	589
1658	1529	1514	1678	0	1416	1770	1877	1840	1559	1134	183	2024	1789	502	1118	1762	1063	1100	1514	2005	1876	420	1120	1852	1849	1303	1825	3350	1754	1521	2004	1004	973	1064	840	3187	821	1943	2300	1541	1129	1845	1355	483	1861	1775	1539	1886	2052	1120	1229	1404	1760	2227	651	1876	1120	952	1750	1924	1347	1140	304	1664	1675	1642	1919	1447	1130	1140	1458	155	1912	1773	1594	1700	1971	936	1749	2197	1487	1854	1728	1842	1217	1776	1058	1466	1691	1848	1487	1175	950	1466	1532	1710	1897	1773	1037	1774	1068	634	2192	502	1887	733	1681	1524	1188	2453	1762	1399	1290	1333	1739	1070	1539	1514	1126	1604	1705	1142	954	1312	1461	1750	1919	1354	1393	1734	1775	1578	1712	948	855	1173	966	1683	1624	3573	1326	1908	1851	1070	1858	1260	1692	1374	1774	1838	2005	1394	893	1058	1336	2053	2053	1678	1336	2003	510	690	1778	1769	2095	1094	873	1756	357	1447	357	533	519	1354	1295	923	1758	1761	1620	1699	1765	756	1773	1752	677	1058	1744	1828	1721	1778	1436	1079	3515	2007	1627	939	2005	940	2024	1857	1620	1775	948	1774	1618	1518	1535	1840	1707	1054	1447	3573	1781	1062	1610	2007	652	2000	1594	1751	2060	1042	2081	1585	699	1052	1515	1884	1845	2151	1891	1893	1843	2003	981	2003	652	1941	985	1229	1768	1048	2012	1911	1679	1304	1806	2004	1760	1037	1773	595	850	1909	1779	1096	935	694	2529	263	1374	1019	2054	1585	1751	869	1361	1079	1910	1361	3260	1387
556	132	365	558	1416	0	435	631	948	611	286	1505	1682	700	1058	1410	348	985	448	365	691	632	996	459	465	464	620	592	2316	487	636	691	476	576	620	577	2118	731	1028	974	196	486	599	1186	1016	626	441	1174	568	984	459	462	1240	344	810	2025	632	459	544	335	548	1653	422	1238	577	567	583	554	86	610	422	446	1491	647	498	383	513	761	499	459	1087	373	625	565	623	494	444	835	253	566	733	373	783	540	253	418	3120	569	800	571	440	623	1440	815	1058	3006	1004	569	494	231	1376	427	458	627	512	706	963	308	1104	704	373	514	297	542	785	459	645	560	511	765	651	580	346	569	540	605	321	564	500	608	2216	336	550	468	963	1137	582	519	461	440	618	1148	55	2218	607	600	695	695	558	600	690	1104	750	807	784	1280	501	761	340	1376	48	1376	949	1763	511	599	603	1434	495	616	499	498	1281	800	666	1394	601	766	667	545	444	2845	574	2124	694	376	530	818	532	805	600	600	800	540	440	593	428	2536	581	714	1017	48	2369	448	723	407	697	885	695	393	760	840	374	673	366	1116	597	249	633	599	764	558	563	456	696	588	696	885	610	589	462	497	585	694	578	563	595	468	689	607	571	796	831	635	547	1477	891	530	807	1856	1607	461	540	695	368	675	1195	387	574	577	504	1969	36
309	304	288	291	1770	435	0	220	669	453	695	1881	2032	381	1346	1497	243	1083	883	288	257	222	1362	894	133	129	643	201	1896	112	508	256	903	1008	1055	941	1695	990	719	547	247	920	194	1598	1322	223	6	1561	133	609	894	591	1212	254	566	2338	222	894	971	245	168	1696	856	1549	327	306	355	152	362	744	856	393	1864	222	105	208	213	350	908	76	684	320	227	252	232	616	9	952	304	289	383	320	852	966	304	303	3480	135	521	1006	5	1058	1665	423	1346	3433	1224	301	371	609	967	7	454	657	542	426	1060	236	1490	1133	189	209	635	969	781	400	338	150	526	1157	359	227	205	272	965	916	756	994	216	398	1810	749	139	125	1060	898	642	230	476	5	228	843	486	2611	1041	606	283	283	291	606	255	1380	1147	528	505	973	936	982	262	1778	439	1778	1259	2162	526	632	866	1805	116	411	197	115	1471	521	365	1606	1036	498	307	233	9	3169	753	1745	260	162	952	410	955	385	187	393	520	965	5	386	324	2967	171	460	1118	439	1934	13	861	206	262	1165	259	215	487	417	753	363	208	1545	1032	254	218	194	388	126	130	129	261	1021	261	1165	178	1023	591	110	1020	261	147	296	623	36	255	280	1006	516	1216	928	141	1849	984	950	1099	1544	1928	476	974	284	209	377	1353	447	753	145	515	1540	471
245	508	365	221	1877	631	220	0	493	395	865	2002	2252	217	1422	1464	456	1075	1073	365	159	4	1484	1088	305	303	644	52	1686	144	452	159	1079	1190	1250	1074	1486	1068	524	431	435	1116	33	1810	1410	21	214	1778	132	392	1088	653	1132	467	660	2412	4	1088	1146	460	272	1635	1050	1633	251	231	282	237	550	784	1050	424	1983	41	133	290	177	132	1070	172	465	389	31	162	46	671	210	963	438	210	193	389	847	1140	438	345	3579	151	361	1196	214	1253	1699	402	1422	3597	1269	224	369	770	750	224	488	659	568	284	1053	360	1707	1335	286	173	777	1144	747	425	201	224	548	1373	228	110	315	185	1139	1024	946	1174	194	321	1698	958	220	295	1053	728	662	188	513	214	48	646	685	2740	1235	605	267	267	221	605	157	1449	1294	366	346	772	1129	1041	476	1920	644	1920	1351	2298	548	640	955	2024	136	333	178	133	1492	361	223	1635	1229	349	125	162	212	3245	814	1666	161	270	1122	191	1125	174	32	320	360	1139	214	317	360	3140	50	329	1108	644	1754	209	890	271	157	1245	147	287	335	209	903	450	303	1717	1224	405	8	33	399	161	155	307	149	1205	149	1245	162	1207	653	134	1212	171	161	223	630	202	161	152	1196	356	1353	1027	229	2068	979	1119	1188	1334	2013	513	1160	270	302	233	1361	516	814	161	538	1390	667
398	863	583	403	1840	948	669	493	0	356	1078	1995	2630	289	1342	1143	911	844	1319	583	625	489	1508	1343	786	784	551	481	1517	558	360	624	1283	1400	1498	1168	1347	1032	103	775	776	1377	500	2109	1357	477	666	2118	624	271	1343	687	747	921	1147	2275	489	1343	1340	910	765	1255	1309	1555	376	390	365	731	862	725	1309	525	1972	524	564	575	471	433	1235	595	409	578	468	422	456	681	662	793	695	399	300	578	670	1332	695	530	3479	644	152	1431	666	1503	1502	852	1342	3677	1133	391	462	978	618	670	549	561	566	251	827	643	2048	1605	591	472	942	1340	533	513	333	718	549	1710	316	442	612	406	1330	1065	1203	1379	476	339	1898	1279	713	776	827	234	603	457	563	666	459	203	1002	2733	1481	526	742	742	403	526	623	1348	1399	145	169	333	1379	968	928	1973	980	1973	1313	2321	549	564	962	2381	553	332	488	554	1281	152	306	1431	1474	183	372	443	665	3093	791	1937	625	600	1304	404	1310	458	515	347	152	1330	666	355	522	3253	521	233	869	980	1749	664	778	553	619	1190	608	563	190	469	1063	942	591	1868	1467	702	500	500	868	654	648	786	610	1420	610	1190	654	1425	687	559	1453	636	655	397	557	669	627	389	1431	157	1428	1045	722	2424	774	1299	1160	908	1915	563	1384	746	589	295	1134	624	791	655	547	1507	975
154	547	252	178	1559	611	453	395	356	0	722	1701	2290	234	1078	1070	659	682	963	252	554	391	1196	988	587	583	266	349	1844	355	58	553	928	1045	1142	828	1662	738	451	812	463	1022	375	1755	1078	374	453	1770	482	499	988	348	759	667	1012	2053	391	988	986	655	603	1251	954	1292	144	166	112	575	529	430	954	171	1680	436	371	279	249	440	883	381	640	237	363	236	348	350	450	577	358	187	295	237	457	978	358	200	3239	502	231	1075	453	1147	1317	794	1078	3356	900	172	117	622	910	450	194	280	230	179	660	326	1700	1249	300	254	587	985	352	159	208	566	210	1363	186	287	309	211	975	738	848	1024	240	74	2055	933	557	578	660	526	300	231	211	453	346	559	662	2443	1125	228	653	653	178	228	552	1096	1060	238	222	687	1023	692	673	1655	649	1655	1025	2017	210	268	646	2036	355	65	262	358	1106	231	201	1251	1118	197	297	244	454	2883	481	2045	555	320	950	460	955	491	393	75	233	975	453	77	185	2921	385	151	714	649	2016	455	519	266	552	909	542	267	200	523	710	803	291	1522	1111	379	403	375	783	505	502	583	544	1064	544	909	534	1069	348	364	1096	565	518	174	258	471	555	243	1075	230	1097	726	564	2078	588	945	865	1255	1667	211	1028	656	289	198	971	268	481	517	205	1710	635
725	411	528	736	1134	286	695	865	1078	722	0	1219	1617	878	810	1272	634	867	243	528	952	866	714	270	746	744	616	819	2527	722	725	951	215	330	420	304	2335	523	1171	1243	448	306	831	1038	758	856	701	1075	826	1174	270	436	1186	630	1093	1753	866	270	281	621	826	1532	240	974	742	741	737	829	336	527	240	553	1206	889	736	582	715	988	214	702	1294	519	852	761	846	459	704	721	430	746	924	519	713	275	430	572	2835	831	945	353	701	425	1216	1096	810	2738	801	744	621	100	1582	688	530	617	539	863	848	507	1009	530	581	718	149	279	764	564	825	833	549	686	823	791	552	758	273	371	147	311	699	748	2496	308	822	748	848	1229	563	715	520	701	842	1281	259	1932	403	615	969	970	736	615	950	862	463	952	932	1408	303	578	625	1091	313	1091	692	1478	549	595	411	1348	730	752	705	733	1082	945	841	1178	396	909	871	746	705	2567	463	2409	954	595	257	1040	260	1037	836	740	945	273	701	734	572	2275	818	857	895	313	2619	708	611	605	956	648	952	589	908	1073	112	959	567	852	389	459	869	831	1047	822	826	737	954	347	954	648	874	351	436	734	374	956	843	739	595	731	950	803	353	942	546	411	821	1389	787	255	567	1970	1334	520	308	970	568	847	1021	453	463	841	547	2236	254
1791	1625	1637	1811	183	1505	1881	2002	1995	1701	1219	0	1941	1928	670	1301	1853	1237	1150	1637	2123	2001	519	1166	1954	1952	1451	1950	3510	1874	1667	2122	1064	1015	1086	941	3343	966	2098	2420	1645	1168	1970	1289	640	1987	1886	1485	2002	2198	1166	1363	1584	1850	2311	673	2001	1166	1006	1841	2030	1528	1190	483	1799	1809	1778	2027	1545	1276	1190	1590	28	2035	1892	1715	1827	2102	1011	1866	2342	1612	1980	1858	1970	1354	1888	1222	1580	1824	1986	1612	1336	1005	1580	1659	1617	2011	1921	1070	1885	1089	812	2299	670	1711	906	1815	1658	1284	2603	1873	1533	1439	1472	1881	1242	1656	1467	1130	1724	1831	1247	1008	1472	1594	1886	2028	1493	1386	1872	1903	1696	1844	1004	978	1238	1011	1810	1764	3691	1377	2017	1955	1242	2024	1406	1820	1509	1885	1966	2166	1477	741	1083	1482	2164	2164	1811	1482	2121	685	758	1926	1916	2259	1135	1027	1845	246	1531	246	682	339	1493	1442	1058	1685	1882	1760	1824	1885	939	1921	1890	857	1084	1891	1961	1850	1889	1392	1220	3621	2126	1745	1000	2140	1000	2155	1980	1759	1922	1004	1885	1757	1647	1353	1963	1851	1230	1531	3718	1893	1218	1733	2126	806	2120	1716	1897	2191	1137	2177	1704	644	1079	1626	2009	1970	2256	2005	2007	1945	2122	1018	2122	806	2056	1021	1363	1888	1078	2130	2025	1812	1450	1917	2122	1892	1070	1920	673	980	2018	1701	1264	997	837	2704	370	1509	1061	2165	1705	1890	1051	1489	1220	2024	1500	3390	1474
2235	1773	2047	2235	2024	1682	2032	2252	2630	2290	1617	1941	0	2372	2104	2779	1806	2433	1386	2047	2241	2255	1797	1354	1974	1975	2232	2228	3891	2124	2309	2240	1471	1379	1242	1725	3684	2019	2708	2435	1859	1318	2226	682	2026	2255	2038	552	2144	2638	1354	2051	2787	1795	1960	2607	2255	1354	1448	1800	2045	3052	1378	2120	2257	2246	2265	2072	1767	2136	1378	2120	1954	2252	2128	2059	2179	2382	1565	2089	2716	2055	2258	2232	2261	2076	2042	2302	1936	2241	2396	2055	2319	1457	1936	2101	3196	2134	2481	1314	2037	1235	2510	2218	2104	2391	2242	2246	2174	1701	2992	2028	2118	2234	2146	2386	2418	1987	612	1122	2045	2180	1766	1447	2381	2134	2318	2084	2153	932	2327	2235	2022	2241	1461	1866	1470	1403	2169	2291	3390	1357	2080	1983	2418	2816	2180	2189	2114	2037	2256	2829	1629	2235	1259	2227	2177	2177	2235	2227	2240	2163	1603	2489	2466	2962	1332	2104	1786	1695	1650	1695	1987	1904	2153	2210	1960	281	2132	2299	2164	2133	2483	2481	2341	2509	1265	2448	2323	2212	2040	3185	2066	3182	2243	2042	1492	2443	1486	2413	2220	2283	2481	1461	2037	2276	2111	1910	2204	2396	2455	1650	3799	2043	2203	2082	2248	2040	2251	2070	2442	2441	1685	2014	2042	1327	1275	1929	2251	2225	2157	2121	2128	1968	2252	1357	2252	2040	2159	1350	2051	2130	1289	2237	2135	2240	2210	2052	2237	2273	1314	2477	1671	1913	2072	250	2371	1500	1977	3539	2285	2114	1366	2175	2044	2351	2489	2041	2066	2134	2149	3321	1656
153	599	352	144	1789	700	381	217	289	234	878	1928	2372	0	1311	1273	623	904	1109	352	369	213	1417	1129	498	495	500	195	1651	269	283	368	1093	1209	1290	1032	1462	968	343	592	513	1162	216	1882	1310	198	377	1874	342	295	1129	565	923	633	877	2288	213	1129	1156	623	482	1431	1093	1526	137	137	150	448	613	663	1093	346	1907	255	275	316	192	214	1063	307	424	360	188	140	175	573	373	809	458	134	60	360	686	1149	458	306	3473	363	145	1228	377	1294	1548	610	1311	3567	1134	134	274	778	707	382	396	514	456	71	883	392	1803	1388	327	193	762	1154	570	339	54	436	434	1465	57	153	353	131	1147	956	986	1189	202	165	1822	1036	430	488	883	520	533	182	419	377	176	467	755	2669	1273	463	482	483	144	463	367	1330	1262	150	129	599	1168	925	641	1871	726	1871	1256	2238	434	502	870	2130	265	170	208	265	1335	145	38	1481	1267	131	92	161	376	3118	710	1818	370	329	1125	226	1129	262	233	168	144	1147	377	171	308	3124	236	118	935	726	1791	375	753	292	365	1141	354	306	117	291	890	668	333	1712	1261	450	226	216	613	371	366	498	356	1226	356	1141	379	1230	565	270	1247	381	375	139	493	380	371	102	1228	140	1308	948	439	2174	814	1121	1094	1174	1901	419	1186	486	331	37	1197	453	710	375	427	1475	731
1190	1149	1070	1213	502	1058	1346	1422	1342	1078	810	670	2104	1311	0	724	1386	568	881	1070	1562	1421	325	911	1445	1442	815	1370	2849	1312	1035	1561	769	799	931	513	2687	356	1444	1853	1140	934	1393	1425	77	1405	1350	1565	1450	1563	911	769	928	1385	1853	992	1421	911	747	1374	1509	989	915	214	1194	1208	1169	1498	1067	648	915	998	644	1460	1331	1153	1245	1505	672	1313	1710	1041	1396	1266	1384	751	1350	555	1044	1225	1372	1041	674	741	1044	1079	2162	1463	1283	874	1349	937	428	1768	0	2380	238	1214	1058	829	1958	1338	935	802	860	1256	572	1110	1519	1033	1167	1249	762	749	811	998	1277	1496	881	1296	1259	1315	1144	1248	737	452	903	781	1228	1147	3120	1079	1485	1443	572	1355	778	1234	910	1349	1380	1504	1052	1394	917	850	1625	1625	1213	850	1560	60	514	1288	1280	1592	903	386	1383	722	1099	722	127	1008	881	810	479	1823	1318	1141	1246	1322	384	1283	1276	411	914	1256	1360	1262	1353	1825	609	3083	1564	1191	713	1534	718	1558	1406	1144	1285	737	1349	1142	1063	2003	1390	1221	563	1099	3083	1356	567	1166	1563	180	1555	1151	1263	1592	700	1684	1146	846	905	1097	1430	1393	1734	1459	1460	1437	1558	817	1558	180	1507	823	769	1326	895	1570	1479	1213	819	1381	1562	1294	874	1284	434	426	1487	1853	594	707	252	2035	590	910	835	1626	1146	1274	434	910	609	1478	890	2787	1038
1224	1441	1219	1248	1118	1410	1497	1464	1143	1070	1272	1301	2779	1273	724	0	1644	427	1443	1219	1624	1461	1048	1476	1627	1623	855	1420	2479	1415	1012	1623	1338	1411	1550	1066	2354	772	1220	1865	1389	1508	1446	2113	796	1443	1498	2229	1550	1413	1476	959	422	1648	2064	1281	1461	1476	1345	1635	1660	273	1465	832	1215	1236	1183	1636	1373	802	1465	1106	1273	1506	1433	1292	1314	1487	1236	1435	1552	1188	1433	1306	1417	928	1497	575	1262	1257	1327	1188	650	1336	1262	1195	2478	1569	1171	1481	1498	1557	520	1865	724	2975	538	1243	1128	1233	1722	1492	1050	842	963	1202	450	1291	2175	1667	1313	1319	1151	1346	720	1097	1267	1628	977	1904	1242	1358	1304	1282	1332	933	1409	1387	1303	1143	3042	1579	1619	1620	450	1029	866	1297	1030	1498	1416	1219	1432	1928	1534	891	1723	1724	1248	891	1622	676	1179	1171	1178	1252	1484	698	1650	1420	1459	1420	815	1631	977	869	863	2498	1418	1131	1324	1420	364	1171	1252	457	1529	1161	1355	1314	1500	2038	837	3073	1625	1339	1302	1488	1308	1532	1463	1144	1173	1332	1498	1148	1173	2652	1455	1155	393	1459	2831	1502	687	1291	1622	741	1611	1283	1173	1557	1168	1860	1295	1568	1519	1312	1473	1446	1853	1571	1569	1621	1614	1432	1614	741	1603	1439	959	1426	1506	1635	1585	1245	877	1523	1625	1312	1481	1174	1123	886	1624	2532	525	1295	801	1529	1042	1030	1433	1726	1294	1244	295	1081	837	1584	987	2643	1407
532	236	434	519	1762	348	243	456	911	659	634	1853	1806	623	1386	1644	0	1219	766	434	437	459	1344	769	169	170	794	444	2098	353	708	437	814	903	920	922	1893	1043	963	677	258	788	434	1412	1349	463	248	1354	339	848	769	691	1399	11	468	2364	459	769	881	12	248	1862	732	1574	553	533	576	270	319	852	732	551	1839	449	349	381	443	580	846	315	912	464	468	489	475	722	252	1076	382	519	627	464	993	878	382	473	3468	328	761	884	248	922	1745	490	1386	3331	1302	530	555	574	1186	241	599	806	683	663	1195	357	1284	980	359	441	627	879	949	562	577	281	671	960	596	470	356	507	878	935	646	894	442	617	1882	588	276	178	1195	1136	777	459	616	248	471	1087	379	2564	909	762	396	396	519	762	436	1428	1097	767	744	1217	810	1055	20	1721	324	1721	1283	2109	671	778	913	1588	358	629	426	358	1568	761	604	1693	904	735	550	469	249	3188	840	1780	440	339	872	641	873	608	425	610	760	878	248	603	493	2853	411	693	1253	324	2087	251	972	393	444	1208	447	392	724	635	720	327	371	1443	903	331	453	434	434	315	322	163	448	911	448	1208	354	912	691	353	893	435	329	524	771	254	434	521	884	755	1180	959	269	1632	1119	872	1133	1787	1947	616	862	394	373	616	1465	562	840	328	661	1661	379
830	1014	800	854	1063	985	1083	1075	844	682	867	1237	2433	904	568	427	1219	0	1061	800	1233	1072	836	1094	1210	1207	440	1027	2310	1009	626	1232	965	1053	1191	709	2159	421	939	1494	963	1128	1053	1789	612	1054	1085	1880	1148	1098	1094	532	382	1223	1647	1433	1072	1094	984	1210	1249	670	1078	760	824	844	793	1227	946	375	1078	690	1210	1117	1028	876	913	1118	868	1025	1244	768	1044	913	1030	500	1084	150	836	865	962	768	232	975	836	780	2641	1166	829	1118	1085	1197	657	1469	568	2948	330	851	721	818	1460	1078	631	426	542	837	23	869	1821	1311	896	918	736	985	334	683	888	1221	558	1528	864	965	885	890	971	566	1010	1029	900	756	2717	1174	1210	1204	23	809	443	898	609	1085	1027	976	1009	1947	1173	478	1325	1325	854	478	1231	552	875	831	831	1048	1109	332	1225	1281	1034	1281	595	1575	558	451	475	2154	1013	746	922	1015	437	829	877	587	1167	810	978	917	1087	2248	415	2722	1235	922	940	1129	947	1166	1070	757	831	971	1085	759	759	2569	1060	792	34	1034	2590	1089	263	878	1232	479	1222	868	821	1196	771	1447	877	1322	1158	888	1084	1053	1452	1167	1165	1204	1224	1075	1224	479	1203	1082	532	1021	1144	1244	1182	852	460	1111	1234	925	1118	831	847	520	1216	2191	100	933	503	1467	1090	609	1067	1328	876	871	294	656	415	1181	568	2345	984
957	580	757	965	1100	448	883	1073	1319	963	243	1150	1386	1109	881	1443	766	1061	0	757	1140	1074	694	33	907	906	855	1031	2751	929	968	1140	112	140	180	385	2556	671	1411	1421	640	68	1040	795	815	1067	890	839	1017	1404	33	676	1403	760	1190	1745	1074	33	148	754	991	1711	40	1003	975	972	973	1000	524	750	40	793	1142	1092	941	803	937	1201	213	904	1518	752	1065	986	1060	697	893	923	653	976	1152	752	933	151	653	805	2762	1018	1183	122	889	184	1308	1252	881	2565	933	975	859	341	1807	876	773	855	781	1099	1044	726	775	287	798	939	390	146	997	805	1055	1006	792	467	1055	1010	769	985	153	509	127	139	922	986	2648	227	997	911	1044	1472	801	939	763	889	1056	1522	400	1824	164	856	1140	1140	965	856	1139	939	413	1191	1170	1650	60	745	753	982	451	982	754	1367	792	834	586	1114	937	991	926	940	1207	1183	1073	1281	157	1148	1094	969	893	2533	680	2539	1143	808	170	1256	166	1248	1043	979	1184	153	889	972	807	2090	1024	1096	1086	451	2818	897	819	827	1146	750	1143	811	1146	1283	298	1091	787	676	152	672	1076	1040	1198	1007	1012	898	1145	146	1145	750	1059	146	676	940	138	1143	1027	970	835	917	1138	1028	122	1180	511	557	994	1153	991	176	672	2213	1330	763	96	1140	788	1079	1171	696	680	1026	790	2416	412
199	295	0	208	1514	365	288	365	583	252	528	1637	2047	352	1070	1219	434	800	757	0	492	364	1118	778	410	406	364	314	1999	242	288	491	743	858	938	710	1808	714	666	787	212	810	332	1535	1052	351	290	1536	380	646	778	305	964	441	847	2063	364	778	807	428	456	1430	742	1277	218	214	220	438	280	456	742	117	1618	398	261	83	194	474	719	243	767	32	345	236	335	329	290	666	112	218	396	32	570	800	112	53	3219	394	436	876	290	942	1378	701	1070	3240	938	217	135	428	1054	281	169	377	257	345	777	79	1465	1037	99	198	420	805	515	128	298	434	242	1127	297	272	84	230	798	660	634	839	177	243	2059	696	423	404	777	775	357	191	190	290	331	784	419	2375	921	330	556	556	208	330	490	1101	933	444	421	916	817	698	445	1556	400	1556	991	1933	242	350	595	1798	248	251	189	252	1183	436	315	1319	915	402	345	222	293	2895	469	2013	495	125	777	520	782	526	343	235	437	798	290	228	67	2788	326	350	834	400	2110	295	573	96	494	891	487	81	397	562	548	649	79	1369	909	127	371	332	672	390	391	403	489	875	489	891	437	879	305	255	895	500	409	212	342	319	492	276	876	432	989	664	427	1841	700	774	829	1491	1658	190	834	558	78	322	1066	161	469	408	232	1755	392
403	560	492	378	2005	691	257	159	625	554	952	2123	2241	369	1562	1624	437	1233	1140	492	0	163	1604	1151	267	267	799	205	1661	250	612	0	1160	1265	1310	1186	1456	1206	637	296	504	1176	179	1841	1545	181	251	1791	125	464	1151	793	1290	448	524	2554	163	1151	1228	445	197	1794	1113	1770	410	389	441	168	620	931	1113	569	2105	118	231	410	324	197	1163	257	491	521	191	319	206	813	248	1118	543	368	332	521	1003	1223	543	483	3712	122	506	1263	252	1313	1851	243	1562	3690	1418	382	519	863	753	265	633	813	717	438	1210	467	1720	1386	400	319	882	1226	906	571	360	156	697	1393	386	267	426	343	1222	1150	1013	1252	339	481	1568	998	161	259	1210	858	813	338	658	252	208	752	741	2857	1297	759	117	117	378	759	2	1591	1398	510	493	869	1193	1185	457	2028	693	2028	1484	2410	697	793	1088	2026	243	492	319	240	1647	506	379	1788	1292	499	277	315	248	3386	956	1521	2	378	1208	246	1211	197	163	479	505	1222	252	476	501	3225	175	484	1266	693	1677	244	1041	396	7	1383	16	411	485	213	1004	324	420	1802	1288	500	150	179	245	133	128	274	15	1279	15	1383	84	1280	793	237	1277	11	114	381	783	223	3	312	1263	501	1464	1156	168	2070	1136	1206	1322	1411	2150	658	1231	121	419	389	1518	651	956	115	687	1284	728
243	509	364	218	1876	632	222	4	489	391	866	2001	2255	213	1421	1461	459	1072	1074	364	163	0	1483	1089	309	307	641	51	1684	145	449	162	1080	1190	1251	1074	1485	1067	521	433	436	1117	34	1812	1408	17	216	1781	136	388	1089	652	1129	470	664	2410	0	1089	1146	463	276	1632	1051	1631	248	228	279	241	551	782	1051	423	1982	45	134	290	176	130	1070	174	463	388	28	160	43	669	213	960	438	207	189	388	844	1141	438	344	3578	155	357	1197	217	1254	1697	405	1421	3597	1267	221	366	771	748	227	486	656	566	280	1050	360	1709	1337	286	171	777	1145	744	423	198	228	545	1375	224	108	316	182	1139	1023	947	1174	193	318	1700	960	224	299	1050	724	660	186	511	217	44	642	687	2739	1236	602	270	271	218	602	161	1447	1294	362	342	768	1130	1040	479	1919	645	1919	1349	2297	545	637	953	2027	137	329	176	134	1490	357	219	1632	1230	344	121	160	214	3243	812	1668	164	271	1122	189	1126	173	35	317	356	1139	217	313	358	3140	52	325	1105	645	1754	212	887	270	160	1243	150	287	331	208	903	455	303	1717	1226	406	12	34	402	165	159	311	153	1205	153	1243	166	1208	652	135	1213	174	165	220	627	205	164	149	1197	352	1353	1026	233	2071	977	1119	1186	1331	2011	511	1160	274	302	229	1359	514	812	165	536	1390	668
1277	1112	1118	1296	420	996	1362	1484	1508	1196	714	519	1797	1417	325	1048	1344	836	694	1118	1604	1483	0	717	1438	1436	957	1432	3026	1355	1166	1603	592	578	689	424	2852	479	1612	1900	1128	730	1451	1115	251	1469	1367	1268	1483	1695	717	852	1215	1341	1807	1053	1483	717	546	1332	1513	1314	733	335	1286	1295	1267	1509	1031	782	733	1076	502	1517	1373	1196	1310	1586	518	1347	1836	1094	1463	1342	1452	846	1368	777	1061	1309	1475	1094	875	542	1061	1142	2125	1492	1421	648	1366	693	712	1782	325	2168	531	1301	1145	771	2105	1354	1021	947	965	1374	834	1136	1228	773	1204	1314	729	548	1005	1081	1374	1510	986	1043	1361	1386	1177	1329	540	462	757	566	1292	1255	3171	916	1499	1438	834	1564	908	1303	998	1366	1448	1689	974	1256	679	985	1645	1646	1296	985	1602	379	280	1427	1415	1792	696	556	1337	466	1027	466	243	821	986	946	550	1518	1363	1252	1307	1366	708	1421	1379	714	677	1390	1446	1333	1370	1855	719	3104	1606	1226	527	1625	529	1639	1461	1250	1423	540	1366	1247	1130	1757	1444	1347	840	1027	3209	1374	745	1214	1606	357	1600	1197	1394	1675	623	1664	1185	521	669	1107	1490	1451	1739	1485	1488	1429	1603	589	1603	357	1536	594	852	1368	663	1610	1506	1298	953	1398	1603	1377	648	1420	182	469	1499	1546	833	522	355	2277	636	998	622	1646	1186	1380	755	973	719	1505	992	2873	967
978	590	778	985	1120	459	894	1088	1343	988	270	1166	1354	1129	911	1476	769	1094	33	778	1151	1089	717	0	913	912	885	1046	2768	943	994	1150	143	151	161	417	2572	704	1435	1429	654	36	1055	768	845	1082	901	808	1027	1423	0	705	1435	762	1186	1767	1089	0	171	757	997	1745	37	1030	996	992	994	1008	537	782	37	817	1158	1106	955	821	954	1217	245	917	1535	774	1080	1004	1076	727	904	956	671	995	1171	774	965	175	671	826	2775	1028	1206	115	900	165	1338	1257	911	2562	966	995	882	366	1824	887	799	885	809	1121	1078	743	743	261	816	957	418	169	1028	829	1075	1014	819	434	1076	1027	787	1003	178	543	143	155	940	1009	2650	212	1005	917	1078	1499	831	958	789	900	1071	1546	409	1832	147	885	1147	1147	985	885	1149	969	437	1213	1193	1675	42	779	755	992	459	992	784	1376	819	864	620	1082	952	1014	943	954	1240	1206	1093	1312	141	1171	1111	987	904	2551	712	2538	1153	824	198	1272	194	1262	1057	1001	1207	178	900	994	829	2085	1038	1119	1120	459	2828	907	852	844	1156	782	1154	829	1168	1297	331	1092	804	676	137	689	1091	1055	1202	1017	1022	904	1156	151	1156	782	1068	150	705	954	126	1153	1037	989	865	927	1148	1047	115	1203	535	590	1001	1122	1025	204	704	2240	1352	789	104	1147	806	1100	1205	721	712	1036	817	2422	423
441	335	410	422	1852	465	133	305	786	587	746	1954	1974	498	1445	1627	169	1210	907	410	267	309	1438	913	0	3	771	305	1928	239	642	267	942	1039	1069	1014	1723	1092	827	517	310	935	290	1578	1417	317	134	1524	177	694	913	705	1345	180	437	2434	309	913	1010	177	84	1828	876	1643	459	437	487	101	411	862	876	521	1939	291	227	334	344	421	961	206	747	442	324	378	333	732	136	1076	402	419	491	442	979	1006	402	431	3562	163	642	1028	134	1071	1779	349	1445	3471	1336	432	503	670	1019	137	579	785	667	550	1187	347	1453	1136	314	340	709	1008	913	529	461	112	652	1128	483	346	325	401	1006	1005	782	1028	348	531	1751	745	106	10	1187	1018	767	361	600	134	330	950	508	2676	1057	735	234	234	422	735	266	1482	1207	648	626	1077	955	1091	189	1837	456	1837	1352	2224	652	759	965	1758	241	544	329	239	1589	642	487	1722	1052	621	415	361	132	3263	865	1667	270	288	996	481	998	444	277	525	641	1006	134	519	453	2998	267	586	1244	456	1925	132	981	336	275	1265	278	343	609	469	818	242	332	1580	1050	349	301	290	301	151	158	8	278	1050	278	1265	185	1051	705	233	1039	265	162	427	750	120	264	402	1028	637	1283	1022	99	1802	1110	995	1195	1640	2021	600	1001	233	333	499	1475	563	865	161	641	1509	501
437	333	406	419	1849	464	129	303	784	583	744	1952	1975	495	1442	1623	170	1207	906	406	267	307	1436	912	3	0	768	303	1928	235	638	266	940	1038	1068	1012	1723	1089	825	518	307	934	288	1578	1414	314	130	1524	176	692	912	702	1342	181	440	2431	307	912	1008	178	85	1825	875	1640	455	433	484	101	408	859	875	517	1936	289	224	331	340	419	959	203	746	439	321	375	330	729	133	1072	399	415	488	439	975	1005	399	428	3560	162	639	1026	130	1070	1776	351	1442	3469	1333	429	499	668	1017	133	575	781	664	546	1183	343	1453	1136	310	337	706	1007	909	525	458	111	648	1128	480	343	322	397	1004	1003	781	1027	345	527	1752	744	105	8	1183	1015	763	358	597	130	327	947	507	2674	1056	731	235	235	419	731	266	1479	1205	645	623	1074	954	1088	190	1835	454	1835	1349	2222	648	755	962	1758	237	540	325	236	1586	639	484	1718	1051	618	412	358	129	3261	862	1669	269	284	994	479	996	442	275	522	638	1004	130	515	449	2996	265	583	1241	454	1926	129	977	332	274	1262	277	339	606	468	815	245	329	1579	1048	346	299	287	304	149	156	7	278	1049	278	1262	184	1050	702	230	1038	264	160	424	747	116	264	398	1026	634	1281	1019	99	1802	1107	994	1192	1638	2018	597	1000	234	330	496	1471	560	862	160	638	1510	499
399	613	364	423	1303	620	643	644	551	266	616	1451	2232	500	815	855	794	440	855	364	799	641	957	885	771	768	0	594	2068	569	220	798	793	906	1023	630	1895	485	654	1071	548	921	619	1647	820	624	645	1692	709	750	885	180	622	800	1209	1787	641	885	840	787	809	1068	857	1029	397	415	368	786	560	175	857	250	1428	685	588	437	476	704	725	585	895	333	614	481	600	158	644	318	419	434	561	333	208	831	419	340	2974	726	470	951	645	1029	1055	1031	815	3125	634	421	281	531	1152	638	195	14	113	442	417	438	1626	1139	457	481	467	839	165	242	472	780	123	1300	451	533	448	459	828	516	761	882	462	338	2321	889	770	765	417	640	56	461	177	645	597	738	659	2191	1005	39	886	887	423	39	797	831	858	475	466	850	914	430	803	1422	667	1422	770	1773	123	21	412	1965	573	331	483	576	848	470	467	991	998	441	559	483	647	2617	240	2307	801	483	799	726	805	756	636	336	472	828	645	337	319	2703	624	406	474	667	2271	649	253	437	798	650	789	429	448	788	566	1007	439	1331	990	465	653	620	1012	726	725	765	791	927	791	650	764	933	180	581	975	809	743	421	24	671	799	499	951	470	879	494	775	2006	341	793	613	1382	1402	177	900	889	438	464	719	240	240	741	133	1975	630
197	472	314	173	1825	592	201	52	481	349	819	1950	2228	195	1370	1420	444	1027	1031	314	205	51	1432	1046	305	303	594	0	1724	106	407	204	1034	1145	1208	1023	1526	1016	522	483	395	1075	25	1775	1358	37	195	1748	147	410	1046	601	1095	454	686	2360	51	1046	1100	446	286	1596	1009	1580	205	184	237	253	509	732	1009	372	1931	91	100	240	125	170	1022	140	497	337	33	114	32	618	192	913	390	163	186	337	798	1094	390	293	3527	168	341	1153	196	1212	1648	445	1370	3548	1218	177	317	723	784	204	435	609	517	255	1005	312	1677	1296	238	120	728	1099	702	373	168	240	496	1341	194	62	268	138	1093	972	904	1129	142	277	1751	923	235	295	1005	715	611	136	461	196	27	646	647	2689	1193	555	305	305	173	555	203	1396	1244	346	325	774	1087	989	463	1869	608	1869	1298	2247	496	589	902	1997	98	289	125	96	1443	341	192	1585	1187	324	109	111	194	3193	761	1718	207	224	1075	226	1079	218	43	275	340	1093	196	271	307	3092	40	298	1060	608	1802	192	839	220	204	1193	194	237	311	254	854	475	254	1670	1182	360	59	26	436	175	171	306	197	1161	197	1193	190	1163	601	99	1170	216	181	176	580	191	206	112	1153	336	1303	974	243	2041	931	1072	1135	1343	1960	461	1116	308	253	204	1313	463	761	181	487	1441	627
1804	2194	1999	1792	3350	2316	1896	1686	1517	1844	2527	3510	3891	1651	2849	2479	2098	2310	2751	1999	1661	1684	3026	2768	1928	1928	2068	1724	0	1829	1865	1661	2742	2858	2930	2672	208	2550	1414	1459	2120	2798	1718	3495	2870	1690	1890	3452	1770	1355	2768	2191	2063	2108	1973	3728	1684	2768	2806	2106	1852	2463	2731	3057	1788	1787	1798	1827	2233	2243	2731	1992	3486	1674	1819	1948	1814	1555	2714	1858	1233	2010	1690	1766	1693	2190	1886	2293	2099	1781	1603	2010	2175	2799	2099	1956	4939	1776	1612	2872	1891	2934	2939	1678	2849	5194	2627	1783	1920	2427	945	1902	2034	2079	2072	1676	2298	2025	3381	3020	1952	1812	2413	2805	2038	1983	1703	1816	2052	3052	1707	1741	1982	1769	2797	2578	2625	2839	1830	1797	1281	2644	1822	1920	2298	1500	2119	1812	2054	1891	1698	1345	2371	4243	2915	2042	1714	1714	1792	2042	1662	2848	2904	1606	1621	1261	2809	2484	2117	3491	2330	3491	2828	3838	2052	2080	2478	3685	1821	1796	1825	1818	2722	1612	1689	2867	2909	1646	1658	1783	1887	4516	2308	1532	1658	1944	2776	1497	2780	1512	1718	1803	1611	2797	1891	1808	1959	4765	1736	1693	2328	2330	582	1884	2292	1925	1654	2704	1652	1941	1643	1479	2540	1881	1964	3362	2903	2079	1684	1718	1738	1788	1782	1935	1651	2875	1651	2704	1745	2878	2191	1819	2890	1663	1772	1788	2073	1869	1664	1724	2872	1614	2940	2561	1828	3729	2260	2772	2678	1027	3401	2054	2832	1716	1963	1684	2574	2100	2308	1773	2048	895	2352
204	366	242	184	1754	487	112	144	558	355	722	1874	2124	269	1312	1415	353	1009	929	242	250	145	1355	943	239	235	569	106	1829	0	412	249	935	1046	1105	940	1630	956	610	546	291	972	111	1669	1295	139	108	1642	141	514	943	545	1114	363	657	2305	145	943	1003	353	248	1605	906	1520	220	198	250	221	406	688	906	327	1856	166	19	160	106	274	928	37	603	271	138	140	138	566	105	885	299	180	277	271	777	997	299	238	3461	157	409	1051	109	1108	1611	465	1312	3457	1174	193	288	629	890	112	390	583	477	314	986	221	1571	1191	150	102	640	1001	695	331	226	213	458	1235	247	117	178	162	996	899	801	1030	114	294	1818	817	203	229	986	786	576	124	415	109	133	734	542	2610	1091	530	319	319	184	530	248	1342	1157	416	392	865	985	938	371	1785	502	1785	1234	2165	458	560	837	1891	8	307	93	11	1411	409	253	1550	1085	386	201	122	109	3137	708	1770	253	130	979	331	982	318	114	289	408	996	109	283	257	2997	95	348	1043	502	1896	108	801	146	252	1133	245	161	374	354	764	448	170	1575	1080	263	147	111	443	157	156	236	248	1060	248	1133	197	1063	545	13	1067	258	173	189	551	119	250	168	1051	404	1219	906	210	1935	911	976	1071	1438	1900	415	1015	322	169	265	1287	402	708	172	448	1524	523
212	583	288	236	1521	636	508	452	360	58	725	1667	2309	283	1035	1012	708	626	968	288	612	449	1166	994	642	638	220	407	1865	412	0	611	926	1043	1145	810	1687	701	460	868	501	1029	433	1762	1039	431	508	1784	540	531	994	327	703	715	1069	2005	449	994	982	703	660	1194	961	1250	202	224	170	632	558	391	961	190	1645	494	428	326	306	493	875	437	676	269	421	294	406	325	505	525	388	245	343	269	403	974	388	240	3195	560	255	1077	508	1150	1265	852	1035	3330	852	230	154	627	938	505	194	234	207	222	604	366	1715	1255	348	311	585	981	295	177	262	623	189	1380	239	345	354	269	971	713	857	1021	297	131	2105	952	614	633	604	508	261	289	205	508	404	560	686	2408	1128	185	711	711	236	185	610	1051	1041	260	249	684	1028	650	721	1628	677	1628	988	1985	189	225	615	2052	413	120	319	415	1052	255	253	1198	1121	224	352	302	509	2835	447	2099	613	369	945	510	950	543	451	132	256	971	508	135	222	2900	443	186	658	677	2052	510	472	315	610	869	600	315	229	574	704	860	337	1508	1114	415	461	433	842	563	560	637	602	1063	602	869	592	1068	327	421	1099	623	576	232	217	527	613	300	1077	254	1074	697	621	2094	533	940	829	1245	1623	205	1029	714	335	248	916	273	447	575	187	1755	658
402	559	491	377	2004	691	256	159	624	553	951	2122	2240	368	1561	1623	437	1232	1140	491	0	162	1603	1150	267	266	798	204	1661	249	611	0	1159	1265	1310	1185	1457	1205	637	297	503	1175	178	1840	1544	180	250	1790	124	464	1150	792	1290	447	524	2553	162	1150	1227	444	196	1794	1112	1769	409	388	440	167	619	930	1112	568	2104	117	230	409	323	196	1162	256	492	520	190	318	205	812	247	1117	542	367	331	520	1003	1222	542	483	3711	121	506	1262	251	1312	1850	243	1561	3689	1417	381	519	862	754	264	632	813	716	437	1209	466	1719	1385	399	318	881	1226	906	570	359	155	696	1392	385	266	425	342	1222	1149	1012	1251	338	480	1569	997	160	258	1209	858	812	337	657	251	207	752	741	2856	1297	759	117	118	377	759	1	1590	1397	509	492	869	1192	1184	456	2027	692	2027	1483	2409	696	792	1087	2025	242	492	318	239	1646	506	379	1787	1291	498	276	315	247	3386	955	1522	3	377	1207	246	1210	197	162	478	504	1222	251	475	500	3224	174	483	1265	692	1678	243	1040	395	7	1382	16	410	485	214	1003	324	419	1801	1287	499	150	178	246	132	127	273	15	1278	15	1382	84	1280	792	236	1276	12	113	380	782	222	3	311	1262	501	1463	1155	167	2069	1136	1206	1321	1411	2149	657	1231	121	418	389	1517	650	955	114	686	1285	727
940	607	743	950	1004	476	903	1079	1283	928	215	1064	1471	1093	769	1338	814	965	112	743	1160	1080	592	143	942	940	793	1034	2742	935	926	1159	0	117	233	275	2550	566	1379	1448	656	171	1045	855	704	1070	909	920	1035	1388	143	617	1315	808	1255	1645	1080	143	68	801	1024	1608	146	895	956	955	950	1030	540	672	146	762	1054	1102	949	798	930	1203	102	914	1510	733	1067	977	1061	635	911	831	645	961	1139	733	851	64	645	787	2681	1038	1154	159	908	239	1196	1291	769	2531	824	959	831	315	1797	895	734	791	730	1076	949	722	859	353	796	933	341	66	926	773	1040	1035	743	566	1037	1006	767	973	64	405	174	96	914	958	2692	324	1025	945	949	1422	737	931	720	908	1057	1486	435	1755	215	798	1171	1171	950	798	1158	827	314	1161	1142	1611	146	643	802	911	490	911	642	1298	743	772	490	1195	944	962	921	947	1096	1154	1055	1169	208	1119	1086	961	912	2440	599	2593	1163	809	65	1255	64	1252	1050	951	1155	64	908	945	785	2064	1031	1067	989	490	2832	916	731	821	1165	639	1162	804	1118	1288	227	1141	782	641	199	673	1083	1045	1240	1029	1033	933	1164	136	1164	639	1081	141	617	947	184	1164	1049	954	775	938	1158	1019	159	1151	410	453	1023	1233	900	69	561	2166	1228	720	108	1171	783	1061	1064	659	599	1048	743	2443	440
