NAME : VRPTW_INSTANCE_4.txt
COMMENT : Bangkok Supermarket
TYPE : VRPTW
DIMENSION : 285
DAYS : Wednesday
EDGE_WEIGHT_TYPE : EXPLICIT
VEHICLES : 38
EDGE_WEIGHT_FORMAT : FULL_MATRIX
CAPACITY : 1000
EDGE_WEIGHT_SECTION
0	121	1058	25	213	101	495	1222	156	426	712	398	1606	309	428	430	358	1685	482	437	357	59	801	223	402	213	960	2081	131	957	97	215	620	185	1011	368	14	348	590	1863	981	60	1684	1539	79	1344	1641	961	85	873	351	210	1446	582	1079	948	1439	486	1150	631	97	152	202	978	79	1200	401	46	581	1390	737	576	581	398	1697	402	530	365	669	582	891	124	495	1213	79	102	212	401	2618	400	358	2008	206	373	223	563	224	693	1851	978	3202	1910	88	1937	376	307	1655	964	1056	255	410	127	246	653	358	853	1023	492	1906	22	185	916	208	379	1087	410	190	363	134	2040	363	190	676	106	201	449	609	499	1008	688	79	404	1056	1379	383	122	1005	2029	1727	607	1019	367	179	135	1006	517	330	368	1213	348	405	507	2245	309	204	358	254	428	202	150	86	414	312	264	423	425	1726	248	1436	223	1092	264	1028	24	422	213	205	309	1474	1058	248	611	1194	485	1066	836	346	133	608	1033	436	1975	477	1013	1024	314	149	34	24	221	89	962	495	661	399	368	525	1641	128	178	1221	815	245	394	290	1198	949	382	189	422	309	217	1415	978	358	330	97	224	546	314	258	154	601	400	215	1075	310	865	1092	194	215	436	650	424	607	420	113	189	428	1994	418	535	312	288	976	1213	391	150	516	176	501	364	941	633	376	532	24	492	893	31	612	121	226	861	288
121	0	1179	96	266	176	613	1242	268	548	830	382	1720	398	528	489	379	1799	485	493	285	132	782	123	435	216	874	2164	147	839	24	198	692	307	1133	382	111	373	540	1964	1101	111	1780	1658	132	1464	1529	1081	132	754	378	115	1563	700	1201	1045	1350	455	1035	697	24	172	229	1100	132	1290	387	115	699	1448	856	525	689	382	1819	435	618	378	549	673	1010	152	613	1306	163	180	249	387	2734	433	239	2117	327	421	225	682	225	767	1731	1100	3257	1816	34	1831	391	375	1567	1057	1177	375	447	7	361	621	376	821	922	610	1828	111	307	929	266	391	1129	472	77	384	224	2160	378	79	703	190	310	446	728	499	903	714	133	327	1177	1399	305	22	1126	2146	1835	726	1112	381	188	223	928	605	419	301	1306	368	391	545	2365	398	108	239	152	528	229	53	133	472	376	384	454	456	1704	366	1347	225	1139	384	1099	117	454	218	210	430	1413	1179	366	677	1315	486	1188	935	275	239	727	1154	549	2070	478	1016	909	374	88	118	111	121	166	1084	614	713	384	382	594	1758	8	292	1342	919	231	413	410	1319	992	305	310	454	398	326	1516	1100	379	419	24	225	633	245	360	199	720	384	266	1197	373	956	1139	80	218	549	678	456	726	497	12	299	528	2114	457	619	193	351	1096	1306	373	75	426	290	618	379	1063	751	256	614	117	432	1011	90	682	0	212	753	351
1058	1179	0	1084	1050	1043	613	1466	931	634	390	1248	773	877	755	1005	1134	757	1230	1019	1344	1066	1497	1260	1104	1143	1902	1521	1114	1993	1155	1173	935	874	57	1157	1069	1120	1466	1115	150	1087	1029	516	1070	345	2663	172	1075	1914	1113	1245	475	543	25	627	2362	1337	2171	976	1155	1093	1080	105	1070	803	1247	1071	547	1270	366	1458	653	1248	645	1105	836	1158	1726	740	314	1100	613	765	1043	1038	1058	1247	1620	1104	1415	1127	852	1051	1147	545	1149	929	2904	105	2839	2844	1145	2928	1153	984	2563	675	4	804	1093	1185	846	1449	1142	1590	2014	610	2751	1071	874	1330	1039	1167	1222	946	1246	1135	986	1058	1154	1244	1138	1027	888	1233	468	1248	2016	1149	1070	1391	4	1578	1375	1179	111	1090	891	514	698	1156	1128	1003	1911	846	865	1345	765	1133	1246	1104	1258	877	1240	1415	1287	755	1080	1198	1075	1008	999	810	1114	1113	2255	830	2360	1147	1183	810	942	1066	1108	1141	1138	756	2259	0	830	980	137	1238	8	700	1335	956	506	85	701	1288	1237	1448	2065	1013	1186	1068	1072	1258	1046	127	612	1073	1247	1157	892	732	1185	906	276	536	1180	1146	783	253	1142	1374	873	1108	877	893	765	105	1134	865	1155	1149	777	1307	864	1056	512	1251	1052	19	1003	688	1183	1250	1144	701	1196	1111	514	876	1171	896	755	1009	1085	861	1369	1006	156	765	1251	1195	1488	907	611	1153	140	491	1434	873	1066	1388	257	1089	949	1179	1172	1881	1006
25	96	1084	0	218	108	519	1227	178	452	738	389	1629	328	450	438	357	1710	477	445	338	61	793	201	404	206	939	2100	123	933	72	203	632	211	1037	365	16	347	576	1886	1007	52	1705	1565	81	1370	1616	987	85	848	351	189	1471	607	1105	969	1418	474	1126	642	72	151	205	1003	81	1221	393	47	605	1404	763	561	602	389	1723	404	546	362	643	602	916	118	519	1234	88	110	217	393	2644	401	333	2032	232	378	215	588	217	705	1825	1003	3215	1888	63	1913	373	316	1634	985	1081	281	413	102	269	642	355	842	1000	516	1887	21	211	920	214	376	1097	423	165	362	151	2065	361	164	682	116	224	443	635	494	984	694	81	384	1081	1385	363	96	1031	2053	1751	632	1040	364	172	147	987	533	349	350	1234	346	396	510	2270	328	182	333	232	450	205	126	87	422	320	289	424	427	1718	272	1415	215	1103	289	1044	28	424	206	198	334	1458	1084	272	622	1220	480	1092	855	327	155	633	1059	458	1996	472	1015	999	321	127	35	22	199	96	988	520	669	390	365	540	1665	102	200	1246	838	234	392	315	1224	959	362	214	424	328	238	1438	1003	357	349	72	217	565	295	280	159	625	391	219	1101	318	885	1103	169	207	458	652	425	632	436	87	212	450	2019	421	550	287	296	1002	1234	382	127	497	198	525	361	967	657	350	546	28	480	919	5	623	96	215	836	296
213	266	1050	218	0	112	440	1426	160	430	758	230	1503	474	562	223	154	1736	284	229	296	156	613	389	189	97	869	2215	119	1065	250	131	427	243	1011	169	207	141	451	1960	1001	168	1793	1555	293	1366	1613	985	299	977	142	381	1479	520	1068	1065	1344	327	1268	431	250	366	416	957	293	1329	231	259	517	1566	780	439	469	230	1666	189	363	166	715	725	828	113	440	1335	134	112	423	231	2653	187	422	2077	288	160	98	510	101	501	1866	957	3374	1824	254	1884	174	112	1554	1089	1048	328	197	273	213	484	155	676	966	441	1783	198	243	1125	11	181	1279	598	281	158	324	1965	164	276	880	111	343	258	652	303	966	893	293	342	1048	1583	326	247	1018	1940	1802	549	1145	168	95	97	895	348	493	295	1335	144	233	293	2169	474	374	422	418	562	416	317	300	207	110	257	210	212	1532	237	1341	98	1280	257	1191	192	209	95	94	316	1327	1050	237	410	1187	289	1058	688	287	303	554	1042	356	2085	283	1224	1022	107	202	183	196	387	125	938	441	451	230	169	702	1555	274	177	1168	917	130	188	280	1148	1141	325	233	209	474	166	1516	957	154	493	250	101	696	261	407	366	547	233	2	1065	107	996	1280	285	97	356	437	211	549	592	253	332	562	1921	204	360	386	86	998	1335	228	219	691	177	442	165	919	575	446	354	192	693	932	218	416	266	126	831	86
101	176	1043	108	112	0	452	1317	111	409	721	315	1549	378	480	329	261	1701	388	337	317	48	712	298	302	134	917	2138	72	1009	156	150	524	181	1000	273	95	250	522	1901	979	66	1728	1537	180	1345	1630	961	186	922	252	287	1452	538	1063	995	1395	408	1207	533	156	254	303	957	180	1254	317	147	536	1469	745	509	515	315	1673	302	442	270	689	641	850	58	452	1263	22	4	311	317	2627	299	380	2033	219	272	143	523	145	597	1860	957	3280	1872	156	1914	279	208	1609	1015	1041	267	309	184	199	572	261	770	996	451	1850	87	181	1014	107	284	1175	494	217	266	217	1997	268	214	770	16	252	358	615	406	988	783	180	366	1041	1474	346	163	1000	1979	1754	565	1071	272	104	46	954	429	398	323	1263	251	320	405	2202	378	280	380	328	480	303	222	187	313	212	233	322	325	1636	213	1393	143	1177	233	1099	81	321	134	127	288	1406	1043	213	513	1180	392	1051	759	307	200	568	1026	380	2020	385	1112	1023	213	145	72	86	296	12	939	453	561	315	273	603	1592	185	136	1186	853	172	296	259	1164	1036	345	176	321	378	157	1455	957	261	398	156	145	608	275	315	254	561	317	114	1060	210	919	1177	222	136	380	549	323	565	494	164	240	480	1952	317	445	338	187	975	1263	310	158	599	135	456	269	919	591	402	441	81	588	900	109	515	176	156	845	187
495	613	613	519	440	452	0	1390	345	130	389	636	1112	468	434	408	522	1328	626	423	736	485	920	717	498	535	1290	1917	518	1452	589	567	415	316	578	545	503	508	855	1601	583	507	1458	1125	535	940	2051	570	542	1367	502	704	1060	87	630	781	1754	726	1646	454	589	585	596	518	535	1049	634	523	86	1394	403	846	153	636	1227	498	283	546	1140	559	398	505	0	1040	457	447	583	634	2227	497	833	1683	317	443	538	71	540	450	2304	518	3155	2236	583	2315	542	371	1958	818	612	288	488	620	253	848	530	1007	1400	9	2161	502	316	1141	430	555	1186	601	668	524	476	1546	541	665	893	436	393	625	299	645	1404	906	535	782	612	1536	766	607	594	1533	1417	113	871	545	524	407	1302	286	472	735	1040	520	633	517	1751	468	697	833	747	434	596	645	542	407	386	230	510	509	1764	247	1752	538	1169	230	1003	496	504	533	531	196	1680	613	247	447	750	634	621	419	727	438	115	614	89	1746	632	1259	1461	400	598	495	502	715	458	499	1	543	634	545	635	1145	620	321	734	619	571	537	205	713	1060	765	308	504	468	294	1174	518	522	472	589	540	559	701	411	555	108	638	441	628	390	750	1169	672	536	89	637	507	113	548	602	395	434	1501	481	309	790	392	580	1040	638	610	995	323	7	541	480	139	854	318	496	935	534	524	423	613	565	1271	392
1222	1242	1466	1227	1426	1317	1390	0	1291	1260	1156	1616	2239	975	958	1611	1578	1539	1704	1623	1521	1281	2020	1174	1615	1434	2049	1289	1351	1461	1239	1428	1748	1227	1413	1589	1232	1567	1781	1381	1316	1279	1171	1630	1146	1484	2484	1295	1142	1439	1569	1169	1483	1434	1490	848	2489	1696	1514	1775	1239	1079	1023	1477	1146	802	1620	1180	1437	461	1169	1766	1543	1616	1977	1615	1620	1586	1535	836	1580	1345	1390	854	1295	1316	1010	1620	2369	1612	1369	1662	1186	1575	1443	1405	1444	1806	2508	1477	2084	2907	1227	2829	1596	1490	2704	803	1462	1174	1620	1239	1316	1863	1578	2064	2032	1380	2997	1242	1227	317	1419	1601	246	836	1301	1583	1102	2470	1585	1305	546	1315	1104	1671	1163	1721	1986	533	1146	1555	1462	157	1535	1264	1355	2530	1423	1435	799	1589	1400	1331	2124	1614	961	1538	854	1568	1624	1710	2652	975	1172	1369	1168	958	1023	1199	1140	1598	1501	1284	1635	1638	2944	1290	2487	1443	290	1284	541	1245	1634	1434	1426	1260	2632	1466	1290	1760	1531	1707	1471	1802	1511	1126	1425	1384	1414	1370	1699	272	1896	1508	1328	1256	1244	1174	1305	1481	1388	1836	1617	1589	762	2195	1238	1290	1742	934	1461	1613	1286	1718	337	1535	1241	1634	975	1332	1079	1477	1578	961	1239	1444	831	1484	1048	1068	1420	1618	1428	1483	1501	778	290	1300	1435	1414	1858	1636	1435	864	1249	1112	958	2421	1625	1639	1341	1481	1310	854	1609	1317	1059	1288	1396	1585	1466	1443	1362	1642	1245	925	1214	1230	1747	1242	1441	1840	1481
156	268	931	178	160	111	345	1291	0	297	613	391	1451	323	401	320	309	1593	441	332	424	139	770	379	331	229	1018	2054	183	1108	245	252	487	82	888	327	161	295	609	1804	869	161	1635	1426	216	1234	1740	851	223	1022	294	367	1342	432	952	905	1495	487	1303	505	245	283	318	845	216	1168	392	194	431	1410	636	597	425	391	1563	331	384	325	799	565	744	169	345	1174	112	106	317	392	2517	328	489	1928	127	286	235	415	238	557	1972	845	3217	1973	239	2022	331	198	1707	928	930	168	333	275	92	644	313	836	1103	343	1941	158	82	999	150	340	1133	455	322	313	202	1892	322	320	749	95	190	418	507	460	1097	762	216	473	930	1447	454	261	889	1878	1651	459	984	326	205	76	1050	373	341	429	1174	301	394	419	2097	323	360	489	410	401	318	305	224	307	210	121	351	353	1684	102	1492	236	1130	121	1032	152	348	228	222	176	1488	931	102	486	1069	446	940	682	414	170	460	915	280	1927	440	1104	1135	218	255	150	158	377	114	828	346	550	390	327	550	1490	276	25	1078	758	268	341	148	1056	995	453	73	348	323	61	1358	845	309	341	245	238	537	383	252	267	453	393	163	948	210	835	1130	327	230	280	567	351	459	440	257	180	401	1847	336	392	445	191	865	1174	388	266	672	23	350	323	808	484	510	391	152	639	791	182	481	268	255	956	191
426	548	634	452	430	409	130	1260	297	0	332	650	1209	343	304	464	544	1306	663	480	718	431	976	639	535	517	1299	1837	481	1378	524	545	519	241	590	567	437	529	873	1546	573	453	1391	1129	450	938	2036	556	456	1296	525	625	1049	196	655	688	1772	745	1566	554	524	489	492	551	450	958	650	446	197	1279	352	863	283	650	1270	535	384	566	1092	434	477	467	130	954	408	404	476	650	2224	533	781	1650	226	479	522	168	525	563	2269	551	3055	2253	515	2313	566	393	1980	722	632	185	529	554	218	884	551	1058	1395	121	2198	438	241	1010	419	578	1060	472	612	547	378	1621	562	611	762	393	286	654	227	683	1392	775	450	766	632	1408	748	546	592	1618	1377	211	777	566	498	371	1321	383	345	721	954	540	650	578	1826	343	619	781	668	304	492	572	456	459	409	177	551	551	1849	197	1769	522	1045	177	889	433	546	516	512	121	1727	634	197	544	771	671	643	550	708	342	206	617	165	1682	667	1128	1433	423	551	434	439	638	411	535	129	636	649	567	504	1231	555	272	797	529	556	566	151	774	932	747	239	546	343	265	1109	551	544	345	524	525	431	679	292	456	200	652	432	651	412	645	1045	617	518	165	712	549	211	418	539	290	304	1574	525	407	736	407	569	954	650	560	900	274	137	562	515	231	800	414	433	828	501	457	523	548	546	1252	407
712	830	390	738	758	721	389	1156	613	332	0	981	1114	492	365	788	876	980	994	803	1037	733	1302	896	865	841	1627	1529	794	1617	807	866	800	541	335	899	725	861	1205	1217	277	752	1069	829	710	634	2350	255	714	1541	857	881	733	372	416	412	2102	1077	1790	840	807	722	701	352	710	672	981	717	376	1063	25	1194	511	981	1030	866	671	898	1379	361	423	780	389	658	715	717	678	981	1907	864	1070	1319	508	809	846	352	849	825	2562	352	2783	2582	796	2635	898	725	2312	456	387	459	859	835	545	1215	883	1386	1717	381	2530	729	541	975	747	910	924	555	903	879	620	1446	894	902	763	706	524	986	106	1014	1709	774	709	1086	387	1286	1067	834	308	1470	1045	355	504	898	818	689	1652	675	479	1042	658	872	981	900	1647	492	876	1070	920	365	701	840	713	785	741	501	880	881	2152	521	2099	847	895	501	684	725	875	839	835	442	2057	390	521	835	512	1002	398	705	1027	595	344	340	469	1358	998	1095	1736	755	853	729	730	894	721	348	387	931	980	899	507	1098	835	590	633	257	880	898	477	608	820	1066	544	875	492	592	785	352	876	479	807	849	393	996	489	684	343	984	761	409	744	413	895	907	842	469	1025	878	355	485	823	533	365	1397	854	697	1024	739	272	658	982	859	1104	590	392	894	329	349	1086	707	725	999	181	743	809	830	868	1566	739
398	382	1248	389	230	315	636	1616	391	650	981	0	1622	693	790	273	116	1955	115	264	188	340	404	484	164	184	654	2445	266	1020	381	187	462	473	1214	93	386	129	223	2188	1214	338	2023	1761	470	1575	1425	1199	474	931	136	482	1692	706	1265	1295	1122	97	1227	446	381	536	592	1151	470	1559	5	436	703	1784	1003	213	622	0	1844	163	466	92	625	952	999	273	636	1565	334	317	607	5	2863	163	402	2300	518	205	175	703	173	530	1708	1151	3595	1603	391	1679	100	264	1330	1319	1248	559	179	387	438	257	107	455	770	639	1553	376	473	1306	241	86	1485	807	345	115	528	2107	96	340	1071	322	565	74	876	123	780	1083	470	209	1248	1773	208	359	1228	2068	2027	736	1375	94	218	321	671	451	713	173	1565	115	11	243	2308	693	476	402	504	790	592	432	475	263	249	484	166	168	1328	465	1120	174	1490	484	1414	374	171	184	192	541	1097	1248	465	425	1385	113	1257	781	189	515	743	1249	547	2316	105	1397	866	235	294	363	374	482	323	1131	637	415	3	93	918	1690	388	408	1337	1147	155	115	505	1319	1347	207	463	171	693	393	1745	1151	116	713	381	173	922	191	629	549	737	2	228	1263	246	1226	1490	348	182	547	329	170	736	809	373	554	790	2065	192	450	388	245	1211	1565	10	308	757	408	637	96	1113	761	426	440	374	801	1151	386	446	382	174	660	245
1606	1720	773	1629	1503	1549	1112	2239	1451	1209	1114	1622	0	1535	1442	1349	1512	1193	1552	1357	1779	1588	1695	1829	1458	1598	2210	2120	1606	2558	1697	1633	1172	1429	826	1532	1612	1504	1794	1646	923	1610	1643	885	1648	885	3016	945	1655	2472	1495	1816	979	1026	750	1400	2605	1683	2755	1200	1697	1695	1701	768	1648	1551	1618	1636	1027	2029	1095	1792	1035	1622	589	1459	1159	1535	2217	1475	735	1594	1112	1507	1559	1545	1685	1618	1709	1459	1923	1520	1428	1422	1597	1049	1599	1118	3327	768	3453	3064	1691	3219	1524	1399	2773	1448	778	1392	1443	1727	1359	1727	1522	1792	2363	1117	2884	1610	1429	2087	1496	1537	1996	1639	1766	1511	1585	515	1531	1763	1876	1534	1495	1575	1151	1563	2386	1888	1648	1817	778	2352	1808	1711	885	448	1396	1004	1467	1532	1598	1502	2183	1174	1530	1772	1507	1517	1615	1399	701	1535	1809	1923	1859	1442	1701	1756	1654	1361	1409	1342	1457	1455	2176	1358	2603	1597	1957	1342	1715	1604	1451	1596	1597	1308	2383	773	1358	1217	732	1560	769	843	1773	1547	1005	857	1171	1837	1563	2207	2488	1420	1691	1601	1610	1827	1557	767	1112	1273	1619	1532	1615	142	1728	1428	497	1306	1624	1507	1318	521	1912	1807	1421	1451	1535	1394	1435	768	1512	1530	1697	1599	1504	1754	1497	1664	1013	1624	1504	758	1413	1461	1957	1771	1598	1171	1412	1453	1004	1571	1708	1499	1442	485	1430	1172	1883	1427	930	1507	1630	1705	2106	1430	1107	1530	785	980	1946	1182	1604	2037	1025	1633	1190	1720	1625	2280	1427
309	398	877	328	474	378	468	975	323	343	492	693	1535	0	138	638	628	1423	759	651	666	359	1087	426	654	511	1267	1771	435	1127	380	520	776	252	824	644	323	615	897	1567	770	367	1382	1312	265	1117	1920	747	266	1052	615	412	1203	540	902	647	1745	786	1297	801	380	247	214	819	265	893	696	288	541	1091	518	883	610	693	1522	654	652	641	921	275	800	425	468	908	360	375	189	696	2362	652	626	1728	210	609	520	512	522	837	2098	819	2902	2214	366	2227	648	520	1962	659	874	203	657	400	341	950	630	1148	1321	460	2215	331	252	695	465	656	809	141	475	632	177	1918	639	477	442	370	132	732	409	778	1300	456	264	712	874	1129	691	410	801	1927	1444	553	714	643	479	377	1315	645	21	678	908	619	698	741	2121	0	409	626	446	138	214	388	265	625	532	311	674	676	2006	315	1742	520	807	311	721	331	672	511	503	297	1782	877	315	785	1004	764	886	885	655	179	548	832	464	1672	757	807	1296	541	455	340	333	425	370	809	468	860	693	644	227	1544	399	318	1092	528	547	661	316	1067	672	690	266	672	0	358	1120	819	628	21	380	522	236	623	72	210	541	696	477	896	532	558	807	478	513	464	889	674	553	117	396	143	138	1869	660	669	581	515	764	908	688	453	612	317	476	639	788	572	637	671	331	512	666	333	774	398	529	1150	515
428	528	755	450	562	480	434	958	401	304	365	790	1442	138	0	691	711	1284	842	705	785	470	1171	564	727	615	1388	1658	544	1262	509	629	798	320	700	729	442	697	1002	1436	640	483	1255	1176	396	981	2055	616	398	1189	695	550	1066	490	780	519	1867	885	1429	828	509	385	352	705	396	774	792	415	492	1016	390	989	587	790	1396	727	666	727	1058	163	711	533	434	785	465	477	327	792	2223	724	761	1591	274	677	623	460	625	851	2237	705	2818	2339	495	2359	732	584	2083	536	751	242	727	531	387	1045	714	1238	1449	425	2329	450	320	707	551	742	766	197	606	715	304	1805	724	607	463	470	230	820	294	862	1432	476	395	832	751	1107	811	539	673	1821	1308	496	592	728	584	469	1431	662	120	795	785	703	793	802	2007	138	546	761	584	0	352	523	397	681	599	347	746	748	2080	358	1865	623	756	347	633	448	743	614	607	310	1886	755	358	815	878	848	763	853	774	295	488	704	456	1546	842	826	1432	610	577	456	452	563	474	697	433	899	790	729	200	1441	531	389	983	392	653	742	341	957	634	811	332	743	138	419	988	705	711	120	509	625	140	742	170	348	483	792	564	774	599	438	756	609	616	456	947	746	496	129	525	242	0	1756	728	687	716	585	634	785	786	577	743	388	441	725	676	510	773	691	448	634	533	455	799	528	636	1282	585
430	489	1005	438	223	329	408	1611	320	464	788	273	1349	638	691	0	163	1735	225	15	436	376	514	612	109	289	905	2301	341	1258	474	322	210	385	977	182	425	156	468	2005	989	391	1855	1521	507	1342	1693	978	514	1169	148	604	1465	463	1020	1150	1357	344	1463	209	474	581	626	904	507	1420	269	476	459	1708	805	463	360	273	1582	110	193	185	881	851	738	336	408	1418	351	328	629	269	2625	110	615	2091	428	77	284	467	285	284	1981	904	3504	1838	477	1935	174	124	1557	1181	1005	450	95	496	304	443	173	599	1035	414	1754	417	385	1320	225	187	1446	774	495	162	520	1833	181	490	1070	323	507	235	688	242	1049	1083	508	470	1005	1767	463	469	998	1795	1825	492	1237	182	306	297	906	178	654	427	1418	169	266	114	2034	638	597	615	640	691	626	540	515	16	117	344	113	111	1393	333	1355	284	1441	344	1322	411	106	287	292	389	1272	1005	333	188	1139	234	1013	511	432	490	500	1016	321	2145	233	1424	1139	116	419	402	415	610	342	883	410	232	270	182	862	1417	497	320	1072	992	301	158	353	1055	1309	462	371	106	638	279	1571	904	163	654	474	285	832	419	565	575	496	274	222	1018	119	1098	1441	500	288	321	256	109	492	753	476	498	691	1792	83	177	586	141	987	1418	280	436	913	322	407	181	866	515	641	167	411	916	942	438	196	489	310	933	141
358	379	1134	357	154	261	522	1578	309	544	876	116	1512	628	711	163	0	1845	131	158	274	299	460	496	63	163	768	2357	238	1101	371	186	366	390	1100	23	349	14	333	2088	1102	305	1928	1647	437	1462	1542	1088	442	1012	20	491	1581	591	1150	1205	1233	204	1307	356	371	509	561	1035	437	1472	114	402	587	1719	896	324	506	116	1728	63	353	24	718	874	883	239	522	1475	283	262	571	114	2750	61	464	2193	436	90	154	588	154	438	1822	1035	3527	1715	378	1795	22	152	1439	1231	1133	472	79	386	340	342	9	528	886	525	1654	339	390	1274	163	34	1433	752	366	4	477	1993	20	360	1032	263	496	111	771	150	896	1044	437	307	1133	1735	300	357	1115	1957	1922	620	1288	22	191	251	781	339	647	263	1475	10	112	170	2195	628	484	464	521	711	561	432	443	151	136	386	77	80	1378	368	1230	154	1434	386	1342	335	80	161	168	442	1188	1134	368	335	1270	137	1142	674	270	457	627	1136	433	2220	131	1371	978	122	297	325	338	495	272	1015	523	345	114	23	855	1577	387	322	1221	1053	158	35	405	1203	1295	299	379	80	628	298	1648	1035	0	647	371	154	847	259	559	513	622	118	151	1148	133	1141	1434	370	161	433	298	80	620	746	368	485	711	1951	92	340	440	137	1099	1475	121	314	789	323	523	19	998	645	489	330	335	812	1043	356	350	379	172	775	137
1685	1799	757	1710	1736	1701	1328	1539	1593	1306	980	1955	1193	1423	1284	1735	1845	0	1955	1750	2018	1711	2241	1848	1826	1821	2605	942	1773	2529	1777	1846	1687	1520	770	1868	1699	1831	2178	457	746	1729	510	312	1672	414	3327	758	1675	2462	1825	1834	281	1274	751	833	3077	2049	2677	1729	1777	1669	1636	861	1672	743	1954	1684	1278	1148	957	2168	1398	1955	648	1826	1580	1868	2341	1178	1070	1760	1328	693	1694	1697	1611	1954	940	1825	2038	371	1485	1770	1826	1268	1829	1685	3521	861	2266	3559	1765	3616	1866	1693	3284	852	755	1436	1817	1804	1523	2176	1853	2331	2697	1323	3489	1704	1520	1560	1725	1879	1315	1425	1875	1847	1579	1130	1864	1875	1475	1686	1489	1952	1086	1973	2689	1479	1671	2066	755	1584	2047	1806	739	1243	211	1247	819	1868	1799	1670	2626	1589	1404	2022	693	1842	1954	1841	1260	1423	1830	2038	1869	1284	1636	1802	1674	1736	1709	1480	1839	1838	3011	1500	3075	1826	1264	1480	1036	1700	1833	1819	1815	1422	3004	757	1500	1731	648	1963	750	1453	2008	1560	1237	725	1417	647	1960	1651	2709	1723	1830	1706	1705	1847	1700	884	1327	1825	1953	1868	1321	1071	1803	1570	865	902	1860	1863	1456	861	1313	2047	1524	1833	1423	1570	461	861	1845	1404	1777	1829	1225	1977	1443	1631	1241	1957	1739	750	1712	943	1264	1878	1822	1417	1944	1836	1247	1364	1794	1500	1284	1089	1810	1606	1992	1710	748	693	1956	1835	2002	1571	1329	1864	894	1226	2052	1617	1700	1871	804	1716	1701	1799	1848	2545	1710
482	485	1230	477	284	388	626	1704	441	663	994	115	1552	759	842	225	131	1955	0	212	301	422	328	593	129	273	681	2486	355	1129	480	286	380	521	1200	115	471	145	246	2210	1209	425	2052	1746	558	1565	1474	1196	563	1041	146	590	1686	687	1245	1333	1132	132	1336	356	480	628	683	1129	558	1601	109	524	683	1850	1013	242	585	115	1806	128	412	118	728	1006	963	359	626	1603	409	389	694	109	2850	130	517	2307	567	184	263	688	262	442	1775	1129	3658	1613	490	1710	110	271	1333	1360	1230	603	137	490	467	221	128	398	817	631	1537	462	521	1397	294	103	1563	882	456	127	605	2044	120	450	1158	392	627	41	891	19	835	1170	559	316	1230	1861	318	462	1219	1999	2038	716	1416	116	306	381	681	399	778	285	1603	139	104	153	2244	759	584	517	614	842	683	537	564	221	255	513	116	116	1248	496	1129	263	1564	513	1473	458	122	272	280	567	1064	1230	496	338	1364	8	1238	709	303	586	724	1238	537	2344	12	1492	940	241	397	447	460	591	399	1108	628	311	112	115	986	1626	491	453	1296	1180	253	100	530	1279	1424	318	510	122	759	427	1771	1129	131	778	480	262	979	306	691	636	719	114	282	1243	253	1271	1564	459	271	537	215	119	716	877	475	616	842	2004	145	392	503	262	1207	1603	126	413	871	454	626	119	1092	739	542	381	458	910	1156	475	362	485	272	729	262
437	493	1019	445	229	337	423	1623	332	480	803	264	1357	651	705	15	158	1750	212	0	431	383	498	616	100	291	893	2316	345	1256	479	322	210	398	991	176	433	152	456	2020	1004	397	1870	1535	516	1356	1681	992	522	1166	143	608	1479	478	1033	1165	1344	333	1461	207	479	589	635	918	516	1435	260	484	474	1722	821	451	372	264	1594	101	203	179	876	866	750	341	423	1433	358	335	639	261	2639	101	614	2106	441	76	285	481	286	284	1972	918	3519	1825	483	1923	166	134	1543	1197	1019	464	85	500	318	429	167	584	1024	429	1739	424	398	1331	231	179	1459	787	498	156	530	1843	175	492	1081	331	519	223	704	229	1039	1094	516	464	1019	1779	458	473	1013	1803	1840	506	1252	175	309	305	893	189	667	421	1433	164	257	99	2044	651	601	614	644	705	635	545	523	25	126	358	101	100	1378	347	1341	285	1454	358	1336	418	95	289	294	403	1257	1019	347	185	1153	221	1027	517	428	501	515	1030	336	2161	221	1435	1131	123	422	409	423	614	349	897	425	224	262	176	875	1426	501	333	1084	1007	301	149	368	1067	1322	457	384	95	651	292	1587	918	158	667	479	286	846	415	578	584	510	266	228	1032	128	1113	1454	502	290	336	242	97	506	766	481	511	705	1801	72	186	586	149	1002	1433	272	439	917	334	422	174	880	529	640	175	418	922	957	445	196	493	310	924	149
357	285	1344	338	296	317	736	1521	424	718	1037	188	1779	666	785	436	274	2018	301	431	0	315	529	351	335	201	603	2438	246	833	296	172	639	498	1305	258	343	279	261	2216	1291	301	2039	1847	408	1656	1319	1273	409	743	288	353	1766	816	1363	1304	1082	209	1039	627	296	458	514	1253	408	1558	194	380	813	1733	1061	245	756	188	1962	335	621	254	444	940	1122	259	736	1570	326	321	535	194	2941	333	219	2350	536	360	197	807	195	710	1571	1253	3543	1556	309	1598	268	383	1297	1321	1343	584	351	287	500	358	264	552	679	737	1549	335	498	1205	305	257	1415	755	220	275	489	2252	257	216	986	331	555	261	931	306	674	997	408	48	1343	1677	30	266	1309	2221	2071	845	1377	258	219	348	649	606	687	19	1570	267	199	428	2455	666	350	219	363	785	514	323	411	423	371	540	343	346	1435	520	1079	198	1425	540	1380	336	348	203	206	598	1127	1344	520	606	1482	298	1353	946	10	490	850	1334	652	2331	290	1285	726	360	211	328	333	350	319	1234	737	602	192	258	875	1839	288	448	1462	1167	165	289	566	1443	1278	29	493	348	666	453	1769	1253	274	687	296	195	903	43	615	482	843	189	294	1360	368	1222	1425	220	200	652	516	347	845	774	282	543	785	2209	365	610	214	356	1287	1570	178	216	590	447	739	258	1215	871	242	601	336	654	1215	333	623	285	172	536	356
59	132	1066	61	156	48	485	1281	139	431	733	340	1588	359	470	376	299	1711	422	383	315	0	742	252	344	155	919	2127	75	970	111	161	572	193	1021	308	50	289	538	1900	997	22	1724	1555	137	1362	1616	978	143	884	292	240	1466	572	1087	989	1398	430	1167	581	111	210	262	982	137	1245	343	103	570	1445	758	524	557	340	1700	344	490	305	661	628	883	66	485	1256	30	50	272	343	2640	341	350	2038	225	317	165	555	167	646	1838	982	3257	1872	109	1906	316	256	1613	1007	1064	274	352	140	231	596	298	796	989	483	1859	41	193	975	152	320	1145	466	183	304	188	2032	304	180	735	58	240	389	628	439	978	747	138	363	1064	1438	343	122	1019	2016	1758	598	1063	308	122	91	960	476	380	324	1256	288	347	450	2237	359	233	350	281	470	262	176	144	360	259	259	364	367	1667	240	1395	165	1149	259	1080	36	363	155	148	310	1422	1066	240	561	1203	426	1074	804	304	180	600	1045	417	2016	418	1072	1005	260	120	26	39	250	35	965	485	607	341	308	579	1629	140	164	1217	852	189	334	286	1195	1007	342	193	363	359	194	1453	982	299	380	111	167	593	272	302	214	593	343	158	1083	257	909	1149	187	157	417	592	365	598	472	120	228	470	1986	360	492	306	235	992	1256	334	128	552	162	490	305	945	624	371	488	36	540	913	61	563	132	170	833	235
801	782	1497	793	613	712	920	2020	770	976	1302	404	1695	1087	1171	514	460	2241	328	498	529	742	0	873	447	587	542	2809	670	1254	783	591	570	850	1474	443	789	474	289	2519	1496	742	2368	2012	874	1840	1340	1485	878	1171	475	873	1966	966	1509	1656	911	328	1453	531	783	941	996	1393	874	1925	400	840	962	2179	1319	302	844	404	2028	447	661	446	841	1334	1205	676	920	1926	733	714	1011	400	3113	449	738	2600	896	501	578	974	576	599	1694	1393	3987	1379	794	1524	439	593	1090	1685	1497	930	450	786	792	173	457	97	718	926	1254	780	850	1709	622	431	1887	1207	735	456	929	2206	448	730	1475	718	956	355	1202	309	762	1487	874	513	1497	2177	528	760	1501	2142	2337	994	1741	444	621	709	495	652	1106	510	1926	468	396	402	2397	1087	868	738	889	1171	996	830	880	517	577	837	429	428	924	821	909	577	1890	837	1802	777	433	587	595	889	762	1497	821	523	1626	323	1504	882	536	913	1003	1517	834	2659	329	1798	919	565	694	766	778	872	722	1371	921	440	402	443	1314	1790	787	782	1520	1500	559	428	852	1507	1749	528	838	433	1087	754	2085	1393	460	1106	783	576	1308	556	1019	953	1000	401	610	1508	575	1597	1890	737	586	834	303	430	994	1205	774	945	1171	2170	452	636	742	587	1494	1926	411	707	1117	782	918	448	1357	1014	758	624	777	1183	1454	790	554	782	578	711	587
223	123	1260	201	389	298	717	1174	379	639	896	484	1829	426	564	612	496	1848	593	616	351	252	873	0	554	334	896	2159	270	738	141	311	816	403	1211	496	218	491	612	1986	1171	232	1795	1725	190	1529	1498	1150	184	656	497	14	1622	805	1283	1066	1363	545	928	821	141	178	218	1186	190	1298	489	194	804	1414	921	596	804	484	1904	554	741	492	494	691	1111	276	717	1318	282	301	244	489	2787	552	215	2154	413	543	342	784	342	890	1673	1186	3215	1818	142	1811	506	499	1581	1073	1258	458	567	116	470	705	492	902	920	714	1854	222	403	857	390	504	1082	464	138	501	276	2260	493	144	648	310	373	553	798	605	892	658	190	382	1258	1329	362	142	1199	2251	1870	829	1126	496	309	343	962	727	446	369	1318	485	494	664	2465	426	20	215	30	564	218	75	185	595	500	487	572	575	1786	471	1361	342	1097	487	1084	228	573	335	328	526	1461	1260	471	800	1394	593	1269	1056	342	304	829	1228	659	2082	584	934	872	497	199	233	222	2	287	1172	718	834	486	496	588	1863	115	402	1437	954	342	529	512	1414	948	362	409	573	426	439	1540	1186	496	446	141	342	647	318	408	216	822	485	390	1278	497	970	1097	136	335	659	793	575	829	505	136	364	564	2213	577	742	176	475	1166	1318	474	182	302	400	723	494	1151	854	219	738	228	317	1076	198	805	123	325	740	475
402	435	1104	404	189	302	498	1615	331	535	865	164	1458	654	727	109	63	1826	129	100	335	344	447	554	0	220	800	2362	290	1165	425	247	304	408	1073	77	395	64	363	2081	1081	353	1925	1619	481	1437	1584	1068	487	1075	57	548	1558	560	1119	1209	1258	236	1371	292	425	555	605	1004	481	1478	160	448	557	1740	884	356	465	164	1688	0	302	80	780	890	844	289	498	1479	324	302	613	160	2723	2	528	2178	453	55	213	561	213	375	1872	1004	3545	1739	431	1830	67	145	1460	1237	1104	485	15	442	344	351	71	523	927	502	1666	385	408	1315	196	79	1463	783	427	60	513	1943	77	421	1069	301	521	129	762	148	940	1082	482	366	1104	1772	360	414	1091	1904	1909	590	1294	77	246	283	806	288	672	324	1479	73	157	109	2144	654	542	528	580	727	605	488	488	100	129	389	20	22	1354	374	1255	213	1462	389	1360	380	19	219	225	442	1192	1104	374	271	1239	137	1112	618	332	489	598	1111	409	2217	134	1414	1030	117	355	370	383	553	314	983	499	283	161	77	882	1526	443	339	1180	1054	220	48	405	1162	1325	359	395	19	654	308	1643	1004	63	672	425	213	865	323	583	556	593	165	187	1118	128	1150	1462	431	219	409	247	21	590	772	424	511	727	1901	29	286	503	141	1078	1479	171	372	849	340	498	76	967	613	553	276	380	868	1027	403	288	435	233	824	141
213	216	1143	206	97	134	535	1434	229	517	841	184	1598	511	615	289	163	1821	273	291	201	155	587	334	220	0	788	2273	82	976	209	35	499	308	1103	165	202	157	387	2032	1090	154	1861	1646	287	1456	1520	1073	291	887	163	328	1567	616	1162	1128	1266	274	1180	498	209	356	410	1051	287	1388	188	253	614	1600	864	374	565	184	1762	220	451	161	619	776	925	89	535	1397	151	137	424	188	2741	218	331	2157	350	215	9	606	11	573	1769	1051	3412	1744	217	1796	175	200	1479	1149	1142	395	233	223	299	440	159	640	877	536	1716	192	308	1125	105	175	1301	622	207	167	344	2062	161	202	888	145	387	237	734	288	874	900	287	248	1142	1591	232	194	1109	2036	1880	645	1205	164	33	153	822	436	532	203	1397	152	191	330	2266	511	321	331	359	615	410	269	293	273	193	341	238	241	1512	321	1263	9	1305	341	1233	189	239	2	7	399	1272	1143	321	476	1280	275	1151	778	192	333	650	1133	453	2153	267	1219	926	185	134	179	190	332	141	1033	536	502	185	165	734	1651	224	251	1265	985	39	196	366	1245	1162	231	301	239	511	252	1586	1051	163	532	209	11	743	165	450	365	643	187	95	1159	189	1053	1305	212	1	453	461	240	645	627	206	375	615	2018	244	445	299	172	1087	1397	178	152	629	250	538	162	1014	671	356	438	189	648	1017	203	486	216	29	737	172
960	874	1902	939	869	917	1290	2049	1018	1299	1627	654	2210	1267	1388	905	768	2605	681	893	603	919	542	896	800	788	0	3038	847	902	889	767	1044	1096	1868	744	946	781	437	2819	1867	905	2643	2415	1004	2229	806	1852	1005	840	788	905	2346	1359	1918	1907	478	565	1071	1012	889	1044	1098	1803	1004	2161	655	979	1355	2310	1650	444	1265	654	2487	800	1093	744	560	1542	1643	860	1290	2173	928	921	1120	655	3517	801	685	2946	1136	852	782	1357	779	1093	1151	1803	4110	955	903	1029	749	918	694	1924	1901	1183	812	873	1082	483	759	460	182	1293	957	938	1096	1732	880	735	1977	1346	798	766	1090	2713	748	796	1542	930	1159	671	1521	665	240	1551	1005	555	1901	2200	577	859	1881	2659	2669	1388	1980	745	814	941	102	1080	1289	594	2173	769	656	826	2909	1267	904	685	894	1388	1098	898	1006	900	903	1126	793	794	1091	1106	476	782	1993	1126	1973	940	799	790	795	1185	604	1902	1106	998	2038	672	1910	1374	614	1094	1395	1903	1201	2935	672	1792	426	889	812	932	937	896	920	1783	1291	937	655	744	1468	2294	874	1040	1977	1770	749	756	1150	1960	1844	577	1090	799	1267	1035	2372	1803	768	1289	889	779	1504	646	1218	1073	1390	651	866	1916	900	1825	1993	797	787	1201	798	796	1388	1371	874	1147	1388	2674	823	1072	720	898	1864	2173	651	814	1006	1039	1291	748	1766	1412	689	1061	940	1127	1801	935	1026	874	762	274	898
2081	2164	1521	2100	2215	2138	1917	1289	2054	1837	1529	2445	2120	1771	1658	2301	2357	942	2486	2316	2438	2127	2809	2159	2362	2273	3038	0	2202	2672	2148	2286	2329	1972	1504	2378	2095	2343	2661	488	1430	2138	493	1237	2033	1255	3633	1427	2033	2630	2340	2147	1144	1899	1529	1152	3514	2542	2761	2369	2148	1997	1945	1609	2033	885	2447	2059	1903	838	1517	2647	2038	2445	1591	2362	2200	2376	2628	1498	1814	2191	1917	883	2123	2135	1921	2447	1308	2360	2373	735	1927	2308	2281	1881	2283	2352	3727	1609	1334	3977	2134	3961	2379	2216	3732	1126	1518	1886	2359	2165	2018	2698	2362	2885	3079	1908	3986	2103	1972	1496	2204	2390	1185	1696	2240	2361	1948	2062	2373	2243	1567	2128	1887	2469	1618	2506	3051	1563	2033	2484	1518	1234	2463	2179	1448	2181	731	1879	1070	2377	2242	2125	3087	2203	1750	2449	883	2351	2448	2415	2172	1771	2147	2373	2168	1658	1945	2143	2031	2295	2232	1973	2380	2381	3681	1989	3512	2281	1145	1973	1077	2102	2375	2272	2265	1920	3542	1521	1989	2364	1468	2493	1519	2187	2427	1948	1867	1452	1992	306	2488	1525	3011	2245	2227	2111	2105	2158	2132	1628	1915	2460	2445	2378	1572	2006	2164	2038	1724	1309	2311	2386	1957	1712	1279	2462	1982	2375	1771	2059	763	1609	2357	1750	2148	2283	1535	2395	1825	1966	1868	2448	2217	1524	2234	1219	1145	2242	2274	1992	2548	2378	1879	1667	2164	1899	1658	2024	2356	2226	2332	2224	1428	883	2442	2224	2185	2037	1920	2373	1629	1868	2378	2235	2102	2037	1417	2105	2338	2164	2294	2898	2224
131	147	1114	123	119	72	518	1351	183	481	794	266	1606	435	544	341	238	1773	355	345	246	75	670	270	290	82	847	2202	0	954	134	85	546	253	1071	244	119	230	462	1971	1052	71	1796	1610	204	1417	1557	1034	209	867	235	262	1525	603	1134	1061	1326	354	1155	550	134	273	328	1026	204	1319	270	170	601	1521	817	448	571	266	1742	290	480	240	622	703	915	13	518	1329	80	77	341	270	2700	288	317	2105	290	273	92	589	93	621	1790	1026	3332	1802	140	1842	253	231	1540	1080	1112	338	301	154	268	521	236	721	924	517	1785	109	253	1043	121	254	1219	541	163	243	264	2060	240	159	805	87	315	320	688	371	915	817	204	294	1112	1508	274	128	1072	2039	1825	631	1137	243	49	111	887	466	455	253	1329	227	273	399	2264	435	255	317	298	544	328	200	210	325	230	304	309	312	1595	284	1323	92	1223	304	1156	107	310	83	75	359	1347	1114	284	529	1251	357	1122	803	235	255	634	1098	442	2088	349	1137	951	227	86	97	107	268	73	1009	519	565	268	244	655	1653	155	208	1252	922	113	273	330	1231	1080	274	249	310	435	223	1524	1026	238	455	134	93	669	203	377	282	627	269	120	1130	227	983	1223	168	84	442	536	311	631	548	135	302	544	2015	311	478	277	206	1048	1329	260	101	572	207	522	241	989	657	340	473	107	578	972	120	535	147	95	773	206
957	839	1993	933	1065	1009	1452	1461	1108	1378	1617	1020	2558	1127	1262	1258	1101	2529	1129	1256	833	970	1254	738	1165	976	902	2672	954	0	863	941	1466	1141	1942	1088	949	1104	976	2595	1895	948	2389	2439	928	2244	1039	1873	922	89	1113	753	2326	1540	2016	1706	1190	1012	206	1458	863	899	916	1922	928	1890	1026	933	1538	1848	1643	966	1524	1020	2638	1164	1427	1084	413	1350	1848	966	1452	1923	999	1013	939	1026	3467	1163	644	2802	1152	1181	979	1521	977	1539	1056	1922	3531	1519	869	1389	1099	1175	1377	1699	1990	1196	1180	832	1201	1095	1093	1223	779	1449	1695	950	1141	1186	1070	1089	1492	1104	792	1104	1008	2998	1087	796	1115	1024	1105	1091	1526	1130	712	1117	928	813	1990	1587	812	847	1925	2986	2520	1565	1744	1088	969	1056	1004	1412	1142	847	1923	1093	1031	1261	3203	1127	759	644	710	1262	916	808	922	1243	1169	1222	1175	1178	1993	1205	1188	979	1528	1222	1620	956	1179	978	975	1264	1482	1993	1205	1437	2125	1124	2001	1754	834	1040	1566	1955	1388	2658	1117	1190	543	1161	869	958	950	740	1001	1909	1453	1435	1024	1088	1209	2598	832	1132	2176	1627	957	1121	1248	2153	1392	812	1146	1179	1127	1164	2167	1922	1101	1142	863	977	1304	842	1130	936	1558	1020	1065	2011	1166	1598	1528	787	976	1388	1341	1178	1565	1166	850	1098	1262	2951	1194	1421	679	1148	1890	1923	1010	854	526	1130	1458	1088	1888	1590	619	1414	956	662	1793	928	1452	839	951	628	1148
97	24	1155	72	250	156	589	1239	245	524	807	381	1697	380	509	474	371	1777	480	479	296	111	783	141	425	209	889	2148	134	863	0	194	676	283	1109	375	87	364	547	1945	1078	90	1762	1635	115	1440	1551	1058	115	777	369	131	1541	677	1177	1026	1366	457	1058	682	0	163	220	1076	115	1273	385	94	675	1437	833	532	667	381	1795	425	599	371	572	655	987	138	589	1288	141	160	239	385	2712	422	262	2096	304	408	218	658	218	750	1755	1076	3247	1833	14	1851	384	359	1583	1039	1153	352	436	30	337	624	367	825	941	587	1842	87	283	926	250	384	1121	459	97	375	204	2136	370	98	697	169	288	443	705	495	923	709	115	339	1153	1396	317	30	1102	2123	1814	702	1095	374	179	202	942	585	401	310	1288	360	389	534	2341	380	124	262	171	509	220	67	116	457	360	360	444	446	1706	342	1363	218	1130	360	1086	93	444	210	202	406	1423	1155	342	661	1291	482	1164	915	285	217	703	1130	526	2052	474	1015	931	358	89	95	87	139	145	1060	590	700	382	375	580	1735	30	269	1318	899	227	405	386	1295	984	317	286	444	380	303	1497	1076	371	401	0	218	616	254	340	186	696	383	251	1173	357	939	1130	100	210	526	669	446	702	481	16	277	509	2090	446	601	216	335	1073	1288	372	80	443	267	595	371	1039	728	279	596	93	443	988	66	665	24	208	773	335
215	198	1173	203	131	150	567	1428	252	545	866	187	1633	520	629	322	186	1846	286	322	172	161	591	311	247	35	767	2286	85	941	194	0	532	329	1133	185	202	183	376	2051	1118	154	1878	1675	284	1484	1491	1101	287	852	189	306	1594	649	1192	1144	1245	271	1145	529	194	349	405	1083	284	1403	191	250	647	1605	889	362	600	187	1794	247	485	181	584	788	959	95	567	1413	163	153	420	191	2769	244	297	2181	369	246	37	638	36	606	1736	1083	3417	1722	204	1770	195	235	1459	1164	1172	416	260	204	327	438	181	639	851	568	1701	192	329	1118	139	193	1301	625	179	190	348	2096	182	174	884	163	399	248	759	300	846	896	284	220	1172	1586	202	176	1137	2070	1903	678	1220	185	47	176	804	471	541	176	1413	176	195	356	2300	520	300	297	335	629	405	250	289	306	227	368	263	266	1516	347	1243	37	1307	368	1241	191	265	37	36	426	1261	1173	347	508	1311	287	1181	813	162	341	682	1162	486	2170	279	1209	894	219	112	181	190	309	154	1064	568	530	189	185	740	1686	205	276	1298	1003	32	218	393	1278	1163	202	323	265	520	280	1605	1083	186	541	194	36	754	134	461	362	676	189	129	1189	224	1067	1307	183	35	486	482	266	678	633	189	387	629	2052	272	479	265	207	1114	1413	180	128	602	275	570	183	1045	704	322	472	191	627	1043	200	518	198	14	707	207
