NAME : VRPTW_INSTANCE_354.txt
COMMENT : Bangkok Supermarket
TYPE : VRPTW
DIMENSION : 206
DAYS : Wednesday
EDGE_WEIGHT_TYPE : EXPLICIT
VEHICLES : 31
EDGE_WEIGHT_FORMAT : FULL_MATRIX
CAPACITY : 1000
EDGE_WEIGHT_SECTION
0	394	611	124	1038	1994	601	395	524	284	154	190	1213	258	211	225	337	586	365	408	495	1001	607	1003	308	287	211	404	1215	957	589	79	205	383	102	397	392	93	603	1917	1627	309	395	216	244	442	190	2018	1994	202	1615	1241	255	353	1024	300	443	309	210	1092	1074	2131	1065	135	118	152	1994	404	1005	119	890	301	231	891	153	264	101	298	217	193	243	17	309	418	916	241	394	347	1025	1189	170	322	3328	563	640	1028	2750	101	637	320	1190	358	546	1193	1300	410	815	146	492	310	238	369	556	369	92	991	351	996	121	1113	385	208	223	213	386	582	155	73	304	571	401	526	1808	964	255	88	255	198	466	759	451	1010	582	965	1213	374	623	1011	88	358	46	160	916	372	217	173	456	412	432	963	609	1346	207	39	395	123	201	479	1852	996	1426	29	1052	215	537	1876	835	1862	261	1194	1058	193	1022	230	423	394	431	1584	464	178	586	309	165	437	1975	412	1190	118	789	1265	582	2765	428	97	2291	97
394	0	316	458	1371	1950	742	333	333	622	254	391	1503	592	192	537	58	196	105	261	537	775	632	1080	162	159	197	775	1416	1038	610	318	199	313	494	770	125	303	635	2052	1569	468	764	187	187	489	211	1966	1950	381	1777	1548	502	499	885	651	532	468	193	1468	1289	2168	1458	463	510	544	1950	146	883	409	1203	161	170	890	507	413	463	172	523	208	544	384	165	77	1077	592	0	46	1091	1114	312	129	3599	602	391	1374	3064	463	247	137	1504	488	341	1459	1591	65	1080	306	541	154	604	464	590	306	313	1031	46	1128	413	931	515	202	187	189	754	905	459	465	158	212	111	905	2094	1260	502	413	554	227	153	1083	511	1062	905	1084	1503	37	272	961	458	35	438	348	1077	32	523	353	474	45	146	1255	800	1338	200	360	778	515	529	167	1826	1067	1709	414	1147	215	543	1645	937	1604	560	1029	1434	542	1087	533	150	122	159	1605	754	354	195	468	357	161	1924	45	1504	510	396	1659	905	3079	101	489	2576	405
611	316	0	617	1411	1676	1057	650	150	740	518	678	1488	713	411	653	338	234	265	575	447	1001	494	910	305	467	475	907	1319	875	476	534	415	630	712	905	437	522	502	1882	1295	505	893	462	484	426	430	1689	1676	672	1635	1549	586	807	1153	775	848	505	412	1571	1213	1932	1614	616	726	760	1676	213	1157	672	1228	473	448	683	664	475	705	314	794	477	818	609	303	242	972	845	316	346	912	1398	596	298	3525	485	94	1431	3046	705	350	297	1516	798	131	1420	1574	255	1065	582	456	304	848	454	473	623	519	840	326	995	677	1175	826	481	471	411	885	967	598	683	309	137	420	1039	2056	1263	586	664	829	511	436	1129	449	876	967	946	1488	353	108	714	695	333	657	629	972	348	794	484	396	272	191	1255	757	1095	412	591	930	730	661	152	2115	894	1678	639	985	504	859	1829	801	1765	835	1278	1539	686	907	805	196	434	187	1371	803	481	237	505	491	181	1647	272	1516	726	337	1834	967	3059	220	706	2529	661
124	458	617	0	931	1895	712	516	505	171	255	313	1095	142	266	102	400	638	402	521	409	1118	517	890	334	383	304	316	1091	845	500	156	258	502	147	311	484	170	511	1794	1533	213	305	305	343	361	247	1920	1895	326	1492	1127	138	472	1147	195	564	213	265	1009	950	2018	1010	11	152	176	1895	429	1129	238	776	400	317	795	49	186	194	323	313	285	337	141	333	463	795	305	458	415	915	1313	291	358	3209	472	627	926	2639	194	706	354	1078	479	529	1072	1183	458	693	266	404	339	291	284	466	488	152	884	412	877	240	1234	505	302	316	269	296	469	38	133	333	604	490	447	1691	846	138	205	348	302	556	647	364	901	469	848	1095	447	649	924	177	424	128	284	795	444	313	133	381	466	458	845	488	1245	258	157	323	153	80	505	1973	885	1307	137	936	318	660	1995	721	1978	354	1317	975	84	911	326	448	485	453	1476	342	136	638	213	125	459	1878	466	1078	152	841	1222	469	2655	467	141	2174	217
1038	1371	1411	931	0	1806	1459	1428	1262	760	1186	1195	274	788	1186	839	1315	1524	1291	1447	976	2036	980	893	1220	1315	1235	644	597	874	988	1087	1178	1417	979	653	1414	1102	969	1265	1561	922	649	1236	1275	987	1170	1843	1806	1212	955	241	869	1309	2028	738	1403	922	1185	325	506	1704	586	923	966	947	1806	1295	2003	1117	187	1332	1247	1047	889	968	1043	1208	1107	1216	1116	1055	1217	1354	663	1030	1371	1333	927	2143	1205	1251	2318	965	1369	76	1711	1043	1613	1244	178	1324	1284	355	331	1353	384	1184	967	1227	998	960	973	1404	1083	978	1325	749	1116	2133	1339	1234	1248	1190	659	465	920	995	1221	1460	1419	554	804	202	869	1087	1120	1232	1486	288	966	955	465	778	274	1368	1487	1190	1034	1339	1014	1187	663	1363	1107	1018	1019	1367	1322	219	677	1255	1177	1077	676	961	852	1361	2713	907	458	1036	859	1249	1521	2902	812	2896	1121	2204	317	849	928	1113	1310	1415	1311	1328	620	1017	1525	922	1015	1316	1809	1367	178	966	1714	788	465	1727	1349	979	1276	1101
1994	1950	1676	1895	1806	0	2591	2259	1617	1845	2020	2166	1604	1844	1918	1826	1940	1910	1855	2204	1501	2675	1387	1038	1836	2054	2014	1926	1216	1080	1407	1958	1915	2239	2042	1933	2074	1959	1391	906	381	1686	1914	2003	2047	1555	1924	41	0	2171	1007	1695	1759	2332	2827	1867	2408	1686	1918	2130	1301	459	2367	1884	2045	2062	0	1805	2829	2110	1692	2068	1998	1103	1905	1730	2086	1834	2207	2004	2231	2006	1831	1874	1229	2197	1950	1957	1006	3064	2103	1857	2660	1431	1583	1880	2550	2086	2022	1850	1728	2332	1610	1485	1624	1886	1527	2076	1503	1841	2177	1625	1439	2227	1939	1017	1935	1124	2114	2852	2361	2019	2019	1921	1916	1749	1857	2028	1841	1814	2061	1979	1749	1619	1759	2082	2243	2045	2096	1739	1544	1007	1749	1124	1604	1981	1775	996	2070	1949	2018	2119	1229	1975	2207	1827	1548	1908	1804	1602	1470	651	1911	2007	1985	2045	1856	1794	3776	1036	1602	2019	1023	2049	2464	3464	1203	3378	2249	2954	2118	1887	1008	2220	1800	2071	1791	479	1696	1821	1913	1686	1833	1789	42	1908	1728	2045	1940	2587	1749	2555	1851	2037	2004	2090
601	742	1057	712	1459	2591	0	420	1035	821	579	425	1689	807	690	801	720	902	800	505	1090	759	1203	1602	789	590	600	847	1772	1557	1183	632	690	437	576	837	633	632	1200	2493	2220	909	848	612	579	1035	680	2613	2591	421	2183	1692	851	262	638	817	210	909	689	1386	1627	2731	1234	724	579	576	2591	856	603	482	1358	583	622	1488	718	862	519	787	404	605	384	587	793	814	1500	452	742	711	1626	690	494	780	3775	1160	1123	1422	3134	519	866	784	1633	265	1051	1698	1768	801	1345	518	1088	786	483	966	1151	441	652	1591	731	1587	479	770	236	594	600	688	840	1075	749	581	784	951	650	908	2263	1449	851	512	375	565	665	1225	1047	1611	1075	1559	1689	705	1010	1600	535	723	584	473	1500	709	404	764	1043	786	871	1453	1195	1945	695	584	799	581	772	904	1279	1596	1899	578	1649	566	251	1513	1433	1544	371	809	1354	748	1622	393	869	636	879	2185	1011	769	900	909	758	883	2571	786	1633	579	1053	1353	1075	3151	836	580	2734	503
395	333	650	516	1428	2259	420	0	654	679	274	238	1609	654	350	618	325	482	411	85	786	608	895	1332	423	204	255	785	1598	1288	873	370	354	20	449	776	215	360	895	2281	1880	646	778	263	216	731	350	2278	2259	219	1988	1636	628	220	635	694	213	646	350	1449	1460	2448	1375	526	463	485	2259	465	621	312	1284	191	265	1173	549	588	387	425	361	270	367	378	427	410	1282	450	333	311	1349	826	225	403	3724	857	724	1412	3139	387	450	409	1584	202	666	1588	1695	397	1209	250	787	418	476	678	846	32	383	1300	333	1351	313	718	220	252	247	346	769	977	540	432	417	535	232	894	2203	1359	628	340	371	233	245	1152	749	1326	977	1314	1609	297	594	1263	395	322	414	241	1282	302	361	491	728	379	474	1359	980	1631	358	359	762	468	595	500	1522	1322	1821	393	1391	223	210	1480	1173	1469	375	802	1415	588	1345	363	475	218	484	1889	858	496	479	646	489	488	2235	379	1584	463	637	1547	977	3155	433	448	2686	326
524	333	150	505	1262	1617	1035	654	0	609	464	628	1338	584	350	525	328	337	242	590	298	1085	353	786	245	452	435	776	1178	748	334	452	352	633	618	775	457	444	360	1762	1236	365	762	422	457	276	365	1633	1617	625	1505	1398	452	775	1215	645	831	365	351	1429	1067	1843	1483	501	631	663	1617	189	1214	605	1078	464	412	573	548	343	623	249	726	431	751	525	242	257	830	764	333	343	791	1447	548	255	3382	339	123	1283	2897	623	455	251	1365	769	24	1271	1424	269	915	528	306	248	762	308	328	623	434	724	321	859	609	1252	799	440	434	351	755	821	480	591	251	242	444	906	1908	1113	452	590	763	470	480	981	298	758	821	812	1338	365	242	630	611	334	567	577	830	358	726	373	245	291	186	1104	607	1010	347	511	804	634	537	183	2159	771	1529	553	858	468	863	1935	665	1879	769	1352	1397	565	787	738	183	455	174	1281	658	369	340	365	381	172	1591	291	1365	631	479	1706	821	2910	234	612	2382	590
284	622	740	171	760	1845	821	679	609	0	426	460	929	29	432	88	564	794	556	690	427	1285	515	815	484	555	475	167	953	770	504	327	424	667	252	165	655	342	506	1671	1496	252	153	476	515	395	414	1872	1845	476	1362	958	157	606	1304	36	701	252	431	848	809	1931	874	163	245	245	1845	573	1284	381	606	571	488	767	131	266	317	473	418	456	437	301	483	618	683	375	622	581	843	1456	454	513	3044	473	733	755	2468	317	869	507	908	616	634	911	1016	615	537	430	419	490	349	325	471	653	323	828	576	775	382	1396	638	474	488	435	145	299	163	257	484	748	661	298	1524	680	157	349	446	473	727	476	387	838	299	754	929	614	788	910	303	589	268	441	683	610	418	274	424	625	602	679	386	1194	423	321	197	242	93	648	2097	813	1142	287	850	489	807	2160	645	2146	450	1476	815	91	841	429	591	656	595	1405	191	274	794	252	269	601	1831	625	908	245	994	1096	299	2484	619	250	2007	362
154	254	518	255	1186	2020	579	274	464	426	0	163	1350	398	113	354	202	451	254	266	526	864	639	1065	220	133	59	557	1324	1021	618	100	112	257	246	550	238	88	637	2008	1646	373	548	67	90	471	101	2041	2020	161	1714	1383	356	317	909	447	387	373	113	1246	1187	2188	1215	264	262	294	2020	305	895	157	1032	148	83	922	297	316	209	215	277	45	300	139	223	295	1008	339	254	207	1084	1096	85	220	3463	598	566	1178	2895	209	489	222	1334	314	483	1323	1438	285	942	64	526	219	349	411	588	243	110	1040	216	1079	162	988	344	55	70	112	538	725	274	218	215	451	248	680	1945	1101	356	158	311	46	311	903	486	1064	725	1043	1350	229	508	1026	205	220	192	113	1008	228	277	218	474	281	328	1100	706	1381	117	115	549	267	336	372	1781	1057	1561	167	1122	62	453	1743	904	1723	317	1074	1212	336	1080	288	322	240	331	1633	594	222	450	373	215	337	1999	281	1334	262	650	1411	725	2911	310	241	2429	151
190	391	678	313	1195	2166	425	238	628	460	163	0	1385	438	277	413	348	584	413	282	665	842	778	1188	384	237	203	550	1404	1143	758	207	276	232	216	541	330	206	775	2107	1794	490	545	216	203	610	263	2188	2166	18	1805	1408	445	167	843	470	253	490	276	1211	1262	2315	1144	324	228	248	2166	466	823	79	1057	241	230	1063	334	440	151	379	139	201	156	173	387	446	1106	223	391	348	1209	1000	82	382	3499	735	729	1177	2906	151	599	384	1354	170	647	1372	1471	435	998	99	663	382	245	542	727	220	227	1171	362	1186	79	940	198	198	209	276	535	752	345	203	378	601	345	656	1978	1137	445	111	164	168	396	924	622	1192	752	1154	1385	359	659	1175	161	361	192	50	1106	361	139	340	618	427	487	1137	799	1522	280	164	525	233	386	529	1663	1181	1599	176	1239	177	348	1707	1021	1702	170	1016	1177	372	1206	146	482	333	491	1765	648	345	583	490	335	497	2145	427	1354	228	775	1324	752	2922	464	216	2460	98
1213	1503	1488	1095	274	1604	1689	1609	1338	929	1350	1385	0	955	1330	995	1451	1633	1412	1617	1040	2213	1013	801	1344	1472	1393	848	392	795	1026	1249	1322	1596	1170	857	1564	1262	1003	998	1399	1036	849	1391	1435	1064	1317	1643	1604	1402	695	94	1006	1516	2228	916	1611	1036	1329	572	362	1459	848	1086	1159	1146	1604	1406	2206	1306	331	1489	1401	1004	1060	1090	1236	1333	1316	1374	1328	1231	1341	1473	594	1245	1503	1470	831	2362	1383	1376	2114	1010	1431	345	1564	1236	1734	1369	127	1529	1356	121	88	1475	425	1359	1031	1351	1213	1056	1020	1582	1241	898	1459	650	1306	2325	1547	1393	1405	1334	858	633	1076	1182	1346	1558	1567	783	595	249	1006	1274	1333	1396	1632	465	1041	867	633	691	0	1506	1575	1128	1224	1474	1196	1370	594	1500	1316	1158	1093	1491	1430	250	730	1111	1320	1250	890	1154	1015	1464	2956	818	213	1216	747	1412	1725	3089	773	3073	1335	2402	573	1020	834	1323	1419	1565	1418	1135	757	1156	1635	1036	1157	1422	1612	1491	127	1159	1810	1033	633	1578	1464	1169	1079	1288
258	592	713	142	788	1844	807	654	584	29	398	438	955	0	402	59	535	764	526	663	411	1259	503	818	455	526	446	194	970	773	491	299	394	641	234	192	626	313	495	1686	1493	230	180	447	486	376	385	1871	1844	453	1378	985	133	586	1280	62	681	230	401	878	827	1938	901	134	228	232	1844	544	1261	359	633	543	459	761	105	240	297	443	403	427	423	276	454	589	694	365	592	551	846	1436	428	483	3069	460	707	785	2496	297	839	477	935	596	608	935	1042	585	559	404	404	461	340	304	458	627	294	827	546	784	360	1371	619	445	459	406	172	326	133	237	455	719	632	326	1550	705	133	326	433	445	698	504	371	839	326	761	955	584	759	902	283	559	246	417	694	580	403	244	405	595	573	705	393	1193	393	295	220	226	63	619	2082	815	1167	263	855	461	786	2134	648	2119	437	1452	844	65	843	414	562	627	566	1408	210	245	764	230	239	572	1830	595	935	228	965	1122	326	2512	589	231	2033	340
211	192	411	266	1186	1918	690	350	350	432	113	277	1330	402	0	347	134	378	154	316	436	904	545	983	108	155	96	583	1272	939	524	131	7	330	313	577	235	117	545	1938	1542	311	571	86	133	381	20	1938	1918	275	1651	1370	323	428	974	459	493	311	0	1275	1139	2098	1268	271	329	363	1918	199	964	260	1022	173	85	825	314	252	295	102	382	85	406	204	110	207	945	435	192	149	999	1176	198	114	3435	507	454	1186	2886	295	440	114	1324	424	370	1293	1418	200	912	177	437	108	440	331	496	317	123	950	146	1008	265	1042	454	100	102	4	562	720	268	284	103	360	236	712	1924	1084	323	253	418	127	302	898	399	976	720	969	1330	182	413	922	287	157	257	226	945	178	382	171	378	203	225	1080	651	1284	9	183	586	334	338	271	1871	972	1538	235	1043	131	546	1783	826	1753	425	1133	1241	350	995	394	217	235	225	1540	574	173	378	311	173	232	1895	203	1324	329	581	1473	720	2901	217	308	2407	249
225	537	653	102	839	1826	801	618	525	88	354	413	995	59	347	0	479	705	468	621	368	1218	467	808	396	478	399	254	991	763	453	253	340	604	225	251	576	267	459	1698	1470	179	240	398	440	329	331	1852	1826	427	1393	1029	81	569	1249	122	662	179	347	937	849	1933	961	91	224	237	1826	484	1231	336	679	495	409	734	83	182	283	384	397	379	419	243	395	530	700	372	537	496	834	1413	393	425	3109	423	649	838	2544	283	783	419	981	577	550	970	1083	527	591	368	362	402	351	255	419	589	246	810	490	785	338	1336	602	398	411	351	232	374	81	221	396	660	580	386	1591	747	81	303	430	400	647	552	326	824	374	759	995	530	699	871	267	503	223	386	700	526	397	186	356	538	513	745	394	1174	339	259	278	223	30	559	2069	804	1207	236	850	416	761	2096	638	2078	435	1419	903	61	831	409	503	576	506	1397	240	186	706	179	181	512	1810	538	981	224	905	1181	374	2559	530	221	2074	315
337	58	338	400	1315	1940	720	325	328	564	202	348	1451	535	134	479	0	250	86	263	502	810	602	1049	119	129	147	717	1372	1007	580	260	141	305	438	711	139	245	604	2017	1560	418	705	136	147	451	153	1957	1940	340	1739	1494	447	469	908	593	511	418	134	1409	1243	2146	1400	404	453	488	1940	139	902	359	1148	138	120	867	448	361	409	127	476	156	497	327	123	98	1036	541	58	20	1062	1128	267	89	3550	569	403	1317	3011	409	306	97	1450	459	340	1408	1539	86	1029	258	505	112	551	419	558	295	254	1005	14	1090	363	961	488	153	140	130	696	849	401	409	115	252	132	847	2043	1206	447	360	508	181	189	1027	473	1034	849	1048	1451	56	310	946	404	24	381	302	1036	50	476	297	440	79	151	1202	754	1320	141	304	720	459	471	185	1836	1037	1657	358	1114	171	535	1684	902	1647	514	1057	1375	484	1057	486	150	138	160	1585	699	298	250	418	300	164	1915	79	1450	453	452	1602	849	3025	118	432	2525	353
586	196	234	638	1524	1910	902	482	337	794	451	584	1633	764	378	705	250	0	237	398	615	766	687	1123	309	348	393	953	1505	1086	667	509	385	464	688	949	272	494	694	2099	1529	603	941	383	381	578	398	1922	1910	572	1842	1685	658	675	924	825	693	603	379	1643	1389	2165	1646	641	704	738	1910	229	930	605	1348	345	367	906	687	555	659	321	719	405	738	578	310	175	1159	789	196	243	1129	1174	507	281	3706	668	328	1533	3197	659	118	286	1646	662	331	1578	1721	180	1207	502	622	303	800	577	656	462	501	1060	236	1195	610	942	687	398	384	375	932	1062	633	659	309	98	254	1085	2216	1397	658	609	748	423	240	1235	602	1095	1062	1148	1633	225	136	947	654	230	631	543	1159	224	719	519	554	174	203	1390	910	1329	384	555	962	709	703	170	1890	1108	1833	608	1196	410	678	1600	1000	1542	754	1044	1609	720	1124	728	214	269	215	1604	903	519	2	603	525	210	1880	174	1646	704	203	1851	1062	3212	175	683	2696	602
365	105	265	402	1291	1855	800	411	242	556	254	413	1412	526	154	468	86	237	0	349	432	880	527	975	71	212	210	716	1314	933	505	285	160	390	468	711	220	272	530	1947	1474	376	704	197	222	385	175	1872	1855	407	1673	1460	422	545	988	587	594	376	155	1405	1189	2065	1412	405	483	517	1855	55	984	410	1118	222	183	787	452	324	450	83	531	212	554	359	73	62	974	588	105	102	986	1212	331	44	3501	497	322	1298	2975	450	322	48	1419	537	255	1364	1501	62	987	317	437	65	594	364	485	381	274	927	80	1023	415	1036	566	216	206	153	694	827	395	438	71	206	210	848	2001	1171	422	406	566	246	258	1002	407	958	827	980	1412	129	258	862	442	95	411	364	974	122	531	281	369	79	73	1166	701	1237	157	338	726	488	465	117	1921	962	1616	390	1042	240	621	1749	832	1707	572	1133	1371	483	982	542	69	218	79	1503	671	281	238	376	287	84	1829	79	1419	483	439	1621	827	2990	64	462	2482	401
408	261	575	521	1447	2204	505	85	590	690	266	282	1617	663	316	621	263	398	349	0	748	597	854	1297	372	161	231	810	1585	1253	832	367	322	71	478	802	138	355	855	2255	1824	625	802	236	188	694	322	2221	2204	264	1968	1648	620	299	657	709	298	625	317	1487	1449	2405	1426	530	493	519	2204	400	648	346	1297	144	232	1126	559	566	420	376	416	249	427	391	376	339	1261	504	261	247	1312	867	244	348	3730	818	653	1436	3158	420	365	355	1598	283	601	1590	1704	326	1208	263	750	366	527	648	807	74	377	1259	269	1325	348	726	303	229	220	313	792	989	541	457	367	455	154	925	2212	1368	620	369	433	221	160	1167	714	1287	989	1286	1617	226	513	1210	425	255	435	269	1261	232	416	475	688	306	406	1366	964	1582	326	369	793	499	602	428	1573	1286	1828	412	1359	206	285	1477	1142	1456	437	816	1453	599	1308	420	408	140	418	1844	861	479	395	625	474	420	2179	306	1598	493	552	1605	989	3174	363	476	2695	356
495	537	447	409	976	1501	1090	786	298	427	526	665	1040	411	436	368	502	615	432	748	0	1311	113	548	383	587	531	577	891	505	93	457	431	766	555	579	640	459	110	1515	1131	196	562	522	569	55	436	1523	1501	671	1241	1102	288	831	1405	461	911	196	435	1169	774	1663	1259	399	561	585	1501	404	1396	610	790	604	521	398	431	230	591	376	711	517	736	506	378	481	545	714	537	522	564	1612	605	413	3091	71	394	1003	2598	591	727	405	1071	833	316	973	1126	487	619	578	9	390	700	126	61	753	438	514	503	590	613	1463	862	534	538	439	557	559	371	537	387	529	634	693	1610	818	288	583	748	557	689	703	44	540	559	547	1040	556	538	517	575	520	523	619	545	549	711	326	62	509	421	809	310	856	427	506	620	562	393	445	2306	537	1231	521	612	564	978	2182	400	2138	754	1558	1139	427	560	724	412	639	407	1106	402	320	617	196	332	410	1481	509	1071	561	775	1490	559	2612	465	549	2086	589
1001	775	1001	1118	2036	2675	759	608	1085	1285	864	842	2213	1259	904	1218	810	766	880	597	1311	0	1407	1855	930	750	826	1392	2176	1814	1385	965	910	618	1057	1384	674	953	1411	2827	2295	1215	1386	830	784	1262	912	2687	2675	824	2549	2243	1218	757	241	1301	678	1215	904	2045	2043	2928	1944	1127	1070	1091	2675	916	273	919	1891	732	823	1657	1154	1156	993	937	948	845	947	983	934	838	1845	1035	775	790	1866	498	831	899	4327	1377	1095	2019	3747	993	652	907	2191	739	1085	2188	2301	830	1806	854	1315	922	1065	1228	1365	632	975	1804	808	1901	920	185	735	826	815	900	1377	1584	1138	1040	925	864	678	1498	2809	1964	1218	948	947	819	622	1760	1283	1836	1584	1859	2213	756	899	1711	1002	791	1022	849	1845	762	948	1070	1249	807	906	1963	1555	2092	913	963	1367	1075	1198	902	1179	1842	2425	1001	1922	804	558	879	1712	861	948	287	2012	1194	1861	946	914	675	920	2366	1458	1073	763	1215	1070	920	2645	807	2191	1070	759	2091	1584	3763	858	1056	3292	934
607	632	494	517	980	1387	1203	895	353	515	639	778	1013	503	545	467	602	687	527	854	113	1407	0	447	484	695	641	653	825	406	22	571	541	875	664	656	741	572	11	1421	1019	304	638	632	679	168	547	1410	1387	784	1155	1083	389	945	1509	547	1024	304	545	1199	720	1552	1311	507	669	691	1387	493	1502	723	793	711	630	284	536	342	702	479	823	628	848	619	480	570	477	823	632	622	459	1720	718	512	3031	44	424	1015	2560	702	803	505	1057	946	366	936	1097	578	606	691	115	491	807	238	51	863	551	405	602	507	726	1563	975	645	648	548	635	598	479	647	489	595	734	760	1567	808	389	695	860	668	786	722	156	433	598	460	1013	654	595	407	686	619	635	733	477	647	823	439	166	600	505	796	303	743	537	619	701	670	494	522	2417	435	1194	633	515	675	1090	2272	312	2223	866	1659	1170	527	455	836	497	740	491	994	453	433	690	304	445	493	1368	600	1057	669	830	1545	598	2573	552	658	2037	702
1003	1080	910	890	893	1038	1602	1332	786	815	1065	1188	801	818	983	808	1049	1123	975	1297	548	1855	447	0	930	1136	1076	888	479	45	469	984	978	1313	1032	895	1188	989	444	976	715	698	876	1068	1116	602	981	1068	1038	1197	726	891	751	1354	1954	834	1440	698	982	1191	440	1128	1386	879	1032	1045	1038	939	1945	1122	732	1153	1068	247	891	751	1084	924	1203	1062	1226	1017	926	1017	230	1181	1080	1069	35	2159	1139	959	2648	479	825	955	2244	1084	1241	951	892	1358	793	691	867	1025	536	1111	546	937	1158	654	491	1299	967	100	1049	151	1124	2010	1386	1080	1084	986	878	718	853	1023	935	1027	1181	945	1257	691	751	1091	1237	1100	1233	739	583	65	718	114	801	1101	1017	334	1068	1066	1018	1147	230	1094	1203	851	609	1047	951	674	433	399	973	1023	947	1031	839	963	2846	19	925	1024	77	1109	1518	2717	170	2665	1242	2106	1171	867	35	1215	943	1187	937	589	659	846	1126	698	856	938	1028	1047	892	1032	1244	1618	718	2255	998	1028	1697	1100
308	162	305	334	1220	1836	789	423	245	484	220	384	1344	455	108	396	119	309	71	372	383	930	484	930	0	218	189	646	1254	888	462	229	110	402	410	641	257	217	486	1898	1457	307	633	177	214	332	125	1854	1836	380	1620	1390	351	529	1024	516	588	307	108	1333	1127	2032	1344	336	424	459	1836	97	1018	368	1048	233	167	754	383	254	399	11	490	185	515	304	4	134	917	540	162	139	944	1240	303	32	3437	450	346	1226	2906	399	393	25	1348	524	263	1297	1432	133	920	284	386	7	543	302	439	391	215	888	122	971	373	1080	553	195	190	108	624	756	325	380	5	270	251	778	1933	1102	351	359	526	225	308	931	353	917	756	929	1344	174	317	840	390	139	354	333	917	167	490	210	321	147	125	1097	638	1209	107	286	657	429	394	173	1944	918	1548	334	995	223	629	1803	782	1765	533	1175	1300	413	939	502	116	256	123	1471	600	210	309	307	216	129	1812	147	1348	424	509	1555	756	2921	134	403	2416	356
287	159	467	383	1315	2054	590	204	452	555	133	237	1472	526	155	478	129	348	212	161	587	750	695	1136	218	0	79	690	1427	1092	673	227	161	184	376	683	105	213	695	2094	1676	465	680	80	42	533	162	2073	2054	224	1807	1508	468	341	819	578	382	465	156	1379	1293	2247	1344	391	392	423	2054	267	809	267	1157	17	72	970	427	407	332	221	373	99	392	272	222	225	1101	449	159	121	1152	1025	162	199	3582	658	533	1309	3022	332	366	205	1460	331	466	1440	1560	212	1058	164	589	213	464	487	647	173	232	1100	141	1164	271	886	358	81	67	152	671	852	397	349	213	372	117	813	2067	1224	468	279	401	89	179	1030	552	1127	852	1125	1472	124	431	1059	331	134	324	198	1101	126	373	319	528	199	281	1222	805	1427	165	248	682	398	463	314	1726	1125	1682	299	1197	73	412	1630	981	1604	407	977	1345	466	1147	382	279	107	289	1687	714	322	346	465	319	293	2030	199	1460	392	538	1537	852	3037	246	372	2551	268
211	197	475	304	1235	2014	600	255	435	475	59	203	1393	446	96	399	147	393	210	231	531	826	641	1076	189	79	0	611	1354	1032	620	148	99	236	305	605	182	133	641	2028	1637	395	602	12	42	476	94	2034	2014	197	1738	1428	391	340	885	498	399	395	96	1302	1218	2194	1274	312	321	354	2014	263	873	212	1078	96	27	921	347	336	268	187	328	19	350	197	193	243	1031	395	197	150	1094	1082	121	181	3504	602	529	1229	2942	268	430	185	1380	334	452	1362	1481	232	980	111	532	186	407	423	592	222	152	1045	162	1098	216	957	364	5	12	93	592	772	317	277	184	399	190	736	1988	1145	391	216	360	36	255	950	493	1071	772	1060	1393	170	457	1018	264	163	250	155	1031	170	328	244	474	227	284	1142	733	1380	104	173	605	326	383	325	1775	1067	1603	226	1136	35	450	1706	918	1682	367	1046	1268	386	1090	338	279	183	288	1636	635	248	392	395	243	294	1991	227	1380	321	592	1470	772	2958	261	300	2472	208
404	775	907	316	644	1926	847	785	776	167	557	550	848	194	583	254	717	953	716	810	577	1392	653	888	646	690	611	0	940	846	645	465	575	775	335	9	794	480	643	1672	1591	416	14	615	648	551	564	1956	1926	568	1356	862	324	669	1386	132	764	416	582	692	794	1976	707	312	321	303	1926	737	1362	473	516	705	628	881	268	433	399	634	468	593	480	420	645	778	720	398	775	732	919	1514	565	672	2955	613	899	627	2355	399	1023	667	806	683	801	851	931	773	505	546	568	651	366	486	614	762	465	917	729	821	472	1488	700	609	624	586	21	229	320	353	645	913	802	132	1434	603	324	444	485	602	867	382	541	921	229	809	848	763	953	1030	390	740	374	544	720	760	468	436	582	782	766	607	457	1281	575	443	60	316	251	812	2124	889	1061	397	910	619	880	2257	724	2252	487	1561	658	233	917	475	755	795	759	1470	230	437	954	416	430	765	1915	782	806	321	1155	929	229	2371	780	336	1914	458
1215	1416	1319	1091	597	1216	1772	1598	1178	953	1324	1404	392	970	1272	991	1372	1505	1314	1585	891	2176	825	479	1254	1427	1354	940	0	490	843	1228	1266	1582	1205	949	1503	1237	817	734	1008	961	935	1349	1397	932	1264	1254	1216	1418	416	486	969	1557	2233	955	1652	961	1272	922	145	1113	1177	1080	1198	1197	1216	1293	2218	1327	522	1445	1354	717	1070	1020	1268	1245	1371	1336	1389	1233	1250	1368	347	1320	1416	1392	501	2404	1379	1287	2205	838	1245	673	1767	1268	1618	1279	513	1567	1191	271	431	1373	435	1352	884	1262	1290	952	850	1567	1214	579	1377	342	1328	2312	1590	1355	1364	1276	941	712	1061	1207	1258	1417	1501	929	778	431	969	1294	1398	1367	1561	614	908	542	712	393	392	1428	1420	812	1254	1393	1213	1375	347	1422	1371	1110	952	1393	1311	416	621	728	1262	1247	996	1195	1017	1336	3050	498	458	1227	409	1380	1752	3055	523	3020	1401	2399	914	1035	504	1382	1301	1502	1298	743	762	1106	1507	961	1111	1301	1222	1393	513	1198	1656	1385	712	1779	1353	1202	1226	1306
957	1038	875	845	874	1080	1557	1288	748	770	1021	1143	795	773	939	763	1007	1086	933	1253	505	1814	406	45	888	1092	1032	846	490	0	428	939	934	1269	987	853	1146	944	403	1015	753	653	834	1024	1072	559	937	1109	1080	1152	759	883	706	1309	1910	790	1395	653	938	1167	439	1173	1356	833	987	1000	1080	899	1902	1076	708	1109	1024	227	845	706	1039	881	1157	1017	1181	972	883	976	210	1135	1038	1027	73	2114	1094	917	2673	437	792	933	2258	1039	1204	909	881	1313	756	688	864	984	509	1066	503	895	1113	610	448	1255	922	105	1007	151	1079	1968	1341	1035	1040	942	835	680	807	978	893	990	1139	905	1268	672	706	1045	1192	1056	1192	709	539	84	680	104	795	1059	982	332	1023	1024	973	1102	210	1053	1157	806	567	1006	911	656	390	438	929	978	905	986	793	924	2802	43	928	978	110	1065	1473	2678	125	2627	1197	2063	1146	822	71	1170	903	1144	897	634	616	801	1088	653	811	898	1069	1006	881	987	1211	1589	680	2269	958	982	1714	1055
589	610	476	500	988	1407	1183	873	334	504	618	758	1026	491	524	453	580	667	505	832	93	1385	22	469	462	673	620	645	843	428	0	551	520	854	647	648	719	552	26	1442	1038	287	630	610	657	148	525	1430	1407	764	1176	1094	374	925	1487	537	1003	287	523	1202	737	1574	1309	490	652	675	1407	471	1480	703	800	689	608	304	520	324	684	456	804	607	830	600	458	549	496	806	610	600	481	1698	697	490	3049	31	408	1021	2575	684	783	483	1068	926	347	950	1111	556	616	671	96	469	791	219	34	841	531	426	580	527	707	1541	955	623	626	527	626	598	462	629	467	575	712	754	1583	817	374	676	841	647	764	726	137	455	598	481	1026	632	576	424	668	596	617	712	496	625	804	419	145	578	484	806	310	764	515	599	692	653	480	501	2395	457	1208	615	537	654	1069	2251	333	2202	848	1637	1173	513	477	817	475	718	470	1016	450	414	669	287	426	472	1387	578	1068	652	812	1543	598	2588	530	641	2054	683
79	318	534	156	1087	1958	632	370	452	327	100	207	1249	299	131	253	260	509	285	367	457	965	571	984	229	227	148	465	1228	939	551	0	125	355	182	458	329	15	568	1917	1587	286	455	150	187	402	111	1980	1958	214	1620	1283	258	374	1005	350	456	286	131	1157	1089	2111	1139	164	197	232	1958	325	990	159	931	244	163	855	199	234	172	220	275	129	301	75	230	339	916	313	318	272	1005	1185	155	243	3362	528	566	1081	2796	172	563	241	1234	376	474	1222	1337	331	841	127	455	231	314	335	519	340	19	965	274	990	163	1087	404	146	160	134	445	625	173	152	225	491	336	592	1845	1001	258	139	313	146	402	803	415	987	625	956	1249	301	543	969	161	283	125	163	916	298	275	133	411	334	352	999	611	1314	127	59	462	202	236	400	1862	976	1461	105	1038	162	536	1843	820	1824	320	1172	1123	238	1001	288	344	331	352	1559	493	138	508	286	128	358	1938	334	1234	197	712	1342	625	2811	348	176	2328	141
205	199	415	258	1178	1915	690	354	352	424	112	276	1322	394	7	340	141	385	160	322	431	910	541	978	110	161	99	575	1266	934	520	125	0	335	308	570	242	112	541	1933	1539	304	564	90	138	376	15	1936	1915	274	1645	1362	316	428	980	452	494	304	6	1268	1133	2094	1261	263	323	358	1915	203	969	257	1014	179	90	821	307	246	291	104	379	88	404	199	113	213	939	430	199	156	995	1180	198	119	3428	502	456	1178	2879	291	447	118	1317	425	371	1286	1411	206	904	177	432	111	435	326	492	321	116	946	154	1003	262	1048	454	103	106	11	554	713	261	278	106	365	244	705	1916	1076	316	249	415	129	309	891	394	972	713	964	1322	190	418	920	282	165	251	225	939	186	379	164	375	210	229	1073	645	1280	4	178	579	328	331	276	1875	968	1531	230	1038	134	550	1789	821	1760	422	1139	1234	342	991	391	222	242	229	1536	567	166	384	304	166	236	1893	210	1317	323	588	1466	713	2894	223	302	2400	246
383	313	630	502	1417	2239	437	20	633	667	257	232	1596	641	330	604	305	464	390	71	766	618	875	1313	402	184	236	775	1582	1269	854	355	335	0	441	767	196	344	875	2263	1860	628	769	244	197	711	331	2257	2239	214	1971	1624	613	229	652	683	229	628	330	1444	1444	2428	1373	512	455	478	2239	444	638	304	1273	170	245	1153	536	570	379	405	359	252	367	365	407	390	1265	448	313	291	1330	845	213	382	3711	837	704	1403	3129	379	436	389	1573	212	645	1574	1683	377	1195	236	767	397	474	659	827	14	367	1280	313	1333	305	732	231	233	228	327	759	965	526	422	397	516	214	886	2191	1347	613	331	372	216	229	1141	729	1307	965	1296	1596	277	575	1243	386	301	404	231	1265	282	359	474	709	359	454	1346	963	1610	339	346	754	460	582	480	1542	1303	1809	382	1372	205	230	1493	1154	1479	376	817	1410	576	1326	362	454	199	464	1869	844	478	462	628	472	467	2215	359	1573	455	623	1547	965	3145	413	439	2674	317
102	494	712	147	979	2042	576	449	618	252	246	216	1170	234	313	225	438	688	468	478	555	1057	664	1032	410	376	305	335	1205	987	647	182	308	441	0	326	482	195	658	1919	1680	360	329	312	333	506	293	2067	2042	234	1612	1191	283	353	1058	256	449	360	313	1009	1061	2159	969	158	16	50	2042	507	1037	138	841	389	327	943	142	328	66	400	171	289	194	110	411	521	924	159	494	447	1058	1204	234	425	3283	619	737	962	2690	66	734	423	1138	364	642	1160	1255	513	789	218	551	412	147	429	613	427	194	1030	452	1011	137	1156	386	301	317	316	319	537	186	29	407	674	493	447	1762	921	283	109	204	286	555	708	511	1046	537	984	1170	473	725	1071	55	459	56	210	924	471	171	252	524	514	534	923	619	1391	310	133	314	21	195	582	1847	1028	1383	79	1076	303	557	1924	862	1917	209	1232	975	172	1054	183	526	484	533	1620	443	257	688	360	244	539	2025	514	1138	16	890	1166	537	2706	531	6	2243	123
397	770	905	311	653	1933	837	776	775	165	550	541	857	192	577	251	711	949	711	802	579	1384	656	895	641	683	605	9	949	853	648	458	570	767	326	0	787	474	646	1682	1597	415	18	608	641	552	558	1963	1933	559	1366	871	322	659	1376	129	754	415	576	698	804	1984	709	307	313	294	1933	733	1353	464	526	698	622	886	262	431	390	630	458	586	470	412	640	773	729	388	770	726	927	1504	557	668	2964	616	898	636	2364	390	1017	663	816	673	799	861	940	769	515	538	570	647	356	486	616	753	459	924	724	830	463	1479	690	602	617	581	21	239	316	345	641	909	795	136	1444	613	322	436	475	595	860	392	542	928	239	817	857	757	950	1034	381	735	366	536	729	754	458	432	583	777	762	617	464	1288	570	436	52	308	247	808	2114	896	1070	389	918	612	871	2248	731	2244	477	1552	664	228	925	465	752	789	755	1478	236	433	949	415	426	762	1922	777	816	313	1151	930	239	2380	775	327	1923	450
392	125	437	484	1414	2074	633	215	457	655	238	330	1564	626	235	576	139	272	220	138	640	674	741	1188	257	105	182	794	1503	1146	719	329	242	196	482	787	0	314	744	2155	1693	543	784	179	148	589	247	2090	2074	315	1875	1603	558	403	768	679	423	543	235	1484	1372	2285	1450	491	498	529	2074	268	763	370	1254	93	167	1006	529	485	437	264	469	200	486	378	262	202	1170	549	125	120	1201	992	262	229	3671	708	515	1410	3119	437	269	236	1557	390	466	1528	1653	190	1147	268	643	250	566	553	697	191	332	1144	141	1227	373	822	414	184	169	231	774	950	495	455	253	320	17	919	2159	1318	558	383	494	195	73	1128	610	1174	950	1186	1564	92	378	1082	436	125	430	297	1170	98	469	406	579	169	271	1315	882	1458	245	354	787	504	562	291	1702	1176	1773	405	1253	179	422	1552	1040	1519	500	917	1450	568	1197	476	274	3	283	1723	808	408	270	543	407	285	2048	169	1557	498	448	1641	950	3134	226	478	2642	372
93	303	522	170	1102	1959	632	360	444	342	88	206	1262	313	117	267	245	494	272	355	459	953	572	989	217	213	133	480	1237	944	552	15	112	344	195	474	314	0	570	1924	1587	292	470	135	173	404	97	1981	1959	212	1629	1296	268	372	996	365	452	292	117	1172	1100	2115	1154	178	211	245	1959	313	981	163	945	229	148	857	214	238	182	208	282	114	307	87	219	325	924	323	303	257	1010	1177	149	230	3375	530	556	1096	2809	182	548	228	1248	373	465	1234	1350	317	853	121	457	219	325	338	521	330	23	968	259	997	167	1076	402	132	146	120	460	639	186	166	213	478	321	607	1858	1014	268	146	319	134	387	817	417	990	639	962	1262	286	530	968	172	268	139	160	924	283	282	137	411	320	340	1012	620	1316	114	68	478	216	250	387	1857	981	1473	118	1044	149	530	1831	825	1811	326	1162	1138	253	1006	295	332	316	339	1562	506	143	494	292	133	346	1939	320	1248	211	697	1357	639	2825	335	190	2341	147
603	635	502	511	969	1391	1200	895	360	506	637	775	1003	495	545	459	604	694	530	855	110	1411	11	444	486	695	641	643	817	403	26	568	541	875	658	646	744	570	0	1417	1023	298	628	631	678	166	546	1414	1391	782	1150	1072	382	942	1510	538	1022	298	545	1187	711	1553	1300	501	663	685	1391	497	1503	719	781	712	630	288	529	338	697	480	818	627	843	615	482	574	469	817	635	624	457	1721	716	515	3023	40	433	1003	2550	697	809	507	1046	943	373	926	1087	582	595	689	112	493	801	234	49	863	549	404	604	501	722	1565	972	644	647	548	625	586	473	642	491	602	736	749	1558	796	382	691	855	667	788	710	153	431	586	454	1003	657	602	413	681	621	630	730	469	650	818	435	166	604	510	785	291	746	536	615	691	664	487	527	2416	432	1184	629	511	674	1089	2276	306	2228	861	1661	1159	520	453	831	501	742	496	995	442	430	696	298	441	498	1372	604	1046	663	838	1534	586	2563	556	653	2028	698
1917	2052	1882	1794	1265	906	2493	2281	1762	1671	2008	2107	998	1686	1938	1698	2017	2099	1947	2255	1515	2827	1421	976	1898	2094	2028	1672	734	1015	1442	1917	1933	2263	1919	1682	2155	1924	1417	0	958	1634	1667	2021	2069	1566	1934	945	906	2119	319	1066	1663	2267	2913	1677	2359	1634	1938	1569	878	553	1846	1783	1914	1917	906	1914	2901	2033	1239	2111	2023	1200	1780	1692	1980	1891	2089	2011	2109	1933	1894	1992	1001	2044	2052	2038	970	3102	2072	1928	1822	1449	1793	1340	1644	1980	2218	1920	1120	2274	1768	911	973	1999	1169	2044	1512	1905	2016	1607	1461	2249	1901	1042	2019	930	2035	2977	2299	2030	2037	1942	1672	1446	1761	1918	1902	2003	2150	1664	901	1143	1663	2000	2118	2047	2204	1345	1545	1005	1446	969	998	2071	1989	1206	1965	2036	1921	2073	1001	2064	2089	1789	1578	2021	1926	1130	1307	884	1929	1945	1729	1912	1726	1940	3767	991	892	1932	905	2058	2452	3693	1115	3641	2122	3071	1571	1747	975	2100	1918	2154	1912	656	1482	1785	2102	1634	1792	1914	936	2021	1120	1914	2211	2027	1446	1649	1973	1916	1099	2012
1627	1569	1295	1533	1561	381	2220	1880	1236	1496	1646	1794	1399	1493	1542	1470	1560	1529	1474	1824	1131	2295	1019	715	1457	1676	1637	1591	1008	753	1038	1587	1539	1860	1680	1597	1693	1587	1023	958	0	1321	1579	1626	1669	1185	1548	397	381	1799	932	1493	1399	1959	2446	1521	2033	1321	1542	1878	1059	711	2092	1522	1684	1703	381	1424	2447	1741	1423	1689	1621	737	1546	1362	1721	1455	1842	1627	1867	1638	1453	1493	931	1837	1569	1577	681	2683	1729	1477	2779	1063	1202	1631	2562	1721	1642	1471	1514	1959	1229	1278	1438	1505	1240	1703	1134	1462	1819	1257	1071	1849	1567	673	1555	829	1745	2471	1988	1642	1641	1544	1579	1433	1494	1665	1463	1432	1680	1657	1667	1364	1399	1714	1878	1669	1714	1449	1175	673	1433	817	1399	1601	1395	619	1705	1569	1653	1747	931	1594	1842	1457	1176	1527	1422	1346	1134	316	1534	1637	1649	1684	1499	1412	3395	710	1444	1653	720	1672	2086	3091	869	3009	1884	2573	1862	1531	682	1855	1419	1691	1410	318	1361	1452	1532	1321	1464	1408	355	1527	1514	1684	1564	2321	1433	2569	1470	1675	2000	1721
309	468	505	213	922	1686	909	646	365	252	373	490	1036	230	311	179	418	603	376	625	196	1215	304	698	307	465	395	416	961	653	287	286	304	628	360	415	543	292	298	1634	1321	0	401	389	437	151	303	1710	1686	499	1343	1084	97	657	1279	288	742	0	310	1066	829	1825	1119	203	365	388	1686	373	1267	427	745	483	393	584	235	58	400	296	520	377	545	322	304	437	636	519	468	438	719	1469	441	340	3131	259	486	934	2599	400	698	332	1044	660	389	991	1125	438	612	414	191	314	503	75	253	614	269	682	425	705	430	1351	688	397	404	315	394	465	175	343	309	539	542	543	1626	796	97	397	557	412	605	634	152	702	465	670	1036	474	568	711	383	440	332	449	636	468	520	155	177	454	399	790	340	1037	301	326	450	366	201	439	2149	690	1241	333	751	423	822	2094	533	2062	563	1441	1034	234	715	533	388	543	389	1276	303	150	604	0	158	394	1668	454	1044	365	792	1344	465	2614	429	354	2108	406
395	764	893	305	649	1914	848	778	762	153	548	545	849	180	571	240	705	941	704	802	562	1386	638	876	633	680	602	14	935	834	630	455	564	769	329	18	784	470	628	1667	1579	401	0	605	639	536	553	1944	1914	563	1351	865	309	666	1382	118	762	401	571	704	790	1967	721	301	316	299	1914	724	1359	467	518	696	618	867	257	419	393	621	466	583	478	411	632	765	711	398	764	720	908	1513	558	660	2958	599	885	634	2361	393	1011	655	810	680	786	851	933	761	501	539	553	639	366	471	599	755	455	905	718	812	466	1484	697	600	615	575	9	227	308	346	633	900	792	145	1437	604	309	438	484	593	857	384	526	909	227	799	849	752	940	1016	384	729	366	538	711	749	466	423	567	770	753	607	445	1269	564	435	70	311	238	799	2126	878	1062	389	899	610	877	2252	712	2247	486	1557	670	221	906	473	742	786	746	1460	218	424	941	401	417	752	1903	770	810	316	1143	944	227	2377	767	330	1917	452
216	187	462	305	1236	2003	612	263	422	476	67	216	1391	447	86	398	136	383	197	236	522	830	632	1068	177	80	12	615	1349	1024	610	150	90	244	312	608	179	135	631	2021	1626	389	605	0	48	467	87	2023	2003	209	1732	1428	388	352	891	500	411	389	86	1306	1214	2185	1280	312	328	361	2003	250	880	222	1077	98	16	911	349	330	276	175	340	22	361	203	181	232	1025	405	187	140	1085	1090	133	169	3502	593	516	1231	2942	276	422	172	1380	347	439	1360	1479	221	978	122	523	174	416	415	583	231	152	1036	151	1091	227	962	376	18	16	83	595	772	317	284	171	388	187	740	1987	1144	388	226	372	48	252	951	485	1062	772	1053	1391	161	445	1007	272	153	257	167	1025	161	340	240	465	216	271	1141	728	1370	95	179	610	333	383	313	1785	1058	1602	232	1128	46	460	1710	910	1685	378	1052	1272	388	1081	350	267	181	276	1626	634	243	383	389	239	281	1981	216	1380	328	583	1477	772	2958	249	307	2470	218
244	187	484	343	1275	2047	579	216	457	515	90	203	1435	486	133	440	147	381	222	188	569	784	679	1116	214	42	42	648	1397	1072	657	187	138	197	333	641	148	173	678	2069	1669	437	639	48	0	514	135	2066	2047	193	1780	1469	434	323	843	537	374	437	133	1337	1261	2231	1302	352	349	381	2047	277	832	227	1119	57	49	957	386	378	290	214	337	61	357	230	218	246	1073	410	187	145	1133	1042	125	201	3546	640	544	1268	2983	290	406	205	1421	315	472	1404	1522	233	1023	124	570	210	425	463	630	184	193	1083	161	1139	231	915	344	42	32	130	629	812	359	307	209	398	159	771	2030	1186	434	237	366	47	221	991	533	1110	812	1101	1435	156	456	1051	289	158	281	161	1073	157	337	287	512	224	294	1184	776	1415	142	206	640	355	423	332	1738	1106	1645	257	1176	31	416	1663	959	1640	373	1004	1303	426	1129	346	291	150	301	1673	677	290	380	437	286	306	2024	224	1421	349	575	1495	812	2998	265	329	2514	227
