NAME : VRPTW_INSTANCE_22.txt
COMMENT : Bangkok Supermarket
TYPE : VRPTW
DIMENSION : 318
DAYS : Sunday
EDGE_WEIGHT_TYPE : EXPLICIT
VEHICLES : 40
EDGE_WEIGHT_FORMAT : FULL_MATRIX
CAPACITY : 1000
EDGE_WEIGHT_SECTION
0	334	1380	535	347	1673	2075	639	668	438	157	1148	1073	128	718	365	277	622	586	412	451	170	221	363	1068	88	207	155	613	581	396	390	2453	1013	119	290	929	197	3148	439	890	101	404	823	2020	1036	595	394	59	2179	611	815	1065	376	306	1339	737	395	975	83	330	201	1021	1028	231	2114	965	538	288	385	1139	185	506	38	2580	1090	1551	77	394	1093	213	196	78	850	348	641	101	591	532	203	456	1861	957	640	556	437	91	141	615	400	419	1452	1480	1024	367	1021	21	508	377	346	581	1630	59	445	309	272	776	442	836	39	1017	118	650	815	481	291	916	1065	193	310	537	288	1599	59	530	79	182	437	63	1658	388	96	202	858	2656	1800	412	3920	502	428	1712	590	372	255	336	214	2005	22	1221	1025	982	484	221	1090	88	135	1290	372	584	570	203	352	223	1744	1058	358	835	213	374	1116	977	583	2067	127	581	815	1175	1231	217	306	989	1649	79	492	422	521	974	1994	1621	371	350	1007	308	350	1135	1366	535	1558	314	413	481	1234	279	97	977	954	400	1076	2379	612	582	1418	111	994	929	984	412	212	205	1115	2678	929	538	561	155	1214	177	133	1253	258	1243	96	923	177	747	189	352	464	76	1252	2204	88	263	584	702	205	844	252	503	412	218	625	97	2114	300	484	1230	436	1247	306	152	1191	525	178	79	474	173	124	394	261	609	312	373	865	1036	355	322	178	367	124	546	609	532	510	214	380	740	1058	858	402	309	903	431	613	2515	447	593	1909	623	3558	97	399	448	697	170	190	202	311
334	0	1216	599	265	1414	2410	856	912	193	409	1372	1407	268	451	255	62	518	496	328	680	165	513	251	1390	287	290	475	284	791	225	714	2721	1264	257	545	1263	163	3478	440	1224	337	344	1117	2250	1368	819	284	291	2410	832	1144	876	262	356	1058	1039	711	1309	267	665	187	1356	1358	197	1937	1246	598	341	129	1469	476	179	297	2907	1353	1807	387	180	839	184	530	261	1143	270	410	337	256	760	534	660	1526	1219	671	778	425	392	277	283	190	278	1210	1814	702	251	1279	331	578	424	308	791	1296	291	750	643	605	850	760	1096	296	1275	411	519	1144	454	538	1214	753	425	354	600	341	1874	291	590	304	425	192	286	1874	55	297	493	586	2988	2036	328	4248	313	762	1936	818	250	346	642	280	2201	312	1445	1280	659	715	513	1353	287	462	1200	701	806	569	412	267	193	2069	1325	266	1170	331	264	782	1312	802	2263	408	791	1144	1477	1502	330	354	687	1884	304	310	437	598	1081	2329	1956	701	56	1291	355	15	1278	1611	593	1838	20	339	297	935	483	273	1285	1262	189	1395	2708	617	863	1610	407	1281	1263	1156	328	512	186	1428	2996	1138	600	807	404	1452	426	228	1063	592	1015	297	1220	426	1046	520	267	794	361	1586	2405	287	542	789	491	282	1107	345	731	328	502	640	273	1916	635	300	1514	634	1565	631	436	867	853	426	387	705	423	254	180	351	912	564	260	1120	1362	267	325	426	37	236	607	912	590	633	280	700	1074	1369	1123	328	577	1130	428	592	2848	660	904	2125	552	3883	395	724	271	389	165	213	493	360
1380	1216	0	1814	1481	2169	3048	2018	2049	1365	1291	2529	2146	1252	1469	1469	1261	1703	796	1541	1830	1277	1601	1465	2329	1292	1476	1524	1065	1957	1016	1533	3804	2390	1265	1670	2062	1339	4246	1656	2029	1292	1559	1629	3399	2225	1975	1496	1386	3557	1990	2060	1913	1475	1563	1805	2077	1499	2101	1378	1577	1373	2138	2032	1398	733	2324	1814	1546	1088	2132	1566	1099	1368	3731	2460	2919	1361	1378	1744	1376	1525	1360	1641	1486	1507	1292	1160	1911	1468	1827	1554	2330	1886	1935	1642	1350	1432	1086	1387	976	387	2594	910	1465	1578	1361	971	1031	1034	1957	1443	1386	1799	1561	1581	2066	1778	2212	1367	2390	1343	1687	2060	1668	1279	2255	823	1562	1562	1815	1546	2951	1386	1805	1416	1554	1366	1384	3039	1181	1423	1350	1530	3738	3177	1541	5024	1486	1697	3092	1970	1463	1138	1701	1470	3384	1372	2602	2400	927	1863	1601	2460	1292	1497	312	1554	1963	1784	1562	1483	1390	2953	2425	1481	1999	1177	1477	1104	2108	1961	3446	1506	1957	2060	2494	1774	1172	1562	779	3027	1416	1488	1653	1812	2295	3039	2706	1560	1161	2360	1563	1210	2486	1728	1809	2063	1225	1553	1478	717	1216	1284	1812	1798	1386	2352	3201	1831	1952	2795	1345	2344	2062	2351	1541	1373	1375	2405	3888	1324	1815	1942	1527	1600	1551	1372	177	1563	329	1423	2262	1551	1614	1529	1483	1753	1333	2358	3584	1292	1337	1959	1587	1468	2218	1140	1883	1541	1599	1854	1284	743	1560	1479	2577	1804	2090	1641	1332	938	1640	1552	1358	1853	1547	1259	1378	1132	1956	1291	1474	2241	2276	1483	1539	1552	1222	1376	1823	1956	1806	1837	1470	1719	1877	1893	1516	1542	1689	2284	1645	1803	3417	1822	1926	3290	1749	4698	1347	1545	961	1329	1277	1395	1350	1568
535	599	1814	0	337	1373	2228	377	467	487	690	834	1283	629	607	354	553	285	1059	292	310	557	426	358	1093	601	356	493	819	322	803	789	2209	775	611	353	1125	483	3159	164	1091	634	268	1239	1694	1153	366	335	494	1855	368	927	704	351	256	1119	710	817	1165	487	680	448	1209	1296	419	2537	819	7	275	725	1391	429	743	521	2572	878	1297	602	457	846	443	561	506	1265	332	501	634	739	339	635	257	1874	755	110	337	182	618	417	805	451	849	1798	1592	1210	360	1477	556	1037	894	824	322	1638	494	529	669	592	254	579	644	522	798	642	338	927	175	813	839	1283	360	256	3	275	1393	494	10	463	375	487	493	1311	639	448	711	708	2699	1492	292	3906	406	687	1381	371	363	773	481	358	1619	528	905	797	1165	326	426	878	601	514	1776	753	353	110	340	336	427	1738	861	340	1029	733	348	1211	1163	345	1682	434	322	927	1089	1661	736	257	1237	1341	463	397	163	23	481	2105	1738	747	653	870	256	606	682	1827	10	1963	589	279	400	1480	813	601	1346	1324	452	1078	2595	115	519	1033	636	867	1125	579	292	708	446	1087	2612	1434	3	401	394	1685	382	470	1663	597	1610	448	842	382	1156	545	336	671	611	1403	1825	601	769	313	494	363	661	770	326	292	412	112	601	2514	659	401	1073	242	1562	551	675	1356	877	381	605	323	385	615	457	779	618	828	351	656	1094	337	275	381	598	470	11	618	11	103	358	555	989	1410	1315	287	378	615	176	152	2680	273	646	1558	233	3525	624	792	856	693	557	430	711	251
347	265	1481	337	0	1332	2343	638	709	169	492	1142	1352	380	401	27	228	288	748	73	484	272	404	28	1261	368	154	413	488	573	481	719	2508	1054	361	393	1199	191	3356	175	1161	418	81	1166	2015	1273	608	46	288	2175	618	1042	718	33	129	1011	886	731	1243	266	634	164	1290	1330	127	2201	1060	336	126	394	1436	378	407	314	2776	1149	1592	424	128	755	152	488	279	1193	5	308	418	417	555	531	451	1634	1017	405	568	160	437	208	477	125	531	1461	1724	894	32	1368	360	777	623	529	573	1398	288	621	616	553	585	648	896	314	1069	463	308	1042	190	633	1048	961	296	123	338	126	1672	288	328	271	305	168	284	1635	302	254	550	537	2878	1807	73	4117	165	699	1701	609	38	514	525	142	1952	328	1215	1072	850	517	404	1149	368	417	1460	693	594	305	271	4	136	1934	1125	12	1101	480	30	926	1244	589	2015	329	573	1042	1311	1577	482	127	909	1655	271	154	174	339	818	2243	1869	690	321	1108	126	270	1020	1714	331	1902	257	80	145	1155	604	361	1310	1287	125	1257	2674	352	694	1363	457	1101	1199	907	73	560	159	1281	2843	1270	338	611	299	1560	310	222	1327	547	1273	254	1053	310	1087	473	5	712	415	1510	2157	368	610	569	359	151	910	511	529	73	389	375	361	2177	605	148	1326	424	1568	550	498	1049	843	310	426	508	310	363	128	520	766	655	31	916	1245	8	83	310	261	229	345	766	328	385	142	598	1026	1388	1205	68	430	906	163	331	2791	455	772	1884	306	3744	442	726	531	428	272	162	550	131
1673	1414	2169	1373	1332	0	3601	1728	1823	1246	1800	2035	2647	1666	965	1310	1442	1113	1806	1279	1682	1547	1716	1312	2460	1670	1485	1742	1291	1685	1584	2051	3309	2058	1650	1676	2490	1484	4480	1322	2454	1724	1296	2496	2714	2526	1729	1285	1613	2858	1728	2299	670	1300	1421	378	2081	2063	2531	1589	1963	1473	2577	2644	1441	2693	2150	1366	1431	1484	2746	1698	1348	1636	3891	2163	2480	1747	1284	580	1460	1818	1597	2523	1332	1032	1724	1227	1711	1864	1630	1081	2064	1297	1707	1310	1758	1539	1270	1277	1632	1902	2964	1260	1307	2685	1682	1974	1829	1705	1685	951	1613	1889	1945	1878	1383	1932	1976	1636	2091	1783	1066	2299	1274	1939	2193	1346	1612	1415	1370	1431	2615	1613	1367	1601	1624	1246	1609	2357	1388	1585	1871	828	4042	2574	1279	5200	1171	2013	2442	1736	1302	1761	1817	1475	2526	1652	2085	2083	1248	1700	1716	2163	1670	1748	2329	2024	1717	1266	1585	1327	1449	3078	2159	1320	2393	1744	1303	1066	2530	1710	2581	1658	1685	2299	2423	2902	1743	1420	1396	2447	1601	1181	1342	1397	1519	3474	3110	2022	1446	2199	1418	1403	1710	3023	1363	3232	1429	1283	1192	1477	1893	1659	2643	2620	1277	2441	3966	1260	1892	2075	1778	2202	2490	1741	1279	1884	1468	2443	3891	2553	1370	1772	1625	2865	1630	1540	1995	1875	1844	1585	2196	1630	2419	1802	1327	2013	1732	2776	2715	1670	1929	1674	972	1484	1995	1760	1700	1279	1700	1272	1659	2599	1935	1188	2370	1611	2895	1864	1816	1246	2173	1630	1749	1696	1631	1649	1284	1766	1992	1964	1303	1978	2466	1324	1384	1630	1378	1549	1366	1992	1364	1477	1475	1895	2336	2719	2525	1291	1711	1894	1321	1221	4053	1644	2017	2552	1149	4810	1763	2058	1598	1038	1547	1482	1871	1419
2075	2410	3048	2228	2343	3601	0	1879	1784	2489	2026	1744	1002	2156	2745	2370	2353	2498	2414	2373	1921	2244	1940	2370	1147	2128	2198	1947	2682	1917	2401	1705	1677	1631	2162	1955	1148	2265	1222	2298	1187	2085	2350	1430	1841	1077	1874	2384	2124	1889	1876	1308	2931	2377	2226	3334	1520	1717	1103	2149	1745	2258	1056	1068	2275	3675	1496	2235	2222	2436	956	1969	2575	2113	828	1545	1524	2025	2441	3063	2268	1883	2151	1414	2341	2646	2085	2667	1889	1876	1973	3936	1597	2305	1894	2313	2023	2167	2686	2444	2392	3300	638	3072	2375	1480	2079	2161	2195	2283	1917	3706	2124	1729	1766	1809	2247	1696	1654	2114	1594	2007	2549	1308	2343	1939	1426	3094	2048	2233	2231	2222	1374	2124	2235	2119	2040	2488	2128	1832	2462	2130	1938	2876	726	1716	2373	1988	2506	1654	1784	1866	2381	2160	1819	2210	2080	2098	1737	1608	3034	1902	1940	1545	2128	1954	2786	1712	1884	2336	2072	2347	2271	712	1531	2355	1244	2145	2374	3188	1101	1892	2100	2027	1917	1308	1246	1321	2149	2228	3007	1694	2119	2494	2279	2204	2195	197	493	1711	2418	1453	2229	2425	2099	1458	2238	1158	2389	2365	2487	3229	2013	2142	1241	1258	2445	1173	445	2340	1708	1924	2011	1444	1148	1977	2373	1914	2261	1185	1092	1733	2231	1828	2049	1523	2035	2196	3011	1820	3089	2130	1425	2035	1463	1895	2348	1632	2053	834	2133	2128	1906	1928	2676	2202	1635	2160	1901	2373	1955	2328	2142	3743	1775	2490	1362	1993	957	1797	1990	3239	1565	2035	2026	1906	2036	2166	2441	2161	1610	1915	2375	1661	1135	2350	2270	2035	2443	2186	2234	1610	2237	2124	2210	1745	1335	1156	1532	2361	1918	1772	2302	2380	452	1959	1589	1904	2456	1693	2021	1694	2435	2759	2244	2238	1938	2227
639	856	2018	377	638	1728	1879	0	95	807	755	517	983	766	976	663	797	662	1225	623	188	749	426	666	733	727	566	510	1120	65	1011	689	1870	415	753	349	830	701	2783	505	802	734	597	1078	1395	820	45	657	632	1555	28	611	1058	664	513	1493	363	728	863	641	581	671	903	1026	658	2751	442	383	523	963	1106	457	1027	649	2195	512	955	672	766	1220	673	538	658	1102	633	870	734	1054	107	616	195	2243	383	432	83	524	685	594	1111	763	1045	2061	1240	1532	669	1339	660	1123	1010	984	65	2007	632	327	582	518	379	381	268	650	432	700	715	611	536	832	466	1596	456	517	379	523	1035	632	386	602	463	806	634	1025	908	597	730	1083	2325	1180	623	3528	756	520	1083	54	674	891	368	575	1366	646	591	434	1487	155	426	512	727	538	1926	649	55	485	458	639	663	1363	491	646	743	849	661	1559	860	56	1428	512	65	611	712	1487	854	515	1538	1028	602	746	492	357	435	1746	1386	642	901	493	515	868	526	1677	387	1755	840	611	745	1786	864	734	1138	1119	764	713	2263	477	209	778	696	490	830	358	623	715	671	716	2236	1361	379	105	490	1554	466	654	1884	533	1859	597	469	466	999	527	639	476	695	1070	1566	727	773	69	869	574	285	889	135	623	425	460	734	2746	575	747	699	221	1305	452	722	1687	718	465	675	165	470	758	766	897	313	836	664	283	744	641	555	465	869	648	380	313	388	279	575	402	740	1186	1189	614	335	273	514	522	2331	198	358	1276	608	3148	690	686	1066	1047	749	646	730	510
668	912	2049	467	709	1823	1784	95	0	878	770	479	897	797	1061	735	851	753	1253	701	232	793	448	737	638	757	622	527	1183	145	1053	663	1808	352	786	381	746	753	2691	587	720	758	674	1026	1352	728	104	731	669	1511	99	525	1153	737	581	1586	272	704	778	681	561	725	816	947	717	2783	355	474	589	1013	1023	483	1087	684	2104	441	895	692	836	1312	728	542	697	1048	705	954	758	1122	154	616	258	2327	308	526	141	606	703	643	1176	834	1083	2109	1146	1599	741	1290	688	1133	1030	1015	145	2090	669	297	565	510	469	346	187	685	362	716	806	525	621	832	372	1660	497	586	470	589	964	669	476	641	502	878	672	990	966	638	734	1171	2232	1133	701	3439	836	483	1043	101	746	914	364	633	1341	678	552	367	1554	197	448	441	757	555	1944	624	118	577	504	711	720	1270	416	718	663	873	734	1634	774	124	1402	544	145	525	622	1428	878	583	1598	981	641	825	573	447	498	1651	1291	617	954	405	583	925	554	1622	478	1685	895	689	824	1847	871	765	1073	1054	834	618	2170	570	148	761	712	401	746	379	701	717	726	622	2150	1328	470	107	528	1504	504	700	1921	526	1904	638	376	504	949	534	711	432	718	978	1537	757	771	154	957	630	201	912	181	701	450	554	765	2782	560	826	618	285	1227	442	734	1757	674	503	695	207	508	791	836	920	240	833	736	208	650	713	625	503	928	694	471	240	478	367	633	380	670	1116	1144	691	359	237	595	615	2236	255	289	1240	700	3060	708	658	1108	1126	793	700	734	579
438	193	1365	487	169	1246	2489	807	878	0	554	1308	1491	420	282	143	200	340	684	195	653	301	550	141	1422	424	292	543	332	742	413	827	2676	1222	404	553	1340	242	3517	323	1302	478	219	1258	2177	1425	777	153	380	2338	787	1195	685	142	298	903	1051	833	1386	355	757	238	1433	1458	215	2074	1229	484	292	310	1567	520	268	399	2939	1318	1760	507	47	666	226	612	359	1285	173	221	478	252	725	639	620	1472	1187	535	738	304	517	322	318	46	467	1316	1876	728	138	1439	443	769	614	500	742	1236	380	778	737	682	721	801	1066	399	1238	541	333	1195	318	693	1215	797	445	292	487	292	1841	380	477	376	451	0	376	1795	198	363	628	422	3036	1971	195	4281	125	835	1863	778	133	526	677	280	2107	416	1380	1241	683	686	550	1318	424	539	1375	807	763	429	423	167	219	2097	1295	161	1244	503	146	757	1387	758	2169	461	742	1195	1479	1657	503	295	750	1819	376	124	328	494	958	2394	2020	805	243	1277	295	188	1168	1777	479	1989	199	208	113	993	648	413	1415	1392	45	1420	2808	474	861	1520	536	1269	1340	1065	195	644	233	1446	3010	1314	487	780	440	1621	455	305	1204	674	1136	363	1220	455	1183	598	167	856	490	1657	2313	424	685	737	299	287	1080	524	699	195	536	499	413	2042	727	115	1496	593	1684	691	572	881	960	455	509	677	454	403	47	531	929	718	143	1086	1402	165	253	455	166	314	493	929	476	548	280	747	1161	1496	1279	201	590	1074	311	441	2933	625	932	2044	383	3909	522	836	454	270	301	254	628	300
157	409	1291	690	492	1800	2026	755	770	554	0	1248	1026	140	837	507	365	774	498	561	571	255	329	504	1082	130	362	245	659	703	380	321	2517	1101	152	412	894	316	3132	595	856	76	556	708	2110	1023	710	538	209	2267	727	817	1209	517	462	1456	789	310	940	227	309	333	985	963	368	2023	1033	694	444	410	1075	301	554	181	2574	1168	1627	89	516	1220	345	234	213	735	493	770	76	659	648	182	586	1914	1039	796	673	593	74	294	666	524	382	1402	1454	1047	508	885	138	369	261	282	703	1688	209	508	289	292	927	488	923	180	1100	54	799	817	637	141	968	1074	337	466	693	444	1663	209	686	235	324	554	212	1758	454	252	88	976	2634	1887	561	3908	637	427	1806	703	512	158	411	367	2111	169	1320	1110	1008	601	329	1168	130	216	1173	319	700	727	353	497	359	1748	1134	503	807	127	516	1164	944	701	2172	263	703	817	1217	1102	132	462	992	1738	235	628	579	675	1117	1959	1590	322	402	1070	464	423	1267	1226	691	1435	390	563	616	1228	122	141	876	853	523	1097	2308	769	662	1530	59	1054	894	1110	561	112	337	1142	2688	778	693	667	300	1071	318	269	1177	274	1187	252	975	318	637	238	497	478	80	1219	2307	130	132	707	837	358	928	157	621	561	332	782	141	2032	285	619	1289	569	1158	350	42	1214	461	319	86	591	314	155	516	163	665	164	515	953	1041	500	476	319	446	263	701	665	687	658	367	428	699	961	724	552	420	1007	588	770	2458	575	638	2007	777	3553	68	332	421	795	255	329	88	467
1148	1372	2529	834	1142	2035	1744	517	479	1308	1248	0	1079	1276	1437	1165	1313	1099	1733	1116	702	1266	928	1168	687	1236	1082	1007	1630	581	1528	1104	1374	182	1264	858	967	1218	2454	990	959	1238	1090	1388	878	860	557	1154	1146	1038	542	763	1397	1165	1023	1870	553	1146	979	1156	1015	1188	1000	1180	1174	3262	339	839	1035	1481	1218	962	1541	1161	1868	213	467	1171	1270	1606	1189	1018	1173	1405	1137	1333	1238	1559	620	1088	713	2695	256	838	598	1009	1183	1112	1619	1266	1560	2579	1143	2036	1171	1650	1168	1608	1509	1495	581	2462	1146	755	1023	977	683	793	339	1162	210	1194	1149	763	1009	1301	456	2104	971	1026	835	1035	584	1146	845	1117	977	1307	1148	510	1422	1112	1208	1523	2043	665	1116	3164	1240	916	566	561	1175	1394	838	1092	864	1157	73	191	1991	667	928	213	1236	1035	2421	1069	570	927	975	1143	1179	1099	242	1148	920	1353	1162	2046	972	572	924	1022	581	763	505	1744	1358	1025	2049	512	1117	1230	981	822	516	1575	1268	1061	1418	352	1024	1383	361	1954	844	1946	1356	1103	1232	2297	1346	1244	1380	1367	1267	643	2172	900	593	305	1191	371	967	295	1116	1189	1188	600	1855	1736	835	586	1004	1859	980	1171	2399	995	2377	1112	451	980	1321	1011	1143	858	1197	1065	1058	1236	1240	582	1313	1091	341	1392	649	1116	929	875	1244	3260	1020	1233	382	738	1449	911	1211	2186	1079	979	1174	677	984	1270	1270	1400	630	1300	1165	307	741	1144	1062	979	1383	1165	832	630	846	760	1092	840	984	1398	1525	1108	839	245	1000	947	2178	715	677	761	1038	2775	1187	1097	1583	1528	1266	1163	1208	1019
1073	1407	2146	1283	1352	2647	1002	983	897	1491	1026	1079	0	1154	1754	1378	1350	1534	1444	1388	972	1241	948	1379	411	1126	1203	948	1679	1002	1405	705	1828	907	1159	975	158	1264	2123	1327	193	1083	1367	544	1644	223	963	1395	1122	1767	971	371	1984	1386	1241	2357	628	721	119	1147	742	1257	82	141	1276	2829	744	1290	1235	1435	138	975	1572	1111	1587	871	1151	1022	1444	2090	1268	882	1149	541	1350	1659	1083	1664	960	873	1025	2933	842	1374	972	1340	1020	1169	1684	1448	1398	2354	448	2074	1383	733	1076	1203	1213	1291	1002	2703	1122	758	763	809	1361	716	836	1111	873	1005	1582	371	1374	949	631	2099	1056	1248	1286	1235	1083	1122	1288	1118	1047	1490	1127	1427	1459	1130	939	1889	1619	1435	1388	2902	1517	655	1425	954	1389	1166	834	1215	1778	1095	1113	892	2034	960	948	871	1126	953	1923	710	971	1385	1082	1356	1272	822	838	1365	254	1148	1383	2185	122	978	1824	1030	1002	371	645	731	1152	1243	2014	1329	1118	1506	1307	1259	1380	933	571	708	1416	727	1244	1422	1364	945	1292	873	1386	1382	1498	2243	1024	1140	411	412	1448	458	1323	1398	781	1361	1008	708	158	1202	1388	914	1261	518	1743	932	1286	906	1054	897	1042	1195	2082	819	2138	1130	635	1042	537	894	1357	641	1050	211	1920	1126	911	1014	1697	1207	820	1165	965	1388	964	1391	1140	2875	772	1501	800	1041	370	802	989	2241	566	1042	1023	961	1043	1163	1444	1167	675	927	1384	857	346	1360	1284	1042	1440	1185	1291	675	1290	1183	1215	758	332	379	688	1376	939	984	1329	1433	1443	1010	640	1616	1499	2561	1018	694	1441	1760	1241	1238	939	1242
128	268	1252	629	380	1666	2156	766	797	420	140	1276	1154	0	701	390	226	668	459	453	578	119	350	387	1180	40	276	280	525	707	274	452	2580	1142	19	418	1017	192	3249	510	978	71	452	849	2149	1136	722	423	140	2308	738	921	1088	401	381	1318	860	446	1063	142	420	216	1109	1097	253	1986	1092	632	361	281	1209	314	418	117	2685	1218	1679	136	384	1086	227	306	123	875	382	639	71	519	659	286	579	1780	1086	728	682	504	135	212	531	393	292	1326	1575	923	391	1020	110	409	264	218	707	1553	140	569	398	378	879	562	965	116	1145	149	687	921	546	273	1040	957	313	383	632	361	1726	140	623	172	304	419	139	1787	314	184	225	840	2753	1929	453	4023	511	530	1840	717	394	143	462	277	2132	119	1349	1154	882	611	350	1218	40	257	1168	444	711	647	318	385	243	1853	1186	389	927	104	400	1031	1066	710	2194	253	707	921	1297	1239	107	380	878	1777	172	503	497	619	1086	2084	1713	446	264	1133	382	283	1254	1357	628	1573	250	457	491	1120	229	32	1016	994	392	1191	2445	692	710	1544	145	1119	1017	1107	453	246	220	1232	2790	898	632	690	277	1200	300	165	1124	362	1116	184	1047	300	778	303	385	572	106	1342	2331	40	273	709	710	271	973	140	630	453	347	709	32	1985	391	494	1355	558	1298	422	169	1090	592	301	135	601	296	17	384	150	733	299	399	993	1144	387	382	301	305	163	640	733	625	618	277	500	824	1101	860	445	437	1031	501	685	2591	572	713	2037	680	3664	136	463	324	655	119	220	225	386
718	451	1469	607	401	965	2745	976	1061	282	837	1437	1754	701	0	375	476	342	893	374	856	582	806	375	1650	707	552	811	412	916	641	1106	2811	1383	686	790	1601	524	3741	474	1563	760	399	1540	2279	1672	957	360	660	2438	963	1440	459	368	519	620	1269	1113	1645	635	1030	517	1692	1729	490	2138	1417	602	522	536	1837	779	424	680	3157	1485	1902	790	324	388	505	884	641	1567	404	106	760	321	915	917	813	1267	1359	603	921	455	799	594	390	318	693	1344	2123	675	371	1721	725	1023	873	751	916	1031	660	1018	1010	952	780	1049	1244	680	1405	824	296	1440	440	974	1421	763	698	513	606	522	2000	660	597	653	707	283	656	1894	431	638	911	140	3268	2086	374	4496	239	1100	1969	960	365	797	925	540	2176	697	1506	1404	634	885	806	1485	707	811	1532	1084	943	510	673	397	496	2317	1466	389	1503	778	371	624	1646	936	2238	727	916	1440	1680	1939	778	517	747	1937	653	250	489	623	1010	2642	2269	1082	487	1467	516	441	1232	2057	597	2272	464	384	257	962	927	695	1696	1673	318	1643	3075	539	1074	1607	818	1462	1601	1165	374	926	513	1662	3211	1589	606	975	700	1900	712	585	1296	945	1195	638	1425	712	1465	869	397	1114	772	1911	2383	707	967	908	139	548	1261	796	893	374	790	564	695	2088	1000	254	1676	788	1962	952	855	793	1236	712	791	877	711	684	324	802	1156	1000	370	1259	1638	394	474	712	415	594	608	1156	596	698	540	1000	1427	1776	1561	386	828	1222	466	493	3192	822	1166	2135	404	4119	804	1114	667	140	582	530	911	519
365	255	1469	354	27	1310	2370	663	735	143	507	1165	1378	390	375	0	223	281	744	73	511	279	430	4	1288	381	177	438	467	598	475	741	2532	1079	372	421	1225	199	3383	190	1187	432	89	1186	2037	1300	634	33	306	2198	644	1069	702	10	156	987	913	753	1270	283	658	175	1317	1355	139	2187	1086	353	153	384	1462	403	389	331	2803	1174	1617	442	105	733	163	512	294	1213	30	284	432	393	581	553	477	1607	1043	417	594	174	454	228	455	100	526	1443	1751	871	5	1386	377	782	628	530	598	1371	306	648	639	577	599	675	922	331	1095	481	297	1069	199	648	1075	938	322	150	355	153	1697	306	344	291	331	143	302	1656	288	274	567	511	2905	1829	73	4144	141	724	1723	634	11	521	551	166	1972	346	1238	1097	826	543	430	1174	381	440	1454	716	619	314	298	24	148	1961	1151	17	1128	489	10	899	1271	614	2034	353	598	1069	1338	1596	490	154	887	1677	291	130	192	358	833	2270	1896	713	311	1135	153	259	1037	1731	347	1923	249	84	120	1133	617	373	1333	1310	101	1284	2700	361	721	1383	474	1127	1225	928	73	578	170	1309	2870	1284	355	638	325	1577	336	237	1314	571	1256	274	1080	336	1108	497	24	738	431	1536	2177	381	628	593	338	175	936	519	555	73	415	385	373	2161	629	124	1352	450	1592	576	514	1024	867	336	444	535	335	373	105	527	794	671	8	942	1272	21	110	336	247	244	361	794	344	407	166	625	1052	1410	1223	73	458	930	178	337	2817	482	800	1905	304	3771	460	748	524	401	279	177	567	157
277	62	1261	553	228	1442	2353	797	851	200	365	1313	1350	226	476	223	0	500	520	297	619	112	450	219	1328	239	230	414	346	732	253	661	2660	1204	212	483	1205	100	3416	399	1166	291	309	1074	2191	1308	759	255	230	2352	773	1083	883	232	304	1092	976	661	1251	206	608	126	1298	1304	140	1986	1183	553	288	173	1415	413	242	239	2845	1291	1747	334	173	863	124	470	201	1101	232	422	291	314	699	479	601	1585	1157	631	718	386	340	214	345	183	303	1266	1755	765	221	1245	275	573	418	311	732	1353	230	688	586	545	806	697	1034	238	1214	362	506	1083	418	500	1151	816	362	302	554	288	1812	230	544	242	362	200	226	1817	118	235	446	614	2927	1977	297	4186	308	703	1878	757	221	325	579	221	2146	254	1387	1219	721	654	450	1291	239	402	1232	647	746	532	350	231	134	2006	1263	231	1111	303	233	843	1254	742	2209	345	732	1083	1415	1465	303	302	749	1825	242	303	394	551	1034	2270	1896	647	104	1229	303	77	1228	1581	548	1800	44	307	290	998	450	226	1239	1216	182	1332	2655	580	800	1555	357	1218	1205	1102	297	464	125	1366	2933	1114	554	745	341	1423	363	165	1112	533	1069	235	1157	363	1002	460	231	734	311	1528	2349	239	498	730	499	222	1046	324	671	297	439	602	226	1968	577	293	1452	575	1516	570	389	929	799	364	334	644	360	211	173	331	849	525	230	1059	1300	232	278	364	90	174	562	849	545	580	221	638	1017	1322	1087	295	514	1070	387	559	2792	600	842	2068	527	3821	344	671	304	430	112	151	446	308
622	518	1703	285	288	1113	2498	662	753	340	774	1099	1534	668	342	281	500	0	1015	215	577	560	611	285	1372	654	415	650	649	607	744	964	2471	1055	649	564	1377	479	3444	210	1341	702	218	1418	1937	1421	650	248	565	2096	654	1191	459	271	326	838	989	983	1419	547	866	452	1464	1533	415	2405	1105	278	341	645	1634	597	604	593	2858	1159	1565	699	338	565	440	726	561	1446	285	244	702	557	619	785	527	1597	1038	261	620	201	713	480	631	329	797	1632	1865	995	282	1635	637	1064	909	810	607	1363	565	777	850	778	438	818	929	593	1080	740	53	1191	161	913	1123	1077	512	321	283	341	1668	565	276	543	525	340	562	1552	536	525	823	426	2983	1744	215	4191	217	903	1626	656	280	802	704	408	1837	606	1166	1077	951	599	611	1159	654	661	1714	933	637	177	486	283	424	2023	1144	279	1280	769	271	965	1418	630	1899	570	607	1191	1375	1837	770	326	1046	1596	543	216	230	305	671	2381	2012	929	574	1155	324	518	891	1984	274	2155	518	211	227	1277	889	648	1548	1526	329	1359	2855	199	794	1265	733	1153	1377	823	215	830	447	1371	2897	1551	282	681	532	1833	532	507	1540	777	1462	525	1127	532	1338	710	283	901	695	1668	2043	654	885	598	214	417	947	800	602	215	595	223	648	2368	839	225	1356	506	1788	756	775	1126	1075	532	701	594	534	651	338	808	888	934	273	940	1370	281	301	532	499	512	282	888	274	386	408	782	1224	1620	1471	223	598	892	211	152	2950	539	909	1793	61	3810	719	969	789	453	560	448	823	323
586	496	796	1059	748	1806	2414	1225	1253	684	498	1733	1444	459	893	744	520	1015	0	818	1037	503	805	740	1564	498	706	728	515	1167	271	770	3015	1594	473	877	1334	576	3568	914	1298	496	829	996	2603	1483	1182	775	597	2760	1197	1296	1347	752	803	1430	1287	742	1378	592	795	610	1419	1352	641	1529	1531	1060	784	373	1461	771	470	577	3025	1664	2124	565	677	1262	616	731	574	1017	752	884	496	585	1118	678	1038	1632	1534	1146	1142	903	554	653	536	687	218	918	1889	734	741	1058	566	258	243	241	1167	1431	597	1005	778	790	1313	986	1416	576	1594	548	1015	1296	937	509	1466	722	772	803	1061	784	2161	597	1051	628	764	683	595	2244	485	637	563	1006	3063	2381	818	4347	808	916	2296	1176	742	342	905	702	2592	579	1806	1604	709	1070	805	1664	498	701	717	783	1170	1051	775	751	632	2215	1630	752	1259	381	754	912	1383	1169	2653	713	1167	1296	1712	1286	376	801	629	2231	628	806	907	1053	1532	2373	2016	789	442	1568	803	497	1709	1335	1055	1621	497	827	793	823	439	491	1187	1167	686	1583	2643	1098	1156	2004	549	1553	1334	1566	818	588	613	1632	3157	846	1061	1147	736	1177	760	594	679	772	701	637	1473	760	953	734	751	970	537	1651	2790	498	562	1168	968	698	1422	344	1090	818	804	1119	491	1534	775	796	1787	1017	1482	848	539	885	894	761	562	1060	756	468	677	337	1164	527	751	1445	1517	752	787	761	518	597	1069	1164	1052	1065	702	926	1140	1275	934	815	894	1489	903	1080	2824	1032	1136	2494	1047	4002	551	782	230	782	503	629	563	808
412	328	1541	292	73	1279	2373	623	701	195	561	1116	1388	453	374	73	297	215	818	0	485	346	442	78	1276	439	209	463	526	560	549	773	2487	1038	434	417	1233	264	3368	128	1196	488	26	1224	1983	1299	598	45	354	2144	606	1067	653	66	147	969	896	788	1277	334	684	237	1324	1372	199	2257	1055	289	154	458	1477	420	454	381	2786	1136	1572	490	166	707	225	539	348	1251	70	273	488	447	550	588	446	1629	1006	346	560	109	503	271	513	159	600	1508	1749	920	77	1432	426	851	697	602	560	1392	354	645	666	599	530	677	888	381	1056	530	238	1067	127	701	1052	992	334	140	292	154	1658	354	282	334	346	194	351	1601	359	317	615	503	2894	1778	0	4126	137	739	1669	600	77	587	555	200	1912	395	1188	1058	876	516	442	1136	439	469	1528	745	583	242	308	69	209	1945	1115	66	1135	554	64	936	1278	578	1974	379	560	1067	1313	1638	555	145	945	1627	334	126	135	299	766	2268	1895	742	385	1105	144	332	973	1778	284	1961	323	13	123	1188	675	433	1364	1341	160	1270	2711	289	702	1325	523	1098	1233	870	0	623	232	1291	2846	1339	292	609	345	1626	351	292	1384	595	1324	317	1057	351	1145	523	69	747	483	1539	2117	439	676	554	310	209	903	585	526	0	426	313	433	2230	655	125	1320	420	1616	590	564	1070	893	351	492	508	352	435	166	593	781	723	67	906	1264	67	105	351	319	298	298	781	281	356	200	631	1066	1439	1268	12	454	885	116	264	2822	453	792	1849	232	3751	509	780	598	425	346	233	615	146
451	680	1830	310	484	1682	1921	188	232	653	571	702	972	578	856	511	619	577	1037	485	0	564	242	513	798	539	390	327	952	131	826	547	2040	584	565	161	814	521	2884	385	781	547	459	971	1579	845	145	511	444	1739	160	617	1014	514	355	1415	415	583	854	454	434	493	898	989	484	2563	575	318	361	782	1082	271	855	461	2301	673	1127	486	609	1143	496	364	471	997	480	751	547	893	81	444	53	2114	539	404	104	402	500	411	945	608	858	1879	1288	1369	517	1224	472	940	823	796	131	1878	444	226	430	359	436	279	417	462	595	516	628	617	427	656	566	1428	269	361	314	361	1195	444	316	415	275	653	446	1211	733	410	553	975	2414	1362	485	3640	623	405	1268	141	522	704	213	401	1554	458	775	600	1324	35	242	673	539	355	1739	507	133	416	273	486	488	1461	646	494	719	662	511	1410	852	132	1616	324	131	617	828	1391	666	357	1366	1210	415	612	368	287	569	1804	1434	500	722	623	358	693	698	1569	320	1679	663	474	609	1615	683	546	1058	1037	608	788	2284	426	219	966	512	616	814	538	485	540	494	806	2360	1219	314	128	302	1437	278	470	1697	371	1675	410	571	278	890	351	487	376	509	1093	1754	539	600	136	766	398	429	701	53	485	239	419	546	2559	422	611	843	71	1260	299	540	1528	604	277	489	25	282	570	609	710	311	663	513	440	793	489	401	277	696	464	319	311	318	211	401	272	685	1117	1067	475	152	457	391	462	2373	38	335	1462	534	3265	505	546	880	909	564	467	553	353
170	165	1277	557	272	1547	2244	749	793	301	255	1266	1241	119	582	279	112	560	503	346	564	0	366	276	1234	126	203	318	443	686	263	549	2595	1144	103	414	1098	81	3317	420	1059	179	349	962	2143	1206	708	312	134	2303	723	984	971	289	301	1201	894	548	1144	115	499	112	1191	1193	148	2008	1111	558	282	224	1304	329	336	134	2748	1227	1686	222	265	967	122	367	103	989	275	520	179	422	646	369	554	1691	1094	648	667	412	228	155	445	273	300	1315	1651	856	278	1138	165	504	351	268	686	1461	134	601	478	442	811	605	971	133	1152	249	576	984	450	392	1071	900	296	301	559	282	1744	134	549	155	292	300	130	1774	218	155	333	722	2826	1926	346	4089	393	599	1832	705	281	241	492	199	2111	148	1339	1159	813	599	366	1227	126	302	1220	535	695	558	290	276	138	1912	1197	280	1005	210	289	946	1147	693	2174	260	686	984	1333	1357	212	300	827	1774	155	386	410	550	1029	2164	1791	536	180	1155	301	181	1210	1476	554	1690	145	352	373	1074	348	114	1126	1103	273	1241	2543	605	726	1520	244	1143	1098	1074	346	352	116	1277	2843	1016	559	686	267	1320	290	95	1137	428	1111	155	1077	290	890	358	277	633	198	1422	2313	126	387	686	591	195	981	239	617	346	358	624	114	1998	469	376	1378	530	1403	472	276	1022	688	291	222	589	287	102	265	248	765	417	287	997	1204	279	291	291	200	100	567	765	550	563	199	544	909	1209	978	340	441	1021	410	593	2682	551	753	2025	577	3726	231	559	318	542	0	127	333	306
221	513	1601	426	404	1716	1940	426	448	550	329	928	948	350	806	430	450	611	805	442	242	366	0	430	880	310	258	84	797	374	615	364	2233	791	340	86	794	351	2973	401	756	309	422	817	1799	874	381	446	233	1957	398	644	1070	438	295	1411	528	391	839	251	258	333	886	930	342	2334	747	432	287	591	1035	37	692	242	2398	868	1329	245	503	1148	341	137	264	844	402	711	309	756	319	215	261	2018	736	536	344	410	258	239	795	505	640	1673	1325	1215	435	1051	240	698	584	567	374	1784	233	237	244	169	631	251	615	243	795	274	653	644	450	419	704	1264	108	302	429	287	1380	233	426	211	99	550	237	1439	568	215	314	940	2488	1578	442	3740	568	297	1491	375	441	466	129	270	1788	234	1001	804	1172	272	0	868	310	113	1499	329	371	499	133	408	340	1558	837	416	697	425	435	1286	840	371	1849	106	374	644	967	1239	430	297	1193	1427	211	557	381	406	799	1843	1469	324	543	789	299	527	939	1401	431	1549	493	436	549	1440	441	319	938	915	506	882	2270	530	362	1203	270	777	794	780	442	304	336	915	2483	1012	430	342	111	1258	95	285	1474	172	1464	215	711	95	735	121	408	308	270	1107	1985	310	365	378	752	263	623	464	292	442	16	534	319	2335	234	552	1013	247	1178	148	298	1379	464	95	248	262	96	346	503	472	400	428	436	643	856	411	336	95	538	276	437	400	428	363	270	196	624	1009	888	430	91	684	400	548	2387	248	392	1689	590	3373	263	367	668	821	366	309	314	297
363	251	1465	358	28	1312	2370	666	737	141	504	1168	1379	387	375	4	219	285	740	78	513	276	430	0	1289	379	177	437	463	601	471	740	2535	1081	369	422	1225	196	3385	194	1187	429	93	1185	2040	1301	636	36	304	2201	646	1069	704	13	158	988	915	751	1270	281	658	173	1317	1354	136	2183	1088	356	155	380	1461	403	385	329	2805	1177	1620	440	101	734	160	511	292	1212	32	285	429	390	584	552	479	1606	1045	421	597	178	452	227	452	97	522	1439	1752	868	4	1384	375	779	624	526	601	1370	304	649	639	577	603	676	925	329	1097	478	300	1069	203	645	1077	935	322	152	359	155	1700	304	348	289	331	140	300	1660	284	273	565	512	2906	1833	78	4146	141	724	1726	637	10	518	552	165	1975	344	1241	1100	823	546	430	1177	379	439	1450	715	622	318	298	26	145	1963	1154	20	1128	486	13	897	1271	617	2038	353	601	1069	1340	1595	487	156	884	1681	289	131	196	362	837	2271	1897	712	307	1137	155	255	1041	1729	351	1921	245	88	121	1129	614	370	1332	1308	98	1286	2700	366	723	1387	472	1129	1225	931	78	576	168	1310	2872	1282	359	640	325	1575	336	235	1310	571	1252	273	1082	336	1107	496	26	739	429	1537	2181	379	625	596	339	174	939	515	558	78	415	389	370	2157	628	124	1355	452	1591	576	512	1021	866	336	442	537	336	370	101	524	795	668	11	945	1273	24	112	336	243	242	365	795	348	410	165	625	1052	1409	1221	77	459	933	182	341	2818	484	801	1909	308	3773	457	747	520	399	276	175	565	159
1068	1390	2329	1093	1261	2460	1147	733	638	1422	1082	687	411	1180	1650	1288	1328	1372	1564	1276	798	1234	880	1289	0	1143	1131	916	1674	775	1453	797	1507	529	1178	868	347	1230	2095	1183	360	1115	1251	857	1252	188	731	1295	1101	1384	732	269	1790	1293	1134	2211	383	830	338	1123	773	1213	341	535	1220	3043	371	1100	1135	1453	547	915	1568	1100	1518	473	749	1044	1374	1938	1221	874	1132	865	1257	1546	1115	1636	753	902	846	2894	475	1163	755	1200	1048	1119	1673	1376	1462	2480	510	2090	1293	1093	1079	1357	1321	1365	775	2658	1101	644	792	801	1100	630	511	1101	492	1043	1424	269	1225	1056	281	2133	979	1140	1096	1135	701	1101	1101	1086	975	1421	1105	1016	1446	1093	1005	1773	1618	1036	1276	2860	1413	654	1018	724	1299	1240	750	1144	1371	1087	712	510	2048	773	880	473	1143	933	2146	781	743	1203	999	1264	1220	678	445	1272	358	1210	1290	2166	329	751	1419	982	775	269	236	1130	1214	1136	2057	922	1086	1402	1166	1070	1062	1013	653	775	1415	340	1137	1405	1003	1345	1103	1284	1370	1266	1397	2300	1125	1156	782	775	1376	46	1544	1202	579	955	1044	324	347	857	1276	979	1216	108	1610	1249	1096	691	991	1280	972	1162	2237	817	2265	1093	281	972	817	879	1264	607	1075	381	1520	1143	1002	786	1564	1138	492	1238	770	1276	892	1188	1156	3072	797	1399	389	869	780	762	1040	2256	691	972	1046	779	974	1183	1374	1243	494	1041	1292	522	69	1267	1180	972	1417	1153	1098	494	1103	989	1144	690	474	773	1008	1264	832	641	1189	1244	1599	835	490	1213	1325	2493	1048	785	1499	1689	1234	1189	1005	1134
88	287	1292	601	368	1670	2128	727	757	424	130	1236	1126	40	707	381	239	654	498	439	539	126	310	379	1143	0	252	240	553	668	312	427	2540	1102	35	378	986	187	3215	488	947	53	437	836	2109	1102	683	413	107	2267	699	886	1082	392	357	1326	821	424	1032	114	387	206	1079	1072	242	2026	1052	604	337	313	1183	274	446	81	2650	1178	1639	103	386	1090	218	269	96	862	370	640	53	542	620	254	541	1807	1045	702	644	483	105	186	558	394	332	1366	1543	956	382	1015	69	436	296	258	668	1579	107	529	366	342	848	523	925	81	1105	124	676	886	526	269	1000	992	276	360	603	337	1686	107	595	139	266	424	107	1747	336	152	207	847	2721	1889	439	3989	508	495	1800	678	386	173	422	255	2093	81	1310	1114	915	572	310	1178	0	217	1205	416	672	624	282	373	233	1818	1145	378	895	132	391	1059	1035	671	2155	214	668	886	1258	1232	136	356	914	1737	139	500	474	589	1052	2053	1681	417	290	1093	358	302	1218	1355	600	1564	268	443	487	1157	235	14	999	977	393	1153	2421	668	670	1505	119	1079	986	1070	439	225	210	1194	2753	903	603	650	239	1200	262	147	1164	326	1156	152	1007	262	763	265	373	536	75	1311	2292	0	260	670	708	247	932	171	591	439	307	683	14	2025	358	491	1316	520	1278	384	150	1123	566	263	102	562	258	40	386	180	693	294	389	953	1108	376	362	263	323	142	612	693	597	585	255	461	794	1083	854	431	397	992	479	664	2564	534	674	1998	663	3629	108	437	363	669	126	206	207	362
207	290	1476	356	154	1485	2198	566	622	292	362	1082	1203	276	552	177	230	415	706	209	390	203	258	177	1131	252	0	260	563	501	460	565	2431	974	257	265	1051	138	3226	235	1012	294	199	1014	1961	1132	529	200	152	2121	542	902	863	186	104	1165	766	579	1096	138	481	106	1143	1177	94	2206	960	358	85	399	1284	228	465	181	2650	1063	1517	284	245	909	106	334	155	1042	153	462	294	511	469	379	370	1763	929	452	487	232	298	67	558	247	501	1497	1583	982	181	1223	224	686	539	469	501	1528	152	487	462	400	609	508	807	181	985	325	445	902	275	499	935	1039	152	107	358	85	1585	152	349	127	158	292	150	1586	343	110	408	689	2744	1746	209	3991	318	548	1647	527	187	419	384	12	1918	192	1156	990	937	425	258	1063	252	263	1423	539	515	371	132	158	97	1808	1036	166	954	380	184	1037	1097	512	1981	175	501	902	1200	1429	383	104	976	1594	127	308	221	348	826	2102	1727	536	335	1006	106	303	1009	1570	354	1752	274	209	298	1225	481	249	1157	1134	248	1131	2523	416	581	1327	319	997	1051	877	209	415	105	1160	2727	1137	358	517	148	1419	162	114	1333	393	1298	110	941	162	935	319	158	565	281	1365	2121	252	469	500	513	8	819	417	441	209	243	432	249	2192	451	301	1228	344	1414	400	360	1143	689	163	286	415	161	261	245	426	641	519	184	830	1110	161	114	163	306	114	367	641	351	361	12	454	875	1234	1059	199	301	839	227	411	2643	369	641	1838	416	3622	304	572	515	563	203	81	408	110
155	475	1524	493	413	1742	1947	510	527	543	245	1007	948	280	811	438	414	650	728	463	327	318	84	437	916	240	260	0	759	458	552	313	2300	866	273	170	799	320	3002	444	760	232	447	768	1875	894	465	459	185	2032	481	669	1108	447	324	1425	581	334	844	207	221	310	891	918	328	2257	811	498	312	539	1025	65	652	184	2431	939	1400	164	495	1168	321	76	215	795	412	722	232	728	403	142	345	1996	807	603	428	450	176	220	759	500	573	1607	1342	1174	442	992	171	613	502	493	458	1763	185	289	203	140	709	287	688	185	867	190	688	669	492	335	760	1217	139	330	496	312	1445	185	491	173	125	542	189	1517	531	183	230	949	2513	1653	463	3772	579	293	1568	458	447	387	181	271	1869	172	1080	877	1131	356	84	939	240	28	1417	283	455	556	165	418	324	1594	906	426	703	346	444	1257	846	456	1930	84	458	669	1020	1188	351	325	1143	1502	173	568	425	474	883	1858	1485	280	498	852	327	491	1024	1342	496	1504	455	459	558	1389	356	251	901	878	500	923	2265	590	430	1285	186	839	799	865	463	222	314	960	2525	940	496	423	118	1197	118	251	1401	133	1396	183	767	118	687	60	418	319	190	1118	2065	240	283	463	771	263	695	384	376	463	91	598	251	2261	192	562	1075	331	1154	155	213	1340	430	119	167	346	116	279	495	392	453	346	444	717	886	421	358	119	505	241	504	453	493	439	271	226	618	976	829	451	175	764	441	603	2391	333	437	1767	636	3408	180	319	603	812	318	290	230	328
