NAME : VRPTW_INSTANCE_263.txt
COMMENT : Bangkok Supermarket
TYPE : VRPTW
DIMENSION : 235
DAYS : Wednesday
EDGE_WEIGHT_TYPE : EXPLICIT
VEHICLES : 32
EDGE_WEIGHT_FORMAT : FULL_MATRIX
CAPACITY : 1000
EDGE_WEIGHT_SECTION
0	411	442	301	304	1033	33	443	351	608	307	221	482	1902	574	1686	363	661	716	214	166	505	958	124	607	825	307	568	212	1104	373	401	908	201	639	650	351	984	283	83	89	404	1247	1963	1213	252	399	1484	359	2009	1007	155	1300	1178	503	212	620	153	201	904	582	2081	491	216	118	347	994	425	165	448	721	331	1112	367	170	154	448	206	422	101	610	171	1701	1115	493	79	385	2195	281	22	742	2335	402	215	410	196	401	419	190	256	1014	255	191	305	127	203	202	1028	322	1994	492	309	236	212	415	1892	1905	173	535	255	1221	619	891	474	212	1727	214	154	650	451	133	309	510	288	1126	206	91	963	474	153	550	235	250	541	878	622	284	133	379	394	650	371	793	531	366	407	1221	172	1446	173	978	437	1001	957	1148	398	1724	418	1126	815	531	288	459	201	428	1005	504	305	423	255	438	609	620	368	376	852	1889	176	1926	600	404	537	863	207	153	972	203	1024	2207	586	704	210	409	830	833	196	1606	516	370	215	977	600	153	780	33	964	1092	995	196	199	118	399	1301	806	226	1632	1036	373	586	1726	2668	978	346	629	215
411	0	440	220	131	1098	383	789	81	584	141	566	140	1880	934	1403	79	267	858	196	349	252	1062	458	576	779	131	162	620	1211	87	179	1024	523	271	1036	74	1359	608	335	485	385	1604	1741	1473	592	187	1733	733	1899	1216	335	1561	975	159	620	210	432	523	1286	888	2412	485	233	385	85	1075	85	345	826	397	682	1129	339	354	286	615	453	24	412	560	283	1578	1130	150	490	573	2527	555	414	1027	2444	19	262	3	529	187	762	220	596	1016	483	440	130	370	208	428	1358	101	1883	149	436	242	620	777	1777	2054	340	260	229	1163	293	827	575	620	1898	196	563	240	40	295	134	268	141	1392	453	355	1069	485	443	736	634	620	200	845	225	385	295	74	67	240	733	1140	269	95	782	1163	561	1547	340	990	93	997	982	1238	182	1427	10	1392	1048	288	212	294	523	748	1079	171	130	24	483	88	760	210	96	86	1080	1868	324	1570	337	781	268	1246	240	443	803	207	950	2094	570	408	201	175	1213	1095	247	1439	236	84	561	1355	523	443	1092	383	1232	1358	1285	529	278	529	180	1584	756	249	1541	1036	87	572	1354	2764	1210	585	254	259
442	440	0	550	336	664	447	527	463	171	320	663	580	1490	994	1838	474	519	424	385	542	268	622	361	168	390	333	493	540	772	491	583	584	352	456	802	453	1075	385	441	524	727	1280	2181	1064	694	589	1314	531	1570	790	291	1151	1412	599	540	576	311	352	1020	555	2038	52	481	325	463	638	369	278	608	834	460	712	677	550	471	867	272	464	529	937	488	1260	713	590	485	806	2154	719	463	657	2008	451	512	443	366	590	502	381	697	603	247	612	337	315	377	616	1010	362	1555	589	151	514	540	542	2200	2339	271	297	519	789	733	453	869	540	1459	385	509	604	457	455	327	258	340	988	272	355	629	45	584	330	520	683	640	448	633	652	455	484	489	604	510	827	282	493	570	789	601	1110	271	572	370	587	559	801	585	1858	436	988	640	261	532	179	352	464	643	611	337	464	247	376	335	579	495	492	1293	1477	273	1967	773	572	291	985	479	584	536	380	1351	1768	150	398	376	584	953	702	475	1164	299	486	657	1075	160	584	741	447	837	1534	902	366	512	512	583	1187	1142	509	1956	624	491	151	1737	2332	795	277	680	509
301	220	550	0	227	1210	268	740	139	716	243	383	208	2035	738	1389	141	481	929	168	167	447	1156	400	711	929	231	372	507	1306	136	105	1112	480	491	950	148	1285	568	219	345	182	1548	1684	1489	404	102	1758	661	2084	1260	320	1577	900	226	507	391	399	480	1205	869	2380	602	90	344	136	1180	290	337	750	421	628	1262	132	170	148	395	441	213	253	386	130	1765	1264	218	371	353	2494	349	292	1023	2547	201	87	217	480	104	715	180	408	1153	486	245	227	335	179	228	1325	212	2068	217	483	65	507	716	1657	1845	337	463	47	1325	323	985	359	507	1968	168	450	415	252	170	237	460	217	1404	441	297	1162	594	262	780	535	443	256	992	363	166	170	148	161	415	671	1092	468	127	708	1325	403	1649	337	1122	302	1136	1109	1342	101	1425	231	1404	1076	482	18	458	480	716	1187	222	227	213	486	299	823	389	127	138	859	2023	324	1625	298	706	470	1164	98	262	995	176	801	2280	698	623	178	115	1131	1107	108	1638	439	137	379	1278	673	262	1071	268	1241	1138	1281	480	104	405	103	1586	592	75	1408	1174	136	700	1429	2874	1241	593	351	86
304	131	336	227	0	1000	282	659	128	495	16	490	257	1811	860	1526	139	357	742	102	291	232	956	333	489	704	4	268	505	1106	156	247	915	394	336	909	118	1230	478	240	388	409	1473	1853	1346	519	252	1608	606	1857	1093	206	1434	1079	279	505	332	303	394	1158	757	2281	386	186	259	127	974	120	215	699	520	553	1044	359	298	215	600	322	152	331	610	221	1538	1045	268	382	548	2396	501	312	897	2344	134	221	133	401	253	632	121	523	933	352	382	0	243	108	375	1227	30	1841	267	309	212	505	649	1864	2066	210	255	209	1099	414	759	578	505	1785	102	450	363	166	215	9	243	17	1264	322	235	962	382	373	612	515	537	321	768	356	366	215	151	158	363	604	1009	257	158	655	1099	469	1446	210	904	132	915	893	1137	248	1552	134	1264	922	266	211	231	394	617	979	288	0	152	352	134	641	333	159	158	1058	1799	194	1701	442	654	260	1118	189	373	770	109	1019	2053	478	425	101	248	1085	967	191	1414	232	151	484	1226	447	373	960	282	1104	1326	1155	401	230	421	246	1455	814	213	1621	953	156	480	1486	2668	1085	454	384	218
1033	1098	664	1210	1000	0	1051	799	1127	515	984	1226	1238	886	1467	2472	1138	1101	335	1042	1173	877	113	915	524	367	997	1115	1017	150	1155	1247	163	855	1028	976	1117	1062	811	1064	1090	1382	1123	2834	681	1252	1253	839	885	1088	406	913	744	2073	1256	1017	1196	880	855	1060	676	1665	615	1134	921	1127	53	1020	897	898	1483	834	138	1333	1179	1111	1482	826	1122	1133	1594	1131	839	145	1247	1039	1418	1775	1309	1056	607	1346	1111	1162	1101	865	1254	796	1034	1255	167	778	1223	1001	919	1032	1232	858	1026	1075	1246	738	1167	1017	846	2865	2919	894	892	1175	361	1386	366	1501	1017	843	1042	1020	1219	1109	1092	992	862	1004	650	826	965	115	618	1186	503	975	1220	1295	308	1267	1292	1092	1147	1151	1219	850	834	877	1157	888	361	1145	450	894	156	1017	186	139	147	1249	2484	1093	650	458	852	1192	808	855	746	32	1269	1001	1122	778	1024	432	1200	1159	1156	1855	873	902	2539	1435	894	883	1046	1131	1186	586	1035	2012	1276	528	881	1033	1248	1027	541	1125	857	907	1149	1221	1072	586	1186	695	1051	590	2051	678	865	1158	1049	1247	825	1800	1162	2619	168	1155	525	2296	1667	473	699	1322	1159
33	383	447	268	282	1051	0	476	321	615	286	224	450	1916	585	1652	333	638	738	188	135	491	979	151	614	834	286	542	244	1125	342	367	930	230	619	683	321	1017	314	51	105	373	1280	1931	1244	254	366	1515	393	2017	1035	156	1331	1145	471	244	593	173	230	937	614	2115	498	183	130	318	1013	402	169	482	687	364	1127	335	140	120	431	226	394	83	581	137	1707	1130	462	108	368	2228	272	30	773	2359	374	181	383	227	368	452	165	258	1028	275	172	283	135	178	181	1061	298	2002	461	320	203	244	449	1864	1894	175	521	221	1231	586	899	452	244	1754	188	186	622	424	100	288	497	265	1157	226	92	984	481	137	574	268	260	509	888	592	256	100	348	363	622	405	826	517	335	440	1231	187	1469	175	992	415	1014	972	1169	365	1691	391	1157	844	519	254	451	230	460	1024	472	283	394	275	416	631	592	337	345	846	1904	175	1892	566	438	523	896	174	137	971	178	996	2215	593	690	185	376	863	864	163	1608	501	339	218	1010	603	137	812	0	995	1092	1027	227	166	146	366	1333	779	192	1604	1049	342	594	1693	2691	1007	371	597	182
443	789	527	740	659	799	476	0	755	605	651	531	895	1681	678	2128	768	984	469	611	606	753	696	342	613	760	659	917	288	814	782	832	641	267	936	275	751	572	180	521	438	843	816	2404	787	547	832	1059	105	1875	629	454	871	1619	917	288	989	358	267	505	160	1640	542	650	409	752	749	764	443	102	1149	112	917	809	610	593	820	338	808	526	1041	612	1598	922	907	391	760	1754	633	458	320	1985	788	655	790	263	834	27	588	548	852	319	601	659	422	597	619	585	687	1861	906	403	675	288	48	2307	2157	448	787	692	1092	1045	828	874	288	1344	611	326	1020	825	570	657	749	648	700	338	449	698	519	559	324	242	497	959	784	1014	718	570	784	797	1020	77	354	775	778	90	1092	446	1134	448	812	773	849	782	872	830	2166	793	700	435	761	724	670	267	67	767	922	659	808	319	777	396	990	780	784	1100	1668	464	2351	1037	95	784	468	642	559	1002	599	1442	2067	586	920	602	839	435	423	631	1557	779	778	528	569	655	559	340	476	540	1265	560	263	641	373	830	863	1227	665	2042	872	782	584	2141	2322	581	249	1036	655
351	81	463	139	128	1127	321	755	0	619	143	490	140	1929	856	1403	13	348	870	144	271	316	1084	416	613	824	131	240	564	1234	29	121	1043	487	353	991	10	1319	575	271	419	310	1572	1726	1466	516	127	1730	691	1961	1218	303	1554	951	162	564	275	397	487	1243	865	2389	512	156	346	3	1102	153	316	784	401	645	1168	263	276	214	534	427	80	340	497	208	1641	1169	152	430	491	2504	474	351	1011	2472	64	183	79	492	128	728	168	519	1056	463	361	127	333	158	348	1333	101	1946	151	433	162	564	739	1738	1979	313	329	148	1214	295	876	497	564	1913	144	506	303	117	227	136	330	128	1383	427	309	1091	509	367	736	582	546	205	889	270	304	227	28	42	303	694	1109	336	29	740	1214	491	1574	313	1028	164	1038	1018	1265	123	1432	92	1383	1044	352	130	341	487	720	1107	168	127	80	463	160	768	275	31	31	999	1917	297	1596	314	738	336	1203	164	367	868	156	898	2157	603	485	152	121	1170	1085	173	1508	305	24	485	1314	566	367	1070	321	1222	1277	1270	492	199	468	121	1572	698	169	1497	1076	29	605	1387	2795	1208	569	282	180
608	584	171	716	495	515	615	605	619	0	479	827	724	1320	1144	1961	629	602	344	554	714	365	492	516	11	219	492	603	682	638	646	741	463	491	531	872	609	1108	501	612	686	895	1282	2318	1002	857	747	1234	636	1401	711	460	1086	1559	741	682	685	468	491	1065	588	1996	118	650	490	620	497	505	446	699	967	566	548	845	721	642	1038	422	608	698	1103	659	1092	549	733	644	977	2112	887	630	652	1861	598	682	587	504	748	585	551	860	437	387	782	496	481	546	786	1004	519	1386	732	303	683	682	632	2358	2509	440	383	687	618	871	283	1040	682	1337	554	658	710	594	626	486	350	502	933	422	523	499	134	753	325	654	842	780	277	753	823	626	637	640	710	609	852	367	649	666	618	760	966	440	408	502	420	398	658	743	1975	578	933	594	342	698	293	491	538	498	755	496	608	387	509	291	689	651	646	1461	1307	443	2055	921	670	375	1034	649	753	400	549	1515	1599	22	416	545	741	1004	671	645	1005	395	640	821	1111	83	753	745	615	796	1696	872	504	683	668	741	1134	1308	679	2117	458	646	23	1819	2180	731	375	807	679
307	141	320	243	16	984	286	651	143	479	0	497	271	1795	866	1539	155	357	727	112	302	220	940	329	473	688	12	271	505	1090	172	263	899	388	332	904	134	1223	470	246	391	425	1465	1868	1333	527	268	1594	601	1841	1079	201	1422	1094	292	505	338	297	388	1152	747	2270	369	199	255	143	958	120	209	694	533	547	1027	375	309	225	613	314	164	338	626	232	1523	1028	282	384	560	2385	511	316	885	2328	146	235	143	395	269	624	128	530	916	342	392	17	239	115	386	1217	44	1826	281	296	226	505	642	1880	2080	203	245	224	1083	428	743	593	505	1770	112	450	369	174	223	7	231	27	1251	314	234	947	366	382	598	512	543	335	752	365	380	223	166	173	369	598	1000	245	173	650	1083	473	1430	203	887	132	899	876	1121	264	1565	143	1251	909	253	226	215	388	609	963	302	17	164	342	134	627	339	175	173	1070	1783	187	1712	457	649	249	1112	202	382	756	117	1035	2038	462	415	109	264	1079	955	204	1399	222	166	492	1219	431	382	950	286	1092	1337	1144	395	243	423	263	1443	830	226	1638	937	172	464	1495	2652	1072	443	395	231
221	566	663	383	490	1226	224	531	490	827	497	0	591	2105	370	1673	499	833	898	388	220	711	1143	317	827	1042	494	729	243	1283	502	487	1091	371	823	654	494	986	425	253	141	381	1265	1907	1318	30	482	1589	428	2226	1148	377	1401	1133	609	243	765	361	371	899	690	2114	712	334	338	486	1184	604	387	492	783	436	1315	369	215	281	288	411	570	159	540	283	1920	1318	601	188	230	2224	102	202	851	2497	553	309	565	361	484	515	369	34	1221	456	139	491	348	382	158	1084	500	2211	600	525	332	243	489	1779	1696	395	739	349	1435	695	1109	349	243	1869	388	215	791	605	276	497	718	473	1230	411	312	1147	693	123	728	289	63	638	1093	745	258	276	512	527	791	454	843	737	494	462	1435	86	1621	395	1184	617	1210	1162	1332	482	1722	576	1230	953	740	379	675	371	543	1197	604	491	570	456	617	795	764	495	505	636	2092	397	1967	646	457	743	858	326	123	1193	381	919	2423	804	910	388	497	829	953	318	1827	718	501	6	977	821	123	866	224	1072	871	1087	361	292	178	485	1387	708	323	1513	1243	502	805	1786	2833	1108	527	734	312
482	140	580	208	257	1238	450	895	140	724	271	591	0	2014	945	1268	127	311	997	283	373	382	1202	555	716	917	259	207	694	1352	112	110	1164	627	345	1128	145	1458	715	399	541	316	1711	1601	1603	613	117	1865	829	2020	1351	443	1691	835	22	694	196	538	627	1381	1006	2529	625	270	486	143	1216	220	457	921	262	785	1268	282	377	334	571	567	116	454	454	322	1698	1269	11	558	541	2644	555	478	1150	2585	128	286	137	631	116	869	307	616	1155	603	454	256	473	298	437	1473	227	2004	10	567	262	694	878	1639	1964	453	383	243	1296	157	963	514	694	2038	283	636	215	134	351	263	398	262	1521	567	447	1209	626	469	869	716	651	64	983	154	363	351	112	100	215	833	1249	394	117	878	1296	607	1688	453	1129	225	1136	1122	1379	115	1295	145	1521	1180	416	212	433	627	861	1219	31	256	116	603	219	897	193	115	110	1029	2002	437	1456	198	876	392	1340	279	469	923	296	823	2213	710	509	292	100	1307	1223	290	1552	361	117	587	1452	661	469	1210	450	1360	1316	1409	631	304	595	112	1711	638	272	1407	1174	112	713	1248	2905	1343	708	147	284
1902	1880	1490	2035	1811	886	1916	1681	1929	1320	1795	2105	2014	0	2353	3141	1937	1792	1222	1874	2028	1631	985	1789	1325	1106	1807	1845	1902	876	1953	2050	1040	1735	1724	1829	1918	1830	1697	1922	1966	2215	1786	3542	1274	2132	2057	1233	1770	423	1148	1768	1280	2830	2027	1902	1915	1750	1735	1854	1547	1983	1437	1971	1786	1930	934	1795	1753	1778	2223	1721	790	2165	2035	1959	2347	1697	1903	1999	2421	1977	509	787	2020	1917	2285	2068	2182	1925	1446	844	1897	2002	1883	1746	2058	1679	1871	2135	889	1650	2088	1812	1781	1867	2095	1584	1832	423	2019	1596	2003	1902	1729	3651	3801	1748	1632	2007	717	2142	1053	2357	1902	890	1874	1903	1930	1880	1942	1801	1615	1819	1302	1697	1826	983	1448	2054	1389	1861	2102	2060	1043	1996	2142	1942	1943	1943	1930	1736	1649	1620	1958	1771	717	2025	640	1748	924	1789	903	944	814	2053	3134	1873	1302	1291	1598	2018	1588	1735	1631	917	2042	1812	1903	1650	1795	1317	1919	1959	1953	2738	13	1754	3089	2210	1777	1624	1852	1969	2054	1121	1869	2828	523	1339	1547	1865	2049	1839	1354	1965	716	1653	1948	2100	1843	1364	2054	1516	1916	1340	2938	1410	1746	2002	1929	2050	1380	2625	1999	3421	867	1953	1338	2840	1055	1224	1580	2060	1999
574	934	994	738	860	1467	585	678	856	1144	866	370	945	2353	0	1883	864	1201	1131	758	585	1077	1369	632	1146	1348	864	1097	465	1492	866	836	1314	654	1193	643	861	915	666	620	485	680	1195	2050	1390	342	830	1649	583	2518	1294	726	1463	1321	961	465	1128	682	654	827	829	2032	1037	701	677	853	1418	974	733	591	1102	632	1574	688	580	651	456	723	937	528	758	651	2223	1579	954	513	443	2136	390	558	969	2645	920	673	933	641	832	676	739	338	1495	757	496	860	691	751	510	1090	870	2503	954	844	695	465	629	1828	1486	741	1106	711	1724	1028	1417	545	465	1988	758	486	1153	973	646	866	1083	843	1307	723	664	1371	1016	491	967	500	325	985	1390	1100	586	646	876	891	1153	618	869	1103	857	588	1724	401	1811	741	1455	987	1487	1429	1549	832	1943	944	1307	1106	1104	737	1033	654	723	1435	954	860	937	757	987	1040	1126	858	868	454	2339	747	2235	961	582	1109	792	694	491	1531	751	1031	2714	1121	1276	758	846	772	1077	686	2149	1085	865	375	901	1154	491	946	585	1167	587	1153	641	657	482	834	1423	856	687	1558	1516	866	1121	2076	2983	1236	793	1081	676
1686	1403	1838	1389	1526	2472	1652	2128	1403	1961	1539	1673	1268	3141	1883	0	1390	1376	2261	1535	1526	1596	2453	1790	1951	2120	1528	1358	1874	2599	1374	1304	2419	1869	1449	2318	1411	2654	1958	1607	1707	1299	2927	438	2869	1676	1303	3133	2044	3033	2619	1699	2958	564	1247	1874	1276	1786	1869	2569	2257	3767	1878	1480	1731	1405	2458	1469	1714	2130	1006	2016	2476	1325	1524	1535	1439	1824	1379	1613	1141	1516	2725	2474	1257	1745	1472	3880	1581	1673	2409	3807	1395	1472	1401	1870	1301	2104	1555	1677	2361	1864	1555	1525	1721	1549	1534	2714	1496	3018	1258	1835	1453	1874	2101	839	1920	1712	1580	1436	2444	1111	2148	1353	1874	3296	1535	1821	1252	1382	1558	1532	1611	1529	2786	1824	1686	2460	1883	1593	2138	1910	1733	1204	2186	1208	1428	1558	1377	1367	1252	2057	2479	1595	1375	2090	2444	1735	2922	1712	2343	1468	2340	2344	2618	1306	86	1405	2786	2448	1620	1405	1671	1869	2106	2458	1237	1525	1379	1864	1462	2164	1272	1373	1372	1629	3131	1696	513	1096	2087	1589	2528	1487	1593	2024	1546	898	3205	1952	1613	1544	1299	2497	2488	1498	2532	1566	1379	1672	2646	1886	1593	2460	1652	2624	1863	2668	1870	1487	1773	1306	2972	1031	1463	826	2378	1374	1955	568	4113	2611	1971	1157	1472
363	79	474	141	139	1138	333	768	13	629	155	499	127	1937	864	1390	0	342	882	157	279	320	1095	429	622	832	142	234	576	1245	17	113	1054	500	350	1004	20	1332	588	282	430	308	1585	1714	1479	524	120	1742	704	1967	1231	316	1567	939	149	576	266	411	500	1256	878	2402	522	165	359	16	1112	155	329	796	388	658	1177	261	284	224	536	440	73	350	491	217	1646	1178	139	441	494	2517	481	362	1024	2483	60	190	76	505	120	742	181	527	1065	476	368	138	346	171	355	1346	111	1951	138	445	169	576	752	1728	1977	326	332	154	1222	282	884	497	576	1924	157	518	293	111	238	147	335	140	1396	440	322	1101	520	375	748	594	555	191	897	259	307	238	15	30	293	707	1122	339	20	753	1222	502	1584	326	1037	166	1047	1027	1275	115	1419	89	1396	1057	356	133	348	500	733	1117	155	138	73	476	162	780	265	22	18	1001	1925	310	1583	302	751	339	1216	173	375	872	169	890	2162	613	485	165	112	1183	1098	182	1511	308	11	494	1327	574	375	1083	333	1235	1280	1283	505	207	479	113	1585	691	176	1488	1085	17	615	1374	2806	1221	582	269	187
661	267	519	481	357	1101	638	984	348	602	357	833	311	1792	1201	1376	342	0	932	450	617	251	1092	682	591	743	354	109	862	1234	344	410	1065	732	72	1248	341	1555	808	593	743	624	1782	1757	1583	859	418	1828	947	1755	1302	552	1669	1042	310	862	133	645	732	1489	1053	2557	544	500	609	351	1090	237	558	1039	438	887	1099	585	622	551	871	649	268	676	760	549	1434	1098	309	740	834	2673	822	668	1172	2430	283	530	269	741	417	957	473	863	985	665	708	356	592	460	695	1520	339	1740	309	589	510	862	982	1869	2273	550	224	496	1080	376	772	821	862	1937	450	807	140	230	558	354	262	373	1508	649	591	1100	556	710	850	868	885	321	809	216	647	558	332	319	140	940	1320	239	354	995	1080	822	1549	550	967	225	964	969	1248	415	1384	257	1508	1160	263	475	340	732	932	1089	325	356	268	665	223	852	138	353	342	1334	1782	536	1454	465	995	231	1451	507	710	673	460	1101	1945	597	244	453	402	1418	1222	515	1273	220	343	827	1553	521	710	1250	638	1357	1617	1421	741	545	779	411	1706	934	516	1656	1001	344	600	1221	2737	1313	749	281	527
716	858	424	929	742	335	738	469	870	344	727	898	997	1222	1131	2261	882	932	0	762	867	684	245	594	356	366	740	916	682	387	899	984	192	528	864	675	861	833	478	758	766	1089	967	2596	657	923	988	895	550	1406	370	615	742	1820	1017	682	999	565	528	809	364	1653	389	845	612	869	288	792	598	569	1255	498	448	1043	873	813	1163	512	883	817	1303	833	1134	453	1007	713	1099	1768	985	738	353	1623	868	869	861	537	989	463	749	926	388	462	907	743	613	750	918	686	772	1393	1006	445	879	682	514	2585	2586	596	709	889	629	1152	421	1190	682	1042	762	688	1027	879	792	735	671	742	589	512	659	249	381	868	169	639	888	1059	361	1058	988	792	894	901	1027	515	581	693	900	556	629	815	730	596	348	793	387	316	434	984	2282	856	589	257	669	911	599	528	412	304	1028	743	883	462	800	107	1002	901	900	1522	1209	607	2386	1185	561	701	786	841	868	641	753	1722	1598	342	760	752	987	761	342	833	1110	715	893	893	839	427	868	452	738	457	1715	537	537	863	719	983	789	1507	871	2332	406	899	339	2153	1954	387	372	1104	867
214	196	385	168	102	1042	188	611	144	554	112	388	283	1874	758	1535	157	450	762	0	190	332	988	271	549	770	106	353	424	1138	171	230	943	344	435	847	141	1175	432	142	292	342	1427	1843	1335	417	233	1602	546	1936	1097	163	1424	1062	306	424	406	255	344	1099	726	2248	437	97	202	141	1011	216	179	639	540	501	1097	292	197	113	507	289	209	229	552	121	1620	1098	295	294	452	2362	399	219	875	2379	189	131	196	348	234	585	24	421	989	329	280	102	189	14	274	1191	112	1921	294	316	129	424	594	1826	1978	177	357	133	1168	434	828	493	424	1802	0	367	436	236	112	110	342	85	1251	289	164	994	428	270	616	440	436	347	831	412	277	112	173	187	436	549	965	357	166	595	1168	371	1480	177	957	229	973	943	1173	230	1566	203	1251	917	364	149	317	344	578	1019	310	102	209	329	230	656	406	168	173	960	1862	162	1740	439	594	361	1058	97	270	858	12	969	2133	534	527	10	235	1025	953	96	1502	334	166	382	1169	517	270	930	188	1089	1225	1134	348	136	332	229	1437	758	126	1577	1010	171	536	1531	2706	1082	436	427	128
166	349	542	167	291	1173	135	606	271	714	302	220	373	2028	585	1526	279	617	867	190	0	523	1105	286	711	933	295	511	350	1253	282	273	1057	365	613	796	276	1132	449	108	184	238	1401	1798	1379	244	269	1650	518	2110	1170	260	1466	1012	392	350	545	304	365	1050	748	2240	595	116	254	267	1136	395	276	603	584	496	1242	202	7	78	325	355	351	88	445	70	1796	1244	384	219	267	2353	210	149	908	2489	334	89	347	362	271	583	179	248	1138	404	92	291	254	189	84	1190	294	2095	383	435	112	350	576	1729	1799	280	547	130	1332	489	995	329	350	1888	190	295	571	387	88	299	532	275	1292	355	208	1111	581	96	705	384	278	424	990	526	121	88	292	307	571	533	953	548	273	563	1332	236	1597	280	1104	408	1124	1087	1295	269	1568	359	1292	979	555	161	504	365	594	1146	389	291	352	404	407	759	544	275	285	771	2015	273	1784	454	560	552	1009	109	96	1043	187	861	2308	693	716	194	283	977	999	103	1686	524	281	215	1125	688	96	945	135	1130	1035	1161	362	72	248	271	1467	644	103	1470	1160	282	693	1592	2821	1143	504	518	92
505	252	268	447	232	877	491	753	316	365	220	711	382	1631	1077	1596	320	251	684	332	523	0	857	487	355	538	228	237	678	1003	334	430	826	520	189	1024	305	1320	585	458	593	626	1538	1957	1332	741	438	1578	730	1646	1053	364	1419	1208	396	678	320	442	520	1258	810	2307	295	418	420	318	861	167	363	819	608	666	894	577	530	445	831	433	273	553	811	453	1325	894	389	575	780	2422	731	518	923	2220	271	454	256	531	438	727	346	745	779	437	612	232	404	334	606	1273	237	1631	388	351	443	678	758	2021	2292	355	34	437	913	516	581	805	678	1702	332	630	346	248	442	223	15	248	1257	433	418	864	306	600	599	674	751	430	605	389	597	442	322	319	346	718	1079	26	341	776	913	677	1328	355	757	159	760	753	1022	434	1610	244	1257	909	35	433	89	520	698	862	411	232	273	437	165	601	324	342	334	1290	1619	343	1702	579	777	33	1221	422	600	551	336	1202	1841	356	199	329	427	1188	971	424	1191	31	329	705	1319	291	600	1003	491	1106	1558	1170	531	463	612	431	1455	1009	444	1790	798	334	359	1470	2535	1062	510	445	450
958	1062	622	1156	956	113	979	696	1084	492	940	1143	1202	985	1369	2453	1095	1092	245	988	1105	857	0	837	503	390	953	1095	926	150	1112	1202	54	773	1021	864	1074	950	722	997	1010	1322	1020	2803	600	1168	1207	784	785	1200	310	849	670	2035	1221	926	1177	806	773	947	567	1596	577	1076	851	1083	61	988	832	793	1454	738	250	1275	1112	1048	1407	753	1086	1059	1536	1068	953	258	1212	958	1343	1709	1229	981	494	1391	1074	1102	1065	782	1208	694	977	1171	251	704	1149	957	851	977	1160	750	983	1188	1211	676	1109	926	743	2814	2830	830	876	1118	469	1354	409	1431	926	845	988	933	1203	1077	1028	948	842	958	559	753	897	7	576	1111	415	882	1133	1262	344	1244	1226	1028	1106	1111	1203	750	720	860	1114	785	469	1060	493	830	225	987	264	195	189	1203	2468	1058	559	344	835	1138	781	773	646	82	1233	957	1086	704	994	349	1181	1116	1113	1766	972	840	2542	1396	791	867	933	1072	1111	641	980	1955	1387	501	886	978	1204	913	428	1065	966	887	1107	1138	959	571	1111	582	979	485	1955	573	782	1097	965	1201	744	1741	1103	2564	260	1112	497	2303	1718	371	617	1296	1099
124	458	361	400	333	915	151	342	416	516	329	317	555	1789	632	1790	429	682	594	271	286	487	837	0	517	728	334	601	191	982	442	490	786	80	647	577	412	903	168	186	177	523	1157	2078	1095	346	490	1366	275	1910	884	129	1183	1292	577	191	665	50	80	828	469	1982	405	309	73	412	874	449	125	368	807	230	998	483	291	255	569	94	475	224	732	276	1606	1002	567	129	505	2096	394	145	626	2211	454	319	459	80	492	316	247	349	904	138	313	333	89	257	326	926	358	1895	565	213	337	191	323	2015	2013	133	520	353	1118	703	795	598	191	1603	271	150	696	496	232	333	488	319	1009	94	107	842	384	274	427	187	326	618	776	681	407	232	444	458	696	278	696	513	437	324	1118	244	1324	133	867	459	893	845	1027	488	1825	463	1009	693	507	384	423	80	316	886	581	333	475	138	462	488	666	439	444	954	1776	147	2010	696	323	520	788	302	274	898	259	1147	2107	493	680	263	496	755	714	291	1521	505	438	311	898	521	274	670	151	846	1180	882	80	306	152	488	1187	930	327	1755	926	442	493	1803	2545	856	223	698	318
607	576	168	711	489	524	614	613	613	11	473	827	716	1325	1146	1951	622	591	356	549	711	355	503	517	0	221	485	593	685	648	638	734	474	494	520	880	602	1118	506	610	687	890	1293	2309	1013	857	740	1246	642	1402	722	459	1097	1551	733	685	675	469	494	1074	598	2008	116	646	489	613	506	496	445	706	958	572	555	840	718	639	1036	424	600	696	1098	655	1093	556	724	645	975	2124	886	629	663	1870	590	678	579	507	741	593	547	860	443	389	781	490	481	542	784	1015	512	1387	723	304	678	685	639	2350	2507	439	372	682	621	862	284	1036	685	1348	549	660	700	585	623	480	340	496	945	424	522	510	133	751	336	658	843	771	281	743	820	623	630	632	700	615	863	357	642	673	621	761	975	439	415	493	426	406	668	736	1965	570	945	606	332	693	284	494	546	508	746	490	600	389	500	303	679	644	639	1460	1312	441	2044	913	677	364	1044	645	751	395	545	1509	1600	26	404	541	734	1013	682	641	1004	385	633	821	1121	71	751	756	614	808	1696	883	507	679	669	734	1145	1302	675	2110	464	638	28	1807	2188	743	381	798	675
825	779	390	929	704	367	834	760	824	219	688	1042	917	1106	1348	2120	832	743	366	770	933	538	390	728	221	0	700	769	883	512	849	945	385	694	671	1008	813	1197	689	831	901	1110	1331	2492	974	1072	952	1174	811	1184	675	679	1050	1747	932	883	847	682	694	1168	702	1976	337	867	707	825	369	696	665	861	1146	744	357	1060	940	860	1257	633	803	916	1315	877	878	356	924	857	1196	2090	1105	847	719	1687	795	899	783	707	953	745	768	1075	242	593	1001	705	699	763	1006	1050	726	1169	923	517	899	883	796	2556	2728	659	547	902	399	1055	69	1258	883	1210	770	865	869	783	845	695	523	713	920	633	741	398	352	971	442	851	1054	968	66	923	1042	845	839	840	869	780	943	533	853	834	399	973	807	659	224	691	222	229	513	948	2127	773	920	618	509	912	485	694	694	361	946	705	803	593	698	378	852	854	849	1677	1094	662	2172	1115	838	538	1143	866	971	275	766	1723	1381	240	516	761	944	1115	705	862	805	565	843	1036	1202	258	971	818	834	808	1908	893	707	900	879	946	1115	1519	896	2320	260	849	239	1930	1998	717	560	982	896
307	131	333	231	4	997	286	659	131	492	12	494	259	1807	864	1528	142	354	740	106	295	228	953	334	485	700	0	266	508	1103	159	250	912	395	333	910	121	1230	478	244	391	413	1474	1855	1345	523	256	1606	607	1852	1092	207	1433	1082	280	508	331	304	395	1159	756	2280	382	191	260	130	971	117	216	700	521	554	1040	364	302	219	604	322	153	335	614	225	1534	1041	270	385	552	2395	505	316	896	2341	135	226	133	402	256	632	124	527	929	351	386	4	245	112	379	1227	31	1837	269	308	216	508	649	1868	2071	211	251	213	1095	416	755	583	508	1782	106	453	362	165	219	5	239	21	1263	322	237	959	378	377	610	516	540	323	764	356	371	219	153	161	362	605	1009	252	161	656	1095	472	1443	211	900	129	912	889	1134	251	1554	134	1263	920	261	215	226	395	617	976	290	4	153	351	131	639	332	162	160	1062	1795	194	1702	444	656	256	1119	194	377	766	113	1023	2049	475	420	105	251	1086	966	196	1410	228	154	488	1226	443	377	960	286	1103	1330	1154	402	235	424	250	1454	818	217	1625	950	159	477	1486	2665	1084	453	385	222
568	162	493	372	268	1115	542	917	240	603	271	729	207	1845	1097	1358	234	109	916	353	511	237	1095	601	593	769	266	0	773	1241	236	302	1063	658	138	1174	235	1490	738	495	646	516	1725	1723	1555	755	310	1807	872	1829	1283	472	1643	985	209	773	83	568	658	1420	1000	2516	527	395	527	244	1099	153	480	964	379	816	1126	476	517	448	762	579	160	575	661	445	1506	1126	207	647	725	2632	715	572	1128	2455	177	424	164	666	309	890	377	759	1011	601	602	267	511	364	589	1470	246	1813	207	535	403	773	911	1807	2172	473	222	389	1128	299	806	713	773	1940	353	717	111	123	457	267	252	283	1477	579	503	1102	534	606	816	783	783	229	836	154	538	457	224	210	111	868	1261	237	245	920	1128	723	1565	473	990	144	991	988	1260	306	1372	153	1477	1130	262	367	317	658	870	1100	225	267	160	601	140	827	86	244	234	1225	1834	457	1475	379	920	231	1381	402	606	736	364	1017	2020	594	310	357	294	1348	1186	410	1353	208	235	724	1487	528	606	1200	542	1322	1508	1382	666	440	686	303	1674	841	410	1585	1029	236	597	1249	2768	1287	694	215	420
212	620	540	507	505	1017	244	288	564	682	505	243	694	1902	465	1874	576	862	682	424	350	678	926	191	685	883	508	773	0	1060	586	610	872	190	832	445	563	782	205	295	167	576	1052	2131	1075	260	608	1347	185	2053	908	315	1159	1350	716	0	830	240	190	699	447	1895	579	426	258	560	971	625	315	258	928	196	1117	549	352	363	531	269	633	262	763	378	1757	1121	706	136	472	2007	344	216	608	2261	613	420	620	177	610	272	400	261	1033	295	323	506	274	412	343	852	527	2039	705	388	443	0	247	2020	1904	323	711	462	1260	829	952	587	0	1628	424	58	860	660	343	508	680	490	988	269	270	929	557	283	514	46	213	753	924	835	448	343	591	606	860	211	612	704	579	223	1260	158	1393	323	994	637	1024	968	1112	607	1917	627	988	713	698	495	615	190	303	986	716	506	634	295	639	585	830	581	588	840	1889	335	2132	803	219	711	658	417	283	1075	413	1157	2250	659	872	419	618	626	710	406	1685	695	583	240	774	698	283	625	244	829	1038	846	177	403	103	608	1147	943	432	1754	1054	586	658	1936	2597	866	328	842	421
1104	1211	772	1306	1106	150	1125	814	1234	638	1090	1283	1352	876	1492	2599	1245	1234	387	1138	1253	1003	150	982	648	512	1103	1241	1060	0	1263	1352	196	914	1162	953	1225	991	859	1144	1152	1472	1019	2952	551	1307	1357	691	909	1132	305	998	607	2185	1371	1060	1323	952	914	1001	673	1520	726	1226	998	1234	144	1137	981	907	1603	868	255	1424	1259	1197	1551	899	1236	1205	1686	1217	914	262	1361	1100	1487	1630	1371	1126	572	1240	1224	1251	1214	923	1358	816	1127	1310	316	850	1295	1107	999	1127	1306	768	1134	1120	1361	825	1259	1060	863	2964	2963	979	1020	1268	476	1503	516	1578	1060	702	1138	1071	1348	1226	1176	1098	988	1108	531	899	1045	144	726	1256	555	1015	1269	1411	456	1391	1374	1176	1256	1261	1348	875	784	1005	1264	905	476	1198	343	979	307	1136	335	289	64	1353	2613	1207	531	416	980	1288	929	914	770	150	1383	1107	1236	850	1143	494	1327	1266	1264	1900	862	989	2679	1546	910	1012	993	1222	1256	737	1130	2105	1311	647	1021	1128	1354	977	485	1215	960	1033	1257	1278	1003	714	1256	647	1125	502	2079	585	923	1246	1104	1352	693	1890	1252	2714	314	1263	644	2438	1569	380	759	1444	1249
373	87	491	136	156	1155	342	782	29	646	172	502	112	1953	866	1374	17	344	899	171	282	334	1112	442	638	849	159	236	586	1263	0	97	1072	514	356	1016	38	1345	603	291	438	297	1599	1697	1495	527	104	1759	717	1981	1248	331	1584	922	135	586	262	425	514	1269	894	2417	540	170	373	31	1129	167	345	809	372	672	1194	252	287	231	530	455	77	356	477	222	1660	1195	124	451	490	2532	480	372	1040	2500	68	193	84	519	105	756	194	530	1082	492	370	155	360	185	356	1361	128	1965	123	462	170	586	765	1712	1967	341	344	155	1237	266	899	488	586	1942	171	528	289	115	246	164	349	157	1412	455	335	1119	537	379	765	606	560	176	913	250	303	246	12	25	289	720	1136	352	9	765	1237	508	1601	341	1054	178	1064	1044	1292	100	1402	98	1412	1073	369	131	364	514	748	1134	140	155	77	492	173	797	261	9	2	994	1941	325	1569	285	764	352	1228	178	379	886	183	874	2176	630	495	179	95	1195	1115	188	1524	320	5	498	1340	590	379	1098	342	1251	1274	1299	519	210	488	97	1601	676	179	1472	1102	0	632	1360	2823	1237	598	257	190
401	179	583	105	247	1247	367	832	121	741	263	487	110	2050	836	1304	113	410	984	230	273	430	1202	490	734	945	250	302	610	1352	97	0	1160	567	433	1051	132	1384	656	317	450	214	1644	1615	1566	507	8	1832	757	2077	1326	394	1654	836	124	610	304	481	567	1305	954	2472	633	184	427	121	1221	263	409	848	320	720	1289	175	275	247	464	519	162	358	381	232	1756	1290	118	473	432	2586	446	394	1104	2591	159	191	175	569	8	806	250	510	1177	560	348	246	416	244	330	1416	221	2061	117	541	167	610	810	1617	1878	407	439	148	1335	219	997	411	610	2026	230	552	324	196	267	255	445	243	1482	519	383	1208	629	367	844	636	548	151	1010	264	253	267	108	111	324	765	1186	447	92	805	1335	509	1692	407	1149	272	1160	1139	1384	5	1337	188	1482	1147	466	114	461	567	804	1226	118	246	162	560	267	880	301	91	97	924	2038	392	1525	208	803	447	1264	193	367	981	241	777	2272	724	584	240	9	1231	1184	204	1618	415	102	483	1378	687	367	1157	367	1320	1209	1363	569	208	508	2	1667	579	178	1376	1198	97	726	1326	2915	1312	667	246	189
908	1024	584	1112	915	163	930	641	1043	463	899	1091	1164	1040	1314	2419	1054	1065	192	943	1057	826	54	786	474	385	912	1063	872	196	1072	1160	0	721	994	813	1034	909	669	948	958	1276	990	2765	590	1116	1165	790	730	1251	294	802	665	1994	1183	872	1146	756	721	902	513	1592	541	1030	802	1042	110	952	785	739	1418	684	296	1229	1063	1001	1356	703	1049	1009	1490	1021	1000	303	1174	906	1292	1705	1178	931	446	1436	1035	1055	1027	730	1166	639	932	1118	281	654	1099	916	803	932	1110	717	943	1239	1173	629	1064	872	688	2770	2776	783	846	1073	509	1317	413	1382	872	876	943	880	1172	1041	980	907	812	916	542	703	849	57	538	1061	362	828	1079	1224	347	1211	1178	980	1065	1071	1172	696	675	830	1073	731	509	1007	540	783	249	951	290	217	241	1161	2436	1020	542	300	806	1093	748	721	591	131	1195	916	1049	654	958	298	1150	1075	1073	1712	1026	793	2518	1356	736	838	887	1026	1061	647	935	1909	1439	470	866	933	1162	866	386	1019	1006	857	1066	1086	917	544	1061	536	930	455	1900	543	730	1050	912	1160	733	1695	1057	2518	292	1072	466	2280	1765	347	565	1262	1053
201	523	352	480	394	855	230	267	487	491	388	371	627	1735	654	1869	500	732	528	344	365	520	773	80	494	694	395	658	190	914	514	567	721	0	692	516	483	836	89	266	238	603	1084	2158	1015	397	568	1285	214	1870	806	188	1102	1372	650	190	726	90	0	763	389	1905	389	389	141	484	812	504	178	306	883	159	945	563	370	336	637	88	542	299	811	356	1571	949	639	185	573	2019	457	221	545	2139	521	399	524	13	569	241	321	400	855	105	387	395	154	329	401	848	422	1856	638	201	417	190	254	2093	2066	184	554	433	1077	778	763	671	190	1526	344	171	757	560	313	393	519	382	929	88	183	777	367	346	359	167	368	691	738	748	485	313	516	529	757	210	621	545	510	262	1077	290	1255	184	817	514	845	793	962	565	1904	527	929	614	536	463	447	0	237	825	654	395	542	105	518	423	727	512	517	1003	1722	200	2084	774	262	553	724	381	346	884	331	1225	2067	468	706	335	573	691	634	371	1495	542	510	366	831	509	346	591	230	766	1218	802	13	386	194	566	1107	1008	407	1833	877	514	468	1874	2473	777	156	769	398
639	271	456	491	336	1028	619	936	353	531	332	823	345	1724	1193	1449	350	72	864	435	613	189	1021	647	520	671	333	138	832	1162	356	433	994	692	0	1204	345	1506	763	576	724	647	1727	1828	1517	851	442	1760	906	1695	1234	518	1603	1107	348	832	192	607	692	1442	998	2495	478	497	576	356	1018	219	522	996	501	843	1027	605	619	542	886	607	278	665	799	544	1373	1025	345	716	845	2611	822	649	1112	2358	289	530	274	702	441	909	456	855	912	617	705	335	559	443	694	1462	323	1680	345	536	511	832	937	1933	2309	514	159	500	1011	432	700	842	832	1865	435	780	206	240	547	331	198	353	1443	607	563	1028	491	703	787	835	872	366	737	275	657	547	343	332	206	896	1267	174	365	952	1011	805	1476	514	895	206	891	896	1175	438	1456	260	1443	1095	196	483	279	692	883	1016	363	335	278	617	206	786	197	365	354	1350	1714	500	1524	516	953	165	1404	504	703	608	444	1153	1886	527	178	437	426	1371	1159	510	1217	160	354	818	1504	449	703	1192	619	1293	1630	1359	702	544	755	435	1642	979	517	1716	929	356	530	1289	2665	1246	697	340	526
650	1036	802	950	909	976	683	275	991	872	904	654	1128	1829	643	2318	1004	1248	675	847	796	1024	864	577	880	1008	910	1174	445	953	1016	1051	813	516	1204	0	988	336	440	733	612	1019	611	2562	749	658	1049	1006	302	2065	698	703	820	1785	1150	445	1241	606	516	254	310	1460	816	866	650	988	923	1021	694	209	1371	360	1107	993	797	803	929	598	1053	708	1194	820	1806	1113	1139	579	877	1570	754	657	382	2021	1032	863	1036	508	1051	299	822	657	1062	587	763	910	666	833	783	451	936	2052	1138	675	885	445	266	2414	2116	701	1058	904	1303	1269	1073	1000	445	1356	847	501	1273	1074	783	909	1021	896	668	598	682	864	793	725	566	415	600	1189	1022	1258	889	783	1020	1034	1273	307	227	1047	1010	254	1303	584	1233	701	1022	1031	1062	990	1016	1048	2362	1041	668	537	1034	937	943	516	338	944	1152	910	1053	587	1035	630	1242	1012	1018	1097	1815	716	2576	1248	254	1056	213	857	725	1262	834	1566	2252	854	1194	839	1059	180	479	846	1786	1049	1012	653	328	927	725	325	683	540	1202	515	508	846	548	1049	781	1359	875	2144	1080	1016	852	2375	2358	630	524	1273	864
351	74	453	148	118	1117	321	751	10	609	134	494	145	1918	861	1411	20	341	861	141	276	305	1074	412	602	813	121	235	563	1225	38	132	1034	483	345	988	0	1316	571	271	420	321	1567	1735	1459	520	138	1722	688	1950	1210	298	1547	960	168	563	273	393	483	1241	860	2383	502	160	342	12	1092	143	311	781	407	641	1157	273	281	216	543	421	75	343	508	211	1630	1158	157	429	500	2498	480	351	1004	2462	58	188	72	488	139	724	166	524	1045	457	366	117	328	155	354	1328	91	1935	156	425	168	563	735	1748	1990	307	318	155	1203	301	865	506	563	1904	141	505	301	111	228	126	319	119	1376	421	306	1081	499	371	728	580	549	210	878	271	312	228	34	46	301	690	1104	325	40	737	1203	494	1564	307	1017	154	1028	1007	1255	134	1439	85	1376	1036	341	138	330	483	715	1097	175	117	76	457	150	759	272	41	39	1007	1907	291	1601	323	735	326	1200	168	371	857	153	909	2146	593	475	149	131	1167	1078	176	1497	294	32	489	1311	555	371	1064	321	1215	1285	1264	488	204	468	132	1565	708	175	1508	1066	38	595	1391	2785	1200	562	285	185
984	1359	1075	1285	1230	1062	1017	572	1319	1108	1223	986	1458	1830	915	2654	1332	1555	833	1175	1132	1320	950	903	1118	1197	1230	1490	782	991	1345	1384	909	836	1506	336	1316	0	752	1067	949	1355	283	2893	599	988	1383	806	628	2122	690	1024	641	2119	1480	782	1561	927	836	89	523	1132	1078	1199	974	1316	1011	1337	1014	536	1704	676	1200	1330	1134	1138	1254	910	1377	1044	1527	1155	1899	1208	1469	915	1206	1240	1085	992	479	1877	1357	1198	1360	829	1385	599	1151	988	1186	891	1099	1231	989	1161	1119	254	1258	2111	1468	969	1220	782	581	2727	2331	1019	1354	1238	1418	1602	1254	1329	782	1207	1175	837	1592	1396	1117	1229	1315	1218	542	910	1010	947	1057	1061	783	750	930	1520	1194	1584	1226	1116	1348	1362	1592	626	256	1341	1340	579	1418	919	1196	1019	1151	1346	1193	1117	1055	1382	2699	1363	542	609	1325	1272	1234	836	623	1032	1483	1231	1377	891	1350	829	1562	1342	1348	1365	1816	1036	2910	1583	581	1350	128	1191	1061	1469	1162	1890	2298	1094	1474	1167	1392	157	522	1180	1915	1347	1341	986	16	1176	1061	381	1017	493	1419	420	829	1182	884	1382	569	1686	1209	2456	1200	1345	1091	2706	2206	613	809	1602	1199
283	608	385	568	478	811	314	180	575	501	470	425	715	1697	666	1958	588	808	478	432	449	585	722	168	506	689	478	738	205	859	603	656	669	89	763	440	571	752	0	353	304	687	997	2245	930	449	657	1201	147	1851	730	273	1017	1459	738	205	808	177	89	682	301	1816	413	478	230	572	766	585	262	233	972	80	911	649	453	424	704	158	627	377	893	444	1558	916	727	251	640	1930	519	301	459	2073	607	487	609	88	659	154	409	451	828	148	461	479	242	418	477	759	506	1837	726	242	505	205	174	2172	2108	267	619	521	1058	866	758	744	205	1452	432	211	840	644	401	476	582	467	843	158	272	726	389	419	308	166	410	780	726	833	567	400	604	617	840	133	533	608	599	191	1058	340	1196	267	789	593	820	763	910	654	1993	612	843	536	597	552	506	89	148	781	743	479	627	148	598	379	810	600	605	1044	1683	284	2172	863	192	617	644	470	419	901	420	1304	2047	479	762	423	663	610	551	460	1494	609	598	421	749	532	419	502	314	681	1243	714	88	474	248	655	1020	1087	495	1910	850	603	477	1961	2408	697	128	856	486
