NAME : VRPTW_INSTANCE_132.txt
COMMENT : Bangkok Supermarket
TYPE : VRPTW
DIMENSION : 272
DAYS : Friday
EDGE_WEIGHT_TYPE : EXPLICIT
VEHICLES : 33
EDGE_WEIGHT_FORMAT : FULL_MATRIX
CAPACITY : 1000
EDGE_WEIGHT_SECTION
0	385	935	118	1224	190	1963	464	395	202	436	2076	1426	423	1010	1064	1807	692	1562	373	2121	1082	582	1690	327	1685	153	362	1134	1042	170	1175	672	102	1109	1931	369	2039	154	1052	322	1190	101	1442	1095	404	896	292	996	732	978	1041	2715	506	438	975	545	991	153	154	650	306	170	618	1877	547	942	104	425	371	437	213	477	1040	111	1127	97	370	1766	1134	1609	395	258	650	304	1154	1144	473	301	828	1230	1348	66	331	430	775	46	1614	1190	538	185	1696	1704	212	1970	532	530	437	2732	447	359	506	432	97	404	315	834	485	1570	412	891	1234	418	1439	1017	1075	1052	101	1355	347	348	394	556	412	942	603	205	258	406	97	474	330	645	547	1683	977	288	516	330	412	288	254	1116	608	241	2285	25	309	437	1446	1172	1927	618	2058	1004	1767	1738	1925	1028	1095	89	358	604	938	1812	359	201	97	155	1920	417	1129	79	1480	239	145	962	210	1270	113	921	649	1029	856	503	411	503	196	1028	811	404	1699	211	133	1217	1098	23	192	199	747	366	394	475	190	189	967	746	484	73	865	59	205	536	257	499	60	155	330	609	1495	665	140	420	347	155	283	124	891	540	258	496	395	725	224	1119	1920	2690	359	418	24	872	1708	407	1594	893	218	832	505	189	33	1994	609	639	657	243	353	355	399	404	358	1203	968
385	0	550	426	989	571	2241	254	397	448	466	1844	1163	145	625	679	1523	932	1177	544	1828	722	417	1931	554	1407	463	694	748	1108	526	960	448	423	723	1609	701	1797	411	668	420	975	483	1066	809	521	547	663	619	351	592	660	2356	675	462	758	928	607	234	459	709	691	526	526	2181	567	564	423	458	372	472	401	732	771	423	1511	370	539	2118	1505	1227	38	250	709	689	1372	759	529	570	458	1209	1497	397	500	457	1147	403	1990	975	421	475	1990	1462	597	1816	423	411	467	2541	459	395	172	469	483	434	407	911	654	1949	532	1082	1150	512	1079	1100	876	686	483	976	514	520	549	907	532	567	246	481	538	789	418	848	307	286	933	1408	934	552	841	500	362	387	131	1044	939	613	1967	411	87	469	1677	979	2202	829	2443	930	1652	1409	1556	879	710	375	524	502	1241	1446	395	321	483	238	1565	435	1461	406	1770	166	416	577	397	1288	498	538	328	644	1033	161	513	180	255	879	1048	632	1347	397	439	876	715	403	475	185	761	545	623	850	390	246	817	456	143	410	1149	395	397	655	293	667	395	238	307	249	1114	539	411	384	509	238	668	452	521	925	250	664	455	484	514	889	1539	2385	395	512	398	584	1545	725	1878	530	591	1010	172	246	395	1618	254	283	566	154	737	739	628	434	741	950	587
935	550	0	972	906	1118	2661	620	838	979	858	1657	987	567	75	162	1256	1375	626	1003	1520	294	697	2317	1064	1165	994	1215	209	1424	1066	923	569	971	188	1248	1222	1595	950	164	877	933	1031	538	666	953	345	1203	211	240	52	197	1882	1101	852	781	1475	68	785	990	1039	1239	1066	774	2632	908	176	970	857	824	865	908	1207	683	969	2062	909	997	2625	2037	680	540	764	1039	1239	1761	215	954	1073	184	1415	1805	940	969	852	1682	953	2525	933	706	999	2434	1288	1146	1767	716	701	859	2391	841	857	458	865	1033	876	867	1211	1086	2488	962	1468	1283	932	596	1434	890	315	1031	478	977	984	996	1430	962	210	362	999	1050	1335	966	1388	779	330	1482	1172	1159	1055	1350	969	785	859	680	1211	1468	1162	1599	960	627	862	2063	976	2620	1261	2993	1118	1677	1044	1032	976	178	915	984	753	1715	931	857	849	1033	788	1073	870	1955	954	2215	703	957	31	904	1530	1048	45	443	104	1412	454	938	469	792	976	1478	1104	922	904	973	551	215	952	997	735	1087	1007	1098	1398	904	786	930	506	470	960	1610	940	906	1050	783	1095	940	788	779	384	596	796	952	806	972	788	1217	990	165	1474	764	1092	908	547	1032	843	1013	2031	857	932	947	471	1506	1237	2314	279	1141	1392	459	786	942	1081	392	339	795	695	1285	1287	1101	876	1288	839	162
118	426	972	0	1165	228	2034	436	316	87	553	2008	1372	424	1047	1089	1758	788	1597	488	2074	1144	526	1774	209	1635	260	435	1162	928	249	1110	768	16	1136	1898	441	1974	48	1075	440	1126	160	1493	1055	521	890	338	1008	753	1010	1058	2703	619	554	915	548	1031	201	262	768	314	249	730	1937	665	958	13	541	297	555	331	575	995	6	1096	215	485	1799	1151	1651	445	228	768	302	1247	1174	372	405	883	1123	1453	182	447	546	797	72	1623	1126	645	294	1761	1642	231	1882	640	638	554	2650	563	277	571	549	137	316	432	951	598	1574	530	994	1137	536	1502	901	1008	1054	160	1366	464	464	510	606	530	953	663	315	362	419	21	502	274	705	538	1632	877	393	585	447	345	405	306	1019	521	194	2249	117	365	554	1534	1101	1999	722	2036	909	1673	1710	1982	949	1122	207	475	715	1006	1871	277	146	137	190	1987	330	1181	38	1549	312	36	997	328	1158	151	962	638	1060	962	566	529	571	183	949	905	511	1685	329	244	1200	1118	132	301	254	642	481	500	427	308	186	889	718	546	44	943	175	323	653	366	612	176	190	274	619	1510	592	34	347	464	190	295	229	946	529	228	609	300	819	328	1060	1933	2646	277	536	137	959	1624	484	1665	895	175	938	571	186	148	2045	616	700	770	310	361	363	506	316	373	1149	985
1224	989	906	1165	0	1393	3187	775	852	1102	1455	857	218	859	924	828	607	1895	1176	1518	923	1192	642	2901	1081	481	1366	1587	880	877	1394	80	1339	1176	864	810	1593	816	1118	807	1401	72	1314	1272	240	1505	570	1502	707	794	880	751	1690	1655	1451	250	1690	955	1107	1365	1697	1473	1394	1488	3101	1554	729	1174	1447	868	1462	1354	1682	233	1168	2124	1274	1512	2953	2294	1280	1018	967	1697	1457	2349	900	850	1506	1041	698	2487	1276	1470	1446	1950	1205	2740	72	1387	1391	2921	480	1396	866	1393	1378	1456	1554	1448	892	1073	1458	1297	862	1388	1898	1633	2682	1516	2064	504	1499	1406	915	176	619	1314	797	1486	1491	1526	1771	1516	696	1044	1406	1465	1576	1176	1665	895	1049	1665	477	572	1489	1740	1471	820	1365	1069	507	1422	1326	1128	1244	1062	1459	2651	144	3151	1801	3050	494	775	669	1684	307	855	1273	1498	1463	2162	1626	892	1027	1297	1092	1802	847	2346	1180	2705	1123	1130	894	1349	837	1312	946	670	877	2018	1059	1499	1089	1030	307	2014	1591	758	1349	1341	458	790	1248	1395	1095	715	1516	1581	1498	1336	1040	334	537	1057	1190	2087	1270	1347	1643	1270	1647	1271	1092	895	776	908	578	1130	818	1483	1092	1456	1342	1056	1656	967	1644	888	1345	1433	104	1200	1497	892	1499	1248	1338	601	1631	2819	633	1318	1994	1074	1040	1253	1667	766	1056	1524	1107	1518	1520	1586	862	1532	71	749
190	571	1118	228	1393	0	1806	648	545	303	494	2236	1599	613	1192	1251	1983	583	1743	366	2298	1247	752	1552	388	1860	159	214	1319	1109	82	1339	797	216	1294	2115	220	2203	277	1239	382	1354	89	1614	1276	422	1086	109	1186	920	1162	1230	2905	468	498	1142	357	1171	342	163	654	123	82	698	1709	587	1132	218	484	525	492	276	381	1218	225	952	215	366	1580	944	1787	577	438	654	129	1036	1329	592	241	1000	1327	1261	178	341	490	585	192	1424	1354	639	181	1533	1870	39	2106	630	633	495	2877	511	505	676	487	98	543	381	810	450	1381	427	799	1356	446	1601	1076	1237	1242	89	1544	353	350	391	378	427	1131	775	198	208	217	216	285	498	816	365	1858	1092	239	358	340	573	362	439	1237	521	156	2468	164	490	494	1316	1330	1771	534	1875	1130	1892	1924	2092	1177	1281	207	360	689	778	1977	505	366	98	345	2077	557	953	213	1320	415	264	1146	276	1350	81	1101	837	1214	774	675	436	671	380	1177	695	345	1888	277	168	1405	1286	169	188	386	853	357	336	334	263	375	1118	931	657	203	719	178	272	523	380	462	178	345	498	799	1684	821	263	576	356	345	101	144	1063	358	438	460	525	852	186	1288	2109	2869	505	446	173	1010	1850	266	1436	1083	140	751	675	375	176	2166	799	809	732	422	167	169	341	543	170	1376	1156
1963	2241	2661	2034	3187	1806	0	2416	2350	2109	1811	4039	3384	2347	2719	2822	3758	1308	3187	1697	4067	2614	2546	386	2172	3638	1821	1602	2864	2828	1794	3139	2104	2021	2847	3848	1596	4003	2083	2821	1824	3154	1878	2972	3041	1729	2784	1698	2815	2559	2714	2837	4542	1574	1817	2938	1587	2683	2082	1822	1624	1750	1794	1893	228	1752	2757	2023	1815	2329	1804	1845	1511	2993	2031	1585	1914	1702	718	1132	3181	2223	2220	1624	1772	903	2865	2394	1684	2483	3090	972	1911	1740	1818	1341	1986	1085	3154	1954	1797	290	3668	1811	3907	1944	1959	1810	4682	1826	2311	2234	1805	1898	2350	1836	1475	1593	1153	1718	1192	3148	1745	2867	2785	3039	2902	1878	3140	1727	1721	1695	1436	1718	2772	2314	1783	1723	1659	2020	1564	2294	2338	1634	3638	2882	1702	1450	1740	2374	1854	2135	3029	2025	1907	4207	1944	2156	1807	614	3135	41	1414	1632	2927	3681	3646	3320	2983	2838	1915	1717	1912	1027	3201	2311	2163	1898	2096	3209	2364	894	2014	486	2084	2070	2692	1850	3081	1883	2624	2566	2764	1250	2243	1741	2219	2157	2983	1194	1609	3566	1849	1846	3112	2873	1939	1793	2100	2640	1696	1618	1826	1860	2146	2924	2684	2234	2004	1100	1916	1851	1614	1947	1581	1915	2096	2294	2489	3252	2625	2069	2379	1731	2096	1763	1845	2527	1643	2220	1584	2331	2140	1754	3082	3648	4626	2311	1745	1939	2280	3654	1556	369	2757	1908	1269	2232	2146	1934	3438	2494	2328	1879	2099	1712	1711	1614	2350	1695	3162	2771
464	254	620	436	775	648	2416	0	218	406	700	1633	968	110	691	701	1345	1119	1219	744	1657	862	163	2125	460	1224	595	823	779	874	633	735	695	443	753	1467	830	1591	397	684	631	750	561	1158	631	736	460	755	600	380	645	656	2266	882	697	531	984	687	333	594	947	748	633	779	2338	808	556	441	690	206	705	578	907	577	436	1516	501	739	2228	1587	1288	291	210	947	738	1574	795	337	732	601	957	1724	508	697	691	1230	455	2059	750	675	619	2154	1255	660	1575	676	665	701	2313	696	240	405	701	549	256	619	1149	861	2010	747	1292	896	733	1205	872	643	630	561	949	713	717	754	1021	747	544	442	632	692	854	440	932	176	474	973	1223	681	714	977	697	165	594	298	789	870	626	1821	487	303	703	1875	745	2379	1026	2459	676	1402	1276	1652	631	738	501	724	756	1396	1551	240	290	549	319	1689	250	1594	438	1936	353	408	638	573	1041	566	626	210	689	1247	392	732	417	268	631	1238	815	1248	574	571	764	719	488	622	320	524	742	805	845	560	275	569	283	379	447	1315	503	572	877	502	874	504	319	176	236	1096	285	406	186	709	319	728	573	657	965	210	871	288	725	661	671	1514	2226	240	733	486	801	1306	864	2048	475	610	1223	406	275	489	1696	227	476	820	337	796	798	810	256	806	746	587
395	397	838	316	852	545	2350	218	0	250	754	1691	1062	289	909	918	1450	1088	1435	747	1767	1073	227	2085	258	1326	548	749	996	719	558	795	841	329	969	1605	755	1658	268	899	660	810	472	1376	761	760	658	654	812	598	864	869	2433	887	753	602	842	905	329	548	996	621	558	880	2254	869	771	327	743	28	758	575	873	695	319	1332	469	743	2103	1448	1506	434	180	996	605	1549	1012	132	696	809	858	1735	457	701	745	1100	366	1907	810	779	578	2078	1327	545	1574	778	770	755	2337	756	40	569	753	452	39	649	1193	865	1853	770	1283	843	765	1420	707	692	832	472	1153	718	721	764	922	770	756	628	597	652	724	330	813	95	665	821	1323	593	681	900	701	53	620	363	726	663	476	1951	410	401	756	1842	785	2315	1011	2275	613	1373	1423	1870	634	954	465	730	860	1322	1769	40	195	452	308	1905	37	1496	336	1865	410	280	856	571	918	467	843	419	907	1246	557	761	577	231	634	1207	795	1419	571	526	937	933	418	584	350	382	743	785	670	553	248	574	454	540	346	1256	450	567	902	543	879	451	308	95	454	1301	276	281	39	716	308	604	519	867	812	180	876	70	880	619	747	1714	2341	40	765	420	980	1312	797	1981	682	466	1222	569	248	427	1914	445	664	923	397	666	668	790	39	680	840	802
202	448	979	87	1102	303	2109	406	250	0	633	1938	1313	416	1054	1086	1701	873	1600	575	2018	1170	472	1855	129	1577	347	515	1161	840	333	1045	825	103	1135	1851	521	1907	51	1071	522	1060	244	1509	1007	606	866	410	997	751	1014	1050	2668	706	634	853	592	1042	247	349	853	370	333	803	2007	746	949	101	621	236	635	415	661	943	93	1110	298	572	1853	1198	1659	473	215	853	354	1332	1175	289	492	906	1036	1540	268	533	626	849	158	1662	1060	714	381	1833	1576	298	1803	709	705	634	2573	642	210	606	629	220	243	513	1037	685	1610	615	1080	1054	620	1527	814	941	1035	244	1351	550	551	596	675	615	941	692	403	449	473	108	562	232	734	575	1574	792	481	662	533	288	485	343	935	492	227	2199	205	400	634	1617	1032	2074	809	2053	827	1590	1666	2000	875	1121	291	561	786	1081	1892	210	130	220	230	2014	257	1247	123	1623	361	57	1003	412	1071	232	974	615	1063	1049	599	613	608	192	875	989	598	1651	412	331	1166	1111	218	389	297	556	568	588	439	392	202	817	681	579	131	1022	261	407	739	437	699	262	230	232	611	1497	525	63	286	550	230	354	316	969	566	215	697	222	874	416	998	1918	2591	210	620	223	1006	1546	565	1739	878	216	1025	606	202	234	2058	607	730	843	356	415	417	593	243	429	1091	978
436	466	858	553	1455	494	1811	700	754	633	0	2310	1627	601	922	1017	1979	516	1437	172	2279	881	860	1482	761	1866	339	449	1066	1457	412	1425	360	539	1047	2044	454	2262	582	1014	115	1440	457	1260	1271	106	982	511	1003	750	910	1027	2738	243	6	1222	775	889	426	334	247	598	412	206	1774	115	946	541	11	726	7	229	366	1236	547	1383	339	169	1781	1239	1457	438	574	247	615	922	1069	866	298	690	1612	1031	378	166	9	907	483	1723	1440	180	313	1577	1928	533	2275	169	180	1	3006	21	730	423	8	479	778	121	449	228	1698	112	628	1583	79	1209	1436	1339	1091	457	1335	162	169	155	641	112	961	504	296	304	650	533	656	662	529	808	1868	1344	287	541	167	744	148	406	1470	1011	634	2403	444	398	3	1228	1441	1771	403	2253	1355	2100	1840	1704	1331	1036	348	162	202	861	1584	730	577	479	448	1660	787	1108	514	1357	352	576	889	231	1670	482	825	790	962	576	433	88	409	524	1331	620	272	1754	230	339	1307	1066	428	306	405	1135	181	270	826	249	507	1268	921	426	509	753	384	235	197	211	236	383	448	662	697	1455	974	570	762	157	448	580	362	743	804	574	234	782	413	314	1355	1866	2827	730	79	422	581	2006	447	1458	950	612	553	422	507	410	1795	705	520	238	367	626	627	271	778	617	1415	960
2076	1844	1657	2008	857	2236	4039	1633	1691	1938	2310	0	688	1716	1649	1531	443	2752	1658	2376	429	1906	1494	3758	1897	499	2220	2437	1553	1455	2244	901	2163	2020	1548	664	2443	76	1959	1516	2258	885	2161	1846	1046	2362	1369	2346	1446	1611	1617	1467	1352	2512	2306	1103	2512	1687	1963	2219	2549	2307	2244	2328	3945	2405	1488	2018	2302	1711	2316	2211	2539	1074	2011	2878	2130	2370	3770	3104	1762	1871	1821	2549	2289	3206	1568	1665	2362	1823	1168	3341	2129	2328	2301	2774	2053	3527	885	2231	2246	3769	382	2236	453	2237	2222	2311	735	2301	1731	1914	2313	2142	1695	2246	2748	2491	3463	2373	2922	1006	2355	2010	1506	1000	1342	2161	1341	2344	2349	2384	2614	2373	1458	1872	2262	2321	2408	2021	2499	1745	1871	2480	490	1241	2345	2589	2329	1665	2222	1927	1103	2184	2155	680	2094	1918	2313	3508	906	4003	2659	3765	1174	669	764	2114	1068	1545	2128	2355	2304	3012	2102	1731	1876	2142	1947	2280	1681	3185	2026	3555	1981	1972	1637	2207	1272	2158	1702	1520	1594	2875	1901	2355	1931	1883	1068	2871	2448	968	2207	2196	1108	1479	2099	2251	1953	1463	2374	2438	2301	2193	1895	1123	1388	1902	2036	2941	2124	2205	2499	2128	2504	2125	1947	1745	1620	1369	1415	1973	1661	2341	1947	2292	2195	1822	2471	1821	2501	1718	2161	2289	961	1408	828	1731	2355	2100	2124	500	2482	3670	1422	2149	2852	1916	1895	2105	2045	1610	1879	2362	1965	2350	2352	2443	1695	2366	894	1496
1426	1163	987	1372	218	1599	3384	968	1062	1313	1627	688	0	1042	990	878	389	2084	1134	1702	706	1255	846	3089	1297	264	1563	1788	915	1069	1596	293	1475	1383	905	598	1794	636	1326	860	1581	281	1518	1270	357	1684	682	1708	777	923	952	807	1484	1836	1622	461	1904	1025	1301	1561	1863	1683	1596	1640	3303	1720	813	1381	1619	1078	1633	1542	1874	393	1375	2343	1469	1697	3166	2508	1242	1189	1167	1863	1667	2533	933	1067	1700	1144	858	2657	1474	1655	1618	2162	1409	2957	281	1543	1587	3121	307	1604	798	1549	1534	1628	1411	1618	1103	1226	1630	1502	1075	1569	2062	1815	2899	1695	2245	657	1676	1419	1111	394	676	1518	765	1671	1676	1709	1977	1695	781	1184	1600	1660	1787	1383	1874	1100	1183	1880	260	774	1682	1942	1656	1028	1546	1254	688	1641	1538	910	1447	1241	1630	2837	342	3347	1987	3269	695	777	478	1636	518	899	1469	1682	1616	2362	1593	1103	1232	1502	1287	1772	1060	2552	1385	2904	1307	1338	970	1538	996	1518	1031	836	937	2197	1213	1676	1243	1229	518	2202	1780	603	1538	1538	460	832	1449	1590	1285	932	1701	1770	1715	1526	1239	551	707	1214	1395	2284	1469	1536	1819	1452	1828	1470	1287	1100	933	848	792	1338	1027	1667	1287	1665	1540	1149	1871	1167	1825	1102	1475	1629	317	1073	1280	1103	1676	1449	1446	562	1831	3016	738	1529	2173	1228	1239	1453	1602	924	1191	1674	1292	1729	1731	1775	1075	1742	223	825
423	145	567	424	859	613	2347	110	289	416	601	1716	1042	0	641	670	1411	1043	1184	660	1720	786	272	2047	497	1292	536	769	745	978	586	825	585	427	719	1515	776	1672	394	654	542	840	524	1102	694	646	473	716	584	335	600	635	2292	796	598	621	963	632	276	534	847	724	586	671	2277	706	534	426	592	269	607	501	835	648	423	1520	441	655	2188	1557	1245	182	201	847	717	1492	758	419	663	521	1067	1630	455	613	592	1199	425	2036	840	566	556	2089	1336	632	1675	568	557	602	2406	596	299	297	603	517	328	529	1050	774	1991	657	1206	1005	640	1137	973	737	632	524	942	629	634	668	975	657	529	342	566	626	827	423	898	215	377	958	1292	791	645	921	614	243	506	212	899	902	618	1872	448	204	605	1795	840	2309	945	2460	786	1507	1319	1596	735	704	442	640	648	1334	1492	299	288	517	268	1623	326	1542	416	1870	265	403	589	497	1149	533	566	226	647	1159	284	640	309	241	735	1161	738	1275	497	512	794	696	445	558	248	628	659	729	849	486	241	673	337	270	423	1248	452	496	784	411	788	452	268	215	195	1085	395	399	267	625	268	702	519	580	950	201	785	356	617	597	757	1509	2284	299	640	443	699	1405	807	1981	472	599	1135	298	241	443	1648	192	377	712	250	771	773	734	328	779	824	562
1010	625	75	1047	924	1192	2719	691	909	1054	922	1649	990	641	0	121	1238	1439	551	1070	1493	267	761	2372	1137	1153	1067	1287	145	1481	1139	948	620	1046	129	1214	1293	1585	1025	133	945	957	1106	468	684	1019	380	1277	217	310	50	182	1823	1165	916	818	1549	40	860	1064	1095	1314	1139	828	2694	967	201	1046	921	896	929	979	1274	708	1044	2137	983	1065	2693	2109	605	615	839	1095	1314	1817	147	1023	1144	235	1460	1853	1015	1037	916	1755	1028	2597	957	765	1071	2496	1286	1220	1778	775	760	922	2385	904	929	529	929	1108	947	935	1262	1150	2561	1028	1526	1322	997	537	1492	923	313	1106	424	1045	1052	1062	1501	1028	235	431	1071	1121	1409	1041	1461	852	398	1556	1161	1210	1126	1420	1038	856	929	755	1255	1543	1237	1561	1035	702	926	2118	1004	2678	1325	3067	1166	1699	1011	961	1016	123	989	1052	808	1781	862	929	924	1108	863	1008	940	2023	1029	2277	777	1032	52	976	1579	1122	96	507	55	1469	526	1003	539	867	1016	1540	1172	879	976	1046	541	177	1026	1070	810	1148	1074	1166	1473	976	861	973	559	542	1035	1675	1014	977	1112	854	1159	1014	863	852	455	533	856	1027	876	1040	863	1291	1063	199	1549	839	1156	979	592	1104	868	945	1994	929	997	1022	499	1521	1308	2374	316	1216	1450	530	861	1017	1007	463	406	846	769	1359	1361	1169	947	1362	856	177
1064	679	162	1089	828	1251	2822	701	918	1086	1017	1531	878	670	121	0	1118	1533	517	1158	1371	376	747	2479	1159	1034	1135	1361	78	1441	1204	858	731	1090	52	1093	1367	1466	1063	22	1031	866	1163	492	589	1110	318	1341	133	335	109	77	1721	1260	1011	745	1608	161	912	1132	1201	1370	1204	936	2792	1070	151	1089	1015	908	1024	1055	1361	622	1087	2185	1047	1152	2776	2180	590	676	871	1201	1368	1923	96	1023	1222	345	1398	1967	1076	1122	1010	1824	1078	2667	866	868	1142	2594	1171	1276	1671	877	862	1018	2267	1000	942	609	1024	1162	955	1020	1373	1244	2628	1120	1630	1249	1090	593	1456	842	208	1163	317	1131	1139	1152	1575	1120	175	516	1144	1197	1469	1085	1526	872	487	1611	1042	1158	1204	1499	1123	864	1011	811	1190	1568	1282	1441	1090	762	1021	2225	917	2782	1420	3121	1108	1602	890	972	946	37	1052	1139	915	1871	884	942	957	1162	912	1041	946	2109	1075	2375	840	1071	131	1051	1521	1177	202	501	66	1574	603	1095	621	906	946	1638	1258	762	1051	1113	424	55	1082	1141	865	1119	1161	1252	1516	1050	903	909	523	618	1082	1768	1074	1052	1210	931	1253	1074	912	872	475	441	828	1066	883	1126	912	1348	1128	317	1604	871	1251	988	707	1178	780	863	1874	942	1090	1078	620	1418	1385	2474	262	1262	1554	610	903	1075	1002	480	496	957	830	1417	1419	1255	955	1421	757	119
1807	1523	1256	1758	607	1983	3758	1345	1450	1701	1979	443	389	1411	1238	1118	0	2453	1214	2067	316	1486	1231	3454	1686	125	1940	2168	1131	1411	1977	678	1791	1769	1129	294	2175	369	1712	1105	1943	664	1901	1405	716	2044	1003	2092	1048	1246	1212	1060	1157	2198	1974	850	2292	1278	1677	1939	2208	2070	1977	1971	3683	2065	1095	1767	1973	1465	1986	1912	2246	767	1760	2730	1846	2061	3554	2897	1319	1545	1548	2208	2055	2895	1145	1457	2074	1431	1164	3002	1853	2021	1971	2550	1792	3347	664	1879	1963	3498	254	1990	769	1886	1871	1980	1167	1968	1491	1565	1983	1886	1464	1931	2403	2178	3289	2055	2604	968	2033	1570	1457	781	944	1901	903	2036	2041	2072	2361	2055	1068	1510	1975	2035	2175	1768	2261	1485	1502	2269	130	1135	2056	2322	2021	1414	1910	1623	1027	2028	1927	532	1829	1604	1983	3201	716	3720	2352	3652	1057	874	327	1675	895	1128	1846	2047	1947	2741	1660	1491	1616	1886	1665	1838	1449	2936	1770	3280	1675	1725	1232	1908	1294	1902	1301	1195	1183	2554	1553	2035	1582	1610	895	2570	2149	530	1908	1915	706	1064	1831	1966	1657	1313	2066	2140	2105	1897	1619	934	1073	1557	1779	2659	1848	1907	2174	1815	2190	1849	1665	1485	1282	926	1182	1724	1415	2032	1665	2052	1919	1422	2260	1548	2187	1492	1782	2005	707	989	891	1491	2033	1830	1727	642	2210	3392	1048	1917	2531	1567	1619	1833	1611	1274	1511	2001	1659	2116	2118	2145	1464	2129	610	1099
692	932	1375	788	1895	583	1308	1119	1088	873	516	2752	2084	1043	1439	1533	2453	0	1946	388	2760	1381	1260	1005	970	2335	540	372	1583	1691	539	1852	852	772	1563	2540	367	2711	835	1529	516	1868	628	1758	1737	424	1476	498	1514	1254	1427	1540	3253	273	522	1649	592	1406	789	540	403	590	539	649	1259	487	1457	774	518	1063	509	541	215	1691	782	1093	625	394	1280	812	1959	914	936	403	616	461	1586	1160	393	1206	1908	682	631	432	523	562	725	1271	1868	681	510	1064	2375	604	2663	670	684	516	3421	534	1052	932	509	653	1097	528	397	289	1259	414	223	1925	443	1688	1658	1757	1597	628	1850	418	412	387	361	414	1469	1018	493	436	552	769	482	1017	1045	648	2335	1665	409	276	432	1101	545	830	1806	1015	727	2899	679	849	512	757	1856	1269	114	1851	1696	2459	2338	2176	1719	1553	627	408	661	353	2055	1052	893	653	805	2109	1109	610	758	844	778	823	1406	546	1933	641	1342	1259	1479	216	940	438	918	873	1719	119	304	2263	546	563	1804	1581	670	505	800	1429	387	313	782	559	860	1657	1380	930	749	240	638	548	332	639	279	637	805	1017	1180	1971	1354	820	1111	423	805	590	568	1257	650	936	282	1085	899	469	1791	2382	3318	1052	443	668	1060	2400	320	948	1450	717	198	930	860	660	2277	1186	1036	651	793	576	577	309	1097	558	1865	1472
1562	1177	626	1597	1176	1743	3187	1219	1435	1600	1437	1658	1134	1184	551	517	1214	1946	0	1596	1371	572	1258	2823	1676	1179	1615	1829	440	1918	1688	1231	1096	1597	466	1060	1835	1583	1574	536	1476	1234	1657	246	971	1539	807	1826	629	848	586	569	1413	1677	1431	1179	2100	572	1411	1611	1572	1865	1688	1305	3183	1461	665	1596	1438	1426	1444	1521	1800	1030	1595	2689	1532	1591	3218	2651	107	1166	1384	1572	1865	2285	425	1539	1682	755	1832	2269	1565	1568	1432	2300	1580	3139	1234	1265	1617	2983	1363	1772	1914	1276	1262	1437	2372	1417	1460	1073	1445	1659	1472	1468	1711	1664	3105	1547	2003	1660	1515	411	1939	1250	644	1657	378	1574	1581	1586	2042	1547	683	974	1615	1662	1959	1592	2009	1389	936	2108	1191	1619	1664	1956	1569	1381	1465	1307	1624	2085	1788	1343	1587	1253	1440	2575	1299	3145	1832	3618	1559	1911	901	508	1378	481	1538	1580	1289	2296	459	1460	1470	1659	1415	638	1463	2545	1581	2767	1328	1581	600	1518	1965	1674	642	1017	537	1944	1072	1522	1082	1416	1378	2038	1700	703	1518	1595	718	504	1578	1615	1362	1615	1602	1695	2024	1520	1411	1354	1024	1089	1586	2186	1565	1520	1614	1396	1671	1565	1415	1389	991	292	1328	1577	1400	1568	1415	1842	1612	697	2101	1384	1669	1506	1053	1648	1166	486	1758	1460	1515	1573	907	1695	1847	2857	765	1767	1928	1074	1411	1568	503	997	944	1312	1320	1910	1912	1697	1472	1913	1105	633
373	544	1003	488	1518	366	1697	744	747	575	172	2376	1702	660	1070	1158	2067	388	1596	0	2373	1047	894	1387	696	1950	234	280	1212	1416	287	1479	531	473	1191	2151	284	2332	528	1152	128	1495	356	1427	1351	68	1087	358	1130	867	1054	1160	2873	140	178	1275	609	1039	425	231	289	453	287	372	1644	230	1073	475	167	720	167	172	204	1309	482	1214	282	5	1624	1068	1621	526	578	289	473	831	1217	842	136	844	1599	989	307	47	174	734	417	1553	1495	352	200	1451	1996	404	2309	341	351	173	3056	194	717	550	164	381	764	140	462	118	1527	67	547	1591	98	1380	1390	1387	1211	356	1473	31	27	25	468	67	1084	641	179	158	491	468	488	665	672	645	1951	1340	131	369	47	750	157	448	1474	887	519	2510	371	462	170	1135	1488	1658	285	2080	1361	2119	1950	1875	1361	1180	288	20	371	713	1755	717	555	381	444	1832	775	952	451	1230	394	518	1033	177	1643	378	973	872	1106	504	557	87	537	519	1361	503	103	1877	176	246	1416	1204	356	192	425	1116	9	99	685	194	504	1299	995	545	444	613	314	180	164	251	132	313	444	665	792	1598	997	513	764	35	444	438	264	899	642	578	129	760	586	181	1415	2015	2930	717	98	352	753	2042	274	1336	1062	500	480	549	504	341	1965	797	664	397	410	473	475	100	764	463	1484	1090
2121	1828	1520	2074	923	2298	4067	1657	1767	2018	2279	429	706	1720	1493	1371	316	2760	1371	2373	0	1724	1547	3758	2003	441	2252	2481	1372	1700	2291	992	2071	2084	1374	310	2488	364	2028	1361	2247	978	2215	1588	1027	2347	1297	2407	1319	1537	1472	1322	938	2502	2274	1167	2609	1533	1989	2251	2503	2386	2291	2259	3995	2361	1370	2082	2273	1781	2286	2221	2555	1081	2076	3044	2158	2367	3871	3214	1468	1848	1863	2503	2371	3198	1383	1773	2384	1701	1437	3294	2166	2328	2270	2867	2107	3663	978	2171	2274	3810	509	2305	870	2178	2163	2279	1025	2267	1807	1860	2283	2201	1780	2235	2694	2482	3605	2358	2906	1248	2335	1758	1747	1096	1217	2215	1116	2342	2348	2377	2676	2358	1346	1799	2286	2346	2491	2083	2577	1800	1788	2586	446	1436	2366	2635	2328	1730	2215	1932	1319	2341	2244	264	2143	1911	2282	3504	1026	4029	2658	3962	1360	1047	489	1782	1206	1375	2158	2352	2235	3053	1788	1807	1932	2201	1977	1961	1766	3250	2085	3591	1982	2041	1494	2217	1561	2217	1565	1501	1437	2855	1849	2337	1876	1924	1206	2876	2457	671	2217	2228	982	1316	2145	2277	1967	1623	2373	2448	2421	2206	1932	1247	1383	1854	2094	2969	2161	2216	2475	2121	2494	2162	1977	1800	1583	1102	1498	2040	1731	2337	1977	2368	2231	1685	2577	1863	2491	1808	2059	2316	1023	1042	574	1807	2335	2144	1990	836	2522	3701	1336	2234	2832	1862	1932	2147	1698	1577	1797	2287	1967	2433	2434	2453	1780	2445	926	1369
1082	722	294	1144	1192	1247	2614	862	1073	1170	881	1906	1255	786	267	376	1486	1381	572	1047	1724	0	965	2252	1272	1407	1103	1299	355	1702	1181	1214	529	1140	357	1433	1305	1839	1133	394	935	1223	1168	379	951	986	638	1315	485	502	311	447	1957	1115	875	1075	1594	237	944	1099	1001	1370	1181	735	2611	894	464	1140	883	1055	887	998	1247	973	1140	2199	1032	1043	2658	2114	578	699	965	1001	1375	1712	341	1198	1147	265	1706	1706	1070	1024	877	1771	1110	2601	1223	704	1098	2411	1547	1280	2045	714	702	881	2641	860	1085	575	889	1175	1112	928	1139	1104	2572	993	1431	1577	960	358	1709	1184	580	1168	615	1028	1036	1034	1507	993	498	481	1093	1133	1455	1134	1492	1000	439	1611	1415	1447	1130	1414	1025	1024	930	837	1504	1661	1322	1768	1106	779	884	2004	1268	2573	1267	3109	1409	1966	1236	844	1270	360	1039	1033	720	1733	730	1085	1043	1175	954	843	1108	1985	1119	2195	842	1138	299	995	1819	1188	262	714	318	1372	579	968	578	978	1270	1470	1151	1081	995	1086	801	426	1094	1095	891	1359	1054	1147	1557	1001	968	1224	794	599	1122	1621	1071	998	1049	876	1110	1071	954	1000	632	680	1072	1132	1046	1023	954	1348	1106	205	1604	965	1108	1141	483	1124	1133	1040	2200	1085	960	1088	334	1788	1310	2285	573	1299	1356	576	968	1081	922	643	444	741	839	1412	1414	1148	1112	1411	1124	443
582	417	697	526	642	752	2546	163	227	472	860	1494	846	272	761	747	1231	1260	1258	894	1547	965	0	2265	483	1108	725	944	825	741	752	593	852	537	799	1379	951	1456	481	726	786	609	672	1227	534	891	457	862	628	463	712	688	2207	1033	857	392	1065	766	472	725	1107	839	752	943	2459	970	595	535	850	236	866	724	1046	470	529	1557	636	889	2324	1671	1336	454	326	1107	825	1719	843	289	869	716	799	1879	635	846	851	1321	563	2133	609	838	752	2278	1122	758	1417	840	828	861	2163	857	266	561	861	655	250	774	1310	1011	2080	902	1441	733	890	1294	745	496	631	672	951	863	867	905	1131	902	575	586	768	827	944	536	1029	254	614	1046	1106	524	852	1098	846	184	748	455	627	879	700	1726	602	465	863	2018	595	2509	1172	2500	514	1240	1196	1716	470	784	634	874	920	1520	1623	266	386	655	455	1770	237	1706	539	2063	510	493	710	719	889	671	713	254	748	1398	548	888	575	389	470	1380	958	1193	720	702	714	753	606	757	469	394	891	948	897	704	401	408	241	536	548	1446	629	717	1033	658	1025	630	455	254	336	1098	124	492	188	860	455	821	701	765	1038	326	1022	284	880	794	537	1505	2120	266	890	606	944	1149	989	2177	493	688	1374	562	401	611	1749	324	616	984	494	885	887	953	250	898	623	628
1690	1931	2317	1774	2901	1552	386	2125	2085	1855	1482	3758	3089	2047	2372	2479	3454	1005	2823	1387	3758	2252	2265	0	1934	3337	1541	1339	2517	2626	1527	2858	1752	1760	2501	3527	1333	3717	1823	2479	1510	2873	1614	2603	2739	1410	2465	1450	2481	2233	2370	2499	4194	1255	1488	2655	1393	2335	1794	1541	1278	1517	1527	1543	498	1412	2424	1762	1488	2062	1475	1547	1219	2696	1770	1537	1629	1392	897	1069	2813	1909	1939	1278	1541	560	2516	2144	1396	2136	2870	586	1632	1433	1491	1178	1718	1190	2873	1612	1513	357	3381	1563	3657	1603	1619	1482	4422	1496	2047	1906	1477	1637	2090	1523	1114	1276	1241	1399	854	2908	1422	2493	2586	2761	2572	1614	2795	1418	1413	1382	1206	1399	2441	1980	1497	1438	1438	1758	1343	2019	2000	1447	3338	2644	1413	1195	1433	2102	1543	1834	2789	1852	1672	3886	1674	1849	1479	254	2860	345	1102	1801	2682	3444	3323	2940	2719	2493	1631	1407	1564	793	2821	2047	1892	1637	1810	2826	2103	755	1749	356	1781	1810	2348	1552	2876	1623	2279	2259	2419	908	1916	1420	1891	1877	2719	886	1310	3231	1551	1564	2790	2531	1667	1508	1805	2403	1388	1319	1633	1565	1864	2658	2383	1909	1739	833	1638	1553	1285	1638	1263	1637	1810	2019	2174	2902	2355	1808	2110	1422	1810	1526	1568	2176	1454	1939	1266	2074	1785	1471	2797	3291	4310	2047	1422	1666	1918	3398	1290	283	2433	1669	930	1904	1864	1659	3060	2181	1991	1526	1797	1485	1485	1314	2090	1467	2870	2435
327	554	1064	209	1081	388	2172	460	258	129	761	1897	1297	497	1137	1159	1686	970	1676	696	2003	1272	483	1934	0	1561	463	602	1236	726	436	1017	950	224	1209	1854	608	1870	180	1142	649	1032	349	1599	1013	731	914	485	1060	829	1095	1116	2690	823	762	837	614	1129	371	466	977	422	436	932	2059	874	1016	222	749	258	763	540	763	944	215	1074	424	693	1876	1213	1741	583	306	977	400	1424	1251	232	602	1006	940	1646	391	656	754	876	281	1661	1032	842	497	1892	1545	371	1734	838	834	762	2511	770	224	719	757	323	232	641	1158	802	1604	739	1183	976	745	1627	696	912	1087	349	1407	672	672	718	736	739	1004	800	519	560	515	230	610	287	841	585	1557	711	593	739	655	310	613	462	857	409	265	2196	325	517	762	1701	996	2139	915	2016	755	1511	1676	2093	828	1195	416	682	915	1150	1987	224	234	323	353	2114	246	1295	247	1686	485	185	1085	537	963	332	1063	669	1141	1156	711	738	723	303	828	1083	710	1677	538	450	1196	1179	340	505	420	469	688	700	419	518	316	774	713	691	254	1101	384	533	860	567	816	385	353	287	685	1554	505	191	298	672	353	410	432	1068	576	306	813	200	998	528	979	1971	2577	224	745	345	1125	1484	654	1803	934	265	1132	719	316	357	2145	679	838	972	479	460	461	705	232	477	1078	1046
1685	1407	1165	1635	481	1860	3638	1224	1326	1577	1866	499	264	1292	1153	1034	125	2335	1179	1950	441	1407	1108	3337	1561	0	1819	2046	1054	1297	1855	553	1688	1645	1050	377	2053	432	1588	1020	1827	539	1778	1354	598	1929	897	1969	955	1140	1123	972	1260	2082	1861	725	2168	1192	1557	1818	2098	1946	1855	1864	3562	1955	999	1643	1859	1341	1873	1794	2127	646	1637	2605	1725	1945	3430	2772	1286	1430	1426	2098	1931	2780	1069	1331	1954	1336	1057	2891	1732	1904	1857	2426	1670	3222	539	1771	1842	3378	198	1866	752	1778	1763	1867	1234	1856	1366	1456	1870	1763	1339	1814	2294	2062	3163	1940	2490	859	1919	1516	1342	656	850	1778	846	1919	1924	1955	2238	1940	971	1404	1855	1915	2050	1645	2137	1361	1398	2144	14	1015	1936	2200	1904	1290	1794	1504	912	1903	1802	653	1706	1488	1870	3085	592	3601	2235	3528	937	820	340	1657	772	1047	1725	1930	1840	2620	1633	1366	1493	1763	1544	1812	1324	2813	1646	3160	1557	1601	1143	1789	1190	1779	1210	1079	1098	2440	1443	1920	1472	1488	772	2453	2031	528	1790	1795	613	981	1709	1846	1538	1189	1949	2022	1980	1778	1497	810	955	1446	1656	2539	1727	1788	2061	1699	2074	1728	1544	1361	1169	887	1057	1601	1291	1915	1544	1928	1797	1330	2135	1426	2071	1367	1682	1885	582	1005	1016	1366	1919	1708	1635	586	2088	3272	944	1793	2417	1457	1497	1712	1602	1161	1406	1896	1541	1992	1994	2026	1339	2005	485	1005
153	463	994	260	1366	159	1821	595	548	347	339	2220	1563	536	1067	1135	1940	540	1615	234	2252	1103	725	1541	463	1819	0	233	1200	1187	80	1319	639	244	1176	2052	240	2182	303	1126	225	1335	122	1475	1225	278	1002	212	1082	814	1041	1122	2817	359	342	1117	491	1043	263	4	521	275	80	540	1743	438	1026	246	328	523	338	117	325	1173	254	1098	95	232	1657	1045	1654	460	399	521	286	1001	1208	626	148	864	1381	1195	91	198	334	688	190	1531	1335	479	34	1558	1846	197	2122	471	474	340	2882	354	512	541	332	148	557	222	695	338	1493	285	738	1387	299	1454	1160	1221	1148	122	1438	213	212	257	444	285	1030	641	55	105	352	239	393	478	680	509	1818	1130	135	385	198	561	203	336	1269	672	295	2409	143	376	339	1295	1319	1785	465	2008	1158	1920	1856	1947	1178	1163	94	223	531	800	1831	512	353	148	275	1926	570	1006	225	1341	297	292	1023	117	1418	146	974	762	1094	704	543	290	534	336	1178	659	251	1806	118	24	1328	1174	132	41	290	899	226	241	494	105	325	1117	870	525	217	721	97	113	398	228	352	96	275	478	706	1574	814	288	571	214	275	254	31	926	503	399	350	548	695	71	1261	1998	2819	512	299	129	855	1859	270	1453	991	274	680	540	325	120	2025	709	673	575	308	312	314	247	557	309	1341	1049
362	694	1215	435	1587	214	1602	823	749	515	449	2437	1788	769	1287	1361	2168	372	1829	280	2481	1299	944	1339	602	2046	233	0	1423	1320	192	1536	800	421	1400	2285	6	2401	484	1352	366	1552	276	1676	1454	349	1236	128	1312	1044	1263	1350	3050	321	455	1337	330	1261	494	236	528	225	192	652	1515	507	1256	423	442	727	445	307	188	1401	431	934	329	283	1424	822	1862	689	620	528	251	821	1430	804	154	1074	1542	1054	315	284	449	472	383	1310	1552	624	219	1334	2066	233	2318	614	622	450	3086	470	710	757	441	297	751	372	649	310	1276	347	592	1570	378	1642	1286	1436	1380	276	1667	287	280	302	214	347	1261	856	216	166	223	419	208	692	893	369	2045	1307	169	154	284	771	368	569	1450	667	355	2641	342	607	447	1101	1532	1566	339	1812	1343	2105	2089	2137	1383	1387	326	287	651	575	2018	710	560	297	505	2103	765	772	412	1118	528	471	1245	311	1563	283	1192	996	1316	573	761	367	748	558	1383	482	203	2039	311	257	1562	1401	338	219	523	1067	271	199	443	311	549	1323	1101	744	402	507	320	309	395	433	318	319	505	692	940	1801	1023	469	777	291	505	221	250	1134	367	620	317	735	856	183	1482	2224	3049	710	378	338	1022	2059	51	1233	1224	345	551	756	549	334	2221	942	885	677	540	224	225	201	751	208	1565	1278
1134	748	209	1162	880	1319	2864	779	996	1161	1066	1553	915	745	145	78	1131	1583	440	1212	1372	355	825	2517	1236	1054	1200	1423	0	1516	1270	915	764	1162	26	1085	1429	1486	1137	99	1086	922	1232	417	645	1162	393	1407	206	410	159	146	1678	1309	1060	812	1677	182	981	1196	1240	1439	1270	973	2839	1112	230	1162	1065	986	1073	1116	1416	683	1160	2257	1113	1206	2834	2244	511	742	946	1240	1438	1963	20	1102	1282	381	1468	1995	1143	1178	1060	1888	1149	2731	922	910	1205	2641	1200	1345	1712	920	905	1066	2289	1048	1020	667	1073	1231	1033	1076	1406	1294	2693	1171	1671	1315	1140	529	1533	906	265	1232	281	1186	1194	1205	1637	1171	253	571	1206	1258	1537	1158	1592	949	539	1681	1062	1231	1264	1559	1178	942	1069	880	1259	1645	1354	1427	1159	829	1070	2264	977	2824	1469	3192	1179	1653	885	894	1014	41	1118	1194	953	1924	807	1020	1032	1231	983	967	1024	2164	1147	2422	906	1145	178	1112	1593	1247	240	580	106	1614	662	1147	678	979	1014	1685	1314	742	1112	1178	455	91	1151	1204	934	1197	1216	1307	1589	1111	976	979	601	678	1153	1819	1142	1114	1256	991	1303	1142	983	949	551	388	905	1140	961	1181	983	1417	1194	341	1674	946	1300	1066	735	1240	839	803	1860	1020	1140	1147	633	1463	1446	2519	339	1334	1595	668	976	1143	923	557	548	991	897	1485	1487	1310	1033	1489	809	197
1042	1108	1424	928	877	1109	2828	874	719	840	1457	1455	1069	978	1481	1441	1411	1691	1918	1416	1700	1702	741	2626	726	1297	1187	1320	1516	0	1162	796	1556	944	1492	1663	1325	1455	888	1419	1353	804	1075	1933	983	1444	1123	1196	1310	1199	1430	1371	2551	1547	1457	753	1242	1492	1033	1189	1689	1115	1162	1598	2689	1573	1293	941	1445	747	1460	1252	1488	911	934	1460	1136	1413	2424	1766	2010	1146	897	1689	1090	2139	1536	594	1328	1457	295	2370	1108	1373	1449	1489	999	2133	804	1498	1221	2541	1191	1087	1161	1496	1488	1458	1939	1462	734	1274	1455	1049	688	1343	1877	1526	2062	1453	1908	454	1455	2018	51	723	1275	1075	1562	1390	1391	1436	1421	1453	1266	1317	1243	1286	1188	948	1282	814	1348	1193	1287	311	1318	1445	1373	747	1314	1082	384	814	966	1943	1045	1120	1459	2404	734	2798	1640	2315	385	903	1543	2407	580	1478	1129	1401	1578	1833	2324	734	880	1049	1011	2482	682	1934	964	2348	1127	897	1431	1248	252	1058	1445	988	1457	1881	1262	1449	1285	937	580	1802	1436	1632	1249	1172	1243	1432	1059	1229	1064	350	1409	1426	1002	1229	954	581	921	1247	972	1801	1102	1244	1579	1248	1540	1103	1011	814	1077	1700	629	902	725	1390	1011	1110	1156	1506	1185	897	1537	678	1593	1254	822	2051	2247	734	1455	1064	1676	966	1372	2467	1178	975	1858	1275	954	1074	2421	1065	1350	1640	1114	1143	1143	1431	688	1162	922	1325
170	526	1066	249	1394	82	1794	633	558	333	412	2244	1596	586	1139	1204	1977	539	1688	287	2291	1181	752	1527	436	1855	80	192	1270	1162	0	1344	720	234	1246	2098	199	2208	297	1193	300	1360	89	1552	1265	341	1057	137	1145	878	1111	1187	2875	396	415	1144	413	1116	309	85	576	194	0	616	1707	505	1090	236	402	536	410	197	328	1210	244	1018	156	286	1602	979	1729	527	428	576	206	998	1279	621	170	940	1369	1210	131	260	408	621	192	1464	1360	559	99	1526	1874	121	2130	550	554	413	2896	429	520	616	405	114	562	300	738	377	1424	346	748	1387	365	1534	1131	1244	1207	89	1503	272	269	312	389	346	1092	716	116	132	273	231	322	499	756	429	1854	1126	164	346	259	579	282	396	1268	602	232	2454	149	441	412	1286	1340	1758	478	1932	1158	1922	1904	2026	1193	1232	151	280	608	768	1910	520	368	114	318	2007	576	960	222	1311	363	284	1094	198	1399	104	1046	812	1164	719	617	354	609	367	1193	655	277	1861	198	95	1380	1241	146	106	345	890	278	267	415	186	358	1132	914	599	212	698	134	194	447	308	390	133	318	499	764	1641	831	282	585	275	318	174	76	1002	423	428	388	548	776	106	1289	2065	2860	520	365	147	935	1870	238	1425	1049	213	696	615	358	144	2103	765	749	650	373	231	233	272	562	230	1373	1113
1175	960	923	1110	80	1339	3139	735	795	1045	1425	901	293	825	948	858	678	1852	1231	1479	992	1214	593	2858	1017	553	1319	1536	915	796	1344	0	1328	1122	898	888	1543	864	1062	836	1365	15	1262	1316	270	1470	581	1448	732	792	902	780	1770	1618	1422	204	1629	976	1063	1318	1669	1415	1344	1468	3048	1527	749	1120	1417	813	1431	1313	1639	240	1113	2052	1229	1474	2892	2230	1334	991	920	1669	1398	2309	935	785	1462	1048	624	2455	1228	1432	1416	1889	1153	2673	15	1367	1346	2870	531	1340	869	1371	1357	1426	1581	1419	835	1055	1428	1244	802	1353	1871	1596	2613	1481	2027	435	1465	1444	835	104	651	1262	853	1448	1453	1489	1717	1481	715	1033	1361	1420	1517	1122	1607	844	1042	1602	547	491	1445	1690	1432	766	1328	1032	429	1350	1266	1203	1194	1029	1429	2609	70	3102	1761	2976	413	753	750	1739	227	888	1227	1460	1444	2112	1678	835	976	1244	1047	1851	787	2291	1127	2655	1087	1075	914	1308	763	1259	962	650	903	1982	1041	1464	1071	982	227	1972	1549	837	1309	1295	513	824	1199	1350	1055	638	1477	1539	1432	1294	994	257	517	1038	1137	2040	1223	1306	1609	1235	1610	1224	1047	844	759	970	519	1075	762	1445	1047	1398	1294	1068	1593	920	1607	827	1338	1388	81	1274	1565	835	1465	1199	1341	600	1582	2769	646	1259	1958	1056	994	1204	1726	748	1048	1506	1071	1460	1461	1544	802	1474	133	771
