NAME : VRPTW_INSTANCE_85.txt
COMMENT : Bangkok Supermarket
TYPE : VRPTW
DIMENSION : 317
DAYS : Sunday
EDGE_WEIGHT_TYPE : EXPLICIT
VEHICLES : 36
EDGE_WEIGHT_FORMAT : FULL_MATRIX
CAPACITY : 1000
EDGE_WEIGHT_SECTION
0	1695	1010	1126	334	215	938	421	1022	1761	991	526	182	367	623	1023	1898	330	328	1005	399	283	494	402	206	344	133	1531	358	224	2942	1231	1052	226	1490	996	777	185	745	929	1531	355	399	650	112	606	204	1015	231	54	202	148	82	399	1681	91	873	147	1028	172	22	1796	349	307	447	1811	3328	456	379	264	606	1397	193	370	948	2083	248	154	694	538	2163	230	298	135	1029	2072	482	1126	170	418	543	672	282	660	1214	82	309	1081	441	648	1849	877	92	1329	1935	231	304	812	367	193	698	218	236	118	1321	1626	2580	385	597	496	2687	365	139	837	154	323	1276	392	179	774	246	640	2258	539	1147	2177	101	128	1126	1005	582	2031	160	652	212	1011	563	1104	1749	91	1436	925	91	527	284	620	456	1606	231	1114	22	1119	889	244	347	1321	308	404	1525	607	118	1134	91	1098	314	394	307	1666	304	148	227	32	258	394	510	533	975	164	844	314	407	230	85	215	436	1290	371	23	165	309	309	202	1221	578	319	960	404	1155	1028	999	38	760	94	1676	1633	945	223	1786	62	215	481	650	1355	995	1052	308	737	1156	462	307	190	1930	2820	1870	1092	417	402	2055	609	2088	1122	727	412	2421	865	120	170	857	286	1224	214	3141	358	1947	205	651	246	868	185	130	2186	1472	406	1204	190	221	1902	1144	1297	202	435	196	2301	239	2179	1190	413	77	124	958	404	348	484	358	996	2527	916	153	1704	156	1002	503	631	367	388	1900	283	1956	990	211	613	1218	1994	1245	200	102	1398	1397	592	629	1213	104	444	1248	554	1576	367
1695	0	693	1277	1939	1740	2623	1915	685	335	705	1644	1526	1712	1532	2577	282	1537	1827	771	1810	1915	1767	1803	1495	1883	1608	2874	2042	1769	1989	1336	648	1769	306	869	1037	1509	1773	875	169	1686	1810	1658	1647	1641	1737	2473	1925	1708	1743	1646	1721	1810	1314	1614	2461	1734	1539	1537	1704	1169	1683	1592	2134	220	2528	1261	1695	1433	1641	1778	1574	1700	807	1506	1452	1715	2312	1369	1432	1916	1935	1578	682	1399	1766	1277	1815	1620	1161	2052	1703	2354	2271	1721	1571	1399	1300	2284	3076	818	1758	2493	1114	1916	1608	886	1592	1574	1275	1639	1920	1736	421	742	1649	1583	1974	1764	1620	1710	1834	2281	1735	1833	1779	2063	1731	972	1930	1350	1186	1163	2829	1946	1783	1822	1277	695	1414	384	1828	1050	1723	2637	1138	1744	1252	1726	289	881	1726	1365	1526	2110	1248	425	1916	1964	1704	2622	2485	1733	1684	421	1569	1809	1710	2177	1736	617	1614	661	1904	1812	1997	807	1571	1646	1913	1717	1528	1811	1494	1171	1341	1803	1388	1904	1618	1916	1725	1629	1535	2775	1576	1718	1538	1568	1548	1743	741	1470	1833	2436	1807	1948	1539	844	1710	1264	1645	2427	731	2109	1909	3130	1693	1738	1767	1941	537	787	689	1565	1042	2796	1238	1566	1642	373	1892	1608	2760	1529	1646	2808	1145	2124	2526	2215	1612	1611	1320	1735	1815	2278	1675	1514	1642	1820	2042	364	1639	1477	1930	978	1509	1820	1505	3147	1631	1315	1875	1768	3013	1420	1389	1880	1558	1556	1572	1772	491	1392	1606	1715	1818	2649	1801	1678	1766	1688	713	1384	1958	1843	1839	1553	2573	1769	2320	1945	1969	3276	1518	3366	715	1901	1677	803	342	1358	1518	1738	2994	2995	2284	1105	1270	1735	1318	1973	1262	175	1713
1010	693	0	807	1245	1081	1931	1277	16	835	61	972	850	1083	982	1948	927	845	1134	179	1181	1222	1163	1175	807	1233	916	2322	1364	1109	2201	907	165	1110	556	483	505	825	1131	258	540	1056	1181	1109	973	1079	1076	1871	1239	1029	1049	979	1031	1181	1130	934	1819	1065	995	861	1022	1113	1052	952	1455	842	2679	605	1070	755	1079	1326	881	1073	164	1471	774	1022	1658	782	1478	1226	1268	889	34	1407	1160	807	1142	1007	500	1452	1058	1670	1664	1031	931	893	606	1624	2569	173	1080	1985	1175	1226	916	241	966	881	749	983	1231	1044	399	770	1831	895	1368	1161	1881	1082	1149	1676	1067	1185	1282	1371	1067	288	1240	804	1421	499	2136	1778	1094	1138	807	14	748	1055	1152	396	1029	1984	475	1197	1132	1036	472	264	1036	773	832	1485	581	734	1226	1384	1022	2010	1841	1079	1053	399	929	1180	1326	1533	1044	162	934	156	1245	1181	1316	832	930	979	1224	1031	834	1181	819	510	797	1131	793	1245	933	1226	1035	972	926	2173	887	1034	860	928	855	1049	405	905	1184	1827	1179	1382	995	284	1028	638	969	2061	770	1469	1219	2583	1015	1079	1160	1354	410	194	110	925	366	2140	568	926	981	981	2086	1418	2066	843	1028	2463	454	1851	1943	1595	926	1720	733	1044	1142	1679	1031	1049	985	2244	1364	940	980	828	1240	503	825	1138	1530	2476	1015	877	1195	1109	2545	937	981	1202	949	863	1631	1115	1170	934	921	1025	1135	1958	1174	1047	1160	1059	27	1679	1331	1162	1494	876	1938	1168	1640	1291	1316	2721	825	2800	21	1219	1017	455	1015	931	846	1047	2356	2356	1595	413	844	1044	625	1430	662	603	1084
1126	1277	807	0	1143	1313	1796	1537	798	1541	859	697	1078	1412	1487	2141	1559	800	1002	629	1484	1157	1534	1483	963	1464	993	2655	1442	1332	1834	116	972	1334	1292	1249	1170	1008	665	556	1191	1388	1484	1589	1173	1546	1303	2142	1281	1175	1013	1202	1085	1484	559	1107	1986	1259	288	1084	1148	713	1381	1284	1509	1487	2201	1017	1410	1008	1546	523	933	1407	647	961	1024	1025	1803	1282	1056	1236	1422	1000	784	962	1526	0	1297	1392	956	1778	1343	1658	1036	1085	1268	131	754	1751	2964	887	1219	2417	884	1236	845	905	1332	933	1344	1252	1236	1072	1170	738	1484	769	1696	1534	1616	1410	1222	1961	1264	1434	503	1307	1282	640	1242	1359	1236	946	1967	1084	1149	1220	0	819	546	1657	1283	935	988	2099	939	479	641	1083	1190	551	1083	1267	842	1744	973	1492	1236	715	1148	2243	1998	1331	1381	1170	1266	1487	525	1732	1072	741	1107	705	1440	1481	1384	737	1264	1202	1235	1123	868	1481	629	957	163	1291	298	1440	770	1236	1087	1241	1343	2415	777	1145	1072	1266	821	1013	536	1406	1430	2087	1487	688	288	524	1163	374	1155	2649	751	945	1231	2912	1172	1312	1525	1725	740	613	717	1262	584	2225	954	1263	1232	1642	1713	752	1868	721	1398	3050	656	1080	2247	1853	762	1312	262	1069	1297	1979	1329	246	1251	2130	1442	1315	1241	501	1241	1216	1008	1239	1070	2474	1390	84	1297	1330	2996	142	194	1315	1360	931	1185	1346	1623	127	758	1084	1223	1843	1484	1378	1527	1391	781	1496	779	1256	702	1090	2116	1543	1662	1494	1515	3027	843	3082	797	1304	660	474	1615	138	1094	1086	2488	2486	1542	684	87	1081	729	700	1179	1280	1412
334	1939	1245	1143	0	497	697	625	1254	2041	1238	447	504	660	947	1049	2163	412	140	1199	656	56	772	661	470	550	350	1628	363	489	2976	1229	1317	491	1764	1308	1093	477	587	1106	1783	656	656	957	443	915	488	1106	229	366	196	475	263	656	1699	421	890	434	965	497	343	1850	651	633	397	2076	3317	762	677	566	915	1285	369	666	1149	2097	555	233	712	873	2199	173	433	389	1258	2105	760	1143	385	734	833	864	579	515	947	263	638	1062	638	653	1970	1138	354	1508	2010	172	343	1081	690	369	1032	540	168	232	1594	1755	2627	396	808	775	2755	659	259	963	439	559	1153	164	467	975	165	974	2352	826	896	2111	238	272	1143	1243	625	2294	350	934	216	972	849	978	1784	254	1700	1102	254	861	414	764	751	1897	172	919	343	1170	897	529	649	1594	637	661	1441	693	232	1344	421	1303	493	649	314	1784	634	475	174	301	411	649	530	823	979	392	844	493	380	173	258	540	765	1336	395	321	486	639	398	196	1373	908	554	1047	662	970	965	1166	352	826	427	1926	1765	680	175	1867	383	498	759	883	1538	1186	1264	637	916	1087	752	637	514	2204	2855	1841	821	453	713	2286	799	1975	1229	848	389	2454	888	231	385	991	593	1172	536	3247	363	2156	528	642	163	1185	477	300	2210	1335	719	1207	312	486	2056	1118	1280	334	761	388	2326	503	2411	1172	394	269	281	733	664	652	762	659	1226	2618	699	293	1608	482	1017	781	524	531	539	1961	421	1999	1224	292	504	1355	2255	1237	527	240	1356	1354	401	835	1229	240	623	1067	882	1838	660
215	1740	1081	1313	497	0	970	224	1095	1765	1050	741	250	163	460	878	1918	533	529	1109	184	440	282	186	351	159	334	1343	332	28	3108	1422	1091	28	1507	965	747	309	961	1047	1572	159	184	459	140	418	11	839	301	161	412	114	291	184	1860	206	741	68	1235	241	193	1960	155	172	421	1833	3510	479	179	342	418	1609	392	169	1049	2262	322	367	577	445	2332	339	200	317	1105	2243	271	1313	121	243	582	467	83	650	1419	291	188	1278	583	544	1651	927	147	1119	2089	340	517	857	213	392	603	100	346	325	1343	1756	2743	596	387	285	2839	162	239	651	62	121	1489	489	35	884	354	531	2401	582	1177	2377	270	225	1313	1074	777	2053	156	692	425	903	607	1318	1921	299	1466	1045	299	439	480	437	499	1598	340	1329	193	958	761	32	152	1343	189	188	1731	457	325	1221	206	1191	164	179	309	1802	186	114	337	237	452	179	713	572	1167	111	1041	164	620	339	293	111	295	1128	581	209	249	191	513	412	1345	438	118	787	189	1370	1235	1122	177	941	158	1462	1762	1149	335	1602	154	2	269	435	1457	1103	1141	192	865	1060	512	191	100	1939	2987	2063	1142	623	219	1840	739	2298	937	549	625	2590	1055	327	121	667	102	1427	97	3273	332	2020	100	855	355	834	309	197	2359	1407	228	1393	208	28	1695	1342	1490	196	284	389	2474	34	2231	1386	626	288	216	977	188	156	273	162	1072	2670	1128	210	1912	230	864	292	601	210	235	1722	477	1786	1062	239	828	1352	2018	1437	244	307	1277	1277	622	746	1398	311	597	1463	507	1606	162
938	2623	1931	1796	697	970	0	923	1941	2699	1919	1107	1118	1088	1399	814	2835	1110	829	1895	1021	712	1136	1029	1129	895	1015	1412	639	945	3606	1867	1988	946	2429	1923	1703	1120	1156	1804	2463	1101	1021	1348	1011	1322	967	987	709	937	886	1024	903	1021	2336	1026	706	944	1572	1108	933	2509	1100	1143	554	2748	3902	1393	1110	1203	1322	1814	1050	1099	1844	2721	1187	909	638	1415	2840	710	780	1046	1946	2745	1127	1796	859	1193	1482	1031	1041	338	1228	903	1158	1697	1328	602	1767	1810	893	1489	2678	710	1041	1747	1179	1050	1573	1061	705	887	2259	2447	3270	1090	1033	1140	3411	1088	801	964	945	938	1679	560	961	1669	695	1499	3026	1477	209	2658	844	815	1796	1928	1312	2968	834	1590	908	630	1501	1519	2431	897	2372	1799	897	1409	1108	888	1395	2543	710	1371	933	949	689	992	1097	2259	1159	1025	1993	759	887	2037	1026	1998	841	1014	663	2472	1156	1024	713	912	1101	1015	1217	1471	1634	872	1504	841	1068	710	899	1068	1260	1063	1090	916	1103	1160	1095	886	2070	1397	936	941	1028	1430	1572	1864	931	1512	1006	2037	2456	1041	717	1588	954	972	1126	1124	2236	1882	1957	1161	1613	639	1401	1160	1046	2868	3486	2434	186	1148	1163	2318	1493	2462	1108	888	1076	3088	1557	887	859	1000	1068	1774	1057	3922	639	2852	1055	1311	695	1793	1120	825	2842	717	1176	1850	780	943	1919	1745	1906	783	1245	1067	2956	950	3101	1802	1082	909	821	61	1033	1103	1129	1102	1914	3290	1158	802	2135	1091	771	1142	406	832	817	1633	1114	1633	1910	750	1135	2050	2930	1870	1132	886	904	899	350	1526	1878	888	1316	1519	1467	2512	1087
421	1915	1277	1537	625	224	923	0	1292	1912	1242	943	472	205	487	670	2076	750	695	1320	111	570	214	119	576	79	550	1119	323	204	3332	1645	1270	203	1666	1100	892	534	1152	1263	1746	230	111	424	364	400	234	615	397	368	597	338	485	111	2085	430	545	279	1450	464	399	2184	233	325	381	1993	3734	672	225	561	400	1818	610	217	1259	2486	541	560	404	563	2557	452	196	538	1304	2468	205	1537	263	308	777	252	220	585	1572	485	347	1499	807	389	1429	1116	334	910	2312	453	726	1045	324	610	700	304	457	512	1507	1973	2967	806	184	218	3061	207	383	426	273	103	1695	558	255	1099	461	620	2620	778	1119	2597	442	375	1537	1269	998	2211	292	882	615	723	802	1522	2146	490	1635	1261	490	562	700	214	699	1737	453	1513	399	740	569	211	231	1507	349	114	1946	261	512	1424	430	1396	132	106	339	2020	348	338	450	434	672	108	930	768	1390	264	1262	132	826	452	485	316	391	908	793	408	473	350	729	597	1562	502	106	565	116	1559	1450	1338	382	1165	381	1300	1978	1303	450	1377	368	225	204	258	1665	1314	1345	353	1084	885	715	352	316	2089	3211	2286	1106	839	278	1662	959	2509	712	326	832	2815	1278	515	263	442	246	1645	303	3489	323	2211	311	1072	463	970	534	347	2584	1252	293	1616	315	207	1480	1563	1712	292	370	609	2699	191	2407	1607	834	483	367	915	122	237	207	228	1271	2889	1304	343	2126	454	661	219	520	103	109	1498	697	1562	1259	332	1028	1571	2178	1660	463	495	1080	1081	602	964	1623	499	822	1654	655	1772	204
1022	685	16	798	1254	1095	1941	1292	0	833	77	976	863	1098	998	1963	922	853	1142	169	1195	1231	1179	1190	818	1247	927	2338	1376	1123	2185	897	176	1123	555	498	521	836	1132	253	533	1071	1195	1125	986	1095	1090	1886	1251	1041	1059	992	1041	1195	1116	946	1833	1078	990	874	1034	1097	1067	967	1467	836	2663	619	1085	767	1095	1318	891	1088	160	1456	787	1032	1672	798	1462	1237	1281	900	18	1391	1176	798	1155	1022	515	1467	1072	1682	1663	1041	946	886	615	1638	2585	190	1092	2002	1158	1237	923	257	982	891	766	997	1241	1055	400	753	1814	902	1384	1177	1864	1097	1161	1691	1080	1200	1276	1381	1081	292	1251	821	1404	514	2146	1765	1105	1150	798	30	751	1048	1164	411	1038	1998	490	1193	1117	1046	469	259	1046	789	841	1500	595	735	1237	1382	1034	2025	1855	1093	1068	400	944	1195	1316	1547	1055	145	946	140	1259	1196	1328	816	944	992	1234	1042	843	1195	823	524	791	1144	790	1259	939	1237	1046	986	942	2188	894	1046	872	943	863	1059	389	922	1199	1843	1194	1379	990	274	1040	637	982	2077	754	1471	1230	2599	1027	1093	1176	1370	393	185	96	939	370	2154	582	941	995	977	2069	1404	2076	849	1044	2480	461	1840	1958	1610	932	1703	729	1054	1155	1695	1046	1041	999	2228	1376	927	994	829	1251	519	836	1150	1514	2489	1030	867	1208	1122	2562	930	971	1214	965	873	1615	1129	1160	926	927	1036	1146	1969	1189	1062	1176	1074	28	1662	1332	1173	1484	889	1953	1184	1652	1305	1329	2737	833	2816	33	1231	1019	441	1008	922	859	1057	2370	2370	1606	421	834	1054	633	1426	678	598	1099
1761	335	835	1541	2041	1765	2699	1912	833	0	821	1806	1581	1706	1477	2550	201	1662	1944	965	1802	2009	1737	1794	1576	1892	1695	2779	2086	1793	2305	1613	727	1793	280	813	1020	1580	1965	1068	352	1683	1802	1595	1694	1587	1764	2422	1990	1764	1844	1686	1801	1802	1637	1673	2449	1772	1783	1592	1766	1502	1681	1602	2179	158	2849	1306	1687	1496	1587	2057	1671	1694	984	1841	1512	1809	2316	1349	1768	1990	1965	1660	837	1735	1739	1541	1856	1605	1217	2010	1714	2406	2489	1801	1582	1655	1416	2296	2947	905	1810	2375	1450	1990	1730	960	1589	1671	1225	1665	1995	1822	448	1073	1973	1720	1939	1734	1932	1705	1898	2237	1772	1842	2044	2146	1763	1123	2005	1306	1510	1223	2908	2276	1856	1885	1541	832	1584	320	1875	1110	1827	2633	1198	1989	1580	1807	366	1075	1807	1349	1639	2089	1304	186	1990	2196	1766	2577	2474	1752	1682	448	1581	1799	2005	2172	1822	819	1673	862	1924	1805	2048	1139	1583	1686	1987	1787	1635	1804	1653	1228	1581	1844	1607	1924	1760	1990	1805	1656	1521	2720	1711	1783	1596	1580	1669	1844	1009	1429	1842	2392	1797	2187	1783	1057	1768	1463	1696	2237	1062	2303	1983	3026	1747	1763	1740	1892	821	983	873	1578	1202	2796	1299	1579	1673	178	2211	1934	2850	1671	1634	2601	1282	2443	2459	2186	1754	1942	1541	1822	1856	2229	1686	1785	1668	2081	2086	646	1667	1662	2005	941	1580	1877	1841	3163	1618	1590	1927	1794	2863	1683	1673	1927	1542	1652	1907	1793	619	1663	1749	1794	1879	2718	1791	1677	1738	1684	861	1692	2162	1900	2144	1608	2551	1738	2363	1958	1981	3176	1631	3273	855	1955	1853	1075	300	1636	1568	1820	2969	2971	2351	1236	1546	1818	1441	2222	1261	261	1707
991	705	61	859	1238	1050	1919	1242	77	821	0	985	825	1045	930	1912	926	845	1132	236	1142	1212	1120	1137	790	1200	903	2274	1341	1079	2260	961	116	1079	541	421	448	805	1154	305	545	1018	1142	1058	948	1030	1046	1829	1221	1006	1042	951	1016	1142	1192	911	1785	1037	1037	836	1001	1175	1014	916	1432	840	2740	571	1030	731	1030	1375	871	1034	212	1533	750	1012	1627	734	1539	1211	1240	873	95	1468	1118	859	1116	965	467	1409	1023	1651	1692	1016	894	940	602	1595	2518	126	1056	1933	1235	1211	915	197	927	871	694	951	1215	1031	377	828	1890	900	1326	1118	1937	1043	1130	1634	1040	1152	1328	1359	1038	305	1225	751	1477	468	2125	1839	1078	1119	859	47	766	1056	1128	359	1022	1953	443	1237	1194	1021	465	310	1021	726	828	1447	551	708	1211	1419	1001	1970	1807	1047	1015	377	892	1142	1380	1499	1031	219	911	217	1215	1144	1295	891	893	951	1208	1013	827	1143	832	477	841	1105	829	1215	939	1211	1020	940	883	2132	891	1014	836	891	854	1042	467	855	1151	1787	1140	1419	1037	338	1007	670	945	2001	828	1491	1204	2536	991	1048	1118	1309	464	250	172	888	386	2110	539	889	951	974	2145	1479	2058	849	987	2403	460	1909	1899	1556	933	1780	771	1031	1116	1637	996	1099	954	2294	1341	970	949	851	1225	442	805	1117	1591	2451	973	930	1173	1078	2491	987	1036	1179	906	853	1692	1083	1188	986	928	1010	1114	1944	1135	1009	1117	1020	81	1734	1357	1140	1550	852	1903	1125	1618	1259	1284	2674	820	2755	63	1198	1035	517	1017	985	819	1033	2322	2322	1579	415	898	1030	624	1469	615	600	1046
526	1644	972	697	447	741	1107	943	976	1806	985	0	576	883	1080	1477	1896	239	309	874	925	468	1012	927	464	864	413	2030	773	750	2528	781	1088	752	1526	1193	1010	505	236	770	1504	866	925	1140	614	1094	730	1507	613	580	352	652	458	925	1251	552	1319	674	525	577	548	1408	859	789	830	1811	2872	703	890	563	1094	876	364	883	838	1649	568	384	1137	925	1752	562	787	443	974	1658	1001	697	681	909	719	1196	800	962	775	458	781	615	434	1081	2360	919	609	1854	1573	561	227	882	849	364	1056	720	561	432	1362	1348	2181	157	1123	1014	2312	881	576	1343	680	848	751	612	705	683	565	1028	1919	709	1288	1679	507	579	697	974	231	2019	656	784	331	1415	722	578	1338	452	1444	765	452	909	298	1129	669	1690	561	604	548	1590	1328	768	858	1362	779	929	1015	1089	432	1028	552	984	824	920	716	1369	777	652	561	509	326	920	153	713	533	679	400	824	122	562	458	712	896	1760	173	536	561	780	253	352	994	1014	844	1450	930	639	525	814	565	415	593	2193	1358	530	558	2278	586	741	1000	1176	1181	858	956	777	606	1534	659	778	693	1953	2407	1397	1196	167	901	2577	528	1569	1623	1229	118	2007	450	429	681	1366	797	731	717	2815	773	1810	706	204	563	1094	505	604	1763	1777	900	759	653	747	2423	671	833	674	904	375	1878	765	2088	725	119	459	585	1151	929	857	1003	870	948	2184	439	615	1190	572	1448	1022	971	875	891	2381	306	2427	951	651	90	964	1978	789	601	449	1802	1800	845	576	782	444	399	729	875	1574	883
182	1526	850	1078	504	250	1118	472	863	1581	825	576	0	335	506	1127	1722	341	466	865	407	458	461	406	120	409	182	1588	515	275	2860	1189	880	276	1313	813	595	74	811	799	1361	312	407	564	123	519	242	1088	408	183	336	137	241	407	1618	91	986	217	1027	10	185	1712	306	218	607	1636	3267	275	336	96	519	1411	214	332	805	2018	76	286	816	379	2085	412	420	142	872	1997	452	1078	292	337	367	702	266	829	1321	241	207	1053	335	778	1887	707	232	1340	1839	413	353	640	276	214	533	174	418	273	1145	1507	2494	419	619	462	2589	333	316	899	221	369	1299	574	227	637	428	484	2151	363	1327	2152	283	303	1078	844	557	1856	302	477	333	1141	388	1134	1676	250	1262	797	250	366	282	686	279	1425	413	1180	185	1208	1005	260	305	1145	205	410	1520	705	273	983	91	950	406	404	471	1552	202	137	410	212	252	404	510	356	939	280	819	406	455	412	246	163	320	1378	403	203	18	206	324	336	1097	445	367	1037	409	1215	1027	873	187	703	119	1626	1513	1056	406	1848	167	249	451	648	1214	857	902	202	615	1293	288	203	157	1752	2739	1830	1274	429	334	2017	488	2091	1183	798	458	2343	824	274	292	912	251	1209	174	3024	515	1791	164	647	429	687	74	295	2114	1626	330	1159	349	273	1919	1118	1260	353	328	201	2228	285	2013	1158	457	235	297	1136	406	303	453	316	838	2419	1002	319	1703	27	1111	470	793	456	481	1970	275	2035	830	376	666	1102	1819	1206	26	264	1521	1520	769	497	1161	264	352	1303	377	1402	335
367	1712	1083	1412	660	163	1088	205	1098	1706	1045	883	335	0	314	868	1870	662	690	1138	98	603	129	92	454	196	470	1269	453	172	3177	1524	1068	170	1460	894	686	408	1109	1089	1543	27	98	297	268	258	173	790	457	316	569	230	448	98	1947	331	749	229	1359	329	348	2031	32	136	533	1787	3595	482	21	406	258	1739	522	12	1077	2346	388	522	609	357	2406	500	309	443	1111	2320	118	1412	278	107	586	380	85	756	1579	448	156	1389	662	592	1557	918	310	1005	2150	501	656	847	119	522	500	165	506	482	1302	1797	2809	732	295	130	2895	2	401	595	224	149	1624	643	195	924	514	421	2449	588	1291	2487	433	388	1412	1074	892	2005	314	686	580	929	611	1455	2001	456	1430	1087	456	357	605	402	514	1532	501	1479	348	926	773	131	32	1302	159	97	1853	467	482	1234	331	1208	246	100	445	1847	159	230	498	393	575	99	838	577	1274	270	1154	246	761	500	450	175	186	1090	717	366	343	159	643	569	1386	310	152	745	95	1519	1359	1164	333	1038	289	1311	1802	1309	496	1531	305	162	117	313	1478	1133	1156	163	918	1090	531	162	191	1883	3057	2164	1266	752	77	1694	799	2423	872	511	765	2664	1160	485	278	603	86	1544	167	3309	453	2011	178	978	515	765	408	360	2438	1457	91	1494	363	175	1584	1453	1595	347	166	515	2551	159	2203	1494	766	444	379	1088	90	36	120	24	1078	2716	1284	370	2036	326	861	138	697	263	284	1659	600	1731	1066	392	972	1400	1972	1541	318	465	1282	1283	748	796	1495	469	683	1611	450	1567	1
623	1532	982	1487	947	460	1399	487	998	1477	930	1080	506	314	0	1075	1655	841	949	1082	381	892	279	372	616	504	684	1350	767	478	3161	1603	921	476	1255	670	500	574	1315	1061	1364	306	381	128	510	110	468	947	762	582	820	475	704	381	1984	553	985	515	1493	507	608	2032	309	315	846	1575	3611	470	292	523	110	1883	721	303	1023	2369	515	769	877	211	2408	799	623	646	1014	2327	284	1487	582	217	546	534	378	1065	1824	704	314	1492	747	872	1587	808	594	1003	2127	800	859	742	256	721	257	406	806	740	1111	1742	2789	923	466	275	2854	314	695	760	511	461	1780	950	485	905	814	183	2397	554	1600	2571	710	680	1487	970	1025	1788	617	611	824	1175	568	1622	2020	713	1243	1062	713	225	782	624	514	1295	800	1684	609	1100	1012	431	311	1111	315	376	1972	726	740	1143	553	1127	559	387	758	1800	319	475	796	654	754	386	997	542	1372	572	1269	559	960	799	707	408	187	1247	906	630	522	314	827	820	1343	82	464	915	374	1717	1493	1135	597	1125	529	1161	1744	1557	794	1610	566	459	286	415	1392	1083	1075	316	928	1338	533	316	434	1655	3042	2230	1579	925	243	1563	833	2545	994	713	962	2661	1258	742	582	753	358	1657	411	3225	767	1859	419	1125	815	554	574	655	2449	1719	233	1571	669	480	1569	1555	1679	655	187	707	2558	467	2017	1587	961	698	671	1397	368	307	283	304	984	2659	1508	669	2157	514	1079	277	1003	568	585	1752	774	1838	968	699	1170	1372	1759	1623	480	725	1494	1496	1062	811	1563	727	779	1803	329	1373	315
1023	2577	1948	2141	1049	878	814	670	1963	2550	1912	1477	1127	868	1075	0	2723	1341	1174	1987	769	1014	814	776	1215	720	1155	614	703	852	3965	2240	1936	851	2317	1738	1543	1178	1636	1926	2408	894	769	964	1007	966	885	209	864	981	1132	990	1055	769	2699	1065	158	912	2002	1117	1003	2819	898	995	651	2642	4340	1343	884	1220	966	2334	1213	879	1927	3101	1200	1115	339	1210	3185	914	724	1157	1975	3094	813	2141	855	957	1448	542	891	611	1910	1055	1017	2081	1453	396	970	1786	932	699	2957	915	1296	1715	987	1213	1324	970	915	1068	2163	2634	3604	1374	610	817	3709	869	918	326	908	765	2202	897	900	1763	911	1244	3276	1449	916	3156	991	920	2141	1940	1595	2857	863	1552	1156	201	1473	2027	2770	1057	2293	1924	1057	1213	1303	467	1369	2369	915	1954	1003	137	154	874	897	2163	1019	770	2487	421	1068	2095	1065	2066	722	768	761	2679	1018	990	915	1021	1279	769	1512	1438	1983	863	1849	722	1379	914	1054	982	1042	288	1364	1002	1123	1020	1320	1132	2224	1120	767	194	772	2008	2002	2000	989	1782	1019	1278	2640	1669	918	828	988	880	812	664	2334	1981	2015	1023	1742	318	1385	1022	977	2728	3843	2871	974	1420	931	1519	1615	3023	306	364	1387	3444	1878	1071	855	346	917	2208	968	4152	703	2879	975	1647	913	1613	1178	903	3207	699	946	2214	844	853	1108	2142	2300	826	1019	1219	3322	843	3068	2192	1390	1057	918	765	777	903	814	892	1941	3545	1729	885	2656	1105	42	812	561	670	646	912	1303	950	1930	837	1546	2229	2826	2251	1123	1054	419	421	731	1624	2228	1059	1462	2104	1314	2429	867
1898	282	927	1559	2163	1918	2835	2076	922	201	926	1896	1722	1870	1655	2723	0	1771	2058	1030	1967	2134	1909	1960	1705	2052	1822	2970	2233	1947	2151	1618	847	1947	411	985	1183	1714	2037	1135	391	1846	1967	1776	1838	1765	1916	2602	2128	1905	1966	1833	1932	1967	1583	1812	2617	1920	1817	1732	1905	1425	1843	1760	2326	86	2700	1449	1851	1633	1765	2061	1794	1858	1059	1748	1650	1934	2479	1516	1659	2124	2117	1789	922	1636	1910	1559	2004	1772	1355	2187	1872	2551	2544	1932	1740	1679	1528	2456	3144	1025	1953	2570	1351	2124	1841	1087	1752	1794	1400	1817	2129	1950	577	1006	1830	1823	2113	1906	1775	1869	2036	2415	1921	2001	2061	2277	1914	1214	2139	1480	1370	1359	3042	2203	1990	2024	1559	927	1668	134	2021	1245	1947	2799	1334	2023	1515	1938	463	1141	1938	1514	1754	2259	1442	384	2124	2241	1905	2755	2642	1907	1845	577	1738	1965	1991	2337	1950	877	1812	921	2080	1970	2192	1067	1740	1833	2121	1923	1753	1969	1744	1365	1618	1992	1660	2080	1861	2124	1936	1808	1687	2901	1815	1920	1735	1737	1780	1966	1022	1603	2002	2570	1963	2226	1817	1111	1908	1529	1839	2439	994	2374	2117	3219	1889	1916	1911	2070	819	1047	942	1735	1289	2961	1435	1736	1824	102	2062	1874	2979	1771	1800	2802	1382	2394	2643	2359	1854	1816	1592	1950	2004	2408	1844	1796	1821	1893	2233	490	1819	1737	2139	1110	1714	2018	1735	3323	1784	1598	2070	1947	3062	1701	1672	2073	1709	1775	1792	1948	419	1674	1849	1926	2019	2856	1957	1839	1909	1847	950	1534	2226	2042	2117	1749	2723	1911	2511	2116	2140	3368	1746	3464	948	2098	1934	1084	103	1640	1711	1950	3143	3144	2490	1339	1552	1947	1550	2253	1421	325	1871
330	1537	845	800	412	533	1110	750	853	1662	845	239	341	662	841	1341	1771	0	290	787	715	402	791	716	225	674	199	1862	647	548	2625	902	935	550	1382	990	794	268	475	694	1385	642	715	906	397	860	523	1344	489	382	232	433	285	715	1357	332	1187	472	701	343	353	1484	636	558	722	1685	3001	474	667	323	860	1077	141	661	739	1760	328	230	1005	686	1845	451	622	218	855	1754	781	800	499	677	505	999	582	899	1007	285	548	751	245	954	2179	757	422	1653	1632	451	71	708	617	141	820	496	453	274	1213	1352	2267	84	921	792	2382	660	423	1168	478	650	961	560	499	566	461	789	1965	495	1308	1846	350	421	800	845	254	1900	483	585	207	1309	512	794	1430	284	1310	689	284	670	59	951	444	1530	451	842	353	1443	1201	557	634	1213	546	719	1197	932	274	934	332	893	644	711	590	1385	544	433	449	324	88	711	180	497	645	494	514	644	126	451	287	487	660	1615	67	347	328	547	21	232	963	775	646	1289	719	875	701	754	368	443	378	1966	1361	753	446	2116	382	533	780	966	1125	774	855	544	504	1444	436	544	471	1819	2504	1540	1231	90	672	2354	392	1764	1453	1057	126	2103	537	272	499	1187	575	894	494	2856	647	1744	483	322	459	882	268	439	1865	1727	670	875	497	545	2228	814	966	515	669	146	1981	563	2003	860	123	284	423	1145	718	633	782	646	824	2233	676	456	1379	341	1317	801	889	697	717	2228	67	2282	824	505	328	948	1860	915	365	287	1699	1697	799	432	887	282	221	962	640	1445	662
328	1827	1134	1002	140	529	829	695	1142	1944	1132	309	466	690	949	1174	2058	290	0	1076	704	160	812	709	401	616	288	1742	476	528	2836	1090	1217	530	1665	1238	1029	420	469	981	1674	680	704	978	439	934	518	1219	322	375	130	476	246	704	1559	398	1016	460	831	461	345	1710	674	635	524	1972	3181	696	703	506	934	1162	285	694	1029	1957	500	181	835	846	2059	266	516	331	1145	1965	800	1002	436	746	754	944	604	655	890	246	635	924	529	778	2079	1039	382	1597	1870	265	219	985	695	285	999	547	263	210	1496	1619	2486	260	880	814	2614	688	312	1065	466	614	1032	304	494	857	265	950	2212	746	1023	1981	259	320	1002	1133	486	2188	404	848	133	1107	767	856	1643	237	1596	976	237	832	304	857	678	1806	265	820	345	1292	1024	560	672	1496	634	710	1312	801	210	1224	398	1182	565	698	421	1646	630	476	266	298	309	698	391	745	839	438	704	565	241	266	243	543	762	1460	261	325	447	635	279	130	1241	900	609	1160	711	868	831	1038	358	687	420	1987	1628	619	264	1985	388	530	798	947	1411	1063	1145	633	794	1225	676	633	519	2104	2715	1705	942	318	730	2356	682	1854	1338	950	249	2314	748	208	436	1091	612	1037	543	3107	476	2032	533	501	263	1120	420	349	2071	1476	734	1067	383	525	2156	981	1142	405	762	305	2186	544	2293	1034	254	251	328	868	711	674	802	683	1114	2478	608	351	1482	449	1144	821	662	611	624	2084	313	2125	1113	372	371	1221	2148	1098	491	226	1493	1491	541	721	1088	223	509	964	836	1732	689
1005	771	179	629	1199	1109	1895	1320	169	965	236	874	865	1138	1082	1987	1030	787	1076	0	1232	1183	1232	1227	798	1267	895	2398	1364	1137	2079	727	345	1137	694	653	640	825	1007	105	638	1110	1232	1205	988	1171	1103	1928	1226	1032	1009	1000	1011	1232	963	939	1850	1083	830	875	1020	965	1105	1002	1452	947	2541	656	1127	769	1171	1150	851	1129	61	1318	790	990	1682	874	1337	1205	1284	874	155	1261	1227	629	1153	1074	556	1515	1099	1657	1523	1011	981	720	571	1642	2662	306	1084	2082	1046	1205	858	354	1027	851	869	1017	1209	1019	553	663	1708	823	1430	1230	1773	1136	1140	1733	1086	1222	1111	1338	1090	231	1218	914	1319	552	2096	1606	1078	1131	629	192	643	1149	1157	472	986	2006	531	1035	973	1015	599	111	1015	862	787	1532	623	885	1205	1233	1020	2060	1870	1113	1106	553	979	1232	1146	1567	1019	154	939	109	1271	1232	1312	719	979	1000	1203	1021	795	1231	725	564	629	1143	642	1271	856	1205	1015	1005	999	2226	818	1029	871	978	801	1009	261	1002	1220	1881	1231	1227	830	105	1029	500	980	2196	667	1345	1199	2661	1021	1108	1227	1428	350	17	93	975	283	2157	607	976	1010	1095	1961	1246	2019	767	1092	2600	403	1672	2009	1644	848	1585	577	1018	1153	1741	1075	873	1019	2171	1364	957	1012	707	1217	655	825	1135	1384	2477	1079	697	1195	1135	2651	762	801	1205	1022	836	1489	1144	1219	756	843	1006	1129	1927	1226	1101	1227	1113	155	1583	1199	1158	1314	889	1974	1238	1634	1319	1344	2794	781	2868	173	1216	906	298	1108	752	866	1024	2386	2385	1571	376	664	1021	580	1268	753	715	1139
399	1810	1181	1484	656	184	1021	111	1195	1802	1142	925	407	98	381	769	1967	715	704	1232	0	599	123	8	520	128	517	1183	399	177	3262	1595	1167	175	1558	989	783	476	1144	1180	1641	124	0	332	318	302	195	696	436	345	593	284	474	0	2025	384	651	252	1416	400	377	2115	128	229	470	1884	3674	578	115	487	302	1792	574	109	1171	2425	468	550	515	452	2489	486	258	497	1208	2402	112	1484	271	197	682	295	141	684	1592	474	250	1455	740	501	1480	1016	324	938	2237	487	701	945	218	574	589	232	492	506	1400	1889	2895	779	211	127	2984	99	399	502	245	98	1673	614	220	1015	498	509	2540	684	1220	2554	445	388	1484	1172	955	2102	306	784	608	832	707	1502	2082	481	1528	1178	481	452	661	304	608	1627	487	1511	377	830	675	158	127	1400	252	5	1913	370	506	1330	384	1304	188	7	402	1938	252	284	484	420	631	6	895	673	1342	267	1218	188	805	486	475	244	280	995	765	392	411	253	695	593	1478	392	102	649	7	1554	1416	1255	361	1110	337	1282	1894	1322	483	1444	339	184	110	251	1573	1227	1252	257	1006	994	624	256	252	1979	3142	2236	1202	805	168	1656	884	2480	782	414	810	2747	1228	508	271	511	159	1606	233	3403	399	2110	243	1036	500	860	476	358	2520	1363	183	1565	345	180	1515	1519	1664	325	259	570	2633	162	2301	1561	811	471	379	1016	12	133	114	122	1175	2808	1309	363	2094	394	763	131	622	188	205	1570	657	1639	1163	369	1013	1490	2069	1611	393	488	1184	1184	690	885	1568	492	759	1647	548	1665	97
283	1915	1222	1157	56	440	712	570	1231	2009	1212	468	458	603	892	1014	2134	402	160	1183	599	0	715	604	434	495	314	1587	319	432	2992	1247	1288	434	1734	1267	1051	436	625	1093	1757	600	599	900	390	859	431	1064	176	313	174	421	217	599	1715	372	856	378	991	450	291	1861	595	578	363	2048	3341	721	620	525	859	1320	341	610	1132	2115	512	200	675	822	2214	119	379	351	1236	2120	703	1157	328	678	796	811	522	503	1001	217	584	1082	617	618	1926	1109	298	1457	2018	118	336	1049	635	341	982	486	115	189	1564	1753	2640	398	754	718	2765	602	202	916	383	502	1189	157	410	956	113	923	2357	790	914	2142	185	215	1157	1219	629	2266	293	900	197	947	813	1014	1798	209	1671	1089	209	810	396	714	713	1862	118	965	291	1133	864	472	592	1564	583	604	1472	648	189	1325	372	1286	438	592	267	1784	580	421	120	250	389	592	536	786	995	335	859	438	388	119	212	486	710	1300	394	269	440	585	386	174	1365	854	498	1005	606	1015	991	1155	299	830	375	1871	1762	733	120	1828	330	442	702	828	1526	1171	1245	584	901	1068	715	583	460	2174	2871	1866	845	454	657	2232	781	2012	1185	801	397	2469	900	189	328	943	536	1198	481	3251	319	2140	473	656	111	1143	436	243	2227	1329	663	1224	256	429	2009	1140	1301	278	706	359	2342	446	2390	1193	401	223	224	744	607	595	705	602	1204	2624	746	236	1642	435	984	724	505	477	487	1924	402	1965	1200	238	532	1350	2228	1256	480	195	1334	1331	397	814	1244	196	604	1111	835	1810	603
494	1767	1163	1534	772	282	1136	214	1179	1737	1120	1012	461	129	279	814	1909	791	812	1232	123	715	0	115	581	250	599	1166	522	284	3286	1647	1133	282	1503	924	730	535	1238	1190	1597	149	123	211	398	186	293	710	557	441	694	360	573	123	2065	461	712	351	1487	456	473	2143	156	250	590	1828	3711	576	125	526	186	1869	652	130	1171	2462	510	648	598	398	2518	605	381	573	1193	2433	11	1534	386	157	676	288	213	799	1702	573	267	1515	781	593	1443	994	430	882	2256	606	786	923	208	652	513	294	612	607	1350	1895	2917	862	207	3	2998	131	513	515	345	221	1753	737	317	1026	618	432	2549	680	1333	2613	553	501	1534	1153	1019	2043	422	769	706	901	701	1585	2116	581	1481	1189	581	402	734	351	612	1559	606	1607	474	855	739	251	157	1350	270	117	1981	447	607	1319	461	1295	312	130	526	1947	271	360	603	518	704	130	967	668	1399	380	1280	312	891	605	575	304	237	1013	846	491	470	270	772	694	1485	309	225	670	115	1648	1487	1266	458	1161	418	1182	1899	1431	602	1429	432	282	13	197	1565	1229	1243	274	1027	1064	630	273	320	1916	3166	2287	1319	881	141	1564	911	2552	779	449	895	2775	1284	609	386	516	216	1671	297	3401	522	2078	308	1107	619	799	535	472	2552	1442	153	1617	464	287	1462	1579	1719	445	214	645	2664	269	2257	1619	895	569	492	1130	112	159	9	145	1161	2815	1410	479	2164	454	813	9	734	307	320	1561	729	1638	1147	490	1102	1503	2012	1665	442	589	1233	1234	811	904	1617	593	805	1740	508	1615	129
402	1803	1175	1483	661	186	1029	119	1190	1794	1137	927	406	92	372	776	1960	716	709	1227	8	604	115	0	520	136	519	1186	407	181	3259	1594	1160	179	1550	981	776	475	1147	1176	1634	118	8	324	318	293	197	700	443	348	597	284	477	8	2023	384	658	254	1417	398	380	2113	123	224	479	1877	3672	573	108	485	293	1793	575	103	1166	2423	466	553	523	445	2487	492	266	498	1203	2400	104	1483	276	189	677	297	139	693	1597	477	245	1455	738	509	1481	1010	328	938	2234	493	703	939	211	575	581	231	498	509	1392	1885	2892	781	213	119	2981	93	404	506	248	105	1675	621	222	1011	504	500	2536	679	1229	2554	449	393	1483	1166	955	2094	311	778	611	839	702	1504	2080	484	1521	1174	484	445	661	309	603	1619	493	1515	380	835	682	159	122	1392	248	5	1913	377	509	1325	384	1299	196	15	410	1935	247	284	490	423	632	14	895	668	1342	272	1218	196	807	492	478	242	273	1000	766	395	410	248	696	597	1474	383	109	654	3	1557	1417	1251	364	1109	338	1278	1890	1327	489	1447	341	186	103	249	1568	1222	1247	252	1003	1001	620	251	251	1971	3139	2235	1210	806	160	1653	881	2481	785	419	812	2745	1228	512	276	515	157	1606	231	3398	407	2103	241	1037	506	852	475	363	2517	1371	175	1564	351	184	1516	1519	1664	331	251	570	2631	165	2295	1561	813	474	384	1025	3	127	106	116	1170	2804	1313	368	2095	393	769	124	631	197	213	1573	657	1643	1157	376	1015	1487	2062	1610	391	491	1190	1191	699	881	1567	495	758	1650	541	1658	91
206	1495	807	963	470	351	1129	576	818	1576	790	464	120	454	616	1215	1705	225	401	798	520	434	581	520	0	507	120	1695	565	373	2758	1074	858	374	1302	840	628	46	700	723	1334	431	520	682	212	636	342	1189	432	237	280	239	226	520	1508	150	1069	304	906	124	221	1610	425	338	653	1619	3158	295	455	108	636	1291	119	451	741	1910	107	237	893	468	1981	420	494	84	825	1892	571	963	361	456	362	814	380	864	1221	226	326	935	238	850	2000	680	288	1457	1743	420	248	618	395	119	611	290	425	245	1132	1424	2394	306	732	581	2494	451	343	1003	309	472	1179	571	322	567	435	573	2061	356	1336	2034	287	333	963	802	438	1838	361	465	269	1214	379	1015	1570	232	1243	720	232	453	166	788	281	1428	420	1068	221	1303	1086	368	424	1132	324	524	1400	794	245	927	150	891	494	517	514	1466	322	239	418	224	138	517	390	352	822	352	700	494	345	420	230	279	434	1474	290	230	110	325	210	280	1017	550	469	1136	523	1101	906	794	231	590	197	1746	1430	960	413	1954	227	350	570	765	1149	789	845	322	533	1361	281	322	269	1742	2637	1715	1274	311	454	2137	404	1971	1289	899	347	2240	708	245	361	1018	368	1090	289	2941	565	1742	278	527	434	720	46	336	2008	1679	450	1044	397	371	2035	1000	1144	407	444	100	2122	385	1977	1041	345	220	330	1154	521	422	572	435	792	2330	896	360	1583	127	1196	590	837	546	570	2073	158	2135	786	417	554	1016	1800	1090	142	244	1599	1598	789	422	1048	242	248	1188	439	1382	454
344	1883	1233	1464	550	159	895	79	1247	1892	1200	864	409	196	504	720	2052	674	616	1267	128	495	250	136	507	0	475	1191	271	134	3266	1571	1235	133	1641	1084	871	467	1073	1206	1714	215	128	460	295	430	167	681	324	292	518	272	406	128	2014	359	585	205	1372	400	321	2118	215	291	343	1968	3664	629	218	501	430	1739	534	208	1207	2416	481	481	429	549	2489	377	132	464	1258	2400	240	1464	184	303	733	331	179	560	1496	406	312	1424	742	403	1505	1076	255	989	2248	378	648	1005	305	534	696	250	383	433	1479	1916	2901	728	263	254	2998	197	304	496	200	50	1616	493	185	1043	387	618	2560	733	1096	2521	363	296	1464	1225	924	2187	213	840	536	754	758	1443	2077	411	1605	1204	411	547	625	280	652	1721	378	1434	321	799	607	154	213	1479	314	133	1869	300	433	1376	359	1347	62	121	278	1961	312	272	376	356	597	122	854	723	1316	185	1187	62	748	377	406	262	380	969	715	330	408	315	653	518	1505	506	50	629	135	1479	1372	1281	305	1094	310	1376	1921	1227	375	1448	292	160	238	333	1614	1261	1296	317	1024	913	666	316	257	2069	3145	2212	1075	762	273	1740	898	2431	783	391	754	2747	1204	436	184	514	208	1568	249	3433	271	2170	255	996	389	953	467	267	2515	1271	288	1543	238	136	1559	1488	1638	216	362	534	2630	124	2374	1533	756	405	288	893	140	219	242	214	1225	2829	1225	265	2048	389	707	258	501	67	89	1566	622	1628	1214	258	949	1511	2153	1586	403	415	1122	1122	562	905	1550	420	755	1574	631	1744	195
133	1608	916	993	350	334	1015	550	927	1695	903	413	182	470	684	1155	1822	199	288	895	517	314	599	519	120	475	0	1664	478	348	2809	1098	975	350	1420	959	746	132	642	813	1448	453	517	732	202	686	323	1149	331	183	162	239	115	517	1547	139	1004	272	900	179	155	1664	446	380	561	1736	3194	413	477	219	686	1274	59	470	840	1950	211	117	824	561	2030	310	431	42	933	1939	588	993	303	499	482	799	387	761	1140	115	374	949	324	776	1980	796	225	1454	1805	311	186	736	441	59	712	307	315	128	1250	1503	2448	262	722	601	2557	468	249	970	278	450	1156	455	300	664	324	666	2130	476	1221	2046	183	242	993	913	449	1954	292	585	154	1137	499	986	1616	119	1359	810	119	547	150	752	401	1547	311	1013	155	1252	1019	359	445	1250	373	521	1397	740	128	1030	139	992	447	513	423	1541	370	239	308	134	125	512	380	472	842	298	712	447	291	310	119	299	496	1424	247	152	164	374	179	162	1101	626	446	1093	522	1051	900	881	170	627	181	1780	1510	874	304	1919	182	334	587	769	1244	884	948	371	620	1279	402	371	280	1860	2688	1738	1157	288	489	2164	494	1963	1255	860	295	2289	731	128	303	989	384	1094	304	3016	478	1846	293	521	324	838	132	254	2053	1584	489	1070	315	345	2029	1012	1164	330	501	64	2168	363	2087	1058	295	111	242	1041	520	444	590	456	900	2400	826	274	1578	170	1133	609	740	500	521	2033	149	2089	895	330	503	1095	1916	1112	208	130	1525	1524	679	519	1079	127	321	1141	547	1498	470
1531	2874	2322	2655	1628	1343	1412	1119	2338	2779	2274	2030	1588	1269	1350	614	2970	1862	1742	2398	1183	1587	1166	1186	1695	1191	1664	0	1267	1323	4446	2762	2271	1322	2586	2005	1851	1652	2211	2356	2708	1296	1183	1222	1484	1246	1353	523	1421	1481	1678	1456	1582	1183	3204	1549	760	1396	2552	1580	1509	3299	1302	1405	1234	2895	4854	1742	1277	1671	1246	2903	1724	1276	2337	3605	1652	1651	923	1540	3673	1476	1244	1655	2352	3585	1171	2655	1362	1324	1842	889	1324	1224	2519	1582	1425	2613	1923	982	356	2149	1439	433	3419	1477	1828	2080	1373	1724	1604	1414	1478	1603	2453	3061	4078	1909	974	1168	4164	1271	1454	694	1391	1222	2774	1488	1374	2191	1476	1533	3715	1846	1482	3705	1526	1453	2655	2311	2114	3098	1380	1932	1700	782	1867	2598	3264	1586	2585	2355	1586	1548	1815	911	1778	2592	1477	2545	1509	477	764	1328	1301	2453	1427	1181	3045	942	1603	2480	1549	2459	1217	1185	1321	3114	1428	1456	1476	1538	1788	1186	2040	1834	2506	1367	2376	1217	1922	1476	1581	1426	1399	350	1897	1514	1590	1428	1840	1678	2652	1421	1226	581	1182	2598	2552	2432	1493	2284	1500	942	3065	2273	1478	262	1483	1344	1172	970	2728	2395	2407	1431	2188	806	1796	1430	1431	2954	4325	3402	1557	1947	1307	1041	2067	3596	408	804	1929	3931	2395	1605	1362	676	1343	2752	1414	4565	1267	3209	1423	2181	1478	1899	1652	1430	3702	1055	1319	2734	1378	1325	518	2676	2828	1357	1377	1725	3816	1310	3352	2722	1932	1582	1448	1359	1186	1306	1171	1292	2321	3982	2322	1417	3220	1571	655	1160	1171	1164	1144	401	1813	494	2306	1379	2107	2669	3073	2776	1576	1586	644	651	1342	2066	2741	1591	1940	2695	1659	2709	1268
