NAME : VRPTW_INSTANCE_48.txt
COMMENT : Bangkok Supermarket
TYPE : VRPTW
DIMENSION : 286
DAYS : Friday
EDGE_WEIGHT_TYPE : EXPLICIT
VEHICLES : 36
EDGE_WEIGHT_FORMAT : FULL_MATRIX
CAPACITY : 1000
EDGE_WEIGHT_SECTION
0	236	97	240	547	1672	809	2036	525	244	797	1485	708	830	820	101	97	398	221	1886	413	1019	1041	723	223	1092	935	382	172	1432	367	347	1116	391	400	618	2298	309	358	244	887	931	317	1028	154	891	155	1315	536	118	541	133	1205	255	481	582	2125	198	97	344	503	686	176	97	646	119	500	887	411	1134	373	948	511	202	368	135	63	538	371	1994	607	218	485	206	183	1185	851	1076	363	611	2062	582	423	927	155	153	373	37	309	595	2231	1671	193	388	942	364	1746	121	85	124	1460	189	428	254	308	1221	1207	841	201	915	830	528	358	529	601	1221	702	1090	506	815	1241	366	366	705	2520	1121	1232	958	309	202	309	1058	546	399	258	2080	1766	85	190	195	1573	927	385	609	1627	365	1124	1534	192	590	681	521	581	2007	742	1621	202	577	404	418	2861	1146	135	309	405	891	608	373	1352	1436	231	560	549	1011	437	495	1066	2063	1028	1089	344	404	119	992	155	165	1005	113	133	115	103	1010	2071	390	488	474	369	428	484	330	495	1013	1221	193	351	410	78	348	306	608	993	587	1031	213	78	216	307	307	1218	221	264	1031	395	110	645	1811	359	393	1837	428	423	405	83	2548	984	1244	404	885	2480	2834	1623	258	111	1028	116	469	508	392	1691	624	539	668	1221	1768	1670	350	815	165	400	775	269	223	629	60	176	24	288	950	668	210	46	876	857	684	1231	534
236	0	154	370	729	1753	1029	2108	733	353	848	1426	793	829	824	173	154	493	448	1916	511	1247	1247	955	357	1096	1172	223	409	1605	507	499	1123	483	374	827	2499	539	213	378	1122	1153	164	1086	224	1123	369	1444	659	190	363	290	1428	469	698	697	2306	312	154	495	737	916	412	154	867	144	275	1124	475	1037	515	1155	309	224	512	291	263	758	461	2225	838	407	603	338	297	1198	907	1285	504	387	2179	697	617	804	296	290	515	269	434	828	2462	1904	358	482	1175	505	1981	136	190	330	1259	421	494	361	439	1449	1149	647	335	1140	829	600	213	748	704	1449	818	1305	741	961	1216	371	506	929	2586	1333	1203	965	539	224	510	1063	599	466	417	2113	1834	190	384	151	1741	1145	467	809	1860	505	1132	1759	428	618	650	697	517	1930	707	1600	224	510	475	589	2988	1044	342	539	573	1123	841	515	1411	1670	340	790	331	1222	630	612	1279	2142	1086	1303	495	498	140	1092	391	402	1227	148	315	146	190	1011	2277	455	720	346	357	492	602	453	612	1234	1449	358	503	468	160	502	156	373	1202	819	1244	23	209	347	506	157	1428	448	499	1180	367	321	590	1626	434	577	1969	572	583	503	296	2695	986	1209	475	883	2648	2991	1851	417	191	921	146	704	744	483	1918	857	772	797	1449	1777	1906	506	961	402	563	754	506	12	744	244	412	240	390	1186	797	26	206	1099	811	628	1431	756
97	154	0	236	583	1658	907	2101	622	227	850	1418	772	864	857	26	0	381	319	1936	398	1116	1138	801	221	1130	1026	285	262	1525	374	361	1155	372	332	674	2395	406	262	243	970	1029	219	1086	186	987	251	1396	612	137	444	141	1303	352	579	655	2219	181	0	358	598	783	264	0	744	22	405	978	462	1054	381	1045	413	220	378	143	108	603	431	2090	684	256	482	201	164	1227	823	1174	370	541	2141	655	467	912	152	148	381	122	380	690	2327	1766	274	370	1037	371	1839	24	111	217	1362	286	397	237	381	1318	1139	743	197	1012	864	503	262	594	670	1318	777	1188	600	899	1269	307	373	775	2583	1219	1258	911	406	220	357	1096	597	451	340	2132	1829	111	231	103	1664	1025	442	705	1721	372	1164	1632	283	547	702	553	506	1935	762	1566	220	501	458	446	2943	1141	229	406	431	987	703	381	1328	1530	214	657	483	1109	480	491	1164	2131	1086	1186	358	386	21	1064	245	257	1103	16	217	18	126	1046	2168	441	584	383	304	480	481	401	491	1111	1318	274	365	459	28	364	208	518	1091	683	1129	132	121	211	354	210	1315	319	360	1116	326	166	574	1715	413	429	1920	509	444	389	142	2635	1021	1268	458	920	2572	2924	1719	340	133	945	19	564	601	372	1788	719	633	673	1318	1810	1763	367	899	257	422	716	360	141	627	90	264	92	270	1041	673	131	94	973	791	613	1327	601
240	370	236	0	362	1432	892	2254	654	31	1030	1284	932	1070	1060	210	236	158	359	2119	173	1071	1147	658	16	1331	932	372	254	1581	138	129	1354	153	248	481	2395	411	344	9	836	1005	331	1257	393	926	343	1506	750	350	511	107	1267	413	596	798	2256	57	236	125	554	743	251	236	737	234	549	883	648	967	146	1057	518	438	142	105	177	434	605	2016	544	102	248	35	73	1423	612	1177	135	751	2255	798	263	1148	87	90	146	216	535	641	2250	1688	414	149	970	136	1742	243	317	331	1405	318	197	33	532	1266	1010	799	39	980	1070	290	344	423	821	1266	913	1177	550	1003	1482	195	137	607	2739	1215	1473	732	411	438	181	1297	783	636	473	2311	1987	317	108	228	1725	1010	619	747	1638	136	1363	1585	277	366	920	330	423	1813	982	1399	438	422	640	222	3042	1375	338	411	205	926	653	146	1112	1445	35	629	698	1111	275	257	1158	2278	1257	1177	125	164	239	1205	250	264	1077	233	357	233	336	1249	2162	627	549	401	214	664	247	556	257	1087	1266	414	133	648	252	133	324	681	1096	640	1125	352	316	25	176	325	1311	359	353	1211	246	154	471	1725	596	218	2021	636	214	164	169	2714	1223	1484	640	1125	2626	2990	1659	473	344	874	234	519	541	154	1731	665	586	437	1266	2005	1662	137	1003	264	194	568	320	359	393	181	251	216	55	948	437	353	280	947	662	507	1343	437
547	729	583	362	0	1205	822	2379	698	386	1238	1314	1117	1320	1306	559	583	309	520	2300	298	932	1087	409	373	1563	728	720	438	1567	240	235	1583	319	534	164	2272	505	693	354	578	906	688	1440	696	778	563	1578	922	665	838	441	1128	572	635	970	2189	419	583	239	512	658	431	583	705	587	904	684	894	1098	230	1009	863	746	230	440	490	201	841	1793	329	330	225	391	433	1643	524	1104	241	1113	2311	970	127	1474	433	438	230	512	762	564	2019	1467	652	315	806	240	1495	596	633	576	1671	495	361	380	753	1102	1069	1099	393	871	1320	341	693	191	1002	1102	1065	1082	500	1098	1734	484	240	318	2861	1127	1729	718	505	746	241	1530	1016	882	689	2484	2124	633	358	591	1712	926	857	787	1411	240	1591	1413	443	457	1200	35	648	1841	1261	1351	746	651	882	140	3063	1686	576	505	157	778	571	230	940	1224	396	588	1060	1042	114	225	1072	2392	1440	1085	239	309	591	1343	450	453	969	585	613	585	651	1488	2034	877	524	714	510	907	226	777	225	979	1102	652	231	898	591	231	682	1039	1034	573	1047	709	625	383	242	683	1217	520	464	1275	536	437	659	1949	846	154	2063	811	153	299	464	2708	1462	1744	882	1372	2579	2958	1465	689	659	1038	586	490	478	321	1539	575	527	219	1102	2211	1411	226	1098	453	169	657	412	717	242	504	431	528	360	745	221	710	594	851	767	681	1277	214
1672	1753	1658	1432	1205	0	1955	3576	1896	1433	2434	971	2318	2497	2485	1632	1658	1278	1715	3505	1261	1979	2200	1457	1449	2751	1726	1607	1619	2691	1306	1331	2773	1286	1390	1271	3207	1709	1594	1428	1533	2002	1624	2643	1825	1842	1741	2763	2124	1782	1612	1539	2143	1769	1835	2172	3223	1480	1658	1333	1698	1802	1613	1658	1875	1649	1770	1703	2069	1203	1302	2140	1685	1870	1308	1537	1608	1368	2020	2537	1453	1469	1187	1467	1497	2837	848	2203	1310	2057	3474	2172	1322	2557	1519	1522	1302	1644	1944	1727	2712	2266	1826	1288	1844	1310	2213	1658	1750	1743	1953	1683	1262	1423	1938	2083	995	1684	1472	1961	2497	1156	1594	1363	2203	2083	2270	2161	1685	2298	2911	1383	1307	1356	4056	2209	2903	858	1709	1870	1416	2718	2199	2057	1873	3689	3326	1750	1496	1604	2831	2034	2036	1980	2204	1308	2781	2333	1631	1140	2353	1212	1314	1253	2414	726	1870	1323	2059	1285	4183	2795	1747	1709	1292	1842	1731	1302	364	2066	1447	1767	2029	2151	1311	1177	2162	3586	2643	2166	1333	1272	1654	2548	1627	1634	2046	1650	1776	1650	1768	2672	2974	2050	1715	1509	1400	2084	1187	1962	1177	2056	2083	1826	1327	2071	1679	1331	1626	1892	2151	1741	2146	1743	1749	1457	1415	1626	2282	1715	1665	2461	1396	1572	1251	2004	2018	1324	3218	2011	1269	1270	1594	3803	2646	2915	2059	2551	3627	4015	2330	1873	1776	1270	1650	1682	1660	1285	2398	1729	1705	1016	2083	3411	2132	1331	2298	1634	1292	1075	1613	1746	1044	1614	1613	1648	1389	1739	1016	1747	1713	1958	1092	1227	2368	1382
809	1029	907	892	822	1955	0	1655	304	921	820	2122	687	989	969	906	907	992	587	1669	995	234	265	499	883	1126	337	1188	662	747	901	869	1134	995	1139	701	1503	503	1163	886	479	124	1125	908	822	191	661	828	571	843	1348	852	399	560	331	587	1376	905	907	870	340	164	662	907	162	928	1304	321	739	1850	896	188	1320	850	889	853	818	622	699	1209	510	790	985	884	901	1163	1344	288	897	1339	1519	587	759	1368	871	874	896	788	661	263	1446	899	681	989	238	897	1002	931	839	699	2267	622	1052	926	650	430	1863	1648	880	121	989	1098	1163	631	622	430	582	285	346	474	1325	1088	900	598	2122	322	1332	1529	503	850	742	1102	758	736	636	1829	1429	839	786	999	892	118	708	261	864	899	1138	731	637	1210	995	834	1315	2653	1036	2173	850	1314	727	832	2247	1478	687	503	839	191	253	896	1741	686	917	263	1273	223	762	991	265	1654	908	285	870	996	928	736	675	660	197	922	715	924	841	1084	1271	741	343	1265	1104	737	985	653	991	205	430	681	870	752	886	864	1114	1397	212	258	234	1008	820	887	747	1115	418	587	555	546	1137	783	1360	2608	732	790	1263	555	861	989	792	1886	1064	1357	727	1019	1761	2137	829	636	841	1764	925	374	361	997	893	247	312	1041	430	1636	940	859	474	660	849	1425	576	1018	1060	835	662	816	940	337	1043	1003	826	76	1530	1394	459	608
2036	2108	2101	2254	2379	3576	1655	0	1681	2269	1259	3519	1328	1312	1309	2120	2101	2407	1906	399	2419	1724	1462	2146	2238	1071	1960	2331	2012	1051	2341	2310	1044	2404	2432	2306	1589	1888	2320	2254	2130	1649	2271	1021	1917	1814	1911	827	1504	1965	2457	2158	1653	1850	1743	1456	1203	2228	2101	2309	1878	1790	2017	2101	1706	2120	2312	1961	1640	3144	2342	1490	2385	1894	2335	2160	2090	2208	1669	2078	2128	2179	2458	2226	2214	967	2849	1479	2337	2120	445	1456	2273	1644	2182	2182	2342	2047	1726	1854	2217	1985	1845	2399	1835	2338	2143	2116	1990	1925	3226	1945	2451	2278	1728	1742	3240	2693	2221	1689	1312	2539	2320	2212	1435	1742	1340	1544	1891	1281	1070	2402	2340	2237	485	1501	1095	2986	1888	1894	2198	1099	1509	1651	1782	348	273	1990	2158	2198	975	1609	1658	1595	2007	2339	1035	1732	1994	2620	1502	2377	2606	4034	1463	3653	1894	2601	1643	2325	1070	1478	1917	1888	2324	1814	1851	2342	3316	1962	2257	1810	2082	1508	2282	2467	1527	74	1021	1536	2309	2413	2116	1049	2011	1999	1636	2116	1904	2117	1975	1151	1553	1661	1861	2454	2403	1623	2458	1705	2467	1627	1742	1845	2313	1645	2073	2308	2262	2308	1498	1838	1525	2100	1980	2234	2200	2263	1478	1906	1940	1119	2427	2100	2675	3624	1688	2282	581	1617	2348	2410	2087	1001	1170	1112	1643	1264	1199	1320	1843	1782	1968	3029	2117	1894	1916	2405	1838	1855	1871	2586	1742	594	2144	2306	1281	1999	2328	2812	1989	2105	2579	2094	2017	2059	2308	1953	2588	2094	2012	1676	2891	2714	1366	2194
525	733	622	654	698	1896	304	1681	0	679	628	1929	491	769	751	625	622	781	309	1622	788	535	516	530	642	958	549	907	402	927	699	666	972	781	889	632	1773	242	883	650	608	428	842	783	520	444	370	883	321	545	1067	592	702	269	63	355	1607	653	622	666	206	247	405	622	154	643	1009	512	450	1620	697	423	1032	547	690	593	546	530	404	1513	472	557	804	638	646	1018	1189	552	695	1035	1624	355	599	1099	613	616	697	510	359	226	1750	1201	379	776	499	695	1299	645	543	407	1984	348	837	686	348	734	1659	1365	633	422	769	903	883	534	393	734	406	571	221	401	1151	842	698	594	2163	599	1153	1352	242	547	542	929	496	444	332	1800	1429	543	546	720	1071	415	415	94	1165	696	978	1033	378	1005	734	698	1071	2460	783	2015	547	1069	436	658	2397	1237	395	242	660	444	232	697	1638	982	672	164	969	488	606	812	546	1694	783	569	666	786	643	657	411	396	500	638	418	640	543	899	1546	449	185	995	855	450	804	352	812	506	734	379	668	462	599	662	830	1097	469	207	510	713	525	643	545	832	695	309	301	579	886	521	1125	2336	435	615	1382	268	684	781	524	2062	876	1174	436	809	1972	2335	1133	332	543	1525	640	215	246	783	1197	247	213	910	734	1553	1233	659	401	396	667	1216	339	723	909	560	405	536	707	558	911	708	535	379	1314	1161	706	516
244	353	227	31	386	1433	921	2269	679	0	1039	1264	945	1074	1065	201	227	155	381	2129	171	1101	1175	689	37	1337	963	342	278	1606	154	150	1360	148	218	509	2425	437	315	39	867	1035	304	1268	394	957	359	1526	765	349	480	112	1297	434	623	812	2283	47	227	147	583	773	274	227	765	223	521	915	655	941	162	1085	489	437	160	110	183	464	614	2047	575	132	254	43	64	1430	606	1205	151	730	2275	812	291	1139	89	91	162	225	546	671	2281	1720	426	145	1001	152	1774	231	317	343	1374	339	184	9	544	1297	989	767	48	1010	1074	283	315	453	835	1297	929	1206	580	1023	1484	166	153	637	2754	1244	1475	718	437	437	212	1303	790	643	486	2322	2001	317	135	206	1750	1039	628	772	1669	153	1369	1616	301	351	921	352	395	1791	982	1384	437	393	648	246	3064	1369	352	437	228	957	683	162	1108	1477	13	658	679	1139	303	264	1187	2294	1268	1206	147	161	227	1221	272	286	1107	222	367	222	335	1254	2192	634	578	369	184	672	253	567	264	1116	1297	426	154	655	246	155	297	655	1124	669	1154	336	318	36	207	298	1340	381	378	1232	216	170	445	1695	604	245	2042	652	234	163	181	2738	1228	1486	648	1129	2652	3015	1691	486	344	847	223	549	571	148	1762	696	615	447	1297	2012	1693	160	1023	286	217	548	347	342	399	184	274	220	43	980	447	338	281	977	640	482	1371	468
797	848	850	1030	1238	2434	820	1259	628	1039	0	2266	138	184	164	872	850	1188	719	1089	1202	1032	853	1156	1013	332	1143	1071	815	960	1138	1110	349	1183	1182	1219	1921	737	1061	1032	1232	909	1012	238	664	1008	696	675	322	713	1200	927	1122	666	671	278	1644	995	850	1108	825	854	821	850	747	868	1062	1114	388	1885	1141	792	1130	637	1134	929	856	1114	425	1908	1087	972	1259	998	980	405	1641	898	1134	909	1361	278	1115	634	950	949	1141	814	495	854	2133	1642	616	1179	1058	1134	1771	863	740	701	2016	750	1224	1049	500	1190	1987	1449	993	929	184	1321	1061	1114	241	1190	238	957	839	383	522	1156	1137	1212	1738	953	525	1755	737	637	1017	301	253	399	562	1283	986	740	947	944	1063	874	412	593	1622	1136	356	1413	803	1388	302	1225	1351	2777	300	2416	637	1345	393	1148	2176	676	694	737	1142	1008	860	1141	2134	1469	1027	793	860	863	1127	1268	924	1295	238	950	1108	1194	864	298	808	800	957	864	672	866	724	271	1735	409	800	1194	1154	370	1258	476	1268	957	1190	616	1114	391	823	1109	1002	1075	839	836	894	841	732	1008	1018	1004	1019	719	773	520	1176	878	1421	2406	438	1109	1178	427	1165	1193	860	1918	248	546	393	200	1926	2233	1535	562	717	1769	866	822	863	1184	1582	873	838	1417	1190	978	1722	1108	383	800	1143	1567	825	846	1394	857	821	821	1082	1147	1418	835	767	889	1641	1461	956	1103
1485	1426	1418	1284	1314	971	2122	3519	1929	1264	2266	0	2190	2255	2251	1398	1418	1147	1644	3342	1140	2247	2387	1714	1298	2523	2035	1209	1538	2850	1231	1264	2549	1148	1086	1465	3586	1689	1214	1286	1866	2216	1262	2503	1602	2093	1621	2790	2022	1554	1118	1370	2442	1697	1868	2068	3498	1301	1418	1264	1788	1959	1534	1418	1985	1399	1290	1994	1879	428	1234	2304	1201	1628	1241	1368	1434	1515	1849	3058	1644	1374	1137	1307	1312	2624	799	2409	1235	1568	3539	2068	1363	2138	1345	1344	1234	1478	1794	1859	3271	2743	1678	1153	2120	1235	2742	1403	1529	1601	1046	1603	1093	1256	1793	2414	278	1015	1312	2182	2255	1028	1214	1504	2086	2414	2187	2393	1780	2287	2632	1119	1232	1613	4001	2437	2616	596	1689	1628	1391	2489	2013	1869	1742	3540	3248	1529	1389	1322	2995	2232	1861	2024	2683	1234	2558	2720	1560	924	2073	1295	914	531	2127	297	1628	920	1876	1290	4325	2390	1611	1689	1283	2093	1869	1234	711	2506	1274	1868	1570	2345	1360	1130	2381	3548	2503	2395	1264	1142	1402	2478	1535	1548	2281	1403	1618	1401	1543	2437	3347	1858	1792	1083	1116	1897	1137	1815	1130	2292	2414	1678	1263	1875	1446	1268	1270	1362	2335	1864	2353	1430	1539	1300	1387	1269	2529	1644	1631	2495	1092	1434	844	1036	1831	1332	3305	1912	1261	1147	1442	3990	2412	2619	1876	2309	3883	4255	2760	1742	1550	549	1401	1758	1762	1146	2834	1876	1813	1106	2414	3202	2656	1272	2287	1548	1274	715	1590	1426	1072	1428	1534	1463	1229	2052	1104	1435	1506	2160	628	805	2582	1528
708	793	772	932	1117	2318	687	1328	491	945	138	2190	0	303	282	791	772	1089	604	1191	1102	904	740	1020	916	468	1006	1015	704	905	1032	1003	483	1085	1104	1090	1861	612	1002	933	1094	781	952	326	590	874	592	666	195	638	1154	833	1004	549	535	147	1603	902	772	1002	690	716	710	772	609	792	1029	977	318	1822	1035	673	1090	572	1028	835	764	985	341	1802	952	867	1152	903	888	533	1539	785	1028	913	1388	147	996	724	857	857	1035	721	399	717	2030	1527	519	1080	924	1028	1652	788	661	601	2003	638	1129	954	401	1069	1912	1418	897	799	303	1222	1002	986	114	1069	108	840	704	277	660	1073	1031	1077	1812	841	662	1663	612	572	903	438	202	327	459	1381	1058	661	843	871	1021	747	330	455	1505	1030	489	1306	690	1296	359	1106	1278	2708	379	2328	572	1273	318	1035	2200	796	594	612	1030	874	722	1035	2026	1346	933	655	858	745	1008	1162	808	1358	326	834	1001	1095	789	299	700	690	832	788	578	789	648	409	1665	338	665	1135	1074	301	1152	378	1162	832	1069	519	1006	325	744	1001	942	1060	721	698	776	783	651	911	905	944	913	604	653	455	1098	778	1347	2388	362	994	1186	307	1053	1093	763	1922	386	684	318	331	1907	2229	1425	459	641	1709	789	688	728	1086	1475	735	702	1303	1069	1094	1600	1001	277	690	1031	1484	705	789	1284	767	710	731	986	1011	1304	777	684	758	1563	1386	860	973
830	829	864	1070	1320	2497	989	1312	769	1074	184	2255	303	0	20	888	864	1228	800	1089	1244	1207	1036	1287	1053	268	1303	1046	884	1132	1191	1165	294	1222	1188	1322	2094	836	1040	1073	1378	1084	993	330	682	1174	759	824	449	729	1158	963	1304	752	804	415	1805	1027	864	1163	954	1007	890	864	901	879	1004	1271	428	1859	1195	973	1082	644	1189	965	893	1218	479	2093	1207	1028	1311	1036	1011	369	1681	1081	1186	810	1467	415	1193	457	985	983	1195	854	558	995	2317	1825	672	1218	1225	1187	1953	872	760	754	1921	824	1256	1084	566	1370	1978	1381	1031	1102	0	1358	1040	1217	377	1370	411	1139	968	566	415	1170	1189	1332	1778	1136	409	1775	836	644	1088	234	304	440	631	1286	1040	760	1001	946	1228	1051	463	749	1804	1188	303	1598	876	1411	190	1303	1345	2754	155	2425	644	1338	438	1217	2278	494	751	836	1208	1174	1002	1195	2182	1648	1061	933	770	1044	1206	1321	1107	1356	330	1132	1163	1234	875	459	874	868	1134	876	721	877	742	182	1912	447	928	1172	1164	414	1310	542	1321	1135	1370	672	1169	425	839	1165	985	995	1021	976	1075	826	757	1046	1088	986	1203	800	863	700	1182	925	1418	2317	478	1181	1304	532	1230	1235	903	2043	157	424	438	55	2071	2364	1719	631	734	1739	877	946	990	1222	1766	1016	972	1483	1370	948	1902	1166	566	868	1206	1575	913	829	1452	890	890	854	1118	1308	1483	821	793	1060	1639	1456	1140	1208
820	824	857	1060	1306	2485	969	1309	751	1065	164	2251	282	20	0	880	857	1218	786	1091	1234	1187	1016	1269	1043	274	1283	1043	871	1115	1180	1154	299	1212	1182	1306	2076	820	1037	1063	1359	1064	989	320	673	1154	747	810	430	720	1157	953	1283	738	785	396	1789	1018	857	1152	936	988	877	857	882	872	1005	1252	416	1856	1184	953	1082	636	1177	955	883	1203	466	2072	1190	1016	1300	1026	1002	373	1671	1061	1175	816	1458	396	1180	475	976	974	1184	844	545	977	2297	1804	660	1209	1205	1176	1932	865	751	742	1927	811	1247	1074	552	1350	1974	1384	1021	1081	20	1349	1037	1201	358	1350	390	1118	950	546	428	1163	1178	1316	1777	1116	423	1768	820	636	1075	239	290	428	617	1289	1036	751	989	940	1212	1030	450	729	1784	1177	308	1578	863	1403	193	1290	1340	2752	164	2419	636	1333	426	1204	2270	515	739	820	1196	1154	983	1184	2172	1628	1051	914	774	1024	1193	1310	1086	1352	320	1112	1152	1224	867	442	862	855	1114	869	709	870	733	189	1894	435	911	1169	1157	401	1299	529	1310	1114	1350	660	1158	414	831	1154	981	999	1000	958	1055	822	748	1036	1075	982	1183	786	848	681	1175	914	1412	2322	467	1168	1293	515	1217	1225	893	2033	164	439	426	65	2057	2352	1699	617	725	1737	870	929	972	1213	1746	998	954	1471	1350	954	1882	1154	546	855	1194	1569	898	825	1441	880	877	844	1108	1289	1471	816	784	1040	1634	1451	1120	1192
101	173	26	210	559	1632	906	2120	625	201	872	1398	791	888	880	0	26	354	319	1959	371	1113	1141	786	195	1154	1017	282	254	1533	348	335	1179	346	312	653	2398	404	258	217	956	1028	218	1106	208	981	256	1410	627	160	442	118	1301	356	580	672	2226	155	26	332	593	779	256	26	744	29	413	969	484	1039	356	1048	416	244	352	119	95	585	451	2084	669	234	456	176	138	1250	797	1176	345	561	2156	672	444	938	127	122	356	118	397	685	2321	1760	287	344	1031	346	1830	37	131	224	1361	284	372	210	397	1314	1120	742	172	1010	888	477	258	575	688	1314	793	1188	594	912	1294	284	347	757	2603	1220	1283	888	404	244	336	1120	619	472	353	2154	1849	131	210	94	1673	1024	462	710	1714	347	1188	1629	277	523	727	529	488	1917	788	1544	244	484	479	421	2957	1167	236	404	406	981	698	356	1302	1523	187	654	504	1111	458	465	1165	2149	1106	1187	332	360	32	1081	238	251	1102	25	229	26	147	1070	2171	462	579	373	283	501	455	418	465	1110	1314	287	340	481	49	338	207	530	1093	678	1130	152	140	185	332	209	1317	319	355	1129	306	150	555	1710	434	406	1934	523	419	363	128	2647	1044	1293	479	944	2581	2934	1715	353	155	931	27	558	594	346	1784	713	628	647	1314	1833	1754	342	912	251	397	695	351	161	600	77	256	89	244	1032	647	152	108	972	771	594	1331	583
97	154	0	236	583	1658	907	2101	622	227	850	1418	772	864	857	26	0	381	319	1936	398	1116	1138	801	221	1130	1026	285	262	1525	374	361	1155	372	332	674	2395	406	262	243	970	1029	219	1086	186	987	251	1396	612	137	444	141	1303	352	579	655	2219	181	0	358	598	783	264	0	744	22	405	978	462	1054	381	1045	413	220	378	143	108	603	431	2090	684	256	482	201	164	1227	823	1174	370	541	2141	655	467	912	152	148	381	122	380	690	2327	1766	274	370	1037	371	1839	24	111	217	1362	286	397	237	381	1318	1139	743	197	1012	864	503	262	594	670	1318	777	1188	600	899	1269	307	373	775	2583	1219	1258	911	406	220	357	1096	597	451	340	2132	1829	111	231	103	1664	1025	442	705	1721	372	1164	1632	283	547	702	553	506	1935	762	1566	220	501	458	446	2943	1141	229	406	431	987	703	381	1328	1530	214	657	483	1109	480	491	1164	2131	1086	1186	358	386	21	1064	245	257	1103	16	217	18	126	1046	2168	441	584	383	304	480	481	401	491	1111	1318	274	365	459	28	364	208	518	1091	683	1129	132	121	211	354	210	1315	319	360	1116	326	166	574	1715	413	429	1920	509	444	389	142	2635	1021	1268	458	920	2572	2924	1719	340	133	945	19	564	601	372	1788	719	633	673	1318	1810	1763	367	899	257	422	716	360	141	627	90	264	92	270	1041	673	131	94	973	791	613	1327	601
398	493	381	158	309	1278	992	2407	781	155	1188	1147	1089	1228	1218	354	381	0	503	2277	17	1150	1254	682	175	1490	982	426	397	1704	93	123	1513	10	224	462	2488	541	402	156	860	1097	408	1414	549	999	497	1649	904	505	531	265	1348	559	721	952	2366	202	381	122	652	834	392	381	845	374	614	935	806	858	100	1167	562	592	106	262	335	450	763	2065	577	229	113	192	219	1582	453	1280	96	854	2397	952	265	1290	243	245	100	375	693	731	2296	1737	572	10	1038	96	1778	382	472	488	1371	463	61	145	689	1337	879	789	197	1068	1228	132	402	438	977	1337	1066	1273	645	1147	1639	177	94	609	2892	1314	1630	580	541	592	249	1455	941	794	629	2469	2141	472	249	341	1849	1107	778	876	1684	95	1522	1656	417	223	1076	274	350	1678	1138	1248	592	352	799	192	3178	1522	495	541	177	999	743	100	954	1493	169	731	808	1214	271	121	1257	2430	1414	1274	122	6	378	1358	396	408	1167	374	515	374	491	1408	2252	786	652	406	204	823	112	713	121	1177	1337	572	123	807	401	129	404	751	1202	734	1226	479	473	182	244	404	1408	503	484	1350	227	310	378	1666	755	219	2159	790	166	11	328	2843	1382	1641	799	1283	2744	3112	1721	629	499	778	374	619	631	12	1794	752	680	306	1337	2163	1696	134	1147	408	163	436	442	484	251	338	392	374	111	999	306	482	436	1039	538	408	1450	458
221	448	319	359	520	1715	587	1906	309	381	719	1644	604	800	786	319	319	503	0	1795	514	799	822	562	345	1042	731	602	106	1230	435	403	1063	501	584	529	2079	91	578	357	709	709	538	930	270	675	84	1147	411	274	762	285	983	56	260	460	1915	349	319	403	292	468	111	319	424	340	719	684	379	1319	436	729	733	314	429	286	237	430	324	1776	455	274	552	338	341	1124	942	856	430	796	1895	460	396	1005	307	310	436	202	244	381	2014	1455	156	496	727	431	1535	343	261	122	1681	41	552	388	235	1001	1370	1062	333	694	800	633	578	426	489	1001	567	868	297	644	1214	539	433	572	2391	900	1209	1084	91	314	299	1009	496	367	172	1983	1643	261	255	413	1373	705	340	398	1412	432	1070	1313	87	723	692	506	767	2172	752	1751	314	764	366	430	2683	1194	113	91	425	675	394	436	1422	1222	372	341	731	791	408	561	845	1927	930	867	403	509	340	857	109	95	783	335	152	337	267	967	1851	363	273	687	549	391	552	258	561	791	1001	156	407	385	299	401	527	821	773	371	810	426	242	344	300	528	997	0	71	851	580	215	823	2028	334	390	1662	297	449	506	216	2358	941	1225	366	851	2278	2637	1403	172	270	1220	337	260	304	502	1471	410	326	699	1001	1696	1461	400	644	95	427	928	114	436	680	251	111	230	414	745	700	422	242	654	1021	860	1014	421
1886	1916	1936	2119	2300	3505	1669	399	1622	2129	1089	3342	1191	1089	1091	1959	1936	2277	1795	0	2290	1788	1528	2130	2102	823	1998	2135	1895	1213	2223	2194	796	2272	2267	2253	1913	1795	2128	2120	2148	1692	2080	864	1750	1848	1782	891	1383	1799	2246	2016	1760	1739	1680	1334	1531	2084	1936	2193	1828	1779	1901	1936	1682	1953	2088	1989	1476	2947	2226	1532	2168	1719	2219	2018	1946	2150	1515	2307	2091	2058	2344	2088	2069	719	2729	1555	2219	1864	815	1334	2183	1343	2040	2039	2226	1904	1583	1823	2472	2165	1705	2268	1880	2219	2322	1948	1827	1789	2950	1829	2314	2138	1587	1849	3065	2454	2082	1729	1089	2409	2128	2152	1305	1849	1234	1624	1842	1229	762	2243	2222	2209	738	1589	784	2845	1795	1719	2094	856	1340	1488	1648	198	322	1827	2033	2026	1180	1651	1501	1549	2177	2221	787	1905	1881	2477	1275	2292	2430	3843	1226	3503	1719	2424	1482	2225	1460	1146	1782	1795	2220	1848	1823	2226	3217	2099	2116	1771	1835	1567	2194	2353	1601	473	864	1616	2193	2283	1949	964	1891	1881	1697	1950	1761	1951	1811	909	1843	1497	1807	2261	2240	1459	2343	1563	2353	1690	1849	1705	2198	1478	1909	2193	2072	2064	1553	1806	1590	1912	1821	2097	2096	2073	1590	1795	1840	1125	2261	1966	2502	3349	1527	2184	873	1497	2244	2282	1949	1397	933	794	1482	1035	1579	1718	2025	1648	1803	2828	1951	1837	1867	2273	2034	1831	1829	2493	1849	204	2310	2192	1229	1881	2222	2653	1892	1916	2475	1946	1901	1910	2171	1994	2494	1907	1856	1707	2722	2541	1480	2136
413	511	398	173	298	1261	995	2419	788	171	1202	1140	1102	1244	1234	371	398	17	514	2290	0	1150	1258	676	190	1505	979	442	407	1710	94	126	1528	27	237	454	2489	550	418	170	854	1099	425	1427	565	999	510	1658	916	521	544	280	1348	570	727	965	2370	219	398	125	655	837	402	398	850	391	630	932	821	857	99	1171	577	609	106	278	350	445	777	2061	573	239	96	207	236	1596	439	1283	97	871	2406	965	261	1307	258	261	99	390	707	734	2291	1733	585	28	1037	97	1773	399	488	501	1378	474	65	162	703	1336	873	800	212	1070	1244	120	418	433	990	1336	1078	1275	648	1157	1655	191	95	601	2904	1316	1646	570	550	609	253	1471	956	809	642	2482	2153	488	260	359	1855	1110	792	883	1680	96	1537	1654	427	217	1092	263	356	1671	1154	1237	609	358	813	186	3186	1539	508	550	172	999	745	99	938	1489	185	734	826	1218	266	104	1259	2441	1427	1276	125	13	396	1369	407	419	1169	391	529	391	507	1423	2253	801	657	419	218	838	95	727	104	1179	1336	585	125	822	418	131	421	767	1205	736	1229	497	489	197	248	421	1411	514	492	1359	240	324	380	1670	770	216	2168	802	159	8	342	2850	1397	1657	813	1298	2748	3118	1718	642	515	779	392	623	634	28	1791	754	683	289	1336	2178	1690	135	1157	419	158	431	449	501	233	354	402	389	128	996	288	499	452	1041	535	409	1453	453
1019	1247	1116	1071	932	1979	234	1724	535	1101	1032	2247	904	1207	1187	1113	1116	1150	799	1788	1150	0	263	545	1065	1322	254	1392	861	726	1056	1026	1327	1154	1319	786	1342	710	1366	1064	446	122	1331	1090	1047	153	877	909	802	1064	1550	1046	198	779	554	815	1267	1091	1116	1028	523	333	860	1116	384	1136	1519	275	974	2006	1050	263	1529	1078	1044	1046	1021	732	934	980	603	969	1124	1068	1091	1347	1453	246	1054	1569	1529	815	897	1599	1062	1066	1050	995	894	432	1218	666	906	1149	134	1053	768	1140	1057	916	2467	830	1212	1105	883	202	1999	1850	1065	113	1207	1242	1366	743	848	202	796	188	524	663	1520	1266	1055	652	2172	235	1529	1650	710	1078	905	1300	989	970	865	1934	1523	1057	970	1203	859	158	943	495	630	1054	1329	516	837	1358	1224	952	1489	2773	1263	2271	1078	1489	961	973	2204	1700	905	710	983	153	419	1050	1803	452	1100	458	1503	221	896	1129	199	1714	1090	194	1028	1154	1137	904	876	862	91	1131	936	1133	1060	1288	1104	976	534	1459	1285	971	1124	886	1129	98	202	906	1026	987	1098	1021	1320	1618	235	436	200	1225	1038	1069	910	1321	303	799	757	672	1318	979	1526	2796	966	936	1270	789	1003	1145	992	1825	1269	1555	961	1232	1665	2050	604	865	1061	1929	1133	558	530	1156	672	406	489	1145	202	1779	706	1016	663	862	995	1571	768	1235	1175	1038	860	1024	1115	243	1146	1220	1041	157	1679	1558	393	720
1041	1247	1138	1147	1087	2200	265	1462	516	1175	853	2387	740	1036	1016	1141	1138	1254	822	1528	1258	263	0	743	1138	1112	501	1423	907	492	1164	1131	1113	1256	1392	961	1257	745	1399	1142	683	197	1358	869	1029	363	887	646	689	1057	1583	1099	271	786	561	687	1112	1155	1138	1133	602	429	909	1138	410	1160	1523	509	889	2110	1160	92	1548	1049	1153	1100	1058	886	861	1064	770	1046	1251	1137	1151	1124	1610	45	1160	1523	1282	687	1024	1461	1119	1122	1160	1024	842	528	1294	788	889	1251	376	1160	920	1162	1058	923	2500	860	1314	1181	833	349	2127	1882	1133	239	1036	1362	1399	895	713	349	633	107	609	470	1307	1342	1163	847	1914	100	1319	1795	745	1049	1005	1094	869	889	835	1671	1259	1058	1040	1235	633	166	866	438	770	1161	1115	567	883	1474	1088	1100	1571	2918	1117	2438	1049	1569	878	1097	1989	1530	911	745	1104	363	519	1160	1999	628	1171	523	1458	48	1027	1257	77	1453	869	100	1132	1259	1159	676	919	904	173	1154	933	1156	1057	1089	1030	896	601	1509	1357	882	1250	829	1257	165	349	889	1132	902	1115	1127	1347	1605	52	523	63	1227	1040	1140	1009	1348	185	822	801	424	1389	1029	1618	2850	895	1055	1024	715	1126	1252	1035	1623	1074	1346	878	1052	1495	1871	685	835	1056	2022	1157	634	625	1258	737	513	575	1306	349	1525	876	1122	470	904	1114	1689	828	1237	1325	1074	909	1051	1197	493	1308	1222	1051	242	1793	1653	195	872
723	955	801	658	409	1457	499	2146	530	689	1156	1714	1020	1287	1269	786	801	682	562	2130	676	545	743	0	659	1488	320	1027	553	1235	591	569	1502	689	889	249	1872	486	999	650	178	548	977	1310	825	396	643	1321	840	817	1169	682	734	584	485	880	1813	699	801	572	333	355	548	801	448	815	1192	280	908	1507	583	682	1173	873	579	682	692	231	853	1387	117	572	625	670	706	1548	916	750	590	1334	2017	880	417	1559	688	693	583	687	780	309	1615	1060	717	684	412	589	1096	822	795	675	2050	567	742	689	769	699	1476	1455	670	508	1287	744	999	243	917	699	936	715	319	901	1679	835	591	106	2617	763	1680	1119	486	873	477	1458	994	899	716	2300	1911	795	587	855	1377	577	869	586	1005	590	1508	1006	539	862	1221	436	1033	2236	1276	1726	873	1034	894	489	2732	1730	669	486	504	396	307	583	1260	816	693	367	1272	695	411	627	712	2149	1310	719	572	684	818	1169	571	563	598	810	711	812	807	1427	1634	898	358	1057	859	915	625	786	627	609	699	717	567	918	795	563	968	1316	694	327	693	932	779	667	482	970	844	562	492	1028	889	635	1055	2346	873	464	1761	758	517	674	659	2361	1403	1700	894	1331	2210	2594	1056	716	812	1444	813	342	297	691	1130	299	317	608	699	2074	1013	557	901	563	518	1066	463	942	646	711	548	715	685	337	610	930	762	501	1176	1080	920	225
223	357	221	16	373	1449	883	2238	642	37	1013	1298	916	1053	1043	195	221	175	345	2102	190	1065	1138	659	0	1314	929	368	241	1569	153	141	1338	169	255	487	2387	400	341	21	837	997	325	1240	376	921	327	1492	734	334	510	90	1260	399	585	782	2245	46	221	138	546	736	238	221	728	220	543	880	631	978	160	1047	515	421	156	88	160	437	588	2012	544	95	264	19	60	1406	629	1168	149	740	2240	782	270	1133	71	74	160	199	519	634	2247	1685	397	166	965	150	1740	229	301	314	1409	304	213	43	515	1260	1024	800	23	973	1053	307	341	425	805	1260	898	1168	543	989	1465	204	152	610	2723	1206	1456	748	400	421	182	1280	766	619	457	2295	1971	301	97	218	1713	1002	602	735	1635	151	1346	1579	264	382	903	340	432	1826	965	1414	421	431	623	232	3029	1359	322	400	216	921	646	160	1128	1442	35	620	687	1102	282	273	1149	2262	1240	1169	138	181	225	1190	236	250	1070	219	340	219	319	1232	2154	611	541	403	221	647	263	539	273	1079	1260	397	146	631	236	145	317	675	1087	632	1116	339	299	10	177	319	1302	345	341	1197	253	138	482	1731	579	225	2007	621	225	181	153	2702	1206	1467	623	1108	2614	2978	1655	457	328	884	220	511	534	170	1726	659	578	453	1260	1988	1660	148	989	250	205	583	310	346	409	164	238	199	70	945	453	340	263	939	675	519	1333	439
1092	1096	1130	1331	1563	2751	1126	1071	958	1337	332	2523	468	268	274	1154	1130	1490	1042	823	1505	1322	1112	1488	1314	0	1457	1313	1133	1087	1448	1421	27	1484	1456	1550	2030	1066	1308	1334	1558	1202	1260	250	947	1317	1010	732	654	994	1422	1225	1383	991	1003	610	1710	1290	1130	1420	1157	1177	1139	1130	1069	1146	1264	1432	684	2124	1452	1067	1344	910	1445	1227	1154	1446	731	2130	1419	1283	1569	1298	1274	105	1943	1154	1443	1051	1275	610	1438	593	1247	1246	1452	1114	807	1184	2344	1890	925	1480	1364	1444	2029	1139	1024	1009	2154	1070	1520	1346	814	1460	2246	1635	1292	1227	268	1621	1308	1445	574	1460	557	1219	1171	658	199	1437	1447	1545	1526	1206	207	2042	1066	910	1337	34	552	696	878	1022	804	1024	1257	1214	1157	1164	715	916	1878	1446	37	1646	1123	1677	451	1549	1613	3020	402	2693	910	1606	692	1467	2076	503	1005	1066	1460	1317	1189	1452	2442	1739	1323	1123	1018	1131	1451	1578	1188	1121	250	1212	1419	1496	1141	444	1125	1117	1239	1143	977	1144	1007	86	1871	704	1133	1439	1431	668	1568	789	1578	1238	1460	925	1425	683	1105	1421	1253	1245	1109	1165	1161	1094	1021	1307	1337	1254	1256	1042	1100	713	1449	1183	1686	2553	735	1429	1147	756	1482	1496	1163	1873	110	234	692	213	1934	2199	1771	878	999	2004	1144	1155	1195	1484	1809	1201	1170	1735	1460	680	1988	1421	658	1117	1459	1843	1151	1097	1708	1152	1139	1116	1380	1460	1736	1089	1057	1189	1907	1724	1174	1434
935	1172	1026	932	728	1726	337	1960	549	963	1143	2035	1006	1303	1283	1017	1026	982	731	1998	979	254	501	320	929	1457	0	1283	764	980	889	863	1466	988	1175	570	1553	641	1256	924	192	311	1227	1244	999	150	816	1136	863	1006	1435	930	423	729	539	890	1509	963	1026	865	440	302	762	1026	403	1044	1431	48	996	1823	882	471	1427	1039	877	930	922	537	947	1084	407	835	938	936	966	1498	1236	493	887	1527	1780	890	718	1648	942	947	882	905	890	355	1318	757	867	983	125	887	814	1050	991	854	2337	752	1044	965	878	380	1797	1729	934	271	1303	1057	1256	550	927	380	905	441	434	811	1656	1121	888	423	2415	489	1661	1439	641	1039	753	1432	1045	989	843	2153	1747	991	843	1099	1114	351	960	554	706	888	1471	686	744	1175	1283	752	1331	2556	1330	2041	1039	1332	982	794	2458	1782	844	641	807	150	343	882	1560	513	964	409	1462	454	715	941	448	1953	1244	447	865	985	1046	1073	781	770	331	1039	882	1041	998	1411	1314	992	461	1332	1143	998	938	888	941	341	380	867	862	1008	1013	857	1217	1544	462	370	441	1149	972	935	759	1218	556	731	673	873	1174	871	1360	2647	975	762	1521	817	823	976	890	2077	1390	1685	982	1337	1910	2296	740	843	1001	1755	1041	470	428	991	813	326	406	929	380	1972	736	851	811	770	820	1383	666	1159	967	940	762	934	968	17	931	1146	966	291	1492	1388	648	528
382	223	285	372	720	1607	1188	2331	907	342	1071	1209	1015	1046	1043	282	285	426	602	2135	442	1392	1423	1027	368	1313	1283	0	531	1806	480	487	1340	416	226	851	2680	685	27	381	1203	1309	66	1309	434	1257	537	1661	874	390	159	352	1582	637	863	914	2503	327	285	483	870	1058	531	285	1026	263	188	1234	697	815	489	1330	146	443	490	352	371	806	679	2359	910	454	538	356	320	1416	761	1458	478	452	2399	914	634	969	341	336	489	400	644	962	2595	2033	552	417	1305	479	2097	262	378	502	1078	566	399	346	648	1593	934	459	356	1291	1046	492	27	794	923	1593	1036	1471	870	1172	1424	255	479	979	2808	1503	1409	783	685	443	550	1280	822	687	616	2332	2057	378	442	189	1944	1307	687	990	1986	479	1349	1909	554	470	863	685	314	1709	918	1396	443	307	696	583	3207	1218	514	685	565	1257	975	489	1253	1793	336	934	421	1393	645	545	1448	2365	1309	1470	483	429	264	1313	516	530	1384	269	499	267	385	1227	2453	677	858	126	230	714	537	664	545	1392	1593	552	490	690	309	492	77	325	1375	956	1413	232	394	360	545	76	1600	602	635	1390	220	414	388	1429	654	587	2186	780	566	437	400	2908	1203	1413	696	1100	2853	3201	1993	616	389	698	266	835	867	414	2062	989	905	725	1593	1992	2019	497	1172	530	552	563	625	226	662	354	531	372	360	1299	724	238	375	1253	605	424	1613	808
172	409	262	254	438	1619	662	2012	402	278	815	1538	704	884	871	254	262	397	106	1895	407	861	907	553	241	1133	764	531	0	1329	330	299	1154	395	487	474	2162	162	505	252	715	781	470	1031	280	727	125	1253	513	266	689	191	1051	162	348	562	2009	250	262	298	339	527	6	262	501	280	667	716	456	1218	331	816	669	330	324	192	160	383	404	1830	438	167	449	235	244	1217	838	940	325	781	2001	562	310	1051	211	214	331	140	326	431	2067	1506	214	390	776	326	1576	285	242	140	1607	67	446	285	319	1062	1265	989	231	761	884	527	505	376	590	1062	672	946	340	750	1299	439	328	543	2497	981	1293	977	162	330	204	1099	582	444	254	2085	1748	242	149	342	1472	781	420	495	1460	327	1162	1378	24	617	761	419	669	2067	823	1645	330	666	445	334	2787	1253	139	162	327	727	444	331	1321	1268	270	404	718	874	324	458	925	2033	1031	946	298	403	281	963	17	15	855	275	179	276	254	1055	1932	438	327	603	452	470	448	343	458	863	1062	214	303	460	249	297	459	780	857	425	891	386	226	241	204	460	1078	106	106	956	483	121	722	1946	407	297	1767	399	350	399	131	2460	1029	1307	445	936	2375	2737	1462	254	260	1122	277	304	339	396	1531	459	374	603	1062	1793	1500	296	750	15	328	823	97	396	580	178	6	169	309	779	603	383	209	724	917	759	1101	377
1432	1605	1525	1581	1567	2691	747	1051	927	1606	960	2850	905	1132	1115	1533	1525	1704	1230	1213	1710	726	492	1235	1569	1087	980	1806	1329	0	1618	1585	1077	1705	1815	1449	962	1169	1786	1577	1168	688	1740	846	1380	851	1278	375	960	1419	1962	1516	614	1183	985	933	705	1579	1525	1586	1064	910	1332	1525	867	1547	1872	994	1168	2548	1615	559	1914	1386	1608	1517	1464	1369	1160	1109	1258	1484	1715	1565	1571	1053	2086	489	1615	1807	803	933	1494	1590	1538	1541	1615	1425	1172	1003	1297	952	1254	1700	855	1615	1110	1547	1428	1309	2862	1271	1762	1613	1166	701	2583	2252	1560	730	1132	1822	1786	1378	942	701	828	538	1074	656	1251	1769	1617	1339	1467	491	1271	2264	1169	1386	1459	1084	1094	1172	1190	1317	903	1428	1473	1627	145	658	1159	834	967	1616	1074	693	1305	1928	1255	1577	1997	3381	1260	2916	1386	1995	1161	1563	1499	1580	1297	1169	1568	851	995	1615	2489	911	1599	985	1747	540	1498	1722	532	1026	846	532	1586	1710	1545	675	1337	1322	649	1541	1308	1543	1422	1103	785	1182	1058	1907	1780	1155	1715	1153	1722	639	701	1254	1587	1179	1498	1581	1728	1930	541	994	545	1588	1411	1570	1463	1730	442	1230	1228	450	1811	1446	2052	3231	1193	1520	545	1033	1591	1704	1446	1142	1099	1299	1161	1124	1048	1408	812	1190	1419	2451	1544	1093	1093	1707	822	991	1043	1787	701	1269	1102	1577	656	1322	1577	2141	1264	1597	1801	1476	1332	1448	1634	969	1788	1582	1432	734	2241	2088	335	1355
367	507	374	138	240	1306	901	2341	699	154	1138	1231	1032	1191	1180	348	374	93	435	2223	94	1056	1164	591	153	1448	889	480	330	1618	0	33	1470	99	302	381	2395	463	453	131	770	1005	450	1359	522	905	442	1573	843	482	600	239	1254	491	637	892	2276	195	374	32	561	742	324	374	756	372	665	842	764	951	9	1077	622	569	12	237	304	360	717	1972	485	165	120	172	211	1537	508	1189	4	883	2320	892	174	1285	223	227	9	338	643	639	2204	1645	523	93	944	3	1687	381	449	438	1459	397	155	146	638	1243	965	870	176	975	1191	204	453	347	919	1243	1002	1180	554	1074	1604	249	1	523	2827	1222	1596	654	463	569	159	1414	896	752	575	2414	2078	449	191	360	1763	1015	732	793	1592	2	1479	1562	347	310	1048	205	442	1763	1110	1320	569	444	755	107	3097	1510	444	463	90	905	650	9	996	1400	166	641	833	1123	181	130	1165	2362	1359	1182	32	97	377	1293	332	343	1074	371	470	372	468	1368	2159	744	563	479	275	779	120	662	130	1084	1243	523	31	765	389	37	444	800	1111	642	1134	489	446	162	155	445	1316	435	407	1273	303	265	472	1758	713	127	2080	729	86	89	288	2758	1341	1609	755	1245	2655	3025	1627	575	476	872	372	529	539	101	1700	660	589	301	1243	2116	1605	41	1074	343	76	525	361	496	262	312	324	344	122	906	301	491	411	947	629	502	1359	367
