NAME : VRPTW_INSTANCE_241.txt
COMMENT : Bangkok Supermarket
TYPE : VRPTW
DIMENSION : 260
DAYS : Tuesday
EDGE_WEIGHT_TYPE : EXPLICIT
VEHICLES : 36
EDGE_WEIGHT_FORMAT : FULL_MATRIX
CAPACITY : 1000
EDGE_WEIGHT_SECTION
0	373	103	23	82	386	723	394	2153	207	97	1008	412	1734	412	1005	484	60	153	402	1479	400	79	1017	404	366	120	263	504	990	335	1516	379	288	300	408	197	371	410	422	665	257	371	815	881	172	315	235	359	135	538	782	54	318	652	413	91	992	206	310	435	364	639	383	497	1142	59	495	155	985	192	133	373	371	978	358	213	1036	153	284	330	366	505	491	3388	582	731	218	196	37	350	154	682	631	406	352	528	184	2076	111	306	439	474	4012	93	773	2071	691	420	353	2130	161	1910	1078	1732	601	525	432	504	993	46	227	1032	201	283	287	418	418	885	185	123	2263	609	607	1109	155	1932	623	1676	412	1028	101	368	524	1036	22	582	1566	777	223	1321	79	414	1907	404	1119	83	847	506	172	135	145	1896	503	215	222	362	693	403	1190	257	1727	1769	66	1221	1033	406	586	309	894	1126	622	351	113	201	543	932	1371	119	800	404	815	1641	491	1083	202	536	420	220	1085	939	366	1066	810	581	88	101	1545	1231	113	535	1037	230	1758	46	199	363	927	217	97	357	177	422	1303	523	607	503	208	705	1499	189	1056	962	215	127	412	308	367	178	439	153	1947	812	255	425	248	860	185	609	424	3007	367	212	411	582	221	255	481	358	1083
373	0	472	372	454	738	525	25	2185	496	282	1248	67	1450	67	1069	545	318	379	68	1849	67	299	1095	96	258	491	603	140	1232	690	1738	12	157	636	766	190	720	76	189	697	328	720	1073	715	331	140	171	717	447	349	797	322	397	682	79	462	1296	455	153	158	9	664	326	130	1216	314	541	230	1052	192	246	283	720	1054	20	172	1102	379	608	665	258	549	122	3566	894	360	420	188	338	264	528	380	924	82	27	206	338	2048	273	156	519	488	4241	283	776	2317	318	764	473	2364	478	1972	1366	1741	640	874	167	339	1292	417	506	683	514	603	133	98	98	1249	409	494	2284	797	638	1191	444	2152	997	1840	67	1361	440	7	349	1102	372	609	1631	1043	163	1295	299	193	1678	160	1153	291	1166	140	331	447	518	1852	135	193	502	280	516	69	1495	516	1942	2068	307	1237	1274	537	595	148	1241	1412	273	38	378	204	581	1295	1744	379	664	759	1073	1638	541	1371	356	349	764	166	1454	568	9	1160	1178	599	389	356	1633	1525	379	351	1136	419	1722	417	210	17	1109	318	381	267	329	81	1395	351	924	537	181	514	1869	398	1151	1033	169	395	67	158	9	343	187	425	2257	439	492	80	559	499	200	797	281	3320	9	586	87	894	436	492	112	463	1371
103	472	0	100	23	323	775	493	2189	155	200	990	514	1795	514	1045	545	153	170	504	1388	503	182	1052	494	427	20	169	599	971	233	1498	478	391	261	338	301	313	513	525	723	343	313	793	969	257	418	322	293	162	636	775	150	336	711	516	15	946	246	413	539	463	699	429	593	1176	160	559	246	1024	284	227	428	313	1014	458	316	1074	170	256	288	427	569	588	3378	541	826	275	288	135	409	65	760	543	508	452	614	267	2127	214	409	499	488	3984	196	770	2041	788	363	349	2105	171	1872	1038	1776	660	460	536	600	949	57	176	1117	200	259	374	521	521	802	243	23	2301	624	668	1141	190	1912	529	1677	514	966	62	467	620	1074	100	645	1598	753	315	1378	182	490	1950	507	1164	180	795	602	257	162	53	1952	599	300	172	418	786	506	1141	211	1710	1718	166	1269	1014	455	652	412	823	1087	725	452	135	286	605	850	1271	139	834	338	793	1689	554	1043	230	595	363	312	983	1033	465	1096	707	646	106	142	1570	1187	134	632	1066	229	1814	57	282	463	866	304	120	416	262	524	1329	619	561	569	311	800	1409	252	1085	1001	308	135	514	412	466	260	542	199	1892	909	288	527	237	963	276	624	484	2948	466	120	513	541	273	288	578	360	1043
23	372	100	0	82	399	705	393	2177	187	105	1029	414	1719	414	1029	507	53	129	405	1485	403	88	1040	397	349	119	251	500	1011	327	1537	378	296	317	419	203	385	413	432	688	277	385	836	899	193	323	226	372	158	553	758	50	295	675	416	90	1010	230	318	442	363	662	364	493	1166	60	518	148	1009	185	127	355	385	1001	358	218	1059	129	302	347	349	528	488	3411	600	727	242	190	36	333	158	671	615	409	352	520	205	2099	120	315	462	451	4033	100	750	2091	689	434	329	2151	182	1887	1096	1755	624	538	440	519	1011	45	207	1023	222	302	278	422	422	893	209	122	2286	633	630	1132	179	1953	627	1699	414	1042	84	367	538	1059	1	605	1590	797	217	1344	88	402	1888	412	1143	80	863	503	193	158	147	1919	500	205	201	344	710	406	1207	236	1748	1786	67	1244	1054	429	608	317	906	1145	626	352	89	191	566	941	1372	96	780	416	836	1665	514	1101	180	519	434	214	1083	935	365	1090	807	604	65	78	1569	1249	89	549	1061	206	1781	45	188	363	905	236	74	340	197	424	1327	538	624	525	214	721	1505	212	1079	986	209	104	414	317	366	199	447	176	1963	810	278	427	268	863	178	633	407	3023	366	216	414	600	245	278	478	335	1101
82	454	23	82	0	327	771	475	2172	171	179	983	494	1790	494	1027	523	135	170	484	1402	483	161	1035	479	420	38	193	582	965	257	1492	460	369	257	344	279	315	492	502	702	319	315	787	946	234	396	307	298	142	612	785	131	339	690	495	9	946	226	391	517	445	678	426	576	1159	140	537	230	1007	268	210	423	315	997	439	295	1056	170	249	285	420	547	570	3371	539	810	253	272	116	403	76	749	566	488	433	601	243	2108	192	387	478	493	3981	175	779	2038	771	365	357	2100	155	1889	1036	1758	639	465	514	576	949	37	193	1104	186	251	360	500	500	813	221	41	2284	610	647	1124	170	1906	544	1667	494	970	68	449	597	1056	82	624	1581	747	299	1358	161	480	1949	485	1145	162	797	585	234	142	65	1932	582	286	188	412	763	485	1143	227	1703	1720	146	1250	1007	435	630	390	830	1085	704	432	132	272	584	861	1290	137	835	343	787	1670	532	1041	229	589	365	296	1003	1017	447	1080	727	624	102	136	1555	1187	132	608	1050	235	1794	37	269	444	886	280	116	410	238	504	1314	596	561	547	290	776	1423	229	1069	983	292	136	494	389	448	236	519	177	1895	892	269	507	226	942	261	610	478	2952	448	134	493	539	251	269	561	366	1041
386	738	323	399	327	0	1098	754	2007	447	460	704	761	2117	761	901	535	446	493	749	1120	748	445	894	784	746	304	367	876	685	330	1205	741	611	110	39	547	20	755	721	670	476	20	507	1025	423	640	620	32	291	774	1066	439	656	664	758	323	625	310	629	751	730	661	753	867	1009	441	557	540	881	575	516	750	20	864	720	565	924	493	145	88	746	564	860	3090	233	1098	359	579	422	729	259	1068	649	748	713	911	422	1992	466	625	497	804	3673	461	1066	1730	1053	45	658	1798	262	2092	721	1625	621	139	743	735	630	357	464	1414	229	153	671	756	756	513	351	302	2124	445	634	971	299	1613	316	1416	761	643	384	732	754	924	398	623	1410	464	605	1277	445	800	2272	715	1032	466	472	877	423	291	271	1836	873	600	461	739	881	750	819	496	1417	1395	447	1142	725	430	642	631	508	770	948	708	458	587	588	558	1063	463	1155	22	507	1551	550	726	553	916	45	602	817	1305	733	920	562	631	429	463	1366	867	457	768	889	546	1697	357	585	725	1050	457	443	737	427	767	1135	752	246	572	557	902	1138	365	909	856	597	458	761	626	734	415	741	320	1568	1174	302	772	194	1188	569	445	805	2625	734	217	752	233	344	302	850	671	726
723	525	775	705	771	1098	0	535	2709	681	683	1720	574	1023	574	1594	1063	668	606	581	2108	582	690	1619	430	358	794	800	447	1703	890	2224	535	669	1023	1113	648	1086	586	709	1222	823	1086	1532	1201	791	660	519	1068	851	860	446	675	456	1207	587	775	1715	899	672	669	524	1189	345	460	1741	679	1061	589	1577	565	613	350	1086	1578	543	635	1627	606	1007	1053	358	1070	471	4076	1306	489	882	563	691	373	840	235	942	596	549	345	803	2560	686	674	1033	353	4727	678	417	2789	515	1137	490	2844	881	1544	1801	2262	1164	1236	681	857	1717	744	672	511	921	1006	483	607	607	1557	858	797	2806	1289	1163	1715	863	2640	1259	2351	574	1741	715	532	863	1627	706	1133	2157	1496	545	1813	690	347	1185	681	1679	655	1568	456	791	851	827	2360	463	529	672	361	1013	583	1913	653	2432	2491	674	1762	1746	1037	1121	666	1595	1850	658	561	640	541	1104	1607	1925	635	165	1113	1532	2159	1061	1806	546	192	1137	547	1611	588	521	1683	1355	1124	669	636	2158	1955	640	863	1658	566	2234	744	539	542	905	800	655	366	791	583	1919	866	1329	1059	644	1005	2131	852	1674	1558	551	641	574	677	520	804	702	851	2667	557	945	579	970	745	568	1289	301	3723	520	889	599	1306	894	945	473	471	1806
394	25	493	393	475	754	535	0	2174	521	301	1252	45	1446	45	1062	543	340	403	48	1868	48	318	1089	109	280	512	626	130	1236	713	1740	15	162	651	783	206	736	55	175	690	334	736	1080	696	343	141	196	734	463	333	817	343	422	675	57	483	1306	467	154	139	34	657	349	118	1209	334	537	253	1045	216	268	305	736	1047	35	189	1094	403	622	680	280	545	109	3563	905	344	430	212	359	287	548	380	950	63	41	207	349	2033	292	158	519	511	4242	302	796	2321	299	779	499	2366	493	1992	1375	1728	634	889	149	324	1302	438	531	672	529	617	159	77	77	1266	421	515	2271	800	632	1185	459	2154	1016	1838	45	1374	463	27	333	1094	393	603	1622	1050	188	1281	318	210	1680	146	1144	313	1178	128	343	463	539	1836	122	218	527	302	497	50	1504	541	1943	2077	328	1226	1279	539	588	149	1256	1421	248	46	402	228	577	1312	1765	404	677	775	1080	1625	538	1379	381	363	779	190	1476	551	34	1155	1200	592	413	379	1626	1533	403	335	1131	444	1707	438	235	30	1133	327	405	289	340	58	1389	335	936	533	196	494	1887	410	1146	1027	193	419	45	160	34	354	170	439	2266	421	502	56	573	474	224	800	300	3329	34	606	67	905	446	502	99	488	1379
2153	2185	2189	2177	2172	2007	2709	2174	0	2344	2125	1407	2134	3471	2134	1147	1683	2177	2304	2127	2429	2126	2130	1137	2281	2409	2184	2327	2267	1422	2324	1158	2175	2057	1979	2032	2108	1998	2122	1999	1506	1936	1998	1556	1554	2001	2059	2243	2032	2031	1851	2924	2171	2454	1520	2121	2177	1672	1950	2048	2039	2187	1537	2464	2254	1013	2157	1678	2205	1167	2208	2188	2430	1998	1175	2169	2114	1117	2304	1962	1966	2409	1668	2242	1720	1811	2334	1935	2208	2164	2405	2160	2522	2656	2112	2164	2368	1988	352	2114	2047	1723	2602	2588	2133	2911	1359	2280	1967	2503	1285	2018	4062	1579	451	1569	1966	2028	1852	1647	2170	2365	2646	1991	1955	2258	2101	2101	2102	1968	2184	122	1576	1566	1048	2005	1141	2215	825	2134	1842	2237	2179	1846	1117	2176	1595	596	1596	2214	905	2130	2375	3787	2027	1040	2170	1772	2260	2001	2031	2168	506	2252	2245	2361	2422	1713	2125	1654	2399	1092	1689	2158	948	1401	1748	1602	2054	1946	1559	2095	2152	2266	2240	1630	2095	2647	2272	2849	2014	1556	560	1680	1576	2344	2534	1967	2214	2590	2431	2190	1095	2447	1601	2242	2250	647	1587	2266	1847	1126	2382	558	2170	2245	2170	3043	1971	2251	2410	1999	2125	871	1843	1822	1675	2107	1728	2422	1965	1106	1191	2210	2281	2134	2043	2192	1991	2007	2002	1837	2331	1904	2129	1961	2160	2210	1576	2451	2497	2191	2161	2109	1811	1931	1904	2239	2506	1576
207	496	155	187	171	447	681	521	2344	0	282	1136	552	1704	552	1198	688	218	117	545	1435	544	267	1206	488	366	164	123	601	1117	217	1643	506	463	405	451	367	441	554	598	868	464	441	938	1084	380	486	326	415	313	731	625	220	224	856	557	167	1072	396	485	601	487	843	344	598	1330	235	701	273	1178	307	267	358	441	1168	488	377	1227	117	407	430	366	711	596	3526	676	823	419	311	216	346	200	710	438	553	484	590	392	2277	298	482	643	360	4120	275	622	2177	794	491	211	2243	326	1717	1168	1929	805	575	601	699	1077	177	21	1078	356	410	372	568	568	876	386	165	2455	779	812	1296	340	2055	579	1830	552	1073	109	493	718	1227	188	788	1753	897	333	1525	267	452	1835	575	1316	241	916	606	380	313	189	2100	605	303	16	349	893	547	1263	55	1855	1836	239	1420	1159	604	792	482	921	1218	767	487	124	292	748	926	1283	120	716	457	938	1841	696	1174	157	518	491	331	980	1025	487	1251	708	787	128	148	1726	1313	123	729	1221	115	1962	177	286	492	720	424	128	352	384	564	1485	718	693	709	376	903	1458	392	1240	1154	328	104	552	485	488	386	611	345	2003	911	440	566	392	995	299	779	417	3053	488	229	558	676	419	440	587	226	1174
97	282	200	105	179	460	683	301	2125	282	0	1037	317	1679	317	979	443	64	192	306	1567	305	17	995	324	326	217	356	417	1019	432	1541	286	191	363	486	100	443	314	326	624	195	443	849	802	124	218	168	437	176	450	798	62	328	610	317	188	1046	215	213	338	274	595	360	409	1120	47	451	94	959	121	71	339	443	954	266	116	1010	192	339	393	326	461	402	3403	636	642	204	124	69	314	249	615	717	309	259	452	137	2033	15	209	402	479	4043	7	786	2106	600	489	380	2161	207	1949	1125	1697	559	598	335	417	1045	143	300	953	247	336	215	321	321	968	177	220	2232	614	564	1089	182	1958	715	1684	317	1094	189	276	436	1010	104	537	1544	813	148	1275	17	353	1868	307	1086	46	906	419	124	176	241	1849	415	154	295	329	610	307	1245	325	1750	1822	43	1185	1062	382	536	212	967	1173	525	257	163	142	499	1014	1466	169	778	480	849	1603	448	1130	220	492	489	145	1182	850	276	1049	906	533	154	140	1530	1281	164	447	1021	268	1712	143	144	270	989	156	155	321	126	326	1287	436	664	456	111	620	1586	173	1039	937	140	183	317	212	277	135	342	168	2005	722	263	329	295	764	117	614	382	3067	277	306	314	636	214	263	393	381	1130
1008	1248	990	1029	983	704	1720	1252	1407	1136	1037	0	1235	2698	1235	567	743	1058	1151	1224	1124	1222	1030	527	1328	1362	975	1069	1382	18	1032	508	1244	1091	730	715	1081	704	1225	1130	695	919	704	197	1090	933	1111	1201	735	874	1075	1761	1051	1321	704	1226	983	285	821	1098	1175	1244	719	1390	1369	569	1044	759	1131	558	1155	1107	1374	704	532	1228	1096	565	1151	733	705	1362	756	1358	2389	471	1563	840	1157	1036	1350	936	1626	1326	1214	1220	1453	922	1481	1034	1094	750	1476	3006	1042	1758	1071	1507	658	1339	1124	847	2788	235	1108	710	614	1163	1045	260	1000	1155	1912	807	732	1242	1214	1214	695	862	974	1529	456	721	534	859	923	829	720	1235	466	1051	1240	1057	565	1028	740	840	240	1177	927	1030	1382	2905	1143	673	1066	364	1379	933	874	947	1375	1372	1190	1152	1363	1069	1223	379	1189	720	863	1048	761	26	716	766	1103	541	252	1343	1210	1111	1179	741	692	1273	1117	1809	701	197	1070	755	235	1207	1528	658	1175	1184	1749	1247	491	1046	755	1081	1106	765	358	1111	1067	470	1218	1247	1000	1181	1231	1742	933	1094	1357	933	1235	589	1053	467	770	1087	1095	1125	869	483	545	1170	1118	1235	1092	1249	920	1148	869	1065	1614	775	1240	761	1544	1152	456	1419	2113	1249	910	1215	471	827	775	1350	1350	235
412	67	514	414	494	761	574	45	2134	552	317	1235	0	1467	0	1028	516	362	436	12	1878	13	334	1056	153	325	532	654	148	1220	738	1719	55	154	655	791	218	742	12	135	657	322	742	1067	651	342	128	231	742	469	289	862	364	464	642	13	503	1299	466	140	96	75	623	394	135	1175	354	509	280	1011	245	292	350	742	1014	66	200	1060	436	625	684	325	516	124	3534	902	342	426	241	379	332	566	407	984	23	69	238	347	1991	305	145	495	555	4219	319	841	2302	293	784	540	2345	499	2038	1364	1688	603	893	107	283	1294	457	563	681	533	619	199	33	33	1274	420	535	2231	781	600	1151	463	2132	1032	1810	0	1372	488	66	291	1060	414	571	1586	1038	219	1240	334	254	1709	108	1107	334	1174	144	342	469	557	1793	137	252	559	347	453	12	1496	575	1920	2066	348	1188	1262	520	555	137	1258	1410	215	65	431	261	546	1319	1783	433	718	782	1067	1585	510	1368	417	405	784	222	1497	546	76	1122	1222	560	439	408	1591	1523	432	292	1100	480	1665	457	269	63	1176	320	433	334	339	13	1356	293	934	503	207	450	1897	407	1114	993	224	449	0	146	77	352	128	442	2257	413	497	14	575	449	253	781	345	3320	77	623	25	902	442	497	116	530	1368
1734	1450	1795	1719	1790	2117	1023	1446	3471	1704	1679	2698	1467	0	1467	2460	1982	1676	1628	1479	3120	1480	1689	2495	1370	1370	1815	1822	1319	2681	1911	3187	1454	1607	2035	2133	1620	2104	1479	1586	2104	1778	2104	2520	1922	1769	1588	1511	2088	1854	1690	1271	1683	1480	2089	1478	1794	2725	1888	1601	1540	1453	2071	1367	1332	2604	1685	1972	1588	2446	1558	1612	1366	2104	2454	1470	1604	2492	1628	2016	2065	1370	1979	1343	4984	2314	1171	1861	1555	1700	1387	1861	1071	1907	1489	1477	1244	1778	3250	1678	1605	1962	1361	5686	1675	1250	3767	1228	2154	1507	3813	1885	1771	2804	3022	2058	2255	1553	1706	2724	1760	1695	831	1925	2013	1464	1492	1492	2581	1844	1818	3549	2247	2052	2587	1861	3599	2280	3267	1467	2761	1736	1457	1703	2492	1719	2024	2985	2487	1532	2572	1689	1326	403	1568	2513	1660	2582	1323	1769	1854	1848	3042	1330	1526	1695	1377	1788	1479	2923	1674	3388	3502	1679	2571	2724	1986	2005	1596	2618	2852	1415	1487	1660	1539	2006	2630	2913	1656	1013	2133	2520	2912	1974	2809	1568	1200	2154	1534	2598	1042	1450	2566	2358	2012	1689	1654	3010	2961	1661	1697	2546	1590	2937	1760	1539	1467	1716	1765	1675	1380	1767	1470	2787	1706	2340	1965	1613	1769	3145	1835	2559	2432	1539	1663	1467	1607	1448	1781	1571	1846	3682	1152	1931	1465	1974	1311	1562	2247	1312	4742	1449	1912	1489	2314	1875	1931	1351	1489	2809
412	67	514	414	494	761	574	45	2134	552	317	1235	0	1467	0	1028	516	362	436	12	1878	13	334	1056	153	325	532	654	148	1220	738	1719	55	154	655	791	218	742	12	135	657	322	742	1067	651	342	128	231	742	469	289	862	364	464	642	13	503	1299	466	140	96	75	623	394	135	1175	354	509	280	1011	245	292	350	742	1014	66	200	1060	436	625	684	325	516	124	3534	902	342	426	241	379	332	566	407	984	23	69	238	347	1991	305	145	495	555	4219	319	841	2302	293	784	540	2345	499	2038	1364	1688	603	893	107	283	1294	457	563	681	533	619	199	33	33	1274	420	535	2231	781	600	1151	463	2132	1032	1810	0	1372	488	66	291	1060	414	571	1586	1038	219	1240	334	254	1709	108	1107	334	1174	144	342	469	557	1793	137	252	559	347	453	12	1496	575	1920	2066	348	1188	1262	520	555	137	1258	1410	215	65	431	261	546	1319	1783	433	718	782	1067	1585	510	1368	417	405	784	222	1497	546	76	1122	1222	560	439	408	1591	1523	432	292	1100	480	1665	457	269	63	1176	320	433	334	339	13	1356	293	934	503	207	450	1897	407	1114	993	224	449	0	146	77	352	128	442	2257	413	497	14	575	449	253	781	345	3320	77	623	25	902	442	497	116	530	1368
1005	1069	1045	1029	1027	901	1594	1062	1147	1198	979	567	1028	2460	1028	0	540	1029	1156	1019	1671	1018	983	46	1165	1273	1040	1189	1172	567	1197	843	1060	928	852	933	969	888	1016	895	372	793	888	582	615	855	934	1104	921	885	771	1778	1023	1307	387	1015	1032	830	802	923	939	1070	405	1325	1158	146	1010	538	1061	20	1067	1043	1293	888	40	1051	977	32	1156	831	845	1273	528	1147	2524	752	1289	787	1067	1016	1268	1019	1433	1536	1005	1045	1266	841	1093	968	920	578	1458	3255	987	1766	1420	1232	868	1355	1434	873	2915	802	733	431	898	927	759	807	1023	1220	1633	848	823	1125	997	997	1157	820	1041	1257	455	431	126	858	1208	1164	819	1028	1005	1090	1063	760	32	1028	461	566	604	1076	394	983	1251	2731	920	132	1023	840	1166	855	885	1026	935	1158	1104	1215	1285	682	1018	946	1253	1003	1367	1011	242	584	600	473	928	1026	819	1045	1033	1118	1098	492	1172	1773	1125	1723	912	582	652	539	802	1196	1411	868	1075	1620	1435	1073	117	1416	470	1094	1102	563	919	1118	765	114	1235	796	1023	1104	1053	1906	827	1103	1274	853	1021	328	756	775	537	969	705	1675	817	115	44	1072	1133	1028	918	1074	844	907	855	1571	1312	757	1026	823	1186	1069	455	1320	2573	1074	1027	1003	752	783	757	1141	1358	802
484	545	545	507	523	535	1063	543	1683	688	443	743	516	1982	516	540	0	498	629	505	1586	504	449	560	638	734	546	708	665	729	742	1209	538	395	440	574	429	515	504	395	181	253	515	600	492	320	406	564	539	384	334	1241	493	771	168	505	530	865	301	393	441	544	155	784	651	684	478	22	522	521	527	505	753	515	518	526	437	572	629	406	450	734	29	640	3020	536	826	269	527	487	728	539	922	1078	493	519	750	307	1592	431	390	45	919	3704	451	1228	1795	768	526	823	1835	384	2391	907	1253	117	612	429	302	854	511	709	1177	375	396	587	489	489	985	302	547	1789	292	123	655	356	1618	850	1294	516	982	578	538	315	572	506	100	1107	583	536	837	449	717	2223	413	643	489	776	660	320	384	542	1412	652	564	704	744	374	504	1052	741	1407	1599	478	741	770	105	111	399	913	948	599	508	592	558	60	1019	1581	599	1186	555	600	1160	16	911	663	876	526	535	1351	1006	548	620	1097	103	572	574	1099	1065	593	326	594	707	1274	511	563	528	1408	288	579	734	317	512	858	311	571	38	429	398	1599	296	611	500	532	609	516	388	549	311	412	346	1797	872	270	517	373	804	528	292	781	2853	549	566	493	536	272	270	633	825	911
60	318	153	53	135	446	668	340	2177	218	64	1058	362	1676	362	1029	498	0	131	353	1537	351	51	1043	344	309	172	297	447	1040	377	1565	325	249	358	468	155	431	361	386	679	256	431	866	867	178	275	175	420	184	514	750	7	280	666	364	143	1050	244	272	394	309	652	332	440	1168	20	507	95	1010	133	74	318	431	1003	305	168	1060	131	340	389	309	517	435	3433	639	674	245	137	23	294	211	622	654	357	299	468	191	2090	80	268	455	435	4064	57	739	2123	635	479	325	2181	213	1892	1134	1751	615	585	392	481	1050	98	235	972	253	338	227	371	371	944	214	175	2285	648	621	1136	199	1981	680	1718	362	1088	129	313	501	1060	53	594	1593	829	164	1334	51	354	1852	365	1140	27	906	449	178	184	201	1908	446	154	230	307	675	354	1248	260	1775	1826	21	1239	1083	430	595	270	954	1182	574	299	98	141	555	992	1425	105	751	464	866	1659	504	1138	167	479	479	161	1136	881	311	1095	860	591	89	77	1576	1288	100	511	1067	208	1771	98	139	309	925	216	90	301	181	372	1333	500	664	513	165	685	1557	214	1085	987	156	118	362	271	312	187	400	191	2006	756	293	375	302	811	126	648	367	3066	312	269	362	639	251	293	425	328	1138
153	379	170	129	170	493	606	403	2304	117	192	1151	436	1628	436	1156	629	131	0	429	1533	427	182	1169	371	266	188	232	484	1133	325	1659	388	356	427	506	262	483	438	490	810	387	483	956	991	309	377	208	463	286	630	629	136	169	796	441	172	1116	360	377	488	369	782	261	481	1294	151	638	160	1136	191	158	264	483	1129	371	270	1187	0	418	456	266	648	478	3536	710	708	369	195	141	247	234	608	550	437	367	477	322	2221	207	375	585	325	4151	184	620	2208	677	533	199	2270	308	1762	1207	1880	746	630	490	600	1119	150	127	973	346	419	255	453	453	960	337	191	2413	762	751	1261	308	2075	673	1827	436	1134	108	376	619	1187	130	725	1718	916	216	1465	182	343	1780	465	1268	147	965	489	309	286	221	2039	488	185	123	253	795	431	1311	142	1871	1889	152	1369	1175	556	726	374	990	1256	651	371	40	175	686	1009	1393	34	665	508	956	1789	635	1212	60	430	533	214	1092	910	370	1219	819	722	70	54	1698	1357	40	628	1190	78	1902	150	168	375	796	347	57	253	312	448	1456	619	730	644	270	804	1555	339	1208	1114	211	34	436	378	371	317	501	306	2062	795	408	450	390	877	183	762	321	3117	370	283	443	710	373	408	469	205	1212
402	68	504	405	484	749	581	48	2127	545	306	1224	12	1479	12	1019	505	353	429	0	1867	1	324	1047	157	326	522	646	159	1208	729	1708	55	142	644	780	207	731	9	127	648	310	731	1055	648	330	116	226	730	458	284	864	355	462	632	12	493	1287	454	128	91	74	614	394	146	1165	344	498	272	1002	238	284	351	731	1005	63	190	1051	429	613	672	326	505	135	3524	890	354	414	234	369	332	556	417	978	15	64	247	335	1985	295	133	483	556	4208	309	844	2290	304	772	537	2334	487	2040	1352	1681	593	882	101	276	1282	448	556	693	521	607	196	30	30	1263	408	525	2224	770	590	1142	451	2120	1021	1799	12	1360	479	65	285	1051	404	561	1577	1026	213	1234	324	258	1719	99	1099	325	1162	155	330	458	547	1788	148	247	552	348	449	1	1484	569	1909	2054	338	1180	1250	508	546	125	1247	1398	223	58	423	255	536	1308	1773	426	725	771	1055	1578	499	1356	412	411	772	215	1488	558	76	1113	1212	550	431	400	1582	1511	424	287	1090	475	1659	448	263	60	1174	308	425	335	327	19	1346	287	922	493	196	447	1886	396	1104	984	217	441	12	134	77	340	122	431	2245	425	485	22	564	458	246	770	348	3308	77	613	19	890	430	485	127	527	1356
1479	1849	1388	1485	1402	1120	2108	1868	2429	1435	1567	1124	1878	3120	1878	1671	1586	1537	1533	1867	0	1865	1551	1637	1882	1798	1368	1312	1983	1118	1220	1280	1853	1731	1229	1088	1662	1140	1874	1841	1650	1594	1140	1095	2061	1544	1760	1710	1137	1409	1880	1893	1532	1655	1652	1876	1395	844	1429	1750	1872	1841	1658	1780	1976	1692	1538	1609	1633	1658	1670	1612	1793	1140	1633	1833	1679	1675	1533	1263	1203	1798	1612	1970	2841	1049	2210	1477	1675	1516	1779	1326	2141	1244	1867	1826	2002	1543	2570	1576	1745	1562	1760	3169	1566	1907	1444	2167	1104	1618	1552	1381	2502	896	2207	1628	998	1864	1841	867	1439	1441	2504	1350	1270	1763	1876	1876	610	1472	1365	2550	1348	1642	1657	1419	1494	861	1617	1878	666	1435	1843	1859	1675	1485	1645	1926	1083	1702	2049	1551	1875	3192	1836	1789	1562	845	1985	1544	1409	1337	2486	1982	1688	1441	1784	1959	1868	786	1456	1409	933	1545	1883	1115	1497	1670	1751	677	900	2069	1823	1512	1674	1623	569	341	1513	2108	1099	1095	2183	1602	898	1588	1954	1104	1699	580	2417	1843	1611	768	1658	1488	1526	1835	847	1511	1873	1587	1551	2363	1439	1671	1837	1586	1577	1501	1785	1548	1885	1702	1856	1015	1625	1672	1983	27	1485	1602	1640	1694	1502	1878	1746	1845	1536	1861	1440	964	2289	1413	1890	1313	2309	1663	1348	1852	1813	1844	1268	1871	1049	1461	1413	1960	1636	898
400	67	503	403	483	748	582	48	2126	544	305	1222	13	1480	13	1018	504	351	427	1	1865	0	322	1046	157	325	521	644	161	1206	728	1706	54	140	642	778	205	729	10	127	647	308	729	1053	648	328	114	224	728	456	284	864	353	461	631	13	491	1285	452	127	91	74	613	394	147	1164	343	497	271	1001	236	282	351	729	1004	62	188	1050	427	612	670	325	504	136	3523	888	356	412	232	367	331	554	419	977	15	63	248	333	1985	293	131	482	555	4207	307	843	2289	306	770	536	2333	485	2040	1351	1681	592	880	101	276	1280	446	555	695	520	605	195	30	30	1261	406	524	2224	768	589	1141	449	2119	1019	1798	13	1358	477	64	285	1050	403	560	1576	1024	211	1233	322	258	1720	99	1098	323	1160	157	328	456	546	1788	149	245	550	347	449	3	1483	568	1908	2053	336	1180	1249	507	545	123	1245	1396	224	57	421	254	535	1306	1771	424	725	769	1053	1578	498	1355	411	411	770	214	1486	560	76	1112	1210	549	429	398	1581	1510	423	287	1089	474	1659	446	261	59	1173	307	423	334	325	21	1345	287	920	492	195	447	1884	394	1103	983	216	440	13	132	76	339	122	429	2243	427	484	24	562	460	244	768	348	3306	76	611	19	888	428	484	129	526	1355
79	299	182	88	161	445	690	318	2130	267	17	1030	334	1689	334	983	449	51	182	324	1551	322	0	998	339	332	199	339	433	1013	414	1536	303	209	350	471	118	429	332	344	630	204	429	841	816	128	236	178	422	164	466	795	48	324	616	335	170	1035	210	231	356	290	602	363	425	1123	32	457	102	963	132	77	344	429	958	283	134	1014	182	327	380	332	467	419	3400	625	659	203	135	52	319	231	627	701	327	276	466	142	2040	32	227	407	477	4037	15	783	2099	617	475	374	2155	195	1942	1116	1702	566	583	353	432	1034	125	286	968	236	324	227	339	339	952	174	202	2237	611	571	1091	173	1952	698	1681	334	1081	172	293	452	1014	87	544	1548	805	160	1283	0	363	1875	325	1091	40	895	435	128	164	223	1857	431	163	280	333	625	325	1234	311	1745	1812	30	1190	1056	384	544	230	953	1164	543	274	150	150	506	999	1449	157	782	465	841	1609	454	1120	214	499	475	157	1164	866	292	1051	889	541	139	129	1532	1271	151	463	1023	259	1720	125	151	287	977	164	141	326	131	343	1289	451	652	463	129	635	1570	172	1041	941	153	170	334	230	294	138	360	161	1994	738	258	347	284	781	127	611	389	3056	293	289	332	625	211	258	409	376	1120
1017	1095	1052	1040	1035	894	1619	1089	1137	1206	995	527	1056	2495	1056	46	560	1043	1169	1047	1637	1046	998	0	1190	1294	1047	1192	1201	528	1197	797	1087	951	851	925	989	882	1044	924	398	812	882	553	660	870	959	1125	916	893	804	1793	1037	1322	414	1044	1039	794	812	947	969	1096	432	1344	1187	125	1024	559	1079	51	1086	1060	1313	882	41	1077	997	38	1169	831	842	1294	550	1176	2489	736	1324	799	1086	1029	1288	1024	1462	1534	1033	1071	1294	857	1097	984	945	596	1474	3215	1002	1781	1375	1266	860	1368	1390	880	2924	762	732	455	884	956	791	771	1033	1228	1669	854	824	1147	1026	1026	1132	832	1047	1249	450	457	95	867	1164	1149	780	1056	970	1099	1089	792	38	1039	486	550	577	1096	419	998	1274	2762	948	155	1038	811	1195	870	893	1031	946	1187	1124	1223	1305	721	1045	905	1262	959	1321	1025	260	543	613	500	953	997	778	1080	1059	1129	1117	515	1145	1745	1136	1746	905	553	656	560	762	1210	1434	860	1095	1599	1472	1099	73	1400	496	1105	1114	539	877	1130	798	68	1247	807	1033	1122	1079	1910	844	1115	1294	868	1049	299	789	757	560	990	744	1640	830	70	63	1092	1145	1056	942	1100	859	936	865	1525	1348	766	1055	826	1225	1087	450	1341	2526	1100	1029	1032	736	795	766	1170	1372	762
404	96	494	397	479	784	430	109	2281	488	324	1328	153	1370	153	1165	638	344	371	157	1882	157	339	1190	0	186	514	603	113	1311	695	1822	106	244	688	810	250	768	164	284	792	410	768	1149	803	399	231	172	760	499	442	713	350	348	777	166	486	1363	521	244	249	94	759	255	112	1311	345	634	249	1147	211	271	211	768	1148	113	234	1197	371	663	718	186	642	113	3656	956	336	491	207	367	197	555	299	898	173	119	128	408	2143	320	247	610	415	4326	323	691	2398	306	814	425	2447	530	1887	1437	1836	735	922	259	433	1360	443	494	629	569	658	120	186	186	1289	475	517	2380	881	733	1286	501	2237	1023	1931	153	1418	452	102	442	1197	397	704	1726	1117	180	1390	339	102	1589	255	1250	320	1228	119	399	499	544	1946	120	194	490	210	606	159	1562	497	2027	2138	339	1333	1354	622	691	238	1292	1484	320	131	381	208	675	1336	1760	381	568	804	1149	1734	634	1441	334	254	814	183	1463	541	91	1254	1188	694	399	362	1728	1595	382	444	1230	394	1816	443	212	112	1049	394	388	198	397	165	1490	444	985	631	243	602	1902	466	1246	1128	188	395	153	249	90	411	280	484	2323	423	561	161	616	520	218	881	195	3386	90	613	176	956	505	561	106	411	1441
366	258	427	349	420	746	358	280	2409	366	326	1362	325	1370	325	1273	734	309	266	326	1798	325	332	1294	186	0	447	489	288	1345	583	1867	271	353	666	764	305	734	335	441	904	483	734	1173	972	439	355	170	718	492	602	540	316	176	889	337	425	1358	541	364	415	251	872	69	292	1418	320	735	231	1255	212	255	25	734	1253	266	296	1305	266	649	696	0	745	295	3727	948	484	528	211	332	19	493	344	737	340	268	240	452	2289	330	365	698	230	4369	320	521	2431	468	783	249	2487	522	1716	1443	1970	843	885	423	586	1359	389	364	713	563	648	151	356	356	1225	503	450	2511	937	844	1390	504	2284	938	2005	325	1390	370	261	599	1305	349	815	1840	1137	198	1531	332	101	1544	410	1370	297	1213	296	439	492	480	2095	299	175	362	24	771	328	1557	358	2076	2135	316	1460	1388	694	807	358	1250	1491	506	279	293	185	781	1274	1648	290	455	763	1173	1871	734	1448	210	170	783	199	1342	674	249	1353	1073	808	320	284	1833	1597	294	604	1327	254	1963	389	182	267	863	454	307	14	440	339	1592	600	973	736	304	771	1820	498	1344	1234	203	298	325	368	249	452	442	493	2313	574	589	337	611	697	213	937	58	3372	249	546	345	948	539	589	289	233	1448
120	491	20	119	38	304	794	512	2184	164	217	975	532	1815	532	1040	546	172	188	522	1368	521	199	1047	514	447	0	163	619	957	220	1483	497	407	245	318	318	294	531	540	723	351	294	779	977	267	434	342	274	162	648	787	169	353	711	533	29	928	245	429	555	482	700	449	612	1170	178	561	266	1020	304	246	448	294	1010	477	333	1069	188	243	272	447	571	607	3365	524	846	278	308	153	429	46	780	537	526	471	634	275	2125	230	424	501	505	3968	213	783	2025	808	345	363	2089	168	1878	1020	1773	660	441	552	612	932	74	185	1137	193	246	395	538	538	781	247	3	2296	615	669	1135	190	1897	508	1666	532	946	80	486	632	1069	119	647	1591	738	335	1377	199	511	1968	523	1161	199	776	622	267	162	33	1951	619	320	181	438	796	524	1123	220	1695	1700	184	1266	999	454	654	428	803	1069	742	470	154	306	607	830	1252	159	852	319	779	1687	556	1025	249	615	345	332	965	1053	484	1090	689	648	126	163	1563	1169	154	644	1059	245	1812	74	303	482	868	313	140	436	272	542	1322	631	543	571	328	810	1388	256	1079	996	328	153	532	427	485	268	557	201	1873	929	285	545	227	980	296	615	505	2929	485	100	531	524	274	285	597	375	1025
263	603	169	251	193	367	800	626	2327	123	356	1069	654	1822	654	1189	708	297	232	646	1312	644	339	1192	603	489	163	0	715	1051	93	1572	611	547	353	362	452	365	654	683	883	512	365	872	1139	427	573	436	335	323	802	702	297	344	872	657	184	981	406	569	691	593	861	467	711	1315	310	723	373	1169	410	361	482	365	1157	592	466	1217	232	365	372	489	733	708	3457	601	940	441	414	287	469	171	833	373	652	587	710	437	2278	371	565	663	468	4034	351	704	2092	909	412	318	2163	325	1743	1082	1922	821	482	690	767	989	220	128	1201	342	371	485	666	666	759	410	161	2440	751	830	1278	352	1980	458	1776	654	969	168	599	787	1217	252	809	1732	829	439	1535	339	574	1942	663	1313	325	823	720	427	323	166	2107	718	413	129	472	955	647	1168	149	1784	1736	316	1419	1091	613	817	568	813	1131	869	589	225	401	769	809	1161	224	826	372	872	1839	718	1087	280	641	412	436	860	1143	594	1231	587	810	214	246	1698	1222	223	799	1200	238	1968	220	395	597	717	474	221	475	432	665	1460	786	612	734	463	968	1335	420	1220	1145	433	209	654	568	595	430	698	364	1899	1027	442	667	366	1101	402	751	540	2944	595	166	657	601	436	442	699	335	1087
504	140	599	500	582	876	447	130	2267	601	417	1382	148	1319	148	1172	665	447	484	159	1983	161	433	1201	113	288	619	715	0	1366	806	1867	140	292	775	904	330	859	160	277	803	464	859	1210	755	471	270	280	854	586	415	788	451	458	787	160	590	1436	596	283	232	146	769	354	13	1318	445	657	353	1155	314	372	311	859	1159	159	312	1204	484	748	805	288	664	25	3682	1034	227	560	310	468	302	658	261	1011	171	167	102	478	2113	410	288	643	508	4368	417	764	2449	193	903	534	2493	617	1954	1505	1819	750	1013	244	417	1432	545	607	543	654	743	230	176	176	1386	550	622	2362	928	746	1296	584	2280	1127	1958	148	1501	560	147	421	1204	500	717	1726	1180	283	1368	433	190	1561	253	1247	421	1307	8	471	586	648	1912	15	303	604	313	565	160	1634	611	2069	2207	438	1324	1408	667	701	279	1381	1551	229	175	491	316	694	1432	1869	492	602	897	1210	1714	659	1509	448	304	903	286	1574	434	144	1268	1299	706	508	472	1734	1664	492	420	1246	508	1786	545	321	155	1149	457	498	301	469	153	1500	424	1064	652	320	557	2003	538	1260	1138	290	506	148	289	142	483	265	565	2396	312	632	147	699	409	322	928	282	3459	142	716	171	1034	575	632	31	519	1509
990	1232	971	1011	965	685	1703	1236	1422	1117	1019	18	1220	2681	1220	567	729	1040	1133	1208	1118	1206	1013	528	1311	1345	957	1051	1366	0	1013	526	1228	1075	711	696	1064	685	1209	1115	685	903	685	178	1082	916	1095	1184	716	856	1062	1743	1033	1302	694	1211	965	277	804	1082	1160	1228	708	1372	1353	573	1026	745	1114	558	1137	1090	1356	685	531	1211	1079	566	1133	715	686	1345	743	1343	2408	452	1549	823	1140	1018	1332	917	1610	1307	1199	1204	1436	905	1493	1016	1078	736	1458	3024	1024	1740	1088	1492	640	1320	1141	829	2769	234	1119	698	595	1148	1032	252	982	1136	1897	789	713	1225	1199	1199	682	844	955	1544	441	710	538	841	942	812	738	1220	458	1032	1224	1043	566	1010	728	853	221	1160	931	1013	1365	2887	1128	676	1049	350	1363	916	856	929	1385	1356	1173	1133	1346	1058	1208	380	1170	738	874	1030	765	43	700	755	1087	528	254	1329	1194	1092	1162	729	680	1263	1099	1791	682	178	1079	741	235	1189	1511	640	1158	1170	1734	1231	494	1029	743	1063	1088	779	364	1092	1054	472	1200	1255	982	1163	1215	1723	916	1076	1339	916	1219	599	1040	448	757	1070	1084	1120	851	486	544	1153	1100	1220	1076	1233	903	1134	852	1076	1600	757	1224	743	1531	1135	441	1402	2125	1232	891	1200	452	810	757	1334	1331	235
335	690	233	327	257	330	890	713	2324	217	432	1032	738	1911	738	1197	742	377	325	729	1220	728	414	1197	695	583	220	93	806	1013	0	1528	697	623	346	317	531	334	738	758	911	570	334	837	1193	486	650	526	301	366	869	765	376	435	901	741	247	922	443	645	770	680	892	560	801	1317	388	760	460	1177	497	445	575	334	1163	678	545	1224	325	366	358	583	769	798	3412	560	1032	484	501	364	563	209	927	340	735	673	803	494	2290	446	641	698	552	3975	427	768	2036	999	375	404	2110	360	1762	1026	1929	851	428	768	832	932	289	220	1295	367	374	576	748	748	674	456	218	2440	749	862	1280	393	1932	369	1746	738	897	250	686	853	1224	328	842	1728	793	527	1555	414	667	2022	740	1324	405	764	810	486	366	209	2124	808	503	221	566	1015	731	1104	237	1740	1667	394	1432	1052	643	853	644	737	1075	952	674	314	490	803	724	1068	314	909	331	837	1849	754	1032	373	734	375	524	768	1235	682	1231	494	846	300	335	1689	1161	313	865	1200	331	1985	289	485	683	722	533	308	569	491	749	1454	851	567	772	541	1030	1243	467	1220	1152	520	300	738	644	683	487	774	409	1825	1118	472	752	380	1187	489	749	634	2865	682	176	740	560	477	472	789	422	1032
1516	1738	1498	1537	1492	1205	2224	1740	1158	1643	1541	508	1719	3187	1719	843	1209	1565	1659	1708	1280	1706	1536	797	1822	1867	1483	1572	1867	526	1528	0	1733	1581	1238	1212	1580	1207	1708	1604	1116	1412	1207	704	1454	1433	1599	1704	1237	1381	1526	2268	1558	1829	1129	1709	1492	643	1326	1586	1650	1735	1146	1897	1854	751	1550	1221	1636	846	1658	1612	1880	1207	826	1718	1594	822	1659	1242	1212	1867	1215	1843	1884	971	2035	1342	1660	1543	1855	1443	2118	1803	1697	1710	1945	1422	1347	1537	1582	1225	1985	2504	1547	2265	589	1977	1160	1847	626	1355	3269	532	1021	1149	1102	1638	1501	625	1509	1662	2386	1315	1240	1743	1695	1695	1068	1365	1482	1277	941	1157	740	1365	416	1281	336	1719	770	1559	1731	1509	822	1536	1182	741	746	1679	1061	1536	1883	3407	1621	883	1572	791	1864	1433	1381	1455	1312	1856	1694	1658	1869	1485	1707	543	1695	212	591	1554	918	484	1201	1205	1591	916	491	1802	1700	1619	1683	1193	1045	1528	1625	2316	1200	704	1035	1218	526	1716	2032	1160	1677	1532	2208	1739	727	1460	1196	1589	1614	639	468	1619	1519	729	1727	1214	1509	1685	1721	2223	1429	1603	1862	1434	1717	634	1506	961	1229	1585	1510	1270	1371	728	848	1672	1627	1719	1580	1740	1420	1621	1375	781	2077	1278	1722	1269	1983	1656	941	1924	1732	1740	1416	1698	971	1330	1278	1836	1858	526
379	12	478	378	460	741	535	15	2175	506	286	1244	55	1454	55	1060	538	325	388	55	1853	54	303	1087	106	271	497	611	140	1228	697	1733	0	153	638	769	193	723	63	178	688	324	723	1070	703	331	134	181	720	449	337	809	328	409	673	66	468	1295	455	147	145	20	655	339	129	1207	319	533	237	1043	201	253	296	723	1045	20	175	1093	388	609	667	271	541	120	3558	894	357	419	196	343	277	533	386	935	70	27	212	337	2037	277	151	513	501	4235	288	789	2313	313	766	486	2359	480	1985	1364	1730	632	876	154	327	1291	422	516	684	516	604	145	85	85	1252	409	500	2273	793	630	1182	446	2147	1002	1833	55	1362	448	12	337	1093	378	600	1621	1040	172	1284	303	205	1685	148	1144	297	1166	139	331	449	524	1840	134	203	511	293	504	57	1493	526	1936	2066	313	1227	1270	532	586	142	1243	1410	263	34	386	213	573	1298	1750	388	675	761	1070	1628	534	1369	366	360	766	175	1461	565	21	1152	1185	590	397	364	1624	1523	388	340	1128	429	1710	422	220	15	1121	316	390	279	328	68	1387	339	924	529	183	502	1872	398	1143	1025	178	404	55	152	21	342	175	426	2255	435	491	68	560	490	209	793	293	3318	21	591	74	894	435	491	111	475	1369
288	157	391	296	369	611	669	162	2057	463	191	1091	154	1607	154	928	395	249	356	142	1731	140	209	951	244	353	407	547	292	1075	623	1581	153	0	504	643	95	592	146	136	556	172	592	918	644	189	28	196	593	321	276	886	250	439	541	148	378	1146	312	22	148	154	523	413	280	1073	236	392	198	910	178	198	375	592	910	137	86	960	356	473	532	353	401	270	3412	748	496	272	176	260	351	434	537	901	138	129	363	193	1936	177	18	366	565	4084	196	869	2160	446	632	508	2207	350	2058	1213	1616	496	742	144	250	1141	334	478	833	382	467	202	145	145	1125	266	409	2158	640	496	1047	312	1995	891	1687	154	1218	378	149	267	960	295	466	1493	888	170	1178	209	323	1832	116	1019	223	1020	290	189	321	428	1744	283	207	473	368	445	142	1344	498	1785	1915	230	1108	1117	380	456	21	1105	1259	341	119	338	208	436	1169	1647	343	795	633	918	1517	392	1217	359	483	632	171	1368	700	157	1014	1093	458	337	314	1490	1372	339	275	989	419	1611	334	215	140	1142	167	335	356	185	158	1251	267	780	391	86	451	1749	254	1005	890	169	358	154	22	158	199	151	291	2105	566	343	163	423	582	184	640	394	3168	158	490	141	748	287	343	261	503	1217
300	636	261	317	257	110	1023	651	1979	405	363	730	655	2035	655	852	440	358	427	644	1229	642	350	851	688	666	245	353	775	711	346	1238	638	504	0	146	445	89	650	612	588	366	89	533	926	315	532	528	102	189	665	1031	352	596	581	652	256	692	200	522	642	629	575	680	766	970	350	461	449	832	482	424	673	89	817	618	463	878	427	36	30	666	469	758	3120	283	995	249	485	335	650	205	977	683	642	610	816	313	1945	367	517	400	749	3723	365	1028	1780	948	128	609	1844	158	2097	780	1583	535	238	634	625	694	280	425	1316	122	45	578	649	649	621	242	244	2094	402	547	933	192	1651	420	1426	655	731	322	629	645	878	317	533	1383	492	511	1217	350	711	2204	606	980	376	547	776	315	189	217	1783	771	510	422	662	776	644	890	459	1450	1468	356	1089	753	335	550	524	605	829	839	605	389	497	496	665	1172	394	1092	132	533	1504	454	785	486	837	128	508	920	1201	631	885	659	540	358	389	1346	932	388	659	853	490	1643	280	496	622	1065	348	372	658	319	661	1109	643	306	475	455	796	1247	256	873	807	503	393	655	518	633	307	631	213	1647	1069	193	666	84	1079	476	402	725	2707	632	187	645	283	234	193	748	620	785
