NAME : VRPTW_INSTANCE_8.txt
COMMENT : Bangkok Supermarket
TYPE : VRPTW
DIMENSION : 298
DAYS : Sunday
EDGE_WEIGHT_TYPE : EXPLICIT
VEHICLES : 33
EDGE_WEIGHT_FORMAT : FULL_MATRIX
CAPACITY : 1000
EDGE_WEIGHT_SECTION
0	911	307	737	201	1151	135	528	1627	1115	1028	432	582	952	738	1238	485	2028	300	288	590	463	153	810	435	1606	430	1115	835	562	1992	402	1120	1939	404	1268	314	150	1056	306	412	186	410	346	1687	412	359	418	3197	754	308	2763	865	817	367	211	152	1346	1027	201	383	288	358	1005	1668	548	982	978	748	1132	1606	101	412	2069	174	1852	101	261	454	2000	1386	591	1990	1004	404	709	170	2973	258	1912	1815	287	897	1213	2236	215	752	721	1631	1211	51	810	1437	496	213	207	236	472	761	1321	624	197	305	132	620	189	113	320	309	412	541	397	1289	548	1699	589	153	132	931	1115	1073	1939	494	811	1346	1861	404	530	242	732	347	548	225	1113	367	833	769	23	1190	2013	264	589	842	155	1058	553	1637	1955	2782	46	132	906	288	1065	1722	963	867	203	1518	193	857	935	174	835	862	210	506	495	1137	374	1014	728	106	236	365	4064	118	349	1248	2752	178	155	203	300	434	1892	1137	408	1491	1348	212	976	1242	2085	359	375	470	383	372	38	201	428	2188	182	396	1060	394	422	1328	1044	496	745	1977	661	1016	1562	494	418	710	589	395	211	550	119	401	985	153	214	152	230	1058	830	490	404	422	155	317	770	154	1726	1911	376	183	598	996	735	130	582	186	1030	889	1606	211	1467	288	221	1579	587	416	1390	198	1735	153	1321	778	985	550	1566	1126	1000	1969	221	491	287	2778	648	927	2041	343	303	218	1220	131	193	620	1058	236	1140
911	0	1039	418	1085	966	1027	980	1357	205	283	1142	332	488	174	567	1314	1487	614	1046	1483	814	1049	476	1151	1435	1130	2027	83	364	1481	1268	2031	2849	570	853	1225	1059	657	1056	1198	1078	565	1169	1295	1198	832	1181	2381	596	1054	1885	56	374	1278	1030	848	477	570	713	1294	1046	1230	722	951	1082	98	504	231	535	1435	1003	1198	1167	858	2675	1003	1040	633	1106	623	1305	1093	444	1186	1611	1081	2079	652	1033	1013	1171	1793	302	1902	1038	1661	1631	1414	2066	924	476	660	1325	1095	1008	944	606	616	1103	535	1082	1052	1022	1341	725	1003	591	607	1198	1372	563	948	427	1310	1487	789	1022	485	1020	626	1060	1321	128	705	1667	1272	1073	1032	1080	1167	530	1118	395	1198	83	1448	935	301	1656	795	773	550	869	662	670	2517	1106	1892	894	1022	1611	1046	1962	1424	53	1724	1022	687	718	1767	693	741	83	64	1009	416	993	1984	1281	715	1395	950	1127	1195	3155	859	1167	339	1860	827	774	1025	614	923	2692	745	547	2399	2256	778	505	594	1259	594	1285	1125	1294	570	949	1098	540	1952	863	1268	1961	1207	515	421	964	1321	528	1706	1308	123	841	1321	1181	490	1487	554	1031	472	1009	1267	709	1050	1036	848	1027	662	483	1263	1268	515	774	1181	308	1048	2604	2821	1101	1082	1173	1904	244	1024	779	1078	846	707	1435	862	2274	983	1022	2412	1212	1324	648	1088	1316	1042	1103	500	709	457	1101	216	1907	1152	763	765	1171	1895	1162	1217	1137	1154	636	778	998	1027	1080	1492	662	1028	234
307	1039	0	745	202	1444	222	281	1447	1231	1217	129	747	1194	867	1460	278	1913	509	27	485	318	229	1058	134	1399	124	1067	978	745	1868	264	1072	1864	649	1538	355	332	983	20	158	393	654	147	1541	158	234	143	3398	686	16	2799	1004	1043	391	111	457	1412	981	388	440	27	531	905	1638	260	1126	1221	832	1364	1399	338	158	2145	203	1954	338	536	729	2066	1590	836	2060	1233	146	752	309	3025	448	1965	2014	228	942	1333	2048	113	701	681	1436	1303	352	1058	1638	288	198	487	537	462	685	1151	601	204	17	220	858	378	363	512	520	158	335	635	1570	766	1550	502	297	220	1174	1414	1014	1989	285	920	1312	1649	269	243	517	472	143	552	228	1138	175	956	1010	300	1338	1839	244	451	791	204	984	475	1679	2134	2932	353	220	1124	27	1097	1545	1086	978	115	1701	407	803	837	364	978	980	490	627	799	1242	461	916	977	200	226	173	4177	423	142	1375	2899	234	319	117	509	220	1665	1048	642	1403	1263	505	947	1469	2276	601	437	163	412	602	293	236	664	1975	195	559	1078	173	639	1459	1342	284	1005	1781	357	1158	1541	285	143	691	502	626	112	787	367	263	887	230	112	457	505	984	1078	226	263	639	319	511	979	225	1568	1867	648	239	294	923	921	363	441	393	890	1170	1399	184	1593	585	496	1677	280	402	1600	216	1594	382	1151	1031	887	598	1452	1251	919	2164	287	371	228	2819	352	656	2174	579	546	271	1512	231	208	739	984	512	1248
737	418	745	0	856	1269	814	607	1052	551	690	818	381	829	317	977	1021	1332	519	760	1226	455	836	756	828	1095	805	1802	407	428	1306	1003	1807	2608	582	1218	1020	884	362	765	896	924	580	890	1045	896	511	872	2773	180	761	2055	418	674	1071	775	748	674	307	549	1102	760	1095	370	930	714	515	852	198	927	1095	838	896	1404	614	2589	838	952	697	1322	1041	1271	1318	814	885	1435	894	2280	515	1219	1422	931	1626	650	1641	783	1432	1407	1090	1949	771	756	1077	1031	862	904	872	285	200	763	147	854	761	809	1305	559	849	486	518	896	1075	563	1298	524	1059	1239	586	809	818	1296	362	1244	1027	297	609	1344	1008	708	937	673	887	196	892	393	919	349	1440	758	700	1400	523	377	167	633	366	290	2370	1498	2237	742	809	1594	760	1792	1133	442	1604	769	1095	573	1537	318	571	407	355	907	303	1026	1875	1102	370	1390	730	898	916	3447	741	886	699	2202	589	581	772	519	573	2335	458	551	2148	2007	704	246	1000	1658	571	1095	785	1090	544	769	879	561	1652	615	1134	1782	918	510	781	1229	1026	767	1414	944	536	824	1027	872	74	1239	545	775	586	855	1002	352	837	781	748	928	366	771	949	1003	510	581	1052	586	833	2300	2605	1046	868	803	1663	489	867	384	924	470	976	1095	601	2200	925	920	2316	852	1104	1066	864	1082	890	763	760	352	191	885	584	1661	1555	528	400	931	2075	779	800	1472	1058	577	537	1315	817	854	1358	366	931	555
201	1085	202	856	0	1340	65	481	1640	1286	1221	292	764	1153	910	1438	288	2087	489	174	399	484	51	1011	292	1598	295	952	1013	749	2046	201	956	1769	604	1467	170	143	1136	188	237	200	610	161	1725	237	383	253	3395	832	192	2906	1042	1016	217	98	343	1499	1122	375	256	174	329	1068	1776	461	1162	1179	903	1332	1598	172	237	2228	241	1774	172	357	654	2155	1583	638	2147	1204	231	585	112	3124	438	2061	2012	88	778	1386	2243	94	582	555	1633	1124	223	1011	1634	298	13	315	383	572	835	1341	724	3	189	68	659	363	194	504	499	237	342	595	1485	745	1735	402	295	68	1132	1298	1161	2087	297	977	1450	1849	203	444	339	674	164	659	36	1245	176	1004	809	181	1373	2031	333	620	931	224	1137	619	1522	2147	2968	240	68	922	174	940	1737	1136	791	100	1711	378	688	999	347	1013	1031	318	670	641	1059	269	1079	778	134	43	174	4240	310	166	1424	2938	269	310	97	489	408	1691	1208	606	1315	1172	411	1080	1442	2281	558	250	348	237	568	167	33	626	2175	240	357	927	207	617	1505	1228	299	946	1978	511	1195	1674	297	253	814	402	593	98	750	196	199	1049	50	95	343	328	1137	1031	311	202	617	310	310	966	48	1532	1754	463	39	483	822	926	186	612	200	1068	1086	1598	256	1405	421	321	1498	454	249	1588	13	1776	199	1341	979	1049	683	1625	1301	823	2165	333	529	88	2924	547	857	2221	383	501	321	1411	70	8	547	1137	335	1308
1151	966	1444	1269	1340	0	1278	1572	2304	1059	738	1574	899	480	963	607	1628	2447	969	1431	1666	1425	1289	513	1579	2362	1569	2023	916	860	2444	1532	2025	2798	823	280	1373	1219	1596	1448	1564	1187	820	1496	2258	1564	1368	1568	2302	1430	1450	2547	925	605	1412	1361	999	1343	1515	1076	1389	1431	1228	1634	1880	1637	919	469	1087	525	2362	1173	1564	1803	1251	2257	1173	1038	720	1790	770	1046	1766	543	1555	1574	1256	2671	1030	1774	1073	1415	1691	1077	2866	1366	1737	1701	2352	1795	1118	513	812	1638	1353	1055	971	1256	1450	2028	1303	1337	1447	1277	1070	1082	1154	983	960	1564	1681	842	204	777	2273	1651	1158	1277	481	106	1574	1801	1637	1021	1667	2607	1533	1621	1048	1752	1498	1242	1354	1360	1515	979	1074	1166	955	2620	1269	1475	1435	1245	1600	1373	2259	1275	2116	1106	1277	1205	1431	1834	2378	992	1527	1353	949	1048	1823	1587	1092	916	995	1053	1023	763	1709	1352	1632	1031	1253	1365	1514	3458	1034	1500	1063	2100	1227	1136	1354	969	1479	3002	1690	842	2417	2283	941	1446	577	1327	867	1379	1599	1415	878	1178	1328	820	2905	1261	1249	1856	1544	865	1083	134	1639	507	2661	1800	932	1776	1637	1568	1317	1651	857	1361	724	1154	1531	1617	1290	1364	999	1054	1600	500	1642	1534	865	1136	1190	689	1292	2748	2705	992	1310	1710	1962	785	1169	1475	1187	1739	299	2362	1283	1875	954	1058	2047	1716	1470	738	1333	2282	1166	2028	509	1617	1162	2067	1026	1975	1217	1199	1408	1415	2541	1740	1937	1550	1104	914	1213	71	1272	1332	1391	1600	1048	1095
135	1027	222	814	65	1278	0	488	1634	1229	1158	331	704	1087	852	1372	352	2067	427	197	460	468	22	945	332	1598	332	1003	954	687	2027	266	1008	1824	539	1401	206	110	1107	214	291	171	544	218	1710	291	364	303	3331	802	217	2859	983	951	258	111	279	1448	1088	315	288	197	325	1044	1739	482	1103	1113	850	1267	1598	119	291	2176	201	1797	119	315	588	2104	1519	615	2095	1139	284	621	95	3074	377	2012	1947	152	813	1329	2239	110	635	606	1630	1149	159	945	1570	363	78	268	328	534	807	1332	687	62	214	4	639	303	143	443	436	291	407	530	1421	680	1721	462	240	4	1067	1237	1130	2038	361	921	1414	1851	268	464	296	688	221	618	92	1200	237	947	790	115	1313	2024	298	603	898	182	1108	592	1557	2084	2907	175	4	911	197	978	1730	1078	810	107	1648	315	741	974	286	954	975	271	614	589	1080	292	1054	756	83	103	235	4182	246	223	1366	2877	224	253	105	427	406	1757	1182	541	1372	1228	346	1043	1377	2217	493	281	381	277	504	101	71	561	2178	202	358	968	266	553	1447	1167	363	881	1976	557	1136	1636	361	303	776	462	528	110	685	147	265	1025	23	110	279	284	1108	965	367	268	553	253	297	902	21	1595	1804	426	55	515	877	863	140	595	171	1052	1021	1598	223	1422	370	276	1521	493	298	1523	64	1761	159	1332	914	1025	636	1603	1243	879	2101	286	509	152	2876	575	876	2162	357	436	276	1348	8	58	563	1108	291	1252
528	980	281	607	481	1572	488	0	1168	1147	1208	266	753	1246	823	1477	487	1650	603	309	722	168	500	1125	275	1118	253	1299	937	769	1603	518	1304	2066	749	1620	637	598	760	299	369	659	752	406	1269	369	204	336	3361	492	294	2615	958	1084	671	384	655	1277	776	504	721	309	809	667	1424	106	1076	1273	751	1396	1118	591	369	2000	361	2228	591	784	856	1914	1582	1102	1911	1267	361	1025	581	2852	543	1803	1990	508	1211	1249	1766	388	947	931	1155	1578	579	1125	1625	493	478	731	762	378	484	875	462	482	296	484	1126	501	614	589	612	369	528	730	1670	822	1278	745	438	484	1229	1560	798	1826	489	852	1103	1368	523	103	765	204	400	450	509	980	427	898	1278	531	1281	1560	308	238	597	377	760	317	1939	2086	2844	568	484	1399	309	1360	1265	1019	1258	385	1666	536	1042	604	494	937	916	735	615	1015	1520	743	680	1242	436	508	425	4048	625	398	1296	2809	372	456	387	603	97	1728	811	731	1604	1470	678	758	1493	2240	705	718	210	691	694	530	515	753	1694	352	838	1338	408	712	1380	1487	487	1090	1499	337	1104	1334	489	336	538	745	716	384	862	620	517	651	501	387	655	753	760	1144	390	516	712	456	785	1007	496	1712	2088	900	516	196	1148	929	619	229	659	630	1280	1118	322	1872	816	743	1952	246	676	1598	495	1324	641	875	1107	651	525	1193	1176	1140	2132	379	214	508	2639	184	399	2078	844	660	368	1635	497	486	1021	760	759	1157
1627	1357	1447	1052	1640	2304	1634	1168	0	1350	1631	1422	1433	1839	1341	1898	1631	601	1521	1474	1868	1168	1650	1792	1430	171	1411	2420	1393	1480	533	1681	2425	3110	1618	2210	1802	1738	708	1466	1527	1794	1616	1573	214	1527	1273	1493	3299	925	1461	1947	1388	1699	1839	1541	1703	1200	790	1499	1888	1474	1959	682	840	1225	1429	1857	1219	1888	171	1714	1527	1628	1455	3395	1714	1884	1737	1524	1889	2217	1540	1801	1521	2191	1729	2215	1493	1395	2148	1676	2374	1399	609	1546	2092	2082	95	2745	1675	1792	1904	1635	1639	1831	1830	1191	909	306	1071	1641	1463	1629	2247	1504	1734	1490	1524	1527	1659	1597	2305	1576	209	1895	1486	1629	1832	2341	732	1402	1631	1284	757	315	1686	1237	1866	1010	1567	1151	1671	998	1592	1328	2395	1639	1514	392	1362	1038	886	1476	703	1084	3088	2131	2608	1653	1629	2533	1474	2517	97	1346	2426	1540	1856	1531	2178	741	1508	1393	1317	1834	1344	2035	2688	1907	681	2351	1564	1671	1590	3540	1684	1565	1443	2566	1448	1494	1543	1521	1232	2468	614	1587	2663	2544	1686	858	1929	2302	1597	1884	1358	1859	1572	1644	1673	1600	601	1449	1992	2491	1569	1548	1493	2276	1628	1813	362	1360	1431	846	1631	1493	1021	1895	1579	1542	1638	1740	1681	701	1651	1545	1703	1855	703	1804	1526	1679	1548	1494	1928	1615	1646	2648	3168	1995	1671	1261	2263	1520	1745	1045	1794	608	2019	171	1422	3040	1887	1845	3119	1322	1844	1925	1653	267	1769	306	1801	701	1207	368	1392	2251	2233	1412	1135	1676	1987	1188	896	1923	1969	1587	1412	2344	1641	1644	2186	703	1860	1325
1115	205	1231	551	1286	1059	1229	1147	1350	0	320	1327	538	583	377	552	1508	1395	820	1239	1683	985	1252	617	1337	1450	1315	2231	286	569	1398	1466	2235	3053	773	895	1429	1264	689	1248	1389	1283	768	1365	1257	1389	1015	1371	2222	716	1246	1684	257	516	1482	1228	1053	298	601	916	1499	1239	1436	777	821	1252	165	591	401	564	1450	1208	1389	961	1056	2875	1208	1245	829	902	545	1504	889	515	1378	1817	1286	1875	857	834	882	1372	1999	102	1855	1236	1865	1835	1417	2270	1129	617	568	1518	1296	1213	1148	783	734	1128	688	1284	1245	1225	1539	928	1209	796	812	1389	1566	768	1002	626	1271	1689	990	1225	588	1127	648	862	1515	311	631	1665	1470	1244	1237	1224	1362	700	1320	352	1394	282	1642	1139	169	1611	988	926	644	1068	693	831	2723	947	1703	1100	1225	1805	1239	2167	1405	152	1928	1221	557	922	1970	767	944	286	254	1214	616	1186	2187	1486	768	1588	1152	1329	1391	2953	1065	1362	148	1669	1025	976	1223	820	1099	2871	762	752	2602	2458	983	550	585	1108	798	1490	1306	1498	775	1153	1301	743	1930	1060	1474	2167	1401	720	232	1080	1515	683	1683	1481	138	717	1515	1371	625	1689	758	1229	667	1214	1465	769	1253	1234	1053	1232	693	617	1452	1467	720	976	1387	473	1251	2799	3026	1303	1285	1342	2107	433	1230	933	1283	909	833	1450	1058	2474	1186	1227	2614	1386	1527	579	1290	1269	1247	1128	648	769	637	1053	42	2109	1008	961	933	1372	1693	1325	1342	942	1359	841	975	1078	1230	1282	1697	693	1233	37
1028	283	1217	690	1221	738	1158	1208	1631	320	0	1332	470	269	390	286	1479	1714	731	1218	1618	1039	1178	336	1341	1715	1322	2127	284	474	1715	1417	2130	2950	633	583	1338	1164	937	1231	1372	1169	627	1331	1556	1372	1036	1361	2181	870	1230	1917	272	255	1390	1185	928	607	850	848	1395	1218	1299	1005	1141	1304	201	273	493	257	1715	1106	1372	1171	1020	2668	1106	1093	644	1133	375	1303	1114	195	1361	1689	1193	2083	785	1090	796	1309	1859	345	2160	1193	1773	1740	1691	2092	1028	336	421	1490	1233	1073	995	830	890	1384	790	1218	1228	1154	1337	860	1101	718	721	1372	1538	636	686	481	1571	1617	936	1154	276	809	904	1118	1487	393	942	1943	1420	1292	1090	1330	1330	768	1250	644	1359	340	1421	1051	238	1915	978	1021	831	1026	942	914	2556	926	1760	1000	1154	1582	1218	2026	1694	284	1761	1177	490	843	1877	976	876	284	338	1073	599	969	2006	1374	998	1367	1091	1261	1356	3065	949	1331	343	1732	988	918	1179	731	1138	2883	1023	622	2512	2369	852	786	312	1061	672	1386	1326	1403	657	1066	1228	606	2222	1027	1334	2031	1374	605	388	765	1488	416	1975	1520	203	1038	1487	1361	759	1617	634	1186	494	1105	1416	992	1179	1191	928	1088	942	330	1444	1418	605	918	1250	264	1178	2753	2904	1127	1210	1392	2018	296	1122	1026	1169	1129	528	1715	1033	2267	1021	1085	2417	1425	1442	390	1222	1573	1134	1384	375	992	686	1357	288	2024	947	930	997	1309	1920	1392	1479	1043	1203	726	946	757	1156	1215	1547	942	1086	357
432	1142	129	818	292	1574	331	266	1422	1327	1332	0	861	1319	971	1580	220	1916	635	144	455	367	332	1184	10	1360	13	1033	1084	863	1868	258	1038	1809	777	1666	411	434	1019	126	104	493	781	159	1532	104	312	70	3510	735	124	2860	1110	1166	434	224	584	1492	1027	514	487	144	609	930	1681	197	1231	1345	926	1486	1360	451	104	2223	330	1972	451	646	858	2141	1706	928	2136	1355	98	769	405	3092	573	2035	2128	281	951	1430	2014	223	680	666	1403	1324	475	1184	1753	227	283	600	656	546	730	1136	671	295	127	330	947	505	475	635	646	104	265	762	1699	889	1541	479	425	330	1299	1543	1054	2059	223	1019	1357	1604	264	185	627	418	154	634	306	1207	172	1058	1097	423	1443	1814	354	484	841	332	1019	534	1674	2243	3031	478	330	1201	144	1096	1520	1187	1014	231	1812	535	775	865	492	1084	1080	603	736	919	1269	517	943	1068	326	300	171	4263	549	151	1474	2997	359	446	231	635	250	1552	1074	768	1346	1210	633	1001	1591	2388	728	487	65	453	728	414	323	791	1927	321	632	1073	146	763	1558	1471	221	1132	1744	229	1262	1588	223	70	758	479	753	225	913	479	258	913	333	223	584	616	1019	1204	131	256	763	446	598	1100	328	1482	1825	755	332	194	882	1038	472	475	493	897	1299	1360	306	1624	701	607	1696	162	427	1717	305	1588	488	1136	1158	913	690	1460	1350	876	2276	407	423	281	2882	264	584	2269	675	674	391	1641	340	300	787	1019	623	1342
582	332	747	381	764	899	704	753	1433	538	470	861	0	501	170	726	1011	1680	283	748	1163	586	725	397	870	1475	851	1697	253	48	1661	955	1702	2521	250	886	897	728	736	761	902	745	246	864	1420	902	570	890	2651	532	760	2212	283	337	950	720	515	794	668	389	964	748	898	752	1207	843	399	527	243	643	1475	672	902	1499	551	2353	672	711	341	1436	845	991	1424	514	891	1279	752	2410	326	1358	1267	852	1461	633	2020	727	1334	1303	1471	1738	593	397	892	1022	775	676	616	385	551	1143	404	761	758	700	1026	401	672	262	275	902	1070	239	953	145	1433	1166	472	700	485	919	727	1385	1019	255	914	1725	958	830	701	898	863	349	796	623	892	261	1143	606	609	1778	507	598	548	559	740	491	2186	1389	2204	563	700	1304	748	1629	1514	386	1394	712	955	390	1440	697	417	253	291	678	139	698	1656	949	752	1090	631	806	890	3482	526	863	666	2173	519	455	714	283	675	2412	833	223	2074	1930	447	599	740	1530	266	954	857	965	240	621	775	221	2033	557	936	1628	905	187	745	851	1020	392	1795	1053	433	1096	1019	890	421	1166	227	720	207	677	954	733	726	725	515	696	740	415	973	956	187	455	849	255	725	2293	2490	778	758	930	1578	177	693	600	745	846	602	1475	563	1955	658	691	2088	959	998	857	766	1453	710	1143	392	733	266	1249	546	1582	1417	460	552	852	2223	936	1068	1459	824	304	476	951	703	759	1160	740	697	566
952	488	1194	829	1153	480	1087	1246	1839	583	269	1319	501	0	512	301	1431	1967	684	1189	1535	1083	1105	143	1326	1907	1311	2000	446	478	1964	1354	2003	2816	550	389	1242	1068	1132	1204	1339	1060	545	1286	1783	1339	1054	1334	2257	1003	1204	2166	451	164	1291	1139	825	875	1048	806	1286	1189	1164	1181	1405	1331	439	26	635	185	1907	1012	1339	1417	990	2456	1012	954	510	1387	475	1111	1366	86	1329	1551	1101	2320	746	1351	891	1239	1708	614	2390	1145	1664	1629	1891	1906	939	143	528	1443	1166	946	861	886	1023	1573	893	1150	1201	1085	1144	816	1001	683	674	1339	1489	562	470	430	1798	1529	897	1085	21	544	1107	1379	1440	557	1187	2146	1356	1316	955	1399	1286	848	1177	881	1311	510	1209	973	503	2144	973	1099	989	991	1137	991	2374	1059	1916	916	1085	1367	1189	1870	1909	512	1587	1130	643	790	1763	1141	831	446	522	945	639	774	1819	1259	1177	1157	1035	1189	1309	3243	852	1287	610	1892	960	876	1132	684	1163	2843	1224	553	2393	2251	749	980	297	1166	598	1276	1326	1301	593	988	1152	532	2437	998	1196	1880	1332	555	647	497	1441	220	2192	1528	453	1299	1440	1334	888	1529	568	1139	407	1004	1353	1166	1106	1144	825	955	1137	124	1415	1356	555	876	1117	249	1106	2667	2754	963	1134	1414	1906	343	1021	1101	1060	1295	263	1907	1012	2056	873	955	2214	1436	1347	465	1151	1805	1029	1573	179	1166	763	1589	554	1914	1048	913	1052	1239	2167	1428	1569	1242	1054	655	929	509	1084	1146	1393	1137	953	621
738	174	867	317	910	963	852	823	1341	377	390	971	170	512	0	672	1140	1542	444	872	1308	655	875	450	981	1400	960	1853	113	211	1527	1093	1858	2676	420	900	1051	887	633	883	1025	908	415	995	1307	1025	664	1009	2543	494	881	2042	138	360	1104	855	683	624	555	539	1122	872	1064	672	1047	923	260	534	124	613	1400	832	1025	1333	683	2523	832	880	502	1268	760	1160	1257	496	1013	1442	908	2242	480	1189	1167	996	1625	476	1912	863	1487	1457	1388	1907	753	450	802	1151	920	845	786	445	515	1065	401	907	879	848	1195	551	833	419	438	1025	1199	409	982	294	1321	1313	614	848	502	1000	615	1216	1147	86	766	1643	1097	912	870	939	993	378	943	465	1024	95	1311	762	471	1667	622	631	477	694	638	524	2354	1272	2066	723	848	1473	872	1794	1416	225	1563	848	845	545	1593	629	567	113	123	846	241	862	1826	1110	669	1258	775	953	1021	3330	691	993	514	2034	652	600	850	444	759	2523	729	393	2225	2081	616	485	693	1420	436	1113	958	1121	410	776	924	390	1942	688	1103	1792	1033	357	596	937	1148	476	1699	1144	291	936	1147	1009	380	1313	397	856	350	839	1092	656	876	861	683	865	638	463	1091	1094	357	600	1016	274	874	2429	2649	948	908	1012	1730	178	854	635	908	783	678	1400	688	2125	828	859	2258	1049	1150	779	914	1335	872	1065	460	656	299	1125	390	1732	1311	589	610	996	2054	1007	1090	1312	994	472	604	1006	853	906	1328	638	866	402
1238	567	1460	977	1438	607	1372	1477	1898	552	286	1580	726	301	672	0	1710	1931	956	1458	1826	1309	1391	441	1588	1990	1571	2301	569	718	1939	1638	2304	3118	834	372	1536	1361	1215	1472	1610	1356	828	1562	1809	1610	1296	1602	1961	1157	1471	1942	558	421	1585	1415	1118	791	1127	1078	1583	1458	1465	1287	1336	1569	478	280	779	118	1990	1304	1610	1196	1258	2741	1304	1255	807	1182	181	1409	1158	234	1600	1853	1393	2076	1015	1170	590	1525	2009	530	2407	1422	1961	1927	1962	2203	1229	441	233	1721	1450	1245	1161	1102	1177	1661	1073	1434	1469	1369	1440	1088	1295	949	945	1610	1768	842	486	696	1824	1822	1168	1369	322	703	1179	1197	1718	680	1182	2212	1640	1557	1255	1609	1562	1046	1464	901	1589	627	1498	1260	402	2163	1228	1301	1117	1261	1219	1193	2672	760	1619	1205	1369	1653	1458	2171	1956	562	1887	1407	360	1066	2062	1261	1104	569	624	1244	862	1072	2115	1557	1280	1447	1314	1475	1586	2951	1144	1563	501	1596	1226	1148	1409	956	1402	3121	1297	831	2693	2551	1042	1066	34	864	879	1573	1581	1596	870	1275	1439	811	2482	1265	1497	2182	1607	825	498	682	1719	521	2235	1779	470	1241	1718	1602	1045	1822	845	1415	687	1298	1637	1275	1392	1420	1118	1255	1219	424	1685	1639	825	1148	1417	480	1392	2961	3056	1265	1421	1656	2205	548	1315	1305	1356	1413	518	1990	1276	2344	1174	1254	2504	1685	1641	165	1436	1821	1324	1661	480	1275	963	1605	511	2212	747	1174	1270	1525	1938	1661	1763	970	1356	936	1190	600	1369	1431	1694	1219	1253	582
485	1314	278	1021	288	1628	352	487	1631	1508	1479	220	1011	1431	1140	1710	0	2135	754	268	237	580	338	1291	211	1560	234	812	1250	1004	2086	107	817	1593	880	1753	304	414	1238	260	125	458	886	147	1748	125	509	153	3659	950	262	3072	1277	1288	300	294	631	1691	1244	632	352	268	514	1150	1900	408	1399	1458	1110	1608	1560	456	125	2423	460	1769	456	621	939	2343	1848	841	2338	1478	136	575	377	3300	696	2241	2275	215	748	1610	2215	287	463	451	1607	1126	511	1291	1897	11	274	587	664	740	947	1349	876	291	263	354	854	621	476	763	764	125	58	870	1773	1013	1756	264	543	354	1411	1584	1272	2265	9	1196	1575	1797	109	399	605	621	148	830	275	1413	121	1231	996	467	1611	2022	519	702	1056	452	1238	744	1459	2401	3207	527	354	1076	268	886	1728	1362	835	303	1967	643	556	1086	605	1250	1256	590	899	913	1078	392	1163	976	396	263	123	4456	598	148	1651	3174	492	562	301	754	466	1412	1294	879	1130	992	697	1215	1716	2540	833	356	278	313	840	453	300	900	2118	454	525	860	106	884	1735	1514	11	1229	1943	317	1431	1805	9	153	965	264	865	294	1025	477	108	1134	338	289	631	596	1238	1311	105	104	884	562	521	1232	336	1290	1605	712	317	372	662	1182	463	693	458	1117	1373	1560	451	1434	695	590	1496	315	267	1855	294	1804	470	1349	1261	1134	876	1680	1527	656	2426	552	636	215	3093	447	765	2450	611	776	537	1698	357	296	628	1238	603	1526
2028	1487	1913	1332	2087	2447	2067	1650	601	1395	1714	1916	1680	1967	1542	1931	2135	0	1850	1938	2372	1603	2086	1963	1925	761	1904	2944	1550	1729	71	2167	2949	3670	1909	2289	2257	2160	978	1933	2020	2210	1907	2052	410	2020	1705	1987	2969	1275	1929	1415	1535	1861	2300	1991	2069	1143	1025	1864	2343	1938	2382	1023	608	1728	1527	1978	1438	1959	761	2125	2020	1279	1871	3862	2125	2268	2018	1184	1866	2596	1207	1907	2012	2665	2159	1683	1840	1071	2011	2139	2855	1401	586	1997	2597	2582	682	3212	2071	1963	1864	2141	2090	2218	2196	1558	1267	801	1411	2088	1930	2062	2629	1872	2141	1817	1850	2020	2171	1892	2397	1824	407	2396	1877	2062	1967	2507	970	1066	2137	1463	783	732	2173	1736	2252	1530	2047	1492	2122	1092	2075	1493	2768	2045	1529	421	1772	1467	1194	1892	975	1477	3589	1937	2232	2045	2062	2919	1938	3009	532	1456	2877	1988	1778	1892	2691	1094	1880	1550	1471	2220	1633	2358	3146	2356	1014	2719	1988	2124	2073	3020	2058	2045	1431	2189	1856	1879	1991	1850	1693	3068	891	1878	3216	3090	2033	1089	1966	2099	1902	2338	1856	2321	1875	2053	2118	1886	774	1867	2418	2988	2058	1837	1450	2452	2134	2008	599	1897	1515	692	2137	1987	1334	2396	1874	1991	1885	2148	2166	1043	2087	1995	2069	2242	975	1970	2033	2165	1837	1879	2344	1790	2082	3230	3715	2370	2112	1781	2789	1707	2156	1476	2210	1023	2194	761	1844	3489	2252	2233	3586	1844	2316	1907	2099	350	2180	801	1984	1043	1520	463	1432	2779	2057	1806	1558	2139	1460	1713	1455	1650	2367	1910	1810	2471	2073	2090	2631	975	2246	1360
300	614	509	519	489	969	427	603	1521	820	731	635	283	684	444	956	754	1850	0	504	887	462	448	548	642	1531	627	1414	537	261	1822	686	1418	2238	147	1034	614	445	873	520	655	463	151	606	1545	655	398	649	2907	598	519	2484	566	535	667	459	242	1064	825	122	680	504	620	852	1431	670	682	711	475	856	1531	389	655	1778	306	2095	389	446	255	1713	1095	755	1702	725	645	997	469	2687	62	1630	1523	578	1180	916	2125	466	1052	1021	1542	1469	309	548	1145	765	501	405	359	335	612	1217	452	487	517	423	789	132	389	32	10	655	812	129	1075	259	1558	888	213	423	664	958	879	1658	762	523	1119	1787	689	654	434	787	606	370	519	857	633	539	921	324	890	1891	301	537	660	307	876	453	1911	1658	2482	280	423	1077	504	1349	1610	667	1124	451	1221	111	1157	786	148	537	568	407	233	516	1390	666	857	871	360	530	630	3764	247	607	949	2452	276	192	453	0	509	2165	965	133	1792	1648	187	765	963	1791	102	671	647	683	94	339	497	156	2108	314	659	1347	651	130	1028	885	763	499	1882	850	716	1322	762	649	517	888	118	459	277	394	685	832	448	464	242	427	876	568	731	687	130	192	572	478	447	2022	2207	531	480	746	1297	436	410	534	463	912	680	1531	329	1700	409	420	1826	760	716	1102	490	1586	427	1217	523	832	330	1398	829	1300	1676	234	454	578	2497	772	978	1741	558	67	249	1033	425	484	885	876	429	846
288	1046	27	760	174	1431	197	309	1474	1239	1218	144	748	1189	872	1458	268	1938	504	0	467	340	203	1051	148	1427	141	1048	982	744	1894	244	1052	1848	642	1529	328	305	1005	18	154	366	647	130	1567	154	252	145	3399	707	20	2815	1009	1039	365	86	439	1425	1001	382	413	0	503	928	1658	287	1131	1215	842	1360	1427	314	154	2158	199	1928	314	511	718	2079	1590	809	2073	1229	143	727	282	3040	443	1979	2015	202	917	1341	2075	86	681	659	1464	1277	331	1051	1638	279	170	463	515	476	706	1178	618	176	17	194	831	372	338	508	515	154	326	628	1560	762	1576	482	291	194	1169	1399	1034	2004	275	928	1332	1677	249	270	492	500	126	566	200	1153	158	963	982	279	1344	1867	251	474	810	197	1006	494	1655	2137	2938	334	194	1096	0	1073	1572	1093	951	91	1703	399	783	859	357	982	987	466	632	777	1215	433	939	950	181	198	156	4188	405	126	1383	2906	231	312	91	504	245	1665	1070	635	1387	1247	490	966	1466	2278	593	409	185	385	596	272	208	658	2003	192	531	1055	162	634	1466	1327	275	997	1808	373	1163	1560	275	145	708	482	620	86	781	343	243	910	203	86	439	480	1006	1072	227	244	634	312	484	977	198	1559	1849	623	211	318	905	922	337	465	366	915	1159	1427	185	1566	562	472	1651	301	377	1599	188	1620	356	1178	1024	910	608	1476	1259	902	2165	287	392	202	2835	378	684	2182	552	537	272	1499	206	180	712	1006	487	1257
590	1483	485	1226	399	1666	460	722	1868	1683	1618	455	1163	1535	1308	1826	237	2372	887	467	0	801	439	1392	446	1794	468	582	1412	1148	2323	223	587	1382	993	1824	297	467	1465	465	353	485	999	338	1985	353	720	385	3787	1171	468	3282	1441	1406	254	456	710	1886	1466	774	281	467	455	1381	2123	645	1561	1561	1294	1718	1794	523	353	2618	628	1538	523	628	1027	2541	1977	755	2535	1592	362	363	433	3505	837	2443	2406	311	520	1783	2449	449	225	214	1842	900	597	1392	2028	233	388	613	700	941	1170	1587	1085	402	468	464	758	762	535	903	897	353	212	987	1830	1139	1993	34	693	464	1514	1609	1497	2469	237	1372	1797	2029	218	636	618	857	342	1031	368	1619	310	1402	882	567	1772	2258	707	929	1276	614	1466	961	1221	2545	3368	621	464	932	467	650	1965	1533	633	464	2109	776	321	1315	746	1412	1428	615	1067	913	858	322	1394	875	532	357	312	4637	683	343	1822	3337	658	709	461	887	693	1335	1525	999	923	781	785	1433	1829	2676	950	290	515	251	962	552	390	1018	2347	624	448	623	319	1012	1904	1543	240	1322	2177	532	1594	2026	237	385	1176	34	986	456	1139	532	224	1364	439	451	710	613	1466	1411	342	223	1012	709	484	1361	440	1135	1382	689	408	607	437	1324	516	920	485	1352	1438	1794	631	1214	712	609	1266	547	196	1980	397	2041	511	1587	1358	1364	1067	1915	1698	435	2560	723	856	311	3301	681	994	2620	576	894	709	1738	462	404	465	1466	618	1704
463	814	318	455	484	1425	468	168	1168	985	1039	367	586	1083	655	1309	580	1603	462	340	801	0	486	965	377	1142	353	1384	769	605	1561	582	1388	2173	604	1460	653	570	665	339	454	626	607	464	1242	454	105	426	3195	370	335	2493	791	920	696	387	563	1130	665	382	739	340	792	588	1322	268	909	1109	587	1230	1142	547	454	1859	289	2259	547	724	717	1775	1413	1054	1771	1101	444	1064	563	2724	408	1668	1822	537	1255	1087	1775	393	1019	999	1169	1608	513	965	1456	588	486	670	683	210	368	864	308	484	335	464	1082	382	566	444	470	454	630	585	1514	664	1252	819	337	464	1066	1419	696	1692	584	686	996	1398	587	259	705	326	460	285	518	841	491	731	1232	473	1115	1557	202	136	476	309	666	167	1995	1920	2685	494	464	1366	340	1412	1263	853	1275	384	1499	415	1120	519	379	769	750	673	448	920	1543	753	599	1191	396	520	489	3902	537	459	1134	2651	286	351	387	462	118	1886	730	583	1710	1572	569	635	1325	2073	563	734	330	717	549	477	515	605	1725	282	826	1395	483	560	1217	1346	583	934	1515	495	937	1226	584	426	392	819	569	387	707	573	581	570	487	392	563	693	666	984	498	580	560	351	760	841	482	1846	2182	838	510	358	1237	761	577	127	626	584	1130	1142	254	1889	740	684	1982	401	715	1430	496	1293	601	864	949	570	357	1141	1012	1233	1965	266	56	537	2515	352	515	1921	802	525	260	1486	475	486	1030	666	699	996
153	1049	229	836	51	1289	22	500	1650	1252	1178	332	725	1105	875	1391	338	2086	448	203	439	486	0	963	333	1613	334	981	976	709	2046	249	985	1801	557	1416	184	102	1128	219	285	163	563	210	1729	285	382	299	3350	823	222	2882	1005	970	235	118	292	1471	1110	337	266	203	309	1064	1761	490	1125	1131	873	1285	1613	122	285	2199	223	1777	122	313	604	2127	1539	606	2118	1157	278	599	80	3097	399	2035	1967	133	791	1351	2255	116	613	584	1646	1128	172	963	1590	349	63	269	334	556	827	1349	709	47	220	27	629	325	146	464	457	285	393	550	1435	700	1739	440	263	27	1084	1247	1151	2061	347	944	1436	1865	251	472	295	698	213	641	72	1223	227	970	780	132	1335	2041	320	622	920	204	1129	612	1535	2105	2929	190	27	898	203	955	1747	1101	790	115	1669	337	719	994	308	976	997	272	637	593	1060	271	1074	747	106	83	225	4205	260	215	1388	2899	246	275	114	448	421	1741	1203	561	1350	1206	361	1065	1395	2237	512	259	384	254	524	117	49	580	2192	224	341	945	257	573	1469	1177	350	897	1991	555	1158	1658	347	299	798	440	548	118	704	148	248	1045	0	117	292	284	1129	983	360	251	573	275	284	922	4	1574	1781	422	32	519	855	884	139	614	163	1071	1035	1613	244	1403	373	275	1501	495	276	1543	45	1779	155	1349	931	1045	659	1623	1265	857	2121	309	528	133	2899	581	885	2184	349	456	298	1360	22	42	544	1129	291	1275
810	476	1058	756	1011	513	945	1125	1792	617	336	1184	397	143	450	441	1291	1963	548	1051	1392	965	963	0	1191	1849	1176	1859	414	366	1955	1212	1862	2676	410	495	1099	925	1084	1067	1200	916	405	1146	1752	1200	928	1196	2400	922	1067	2254	428	102	1147	999	682	915	1004	669	1143	1051	1023	1121	1423	1205	456	168	573	327	1849	869	1200	1508	854	2339	869	813	367	1470	610	984	1451	210	1190	1411	958	2418	610	1424	1031	1097	1570	668	2359	1006	1521	1486	1838	1777	796	0	663	1302	1024	803	719	775	942	1515	800	1008	1065	943	1017	679	858	549	538	1200	1349	423	555	302	1767	1386	760	943	122	551	1064	1452	1300	513	1180	2093	1214	1190	813	1286	1146	747	1035	871	1170	474	1091	831	573	2114	843	992	922	854	1088	886	2245	1194	2049	773	943	1251	1051	1733	1867	513	1454	991	770	652	1621	1074	693	414	493	803	531	646	1691	1116	1118	1038	894	1046	1168	3371	709	1147	674	2024	824	739	992	548	1038	2702	1179	416	2251	2109	606	935	439	1306	458	1133	1194	1158	455	846	1010	393	2393	862	1055	1743	1192	421	724	491	1301	84	2150	1397	478	1315	1300	1196	807	1386	431	1000	270	861	1211	1104	963	1004	682	813	1088	20	1277	1214	421	739	975	177	964	2524	2617	826	991	1286	1764	272	878	993	916	1227	231	1849	878	1939	732	813	2093	1305	1203	604	1008	1778	885	1515	40	1104	664	1566	596	1772	1188	780	938	1097	2257	1304	1461	1360	915	515	796	558	941	1004	1255	1088	811	654
435	1151	134	828	292	1579	332	275	1430	1337	1341	10	870	1326	981	1588	211	1925	642	148	446	377	333	1191	0	1367	23	1024	1093	871	1877	251	1029	1799	783	1672	407	434	1029	130	96	492	788	155	1541	96	322	62	3519	745	128	2870	1119	1173	429	227	587	1502	1037	521	483	148	607	939	1691	205	1241	1353	936	1494	1367	452	96	2233	337	1964	452	646	864	2151	1715	926	2146	1363	91	762	404	3102	580	2045	2137	277	944	1440	2021	225	671	657	1411	1316	478	1191	1762	218	283	601	659	556	740	1144	681	295	131	331	945	512	476	643	653	96	256	769	1705	897	1549	470	431	331	1306	1547	1063	2069	214	1028	1367	1610	257	193	628	425	149	644	305	1217	167	1067	1095	426	1452	1822	363	494	851	338	1029	544	1665	2252	3040	482	331	1197	148	1088	1528	1196	1008	234	1821	541	766	875	498	1093	1090	604	745	921	1262	513	952	1066	329	298	165	4273	553	147	1483	3007	366	453	234	642	260	1543	1083	775	1336	1200	638	1011	1599	2397	735	482	72	448	735	417	322	798	1934	328	629	1065	139	771	1567	1476	211	1139	1751	226	1272	1598	214	62	768	470	760	227	920	480	251	923	333	225	587	617	1029	1211	121	249	771	453	596	1108	328	1472	1815	755	331	197	873	1046	472	484	492	906	1305	1367	313	1618	703	608	1689	162	421	1726	305	1596	488	1144	1165	923	700	1469	1360	866	2285	414	434	277	2892	268	589	2279	674	680	398	1647	341	300	781	1029	624	1352
1606	1435	1399	1095	1598	2362	1598	1118	171	1450	1715	1360	1475	1907	1400	1990	1560	761	1531	1427	1794	1142	1613	1849	1367	0	1349	2331	1463	1519	691	1619	2336	2996	1639	2286	1754	1705	778	1417	1463	1764	1639	1515	385	1463	1247	1430	3451	949	1412	2119	1461	1761	1787	1500	1695	1325	865	1495	1838	1427	1923	728	1001	1162	1514	1927	1276	1971	0	1688	1463	1789	1431	3329	1688	1866	1760	1685	1994	2197	1700	1876	1458	2129	1693	2387	1497	1556	2273	1625	2308	1507	655	1504	2016	2008	80	2683	1655	1849	2012	1563	1596	1812	1820	1196	931	334	1092	1599	1414	1594	2225	1499	1708	1502	1535	1463	1582	1619	2377	1614	380	1823	1473	1594	1899	2392	810	1563	1559	1350	887	257	1624	1176	1847	942	1510	1168	1627	1099	1532	1398	2375	1616	1617	482	1342	1020	928	1452	773	1082	3008	2267	2768	1636	1594	2507	1427	2444	230	1431	2373	1500	1973	1528	2097	777	1502	1463	1390	1816	1373	2039	2630	1861	730	2334	1534	1626	1531	3711	1673	1508	1553	2726	1428	1483	1502	1531	1191	2320	692	1609	2556	2442	1685	930	2020	2438	1614	1835	1295	1807	1590	1619	1632	1625	582	1425	1954	2416	1507	1572	1609	2325	1555	1862	383	1273	1519	999	1559	1430	1055	1823	1600	1500	1674	1715	1618	745	1614	1503	1695	1836	773	1863	1454	1616	1572	1483	1895	1674	1608	2520	3063	1980	1631	1187	2173	1578	1718	1026	1764	629	2071	0	1396	2985	1877	1826	3055	1246	1787	2029	1611	437	1741	334	1855	745	1232	527	1492	2160	2365	1399	1117	1625	2159	1112	803	2073	1944	1598	1396	2406	1606	1603	2138	773	1842	1428
430	1130	124	805	295	1569	332	253	1411	1315	1322	13	851	1311	960	1571	234	1904	627	141	468	353	334	1176	23	1349	0	1047	1073	853	1855	270	1052	1822	770	1659	419	436	1005	123	116	496	774	168	1520	116	300	83	3500	721	121	2847	1098	1157	443	224	581	1479	1013	507	496	141	615	916	1668	187	1220	1337	914	1478	1349	452	116	2210	323	1983	452	647	853	2128	1696	932	2123	1346	109	780	408	3078	565	2022	2118	288	963	1418	2003	223	693	678	1392	1335	473	1176	1743	241	287	601	656	534	717	1124	658	298	124	331	952	498	476	627	638	116	279	755	1693	881	1528	492	418	331	1291	1539	1040	2046	237	1007	1344	1594	275	174	629	408	162	621	311	1194	183	1047	1102	421	1431	1803	344	470	827	326	1005	520	1686	2232	3019	476	331	1207	141	1109	1508	1175	1024	230	1801	528	789	852	485	1073	1069	604	725	918	1280	525	929	1073	323	306	181	4250	546	160	1462	2985	351	439	231	627	236	1563	1060	761	1360	1223	629	987	1582	2377	722	495	56	462	721	413	327	783	1917	314	639	1086	158	755	1546	1467	235	1125	1733	232	1251	1574	237	83	745	492	745	224	905	480	269	900	335	223	581	617	1005	1196	144	267	755	439	603	1091	330	1495	1839	757	335	188	896	1028	473	461	496	884	1293	1349	298	1635	702	609	1708	160	437	1708	309	1575	490	1124	1151	900	678	1447	1338	889	2266	398	410	288	2869	257	576	2257	678	667	382	1636	341	303	796	1005	624	1330
1115	2027	1067	1802	952	2023	1003	1299	2420	2231	2127	1033	1697	2000	1853	2301	812	2944	1414	1048	582	1384	981	1859	1024	2331	1047	0	1951	1674	2892	803	5	824	1494	2229	802	969	2048	1046	934	958	1500	919	2550	934	1300	965	4254	1754	1050	3857	1980	1893	748	1027	1198	2451	2048	1314	734	1048	836	1963	2706	1216	2097	2023	1854	2186	2331	1026	934	3180	1192	1079	1026	1045	1495	3107	2465	983	3099	2068	943	453	945	4076	1374	3014	2890	872	349	2329	2983	1019	370	397	2386	560	1105	1859	2518	806	944	1057	1140	1516	1752	2150	1664	954	1050	1008	964	1302	1028	1436	1422	934	773	1492	2211	1647	2558	565	1244	1008	1979	1944	2080	3039	810	1924	2380	2553	798	1208	1045	1416	924	1605	917	2194	892	1949	1014	1091	2304	2805	1279	1512	1858	1176	2048	1542	693	3046	3887	1134	1008	964	1048	283	2516	2079	552	1033	2612	1309	265	1897	1286	1951	1977	1057	1618	1270	578	752	1975	1037	1085	908	894	5179	1179	925	2364	3859	1221	1256	1030	1414	1275	1151	2107	1506	396	260	1274	2014	2297	3164	1456	743	1090	732	1474	1077	933	1521	2861	1190	804	238	901	1528	2443	1890	812	1780	2710	1060	2131	2608	810	965	1754	565	1496	1026	1634	1024	804	1946	980	1021	1198	1045	2048	1876	911	804	1528	1256	883	1863	982	755	802	1049	948	1164	157	1843	1007	1502	958	1929	1851	2331	1201	860	1127	1047	837	1101	705	2462	946	2608	993	2150	1821	1946	1635	2491	2242	171	3047	1285	1438	872	3875	1234	1527	3155	948	1405	1273	2093	1002	954	631	2048	1048	2255
835	83	978	407	1013	916	954	937	1393	286	284	1084	253	446	113	569	1250	1550	537	982	1412	769	976	414	1093	1463	1073	1951	0	283	1541	1200	1955	2775	487	824	1150	982	686	994	1135	999	482	1104	1342	1135	778	1120	2429	587	992	1968	29	314	1203	963	767	560	602	639	1217	982	1150	740	1025	1036	149	464	209	521	1463	926	1135	1248	791	2591	926	959	550	1188	648	1222	1175	414	1124	1532	1005	2161	578	1116	1053	1100	1713	379	1949	970	1587	1556	1445	1984	846	414	689	1261	1024	927	862	559	608	1128	507	1011	990	950	1257	651	925	515	529	1135	1308	481	914	343	1356	1416	718	950	439	964	661	1144	1257	114	767	1700	1203	1026	950	1049	1102	490	1046	458	1132	64	1365	859	361	1703	734	740	556	801	691	635	2436	1158	1957	817	950	1528	982	1882	1463	136	1642	955	731	642	1692	704	668	0	79	928	350	910	1901	1203	735	1311	879	1056	1130	3229	780	1102	412	1926	759	703	957	537	873	2636	778	465	2326	2182	697	534	593	1306	512	1208	1071	1219	489	874	1026	457	1991	796	1188	1882	1143	434	492	905	1257	458	1746	1258	182	915	1257	1120	475	1416	472	963	389	931	1199	725	977	968	767	945	691	422	1203	1200	434	703	1101	239	975	2538	2744	1018	1009	1126	1831	164	947	745	999	858	646	1463	798	2191	900	941	2329	1163	1250	669	1016	1366	963	1128	433	725	412	1152	292	1834	1197	697	723	1100	1978	1120	1196	1207	1072	555	712	952	954	1009	1411	691	946	316
562	364	745	428	749	860	687	769	1480	569	474	863	48	478	211	718	1004	1729	261	744	1148	605	709	366	871	1519	853	1674	283	0	1710	943	1678	2499	208	859	876	705	784	758	898	719	203	856	1468	898	580	888	2655	574	757	2248	312	315	928	711	485	833	716	375	940	744	867	798	1254	856	424	504	292	629	1519	648	898	1531	545	2314	648	676	294	1470	845	949	1458	499	887	1251	730	2444	311	1395	1270	837	1431	661	2068	718	1313	1282	1517	1702	568	366	894	1015	761	643	579	410	593	1189	442	746	755	683	984	386	646	244	252	898	1063	200	921	97	1482	1149	461	683	461	877	776	1423	1012	298	962	1770	946	842	667	922	855	383	780	670	884	299	1099	586	629	1826	509	626	594	552	788	520	2153	1399	2220	540	683	1261	744	1599	1561	418	1359	702	963	371	1418	743	403	283	329	645	165	652	1620	924	798	1046	618	790	882	3504	498	856	692	2190	514	443	705	261	688	2410	881	183	2053	1910	414	648	730	1536	229	931	862	943	205	600	758	179	2080	552	905	1600	899	151	770	808	1013	353	1842	1061	457	1142	1012	888	464	1149	189	711	159	651	942	779	709	716	485	662	788	384	971	944	151	443	818	239	708	2281	2464	739	741	941	1558	177	667	627	719	890	562	1519	560	1915	619	657	2050	967	978	855	751	1502	683	1189	357	779	302	1298	574	1562	1422	457	574	837	2259	951	1096	1480	789	273	473	913	686	744	1128	788	663	599
