NAME : VRPTW_INSTANCE_272.txt
COMMENT : Bangkok Supermarket
TYPE : VRPTW
DIMENSION : 306
DAYS : Friday
EDGE_WEIGHT_TYPE : EXPLICIT
VEHICLES : 36
EDGE_WEIGHT_FORMAT : FULL_MATRIX
CAPACITY : 1000
EDGE_WEIGHT_SECTION
0	861	999	1994	2005	1669	373	243	921	387	2255	3081	428	1606	368	676	477	252	3432	202	1126	883	1931	425	679	1384	1960	185	221	160	166	133	532	737	193	101	358	309	834	948	1211	539	1720	426	246	206	2159	344	381	82	491	577	371	768	258	282	1727	193	753	1814	193	1121	1896	507	609	2016	821	368	759	153	1268	233	258	713	1041	351	1118	506	219	959	2393	1392	626	1155	488	2525	119	14	97	126	2138	202	178	1606	402	993	2207	202	255	1213	2073	1379	385	401	1074	1073	652	124	245	418	1748	431	437	1176	347	595	412	240	1056	1101	402	1967	1727	368	863	202	314	1455	1727	63	1627	1379	378	219	855	418	309	685	1005	589	437	1975	401	1744	1242	1606	558	1121	414	614	394	1099	264	2030	511	328	373	171	248	1004	1105	633	1105	135	606	1206	362	165	582	215	350	92	1707	1128	499	855	376	2661	83	556	415	118	208	386	228	255	543	1528	517	776	1188	529	89	351	1633	437	637	1778	178	24	2255	525	210	425	185	577	972	1865	1912	481	405	1022	524	1064	344	590	173	451	2142	554	817	516	31	482	1171	584	1913	1221	601	863	91	722	385	350	189	479	725	683	439	1306	667	38	382	1014	783	1115	1748	103	1044	585	1429	214	1144	258	954	497	889	889	210	201	405	218	1913	3153	1939	1975	211	180	222	79	3102	212	488	404	1001	1647	465	382	290	310	124	968	404	309	2309	1010	305	379	248	978	330	464	97	127	165	307	991	2091	1213	364	412	1090	614	393	265	620
861	0	1861	2727	2704	2497	746	732	1625	1222	3038	3838	1282	2281	754	1034	719	854	4235	956	1968	1502	1480	928	695	2230	2734	1026	1063	701	703	779	1315	1591	1048	762	778	1150	1660	1797	401	1318	2581	1155	732	1059	2948	779	748	886	731	1434	1191	642	1114	583	2588	758	666	2589	1048	1947	1499	1366	488	2864	274	754	1591	1007	1876	696	1114	1438	1877	795	1979	1283	834	498	3144	2150	1478	2003	1277	3386	754	847	774	914	2807	956	956	2281	492	1826	3032	956	698	2055	2886	2225	1199	665	1936	1542	1425	985	1104	853	1077	935	937	1955	781	270	831	732	1892	1835	825	1514	2588	754	1575	956	884	2199	2588	828	2346	2145	1222	834	574	853	897	1543	1810	1358	1216	2701	657	2526	1902	2281	1409	1947	925	944	655	1945	1075	2825	473	775	762	739	1055	1802	382	1482	790	996	375	487	777	975	1423	711	782	887	2478	1767	1302	1608	762	3509	848	1332	1228	897	842	1198	1027	729	1318	710	1113	1578	332	710	820	782	2400	1129	1486	2552	981	845	3039	1328	837	928	1026	1335	1817	2572	1264	1322	838	212	702	1879	779	1372	977	1236	2875	1232	1675	1079	831	722	2002	488	1110	1994	1379	1575	911	1027	510	520	1050	936	219	1514	1235	2132	269	830	517	1821	1596	1968	2449	882	1831	1349	2287	832	1982	1114	181	721	1726	29	739	1061	838	1054	2763	4005	2799	2701	999	752	738	886	3956	981	1277	843	1805	2376	1206	1072	571	893	985	1804	477	894	3143	1728	894	773	1055	1790	678	1323	888	957	975	891	1785	2842	2055	757	1210	1909	944	917	1026	894
999	1861	0	1325	1410	823	1223	1172	768	665	1481	2315	595	1151	1214	1253	1315	1079	2564	948	354	985	2702	1107	1506	497	1244	841	805	1159	1158	1089	668	299	818	1100	1191	734	384	253	2204	672	725	851	1175	804	1338	1181	1227	983	1318	433	724	1639	753	1279	732	1125	1593	1066	818	396	2635	503	1538	1073	1793	1214	428	854	1145	1192	753	766	310	1173	139	697	1070	1879	1682	854	405	269	681	1525	1110	1013	1090	965	1585	948	927	1151	1386	321	1327	948	1193	395	1235	494	723	1295	75	1283	631	875	757	1171	2659	1106	1108	616	1181	1595	1185	1163	313	782	1183	2735	732	1214	790	948	1071	934	732	1034	1064	767	667	1069	1757	1171	1057	342	464	669	734	1325	1300	990	1023	1151	488	396	1102	1268	1296	309	812	1204	1476	1174	1212	1132	831	545	2076	411	1954	864	1582	2169	1194	899	502	1169	1182	984	993	1019	668	683	1214	1705	1017	670	704	981	1058	727	860	1181	680	2517	986	542	2188	1380	1045	1183	940	878	407	1040	896	1015	1482	653	1064	1107	841	699	232	1276	2821	568	1174	2014	1363	428	1181	638	899	715	1451	857	232	1027	1029	1318	440	1529	2892	657	642	790	954	1312	1373	1344	812	1146	1717	440	702	494	1657	1031	1368	455	457	252	1200	992	599	683	442	1070	384	753	1949	1329	304	1888	1146	801	1174	817	941	2180	949	1325	889	1132	1159	983	2124	923	681	1169	469	1055	788	928	1290	1060	875	299	1394	1059	1399	799	1057	1207	831	430	1255	545	985	909	899	1060	505	1414	395	1210	736	416	1268	1113	896	1316
1994	2727	1325	0	164	1786	1981	2231	1102	1617	2340	3035	1756	485	1973	1741	2015	2187	3035	2058	1615	2302	2908	1798	2110	1569	2238	1810	1776	2119	2095	2007	1462	1373	1887	2084	1949	1869	1203	1576	3124	1456	1294	2066	2235	1800	393	1949	1978	2027	2006	1514	1902	2757	1844	2202	1299	2004	2182	281	1887	963	2801	1672	2265	1697	2544	1973	1739	1850	2462	2227	1844	2070	1063	1933	1346	1490	1918	2505	2588	2087	1450	1056	1506	1484	2110	2003	2090	2035	326	2058	1834	485	2249	1089	2030	2058	2049	1604	2055	1570	1910	2061	1301	2602	1342	1895	1781	1874	3131	1791	1789	827	1947	2512	1896	2016	1052	2096	1902	2930	1299	1972	2112	2058	1849	2158	1299	1990	381	621	1828	1918	2849	1874	1838	1592	1015	1407	1559	42	2069	349	2333	485	1710	963	1802	1818	2071	1581	1730	383	2500	1954	1965	2035	1747	1862	2779	1431	3094	1884	2583	2835	1950	1833	1749	2049	1946	2034	332	2342	1907	2007	1965	2044	1959	1439	1905	2045	1913	1916	1770	2243	1452	3437	1613	1859	3051	2504	1984	1946	388	1609	1428	295	1822	1996	2342	1902	1918	1798	1810	1423	1160	187	3901	1540	1888	2801	2041	982	1949	1404	1827	1544	148	1499	1533	1648	2024	2013	1690	2577	3837	779	1393	2112	1909	1772	2361	2244	1862	1794	2669	1345	1554	831	2620	2006	2361	1011	1229	1504	303	2046	1911	1412	1068	1921	1640	1844	2873	2016	1188	2748	2018	1856	1888	1777	905	2320	1404	42	1792	2172	2212	2025	2245	2039	1506	1884	1017	351	1547	2121	2230	1841	1895	1121	2269	1841	2001	2123	1842	1954	1747	1051	2321	1696	2037	1868	1833	1844	1017	2414	1604	1970	1941	970	1818	2278	2039	1876
2005	2704	1410	164	0	1921	1961	2246	1093	1638	2488	3194	1798	424	1953	1697	1986	2210	3199	2084	1717	2374	2804	1777	2066	1690	2377	1824	1792	2121	2095	2007	1474	1426	1912	2091	1931	1905	1246	1663	3104	1466	1439	2110	2249	1818	550	1932	1958	2044	1976	1556	1944	2772	1874	2197	1444	1999	2134	418	1912	1030	2696	1719	2232	1850	2508	1953	1811	1866	2554	2238	1874	2136	1130	1915	1445	1499	1912	2455	2736	2199	1492	1143	1518	1649	2119	2013	2099	2055	181	2084	1839	424	2235	1150	2184	2084	2039	1712	2203	1691	1952	2040	1393	2673	1354	1913	1803	1851	3054	1770	1767	865	1929	2500	1873	2007	1120	2189	1880	2826	1444	1953	2188	2084	1837	2272	1444	1996	380	666	1868	1912	2859	1851	1827	1654	1058	1416	1568	129	2048	476	2428	424	1764	1030	1781	1779	2051	1680	1740	548	2504	1938	1945	2033	1757	1953	2733	1472	3110	1902	2582	2784	1931	1841	1806	2043	1928	2052	437	2429	1958	2085	1945	2208	1964	1449	1950	2064	1908	1958	1778	2257	1462	3414	1593	1933	3023	2524	1987	1928	473	1603	1469	422	1829	2005	2491	1955	1913	1777	1824	1428	1227	142	3901	1568	1866	2767	2009	1037	1932	1417	1834	1554	232	1488	1607	1625	2034	1984	1795	2583	3814	816	1405	2188	1918	1724	2362	2235	1884	1768	2659	1380	1566	920	2612	2014	2363	1056	1262	1605	257	2064	2004	1419	1191	1915	1743	1874	2856	1986	1242	2723	2012	1880	1866	1791	1064	2485	1559	129	1799	2185	2226	2042	2409	2066	1518	1862	1059	370	1548	2160	2227	1829	1913	1181	2257	1829	2158	2209	1831	1933	1757	1096	2335	1740	2055	1878	1841	1832	1052	2554	1712	1951	1985	1030	1779	2309	2070	1835
1669	2497	823	1786	1921	0	1970	1764	1580	1425	659	1491	1244	1805	1962	2060	2071	1645	1770	1541	548	1163	3503	1886	2273	326	462	1557	1527	1823	1835	1787	1473	1105	1476	1757	1940	1361	1206	736	2780	1478	521	1349	1765	1512	1611	1929	1975	1623	2078	1195	1309	2104	1412	1946	519	1836	2359	1506	1476	1121	3442	1179	2265	422	2491	1962	911	1552	1026	1800	1412	1095	1076	1924	689	1499	1802	2616	874	509	1191	944	1478	1149	1756	1683	1739	1589	2102	1541	1655	1805	2071	1109	538	1541	1905	466	416	329	1300	2031	767	1372	1451	1554	1461	1940	3407	1886	1889	1343	1929	2227	1950	1880	1071	768	1946	3536	519	1962	995	1541	1829	535	519	1720	1669	1416	1290	1801	2234	1940	1814	1008	1249	1483	1523	1804	2034	1444	892	1805	1114	1121	1879	2064	2029	584	1556	1502	2049	1918	1961	1830	1573	703	2774	1205	2359	1545	2159	2875	1944	1621	1086	1872	1931	1620	1489	995	1194	923	1963	1034	1713	1479	1270	1606	1788	1301	1599	1768	1487	3073	1789	919	2801	1875	1738	1932	1473	1671	1202	1499	1622	1690	661	1168	1794	1886	1557	1513	1033	1817	3225	1341	1939	2679	2121	1187	1929	1451	1623	1505	1866	1668	887	1827	1694	2075	497	2075	3410	1370	1457	995	1654	2119	1986	2015	1486	1931	2315	1255	1488	1094	2254	1706	1979	1236	1281	595	1786	1622	688	1497	744	1800	527	1412	2543	2088	1122	2526	1856	1474	1939	1542	981	1539	561	1804	1625	1746	1758	1624	1501	1516	1478	1935	1255	1640	1585	1434	1945	1818	1554	1097	2072	1816	646	873	1814	1959	1573	1223	1826	1220	1619	1616	1621	1817	1295	641	466	1957	1286	1161	2064	1611	1470	2106
373	746	1223	1981	1961	1970	0	511	879	558	2582	3416	737	1540	9	368	107	588	3741	574	1421	1256	1570	183	313	1665	2295	416	443	315	275	243	597	928	530	351	34	650	953	1234	1143	598	1946	799	514	462	2207	42	8	452	119	793	724	940	583	298	1953	182	394	1846	530	1231	1530	791	319	2286	593	9	1078	430	1641	469	583	1081	1174	53	1357	564	172	655	2734	1740	819	1313	567	2723	379	363	377	498	2070	574	315	1540	281	1121	2505	574	146	1504	2383	1661	739	81	1298	1437	696	445	513	113	1440	191	194	1216	42	545	92	140	1188	1461	83	1605	1953	9	1230	574	155	1807	1953	309	1600	1402	709	173	983	113	169	962	1084	631	506	1955	89	1784	1612	1540	863	1231	179	284	90	1387	416	2086	620	52	16	218	398	1341	866	815	1255	451	664	952	32	351	900	183	41	462	1734	1500	852	1214	16	2925	295	610	769	487	186	741	371	521	596	1456	368	1118	1072	766	283	41	1656	393	819	1808	349	349	2583	877	181	183	416	605	1129	1828	1957	655	96	840	156	1158	42	650	348	527	2129	488	1087	336	367	111	1478	707	1855	1253	655	1230	338	395	477	303	508	204	707	820	532	1414	667	337	482	1096	881	1388	1705	470	1387	620	1616	175	1443	583	895	126	1030	767	170	519	96	428	2067	3404	2172	1955	344	460	495	450	3348	585	567	100	1078	1630	478	754	335	166	445	1103	305	166	2596	1374	168	28	398	1068	563	752	466	365	351	165	1055	2434	1504	13	772	1190	284	730	638	269
243	732	1172	2231	2246	1764	511	0	1164	616	2311	3120	577	1848	511	864	597	124	3504	229	1241	823	1978	623	771	1503	2008	422	455	196	236	295	772	937	364	179	512	439	1055	1077	1037	779	1876	424	3	431	2385	500	520	206	615	775	465	526	423	259	1882	343	826	2044	364	1339	1958	669	633	2137	770	511	862	381	1213	49	423	716	1254	513	1279	747	413	956	2427	1426	831	1355	727	2690	146	237	160	210	2380	229	419	1848	385	1208	2299	229	365	1328	2153	1499	472	501	1245	952	892	337	457	594	1721	631	636	1409	503	464	581	374	1268	1116	570	2014	1882	511	860	229	515	1480	1882	269	1867	1614	508	413	619	594	515	837	1233	830	679	2213	497	1973	1213	1848	695	1339	613	789	489	1220	506	2254	303	483	519	301	490	1069	1040	842	864	348	410	1147	515	408	702	328	507	200	1940	1086	570	881	521	2781	302	796	499	196	407	470	471	12	784	1347	746	845	1040	288	287	507	1865	676	846	2009	421	247	2311	596	406	623	422	819	1177	2105	1684	702	578	922	634	1287	500	829	416	692	2378	795	966	738	217	603	1271	360	1719	1455	840	860	333	901	222	315	381	672	556	905	679	1522	494	243	215	1241	1011	1249	1989	189	1099	827	1612	408	1253	423	788	616	1102	762	347	389	578	455	2105	3280	2088	2213	454	63	20	208	3232	254	727	578	1230	1886	708	345	234	514	337	1181	371	514	2411	1013	510	529	490	1203	89	628	198	369	408	511	1222	2123	1328	509	479	1311	789	236	295	780
921	1625	768	1102	1093	1580	879	1164	0	583	2240	3067	811	685	871	686	920	1144	3271	1028	1111	1475	2063	698	1040	1257	2012	747	719	1029	1002	914	403	557	856	1002	847	881	390	956	2021	394	1342	1108	1167	749	1337	847	877	968	912	601	939	1689	833	1103	1349	905	1120	973	856	506	1979	759	1172	1762	1454	871	978	792	1763	1152	833	1229	514	830	893	421	818	1444	2448	1593	550	665	446	2009	1031	927	1012	986	1218	1028	749	685	1146	474	2054	1028	947	1162	1982	1255	952	960	815	1757	294	841	745	775	2147	691	690	376	844	1410	796	914	523	1440	802	2093	1349	871	1331	1028	746	1674	1349	907	723	533	866	818	1770	775	736	787	346	343	487	1078	968	916	1668	685	833	506	701	748	970	1066	659	1222	1412	851	863	939	674	1220	1704	526	2026	832	1488	1771	848	755	887	950	843	977	860	1618	997	1249	863	2346	873	377	960	993	815	958	692	1176	387	2335	513	1091	1951	1449	896	843	783	509	525	935	743	919	2242	1004	819	698	747	347	547	956	2807	543	788	1709	951	423	847	354	748	476	1251	396	822	550	948	919	1196	1492	2734	400	340	1331	831	731	1269	1143	825	699	1567	424	493	646	1520	926	1270	361	333	1018	835	990	1279	342	966	822	1141	833	1770	924	463	1647	919	823	788	715	1308	2778	1562	1078	711	1101	1144	966	2712	1014	446	783	339	751	457	1137	1133	738	841	483	1167	738	2103	1411	739	852	674	363	1251	762	981	795	755	741	299	2182	1162	868	992	457	748	1258	1029	806
387	1222	665	1617	1638	1425	558	616	583	0	2054	2893	275	1253	550	659	653	572	3194	448	878	945	2081	461	850	1113	1779	202	165	534	522	442	182	375	275	485	526	303	447	690	1589	191	1390	533	619	184	1772	516	562	410	658	235	371	1139	249	642	1397	467	937	1429	275	735	2026	277	873	1728	1131	550	574	236	1283	616	249	711	658	508	798	173	405	1214	2223	1256	263	781	143	2177	506	398	485	417	1779	448	267	1253	734	609	1956	448	534	958	1840	1109	385	630	740	1206	291	278	165	515	1997	461	465	793	516	966	526	501	673	1018	524	2115	1397	549	841	448	408	1330	1397	400	1257	998	305	405	1235	515	394	421	619	242	136	1600	634	1358	1215	1253	362	735	453	646	631	841	148	1643	899	508	548	482	168	848	1413	262	1476	267	993	1504	529	246	414	513	518	417	1324	1134	458	785	549	2366	375	208	400	427	394	391	197	627	200	1907	395	650	1554	887	403	518	1249	266	266	1393	240	394	2055	474	400	461	202	245	595	1496	2297	100	516	1360	702	676	516	230	244	131	1764	323	537	426	418	656	943	969	2295	840	243	841	315	718	771	701	246	508	1106	297	107	920	1049	407	769	627	396	835	1383	429	902	245	1071	406	902	249	1331	668	506	1248	488	242	516	171	1541	2846	1615	1600	226	558	597	408	2790	432	143	511	615	1274	206	555	660	397	278	585	746	396	2042	957	394	543	168	590	705	251	419	269	246	397	606	1929	958	545	428	703	646	677	445	684
2255	3038	1481	2340	2488	659	2582	2311	2240	2054	0	839	1845	2427	2574	2702	2686	2186	1202	2101	1179	1581	4136	2515	2892	984	307	2165	2139	2400	2417	2380	2119	1756	2067	2334	2554	1946	1864	1366	3279	2125	1051	1886	2311	2119	2095	2542	2588	2198	2694	1832	1884	2566	2006	2520	1045	2434	2976	2070	2067	1774	4080	1793	2862	654	3067	2574	1504	2154	1298	2352	2006	1600	1734	2539	1348	2143	2410	3213	250	890	1835	1598	2120	1284	2328	2268	2314	2160	2665	2101	2266	2427	2651	1768	351	2101	2502	1106	285	987	1872	2637	1426	1696	2105	2149	2068	2563	4003	2515	2519	1993	2543	2774	2571	2480	1728	1207	2566	4170	1045	2574	1467	2101	2448	850	1045	2311	2279	2048	1880	2410	2696	2563	2434	1633	1907	2133	2162	2364	2639	2018	1207	2427	1719	1774	2507	2700	2633	1220	2177	2009	2572	2530	2575	2423	2192	1251	3346	1850	2771	2141	2680	3451	2558	2230	1682	2466	2545	2193	2074	1342	1759	1430	2577	827	2309	2127	1841	2176	2397	1872	2216	2313	2134	3552	2431	1479	3322	2367	2332	2546	2071	2309	1847	2069	2233	2278	2	1733	2402	2515	2165	2162	1692	2400	3602	1977	2561	3233	2737	1843	2542	2101	2233	2145	2397	2316	1522	2468	2276	2690	1111	2583	3857	2016	2108	1467	2253	2762	2533	2589	2082	2562	2841	1908	2127	1731	2781	2293	2525	1893	1938	1245	2386	2193	1214	2147	1367	2408	1154	2006	3059	2704	1781	3067	2454	2070	2561	2154	1454	1265	947	2364	2240	2303	2308	2199	1258	2079	2120	2557	1913	2245	2226	1966	2514	2438	2149	1757	2648	2436	467	1318	2433	2574	2192	1882	2359	1831	2191	2220	2230	2437	1953	277	1106	2570	1850	1816	2700	2124	2028	2739
3081	3838	2315	3035	3194	1491	3416	3120	3067	2893	839	0	2678	3193	3408	3541	3521	2995	587	2919	2019	2349	4974	3353	3727	1817	1120	2999	2974	3221	3241	3209	2959	2594	2895	3156	3389	2774	2697	2206	4052	2964	1803	2697	3120	2953	2734	3376	3422	3021	3529	2671	2709	3326	2836	3340	1797	3263	3810	2784	2895	2588	4919	2630	3690	1363	3885	3408	2337	2986	2014	3163	2836	2404	2555	3374	2180	2982	3243	4040	694	1694	2674	2413	2959	1712	3148	3094	3135	2981	3361	2919	3101	3193	3472	2593	1034	2919	3331	1945	1084	1820	2696	3468	2258	2406	2942	2978	2902	3400	4827	3354	3357	2799	3377	3579	3408	3310	2549	2004	3403	5008	1797	3408	2263	2919	3284	1640	1797	3139	3035	2831	2710	3243	3454	3400	3271	2471	2728	2971	3001	3065	3470	2743	1953	3193	2554	2588	3345	3539	3464	2059	3013	2673	3367	3364	3409	3250	3028	2078	4160	2689	3495	2971	3472	4267	3392	3064	2515	3294	3380	3015	2808	2092	2582	2240	3411	1086	3138	2966	2665	2997	3230	2695	3052	3121	2973	4309	3271	2304	4108	3149	3160	3380	2817	3149	2686	2790	3067	3104	838	2556	3235	3353	2999	3001	2521	3124	4283	2817	3397	4039	3571	2660	3376	2940	3067	2984	3066	3155	2361	3307	3101	3525	1950	3370	4588	2818	2946	2263	3084	3601	3340	3408	2912	3401	3634	2745	2966	2524	3576	3120	3332	2714	2772	2083	3129	3014	2036	2986	2156	3241	1993	2836	3845	3538	2613	3868	3283	2900	3397	2989	2130	1217	1641	3066	3076	3118	3119	3022	1259	2897	2959	3393	2734	2997	3066	2774	3331	3274	2978	2584	3467	3273	1036	2110	3269	3409	3028	2705	3162	2667	3013	3052	3064	3273	2775	997	1945	3404	2672	2632	3539	2921	2845	3578
428	1282	595	1756	1798	1244	737	577	811	275	1845	2678	0	1442	729	914	842	484	3011	352	699	675	2301	690	1048	955	1558	320	297	587	594	542	439	390	236	523	710	138	553	519	1612	448	1302	311	580	274	1858	697	743	395	851	242	146	1053	170	710	1308	592	1131	1537	236	810	2254	93	1022	1588	1249	729	341	309	1008	599	170	437	715	695	702	439	565	1373	1997	1010	306	795	408	2114	528	442	509	372	1953	352	422	1442	830	677	1782	352	661	785	1652	950	154	792	667	948	521	310	224	728	2164	693	697	933	699	1013	733	636	729	753	727	2336	1308	729	566	352	610	1081	1308	477	1420	1137	75	564	1167	728	597	261	742	491	411	1745	794	1463	942	1442	130	810	681	888	788	670	347	1724	881	685	730	586	358	606	1533	326	1379	301	988	1633	714	385	163	628	701	395	1441	859	188	514	732	2233	469	462	152	389	551	159	378	585	459	1924	662	391	1604	793	494	702	1373	534	329	1505	389	448	1846	200	556	690	320	504	628	1656	2235	271	723	1450	892	775	697	469	389	405	1898	599	393	688	455	846	747	933	2296	983	483	566	410	972	783	778	242	743	1127	421	381	982	1066	465	778	745	540	687	1553	401	655	499	1036	562	717	170	1359	860	573	1310	612	230	723	313	1532	2725	1517	1745	400	539	564	395	2674	327	408	720	740	1428	481	366	714	599	310	647	833	598	1882	685	595	730	358	705	659	59	395	374	385	598	746	1699	785	725	187	792	888	536	305	918
1606	2281	1151	485	424	1805	1540	1848	685	1253	2427	3193	1442	0	1533	1273	1563	1823	3275	1701	1492	2060	2429	1356	1642	1527	2267	1429	1399	1714	1686	1598	1080	1095	1528	1688	1510	1535	905	1400	2682	1072	1390	1752	1852	1428	831	1512	1537	1650	1552	1205	1583	2374	1497	1784	1396	1586	1710	514	1528	755	2325	1371	1808	1829	2084	1533	1510	1473	2286	1837	1497	1816	845	1495	1221	1102	1499	2031	2665	1993	1142	909	1124	1803	1716	1612	1697	1666	534	1701	1435	0	1816	849	2160	1701	1623	1507	2144	1527	1593	1618	1155	2356	962	1521	1418	1430	2646	1349	1346	543	1510	2082	1452	1592	839	1929	1459	2453	1396	1532	1888	1701	1420	2071	1396	1592	171	395	1507	1498	2456	1430	1410	1336	728	1020	1169	449	1627	509	2169	0	1427	755	1361	1354	1629	1450	1342	762	2096	1519	1524	1621	1358	1692	2309	1120	2711	1511	2170	2361	1511	1440	1475	1629	1508	1659	431	2150	1614	1791	1524	2291	1559	1054	1595	1673	1496	1599	1377	1860	1066	2990	1174	1633	2599	2131	1581	1508	391	1191	1118	485	1428	1604	2429	1615	1500	1356	1429	1029	936	304	3487	1193	1445	2342	1585	733	1512	1025	1433	1157	622	1074	1314	1204	1633	1561	1577	2177	3391	497	1013	1888	1516	1300	1952	1819	1499	1345	2241	1021	1172	715	2196	1611	1953	730	903	1380	182	1672	1748	1022	1063	1502	1521	1497	2436	1563	923	2300	1598	1495	1445	1396	1126	2635	1559	449	1396	1786	1828	1648	2562	1685	1124	1441	727	219	1142	1793	1814	1413	1521	878	1838	1413	2163	1931	1414	1512	1358	768	1936	1385	1662	1479	1440	1416	708	2446	1507	1530	1629	738	1354	1930	1695	1411
368	754	1214	1973	1953	1962	9	511	871	550	2574	3408	729	1533	0	365	113	586	3732	570	1413	1252	1577	176	320	1657	2288	409	435	315	274	240	588	919	523	349	25	644	944	1226	1151	589	1937	794	514	454	2198	33	13	448	125	784	717	943	576	301	1944	179	401	1837	523	1222	1536	783	328	2277	602	0	1070	423	1636	469	576	1076	1164	43	1348	555	165	664	2726	1733	810	1304	558	2714	378	358	374	494	2062	570	307	1533	287	1112	2497	570	146	1496	2374	1653	733	90	1289	1434	687	439	505	107	1449	183	186	1207	33	552	86	138	1179	1454	77	1612	1944	0	1225	570	145	1800	1944	305	1592	1393	702	166	988	107	160	953	1075	622	497	1947	98	1775	1606	1533	855	1222	171	282	99	1379	407	2077	624	44	9	215	389	1333	875	806	1259	444	669	961	23	344	893	182	32	458	1725	1495	846	1207	11	2916	290	600	763	483	179	735	363	521	586	1464	360	1111	1081	768	278	31	1648	384	810	1800	341	344	2575	871	174	176	409	595	1120	1820	1964	646	90	850	163	1149	33	641	341	517	2121	479	1078	328	364	117	1470	711	1863	1244	645	1225	332	394	481	308	501	198	714	810	523	1405	674	333	485	1087	872	1379	1697	466	1380	611	1607	168	1434	576	903	132	1020	775	168	512	90	420	2057	3395	2163	1947	336	459	494	446	3339	581	558	93	1069	1622	469	750	338	156	439	1094	312	157	2588	1368	159	21	389	1059	564	744	462	358	344	156	1045	2427	1496	4	766	1181	282	729	633	269
676	1034	1253	1741	1697	2060	368	864	686	659	2702	3541	914	1273	365	0	331	922	3817	874	1522	1531	1448	252	369	1738	2433	624	632	670	630	572	586	957	771	690	357	876	907	1335	1434	582	1941	1073	868	665	2013	368	360	758	315	870	956	1308	803	667	1948	521	441	1648	771	1142	1382	935	547	2324	814	365	1233	661	1900	827	803	1324	1112	353	1393	561	460	765	2878	1915	868	1266	582	2667	722	671	714	800	1786	874	537	1273	632	1061	2579	874	509	1597	2476	1735	972	419	1322	1746	631	698	706	271	1465	245	240	1060	364	883	285	493	1125	1668	296	1481	1948	365	1467	874	362	1988	1948	620	1362	1216	916	460	1347	271	367	1075	979	585	540	1711	427	1596	1850	1273	1019	1142	263	91	433	1482	570	1902	987	383	356	563	563	1507	1037	854	1619	697	1022	1095	354	573	1069	540	361	769	1535	1754	1074	1427	354	2944	594	583	998	794	469	976	550	875	574	1733	270	1304	1336	1131	595	360	1458	394	858	1610	563	657	2703	1096	468	252	624	554	1098	1573	2286	726	287	1072	335	1060	368	615	566	557	1886	396	1180	234	684	327	1592	1073	2132	1086	612	1467	606	59	845	667	740	197	1043	814	576	1309	1012	651	850	994	826	1464	1448	780	1561	571	1580	465	1548	803	1203	323	994	1049	518	748	287	617	1977	3402	2167	1711	537	807	846	755	3340	877	582	286	973	1398	475	1048	704	367	698	1053	659	368	2653	1597	372	344	563	977	925	905	773	608	573	369	939	2586	1597	366	1012	1095	91	1065	923	140
477	719	1315	2015	1986	2071	107	597	920	653	2686	3521	842	1563	113	331	0	683	3842	677	1522	1360	1463	228	207	1764	2401	521	547	405	366	346	673	1018	637	447	132	757	1030	1335	1120	674	2035	904	600	567	2255	144	99	556	17	888	831	989	690	362	2042	284	289	1893	637	1302	1423	894	253	2382	534	113	1183	537	1746	553	690	1188	1249	147	1450	641	279	566	2839	1847	910	1392	647	2805	474	467	474	602	2087	677	420	1563	304	1196	2605	677	236	1605	2485	1760	846	99	1390	1535	764	552	618	152	1344	233	234	1270	143	552	134	240	1263	1568	133	1498	2042	113	1337	677	244	1914	2042	414	1633	1450	816	279	1020	152	259	1063	1150	701	588	1987	105	1833	1718	1563	967	1302	229	239	113	1488	515	2137	666	158	111	316	498	1447	795	905	1292	558	694	874	128	456	1005	277	141	566	1780	1606	959	1321	109	3019	401	683	876	590	292	848	472	606	670	1427	408	1225	1036	836	388	140	1702	461	909	1855	453	453	2687	984	288	228	521	673	1210	1856	1958	747	144	789	50	1226	144	723	453	608	2162	541	1186	370	470	5	1580	752	1827	1305	726	1337	445	343	530	346	615	221	712	902	617	1482	681	441	536	1162	955	1487	1732	573	1493	689	1699	282	1544	690	881	19	1109	737	270	626	144	532	2140	3496	2262	1987	446	551	582	554	3439	690	647	149	1144	1665	551	857	398	256	552	1180	331	257	2695	1481	259	112	498	1137	640	855	569	471	456	256	1117	2540	1605	118	879	1259	239	824	743	205
252	854	1079	2187	2210	1645	588	124	1144	572	2186	2995	484	1823	586	922	683	0	3381	134	1127	704	2092	672	869	1389	1884	398	425	281	318	351	743	862	300	237	583	347	995	967	1146	751	1772	300	125	395	2323	569	597	181	700	701	359	576	349	370	1778	408	930	1989	300	1273	2069	578	747	2022	895	586	748	352	1095	170	349	591	1184	580	1179	722	461	1076	2302	1301	760	1276	699	2588	209	254	211	157	2351	134	426	1823	502	1141	2178	134	447	1213	2031	1385	363	592	1150	852	860	303	407	655	1845	679	685	1361	573	587	646	447	1198	991	635	2128	1778	586	735	134	561	1355	1778	302	1830	1567	411	461	684	655	558	738	1179	802	657	2172	589	1916	1091	1823	594	1273	661	853	581	1107	487	2191	408	552	593	370	475	947	1165	774	909	312	519	1272	586	405	595	406	576	171	1887	965	454	757	596	2665	331	768	388	152	453	360	463	126	757	1451	769	725	1156	318	326	577	1815	682	778	1955	418	268	2187	478	453	672	398	796	1102	2069	1754	647	641	1046	724	1227	569	797	413	667	2333	797	865	768	239	689	1154	451	1817	1408	810	735	339	963	346	432	326	725	670	847	651	1452	609	271	338	1185	959	1140	1956	158	976	802	1521	456	1138	349	901	703	1034	884	418	331	641	429	2017	3165	1981	2172	453	138	125	184	3118	157	699	641	1176	1846	698	220	351	558	303	1112	490	557	2292	888	553	601	475	1146	183	539	167	362	405	555	1172	1998	1213	583	364	1248	853	143	185	852
3432	4235	2564	3035	3199	1770	3741	3504	3271	3194	1202	587	3011	3275	3732	3817	3842	3381	0	3290	2319	2783	5265	3654	4043	2082	1510	3326	3297	3582	3597	3553	3230	2859	3241	3517	3711	3123	2930	2506	4482	3234	1937	3080	3505	3281	2689	3699	3746	3381	3848	2962	3066	3768	3178	3704	1929	3604	4129	2814	3241	2769	5199	2950	4034	1508	4251	3732	2673	3321	2483	3544	3178	2798	2757	3695	2425	3257	3572	4385	1158	2092	2953	2605	3239	1583	3513	3446	3497	3344	3351	3290	3426	3275	3832	2801	1239	3290	3673	2237	1359	2086	3054	3801	2497	2882	3194	3321	3230	3709	5176	3654	3657	2958	3700	3969	3720	3648	2748	2409	3716	5298	1929	3732	2669	3290	3599	2052	1929	3486	3107	2950	3054	3571	3898	3709	3585	2779	2924	3233	3287	3070	3804	2788	2402	3275	2882	2769	3647	3827	3799	2354	3327	2655	3771	3688	3732	3596	3344	2436	4532	2965	3965	3312	3880	4636	3714	3391	2851	3639	3702	3377	2860	2540	2944	2627	3734	991	3480	3233	3024	3361	3559	3055	3369	3507	3243	4755	3548	2663	4523	3570	3505	3703	2885	3434	2961	2828	3392	3454	1202	2918	3564	3654	3326	3264	2742	3153	4781	3108	3709	4427	3892	2849	3699	3202	3393	3269	3038	3422	2657	3588	3455	3845	2264	3785	5055	2968	3207	2669	3422	3876	3727	3773	3252	3697	4040	3004	3253	2670	3980	3470	3720	2909	3009	2360	3182	3378	2404	3248	2313	3570	2298	3178	4261	3858	2842	4264	3624	3240	3709	3312	2156	858	1732	3070	3396	3494	3500	3382	924	3266	3239	3705	2931	3064	3346	3162	3700	3588	3321	2799	3831	3587	1168	2520	3584	3730	3344	2908	3557	2990	3375	3385	3391	3587	2972	1435	2237	3728	3036	2817	3827	3324	3217	3872
202	956	948	2058	2084	1541	574	229	1028	448	2101	2919	352	1701	570	874	677	134	3290	0	1013	682	2122	621	876	1275	1802	294	314	306	333	331	624	727	173	244	561	214	863	847	1266	633	1647	231	231	280	2189	547	583	121	692	567	236	710	215	421	1653	393	946	1857	173	1139	2091	445	785	1909	966	570	635	247	1069	259	215	527	1050	554	1051	606	421	1128	2227	1225	626	1142	581	2462	231	211	220	76	2228	0	346	1701	554	1007	2077	0	447	1100	1935	1270	243	596	1019	872	739	197	283	620	1910	628	633	1231	550	686	614	438	1064	923	605	2157	1653	570	676	0	512	1284	1653	265	1704	1437	281	421	819	620	506	609	1047	684	545	2043	595	1784	1049	1701	467	1139	610	815	587	991	382	2057	531	530	575	363	373	853	1244	640	1042	204	639	1349	565	317	472	406	553	111	1756	931	346	680	578	2554	284	650	272	87	410	242	367	236	640	1575	690	626	1268	451	291	554	1683	590	644	1823	330	225	2102	373	412	621	294	681	968	1943	1888	518	608	1139	723	1094	547	677	325	553	2203	699	738	696	207	683	1046	581	1945	1279	689	676	268	921	446	489	202	677	785	715	535	1318	723	236	440	1053	829	1019	1831	105	887	685	1389	416	1026	215	1017	697	900	985	408	205	608	321	1885	3052	1859	2043	363	204	219	124	3003	25	581	607	1044	1719	593	179	412	507	197	978	548	506	2187	826	502	581	373	1014	307	406	108	276	317	504	1042	1924	1100	566	255	1115	815	230	73	823
1126	1968	354	1615	1717	548	1421	1241	1111	878	1179	2019	699	1492	1413	1522	1522	1127	2319	1013	0	798	2959	1339	1725	262	918	1008	978	1283	1292	1241	941	584	933	1218	1391	821	721	188	2272	946	685	843	1242	963	1563	1380	1426	1085	1529	652	777	1631	868	1406	690	1288	1810	1342	933	739	2901	631	1718	896	1948	1413	378	1005	856	1272	868	642	661	1375	273	963	1253	2068	1362	502	656	585	940	1495	1219	1140	1201	1055	1896	1013	1106	1492	1529	675	1085	1013	1358	87	962	258	769	1483	336	1076	935	1009	912	1392	2858	1340	1343	965	1381	1697	1401	1332	662	491	1398	2993	690	1413	598	1013	1280	581	690	1176	1392	1101	750	1252	1759	1392	1266	459	819	957	982	1621	1486	1268	721	1492	568	739	1332	1521	1481	45	1008	1433	1535	1369	1412	1285	1024	281	2232	672	1917	1000	1646	2332	1395	1072	546	1326	1382	1083	1286	751	673	496	1414	1540	1167	949	741	1072	1240	771	1050	1246	956	2574	1251	423	2281	1386	1193	1383	1244	1130	669	1322	1073	1147	1181	648	1245	1339	1008	986	586	1589	2792	798	1391	2144	1572	780	1380	925	1074	965	1729	1137	342	1288	1152	1526	86	1571	2928	1004	933	598	1107	1582	1460	1475	941	1386	1796	737	947	799	1735	1163	1454	809	786	112	1525	1087	314	971	588	1251	30	868	2028	1539	650	1997	1309	929	1391	993	1049	2039	872	1621	1076	1216	1232	1086	1991	988	940	1387	823	1377	1047	929	1408	1269	1009	653	1531	1268	1183	545	1265	1410	1024	784	1310	672	1082	1068	1072	1268	859	1081	87	1408	762	765	1521	1115	945	1562
883	1502	985	2302	2374	1163	1256	823	1475	945	1581	2349	675	2060	1252	1531	1360	704	2783	682	798	0	2796	1283	1558	1018	1274	907	905	976	1009	1014	1115	965	759	921	1242	662	1156	748	1704	1124	1474	460	822	870	2319	1227	1265	803	1374	875	584	984	733	1075	1477	1075	1626	2050	759	1343	2769	716	1451	1581	1589	1252	563	870	390	871	733	246	1244	1233	1004	1114	1097	1780	1657	702	932	1252	1083	2263	900	893	895	758	2541	682	994	2060	1206	1225	1650	682	1129	863	1483	1013	567	1278	1025	300	1193	834	836	1294	2539	1288	1293	1523	1230	1255	1291	1120	1253	396	1282	2831	1477	1252	201	682	1179	731	1477	947	2008	1710	640	1097	1114	1294	1171	725	1333	1167	1080	2299	1277	1974	400	2060	644	1343	1272	1483	1269	809	973	2185	1028	1211	1257	1046	976	519	1847	956	1204	833	1129	1956	1245	957	591	1088	1233	794	1972	265	487	308	1259	2190	963	1138	547	770	1085	563	984	821	1134	1971	1307	443	1759	801	973	1234	1914	1185	957	2023	967	907	1581	475	1088	1283	907	1179	1146	2235	2064	945	1283	1709	1406	1339	1227	1144	964	1076	2433	1266	768	1324	889	1365	770	1023	2279	1572	1157	201	933	1583	1026	1137	791	1339	1291	1059	1053	1475	1235	918	1017	1331	1171	878	2145	787	503	1175	1366	1093	790	733	1497	1380	1140	1531	1090	784	1283	919	1845	2695	1636	2299	994	842	828	806	2660	670	1083	1281	1334	2007	1148	504	1056	1172	834	1193	1194	1171	1783	289	1167	1262	976	1293	843	717	790	924	957	1170	1352	1358	863	1248	525	1344	1483	596	618	1497
1931	1480	2702	2908	2804	3503	1570	1978	2063	2081	4136	4974	2301	2429	1577	1448	1463	2092	5265	2122	2959	2796	0	1621	1256	3184	3857	1981	2004	1820	1789	1798	2034	2405	2100	1878	1594	2221	2349	2771	1642	2030	3381	2353	1980	2027	3257	1607	1563	2004	1452	2307	2294	2113	2153	1722	3388	1739	1179	2913	2100	2560	121	2344	1345	3772	1268	1577	2640	2000	3186	1929	2153	2645	2545	1607	2841	2007	1742	1040	4298	3310	2312	2700	2026	4071	1896	1919	1903	2049	2816	2122	1880	2429	1593	2495	4026	2122	1677	3037	3919	3180	2309	1530	2771	2923	2077	2016	2077	1574	599	1620	1616	2431	1605	1622	1568	1692	2556	3031	1574	35	3388	1577	2795	2122	1691	3378	3388	1869	2574	2538	2279	1743	2055	1574	1705	2503	2396	2033	1979	2868	1530	2880	3171	2429	2422	2560	1629	1439	1537	2921	1961	3174	1862	1621	1574	1761	1946	2907	1109	2300	2259	2021	1802	1021	1590	1917	2464	1717	1603	2013	2807	3052	2422	2783	1572	4388	1861	2031	2339	2035	1756	2311	1924	1983	2022	1738	1716	2687	1483	2108	1844	1602	2739	1831	2303	2878	1913	1907	4137	2448	1752	1621	1981	2003	2540	2720	2433	2161	1578	1294	1414	2477	1607	2063	1913	1997	3031	1844	2617	1676	1918	1459	3024	1915	1998	2444	2060	2795	1908	1389	1803	1663	2078	1573	1680	2262	2014	2709	1709	1893	1812	2411	2268	2908	2608	2017	2955	2019	3013	1745	2983	2153	1616	1444	2437	1463	1721	2089	1578	1988	3367	4835	3606	2868	1901	1954	1971	2002	4771	2138	2026	1582	2389	2621	1918	2295	1744	1702	2016	2491	1608	1703	4101	2941	1706	1573	1946	2401	1979	2308	2016	1935	1917	1703	2351	4000	3037	1581	2341	2512	1439	2214	2192	1397
425	928	1107	1798	1777	1886	183	623	698	461	2515	3353	690	1356	176	252	228	672	3654	621	1339	1283	1621	0	399	1572	2237	383	396	434	395	327	451	808	525	446	154	636	805	1151	1326	451	1821	823	627	426	2030	158	180	505	225	691	714	1096	563	457	1828	282	486	1668	525	1074	1568	725	480	2179	761	176	1023	415	1657	589	563	1083	1024	141	1245	419	211	788	2679	1700	705	1169	429	2582	478	420	468	548	1886	621	289	1356	462	971	2415	621	289	1419	2302	1568	731	263	1181	1494	537	449	471	77	1553	8	13	1043	155	728	98	265	1038	1440	103	1655	1828	175	1228	621	111	1771	1828	370	1417	1225	682	212	1150	77	115	882	921	475	373	1772	271	1608	1612	1356	805	1074	10	201	273	1302	343	1911	783	168	167	325	332	1294	1024	696	1419	449	837	1102	154	327	850	311	153	517	1556	1511	837	1196	167	2812	342	459	758	541	219	734	313	634	446	1638	185	1081	1253	900	345	153	1478	236	700	1630	318	406	2516	860	219	0	383	446	989	1644	2139	546	89	1014	268	998	158	498	320	393	1947	313	998	152	433	229	1403	869	2038	1078	500	1228	354	300	637	475	496	56	889	683	405	1254	847	401	640	934	729	1294	1521	528	1345	462	1478	216	1363	563	1079	237	886	949	284	504	89	380	1914	3284	2048	1772	296	563	604	503	3226	625	429	85	915	1448	328	796	492	114	449	956	486	116	2499	1363	119	155	332	909	690	690	521	359	327	117	888	2383	1419	174	770	1031	201	815	672	228
679	695	1506	2110	2066	2273	313	771	1040	850	2892	3727	1048	1642	320	369	207	869	4043	876	1725	1558	1256	399	0	1964	2607	728	752	588	552	546	849	1206	843	638	338	964	1200	1537	1087	848	2220	1105	773	774	2375	351	306	756	197	1084	1037	1094	897	517	2227	485	87	2010	843	1462	1217	1098	218	2576	453	320	1389	744	1946	723	897	1392	1417	353	1642	818	486	404	3046	2054	1102	1565	828	2978	662	668	665	801	2153	876	626	1642	416	1365	2806	876	429	1806	2687	1959	1052	279	1579	1720	927	759	824	335	1154	401	399	1407	350	604	323	439	1431	1774	327	1291	2227	320	1542	876	444	2121	2227	616	1730	1574	1023	486	1103	335	458	1265	1304	869	772	2079	281	1955	1921	1642	1173	1462	404	293	289	1689	717	2262	776	365	318	512	700	1654	669	1094	1369	765	776	731	334	663	1212	470	347	765	1897	1807	1166	1527	316	3211	606	855	1082	788	499	1054	676	778	843	1376	553	1432	978	979	591	346	1820	634	1098	1972	659	655	2893	1191	495	399	728	839	1386	1942	1959	941	334	707	157	1383	351	894	659	792	2255	692	1386	510	669	202	1784	856	1773	1437	895	1542	652	345	659	479	822	367	751	1082	803	1638	735	642	666	1318	1123	1685	1818	771	1700	855	1876	489	1747	897	872	188	1283	706	469	833	334	737	2302	3683	2447	2079	651	732	758	754	3625	890	828	338	1298	1765	726	1054	548	455	759	1351	441	456	2893	1687	459	318	700	1295	799	1060	768	679	663	456	1268	2747	1806	325	1085	1417	293	1005	944	234
1384	2230	497	1569	1690	326	1665	1503	1257	1113	984	1817	955	1527	1657	1738	1764	1389	2082	1275	262	1018	3184	1572	1964	0	761	1257	1226	1541	1550	1495	1151	782	1191	1477	1635	1081	880	436	2535	1156	459	1105	1505	1214	1455	1624	1670	1345	1770	880	1039	1890	1125	1664	462	1540	2050	1288	1191	812	3121	882	1968	634	2204	1657	641	1257	995	1535	1125	891	758	1618	364	1177	1500	2317	1191	532	872	637	1157	1248	1479	1398	1461	1316	1872	1275	1353	1527	1786	788	843	1275	1610	176	739	4	1031	1730	442	1275	1126	1265	1163	1629	3106	1571	1574	1039	1624	1959	1640	1583	755	660	1637	3217	462	1657	825	1275	1520	596	462	1431	1404	1133	1009	1500	2018	1629	1506	705	930	1159	1205	1582	1734	1220	855	1527	825	812	1565	1745	1729	285	1249	1333	1798	1614	1656	1539	1267	503	2488	884	2170	1255	1908	2587	1638	1321	806	1579	1626	1343	1253	919	936	732	1658	1279	1421	1156	1003	1333	1487	1033	1294	1509	1165	2837	1468	681	2544	1647	1447	1627	1225	1352	880	1275	1321	1404	985	911	1493	1572	1257	1189	710	1574	3044	1025	1629	2404	1814	873	1624	1128	1322	1187	1667	1345	578	1507	1410	1767	253	1834	3189	1069	1133	825	1360	1798	1722	1733	1196	1615	2059	931	1171	812	1998	1420	1716	918	955	278	1529	1347	515	1173	501	1499	253	1125	2290	1780	797	2258	1561	1184	1629	1240	878	1776	621	1582	1321	1478	1495	1346	1728	1250	1157	1625	936	1380	1265	1191	1667	1509	1265	775	1789	1508	931	741	1505	1653	1267	903	1573	924	1343	1320	1321	1509	976	936	176	1652	1025	849	1745	1376	1208	1789
1960	2734	1244	2238	2377	462	2295	2008	2012	1779	307	1120	1558	2267	2288	2433	2401	1884	1510	1802	918	1274	3857	2237	2607	761	0	1879	1854	2103	2122	2088	1857	1502	1775	2037	2269	1654	1627	1100	2972	1863	950	1583	2009	1833	2038	2256	2302	1902	2410	1564	1589	2258	1716	2222	947	2143	2690	1960	1775	1572	3804	1512	2569	654	2768	2288	1217	1866	1000	2050	1716	1295	1519	2254	1119	1879	2123	2920	444	584	1573	1396	1854	1382	2030	1974	2016	1862	2557	1802	1981	2267	2353	1548	481	1802	2210	854	312	762	1576	2348	1198	1396	1853	1858	1783	2282	3708	2238	2242	1798	2257	2471	2289	2189	1516	901	2284	3891	947	2288	1161	1802	2166	542	947	2018	2131	1878	1589	2122	2388	2282	2152	1358	1691	1875	1893	2258	2349	1901	903	2267	1435	1572	2228	2426	2343	961	1896	1937	2266	2243	2289	2130	1910	957	3045	1589	2466	1850	2374	3151	2272	1944	1395	2174	2260	1896	1948	1037	1463	1126	2291	1039	2018	1867	1545	1879	2109	1576	1933	2010	1873	3245	2163	1184	3015	2060	2039	2260	1935	2039	1587	1955	1947	1984	307	1436	2114	2237	1879	1904	1467	2276	3301	1707	2279	2930	2451	1634	2256	1844	1947	1876	2312	2054	1255	2199	1981	2405	842	2277	3551	1827	1851	1161	1963	2493	2230	2291	1791	2286	2535	1655	1857	1556	2475	1999	2222	1679	1697	997	2248	1896	916	1889	1207	2121	890	1716	2753	2418	1548	2763	2163	1779	2279	1870	1396	1515	914	2258	1957	2003	2006	1903	1498	1780	1854	2275	1696	2102	1959	1663	2215	2155	1858	1533	2350	2154	628	1011	2151	2289	1910	1662	2055	1548	1894	1931	1944	2154	1736	178	854	2283	1553	1610	2426	1819	1728	2463
185	1026	841	1810	1824	1557	416	422	747	202	2165	2999	320	1429	409	624	521	398	3326	294	1008	907	1981	383	728	1257	1879	0	37	332	322	248	350	565	149	282	389	252	650	823	1388	357	1567	454	425	46	1974	376	422	221	530	410	331	948	180	443	1573	285	810	1628	149	938	1936	377	710	1884	954	409	661	47	1275	417	180	700	860	374	967	326	245	1060	2318	1328	452	978	306	2363	304	195	283	241	1960	294	101	1429	545	811	2093	294	354	1092	1968	1253	348	474	917	1136	470	97	96	411	1850	387	392	990	378	766	414	326	875	1059	408	2016	1573	408	845	294	292	1397	1573	199	1445	1194	300	245	1039	411	280	551	820	408	260	1792	477	1558	1229	1429	446	938	373	585	472	976	88	1844	697	364	409	290	79	926	1238	456	1286	90	790	1333	393	64	484	327	380	230	1522	1129	454	814	412	2527	177	375	375	246	232	351	77	433	362	1705	407	706	1357	702	205	381	1447	297	460	1592	68	192	2166	477	237	383	0	400	794	1683	2097	299	405	1173	571	879	376	407	68	271	1957	404	680	419	216	525	1062	769	2093	1036	418	845	114	678	568	505	116	439	904	499	257	1123	847	204	566	828	597	982	1568	243	974	406	1262	243	1029	180	1130	539	707	1052	306	123	405	33	1739	3013	1789	1792	87	361	402	219	2959	286	306	402	816	1464	300	445	459	282	97	786	553	281	2188	980	277	409	79	792	511	336	234	68	64	281	805	2019	1092	404	387	905	585	522	320	608
