NAME : VRPTW_INSTANCE_118.txt
COMMENT : Bangkok Supermarket
TYPE : VRPTW
DIMENSION : 271
DAYS : Friday
EDGE_WEIGHT_TYPE : EXPLICIT
VEHICLES : 34
EDGE_WEIGHT_FORMAT : FULL_MATRIX
CAPACITY : 1000
EDGE_WEIGHT_SECTION
0	2122	410	119	1113	283	629	201	547	1816	1748	946	1154	1350	1727	359	311	120	995	1270	368	239	248	215	3011	221	1010	135	170	212	155	911	965	395	2562	556	1089	992	964	172	397	1191	530	135	1236	351	254	845	386	1147	1013	23	404	474	601	582	193	852	113	814	641	1382	879	1628	957	979	401	624	404	423	442	423	272	449	255	133	964	644	587	1108	469	563	632	482	1077	216	820	1124	165	582	1776	431	395	102	355	404	521	2258	221	1213	308	1185	198	358	228	517	990	124	1592	1818	269	428	111	1994	1083	110	639	348	109	1839	352	1994	60	1130	241	235	1013	884	208	541	1028	418	437	311	487	1296	1076	577	359	739	201	213	401	1149	394	23	1221	337	1427	398	649	506	120	1814	17	589	1692	174	998	996	351	215	2066	290	97	369	1930	411	202	221	1142	987	989	957	2958	622	464	1419	408	258	1950	465	197	650	214	400	784	407	26	586	438	891	153	81	358	962	1036	1559	577	399	1137	489	1273	362	1323	1928	206	165	235	484	610	85	344	322	2023	1106	582	1156	104	192	412	576	456	168	281	1014	2254	401	1089	1072	863	1155	614	246	650	813	2119	364	212	193	1492	124	357	556	948	451	504	1308	778	1140	140	366	395	195	89	832	189	1532	1016	428	496	2253	1759	63	410	409	185	858	1754	1055	609
2122	0	2075	2240	3016	1927	2237	1961	2000	462	612	1201	2231	772	1294	2006	2005	2154	1167	1322	2373	2345	1882	2207	2524	1900	1111	2051	2248	2133	1974	1602	1182	2048	1295	2236	1042	1645	1586	1968	2360	2237	1820	2155	2084	2126	2213	1485	1981	2307	1152	2145	2250	1659	1535	1788	1989	2762	2234	2427	2225	3499	1243	3232	3006	1143	2418	1515	2014	1988	1699	1988	2179	1695	1873	2027	1158	2749	1545	2044	1667	1573	2635	2202	1067	2081	2091	2066	1969	1562	1304	1980	1979	2089	2131	2014	1800	1035	1900	1518	2015	2049	2201	2473	1908	1630	1316	2012	681	3912	1877	2042	2153	346	1563	2063	2754	2122	2230	1559	2127	346	2125	994	2347	2208	1108	1237	2073	2245	1830	2064	1992	2005	1832	913	2369	1574	2006	2490	1961	2176	1922	976	2256	2138	913	1784	3274	1776	1559	2541	2154	319	2136	1553	885	1962	3092	1166	2129	2324	2222	1837	2219	2388	3968	2084	2155	2206	983	3034	1405	1167	2671	2056	1766	3256	2075	1939	231	1703	2174	2103	2081	2250	2732	2520	2148	1548	1979	1253	1971	2185	2142	2255	1116	1949	1574	1999	988	1646	1571	2132	2002	1101	2177	1969	2356	2211	2036	2146	2129	2048	369	3198	1560	1681	2078	1954	1925	1562	1698	2020	2351	1108	2108	1922	1042	1081	2098	1058	2036	2352	2103	1335	3	2159	2078	1989	2024	2012	2376	1582	1549	2069	2229	841	1847	999	2261	1766	2048	2309	2125	1289	1933	1477	1171	1825	2216	2108	514	2128	2076	1772	2176	2468	367	1156	1543
410	2075	0	443	956	609	253	523	152	1703	1607	1018	1542	1338	1939	734	131	530	1078	1484	340	580	371	257	3308	428	1016	288	353	620	453	1182	1034	781	2718	201	1116	1280	1234	331	308	1579	260	293	1602	79	228	626	752	1543	923	413	179	487	581	889	540	693	434	1225	258	1561	880	1343	939	993	382	594	782	86	442	86	682	441	484	493	978	910	581	1474	475	550	566	138	1127	194	1204	1493	346	547	1989	95	761	309	80	782	276	2397	428	1475	126	1549	267	543	349	682	798	458	1653	1853	337	36	522	1886	1352	494	774	79	430	2094	80	1886	352	1098	583	240	1016	886	203	198	1359	13	84	131	242	1370	1479	528	734	458	523	231	745	1157	188	397	1165	473	1243	642	843	495	530	1756	403	556	1819	341	1049	1078	81	560	2403	401	436	360	1893	9	612	251	1152	966	1201	984	3278	212	733	1229	2	585	1939	406	246	240	195	180	657	573	414	574	96	830	432	379	87	1360	1102	1890	528	771	1150	494	1547	76	1674	2098	239	346	495	146	203	495	87	94	1908	1351	550	1454	309	321	758	554	424	271	385	1017	2563	745	1116	1134	1246	1029	207	586	240	909	2073	99	198	540	1838	458	352	538	1205	41	169	1339	1114	1177	453	419	781	438	324	860	395	1785	905	726	155	2562	1643	350	0	657	258	519	1715	1165	755
119	2240	443	0	1026	382	628	309	592	1932	1861	1064	1188	1469	1827	427	372	153	1113	1373	300	141	363	198	3086	340	1129	219	109	250	272	1004	1084	449	2669	551	1208	1080	1057	282	339	1226	609	152	1286	371	238	943	457	1173	1128	95	386	590	717	672	293	772	9	805	643	1265	997	1567	848	1098	323	739	466	478	556	478	287	563	373	237	1083	533	703	1160	585	679	541	482	1196	264	862	1174	278	697	1876	486	466	177	374	466	605	2367	340	1305	367	1238	184	241	341	634	1094	238	1709	1701	379	469	147	2111	1174	205	520	369	14	1929	372	2111	127	1248	145	219	1132	1003	261	534	1099	454	490	372	568	1414	1092	690	427	697	309	215	484	1268	373	102	1339	456	1342	510	761	413	153	1932	104	704	1805	286	883	1114	371	119	2127	407	21	295	1818	442	229	205	1261	879	1094	1076	3024	655	569	1336	441	359	2070	574	199	675	263	382	699	290	92	702	493	1007	271	71	373	987	1155	1625	690	465	1257	604	1362	380	1382	2034	206	278	116	482	647	131	364	369	2139	995	697	1238	186	300	493	691	567	256	194	1133	2327	484	1208	1191	905	1268	651	149	675	932	2238	374	262	293	1552	238	285	671	1044	484	499	1427	851	1259	20	481	449	84	143	951	307	1625	1129	527	493	2326	1874	126	443	520	186	831	1873	1171	726
1113	3016	956	1026	0	1396	780	1312	1015	2619	2507	1966	2162	2292	2834	1453	1054	1179	2024	2377	747	1042	1257	921	4110	1283	1972	1094	943	1271	1254	2024	1983	1471	3651	779	2072	2104	2077	1180	730	2200	1199	1001	2287	922	895	1534	1484	2128	1869	1095	798	1432	1535	1695	1306	267	1026	1697	794	1102	1836	646	356	1948	711	1549	1491	1040	1386	1040	1292	1387	1335	1246	1933	969	1533	2165	1421	1502	485	820	2081	1018	1861	2176	1188	1502	2884	1047	1493	1073	917	1491	1222	3336	1283	2326	1045	2242	935	832	1229	1586	1707	1232	2607	1038	1240	985	1173	2800	2196	1221	696	927	1026	2952	921	2800	1069	2052	1044	909	1972	1842	1030	772	2124	964	1033	1054	1193	2321	2026	1484	1453	527	1312	942	1509	2113	798	1089	2115	1373	315	1498	1738	613	1179	2697	1095	1511	2760	1190	524	2025	920	1046	3138	1300	1041	744	982	946	1248	918	2108	344	2092	1939	4039	963	1573	311	956	1371	2890	1359	952	920	1019	799	329	795	1092	1527	1046	1783	1242	1032	906	1948	2053	2644	1484	1490	2106	1441	2386	913	2394	3021	945	1188	942	812	982	1157	922	1007	2818	1131	1504	2264	1084	1184	1519	1508	1374	1108	834	1973	3349	1509	2072	2085	1901	1958	982	1042	920	1850	3013	889	1023	1306	2564	1232	756	1491	2060	954	791	2295	1877	2132	1012	1345	1471	943	1050	1814	1242	2646	1845	1541	805	3348	2558	1065	955	1510	958	591	2662	2106	1672
283	1927	609	382	1396	0	856	89	710	1665	1617	727	940	1156	1445	147	480	246	769	991	650	439	261	486	2735	191	825	335	453	205	158	628	747	207	2288	790	885	711	681	277	675	976	614	403	993	575	521	827	153	949	886	302	660	389	494	301	90	1135	379	708	864	1579	707	1899	1230	791	684	517	192	584	385	584	255	393	148	149	776	826	474	865	393	463	915	715	862	434	602	884	262	492	1495	587	161	338	580	192	593	1988	191	930	483	940	470	618	273	298	935	168	1355	2068	304	612	248	1837	800	177	887	570	378	1556	576	1837	329	958	439	503	829	711	422	780	759	612	600	480	571	1061	901	498	147	1003	89	475	136	952	653	307	1058	237	1710	150	391	788	246	1631	300	494	1430	267	1257	769	576	421	1803	262	363	652	2197	613	228	491	945	1261	712	763	2688	799	188	1702	606	25	1741	439	461	840	432	657	1067	667	304	477	594	758	177	364	587	773	815	1292	498	177	940	404	991	587	1068	1652	469	262	490	720	782	254	570	514	1869	1270	490	876	330	288	149	478	414	341	563	829	1980	136	885	851	644	1041	786	444	840	592	1924	598	428	90	1234	168	640	461	665	644	743	1093	510	929	400	316	207	466	352	650	215	1249	903	146	732	1979	1611	333	609	155	451	1107	1562	812	383
629	2237	253	628	780	856	0	769	242	1839	1728	1243	1780	1528	2184	973	384	745	1304	1732	402	745	624	430	3561	680	1222	525	521	842	698	1435	1258	1017	2949	77	1326	1533	1487	580	350	1817	435	496	1848	282	390	753	994	1776	1096	626	244	725	803	1141	782	540	620	1432	20	1558	1091	1099	850	1202	424	812	1021	311	680	311	898	679	736	731	1188	997	807	1720	712	776	505	147	1344	425	1443	1738	594	768	2234	314	1004	535	277	1021	462	2625	680	1727	379	1795	445	640	601	931	926	698	1863	1753	590	262	736	2020	1605	726	799	286	617	2345	281	2020	568	1288	748	409	1221	1097	436	95	1611	253	298	384	440	1588	1705	747	973	253	769	419	992	1360	259	611	1343	725	1041	895	1093	492	745	1918	618	777	2047	591	992	1305	281	730	2654	654	627	422	1752	246	830	423	1356	872	1449	1198	3531	183	986	1025	255	832	2118	636	436	143	427	249	532	652	626	799	310	1021	678	577	273	1591	1324	2142	747	1012	1354	729	1800	270	1924	2334	428	594	640	145	201	711	288	344	2038	1400	771	1707	539	572	1004	778	659	514	498	1222	2816	992	1326	1354	1486	1179	201	750	143	1143	2235	264	431	782	2089	698	421	764	1457	226	129	1544	1364	1388	630	667	1017	593	539	1079	646	2035	1070	978	134	2815	1778	565	252	910	449	270	1886	1397	1002
201	1961	523	309	1312	89	769	0	631	1681	1625	769	1020	1188	1525	214	397	193	814	1069	565	386	195	398	2824	125	852	246	370	190	70	713	789	269	2362	702	920	798	766	193	588	1056	549	315	1079	487	432	793	229	1026	890	222	571	367	484	389	33	1049	305	757	777	1539	727	1810	1156	819	600	508	262	504	352	504	254	361	105	71	804	787	466	951	368	449	832	627	903	345	682	970	178	475	1575	508	238	249	492	262	530	2059	125	1015	399	1026	382	549	200	334	914	80	1407	2007	237	529	192	1856	885	106	824	483	303	1641	488	1856	243	980	387	415	855	732	333	691	848	527	519	397	505	1112	972	478	214	914	0	386	223	985	564	224	1077	209	1625	201	452	707	193	1660	219	480	1496	184	1191	815	488	366	1892	208	288	568	2127	527	205	403	977	1187	788	793	2777	718	263	1617	521	63	1781	399	372	757	344	568	983	598	224	468	514	763	90	282	498	846	859	1381	478	250	973	382	1077	499	1156	1727	380	178	422	632	702	190	482	429	1887	1240	474	965	241	207	235	464	378	254	482	856	2069	223	920	895	724	1041	706	392	757	634	1958	510	339	33	1322	80	555	446	748	560	654	1134	599	968	328	276	269	392	264	674	137	1334	902	230	644	2068	1626	247	524	211	363	1018	1594	866	425
547	2000	152	592	1015	710	242	631	0	1611	1506	1007	1651	1285	1962	846	240	667	1068	1514	481	730	454	410	3360	520	980	417	505	751	563	1241	1021	898	2713	237	1085	1343	1291	438	442	1686	194	440	1697	231	380	523	860	1657	855	554	307	502	568	970	652	764	583	1359	234	1698	850	1331	1044	961	519	575	894	127	461	127	816	458	572	613	947	1061	573	1571	490	544	677	218	1104	333	1312	1591	453	532	2011	123	869	445	231	894	221	2387	520	1523	241	1643	419	693	438	725	698	576	1621	1957	413	123	659	1793	1406	620	914	231	578	2133	232	1793	492	1046	734	393	979	856	340	247	1440	140	112	240	204	1348	1600	511	846	491	631	383	846	1118	319	537	1102	534	1283	715	885	623	667	1681	542	541	1810	447	1167	1068	233	710	2478	471	583	501	1976	157	746	404	1113	1069	1236	958	3341	93	808	1266	154	689	1877	409	397	143	335	309	742	721	555	566	116	778	542	526	237	1477	1086	1966	511	882	1112	504	1600	227	1761	2102	391	453	647	226	73	633	239	226	1813	1499	536	1519	443	424	858	544	435	392	536	980	2623	846	1085	1115	1354	944	77	737	143	913	1998	245	337	652	1921	576	494	532	1258	115	239	1302	1201	1147	603	464	898	591	465	841	495	1825	830	811	227	2622	1550	490	152	730	409	504	1647	1163	787
1816	462	1703	1932	2619	1665	1839	1681	1611	0	150	984	2153	564	1435	1768	1652	1868	971	1307	2022	2051	1568	1868	2809	1599	848	1726	1922	1866	1680	1485	966	1819	1667	1847	817	1554	1485	1651	2002	2166	1443	1827	2038	1763	1867	1087	1748	2220	804	1839	1883	1342	1214	1590	1712	2374	1924	2254	1825	3197	957	2794	2643	882	2067	1192	1786	1617	1376	1617	1920	1370	1583	1740	895	2459	1229	1972	1346	1252	2270	1822	864	1740	1950	1996	1654	1235	1460	1608	1748	1767	1767	1786	1427	1367	1599	1491	1661	1994	1863	2151	1591	1370	913	1719	728	3556	1554	1668	1865	182	1497	1775	2427	1759	1919	1711	1764	182	1809	709	2053	1865	842	953	1733	1858	1749	1692	1619	1652	1462	816	2259	1243	1768	2092	1681	1834	1690	744	1890	1829	607	1485	2863	1518	1340	2188	1868	243	1828	1228	1024	1646	2744	971	1766	2028	2351	1525	1911	2038	3587	1713	1884	1866	752	2670	1293	914	2924	1655	1530	2844	1704	1672	495	1366	1836	1699	1739	1883	2352	2196	1842	1229	1606	924	1673	1869	1778	2133	917	1991	1243	1769	758	1327	1562	1768	1984	1323	1837	1654	2043	1830	1637	1854	1767	1690	207	2918	1234	1637	1756	1633	1695	1240	1368	1692	2016	842	2295	1690	817	889	1967	676	1637	2057	1699	1104	462	1794	1737	1712	2044	1719	2027	1260	1440	1691	1847	691	1704	799	1952	1450	1819	1992	1804	1016	1627	1548	808	1589	1834	2294	60	1811	1704	1518	1840	2054	319	1002	1294
1748	612	1607	1861	2507	1617	1728	1625	1506	150	0	970	2167	584	1524	1729	1564	1808	967	1355	1933	1985	1499	1785	2925	1536	821	1651	1844	1813	1618	1495	954	1782	1805	1741	809	1573	1500	1579	1910	2183	1346	1749	2064	1670	1781	983	1711	2230	736	1770	1787	1275	1148	1569	1658	2267	1853	2235	1714	3123	915	2662	2546	854	1978	1125	1751	1522	1305	1522	1871	1299	1524	1681	866	2393	1164	1990	1278	1186	2173	1720	862	1657	1945	2015	1583	1165	1552	1513	1712	1692	1674	1751	1332	1500	1536	1531	1574	2018	1781	2074	1521	1327	809	1657	818	3459	1482	1571	1805	304	1525	1715	2346	1667	1849	1799	1671	304	1736	680	1988	1780	815	911	1651	1753	1767	1595	1522	1564	1369	857	2262	1171	1729	1980	1625	1751	1654	738	1795	1760	575	1423	2743	1474	1316	2097	1808	378	1759	1159	1123	1575	2654	967	1673	1962	2427	1458	1841	1950	3480	1616	1831	1782	745	2571	1309	889	3031	1545	1494	2723	1608	1622	638	1289	1754	1587	1657	1788	2248	2118	1773	1164	1510	862	1610	1797	1685	2132	915	2046	1171	1733	752	1259	1606	1674	2019	1433	1754	1583	1971	1729	1528	1792	1674	1601	314	2854	1165	1669	1682	1561	1660	1172	1294	1616	1934	815	2388	1654	809	890	1965	593	1527	1992	1587	1080	612	1700	1655	1658	2091	1657	1939	1192	1454	1592	1744	722	1701	802	1882	1382	1782	1917	1729	977	1561	1617	731	1553	1732	2387	111	1738	1608	1475	1758	1935	439	1013	1258
946	1201	1018	1064	1966	727	1243	769	1007	984	970	0	1214	437	989	805	911	962	61	587	1249	1156	728	1072	2445	727	165	901	1092	933	792	548	19	850	1706	1213	167	642	566	814	1250	1235	815	1006	1138	1043	1088	663	781	1271	385	969	1168	534	439	607	795	1699	1059	1270	1239	2306	190	2338	1882	140	1293	431	816	940	580	940	977	578	691	838	138	1553	437	1047	545	468	1525	1156	134	957	975	1072	810	475	1037	935	780	934	1049	816	786	1381	727	688	920	1087	1062	1304	756	434	614	828	649	2763	735	994	961	1142	628	874	1585	1038	1055	1203	1045	1142	961	296	1157	1079	172	186	946	1214	830	1011	950	911	803	356	1294	496	805	1475	769	1045	723	240	1168	965	399	617	2260	577	362	1414	962	913	962	466	803	805	1941	61	1046	1135	1693	681	1043	1260	2859	1027	955	1073	232	1912	393	107	2471	1091	565	2247	1017	741	1013	611	1039	1144	956	1166	1650	1353	973	444	937	322	793	1017	1060	1163	90	1223	496	800	226	525	775	1053	1122	1098	1044	810	1181	1164	1068	958	1043	959	1178	1997	471	779	923	803	726	465	593	877	1203	171	1758	723	167	126	996	514	1070	1162	1144	134	1198	1077	952	795	1232	828	1247	480	517	1028	1187	366	732	202	1085	625	850	1140	967	170	765	917	433	624	1173	1757	938	964	1019	572	1037	1511	839	164	344
1154	2231	1542	1188	2162	940	1780	1020	1651	2153	2167	1214	0	1589	1169	808	1418	1045	1205	915	1487	1129	1200	1366	2015	1131	1378	1256	1295	945	1090	672	1227	762	2016	1708	1363	598	668	1214	1528	38	1545	1289	198	1498	1406	1674	791	85	1565	1161	1558	1258	1308	725	1002	1933	1192	505	1790	1859	1338	2747	1891	1349	1504	1325	760	1524	1275	1524	900	1283	1083	1049	1342	1269	1287	186	1267	1294	1691	1634	1307	1355	338	165	1199	1325	1202	1528	782	1244	1502	760	1520	1810	1131	721	1420	201	1350	1333	1213	1037	1724	1084	1550	2516	1243	1549	1054	2285	668	1053	1495	1493	1195	1097	1498	2285	1214	1510	1126	1387	1385	1338	1344	1695	405	1547	1540	1418	1503	1346	199	1342	808	1884	1020	1368	806	1432	1547	1174	1610	1145	2473	966	942	1567	1045	2017	1167	1323	1425	1205	1835	1205	1498	1130	1006	1192	1181	1479	2740	1545	961	1373	1425	1920	860	1314	1904	1739	882	2471	1540	961	2003	1338	1351	1778	1353	1554	1853	1367	1161	1295	1534	1456	1111	1217	1506	215	1256	586	1342	770	1418	1268	688	1509	335	1455	1360	1199	1239	1637	1722	1078	1491	1447	2325	1506	1322	554	1240	1227	793	1307	1308	1271	1375	1385	1266	806	1363	1278	296	1714	1727	1128	1778	1137	2227	1515	1349	1002	472	1084	1470	1300	714	1580	1658	1462	508	1364	1195	1228	762	1256	1243	1276	1155	900	1604	857	1649	1265	2116	1217	1543	954	1339	2012	1925	1154	1045
1350	772	1338	1469	2292	1156	1528	1188	1285	564	584	437	1589	0	1016	1242	1254	1381	414	777	1616	1572	1114	1446	2475	1128	339	1285	1481	1362	1201	920	418	1287	1523	1515	272	992	921	1200	1608	1604	1095	1390	1480	1381	1454	810	1218	1655	439	1374	1506	895	773	1041	1217	2031	1463	1700	1518	2727	474	2584	2253	371	1661	755	1254	1252	936	1252	1409	932	1100	1254	386	1976	781	1410	903	810	1884	1471	307	1322	1388	1434	1200	803	1053	1245	1217	1322	1386	1254	1071	1191	1128	947	1264	1435	1438	1704	1140	858	672	1239	386	3152	1111	1307	1380	711	940	1290	1985	1376	1459	1280	1382	711	1356	239	1574	1448	337	468	1313	1520	1187	1328	1259	1254	1099	281	1694	818	1242	1776	1188	1415	1160	203	1510	1367	202	1013	2568	1005	799	1784	1381	476	1364	794	671	1193	2329	413	1383	1551	1875	1068	1448	1630	3223	1347	1383	1445	211	2281	729	394	2548	1354	1001	2552	1337	1167	605	947	1413	1405	1321	1506	1993	1751	1377	785	1245	508	1199	1415	1397	1569	360	1469	818	1238	216	882	1024	1388	1434	1004	1416	1200	1585	1480	1332	1373	1383	1299	749	2426	801	1084	1310	1186	1163	801	939	1255	1587	336	1870	1160	272	329	1403	426	1333	1579	1405	568	770	1414	1318	1217	1509	1239	1617	821	876	1337	1500	141	1141	239	1490	1000	1287	1540	1357	517	1162	1060	477	1061	1486	1869	527	1358	1338	1002	1413	1779	406	437	773
1727	1294	1939	1827	2834	1445	2184	1525	1962	1435	1524	989	1169	1016	0	1422	1815	1682	930	458	2088	1859	1587	1913	1472	1553	1093	1742	1896	1606	1581	829	981	1428	877	2140	996	776	778	1658	2105	1158	1778	1833	978	1943	1941	1649	1390	1255	1323	1747	2057	1460	1401	1159	1535	2569	1825	1561	2183	2888	1177	3282	2673	1091	2125	1399	1399	1873	1504	1873	1612	1506	1499	1594	1099	2177	1392	1003	1473	1420	2358	2074	946	1825	1206	1016	1648	1436	50	1870	1382	1761	1949	1399	1748	640	1553	543	1823	968	1899	2057	1615	1260	1576	1605	707	3469	1612	1923	1686	1490	670	1622	2310	1938	1824	276	1944	1490	1766	1134	1859	1926	1098	1172	1813	2137	864	1935	1885	1815	1758	756	1357	1459	1422	2392	1525	1894	1350	1016	2053	1750	1177	1474	3145	1336	1101	2233	1682	1214	1744	1428	417	1647	2683	930	1945	1846	930	1548	1808	2092	3629	1947	1632	1917	1014	2704	743	1075	1532	2052	1262	3135	1938	1469	1071	1552	1883	2104	1824	2054	2506	2105	1749	1401	1874	1301	1592	1808	1959	1291	936	707	1459	1392	1011	1457	520	1954	855	287	1890	1648	1931	2081	2029	1696	1941	1862	1532	2539	1432	673	1751	1656	1343	1422	1527	1731	2008	1097	863	1350	996	921	1189	1393	2032	1863	2104	1054	1291	1974	1819	1535	808	1605	2079	1432	784	1959	2105	887	1043	945	1844	1520	1428	1911	1784	1157	1594	269	1374	1299	2091	862	1429	1770	1940	1324	1877	2455	1123	824	1183
359	2006	734	427	1453	147	973	214	846	1768	1729	805	808	1242	1422	0	610	274	838	978	721	436	405	575	2659	334	921	448	520	185	282	593	825	60	2282	904	969	659	644	407	754	845	759	493	877	691	613	971	32	811	1007	372	761	532	629	266	194	1200	428	562	983	1528	814	1986	1255	886	749	652	48	718	531	718	193	539	295	242	873	781	609	750	537	601	968	829	939	548	470	767	392	631	1471	722	40	440	696	48	739	1993	334	890	612	826	558	640	413	401	1073	275	1406	2056	448	741	280	1936	758	251	888	686	428	1508	692	1936	417	1059	436	594	926	817	537	891	672	738	734	610	716	1117	757	639	0	1099	214	571	84	1040	752	382	1161	383	1769	258	447	840	274	1718	375	632	1450	398	1261	839	692	425	1706	409	413	719	2206	737	210	580	1032	1286	715	856	2600	932	240	1763	731	162	1811	586	555	970	546	757	1127	686	373	613	729	879	303	434	701	632	889	1200	639	39	1026	546	941	703	964	1648	564	392	517	833	916	298	685	639	1970	1203	628	812	435	422	85	616	561	462	621	926	1900	84	969	924	512	1164	920	440	970	673	2003	710	542	194	1132	275	708	600	639	771	854	1165	424	1007	441	464	60	509	444	753	352	1208	1028	180	845	1899	1717	420	734	255	544	1214	1645	865	473
311	2005	131	372	1054	480	384	397	240	1652	1564	911	1418	1254	1815	610	0	429	970	1359	370	514	240	226	3178	297	924	177	306	511	328	1051	929	660	2605	328	1021	1149	1103	203	355	1454	243	222	1473	132	216	600	627	1421	856	320	256	377	484	758	416	787	363	1119	389	1570	787	1468	1000	899	415	500	658	113	331	113	576	333	353	374	884	881	480	1346	366	450	630	259	1027	109	1079	1365	218	452	1865	120	636	209	137	658	245	2286	297	1345	9	1420	227	526	217	556	766	337	1554	1908	207	131	421	1834	1222	379	785	126	358	1966	133	1834	259	1018	517	218	925	793	111	323	1228	132	128	0	206	1267	1362	436	610	576	397	193	617	1067	258	303	1092	344	1350	510	716	537	429	1688	307	461	1708	213	1092	971	134	492	2271	271	360	386	1968	137	507	222	1061	1029	1075	887	3146	323	602	1337	129	457	1859	308	200	360	110	255	742	564	321	475	127	753	306	301	148	1240	998	1759	436	647	1058	386	1417	141	1544	1980	198	218	450	266	308	395	131	47	1859	1336	455	1323	206	192	630	457	320	151	375	926	2432	617	1021	1031	1121	976	312	521	360	797	2003	165	110	416	1707	337	375	438	1075	164	290	1245	983	1080	386	296	660	391	234	761	266	1656	845	595	276	2431	1592	258	132	525	208	649	1642	1054	633
120	2154	530	153	1179	246	745	193	667	1868	1808	962	1045	1381	1682	274	429	0	1007	1231	450	194	324	321	2933	274	1044	251	252	100	190	856	981	297	2531	671	1114	929	909	267	487	1083	640	248	1136	470	362	936	304	1035	1072	119	514	537	660	524	167	926	154	694	758	1345	918	1718	990	1011	476	684	313	542	512	542	152	520	285	128	996	595	644	1010	535	624	694	598	1096	336	715	1025	255	647	1731	549	313	222	474	313	628	2233	274	1157	427	1087	305	375	311	527	1072	152	1598	1822	355	548	8	2044	1025	93	641	467	155	1779	471	2044	179	1171	195	342	1047	922	328	656	946	538	557	429	595	1303	960	646	274	840	193	326	334	1178	503	134	1266	385	1495	389	636	565	0	1852	128	652	1677	265	1011	1007	470	175	1975	357	140	447	1953	531	85	328	1170	1021	956	986	2871	742	434	1489	528	227	1974	546	309	770	335	510	852	423	119	645	556	946	201	172	476	849	1051	1472	646	312	1166	552	1211	481	1230	1896	318	255	248	600	731	34	463	442	2075	1050	646	1086	223	287	342	638	532	282	347	1048	2173	334	1114	1087	758	1220	735	200	770	827	2151	481	332	167	1400	152	436	618	898	571	619	1328	698	1161	167	434	297	235	208	866	256	1476	1080	387	611	2172	1813	181	531	397	296	966	1787	1055	618
995	1167	1078	1113	2024	769	1304	814	1068	971	967	61	1205	414	930	838	970	1007	0	537	1305	1201	782	1128	2389	779	194	956	1145	974	841	534	50	880	1645	1273	158	622	547	867	1307	1223	876	1060	1119	1102	1144	720	813	1265	426	1019	1226	593	500	627	839	1757	1108	1285	1300	2348	247	2399	1936	177	1348	492	846	1000	638	1000	1015	637	740	884	180	1595	498	1033	604	528	1581	1216	107	1013	979	1058	863	536	977	995	811	987	1108	846	847	1320	779	649	979	1069	1117	1354	811	480	663	876	596	2814	791	1054	1006	1125	598	920	1634	1097	1105	1148	1103	1125	1012	309	1202	1134	201	242	1003	1274	813	1071	1010	970	864	302	1294	557	838	1535	814	1100	755	229	1227	1015	405	670	2320	619	391	1469	1007	887	1012	527	742	858	1993	0	1105	1181	1649	736	1092	1315	2913	1087	997	1128	222	1967	365	151	2418	1152	599	2306	1077	783	973	672	1094	1205	1012	1224	1708	1403	1022	505	997	375	843	1068	1118	1165	54	1186	557	831	215	584	736	1111	1097	1037	1099	863	1230	1224	1129	1004	1102	1018	1162	2036	532	749	976	858	757	526	653	932	1256	200	1708	755	158	86	998	544	1132	1207	1205	182	1164	1136	1009	839	1200	876	1302	540	498	1088	1247	327	734	174	1134	682	880	1191	1020	231	817	866	476	659	1233	1706	928	1016	1079	613	1092	1572	809	106	389
1270	1322	1484	1373	2377	991	1732	1069	1514	1307	1355	587	915	777	458	978	1359	1231	537	0	1630	1412	1129	1455	1866	1095	725	1284	1439	1159	1123	393	585	990	1303	1686	649	374	349	1200	1647	918	1334	1375	762	1487	1483	1246	946	995	961	1291	1599	1011	963	712	1080	2111	1371	1202	1732	2476	777	2828	2221	713	1667	964	959	1420	1053	1420	1171	1056	1041	1138	717	1748	952	729	1024	978	1901	1618	590	1367	842	750	1190	997	508	1418	939	1303	1492	959	1304	1020	1095	196	1367	728	1441	1606	1157	803	1200	1148	641	3033	1155	1469	1234	1414	269	1168	1865	1481	1369	625	1488	1414	1309	807	1412	1468	731	773	1355	1682	528	1481	1434	1359	1311	497	1070	1020	978	1935	1069	1436	902	694	1596	1294	879	1017	2687	879	644	1777	1231	1135	1288	989	526	1189	2238	537	1489	1398	1120	1091	1354	1634	3182	1492	1185	1458	689	2252	285	688	1884	1605	806	2677	1483	1014	1092	1105	1425	1657	1366	1597	2048	1654	1294	961	1422	910	1135	1352	1502	973	561	692	1020	951	684	1009	256	1498	685	669	1432	1190	1479	1625	1583	1243	1484	1406	1456	2134	993	361	1293	1198	896	982	1078	1273	1552	730	1171	902	649	559	836	1064	1586	1416	1657	623	1318	1517	1361	1080	737	1148	1622	990	341	1506	1649	635	634	615	1391	1065	990	1457	1326	744	1136	330	1011	845	1636	1170	1282	1313	1485	866	1419	2002	1040	434	730
368	2373	340	300	747	650	402	565	481	2022	1933	1249	1487	1616	2088	721	370	450	1305	1630	0	375	523	178	3379	540	1281	352	201	549	507	1278	1268	748	2911	329	1373	1361	1331	440	52	1525	592	255	1586	266	162	959	750	1469	1226	352	177	724	842	951	561	484	296	1082	421	1220	1144	1267	636	1254	45	861	763	418	681	418	586	684	590	501	1238	598	835	1460	715	806	276	285	1373	295	1163	1474	447	813	2137	428	759	328	263	763	602	2600	540	1580	360	1538	190	237	494	847	1129	485	1899	1539	514	377	443	2204	1450	478	434	269	295	2207	266	2204	322	1382	378	170	1283	1150	304	309	1394	353	421	370	565	1606	1383	799	721	404	565	204	769	1424	163	345	1460	638	1059	751	995	168	450	2057	351	822	2028	450	722	1306	264	366	2426	569	310	21	1611	333	530	176	1418	665	1346	1239	3321	503	826	1051	339	625	2222	670	211	500	295	174	418	251	350	831	432	1120	495	289	254	1283	1339	1922	799	760	1414	736	1642	265	1681	2279	206	447	261	280	505	423	261	331	2228	1020	815	1525	338	448	780	815	677	373	114	1283	2621	769	1373	1373	1205	1346	508	378	500	1125	2371	241	299	561	1851	485	19	795	1313	368	284	1597	1144	1430	291	625	748	231	303	1111	499	1899	1215	795	287	2620	1962	318	340	764	214	550	2008	1378	936
239	2345	580	141	1042	439	745	386	730	2051	1985	1156	1129	1572	1859	436	514	194	1201	1412	375	0	486	325	3071	451	1234	358	229	253	372	1030	1175	439	2715	668	1306	1095	1081	412	423	1167	751	293	1245	504	362	1081	469	1104	1249	218	500	710	837	700	361	805	151	707	761	1154	1106	1619	820	1202	382	860	465	618	681	618	254	688	472	318	1186	408	822	1122	707	800	563	603	1289	405	818	1134	405	820	1907	627	477	317	506	465	746	2421	451	1326	509	1200	314	211	467	721	1229	334	1792	1630	508	607	194	2228	1195	282	453	503	156	1942	505	2228	265	1358	3	345	1237	1111	403	650	1089	590	630	514	710	1497	1013	815	436	779	386	348	510	1369	486	231	1452	566	1357	583	830	438	194	2041	231	826	1868	414	825	1202	504	23	2095	527	156	362	1770	577	227	332	1362	851	1142	1178	2996	788	625	1354	577	420	2167	705	333	805	404	495	726	253	216	822	634	1126	377	213	504	920	1245	1602	815	469	1357	726	1375	512	1351	2080	340	405	114	602	782	199	497	509	2258	868	820	1242	324	431	516	813	695	395	261	1238	2310	510	1306	1281	859	1394	786	7	805	1021	2342	503	404	361	1521	334	356	793	1075	620	616	1521	848	1355	128	603	439	152	284	1056	424	1644	1254	575	613	2308	1994	265	579	591	321	925	1978	1250	812
248	1882	371	363	1257	261	624	195	454	1568	1499	728	1200	1114	1587	405	240	324	782	1129	523	486	0	345	2938	71	774	173	368	366	144	812	746	462	2393	567	859	909	864	86	529	1235	354	278	1243	359	364	613	415	1211	765	270	469	226	353	519	224	990	355	952	629	1629	640	1704	1154	744	566	376	452	331	194	331	434	201	118	211	729	893	340	1116	221	315	800	496	854	239	863	1136	86	334	1637	333	423	208	365	452	335	2079	71	1107	246	1189	334	590	28	329	749	176	1378	2040	43	367	318	1747	983	237	871	354	351	1730	360	1747	242	888	489	353	777	645	227	561	990	372	347	240	310	1084	1162	329	405	807	195	319	394	915	466	260	977	115	1562	270	485	686	324	1572	259	340	1505	79	1217	783	361	463	2032	46	342	533	2131	377	373	346	909	1184	843	726	2906	545	361	1551	369	243	1718	222	312	589	238	467	933	638	273	339	339	644	126	302	374	1034	818	1520	329	438	905	241	1178	371	1309	1763	317	86	476	502	527	300	356	282	1776	1354	334	1083	196	75	406	328	209	150	476	777	2191	394	859	853	904	907	531	494	589	602	1880	389	234	224	1471	176	520	308	837	402	526	1082	748	914	383	118	462	427	243	598	68	1420	768	358	513	2190	1511	245	372	285	309	888	1515	854	414
215	2207	257	198	921	486	430	398	410	1868	1785	1072	1366	1446	1913	575	226	321	1128	1455	178	325	345	0	3222	363	1109	174	97	421	335	1110	1091	610	2733	354	1199	1197	1163	262	191	1404	467	83	1451	180	40	827	601	1357	1066	206	192	551	673	787	399	655	190	1002	445	1345	972	1414	810	1081	220	692	620	310	509	310	472	513	414	341	1065	660	664	1324	543	636	455	284	1197	128	1034	1340	269	645	1963	319	610	152	181	620	471	2422	363	1412	218	1401	17	300	317	669	990	318	1722	1706	338	287	313	2049	1283	324	561	179	186	2039	180	2049	159	1214	329	21	1111	978	134	337	1241	269	319	226	433	1429	1281	633	575	523	398	33	613	1251	181	193	1295	460	1231	577	818	341	321	1893	200	654	1850	272	884	1128	179	307	2281	391	196	187	1786	253	406	6	1245	840	1170	1065	3171	463	655	1222	255	461	2051	505	33	479	128	188	593	338	205	661	325	956	322	150	178	1171	1162	1773	633	614	1242	564	1476	187	1539	2101	30	269	237	284	457	288	172	203	2075	1111	647	1363	162	270	624	645	508	195	150	1111	2466	613	1199	1197	1077	1193	461	331	479	947	2205	177	130	399	1708	318	174	625	1143	296	301	1423	991	1255	203	449	610	181	134	937	321	1730	1059	628	295	2465	1809	155	257	590	36	645	1841	1200	757
3011	2524	3308	3086	4110	2735	3561	2824	3360	2809	2925	2445	2015	2475	1472	2659	3178	2933	2389	1866	3379	3071	2938	3222	0	2888	2562	3066	3178	2839	2890	2126	2440	2639	1302	3506	2467	2030	2074	2993	3408	1981	3190	3138	1850	3295	3256	3108	2630	2076	2794	3027	3393	2861	2826	2435	2822	3859	3088	2520	3564	3860	2636	4634	3878	2557	3408	2828	2620	3255	2900	3255	2818	2904	2831	2881	2564	3278	2814	1962	2874	2839	3625	3434	2416	3160	2264	1955	2980	2859	1429	3254	2620	3073	3300	2620	3160	1491	2888	1836	3184	1887	3205	3282	2962	2634	3046	2903	2125	4530	2971	3299	2939	2813	1956	2901	3485	3290	3088	1242	3296	2813	3063	2607	3070	3239	2567	2632	3148	3498	1986	3307	3269	3178	3163	2227	2198	2882	2659	3736	2824	3210	2610	2489	3386	3035	2647	2836	4426	2668	2474	3497	2933	2568	3028	2852	1816	2982	3839	2389	3296	3066	1013	2907	3072	3378	4755	3315	2861	3226	2487	3908	2130	2538	273	3453	2579	4421	3306	2760	2352	2956	3196	3503	3159	3389	3785	3323	3029	2822	3259	2765	2907	3090	3308	2225	2401	1470	2882	2621	2484	2862	1761	3306	1728	1493	3204	2980	3168	3439	3431	2957	3291	3221	2850	3511	2855	1859	3065	2997	2599	2843	2928	3064	3280	2566	761	2610	2467	2389	2227	2865	3435	3072	3503	2490	2521	3322	3155	2822	1561	2903	3366	2849	2104	3335	3463	2354	2235	2417	3099	2898	2639	3167	3087	2608	2926	1541	2845	2597	3451	762	2819	3067	3309	2654	3187	3827	2491	2283	2575
221	1900	428	340	1283	191	680	125	520	1599	1536	727	1131	1128	1553	334	297	274	779	1095	540	451	71	363	2888	0	788	189	366	304	84	763	747	391	2370	620	867	857	816	106	553	1166	425	286	1178	407	388	673	344	1141	799	245	508	262	387	460	156	1017	334	883	686	1603	657	1749	1161	757	581	410	381	396	239	396	371	247	56	152	742	859	371	1051	260	350	816	546	857	274	793	1070	95	372	1603	398	352	213	412	381	406	2060	0	1062	302	1124	349	578	82	308	801	122	1375	2036	113	428	270	1776	936	183	859	402	330	1687	408	1776	233	909	453	374	791	662	262	611	930	430	411	297	381	1080	1091	371	334	850	125	341	325	927	503	239	1001	115	1592	220	455	697	274	1593	236	378	1489	95	1214	779	408	428	1974	86	319	547	2137	434	314	365	920	1191	809	736	2851	611	308	1582	426	172	1729	279	331	653	273	505	956	626	248	371	405	675	74	290	420	964	818	1462	371	367	916	278	1131	418	1246	1738	338	95	457	552	593	256	403	336	1806	1319	372	1030	202	109	338	364	261	179	479	792	2139	325	867	853	835	946	597	458	653	597	1897	434	269	156	1409	122	534	344	792	461	575	1088	686	920	361	160	391	413	242	610	41	1378	806	297	563	2137	1543	237	429	235	326	940	1532	844	398
1010	1111	1016	1129	1972	825	1222	852	980	848	821	165	1378	339	1093	921	924	1044	194	725	1281	1234	774	1109	2562	788	0	946	1142	1029	862	713	156	970	1750	1201	107	807	732	861	1275	1399	786	1051	1303	1053	1119	566	900	1434	236	1034	1179	557	440	748	881	1708	1123	1414	1215	2388	136	2302	1918	34	1326	423	938	932	600	932	1080	597	761	916	48	1639	445	1212	566	475	1552	1152	147	986	1131	1237	860	472	1139	926	900	982	1058	938	760	1420	788	843	933	1252	1101	1364	801	526	483	900	641	2813	772	987	1042	1015	791	952	1645	1048	1119	1325	1054	1015	1016	140	1235	1112	6	131	977	1205	995	1007	940	924	784	378	1454	488	921	1464	852	1079	842	142	1182	1027	245	673	2256	675	495	1449	1044	808	1025	462	851	853	1991	193	1056	1212	1841	728	1108	1294	2891	1025	1049	1109	137	1947	556	68	2599	1056	682	2241	1015	834	943	616	1075	1109	985	1178	1666	1412	1037	450	927	217	859	1075	1069	1321	164	1380	488	921	134	545	930	1061	1287	1167	1079	860	1245	1160	1034	1035	1054	970	1049	2092	469	942	971	847	847	467	605	917	1248	6	1892	842	107	172	1153	350	1036	1240	1109	259	1108	1086	982	881	1394	900	1281	486	683	1019	1182	323	890	169	1150	661	970	1200	1018	178	822	1051	286	741	1168	1891	798	1019	1017	674	1076	1482	744	291	447
135	2051	288	219	1094	335	525	246	417	1726	1651	901	1256	1285	1742	448	177	251	956	1284	352	358	173	174	3066	189	946	0	197	334	177	946	920	494	2559	456	1032	1037	999	88	363	1293	396	105	1323	242	199	723	469	1255	922	147	326	391	516	631	257	827	210	941	534	1472	810	1568	980	916	394	538	496	291	352	291	398	357	242	206	901	751	506	1195	384	478	629	381	1028	99	918	1213	95	492	1792	297	479	42	247	496	389	2248	189	1247	176	1271	162	425	145	495	875	173	1551	1868	174	301	243	1906	1119	206	704	238	205	1873	243	1906	92	1056	361	184	948	816	88	445	1095	294	305	177	354	1258	1191	483	448	670	246	151	469	1087	320	131	1142	286	1402	407	644	513	251	1739	134	500	1675	98	1045	956	243	335	2138	220	202	361	1957	290	329	176	1081	1010	999	898	3023	496	489	1392	286	310	1889	361	142	528	97	323	767	471	149	503	304	805	159	149	252	1072	992	1628	483	487	1077	405	1313	254	1402	1928	148	95	320	386	482	218	236	195	1934	1212	493	1207	33	98	481	490	358	36	303	948	2313	469	1032	1027	961	1057	487	366	528	775	2048	263	94	257	1569	173	348	469	977	327	408	1255	846	1087	237	284	494	266	79	771	148	1564	920	469	397	2312	1668	93	289	420	137	772	1684	1026	583
170	2248	353	109	943	453	521	370	505	1922	1844	1092	1295	1481	1896	520	306	252	1145	1439	201	229	368	97	3178	366	1142	197	0	352	318	1081	1111	548	2728	444	1227	1162	1134	281	235	1333	549	95	1389	276	133	900	549	1281	1118	152	278	589	714	752	363	683	103	914	537	1279	1007	1467	795	1112	231	735	562	400	550	400	394	555	410	303	1097	575	703	1262	582	676	462	377	1220	198	967	1277	283	689	1946	409	558	159	278	562	550	2422	366	1383	299	1339	86	230	341	673	1060	291	1741	1672	371	382	244	2103	1253	279	506	275	100	2009	276	2103	133	1254	232	116	1144	1013	200	427	1193	365	410	306	511	1447	1201	680	520	589	370	122	569	1283	265	146	1339	475	1257	564	812	337	252	1936	152	697	1854	289	850	1145	275	211	2226	414	114	200	1771	350	333	103	1277	825	1157	1094	3120	560	633	1250	351	428	2085	556	109	576	197	273	614	274	149	701	415	1002	309	89	275	1095	1183	1721	680	559	1273	602	1443	284	1482	2094	114	283	144	376	554	223	269	291	2129	1031	691	1324	171	295	579	687	554	230	113	1145	2420	569	1227	1218	1009	1251	558	235	576	963	2246	274	198	363	1651	291	188	667	1118	393	392	1449	943	1281	109	482	548	86	125	967	327	1703	1115	599	387	2419	1864	130	353	575	99	721	1881	1210	764
212	2133	620	250	1271	205	842	190	751	1866	1813	933	945	1362	1606	185	511	100	974	1159	549	253	366	421	2839	304	1029	334	352	0	222	778	953	199	2462	768	1091	845	829	328	587	983	705	346	1037	564	461	977	217	936	1079	216	613	557	674	447	157	1021	252	607	854	1375	909	1817	1069	995	573	698	219	624	540	624	68	549	295	154	981	622	656	910	558	640	786	694	1068	426	615	925	315	666	1655	630	225	311	568	219	691	2169	304	1075	510	988	404	454	361	503	1103	191	1557	1880	403	635	108	2039	944	135	705	560	254	1694	564	2039	273	1161	252	441	1033	913	417	753	852	627	639	511	661	1264	863	668	185	940	190	424	257	1158	602	230	1260	399	1587	356	591	658	100	1836	224	670	1620	324	1078	974	564	240	1877	390	239	545	2023	621	25	427	1150	1100	890	968	2774	830	381	1582	617	194	1946	583	407	860	424	609	946	500	217	658	637	952	240	272	570	750	1021	1375	668	220	1145	573	1126	575	1132	1827	416	315	332	697	817	132	557	529	2071	1064	665	997	310	348	263	655	564	360	444	1033	2078	257	1091	1057	658	1231	821	256	860	798	2130	577	421	157	1302	191	535	636	822	660	716	1299	606	1135	261	463	199	328	302	853	299	1393	1092	327	708	2077	1812	276	620	360	395	1066	1768	1014	589
155	1974	453	272	1254	158	698	70	563	1680	1618	792	1090	1201	1581	282	328	190	841	1123	507	372	144	335	2890	84	862	177	318	222	0	774	811	334	2410	632	937	862	827	125	526	1126	491	253	1150	417	367	756	299	1094	882	179	503	346	470	455	89	990	267	813	707	1526	733	1744	1111	830	544	494	330	436	324	436	290	332	101	68	815	779	454	1022	345	434	778	557	924	275	751	1040	109	457	1630	440	308	183	422	330	474	2104	84	1076	330	1097	320	514	141	362	886	38	1436	1974	182	459	186	1857	947	98	793	412	264	1703	418	1857	185	986	374	350	866	738	263	621	918	457	451	328	446	1141	1037	456	282	847	70	321	293	999	496	177	1080	195	1566	246	494	655	190	1669	172	462	1537	116	1154	841	418	350	1961	170	251	511	2085	457	230	339	992	1141	840	807	2846	650	319	1557	451	133	1799	362	307	688	274	500	925	563	182	454	447	757	21	233	428	913	882	1450	456	319	987	362	1140	429	1226	1776	315	109	389	562	634	174	412	358	1887	1237	456	1031	175	140	306	448	345	183	431	866	2137	293	937	918	793	1029	638	379	688	659	1971	440	270	89	1392	38	498	428	808	490	584	1155	669	988	293	245	334	351	203	684	78	1394	890	293	574	2135	1624	189	454	258	299	949	1607	899	454
911	1602	1182	1004	2024	628	1435	713	1241	1485	1495	548	672	920	829	593	1051	856	534	393	1278	1030	812	1110	2126	763	713	946	1081	778	774	0	559	600	1693	1380	691	108	53	870	1301	689	1082	1027	591	1170	1142	1097	561	735	917	929	1272	754	751	332	718	1763	1003	838	1439	2083	693	2513	1846	686	1312	762	570	1131	789	1131	783	794	707	777	681	1356	734	499	766	753	1542	1308	634	1038	489	524	857	779	877	1131	553	958	1175	570	1053	1413	763	302	1057	539	1094	1230	836	518	1108	793	936	2643	845	1174	861	1624	172	803	1481	1164	1002	928	1171	1624	956	841	1030	1125	720	692	1026	1373	281	1181	1146	1051	1050	694	776	801	593	1614	713	1095	522	760	1266	935	939	710	2338	543	365	1415	856	1363	928	774	900	858	1854	534	1171	1018	1247	781	987	1280	2799	1189	803	1114	752	1877	197	651	2100	1334	457	2330	1180	652	1382	849	1082	1383	1036	1268	1695	1277	932	743	1136	821	789	992	1184	655	584	741	801	563	746	758	367	1181	589	1061	1090	857	1105	1314	1313	873	1166	1095	1663	1742	775	281	949	872	515	761	819	942	1191	720	1383	522	691	605	496	1058	1317	1034	1383	492	1599	1198	1032	718	721	793	1268	762	55	1209	1338	798	254	692	1021	776	600	1089	977	636	803	621	960	483	1325	1382	1447	960	1183	528	1074	1700	1274	483	476
965	1182	1034	1084	1983	747	1258	789	1021	966	954	19	1227	418	981	825	929	981	50	585	1268	1175	746	1091	2440	747	156	920	1111	953	811	559	0	869	1691	1229	148	651	576	832	1268	1247	829	1025	1148	1060	1106	669	801	1284	382	989	1185	551	455	625	815	1716	1078	1288	1254	2326	196	2352	1901	134	1311	446	836	955	597	955	997	595	710	858	134	1573	453	1058	562	484	1543	1172	115	975	991	1083	829	490	1028	950	799	953	1066	836	800	1366	747	691	938	1097	1081	1324	775	454	615	848	631	2783	753	1010	981	1124	634	893	1604	1055	1075	1198	1062	1124	980	283	1177	1097	163	192	965	1230	840	1027	965	929	818	338	1309	511	825	1491	789	1063	742	222	1186	985	384	636	2277	597	381	1433	981	894	981	481	788	824	1961	50	1063	1155	1694	700	1063	1279	2878	1043	975	1092	214	1931	399	104	2467	1105	584	2263	1033	761	993	628	1058	1158	974	1183	1668	1373	992	460	952	326	812	1037	1077	1178	71	1226	511	820	207	542	778	1070	1130	1086	1062	829	1200	1180	1082	978	1061	976	1160	2017	487	785	941	822	745	480	610	896	1222	162	1756	742	148	106	1011	507	1084	1181	1158	154	1179	1094	970	815	1238	848	1266	496	527	1044	1203	346	747	182	1105	643	869	1160	986	182	784	914	431	644	1189	1755	921	983	1035	592	1056	1525	820	156	364
