NAME : VRPTW_INSTANCE_214.txt
COMMENT : Bangkok Supermarket
TYPE : VRPTW
DIMENSION : 279
DAYS : Wednesday
EDGE_WEIGHT_TYPE : EXPLICIT
VEHICLES : 36
EDGE_WEIGHT_FORMAT : FULL_MATRIX
CAPACITY : 1000
EDGE_WEIGHT_SECTION
0	550	425	465	586	165	580	394	366	154	1002	388	2420	2116	437	83	60	589	440	411	481	119	1019	637	264	622	1213	344	352	437	82	202	4329	1038	1011	962	603	37	777	1027	2097	1621	147	989	379	975	479	548	379	308	300	1119	264	957	620	1572	530	221	1148	244	239	135	530	781	527	152	88	521	1579	992	327	1727	1162	378	350	3004	133	1126	488	358	621	1307	103	285	1041	1109	1727	1097	599	284	993	172	373	255	33	1994	525	1411	176	1896	1028	595	365	153	196	82	423	525	382	2997	490	1030	253	425	1727	368	926	1961	583	490	262	650	21	348	879	307	204	25	182	83	366	206	2115	1606	916	2015	365	1053	1140	198	1606	869	482	206	1117	210	835	203	530	1049	154	135	353	281	195	496	213	235	535	359	257	1333	150	113	328	355	300	165	425	394	399	212	283	29	413	402	210	1027	1191	425	438	445	24	203	406	2078	1028	290	66	1895	2749	1728	92	113	157	400	1056	211	965	309	1058	355	153	489	539	140	978	584	154	363	983	202	2072	1886	119	1099	814	221	1119	1550	639	253	307	350	903	1619	85	1851	1426	126	46	172	491	76	1085	265	772	24	167	2173	376	996	368	737	760	978	101	378	463	1265	211	211	409	103	239	1521	3158	284	348	280	586	309	414	33	609	124	1717	1259	172	1213	2904	92	66	283	1052	373	611	402	705
550	0	907	743	868	581	814	926	904	704	1474	916	2111	1999	919	618	610	1134	990	141	1022	607	575	1174	580	1122	759	878	885	924	482	378	3913	1336	905	927	755	587	330	890	1729	1100	697	1475	912	510	1021	945	912	797	282	651	580	900	1129	1088	930	583	1267	794	589	641	930	436	941	433	581	913	1510	525	645	1350	695	237	867	2569	435	674	676	893	720	1296	474	710	911	1021	1350	660	738	316	882	597	909	593	582	1972	73	1709	588	2424	500	1103	903	493	396	482	943	73	911	2550	1010	1519	710	945	1350	906	889	2354	753	1011	810	1160	546	883	937	798	753	562	596	620	904	756	2305	1688	745	2565	897	503	598	748	1688	484	1024	755	1630	573	402	727	1059	1391	408	464	886	831	685	1038	737	785	940	192	614	882	674	608	863	785	282	581	907	943	948	356	324	540	139	951	731	1577	1163	944	920	345	574	725	921	2049	500	581	613	2423	2291	1380	615	608	657	925	922	759	847	557	508	785	493	736	718	618	931	1135	408	897	1530	700	1561	2354	612	661	272	515	1633	1390	1174	710	607	218	506	1328	486	2391	892	441	516	597	698	507	1614	412	731	573	679	2005	802	963	906	601	754	931	532	237	716	715	612	759	957	648	589	1055	2790	316	883	447	737	271	231	582	528	448	1291	1246	597	759	2359	615	613	324	948	903	1055	950	1061
425	907	0	328	895	327	917	151	175	323	1029	457	2432	1985	12	342	385	486	309	767	227	478	1238	318	343	214	1419	158	153	17	505	621	4410	1264	981	888	501	396	1035	1017	2172	1878	327	991	155	1214	233	194	155	117	625	1347	343	902	226	1785	181	604	1475	293	620	292	181	975	740	576	472	189	1444	1232	689	1828	1385	682	475	3123	486	1339	429	166	558	1155	528	589	1024	1045	1828	1301	511	592	971	311	167	634	398	1798	860	1603	319	1736	1321	632	174	415	513	505	107	860	455	3129	141	1020	544	105	1828	175	862	2028	475	141	251	257	442	162	750	117	286	432	311	342	175	316	2356	1356	957	1728	436	1390	1505	317	1356	1287	229	287	1044	598	1073	225	199	1234	570	449	431	276	488	235	217	285	176	719	626	1527	430	471	168	618	625	327	0	274	263	625	585	451	769	263	218	753	1068	104	13	656	406	225	88	1883	1321	353	366	1735	2897	1805	332	471	270	475	1038	281	955	388	1405	618	415	839	451	491	909	401	570	155	780	478	2301	1855	474	1303	1180	396	1042	1488	313	544	335	746	1105	1654	510	1650	1800	548	471	311	411	500	970	504	758	415	451	2078	634	912	176	808	723	909	514	682	357	1593	296	281	259	387	620	1719	3206	592	162	702	494	636	704	398	698	547	1863	1115	311	1419	3192	332	366	585	1011	447	194	263	349
465	743	328	0	1045	299	1044	458	467	473	1322	706	2108	1699	332	416	468	796	611	622	551	574	950	642	211	500	1121	438	438	343	518	593	4082	1475	656	570	177	461	778	691	1844	1594	472	1291	455	937	556	234	455	308	485	1060	211	580	524	1484	225	687	1614	506	705	361	225	688	945	573	549	204	1157	955	792	1502	1095	507	701	2797	430	1047	107	453	230	873	541	732	698	728	1502	1005	185	449	645	293	463	720	460	1547	679	1836	289	2064	1073	908	466	347	412	518	428	679	702	2804	469	1324	691	428	1502	468	541	2318	151	469	477	552	487	445	448	310	472	487	283	417	467	503	2564	1142	630	2035	680	1174	1312	499	1142	1195	552	474	1362	676	803	374	527	1467	547	389	672	513	627	560	377	492	237	586	722	1223	565	567	437	788	485	299	328	565	558	583	439	493	622	559	369	1074	771	426	333	420	462	371	405	1631	1073	192	446	2063	2574	1477	396	567	344	724	712	470	628	199	1198	788	347	954	123	594	590	723	547	446	1109	626	2002	2171	572	1008	1002	279	1361	1174	636	691	168	653	815	1327	527	1976	1609	542	499	293	85	531	1293	348	430	474	589	1778	808	597	469	488	395	590	565	507	34	1362	254	470	558	501	705	1413	2879	449	445	719	168	493	513	460	391	547	1543	828	293	1121	2915	396	446	439	689	691	366	559	318
586	868	895	1045	0	749	76	776	741	588	691	486	2942	2696	905	629	577	668	681	789	793	472	1440	919	851	1015	1627	745	752	898	560	564	4782	476	1581	1543	1190	584	1189	1590	2584	1942	587	716	763	1378	786	1071	763	805	776	1519	851	1534	996	1953	1055	372	580	602	356	686	1055	1254	221	540	498	1053	2162	1393	267	2205	1564	843	442	3438	675	1541	1075	744	1207	1894	543	315	1606	1684	2205	1525	1186	784	1561	754	751	343	586	2581	895	854	759	1700	1352	492	741	732	731	560	828	895	484	3419	872	760	359	831	2205	742	1505	1487	1170	873	644	1015	566	743	1466	805	612	562	764	628	741	581	1530	2188	1467	2007	495	1295	1302	581	2188	856	794	611	913	385	1259	698	876	522	578	701	494	622	421	804	700	610	1056	757	333	1750	485	479	731	277	776	749	895	676	689	589	789	562	792	692	704	1126	1775	832	906	966	586	699	828	2665	1352	877	598	1699	3158	2224	648	479	704	473	1621	617	1531	895	1276	277	732	132	1125	451	1557	755	578	755	993	427	2408	1524	473	1526	1036	805	918	2118	928	359	893	672	1354	2143	550	1719	1529	561	564	754	1078	537	947	819	1346	574	460	2743	262	1577	742	1288	1339	1557	496	843	1047	1496	792	617	700	546	356	1923	3648	784	743	438	1173	778	880	586	1164	552	2158	1845	754	1627	3124	648	598	789	1623	488	1086	691	1235
165	581	327	299	749	0	745	357	342	215	1107	477	2300	1964	339	130	176	635	459	441	459	277	967	602	105	540	1157	312	318	343	223	317	4234	1192	871	812	441	165	741	892	1995	1592	212	1086	345	932	459	406	345	216	300	1072	105	811	547	1522	388	387	1314	286	405	95	388	712	670	285	251	376	1424	950	493	1632	1113	363	454	2921	164	1072	327	329	465	1149	247	441	904	963	1632	1039	439	269	854	15	345	420	163	1833	537	1561	10	1948	1017	690	341	88	186	223	365	537	471	2918	431	1124	403	367	1632	344	777	2086	420	432	278	578	187	318	719	216	240	188	18	131	342	263	2275	1440	792	2013	451	1071	1180	256	1440	969	460	243	1193	376	790	167	483	1195	267	124	440	312	341	473	177	272	396	392	423	1272	282	271	299	504	300	0	327	408	408	315	262	193	442	411	169	1024	1035	366	340	371	164	165	342	1917	1017	132	156	1947	2675	1625	110	271	96	493	919	243	829	158	1084	504	88	655	376	298	829	601	267	329	1008	342	2032	1983	277	1041	854	95	1193	1408	601	403	144	423	841	1502	231	1887	1474	254	200	15	328	232	1145	194	630	175	305	2027	525	844	344	618	613	829	266	363	297	1278	47	243	414	218	405	1464	3051	269	318	429	425	311	390	163	491	257	1639	1101	15	1157	2896	110	156	262	910	461	491	410	555
580	814	917	1044	76	745	0	806	771	601	767	530	2901	2675	928	631	578	725	724	743	832	471	1388	965	844	1050	1573	772	779	922	543	531	4727	522	1557	1524	1182	583	1139	1564	2537	1878	600	793	793	1325	825	1087	793	821	742	1464	844	1514	1032	1894	1070	359	569	626	342	689	1070	1211	287	514	494	1067	2145	1339	253	2157	1509	806	482	3381	655	1488	1066	773	1195	1880	524	328	1580	1662	2157	1473	1176	753	1537	751	781	327	584	2570	844	898	755	1776	1291	558	771	719	708	543	857	844	529	3361	905	837	374	860	2157	772	1486	1547	1162	906	668	1053	559	770	1454	821	631	557	761	630	771	601	1550	2186	1436	2081	537	1228	1231	600	2186	781	833	630	989	371	1209	711	914	580	551	685	534	650	433	844	714	633	1072	715	322	1696	495	478	757	307	742	745	917	714	726	555	759	553	747	729	718	1190	1759	861	929	934	582	712	855	2654	1291	869	600	1775	3099	2179	650	478	709	520	1595	637	1506	884	1207	307	719	93	1118	452	1538	807	551	784	1061	441	2343	1595	473	1474	971	793	994	2091	973	374	887	626	1306	2104	533	1795	1455	538	552	751	1071	523	1022	798	1325	570	471	2717	297	1559	772	1259	1321	1538	484	806	1043	1428	790	637	738	552	342	1866	3600	753	770	398	1164	744	842	584	1138	530	2105	1831	751	1573	3051	650	600	759	1600	531	1110	729	1250
394	926	151	458	776	357	806	0	34	254	879	314	2566	2134	155	314	340	339	158	784	103	409	1316	247	413	248	1503	49	41	144	475	596	4534	1121	1115	1027	635	359	1097	1148	2294	1948	259	842	15	1285	105	344	15	162	651	1423	413	1038	237	1869	332	527	1352	187	541	285	332	1057	605	544	413	340	1593	1303	597	1943	1463	718	341	3238	491	1421	551	37	688	1305	493	485	1156	1185	1943	1385	643	622	1103	343	25	554	362	1950	889	1455	354	1618	1374	480	35	439	534	475	53	889	313	3240	103	872	441	56	1943	34	999	1878	609	104	149	264	406	45	895	161	204	392	348	313	35	223	2212	1507	1077	1656	295	1424	1524	227	1507	1260	105	203	904	524	1143	199	136	1087	548	463	292	157	394	117	189	186	327	734	541	1615	346	403	66	500	651	357	151	123	112	606	617	414	787	112	195	668	1214	57	155	722	370	201	63	2035	1374	430	328	1618	3004	1925	313	403	270	332	1170	197	1084	468	1434	500	439	736	580	417	1047	267	548	30	666	381	2382	1713	404	1387	1197	446	902	1630	248	441	420	741	1187	1782	477	1545	1814	520	438	343	536	461	836	550	885	376	363	2225	513	1052	34	918	853	1047	463	718	483	1632	345	197	108	323	541	1807	3335	622	45	649	627	661	746	362	800	517	1967	1263	343	1503	3253	313	328	617	1147	305	316	112	494
366	904	175	467	741	342	771	34	0	223	861	284	2573	2151	180	288	311	329	143	762	118	376	1306	271	405	283	1494	31	28	171	447	568	4536	1091	1122	1037	645	331	1083	1154	2296	1934	228	827	21	1273	118	369	21	162	631	1412	405	1047	271	1860	355	494	1319	153	507	264	355	1048	573	515	381	362	1609	1291	562	1942	1453	700	308	3236	469	1411	556	13	695	1322	465	450	1162	1195	1942	1375	652	604	1110	328	9	520	334	1971	869	1428	339	1621	1357	458	1	421	514	447	86	869	282	3238	137	858	406	89	1942	1	1008	1861	618	138	115	297	378	24	908	161	172	363	334	287	0	189	2183	1531	1079	1672	264	1404	1501	194	1531	1230	119	171	896	490	1131	178	166	1059	521	442	260	122	360	133	168	152	352	711	507	1607	313	371	42	466	631	342	175	101	92	579	599	386	765	93	175	682	1229	90	181	711	343	180	91	2056	1357	424	300	1620	3000	1926	289	371	251	302	1177	165	1090	461	1412	466	421	701	587	384	1057	267	521	20	672	346	2372	1704	371	1378	1174	433	895	1641	272	406	415	716	1177	1786	448	1551	1790	492	410	328	542	432	832	536	890	348	329	2239	479	1063	2	917	859	1057	432	700	490	1613	334	165	91	292	507	1799	3339	604	24	618	635	642	730	334	798	489	1963	1279	328	1494	3237	289	300	599	1155	275	348	93	522
154	704	323	473	588	215	601	254	223	0	891	262	2516	2166	335	97	94	441	286	564	332	157	1157	489	316	496	1350	206	215	331	229	349	4446	1001	1084	1020	637	117	920	1106	2209	1768	6	872	238	1116	329	485	238	220	447	1260	316	1021	490	1712	468	281	1168	90	296	122	468	911	472	294	158	465	1625	1134	366	1844	1302	523	239	3129	278	1264	527	216	670	1344	244	274	1118	1173	1844	1233	638	426	1068	210	231	311	121	2020	677	1362	220	1753	1178	475	222	261	335	229	292	677	256	3125	356	910	229	295	1844	224	986	1871	613	357	111	518	160	208	916	219	52	145	221	95	223	54	2092	1608	1008	1861	236	1207	1293	46	1608	1007	333	53	985	276	975	109	389	994	305	264	225	127	168	347	112	81	470	513	302	1468	107	151	189	319	447	215	323	240	245	363	424	167	567	248	116	873	1236	295	336	569	129	111	280	2105	1178	343	91	1752	2879	1839	110	151	132	277	1133	59	1043	373	1212	319	261	519	572	168	1037	431	305	224	831	161	2216	1769	152	1235	968	306	985	1620	492	229	348	503	1037	1718	229	1703	1579	274	192	210	523	211	945	385	843	131	130	2235	338	1051	224	833	824	1037	209	523	482	1418	240	59	255	68	296	1658	3266	426	208	395	622	457	557	121	706	270	1844	1298	210	1350	3056	110	91	424	1122	246	518	248	649
1002	1474	1029	1322	691	1107	767	879	861	891	0	630	3407	3013	1031	984	954	547	720	1361	812	899	2010	825	1205	1003	2204	887	888	1020	1032	1106	5332	547	1967	1891	1499	975	1761	1993	3098	2574	895	63	877	1958	804	1218	877	1014	1290	2104	1205	1898	970	2554	1207	892	960	828	885	1013	1207	1782	539	1057	932	1218	2471	1975	835	2729	2148	1368	656	4005	1134	2116	1400	874	1543	2183	1030	766	2004	2048	2729	2091	1504	1281	1953	1101	867	881	979	2824	1478	704	1112	1010	1975	418	862	1145	1198	1032	923	1478	635	3996	916	86	773	925	2729	860	1860	999	1474	917	849	969	992	881	1769	1012	870	979	1111	982	861	844	1469	2370	1900	1382	656	1948	1976	851	2370	1546	811	868	255	902	1824	962	877	435	1091	1137	667	813	815	809	957	842	1201	1316	860	2325	852	902	886	690	1290	1107	1029	760	769	1131	1281	994	1364	768	965	719	2090	926	1031	1447	985	965	941	2909	1975	1231	966	1009	3745	2729	1001	902	1017	614	2019	869	1930	1263	1935	690	1145	799	1438	882	1911	651	1091	882	538	804	3036	885	896	2093	1687	1198	263	2496	836	773	1232	1258	1901	2610	1025	1043	2216	1061	1012	1101	1391	1004	343	1266	1729	978	836	3100	672	1920	860	1725	1704	1911	967	1368	1341	2156	1128	869	771	906	885	2511	4157	1281	881	1030	1488	1297	1406	979	1598	1052	2717	2141	1101	2204	3798	1001	966	1281	2003	646	1153	769	1352
388	916	457	706	486	477	530	314	284	262	630	0	2777	2406	464	356	333	231	196	785	310	309	1408	434	575	536	1601	299	304	455	438	539	4708	807	1339	1268	879	356	1165	1364	2471	2005	266	609	305	1363	302	650	305	405	688	1508	575	1273	514	1960	636	366	1050	200	371	382	636	1167	293	483	336	640	1863	1380	382	2105	1551	766	57	3388	521	1515	775	292	918	1578	443	261	1375	1424	2105	1486	882	672	1324	471	293	377	361	2241	903	1146	481	1510	1408	212	284	520	584	438	368	903	5	3383	399	648	233	371	2105	284	1236	1616	854	400	229	531	383	295	1155	404	241	368	481	354	284	214	1898	1810	1269	1673	25	1416	1482	220	1810	1134	310	238	729	371	1224	335	394	777	509	517	36	193	235	320	331	215	633	736	356	1721	244	308	291	233	688	477	457	198	211	560	671	387	788	213	339	710	1477	372	465	827	368	338	375	2326	1408	600	341	1510	3136	2101	372	308	387	18	1390	240	1300	632	1415	233	520	478	816	299	1287	284	509	303	626	219	2458	1507	304	1488	1165	568	730	1872	443	233	603	701	1291	1979	433	1474	1755	476	409	471	768	411	699	643	1100	363	237	2483	237	1298	284	1095	1077	1287	384	766	721	1629	497	240	221	286	371	1910	3528	672	295	520	866	696	802	361	968	468	2102	1534	471	1601	3276	372	341	671	1376	15	631	213	806
2420	2111	2432	2108	2942	2300	2901	2566	2573	2516	3407	2777	0	846	2434	2426	2461	2902	2716	2159	2658	2535	1552	2732	2202	2561	1402	2543	2544	2446	2411	2380	2020	3419	1451	1546	1931	2442	1781	1418	451	1431	2512	3384	2562	1623	2663	2278	2562	2411	2169	1511	2202	1529	2592	1245	2281	2588	3377	2580	2601	2394	2281	1690	2943	2411	2502	2264	1136	1614	2683	788	1472	2099	2754	946	2298	1472	2017	2559	1878	1379	2421	2694	1410	1390	788	1469	1922	2166	1462	2306	2570	2612	2438	1197	2066	3797	2295	4155	1746	2989	2572	2270	2234	2411	2535	2066	2772	1010	2570	3420	2670	2535	788	2574	1570	4382	1957	2569	2561	2613	2434	2549	1694	2412	2537	2445	2296	2428	2573	2562	4416	1543	1507	4014	2751	1910	2048	2556	1543	2437	2659	2539	3469	2575	1710	2447	2625	3452	2373	2285	2740	2598	2616	2667	2453	2565	2292	2186	2628	1297	2568	2530	2540	2769	2169	2300	2432	2668	2662	2355	2163	2434	2155	2664	2445	3142	1410	2533	2435	1986	2434	2444	2512	1179	1746	2176	2447	4155	947	735	2408	2530	2390	2793	1395	2538	1482	2144	1959	2769	2270	2813	1985	2554	1524	2831	2373	2553	3206	2623	1258	4275	2537	1470	2075	2212	3468	971	2723	2670	2176	2276	1604	801	2420	4047	2135	2396	2422	2306	2030	2438	3401	2155	1683	2442	2587	647	2791	1525	2574	1684	1713	1524	2480	2099	2083	1840	2279	2538	2664	2508	2601	1206	793	2166	2549	2504	1939	2166	2061	2438	1812	2405	929	1398	2306	1402	2007	2408	2447	2163	1420	2761	2394	2664	2212
2116	1999	1985	1699	2696	1964	2675	2134	2151	2166	3013	2406	846	0	1983	2094	2140	2471	2293	1991	2208	2235	1565	2239	1858	2055	1505	2126	2125	1995	2136	2148	2766	3155	1120	1154	1529	2126	1713	1120	1024	1780	2165	2977	2136	1633	2215	1801	2136	2003	1944	1584	1858	1161	2089	1557	1810	2323	3218	2206	2339	2046	1810	1570	2634	2161	2205	1798	542	1633	2429	1083	1563	1893	2400	1793	2021	1535	1639	2139	1498	829	2153	2401	1102	1013	1083	1508	1528	1927	1142	1964	2146	2353	2124	358	1934	3525	1956	3611	1818	2605	2151	1966	1966	2136	2092	1934	2402	1855	2107	3006	2367	2090	1083	2153	1191	4013	1553	2106	2177	2102	2135	2132	1251	2005	2170	2142	1953	2095	2152	2201	4226	787	1260	3370	2380	2007	2179	2197	787	2435	2209	2173	3017	2310	1652	2073	2154	3159	2124	1995	2372	2213	2304	2213	2076	2192	1817	1998	2363	1456	2246	2229	2128	2468	1944	1964	1985	2253	2244	2126	1920	2138	1988	2244	2069	2601	930	2089	1984	1752	2122	2070	2073	332	1818	1832	2121	3611	1765	977	2074	2229	2034	2424	1088	2169	1174	1808	2059	2468	1966	2582	1593	2256	1139	2379	2124	2131	2701	2306	1818	3826	2235	1510	2075	1894	3014	610	2229	2367	1821	2096	1545	835	2146	3476	2365	2137	2134	1964	1642	2159	2929	1877	1350	2133	2269	200	2489	1120	2153	1427	1357	1139	2200	1893	1686	2027	1929	2169	2242	2182	2339	1478	1566	1927	2132	2287	1543	1944	1862	2124	1541	2145	1281	872	1964	1505	2716	2074	2121	1920	1077	2391	1888	2244	1688
437	919	12	332	905	339	928	155	180	335	1031	464	2434	1983	0	355	397	487	312	779	226	490	1247	311	354	202	1428	166	160	11	518	634	4414	1271	984	890	504	409	1045	1021	2177	1887	339	993	161	1223	233	189	161	130	637	1356	354	905	215	1794	176	616	1485	303	632	305	176	984	749	589	484	186	1443	1242	700	1834	1394	693	483	3129	499	1348	435	172	562	1154	541	600	1027	1047	1834	1310	515	604	974	324	173	646	411	1795	872	1609	332	1731	1332	636	180	427	525	518	108	872	462	3135	136	1022	555	106	1834	181	864	2031	478	136	261	246	455	169	751	130	298	445	323	354	181	326	2363	1351	962	1719	443	1402	1517	328	1351	1300	228	299	1043	610	1083	237	194	1240	583	462	439	285	499	233	230	295	172	731	638	1535	441	483	176	628	637	339	12	279	268	638	597	464	781	267	230	746	1068	105	1	666	418	237	92	1880	1332	363	379	1731	2904	1810	345	483	283	482	1041	292	959	399	1417	628	427	850	455	503	911	400	583	161	776	489	2310	1854	486	1312	1192	408	1041	1489	305	555	345	759	1114	1658	523	1644	1812	560	484	324	416	513	968	515	762	428	463	2077	643	913	181	814	727	911	527	693	362	1604	308	292	263	399	632	1727	3209	604	169	715	498	648	715	411	705	560	1870	1114	324	1428	3202	345	379	597	1014	454	183	267	341
83	618	342	416	629	130	631	314	288	97	984	356	2426	2094	355	0	52	537	375	477	405	159	1061	559	235	539	1253	264	272	354	165	284	4351	1064	1001	942	569	55	824	1021	2115	1673	91	966	299	1020	403	473	299	226	354	1163	235	941	538	1615	455	281	1201	183	299	59	455	814	540	235	141	448	1553	1038	381	1748	1206	429	328	3032	185	1167	455	279	595	1277	186	315	1034	1093	1748	1136	567	331	984	129	294	314	56	1959	588	1431	137	1850	1086	569	287	164	240	165	341	588	351	3028	408	1005	276	343	1748	290	907	1958	546	409	192	568	100	269	847	225	138	90	140	1	288	150	2149	1559	918	1949	331	1120	1213	143	1559	951	406	140	1081	272	879	121	450	1065	235	168	320	217	212	420	130	171	460	426	312	1371	152	152	248	375	354	130	342	327	330	293	328	108	480	333	127	959	1165	343	356	472	63	120	323	2043	1086	262	30	1849	2782	1745	20	152	81	371	1048	143	958	288	1127	375	164	542	503	179	959	520	235	283	924	213	2120	1863	157	1138	887	214	1082	1538	561	276	272	427	940	1627	168	1798	1501	209	129	129	455	157	1042	288	760	73	175	2157	396	974	290	742	743	959	174	429	419	1331	166	143	339	88	299	1561	3173	331	269	360	553	364	462	56	614	207	1747	1230	129	1253	2965	20	30	328	1040	340	531	333	634
60	610	385	468	577	176	578	340	311	94	954	333	2461	2140	397	52	0	529	380	471	424	107	1075	580	281	574	1268	291	299	396	135	257	4378	1016	1042	987	617	23	834	1061	2144	1679	88	939	325	1031	421	524	325	271	358	1176	281	985	571	1629	506	230	1148	184	247	111	506	833	496	204	89	499	1600	1049	329	1775	1219	436	299	3056	189	1182	503	303	641	1325	153	265	1074	1136	1775	1152	615	340	1025	178	318	262	28	2008	585	1385	184	1838	1088	543	310	191	251	135	372	585	328	3050	439	979	227	375	1775	313	951	1921	596	439	204	600	67	294	896	270	145	52	188	52	311	146	2100	1610	954	1955	310	1113	1199	138	1610	920	425	147	1062	221	892	160	477	1020	211	184	298	222	164	439	168	175	510	420	260	1387	107	100	274	328	358	176	385	334	339	269	338	74	474	343	167	968	1212	375	398	494	36	160	357	2093	1088	307	21	1837	2802	1774	71	100	133	346	1089	152	998	332	1118	328	191	490	552	126	1003	524	211	309	922	167	2130	1837	105	1154	874	251	1063	1581	583	227	320	409	957	1660	137	1792	1485	181	98	178	504	121	1028	312	802	37	129	2201	349	1020	313	777	787	1003	129	436	470	1325	216	152	349	48	247	1577	3204	340	294	317	601	367	471	28	648	177	1769	1277	178	1268	2964	71	21	338	1082	318	576	342	685
589	1134	486	796	668	635	725	339	329	441	547	231	2902	2471	487	537	529	0	186	998	264	530	1597	301	718	464	1789	358	357	475	651	761	4860	882	1451	1366	974	553	1361	1483	2620	2209	446	506	341	1557	256	671	341	490	888	1700	718	1377	432	2152	662	597	1192	354	603	542	662	1346	450	704	554	673	1930	1575	610	2262	1742	964	289	3554	718	1703	884	342	1024	1642	659	491	1492	1524	2262	1671	981	867	1439	625	332	608	558	2277	1114	1176	636	1313	1617	206	330	698	776	651	379	1114	236	3553	368	534	465	380	2262	327	1338	1545	948	369	356	437	589	352	1235	489	400	573	633	535	329	386	1946	1823	1405	1443	243	1636	1709	394	1823	1366	263	397	567	602	1416	470	331	822	725	705	254	323	463	261	462	366	655	947	587	1905	460	528	362	452	888	635	486	234	239	780	865	595	1001	237	470	480	1553	382	487	1004	566	473	399	2361	1617	740	531	1313	3311	2250	547	528	539	231	1506	395	1419	776	1637	452	698	689	917	523	1386	112	725	349	398	446	2657	1374	525	1673	1389	731	566	1969	312	465	735	922	1474	2113	648	1262	1985	693	618	625	871	626	510	821	1218	564	459	2564	451	1392	327	1239	1189	1386	605	964	819	1849	641	395	238	487	603	2097	3667	867	352	751	965	897	998	558	1116	686	2274	1601	625	1789	3492	547	531	865	1485	242	606	238	805
440	990	309	611	681	459	724	158	143	286	720	196	2716	2293	312	375	380	186	0	850	116	410	1426	243	536	344	1616	172	172	301	512	630	4675	984	1265	1181	788	403	1196	1297	2435	2046	292	684	157	1389	108	501	157	304	730	1531	536	1191	319	1981	489	506	1245	195	516	370	489	1171	487	574	426	498	1751	1407	550	2079	1572	803	241	3372	561	1532	698	157	838	1463	525	429	1305	1339	2079	1498	795	706	1253	448	147	526	407	2107	963	1307	459	1489	1461	326	144	529	614	512	204	963	197	3372	215	715	390	206	2079	142	1152	1720	762	216	184	335	445	166	1052	303	237	429	455	373	143	234	2069	1662	1219	1575	186	1493	1578	242	1662	1271	116	235	753	507	1247	291	200	942	588	542	189	158	364	124	282	205	484	799	508	1731	338	406	176	420	730	459	309	50	53	646	702	452	853	51	291	587	1372	208	312	831	416	294	220	2192	1461	557	376	1489	3132	2065	382	406	363	210	1320	231	1233	594	1498	420	529	666	731	410	1201	145	588	164	550	348	2490	1560	404	1500	1254	554	752	1785	250	390	551	788	1300	1927	511	1428	1862	557	476	448	685	491	693	650	1032	417	346	2382	427	1207	142	1055	1003	1201	479	803	633	1705	461	231	52	345	516	1923	3481	706	166	649	779	739	836	407	933	551	2095	1421	448	1616	3340	382	376	702	1299	193	456	52	645
411	141	767	622	789	441	743	784	762	564	1361	785	2159	1991	779	477	471	998	850	0	880	477	657	1032	446	981	848	736	743	783	348	254	3999	1264	877	880	657	447	405	871	1795	1221	558	1358	771	600	880	814	771	656	144	745	446	858	988	1193	798	470	1239	655	478	499	798	468	834	306	449	781	1484	616	545	1416	790	122	738	2660	293	761	567	752	631	1252	342	594	890	991	1416	741	642	180	854	456	768	484	443	1938	118	1641	447	2295	623	978	762	352	255	348	801	118	779	2645	869	1401	589	803	1416	764	841	2265	651	869	669	1019	408	741	866	657	613	425	455	479	763	617	2269	1626	730	2426	765	643	740	609	1626	576	882	615	1506	459	473	585	917	1308	277	322	753	691	557	896	595	645	808	51	505	971	541	477	721	671	144	441	767	803	807	230	188	403	3	810	589	1437	1120	802	781	262	435	583	779	2017	623	450	473	2295	2389	1436	474	477	515	794	903	619	820	429	650	671	352	658	612	489	887	995	277	755	1393	571	1679	2244	482	742	413	379	1508	1388	1032	589	476	116	565	1365	352	2258	1033	308	379	456	586	374	1484	280	677	434	548	2011	690	917	764	567	692	887	402	122	598	854	472	619	816	511	478	1152	2859	180	741	352	638	134	137	443	470	317	1374	1202	456	848	2494	474	473	188	921	771	920	810	937
481	1022	227	551	793	459	832	103	118	332	812	310	2658	2208	226	405	424	264	116	880	0	478	1420	157	516	227	1606	147	140	214	560	681	4631	1100	1207	1115	726	444	1200	1242	2392	2050	338	770	114	1388	8	407	114	264	750	1527	516	1129	203	1973	398	587	1360	250	599	382	398	1160	603	627	487	410	1668	1406	644	2043	1567	819	351	3338	587	1524	647	130	781	1379	577	526	1249	1273	2043	1488	735	722	1196	445	114	611	448	2012	987	1419	456	1518	1475	435	119	539	632	560	122	987	310	3341	105	798	484	123	2043	116	1089	1809	700	106	220	221	491	141	978	263	280	476	450	403	118	290	2183	1560	1175	1554	298	1522	1618	296	1560	1338	1	278	816	586	1246	297	84	1055	635	561	299	213	448	15	286	254	391	829	595	1718	409	473	160	526	750	459	227	118	106	693	717	498	883	103	293	565	1294	124	226	825	457	299	146	2097	1475	534	415	1518	3106	2024	406	473	369	325	1263	273	1179	571	1530	526	539	770	673	482	1136	174	635	129	565	432	2486	1627	472	1490	1291	549	814	1715	160	484	522	831	1290	1877	560	1442	1906	605	523	445	631	543	743	652	980	461	422	2304	535	1139	116	1018	947	1136	539	819	577	1731	448	273	94	399	599	1911	3430	722	141	721	719	760	847	448	902	601	2069	1340	445	1606	3355	406	415	717	1238	306	346	103	542
119	607	478	574	472	277	471	409	376	157	899	309	2535	2235	490	159	107	530	410	477	478	0	1112	634	380	654	1306	362	371	487	133	231	4434	919	1130	1081	719	112	865	1146	2206	1698	153	890	394	1063	474	627	394	368	390	1209	380	1076	646	1661	610	126	1041	227	142	219	610	883	409	174	33	604	1697	1081	222	1834	1253	469	261	3106	237	1219	604	371	739	1425	134	166	1160	1228	1834	1193	715	381	1112	281	385	158	114	2110	595	1291	287	1818	1100	502	376	271	302	133	449	595	303	3097	512	932	135	452	1834	378	1045	1847	698	513	261	673	101	364	996	368	205	93	292	159	376	188	1998	1716	1033	1971	290	1108	1179	182	1716	862	479	205	1030	119	927	255	542	930	200	250	279	265	84	493	261	225	613	428	153	1427	71	7	346	236	390	277	478	372	380	251	382	100	480	384	262	992	1309	452	491	553	114	255	438	2194	1100	406	129	1817	2846	1838	178	7	239	317	1175	212	1084	427	1107	236	271	383	654	21	1097	548	200	380	928	95	2154	1785	5	1194	859	340	1032	1669	638	135	421	393	1002	1733	127	1784	1457	168	113	281	606	105	1007	379	891	102	71	2292	258	1115	378	854	879	1097	75	469	574	1320	320	212	392	91	142	1614	3269	381	364	242	702	398	507	114	726	160	1817	1377	281	1306	2967	178	129	382	1171	295	672	383	789
1019	575	1238	950	1440	967	1388	1316	1306	1157	2010	1408	1552	1565	1247	1061	1075	1597	1426	657	1420	1112	0	1550	904	1439	193	1275	1280	1256	979	907	3342	1911	650	745	846	1052	252	605	1157	644	1152	2003	1306	72	1421	1184	1306	1158	722	109	904	702	1459	555	1175	1125	1829	1243	1134	1056	1175	263	1491	953	1081	1155	1159	68	1202	778	147	643	1368	2002	886	106	845	1292	782	1036	980	1247	624	746	778	85	827	735	630	979	1308	1141	1047	1622	546	2284	967	2911	257	1613	1305	899	824	979	1312	546	1402	1988	1371	2045	1236	1313	778	1308	720	2922	862	1371	1243	1489	1025	1281	850	1159	1197	1040	972	1062	1306	1211	2869	1467	492	2966	1385	446	623	1204	1467	899	1421	1199	2137	1113	185	1134	1428	1962	919	893	1373	1274	1196	1434	1144	1230	1188	697	1161	315	1167	1110	1264	1324	722	967	1238	1375	1375	882	736	1022	653	1378	1136	1983	913	1311	1248	595	1040	1132	1287	1688	257	888	1069	2910	1734	816	1049	1110	1062	1420	628	1201	603	852	497	1324	899	1308	854	1128	734	1568	919	1291	1975	1208	1066	2896	1116	86	532	873	2139	965	1546	1236	904	770	135	800	985	2854	858	948	1002	979	869	1007	2102	776	642	1044	1179	1531	1344	769	1308	501	689	734	1042	643	916	527	971	1201	1382	1122	1134	502	2215	735	1281	1008	837	714	606	1047	562	958	718	994	979	193	1964	1049	1069	736	679	1393	1317	1377	1232
637	1174	318	642	919	602	965	247	271	489	825	434	2732	2239	311	559	580	301	243	1032	157	634	1550	0	647	185	1734	296	289	301	716	838	4720	1181	1286	1185	809	601	1338	1325	2485	2186	495	775	261	1522	160	453	261	393	898	1658	647	1204	151	2100	450	741	1472	406	752	532	450	1288	716	784	644	467	1706	1541	792	2145	1697	965	483	3439	739	1653	746	281	870	1418	733	671	1330	1341	2145	1615	821	869	1278	587	265	763	604	2022	1136	1476	598	1425	1618	503	272	686	781	716	239	1136	436	3446	179	794	632	238	2145	269	1163	1806	784	179	377	144	647	291	1039	392	437	633	591	558	270	447	2247	1556	1272	1416	428	1671	1771	453	1556	1495	155	436	780	740	1381	447	121	1123	791	710	432	369	600	141	436	411	439	981	747	1843	565	629	311	663	898	602	318	266	256	849	863	655	1034	252	443	435	1345	239	310	960	613	449	263	2106	1618	661	570	1425	3215	2119	559	629	517	446	1344	430	1264	698	1681	663	686	909	764	638	1207	188	791	277	474	584	2615	1586	628	1618	1445	688	777	1776	11	632	646	987	1418	1963	717	1334	2061	762	679	587	727	700	689	794	1070	618	577	2347	669	1206	269	1126	1033	1207	696	965	673	1879	585	430	244	556	752	2035	3511	869	291	877	805	909	992	604	1016	758	2182	1382	587	1734	3496	559	570	863	1314	434	350	253	551
264	580	343	211	851	105	844	413	405	316	1205	575	2202	1858	354	235	281	718	536	446	516	380	904	647	0	556	1090	374	378	361	309	382	4144	1297	767	707	338	269	692	790	1904	1539	313	1182	403	875	518	368	403	254	301	1012	0	706	569	1456	352	485	1411	378	502	194	352	643	776	361	352	336	1319	893	591	1544	1051	346	556	2836	219	1008	223	391	360	1044	331	545	802	858	1544	971	335	266	751	106	406	517	266	1730	525	1666	97	2025	978	787	404	135	208	309	408	525	570	2835	469	1219	508	409	1544	407	672	2188	318	469	364	600	285	380	615	255	335	289	96	236	405	361	2379	1342	695	2063	549	1050	1171	354	1342	1004	518	337	1281	473	734	248	525	1300	336	178	538	399	446	530	256	364	362	402	522	1202	387	374	365	609	301	105	343	485	483	373	257	290	446	485	247	1078	930	408	355	313	266	246	383	1814	978	26	262	2024	2596	1534	215	374	187	591	816	336	726	58	1067	609	135	752	274	401	724	672	336	389	1077	447	1970	2077	380	974	850	71	1281	1304	644	508	43	455	774	1405	318	1957	1467	330	293	106	227	323	1228	167	527	278	410	1922	630	739	407	523	508	724	361	346	202	1251	77	336	487	323	502	1394	2956	266	380	507	321	311	364	266	398	336	1559	997	106	1090	2851	215	262	257	806	559	475	485	501
622	1122	214	500	1015	540	1050	248	283	496	1003	536	2561	2055	202	539	574	464	344	981	227	654	1439	185	556	0	1617	291	283	197	704	823	4557	1325	1123	1017	654	590	1244	1165	2327	2082	501	955	263	1419	235	285	263	325	839	1549	556	1038	34	1981	286	774	1586	436	788	496	286	1176	830	775	654	305	1523	1437	845	1995	1586	896	574	3287	697	1539	607	285	718	1236	725	733	1169	1171	1995	1499	668	807	1116	525	273	802	592	1837	1075	1637	533	1593	1533	654	283	628	726	704	204	1075	536	3297	145	977	689	201	1995	282	997	1990	630	144	396	53	637	290	866	325	449	625	525	538	283	470	2404	1372	1123	1534	522	1605	1719	474	1372	1490	227	449	966	770	1280	418	143	1277	773	661	522	405	643	220	408	434	274	932	789	1721	594	647	308	743	839	540	214	339	326	830	799	646	983	324	412	584	1166	201	201	866	600	419	217	1921	1533	564	559	1593	3071	1964	532	647	475	552	1182	442	1105	598	1620	743	628	982	616	663	1039	354	773	275	651	629	2499	1771	648	1502	1394	611	962	1600	174	689	544	956	1305	1801	707	1491	2014	748	668	525	586	695	873	718	917	608	611	2165	754	1036	282	989	877	1039	702	896	533	1807	510	442	316	565	788	1912	3344	807	290	890	653	850	918	592	888	746	2043	1200	525	1617	3399	532	559	799	1148	531	168	324	367
1213	759	1419	1121	1627	1157	1573	1503	1494	1350	2204	1601	1402	1505	1428	1253	1268	1789	1616	848	1606	1306	193	1734	1090	1617	0	1463	1468	1437	1172	1100	3154	2095	727	838	1003	1245	444	675	989	486	1344	2197	1493	249	1609	1354	1493	1344	916	111	1090	795	1637	366	1346	1318	1998	1435	1326	1247	1346	446	1683	1146	1274	1326	1154	234	1393	615	70	837	1562	1811	1079	87	1014	1480	937	1078	1174	1440	692	804	615	118	984	929	711	1168	1495	1333	1241	1604	735	2467	1157	3103	345	1807	1493	1090	1017	1172	1497	735	1596	1796	1555	2238	1430	1497	615	1496	820	3111	1021	1555	1434	1667	1219	1469	965	1345	1389	1234	1161	1255	1494	1404	3036	1507	594	3147	1578	521	682	1396	1507	1035	1608	1391	2331	1306	379	1324	1612	2150	1112	1086	1566	1465	1390	1620	1334	1422	1359	890	1353	123	1361	1304	1452	1517	916	1157	1419	1565	1565	1075	930	1216	845	1568	1326	2168	968	1496	1429	785	1233	1322	1471	1663	345	1073	1262	3102	1541	670	1241	1304	1253	1614	691	1393	691	1036	573	1517	1090	1495	1018	1322	824	1757	1112	1479	2165	1402	882	3089	1310	116	675	1062	2332	930	1730	1430	1087	960	316	695	1179	3044	864	1142	1196	1168	1038	1200	2295	967	775	1238	1373	1447	1537	856	1496	650	823	824	1236	837	1087	524	1159	1393	1571	1315	1326	308	2039	929	1469	1198	996	908	800	1241	730	1151	532	1042	1168	0	1802	1241	1262	930	747	1586	1488	1567	1389
344	878	158	438	745	312	772	49	31	206	887	299	2543	2126	166	264	291	358	172	736	147	362	1275	296	374	291	1463	0	8	157	425	547	4505	1105	1092	1009	616	309	1053	1124	2265	1904	211	854	34	1242	147	351	34	131	603	1382	374	1018	283	1829	336	483	1324	147	497	236	336	1016	583	495	365	342	1584	1261	556	1911	1422	672	317	3205	442	1380	526	17	665	1296	444	447	1133	1166	1911	1344	622	575	1080	298	33	510	312	1949	841	1445	309	1652	1328	480	30	392	486	425	88	841	297	3206	149	886	402	91	1911	33	979	1886	590	150	106	311	357	6	881	130	157	343	303	263	31	179	2198	1512	1048	1701	277	1376	1475	183	1512	1211	148	157	926	479	1100	151	186	1076	499	415	273	122	353	162	140	143	334	685	498	1576	302	356	16	468	603	312	158	127	120	557	570	365	738	121	147	712	1202	91	166	680	321	152	83	2034	1328	393	278	1652	2969	1895	263	356	222	317	1147	150	1060	430	1385	468	392	698	558	371	1029	299	499	19	703	340	2341	1733	357	1347	1148	403	925	1613	297	402	384	692	1146	1755	427	1582	1765	471	388	298	513	412	863	506	860	327	320	2212	482	1035	33	886	830	1029	415	672	460	1585	303	150	120	275	497	1768	3309	575	6	602	606	614	700	312	766	468	1932	1254	298	1463	3208	263	278	570	1126	288	341	121	507
352	885	153	438	752	318	779	41	28	215	888	304	2544	2125	160	272	299	357	172	743	140	371	1280	289	378	283	1468	8	0	151	433	555	4507	1110	1093	1009	616	317	1059	1125	2267	1910	220	854	27	1248	142	347	27	133	610	1387	378	1019	275	1834	333	491	1330	155	505	243	333	1021	588	503	373	339	1582	1266	564	1914	1427	678	323	3208	450	1385	527	15	666	1295	452	455	1134	1166	1914	1349	623	582	1081	304	27	518	320	1947	848	1449	315	1649	1334	483	27	399	493	433	80	848	301	3210	141	886	410	83	1914	30	980	1887	590	141	114	303	365	9	881	132	166	351	309	271	28	187	2202	1509	1050	1695	282	1383	1482	191	1509	1219	142	166	925	487	1106	158	178	1080	507	422	278	129	361	155	147	151	329	692	506	1580	310	365	25	475	610	318	153	128	120	565	576	373	745	121	154	706	1202	83	161	685	329	160	76	2032	1334	397	286	1648	2972	1898	271	365	229	322	1148	159	1062	434	1393	475	399	706	559	380	1029	295	507	11	699	348	2346	1732	366	1351	1156	408	923	1613	289	410	388	700	1151	1757	436	1578	1772	479	396	304	514	420	861	512	861	335	328	2212	489	1035	30	889	831	1029	423	678	461	1591	308	159	119	283	505	1773	3311	582	9	610	607	621	707	320	770	476	1935	1253	304	1468	3214	271	286	576	1127	293	334	120	502
437	924	17	343	898	343	922	144	171	331	1020	455	2446	1995	11	354	396	475	301	783	214	487	1256	301	361	197	1437	157	151	0	518	635	4426	1262	996	901	516	408	1052	1033	2188	1895	335	981	150	1231	221	200	150	131	642	1365	361	916	208	1803	188	613	1478	296	628	305	188	993	740	589	482	197	1455	1250	696	1845	1402	699	475	3140	501	1357	446	163	573	1166	540	594	1039	1059	1845	1319	526	609	986	327	163	643	410	1806	877	1599	336	1720	1339	625	170	431	529	518	97	877	453	3146	125	1010	549	95	1845	171	876	2019	490	125	254	239	454	160	763	131	292	444	328	354	171	321	2354	1362	973	1710	434	1408	1521	322	1362	1301	216	293	1031	606	1091	236	183	1230	584	465	430	278	494	222	228	289	183	735	634	1544	437	480	168	621	642	343	17	268	257	639	601	463	785	256	229	736	1080	93	11	673	417	236	81	1891	1339	371	378	1720	2914	1821	345	480	284	473	1053	286	970	406	1423	621	431	845	466	500	923	389	584	152	765	483	2319	1842	483	1321	1196	413	1029	1501	295	549	353	761	1123	1670	523	1633	1816	561	483	327	427	512	956	521	774	426	458	2089	636	925	171	825	738	923	525	699	373	1611	312	286	252	396	628	1736	3221	609	160	713	510	652	721	410	715	560	1881	1125	327	1437	3210	345	378	601	1026	445	188	256	351
82	482	505	518	560	223	543	475	447	229	1032	438	2411	2136	518	165	135	651	512	348	560	133	979	716	309	704	1172	425	433	518	0	121	4303	1025	1022	983	641	116	732	1034	2077	1567	222	1024	460	930	557	621	460	388	257	1075	309	974	703	1527	603	187	1106	317	203	214	603	750	532	70	102	593	1603	947	293	1703	1119	336	392	2973	115	1085	526	438	652	1337	23	283	1049	1124	1703	1059	635	249	1003	234	454	217	112	2027	465	1400	234	1948	970	635	446	177	177	0	505	465	432	2964	572	1066	262	507	1703	448	945	1974	623	572	339	732	68	429	911	388	280	83	241	165	447	277	2090	1650	915	2085	417	986	1066	270	1650	787	561	282	1162	174	793	286	612	1044	76	142	405	355	217	575	295	310	609	298	227	1294	193	132	409	359	257	223	505	468	474	134	251	61	351	477	292	1100	1216	507	519	426	104	285	488	2110	970	332	146	1948	2712	1710	173	132	236	447	1064	287	974	343	988	359	177	450	578	150	997	655	76	444	1047	229	2022	1918	137	1060	742	251	1164	1560	718	262	353	275	868	1609	9	1910	1350	45	37	234	533	28	1137	262	787	98	202	2185	380	1017	448	736	779	997	68	336	511	1198	271	287	484	167	203	1480	3141	249	429	206	623	264	373	112	610	42	1685	1288	234	1172	2842	173	146	251	1064	423	690	477	776
202	378	621	593	564	317	531	596	568	349	1106	539	2380	2148	634	284	257	761	630	254	681	231	907	838	382	823	1100	547	555	635	121	0	4245	1040	1028	1003	692	237	656	1033	2030	1474	343	1103	581	853	679	723	581	504	211	998	382	989	823	1447	705	217	1073	437	227	329	705	698	583	56	207	694	1622	870	303	1653	1043	281	489	2909	162	1013	581	560	691	1366	105	340	1050	1135	1653	990	683	221	1007	330	575	236	234	2058	373	1418	327	2046	875	725	567	247	192	121	625	373	534	2896	693	1146	334	628	1653	570	964	2021	677	693	461	853	190	551	949	504	401	205	336	285	568	397	2080	1701	905	2200	521	877	950	389	1701	667	683	403	1253	205	722	405	733	1073	51	204	510	475	306	697	415	430	713	210	254	1223	300	232	530	417	211	317	621	587	594	25	228	182	258	597	411	1217	1241	628	635	403	225	404	608	2141	875	400	268	2045	2641	1667	290	232	351	547	1064	408	975	400	876	417	247	440	633	240	1014	772	51	566	1158	321	1933	1990	236	991	628	314	1255	1560	840	334	424	162	807	1580	120	2014	1231	76	158	330	592	138	1235	279	800	220	302	2186	436	1038	570	727	800	1014	155	281	580	1089	363	408	604	285	227	1405	3095	221	551	139	673	214	319	234	607	79	1622	1316	330	1100	2736	290	268	228	1071	526	802	597	872
