NAME : VRPTW_INSTANCE_238.txt
COMMENT : Bangkok Supermarket
TYPE : VRPTW
DIMENSION : 252
DAYS : Saturday
EDGE_WEIGHT_TYPE : EXPLICIT
VEHICLES : 29
EDGE_WEIGHT_FORMAT : FULL_MATRIX
CAPACITY : 1000
EDGE_WEIGHT_SECTION
0	258	76	548	1394	465	890	133	102	436	451	88	525	367	1003	171	1351	428	174	752	373	1026	135	205	1115	1016	829	213	459	1011	1172	835	2062	1460	779	444	261	1438	62	813	170	1085	1244	1042	166	308	550	177	66	2393	231	165	760	533	352	110	3667	464	985	182	371	1747	235	1606	1069	288	313	145	393	153	1943	1010	1014	347	604	421	537	196	401	978	1599	991	773	415	330	133	1748	19	1008	193	574	497	862	19	264	22	1013	206	525	401	661	122	1775	103	411	1073	19	1235	1648	396	394	390	153	431	464	260	1733	1372	1347	2760	2227	428	1411	636	887	428	976	284	344	183	1707	2114	474	2187	2545	440	478	1153	1253	1997	441	205	704	210	1746	991	1182	1056	539	167	374	1432	2076	1026	330	221	790	1014	447	1453	404	640	207	1083	133	300	1817	400	2316	1556	124	533	807	2329	431	367	539	715	101	996	201	419	574	667	142	525	196	83	153	124	875	46	1921	212	1025	22	101	83	206	497	494	2202	73	401	891	1496	330	1672	819	704	248	2082	1068	1028	826	2473	547	978	646	292	538	290	125	460	464	916	1330	1994	60	784	539	543	523	1120	224	1118	1627	82	436	412	248	1483	371	382	656	24	1134	118	1684	192	572	1067
258	0	257	608	1638	581	659	125	312	574	371	326	293	575	818	418	1192	170	244	618	584	817	377	394	1374	762	572	450	339	812	915	578	1803	1688	522	201	437	1697	304	641	428	863	988	1300	424	457	323	246	308	2152	414	239	1004	746	555	319	3409	210	839	252	152	1614	493	1497	822	501	545	389	627	396	1746	834	839	547	829	602	600	62	659	799	1434	790	1014	195	88	375	1623	277	1262	65	317	708	668	277	240	280	838	138	298	461	787	369	1641	231	206	871	277	1061	1521	635	627	192	153	177	210	240	1597	1623	1566	2507	2036	170	1655	552	642	170	761	29	545	78	1540	2305	649	1955	2304	458	736	904	1451	1857	698	442	874	401	1611	827	1439	861	455	421	632	1195	1818	1200	88	407	600	838	576	1675	209	707	51	825	375	62	1602	632	2063	1391	366	441	554	2119	688	624	603	909	297	823	63	667	327	856	316	291	62	331	153	223	784	246	2179	256	1283	280	353	328	138	557	331	2024	237	632	761	1343	73	1926	620	746	243	1824	867	821	626	2260	689	799	431	441	601	246	379	695	210	1115	1072	1844	313	528	603	296	633	900	461	936	1493	229	574	209	243	1270	152	641	879	283	1384	228	1426	245	315	874
76	257	0	623	1380	541	852	141	177	512	509	75	493	433	1043	225	1400	424	242	687	438	977	196	279	1133	1019	828	272	398	1047	1155	821	2053	1434	777	456	202	1455	132	755	198	1041	1243	1065	196	384	571	244	135	2357	174	232	746	594	419	185	3657	467	1036	250	342	1803	261	1666	1080	249	288	134	447	142	1981	1053	1057	415	575	492	613	204	424	1020	1647	1025	817	384	313	194	1806	84	1007	192	572	559	811	84	323	89	1056	246	491	325	737	119	1831	38	374	1107	84	1279	1705	377	448	352	196	416	467	194	1789	1404	1401	2764	2267	424	1398	697	899	424	1005	278	412	195	1754	2071	420	2209	2509	512	501	1161	1212	2052	466	265	650	284	1801	1037	1204	1093	598	174	389	1394	2068	975	313	164	737	1057	523	1423	365	716	213	1069	194	285	1847	456	2321	1604	187	590	786	2362	461	397	615	780	42	1039	212	462	550	734	219	494	204	146	196	60	803	32	1935	140	1036	89	110	148	246	573	441	2246	20	457	945	1547	323	1702	769	779	309	2073	1103	1060	776	2504	622	1020	673	368	614	347	173	512	467	874	1319	2046	121	767	615	519	453	1076	283	1061	1682	28	512	374	309	1435	342	405	712	86	1127	51	1675	258	571	1104
548	608	623	0	1670	136	1216	568	454	189	317	614	878	370	789	492	1024	696	397	1226	378	1398	482	373	1218	1080	955	457	939	837	1345	1036	2123	1796	915	627	792	1519	504	1246	569	1427	1300	1120	562	266	625	394	503	2637	762	406	1090	436	355	447	3707	680	679	387	758	1338	585	1162	1074	783	769	637	469	641	1671	773	773	348	1021	295	10	573	656	755	1262	828	736	797	691	483	1325	545	1236	590	769	411	1264	545	368	541	772	474	887	948	230	615	1367	643	814	898	545	954	1232	815	467	800	485	740	680	777	1330	1339	1123	2715	1926	696	1680	329	918	696	863	634	351	560	1370	2526	982	2029	2783	157	695	1157	1676	1591	665	458	1197	372	1340	725	1242	859	310	615	678	1717	2138	1496	691	752	1200	776	168	1808	817	98	580	1243	483	670	1610	461	2277	1225	483	327	1053	2080	638	609	10	474	647	753	562	555	882	424	408	874	573	506	485	659	1383	591	1987	747	1178	541	595	500	474	52	939	1867	615	456	572	1141	655	1638	1214	157	367	2152	892	877	1220	2231	206	755	636	278	10	363	522	501	680	1356	1450	1607	524	1013	9	856	1064	1463	455	1535	1225	621	189	816	367	1834	758	648	552	545	1390	655	1770	385	767	863
1394	1638	1380	1670	0	1534	2125	1518	1396	1482	1787	1314	1826	1306	2370	1287	2677	1801	1525	1783	1297	2170	1324	1393	584	2397	2203	1289	1621	2390	2497	2178	3407	230	2154	1835	1220	570	1372	1910	1239	2261	2618	672	1245	1452	1945	1527	1369	3559	1235	1520	634	1249	1325	1395	4996	1847	2313	1527	1694	3008	1182	2826	2460	1141	1092	1252	1205	1244	3306	2370	2372	1333	820	1375	1661	1583	1044	2341	2922	2372	1018	1727	1685	1325	2993	1378	436	1573	1950	1265	2002	1378	1623	1377	2372	1598	1818	1330	1562	1273	3037	1407	1705	2454	1378	2583	2902	1002	1207	1685	1545	1785	1847	1476	3000	853	1290	4140	3577	1801	24	1936	2279	1801	2366	1657	1331	1572	3030	996	1053	3581	3711	1683	986	2542	528	3261	1022	1293	910	1388	3010	2338	651	2430	1858	1227	1045	2627	3421	738	1685	1240	1938	2373	1503	299	1691	1700	1592	2423	1325	1659	3201	1211	3698	2882	1333	1861	2127	3704	1046	1092	1661	1323	1340	2353	1590	1120	1897	1341	1429	1828	1583	1348	1545	1419	1737	1394	817	1423	539	1377	1293	1354	1598	1650	1700	3530	1401	1216	2207	2804	1701	934	1981	1785	1603	3423	2449	2413	1988	3851	1490	2341	2039	1450	1661	1649	1300	1168	1847	659	2674	3277	1354	2118	1661	1869	1181	2289	1284	2158	2896	1408	1482	1704	1603	2577	1694	1058	1176	1372	279	1412	3029	1541	1949	2439
465	581	541	136	1534	0	1221	514	365	53	371	518	867	234	901	379	1155	697	344	1185	242	1393	376	269	1090	1145	1003	338	892	943	1391	1069	2200	1660	959	643	691	1396	413	1221	456	1431	1371	994	449	158	668	341	411	2676	662	351	955	309	221	357	3794	692	803	334	733	1474	463	1298	1152	671	651	533	333	535	1799	889	889	214	892	159	127	535	522	867	1395	932	615	775	668	377	1462	458	1101	549	793	281	1248	458	350	454	888	443	874	864	207	513	1504	567	787	1006	458	1078	1369	690	330	771	438	734	692	713	1466	1229	1051	2814	2057	697	1545	438	986	697	958	609	217	519	1503	2392	869	2144	2824	203	559	1236	1544	1727	529	340	1078	267	1476	844	1118	970	394	505	547	1740	2215	1370	668	652	1181	891	32	1673	788	194	543	1290	377	643	1730	325	2374	1357	379	407	1076	2206	502	475	126	383	558	869	525	418	883	329	323	864	535	409	438	585	1329	511	1868	675	1046	454	494	404	443	120	905	2001	537	320	695	1274	639	1531	1200	275	342	2228	999	980	1206	2357	116	867	700	174	127	356	416	365	692	1226	1510	1743	430	1039	127	855	964	1467	334	1518	1361	545	53	790	342	1839	733	514	434	458	1254	580	1840	338	791	975
890	659	852	1216	2125	1221	0	767	966	1223	910	926	367	1234	975	1061	1340	524	901	408	1242	203	1023	1053	1974	537	421	1100	507	920	417	283	1305	2118	418	589	936	2292	947	282	1050	210	648	1912	1048	1113	624	902	951	1504	931	897	1525	1404	1214	973	2872	536	1103	909	519	1788	1113	1746	654	1026	1090	980	1279	986	1691	1013	1020	1206	1315	1260	1210	718	1276	981	1533	897	1663	475	571	1020	1818	908	1813	712	458	1367	192	908	871	912	1020	789	365	795	1423	970	1810	814	479	944	908	1191	1722	1178	1280	500	812	489	536	685	1765	2256	2225	2080	1983	524	2147	1022	578	524	818	629	1205	735	1617	2591	1072	1711	1657	1059	1352	687	1805	1991	1318	1092	1235	1060	1780	1048	2051	970	958	1025	1237	542	1317	1520	571	929	217	1017	1222	2085	487	1310	707	389	1020	601	1478	1285	1657	1491	1011	938	210	1983	1313	1249	1214	1567	878	1017	722	1309	338	1514	975	368	718	972	812	794	583	859	2766	747	1869	912	962	971	789	1170	432	2024	837	1286	1085	1491	590	2553	176	1324	881	1315	945	891	171	2099	1335	981	680	1098	1211	865	1015	1347	536	1503	605	1950	950	254	1213	367	952	246	1111	384	1677	827	1223	478	881	618	519	1257	1536	914	1907	802	937	900	459	986
133	125	141	568	1518	514	767	0	198	498	393	204	400	470	905	297	1267	295	172	671	478	913	257	291	1249	885	697	333	377	907	1039	702	1928	1575	646	316	337	1572	182	715	303	967	1112	1175	299	372	430	175	187	2267	311	164	884	640	451	206	3534	332	906	182	247	1677	369	1547	942	390	428	267	512	274	1841	916	920	445	716	508	559	64	535	882	1513	885	897	292	199	255	1682	152	1138	59	441	603	755	152	219	155	920	120	402	411	720	246	1705	125	293	967	152	1143	1581	516	512	273	85	298	332	211	1662	1502	1460	2630	2128	295	1536	583	760	295	864	150	442	54	1620	2209	554	2068	2419	434	611	1024	1351	1924	574	325	783	298	1675	903	1315	953	483	297	507	1307	1943	1110	199	302	684	920	504	1564	289	666	75	949	255	169	1706	518	2186	1469	245	472	675	2221	564	500	561	812	183	903	71	546	444	762	214	399	64	208	85	126	817	124	2054	195	1158	155	229	206	120	516	395	2110	120	518	819	1416	197	1804	709	717	211	1949	963	919	716	2363	613	882	531	356	559	238	256	580	332	1014	1197	1916	189	651	561	413	565	1003	344	1018	1556	115	498	295	211	1369	247	516	770	158	1262	128	1551	182	440	965
102	312	177	454	1396	365	966	198	0	334	405	159	598	273	979	114	1312	477	129	850	280	1111	73	103	1076	1045	865	137	556	995	1224	887	2101	1477	815	472	339	1399	49	906	159	1165	1275	997	152	207	563	131	48	2464	308	124	766	442	255	8	3707	502	944	132	446	1694	213	1545	1088	344	349	192	314	197	1919	982	985	250	634	320	444	250	368	952	1560	976	701	491	396	71	1692	93	993	254	615	405	951	93	228	89	985	215	601	499	559	167	1723	206	491	1059	93	1203	1593	420	314	471	169	490	502	361	1682	1312	1261	2783	2199	477	1411	581	907	477	971	341	247	234	1669	2154	540	2187	2616	362	440	1173	1293	1946	402	130	765	108	1693	957	1135	1036	488	186	354	1505	2116	1080	396	298	879	986	345	1475	487	544	262	1131	71	366	1806	320	2338	1518	63	485	867	2312	387	325	446	619	194	966	249	356	640	570	48	597	250	57	169	226	977	148	1883	315	994	89	145	50	215	405	586	2167	175	320	845	1453	385	1615	906	611	208	2123	1053	1017	913	2458	445	952	647	190	444	254	97	383	502	959	1374	1947	69	840	446	608	610	1201	148	1210	1575	184	334	493	208	1568	446	350	571	93	1128	220	1725	146	613	1046
436	574	512	189	1482	53	1223	498	334	0	399	483	864	181	944	336	1205	700	331	1169	189	1390	337	234	1043	1170	1022	293	875	984	1408	1082	2228	1607	976	653	652	1350	381	1210	412	1431	1397	947	406	128	687	329	378	2688	623	338	901	264	168	326	3824	700	850	322	726	1527	416	1352	1181	628	605	493	280	495	1847	933	934	162	840	107	180	524	469	910	1446	972	573	769	662	339	1515	428	1049	537	804	234	1242	428	353	423	933	437	871	831	225	474	1556	539	778	1047	428	1126	1422	640	277	761	426	734	700	690	1519	1191	1030	2850	2107	700	1492	481	1012	700	995	603	165	508	1553	2339	824	2187	2837	237	506	1266	1492	1780	476	296	1030	231	1529	889	1074	1012	431	462	495	1747	2243	1320	662	613	1173	935	21	1619	778	243	533	1307	339	636	1775	272	2410	1407	341	442	1084	2254	449	423	179	359	526	913	516	365	885	305	296	862	524	374	426	559	1307	483	1825	648	997	423	457	369	437	169	892	2052	509	266	743	1325	636	1494	1194	326	342	2255	1041	1019	1200	2405	115	910	726	144	180	362	376	314	700	1175	1531	1795	396	1049	180	856	924	1468	288	1510	1414	517	0	781	342	1840	726	462	394	427	1202	553	1865	328	802	1017
451	371	509	317	1787	371	910	393	405	399	0	539	593	517	583	504	907	405	280	973	527	1099	471	394	1410	774	639	498	708	609	1030	719	1829	1879	598	322	710	1727	443	972	564	1120	1000	1320	557	355	308	278	444	2320	680	288	1165	655	494	404	3425	376	538	275	500	1296	611	1157	782	738	753	588	610	595	1519	582	585	484	1040	486	314	364	744	553	1154	593	963	531	434	470	1297	460	1371	384	456	619	977	460	186	458	584	273	604	804	542	563	1324	509	555	673	460	799	1197	826	609	547	315	456	376	594	1282	1586	1421	2456	1795	405	1801	189	615	405	605	387	485	358	1263	2559	925	1815	2467	170	806	867	1698	1546	769	494	1155	399	1294	553	1452	645	89	591	743	1401	1845	1477	434	670	918	585	387	1879	562	404	365	927	470	422	1418	608	2014	1112	464	81	739	1916	747	696	317	754	547	565	350	686	583	700	364	589	364	460	315	516	1150	479	2206	588	1347	458	540	454	273	279	688	1761	492	605	441	1048	392	1890	926	414	203	1857	667	638	931	2063	485	553	329	351	314	161	502	668	376	1362	1141	1544	464	698	316	561	957	1156	503	1247	1175	493	399	558	203	1525	500	729	790	463	1514	516	1469	263	454	653
88	326	75	614	1314	518	926	204	159	483	539	0	569	382	1091	167	1440	495	260	749	386	1049	148	249	1058	1088	899	217	464	1098	1230	895	2127	1374	848	521	180	1380	109	823	126	1114	1314	990	126	359	632	262	111	2431	149	251	679	536	371	166	3731	536	1073	266	417	1835	187	1691	1147	200	226	62	384	70	2031	1099	1102	368	517	449	603	269	349	1066	1688	1078	747	459	387	147	1835	79	935	261	643	503	881	79	352	81	1102	293	566	348	705	44	1863	112	449	1160	79	1323	1735	312	386	427	240	490	536	258	1821	1330	1334	2834	2315	495	1331	723	965	495	1062	349	365	258	1796	2025	388	2270	2584	518	426	1229	1165	2085	391	210	617	252	1833	1079	1129	1143	626	99	314	1468	2141	938	387	139	807	1102	496	1366	439	702	279	1143	147	358	1903	393	2390	1645	142	620	861	2416	387	323	605	725	53	1084	276	392	625	681	207	569	269	109	240	132	854	80	1860	199	962	81	37	114	293	565	512	2290	93	396	979	1585	395	1627	840	771	335	2146	1155	1114	847	2559	588	1066	730	344	603	378	116	447	536	827	1393	2082	89	841	605	594	450	1149	227	1127	1714	102	483	449	335	1506	417	330	648	75	1057	124	1748	277	642	1154
525	293	493	878	1826	867	367	400	598	864	593	569	0	867	851	695	1239	188	537	403	875	526	656	686	1625	607	413	733	244	820	673	355	1582	1845	371	279	608	1946	581	380	689	570	807	1559	686	750	371	539	585	1868	597	532	1205	1037	847	605	3178	229	929	545	153	1684	753	1600	699	694	752	625	912	633	1713	880	885	840	1006	896	871	351	918	844	1465	795	1297	109	205	654	1702	544	1483	344	226	1000	386	544	517	548	886	427	15	521	1072	613	1709	457	122	866	544	1094	1602	843	913	144	446	137	229	350	1664	1896	1858	2321	2008	188	1845	741	542	188	738	263	838	368	1563	2393	781	1842	2020	722	995	767	1565	1912	959	725	978	693	1678	894	1698	873	659	668	883	907	1596	1291	205	594	324	884	865	1821	135	975	340	597	654	234	1535	918	1883	1421	645	641	302	2056	953	889	874	1202	524	875	356	944	77	1150	608	5	351	606	446	438	600	497	2425	407	1525	548	603	605	427	829	169	2020	477	919	879	1395	228	2195	336	1002	525	1598	864	810	342	2187	978	844	470	735	871	516	650	981	229	1241	848	1886	585	293	874	62	700	606	744	657	1565	467	864	122	525	976	153	899	1169	549	1590	446	1203	537	226	888
367	575	433	370	1306	234	1234	470	273	181	517	382	867	0	1091	215	1373	729	341	1119	10	1384	237	180	893	1257	1092	164	827	1123	1467	1132	2320	1427	1044	703	526	1209	305	1179	278	1436	1488	803	274	161	766	340	301	2726	501	343	720	170	23	265	3923	743	1012	335	717	1706	261	1532	1283	484	449	371	101	370	2010	1084	1085	32	664	86	360	515	288	1059	1616	1109	457	762	662	239	1695	353	876	522	854	132	1224	353	407	348	1084	454	870	725	354	359	1735	468	764	1187	353	1286	1601	472	99	744	422	750	743	626	1697	1081	991	2970	2275	729	1318	637	1107	729	1122	605	32	499	1724	2157	673	2330	2877	382	325	1369	1312	1959	295	171	866	174	1707	1045	935	1156	570	330	317	1771	2335	1146	662	492	1153	1087	202	1438	760	421	526	1370	239	633	1926	95	2527	1577	246	577	1121	2414	268	243	360	347	433	1065	512	186	902	300	259	866	515	287	422	490	1235	411	1690	573	836	348	348	285	454	344	859	2224	438	91	906	1498	646	1386	1179	506	389	2345	1181	1155	1186	2564	240	1059	826	167	360	426	266	151	743	998	1606	1973	312	1091	360	871	791	1472	155	1484	1592	448	181	766	389	1840	717	282	304	349	1027	482	1950	347	852	1163
1003	818	1043	789	2370	901	975	905	979	944	583	1091	851	1091	0	1084	387	718	850	1242	1101	1175	1048	978	1983	519	555	1081	1072	75	837	693	1401	2456	558	634	1242	2294	1010	1177	1139	1144	657	1890	1132	932	507	848	1012	2065	1216	856	1745	1209	1069	979	2947	659	177	847	865	833	1190	770	437	1289	1315	1148	1188	1155	940	42	48	1059	1606	1045	793	850	1327	35	620	89	1517	867	825	1048	855	1015	1954	867	625	1177	1131	1015	751	1015	49	798	867	1276	1003	1123	858	1030	900	116	1015	245	756	1395	1187	906	851	768	659	1054	813	2128	1892	1932	1224	718	2385	463	405	718	173	815	1061	854	723	3114	1459	1243	2198	711	1390	491	2255	1061	1353	1076	1688	982	827	100	2018	70	520	1159	1325	1287	1416	2015	825	1207	1104	44	927	2453	914	825	845	748	1047	834	835	1185	1500	576	1041	514	766	1333	1331	1280	796	1263	1084	57	839	1266	790	1214	942	846	850	1031	851	1029	1444	1018	2769	1075	1926	1015	1101	1025	798	783	1013	1206	1023	1181	247	543	787	2428	1088	772	771	1435	109	125	1089	1480	995	35	395	930	794	724	1077	1241	659	1917	850	1038	1030	724	795	791	1451	1173	1087	1360	715	1020	944	902	771	1486	865	1312	1336	1020	2097	1032	1091	833	625	73
171	418	225	492	1287	379	1061	297	114	336	504	167	695	215	1084	0	1408	586	239	912	218	1197	41	123	962	1159	978	50	623	1103	1333	996	2214	1375	928	586	318	1285	114	980	77	1256	1389	884	70	226	677	240	110	2563	290	235	661	369	205	111	3820	614	1039	240	542	1778	107	1621	1203	292	277	159	223	160	2022	1085	1088	203	546	286	482	355	253	1056	1655	1085	601	586	497	43	1774	153	880	356	726	336	1032	153	336	149	1087	329	696	510	549	144	1807	262	582	1167	153	1303	1676	332	224	561	281	595	614	419	1767	1205	1177	2897	2299	586	1302	669	1021	586	1082	446	200	340	1764	2066	490	2298	2716	432	326	1287	1207	2031	288	44	704	122	1778	1057	1023	1143	581	125	242	1602	2228	1008	497	281	959	1089	352	1376	576	571	367	1241	43	467	1914	231	2453	1614	52	581	972	2417	273	211	483	558	219	1069	356	249	742	514	142	695	355	89	281	284	1021	207	1769	363	879	149	133	90	329	449	663	2263	233	232	938	1545	491	1507	989	647	315	2236	1161	1126	996	2564	432	1056	760	214	482	362	52	289	614	877	1486	2035	111	947	483	710	589	1292	59	1285	1660	244	336	584	315	1654	542	236	487	148	1017	276	1838	255	725	1152
1351	1192	1400	1024	2677	1155	1340	1267	1312	1205	907	1440	1239	1373	387	1408	0	1103	1187	1627	1382	1535	1377	1292	2242	836	920	1396	1458	425	1132	1057	1474	2781	931	1016	1602	2540	1349	1557	1471	1492	895	2144	1463	1225	890	1185	1351	2250	1574	1194	2067	1461	1353	1311	2909	1044	368	1182	1249	449	1515	429	727	1640	1659	1493	1474	1500	650	361	356	1344	1947	1312	1031	1217	1636	398	247	450	1757	1253	1206	1376	477	1362	2249	1235	1012	1435	1506	1362	1089	1361	356	1153	1254	1653	1199	1468	473	1392	1286	395	1362	149	383	1733	1472	1291	1204	1154	1044	1431	428	2338	2038	1850	902	1103	2689	741	762	1103	523	1191	1346	1219	356	3465	1820	1079	2369	994	1690	745	2604	673	1655	1393	2050	1295	442	364	2263	373	826	1498	1642	1580	1488	2375	1206	1565	1483	358	1185	2784	1300	1025	1213	1060	1376	1213	641	1468	1453	206	1370	827	1134	1062	1631	1587	1033	1472	1441	370	1205	1557	1176	1429	1271	1233	1217	1367	1204	1393	1830	1373	3001	1446	2202	1361	1445	1361	1153	1035	1400	855	1381	1464	470	156	1166	2627	1465	951	1108	1513	395	449	1465	1214	1226	398	780	1228	1032	1063	1409	1517	1044	2268	1091	653	1370	1094	1032	1178	1824	1517	1400	1721	336	1379	1205	1288	1108	1800	1249	1623	1573	1367	2399	1396	1239	1169	1012	357
428	170	424	696	1801	697	524	295	477	700	405	495	188	729	718	586	1103	0	388	582	738	702	544	549	1544	595	403	615	357	700	747	409	1633	1844	353	96	589	1867	473	568	599	734	819	1469	594	595	212	389	477	1997	569	385	1169	897	707	482	3238	59	772	394	146	1540	664	1442	663	661	709	557	788	565	1622	741	746	699	987	744	690	232	830	705	1338	675	1176	152	120	542	1554	447	1431	236	148	859	572	447	347	450	746	274	200	569	899	539	1566	394	184	753	447	964	1453	800	788	188	309	56	59	355	1521	1790	1715	2340	1915	0	1820	555	485	0	633	146	697	246	1441	2440	791	1804	2148	539	906	742	1593	1776	868	607	1009	556	1535	746	1608	751	471	591	803	1048	1648	1333	120	563	513	745	698	1828	198	792	221	655	542	142	1465	792	1897	1294	533	452	392	1985	857	793	693	1050	462	733	230	833	186	996	474	184	232	500	309	382	771	415	2350	392	1453	450	523	496	274	648	310	1914	404	792	711	1258	100	2092	522	815	358	1654	750	699	527	2122	811	705	323	581	690	341	549	856	59	1260	902	1756	483	363	693	159	749	770	625	843	1420	395	700	187	358	1142	146	811	1033	453	1551	389	1255	384	147	765
174	244	242	397	1525	344	901	172	129	331	280	260	537	341	850	239	1187	388	0	842	350	1062	201	165	1193	930	757	250	549	865	1127	791	1990	1606	708	365	436	1515	162	878	289	1107	1161	1110	282	212	442	2	164	2386	406	9	896	509	319	130	3596	402	818	9	395	1575	342	1431	968	458	472	307	408	314	1790	853	857	310	760	359	387	192	492	822	1434	846	793	438	333	200	1575	180	1120	205	513	471	911	180	98	178	856	113	542	560	550	282	1604	253	447	929	180	1075	1475	547	408	430	95	413	402	380	1562	1413	1327	2662	2070	388	1540	463	787	388	842	274	309	176	1543	2278	648	2059	2536	271	563	1053	1417	1826	524	243	877	171	1574	829	1248	907	366	312	482	1434	2005	1197	333	395	842	857	335	1603	446	494	201	1031	199	306	1676	410	2218	1392	192	362	780	2182	507	448	389	665	275	838	184	464	565	613	100	535	192	181	95	266	990	210	1999	352	1115	178	259	175	113	344	561	2040	229	409	722	1329	310	1718	863	548	79	2014	923	887	870	2328	447	822	520	197	387	125	227	475	402	1081	1269	1825	183	749	389	535	695	1143	259	1178	1455	232	331	449	79	1514	395	475	645	184	1257	264	1617	17	512	916
752	618	687	1226	1783	1185	408	671	850	1169	973	749	403	1119	1242	912	1627	582	842	0	1125	389	883	952	1715	901	737	960	294	1203	825	622	1701	1751	710	677	682	2019	814	134	873	485	1047	1668	874	1043	775	844	818	1781	690	834	1221	1282	1104	859	3242	630	1330	851	473	2075	927	2000	1013	772	839	784	1133	788	2054	1273	1279	1099	1004	1171	1217	653	1069	1237	1844	1178	1487	441	541	881	2097	766	1517	637	623	1247	233	766	857	771	1279	752	388	489	1392	784	2100	651	418	1242	766	1480	1997	915	1134	428	747	526	630	493	2055	2032	2082	2484	2349	582	1806	1135	890	582	1112	594	1096	668	1938	2187	754	2112	1933	1077	1139	1062	1421	2297	1111	952	875	958	2069	1292	1803	1256	1048	833	1021	846	1713	1134	541	693	191	1277	1175	1713	412	1325	646	793	881	558	1855	1142	2065	1801	874	1030	539	2368	1115	1056	1220	1467	695	1270	664	1137	453	1419	879	409	653	832	747	629	202	708	2477	549	1598	771	786	834	752	1174	287	2376	681	1144	1283	1783	581	2315	233	1364	859	1708	1241	1186	238	2490	1285	1237	871	1026	1218	865	860	1196	630	1138	1014	2266	807	565	1220	458	604	509	971	395	1958	671	1169	415	859	806	473	1051	1397	770	1590	637	1340	848	623	1272
373	584	438	378	1297	242	1242	478	280	189	527	386	875	10	1101	218	1382	738	350	1125	0	1391	242	189	883	1268	1102	168	833	1134	1477	1142	2330	1418	1054	713	528	1199	311	1186	280	1444	1498	792	276	172	776	350	307	2735	502	352	712	162	33	273	3934	752	1022	345	725	1715	260	1541	1294	484	448	373	92	372	2020	1094	1095	43	659	91	368	524	282	1069	1626	1119	447	770	670	244	1703	358	867	531	863	124	1232	358	417	353	1095	463	878	727	356	362	1744	473	771	1198	358	1296	1609	468	90	752	431	759	752	631	1706	1071	983	2980	2285	738	1308	647	1117	738	1133	613	43	507	1734	2150	672	2340	2886	392	317	1379	1305	1968	287	175	863	182	1716	1055	925	1166	581	331	312	1780	2345	1142	670	494	1160	1097	210	1430	767	428	535	1380	244	641	1936	86	2537	1586	251	588	1131	2424	260	237	368	341	437	1075	520	177	911	295	267	874	524	293	431	495	1239	416	1679	578	825	353	352	291	463	352	866	2234	443	81	915	1507	655	1376	1187	513	399	2355	1192	1165	1194	2574	243	1069	837	177	368	436	270	140	752	992	1616	1981	318	1100	368	880	792	1480	159	1490	1601	453	189	773	399	1848	725	276	295	355	1018	488	1960	357	862	1173
1026	817	977	1398	2170	1393	203	913	1111	1390	1099	1049	526	1384	1175	1197	1535	702	1062	389	1391	0	1161	1205	2071	715	620	1239	594	1118	521	482	1334	2140	620	776	1026	2382	1086	259	1175	101	785	2016	1174	1274	822	1063	1090	1404	1027	1056	1594	1553	1365	1118	2856	722	1306	1070	668	1981	1236	1945	832	1117	1184	1096	1419	1102	1852	1214	1220	1358	1379	1418	1392	872	1392	1182	1720	1095	1795	624	728	1159	2012	1043	1889	863	654	1516	172	1043	1043	1048	1221	953	519	855	1598	1090	2002	939	620	1139	1043	1386	1917	1267	1420	639	969	660	722	794	1957	2371	2372	2126	2141	702	2192	1220	774	702	1015	788	1356	889	1801	2557	1130	1828	1557	1241	1466	853	1807	2178	1434	1231	1263	1211	1972	1250	2154	1167	1153	1144	1349	457	1345	1521	728	1027	244	1217	1391	2101	623	1494	862	530	1159	756	1630	1426	1720	1679	1150	1133	412	2123	1433	1371	1395	1724	997	1218	878	1439	517	1673	1126	528	872	1109	969	917	505	989	2848	856	1959	1048	1086	1109	953	1350	536	2191	965	1427	1289	1684	754	2662	208	1513	1051	1337	1140	1086	201	2232	1505	1182	883	1259	1393	1041	1147	1486	722	1527	696	2133	1085	457	1395	542	988	120	1250	187	1871	955	1390	618	1051	457	668	1374	1681	1048	1969	926	987	1063	655	1183
135	377	196	482	1324	376	1023	257	73	337	471	148	656	237	1048	41	1377	544	201	883	242	1161	0	108	1004	1117	937	78	592	1066	1292	954	2172	1408	887	544	315	1327	75	947	95	1219	1347	926	87	219	636	202	71	2524	285	196	696	399	224	71	3778	573	1008	202	503	1752	141	1598	1162	301	295	156	258	159	1988	1051	1054	221	572	300	471	314	294	1021	1624	1047	640	548	457	2	1749	118	920	315	685	363	998	118	298	113	1053	288	657	497	557	136	1781	231	545	1130	118	1270	1650	358	258	524	240	554	573	389	1740	1246	1211	2856	2266	544	1339	641	980	544	1043	405	217	298	1733	2093	500	2260	2676	409	367	1246	1233	2005	329	70	719	110	1752	1024	1065	1107	550	134	281	1564	2187	1028	457	276	925	1054	352	1408	539	565	326	1200	2	427	1877	265	2412	1583	11	549	931	2382	315	253	473	584	197	1035	315	289	702	537	106	656	314	52	240	253	998	175	1811	336	921	113	119	52	288	436	629	2232	202	266	908	1515	450	1548	954	638	278	2194	1124	1088	961	2528	440	1021	720	205	472	325	40	325	573	901	1444	2008	76	906	473	670	587	1255	89	1252	1634	212	337	546	278	1618	503	276	520	114	1055	246	1796	217	683	1116
205	394	279	373	1393	269	1053	291	103	234	394	249	686	180	978	123	1292	549	165	952	189	1205	108	0	1033	1094	922	104	658	1001	1292	956	2155	1489	873	530	422	1355	147	1005	198	1256	1325	949	191	111	604	165	144	2545	392	166	774	351	160	94	3760	567	924	161	537	1657	227	1499	1128	409	400	265	243	268	1913	977	979	153	668	218	362	335	349	948	1539	984	628	582	481	109	1652	194	977	342	678	313	1047	194	246	190	978	276	690	596	458	244	1686	309	585	1066	194	1191	1554	455	242	565	242	569	567	464	1646	1248	1172	2821	2187	549	1406	551	948	549	988	424	151	318	1648	2188	609	2203	2697	309	413	1213	1330	1910	375	100	826	6	1657	946	1085	1039	466	242	350	1590	2170	1132	481	382	976	980	247	1492	581	456	346	1196	109	452	1811	245	2376	1498	110	468	942	2311	355	301	364	520	291	959	331	303	722	470	78	685	335	140	242	329	1080	251	1838	418	961	190	225	135	276	328	685	2148	278	244	821	1427	465	1552	1001	529	226	2178	1060	1028	1008	2458	343	948	675	96	363	269	149	310	567	1000	1435	1915	162	912	364	690	695	1292	109	1309	1539	287	234	587	226	1660	537	334	484	193	1119	323	1782	174	677	1048
1115	1374	1133	1218	584	1090	1974	1249	1076	1043	1410	1058	1625	893	1983	962	2242	1544	1193	1715	883	2071	1004	1033	0	2121	1941	943	1478	2017	2287	1951	3176	796	1891	1549	1044	323	1071	1822	945	2148	2351	101	949	1055	1635	1193	1068	3472	1045	1191	530	781	916	1072	4782	1576	1893	1191	1475	2528	880	2333	2161	953	887	1000	800	992	2889	1974	1975	925	734	938	1211	1312	714	1950	2478	2003	492	1516	1444	1006	2506	1096	280	1309	1687	809	1898	1096	1280	1094	1974	1291	1622	1226	1062	1013	2557	1169	1504	2081	1096	2169	2421	803	801	1482	1244	1545	1576	1289	2523	366	720	3854	3144	1544	581	1524	1980	1544	2015	1399	925	1297	2585	1578	973	3224	3625	1272	638	2246	933	2776	676	950	959	1027	2532	1932	104	2049	1463	958	743	2511	3190	988	1444	1046	1826	1977	1061	848	1493	1223	1323	2198	1006	1414	2817	801	3410	2442	1015	1471	1919	3297	688	751	1209	799	1101	1955	1314	730	1684	830	1093	1626	1312	1045	1244	1187	1737	1134	806	1227	128	1094	1026	1049	1291	1211	1544	3080	1151	805	1786	2354	1446	607	1864	1304	1260	3197	2075	2049	1872	3448	1017	1950	1709	1058	1211	1303	995	742	1576	829	2446	2802	1060	1899	1210	1652	1142	2181	934	2110	2422	1160	1043	1504	1260	2517	1475	733	673	1091	373	1179	2799	1205	1686	2056
1016	762	1019	1080	2397	1145	537	885	1045	1170	774	1088	607	1257	519	1159	836	595	930	901	1268	715	1117	1094	2121	0	196	1178	849	449	318	279	1062	2435	244	573	1181	2444	1052	798	1184	661	231	2040	1179	1101	491	930	1056	1586	1163	931	1765	1414	1234	1049	2666	552	685	933	710	1274	1248	1259	117	1256	1305	1151	1336	1158	1157	562	568	1225	1581	1246	1079	820	1411	539	1007	431	1715	685	712	1115	1309	1034	2023	827	446	1376	723	1034	851	1036	569	829	619	1125	1310	1131	1293	990	712	450	1034	690	1218	1396	1335	729	877	614	552	933	1250	2339	2196	1745	1451	595	2415	782	163	595	346	741	1225	833	1086	3000	1374	1236	1726	944	1485	162	2168	1464	1447	1171	1581	1100	1265	613	2178	488	770	1182	1389	767	1077	1897	712	1157	723	564	1159	2416	728	1152	810	229	1115	737	954	1337	1301	967	1106	753	361	1468	1432	1370	1082	1528	1058	573	815	1395	529	1474	1028	602	820	1079	877	978	1097	1008	2928	980	2037	1036	1114	1074	829	1050	770	1487	998	1335	712	979	695	2644	693	1130	870	1087	453	405	691	1593	1259	539	445	1092	1080	831	1129	1401	552	1841	372	1418	1066	339	1082	550	1306	684	1188	902	1168	991	1170	714	870	971	710	1392	1552	1040	2146	985	695	919	448	503
829	572	828	955	2203	1003	421	697	865	1022	639	899	413	1092	555	978	920	403	757	737	1102	620	937	922	1941	196	0	1001	657	499	390	138	1235	2239	50	393	986	2264	869	648	998	592	415	1863	994	941	335	757	873	1682	969	757	1572	1254	1069	870	2841	365	692	761	514	1369	1063	1325	287	1062	1112	961	1165	968	1319	594	600	1060	1387	1090	953	632	1228	563	1120	475	1549	488	518	935	1397	847	1834	638	255	1216	587	847	686	850	601	651	426	930	1182	942	1391	798	516	524	847	771	1301	1203	1165	533	696	418	365	737	1346	2171	2053	1936	1614	403	2222	688	158	403	397	550	1060	646	1209	2806	1178	1429	1828	808	1303	354	1972	1577	1265	994	1385	929	1361	631	2001	549	655	994	1204	791	1250	1702	518	963	572	597	1014	2220	532	1036	621	287	935	544	1129	1168	1494	1077	925	635	214	1648	1252	1189	956	1382	866	598	628	1219	335	1327	853	409	632	895	696	785	937	818	2747	784	1854	850	925	892	651	919	579	1639	807	1166	688	1072	504	2475	549	1028	703	1257	525	470	549	1777	1119	563	328	931	953	669	946	1232	365	1644	513	1540	881	176	955	355	1110	622	1011	805	1256	799	1022	518	703	958	514	1209	1392	853	1954	792	860	748	256	565
213	450	272	457	1289	338	1100	333	137	293	498	217	733	164	1081	50	1396	615	250	960	168	1239	78	104	943	1178	1001	0	669	1103	1362	1024	2236	1385	952	608	366	1266	153	1025	120	1297	1409	862	114	192	692	250	148	2600	339	248	670	321	155	132	3843	639	1028	249	580	1759	129	1598	1218	335	313	208	180	208	2017	1080	1083	154	569	237	446	387	246	1051	1643	1086	564	625	532	80	1752	196	875	390	752	287	1076	196	341	192	1082	350	734	560	502	194	1788	308	622	1167	196	1295	1655	359	180	602	306	627	639	466	1748	1174	1133	2912	2291	615	1303	655	1037	615	1087	479	150	371	1752	2087	531	2303	2752	410	314	1303	1230	2012	275	7	740	100	1759	1049	1000	1142	571	171	246	1640	2251	1039	532	330	1003	1084	310	1388	616	531	399	1269	80	502	1914	187	2468	1602	89	572	1004	2414	257	200	447	508	269	1063	387	218	776	464	150	732	387	130	306	331	1071	253	1749	411	865	192	183	130	350	416	708	2252	279	188	925	1531	523	1477	1032	610	321	2259	1161	1128	1039	2561	385	1051	770	182	447	366	101	247	639	903	1511	2018	154	978	447	745	636	1332	11	1331	1641	290	293	624	321	1697	580	231	442	192	1016	323	1862	263	750	1150
459	339	398	939	1621	892	507	377	556	875	708	464	244	827	1072	623	1458	357	549	294	833	594	592	658	1478	849	657	669	0	1048	881	587	1791	1624	615	450	434	1792	521	359	590	669	1043	1422	590	748	570	551	525	1994	433	541	1018	991	810	564	3374	415	1129	559	217	1897	648	1799	943	525	591	506	845	511	1953	1096	1102	806	808	877	930	365	800	1060	1691	1023	1210	205	276	590	1912	474	1307	348	456	956	423	474	573	479	1102	466	230	293	1098	502	1923	361	173	1097	474	1317	1811	676	847	171	456	304	415	205	1879	1777	1798	2546	2248	357	1642	883	785	357	972	320	803	378	1791	2152	568	2085	2147	794	873	1010	1331	2132	842	662	748	664	1892	1103	1560	1100	789	554	755	1034	1805	1053	276	433	350	1100	881	1597	159	1038	359	817	590	285	1779	854	2111	1647	582	773	521	2300	842	781	933	1174	411	1090	377	856	321	1126	584	248	365	540	456	338	445	416	2263	265	1369	479	501	541	466	887	81	2256	390	856	1066	1614	320	2068	386	1082	572	1805	1094	1042	394	2431	990	1060	679	732	930	583	571	910	415	1014	1065	2110	515	524	933	304	465	702	680	663	1777	379	875	170	572	1048	217	781	1110	478	1400	346	1415	557	456	1115
1011	812	1047	837	2390	943	920	907	995	984	609	1098	820	1123	75	1103	425	700	865	1203	1134	1118	1066	1001	2017	449	499	1103	1048	0	765	637	1332	2470	507	621	1243	2331	1023	1132	1154	1083	582	1925	1147	963	493	864	1025	1990	1218	871	1762	1248	1101	995	2885	640	252	863	846	875	1208	826	363	1295	1325	1157	1219	1164	934	116	122	1092	1616	1083	840	849	1350	104	644	25	1557	844	811	1065	900	1025	1979	865	594	1216	1081	1025	767	1025	123	805	835	1264	1055	1133	898	1031	877	64	1025	277	803	1407	1218	885	858	747	640	1044	853	2173	1949	1878	1223	700	2405	508	344	700	105	806	1093	854	743	3116	1459	1206	2123	748	1415	416	2258	1094	1377	1098	1686	1006	868	175	2055	53	554	1172	1345	1215	1347	2013	811	1209	1058	118	967	2464	892	878	843	678	1065	823	810	1217	1443	601	1058	546	712	1317	1356	1303	843	1312	1088	132	838	1295	755	1261	961	814	849	1045	858	1029	1406	1024	2808	1069	1957	1025	1111	1039	805	826	985	1215	1026	1213	314	580	775	2474	1040	830	787	1366	58	51	1040	1462	1042	104	382	960	841	741	1092	1274	640	1921	775	1066	1042	671	842	758	1442	1110	1110	1304	759	1022	984	880	787	1418	846	1334	1378	1030	2120	1032	1018	849	594	68
1172	915	1155	1345	2497	1391	417	1039	1224	1408	1030	1230	673	1467	837	1333	1132	747	1127	825	1477	521	1292	1292	2287	318	390	1362	881	765	0	337	910	2506	432	764	1282	2610	1220	697	1342	437	275	2215	1338	1321	724	1127	1224	1293	1271	1126	1879	1633	1445	1230	2504	725	1004	1132	816	1557	1407	1561	409	1367	1425	1290	1533	1297	1351	880	886	1436	1678	1471	1343	978	1574	857	1277	748	1920	777	843	1290	1596	1191	2156	979	613	1594	602	1191	1065	1194	886	1016	680	1175	1573	1275	1574	1121	796	761	1191	993	1510	1516	1533	817	1056	741	725	1024	1532	2537	2439	1669	1633	747	2517	1071	464	747	664	888	1435	993	1345	3004	1447	1308	1438	1198	1650	390	2207	1727	1613	1354	1628	1298	1546	932	2354	802	1043	1329	1544	451	924	1924	843	1267	634	882	1401	2478	809	1426	967	103	1290	872	1120	1537	1242	1241	1280	1025	371	1604	1603	1539	1346	1768	1190	891	977	1580	607	1713	1219	671	978	1246	1056	1104	994	1153	3091	1081	2192	1194	1261	1243	1016	1309	800	1695	1137	1536	1028	1267	842	2840	592	1415	1081	925	765	720	587	1710	1508	857	714	1310	1343	1050	1295	1601	725	1896	188	1673	1229	388	1346	637	1344	447	1373	692	1458	1127	1408	796	1081	669	816	1555	1770	1197	2264	1112	533	1120	615	816
835	578	821	1036	2178	1069	283	702	887	1082	719	895	355	1132	693	996	1057	409	791	622	1142	482	954	956	1951	279	138	1024	587	637	337	0	1233	2200	144	431	959	2274	882	523	1005	457	455	1878	1001	989	412	792	886	1606	945	790	1553	1299	1110	892	2835	389	828	796	485	1505	1071	1463	390	1041	1096	956	1196	963	1433	732	738	1101	1358	1140	1033	640	1237	700	1252	613	1584	451	507	952	1534	854	1826	642	279	1261	455	854	734	857	739	680	365	874	1258	940	1527	788	473	661	854	907	1438	1188	1196	493	718	405	389	702	1482	2199	2110	1966	1728	409	2198	794	294	409	534	551	1100	656	1339	2738	1136	1507	1755	884	1313	441	1917	1710	1276	1017	1332	962	1497	769	2017	686	748	994	1208	684	1248	1641	507	941	447	735	1076	2176	487	1123	629	248	952	537	1233	1200	1528	1210	943	728	83	1747	1266	1202	1036	1440	857	736	639	1243	281	1385	882	352	640	909	718	772	819	817	2756	755	1857	857	926	906	680	996	506	1759	802	1199	819	1208	505	2502	420	1123	749	1252	661	607	419	1872	1186	700	435	977	1033	720	958	1264	389	1596	498	1671	892	63	1035	309	1051	488	1035	667	1393	793	1082	474	749	833	485	1218	1436	860	1938	780	854	785	281	702
2062	1803	2053	2123	3407	2200	1305	1928	2101	2228	1829	2127	1582	2320	1401	2214	1474	1633	1990	1701	2330	1334	2172	2155	3176	1062	1235	2236	1791	1332	910	1233	0	3416	1285	1628	2190	3499	2104	1566	2232	1233	832	3098	2227	2163	1553	1990	2108	904	2178	1991	2786	2475	2297	2105	1606	1599	1572	1993	1719	1738	2297	1850	1048	2274	2330	2188	2397	2195	1239	1436	1439	2287	2588	2308	2123	1865	2462	1435	1463	1331	2777	1683	1739	2170	1794	2080	3060	1869	1488	2438	1467	2080	1913	2083	1440	1886	1589	2085	2352	2171	1740	2021	1703	1286	2080	1398	1747	2421	2397	1724	1932	1637	1599	1932	1712	3401	3246	798	1412	1633	3427	1804	1216	1633	1275	1779	2287	1879	1464	3888	2357	842	980	1997	2538	965	3109	1788	2500	2229	2536	2161	1723	1498	3237	1335	1813	2224	2436	943	15	2825	1739	2174	1516	1435	2216	3386	1717	2183	1854	986	2170	1768	1010	2399	449	1450	2161	1798	1280	1239	2487	2424	2126	2583	2090	1455	1861	2454	1512	2529	2088	1580	1865	2130	1932	2005	1839	2047	3982	1988	3087	2083	2156	2127	1886	2098	1711	1544	2034	2397	1647	1533	1732	3706	1472	2148	1932	41	1292	1283	1465	1270	2312	1435	1501	2154	2123	1893	2180	2463	1599	2804	734	1706	2115	1291	2125	1542	2251	1219	2246	1446	1691	2025	2228	1704	1932	1154	1719	2443	2613	2086	3171	2013	379	1980	1489	1340
1460	1688	1434	1796	230	1660	2118	1575	1477	1607	1879	1374	1845	1427	2456	1375	2781	1844	1606	1751	1418	2140	1408	1489	796	2435	2239	1385	1624	2470	2506	2200	3416	0	2191	1889	1255	800	1447	1883	1317	2236	2649	876	1324	1561	2005	1608	1444	3509	1275	1600	714	1392	1443	1477	4988	1894	2414	1609	1725	3133	1268	2959	2507	1186	1148	1314	1327	1307	3397	2460	2462	1451	859	1502	1787	1638	1148	2429	3028	2450	1192	1753	1725	1409	3122	1445	599	1626	1991	1404	1979	1445	1705	1445	2462	1667	1835	1331	1710	1338	3162	1456	1728	2532	1445	2678	3027	1063	1329	1710	1613	1821	1894	1502	3123	1082	1511	4166	3675	1844	246	2040	2328	1844	2436	1704	1448	1629	3137	786	1063	3643	3658	1790	1101	2586	375	3386	1133	1388	882	1486	3134	2432	871	2513	1955	1298	1138	2597	3429	639	1725	1281	1919	2463	1628	75	1713	1836	1646	2439	1409	1701	3278	1334	3728	2987	1416	1956	2142	3788	1159	1197	1786	1488	1392	2443	1647	1241	1919	1500	1515	1848	1638	1425	1613	1465	1680	1453	1004	1455	731	1445	1359	1431	1667	1770	1706	3637	1455	1340	2311	2915	1746	1161	1963	1922	1685	3429	2527	2488	1970	3932	1629	2429	2105	1556	1787	1732	1379	1299	1894	614	2689	3397	1427	2138	1787	1893	1165	2261	1381	2109	3018	1460	1607	1727	1685	2526	1725	1160	1335	1440	445	1459	3040	1623	1990	2523
779	522	777	915	2154	959	418	646	815	976	598	848	371	1044	558	928	931	353	708	710	1054	620	887	873	1891	244	50	952	615	507	432	144	1285	2191	0	343	937	2214	819	628	948	601	466	1813	943	894	291	708	823	1722	919	708	1522	1206	1021	820	2891	314	686	712	466	1381	1013	1329	328	1013	1062	910	1116	918	1351	595	602	1012	1337	1043	912	582	1177	563	1138	483	1500	442	468	885	1407	797	1784	588	205	1169	574	797	638	799	602	601	385	884	1141	892	1404	748	470	538	797	782	1310	1153	1116	486	646	369	314	689	1359	2122	2007	1986	1646	353	2172	657	179	353	409	499	1012	595	1229	2762	1130	1473	1869	766	1253	399	1926	1594	1215	944	1339	880	1374	629	1951	558	617	944	1153	819	1300	1657	468	914	553	599	969	2172	486	997	571	331	885	494	1166	1119	1544	1095	875	598	208	1686	1202	1139	915	1336	816	598	578	1170	294	1282	804	366	582	845	646	735	912	768	2697	736	1803	799	875	842	601	877	539	1667	757	1117	674	1085	454	2426	533	992	655	1307	538	482	533	1816	1075	563	295	883	912	621	895	1183	314	1597	561	1559	831	165	914	312	1065	632	961	802	1267	749	976	472	655	977	466	1159	1345	803	1904	742	910	699	206	574
