NAME : VRPTW_INSTANCE_73.txt
COMMENT : Bangkok Supermarket
TYPE : VRPTW
DIMENSION : 299
DAYS : Tuesday
EDGE_WEIGHT_TYPE : EXPLICIT
VEHICLES : 40
EDGE_WEIGHT_FORMAT : FULL_MATRIX
CAPACITY : 1000
EDGE_WEIGHT_SECTION
0	495	101	1017	91	255	373	1740	372	1154	198	479	364	1414	404	430	179	412	2307	192	418	235	216	617	1748	211	202	489	1390	215	485	408	548	1169	890	781	374	225	221	474	1994	204	388	305	1056	428	288	778	620	609	77	162	150	288	673	582	1090	320	676	202	348	371	314	59	444	714	1321	283	891	1098	352	1312	1010	46	78	51	464	1688	1624	1453	368	933	155	423	153	418	493	1404	367	817	1831	1001	128	348	287	537	583	182	124	300	606	145	447	2055	609	154	430	582	400	603	288	503	381	966	202	1016	79	206	258	1213	965	276	46	258	1216	593	1116	1293	1627	239	815	193	309	306	1307	1132	547	1019	535	1002	86	347	404	465	322	442	833	463	577	171	37	372	401	51	376	434	1948	617	1284	2523	358	617	210	300	705	1265	34	464	785	353	438	101	403	206	1321	31	113	741	212	1682	103	363	447	629	1126	539	358	1309	246	506	317	1003	135	186	456	479	408	583	93	193	431	312	205	358	255	614	1606	860	245	443	320	539	2092	312	218	431	609	46	359	197	223	1190	1579	248	204	406	132	297	1454	104	400	831	386	401	1220	349	307	368	639	932	1231	1132	432	1098	737	1126	1001	1013	552	504	840	1109	401	102	154	814	219	329	382	119	1822	308	300	929	115	1132	1009	85	310	1484	101	423	572	345	1658	617	474	1171	404	358	1067	422	1190	284	123	2258	972	1580	22	496	474	775	625	120	815	152	582	359	599
495	0	591	558	409	287	756	1258	551	1053	558	638	543	1892	598	410	525	499	1863	531	483	568	441	524	1252	292	596	13	1392	568	81	489	315	1112	788	1247	552	566	286	693	1500	564	771	389	1111	596	421	716	417	297	531	654	645	394	1040	557	637	406	291	532	509	536	402	485	58	872	826	766	397	662	516	1521	539	524	528	534	400	1329	1819	1921	736	466	371	512	360	483	554	1743	546	894	1338	531	621	510	589	314	87	319	614	460	599	558	404	2088	308	555	410	557	639	110	587	15	557	581	596	558	458	317	411	1038	545	417	524	582	842	338	1183	1639	1131	733	617	427	468	393	1075	979	496	869	321	593	543	514	598	87	431	56	1282	36	84	544	502	543	636	544	543	173	2272	524	1305	2245	833	524	536	460	377	1361	495	400	710	736	412	591	637	563	826	524	603	701	583	1681	554	525	404	722	964	317	833	820	740	10	800	547	399	665	64	447	488	91	460	518	925	416	532	523	287	567	1112	1082	572	545	406	317	1921	388	712	486	308	532	559	561	533	1069	1084	247	532	487	507	720	1346	556	498	958	556	513	894	829	790	543	143	1051	1081	979	423	662	401	964	591	546	595	659	733	758	513	555	527	627	439	713	860	610	1326	388	460	821	605	1623	1434	542	391	1610	584	413	236	513	1443	524	925	1037	598	833	618	548	1069	426	562	1908	480	1098	502	948	925	732	415	561	617	585	86	559	110
101	591	0	1099	192	333	370	1827	437	1163	243	536	430	1337	392	520	237	489	2380	248	498	280	300	704	1843	312	155	584	1374	257	574	487	647	1169	907	716	439	270	309	445	2086	247	384	396	1036	420	375	793	716	679	72	98	62	378	657	603	1170	409	752	258	420	374	403	143	541	683	1415	220	984	1175	423	1254	1095	67	76	91	507	1743	1638	1382	374	1018	232	499	236	498	567	1382	433	799	1929	1086	73	419	332	637	678	283	82	322	683	113	538	2099	677	125	520	603	447	697	333	598	445	1034	155	1099	172	287	297	1236	1040	363	67	301	1278	655	1091	1269	1721	141	855	233	329	397	1340	1153	633	1042	634	1075	65	418	392	565	407	539	775	558	674	219	115	373	449	50	442	536	1926	704	1265	2555	299	704	266	322	806	1232	119	507	802	354	528	0	450	250	1415	82	77	754	175	1663	68	433	538	689	1149	638	299	1399	148	602	252	1084	205	143	554	567	487	680	182	254	346	399	262	428	333	696	1703	807	291	451	409	638	2103	403	121	452	677	89	354	240	281	1203	1673	345	260	485	197	284	1459	68	477	802	384	414	1273	284	242	434	734	902	1249	1153	520	1175	804	1149	1074	1098	560	560	861	1168	414	66	209	852	303	260	318	74	1917	399	322	946	77	1047	960	65	401	1441	90	513	648	416	1682	704	426	1187	392	299	1146	427	1203	317	83	2307	1065	1666	106	447	426	786	721	80	855	99	678	354	692
1017	558	1099	0	942	766	1313	732	1105	918	1112	1183	1097	2431	931	946	1079	1044	1305	1086	1026	1125	999	1004	837	837	1050	558	1309	1124	538	1034	796	1016	748	1793	1106	1123	795	1004	1020	1119	1328	946	1142	912	979	758	870	443	1029	1179	1159	951	1599	736	80	962	353	1088	1064	882	958	1022	617	1070	419	1300	246	126	1071	1648	55	1033	1025	1063	676	827	2324	2467	1294	94	867	1056	865	1026	1086	2295	1100	1008	957	52	1145	1065	1147	800	480	860	1141	851	1102	1031	935	2492	450	1024	946	736	1195	454	1146	544	1111	218	1050	1	998	812	834	813	130	976	1033	1140	374	492	1211	2193	698	1238	553	883	852	949	765	799	1002	733	809	158	1039	1069	931	632	986	613	1834	579	506	1096	1033	889	1191	1059	1096	715	2817	1004	1259	1786	1372	1004	1092	851	744	1387	1025	676	741	1293	946	1099	1192	1117	419	1048	1129	775	1029	1557	1045	1079	935	1243	778	802	1372	343	1244	549	1333	17	893	1200	620	971	1034	505	1002	1074	1445	972	1088	1077	766	1059	753	1288	1129	841	962	802	1585	944	1219	786	450	1060	916	1115	1090	905	646	784	1088	1033	1056	1272	1142	1047	1045	1102	895	836	490	1364	1324	1097	432	1162	877	799	959	126	355	778	156	37	812	1201	714	358	836	1047	1078	571	997	1132	1397	1136	895	945	851	758	1132	2147	1991	1039	947	1637	1114	951	456	1068	1096	1004	1474	864	931	1372	68	860	905	831	1046	1395	205	573	1029	1497	1474	788	863	1047	553	1060	485	916	448
91	409	192	942	0	198	404	1661	337	1146	204	447	327	1490	429	359	174	359	2238	187	361	234	166	548	1660	121	268	403	1404	220	405	353	462	1170	877	851	339	226	152	510	1909	211	419	236	1076	448	227	769	539	550	153	245	239	220	707	571	1016	254	609	194	305	385	247	80	356	746	1235	359	806	1028	310	1363	932	131	152	125	435	1637	1624	1525	393	856	116	371	102	361	441	1436	331	836	1742	924	211	304	280	451	497	91	205	302	549	211	374	2025	551	216	359	571	384	518	280	418	346	904	268	941	60	150	247	1192	897	215	131	256	1159	541	1139	1326	1540	330	783	191	312	238	1277	1114	481	1000	450	937	164	305	429	375	261	355	896	378	489	179	93	387	384	142	337	343	1979	548	1300	2490	430	548	202	302	617	1295	86	435	774	383	367	192	385	212	1235	116	193	735	270	1698	181	322	374	591	1107	454	430	1227	337	420	393	928	113	258	366	410	352	494	70	181	515	249	197	317	198	551	1516	908	243	449	254	454	2078	242	309	424	551	123	381	205	210	1179	1493	162	196	351	133	341	1448	182	347	860	403	405	1172	423	383	330	553	962	1216	1114	363	1028	679	1107	936	936	553	473	825	1055	405	181	159	784	168	399	455	201	1734	238	302	915	196	1214	1064	163	241	1522	175	353	507	303	1634	548	535	1157	429	430	994	432	1179	276	198	2210	888	1500	93	558	535	770	543	195	783	227	496	381	515
255	287	333	766	198	0	602	1494	497	973	400	607	487	1668	340	450	369	491	2052	380	485	426	330	628	1525	158	310	277	1258	416	250	483	477	1006	700	1037	499	420	56	435	1759	407	617	353	943	347	363	599	574	355	263	415	393	343	905	404	837	375	421	386	458	281	368	274	253	647	1092	538	662	843	465	1291	763	267	260	304	251	1439	1802	1708	590	685	101	504	102	485	570	1634	491	707	1617	754	381	458	468	469	367	155	379	193	660	276	458	2166	355	271	450	404	561	382	468	290	505	711	310	766	258	49	133	1006	710	353	267	448	963	343	1011	1524	1399	472	590	139	203	356	1084	931	572	816	471	747	274	460	340	297	392	247	1087	251	372	377	277	287	560	293	494	315	2175	628	1159	2295	614	628	393	193	603	1178	270	251	601	581	458	333	562	407	1092	286	368	570	295	1553	281	476	458	736	922	472	614	1070	478	297	572	751	127	441	274	503	482	379	268	372	679	376	388	472	0	649	1392	839	435	319	375	472	1896	356	453	274	355	300	295	401	399	1002	1350	118	387	480	331	539	1275	283	483	750	302	277	974	604	562	489	420	850	1033	931	459	843	483	922	746	765	406	632	646	858	277	283	356	592	330	425	637	373	1596	354	193	738	370	1380	1260	273	357	1417	356	449	317	458	1444	628	727	978	340	614	814	311	1002	157	285	2012	740	1334	270	750	727	604	576	285	590	304	369	295	373
373	756	370	1313	404	602	0	2008	273	1525	204	298	275	1161	762	454	238	360	2618	229	381	188	314	574	1956	482	526	755	1745	191	778	366	639	1536	1263	516	274	191	553	815	2228	198	15	386	1406	788	350	1151	656	950	423	285	332	375	303	955	1391	378	1000	226	297	738	379	332	697	1052	1554	228	1142	1411	293	1594	1295	394	427	324	834	2039	1268	1177	28	1223	515	359	504	381	396	1034	274	1170	2019	1288	298	296	173	629	839	465	288	673	500	482	474	1756	952	494	454	955	202	864	175	769	274	1300	526	1313	344	554	631	1586	1285	349	394	174	1558	944	1461	923	1849	361	1184	566	681	384	1678	1505	509	1393	622	1327	423	291	762	691	357	700	533	734	821	225	338	737	207	366	284	621	1577	574	1636	2892	213	574	221	673	796	1598	344	834	1158	20	459	370	207	198	1554	348	294	1113	546	2033	434	292	474	428	1499	629	213	1565	366	766	232	1301	502	233	698	472	367	824	333	240	352	365	225	291	602	537	1798	1161	184	812	378	629	2464	390	354	803	952	329	721	202	223	1563	1806	539	225	366	271	89	1824	434	350	1171	750	772	1576	230	232	277	893	1270	1604	1505	445	1411	1079	1499	1326	1302	922	311	1213	1456	772	432	246	1184	317	612	234	296	2034	388	673	1302	293	934	677	423	387	1799	287	445	903	291	2030	574	205	1544	762	213	1371	790	1563	657	452	2613	1225	1849	351	224	205	1146	664	448	1184	470	836	721	867
1740	1258	1827	732	1661	1494	2008	0	1772	1426	1814	1830	1765	3149	1656	1593	1782	1698	714	1788	1677	1821	1694	1594	384	1549	1783	1261	1791	1824	1255	1688	1416	1534	1363	2505	1772	1821	1519	1723	338	1820	2022	1625	1732	1635	1660	1412	1457	1175	1758	1903	1886	1634	2275	1441	671	1636	1086	1788	1734	1610	1634	1740	1315	1752	485	2020	865	688	1740	2254	731	1760	1755	1784	1403	780	2863	3179	1986	809	1595	1707	1591	1677	1719	2931	1767	1660	513	740	1868	1734	1836	1423	1171	1574	1864	1583	1702	1763	1578	2875	1180	1756	1593	1441	1863	1148	1834	1246	1775	867	1783	733	1713	1539	1567	1266	820	1660	1760	1833	753	1220	1791	2838	318	1967	1205	1615	1584	1628	1137	1299	1615	1287	1432	805	1769	1739	1656	1316	1660	1314	2538	1285	1188	1802	1753	1617	1858	1785	1761	1388	3429	1594	1778	1630	2090	1594	1791	1583	1305	1946	1746	1403	1393	1988	1592	1827	1860	1819	485	1771	1852	1440	1762	1967	1776	1746	1578	1853	1278	1425	2090	443	1973	1247	2054	749	1622	1919	1312	1604	1688	1184	1716	1774	2171	1649	1788	1745	1494	1652	490	1959	1824	1563	1636	1425	1712	1621	1948	1511	1180	1781	1644	1818	1786	1390	317	1499	1788	1688	1766	1977	1532	1777	1702	1758	1621	1562	878	2084	2044	1764	1116	1797	1331	1299	1606	688	1074	1278	804	730	1520	1843	1347	853	1562	1778	1785	1222	1691	1864	2116	1859	368	1623	1583	1356	1855	2873	2682	1768	1625	2174	1835	1601	1189	1739	1305	1594	2183	1352	1656	2090	697	1584	1390	1564	1777	1129	782	160	1751	2206	2183	1443	1450	1778	1205	1792	1174	1644	1148
372	551	437	1105	337	497	273	1772	0	1470	198	111	9	1427	765	185	200	87	2407	189	108	165	171	308	1697	341	574	554	1740	188	595	93	372	1500	1197	786	2	175	441	842	1976	196	282	164	1413	785	139	1095	383	799	448	403	437	164	503	898	1185	145	828	179	42	722	150	313	495	1081	1306	430	910	1213	35	1684	1080	415	451	349	749	1876	1306	1436	245	1012	447	87	428	108	139	1191	5	1173	1755	1074	392	42	126	363	625	341	377	638	255	517	205	1688	805	527	185	898	91	651	123	567	8	1127	574	1106	299	460	581	1501	1097	147	415	151	1389	811	1476	1088	1595	510	1079	528	648	160	1571	1427	240	1313	355	1144	455	38	765	473	121	500	794	539	600	219	338	724	86	401	11	390	1721	308	1637	2771	454	308	171	638	525	1631	338	749	1098	259	190	437	88	193	1306	367	373	1063	585	2034	472	26	205	257	1418	363	454	1328	518	559	451	1095	449	367	488	199	94	601	283	182	590	136	175	28	497	281	1535	1232	156	785	145	363	2392	164	494	756	805	353	718	202	156	1500	1554	395	177	93	243	297	1772	473	77	1196	740	741	1428	463	446	8	674	1298	1530	1427	175	1213	924	1418	1142	1089	887	137	1144	1298	741	471	228	1084	170	695	480	382	1776	164	638	1235	375	1207	915	455	161	1855	352	177	744	39	1934	308	478	1475	765	454	1168	768	1500	611	493	2455	992	1615	352	497	478	1098	391	489	1079	521	620	718	658
1154	1053	1163	918	1146	973	1525	1426	1470	0	1345	1580	1460	2352	775	1407	1319	1461	1644	1331	1454	1378	1300	1562	1681	1130	1018	1041	391	1362	973	1453	1365	108	273	1822	1471	1370	1029	753	1763	1352	1540	1323	345	746	1336	376	1469	760	1103	1260	1216	1315	1820	574	910	1346	804	1340	1431	789	1338	1202	1079	584	1316	1372	1082	851	1438	848	969	1131	1099	1201	721	867	2770	2426	1522	937	1029	1475	1046	1454	1538	2545	1464	432	1816	962	1236	1431	1426	1362	1050	1128	1244	853	1617	1050	1410	3126	748	1038	1407	574	1529	1035	1427	1039	1478	700	1018	916	1199	1010	900	174	790	1326	1131	1401	679	714	385	2432	1541	1239	440	963	844	1327	332	127	1519	193	1368	761	1104	1433	775	1131	1364	1071	1901	1037	1083	1319	1189	790	1528	1159	1467	1204	3089	1562	355	1436	1447	1562	1348	853	1420	522	1185	721	372	1507	1413	1163	1530	1353	1316	1177	1236	412	994	648	1095	1449	1410	1707	149	1365	1447	1212	1240	1053	1398	904	1035	1307	1101	1456	1452	1089	1213	1327	1432	1348	1343	1445	973	1596	1640	693	1388	713	1346	1365	940	1327	1231	724	748	1196	809	1345	1357	54	1493	1082	1342	1450	1274	1444	302	1096	1454	505	779	753	547	1428	1389	1462	1052	476	128	127	1418	851	694	149	763	953	603	1605	328	602	753	1098	1299	428	1301	988	1459	1236	1718	1324	853	236	1237	2022	2098	1105	1328	749	1239	1407	819	1431	553	1562	1580	77	775	1447	888	736	54	872	1079	1310	1093	1308	1176	1599	1580	378	1467	1083	440	1069	1058	809	1016
198	558	243	1112	204	400	204	1814	198	1345	0	293	193	1340	603	324	33	264	2416	27	278	37	124	490	1780	277	389	556	1589	16	575	264	490	1364	1078	693	200	27	349	671	2045	6	220	219	1255	626	185	969	533	745	267	205	239	204	505	771	1190	221	795	29	190	569	218	144	499	911	1369	254	950	1207	191	1497	1096	234	270	162	640	1834	1428	1364	190	1022	320	271	306	278	334	1233	195	1015	1851	1089	193	189	89	479	643	260	178	494	452	335	344	1860	748	346	324	771	205	667	91	570	205	1095	389	1112	146	353	445	1396	1081	179	234	59	1353	741	1314	1123	1669	314	987	383	503	218	1482	1317	419	1204	474	1123	272	186	603	499	207	501	724	534	627	27	161	570	206	214	205	437	1775	490	1482	2695	299	490	32	494	653	1462	164	640	975	184	331	243	208	7	1369	184	176	933	404	1881	288	199	344	445	1310	480	299	1374	321	568	281	1100	311	174	502	361	264	630	134	41	422	208	32	195	400	472	1627	1048	48	639	221	480	2280	225	297	621	748	166	558	4	46	1380	1624	334	31	263	71	163	1647	288	251	1028	584	596	1372	302	274	196	698	1130	1418	1317	320	1207	875	1310	1121	1102	746	317	1027	1252	596	286	46	988	128	503	327	184	1857	222	494	1117	177	1088	879	272	222	1678	155	315	698	185	1838	490	369	1359	603	299	1169	619	1380	473	309	2410	1033	1655	176	392	369	967	540	305	987	334	640	558	669
479	638	536	1183	447	607	298	1830	111	1580	293	0	120	1412	875	239	301	139	2479	289	157	256	283	288	1734	450	679	643	1851	279	689	149	415	1611	1307	784	109	266	550	951	2020	289	302	263	1524	895	244	1205	396	899	554	491	529	267	461	1008	1264	242	922	279	148	833	248	419	584	1190	1356	495	977	1295	142	1788	1155	520	556	451	858	1968	1200	1412	270	1090	558	127	539	157	116	1112	116	1284	1784	1149	484	148	206	407	706	451	469	749	202	623	252	1578	905	633	239	1008	102	732	204	654	102	1219	679	1184	407	570	692	1609	1184	254	520	237	1480	914	1586	1012	1638	594	1186	639	760	259	1675	1536	234	1421	398	1231	560	146	875	556	220	590	779	630	678	317	443	835	97	504	112	470	1635	288	1748	2871	504	288	271	749	550	1741	444	858	1208	292	239	536	97	286	1356	471	467	1174	691	2145	577	130	252	152	1526	406	504	1387	601	646	511	1175	560	449	574	226	150	679	392	286	643	236	275	134	607	244	1568	1338	246	896	242	406	2500	262	580	867	905	456	828	296	257	1609	1599	501	277	151	347	350	1882	577	140	1306	850	852	1525	517	508	118	751	1408	1639	1536	225	1295	1022	1526	1230	1165	998	25	1253	1393	852	575	329	1190	282	796	527	475	1814	263	749	1345	469	1214	878	559	260	1963	448	232	842	148	2040	288	498	1584	875	504	1248	880	1609	722	598	2547	1057	1676	458	515	498	1208	405	594	1186	624	700	828	741
364	543	430	1097	327	487	275	1765	9	1460	193	120	0	1431	756	181	193	85	2399	183	106	160	162	309	1691	331	566	545	1731	183	586	91	368	1490	1188	789	11	170	431	834	1970	191	285	154	1404	776	129	1085	380	789	441	398	432	155	510	888	1177	136	819	172	33	713	141	305	486	1072	1299	428	902	1205	26	1676	1072	407	443	342	739	1867	1316	1441	247	1004	438	86	419	106	142	1199	3	1164	1750	1065	386	32	123	358	616	331	371	629	259	509	200	1697	795	519	181	888	98	642	121	558	18	1118	566	1097	290	450	571	1491	1088	137	407	148	1380	801	1467	1096	1589	506	1070	519	639	151	1561	1418	240	1303	350	1135	448	29	756	465	112	491	798	530	592	212	330	715	94	394	12	382	1730	309	1627	2761	453	309	165	629	521	1623	330	739	1088	261	185	430	95	188	1299	360	368	1053	577	2025	465	19	200	265	1408	358	453	1321	513	551	449	1087	440	363	479	197	91	593	275	175	589	127	169	19	487	283	1530	1224	152	775	136	358	2382	155	490	746	795	346	709	197	150	1490	1548	385	170	90	235	296	1763	466	75	1187	731	731	1418	462	444	3	665	1289	1520	1418	171	1205	915	1408	1133	1081	877	146	1134	1288	731	463	221	1074	161	688	479	376	1771	155	629	1226	369	1210	921	447	152	1846	346	172	734	30	1925	309	480	1465	756	453	1159	759	1490	601	486	2446	985	1608	345	499	480	1088	388	482	1070	513	611	709	649
1414	1892	1337	2431	1490	1668	1161	3149	1427	2352	1340	1412	1431	0	1630	1612	1371	1513	3717	1367	1534	1338	1463	1700	3117	1600	1422	1888	2407	1332	1895	1520	1799	2315	2147	647	1427	1337	1636	1617	3385	1334	1149	1546	2094	1660	1509	2035	1804	2016	1409	1252	1276	1534	963	1880	2504	1539	2089	1368	1456	1648	1540	1410	1835	1769	2709	1131	2288	2512	1452	1975	2422	1401	1413	1368	1828	3059	1451	116	1187	2346	1566	1509	1567	1534	1527	867	1429	1921	3180	2414	1287	1455	1334	1789	1979	1575	1290	1634	1604	1422	1632	2171	2014	1432	1612	1880	1341	2002	1336	1903	1426	2371	1422	2431	1436	1620	1626	2472	2378	1507	1401	1330	2610	1990	2115	821	3008	1206	2155	1567	1637	1543	2604	2385	1646	2289	1782	2413	1400	1450	1630	1839	1518	1836	634	1864	1965	1350	1398	1643	1347	1374	1438	1776	1167	1700	2298	3789	1060	1700	1366	1634	1952	2169	1405	1828	2050	1178	1617	1337	1346	1336	2709	1383	1301	1992	1447	2641	1398	1449	1632	1475	2388	1789	1060	2712	1201	1902	1097	2417	1542	1231	1840	1623	1521	1969	1433	1381	992	1526	1369	1448	1668	1651	2959	1726	1337	1720	1539	1789	3248	1550	1223	1747	2014	1371	1616	1336	1373	2402	2964	1650	1368	1520	1384	1177	2604	1396	1504	1864	1647	1698	2590	1066	1107	1433	2034	1929	2465	2385	1602	2512	2140	2388	2412	2426	1814	1412	2115	2496	1698	1395	1366	2148	1467	1394	1034	1295	3195	1548	1634	2183	1299	333	572	1401	1547	2262	1316	1604	1985	1450	2905	1700	970	2399	1630	1060	2481	1694	2402	1640	1402	3606	2371	2989	1402	948	970	2016	1813	1400	2155	1394	1976	1616	2001
404	598	392	931	429	340	762	1656	765	775	603	875	756	1630	0	770	583	786	2126	595	786	639	595	955	1752	473	243	585	986	619	534	780	817	777	531	1058	767	630	381	95	1952	609	776	655	652	30	653	416	913	492	340	486	441	642	1049	250	986	676	587	605	734	62	669	460	579	318	1317	596	907	969	740	952	947	372	336	445	256	1432	2026	1692	763	873	330	799	352	786	869	1770	760	412	1859	938	465	734	691	809	660	455	475	147	972	280	781	2454	484	267	770	250	803	667	692	595	774	798	243	930	468	346	209	862	836	641	372	662	1005	439	712	1657	1618	465	527	242	137	658	980	776	894	671	811	855	339	734	0	629	687	572	1131	563	676	576	441	55	804	397	766	656	2313	955	879	2188	671	955	614	147	942	866	438	256	428	744	778	392	805	611	1317	421	468	374	219	1278	327	751	781	1021	775	812	671	1269	466	606	622	914	320	535	603	823	779	684	483	595	666	673	608	747	340	969	1639	499	650	95	676	812	1715	661	456	145	484	440	48	601	625	818	1567	452	607	777	535	677	1068	327	775	430	42	97	966	653	614	759	703	533	868	776	777	969	582	775	855	943	184	901	491	887	97	330	558	519	597	236	684	466	1817	657	147	569	469	1312	1326	339	660	1094	475	766	498	733	1307	955	805	805	0	671	959	72	818	183	309	1976	972	1500	427	823	805	403	915	313	527	295	665	48	652
430	410	520	946	359	450	454	1593	185	1407	324	239	181	1612	770	0	306	104	2240	302	83	305	221	189	1511	298	626	416	1708	322	469	95	187	1449	1134	969	185	311	398	858	1792	326	464	124	1394	783	146	1041	210	688	505	518	540	141	685	851	1026	110	699	295	156	717	116	376	359	1087	1124	577	738	1059	160	1717	916	476	505	428	691	1738	1410	1622	427	852	439	113	418	83	144	1351	182	1157	1569	910	497	157	288	177	471	314	483	627	211	568	21	1720	696	575	0	851	274	496	286	425	187	990	626	946	351	428	565	1418	951	156	476	303	1251	712	1461	1252	1411	626	992	528	638	123	1471	1350	124	1237	170	999	515	162	770	324	117	366	979	406	441	332	405	721	269	473	174	236	1871	189	1610	2654	615	189	291	627	342	1627	402	691	1041	438	8	520	270	322	1124	438	476	1015	629	2002	532	162	21	314	1338	177	615	1150	634	416	603	937	453	496	346	53	94	442	338	289	745	121	292	163	450	199	1349	1262	301	766	110	177	2308	117	607	725	696	430	722	328	278	1431	1370	333	293	94	331	463	1708	534	110	1195	737	723	1303	621	597	179	514	1296	1454	1350	13	1059	805	1338	997	926	857	255	1079	1168	723	532	330	999	217	756	643	485	1591	121	627	1170	478	1387	1100	514	119	1862	452	8	629	162	1839	189	656	1403	770	615	1010	755	1431	594	552	2317	819	1439	417	677	656	1049	217	548	992	581	464	722	507
179	525	237	1079	174	369	238	1782	200	1319	33	301	193	1371	583	306	0	256	2383	12	268	59	96	479	1750	244	377	523	1567	47	542	255	467	1340	1051	725	202	51	317	653	2013	40	253	195	1235	605	163	942	515	712	252	213	242	179	538	744	1156	200	762	22	184	546	196	122	466	894	1337	276	917	1174	187	1486	1063	219	255	150	610	1801	1452	1396	223	989	291	265	277	268	331	1265	196	995	1821	1055	196	184	108	456	610	227	181	469	448	321	327	1875	715	332	306	744	220	634	109	537	208	1062	377	1079	119	322	418	1367	1047	156	219	82	1320	709	1295	1155	1638	322	957	358	479	195	1452	1289	408	1175	451	1089	258	181	583	467	189	468	757	500	594	25	143	547	222	202	205	406	1806	479	1461	2664	326	479	31	469	630	1445	145	610	948	217	314	237	223	39	1337	170	176	907	390	1860	275	196	327	453	1282	457	326	1341	330	535	305	1066	284	189	469	347	255	598	105	18	445	187	26	191	369	465	1598	1036	69	615	200	457	2253	202	304	595	715	154	537	36	44	1353	1593	301	24	254	47	195	1620	276	244	1010	562	572	1340	327	297	196	665	1112	1390	1289	304	1174	842	1282	1088	1069	722	326	999	1219	572	273	28	958	100	495	354	185	1827	198	469	1089	178	1117	912	258	199	1663	154	299	665	180	1809	479	401	1332	583	326	1135	596	1353	447	296	2377	1001	1622	158	424	401	941	521	292	957	322	607	537	636
412	499	489	1044	359	491	360	1698	87	1461	264	139	85	1513	786	104	256	0	2341	248	21	236	196	227	1614	332	614	504	1747	257	552	10	289	1498	1188	873	86	245	435	869	1896	264	370	138	1426	803	132	1090	295	765	489	469	499	148	581	896	1125	115	784	239	74	738	123	353	445	1104	1228	509	840	1156	74	1721	1016	457	491	398	740	1829	1331	1520	332	951	458	13	438	21	82	1250	86	1186	1670	1010	453	75	206	280	566	340	438	651	194	557	121	1676	772	565	104	896	172	592	204	515	86	1080	614	1045	333	460	591	1483	1044	144	457	228	1341	783	1490	1150	1515	577	1058	544	661	134	1544	1412	156	1298	272	1092	498	79	786	416	100	452	879	491	539	280	381	741	166	448	75	330	1774	227	1646	2736	537	227	233	651	438	1651	380	740	1091	347	107	489	167	261	1228	413	433	1061	622	2042	515	70	121	245	1401	280	537	1254	585	506	532	1035	466	438	435	111	11	539	319	238	672	115	236	73	491	208	1452	1266	230	795	115	280	2374	134	560	760	772	401	738	269	218	1489	1474	379	237	11	292	381	1764	516	12	1216	757	751	1388	546	526	83	612	1318	1515	1412	92	1156	886	1401	1090	1026	892	159	1134	1255	751	514	284	1064	193	741	564	442	1694	137	651	1226	435	1295	996	497	133	1880	410	97	707	80	1910	227	565	1462	786	537	1108	781	1489	620	536	2408	922	1543	395	585	565	1095	303	532	1058	564	560	738	601
2307	1863	2380	1305	2238	2052	2618	714	2407	1644	2416	2479	2399	3717	2126	2240	2383	2341	0	2390	2322	2430	2304	2267	1036	2140	2303	1863	1921	2428	1840	2331	2074	1743	1699	3088	2408	2428	2088	2170	785	2423	2633	2250	1988	2100	2283	1785	2129	1701	2308	2467	2442	2256	2904	1882	1227	2265	1631	2393	2366	2094	2261	2319	1922	2127	1184	2591	1502	1210	2373	2484	1327	2317	2304	2355	1898	779	3561	3760	2599	1397	2152	2352	2154	2322	2374	3590	2402	2000	1125	1333	2433	2367	2452	2080	1784	2160	2431	2092	2372	2297	2226	3589	1702	2287	2240	1882	2498	1758	2451	1850	2412	1347	2303	1305	2296	2100	2093	1470	1341	2281	2317	2445	1121	1729	2029	3492	1019	2512	1609	2151	2090	2253	1312	1538	2279	1580	2089	1305	2316	2372	2126	1935	2289	1919	3134	1884	1807	2399	2327	2100	2493	2345	2397	2016	4103	2267	1951	1164	2665	2267	2397	2092	1982	2143	2320	1898	1766	2598	2239	2380	2495	2422	1184	2338	2420	1823	2279	2000	2319	2380	2226	2521	1523	2082	2665	1114	2517	1854	2624	1316	2176	2493	1925	2258	2331	1805	2302	2378	2725	2276	2393	2379	2052	2325	1183	2301	2434	2031	2265	2082	1504	2248	2495	1991	1702	2352	2128	2419	2395	1594	1027	2084	2393	2330	2358	2574	1616	2321	2344	2095	2100	2043	1178	2656	2614	2399	1733	2101	1521	1538	2253	1210	1577	1523	1306	1318	1959	2494	1706	1239	2043	2322	2381	1620	2302	2356	2689	2425	982	2249	2092	1677	2422	3418	3296	2316	2251	2324	2407	2246	1734	2371	1276	2267	2774	1568	2126	2665	1247	2056	1594	2082	2316	671	1423	836	2321	2796	2774	1813	2122	2318	1609	2325	1788	2128	1753
192	531	248	1086	187	380	229	1788	189	1331	27	289	183	1367	595	302	12	248	2390	0	261	47	98	472	1753	253	389	529	1580	37	550	248	465	1352	1063	720	191	40	328	666	2018	32	244	194	1247	618	161	955	511	722	265	220	250	178	528	757	1164	197	771	10	175	559	194	134	473	906	1342	277	923	1182	178	1498	1070	231	267	161	622	1811	1440	1391	213	996	303	256	289	261	322	1254	185	1007	1824	1062	204	175	96	455	616	236	190	482	439	333	323	1863	725	344	302	757	208	640	96	544	197	1071	389	1086	132	334	431	1379	1056	154	231	70	1329	720	1307	1145	1641	329	968	370	491	193	1463	1301	401	1187	450	1098	270	172	595	472	185	475	750	507	600	31	155	560	209	214	195	410	1795	472	1474	2675	325	472	18	482	629	1458	157	622	960	208	310	248	210	31	1342	182	185	920	402	1873	287	186	323	442	1294	456	325	1347	337	541	305	1074	296	193	475	341	248	603	117	14	446	184	14	182	380	457	1600	1048	56	628	197	456	2265	200	311	608	725	166	550	31	32	1366	1597	310	12	246	59	190	1633	287	236	1023	575	585	1350	327	298	186	671	1125	1402	1301	299	1182	852	1294	1097	1076	734	314	1011	1229	585	285	39	970	101	506	353	194	1830	197	482	1102	187	1115	905	270	197	1676	163	294	674	171	1821	472	397	1344	595	325	1143	609	1366	459	308	2387	1006	1628	170	419	397	954	518	304	968	334	613	550	642
418	483	498	1026	361	485	381	1677	108	1454	278	157	106	1534	786	83	268	21	2322	261	0	252	202	211	1593	327	620	488	1743	272	537	15	268	1491	1181	894	107	261	430	870	1874	279	391	133	1423	803	133	1083	274	752	495	482	510	145	602	890	1106	111	769	252	91	737	118	360	430	1104	1207	526	820	1138	92	1724	997	464	497	407	733	1813	1344	1542	353	932	457	30	436	0	84	1269	107	1184	1648	991	465	92	225	259	548	337	450	649	188	562	100	1680	759	570	83	890	194	574	222	498	108	1064	620	1026	339	456	589	1473	1027	145	464	245	1325	771	1488	1169	1493	590	1048	544	660	130	1532	1403	140	1289	251	1075	504	96	786	399	99	436	901	476	520	292	388	741	188	456	96	312	1792	211	1643	2722	556	211	247	649	417	1650	387	733	1085	367	85	498	189	275	1207	421	445	1055	627	2038	522	89	100	253	1392	258	556	1234	598	490	549	1017	466	453	418	90	14	521	325	250	690	113	249	92	485	197	1430	1270	246	793	111	258	2364	129	573	756	759	410	738	283	232	1481	1452	372	250	16	302	400	1756	523	31	1216	756	749	1373	564	543	103	593	1318	1506	1403	70	1138	872	1392	1073	1007	889	176	1126	1239	749	521	295	1054	199	747	583	454	1672	131	649	1218	447	1316	1018	503	128	1880	421	76	694	96	1899	211	586	1453	786	556	1090	779	1481	618	542	2392	901	1522	402	605	586	1089	282	538	1048	571	542	738	584
235	568	280	1125	234	426	188	1821	165	1378	37	256	160	1338	639	305	59	236	2430	47	252	0	127	464	1779	295	427	567	1624	23	590	238	478	1399	1110	691	167	10	374	708	2047	33	203	210	1291	662	174	1002	515	767	305	238	274	196	483	804	1203	208	813	40	162	604	207	179	509	948	1371	274	955	1222	162	1534	1107	271	308	199	670	1856	1393	1359	170	1034	350	242	336	252	303	1208	162	1052	1847	1099	228	161	52	467	651	281	213	528	420	373	326	1822	770	384	305	804	167	676	53	581	172	1114	427	1125	178	381	478	1427	1097	170	271	23	1373	765	1351	1099	1669	345	1016	417	537	208	1510	1349	393	1235	462	1140	310	157	639	505	191	512	717	545	633	64	198	605	169	252	173	438	1749	464	1518	2722	311	464	33	528	640	1500	200	670	1007	168	312	280	170	30	1371	221	211	967	441	1917	325	169	326	409	1341	468	311	1380	353	577	298	1113	343	202	510	338	238	637	165	54	440	195	38	165	426	443	1624	1086	10	673	208	468	2312	216	329	655	770	204	594	40	34	1413	1625	353	39	236	105	164	1680	326	224	1065	619	631	1396	316	292	164	705	1167	1450	1349	299	1222	896	1341	1139	1114	781	280	1059	1273	631	323	81	1017	129	541	338	219	1857	213	528	1149	213	1094	866	309	212	1716	191	296	718	156	1868	464	368	1391	639	311	1182	654	1413	506	346	2432	1039	1662	213	390	368	1001	522	342	1016	371	648	594	679
216	441	300	999	166	330	314	1694	171	1300	124	283	162	1463	595	221	96	196	2304	98	202	127	0	404	1655	182	418	441	1568	131	467	192	371	1329	1029	816	173	127	274	675	1921	129	329	102	1242	614	75	925	425	653	293	299	319	84	603	727	1077	111	694	95	138	551	106	159	383	912	1245	372	829	1098	144	1524	980	262	294	208	581	1740	1472	1486	295	908	275	207	256	202	278	1320	166	1001	1726	973	276	138	150	361	525	175	262	466	390	360	240	1859	658	369	221	727	231	549	149	454	180	995	418	999	137	290	409	1337	975	64	262	140	1256	658	1305	1213	1544	405	919	357	477	101	1412	1262	333	1147	356	1019	302	138	595	378	107	385	844	420	506	122	187	553	229	255	171	312	1858	404	1465	2619	423	404	97	466	535	1462	185	581	928	294	229	300	231	127	1245	220	255	892	426	1862	320	156	240	425	1253	362	423	1253	413	451	401	987	278	281	383	267	191	510	123	83	541	100	94	151	330	398	1502	1071	130	613	111	362	2226	108	386	584	658	210	548	129	92	1331	1500	239	95	189	110	286	1603	321	184	1026	569	569	1284	424	394	165	578	1128	1364	1262	221	1098	782	1253	1017	988	715	309	975	1159	569	319	113	922	3	545	450	264	1733	105	466	1067	257	1213	992	301	105	1687	230	214	602	137	1774	404	493	1308	595	423	1058	597	1331	439	340	2318	912	1535	200	515	493	927	431	336	919	369	521	548	552
617	524	704	1004	548	628	574	1594	308	1562	490	288	309	1700	955	189	479	227	2267	472	211	464	404	0	1467	482	814	533	1877	484	597	225	214	1611	1291	1073	307	472	578	1045	1760	490	581	312	1570	968	329	1204	137	819	693	693	720	329	743	1020	1084	296	812	464	301	901	303	562	486	1271	1111	736	773	1126	302	1904	966	663	694	612	857	1821	1320	1698	545	912	626	223	604	211	177	1339	308	1335	1508	962	675	302	433	213	561	500	660	811	108	757	174	1566	829	764	189	1020	372	585	430	539	304	1085	814	1005	537	611	749	1559	1032	341	663	455	1339	853	1638	1249	1380	802	1135	715	822	311	1600	1497	71	1385	205	1083	703	306	955	438	297	495	1067	532	527	504	591	905	367	659	297	358	1837	0	1782	2758	762	0	458	811	289	1806	588	857	1202	563	180	704	367	487	1111	624	654	1181	819	2171	720	296	174	260	1483	210	762	1158	809	527	758	999	640	664	466	137	225	525	525	461	898	305	461	300	628	58	1297	1449	457	946	296	210	2445	306	784	902	829	614	907	495	444	1583	1343	510	462	227	510	605	1860	721	239	1377	921	904	1408	772	753	306	591	1478	1600	1497	185	1126	925	1483	1081	979	1032	288	1235	1268	904	720	505	1144	400	945	788	664	1547	310	811	1326	657	1502	1160	702	307	2044	631	194	759	307	1967	0	779	1552	955	762	1072	937	1583	777	740	2397	847	1445	603	796	779	1215	145	736	1135	769	554	907	600
1748	1252	1843	837	1660	1525	1956	384	1697	1681	1780	1734	1691	3117	1752	1511	1750	1614	1036	1753	1593	1779	1655	1467	0	1540	1831	1259	2063	1787	1274	1606	1325	1787	1565	2470	1697	1781	1536	1832	309	1785	1969	1571	1953	1736	1607	1589	1340	1260	1781	1905	1898	1583	2194	1572	806	1577	1164	1751	1664	1698	1577	1734	1304	1908	435	2012	863	851	1669	2470	810	1776	1778	1785	1496	1145	2657	3132	1931	881	1619	1621	1610	1593	1618	2795	1694	1841	140	820	1872	1665	1783	1334	1165	1568	1864	1652	1575	1801	1493	2591	1269	1796	1511	1572	1786	1146	1781	1245	1699	1030	1831	839	1705	1563	1622	1536	958	1609	1776	1787	1005	1316	2018	2711	141	1985	1381	1658	1656	1573	1428	1553	1503	1518	1342	962	1793	1670	1752	1289	1599	1305	2488	1285	1170	1773	1753	1706	1781	1796	1685	1343	3265	1467	2035	2014	2073	1467	1752	1652	1184	2186	1746	1496	1571	1938	1508	1843	1782	1783	435	1776	1853	1610	1814	2268	1803	1673	1493	1725	1531	1334	2073	494	1992	1241	2044	855	1647	1911	1294	1509	1605	1165	1704	1739	2174	1591	1750	1673	1525	1524	176	2126	1780	1666	1577	1334	2076	1566	1965	1608	1269	1783	1730	1784	1745	1653	191	1499	1751	1606	1744	1942	1832	1805	1621	1936	1713	1655	1146	2071	2035	1690	1109	1991	1603	1553	1523	851	1190	1531	961	817	1647	1742	1537	1080	1655	1805	1759	1398	1652	1932	2101	1861	80	1568	1652	1567	1856	2867	2610	1792	1570	2427	1833	1520	1256	1670	1646	1467	2148	1613	1752	2073	833	1683	1653	1626	1809	1512	787	403	1753	2170	2148	1620	1331	1809	1381	1829	1165	1730	1152
211	292	312	837	121	158	482	1549	341	1130	277	450	331	1600	473	298	244	332	2140	253	327	295	182	482	1540	0	363	288	1415	290	299	324	360	1165	858	957	343	292	102	563	1792	284	497	194	1098	486	205	757	448	472	264	364	360	185	779	563	914	217	518	256	301	419	209	193	237	789	1118	474	690	930	308	1424	824	248	263	244	409	1561	1648	1631	466	749	146	346	125	327	412	1501	335	860	1621	816	331	301	329	351	380	29	324	329	506	312	308	2008	476	314	298	563	411	402	328	302	349	818	363	837	165	130	267	1159	803	195	248	314	1077	475	1164	1393	1422	451	739	235	340	198	1231	1086	421	971	351	845	276	303	473	254	234	237	996	264	370	259	212	423	410	262	338	226	2040	482	1316	2436	541	482	262	329	508	1328	205	409	759	461	306	312	411	283	1118	237	312	728	360	1710	291	319	308	578	1076	354	541	1112	458	303	507	825	166	373	246	351	323	375	167	242	634	218	257	316	158	497	1396	969	302	468	217	354	2050	198	430	429	476	243	425	280	263	1159	1375	57	257	322	218	434	1433	293	324	897	439	425	1102	536	498	333	436	998	1189	1086	306	930	601	1076	844	829	561	475	803	978	425	292	240	742	181	494	567	320	1615	196	329	895	315	1330	1156	276	199	1563	292	295	422	302	1594	482	637	1134	473	541	893	457	1159	296	305	2137	772	1389	214	659	637	763	451	303	739	333	378	425	401
202	596	155	1050	268	310	526	1783	574	1018	389	679	566	1422	243	626	377	614	2303	389	620	427	418	814	1831	363	0	586	1219	405	559	610	723	1019	769	826	576	417	314	289	2058	394	539	502	880	272	488	654	805	611	125	245	199	485	807	472	1115	519	696	399	551	236	512	262	556	527	1398	354	969	1111	555	1110	1054	158	123	227	406	1639	1794	1476	530	976	230	625	247	620	696	1527	569	645	1926	1044	227	550	479	713	677	336	238	211	808	57	642	2250	607	51	626	472	595	692	481	599	583	957	0	1049	281	280	215	1100	975	476	158	449	1188	575	935	1414	1704	227	738	173	214	504	1212	1015	746	907	713	1005	118	549	243	593	522	552	895	560	681	363	236	233	596	175	578	586	2070	814	1110	2424	429	814	408	211	872	1077	236	406	665	510	634	155	597	397	1398	207	233	613	25	1507	101	566	642	830	1013	716	429	1368	229	606	380	1034	204	295	575	677	610	688	295	393	437	512	403	561	310	815	1701	659	438	313	519	716	1958	508	216	328	607	223	210	387	421	1060	1654	373	401	608	331	438	1311	101	602	646	242	282	1169	411	371	570	730	746	1109	1015	629	1111	727	1013	1004	1054	420	704	726	1074	282	103	349	733	421	131	443	229	1902	504	211	808	233	1116	1088	119	507	1289	244	620	593	548	1546	814	562	1046	243	429	1090	288	1060	221	80	2195	1044	1623	221	581	562	644	809	85	738	56	679	210	683
489	13	584	558	403	277	755	1261	554	1041	556	643	545	1888	585	416	523	504	1863	529	488	567	441	533	1259	288	586	0	1379	567	68	494	326	1100	776	1244	555	565	278	680	1506	562	770	392	1098	582	422	703	428	286	523	648	639	395	1041	544	637	409	284	531	512	523	404	480	59	858	832	761	402	660	519	1507	540	516	520	528	386	1325	1826	1918	736	467	362	516	352	488	560	1745	549	880	1346	532	615	513	589	324	94	314	608	448	608	548	411	2098	297	545	416	544	642	114	587	14	560	576	586	558	453	308	399	1027	542	419	516	581	837	326	1170	1641	1137	726	606	416	455	395	1066	967	504	858	331	589	534	517	585	95	433	55	1280	25	95	542	497	530	638	537	546	181	2275	533	1292	2238	829	533	534	448	391	1347	489	386	697	735	419	584	640	561	832	518	597	688	573	1668	545	528	411	729	953	328	829	824	733	21	795	547	390	660	70	454	493	102	455	516	919	419	531	526	277	576	1121	1068	571	532	409	328	1911	390	705	472	297	526	546	559	532	1057	1090	241	531	492	504	717	1335	547	503	944	543	499	887	824	785	546	150	1037	1070	967	429	660	393	953	587	547	582	663	721	752	499	547	524	616	438	702	855	604	1333	391	448	808	600	1618	1433	534	393	1597	578	419	226	516	1434	533	922	1025	585	829	617	535	1057	414	553	1904	484	1101	496	945	922	719	426	552	606	575	94	546	113
1390	1392	1374	1309	1404	1258	1745	1791	1740	391	1589	1851	1731	2407	986	1708	1567	1747	1921	1580	1743	1624	1568	1877	2063	1415	1219	1379	0	1605	1311	1739	1694	296	610	1952	1742	1615	1313	930	2129	1594	1758	1610	340	962	1616	677	1798	1112	1326	1463	1416	1599	2021	857	1301	1632	1170	1589	1705	1020	1624	1445	1409	699	1707	1558	1466	1241	1711	599	1359	1358	1322	1431	1019	1149	3012	2494	1747	1326	1293	1760	1312	1743	1827	2723	1734	574	2200	1352	1446	1705	1676	1690	1403	1407	1456	1102	1919	1263	1714	3423	1100	1251	1708	857	1786	1391	1677	1380	1749	1091	1219	1307	1450	1287	1159	528	1181	1605	1358	1648	1058	1059	297	2610	1925	1416	807	1213	1091	1613	656	514	1827	578	1695	1152	1324	1706	986	1464	1647	1401	2040	1371	1434	1561	1427	1019	1787	1383	1740	1528	3260	1877	111	1467	1626	1877	1598	1102	1768	267	1424	1019	681	1728	1715	1374	1788	1596	1707	1408	1451	696	1198	294	1312	1723	1714	1990	536	1693	1626	1601	1414	1394	1578	1295	1291	1513	1433	1760	1739	1440	1465	1579	1580	1632	1592	1719	1258	1904	2029	681	1635	955	1632	1693	857	1614	1413	986	1100	1426	1030	1587	1609	411	1878	1375	1591	1737	1520	1658	309	1312	1738	582	1005	999	919	1605	1571	1733	1412	493	461	514	1717	1241	1066	536	1154	1344	854	1877	663	989	999	1314	1543	791	1569	1150	1633	1448	2098	1611	1102	584	1451	2074	2242	1325	1614	402	1460	1706	1167	1705	677	1877	1759	452	986	1626	1280	972	411	1129	1292	1475	1481	1682	1412	1774	1759	663	1797	1297	807	1275	1410	1030	1372
215	568	257	1124	220	416	191	1824	188	1362	16	279	183	1332	619	322	47	257	2428	37	272	23	131	484	1787	290	405	567	1605	0	588	258	491	1381	1095	685	190	12	364	687	2052	10	207	221	1271	643	187	986	532	759	283	215	250	207	490	788	1201	222	809	36	183	585	219	161	510	927	1377	255	959	1220	183	1511	1107	250	286	178	656	1849	1411	1355	176	1033	336	263	323	272	325	1218	185	1032	1856	1099	205	182	74	481	653	274	190	510	442	351	343	1844	762	362	322	788	189	677	76	581	195	1109	405	1124	163	369	461	1413	1093	181	250	44	1367	756	1330	1108	1676	322	1003	399	520	220	1498	1334	413	1220	475	1136	288	178	619	508	206	512	714	545	636	43	178	586	191	230	195	444	1759	484	1499	2710	297	484	34	510	654	1478	181	656	991	170	329	257	193	8	1377	200	188	950	420	1897	303	190	343	432	1327	482	297	1383	330	578	281	1111	327	181	512	357	258	640	150	50	423	208	36	186	416	464	1633	1063	33	655	222	482	2297	227	306	638	762	182	575	18	44	1397	1631	347	36	256	88	155	1663	304	244	1045	600	613	1387	301	275	186	707	1146	1435	1334	317	1220	889	1327	1134	1113	763	303	1043	1266	613	301	63	1004	134	518	324	196	1864	224	510	1134	189	1083	867	287	224	1694	168	313	712	178	1854	484	362	1376	619	297	1181	636	1397	489	324	2424	1042	1665	192	384	362	984	539	320	1003	349	650	575	679
