NAME : VRPTW_INSTANCE_33.txt
COMMENT : Bangkok Supermarket
TYPE : VRPTW
DIMENSION : 252
DAYS : Thursday
EDGE_WEIGHT_TYPE : EXPLICIT
VEHICLES : 33
EDGE_WEIGHT_FORMAT : FULL_MATRIX
CAPACITY : 1000
EDGE_WEIGHT_SECTION
0	359	97	2205	978	1705	276	368	990	1115	192	1309	202	173	525	821	623	671	205	395	186	213	586	191	166	244	595	1058	411	371	1606	747	39	745	244	3090	153	808	306	1729	119	978	353	884	119	409	502	235	808	737	97	428	217	411	173	888	464	589	1921	347	422	348	140	264	199	190	2817	214	576	993	1407	1744	246	948	365	308	356	120	88	225	665	202	1221	396	1201	353	631	1457	481	1027	363	358	544	861	634	787	502	123	133	3198	178	523	315	1055	662	932	713	46	124	206	372	319	224	534	300	382	713	30	948	815	309	589	190	358	373	413	401	348	901	580	97	215	540	1056	368	299	264	1707	1017	424	840	1162	815	400	135	244	631	631	1052	584	412	660	1052	2319	1110	347	404	836	255	173	308	409	640	163	124	690	154	968	978	581	995	1087	101	1221	510	802	348	397	382	2859	124	840	836	1727	706	891	477	1002	815	221	412	1003	1016	245	270	440	648	204	199	51	976	631	572	213	207	371	785	216	1078	1650	2764	330	977	1720	196	591	171	244	348	405	215	365	437	202	283	208	815	412	172	395	306	1998	416	93	1664	160	1108	737	1670	538	216	235	202	1390	547	201	395	395	456	774	891	631
359	0	291	2124	885	2041	421	721	855	1050	550	1193	523	395	167	697	923	685	534	60	498	421	930	504	518	604	625	701	737	34	1614	405	399	403	604	2740	463	468	580	1369	428	885	703	859	428	765	850	594	1131	920	413	68	426	737	398	650	240	847	1648	687	707	613	441	402	557	522	2512	572	616	858	1682	1701	429	629	710	612	699	276	399	582	677	210	1161	698	858	703	870	1668	829	877	708	640	770	1210	661	492	834	270	491	2838	400	744	622	1012	783	1288	376	329	275	299	718	668	583	754	102	187	365	390	639	538	610	389	505	701	717	54	758	687	865	649	413	575	770	932	710	633	402	1622	916	745	516	832	538	757	272	604	921	921	924	249	742	1015	924	2144	772	687	747	1187	295	398	609	704	870	350	275	897	228	801	885	637	838	734	354	1161	728	715	690	506	730	2553	268	1144	483	1449	1022	879	826	847	538	334	729	1317	684	604	487	621	819	561	330	355	813	921	474	571	415	34	693	548	753	1415	2415	88	623	1443	206	263	531	604	687	401	547	710	728	523	563	537	538	724	407	60	216	1956	383	437	2010	499	748	571	1448	775	548	594	523	1030	587	214	60	60	487	562	879	921
97	291	0	2243	1005	1752	336	431	1006	1152	281	1333	233	245	458	838	720	719	302	317	209	171	680	215	230	329	645	978	508	309	1662	661	128	660	329	3031	173	754	307	1655	137	1005	413	927	137	496	594	319	905	821	122	358	175	508	246	874	440	683	1900	442	518	346	152	322	288	287	2784	303	627	1010	1421	1789	315	906	460	405	451	23	108	314	713	108	1259	493	1113	413	723	1445	573	1040	457	366	633	919	684	693	544	27	223	3124	251	611	412	1096	734	998	660	51	141	236	466	378	308	622	255	287	630	120	909	787	405	578	216	452	468	343	489	444	942	639	122	298	630	1076	463	342	322	1742	1043	521	795	1115	787	487	152	329	727	727	1071	531	509	747	1071	2331	1059	442	456	896	278	246	404	506	731	99	141	778	65	976	1005	636	1006	1005	67	1259	597	829	443	335	439	2826	28	866	755	1704	738	937	569	1014	787	263	510	1035	967	329	239	519	615	293	243	68	985	727	589	303	164	309	810	313	1033	1642	2706	283	895	1698	181	541	256	329	444	318	312	458	533	233	287	305	787	510	248	317	298	2044	326	190	1754	208	1031	741	1666	629	313	319	233	1316	597	191	317	317	379	765	937	727
2205	2124	2243	0	1243	3563	1933	2430	1270	1091	2239	933	2387	2039	2076	1426	2035	1537	2137	2170	2380	2410	2241	2383	2313	2270	1613	2246	2126	2090	728	2272	2220	2271	2270	2741	2353	1902	2504	2349	2323	1243	2434	1322	2323	2288	2249	2270	2163	1676	2302	2115	2415	2126	2041	1538	1883	1904	1276	2175	2005	2547	2344	1942	2238	2144	1903	2244	1634	1267	3513	492	1969	1754	2200	2069	2190	2251	2294	2242	1542	2258	984	2051	2463	2434	1844	3641	2245	1254	2200	2549	1845	2781	1575	2451	2599	2248	2226	3285	2035	1845	2076	1150	1618	2763	1921	2227	2102	2007	2204	2414	2270	1838	2060	2311	2229	2217	1713	1683	2064	1736	2381	2189	2194	2119	2291	2169	1304	1641	2302	2274	1854	1191	2189	2443	1942	502	1209	2108	1821	1763	1683	2295	2091	2270	1999	1999	1200	1966	2139	2372	1200	608	1827	2175	2495	2755	1964	2041	2065	2032	1819	2343	2102	1747	2229	1335	1243	1634	1294	2302	2295	984	1846	1419	2183	2574	2464	1933	2247	2941	2228	1320	2799	1318	2248	1285	1683	1985	2092	3058	1804	2272	2474	1832	2853	2238	2007	2251	1322	1999	1664	2238	2404	2090	1439	2144	1745	1074	2502	2051	2259	1317	2070	1943	2256	2270	2169	2509	2145	2204	2020	2387	2482	2136	1683	2077	2045	2170	1964	299	2498	2175	2770	2335	2204	1554	1002	1868	2144	2270	2387	2221	1661	2058	2170	2170	2591	1582	1318	1999
978	885	1005	1243	0	2523	718	1253	114	172	1045	331	1171	822	859	191	1003	351	948	934	1160	1175	1171	1164	1104	1086	419	1179	1001	851	768	1098	997	1096	1086	2603	1129	772	1283	1577	1097	0	1252	183	1097	1149	1147	1083	1203	689	1076	883	1180	1001	824	416	645	853	1146	1027	882	1325	1118	724	1046	952	2088	1055	441	114	2350	818	758	696	1056	907	1044	1012	1066	1056	353	1014	281	921	1406	1252	812	2433	1136	159	1055	1332	760	1679	389	1266	1420	1009	1020	2914	819	748	917	174	533	1697	753	994	867	774	1062	1225	1080	746	817	1072	1050	993	655	543	902	505	1162	1044	1054	885	1149	1022	153	471	1076	1083	769	106	1047	1242	724	741	41	989	704	836	543	1152	855	1086	972	972	112	759	1014	1307	112	1355	858	1027	1313	1652	728	824	903	906	789	1105	867	740	988	204	0	454	175	1236	1061	281	741	176	1035	1333	1283	2130	1007	1771	1084	992	1629	212	1137	171	543	756	969	1912	782	1088	1241	678	1620	1047	778	1020	194	972	421	1050	1168	851	196	958	766	806	2286	809	1159	985	829	738	1056	1086	1022	1266	959	1060	905	1171	1260	948	543	954	830	934	721	1072	1255	962	2044	1120	1166	331	797	785	958	1083	1171	1312	461	817	934	934	1347	392	212	972
1705	2041	1752	3563	2523	0	1864	1340	2581	2597	1548	2832	1519	1785	2207	2428	1546	2172	1622	2055	1543	1629	1356	1537	1539	1495	2109	2679	1523	2062	2843	2349	1668	2348	1495	4778	1579	2507	1468	3366	1615	2523	1352	2363	1615	1387	1377	1501	1400	1903	1631	2105	1626	1523	1781	2570	2167	1690	3600	1508	1641	1442	1600	1868	1544	1624	4516	1530	2087	2584	649	3072	1823	2653	1477	1630	1491	1765	1645	1525	2171	1834	2673	1603	2750	1352	1743	1017	1388	2629	1479	1410	1771	856	2135	2296	1208	1771	1596	4813	1785	1780	1619	2515	2008	826	2413	1723	1824	1882	1471	1387	1509	1783	2003	1963	2334	1676	2653	2516	1635	2275	1536	1490	1478	2091	1389	1512	2391	2053	1631	1513	1762	2625	1486	1411	1868	3126	2565	1534	2545	2867	2516	1386	1835	1495	1581	1581	2626	2283	1511	1219	2626	3854	2811	1508	1300	883	1928	1781	1634	1617	1768	1694	1824	1835	1813	2593	2523	2070	2609	2691	1687	2673	1785	2377	1500	1634	1323	4558	1773	922	2458	3412	1023	2349	1387	2613	2516	1876	1555	744	2719	1494	1572	1847	1399	1541	1859	1693	2598	1581	2210	1534	1635	2062	2369	1609	2783	3299	4454	2032	2590	3406	1902	2293	1553	1495	1512	1780	1608	1475	1618	1519	1482	1621	2516	1570	1772	2055	2004	3288	1812	1662	1169	1549	2743	2390	3305	1746	1609	1501	1519	3033	2072	1905	2055	2055	1723	2449	2349	1581
276	421	336	1933	718	1864	0	544	745	846	331	1049	455	105	542	580	524	396	243	479	447	488	586	450	386	378	320	1083	382	408	1330	819	287	817	378	3003	419	746	570	1711	390	718	540	611	390	481	525	373	744	508	370	475	493	382	107	708	361	430	1735	366	310	614	411	18	333	243	2656	344	300	748	1636	1468	41	842	396	251	383	352	363	347	391	399	950	318	1264	540	449	1716	507	788	395	617	349	1008	359	912	707	352	301	3170	102	323	264	782	399	1051	657	306	202	126	404	511	369	333	320	545	775	284	830	676	247	424	448	384	398	465	478	363	630	304	370	369	349	804	391	523	18	1437	759	382	751	1062	676	480	195	378	516	516	802	545	391	702	802	2071	1026	366	600	981	128	107	247	317	448	430	202	478	352	739	718	305	761	1124	373	950	307	547	373	668	571	2698	351	1058	881	1548	917	616	506	767	676	89	361	1207	925	379	547	202	923	335	102	325	745	516	346	339	482	408	533	256	973	1440	2676	341	1015	1542	227	541	338	378	363	650	256	398	335	455	548	244	676	351	112	479	224	1722	653	244	1642	404	1117	526	1452	354	256	373	455	1378	272	215	479	479	715	587	616	516
368	721	431	2430	1253	1340	544	0	1288	1364	213	1581	214	452	889	1124	527	910	304	748	242	367	372	235	203	166	836	1406	333	737	1772	1084	330	1083	166	3459	270	1176	253	2087	299	1253	24	1122	299	187	292	170	621	805	310	789	366	333	449	1235	826	587	2269	264	439	269	291	544	211	302	3177	199	815	1291	1097	1948	502	1315	247	360	253	449	324	197	907	530	1460	391	1528	24	647	1217	278	1331	246	237	606	492	871	1089	169	455	257	3554	453	598	354	1292	814	567	1082	393	485	543	246	55	175	608	669	693	1057	339	1313	1175	365	938	233	254	255	774	179	270	1146	796	310	176	598	1344	258	117	544	1945	1294	353	1209	1531	1175	174	495	166	554	554	1343	952	322	372	1343	2608	1479	264	66	467	590	449	364	412	668	404	485	738	496	1283	1253	807	1305	1430	374	1460	594	1087	257	493	36	3219	456	518	1182	2078	376	1120	273	1311	1175	540	362	663	1384	165	347	597	556	208	522	366	1290	554	888	204	370	737	1075	294	1446	1983	3133	699	1322	2072	563	960	213	166	270	598	293	243	431	214	247	304	1175	374	440	748	664	2194	624	322	1371	223	1461	1065	1996	587	294	170	214	1747	792	565	748	748	595	1116	1120	554
990	855	1006	1270	114	2581	745	1288	0	258	1076	337	1188	844	809	168	1079	415	984	900	1175	1178	1236	1179	1127	1121	473	1088	1058	821	851	1030	1013	1028	1121	2495	1143	687	1296	1465	1109	114	1285	285	1109	1198	1205	1117	1286	781	1087	845	1182	1058	847	319	614	930	1056	1076	942	1338	1129	748	1078	986	1998	1089	494	3	2382	873	786	596	1106	954	1093	1011	1077	1090	415	1003	354	977	1315	1285	893	2447	1193	52	1105	1348	833	1731	450	1203	1452	1007	1046	2801	843	818	965	282	616	1755	679	1001	873	783	1112	1257	1113	817	798	1042	983	1008	554	456	949	466	1178	1093	1104	848	1197	1071	257	532	1087	1114	841	79	1097	1266	748	771	104	1047	615	726	456	1200	861	1121	1050	1050	69	702	1070	1371	69	1329	751	1076	1346	1704	735	847	950	964	872	1105	873	828	982	95	114	513	62	1145	1066	354	809	204	1084	1325	1316	2040	1005	1804	1007	895	1662	318	1193	57	456	770	1026	1951	679	1122	1245	734	1621	1080	792	1029	83	1050	418	1083	1171	821	213	995	658	726	2177	786	1073	888	826	680	1084	1121	1071	1247	996	1109	965	1188	1274	984	456	1012	854	900	713	1122	1233	985	2140	1139	1070	284	725	857	995	1117	1188	1205	509	815	900	900	1331	320	318	1050
1115	1050	1152	1091	172	2597	846	1364	258	0	1163	238	1302	952	1031	362	1056	455	1063	1101	1293	1319	1241	1296	1231	1200	530	1345	1088	1017	596	1270	1132	1268	1200	2664	1265	940	1417	1710	1234	172	1366	241	1234	1244	1227	1198	1239	714	1213	1052	1324	1088	954	577	813	909	1160	1124	966	1460	1255	854	1163	1069	2096	1171	551	256	2461	650	884	854	1152	1009	1140	1160	1204	1170	459	1169	111	1009	1572	1366	859	2562	1219	282	1151	1464	825	1766	494	1439	1533	1157	1144	3010	949	818	1017	84	588	1772	924	1136	1011	916	1157	1342	1196	814	978	1236	1223	1129	812	710	1003	675	1294	1140	1148	1053	1245	1119	218	568	1213	1200	835	194	1142	1364	854	591	157	1074	871	976	710	1249	1000	1200	1023	1023	208	932	1101	1377	208	1258	1006	1124	1427	1739	873	954	1004	992	835	1251	1011	775	1139	353	172	557	315	1402	1204	111	814	334	1132	1483	1396	2137	1156	1883	1255	1030	1740	249	1220	307	710	895	1055	2015	936	1201	1383	772	1762	1164	917	1160	340	1023	579	1165	1313	1017	356	1071	913	809	2354	972	1327	1022	980	910	1177	1200	1119	1424	1072	1155	986	1302	1394	1063	710	1040	959	1101	877	905	1414	1090	2040	1250	1328	503	785	850	1071	1198	1302	1460	577	968	1101	1101	1504	563	249	1023
192	550	281	2239	1045	1548	331	213	1076	1163	0	1375	182	239	714	912	469	708	102	587	193	308	400	191	99	55	633	1250	248	559	1600	939	154	937	55	3268	191	986	297	1919	193	1045	208	922	193	216	313	47	633	664	188	618	310	248	235	1023	622	474	2056	172	304	336	202	330	7	94	2967	22	611	1080	1306	1763	290	1115	183	195	177	303	197	33	704	389	1262	264	1392	208	527	1402	292	1119	182	325	460	694	669	974	376	308	59	3388	239	446	194	1093	638	754	891	231	288	334	189	180	39	456	482	567	906	163	1111	968	198	727	188	178	192	604	209	175	945	598	188	37	453	1134	189	204	330	1748	1086	266	1011	1333	968	208	296	55	485	485	1132	764	245	467	1132	2400	1285	173	269	668	380	235	197	282	542	303	288	605	344	1070	1045	607	1092	1279	248	1262	437	877	171	487	240	3009	309	727	1029	1866	586	923	289	1098	968	328	261	876	1188	56	331	411	660	12	310	214	1077	485	674	22	307	559	864	97	1246	1769	2942	512	1169	1860	368	768	31	55	175	544	96	182	309	182	277	103	968	266	227	587	459	2012	562	117	1473	139	1299	852	1782	446	97	47	182	1580	587	368	587	587	572	903	923	485
1309	1193	1333	933	331	2832	1049	1581	337	238	1375	0	1502	1153	1143	499	1294	672	1277	1238	1491	1504	1476	1495	1435	1415	744	1368	1317	1158	612	1351	1329	1349	1415	2482	1461	991	1614	1637	1428	331	1581	469	1428	1470	1459	1412	1478	953	1406	1182	1509	1317	1156	618	952	1146	950	1349	1196	1657	1449	1055	1376	1281	1874	1385	766	334	2679	564	1089	866	1377	1231	1365	1339	1397	1385	675	1337	204	1238	1594	1581	1097	2764	1450	321	1377	1664	1060	1996	712	1527	1749	1336	1351	2866	1150	1052	1240	323	824	2006	998	1324	1196	1104	1383	1555	1410	1048	1134	1380	1306	1325	823	763	1226	804	1493	1365	1374	1186	1471	1344	441	790	1406	1412	1070	260	1368	1572	1055	436	291	1304	912	936	763	1474	1185	1415	1261	1261	268	1034	1331	1612	268	1029	982	1349	1642	1969	1057	1156	1227	1222	1073	1433	1196	1014	1313	404	331	776	362	1425	1390	204	1047	506	1357	1657	1612	1915	1334	2100	1317	840	1957	482	1451	353	763	1087	1285	2238	933	1416	1570	997	1948	1377	1109	1350	390	1261	745	1379	1497	1158	523	1286	891	597	2179	1123	1366	833	1155	1012	1386	1415	1344	1583	1288	1381	1217	1502	1591	1277	763	1269	1161	1238	1044	801	1570	1293	2272	1452	1338	622	563	1085	1286	1412	1502	1424	789	1144	1238	1238	1667	650	482	1261
202	523	233	2387	1171	1519	455	214	1188	1302	182	1502	0	350	690	1020	643	850	274	543	27	156	539	20	84	193	774	1196	422	543	1766	871	175	870	193	3264	60	988	119	1879	95	1171	192	1065	95	340	452	186	785	844	114	589	155	422	347	1090	663	656	2122	344	487	161	82	447	187	262	3014	192	753	1191	1204	1918	418	1138	346	376	343	247	127	202	845	321	1405	446	1314	192	709	1262	432	1227	344	162	641	689	812	874	311	253	168	3345	353	626	376	1237	806	775	894	207	326	407	350	159	177	636	486	479	846	180	1140	1013	380	791	18	345	356	575	331	348	1085	749	114	165	635	1252	354	110	447	1892	1210	441	1027	1348	1013	327	338	193	661	661	1249	764	417	572	1249	2517	1292	344	226	667	456	347	378	465	725	190	326	787	295	1169	1171	754	1196	1218	169	1405	616	997	340	313	213	3055	254	639	971	1927	507	1069	428	1203	1013	418	439	805	1201	192	155	578	483	191	396	177	1177	661	773	197	157	543	981	274	1266	1853	2939	515	1111	1921	395	774	154	193	348	394	273	343	491	0	98	276	1013	446	343	543	507	2170	418	212	1580	52	1252	940	1873	628	274	186	0	1540	726	401	543	543	406	976	1069	661
173	395	245	2039	822	1785	105	452	844	952	239	1153	350	0	539	678	528	502	168	447	341	387	551	344	283	290	426	1086	349	391	1432	800	181	799	290	3052	314	778	465	1733	285	822	446	716	285	416	479	284	738	577	265	457	391	349	4	785	399	460	1817	313	312	508	306	98	242	162	2731	255	406	848	1537	1573	72	892	341	219	328	264	259	260	497	324	1055	303	1253	446	492	1612	459	885	340	512	397	929	464	875	611	265	201	3198	5	373	231	888	490	981	685	208	131	110	349	415	278	384	302	487	760	179	884	737	217	491	342	330	345	445	412	312	735	407	265	276	394	906	338	422	98	1542	862	355	794	1111	737	413	129	290	527	527	903	564	356	653	903	2172	1069	314	505	903	148	4	216	309	496	333	131	538	274	833	822	409	857	1122	274	1055	358	649	318	570	477	2773	264	961	874	1628	821	722	457	863	737	92	337	1114	970	291	443	273	818	245	79	224	840	527	436	251	381	391	634	182	1023	1530	2725	330	1012	1621	189	564	241	290	312	564	182	343	333	350	442	170	737	331	14	447	240	1827	569	140	1625	299	1126	613	1545	396	182	284	350	1396	378	181	447	447	623	665	722	527
525	167	458	2076	859	2207	542	889	809	1031	714	1143	690	539	0	668	1062	725	690	155	664	582	1085	671	685	768	678	546	888	154	1615	285	564	283	768	2573	630	309	742	1205	595	859	871	869	595	927	1008	759	1276	1016	580	101	585	888	543	557	242	972	1513	843	845	773	608	525	720	679	2359	736	674	812	1835	1677	560	482	868	759	856	443	566	745	718	373	1141	842	721	871	988	1802	987	822	866	801	887	1378	709	421	1000	437	655	2673	543	861	770	1006	861	1456	223	496	431	433	875	836	748	870	238	287	237	556	498	425	757	356	672	857	874	115	920	842	869	716	580	740	888	888	867	800	525	1579	884	894	368	674	425	920	426	768	1057	1057	879	116	893	1176	879	2053	611	843	915	1354	415	543	756	846	984	513	431	1002	395	741	859	700	781	583	521	1141	845	705	847	642	897	2400	435	1305	338	1312	1186	894	984	790	425	464	876	1479	527	768	645	731	954	725	465	522	754	1057	487	734	575	154	681	704	600	1301	2248	209	473	1307	355	137	696	768	842	517	704	868	868	690	726	692	425	870	552	155	318	1928	493	599	2163	667	588	529	1339	895	704	759	690	866	648	360	155	155	603	494	894	1057
821	697	838	1426	191	2428	580	1124	168	362	912	499	1020	678	668	0	949	289	821	746	1007	1009	1093	1011	960	958	331	1012	907	664	954	910	845	908	958	2574	974	598	1127	1461	940	191	1120	255	940	1042	1056	953	1163	683	919	693	1014	907	681	278	457	803	1187	920	795	1169	961	582	914	822	2124	925	350	172	2215	1009	622	550	950	798	937	843	908	927	286	838	472	828	1237	1120	773	2278	1043	207	949	1180	702	1575	317	1077	1287	839	879	2843	676	684	809	347	505	1604	570	833	704	614	957	1091	949	685	635	885	862	840	513	378	793	314	1009	938	949	696	1041	915	239	396	919	949	710	239	942	1100	582	924	218	898	538	721	378	1043	692	958	922	922	233	569	919	1225	233	1497	729	920	1181	1548	566	681	793	816	754	937	704	719	815	166	191	374	181	1067	897	472	674	81	928	1159	1152	2166	837	1638	902	1013	1498	289	1043	186	378	602	877	1787	642	959	1077	588	1453	915	623	860	169	922	249	919	1002	664	71	832	642	871	2253	625	984	1006	658	548	918	958	915	1084	833	953	820	1020	1105	821	378	863	688	746	546	1262	1072	818	2037	971	1005	141	877	725	832	953	1020	1176	360	647	746	746	1168	215	289	922
623	923	720	2035	1003	1546	524	527	1079	1056	469	1294	643	528	1062	949	0	664	417	975	659	778	210	656	566	449	618	1607	221	918	1333	1329	596	1327	449	3491	661	1266	742	2233	661	1003	545	830	661	340	248	457	224	359	654	985	780	221	525	1162	882	149	2133	299	217	772	672	540	463	432	3073	454	599	1081	1501	1543	502	1345	298	317	299	743	660	443	666	822	1127	228	1780	545	197	1692	255	1130	299	749	246	748	632	1398	664	746	513	3687	523	264	309	972	471	730	1179	669	653	629	295	548	466	263	829	999	1287	602	1326	1166	318	917	652	298	288	973	348	295	860	552	654	478	238	1108	289	612	540	1582	1043	203	1264	1561	1166	352	654	449	36	36	1112	1069	225	337	1112	2308	1533	299	588	722	648	525	319	219	222	766	653	289	772	1113	1003	574	1118	1646	706	1127	276	882	302	955	562	3115	747	955	1400	1962	824	812	259	1121	1166	598	211	1042	1433	450	797	380	1081	458	597	663	1114	36	791	450	776	918	880	408	1472	1804	3166	855	1536	1955	717	1065	501	449	295	1011	409	301	194	643	727	414	1166	210	516	975	747	1773	1028	529	1124	607	1642	959	1799	223	408	457	643	1902	596	709	975	975	1042	1043	812	36
671	685	719	1537	351	2172	396	910	415	455	708	672	850	502	725	289	664	0	608	743	843	880	822	846	777	745	76	1181	649	657	946	1004	683	1002	745	2861	816	774	967	1704	787	351	911	215	787	798	795	743	875	398	766	709	885	649	504	540	483	516	1468	677	531	1010	808	406	708	613	2409	716	96	418	2008	1072	432	782	705	558	693	731	759	715	7	755	555	569	1395	911	484	2108	784	466	705	1012	418	1327	39	1145	1078	729	690	3114	498	402	568	387	217	1345	715	697	577	483	711	887	741	402	594	858	955	681	752	595	553	404	844	693	702	705	798	671	237	119	766	745	426	452	696	909	406	1042	393	637	737	978	595	802	567	745	636	636	454	661	662	957	454	1702	971	677	972	1300	446	504	554	554	464	817	577	430	718	450	351	103	454	1233	765	555	394	218	685	1054	942	2451	728	1429	1027	1300	1286	220	785	456	595	456	617	1565	876	746	941	326	1319	708	477	718	450	636	247	710	874	657	219	616	892	1141	2539	597	1136	1293	563	645	722	745	671	1014	617	709	553	850	944	608	595	602	507	743	479	1326	1010	638	1748	798	1190	342	1139	442	616	743	850	1399	124	549	743	743	1088	438	220	636
205	534	302	2137	948	1622	243	304	984	1063	102	1277	274	168	690	821	417	608	0	579	279	377	396	279	191	138	533	1234	207	537	1499	935	178	933	138	3220	268	943	393	1892	257	948	303	822	257	248	318	135	606	570	246	600	379	207	164	948	567	395	1978	153	225	433	272	246	101	15	2895	108	512	987	1402	1661	202	1060	178	109	166	325	249	107	604	406	1161	193	1390	303	443	1504	297	1028	176	425	369	765	569	988	471	329	109	3359	166	352	113	992	536	814	849	251	258	276	186	278	133	363	452	585	898	184	1052	904	111	657	276	167	183	587	244	152	845	497	246	137	363	1039	177	306	246	1647	989	220	961	1279	904	245	263	138	426	426	1038	725	210	489	1038	2303	1236	153	364	739	316	164	109	208	456	353	258	515	356	982	948	506	1002	1268	291	1161	342	783	156	563	334	2937	329	823	1017	1790	680	821	295	1008	904	260	207	966	1138	139	412	309	757	101	247	245	988	426	590	102	374	537	770	14	1192	1684	2893	481	1157	1783	335	727	123	138	152	599	14	179	236	274	372	3	904	207	154	579	406	1910	613	111	1476	225	1278	769	1695	357	14	135	274	1554	488	331	579	579	639	827	821	426
395	60	317	2170	934	2055	479	748	900	1101	587	1238	543	447	155	746	975	743	579	0	517	427	974	523	547	640	685	663	784	86	1669	356	433	354	640	2722	483	465	589	1338	450	934	729	914	450	804	892	630	1181	980	437	62	431	784	450	681	288	903	1662	731	759	619	461	460	594	566	2514	609	675	903	1679	1752	486	635	753	661	743	299	424	620	736	222	1212	749	811	729	927	1652	871	920	751	648	828	1233	720	433	851	293	528	2807	452	802	672	1066	844	1315	377	360	323	355	761	694	619	812	162	146	319	425	648	561	660	434	525	744	760	53	796	731	920	709	437	609	827	978	754	653	460	1669	964	793	521	830	561	795	321	640	975	975	970	257	788	1054	970	2178	766	731	769	1210	354	450	659	756	928	361	323	956	251	842	934	697	880	692	375	1212	786	767	734	490	754	2555	291	1151	441	1462	1033	936	868	889	561	391	778	1326	682	640	490	679	803	599	385	384	854	975	528	608	421	86	745	592	755	1440	2398	148	582	1457	259	275	566	640	731	372	592	753	781	543	574	582	561	774	459	0	276	2006	350	478	2054	524	714	615	1474	832	592	630	543	999	647	269	0	0	459	600	936	975
186	498	209	2380	1160	1543	447	242	1175	1293	193	1491	27	341	664	1007	659	843	279	517	0	130	562	6	94	211	767	1169	438	518	1764	844	162	843	211	3238	35	963	123	1852	73	1160	219	1058	73	363	474	202	806	850	92	563	131	438	339	1071	642	667	2102	360	497	166	56	439	199	266	2992	206	747	1178	1222	1913	411	1114	364	384	360	221	105	216	838	295	1397	457	1286	219	719	1273	454	1213	362	172	648	716	805	847	336	227	171	3318	345	632	385	1230	806	802	869	186	308	392	368	187	193	643	463	452	818	166	1118	992	388	772	9	362	373	549	354	364	1077	744	92	181	642	1240	371	136	439	1884	1200	457	1004	1324	992	350	320	211	677	677	1237	740	433	597	1237	2504	1268	360	253	694	441	339	386	476	734	163	308	794	269	1154	1160	748	1182	1191	143	1397	622	986	357	296	241	3033	229	659	944	1907	530	1063	450	1189	992	405	453	827	1176	210	138	578	483	203	383	156	1163	677	758	210	132	518	969	281	1242	1835	2913	492	1084	1901	375	750	163	211	364	370	279	361	502	27	101	282	992	459	335	517	488	2166	393	207	1606	55	1225	924	1856	636	281	202	27	1513	719	381	517	517	386	958	1063	677
213	421	171	2410	1175	1629	488	367	1178	1319	308	1504	156	387	582	1009	778	880	377	427	130	0	691	136	215	336	805	1061	556	447	1818	732	213	731	336	3148	118	889	161	1747	119	1175	344	1091	119	493	603	327	934	939	132	481	4	556	386	1039	604	772	2060	480	601	191	106	476	315	362	2933	325	787	1181	1263	1953	459	1051	488	485	483	169	132	336	875	211	1426	566	1167	344	820	1275	583	1211	486	220	741	822	844	723	433	173	269	3209	391	722	489	1261	874	916	797	183	308	402	492	313	316	733	412	339	711	212	1058	945	488	746	139	485	497	468	484	484	1108	793	132	304	736	1247	494	253	476	1910	1213	574	937	1253	945	481	320	336	793	793	1242	670	554	728	1242	2502	1192	480	367	801	447	386	486	583	832	75	308	888	207	1146	1175	793	1177	1080	115	1426	710	998	478	188	361	2974	175	723	837	1862	606	1100	579	1185	945	425	568	898	1105	335	69	650	444	319	404	163	1156	793	760	328	7	447	980	382	1175	1808	2824	437	974	1856	352	683	277	336	484	240	380	485	610	156	148	379	945	573	385	427	468	2207	262	279	1736	174	1121	911	1834	732	382	327	156	1410	757	362	427	427	264	933	1100	793
586	930	680	2241	1171	1356	586	372	1236	1241	400	1476	539	551	1085	1093	210	822	396	974	562	691	0	557	478	358	764	1630	204	933	1542	1330	551	1328	358	3589	574	1327	616	2284	586	1171	395	1007	586	199	88	368	249	564	586	996	692	204	547	1278	943	338	2280	243	298	638	590	597	392	407	3214	379	744	1239	1291	1749	553	1429	221	336	231	702	595	367	822	788	1319	273	1785	395	397	1488	108	1286	223	609	415	540	786	1373	481	707	456	3749	547	424	324	1159	652	531	1235	629	655	661	214	408	379	427	847	967	1294	559	1416	1260	339	1008	553	230	214	983	208	243	1036	704	586	391	405	1274	219	478	597	1782	1212	205	1337	1648	1260	212	659	358	245	245	1277	1115	195	136	1277	2498	1612	242	423	514	693	547	340	280	422	700	655	493	741	1260	1171	724	1270	1664	647	1319	430	1034	240	849	402	3256	708	750	1413	2102	622	993	112	1274	1260	637	226	832	1512	359	693	505	924	387	629	614	1262	245	904	378	691	933	1029	382	1559	1961	3262	876	1553	2095	730	1115	428	358	243	931	382	221	273	539	605	393	1260	238	537	974	790	1981	953	497	1080	517	1674	1081	1962	390	382	368	539	1947	733	725	974	974	946	1156	993	245
191	504	215	2383	1164	1537	450	235	1179	1296	191	1495	20	344	671	1011	656	846	279	523	6	136	557	0	92	207	769	1175	435	524	1765	850	166	849	207	3245	42	970	121	1859	78	1164	213	1061	78	358	469	199	802	850	98	570	136	435	342	1076	648	665	2108	356	495	163	63	442	197	266	2998	203	749	1183	1217	1915	414	1121	360	383	357	228	111	214	841	301	1400	456	1293	213	718	1269	449	1217	358	168	648	709	808	853	329	234	171	3324	347	631	384	1232	807	796	876	192	313	397	364	180	190	642	469	459	825	170	1124	998	387	778	3	359	370	556	349	361	1080	746	98	177	641	1244	368	130	442	1887	1203	454	1010	1331	998	345	325	207	674	674	1241	746	430	591	1241	2508	1274	357	246	687	446	342	385	474	732	169	313	793	276	1159	1164	751	1186	1198	150	1400	621	989	353	299	234	3039	236	654	951	1912	524	1065	445	1193	998	409	451	821	1183	206	141	579	481	201	387	162	1167	674	763	207	138	524	973	280	1249	1841	2920	498	1090	1906	380	756	161	207	361	375	279	357	500	20	98	281	998	457	338	523	494	2168	398	209	1600	54	1232	928	1861	635	280	199	20	1520	722	387	523	523	390	963	1065	674
166	518	230	2313	1104	1539	386	203	1127	1231	99	1435	84	283	685	960	566	777	191	547	94	215	478	92	0	121	701	1208	344	533	1686	889	129	888	121	3255	96	973	202	1885	109	1104	187	992	109	283	390	112	719	760	114	586	216	344	280	1047	628	573	2081	267	403	242	112	380	105	179	2982	112	680	1130	1256	1841	347	1114	273	292	269	249	126	123	772	333	1332	364	1338	187	626	1331	370	1167	271	237	557	695	738	908	339	255	88	3354	285	542	293	1164	725	770	878	189	286	355	277	152	101	552	466	505	859	137	1114	979	296	748	88	270	282	571	274	271	1013	673	114	89	551	1189	280	140	380	1819	1145	363	1006	1328	979	271	297	121	583	583	1186	749	341	527	1186	2455	1276	267	239	671	404	280	294	382	641	223	286	703	295	1113	1104	679	1138	1234	179	1332	532	932	264	389	216	3023	256	683	984	1888	546	995	366	1144	979	360	359	842	1182	120	232	496	566	109	339	163	1121	583	715	116	214	533	917	190	1244	1804	2929	496	1125	1882	362	756	70	121	271	454	189	270	408	84	181	192	979	365	274	547	468	2093	474	142	1537	40	1261	887	1821	544	190	112	84	1546	654	365	547	547	476	930	995	583
244	604	329	2270	1086	1495	378	166	1121	1200	55	1415	193	290	768	958	449	745	138	640	211	336	358	207	121	0	671	1303	229	614	1623	990	206	988	0	3324	217	1041	297	1973	227	1086	165	959	227	167	270	9	598	672	227	672	337	229	287	1076	677	471	2108	150	306	332	232	378	50	135	3021	35	649	1124	1264	1792	336	1170	152	208	150	351	237	31	742	437	1297	262	1442	165	527	1371	250	1165	151	315	470	640	706	1020	333	356	112	3442	290	457	204	1128	661	699	946	281	343	388	157	143	21	468	537	614	958	214	1166	1023	212	780	203	151	162	658	159	155	982	633	227	33	462	1177	160	183	378	1783	1128	249	1067	1388	1023	157	352	0	468	468	1176	819	224	417	1176	2442	1340	150	227	614	434	287	211	281	544	341	343	610	394	1117	1086	643	1139	1332	290	1297	451	921	146	506	196	3062	358	685	1081	1918	542	957	246	1144	1023	381	248	829	1244	1	348	438	653	46	364	262	1124	468	723	39	335	614	908	128	1302	1818	2997	567	1222	1912	424	824	73	0	155	575	127	150	306	193	280	138	1023	257	278	640	514	2040	595	173	1425	161	1352	902	1831	453	128	9	193	1634	626	423	640	640	597	955	957	468
595	625	645	1613	419	2109	320	836	473	530	633	744	774	426	678	331	618	76	533	685	767	805	764	769	701	671	0	1155	585	599	1018	961	607	959	671	2888	740	755	890	1701	711	419	837	291	711	730	732	669	835	389	690	654	810	585	427	558	437	473	1517	608	469	933	732	330	633	539	2455	641	22	475	1934	1148	356	781	637	488	625	657	683	641	71	684	631	505	1365	837	448	2032	720	522	636	935	372	1261	39	1096	1005	655	614	3123	422	353	498	463	208	1283	689	621	503	409	643	812	667	355	531	794	912	605	754	594	483	380	767	625	635	649	730	603	312	67	690	670	379	516	628	834	330	1118	461	574	726	985	594	733	493	671	592	592	517	623	598	898	517	1773	972	608	898	1234	374	427	483	491	431	742	503	408	645	497	419	43	505	1205	689	631	343	269	616	980	868	2497	654	1355	991	1344	1213	296	721	509	594	381	554	1493	874	672	866	261	1243	634	402	643	498	592	222	636	799	599	265	542	898	1196	2564	537	1105	1337	492	609	646	671	603	943	543	640	492	774	868	533	594	539	431	685	414	1402	940	561	1718	722	1169	354	1198	394	542	669	774	1389	48	479	685	685	1016	446	296	592
1058	701	978	2246	1179	2679	1083	1406	1088	1345	1250	1368	1196	1086	546	1012	1607	1181	1234	663	1169	1061	1630	1175	1208	1303	1155	0	1434	697	1939	329	1096	330	1303	2116	1137	414	1219	687	1107	1179	1386	1260	1107	1466	1551	1293	1822	1527	1096	634	1063	1434	1089	768	741	1510	1359	1387	1390	1240	1115	1067	1257	1223	2058	1272	1157	1090	2232	1933	1104	502	1411	1305	1400	959	1083	1282	1173	876	1442	1388	227	1386	1520	2123	1530	1074	1409	1274	1420	1882	1177	419	1494	953	1191	2149	1090	1394	1316	1351	1357	1971	466	1022	975	979	1419	1352	1282	1402	784	721	350	1088	545	637	1303	776	1177	1401	1418	647	1459	1387	1249	1207	1096	1272	1422	1160	1411	1305	1067	1788	1188	1441	475	504	637	1458	971	1303	1600	1600	1147	545	1439	1716	1147	2070	429	1388	1422	1861	958	1089	1302	1392	1514	1006	975	1523	912	995	1179	1186	1036	57	1032	1442	1378	1078	1391	1048	1409	2096	951	1758	224	1171	1657	1293	1527	1044	637	1009	1423	1936	442	1303	1111	1262	1324	1262	1011	1046	1008	1600	935	1271	1055	697	1057	1248	503	1274	1799	756	88	1168	900	555	1229	1303	1387	901	1248	1411	1414	1196	1208	1237	637	1417	1099	663	859	2166	869	1138	2709	1183	76	880	1333	1430	1248	1293	1196	356	1137	906	663	663	967	796	1293	1600
411	737	508	2126	1001	1523	382	333	1058	1088	248	1317	422	349	888	907	221	649	207	784	438	556	204	435	344	229	585	1434	0	737	1451	1140	381	1139	229	3385	439	1123	525	2082	440	1001	347	849	440	163	149	236	398	474	434	802	558	0	345	1079	739	254	2090	78	122	558	450	393	241	221	3020	232	563	1060	1387	1639	348	1224	86	132	82	531	440	221	648	613	1175	80	1595	347	314	1540	135	1106	86	537	283	678	612	1196	490	535	293	3546	345	280	120	1010	509	697	1031	456	461	459	86	342	245	287	650	792	1102	388	1212	1057	135	805	431	81	77	789	167	74	876	530	434	257	273	1101	75	401	393	1651	1043	20	1132	1444	1057	172	464	229	239	239	1103	912	13	323	1103	2346	1407	78	398	651	489	345	135	96	335	547	461	406	564	1073	1001	547	1087	1469	488	1175	280	854	83	734	369	3062	535	818	1220	1909	677	839	135	1091	1057	434	33	933	1307	230	576	323	873	237	427	447	1077	239	706	229	555	737	846	195	1355	1778	3058	678	1359	1902	533	912	279	229	74	791	196	90	105	422	509	204	1057	48	335	784	587	1880	808	317	1275	385	1475	885	1782	261	195	236	422	1746	549	527	784	784	820	957	839	239
371	34	309	2090	851	2062	408	737	821	1017	559	1158	543	391	154	664	918	657	537	86	518	447	933	524	533	614	599	697	737	0	1583	411	410	409	614	2722	483	445	605	1359	447	851	720	828	447	772	854	604	1129	903	431	66	452	737	395	617	206	837	1618	690	701	639	461	390	566	526	2485	581	590	824	1710	1668	420	603	714	610	703	296	417	591	649	236	1128	695	862	720	858	1700	834	843	712	664	757	1227	634	509	854	290	501	2828	396	731	621	980	762	1303	352	344	278	290	722	684	594	741	89	221	369	402	611	507	608	355	525	704	720	56	766	690	834	625	431	585	758	898	714	652	390	1588	882	744	490	808	507	765	273	614	915	915	890	223	742	1022	890	2110	750	690	765	1204	281	395	607	700	857	375	278	882	249	767	851	612	804	732	374	1128	716	683	693	539	747	2526	288	1168	483	1419	1045	849	831	813	507	324	727	1341	660	614	514	606	851	570	322	371	778	915	442	579	441	0	660	551	728	1383	2397	67	621	1413	203	236	542	614	690	435	551	715	724	543	587	540	507	722	404	86	195	1922	417	444	2012	516	742	536	1414	763	551	604	543	1020	561	210	86	86	521	528	849	915
1606	1614	1662	728	768	2843	1330	1772	851	596	1600	612	1766	1432	1615	954	1333	946	1499	1669	1764	1818	1542	1765	1686	1623	1018	1939	1451	1583	0	1864	1612	1862	1623	3016	1741	1537	1885	2250	1716	768	1780	755	1716	1614	1561	1624	1443	982	1697	1625	1823	1451	1433	1170	1385	1212	1457	1509	1335	1927	1736	1342	1598	1508	2307	1602	1035	849	2830	262	1359	1442	1531	1415	1522	1675	1691	1597	952	1701	497	1382	2166	1780	1151	2989	1560	865	1531	1923	1168	2081	978	2029	1938	1673	1598	3448	1428	1174	1420	609	962	2054	1521	1636	1521	1428	1534	1765	1626	1165	1531	1795	1816	1611	1400	1306	1410	1259	1763	1522	1524	1624	1618	1504	749	1025	1697	1633	1177	778	1520	1804	1342	427	753	1432	1466	1540	1306	1623	1511	1623	1297	1297	791	1522	1463	1669	791	1170	1580	1510	1838	2056	1392	1433	1412	1362	1126	1759	1521	1054	1664	944	768	1025	902	1996	1703	497	1178	910	1517	1997	1808	2345	1672	2268	1852	1396	2129	735	1563	894	1306	1399	1418	2371	1519	1624	1875	1189	2247	1597	1419	1655	930	1297	1140	1596	1812	1583	933	1503	1487	1128	2729	1530	1924	1390	1509	1501	1621	1623	1504	1960	1504	1535	1346	1766	1863	1497	1306	1404	1435	1669	1420	445	1956	1557	2051	1714	1918	1095	1072	1190	1503	1624	1766	2029	1065	1495	1669	1669	2034	1160	735	1297
747	405	661	2272	1098	2349	819	1084	1030	1270	939	1351	871	800	285	910	1329	1004	935	356	844	732	1330	850	889	990	961	329	1140	411	1864	0	784	1	990	2440	814	376	890	1017	785	1098	1063	1132	785	1156	1247	980	1536	1301	776	344	735	1140	804	735	524	1248	1554	1087	1112	911	792	801	946	923	2329	961	958	1032	1912	1903	832	550	1109	1017	1098	640	763	972	996	556	1377	1103	454	1063	1267	1823	1226	1032	1107	945	1167	1555	990	180	1166	635	880	2477	805	1140	1027	1256	1147	1646	353	708	679	701	1116	1029	969	1150	501	393	49	776	584	589	1015	615	853	1100	1116	356	1148	1087	1129	1001	776	959	1167	1109	1110	980	801	1787	1117	1149	459	670	589	1147	677	990	1326	1326	1097	347	1145	1407	1097	2183	592	1087	1096	1534	691	804	1014	1110	1265	681	679	1286	596	949	1098	984	991	347	711	1377	1124	959	1089	720	1085	2368	633	1429	112	1356	1327	1160	1223	1000	589	735	1133	1607	545	990	782	1012	1005	951	733	729	962	1326	760	961	728	411	935	949	624	1400	2120	477	242	1352	611	367	916	990	1087	574	948	1109	1134	871	880	938	589	1129	813	356	598	2150	543	833	2410	862	394	769	1449	1173	949	980	871	684	932	619	356	356	644	709	1160	1326
39	399	128	2220	997	1668	287	330	1013	1132	154	1329	175	181	564	845	596	683	178	433	162	213	551	166	129	206	607	1096	381	410	1612	784	0	783	206	3129	132	846	285	1768	104	997	316	897	104	371	466	196	777	727	84	467	217	381	180	920	499	570	1954	314	401	328	124	277	161	163	2853	176	587	1016	1378	1755	253	985	331	285	322	151	81	187	678	236	1236	372	1238	316	614	1435	445	1052	329	335	531	822	646	822	467	156	95	3237	185	511	291	1069	662	893	751	77	157	232	337	281	185	522	339	415	752	8	984	850	287	621	164	324	339	453	363	315	916	588	84	176	526	1078	334	265	277	1723	1037	395	878	1200	850	362	168	206	605	605	1074	622	381	622	1074	2342	1148	314	368	798	281	180	285	386	625	176	157	678	190	994	997	591	1021	1126	113	1236	499	823	314	401	345	2894	157	808	875	1760	672	903	441	1028	850	243	384	970	1054	206	263	437	636	166	221	67	1002	605	597	176	208	410	807	187	1115	1680	2803	369	1015	1754	233	629	132	206	315	422	186	330	414	175	263	181	850	386	177	433	339	2008	435	69	1627	128	1147	765	1699	523	187	196	175	1429	559	236	433	433	467	805	903	605
745	403	660	2271	1096	2348	817	1083	1028	1268	937	1349	870	799	283	908	1327	1002	933	354	843	731	1328	849	888	988	959	330	1139	409	1862	1	783	0	988	2441	813	375	889	1018	784	1096	1061	1130	784	1154	1246	979	1535	1299	774	342	734	1139	802	733	522	1247	1553	1085	1110	910	791	799	945	921	2329	960	956	1031	1912	1901	830	549	1107	1015	1097	639	762	971	994	554	1375	1101	456	1061	1265	1823	1225	1030	1105	944	1165	1554	988	182	1164	633	878	2478	803	1138	1025	1254	1145	1645	351	707	677	700	1114	1027	967	1148	499	392	47	774	582	587	1014	613	851	1098	1114	354	1147	1086	1127	999	774	957	1165	1107	1108	978	799	1785	1115	1148	458	669	587	1146	675	988	1325	1325	1096	345	1143	1405	1096	2182	591	1086	1095	1533	689	802	1013	1108	1263	680	677	1284	595	947	1096	982	989	348	709	1375	1123	957	1088	720	1084	2368	632	1428	112	1355	1327	1158	1222	998	587	733	1132	1606	544	989	781	1011	1004	950	731	728	961	1325	758	959	726	409	934	947	623	1399	2121	475	243	1351	609	365	915	988	1086	574	946	1107	1132	870	879	937	587	1127	811	354	596	2148	542	831	2408	860	395	767	1448	1171	947	979	870	685	930	618	354	354	644	708	1158	1325
244	604	329	2270	1086	1495	378	166	1121	1200	55	1415	193	290	768	958	449	745	138	640	211	336	358	207	121	0	671	1303	229	614	1623	990	206	988	0	3324	217	1041	297	1973	227	1086	165	959	227	167	270	9	598	672	227	672	337	229	287	1076	677	471	2108	150	306	332	232	378	50	135	3021	35	649	1124	1264	1792	336	1170	152	208	150	351	237	31	742	437	1297	262	1442	165	527	1371	250	1165	151	315	470	640	706	1020	333	356	112	3442	290	457	204	1128	661	699	946	281	343	388	157	143	21	468	537	614	958	214	1166	1023	212	780	203	151	162	658	159	155	982	633	227	33	462	1177	160	183	378	1783	1128	249	1067	1388	1023	157	352	0	468	468	1176	819	224	417	1176	2442	1340	150	227	614	434	287	211	281	544	341	343	610	394	1117	1086	643	1139	1332	290	1297	451	921	146	506	196	3062	358	685	1081	1918	542	957	246	1144	1023	381	248	829	1244	1	348	438	653	46	364	262	1124	468	723	39	335	614	908	128	1302	1818	2997	567	1222	1912	424	824	73	0	155	575	127	150	306	193	280	138	1023	257	278	640	514	2040	595	173	1425	161	1352	902	1831	453	128	9	193	1634	626	423	640	640	597	955	957	468
3090	2740	3031	2741	2603	4778	3003	3459	2495	2664	3268	2482	3264	3052	2573	2574	3491	2861	3220	2722	3238	3148	3589	3245	3255	3324	2888	2116	3385	2722	3016	2440	3129	2441	3324	0	3203	2283	3310	1451	3169	2603	3442	2780	3169	3468	3527	3315	3715	3258	3154	2674	3151	3385	3056	2331	2653	3356	1558	3364	3300	3336	3182	2992	3274	3213	925	3289	2903	2493	4349	2822	3038	2161	3393	3254	3380	3017	3140	3298	2857	2945	2681	3317	2104	3442	3336	4222	3508	2444	3391	3368	3253	3950	2883	2528	3573	3011	3213	701	3054	3231	3267	2734	3079	4022	2378	3066	2980	2944	3401	3407	3306	3234	2790	2816	2449	3120	2172	2329	3250	2581	3246	3381	3396	2688	3463	3362	2752	2955	3154	3299	3259	2506	3389	3373	2992	2616	2575	3384	2258	1941	2329	3464	2972	3324	3470	3470	2496	2506	3394	3703	2496	2165	1984	3364	3488	3926	2904	3056	3250	3313	3319	3084	2980	3292	2969	2427	2603	2931	2438	2116	3094	2681	3218	2652	3370	3160	3470	914	3009	3864	2329	1642	3754	2813	3507	2439	2329	2961	3363	4042	2082	3325	3206	3111	3441	3278	2973	3094	2431	3470	2700	3286	3142	2722	2646	3234	2030	1896	326	2760	2204	1649	2900	2500	3256	3324	3362	3015	3234	3394	3326	3264	3296	3222	2329	3352	3066	2722	2813	2901	2983	3151	4606	3239	2046	2535	1947	3273	3234	3315	3264	1761	2901	2900	2722	2722	3084	2448	2813	3470
