NAME : VRPTW_INSTANCE_252.txt
COMMENT : Bangkok Supermarket
TYPE : VRPTW
DIMENSION : 295
DAYS : Saturday
EDGE_WEIGHT_TYPE : EXPLICIT
VEHICLES : 33
EDGE_WEIGHT_FORMAT : FULL_MATRIX
CAPACITY : 1000
EDGE_WEIGHT_SECTION
0	91	639	193	160	133	91	93	214	88	720	103	402	875	104	216	1142	408	400	97	1134	990	990	404	829	1564	1827	1380	3355	248	1001	1531	1202	394	524	363	38	369	216	240	714	123	256	410	728	155	206	322	89	1416	439	371	1812	972	160	308	650	1101	2346	777	206	978	267	747	660	891	507	353	1140	436	595	721	1906	322	946	505	1940	1300	2058	438	222	436	525	1902	1303	1041	1818	993	1413	481	398	1166	650	777	829	128	349	839	359	1332	464	394	438	521	152	430	156	754	261	176	997	376	776	769	1527	153	206	206	121	373	216	1751	235	406	495	309	731	682	543	946	258	183	580	153	283	534	755	924	1930	826	1119	532	368	185	424	2284	170	1092	97	464	371	1607	682	1531	366	2086	412	2298	186	300	2083	407	409	115	436	1140	284	267	1201	115	810	221	671	124	130	546	46	1704	490	85	993	436	246	192	425	373	124	395	404	591	245	2200	496	220	577	103	885	288	355	1606	1549	1682	1381	539	1497	639	77	420	174	369	438	1964	288	248	695	696	608	283	394	438	1560	408	113	1665	135	212	1758	451	367	1350	587	39	177	246	885	991	775	644	359	650	964	199	1430	1065	501	133	455	1207	994	1028	1080	91	1593	969	394	189	120	598	165	985	378	3449	747	642	720	1004	2206	1009	829	584	212	268	123	371	1820	2431	1819	330	585	563	759	2437	869	1611	407	213	746	1955	103	213	1321	256	1144	409	991
91	0	578	191	218	139	0	71	164	174	759	181	384	797	58	166	1205	353	347	180	1155	921	1034	429	738	1570	1842	1392	3324	162	924	1545	1239	352	492	327	96	399	166	226	681	198	346	392	753	64	150	261	66	1491	366	385	1821	908	218	239	562	1122	2262	783	150	902	206	783	595	806	528	306	1162	366	510	630	1938	261	878	419	1969	1280	2135	369	313	366	539	1827	1290	973	1751	1045	1426	449	382	1192	594	862	765	211	423	763	381	1316	435	352	369	455	227	514	65	681	352	86	985	450	818	710	1542	102	150	198	204	335	166	1665	281	476	409	312	708	600	615	923	247	258	670	102	272	447	682	941	1843	856	1104	464	393	114	367	2367	214	1060	180	435	385	1530	719	1548	391	2074	353	2230	258	302	2057	352	339	196	366	1222	276	331	1239	180	768	152	742	127	206	460	131	1623	417	163	924	346	337	101	354	339	107	430	349	585	243	2117	405	210	489	183	827	220	431	1516	1479	1627	1306	454	1413	563	153	429	85	332	366	1995	220	162	656	661	684	204	380	368	1482	431	194	1588	113	160	1772	394	311	1368	531	97	87	337	827	922	684	678	381	594	944	148	1362	1113	537	139	369	1228	1049	1032	1011	0	1555	972	378	172	196	594	76	908	394	3422	783	677	763	958	2191	1055	798	498	270	254	198	385	1739	2513	1834	332	498	478	801	2518	859	1547	416	303	708	1957	182	204	1235	346	1069	356	972
639	578	0	484	794	528	578	645	675	725	1332	651	897	304	626	676	1286	771	777	736	1702	358	996	527	590	1228	2367	1104	2789	438	410	1253	1127	812	950	809	665	970	676	771	254	649	858	901	1310	531	433	698	642	2050	696	475	2330	332	794	655	640	922	1772	568	433	376	670	759	886	401	536	767	1707	710	269	484	2495	698	311	301	2522	823	2688	714	831	710	497	1277	867	405	1179	1623	1951	914	896	1745	939	1389	190	764	988	255	509	873	270	812	714	124	661	1056	533	168	863	510	603	1015	1392	134	2071	487	433	755	759	810	676	1202	586	1045	302	444	338	750	1183	486	430	822	1171	487	418	602	162	1483	1390	770	685	776	961	463	774	2894	792	1453	736	270	475	990	720	2081	960	1618	752	1660	826	443	1548	770	695	754	710	1762	425	662	1807	751	1148	426	1310	701	769	620	647	1112	720	647	361	382	850	513	703	823	519	1004	765	398	798	1621	497	763	319	658	249	653	994	1118	916	1052	761	619	929	780	639	457	510	814	705	2551	653	438	1061	1084	1245	382	899	711	954	521	752	1051	507	671	1461	790	742	1904	69	666	509	850	249	359	595	1247	509	939	526	440	792	1689	1110	528	317	1773	1089	738	448	578	1012	683	893	467	653	1110	514	392	955	2900	759	1246	791	409	1721	1631	348	278	624	419	649	475	1220	3046	2357	433	305	273	807	3052	1341	971	456	821	1113	1580	658	757	792	858	530	779	1422
193	191	484	0	351	59	191	253	355	261	911	169	575	753	247	357	1049	538	534	274	1327	842	853	242	805	1380	2019	1201	3163	224	875	1353	1053	542	684	518	230	562	356	414	525	165	374	583	921	206	119	445	248	1569	534	194	2002	813	351	416	679	931	2236	593	119	846	391	599	767	795	338	496	1333	537	512	686	2098	445	795	436	2133	1107	2204	540	348	537	347	1761	1111	889	1660	1179	1604	640	572	1359	776	905	673	297	518	711	194	1140	275	542	540	378	177	574	208	622	379	206	805	545	967	605	1719	110	119	383	294	526	357	1651	136	579	427	121	538	740	712	753	65	360	688	110	90	574	620	1116	1834	668	926	634	561	149	551	2410	363	1251	274	275	194	1471	535	1723	558	1894	535	2142	366	111	1890	537	511	292	537	1278	91	212	1392	305	957	156	837	304	311	590	180	1583	582	168	845	400	366	229	525	531	84	588	533	399	426	2088	503	396	511	176	720	399	523	1528	1400	1506	1243	584	1386	717	161	238	205	524	536	2157	399	224	845	852	769	215	569	539	1431	243	290	1531	79	351	1580	577	497	1542	423	230	207	366	720	843	764	837	194	776	771	105	1274	1253	694	59	391	1400	881	843	932	191	1405	783	567	34	169	781	198	858	568	3256	599	835	585	822	2013	1198	638	504	157	76	165	194	1695	2562	2011	141	514	483	621	2568	1048	1450	225	338	898	1769	175	390	1225	374	1009	542	1164
160	218	794	351	0	292	218	160	226	100	560	212	311	1014	183	226	1206	386	373	86	981	1139	1092	540	914	1704	1678	1515	3514	377	1141	1664	1310	348	448	311	129	219	226	178	874	231	207	321	576	276	361	323	161	1274	453	516	1666	1126	0	331	703	1229	2471	921	361	1120	281	862	642	1017	642	322	988	445	722	816	1748	323	1097	629	1783	1456	1919	445	179	445	667	2045	1456	1191	1969	833	1265	408	306	1010	612	662	982	83	209	981	499	1487	624	348	445	673	250	316	275	900	212	299	1151	235	617	925	1377	308	361	148	79	323	226	1872	361	258	620	462	889	710	397	1104	417	62	493	308	441	588	901	776	2047	947	1274	529	223	332	403	2158	36	1000	86	624	516	1748	797	1380	220	2238	399	2449	55	454	2241	385	421	73	445	1012	441	364	1041	45	739	369	524	119	54	596	173	1837	501	201	1143	547	200	307	434	316	284	241	384	743	160	2328	577	159	696	207	1042	311	218	1714	1698	1840	1524	589	1625	652	201	566	298	315	448	1806	311	377	624	616	468	423	299	446	1699	544	74	1805	295	226	1892	428	352	1199	744	128	300	200	1042	1140	853	487	499	612	1120	355	1581	905	344	292	580	1054	1076	1172	1229	218	1754	1114	302	349	225	476	291	1126	241	3606	862	485	825	1164	2359	849	988	710	326	427	231	516	1955	2301	1670	483	706	690	866	2307	749	1765	554	174	670	2097	207	156	1443	207	1288	383	880
133	139	528	59	292	0	139	197	304	204	853	125	519	785	193	305	1077	491	487	217	1267	884	895	289	805	1437	1960	1257	3222	211	909	1409	1099	491	631	466	170	502	305	357	583	127	332	527	862	167	120	399	191	1522	496	247	1943	859	292	373	662	984	2267	650	120	882	344	644	728	819	389	446	1274	498	529	689	2039	399	838	447	2074	1166	2160	501	303	498	402	1801	1170	933	1707	1122	1545	587	515	1299	732	865	718	242	465	746	242	1199	332	491	501	416	147	528	170	658	337	173	864	492	909	652	1659	85	120	326	239	474	305	1677	151	525	437	179	597	715	660	813	125	304	653	85	149	552	657	1057	1860	716	986	596	501	132	506	2372	303	1199	217	332	247	1510	579	1664	499	1953	490	2188	310	169	1950	491	471	236	498	1236	150	216	1333	246	908	152	786	245	254	567	124	1617	546	119	887	399	324	197	486	478	38	529	487	459	368	2119	490	339	522	132	768	356	470	1547	1443	1558	1282	561	1416	686	111	294	172	471	497	2098	356	211	796	801	719	218	513	500	1467	292	234	1569	42	300	1636	532	450	1483	470	171	175	324	768	885	759	777	242	732	830	107	1320	1195	635	0	400	1340	915	900	974	139	1462	841	511	61	130	723	164	893	509	3315	644	776	626	877	2073	1140	696	520	154	134	127	247	1730	2523	1951	199	527	499	663	2529	991	1497	280	293	848	1827	131	332	1250	332	1047	495	1108
91	0	578	191	218	139	0	71	164	174	759	181	384	797	58	166	1205	353	347	180	1155	921	1034	429	738	1570	1842	1392	3324	162	924	1545	1239	352	492	327	96	399	166	226	681	198	346	392	753	64	150	261	66	1491	366	385	1821	908	218	239	562	1122	2262	783	150	902	206	783	595	806	528	306	1162	366	510	630	1938	261	878	419	1969	1280	2135	369	313	366	539	1827	1290	973	1751	1045	1426	449	382	1192	594	862	765	211	423	763	381	1316	435	352	369	455	227	514	65	681	352	86	985	450	818	710	1542	102	150	198	204	335	166	1665	281	476	409	312	708	600	615	923	247	258	670	102	272	447	682	941	1843	856	1104	464	393	114	367	2367	214	1060	180	435	385	1530	719	1548	391	2074	353	2230	258	302	2057	352	339	196	366	1222	276	331	1239	180	768	152	742	127	206	460	131	1623	417	163	924	346	337	101	354	339	107	430	349	585	243	2117	405	210	489	183	827	220	431	1516	1479	1627	1306	454	1413	563	153	429	85	332	366	1995	220	162	656	661	684	204	380	368	1482	431	194	1588	113	160	1772	394	311	1368	531	97	87	337	827	922	684	678	381	594	944	148	1362	1113	537	139	369	1228	1049	1032	1011	0	1555	972	378	172	196	594	76	908	394	3422	783	677	763	958	2191	1055	798	498	270	254	198	385	1739	2513	1834	332	498	478	801	2518	859	1547	416	303	708	1957	182	204	1235	346	1069	356	972
93	71	645	253	160	197	71	0	121	147	689	197	322	855	22	122	1236	314	306	147	1085	985	1079	484	765	1634	1772	1454	3395	218	982	1606	1288	302	437	274	68	328	122	160	752	217	321	330	682	117	220	228	5	1434	347	444	1752	975	160	217	570	1180	2311	846	220	962	174	833	567	857	585	260	1091	344	561	662	1867	228	943	469	1898	1350	2079	346	287	344	599	1886	1359	1037	1815	977	1356	394	318	1121	557	818	831	176	369	823	437	1386	506	302	346	522	246	470	116	743	326	140	1053	395	748	779	1472	173	220	130	168	283	122	1713	323	419	459	375	778	595	557	993	313	209	637	173	339	454	745	871	1888	909	1173	440	322	183	331	2318	149	1006	147	506	444	1589	768	1478	320	2143	319	2294	207	365	2128	314	318	158	344	1172	342	360	1168	129	720	220	684	56	162	465	139	1677	399	178	988	388	312	146	333	285	170	360	311	651	173	2168	428	143	536	196	895	196	378	1557	1541	1696	1366	458	1465	549	170	491	139	279	346	1924	196	218	606	608	628	267	316	346	1539	487	156	1646	178	118	1833	357	274	1297	600	69	141	312	895	986	707	607	437	557	1014	219	1427	1043	467	197	419	1158	1086	1096	1074	71	1626	1037	314	238	213	527	133	967	323	3493	833	606	809	1029	2260	986	869	549	304	321	217	444	1794	2462	1764	395	546	529	848	2467	795	1613	477	279	657	2023	196	136	1283	321	1129	316	912
214	164	675	355	226	304	164	121	0	255	664	318	231	846	114	1	1357	193	186	251	1028	994	1196	594	694	1729	1704	1554	3452	238	973	1707	1403	187	329	163	186	308	1	99	816	338	421	238	635	163	289	108	125	1464	233	549	1677	995	226	105	477	1286	2273	944	289	957	56	947	446	828	693	142	1034	228	541	602	1819	108	956	449	1847	1424	2111	229	388	228	702	1876	1439	1048	1821	967	1287	285	230	1070	436	882	852	275	424	820	546	1462	580	187	229	551	367	540	161	747	426	178	1135	447	726	810	1406	255	289	97	266	171	1	1672	441	462	441	475	852	487	594	1065	407	287	719	255	432	362	751	810	1842	1020	1251	321	295	243	209	2365	197	895	251	580	549	1576	882	1414	295	2221	198	2296	281	465	2193	193	202	256	228	1220	437	481	1134	217	604	273	716	114	252	370	260	1651	284	300	997	356	412	167	216	176	271	346	190	742	130	2133	359	98	506	317	924	85	433	1502	1542	1725	1358	362	1434	435	292	593	178	169	230	1876	85	238	491	497	671	296	230	230	1521	596	255	1631	276	4	1934	236	153	1235	640	186	178	412	924	994	630	576	546	436	1089	293	1434	1025	446	304	404	1101	1207	1191	1081	164	1677	1131	226	333	335	446	179	959	283	3555	947	575	926	1075	2336	966	935	528	424	413	338	549	1771	2504	1695	494	519	511	964	2510	703	1625	580	381	543	2115	317	95	1245	421	1124	195	812
88	174	725	261	100	204	174	147	255	0	655	112	396	963	166	256	1123	439	428	14	1080	1077	996	439	908	1603	1777	1414	3421	335	1090	1563	1213	413	529	379	81	320	255	244	786	130	175	405	675	239	293	362	144	1328	488	417	1767	1057	100	358	718	1129	2434	821	293	1066	311	763	697	979	542	378	1087	483	683	802	1843	362	1032	593	1879	1360	1970	484	141	483	566	1990	1359	1127	1904	918	1366	487	391	1108	676	689	915	39	263	927	399	1391	536	413	484	607	150	342	239	843	180	261	1053	290	709	852	1477	240	293	210	34	389	256	1839	261	321	583	366	796	740	458	1011	326	99	496	240	349	601	843	876	2017	847	1178	575	324	274	457	2195	126	1089	14	536	417	1695	698	1480	320	2140	449	2385	105	358	2147	439	457	31	483	1052	349	267	1134	60	820	310	585	142	51	612	80	1792	539	101	1080	520	166	275	472	386	205	340	437	646	237	2289	573	224	664	106	969	337	269	1691	1637	1762	1469	605	1585	690	103	467	260	383	485	1901	337	335	704	699	521	371	386	485	1649	444	29	1753	217	253	1791	483	401	1299	670	81	262	166	969	1078	852	584	399	676	1026	285	1516	992	442	204	543	1153	986	1072	1167	174	1665	1014	387	265	124	574	251	1074	340	3512	763	583	729	1081	2261	937	898	672	225	337	130	417	1908	2342	1770	387	672	651	769	2348	847	1696	455	132	752	1996	106	218	1409	175	1232	439	975
720	759	1332	911	560	853	759	689	664	655	0	763	484	1509	707	664	1592	659	644	641	447	1658	1564	1084	1283	2239	1143	2042	4075	894	1634	2186	1788	596	534	577	685	362	663	565	1434	779	631	485	130	800	909	682	693	892	766	1069	1150	1657	560	720	1028	1747	2895	1468	909	1620	686	1367	802	1479	1184	622	455	751	1202	1219	1188	682	1620	1111	1225	2015	1522	748	633	751	1214	2534	2012	1713	2486	311	747	538	482	463	721	586	1514	622	443	1484	1048	2045	1184	596	748	1208	789	495	799	1412	631	822	1708	424	62	1466	848	859	909	577	623	582	664	2294	906	387	1103	1021	1450	971	334	1665	977	560	622	859	1002	939	1416	290	2454	1459	1832	772	371	872	669	1825	551	780	641	1184	1069	2234	1306	845	372	2792	684	2960	551	1013	2802	659	744	623	751	751	1002	886	480	606	684	909	323	632	603	936	733	2296	788	755	1662	1016	633	819	747	566	842	328	662	1301	536	2761	985	570	1162	757	1582	712	444	2099	2206	2384	2019	930	2074	891	758	1120	821	574	757	1246	712	894	616	579	368	950	475	751	2175	1090	625	2287	853	668	2412	673	662	668	1289	685	822	633	1582	1659	1211	91	1048	721	1680	906	2099	360	221	853	1068	518	1511	1716	1746	759	2312	1661	483	909	773	355	817	1621	381	4167	1367	92	1317	1718	2914	301	1549	1188	865	987	779	1069	2417	1945	1137	1042	1176	1172	1359	1951	462	2289	1108	639	621	2633	757	575	1877	631	1786	650	599
103	181	651	169	212	125	181	197	318	112	763	0	495	910	207	320	1039	511	503	126	1192	1008	894	327	908	1491	1889	1303	3316	314	1035	1452	1108	495	622	464	135	432	319	336	688	21	207	504	787	238	240	425	192	1400	541	306	1879	982	212	411	743	1018	2391	709	240	1008	370	655	764	941	430	456	1199	539	649	795	1951	425	962	564	1988	1252	2036	541	179	539	454	1926	1249	1057	1830	1018	1478	579	491	1219	753	739	841	140	352	871	287	1282	440	495	541	541	49	405	240	783	212	254	944	379	816	774	1589	193	240	301	140	474	320	1801	149	413	554	260	692	781	544	905	231	203	528	193	252	628	782	988	1982	738	1069	636	436	238	528	2247	236	1188	126	440	306	1635	590	1591	432	2029	516	2311	211	254	2040	511	512	142	539	1111	249	166	1241	170	910	267	669	222	162	642	57	1742	593	18	1012	506	198	275	528	473	145	452	508	537	335	2244	582	315	638	7	889	391	356	1666	1568	1674	1407	635	1541	741	27	357	253	469	540	2010	391	314	795	794	600	334	486	541	1593	332	140	1695	156	315	1680	555	471	1411	592	135	255	198	889	1010	858	695	287	753	919	228	1443	1095	553	125	515	1265	893	960	1099	181	1566	902	486	184	16	682	243	1018	451	3405	655	693	624	989	2151	1041	797	639	116	243	21	306	1856	2397	1882	281	644	618	664	2403	954	1619	344	169	845	1884	6	309	1372	207	1172	513	1081
402	384	897	575	311	519	384	322	231	396	484	495	0	1037	327	230	1517	175	160	385	805	1198	1389	805	801	1954	1474	1776	3681	466	1160	1928	1603	112	138	94	364	199	230	162	1047	516	511	9	426	395	520	205	327	1346	282	766	1445	1207	311	247	550	1501	2411	1168	520	1150	226	1149	378	997	906	139	811	267	730	734	1600	205	1164	643	1625	1656	1988	264	487	267	921	2054	1670	1253	2017	796	1057	103	5	851	324	847	1067	393	420	1017	759	1694	811	112	264	774	541	547	393	952	515	410	1366	432	546	1031	1177	483	520	195	387	98	230	1810	637	428	636	696	1084	509	528	1296	632	365	738	483	657	455	957	586	1971	1228	1483	305	178	475	187	2269	276	693	385	811	766	1754	1084	1185	182	2453	200	2486	354	686	2424	175	259	379	267	1141	661	660	929	337	428	505	629	277	363	453	440	1812	309	478	1201	546	506	398	263	82	491	232	178	969	159	2276	502	181	686	492	1143	244	430	1619	1734	1940	1544	447	1589	433	474	812	410	91	273	1656	244	466	313	304	607	524	15	267	1694	808	379	1806	498	236	2155	196	178	1007	866	364	409	506	1143	1199	730	393	759	324	1321	523	1634	841	295	519	604	877	1383	1417	1283	384	1905	1357	9	556	511	215	410	1148	145	3785	1149	392	1120	1301	2568	781	1166	716	611	639	516	766	1933	2399	1465	716	702	702	1160	2405	474	1827	799	484	358	2342	492	188	1392	511	1313	167	590
875	797	304	753	1014	785	797	855	846	963	1509	910	1037	0	833	847	1582	880	891	972	1832	191	1280	829	448	1395	2461	1305	2742	636	127	1446	1391	934	1053	943	892	1155	847	946	508	912	1116	1039	1464	738	673	832	853	2288	782	775	2411	252	1014	791	617	1170	1484	840	673	112	822	1054	909	140	840	898	1837	798	307	393	2627	832	186	397	2647	937	2932	802	1086	798	800	1032	1004	243	980	1813	2053	1025	1038	1883	982	1648	205	1003	1220	48	808	994	573	934	802	377	929	1305	738	136	1121	715	801	1247	1571	276	2175	725	673	940	996	941	847	903	870	1273	405	736	595	731	1411	668	709	1054	1438	725	702	635	142	1614	1090	1056	847	833	1142	689	876	3156	1004	1475	972	573	775	734	1019	2189	1142	1685	857	1450	1055	733	1558	880	794	989	798	2015	710	948	1967	977	1185	653	1538	905	1001	648	894	831	787	902	193	493	1107	709	796	956	767	1192	875	694	977	1335	550	944	351	917	277	797	1228	815	697	937	512	651	634	788	893	760	716	947	792	2682	797	636	1122	1153	1481	593	1043	799	685	823	987	791	756	843	1636	885	863	2018	372	893	714	1107	277	191	489	1419	808	982	714	683	599	1870	1293	785	442	1901	1383	966	257	797	998	918	1036	729	915	1235	722	112	1128	2869	1054	1418	1090	474	1772	1810	555	321	904	698	912	775	945	3305	2451	728	335	336	1104	3311	1428	794	758	1076	1168	1709	916	939	488	1116	277	889	1483
104	58	626	247	183	193	58	22	114	166	707	207	327	833	0	116	1244	307	300	168	1099	964	1082	482	743	1627	1785	1449	3380	196	960	1601	1289	300	438	273	86	345	115	168	737	227	341	335	697	96	205	219	22	1457	334	440	1763	955	183	203	551	1177	2288	840	205	940	163	834	556	834	582	256	1105	332	539	640	1882	219	923	446	1914	1338	2102	334	308	332	594	1864	1348	1017	1794	997	1368	394	324	1136	550	841	811	197	392	801	435	1374	493	300	334	503	256	493	95	721	347	119	1043	418	767	760	1485	159	205	140	189	282	116	1690	326	441	437	369	766	579	579	980	305	232	658	159	330	435	723	884	1865	908	1162	428	338	165	323	2341	171	1007	168	493	440	1567	769	1491	337	2132	310	2273	230	359	2115	307	305	179	332	1195	334	368	1185	152	718	202	706	74	184	446	150	1654	385	189	967	365	332	124	320	285	163	378	304	643	185	2145	407	152	513	207	876	183	400	1534	1520	1677	1344	439	1442	535	180	486	118	279	333	1940	183	196	604	608	651	246	322	334	1516	485	178	1624	170	111	1828	350	266	1310	582	87	119	332	876	965	686	624	435	550	1002	204	1406	1062	485	193	397	1172	1092	1089	1053	58	1610	1030	320	229	223	536	112	945	338	3479	834	623	811	1012	2249	1004	855	526	310	312	227	440	1772	2484	1776	389	523	507	850	2490	801	1592	472	299	656	2015	207	146	1261	341	1107	309	916
216	166	676	357	226	305	166	122	1	256	664	320	230	847	116	0	1359	192	184	252	1027	994	1198	595	694	1731	1703	1556	3453	239	973	1709	1405	185	327	161	188	308	0	99	817	340	422	236	634	165	290	107	127	1464	232	551	1675	996	226	104	477	1288	2273	945	290	958	55	949	444	829	694	140	1033	227	542	602	1818	107	957	450	1846	1425	2111	228	389	227	704	1876	1440	1049	1822	966	1286	283	228	1069	434	882	853	276	424	821	548	1464	581	185	228	552	369	540	163	748	427	179	1137	447	725	811	1405	256	290	97	268	169	0	1672	442	462	441	477	854	486	594	1066	409	288	720	256	434	361	752	809	1842	1022	1253	319	295	245	208	2365	198	894	252	581	551	1577	884	1413	295	2223	196	2297	281	466	2194	191	201	257	227	1220	439	483	1133	218	602	274	716	115	253	369	262	1651	282	301	997	357	413	168	215	174	273	345	188	743	130	2133	359	98	506	319	925	84	434	1502	1543	1726	1359	362	1434	434	293	594	179	167	229	1875	84	239	490	495	671	297	229	228	1522	598	256	1632	278	5	1935	235	151	1233	641	188	179	413	925	995	630	575	548	434	1091	294	1435	1024	446	305	404	1099	1208	1193	1082	166	1678	1133	225	334	336	445	180	960	282	3556	949	575	927	1076	2338	965	936	528	426	414	340	551	1771	2504	1694	496	519	511	966	2510	701	1625	581	382	542	2116	319	95	1245	422	1124	193	810
1142	1205	1286	1049	1206	1077	1205	1236	1357	1123	1592	1039	1517	1582	1244	1359	0	1551	1542	1133	2032	1550	332	829	1811	1005	2706	811	3003	1272	1664	880	410	1533	1652	1500	1174	1391	1358	1368	1085	1018	1020	1526	1677	1245	1165	1463	1231	1715	1572	891	2730	1473	1206	1444	1725	598	2943	762	1165	1623	1408	528	1800	1687	771	1495	2041	1572	1477	1691	2654	1463	1503	1432	2709	1161	2190	1574	1038	1572	799	2349	1083	1569	2152	1702	2333	1611	1512	2033	1793	1137	1399	1124	1181	1533	873	1139	1042	1533	1574	1267	990	1099	1247	1453	1017	1251	951	1190	1618	1315	2423	1157	1165	1333	1130	1511	1359	2432	927	1221	1425	966	1003	1790	1260	1052	1034	1157	985	1157	1020	1623	1445	1876	2621	536	1028	1670	1404	1199	1567	2226	1240	2205	1133	1042	891	2123	568	2416	1399	1631	1555	2587	1169	975	1801	1550	1545	1138	1572	1396	1011	876	1980	1180	1943	1202	1314	1258	1153	1639	1097	2291	1622	1057	1553	1430	1023	1274	1560	1509	1116	1391	1547	888	1360	2789	1546	1347	1500	1040	1375	1425	1175	2391	1985	1857	1914	1634	2156	1764	1065	877	1250	1505	1572	2713	1425	1272	1827	1822	1245	1251	1506	1574	2119	832	1138	2185	1117	1354	1052	1594	1510	2248	1224	1173	1252	1023	1375	1552	1785	1566	873	1793	1018	1152	1843	1795	1455	1077	1400	2098	199	786	1617	1205	1580	791	1508	1083	1022	1669	1242	1646	1432	3035	528	1565	498	1300	1764	1763	1085	1475	935	1037	1018	891	2375	2395	2702	958	1496	1457	479	2400	1934	1943	886	1039	1875	1336	1040	1341	2057	1020	1734	1552	2073
408	353	771	538	386	491	353	314	193	439	659	511	175	880	307	192	1551	0	16	433	952	1049	1387	780	626	1894	1598	1726	3560	370	1000	1880	1591	63	179	92	378	358	192	208	950	532	592	173	592	333	452	93	319	1520	107	732	1559	1066	386	127	375	1466	2236	1115	452	992	147	1136	258	831	876	64	957	92	576	561	1748	93	1018	494	1769	1562	2163	89	562	92	882	1887	1586	1104	1859	970	1184	146	178	1003	242	997	929	452	549	863	732	1604	732	63	89	652	560	674	331	805	597	339	1287	566	720	902	1306	431	452	237	444	83	192	1635	633	570	489	654	998	345	685	1204	583	448	864	431	607	280	811	734	1796	1206	1397	147	338	407	17	2440	351	720	433	732	732	1588	1071	1317	341	2362	25	2324	439	644	2315	0	87	434	92	1307	613	675	1092	391	420	427	793	297	425	278	453	1640	136	493	1051	398	585	320	88	98	456	395	5	907	232	2102	334	226	528	510	1009	140	559	1443	1574	1798	1381	271	1417	275	485	772	340	92	98	1802	140	370	312	326	764	425	187	92	1525	781	433	1638	459	196	2105	43	41	1143	750	378	338	585	1009	1049	554	567	732	242	1233	460	1479	1013	468	491	462	1021	1400	1358	1130	353	1783	1297	178	512	528	355	344	989	309	3670	1136	567	1117	1180	2473	953	1068	562	618	587	532	732	1762	2572	1588	672	544	550	1154	2577	570	1673	759	556	366	2275	510	229	1219	592	1153	8	658
400	347	777	534	373	487	347	306	186	428	644	503	160	891	300	184	1542	16	0	422	941	1059	1382	775	641	1894	1590	1725	3567	372	1012	1878	1586	48	173	76	369	342	185	194	953	523	580	159	579	331	451	91	311	1504	122	728	1552	1074	373	129	391	1463	2251	1114	451	1004	142	1131	270	843	873	50	946	107	587	575	1737	91	1027	504	1759	1565	2147	104	550	107	879	1900	1588	1114	1870	955	1176	137	163	991	250	981	937	440	534	874	728	1608	733	48	104	658	552	659	328	815	584	338	1288	551	706	909	1297	428	451	224	433	67	184	1650	626	555	498	652	1000	361	669	1207	581	434	849	428	605	295	820	723	1811	1202	1400	162	322	405	32	2424	337	720	422	733	728	1600	1066	1308	325	2366	40	2336	425	641	2320	15	100	422	107	1291	611	667	1080	380	422	427	777	287	413	293	445	1654	152	485	1062	408	572	319	103	82	452	379	18	907	218	2116	347	213	539	502	1017	139	544	1459	1586	1807	1393	286	1431	291	477	769	338	76	113	1792	139	372	313	325	748	428	171	107	1538	777	422	1651	455	189	2104	55	38	1133	756	369	337	572	1017	1059	570	552	728	250	1235	458	1490	999	453	487	470	1011	1393	1358	1141	347	1790	1297	163	509	519	344	342	1001	293	3676	1131	552	1111	1186	2477	939	1072	572	610	585	523	728	1775	2556	1581	669	555	560	1149	2562	564	1684	756	544	366	2276	502	216	1233	580	1165	10	655
97	180	736	274	86	217	180	147	251	14	641	126	385	972	168	252	1133	433	422	0	1066	1087	1008	453	911	1617	1763	1428	3435	342	1099	1577	1225	405	519	370	85	306	252	236	800	144	173	395	661	245	304	358	145	1318	484	431	1753	1068	86	356	718	1142	2442	835	304	1076	308	776	691	987	556	372	1073	479	690	806	1829	358	1043	600	1865	1374	1960	480	140	479	580	1999	1373	1138	1915	904	1352	477	381	1094	669	682	926	30	251	937	413	1405	549	405	480	618	163	334	245	852	179	267	1067	279	695	864	1463	250	304	201	24	381	252	1846	274	309	590	380	810	738	446	1024	340	87	491	250	363	601	853	862	2024	860	1192	570	310	283	451	2187	114	1078	0	549	431	1705	711	1466	307	2154	443	2396	92	372	2161	433	453	18	479	1043	362	279	1120	48	810	319	574	138	37	612	94	1801	535	115	1091	526	164	280	468	377	217	326	431	660	227	2297	575	215	670	120	981	335	258	1697	1647	1775	1479	604	1593	687	117	481	266	375	482	1887	335	342	694	689	511	380	375	481	1658	458	16	1763	229	250	1805	477	396	1285	682	84	268	164	981	1088	854	570	413	669	1039	296	1527	979	428	217	550	1139	997	1086	1178	180	1679	1028	376	277	138	561	257	1083	327	3526	776	568	741	1094	2275	924	912	679	239	350	144	431	1917	2334	1756	401	679	658	782	2339	834	1708	469	132	742	2010	120	210	1416	173	1242	432	963
1134	1155	1702	1327	981	1267	1155	1085	1028	1080	447	1192	805	1832	1099	1027	2032	952	941	1066	0	2000	2012	1518	1525	2679	698	2485	4479	1267	1951	2630	2236	900	780	896	1096	764	1027	937	1837	1209	1077	801	405	1184	1304	1009	1089	970	1050	1498	702	2013	981	1051	1270	2191	3118	1901	1304	1945	1032	1812	987	1776	1619	940	8	1035	1528	1491	795	1009	1968	1445	819	2433	1501	1031	1076	1035	1647	2827	2437	2056	2810	411	301	807	806	67	899	960	1873	1052	889	1816	1479	2467	1591	900	1031	1578	1223	941	1182	1755	1077	1203	2131	871	414	1836	400	1258	1304	959	1052	896	1027	2528	1339	835	1439	1442	1862	1183	773	2077	1391	992	1051	1258	1416	1210	1760	219	2670	1904	2254	1016	765	1262	955	1857	964	663	1066	1591	1498	2529	1750	400	768	3220	975	3271	982	1434	3213	952	1038	1050	1035	980	1418	1326	235	1026	757	1296	726	1029	1030	1202	1155	2564	1052	1182	2003	1348	1078	1195	1036	882	1250	740	957	1724	914	2995	1284	949	1481	1186	1948	1050	891	2307	2524	2745	2328	1197	2338	1103	1183	1548	1202	892	1041	851	1050	1267	757	718	790	1325	803	1034	2462	1523	1051	2576	1260	1033	2856	948	972	221	1669	1096	1203	1078	1948	2001	1453	499	1479	899	2097	1303	2431	345	639	1267	1408	73	1957	2151	2083	1155	2706	2095	808	1319	1203	598	1201	1941	761	4578	1812	501	1764	2104	3340	332	1954	1514	1299	1400	1209	1498	2686	1946	692	1464	1497	1502	1805	1951	451	2626	1536	1081	730	3073	1186	955	2135	1077	2104	943	498
990	921	358	842	1139	884	921	985	994	1077	1658	1008	1198	191	964	994	1550	1049	1059	1087	2000	0	1233	866	637	1251	2640	1181	2552	768	150	1314	1315	1100	1225	1105	1012	1299	995	1093	468	1007	1216	1201	1623	867	783	992	982	2405	956	821	2592	88	1139	951	806	1083	1430	789	783	114	977	1030	1096	318	854	1061	2005	971	473	585	2796	992	50	555	2818	777	3044	975	1188	971	809	919	853	55	830	1958	2230	1195	1199	2048	1167	1747	173	1116	1339	189	855	837	614	1100	975	469	1019	1412	868	246	1220	845	691	1366	1720	255	2352	837	783	1082	1111	1104	994	884	942	1395	561	799	547	921	1533	557	788	1173	1529	837	775	817	242	1781	1073	1014	713	1013	1288	808	1047	3252	1134	1664	1087	614	821	634	1006	2364	1288	1503	1026	1309	1175	798	1368	1048	964	1105	971	2120	782	1017	2125	1099	1371	770	1661	1038	1120	831	1001	768	965	1004	3	652	1207	843	968	1119	873	1335	1044	686	1122	1277	726	1088	523	1015	175	954	1346	851	560	753	405	833	607	976	995	794	846	1109	965	2851	954	768	1304	1334	1598	717	1203	972	603	859	1103	696	861	990	1492	1057	1028	2191	422	1013	844	1207	175	1	681	1570	855	1167	603	791	442	2019	1439	884	594	2070	1350	868	90	921	808	828	1196	824	1011	1402	851	138	1277	2678	1030	1569	1076	324	1587	1960	473	487	981	777	1007	821	870	3404	2630	786	506	498	1083	3410	1606	631	796	1178	1351	1545	1014	1083	517	1216	186	1057	1667
990	1034	996	853	1092	895	1034	1079	1196	996	1564	894	1389	1280	1082	1198	332	1387	1382	1008	2012	1233	0	613	1552	771	2705	562	2768	1064	1354	673	224	1382	1515	1353	1027	1301	1198	1230	775	873	942	1398	1627	1060	959	1295	1074	1856	1387	669	2714	1153	1092	1269	1501	292	2613	444	959	1312	1240	258	1621	1395	529	1339	2020	1391	1212	1434	2698	1295	1187	1182	2747	842	2388	1394	949	1391	542	2016	770	1248	1820	1730	2311	1472	1385	2023	1628	1212	1089	1008	1125	1232	661	826	777	1382	1394	996	848	1075	1062	1157	940	1060	619	1141	1601	1007	2412	964	959	1195	1012	1363	1198	2110	756	1177	1175	748	689	1579	1249	721	821	1056	1016	964	802	1409	1148	1832	2298	225	699	1488	1309	999	1401	2465	1122	2083	1008	777	669	1793	319	2408	1305	1397	1386	2258	1067	758	1529	1386	1365	1019	1391	1528	794	729	1998	1057	1800	993	1332	1114	1037	1426	949	1964	1435	911	1235	1196	942	1083	1379	1364	932	1309	1383	601	1229	2459	1321	1209	1242	897	1057	1251	1122	2080	1653	1528	1587	1421	1835	1566	916	641	1059	1359	1390	2757	1251	1064	1686	1687	1256	1031	1380	1393	1791	613	1018	1855	930	1193	883	1428	1346	2232	938	1027	1061	942	1057	1235	1535	1520	661	1628	686	948	1512	1821	1392	895	1156	2082	151	457	1295	1034	1261	458	1381	884	878	1569	1052	1336	1332	2816	258	1519	270	971	1530	1781	762	1213	778	821	873	669	2046	2634	2699	735	1236	1197	232	2639	1841	1611	651	947	1737	1144	897	1203	1746	942	1415	1390	1972
404	429	527	242	540	289	429	484	594	439	1084	327	805	829	482	595	829	780	775	453	1518	866	613	0	986	1164	2216	976	3012	452	938	1126	811	781	921	756	443	760	595	642	445	309	471	813	1114	448	346	687	478	1633	774	62	2207	814	540	658	898	696	2295	383	346	902	633	357	1008	907	102	736	1525	778	660	865	2269	687	816	606	2309	944	2249	781	459	778	130	1772	932	904	1639	1321	1805	877	801	1544	1018	948	694	465	653	782	48	968	256	781	781	467	295	666	450	692	473	447	632	677	1135	611	1916	352	346	609	466	764	595	1730	179	714	598	137	417	970	831	615	209	526	719	352	192	800	687	1316	1918	426	758	875	763	386	793	2419	562	1489	453	256	62	1498	294	1918	759	1708	777	2117	535	147	1734	779	752	469	778	1321	183	208	1558	497	1197	381	947	527	489	817	372	1633	822	339	869	600	466	470	767	767	323	779	775	240	649	2143	718	623	676	333	711	642	655	1639	1402	1439	1270	812	1456	953	340	72	446	761	777	2328	642	452	1085	1090	871	424	798	780	1470	7	467	1560	320	590	1354	819	738	1737	458	443	448	466	711	868	956	1019	48	1018	620	334	1266	1403	879	289	571	1591	651	633	952	429	1288	576	797	271	315	1003	440	919	777	3094	357	1018	348	753	1831	1352	532	656	219	210	309	62	1737	2578	2209	128	674	637	381	2584	1274	1423	71	452	1138	1556	332	616	1317	471	1049	783	1395
829	738	590	805	914	805	738	765	694	908	1283	908	801	448	743	694	1811	626	641	911	1525	637	1552	986	0	1806	2101	1692	3173	595	519	1840	1705	689	762	713	826	973	694	778	844	920	1083	799	1206	674	688	625	766	2142	519	924	2037	700	914	599	257	1509	1612	1148	688	535	646	1300	542	323	1040	671	1528	534	340	120	2305	625	634	379	2317	1368	2787	536	1049	534	1016	1310	1427	685	1330	1594	1707	748	804	1583	627	1576	619	941	1118	468	947	1424	776	689	536	558	946	1231	673	481	1089	655	1187	1141	1344	655	1829	721	688	789	933	706	694	1013	941	1156	388	855	928	345	1285	1062	796	971	1402	721	803	347	491	1316	1170	1331	1256	517	955	674	614	3054	890	1072	911	776	924	1018	1249	1847	957	2131	600	1767	967	848	2006	626	544	923	534	1912	813	1016	1695	893	807	653	1403	795	927	347	867	1039	495	893	638	405	1074	637	538	722	771	1011	623	954	811	1481	337	786	311	912	705	615	1128	818	1045	1356	842	354	812	422	882	934	657	715	528	2356	615	595	772	809	1363	590	812	533	946	983	921	1060	763	693	2043	609	629	1687	630	827	654	1074	705	636	72	1192	947	627	1106	702	984	1633	1093	805	417	1587	1624	1329	687	738	1445	1273	804	771	920	954	666	518	929	3305	1300	1191	1315	909	2220	1573	930	339	957	790	920	924	1160	3190	2089	859	316	355	1341	3196	1087	1177	926	1040	809	2139	911	785	609	1083	652	634	1112
1564	1570	1228	1380	1704	1437	1570	1634	1729	1603	2239	1491	1954	1395	1627	1731	1005	1894	1894	1617	2679	1251	771	1164	1806	0	3378	209	2002	1525	1401	143	598	1911	2056	1892	1602	1924	1730	1794	982	1473	1609	1962	2277	1567	1443	1803	1628	2624	1855	1192	3371	1164	1704	1766	1863	507	2339	787	1443	1363	1755	884	2075	1536	1061	1863	2687	1864	1498	1709	3411	1803	1226	1516	3455	485	3159	1868	1605	1864	1038	1704	398	1231	1457	2447	2969	2013	1952	2702	2110	1966	1196	1628	1798	1359	1205	426	1163	1911	1868	1304	1457	1778	1570	1327	1609	1557	626	1819	2285	1150	3079	1474	1443	1763	1629	1899	1731	1972	1342	1857	1514	1258	912	1968	1954	744	1322	1687	1756	1474	1297	1808	1316	2480	2140	789	550	1950	1927	1489	1903	3223	1726	2614	1617	1163	1192	1580	940	3080	1923	629	1884	1796	1697	1268	808	1893	1842	1633	1864	2296	1293	1353	2702	1661	2310	1466	2053	1683	1653	1826	1534	1773	1893	1503	1251	1575	1606	1575	1854	1905	1463	1943	1889	987	1805	2195	1703	1776	1546	1497	1118	1754	1798	2038	1410	1110	1443	1824	1731	1985	1504	1144	1557	1898	1861	3471	1754	1525	2206	2219	1975	1472	1949	1866	1614	1159	1631	1632	1456	1725	241	1927	1855	2899	1208	1603	1558	1606	1118	1252	1820	2180	1205	2110	702	1438	1292	2535	2040	1437	1514	2752	904	537	1263	1570	774	597	1947	1398	1479	2161	1554	1388	1940	2045	884	2178	945	927	762	2488	880	1506	1380	1316	1473	1192	1814	3392	3371	1238	1533	1499	906	3398	2428	1295	1157	1600	2260	394	1497	1770	1728	1609	1377	1899	2541
1827	1842	2367	2019	1678	1960	1842	1772	1704	1777	1143	1889	1474	2461	1785	1703	2706	1598	1590	1763	698	2640	2705	2216	2101	3378	0	3184	5155	1940	2573	3328	2929	1554	1419	1559	1789	1459	1703	1618	2520	1907	1775	1469	1101	1865	1988	1668	1777	1334	1685	2194	123	2663	1678	1711	1862	2890	3622	2599	1988	2572	1699	2510	1563	2386	2318	1599	691	1670	2168	2091	366	1668	2612	2091	321	3123	1626	1666	1775	1670	2344	3410	3130	2695	3423	1010	416	1453	1475	681	1483	1591	2527	1750	1586	2452	2177	3158	2278	1554	1666	2245	1921	1630	1863	2401	1775	1882	2824	1568	1103	2500	300	1944	1988	1644	1750	1556	1703	3058	2037	1531	2087	2137	2551	1758	1458	2765	2083	1691	1721	1944	2108	1826	2407	902	3177	2602	2945	1628	1458	1944	1597	2014	1659	1056	1763	2278	2194	3119	2449	298	1461	3914	1618	3868	1681	2128	3897	1599	1679	1747	1670	1490	2110	2024	730	1722	1293	1977	1391	1718	1727	1814	1850	3127	1675	1879	2643	1997	1777	1871	1674	1544	1941	1437	1604	2418	1599	3514	1914	1632	2117	1883	2608	1713	1588	2818	3136	3393	2935	1811	2903	1687	1879	2244	1882	1553	1675	377	1713	1940	1341	1308	1462	1999	1474	1668	3047	2221	1749	3160	1950	1709	3555	1585	1625	478	2340	1789	1882	1777	2608	2640	2032	1198	2177	1483	2787	1989	3057	918	1337	1960	2060	626	2644	2849	2718	1842	3378	2792	1479	2009	1901	1259	1881	2565	1450	5260	2510	1200	2461	2774	4032	944	2638	2154	1998	2091	1907	2194	3247	2048	13	2158	2133	2144	2502	2051	1033	3253	2232	1780	1297	3772	1884	1639	2699	1775	2723	1590	988
1380	1392	1104	1201	1515	1257	1392	1454	1554	1414	2042	1303	1776	1305	1449	1556	811	1726	1725	1428	2485	1181	562	976	1692	209	3184	0	2207	1360	1329	154	401	1739	1883	1718	1419	1735	1556	1614	850	1284	1411	1784	2085	1395	1273	1634	1449	2414	1694	1009	3179	1093	1515	1598	1725	300	2375	611	1273	1289	1584	680	1920	1443	873	1692	2492	1702	1370	1588	3210	1634	1150	1377	3254	480	2951	1706	1409	1702	855	1745	382	1171	1510	2244	2777	1840	1773	2505	1949	1757	1101	1437	1600	1265	1020	431	1004	1739	1706	1165	1266	1575	1397	1221	1411	1387	506	1620	2087	1044	2885	1300	1273	1582	1439	1725	1556	1964	1153	1658	1374	1080	772	1825	1751	637	1146	1495	1548	1300	1122	1661	1210	2288	2140	585	469	1791	1739	1319	1737	3020	1539	2446	1428	1004	1009	1588	738	2885	1735	834	1718	1887	1505	1090	989	1725	1679	1443	1702	2086	1117	1159	2501	1473	2145	1299	1848	1501	1463	1679	1348	1778	1735	1315	1182	1428	1408	1406	1692	1731	1285	1752	1721	819	1624	2227	1558	1596	1415	1308	1031	1586	1599	2004	1423	1174	1426	1676	1709	1836	1317	963	1386	1723	1699	3269	1586	1360	2038	2049	1770	1311	1770	1704	1611	972	1441	1644	1279	1550	379	1761	1686	2705	1074	1419	1387	1408	1031	1183	1699	1985	1020	1949	592	1266	1295	2332	1847	1257	1371	2557	698	373	1208	1392	852	434	1768	1221	1289	1978	1383	1315	1753	2253	680	1984	738	858	967	2287	762	1376	1189	1141	1284	1009	1832	3189	3177	1060	1403	1367	700	3195	2248	1328	976	1404	2092	596	1308	1589	1682	1411	1328	1731	2365
3355	3324	2789	3163	3514	3222	3324	3395	3452	3421	4075	3316	3681	2742	3380	3453	3003	3560	3567	3435	4479	2552	2768	3012	3173	2002	5155	2207	0	3215	2654	2123	2599	3601	3740	3596	3390	3721	3454	3542	2643	3302	3483	3686	4077	3294	3175	3487	3391	4597	3482	3014	5120	2512	3514	3444	3358	2485	2483	2643	3175	2642	3455	2830	3645	2851	2922	3556	4485	3496	3008	3136	5261	3487	2570	3075	5294	2067	5155	3500	3470	3496	2883	2114	2086	2499	1942	4332	4739	3703	3680	4516	3711	3919	2638	3455	3662	2740	3040	2045	2891	3601	3500	2909	3296	3676	3296	2774	3485	3276	2380	3687	4130	2658	4858	3222	3175	3520	3454	3598	3453	2609	3181	3724	3078	3055	2624	3473	3843	2410	3097	3518	3696	3222	3073	3362	2766	4262	2653	2737	2253	3552	3717	3216	3563	5226	3525	4215	3435	2891	3014	2291	2873	4866	3715	1373	3541	1734	3526	3062	1278	3560	3483	3453	3496	4270	3073	3220	4555	3468	3919	3182	3958	3451	3472	3377	3342	2408	3500	3322	2550	3166	3478	3285	3490	3610	3234	3750	3555	2780	3564	2433	3264	3530	3061	3323	2554	3441	3664	2835	2185	1819	2375	3378	2560	3526	3318	2964	3277	3601	3490	5319	3441	3215	3843	3869	3881	3156	3682	3497	2372	3005	3451	2287	3223	3448	1969	3578	3531	4687	2814	3391	3276	3478	2554	2552	3226	3999	3040	3711	2397	3176	2204	4411	3856	3222	3101	4552	2905	2418	2489	3324	1777	2462	3677	3166	3308	3896	3278	2656	3719	194	2830	3997	2898	2380	1240	4357	2526	3021	3225	3087	3302	3014	2337	5395	5146	3034	3044	3027	2865	5400	4130	2024	2975	3462	3893	1680	3322	3524	2713	3483	2523	3568	4206
248	162	438	224	377	211	162	218	238	335	894	314	466	636	196	239	1272	370	372	342	1267	768	1064	452	595	1525	1940	1360	3215	0	764	1515	1254	396	541	384	258	533	239	333	584	325	503	471	872	101	107	282	216	1652	335	394	1910	763	377	243	455	1110	2099	751	107	743	242	806	565	644	536	348	1272	342	348	481	2057	282	728	257	2086	1195	2296	345	470	342	532	1668	1216	821	1599	1190	1524	500	465	1308	589	1024	619	373	584	604	405	1236	361	396	345	314	351	677	102	525	508	78	916	611	955	573	1643	126	107	317	366	388	239	1503	357	636	247	315	628	518	775	836	243	420	828	126	261	350	527	1049	1681	865	1028	434	523	79	379	2529	368	1089	342	361	394	1371	744	1651	522	1995	359	2076	420	305	1958	370	319	358	342	1385	270	427	1368	341	785	71	902	270	368	367	278	1460	378	300	771	191	494	75	332	399	176	568	365	541	359	1954	280	324	329	319	688	234	592	1358	1324	1490	1147	361	1251	502	289	426	79	390	339	2114	234	0	682	696	845	58	466	344	1321	451	356	1428	169	234	1738	402	333	1472	402	259	77	494	688	769	548	809	405	589	864	119	1210	1253	673	211	207	1339	1101	990	857	162	1439	929	461	190	325	681	86	749	516	3319	806	808	800	836	2108	1194	703	336	366	242	325	394	1578	2675	1931	328	337	315	833	2681	929	1398	414	460	735	1905	318	319	1073	503	911	376	1027
