NAME : VRPTW_INSTANCE_256.txt
COMMENT : Bangkok Supermarket
TYPE : VRPTW
DIMENSION : 260
DAYS : Wednesday
EDGE_WEIGHT_TYPE : EXPLICIT
VEHICLES : 37
EDGE_WEIGHT_FORMAT : FULL_MATRIX
CAPACITY : 1000
EDGE_WEIGHT_SECTION
0	359	2206	904	202	1095	116	258	126	244	344	330	382	1109	424	246	972	1429	308	1628	382	442	1158	88	309	178	399	265	364	210	454	212	185	207	422	347	428	422	513	258	358	1915	193	239	103	521	196	495	264	352	399	307	54	613	135	1744	520	379	204	367	614	204	1006	823	962	23	152	650	609	127	496	73	996	155	1813	35	1903	995	255	244	724	215	290	1606	208	153	1116	221	431	1558	83	309	217	308	1747	621	170	309	1606	23	312	977	503	820	300	741	2064	236	1126	193	1116	408	533	995	63	1028	1077	257	218	1224	409	25	351	91	309	788	412	1126	1013	1627	870	1086	551	305	203	120	39	310	1128	346	97	210	182	1183	201	258	309	609	1068	372	2407	259	1477	152	25	101	603	153	257	245	212	165	283	185	428	1780	372	1898	1221	1022	1994	978	428	454	449	2064	221	193	1606	257	221	524	299	195	379	396	248	616	101	1067	1869	217	407	1480	202	985	194	201	24	376	1027	170	1587	241	491	1748	413	489	1346	525	1558	223	533	839	131	309	539	124	124	1480	258	78	309	235	1065	1685	830	132	379	533	2257	3142	1056	492	214	330	124	79	88	413	916	347	212	1354	471	966	586	419	464	404	481	940	957	367	404	412	439	242	1190	674
359	0	2113	552	523	978	429	617	260	599	685	88	730	993	745	440	1099	1263	609	1936	730	531	802	399	390	429	756	194	709	505	98	185	338	562	707	687	68	748	397	162	640	1642	194	436	293	163	206	843	402	692	39	220	414	881	494	1709	786	720	414	720	920	530	815	486	876	382	259	970	466	363	843	308	839	514	1682	395	2262	838	295	599	392	548	409	1614	537	463	1302	334	723	1221	427	606	426	612	1717	522	520	390	1614	372	612	623	851	483	102	973	1705	596	802	194	758	731	586	838	420	672	939	464	549	873	735	374	692	381	390	1145	742	802	690	1597	1005	1177	862	607	532	274	399	573	769	697	409	568	407	853	214	522	611	466	808	720	2082	492	1831	259	374	434	632	463	464	605	185	392	622	338	741	1467	27	1849	1161	936	1936	624	68	98	800	2014	428	549	1614	464	334	862	222	509	725	677	405	952	354	943	1575	574	48	1157	462	901	423	214	383	719	877	520	1933	436	838	1729	54	546	1701	167	1222	580	586	514	490	93	765	275	275	1157	162	294	606	193	1390	1366	479	490	720	586	1992	2782	909	552	572	88	268	298	399	54	957	688	185	1163	782	791	647	94	240	699	830	798	856	717	48	742	726	393	850	494
2206	2113	0	2237	2391	1134	2321	2289	2236	2241	2190	2042	2473	1119	2123	2442	1455	898	2075	3649	2473	1775	1980	2295	1897	2054	2305	2278	2212	2412	2069	2231	2021	2231	2019	2188	2102	2143	1732	2036	2553	1217	2084	2435	2250	2120	2066	2265	1945	2188	2108	1955	2220	1947	2238	540	1957	2197	2400	2436	2077	2140	1324	2298	1250	2222	2261	2141	1650	2082	2260	2234	1278	2246	465	2220	3443	1279	1962	2241	2283	2153	1918	766	2144	2355	3321	1986	2036	2667	2179	2067	2414	2079	553	1608	2326	1897	766	2230	2072	2229	2265	2297	2053	2938	2385	2280	1693	2084	2213	2131	1682	1279	2208	1972	1175	2458	2148	1911	2141	2232	2189	2125	1897	2673	2153	1693	1721	643	1528	3271	2091	2077	2146	2246	2223	2515	2185	2436	2137	2248	2037	1719	2054	2028	2077	1650	1446	2463	1852	2465	3236	2261	2232	2300	1609	2355	2458	2280	2231	2049	2173	2021	2097	1537	2086	381	986	1189	284	2232	2102	2069	2271	286	2418	2232	766	2458	1986	2211	1960	2390	2221	2588	1963	2684	2294	1169	1378	2247	2119	1628	2408	1226	2031	2054	2210	2208	1239	2326	3414	2437	2256	589	2106	1723	2761	2060	2671	2249	1682	1800	2238	2054	1863	2101	2101	1628	2036	2223	2067	2034	2281	1582	2219	2227	2197	1682	1190	3128	1206	1721	2252	2042	2244	2229	2295	2106	1342	2188	2231	1028	2624	1332	1639	2026	1872	2048	2264	1315	1263	2452	2124	2153	2025	2418	1795	1619
904	552	2237	0	1034	1181	950	1161	787	1147	1237	615	1248	1195	1297	900	1544	1339	1161	2363	1248	1020	391	924	907	980	1303	665	1261	1004	474	699	884	1110	1253	1240	487	1301	788	704	1109	1453	746	900	820	390	756	1395	935	1245	514	731	958	1419	1039	1941	1326	1272	893	1246	1469	1083	938	117	1141	925	774	1521	793	915	1395	842	1013	1059	1774	939	2789	1012	825	1147	202	1100	934	1906	1089	977	1594	873	1271	676	977	1157	899	1163	1956	874	1051	907	1906	912	1163	77	1403	118	642	1354	1197	1140	588	746	225	1284	1044	1012	967	308	1118	923	1102	490	1288	914	1244	934	907	1670	1294	588	525	1842	1464	1362	1412	1159	1085	799	942	1041	248	1220	962	1115	956	597	763	1070	1162	793	791	1240	1722	960	2341	774	914	961	1063	977	923	1149	699	942	1174	884	1292	1182	549	2052	1411	1188	2122	77	487	474	1350	2207	899	1097	1906	923	873	1415	737	1018	1277	1141	942	1448	872	1143	1337	1121	503	868	952	1162	972	763	928	1271	1052	1051	2425	898	1390	1981	500	1015	2250	409	677	1127	1044	443	1035	631	1292	828	828	868	704	830	1157	737	1941	1071	73	1036	1272	1044	1802	2261	1081	1020	1118	615	793	833	924	500	1344	1240	699	1210	1261	950	1098	532	628	1248	1381	1005	1105	1239	505	1294	1273	848	545	760
202	523	2391	1034	0	1290	95	197	263	224	340	515	213	1304	441	173	1099	1629	378	1429	213	616	1324	127	499	337	328	369	345	45	621	343	380	206	487	344	589	430	715	453	162	2116	387	168	230	673	395	445	447	348	561	509	173	668	162	1916	588	366	155	215	629	277	1209	940	1154	181	266	642	811	314	448	220	1197	161	2007	177	1754	1196	456	224	840	273	474	1766	276	60	930	418	486	1661	212	383	155	376	1917	820	76	499	1766	180	383	1111	454	937	486	547	2218	186	1315	387	1255	424	709	1196	183	1195	1275	163	278	1396	420	177	347	268	499	635	417	1315	1201	1799	996	939	566	375	272	249	174	132	1271	188	254	193	353	1370	401	380	378	811	1269	205	2597	134	1311	266	177	101	782	60	163	193	343	342	302	380	456	1974	541	2073	1405	1213	2171	1111	589	621	396	2238	158	196	1766	163	418	495	501	16	354	198	428	428	169	1263	2067	199	565	1670	96	1177	359	401	189	358	1227	76	1410	171	445	1915	575	667	1242	690	1660	201	709	1026	160	494	637	326	326	1670	453	235	383	434	1029	1877	962	172	366	709	2459	3291	1255	669	192	515	254	230	127	575	1078	344	343	1555	270	1167	756	598	663	460	432	1139	1152	205	561	417	497	212	1372	877
1095	978	1134	1181	1290	0	1211	1223	1109	1175	1155	907	1407	15	1115	1319	699	360	1029	2647	1407	697	1041	1183	791	962	1275	1144	1181	1304	938	1099	910	1158	1008	1153	970	1134	600	905	1451	1032	956	1313	1127	996	939	1269	844	1155	975	824	1116	1014	1148	762	982	1171	1279	1374	1142	1067	257	1218	147	1113	1133	1215	515	976	1265	1114	169	1160	719	1114	2651	170	842	1175	1184	1083	818	734	1072	1247	2209	873	1030	1743	1081	1020	1293	1033	775	478	1232	791	734	1119	1026	1194	1272	1216	918	1836	1777	1209	768	956	1225	1118	608	170	1107	981	72	1337	1079	1012	1128	1121	1156	1021	791	1689	1140	768	735	660	696	2140	1130	1030	1073	1121	1117	1406	1204	1368	1038	1174	940	824	928	959	1031	515	476	1396	1696	1348	2337	1133	1120	1193	538	1247	1337	1212	1099	949	1122	910	1091	1090	952	884	238	105	965	1197	970	938	1260	1046	1297	1156	734	1337	873	1232	830	1287	1194	1488	864	1636	1175	38	1070	1175	986	936	1294	131	938	928	1102	1180	131	1232	2493	1314	1260	800	974	641	1975	936	1745	1179	608	741	1148	919	885	981	981	936	905	1101	1020	904	1509	1047	1146	1138	1171	608	1314	2774	106	641	1179	907	1118	1108	1183	974	444	1154	1099	344	1542	232	585	893	738	1032	1263	184	138	1386	991	1140	1021	1292	895	486
116	429	2321	950	95	1211	0	232	169	241	357	419	301	1225	453	155	1063	1545	362	1524	301	552	1231	32	423	277	376	285	370	94	527	253	301	210	477	361	495	445	628	358	243	2022	293	148	135	582	301	487	376	366	467	417	106	665	141	1854	578	389	117	296	645	253	1120	859	1078	99	176	669	724	239	489	124	1112	153	1929	101	1841	1111	371	241	759	257	403	1712	255	38	1001	337	481	1586	154	365	127	361	1857	737	104	423	1712	92	366	1025	496	856	390	625	2129	214	1219	293	1168	435	643	1111	121	1101	1193	158	261	1302	434	90	365	197	423	721	433	1219	1105	1737	960	981	581	359	250	155	99	194	1183	271	190	205	287	1274	307	339	362	724	1176	292	2501	150	1402	176	90	27	715	38	158	223	253	273	307	301	463	1878	447	2010	1335	1138	2106	1026	495	527	438	2175	131	197	1712	158	337	529	409	84	382	282	359	523	77	1183	1972	212	472	1574	91	1101	297	307	110	382	1143	104	1504	151	486	1856	481	600	1312	596	1586	216	643	930	138	398	613	236	236	1574	358	139	365	341	1071	1781	877	148	389	643	2366	3203	1172	603	206	419	161	134	32	481	1022	361	253	1468	364	1080	694	503	568	453	473	1055	1073	290	469	433	490	172	1276	787
258	617	2289	1161	197	1223	232	0	375	48	145	582	185	1235	248	366	939	1575	218	1434	185	526	1412	248	451	274	144	508	148	243	711	464	361	68	310	149	686	235	695	501	312	2117	440	361	344	779	438	254	392	153	657	529	204	480	123	1795	407	169	339	151	431	155	1180	1077	1080	236	393	445	790	296	257	320	1152	103	1928	223	1647	1152	448	48	978	139	417	1631	150	225	1059	395	304	1810	196	226	344	215	1795	778	132	451	1631	249	222	1235	263	1075	551	669	2321	21	1364	440	1374	230	617	1152	197	1283	1219	359	143	1476	226	247	151	256	451	539	221	1364	1251	1678	839	1110	369	216	150	364	219	316	1386	147	228	54	301	1423	438	264	217	790	1276	174	2639	332	1231	393	247	211	690	225	359	13	464	300	123	361	265	2007	629	1956	1307	1136	2056	1236	686	711	205	2119	348	76	1631	359	395	299	521	211	156	336	372	414	301	1200	2083	51	665	1715	288	1100	297	438	234	160	1178	132	1351	364	253	1787	672	581	1089	782	1810	46	617	1081	127	561	470	358	358	1715	501	331	226	473	839	1915	1088	128	169	617	2451	3399	1203	582	50	582	370	329	248	672	954	149	464	1515	337	1133	653	672	692	280	240	1091	1084	164	663	221	315	398	1436	865
126	260	2236	787	263	1109	169	375	0	367	471	257	471	1124	551	213	1062	1429	431	1684	471	506	1061	140	358	279	519	138	490	247	358	88	241	330	544	474	326	549	511	213	389	1872	154	207	33	413	170	619	330	479	297	287	177	733	257	1791	639	505	176	463	740	329	992	702	985	143	31	777	603	211	621	55	995	276	1828	157	2008	994	276	367	602	342	352	1666	334	203	1106	267	554	1435	210	431	189	432	1796	631	264	358	1666	128	434	862	628	699	231	749	1960	354	1055	154	1003	534	590	994	189	932	1084	233	345	1133	536	129	478	197	358	888	539	1055	941	1675	961	1037	677	428	329	14	160	327	1017	439	214	332	272	1108	181	369	432	603	1028	462	2336	253	1572	31	129	176	655	203	233	363	88	254	410	241	554	1716	278	1941	1256	1046	2035	863	326	358	573	2107	193	317	1666	233	267	650	281	250	505	428	319	692	94	1079	1815	339	303	1410	211	1009	288	181	149	502	1029	264	1673	208	616	1800	312	545	1465	427	1435	345	590	765	252	237	649	145	145	1410	213	48	431	206	1192	1618	714	256	505	590	2219	3035	1059	549	336	257	9	47	140	312	980	474	88	1343	526	957	648	336	420	527	606	943	975	459	299	539	561	182	1108	657
244	599	2241	1147	224	1175	241	48	367	0	117	557	233	1188	217	385	895	1528	171	1479	233	479	1387	251	408	233	157	503	128	268	690	455	324	37	268	121	667	207	654	474	353	2075	415	379	338	761	411	252	349	126	638	496	190	444	110	1747	367	147	355	198	407	109	1137	1067	1032	224	388	427	748	262	254	311	1107	92	1879	210	1673	1106	411	0	968	92	373	1583	103	241	1105	357	264	1802	171	179	361	168	1747	734	151	408	1583	239	175	1220	261	1064	527	715	2298	43	1331	415	1357	199	569	1106	180	1258	1172	381	96	1449	196	237	124	226	408	572	194	1331	1218	1630	793	1150	343	169	104	358	207	350	1368	195	197	36	260	1391	410	216	170	748	1236	222	2604	357	1264	388	237	217	642	241	381	40	455	262	80	324	232	1970	608	1908	1259	1088	2008	1221	667	690	205	2071	365	50	1583	381	357	288	488	236	141	379	329	460	302	1154	2044	29	647	1681	309	1053	255	410	220	141	1132	151	1388	382	249	1740	653	534	1103	761	1802	24	569	1050	114	537	426	332	332	1681	474	320	179	444	831	1880	1074	111	147	569	2408	3377	1157	535	34	557	363	319	251	653	906	121	455	1470	385	1088	605	648	659	239	238	1045	1037	212	645	194	275	412	1406	823
344	685	2190	1237	340	1155	357	145	471	117	0	633	297	1166	102	503	809	1512	127	1492	297	463	1457	365	430	275	120	609	28	385	771	557	376	147	177	3	751	90	677	545	456	2090	494	497	444	848	486	160	374	8	724	552	294	335	220	1685	267	34	472	258	289	155	1142	1163	1009	328	495	311	766	327	159	416	1102	205	1845	314	1616	1102	459	117	1064	137	393	1512	148	359	1187	403	166	1900	263	135	479	122	1683	740	269	430	1512	344	129	1308	168	1160	603	798	2370	154	1380	494	1442	84	547	1102	281	1328	1158	498	136	1512	80	343	7	303	430	546	77	1380	1268	1569	710	1253	225	126	152	463	311	461	1451	266	275	153	303	1442	482	216	125	766	1261	288	2641	474	1228	495	343	332	616	359	498	147	557	312	63	376	120	2005	691	1848	1217	1061	1949	1309	751	771	124	2009	483	160	1512	498	403	179	544	353	45	477	356	493	415	1136	2068	146	734	1724	426	1027	292	482	321	35	1124	269	1364	500	154	1673	738	518	1020	841	1900	142	547	1106	225	614	341	410	410	1724	545	423	135	514	721	1918	1164	218	34	547	2416	3449	1147	517	152	633	468	423	365	738	848	3	557	1464	461	1090	571	723	711	147	147	1039	1018	277	732	77	178	529	1462	845
330	88	2042	615	515	907	419	582	257	557	633	0	712	922	684	461	1011	1203	546	1942	712	443	830	387	306	366	714	239	658	504	141	207	268	521	637	634	133	689	316	88	647	1616	141	456	288	227	146	793	323	639	113	132	382	806	459	1630	712	667	429	698	853	477	758	559	800	354	267	906	392	305	792	294	775	479	1617	365	2229	774	214	557	469	496	327	1530	484	456	1343	258	655	1290	386	542	442	549	1637	443	499	306	1530	347	548	682	801	556	30	1000	1741	560	800	141	811	672	497	774	385	701	872	483	496	894	676	349	639	332	306	1117	684	800	686	1516	917	1237	796	544	480	272	369	584	818	677	361	529	341	855	150	454	548	392	774	702	2082	507	1808	267	349	418	544	456	483	568	207	328	570	268	678	1460	73	1771	1083	860	1860	684	133	141	752	1937	444	509	1530	483	258	806	135	503	675	686	328	941	350	873	1557	535	126	1155	468	824	356	150	353	667	812	499	1917	456	787	1648	123	458	1653	209	1290	541	497	511	455	21	686	225	225	1155	88	279	542	121	1325	1361	543	453	667	497	1964	2820	843	463	534	0	267	285	387	123	869	635	207	1109	782	730	558	91	176	633	780	730	781	697	128	684	657	419	860	429
382	730	2473	1248	213	1407	301	185	471	233	297	712	0	1420	390	369	1106	1758	398	1258	0	711	1532	330	628	451	211	582	284	247	828	554	527	249	475	300	797	372	867	641	212	2286	576	366	437	884	579	320	570	302	768	683	335	621	272	1976	563	304	362	39	543	339	1357	1153	1264	359	478	532	963	459	325	422	1333	255	2113	349	1541	1332	612	233	1054	324	596	1808	334	271	890	563	464	1871	349	407	359	395	1975	957	212	628	1808	365	402	1324	327	1151	682	503	2430	197	1509	576	1468	375	802	1332	336	1403	1402	351	328	1602	368	362	300	414	628	421	358	1509	1395	1860	1008	976	488	396	334	457	345	254	1484	39	390	232	476	1566	582	449	397	963	1441	11	2790	314	1100	478	362	296	875	271	351	195	554	472	300	527	413	2162	746	2138	1492	1321	2238	1325	797	828	279	2300	361	251	1808	351	563	384	675	229	281	215	550	237	379	1384	2246	231	774	1863	301	1285	475	582	362	293	1359	212	1205	368	324	1967	783	766	1039	897	1870	228	802	1222	274	690	639	502	502	1863	641	436	407	617	873	2067	1176	282	304	802	2623	3504	1385	767	227	712	463	432	330	783	1136	300	554	1696	164	1311	838	799	844	444	310	1272	1268	21	770	358	476	416	1572	1035
1109	993	1119	1195	1304	15	1225	1235	1124	1188	1166	922	1420	0	1126	1334	701	350	1040	2658	1420	709	1052	1197	805	975	1287	1159	1193	1318	954	1114	924	1170	1019	1165	985	1145	615	920	1465	1028	970	1328	1141	1011	954	1280	858	1166	990	839	1130	1022	1162	747	991	1182	1293	1387	1151	1080	269	1232	157	1127	1148	1224	530	990	1275	1128	182	1173	704	1127	2659	183	857	1188	1199	1096	831	722	1085	1261	2224	887	1041	1755	1094	1032	1307	1045	761	493	1246	805	722	1132	1038	1207	1282	1230	933	1850	1783	1222	778	970	1237	1129	620	183	1120	993	82	1352	1092	1022	1138	1135	1168	1035	805	1700	1151	778	746	647	700	2155	1140	1042	1085	1135	1130	1420	1217	1380	1051	1187	954	833	942	971	1042	530	485	1409	1695	1362	2347	1148	1134	1207	550	1261	1352	1224	1114	963	1134	924	1101	1091	967	869	226	112	950	1211	985	954	1271	1031	1312	1169	722	1352	887	1242	844	1300	1206	1502	878	1648	1189	52	1069	1188	1001	941	1308	141	951	942	1116	1192	144	1246	2503	1329	1271	786	989	654	1982	951	1757	1191	620	754	1161	934	894	995	995	941	920	1115	1032	919	1515	1050	1160	1151	1182	620	1307	2777	117	653	1192	922	1133	1122	1197	989	447	1165	1114	339	1555	245	596	908	753	1043	1274	199	152	1399	1006	1151	1031	1307	905	501
424	745	2123	1297	441	1115	453	248	551	217	102	684	390	1126	0	601	720	1475	138	1540	390	443	1495	457	444	318	188	689	106	486	826	633	418	242	107	98	810	19	683	596	558	2077	551	595	527	906	541	154	393	94	783	589	378	234	312	1611	175	85	569	350	192	221	1125	1229	968	411	577	227	766	382	150	497	1077	299	1792	397	1603	1077	493	217	1132	209	407	1432	216	457	1280	437	87	1966	340	144	576	135	1608	729	369	444	1432	428	137	1366	157	1226	657	893	2409	256	1399	551	1496	17	516	1077	364	1368	1125	598	205	1545	22	427	96	367	444	574	31	1399	1290	1496	624	1354	128	140	221	544	396	564	1503	362	342	251	344	1463	534	236	137	766	1260	382	2647	574	1237	577	427	426	580	457	598	249	633	356	146	418	26	2009	748	1775	1159	1018	1877	1368	810	826	148	1934	580	255	1432	598	437	131	582	454	108	578	379	565	504	1100	2063	244	794	1737	526	986	329	534	403	97	1096	369	1383	598	145	1596	797	494	982	894	1966	241	516	1133	316	667	261	470	470	1737	596	503	144	563	646	1926	1224	308	85	516	2396	3487	1117	492	251	684	549	504	457	797	781	98	633	1435	555	1071	530	773	741	83	148	1013	982	371	793	31	98	625	1488	846
246	440	2442	900	173	1319	155	366	213	385	503	461	369	1334	601	0	1215	1641	517	1499	369	688	1217	165	549	422	501	253	512	129	535	256	425	359	631	506	497	592	723	426	210	2076	367	6	192	567	382	618	509	511	472	500	257	819	295	1987	733	532	42	379	792	408	1205	798	1193	239	195	811	815	373	621	207	1208	304	2038	246	1897	1207	479	385	700	411	534	1852	410	144	893	458	634	1505	306	520	29	516	1991	841	235	549	1852	225	521	978	626	796	437	539	2094	351	1242	367	1125	584	777	1207	272	1090	1295	24	416	1297	582	224	510	337	549	784	580	1242	1130	1870	1112	841	728	514	405	200	245	141	1143	351	337	350	428	1292	392	492	517	815	1235	363	2519	59	1441	195	224	182	846	144	24	360	256	412	457	425	613	1908	464	2140	1459	1253	2235	978	497	535	569	2306	24	347	1852	24	458	666	494	157	522	244	494	548	148	1289	2014	357	472	1596	77	1216	440	392	251	524	1241	235	1525	4	617	1992	484	733	1407	597	1504	361	777	954	291	441	768	340	340	1596	426	219	520	419	1202	1806	830	302	532	777	2425	3161	1271	736	351	461	203	212	165	484	1162	507	256	1556	361	1170	831	529	630	607	604	1155	1184	366	468	580	644	51	1285	870
972	1099	1455	1544	1099	699	1063	939	1062	895	809	1011	1106	701	720	1215	0	1013	724	2202	1106	571	1562	1049	721	794	908	1169	823	1134	1124	1107	822	900	632	806	1135	740	756	948	1246	1725	955	1208	1058	1211	936	841	734	804	1121	878	958	509	938	921	545	804	1173	1067	632	821	871	1528	588	977	1094	691	757	854	836	1031	777	937	1201	968	2030	778	819	895	1455	826	716	722	822	1086	1996	803	642	2201	909	718	1186	727	914	676	1022	721	722	991	720	1588	839	1525	999	1607	2406	938	1346	955	1673	733	514	778	943	1462	752	1222	821	1568	741	992	806	881	721	1229	752	1346	1271	812	102	2038	657	727	826	1065	969	1232	1664	1075	878	915	793	1411	922	724	725	757	1090	1098	2395	1212	1784	1094	992	1037	482	1086	1222	935	1107	811	815	822	695	1783	1083	1087	598	598	1190	1591	1135	1124	858	1238	1190	907	722	1222	803	781	877	1105	828	1273	743	1282	1074	709	1769	911	1135	1595	1154	587	779	922	964	816	767	1022	1960	1210	833	894	1129	552	1342	1165	2203	912	514	1187	940	1007	469	919	919	1595	948	1026	718	924	860	1732	1484	928	804	514	1985	3440	768	547	918	1011	1067	1031	1049	1129	261	806	1107	1036	1270	815	454	1059	924	662	843	726	627	1086	1138	752	630	1215	1468	810
1429	1263	898	1339	1629	360	1545	1575	1429	1528	1512	1203	1758	350	1475	1641	1013	0	1386	3004	1758	1051	1098	1516	1134	1309	1633	1443	1539	1639	1204	1406	1248	1508	1369	1511	1241	1494	919	1217	1788	727	1274	1636	1450	1245	1259	1629	1190	1513	1251	1141	1456	1371	1494	698	1342	1530	1603	1726	1500	1419	448	1402	507	1449	1450	1573	826	1316	1625	1440	434	1507	436	1451	3004	434	1174	1528	1391	1436	1163	781	1425	1583	2535	1211	1390	1799	1424	1377	1617	1390	719	808	1575	1134	781	1453	1384	1331	1632	1400	1219	2170	1665	1560	807	1274	1322	1478	965	434	1448	1079	356	1661	1432	1038	1487	1455	1514	1362	1134	2049	1500	807	825	640	1029	2440	1490	1387	1425	1441	1454	1738	1295	1718	1381	1525	1286	841	1249	1313	1388	826	548	1747	1426	1675	2697	1450	1455	1530	897	1583	1661	1564	1406	1293	1478	1248	1451	877	1235	759	425	461	809	1335	1241	1204	1619	896	1621	1506	781	1661	1211	1592	1147	1624	1553	1826	1210	1989	1502	376	805	1526	1260	827	1624	491	1285	1249	1439	1539	402	1575	2854	1637	1620	764	1247	996	2324	1186	1802	1530	965	903	1494	1218	1245	1311	1311	827	1217	1426	1377	1222	1853	868	1321	1483	1530	965	972	2588	373	996	1530	1203	1438	1433	1516	1247	777	1512	1406	134	1887	473	944	1170	1027	1392	1623	489	494	1737	1266	1500	1381	1609	918	775
308	609	2075	1161	378	1029	362	218	431	171	127	546	398	1040	138	517	724	1386	0	1618	398	336	1357	358	311	180	247	567	155	417	688	509	279	175	115	126	673	146	556	458	521	1964	415	510	411	770	404	271	258	129	647	450	270	306	223	1577	216	150	480	361	313	109	1015	1094	883	300	459	360	642	246	269	381	975	218	1723	287	1732	974	354	171	999	106	274	1412	107	377	1277	299	123	1831	225	8	489	4	1577	614	301	311	1412	317	4	1228	277	1091	519	887	2271	214	1266	415	1357	128	420	974	254	1229	1032	518	101	1408	134	316	130	238	311	673	144	1266	1156	1461	623	1316	252	3	111	427	286	510	1364	363	216	190	205	1329	397	98	2	642	1137	388	2521	501	1352	459	316	335	490	377	518	212	509	218	98	279	131	1884	611	1739	1098	937	1839	1230	673	688	245	1901	494	183	1412	518	299	267	443	386	170	549	242	612	399	1010	1944	187	658	1606	447	902	191	397	289	157	997	301	1490	513	264	1569	660	391	1119	756	1831	187	420	997	226	529	258	336	336	1606	458	384	8	425	780	1798	1088	215	150	420	2289	3349	1020	390	193	546	430	386	358	660	737	127	509	1337	556	963	448	634	603	96	261	911	892	377	657	144	130	531	1352	722
1628	1936	3649	2363	1429	2647	1524	1434	1684	1479	1492	1942	1258	2658	1540	1499	2202	3004	1618	0	1258	1952	2710	1556	1885	1707	1371	1752	1466	1437	2033	1751	1785	1502	1647	1493	1996	1520	2126	1883	1296	3542	1817	1501	1653	2066	1824	1391	1826	1492	1970	1935	1587	1702	1530	3123	1697	1477	1522	1285	1573	1588	2615	2250	2501	1605	1679	1511	2221	1717	1395	1648	2586	1514	3332	1597	957	2586	1870	1479	2161	1571	1851	2922	1583	1487	908	1822	1627	2861	1607	1626	1511	1613	3116	2213	1461	1885	2922	1607	1620	2441	1390	2248	1914	1011	3555	1450	2738	1817	2588	1534	2038	2586	1590	2586	2649	1475	1574	2793	1525	1604	1490	1672	1885	976	1512	2738	2625	3011	2122	1251	1558	1616	1583	1670	1594	1362	2612	1297	1648	1486	1733	2790	1829	1692	1616	2221	2696	1269	4018	1444	615	1679	1604	1530	2108	1487	1475	1446	1751	1730	1526	1785	1565	3401	1958	3288	2699	2554	3391	2440	1996	2033	1392	3440	1509	1507	2922	1475	1822	1440	1927	1440	1453	1259	1806	1021	1591	2627	3496	1484	1971	3094	1475	2520	1731	1829	1611	1467	2611	1461	458	1502	1400	3096	1983	2007	1160	2096	2859	1480	2038	2449	1532	1921	1793	1751	1751	3094	1883	1663	1626	1863	1497	3302	2300	1540	1477	2038	3881	4595	2635	2007	1482	1942	1675	1657	1556	1983	2315	1493	1751	2949	1160	2567	2063	2020	2092	1620	1394	2524	2510	1277	1967	1512	1638	1549	2784	2293
382	730	2473	1248	213	1407	301	185	471	233	297	712	0	1420	390	369	1106	1758	398	1258	0	711	1532	330	628	451	211	582	284	247	828	554	527	249	475	300	797	372	867	641	212	2286	576	366	437	884	579	320	570	302	768	683	335	621	272	1976	563	304	362	39	543	339	1357	1153	1264	359	478	532	963	459	325	422	1333	255	2113	349	1541	1332	612	233	1054	324	596	1808	334	271	890	563	464	1871	349	407	359	395	1975	957	212	628	1808	365	402	1324	327	1151	682	503	2430	197	1509	576	1468	375	802	1332	336	1403	1402	351	328	1602	368	362	300	414	628	421	358	1509	1395	1860	1008	976	488	396	334	457	345	254	1484	39	390	232	476	1566	582	449	397	963	1441	11	2790	314	1100	478	362	296	875	271	351	195	554	472	300	527	413	2162	746	2138	1492	1321	2238	1325	797	828	279	2300	361	251	1808	351	563	384	675	229	281	215	550	237	379	1384	2246	231	774	1863	301	1285	475	582	362	293	1359	212	1205	368	324	1967	783	766	1039	897	1870	228	802	1222	274	690	639	502	502	1863	641	436	407	617	873	2067	1176	282	304	802	2623	3504	1385	767	227	712	463	432	330	783	1136	300	554	1696	164	1311	838	799	844	444	310	1272	1268	21	770	358	476	416	1572	1035
442	531	1775	1020	616	697	552	526	506	479	463	443	711	709	443	688	571	1051	336	1952	711	0	1129	529	151	278	583	602	491	639	567	540	266	462	344	463	572	459	269	376	777	1634	386	681	509	656	366	595	178	465	556	311	447	439	462	1302	363	484	645	677	534	371	682	985	553	454	537	604	335	315	592	486	639	471	1402	450	2039	638	247	479	903	387	155	1164	376	584	1547	239	367	1695	404	327	659	340	1305	288	550	151	1164	464	334	1075	599	982	430	1162	2032	514	988	386	1183	441	93	638	435	1010	696	700	383	1163	450	466	466	355	151	1008	462	988	886	1185	475	1529	498	337	377	512	452	742	1181	672	363	479	264	1054	352	262	338	335	822	700	2211	700	1679	537	466	529	166	584	700	516	540	278	426	266	421	1573	517	1458	789	609	1555	1077	572	567	577	1623	663	462	1164	700	239	571	309	616	505	812	194	938	539	676	1622	480	570	1312	642	574	256	352	442	492	660	550	1823	683	586	1305	565	55	1397	618	1695	483	93	748	462	438	294	361	361	1312	376	478	327	353	991	1494	953	451	484	93	1955	3102	684	55	484	443	512	484	529	565	475	463	540	1000	852	629	143	502	394	361	587	575	559	690	572	462	361	676	1089	415
1158	802	1980	391	1324	1041	1231	1412	1061	1387	1457	830	1532	1052	1495	1217	1562	1098	1357	2710	1532	1129	0	1201	1059	1182	1544	965	1484	1302	704	980	1081	1351	1428	1458	735	1503	862	914	1426	1080	972	1215	1095	652	976	1617	1104	1463	763	906	1211	1564	1289	1763	1480	1490	1201	1522	1641	1303	784	506	1050	1181	1057	1704	822	1130	1616	1110	879	1309	1515	1193	3060	878	1002	1387	570	1322	1094	1772	1310	1263	1974	1058	1449	707	1217	1351	1210	1360	1781	898	1322	1059	1772	1172	1358	333	1625	506	860	1711	914	1391	290	972	247	1485	1120	878	1215	129	970	1241	1322	99	1491	1174	1463	1161	1059	1946	1500	290	307	1678	1501	1752	1592	1355	1306	1075	1197	1358	213	1499	1190	1360	1155	262	978	1259	1359	822	575	1522	1336	1275	2633	1057	1174	1236	1113	1263	1241	1399	980	1145	1395	1081	1484	792	786	1849	1279	1082	1906	335	735	704	1578	1993	1211	1340	1772	1241	1058	1623	914	1309	1500	1461	1117	1751	1155	1006	954	1366	758	484	1255	1066	1167	978	1181	1492	912	1322	2733	1214	1611	1815	749	1105	2475	634	710	1372	1120	383	1286	851	1422	1055	1055	484	914	1096	1351	944	2112	682	432	1284	1490	1120	1423	1992	935	1110	1364	830	1069	1100	1201	749	1324	1459	980	964	1574	819	1161	740	756	1431	1604	897	1008	1519	762	1500	1448	1166	188	757
88	399	2295	924	127	1183	32	248	140	251	365	387	330	1197	457	165	1049	1516	358	1556	330	529	1201	0	397	258	393	262	380	124	497	225	274	218	474	368	466	451	598	326	274	1990	261	158	106	553	269	501	352	373	437	385	91	664	145	1831	575	397	124	323	649	249	1090	835	1051	75	150	676	693	214	503	93	1082	159	1901	81	1868	1081	341	251	735	255	378	1691	252	70	1027	310	479	1564	140	361	136	358	1834	708	126	397	1691	65	362	999	510	832	358	654	2100	229	1187	261	1142	439	620	1081	107	1072	1164	173	259	1272	439	63	372	174	397	748	439	1187	1074	1714	947	1001	585	355	247	126	80	223	1156	299	172	214	266	1242	276	327	359	693	1144	321	2469	171	1431	150	63	37	691	70	173	238	225	251	311	274	465	1846	416	1986	1310	1110	2082	1000	466	497	452	2152	140	204	1691	173	310	540	378	116	392	312	335	554	53	1155	1940	222	443	1543	113	1074	277	276	87	392	1113	126	1534	161	499	1835	452	577	1334	566	1564	227	620	898	140	366	605	205	205	1543	326	107	361	309	1083	1749	851	149	397	620	2334	3175	1143	580	217	387	132	102	0	452	1002	369	225	1438	397	1050	672	471	536	452	487	1026	1045	318	439	439	488	173	1245	756
309	390	1897	907	499	791	423	451	358	408	430	306	628	805	444	549	721	1134	311	1885	628	151	1059	397	0	177	541	450	459	515	439	388	123	382	368	430	438	455	248	230	660	1668	234	542	364	528	214	582	58	434	419	177	325	514	360	1438	424	458	506	599	582	299	730	861	655	324	388	644	340	185	580	343	705	374	1508	324	2043	705	97	408	774	318	37	1308	305	458	1424	91	390	1584	290	304	520	315	1442	329	441	0	1308	332	311	968	589	858	288	1046	1971	434	955	234	1085	436	231	705	315	934	779	563	315	1105	444	334	435	230	0	971	454	955	846	1321	624	1389	533	310	304	365	327	618	1087	588	247	398	152	1018	201	214	313	340	832	617	2211	567	1658	388	334	404	298	458	563	438	388	158	377	123	429	1574	379	1591	912	714	1686	970	438	439	553	1757	525	377	1308	563	91	575	172	496	475	697	78	863	400	765	1640	400	432	1295	511	678	153	201	313	464	733	441	1790	544	575	1444	429	187	1425	498	1584	404	231	691	359	297	384	213	213	1295	230	333	304	204	1054	1488	837	349	458	231	2000	3048	760	191	403	306	364	339	397	429	621	431	388	1068	753	683	290	376	303	373	572	645	653	608	434	454	388	533	1044	417
178	429	2054	980	337	962	277	274	279	233	275	366	451	975	318	422	794	1309	180	1707	451	278	1182	258	177	0	375	407	303	361	507	346	101	205	279	276	493	324	421	277	498	1842	236	415	269	589	223	435	119	281	466	276	171	462	186	1580	367	308	380	422	491	127	907	915	822	183	310	540	515	71	434	240	882	198	1675	177	1891	881	184	233	820	147	145	1435	134	307	1268	128	294	1651	125	177	393	183	1582	506	272	177	1435	197	182	1048	442	912	338	884	2096	257	1106	236	1177	305	372	881	157	1054	953	431	146	1237	311	198	281	87	177	802	319	1106	995	1463	692	1259	432	178	132	279	178	464	1184	411	86	220	28	1168	216	94	182	515	1003	439	2374	427	1492	310	198	253	444	307	431	261	346	38	215	101	312	1739	430	1736	1068	881	1834	1049	493	507	398	1901	398	200	1435	431	128	442	269	337	320	534	99	686	280	937	1811	223	478	1453	369	844	23	216	171	310	909	272	1620	418	428	1580	480	330	1293	576	1652	228	372	830	186	349	370	160	160	1453	277	237	177	244	960	1650	907	175	308	372	2176	3175	935	332	225	366	281	241	258	480	745	277	346	1245	580	860	419	454	436	270	423	821	823	431	478	319	298	421	1187	590
399	756	2305	1303	328	1275	376	144	519	157	120	714	211	1287	188	501	908	1633	247	1371	211	583	1544	393	541	375	0	653	94	373	847	608	472	194	286	121	824	168	789	629	405	2206	572	496	489	918	568	118	483	120	795	647	345	412	263	1797	363	108	478	173	331	247	1259	1221	1129	378	538	326	880	415	122	463	1222	244	1964	364	1519	1221	558	157	1122	227	504	1619	240	365	1096	503	271	1955	328	255	481	242	1795	857	273	541	1619	392	249	1376	127	1218	684	711	2455	165	1481	572	1514	176	667	1221	336	1414	1279	491	229	1604	167	390	119	382	541	430	156	1481	1369	1681	812	1187	277	246	243	509	361	427	1525	192	353	188	403	1542	566	330	244	880	1373	205	2749	460	1118	538	390	356	736	365	491	156	608	408	163	472	213	2114	765	1961	1335	1182	2062	1377	824	847	71	2120	485	206	1619	491	503	176	639	344	84	417	464	379	446	1256	2181	181	804	1828	424	1148	395	566	375	97	1244	273	1249	499	120	1783	810	638	947	918	1954	175	667	1202	268	693	448	488	488	1828	629	474	255	599	700	2025	1229	266	108	667	2534	3534	1267	637	184	714	514	472	393	810	963	121	608	1584	374	1209	692	805	809	257	105	1158	1139	195	802	156	283	537	1558	958
265	194	2278	665	369	1144	285	508	138	503	609	239	582	1159	689	253	1169	1443	567	1752	582	602	965	262	450	407	653	0	628	340	284	62	349	467	679	612	246	687	546	245	460	1836	216	251	165	314	236	756	436	617	222	328	315	867	393	1853	772	643	235	581	878	468	998	573	1031	280	115	915	628	336	757	193	1014	411	1856	295	2123	1013	355	503	473	480	453	1741	472	311	1108	366	690	1302	348	567	244	568	1860	671	388	450	1741	265	571	742	765	570	225	780	1851	488	991	216	886	673	676	1013	327	838	1110	277	483	1044	675	266	616	330	450	1004	678	991	880	1739	1070	997	815	565	467	146	297	392	903	555	351	468	396	1040	250	501	568	628	1002	574	2266	309	1678	115	266	300	735	311	277	497	62	377	549	349	692	1657	220	1999	1310	1091	2089	742	246	284	709	2165	245	454	1741	277	366	788	325	353	643	496	429	788	209	1110	1768	475	221	1345	290	1055	412	250	288	640	1051	388	1770	250	753	1868	233	633	1596	344	1302	481	676	704	388	225	776	254	254	1345	245	186	567	257	1330	1555	593	393	643	676	2187	2923	1082	637	471	239	141	186	262	233	1064	612	62	1348	609	970	737	288	416	664	742	968	1015	573	216	678	696	203	1032	669
364	709	2212	1261	345	1181	370	148	490	128	28	658	284	1193	106	512	823	1539	155	1466	284	491	1484	380	459	303	94	628	0	390	796	577	404	162	195	28	776	90	706	571	453	2119	519	506	463	872	512	134	403	26	748	579	313	340	236	1705	279	21	483	244	283	181	1170	1185	1035	347	513	299	795	353	134	435	1130	220	1870	333	1588	1130	487	128	1087	162	422	1530	174	368	1174	431	181	1922	285	163	488	151	1703	769	277	459	1530	363	157	1332	142	1182	629	786	2397	160	1408	519	1467	91	574	1130	301	1355	1186	506	162	1540	84	361	25	327	459	517	76	1408	1297	1589	726	1247	221	154	178	482	330	462	1476	255	299	165	331	1470	508	245	153	795	1290	275	2670	479	1199	513	361	346	642	368	506	152	577	339	88	404	129	2034	715	1869	1241	1088	1970	1334	776	796	95	2029	492	175	1530	506	431	160	572	359	16	472	385	471	430	1163	2097	158	758	1752	435	1054	321	508	341	12	1152	277	1335	509	129	1692	762	545	994	866	1922	153	574	1134	241	639	358	435	435	1752	571	443	163	540	703	1947	1187	235	21	574	2445	3476	1175	545	163	658	487	442	380	762	870	28	577	1492	448	1119	597	749	739	165	121	1067	1045	264	756	76	194	540	1490	874
210	505	2412	1004	45	1304	94	243	247	268	385	504	247	1318	486	129	1134	1639	417	1437	247	639	1302	124	515	361	373	340	390	0	603	321	394	247	528	388	569	475	722	449	149	2113	383	124	216	650	393	490	467	393	541	510	191	711	196	1941	629	411	115	253	673	313	1214	907	1171	191	246	688	818	330	494	212	1206	199	2022	191	1785	1205	465	268	808	311	493	1795	313	57	909	430	528	1624	235	422	114	415	1943	831	117	515	1795	186	422	1081	499	905	476	531	2192	230	1302	383	1226	468	731	1205	204	1173	1287	117	316	1376	465	184	391	286	515	667	462	1302	1189	1824	1031	904	610	414	309	233	188	103	1243	225	276	236	375	1356	400	412	417	818	1267	240	2584	89	1338	246	184	111	804	57	117	238	321	362	345	394	500	1964	525	2098	1425	1230	2195	1082	569	603	442	2263	116	237	1795	117	430	541	503	31	399	188	448	449	153	1277	2060	242	545	1658	55	1193	382	400	202	403	1237	117	1431	127	491	1942	555	689	1282	670	1623	244	731	1013	194	483	675	330	330	1658	449	227	422	433	1074	1865	933	206	411	731	2458	3264	1266	691	235	504	238	221	124	555	1106	388	321	1563	278	1175	781	584	659	501	477	1150	1167	241	541	462	538	171	1355	881
454	98	2069	474	621	938	527	711	358	690	771	141	828	954	826	535	1124	1204	688	2033	828	567	704	497	439	507	847	284	796	603	0	283	410	653	779	773	39	830	388	230	737	1555	277	532	391	89	285	930	463	778	62	262	508	946	588	1683	853	806	511	817	995	616	756	421	848	477	357	1048	439	445	930	405	790	608	1630	490	2357	790	352	690	336	634	464	1600	622	561	1384	399	797	1149	518	684	522	690	1693	506	617	439	1600	468	690	540	939	418	169	1064	1610	689	707	277	670	812	609	790	514	575	893	559	635	774	817	470	778	468	439	1241	824	707	595	1573	1034	1244	938	686	618	372	494	670	679	795	497	660	483	757	291	596	690	439	729	818	1985	589	1928	357	470	531	646	561	559	698	283	469	708	410	819	1373	82	1818	1134	905	1902	542	39	0	888	1982	524	641	1600	559	399	946	267	608	813	774	468	1050	452	902	1484	667	63	1061	560	872	498	291	478	806	830	617	2031	531	925	1707	50	574	1790	71	1149	673	609	420	584	158	823	361	361	1061	230	391	684	263	1467	1271	402	583	806	609	1907	2687	862	579	665	141	367	396	497	50	962	774	283	1099	880	738	669	64	215	775	917	755	823	815	69	824	799	487	752	452
212	185	2231	699	343	1099	253	464	88	455	557	207	554	1114	633	256	1107	1406	509	1751	554	540	980	225	388	346	608	62	577	321	283	0	286	418	619	560	247	632	499	194	454	1820	157	253	120	329	177	707	373	565	220	277	265	806	345	1801	711	591	229	549	821	412	963	613	982	230	76	860	585	274	708	144	974	364	1814	245	2094	974	295	455	513	425	390	1685	417	283	1136	304	631	1347	294	508	241	510	1807	623	352	388	1685	216	512	774	716	610	187	794	1876	443	988	157	916	617	617	974	276	852	1068	280	428	1055	620	217	564	270	388	974	623	988	875	1686	1007	1040	758	506	412	100	248	388	930	524	292	421	333	1039	190	439	510	585	980	546	2267	307	1655	76	217	262	677	283	280	452	0	315	495	286	635	1652	208	1947	1260	1043	2039	775	247	283	661	2113	243	405	1685	280	304	736	273	328	592	491	366	770	175	1066	1757	428	223	1343	277	1007	350	190	236	588	1010	352	1753	252	704	1814	234	573	1554	349	1346	433	617	699	341	189	713	191	191	1343	194	134	508	201	1277	1552	626	344	591	617	2169	2950	1041	577	424	207	94	135	225	234	1006	560	0	1314	597	933	677	272	381	605	693	926	968	543	219	623	637	213	1035	631
185	338	2021	884	380	910	301	361	241	324	376	268	527	924	418	425	822	1248	279	1785	527	266	1081	274	123	101	472	349	404	394	410	286	0	292	369	378	398	424	341	180	541	1759	149	418	243	494	133	536	88	382	373	175	207	543	254	1561	448	409	383	502	585	226	833	823	777	202	272	638	437	68	535	221	817	271	1628	203	1990	816	87	324	730	245	110	1429	232	337	1302	37	387	1558	178	275	397	282	1565	440	329	123	1429	209	281	951	544	820	242	925	1995	341	1008	149	1078	406	352	816	199	952	895	439	244	1136	412	211	382	114	123	897	420	1008	896	1445	722	1266	528	277	229	247	206	496	1084	488	137	306	74	1069	123	186	281	437	915	516	2279	444	1588	272	211	282	421	337	439	348	286	64	316	0	410	1646	336	1715	1036	836	1810	952	398	410	499	1880	401	285	1429	439	37	543	167	376	421	578	79	764	276	883	1722	310	385	1356	387	800	88	123	192	412	847	329	1712	420	530	1567	386	308	1394	477	1558	315	352	730	253	252	434	97	97	1356	180	212	275	147	1057	1555	812	245	409	352	2096	3073	875	311	311	268	247	218	274	386	741	378	286	1177	641	790	408	355	336	364	524	759	772	508	386	420	389	411	1086	508
207	562	2231	1110	206	1158	210	68	330	37	147	521	249	1170	242	359	900	1508	175	1502	249	462	1351	218	382	205	194	467	162	247	653	418	292	0	281	150	629	234	626	438	346	2048	379	353	302	724	375	288	324	155	601	462	153	463	74	1741	382	179	326	217	434	91	1112	1030	1015	188	352	458	721	229	290	275	1085	58	1865	173	1709	1084	380	37	931	78	348	1581	86	215	1106	327	280	1765	134	181	333	172	1742	710	129	382	1581	202	179	1183	297	1027	490	717	2262	52	1298	379	1320	224	554	1084	143	1222	1152	356	83	1413	223	201	154	191	382	605	222	1298	1185	1624	798	1140	370	172	85	321	170	336	1331	210	162	17	232	1358	374	202	174	721	1207	238	2572	335	1297	352	201	185	627	215	356	56	418	231	98	292	254	1939	571	1902	1247	1072	2001	1184	629	653	242	2065	338	13	1581	356	327	322	454	216	175	374	303	482	268	1135	2014	17	610	1648	284	1036	228	374	182	174	1111	129	1419	356	285	1736	616	517	1140	724	1765	22	554	1016	79	500	434	296	296	1648	438	284	181	409	865	1848	1036	74	179	554	2382	3340	1137	518	21	521	326	283	218	616	900	151	418	1448	393	1065	593	612	625	254	275	1023	1019	228	608	222	290	382	1371	796
422	707	2019	1253	487	1008	477	310	544	268	177	637	475	1019	107	631	632	1369	115	1647	475	344	1428	474	368	279	286	679	195	528	779	619	369	281	0	174	768	126	596	549	621	1976	514	625	525	864	501	260	325	173	743	529	386	190	336	1510	101	178	594	435	216	224	1024	1193	861	415	573	275	674	349	256	495	974	329	1685	402	1695	973	432	268	1099	220	334	1335	222	490	1364	381	23	1927	340	113	604	116	1508	632	410	368	1335	432	111	1319	263	1190	612	974	2340	311	1317	514	1443	112	412	973	370	1303	1019	632	215	1473	122	432	175	348	368	681	135	1317	1210	1394	533	1419	164	118	227	540	402	616	1448	443	329	294	299	1382	492	185	115	674	1166	466	2555	613	1339	573	432	449	474	490	632	307	619	315	187	369	82	1916	705	1674	1053	911	1775	1321	768	779	254	1834	608	291	1335	632	381	228	522	496	203	646	314	666	514	993	1966	289	755	1649	560	878	283	492	404	189	991	410	1488	628	251	1497	756	393	1060	845	1928	288	412	1059	340	622	164	439	439	1649	549	497	113	516	689	1835	1181	329	178	412	2293	3417	1012	391	296	637	544	499	474	756	676	174	619	1330	638	969	424	722	671	30	255	909	876	454	755	135	20	647	1410	754
