NAME : VRPTW_INSTANCE_270.txt
COMMENT : Bangkok Supermarket
TYPE : VRPTW
DIMENSION : 207
DAYS : Wednesday
EDGE_WEIGHT_TYPE : EXPLICIT
VEHICLES : 28
EDGE_WEIGHT_FORMAT : FULL_MATRIX
CAPACITY : 1000
EDGE_WEIGHT_SECTION
0	4050	639	474	609	202	312	1010	923	351	438	495	91	60	167	624	206	1158	191	239	528	1572	595	1857	1575	968	623	347	96	153	2108	373	247	932	942	432	185	275	978	3589	756	386	1104	283	1064	413	258	1126	257	245	1010	1541	986	965	1925	308	474	810	118	1816	1727	425	547	1069	1028	650	206	1064	600	152	1480	37	178	977	422	86	231	215	210	412	4050	63	305	614	745	379	735	1415	495	449	872	425	587	412	3366	817	258	394	231	1005	101	1191	582	499	428	165	665	120	170	82	185	1067	1041	1681	118	1084	589	1820	206	1137	212	3200	317	189	609	328	1045	912	348	1213	1733	594	431	1135	79	1401	364	374	197	253	193	374	35	810	777	621	224	413	505	236	309	236	661	400	1428	255	1003	365	89	248	1068	350	650	1628	140	976	1116	351	102	288	119	2026	418	541	737	1587	305	382	348	418	202	172	1113	1554	611	17	135	606	1041	309	298	737	216	1774	418	840	1190	888	101	23	540	205	431	2221	1863	443	1434
4050	0	4148	3728	3474	4197	4104	3238	3179	4233	4145	3755	4010	4100	4216	3633	4220	3056	4234	4191	3535	5563	4172	2742	3059	3151	4234	4232	4077	3910	2545	4262	4151	3424	3197	4147	3899	4306	3253	1269	3413	3723	3326	3772	4808	4356	3795	2957	3801	4245	3238	2642	3230	5000	5621	4106	3728	3496	4014	2457	2325	4139	4420	3095	3162	4343	3860	3143	4546	4006	2608	4081	3984	3381	4232	4024	4236	4114	4204	4195	4	4089	4106	4485	3578	4276	3430	5445	3728	3773	3363	4139	3638	4236	780	3235	3795	4261	4187	3251	4148	2867	3491	3561	3700	4214	4543	4012	4218	4023	3899	3138	3121	2424	4014	3793	4178	2313	3860	5014	4122	985	4339	3861	3469	4226	3109	4683	4227	2870	2868	4613	4135	3259	4022	2670	3807	4271	4214	4285	3861	4271	4081	3496	3312	3582	4231	4176	4259	4188	4105	4188	4221	4445	5457	3813	5001	4259	4101	3888	3081	4223	4679	5678	3981	3148	3263	4320	4024	4106	4157	2467	4209	4413	3346	2627	4106	4425	4227	4209	3964	3966	3084	2962	4127	4068	3916	4310	3121	3761	4092	3346	4207	2418	4209	4857	2935	4638	4089	4073	4413	4199	4136	2607	5866	3621	2631
639	4148	0	491	776	505	328	910	1000	353	206	1083	563	603	669	531	531	1584	705	839	939	1839	56	1627	1291	1015	96	356	545	607	1890	356	867	1467	963	213	568	570	895	3876	753	917	1632	763	663	427	744	1443	762	505	910	1511	917	1001	1522	332	491	1350	755	1736	1865	219	371	1054	1462	206	607	1004	516	789	1758	617	488	1504	274	724	514	430	501	256	4147	587	336	1153	1306	364	740	1623	476	451	785	219	539	288	3536	1110	744	332	831	898	665	1447	998	908	963	665	451	756	619	719	568	1009	1029	1724	755	1706	66	1836	607	1571	437	3395	809	685	786	374	1450	535	351	1517	1486	985	212	926	716	1501	480	364	538	759	717	364	620	1350	1169	594	518	245	213	837	331	837	72	662	1394	617	934	362	563	502	1465	346	738	1710	768	1015	915	896	741	353	693	1858	260	366	875	1534	336	644	351	260	831	507	1536	1323	31	637	646	189	1029	817	341	875	497	2099	260	841	1546	1432	732	633	367	502	211	1961	1751	716	1678
474	3728	491	0	286	518	380	557	548	509	421	715	388	488	616	149	548	1100	648	711	479	2010	489	1392	1101	577	550	509	435	336	1647	537	708	1027	536	422	292	634	528	3396	323	529	1181	389	1131	634	384	951	406	559	557	1132	542	1290	2005	382	0	918	537	1392	1414	414	692	651	982	646	292	627	819	560	1271	482	316	1057	504	518	554	415	522	467	3727	470	383	1088	892	551	303	1830	27	45	415	414	114	508	3086	618	384	534	702	550	564	960	534	453	569	611	817	537	589	514	292	631	624	1311	537	1344	492	1438	292	1607	425	2937	780	368	295	506	964	989	503	1026	1264	1045	411	664	510	1058	110	547	546	716	400	547	484	918	688	160	552	448	538	707	381	707	556	776	1736	261	1276	535	466	226	978	499	975	1996	527	582	645	825	531	386	588	1576	482	685	395	1169	383	754	503	482	570	310	1053	1086	462	485	375	605	624	441	370	395	524	1609	482	1139	1054	1358	569	487	685	519	412	1754	2138	246	1196
609	3474	776	286	0	727	635	447	314	762	699	625	550	647	775	289	752	834	800	812	302	2182	776	1288	1048	359	836	761	613	457	1528	792	791	823	338	699	435	839	411	3112	205	454	961	383	1416	883	396	667	414	774	447	932	410	1527	2291	637	286	732	619	1209	1150	690	960	466	725	930	404	475	1077	627	986	632	512	845	773	614	765	639	733	737	3473	634	636	1181	728	805	189	2022	299	329	335	690	258	774	2817	337	396	794	805	447	710	675	336	291	475	772	1088	618	764	611	435	477	439	1077	619	1208	778	1213	404	1726	648	2663	925	434	12	754	697	1272	757	740	1176	1204	688	615	609	806	338	800	747	862	451	800	634	732	436	220	761	720	816	809	636	809	842	981	1982	355	1529	788	641	414	708	753	1207	2218	594	368	594	941	621	634	727	1432	752	953	129	979	636	960	757	752	611	495	788	1000	747	626	476	889	439	409	622	129	736	1323	752	1383	773	1428	679	630	953	728	689	1655	2397	170	913
202	4197	505	518	727	0	196	1076	1035	167	300	696	194	143	164	659	31	1352	199	338	708	1492	453	1905	1602	1074	465	163	128	296	2163	182	373	1135	1040	293	299	115	1047	3771	835	584	1306	465	863	211	439	1302	444	48	1076	1641	1060	802	1723	192	518	1012	311	1907	1872	288	346	1162	1222	470	340	1144	400	344	1653	165	215	1179	248	281	38	108	8	252	4197	139	189	654	948	185	815	1312	531	480	934	288	631	236	3527	981	439	206	330	1069	173	1355	765	677	627	159	463	314	113	278	299	1147	1134	1803	311	1271	445	1937	340	1121	98	3365	311	364	730	143	1235	711	166	1387	1774	539	296	1174	276	1533	415	181	34	255	379	181	167	1012	960	678	34	260	332	336	194	336	510	258	1262	386	821	174	115	314	1257	170	482	1492	339	1080	1156	392	295	174	198	2094	252	341	856	1682	189	236	166	252	399	232	1306	1597	483	188	305	429	1134	500	192	856	13	1957	252	665	1374	935	258	182	340	3	297	2264	1688	576	1599
312	4104	328	380	635	196	0	926	925	129	127	778	242	274	353	502	227	1358	390	515	699	1660	283	1736	1424	957	313	129	216	308	1996	157	540	1190	916	121	281	294	900	3734	702	629	1359	482	818	254	460	1266	473	216	926	1511	916	911	1697	4	380	1069	428	1767	1784	113	327	1031	1230	358	326	1003	442	463	1606	288	182	1231	145	397	219	103	195	118	4103	259	7	850	1015	172	683	1468	385	335	785	113	483	143	3453	933	460	158	506	918	339	1299	760	667	675	348	456	430	306	392	281	1007	1003	1690	428	1389	277	1818	326	1314	110	3298	507	390	641	126	1231	667	123	1348	1602	728	118	1005	389	1433	297	167	231	450	418	167	291	1069	949	536	220	110	214	512	2	512	350	424	1356	355	897	155	235	242	1250	119	598	1619	445	961	989	585	414	25	368	1937	130	320	759	1547	7	402	123	130	508	205	1311	1427	301	308	340	312	1003	531	16	759	193	1928	130	759	1353	1131	403	304	319	194	119	2091	1763	514	1541
1010	3238	910	557	447	1076	926	0	265	1053	934	1066	934	1035	1165	423	1106	1067	1195	1234	732	2566	937	849	602	227	998	1053	987	859	1097	1079	1220	1182	180	937	825	1191	36	3038	256	901	1287	825	1569	1178	834	807	853	1116	0	601	47	1834	2400	929	557	1115	1045	842	989	931	1212	172	995	1109	807	100	1350	1058	1006	1025	870	1191	1031	1034	1112	972	1080	992	3237	1019	931	1610	1131	1093	277	2387	545	597	142	931	445	1038	2643	597	834	1072	1226	14	1107	732	748	728	919	1161	1326	1044	1142	1031	825	105	159	818	1045	1614	944	926	807	2146	982	2512	1326	859	454	1053	940	1445	1047	843	731	1597	926	190	1028	629	663	1089	1104	1261	881	1089	1027	1115	765	397	1109	972	1041	1231	928	1231	983	1333	2268	761	1804	1078	1018	774	938	1043	1525	2546	1024	216	170	1358	1044	936	1129	1019	1007	1205	366	628	931	1311	1047	1007	1049	861	1028	554	891	1025	889	1079	159	855	919	366	1081	1358	1007	1679	934	1866	1094	1027	1205	1076	927	1215	2651	606	903
923	3179	1000	548	314	1035	925	265	0	1055	968	866	863	961	1089	469	1061	802	1114	1122	530	2496	1013	1017	829	54	1076	1054	925	771	1243	1083	1098	926	85	969	748	1149	238	2881	247	723	1024	685	1661	1178	701	550	716	1081	265	618	218	1830	2521	927	548	868	928	899	868	962	1241	178	730	1180	718	226	1367	934	789	947	820	933	1053	926	1073	943	1041	1016	3178	948	927	1485	893	1097	259	2336	550	594	269	962	466	1057	2541	338	701	1082	1115	275	1024	493	531	536	731	1086	1366	927	1077	923	748	225	158	768	928	1372	1018	901	718	2033	952	2396	1238	746	314	1049	674	1525	1049	596	921	1518	958	454	921	509	630	1093	1057	1176	760	1093	948	868	511	409	1070	997	1083	1118	926	1118	1071	1292	2281	669	1823	1080	953	721	673	1045	1511	2527	902	68	434	1252	932	928	1041	1135	1030	1234	187	667	927	1270	1049	1030	912	805	763	754	975	940	790	1143	158	702	914	187	1043	1143	1030	1683	676	1723	991	944	1234	1036	959	1381	2687	482	696
351	4233	353	509	762	167	129	1053	1055	0	160	843	309	298	328	629	187	1462	361	505	805	1547	298	1855	1538	1086	302	3	258	397	2116	29	540	1271	1045	154	381	217	1028	3854	832	712	1442	575	722	125	551	1383	561	155	1053	1640	1044	782	1595	127	509	1149	468	1894	1913	153	211	1160	1333	303	427	1131	314	502	1727	318	279	1314	82	436	165	150	160	97	4232	288	127	800	1090	42	813	1350	514	465	912	153	611	69	3580	1053	551	42	497	1044	340	1422	865	773	757	324	339	470	276	432	381	1135	1133	1820	468	1433	288	1948	427	1229	148	3424	457	476	768	24	1338	569	5	1466	1719	641	161	1125	430	1562	425	38	195	410	499	38	321	1149	1057	665	171	113	164	503	128	503	348	322	1227	463	768	25	262	359	1358	10	472	1492	491	1091	1110	547	452	128	365	2060	92	205	888	1675	127	302	5	92	554	303	1415	1546	334	341	420	262	1133	619	140	888	156	2045	92	630	1466	1079	422	335	204	164	161	2207	1634	635	1664
438	4145	206	421	699	300	127	934	968	160	0	902	368	398	464	515	327	1459	499	633	801	1699	157	1714	1391	993	187	163	342	428	1976	173	661	1307	947	7	396	374	911	3810	731	747	1475	598	723	265	576	1349	591	304	934	1530	930	906	1602	130	421	1187	555	1775	1835	13	278	1055	1333	245	439	1018	417	590	1682	413	303	1347	102	524	311	225	296	67	4144	384	133	952	1136	185	714	1496	417	375	796	13	506	112	3507	1015	576	155	625	923	459	1372	862	770	794	459	398	557	414	519	396	1023	1028	1723	555	1516	150	1845	439	1390	231	3358	607	509	706	177	1329	575	157	1429	1577	802	10	989	516	1477	365	184	333	555	539	184	416	1187	1046	563	315	48	117	631	129	631	223	483	1334	461	870	177	359	344	1347	151	609	1620	572	996	975	692	541	150	487	1927	79	271	815	1561	133	462	157	79	635	325	1412	1405	182	434	463	200	1028	649	141	815	293	2012	79	748	1442	1232	528	430	271	297	9	2062	1724	599	1612
495	3755	1083	715	625	696	778	1066	866	843	902	0	538	553	601	831	696	734	596	487	337	1808	1049	1884	1669	921	1088	839	584	475	2108	867	437	447	926	897	514	749	1030	3183	831	186	617	332	1559	907	345	802	325	737	1066	1445	1026	1385	2417	775	715	327	387	1731	1480	888	1042	1044	611	1133	478	1076	1087	357	1146	530	599	494	907	415	722	697	705	891	3755	558	772	729	254	873	813	1704	743	724	961	888	787	899	3034	595	345	886	487	1068	545	910	338	338	152	602	1159	384	634	418	514	1076	1021	1512	387	632	1045	1660	478	1266	697	2856	650	397	616	820	652	1407	839	886	1783	890	892	1241	420	1220	648	868	686	617	365	868	528	327	459	785	715	887	987	485	776	485	1120	842	1840	479	1453	859	584	585	679	840	1094	1976	357	934	1219	597	403	757	534	1992	900	1037	704	1503	772	830	839	900	300	578	696	1611	1052	507	438	1088	1021	277	762	704	710	1386	900	1285	822	908	455	514	1035	700	893	2247	2287	500	1131
91	4010	563	388	550	194	242	934	863	309	368	538	0	101	231	538	212	1162	261	330	513	1638	522	1777	1490	905	555	306	67	102	2030	335	338	962	876	363	114	296	902	3576	683	403	1133	272	1031	395	247	1107	254	243	934	1477	912	992	1902	239	388	840	193	1749	1685	354	517	1001	1032	594	150	992	591	227	1458	93	87	1005	369	164	231	159	202	353	4010	85	235	703	781	344	662	1473	409	361	794	354	503	361	3335	787	247	352	321	928	175	1162	571	482	448	227	641	195	214	159	114	995	973	1627	193	1147	517	1764	150	1219	160	3173	393	172	551	288	1042	879	305	1192	1651	664	359	1052	156	1351	278	339	205	328	191	339	95	840	766	540	225	349	449	327	239	327	591	434	1454	198	1016	328	91	162	1064	305	673	1671	205	913	1033	437	181	220	199	1952	361	511	679	1521	235	414	305	361	268	81	1116	1473	534	99	113	549	973	312	226	679	206	1763	361	859	1179	977	192	99	509	197	360	2141	1882	390	1406
60	4100	603	488	647	143	274	1035	961	298	398	553	101	0	129	637	146	1217	160	247	584	1538	556	1878	1590	1004	579	294	63	191	2132	318	266	992	976	392	214	217	1003	3646	784	446	1163	338	1006	354	313	1182	314	185	1035	1577	1013	910	1866	270	488	870	170	1850	1775	385	489	1102	1088	600	244	1093	540	204	1535	23	175	1037	372	139	171	173	151	366	4099	18	267	610	804	324	763	1374	507	459	895	385	603	362	3419	869	313	340	238	1029	77	1244	639	554	488	126	606	172	118	135	214	1096	1074	1723	170	1135	549	1861	244	1119	167	3254	292	241	648	274	1104	854	295	1268	1752	562	392	1152	133	1445	378	319	136	227	249	319	24	870	834	641	164	368	456	244	272	244	620	346	1373	293	945	310	39	262	1126	298	594	1579	196	1012	1134	342	154	249	104	2053	371	484	777	1621	267	328	295	371	257	178	1173	1574	576	45	184	557	1074	367	263	777	157	1832	371	783	1248	888	129	39	482	146	392	2241	1807	484	1487
167	4216	669	616	775	164	353	1165	1089	328	464	601	231	129	0	764	141	1301	36	178	688	1408	618	2007	1716	1132	629	324	181	317	2261	338	218	1048	1105	457	343	154	1133	3741	914	528	1218	445	983	336	421	1286	417	176	1165	1705	1143	808	1822	348	616	927	222	1979	1894	451	478	1231	1171	627	371	1223	493	246	1641	142	300	1094	410	202	164	253	169	416	4216	146	345	499	855	338	893	1248	634	584	1024	451	730	397	3530	982	421	363	171	1159	68	1355	740	660	565	4	578	225	51	202	343	1226	1203	1848	222	1136	609	1987	371	993	243	3362	166	356	775	304	1193	835	327	1373	1880	432	459	1280	202	1569	505	335	133	102	355	335	141	927	933	770	157	424	493	176	350	176	674	246	1271	420	858	330	150	391	1217	332	501	1462	257	1141	1261	232	209	328	67	2183	416	475	903	1750	345	232	327	416	302	305	1257	1702	646	150	303	588	1203	464	345	903	173	1928	416	693	1345	780	147	145	473	167	460	2370	1710	609	1597
624	3633	531	149	289	659	502	423	469	629	515	831	538	637	764	0	690	1123	797	860	555	2151	545	1246	952	486	607	629	583	484	1503	655	857	1098	436	518	442	773	398	3347	223	644	1243	517	1192	754	516	940	538	697	423	1014	415	1411	2052	506	149	998	684	1265	1335	512	794	539	1014	713	439	503	929	706	1236	632	464	1124	610	667	693	552	662	571	3632	619	507	1238	982	669	209	1967	130	180	283	512	43	616	3008	621	516	648	852	415	713	927	602	534	680	760	913	684	735	662	442	508	513	1209	684	1449	549	1330	439	1757	563	2865	929	511	302	629	985	1057	624	1007	1117	1191	507	516	659	973	260	665	689	864	541	665	634	998	725	71	692	551	627	857	504	857	602	914	1848	403	1385	654	614	376	996	619	1101	2122	673	487	498	975	680	513	738	1437	586	787	357	1047	507	892	624	586	713	459	1077	939	506	635	522	678	513	565	495	357	663	1583	586	1257	1053	1508	718	637	787	659	508	1607	2239	334	1152
206	4220	531	548	752	31	227	1106	1061	187	327	696	212	146	141	690	0	1362	174	318	722	1461	479	1936	1633	1100	488	183	144	314	2193	198	355	1137	1067	320	320	87	1076	3786	864	591	1309	478	865	212	453	1318	456	41	1106	1669	1089	781	1721	223	548	1015	309	1936	1894	316	351	1189	1232	487	360	1173	394	341	1670	169	241	1182	269	280	26	140	32	276	4219	146	220	625	949	199	843	1283	562	510	964	316	661	256	3547	999	453	223	311	1099	161	1374	779	692	634	136	463	312	89	277	320	1176	1162	1828	309	1262	470	1963	360	1089	129	3385	281	378	754	163	1247	715	186	1404	1805	507	324	1205	276	1557	443	195	9	228	391	195	170	1015	974	708	19	286	351	316	224	316	533	230	1242	407	805	190	126	340	1269	191	461	1466	339	1107	1187	364	293	205	183	2124	275	347	881	1710	220	209	186	275	397	256	1317	1628	509	191	319	447	1162	511	224	881	34	1972	275	647	1388	906	250	184	345	33	324	2295	1670	598	1618
1158	3056	1584	1100	834	1352	1358	1067	802	1462	1459	734	1162	1217	1301	1123	1362	0	1304	1216	658	2527	1571	1652	1569	841	1626	1459	1225	1065	1811	1490	1168	371	887	1457	1081	1433	1041	2449	967	773	326	889	2177	1557	914	290	908	1399	1067	1102	1020	2106	3055	1357	1100	441	1078	1354	899	1447	1673	937	129	1704	1035	1009	1752	1057	484	1195	1182	333	1504	1099	1386	1312	1360	1476	3057	1216	1356	1450	524	1501	965	2435	1120	1135	1052	1447	1093	1500	2318	506	914	1502	1214	1078	1236	424	598	690	735	1300	1801	1075	1322	1100	1081	1006	931	1044	1078	811	1571	1182	1035	1962	1316	2134	1377	989	822	1444	137	2025	1457	315	1600	1625	1448	1252	1100	795	1105	1495	1353	1337	972	1495	1194	441	414	1053	1379	1464	1569	1213	1357	1213	1643	1547	2565	1002	2158	1484	1237	1117	131	1456	1802	2711	1044	853	1234	1331	1092	1346	1233	1658	1488	1667	787	1167	1356	1532	1457	1488	1003	1159	47	1466	1553	1175	1048	1659	931	851	1342	787	1365	655	1488	1994	188	1582	1155	1181	1666	1355	1449	1975	3009	867	521
191	4234	705	648	800	199	390	1195	1114	361	499	596	261	160	36	797	174	1304	0	150	702	1381	653	2039	1750	1159	662	357	215	343	2292	370	195	1043	1133	492	372	174	1164	3748	944	534	1212	461	1002	361	438	1298	432	207	1195	1732	1173	801	1835	385	648	923	227	2007	1912	487	503	1259	1175	657	397	1252	509	247	1653	170	334	1090	443	212	195	289	204	451	4233	178	382	462	849	369	923	1225	667	618	1056	487	763	430	3544	998	438	395	144	1190	90	1370	752	674	570	41	598	230	85	212	372	1255	1231	1871	227	1116	644	2011	397	959	280	3375	131	375	800	337	1200	856	361	1385	1912	404	495	1313	213	1590	538	365	167	67	372	365	168	923	943	802	190	459	525	149	387	149	708	246	1263	446	858	362	184	423	1224	365	500	1445	262	1167	1294	195	215	365	76	2213	450	499	928	1777	382	234	361	450	301	338	1262	1734	682	174	325	619	1231	477	382	928	207	1936	450	691	1353	743	150	170	498	202	495	2402	1704	633	1611
239	4191	839	711	812	338	515	1234	1122	505	633	487	330	247	178	860	318	1216	150	0	658	1387	789	2083	1809	1170	804	501	310	378	2331	516	51	929	1151	626	418	324	1200	3665	978	468	1096	439	1150	511	421	1239	408	354	1234	1740	1207	898	1973	510	711	813	193	2020	1880	620	653	1278	1089	805	428	1281	653	190	1594	242	415	978	586	199	342	412	344	590	4191	265	507	378	735	516	957	1253	733	688	1099	620	822	574	3488	961	421	541	8	1230	175	1324	700	635	495	182	747	194	229	203	418	1283	1251	1861	193	970	781	2004	428	914	404	3315	162	378	810	480	1121	1004	504	1326	1962	422	627	1368	206	1574	602	513	309	138	361	513	239	813	881	853	335	597	670	3	512	3	848	373	1353	472	973	508	284	487	1146	508	616	1502	220	1180	1348	132	191	490	146	2242	591	650	935	1789	507	366	504	591	227	412	1175	1783	814	231	345	766	1251	437	505	935	349	1859	591	805	1282	648	142	232	648	342	628	2449	1799	642	1561
528	3535	939	479	302	708	699	732	530	805	801	337	513	584	688	555	722	658	702	658	0	2044	921	1547	1334	585	973	803	579	413	1774	834	622	547	588	799	424	801	696	3063	506	202	702	245	1518	906	270	598	271	756	732	1123	690	1494	2396	699	479	443	479	1409	1222	790	1017	707	531	1047	378	738	1103	471	952	563	525	577	845	490	744	657	716	817	3535	578	697	990	429	845	491	1911	504	506	634	790	515	841	2842	303	270	845	653	734	620	668	60	31	201	687	1145	477	698	489	424	739	684	1215	479	906	920	1361	378	1540	662	2674	803	344	291	788	532	1367	800	684	1446	1079	791	910	489	924	458	840	714	750	335	840	562	443	253	496	737	805	910	655	698	655	993	929	1957	344	1528	828	596	458	553	799	1178	2146	446	597	889	789	489	687	625	1661	829	1010	367	1179	697	911	800	829	431	502	611	1274	907	546	403	1001	684	225	683	367	720	1249	829	1367	666	1208	555	552	1009	710	792	1911	2391	233	909
1572	5563	1839	2010	2182	1492	1660	2566	2496	1547	1699	1808	1638	1538	1408	2151	1461	2527	1381	1387	2044	0	1785	3395	3085	2541	1748	1546	1581	1725	3654	1528	1421	2178	2514	1693	1752	1377	2536	4942	2320	1847	2313	1825	1540	1433	1805	2606	1794	1454	2566	3114	2548	884	1809	1656	2010	2087	1576	3388	3265	1695	1467	2640	2411	1659	1779	2630	1326	1577	2954	1551	1696	2225	1598	1574	1457	1598	1488	1632	5563	1553	1654	1079	2003	1515	2299	246	2023	1972	2425	1695	2123	1587	4841	2347	1805	1544	1393	2560	1472	2703	2082	2022	1866	1412	1412	1578	1426	1576	1752	2633	2612	3247	1576	1950	1775	3389	1779	594	1588	4660	1258	1751	2182	1540	2459	1513	1552	2692	3263	978	1703	2664	1578	2961	1903	1517	1463	1319	1742	1517	1549	2087	2253	2169	1459	1652	1631	1391	1658	1391	1792	1238	799	1828	1020	1526	1551	1793	2486	1558	1100	504	1606	2549	2647	1256	1570	1645	1454	3585	1620	1472	2309	3159	1654	1260	1552	1620	1613	1707	2494	3087	1835	1556	1706	1657	2612	1825	1664	2309	1488	3182	1620	1028	2630	979	1508	1552	1471	1492	1703	3752	1052	2014	2934
595	4172	56	489	776	453	283	937	1013	298	157	1049	522	556	618	545	479	1571	653	789	921	1785	0	1670	1336	1031	62	301	499	574	1933	299	819	1443	980	164	537	515	920	3883	768	888	1608	735	647	370	715	1440	732	451	937	1538	942	952	1516	287	489	1324	712	1769	1880	171	319	1076	1448	171	577	1029	464	746	1760	571	451	1480	218	680	460	383	448	202	4171	541	290	1098	1277	307	754	1571	477	447	808	171	548	232	3553	1106	715	275	781	925	616	1449	981	890	934	613	406	714	567	676	537	1034	1051	1747	712	1669	10	1862	577	1514	389	3410	755	653	785	319	1438	512	296	1516	1530	928	164	962	673	1518	466	308	485	706	684	308	574	1324	1157	605	465	193	157	787	286	787	72	605	1352	592	890	306	517	474	1455	291	684	1664	727	1032	951	843	697	307	644	1897	205	314	880	1564	290	587	296	205	790	471	1524	1364	52	592	611	145	1051	788	297	880	445	2099	205	793	1540	1377	685	587	315	450	164	2007	1717	704	1683
1857	2742	1627	1392	1288	1905	1736	849	1017	1855	1714	1884	1777	1878	2007	1246	1936	1652	2039	2083	1547	3395	1670	0	346	962	1723	1856	1827	1707	262	1877	2070	1892	960	1719	1671	2018	883	2875	1105	1733	1948	1671	2225	1976	1681	1362	1700	1941	849	563	879	2617	2949	1740	1392	1858	1894	423	1020	1715	1979	839	1634	1833	1655	813	2125	1907	1336	1870	1708	1886	1816	1883	1938	1797	1907	1779	2740	1861	1742	2460	1895	1891	1126	3205	1375	1426	985	1715	1277	1826	2305	1327	1681	1865	2075	852	1952	1228	1548	1550	1745	2003	2077	1893	1981	1880	1671	812	862	743	1894	2360	1679	700	1655	2994	1808	2232	2170	1708	1294	1860	1562	2132	1850	1344	142	2437	1708	731	1877	875	1501	1888	1935	2106	1730	1888	1872	1858	1501	1236	1937	1759	1805	2080	1739	2080	1693	2157	3021	1610	2561	1878	1858	1616	1548	1845	2323	3331	1874	949	748	2206	1893	1751	1975	275	1793	1973	1185	502	1742	2135	1850	1793	1897	1701	1629	309	1618	1870	1738	1815	862	1698	1732	1185	1908	1607	1793	2458	1470	2715	1943	1873	1974	1905	1709	366	3364	1453	1233
1575	3059	1291	1101	1048	1602	1424	602	829	1538	1391	1669	1490	1590	1716	952	1633	1569	1750	1809	1334	3085	1336	346	0	776	1388	1539	1534	1430	604	1558	1801	1751	754	1396	1390	1713	638	3102	849	1503	1834	1419	1879	1656	1426	1281	1447	1635	602	611	643	2287	2606	1428	1101	1697	1625	633	1126	1393	1650	656	1525	1496	1381	603	1796	1643	1348	1584	1416	1753	1493	1611	1633	1493	1603	1457	3056	1572	1430	2187	1721	1572	869	2887	1082	1131	719	1393	988	1503	2579	1164	1426	1545	1800	601	1665	1165	1347	1331	1522	1711	1742	1625	1685	1607	1390	604	671	858	1625	2201	1345	873	1381	2709	1504	2488	1881	1442	1056	1545	1459	1789	1533	1286	203	2139	1386	441	1604	874	1212	1569	1633	1817	1468	1569	1586	1697	1339	955	1633	1437	1476	1805	1427	1805	1355	1848	2684	1339	2225	1560	1566	1328	1450	1527	2001	3000	1609	762	462	1926	1622	1440	1690	609	1470	1644	967	573	1430	1826	1533	1470	1640	1411	1538	127	1284	1587	1465	1480	671	1453	1421	967	1604	1664	1470	2128	1402	2451	1667	1589	1644	1601	1387	671	3020	1202	1238
968	3151	1015	577	359	1074	957	227	54	1086	993	921	905	1004	1132	486	1100	841	1159	1170	585	2541	1031	962	776	0	1094	1086	966	815	1189	1114	1147	977	58	995	791	1188	204	2874	263	776	1071	735	1678	1211	751	580	766	1119	227	573	181	1865	2532	959	577	921	976	850	849	988	1269	124	773	1200	762	175	1397	983	799	990	859	982	1081	973	1112	979	1079	1043	3150	990	959	1535	947	1129	279	2378	577	623	258	988	488	1086	2521	389	751	1112	1163	239	1069	511	586	590	785	1129	1392	975	1119	970	791	173	104	733	976	1425	1036	863	762	2082	988	2379	1284	793	360	1081	715	1544	1080	619	866	1563	984	411	968	486	665	1124	1096	1221	808	1124	991	921	563	431	1108	1024	1108	1166	958	1166	1087	1331	2314	713	1853	1112	995	760	713	1076	1547	2565	951	13	393	1300	979	961	1086	1082	1058	1262	235	620	959	1310	1080	1058	963	844	803	700	991	984	836	1164	104	753	946	235	1081	1152	1058	1716	707	1775	1038	988	1262	1075	985	1326	2715	528	702
623	4234	96	550	836	465	313	998	1076	302	187	1088	555	579	629	607	488	1626	662	804	973	1748	62	1723	1388	1094	0	305	526	614	1986	297	836	1489	1043	192	580	514	982	3944	830	932	1656	780	585	354	759	1499	775	457	998	1599	1003	906	1455	316	550	1370	740	1828	1943	200	281	1138	1502	111	622	1091	423	775	1821	596	489	1528	219	709	467	408	460	214	4233	565	319	1098	1321	302	816	1531	538	507	870	200	610	232	3616	1165	759	272	796	986	634	1510	1034	942	978	624	355	742	577	704	580	1096	1113	1809	740	1703	58	1924	622	1495	412	3472	757	694	845	325	1494	450	301	1575	1582	913	196	1020	701	1580	521	304	496	712	725	304	599	1370	1212	667	472	210	142	802	315	802	48	591	1298	640	837	304	540	522	1511	297	648	1614	758	1094	1009	848	725	336	661	1953	213	276	942	1624	319	574	301	213	821	511	1579	1419	108	617	650	93	1113	832	328	942	455	2158	213	746	1598	1374	708	612	278	462	195	2058	1657	759	1745
347	4232	356	509	761	163	129	1053	1054	3	163	839	306	294	324	629	183	1459	357	501	803	1546	301	1856	1539	1086	305	0	255	395	2117	31	536	1268	1045	156	378	214	1028	3852	831	709	1439	572	725	125	548	1381	558	151	1053	1639	1044	782	1598	126	509	1146	464	1895	1912	155	214	1160	1330	307	424	1131	315	498	1725	314	277	1311	86	433	161	147	157	100	4231	285	126	796	1086	44	813	1349	513	464	912	155	611	73	3579	1051	548	46	493	1044	336	1420	863	771	754	320	342	466	272	429	378	1135	1132	1819	464	1429	292	1947	424	1227	145	3423	453	473	767	20	1336	573	6	1464	1720	638	163	1126	426	1561	424	39	191	406	496	39	317	1146	1055	665	167	115	168	499	127	499	351	320	1227	461	769	26	258	357	1356	11	471	1492	488	1090	1111	543	448	126	362	2061	95	207	887	1675	126	299	6	95	550	300	1413	1547	337	338	417	266	1132	616	139	887	152	2043	95	630	1463	1076	418	332	206	160	163	2208	1635	633	1663
96	4077	545	435	613	128	216	987	925	258	342	584	67	63	181	583	144	1225	215	310	579	1581	499	1827	1534	966	526	255	0	169	2081	282	329	1016	936	336	178	229	956	3643	739	460	1187	337	977	333	311	1174	316	176	987	1538	967	925	1844	212	435	894	214	1808	1751	328	460	1060	1095	554	216	1048	527	249	1525	72	118	1060	326	183	164	118	136	316	4076	45	209	671	832	289	718	1411	452	403	846	328	549	317	3403	855	311	301	302	981	139	1229	637	549	505	177	582	217	155	178	178	1051	1032	1691	214	1180	493	1827	216	1175	115	3240	347	236	615	235	1107	824	254	1260	1699	610	335	1099	176	1417	325	284	137	283	252	284	75	894	832	591	158	316	409	308	213	308	565	368	1387	264	949	274	31	212	1129	256	606	1606	235	974	1080	403	199	192	167	2006	321	454	743	1581	209	348	254	321	298	125	1179	1521	517	92	177	510	1032	374	203	743	140	1829	321	791	1245	950	188	88	453	131	335	2189	1815	456	1473
153	3910	607	336	457	296	308	859	771	397	428	475	102	191	317	484	314	1065	343	378	413	1725	574	1707	1430	815	614	395	169	0	1957	425	372	881	789	424	47	397	826	3475	605	320	1051	177	1119	492	153	1005	165	345	859	1388	834	1094	1993	306	336	760	201	1663	1585	415	608	916	936	666	53	912	690	226	1356	175	126	922	448	182	333	247	304	426	3909	179	304	756	707	435	584	1565	360	319	722	415	445	442	3233	685	153	439	370	855	253	1059	472	382	366	314	735	201	309	177	47	914	888	1532	201	1100	569	1670	53	1287	251	3070	470	81	458	379	944	966	393	1090	1584	747	419	989	174	1254	231	430	307	406	110	430	176	760	666	475	327	419	522	374	307	374	645	534	1556	102	1118	418	191	126	965	392	775	1770	194	824	970	499	195	291	272	1873	436	602	586	1434	304	515	393	436	247	103	1019	1406	577	168	43	621	888	223	292	586	308	1661	436	961	1079	1023	236	172	601	299	420	2072	1985	293	1303
2108	2545	1890	1647	1528	2163	1996	1097	1243	2116	1976	2108	2030	2132	2261	1503	2193	1811	2292	2331	1774	3654	1933	262	604	1189	1986	2117	2081	1957	0	2138	2316	2080	1193	1981	1922	2277	1131	2776	1353	1965	2120	1912	2484	2237	1924	1527	1942	2200	1097	710	1124	2879	3196	2000	1647	2057	2140	474	1076	1977	2242	1068	1809	2095	1905	1053	2387	2153	1446	2123	1964	2069	2078	2131	2197	2055	2165	2041	2542	2115	2002	2706	2101	2153	1374	3465	1632	1683	1236	1977	1533	2088	2162	1535	1924	2127	2324	1102	2204	1387	1770	1779	1974	2257	2340	2140	2236	2128	1922	1051	1093	817	2140	2554	1942	729	1905	3244	2066	2109	2423	1954	1533	2121	1735	2393	2111	1496	404	2692	1970	991	2125	1017	1756	2149	2192	2359	1975	2149	2125	2057	1705	1490	2195	2021	2067	2328	1999	2328	1956	2416	3284	1859	2824	2139	2112	1870	1718	2106	2585	3594	2119	1177	1007	2456	2141	2010	2227	172	2055	2236	1419	645	2002	2394	2111	2055	2139	1956	1794	571	1881	2122	1986	2078	1093	1936	1992	1419	2166	1675	2055	2720	1624	2957	2192	2125	2237	2162	1971	171	3625	1695	1351
373	4262	356	537	792	182	157	1079	1083	29	173	867	335	318	338	655	198	1490	370	516	834	1528	299	1877	1558	1114	297	31	282	425	2138	0	554	1297	1073	167	409	217	1054	3883	859	738	1468	603	696	99	578	1412	588	162	1079	1667	1070	756	1568	155	537	1175	488	1920	1942	167	183	1187	1361	289	455	1158	285	522	1756	339	308	1340	81	457	174	178	175	106	4261	310	155	800	1114	14	840	1328	541	492	938	167	638	67	3609	1082	578	25	509	1069	356	1451	894	802	783	334	311	491	287	454	409	1162	1160	1848	488	1452	290	1975	455	1220	175	3454	459	504	797	46	1367	543	35	1495	1741	632	175	1148	451	1591	454	10	207	415	526	10	342	1175	1086	692	181	125	156	515	156	515	344	310	1199	492	739	8	284	388	1387	38	447	1467	513	1119	1133	551	473	157	380	2084	98	176	917	1701	155	291	35	98	575	331	1444	1568	339	363	447	249	1160	646	169	917	170	2074	98	603	1495	1078	440	356	175	179	175	2228	1605	664	1694
247	4151	867	708	791	373	540	1220	1098	540	661	437	338	266	218	857	355	1168	195	51	622	1421	819	2070	1801	1147	836	536	329	372	2316	554	0	878	1130	655	416	370	1186	3617	964	428	1044	412	1197	555	396	1197	381	393	1220	1715	1191	949	2023	536	708	762	176	1997	1844	648	697	1258	1041	843	420	1263	702	164	1551	257	425	926	621	190	380	437	379	622	4151	284	532	390	683	554	943	1293	732	689	1087	648	818	609	3446	925	396	578	54	1217	202	1285	661	600	452	222	793	176	268	194	416	1266	1231	1831	176	922	811	1974	420	935	430	3272	213	361	788	516	1075	1051	539	1284	1950	464	655	1359	197	1542	601	551	346	189	341	551	254	762	840	846	373	627	705	50	537	50	879	424	1403	461	1025	545	305	488	1100	543	668	1547	197	1157	1339	168	178	515	175	2223	624	693	911	1766	532	417	539	624	191	419	1127	1772	841	242	336	802	1231	405	529	911	384	1813	624	857	1238	651	145	244	691	376	656	2436	1850	622	1520
932	3424	1467	1027	823	1135	1190	1182	926	1271	1307	447	962	992	1048	1098	1137	371	1043	929	547	2178	1443	1892	1751	977	1489	1268	1016	881	2080	1297	878	0	1007	1303	911	1195	1149	2771	1008	561	171	709	1993	1346	731	579	716	1178	1182	1374	1135	1828	2858	1188	1027	122	831	1647	1253	1294	1477	1095	295	1548	867	1152	1531	803	851	969	1007	48	1329	858	1163	1122	1143	1308	3425	995	1186	1110	194	1305	998	2101	1052	1051	1122	1294	1060	1322	2680	588	731	1314	930	1189	991	718	496	573	515	1049	1597	828	1080	860	911	1151	1080	1363	831	475	1440	1508	867	1604	1123	2492	1091	800	811	1250	368	1841	1267	640	1819	1315	1297	1372	861	1088	995	1300	1128	1062	773	1300	967	122	416	1035	1156	1300	1404	928	1188	928	1515	1289	2279	850	1900	1290	1020	968	392	1268	1541	2393	799	991	1351	1029	846	1173	981	1939	1318	1471	834	1438	1186	1277	1267	1318	746	984	353	1665	1436	946	852	1502	1080	658	1174	834	1148	1012	1318	1732	530	1220	902	953	1470	1138	1298	2237	2727	780	875
942	3197	963	536	338	1040	916	180	85	1045	947	926	876	976	1105	436	1067	887	1133	1151	588	2514	980	960	754	58	1043	1045	936	789	1193	1073	1130	1007	0	950	762	1155	153	2931	215	773	1108	721	1626	1170	735	632	751	1084	180	601	133	1826	2478	918	536	945	958	873	901	942	1224	127	814	1150	736	151	1355	966	857	963	826	1015	1037	952	1077	943	1045	999	3196	962	919	1520	967	1087	233	2348	533	580	199	942	441	1042	2573	420	735	1070	1144	190	1043	567	595	590	785	1102	1346	957	1090	949	762	151	100	776	958	1448	985	902	736	2065	952	2432	1259	773	342	1041	759	1493	1040	674	857	1537	938	369	947	538	627	1083	1063	1196	790	1083	965	945	591	384	1074	980	1061	1147	917	1147	1035	1298	2272	687	1811	1071	965	727	758	1035	1509	2529	933	53	349	1280	960	921	1061	1093	1014	1217	225	645	919	1276	1040	1014	949	812	848	687	939	958	812	1115	100	743	906	225	1047	1210	1014	1675	758	1764	1016	962	1217	1041	939	1325	2671	509	760
432	4147	213	422	699	293	121	937	969	154	7	897	363	392	457	518	320	1457	492	626	799	1693	164	1719	1396	995	192	156	336	424	1981	167	655	1303	950	0	392	367	915	3810	734	744	1472	594	724	260	572	1349	587	297	937	1533	933	901	1604	124	422	1183	550	1779	1836	9	275	1057	1331	247	436	1021	413	584	1682	407	299	1343	97	518	304	219	289	61	4146	377	128	945	1132	179	717	1490	419	376	799	9	508	107	3509	1014	572	149	618	927	452	1372	860	768	790	452	396	552	407	514	392	1026	1031	1725	550	1511	157	1848	436	1383	225	3359	600	505	707	170	1327	576	150	1428	1582	795	11	994	511	1479	365	177	326	548	535	177	410	1183	1044	565	308	41	117	624	123	624	229	476	1331	459	866	170	353	341	1345	145	604	1616	566	998	979	685	535	144	480	1932	73	268	816	1564	128	456	150	73	630	320	1410	1410	189	428	458	202	1031	645	136	816	286	2011	73	744	1441	1225	521	424	268	290	10	2067	1721	598	1612
185	3899	568	292	435	299	281	825	748	381	396	514	114	214	343	442	320	1081	372	418	424	1752	537	1671	1390	791	580	378	178	47	1922	409	416	911	762	392	0	407	792	3479	572	351	1079	202	1097	484	180	1008	195	348	825	1363	801	1102	1974	280	292	790	246	1636	1573	383	592	888	952	638	46	880	682	272	1356	201	101	951	424	226	337	233	306	400	3898	199	277	796	740	421	551	1587	316	273	686	383	403	420	3228	683	180	421	410	820	282	1056	484	392	398	339	721	247	329	221	0	883	860	1512	246	1142	533	1649	46	1323	239	3067	501	116	437	364	957	945	376	1092	1547	776	386	950	218	1238	185	415	315	437	149	415	203	790	676	436	332	391	495	415	280	415	609	547	1562	87	1119	403	205	79	977	375	781	1785	241	798	931	536	240	266	304	1841	411	586	565	1407	277	527	376	411	294	78	1034	1368	537	199	90	592	860	252	264	565	310	1667	411	964	1086	1066	276	202	585	301	387	2035	1987	277	1300
275	4306	570	634	839	115	294	1191	1149	217	374	749	296	217	154	773	87	1433	174	324	801	1377	515	2018	1713	1188	514	214	229	397	2277	217	370	1195	1155	367	407	0	1162	3863	951	659	1365	555	829	188	530	1398	531	78	1191	1756	1175	697	1669	290	634	1073	363	2023	1980	365	329	1277	1303	494	445	1259	339	391	1751	239	329	1241	297	338	80	221	111	315	4305	222	287	583	1003	211	930	1196	646	595	1049	365	746	283	3631	1082	530	242	319	1184	204	1457	856	771	700	152	424	366	115	336	407	1263	1249	1916	363	1290	506	2051	445	1021	210	3468	243	457	842	198	1320	681	219	1484	1887	434	373	1287	335	1644	530	210	92	205	466	210	240	1073	1051	794	81	328	372	324	291	324	561	143	1159	493	727	210	206	428	1343	225	378	1379	396	1195	1269	338	348	275	216	2209	310	326	969	1797	287	121	219	310	448	344	1388	1710	552	258	398	459	1249	584	294	969	110	2049	310	566	1465	862	294	251	324	115	373	2376	1590	684	1701
978	3253	895	528	411	1047	900	36	238	1028	911	1030	902	1003	1133	398	1076	1041	1164	1200	696	2536	920	883	638	204	982	1028	956	826	1131	1054	1186	1149	153	915	792	1162	0	3038	222	865	1256	789	1555	1153	799	784	818	1088	36	619	26	1810	2391	903	528	1081	1010	866	992	909	1190	169	966	1092	774	109	1327	1024	993	993	840	1159	1008	1001	1083	943	1051	969	3251	987	904	1576	1096	1068	243	2359	518	569	115	909	418	1014	2651	566	799	1047	1193	40	1075	714	712	692	883	1129	1306	1010	1111	997	792	114	151	830	1010	1579	926	941	774	2113	954	2518	1294	824	418	1027	912	1430	1022	824	767	1566	903	222	994	630	633	1064	1074	1229	846	1064	995	1081	732	368	1080	949	1020	1197	902	1197	967	1305	2246	728	1782	1053	987	743	911	1017	1499	2520	990	194	202	1325	1010	910	1096	1049	984	1183	331	649	904	1283	1022	984	1014	830	1001	590	875	992	855	1061	151	819	893	331	1052	1347	984	1655	911	1832	1061	995	1183	1047	904	1249	2631	571	892
3589	1269	3876	3396	3112	3771	3734	3038	2881	3854	3810	3183	3576	3646	3741	3347	3786	2449	3748	3665	3063	4942	3883	2875	3102	2874	3944	3852	3643	3475	2776	3883	3617	2771	2931	3810	3479	3863	3038	0	3128	3213	2629	3308	4528	3963	3333	2471	3332	3820	3038	2532	3012	4550	5398	3735	3396	2872	3520	2476	2052	3801	4061	2868	2576	4042	3434	2938	4162	3502	2128	3624	3577	2722	3877	3538	3807	3712	3779	3844	1273	3641	3734	3881	2956	3895	3138	4873	3406	3440	3127	3801	3337	3877	759	2801	3333	3890	3663	3052	3674	2437	3007	3094	3178	3740	4191	3518	3757	3539	3479	2933	2887	2274	3520	3023	3886	2230	3434	4357	3718	702	3826	3407	3103	3840	2548	4384	3848	2387	2959	4074	3799	3130	3539	2408	3445	3890	3778	3785	3397	3890	3623	2872	2812	3281	3801	3828	3927	3663	3734	3663	3946	3986	5011	3393	4591	3878	3660	3494	2523	3846	4239	5159	3486	2877	3126	3781	3533	3728	3675	2636	3858	4054	3002	2549	3734	3970	3848	3858	3450	3555	2490	2980	3849	3606	3467	4001	2887	3279	3719	3002	3783	1814	3858	4430	2398	3968	3598	3612	4054	3773	3800	2903	5451	3219	2199
756	3413	753	323	205	835	702	256	247	832	731	831	683	784	914	223	864	967	944	978	506	2320	768	1105	849	263	830	831	739	605	1353	859	964	1008	215	734	572	951	222	3128	0	657	1134	570	1415	957	579	752	599	878	256	809	229	1613	2273	705	323	924	788	1072	1112	727	1008	328	872	936	552	309	1139	802	1026	773	624	1025	822	778	872	735	840	783	3412	768	706	1354	927	873	21	2147	318	367	131	727	225	827	2785	462	579	855	970	253	855	721	535	497	680	910	1130	787	894	775	572	312	301	991	788	1409	772	1116	552	1891	745	2641	1073	602	215	829	831	1280	826	811	987	1347	722	412	772	750	420	869	861	1009	625	869	775	924	601	168	869	764	845	975	704	975	825	1094	2058	506	1596	857	769	526	837	822	1298	2319	768	265	390	1103	788	709	875	1269	798	1001	182	847	706	1072	826	798	794	613	923	809	729	771	633	900	301	604	693	182	841	1377	798	1462	872	1610	839	774	1001	836	723	1471	2455	352	938
386	3723	917	529	454	584	629	901	723	712	747	186	403	446	528	644	591	773	534	468	202	1847	888	1733	1503	776	932	709	460	320	1965	738	428	561	773	744	351	659	865	3213	657	0	731	154	1434	794	172	771	156	630	901	1324	862	1336	2304	627	529	440	306	1610	1417	734	920	896	644	987	310	920	985	290	1126	422	446	603	767	325	616	561	593	746	3723	445	624	788	389	747	639	1721	557	539	788	734	601	761	3020	502	172	754	464	901	462	856	234	188	46	527	1043	304	548	326	351	921	872	1418	306	816	884	1563	310	1338	563	2848	622	239	446	691	665	1282	707	858	1626	890	737	1069	327	1126	466	742	582	574	212	742	421	440	413	601	609	739	843	465	627	465	960	774	1798	302	1385	731	468	415	689	708	1028	1968	272	788	1048	597	319	611	461	1857	756	914	547	1379	624	759	707	756	242	423	729	1452	885	402	291	941	872	99	612	547	598	1401	756	1220	819	1006	384	408	912	587	738	2099	2238	317	1092
1104	3326	1632	1181	961	1306	1359	1287	1024	1442	1475	617	1133	1163	1218	1243	1309	326	1212	1096	702	2313	1608	1948	1834	1071	1656	1439	1187	1051	2120	1468	1044	171	1108	1472	1079	1365	1256	2629	1134	731	0	877	2164	1517	899	594	886	1349	1287	1410	1239	1993	3029	1357	1181	293	1002	1671	1225	1462	1648	1182	313	1717	1035	1247	1702	973	803	1140	1176	128	1498	1029	1334	1292	1314	1477	3326	1166	1355	1256	363	1476	1126	2247	1206	1208	1241	1462	1206	1492	2571	690	899	1485	1096	1295	1161	735	647	730	685	1219	1768	999	1250	1031	1079	1244	1171	1367	1002	490	1606	1507	1035	1731	1294	2380	1257	969	948	1421	386	2011	1438	636	1885	1473	1465	1477	1032	1110	1156	1471	1299	1230	943	1471	1138	293	533	1178	1327	1469	1574	1094	1358	1094	1681	1458	2441	1016	2068	1460	1191	1134	402	1438	1709	2545	970	1085	1457	1192	1017	1342	1151	1972	1487	1642	955	1475	1355	1447	1438	1487	917	1153	331	1741	1600	1118	1022	1671	1171	827	1343	955	1320	907	1487	1900	512	1343	1072	1124	1641	1309	1466	2282	2890	935	847
283	3772	763	389	383	465	482	825	685	575	598	332	272	338	445	517	478	889	461	439	245	1825	735	1671	1419	735	780	572	337	177	1912	603	412	709	721	594	202	555	789	3308	570	154	877	0	1296	668	25	843	31	513	825	1302	791	1248	2171	481	389	589	248	1584	1452	585	786	848	759	840	158	859	863	249	1197	317	300	749	624	253	500	424	473	601	3772	333	479	799	542	613	550	1681	417	393	699	585	474	619	3084	537	25	617	433	823	377	909	301	216	200	443	912	246	453	251	202	861	822	1422	248	965	732	1565	158	1347	428	2918	571	100	379	556	770	1144	570	930	1556	850	587	979	250	1136	316	608	470	514	90	608	317	589	496	484	493	592	697	436	481	436	808	683	1711	148	1282	596	352	261	792	570	933	1906	219	746	958	571	254	467	384	1815	612	780	499	1353	479	665	570	612	228	277	843	1379	732	300	160	794	822	54	466	499	478	1494	612	1122	910	1044	319	307	778	468	588	2037	2145	218	1152
