NAME : VRPTW_INSTANCE_95.txt
COMMENT : Bangkok Supermarket
TYPE : VRPTW
DIMENSION : 306
DAYS : Wednesday
EDGE_WEIGHT_TYPE : EXPLICIT
VEHICLES : 40
EDGE_WEIGHT_FORMAT : FULL_MATRIX
CAPACITY : 1000
EDGE_WEIGHT_SECTION
0	1137	239	1369	123	241	206	94	2843	165	1037	395	358	495	231	288	395	199	308	375	370	481	1116	865	1521	600	3846	1119	83	101	91	437	330	172	366	221	245	458	840	196	248	419	378	1311	1190	437	1022	404	391	356	464	101	394	626	968	206	214	155	202	150	213	288	236	2295	464	152	404	1071	434	815	1041	101	505	60	394	193	975	582	309	309	2059	1315	502	1041	350	154	595	330	351	97	309	409	2715	866	1989	527	394	1056	405	23	1115	904	91	1171	1041	1095	1189	1321	1741	199	216	396	94	1994	1221	403	410	349	865	173	942	202	177	803	1742	370	609	358	412	1602	350	932	948	305	1299	199	73	288	201	111	145	315	815	474	167	827	581	2065	1019	185	83	2421	124	153	1905	447	436	225	63	287	211	576	1067	1369	434	213	948	309	425	1627	215	417	1282	608	116	641	385	353	97	586	91	535	465	363	23	165	975	1028	853	368	1606	1152	410	1043	17	876	2580	309	982	307	547	1727	215	431	185	1658	367	542	101	373	546	239	978	3198	371	124	212	968	612	173	535	284	995	215	391	647	97	783	2070	582	593	152	255	1016	1132	152	737	216	223	227	542	195	404	413	448	349	283	206	891	441	214	245	22	113	793	2686	1854	891	715	578	236	399	139	172	306	366	920	185	1389	101	640	376	1889	2613	355	484	582	1426	402	503	346	1230	37	524	373	1179	978	212	212	1221	1627	488	1204	496	539	1247	797	1139	187	321	109	67	604	1052	21	1438
1137	0	1247	1178	1166	1359	932	1099	2002	990	116	1002	1493	1296	1136	1266	1073	938	1064	1152	1208	1078	879	774	1004	1484	3061	848	1120	1235	1063	1068	955	991	1217	916	1250	698	781	984	905	968	1117	2395	931	835	128	1308	1314	1493	785	1235	1206	1580	258	932	1116	1004	1167	1279	1213	1070	1354	1481	785	1179	1313	505	832	625	155	1235	670	1145	1316	1194	821	606	966	966	950	2399	1300	155	1187	1142	1705	955	1190	1235	1065	1064	2355	1439	953	905	1206	96	1150	1155	1430	1228	1063	890	155	1265	2235	365	618	938	1329	1530	1099	916	199	1162	1160	1186	774	986	237	1331	982	341	627	1208	557	1493	1172	691	1437	2066	750	1065	479	1208	1158	1070	973	1248	1150	1077	625	1595	1294	507	1574	1308	775	952	1159	1372	1025	1204	2872	737	1060	1243	1148	889	1114	602	81	1816	832	1211	1567	1071	1170	614	1244	944	1670	1746	1253	1410	999	1489	1235	584	1159	919	750	1196	1155	990	821	1023	1113	1425	692	944	1151	1714	1152	1763	1717	1055	2120	950	1033	891	1121	894	952	1064	1134	1346	1219	1434	908	1358	1243	2872	992	1262	1145	258	990	983	919	947	215	1214	1314	1456	1235	355	1524	833	602	1179	886	827	1052	1179	458	1119	1211	1347	1433	1328	1461	1022	724	1181	940	1212	339	1206	1119	1250	1160	1250	609	2323	1633	339	903	1036	1247	1315	1276	991	1443	1217	1436	952	251	1219	569	913	2922	1548	1491	1294	833	923	1163	679	1193	1327	1117	903	1213	2135	1243	1145	1115	199	614	673	819	1295	912	1285	1348	1278	1029	1447	1246	1148	1226	1676	1159	400
239	1247	0	1603	349	352	384	189	3044	282	1158	633	312	271	466	49	634	360	212	203	166	340	1341	1086	1738	361	4058	1342	178	195	237	305	562	274	158	377	6	549	1062	419	355	655	226	1341	1416	438	1123	167	153	366	673	195	192	396	1115	384	131	268	431	278	34	196	348	2495	673	375	167	1259	438	1019	1173	195	577	181	156	57	1198	647	541	541	2191	1346	278	1173	158	388	464	562	157	222	211	284	2952	1091	2025	460	192	1175	233	217	1351	1142	237	1395	1173	1334	1005	1372	1823	360	343	338	189	2047	1296	225	233	157	1086	283	1080	189	285	905	1818	166	769	312	228	1620	196	902	1166	209	1323	45	301	196	418	214	377	206	1019	368	171	853	726	2270	1238	342	157	2577	339	85	1698	510	309	14	178	493	132	648	1184	1591	438	36	1164	207	242	1670	27	651	1511	561	217	408	622	320	222	664	319	461	506	165	217	282	1198	1263	1092	178	1624	1380	237	1245	224	641	2776	219	915	536	786	1915	126	658	342	1871	206	311	284	187	474	349	1217	3436	608	223	446	1115	499	287	461	510	1136	33	153	409	222	903	2294	808	768	375	430	1239	1366	375	899	128	36	339	303	202	214	652	522	160	507	39	956	671	128	6	230	215	792	2923	2092	956	627	449	3	162	245	274	293	158	1148	342	1495	284	696	604	1704	2765	322	259	808	1641	223	570	150	1470	219	458	167	962	1217	446	131	1296	1670	573	1421	271	467	1486	591	1379	222	250	212	174	410	1262	233	1499
1369	1178	1603	0	1285	1426	1241	1418	1645	1351	1097	975	1638	1822	1171	1649	993	1272	1561	1667	1692	1696	321	555	380	1961	2550	345	1425	1448	1370	1659	1040	1365	1693	1263	1609	1272	572	1185	1319	950	1648	2065	253	1457	1200	1756	1748	1577	958	1448	1708	1995	960	1241	1525	1362	1215	1415	1572	1550	1425	1146	958	1269	1758	674	1452	694	1038	1448	1306	1422	1751	1550	444	1315	1061	1061	1494	2068	1829	1038	1667	1241	1894	1040	1669	1427	1563	1636	1355	834	2028	1599	1708	1108	1688	1392	566	578	1370	293	1038	402	2509	1543	1604	1272	1404	1673	1417	1942	1378	1692	1696	1666	555	1355	1012	1536	1355	1182	1636	1692	1012	1638	1704	1860	1703	1981	506	1559	1654	1559	1322	1550	1187	1442	1254	1576	694	1772	1512	1459	1338	911	446	1287	1447	1591	1265	1519	3246	1335	1653	1590	1426	1125	1522	1297	1122	873	1452	1572	915	1567	1713	1750	1581	951	732	1793	1443	1973	985	1622	1427	1279	1308	1617	1381	1681	1392	1351	444	341	555	1732	1859	258	1691	1033	1386	2244	1434	1555	2103	1067	835	814	1529	946	1287	501	1651	1876	1367	1735	1616	1427	510	1852	998	1445	1193	960	1723	1351	1617	1094	993	1574	1748	1992	1427	1109	748	802	965	1269	1207	413	236	1269	947	1529	1580	1425	1902	1521	1766	961	1312	1663	1097	1566	1332	1027	1528	1609	1383	1442	1532	1325	508	1332	1727	1733	1601	1755	1438	1365	1580	1693	774	1287	1277	1367	1341	1000	3188	1783	1623	1814	802	366	1692	1318	1667	322	1383	1595	1696	2539	510	1193	1524	1378	1750	1278	360	1823	1614	255	2055	366	1431	1636	1442	1429	1866	965	1380	1552
123	1166	349	1285	0	196	246	216	2796	257	1059	311	377	614	118	399	294	256	430	499	491	603	1049	805	1462	706	3786	1056	206	166	197	559	270	269	487	275	356	520	779	181	325	341	501	1246	1121	535	1057	517	503	345	433	166	515	718	975	246	337	251	81	138	329	409	191	2250	433	29	517	1044	531	777	1056	166	572	182	506	311	910	648	249	249	2066	1250	621	1056	472	43	631	270	473	143	430	531	2623	745	2047	638	515	1079	529	137	1002	796	197	1105	1056	992	1241	1378	1778	256	166	415	215	2045	1266	527	534	471	805	266	956	251	269	842	1782	491	617	377	535	1671	417	903	891	426	1368	314	50	409	193	157	30	437	777	507	228	902	478	2017	961	248	202	2409	153	266	1969	522	558	335	184	279	334	639	1091	1247	531	329	825	431	548	1684	323	346	1163	601	158	757	302	365	143	646	32	647	548	485	137	257	910	943	754	449	1674	1080	534	920	131	971	2537	430	971	255	452	1694	338	372	248	1601	491	659	82	451	658	195	872	3100	292	159	97	975	729	265	647	242	1006	330	503	759	143	811	2000	522	589	29	286	951	1048	29	739	339	339	186	650	237	482	323	518	471	245	321	947	321	338	356	122	157	878	2594	1761	947	826	698	347	511	155	269	317	487	800	248	1416	82	708	321	1936	2604	367	603	522	1368	525	572	467	1128	158	634	494	1254	872	97	335	1266	1684	550	1146	615	651	1148	920	1037	301	359	158	188	727	929	120	1489
241	1359	352	1426	196	0	430	321	2972	407	1254	476	212	618	272	395	438	432	513	547	518	675	1213	978	1630	656	3950	1223	302	178	332	635	456	414	510	453	357	696	952	377	489	511	562	1069	1282	676	1248	505	487	157	626	178	544	636	1171	430	408	397	227	94	350	492	5	2427	626	190	503	1234	674	964	1251	178	745	268	489	343	1078	822	437	437	2262	1074	624	1251	507	228	468	456	507	159	513	609	2744	787	2228	753	544	1273	578	234	1079	898	332	1269	1251	1100	1083	1559	1969	432	29	247	321	2230	1454	572	580	506	978	415	1152	171	419	1032	1972	518	813	212	577	1843	316	708	1066	510	1541	339	202	492	387	156	217	515	964	345	181	1069	374	2192	1133	420	273	2603	335	295	1820	689	636	339	268	475	406	815	1285	1272	674	351	841	512	591	1865	326	522	1208	408	151	741	470	196	159	824	199	759	707	516	234	407	1078	1088	877	366	1847	1238	583	907	233	885	2717	517	775	445	594	1880	407	555	420	1771	546	650	144	364	771	3	976	3209	463	142	252	1171	823	415	759	435	1202	351	487	729	159	1004	2156	700	785	190	474	1119	1193	190	935	409	362	14	609	155	388	481	688	508	439	343	1128	407	407	357	222	154	1034	2716	1884	1128	937	781	349	496	118	414	156	510	851	420	1610	144	881	508	1769	2798	197	606	700	1538	570	743	500	1237	274	750	519	1127	976	252	407	1454	1865	726	1318	619	764	1265	941	1146	419	222	159	271	762	931	222	1674
206	932	384	1241	246	430	0	197	2661	110	831	319	565	581	273	424	355	32	325	428	451	481	964	708	1356	727	3674	963	213	307	150	439	225	124	452	36	389	273	685	100	107	324	412	1492	1041	324	819	521	515	560	291	307	467	779	762	0	286	121	280	347	350	312	425	2112	291	267	523	878	319	634	834	307	327	228	517	327	822	402	210	210	1853	1496	588	834	426	237	797	225	428	304	326	412	2595	868	1801	453	467	849	450	226	1069	841	150	1017	834	1015	1379	1132	1540	32	401	603	197	1800	1023	454	459	425	708	114	736	407	114	602	1542	451	404	565	466	1424	540	1134	785	323	1122	338	228	312	88	318	240	339	634	678	371	658	715	1885	858	46	248	2217	94	311	2081	282	434	374	231	116	283	393	861	1368	319	349	971	330	475	1438	369	311	1263	814	322	732	306	559	304	399	232	467	314	440	226	110	822	906	768	548	1428	1008	454	1086	222	1018	2393	320	1188	196	472	1535	290	300	46	1487	412	635	287	554	474	428	909	3088	290	330	269	762	565	110	467	166	789	351	515	752	304	577	1915	438	392	267	49	862	1006	267	533	290	354	418	668	402	585	345	275	422	158	345	701	457	289	389	229	319	642	2565	1740	701	635	550	383	520	343	124	512	452	910	46	1184	287	463	250	2079	2408	561	572	438	1258	454	328	426	1145	193	449	455	1346	909	269	284	1023	1438	303	1039	581	468	1151	835	1056	190	526	316	232	640	1082	228	1244
94	1099	189	1418	216	321	197	0	2858	109	1004	456	396	419	316	232	466	176	214	287	289	387	1152	897	1549	543	3870	1153	21	150	48	343	378	108	287	196	194	406	873	232	194	474	286	1385	1228	355	980	339	330	412	484	150	311	585	947	197	124	95	292	227	156	193	316	2309	484	245	341	1076	353	831	1013	150	446	53	333	133	1010	522	358	358	2033	1389	426	1013	267	242	609	378	269	163	214	315	2769	953	1926	435	311	1022	316	90	1192	975	48	1206	1013	1162	1182	1262	1693	176	299	432	0	1937	1170	315	322	266	897	113	917	234	117	760	1692	289	594	396	325	1533	346	987	977	210	1232	143	167	193	231	170	235	221	831	496	197	758	673	2083	1049	159	60	2408	153	114	1884	384	342	178	54	304	121	518	1032	1457	353	155	1038	215	337	1566	172	468	1366	654	176	568	444	395	163	531	184	443	394	281	90	109	1010	1079	917	350	1537	1193	321	1135	93	829	2591	214	1025	351	611	1732	126	472	159	1683	278	469	191	357	454	319	1048	3256	429	185	299	947	517	116	443	324	972	157	330	579	163	748	2105	620	587	245	245	1050	1181	245	724	127	162	307	484	234	388	477	388	265	320	150	834	527	126	194	105	172	716	2740	1910	834	622	483	187	337	207	108	352	287	1004	159	1350	191	578	418	1882	2598	397	408	620	1452	314	442	264	1296	57	432	293	1150	1048	299	122	1170	1566	434	1232	419	447	1309	711	1205	97	347	167	52	516	1144	106	1382
2843	2002	3044	1645	2796	2972	2661	2858	0	2762	2023	2495	3173	3191	2700	3081	2538	2684	2925	3031	3075	3000	1766	1994	1349	3366	1060	1753	2873	2939	2810	2977	2526	2772	3080	2667	3049	2552	2019	2647	2698	2460	3001	3710	1706	2736	2116	3163	3162	3129	2379	2939	3082	3434	1990	2661	2933	2776	2746	2935	3010	2923	2970	549	2379	2790	3167	1787	2732	2028	1978	2939	2554	2883	3164	2987	1896	2518	2547	2547	1314	3713	3197	1978	3050	2755	3428	2526	3053	2925	2927	2964	1246	2479	2195	2847	3082	2016	3040	2867	2200	2216	2810	1711	1978	2047	4033	2206	1862	2684	2946	3211	2858	2056	2115	3049	3050	3049	1994	2762	2042	3039	2760	2265	1903	3075	2288	3173	3061	2350	3193	3598	1906	2925	2359	2999	2820	2923	2642	2941	2768	2941	2028	3303	3008	2501	2961	779	1838	2701	2905	883	2722	2972	4743	2612	2970	3035	2886	2558	2930	2506	2017	2427	2732	3009	2558	2933	3064	2175	3030	2452	2314	3370	2944	3328	2502	3160	2925	2485	2810	2863	2645	3063	2867	2762	1896	1931	2171	3207	2347	1754	3042	2668	2861	3659	284	2917	3709	2544	2392	1142	2938	2424	2701	1205	3012	3246	2877	3213	2856	2973	2153	1571	2509	2948	2720	1990	2952	2758	2863	2563	1987	3011	3162	3364	2925	2226	933	2274	2279	2790	2614	1856	1836	2790	2164	2937	3013	2968	3307	3028	3244	2492	2591	3045	2562	3005	2331	2610	2936	3049	2863	2942	2603	1230	1452	2331	2889	2988	3043	3166	2950	2772	3113	3080	2420	2701	1859	2877	2506	2476	4731	893	3162	3185	2274	1435	3050	2566	3053	1952	2844	2844	3080	4005	2153	2720	2931	2115	2175	2541	1654	3190	2857	1890	3318	2010	2831	3154	2940	2888	3167	2599	2861	2108
165	990	282	1351	257	407	110	109	2762	0	894	417	504	471	326	319	444	81	219	318	340	383	1075	818	1464	618	3779	1072	130	251	76	339	328	15	342	95	287	298	795	186	86	427	305	1477	1151	277	871	411	406	514	401	251	357	673	839	110	176	14	317	315	248	204	402	2213	401	285	414	976	274	740	904	251	342	156	408	225	932	418	311	311	1924	1481	478	904	315	267	719	328	318	257	220	312	2706	951	1825	384	357	912	342	176	1167	942	76	1127	904	1120	1285	1159	1586	81	381	540	109	1833	1063	345	350	314	818	8	808	342	12	651	1585	340	488	504	357	1436	454	1091	894	216	1134	237	220	204	178	268	265	232	740	605	305	661	735	1989	967	64	169	2300	125	219	1980	282	336	274	159	226	173	414	922	1454	274	246	1046	224	367	1464	271	416	1354	761	273	622	405	502	257	425	232	396	299	329	176	0	932	1017	873	454	1440	1118	347	1154	175	909	2493	215	1133	298	573	1632	180	409	64	1594	304	524	266	461	405	405	1011	3198	389	283	315	839	485	8	396	269	863	249	406	641	257	638	2024	549	485	285	150	972	1117	285	618	180	250	393	558	341	491	442	284	311	262	243	730	529	179	287	186	270	628	2676	1850	730	572	462	282	411	301	15	457	341	997	64	1241	266	476	357	1985	2490	504	462	549	1365	345	339	315	1251	135	381	345	1243	1011	315	174	1063	1464	327	1147	471	398	1259	732	1162	79	457	265	158	535	1156	186	1278
1037	116	1158	1097	1059	1254	831	1004	2023	894	0	887	1394	1226	1025	1180	958	838	984	1077	1131	1013	789	667	954	1413	3078	759	1024	1136	965	999	842	897	1139	816	1162	610	672	877	810	853	1043	2283	846	761	109	1230	1235	1390	671	1136	1131	1504	149	831	1029	909	1057	1176	1124	989	1249	1492	671	1071	1235	424	758	514	60	1136	588	1048	1237	1105	721	530	854	854	1032	2288	1231	60	1109	1034	1613	842	1112	1135	986	993	2312	1323	1069	845	1131	20	1078	1055	1322	1116	965	805	60	1161	2154	462	732	838	1224	1432	1004	1033	297	1089	1087	1108	667	890	121	1234	887	260	743	1131	445	1394	1100	793	1345	1962	649	985	558	1118	1053	989	866	1148	1042	998	514	1500	1196	480	1461	1306	679	853	1063	1434	922	1111	2805	654	992	1154	1051	781	1027	523	35	1707	758	1123	1452	992	1099	726	1154	829	1562	1645	1153	1347	884	1389	1135	504	1054	860	673	1119	1055	894	721	922	1001	1337	794	855	1079	1599	1052	1696	1740	975	2019	839	917	894	1034	779	853	1028	1059	1278	1115	1345	851	1252	1134	2829	878	1161	1035	149	939	888	860	836	108	1125	1235	1390	1135	256	1493	716	488	1071	783	730	957	1071	342	1032	1123	1242	1360	1230	1373	906	639	1103	829	1122	311	1091	1032	1162	1060	1150	581	2280	1566	311	866	981	1159	1236	1174	897	1343	1139	1322	853	357	1115	502	800	2846	1616	1392	1224	716	867	1090	597	1114	1229	1019	843	1136	2066	1134	1035	1028	297	726	587	742	1226	853	1189	1303	1176	938	1350	1146	1051	1168	1561	1058	512
395	1002	633	975	311	476	319	456	2495	417	887	0	680	874	205	681	70	350	636	732	743	798	740	501	1154	994	3477	747	459	472	412	755	95	432	742	352	640	513	476	231	423	38	721	1406	810	629	915	794	783	633	218	472	764	1021	773	319	575	423	250	446	605	620	474	1951	218	299	795	776	624	501	868	472	569	451	786	583	602	629	108	108	1840	1410	881	868	720	268	937	95	722	452	637	729	2320	562	1937	766	764	908	757	418	751	525	412	795	868	706	1550	1278	1620	350	450	717	455	1914	1142	759	765	719	501	423	771	563	425	727	1630	743	454	680	770	1597	728	1143	589	633	1303	591	346	620	238	467	280	649	501	813	538	880	577	1716	657	360	476	2150	305	548	2280	551	752	620	455	223	571	613	922	1055	624	605	673	640	781	1579	610	58	946	878	468	1024	12	666	452	609	332	781	594	734	418	417	602	634	461	757	1600	769	762	802	411	1271	2241	632	1233	124	156	1410	578	108	360	1295	718	925	393	759	786	477	595	2802	28	471	225	773	882	419	781	153	811	607	783	1035	452	672	1689	227	401	299	309	643	738	299	545	578	613	472	936	549	791	28	534	717	161	598	867	205	577	640	408	467	892	2291	1459	867	942	869	631	791	466	432	621	742	597	360	1241	393	686	101	2243	2348	668	864	227	1062	759	576	718	840	414	762	747	1565	595	225	573	1142	1579	538	842	874	782	853	1149	749	494	668	467	458	953	788	406	1370
358	1493	312	1638	377	212	565	396	3173	504	1394	680	0	525	475	333	648	556	521	511	464	650	1420	1180	1835	506	4158	1428	375	258	430	617	647	505	453	578	314	802	1154	542	590	713	537	1029	1489	731	1375	411	391	86	806	258	488	459	1327	565	424	490	429	238	331	503	213	2626	806	382	407	1418	731	1153	1399	258	843	348	392	339	1282	918	626	626	2418	1034	529	1399	463	417	257	647	462	262	520	597	2956	984	2318	771	488	1413	538	339	1284	1109	430	1476	1399	1312	872	1656	2090	556	233	38	396	2332	1566	529	537	462	1180	509	1301	162	513	1156	2089	464	968	0	530	1919	162	597	1267	518	1619	328	359	503	549	247	405	516	1153	133	199	1145	503	2393	1336	541	336	2776	479	309	1607	779	621	305	345	639	424	915	1423	1455	731	333	1026	516	543	1959	297	721	1402	258	243	617	672	19	262	928	366	772	785	467	339	504	1282	1299	1090	220	1923	1447	543	1075	342	697	2914	527	628	631	805	2070	421	749	541	1975	517	541	299	213	786	211	1187	3420	664	236	454	1327	811	512	772	616	1354	332	391	592	262	1139	2366	898	949	382	614	1324	1404	382	1095	423	341	212	471	164	225	687	785	466	618	328	1231	619	422	314	336	246	1093	2928	2096	1231	940	759	310	399	228	505	59	453	1050	541	1744	299	973	698	1562	2969	19	513	898	1742	527	838	455	1448	375	769	463	916	1187	454	424	1566	1959	830	1521	526	779	1478	843	1358	481	63	249	346	689	1107	337	1778
495	1296	271	1822	614	618	581	419	3191	471	1226	874	525	0	727	224	886	551	269	161	131	224	1542	1285	1921	188	4222	1538	419	467	462	227	792	457	131	560	265	639	1263	646	510	890	189	1531	1619	465	1168	115	134	599	868	467	114	295	1215	581	300	461	696	549	286	275	614	2643	868	642	118	1406	469	1193	1253	467	644	435	133	303	1399	695	773	773	2246	1535	7	1253	155	650	562	792	153	493	267	233	3177	1359	1970	400	114	1240	150	477	1610	1395	462	1593	1253	1581	953	1348	1823	551	612	535	420	2010	1304	141	141	156	1285	467	1171	448	467	965	1812	131	904	525	129	1551	365	1058	1358	270	1271	300	564	275	642	486	640	253	1193	519	438	833	988	2426	1430	535	412	2661	569	349	1579	582	235	286	432	697	303	703	1246	1860	469	285	1434	261	128	1628	298	882	1777	729	489	150	863	539	493	724	582	390	556	141	477	471	1399	1488	1336	310	1556	1587	149	1517	484	472	2916	277	1034	764	1030	2050	296	879	535	2047	179	55	555	319	403	615	1467	3668	847	494	708	1215	366	471	390	735	1228	284	134	174	493	984	2486	1020	920	642	617	1439	1588	642	1026	296	275	606	143	463	321	896	602	159	730	294	972	936	297	265	492	487	748	3147	2321	972	501	306	274	126	516	457	528	132	1414	535	1531	555	727	827	1629	2842	540	12	1020	1822	141	633	156	1715	467	401	127	839	1467	708	302	1304	1628	653	1607	0	398	1726	324	1624	391	464	483	428	169	1534	494	1482
231	1136	466	1171	118	272	273	316	2700	326	1025	205	475	727	0	516	177	295	525	603	601	697	944	706	1360	824	3682	953	311	284	286	653	192	340	598	309	473	538	681	178	373	239	602	1259	1014	592	1035	634	620	429	368	284	625	837	928	273	440	325	45	244	444	506	269	2155	368	98	634	967	588	695	1016	284	594	292	623	425	807	666	175	175	2013	1263	734	1016	581	78	732	192	583	261	526	625	2506	636	2043	710	625	1045	633	250	885	677	286	1000	1016	873	1346	1376	1754	295	245	512	315	2033	1253	632	638	580	706	334	916	365	337	828	1760	601	580	475	641	1680	533	956	794	522	1379	429	165	506	191	275	89	534	695	608	345	925	452	1921	862	294	315	2340	201	382	2078	554	651	452	295	254	437	655	1059	1140	588	444	724	527	654	1681	441	250	1051	677	275	872	198	461	261	657	147	722	588	594	250	326	807	830	636	567	1683	972	638	828	244	1090	2445	523	1038	188	336	1609	442	285	294	1500	594	773	197	568	731	272	753	2981	191	275	22	928	811	332	722	189	962	445	620	876	261	788	1892	428	541	98	297	848	935	98	693	443	454	267	768	351	599	212	545	579	196	436	948	210	442	473	236	275	914	2477	1644	948	897	786	464	628	267	340	416	598	688	294	1383	197	727	242	2038	2536	463	716	428	1268	631	597	577	1009	262	706	605	1369	753	22	439	1253	1681	568	1047	728	724	1030	1027	918	387	466	276	299	832	832	234	1480
288	1266	49	1649	399	395	424	232	3081	319	1180	681	333	224	516	0	683	398	212	178	131	317	1385	1129	1780	313	4098	1385	224	244	280	286	608	309	121	414	43	570	1106	464	386	702	206	1361	1460	445	1140	118	104	394	714	244	156	354	1142	424	152	305	481	324	76	200	390	2532	714	425	118	1295	446	1058	1197	244	595	229	106	99	1242	662	588	588	2212	1366	230	1197	129	438	457	608	128	270	211	268	2999	1140	2027	451	156	1197	205	267	1401	1192	280	1438	1197	1383	976	1378	1834	398	388	354	232	2052	1308	196	203	129	1129	318	1106	227	320	925	1829	131	801	333	197	1619	197	913	1208	210	1325	90	351	200	463	262	427	202	1058	372	214	858	767	2308	1281	381	205	2604	384	134	1662	528	291	64	226	535	155	665	1205	1639	446	77	1212	206	210	1674	76	698	1560	572	265	359	670	343	270	682	368	450	519	133	267	319	1242	1310	1141	166	1623	1425	209	1292	273	596	2812	221	917	582	835	1949	147	704	381	1912	185	262	333	175	464	392	1266	3484	656	270	495	1142	479	322	450	555	1162	75	104	360	270	926	2337	852	803	425	468	1282	1412	425	930	149	70	382	255	241	198	701	541	133	552	83	968	720	149	43	280	263	792	2970	2139	968	610	426	52	112	291	309	322	121	1197	381	1512	333	709	649	1674	2791	345	212	852	1682	194	587	121	1518	267	450	131	924	1266	495	153	1308	1674	593	1463	225	457	1534	546	1427	251	270	259	222	370	1310	282	1507
395	1073	634	993	294	438	355	466	2538	444	958	70	648	886	177	683	0	385	660	750	756	827	775	546	1192	995	3511	785	466	460	427	783	148	459	754	391	640	571	521	259	462	105	743	1338	843	674	986	799	787	594	288	460	778	1013	842	355	589	448	222	421	608	643	437	1995	288	276	799	835	670	561	938	460	628	454	789	588	641	690	153	153	1905	1342	893	938	734	251	905	148	736	437	661	756	2328	513	2007	808	778	978	777	416	726	509	427	831	938	700	1520	1348	1690	385	415	684	466	1985	1212	778	784	733	546	450	841	543	453	796	1701	756	524	648	788	1666	710	1086	635	657	1371	594	336	643	269	452	264	672	561	781	522	944	509	1759	700	392	478	2210	323	549	2254	605	780	620	457	274	586	675	992	1013	670	608	620	664	800	1649	609	128	910	832	452	1034	75	633	437	672	320	822	646	748	416	444	641	653	460	743	1669	799	782	743	409	1265	2286	657	1181	172	158	1462	592	178	392	1335	738	934	375	746	829	439	583	2806	86	453	199	842	920	447	822	197	880	610	787	1041	437	743	1718	284	472	276	354	682	758	276	615	593	618	436	937	528	776	53	590	732	207	601	936	135	591	640	404	451	952	2300	1466	936	988	904	632	794	445	459	589	754	555	392	1311	375	748	169	2208	2407	634	875	284	1102	777	634	731	836	419	804	760	1546	583	199	587	1212	1649	597	883	886	823	854	1172	744	517	642	452	461	975	733	402	1441
199	938	360	1272	256	432	32	176	2684	81	838	350	556	551	295	398	385	0	293	396	420	448	994	736	1383	699	3699	991	194	298	131	406	257	93	422	21	365	265	714	128	79	356	380	1498	1070	298	822	492	487	555	320	298	436	753	774	32	257	93	297	345	325	280	427	2135	320	279	495	900	294	660	843	298	316	212	489	302	851	393	242	242	1863	1503	557	843	395	252	782	257	398	297	294	380	2626	898	1796	424	436	856	418	217	1101	873	131	1046	843	1047	1359	1127	1541	0	403	593	176	1798	1023	422	427	394	736	83	746	396	83	604	1542	420	418	556	434	1416	523	1132	813	291	1113	314	231	280	117	310	253	307	660	665	359	646	730	1909	886	17	230	2232	103	291	2058	266	402	351	216	147	254	384	867	1399	294	324	999	298	443	1433	346	343	1295	808	315	701	338	551	297	392	238	437	295	409	217	81	851	938	801	527	1419	1037	422	1113	214	990	2416	288	1182	228	504	1556	261	332	17	1514	381	604	288	533	445	430	941	3119	322	324	288	774	535	79	437	198	800	327	487	722	297	583	1943	469	410	279	70	891	1037	279	548	261	329	419	639	392	564	377	262	391	190	320	696	484	260	365	222	312	625	2596	1771	696	608	519	359	492	339	93	505	422	941	17	1189	288	453	282	2059	2423	553	542	469	1285	422	316	395	1177	181	420	425	1322	941	288	255	1023	1433	295	1066	551	439	1183	803	1088	159	514	308	216	608	1111	221	1242
308	1064	212	1561	430	513	325	214	2925	219	984	636	521	269	525	212	660	293	0	108	150	173	1275	1018	1652	441	3954	1270	226	335	239	129	547	203	157	299	212	380	997	404	242	646	87	1546	1353	234	937	246	250	565	604	335	157	521	959	325	105	213	505	423	189	20	508	2377	604	459	251	1139	235	924	1006	335	396	256	252	183	1133	458	530	530	2013	1551	275	1006	126	454	670	547	129	356	1	101	2916	1159	1815	250	157	1000	126	300	1385	1161	239	1326	1006	1339	1171	1166	1624	293	496	548	214	1840	1098	131	135	125	1018	213	918	378	212	725	1617	150	637	521	143	1408	406	1114	1090	3	1113	193	381	20	397	357	447	15	924	580	348	645	879	2158	1162	280	244	2415	336	223	1831	330	128	216	255	440	106	462	1007	1664	235	187	1249	7	151	1461	224	635	1568	773	362	416	624	527	356	480	398	252	313	138	300	219	1133	1230	1092	378	1412	1322	130	1349	304	733	2651	9	1127	517	792	1786	106	625	280	1777	90	324	399	388	266	510	1230	3411	608	371	509	959	309	217	252	487	975	189	250	444	356	734	2217	759	651	459	354	1172	1328	459	761	105	180	499	383	386	410	661	346	121	481	192	758	734	106	212	316	359	581	2886	2063	758	426	270	214	252	395	203	494	157	1209	280	1308	399	500	575	1862	2599	528	262	759	1553	131	386	130	1470	271	248	155	1090	1230	509	106	1098	1461	399	1339	269	258	1476	513	1380	142	460	354	251	316	1356	318	1295
375	1152	203	1667	499	547	428	287	3031	318	1077	732	511	161	603	178	750	396	108	0	59	138	1383	1126	1760	338	4061	1378	293	375	323	110	645	304	70	404	200	481	1105	500	350	744	36	1540	1460	317	1025	159	170	569	711	375	53	427	1059	428	163	310	578	464	197	116	542	2483	711	528	165	1245	320	1032	1102	375	491	317	171	204	1241	547	627	627	2103	1544	167	1102	49	529	620	645	50	400	106	98	3022	1240	1870	286	53	1092	31	362	1477	1256	323	1434	1102	1437	1084	1231	1698	396	534	532	288	1901	1174	28	35	49	1126	314	1017	391	313	817	1689	59	743	511	38	1457	372	1089	1198	109	1167	208	448	116	495	397	520	92	1032	545	369	710	920	2265	1270	382	298	2511	427	253	1731	427	116	214	314	543	166	553	1099	1744	320	196	1324	101	50	1520	225	734	1654	749	401	308	720	520	400	573	466	281	404	50	362	318	1241	1334	1191	332	1461	1430	36	1417	367	629	2756	115	1087	616	888	1891	161	728	382	1886	18	216	453	342	295	544	1327	3516	704	409	586	1059	301	318	281	587	1074	196	170	336	400	831	2325	865	759	528	460	1280	1433	528	866	160	185	533	283	403	358	755	445	44	581	204	837	814	161	200	378	398	635	2992	2168	837	433	248	206	168	432	304	496	70	1292	382	1392	453	584	676	1770	2694	522	154	865	1661	27	480	57	1569	342	285	63	990	1327	586	164	1174	1520	497	1447	161	289	1578	423	1480	239	448	394	310	228	1428	380	1363
370	1208	166	1692	491	518	451	289	3075	340	1131	743	464	131	601	131	756	420	150	59	0	191	1413	1156	1795	291	4102	1409	291	354	331	168	661	326	11	431	162	530	1134	514	383	759	95	1490	1490	373	1080	101	110	526	739	354	25	373	1109	451	168	329	572	440	170	151	514	2526	739	519	106	1288	375	1068	1154	354	543	309	112	183	1270	602	642	642	2158	1495	138	1154	24	525	562	661	22	379	148	158	3046	1236	1929	345	25	1146	78	353	1482	1265	331	1465	1154	1450	1027	1290	1756	420	508	483	290	1960	1232	67	74	26	1156	336	1067	355	337	871	1748	0	786	464	65	1516	319	1035	1230	150	1226	183	441	151	510	374	515	134	1068	491	337	770	892	2307	1302	405	288	2564	438	232	1681	478	174	179	307	566	172	607	1153	1739	375	169	1315	142	78	1580	192	750	1653	697	378	282	732	475	379	627	459	340	458	11	353	340	1270	1356	1205	276	1520	1458	81	1403	359	584	2801	159	1030	632	900	1936	165	748	405	1923	75	184	438	286	354	515	1337	3537	716	385	583	1109	354	340	340	603	1124	169	110	301	379	883	2359	889	798	519	487	1310	1457	519	911	165	158	505	233	369	301	766	495	29	598	178	894	811	166	162	369	376	695	3016	2190	894	488	298	170	109	408	326	454	11	1290	405	1449	438	640	695	1715	2747	476	122	889	1697	65	533	25	1583	340	344	5	939	1337	583	170	1232	1580	548	1481	131	347	1594	430	1493	260	401	371	303	244	1417	371	1422
481	1078	340	1696	603	675	481	387	3000	383	1013	798	650	224	697	317	827	448	173	138	191	0	1399	1145	1758	412	4039	1391	398	499	411	43	706	367	202	450	337	452	1125	568	383	805	114	1678	1477	264	949	279	294	706	740	499	172	519	1013	481	271	379	678	588	330	193	670	2455	740	633	285	1225	268	1035	1044	499	445	427	295	332	1259	486	691	691	2026	1683	227	1044	187	627	751	706	189	521	172	72	3049	1331	1751	176	172	1026	113	472	1549	1322	411	1448	1044	1494	1178	1124	1598	448	660	671	387	1788	1080	124	117	187	1145	376	966	525	374	753	1588	191	727	650	127	1334	510	1227	1210	176	1050	339	554	193	560	521	621	165	1035	682	501	608	1046	2243	1282	438	413	2447	505	379	1794	390	46	350	425	590	273	496	1031	1835	268	328	1422	171	117	1406	361	791	1737	888	526	333	786	659	521	518	571	166	355	185	472	383	1259	1371	1248	467	1339	1450	109	1522	476	685	2722	173	1221	677	952	1858	271	776	438	1878	133	270	569	477	179	672	1390	3548	770	534	682	1013	162	379	166	647	1022	329	294	377	521	779	2328	901	754	633	501	1297	1466	633	841	269	318	661	367	536	491	824	412	183	639	336	749	906	271	337	488	523	524	3018	2202	749	297	109	343	290	558	367	634	202	1379	438	1310	569	511	729	1852	2625	661	225	901	1659	126	433	195	1623	444	177	194	1058	1390	682	272	1080	1406	460	1451	223	173	1626	359	1535	311	586	518	421	172	1529	489	1258
1116	879	1341	321	1049	1213	964	1152	1766	1075	789	740	1420	1542	944	1385	775	994	1275	1383	1413	1399	0	257	418	1692	2737	34	1163	1204	1104	1364	786	1087	1416	982	1347	964	279	923	1032	708	1361	1992	77	1152	888	1485	1479	1370	674	1204	1427	1737	646	964	1251	1086	990	1186	1309	1266	1211	1230	674	1039	1488	376	1147	376	731	1204	993	1165	1482	1286	142	998	808	808	1351	1996	1548	731	1388	1007	1677	786	1390	1187	1277	1343	1652	791	1772	1292	1427	802	1401	1140	632	515	1104	55	731	443	2291	1244	1362	994	1188	1457	1152	1698	1078	1407	1410	1387	257	1077	696	1300	1077	860	1390	1413	697	1420	1419	1568	1462	1834	190	1274	1347	1296	1080	1266	922	1202	1019	1291	376	1553	1272	1137	1203	991	125	1010	1189	1542	1003	1260	3018	1027	1358	1329	1169	850	1247	980	816	1008	1147	1308	903	1282	1426	1471	1322	703	857	1605	1204	1691	748	1406	1187	962	1068	1309	1072	1402	1140	1075	142	210	433	1485	1569	66	1404	1044	1134	1981	1523	1268	1943	809	625	752	1255	685	1010	561	1366	1596	1132	1489	1308	1214	483	2157	757	1207	966	646	1415	1073	1309	833	682	1310	1479	1715	1187	787	953	534	654	1039	925	103	183	1039	626	1255	1314	1210	1633	1287	1521	732	1004	1383	835	1302	1011	843	1254	1347	1133	1203	1210	1621	825	1011	1412	1429	1339	1485	1205	1087	1361	1415	751	1010	1008	1132	1021	740	2982	1741	1407	1534	534	332	1407	1006	1388	465	1125	1288	1418	2296	483	966	1249	1078	1471	967	134	1542	1306	413	1756	439	1153	1408	1202	1171	1571	985	1131	1266
865	774	1086	555	805	978	708	897	1994	818	667	501	1180	1285	706	1129	546	736	1018	1126	1156	1145	257	0	657	1435	2982	255	908	955	848	1109	537	830	1158	725	1092	717	25	670	775	466	1104	1832	334	902	749	1229	1223	1135	416	955	1170	1482	518	708	994	829	751	942	1053	1009	975	1450	416	797	1231	346	897	162	618	955	751	911	1225	1030	115	764	558	558	1429	1835	1291	618	1131	763	1436	537	1133	939	1020	1087	1904	702	1717	1044	1170	684	1144	888	655	460	848	309	618	496	2046	1128	1334	736	952	1217	897	1662	964	1150	1153	1130	0	820	553	1052	819	668	1356	1156	461	1180	1162	1460	1213	1628	88	1017	1209	1040	832	1009	668	954	775	1034	162	1311	1023	931	1016	1214	156	753	935	1686	749	1006	2769	779	1103	1074	915	594	991	746	699	1041	897	1052	828	1025	1169	1388	1067	458	895	1378	956	1434	508	1166	939	728	821	1061	825	1145	888	818	115	272	347	1233	1461	305	1148	976	882	1725	1740	1012	1727	558	413	921	998	435	753	796	1109	1339	886	1238	1061	978	468	2406	515	960	726	518	1168	816	1061	580	559	1055	1223	1457	939	592	1208	283	411	797	668	154	341	797	418	998	1059	974	1376	1040	1269	499	756	1126	582	1047	827	636	997	1092	882	955	994	1873	1064	827	1173	1179	1084	1228	959	830	1120	1158	684	753	957	886	794	489	2741	1885	1168	1276	283	563	1150	763	1131	579	872	1040	1161	2043	468	726	992	964	1388	723	341	1285	1059	552	1502	516	896	1164	954	917	1316	928	880	1175
1521	1004	1738	380	1462	1630	1356	1549	1349	1464	954	1154	1835	1921	1360	1780	1192	1383	1652	1760	1795	1758	418	657	0	2081	2324	407	1561	1613	1501	1728	1195	1475	1799	1369	1744	1308	682	1326	1412	1121	1734	2387	357	1500	1064	1874	1870	1787	1065	1613	1807	2134	847	1356	1639	1476	1405	1599	1705	1645	1628	817	1065	1453	1877	561	1495	727	893	1613	1327	1566	1872	1682	552	1314	1216	1216	1130	2390	1927	893	1770	1419	2092	1195	1773	1596	1653	1709	1358	1163	1743	1631	1807	958	1775	1545	931	889	1501	362	893	751	2703	1348	1312	1383	1605	1872	1549	1643	1193	1782	1784	1769	657	1465	905	1710	1464	1116	1348	1795	1032	1835	1794	1637	1870	2250	573	1651	1480	1693	1489	1645	1323	1612	1432	1667	727	1967	1681	1393	1615	577	502	1400	1590	1211	1404	1660	3426	1372	1721	1727	1570	1245	1636	1298	969	1254	1495	1704	1260	1659	1800	1505	1721	1115	1112	2024	1614	2067	1162	1821	1596	1277	1478	1649	1413	1784	1545	1464	552	589	829	1890	1636	406	1778	1388	1539	2373	1110	1644	2360	1216	1044	436	1644	1092	1400	144	1742	1976	1543	1894	1645	1631	836	1875	1170	1618	1380	847	1751	1461	1649	1237	867	1706	1870	2095	1596	1053	569	941	1005	1453	1313	511	503	1453	930	1644	1710	1627	2022	1698	1926	1149	1349	1765	1238	1699	1240	1261	1642	1744	1539	1613	1482	1327	656	1240	1724	1773	1737	1875	1617	1475	1775	1799	1112	1400	1033	1543	1323	1146	3397	1404	1823	1914	941	99	1782	1340	1772	697	1527	1628	1801	2699	836	1380	1638	1193	1505	1305	317	1921	1645	630	2106	724	1539	1821	1612	1572	1931	1323	1537	1326
600	1484	361	1961	706	656	727	543	3366	618	1413	994	506	188	824	313	995	699	441	338	291	412	1692	1435	2081	0	4391	1691	537	542	591	416	921	606	285	712	354	819	1413	776	671	1015	371	1445	1768	652	1356	206	213	591	1019	542	285	120	1397	727	441	606	786	609	389	442	653	2817	1019	730	204	1578	655	1355	1439	542	829	543	210	412	1549	882	901	901	2434	1450	184	1439	315	746	455	921	312	568	439	420	3313	1434	2148	588	285	1427	334	578	1707	1502	591	1745	1439	1695	768	1533	2010	699	659	503	544	2192	1492	324	325	316	1435	616	1355	488	617	1152	1999	291	1077	506	313	1728	349	956	1512	441	1453	403	659	442	774	556	735	425	1355	452	493	1020	1005	2597	1585	682	518	2848	696	446	1393	765	424	375	539	842	445	889	1433	1927	655	390	1496	433	314	1810	385	1011	1856	654	558	141	983	524	568	909	676	578	741	302	578	618	1549	1622	1454	293	1733	1734	334	1563	585	293	3092	449	910	894	1147	2227	437	1015	682	2210	356	143	633	298	590	653	1577	3797	969	560	803	1397	544	620	578	867	1412	388	213	95	568	1169	2642	1162	1088	730	768	1589	1725	730	1202	437	382	647	59	505	281	1014	783	320	863	396	1160	1023	439	354	590	557	934	3283	2453	1160	675	485	363	207	577	606	530	285	1495	682	1720	633	915	961	1440	3029	524	189	1162	1983	323	818	312	1831	580	589	285	652	1577	803	443	1492	1810	836	1765	189	585	1847	381	1739	542	457	555	536	313	1588	593	1668
3846	3061	4058	2550	3786	3950	3674	3870	1060	3779	3078	3477	4158	4222	3682	4098	3511	3699	3954	4061	4102	4039	2737	2982	2324	4391	0	2730	3883	3938	3821	4014	3520	3789	4107	3683	4063	3588	3007	3649	3720	3445	4032	4576	2668	3775	3173	4187	4184	4106	3385	3938	4111	4452	3038	3674	3953	3792	3728	3923	4024	3950	3949	1588	3385	3776	4190	2816	3771	3039	3031	3938	3594	3889	4186	4001	2876	3563	3541	3541	2341	4578	4228	3031	4077	3744	4415	3520	4080	3921	3955	3999	1583	3366	3204	3891	4111	3072	4072	3869	3059	3127	3821	2682	3031	2937	5028	3265	2902	3699	3926	4195	3869	3064	3175	4081	4082	4076	2982	3780	3091	4035	3778	3315	2942	4102	3318	4158	4093	3395	4195	4531	2897	3953	3417	4012	3814	3950	3646	3937	3756	3970	3039	4290	4006	3558	3888	1796	2826	3716	3912	1874	3727	3982	5751	3649	4007	4048	3893	3566	3950	3549	3073	3201	3771	4023	3424	3961	4097	3219	4042	3439	3118	4335	3939	4363	3485	4143	3921	3528	3803	3908	3684	4090	3869	3779	2876	2872	3103	4213	3391	2712	4075	3510	3863	4685	1345	3946	4654	3540	3358	2189	3958	3417	3716	2187	4042	4277	3868	4218	3901	3951	3056	1562	3494	3943	3703	3038	4000	3776	3908	3562	3037	4025	4184	4396	3921	3272	1802	3265	3303	3776	3629	2834	2770	3776	3198	3957	4028	3948	4332	4022	4250	3470	3627	4072	3562	4019	3388	3567	3956	4063	3864	3937	3659	1590	2211	3388	3942	4034	4057	4188	3941	3789	4098	4106	3301	3716	2919	3868	3554	3471	5720	1814	4145	4216	3265	2420	4081	3606	4079	2821	3850	3888	4107	5020	3056	3703	3951	3175	3219	3578	2641	4222	3902	2768	4365	2894	3852	4145	3937	3895	4208	3441	3862	3164
1119	848	1342	345	1056	1223	963	1153	1753	1072	759	747	1428	1538	953	1385	785	991	1270	1378	1409	1391	34	255	407	1691	2730	0	1163	1209	1104	1357	790	1085	1412	979	1347	952	279	925	1028	714	1355	2016	92	1142	860	1484	1478	1380	671	1209	1423	1738	618	963	1249	1084	998	1193	1309	1262	1221	1214	671	1046	1486	344	1136	362	701	1209	980	1166	1480	1286	145	983	812	812	1318	2019	1544	701	1385	1013	1685	790	1387	1192	1272	1336	1664	819	1738	1280	1423	772	1396	1143	666	545	1104	57	701	477	2297	1213	1327	991	1197	1465	1152	1664	1047	1402	1405	1383	255	1075	669	1305	1074	838	1355	1409	683	1428	1414	1536	1466	1851	180	1269	1318	1296	1085	1262	924	1207	1026	1286	362	1560	1277	1115	1222	976	109	1008	1190	1514	1004	1262	3023	1016	1350	1330	1170	849	1245	965	786	1042	1136	1308	933	1277	1421	1438	1323	709	891	1617	1209	1687	755	1414	1192	946	1073	1298	1060	1398	1143	1072	145	242	459	1488	1537	96	1399	1075	1137	1980	1506	1263	1957	813	639	726	1253	689	1008	549	1361	1593	1138	1492	1296	1223	515	2171	764	1213	973	618	1404	1071	1298	835	653	1310	1478	1711	1192	765	952	537	642	1046	923	104	218	1046	607	1253	1314	1219	1631	1292	1524	742	993	1380	837	1303	987	859	1252	1347	1137	1208	1190	1633	843	987	1397	1419	1340	1484	1211	1085	1369	1412	781	1008	974	1138	1004	743	2991	1713	1416	1530	537	317	1402	993	1385	499	1127	1276	1415	2298	515	973	1247	1047	1438	955	107	1538	1295	447	1746	473	1150	1415	1207	1173	1563	1016	1134	1233
83	1120	178	1425	206	302	213	21	2873	130	1024	459	375	419	311	224	466	194	226	293	291	398	1163	908	1561	537	3883	1163	0	129	63	355	384	129	288	214	184	427	884	240	216	479	295	1363	1238	375	1001	334	324	390	497	129	314	574	967	213	131	116	284	208	147	205	296	2324	497	235	336	1092	374	845	1033	129	468	33	327	125	1020	544	364	364	2053	1368	426	1033	270	235	590	384	272	142	227	327	2776	947	1948	453	314	1043	323	74	1191	976	63	1216	1033	1164	1166	1284	1715	194	280	410	21	1959	1191	321	328	269	908	134	937	213	138	781	1714	291	612	375	330	1555	328	966	988	223	1253	133	156	205	240	149	227	232	845	475	175	779	657	2097	1061	177	38	2426	160	99	1870	406	354	166	33	316	128	540	1053	1451	374	147	1031	227	343	1587	159	474	1362	632	155	567	448	373	142	553	174	460	416	283	74	130	1020	1086	920	334	1559	1202	328	1126	78	820	2606	227	1004	358	614	1748	132	480	177	1695	285	468	174	340	472	299	1049	3261	433	164	293	967	532	137	460	331	991	149	324	576	142	768	2116	629	604	235	261	1061	1188	235	742	133	155	287	478	212	372	480	410	268	328	140	856	521	132	184	90	151	737	2746	1916	856	639	496	176	331	186	129	330	288	1000	177	1371	174	600	425	1866	2616	375	408	629	1464	320	464	266	1299	49	450	294	1137	1049	293	129	1191	1587	455	1244	419	465	1313	716	1208	118	326	146	31	522	1135	91	1404
