NAME : VRPTW_INSTANCE_144.txt
COMMENT : Bangkok Supermarket
TYPE : VRPTW
DIMENSION : 245
DAYS : Wednesday
EDGE_WEIGHT_TYPE : EXPLICIT
VEHICLES : 35
EDGE_WEIGHT_FORMAT : FULL_MATRIX
CAPACITY : 1000
EDGE_WEIGHT_SECTION
0	403	173	1010	1121	386	570	294	394	264	395	890	1010	1994	309	189	576	444	33	610	201	496	228	97	206	1031	190	182	496	438	97	785	153	568	1017	862	1066	412	170	222	517	46	968	133	1627	672	148	1991	215	373	575	205	525	1239	650	586	222	394	1727	819	1121	193	330	1056	404	528	1017	422	1172	807	202	300	488	21	1149	745	418	1521	499	705	221	121	1081	481	439	23	1007	227	752	220	1109	214	22	202	582	424	454	401	1096	154	582	932	406	840	2067	990	1004	1194	539	399	223	622	246	26	1740	165	237	537	1645	25	773	393	1092	124	239	83	493	258	355	1894	1003	307	401	1014	288	1627	603	1058	395	205	534	120	710	1046	199	113	609	993	408	153	1221	300	525	1089	1119	441	85	1793	1176	412	417	1003	309	352	1028	840	524	862	1627	437	39	189	508	211	1077	2069	1743	1321	1020	1250	3328	1026	218	537	124	968	386	309	400	572	194	404	1028	2071	885	464	422	491	256	525	405	1002	650	438	210	153	935	350	242	309	1214	525	276	403	214	86	373	288	957	612	1003	791	172	589	608	448	390	1704	394	23	1432	214	672	525	977	165	418	404	419	776	1043	62	135	1422	383
403	0	409	1176	1313	783	180	433	112	486	793	1259	1168	2063	543	557	709	185	369	823	569	116	439	490	521	1401	346	407	115	268	386	596	483	684	1192	1265	841	802	277	487	449	359	1206	269	1682	296	285	2346	231	207	492	242	922	1639	324	726	487	112	2028	1222	1297	209	717	1269	805	447	1146	168	1537	1210	200	687	647	410	1319	500	189	1875	117	605	486	384	1379	102	611	382	1230	491	954	182	1288	188	396	332	956	187	851	1	1278	554	707	1335	176	1206	2404	1199	1405	1556	448	3	179	263	595	395	2138	411	498	448	1770	394	383	17	1494	278	499	332	117	633	117	1492	1182	265	1	1178	116	1682	738	1460	798	242	455	513	1102	1387	492	378	882	1202	809	483	1336	687	281	1274	1484	813	477	2125	1577	156	807	770	246	121	1418	1206	131	1265	1682	273	365	557	908	192	1280	2464	1843	1393	1422	1574	3673	870	232	448	278	1184	783	697	229	170	354	214	1418	2442	1288	454	168	636	512	922	174	1228	324	268	242	369	1100	133	501	543	1591	922	448	47	235	480	98	245	1140	442	1182	765	399	713	742	133	790	1957	112	396	1659	235	296	922	1380	411	189	805	338	544	1416	342	499	1107	251
173	409	0	855	975	414	542	123	353	100	423	851	853	1827	155	175	407	373	169	462	184	470	56	246	114	993	340	10	470	333	264	902	95	397	864	911	1177	417	287	395	365	186	837	198	1457	705	136	1936	178	463	712	167	543	1258	573	418	395	353	1631	863	970	238	333	916	446	377	854	357	1128	851	240	306	321	194	996	625	344	1465	473	547	394	286	981	456	273	182	870	401	604	253	958	251	193	347	552	351	475	408	946	275	413	975	337	798	1997	847	1030	1147	390	406	255	565	193	197	1748	8	410	388	1485	195	792	407	1123	190	412	136	465	244	318	1866	851	203	408	858	318	1457	435	1089	450	167	382	263	711	978	83	276	489	851	447	95	1057	306	611	940	1075	412	239	1718	1198	352	421	1110	214	314	1021	798	503	911	1457	330	181	175	541	244	934	2068	1579	1152	1047	1168	3265	1157	177	388	190	828	414	316	495	561	347	493	1021	2033	927	611	357	322	429	543	337	866	573	333	167	312	779	306	415	155	1185	543	443	429	174	236	341	199	806	477	851	620	10	419	440	499	430	1584	353	194	1300	174	705	543	1015	8	344	446	544	879	1153	160	132	1499	487
1010	1176	855	0	151	901	1214	766	1072	755	900	772	23	1015	703	859	467	1027	1018	402	852	1167	801	1039	807	832	1194	850	1168	934	1108	1744	859	492	32	1166	2009	847	1142	1219	762	1037	227	1050	685	1452	979	1461	987	1301	1566	981	895	1276	1109	452	1219	1072	989	1123	122	1077	845	164	938	772	106	1031	880	1112	1076	853	541	1029	142	974	1007	1053	1170	717	1217	1131	487	1160	585	1027	182	1224	262	1083	114	1084	1033	1202	748	1012	890	1175	108	1022	469	1182	1015	736	1439	132	1147	877	779	1174	1083	1163	799	1037	1607	860	1232	778	637	1036	1504	1182	1231	1043	1234	992	1160	834	1058	2326	42	913	1175	6	1132	685	438	1210	970	981	765	1044	885	675	810	1123	454	132	932	859	245	853	1436	107	845	763	1040	1171	1245	1038	843	1940	931	1054	995	736	1199	1166	685	927	1030	859	941	1076	147	1846	746	399	1163	702	2679	2007	983	778	1043	154	901	855	1333	1261	1200	1328	995	1629	1151	1467	1031	547	1249	895	1016	188	1109	934	977	1162	76	1043	1237	703	993	895	1286	1214	983	1034	1079	936	68	860	42	550	861	462	434	1300	929	823	1072	1034	510	983	1452	895	1191	860	1007	938	1397	1709	1593	1015	889	2272	1332
1121	1313	975	151	0	968	1359	895	1211	874	965	750	169	963	820	958	604	1170	1132	513	950	1310	922	1141	915	786	1308	970	1310	1077	1219	1872	968	630	125	1172	2141	911	1262	1322	909	1151	204	1172	673	1593	1103	1330	1117	1429	1687	1109	941	1232	1258	587	1322	1211	844	1132	54	1203	923	89	1002	919	238	1173	810	1122	1203	935	670	1139	77	1125	1149	941	1312	869	1320	1242	406	1303	711	1140	144	1326	370	1211	47	1212	1144	1318	787	1154	947	1312	44	1117	607	1178	1156	723	1298	136	1129	803	927	1312	1212	1311	897	1148	1524	979	1335	925	557	1147	1649	1319	1206	1165	1336	1110	1303	924	1196	2477	132	1049	1312	152	1263	673	575	1189	1035	1109	912	1143	901	615	922	1234	532	133	995	968	265	935	1568	43	783	827	1143	1035	1208	1179	907	2072	1067	1192	961	723	1342	1172	673	1070	1144	958	990	1204	54	1745	684	430	1143	598	2531	2132	1113	925	1165	163	968	935	1461	1404	1314	1457	961	1505	1152	1583	1173	678	1350	941	1157	153	1258	1077	1106	1274	219	1180	1339	820	926	941	1395	1350	1112	1137	1217	1071	172	1010	132	700	981	601	571	1435	995	672	1211	1145	359	1112	1593	941	1181	979	1149	1002	1519	1840	1612	1131	994	2414	1458
386	783	414	901	968	0	941	493	754	411	9	527	909	1916	394	239	609	785	418	533	229	867	425	320	310	665	535	423	866	747	442	1123	320	623	895	496	1404	57	548	461	744	432	776	516	1579	1058	503	1627	568	750	893	556	139	855	987	608	461	754	1417	449	986	576	88	885	42	759	947	767	808	437	584	110	533	385	1018	1029	756	1163	869	902	460	459	801	852	498	408	829	463	648	602	971	597	398	553	234	763	69	782	956	258	623	561	748	484	1719	832	623	832	774	780	605	976	234	400	1355	408	467	771	1524	401	1159	775	713	507	468	451	862	172	717	2269	878	618	782	906	671	1579	625	679	70	556	762	304	326	712	342	458	446	835	38	320	1142	110	899	947	756	140	331	1452	794	761	62	1348	628	713	644	484	897	496	1579	743	425	239	127	592	915	1683	1644	1278	639	929	2967	1334	570	771	507	804	0	99	774	950	535	781	644	1696	513	773	767	550	476	139	748	822	987	747	559	493	838	708	470	394	837	139	555	788	565	325	738	611	835	874	878	912	423	626	628	834	28	1447	754	399	1213	565	1058	139	603	408	756	42	767	1130	782	443	291	1790	753
570	180	542	1214	1359	941	0	530	189	599	950	1391	1202	2038	652	707	761	193	537	899	717	74	558	662	657	1532	526	537	74	282	564	663	628	731	1234	1430	867	953	457	668	453	529	1276	438	1657	252	437	2462	372	363	616	385	1077	1795	184	779	668	189	2115	1385	1336	380	868	1325	966	445	1169	198	1664	1374	370	839	716	580	1354	389	220	1992	71	563	667	563	1472	89	690	552	1292	671	1017	352	1328	359	566	511	1095	213	1006	180	1320	724	755	1499	218	1337	2508	1255	1564	1682	439	183	349	105	735	566	2289	546	678	441	1775	565	290	195	1654	446	679	493	78	781	225	1328	1226	355	180	1214	293	1657	788	1620	961	385	452	685	1251	1502	626	557	979	1258	969	628	1346	839	376	1317	1611	955	649	2228	1734	198	958	796	339	229	1563	1337	48	1430	1657	289	534	707	1068	361	1332	2611	1835	1382	1580	1677	3779	932	371	441	446	1244	941	849	376	57	534	358	1563	2568	1451	603	198	701	692	1077	217	1291	184	282	382	549	1140	236	681	652	1726	1077	626	206	376	652	203	349	1187	389	1226	741	532	761	792	248	950	2019	189	566	1714	376	252	1077	1542	546	220	966	486	593	1595	508	650	1060	404
294	433	123	766	895	493	530	0	349	83	500	870	762	1718	124	267	304	342	287	392	272	464	76	368	184	1008	448	113	464	275	381	978	198	288	779	984	1246	483	384	516	255	302	775	289	1345	728	215	1931	222	534	803	214	608	1310	520	317	516	349	1595	935	885	310	405	843	530	269	755	332	1137	923	309	383	225	316	909	536	313	1462	467	430	515	402	947	452	183	302	802	521	527	316	874	317	313	453	587	320	545	432	863	394	306	1044	312	815	1979	774	1088	1154	283	431	317	530	258	317	1788	131	531	280	1387	316	804	435	1183	284	533	243	458	321	323	1830	767	176	432	769	369	1345	333	1150	540	214	273	385	760	972	155	392	451	777	529	198	956	383	673	857	1084	457	362	1699	1252	332	486	1177	193	318	1058	815	498	984	1345	270	297	267	616	309	858	2101	1476	1042	1106	1148	3250	1241	218	280	284	756	493	393	567	561	456	562	1058	2040	996	711	332	220	550	608	313	799	520	275	211	425	689	308	536	124	1205	608	558	464	217	359	346	189	723	381	767	497	122	313	338	545	513	1525	349	314	1232	217	728	608	1081	131	313	530	632	945	1256	272	240	1540	565
394	112	353	1072	1211	754	189	349	0	413	764	1203	1062	1950	468	518	607	79	362	731	529	117	370	489	467	1343	391	348	117	155	405	709	439	580	1089	1247	952	765	312	527	336	357	1112	268	1569	384	253	2278	186	305	597	198	889	1607	264	624	527	0	1943	1201	1193	216	680	1170	781	335	1038	58	1477	1189	206	651	551	406	1214	410	77	1807	120	494	525	410	1296	104	519	378	1133	531	856	190	1185	197	393	381	905	76	819	111	1175	548	604	1314	63	1149	2328	1100	1377	1495	335	112	187	228	546	393	2100	357	539	335	1660	392	455	124	1468	274	541	313	111	592	38	1515	1080	173	111	1073	156	1569	635	1434	778	198	343	512	1062	1318	436	402	800	1103	783	439	1226	651	394	1171	1423	765	477	2048	1547	45	770	880	155	42	1374	1149	151	1247	1569	161	361	518	882	197	1180	2422	1731	1281	1393	1497	3599	982	184	335	274	1086	754	661	332	212	401	318	1374	2381	1266	548	58	538	555	889	62	1132	264	155	195	403	996	46	543	468	1537	889	506	158	189	479	25	162	1038	334	1080	652	343	610	640	245	765	1861	0	393	1561	189	384	889	1357	357	77	781	436	656	1433	332	463	1203	349
264	486	100	755	874	411	599	83	413	0	419	794	752	1730	58	193	311	416	266	362	196	530	49	322	108	934	440	96	530	355	360	1000	135	304	764	901	1274	400	387	486	333	284	739	297	1362	782	230	1864	259	559	812	249	525	1228	600	321	486	413	1544	852	870	333	323	816	449	348	754	404	1065	840	334	301	223	285	896	619	386	1394	533	501	484	382	894	517	175	278	771	491	504	345	858	344	286	447	507	393	463	484	846	336	317	961	383	739	1918	748	1005	1082	363	483	346	606	176	290	1708	105	500	360	1385	289	864	485	1100	290	502	236	524	240	382	1908	751	244	484	758	406	1362	338	1067	460	249	351	335	677	905	84	373	398	751	448	135	958	301	705	839	1012	375	318	1639	1170	402	403	1207	260	378	978	739	564	901	1362	350	278	193	533	336	834	2023	1480	1056	1023	1088	3188	1257	257	360	290	728	411	311	591	625	447	589	978	1969	913	712	404	226	518	525	384	768	600	355	247	410	678	369	505	58	1129	525	540	511	255	313	406	251	706	463	751	548	106	324	343	587	432	1488	413	287	1201	255	782	525	998	105	386	449	644	974	1179	260	178	1586	585
395	793	423	900	965	9	950	500	764	419	0	518	909	1914	401	248	613	795	427	534	238	876	434	330	319	656	545	431	876	756	452	1132	329	627	893	487	1413	53	558	470	752	442	773	526	1579	1068	513	1618	578	759	902	566	129	846	996	611	470	764	1410	440	984	586	95	882	39	767	947	776	799	428	594	118	538	394	1016	1037	765	1154	879	909	469	469	795	861	503	418	826	472	648	612	969	607	408	563	227	772	59	792	954	268	627	552	757	476	1710	829	613	823	781	789	615	985	242	410	1345	417	476	779	1522	411	1168	785	704	517	477	461	872	180	726	2279	876	626	792	905	681	1579	628	670	70	566	769	313	316	704	350	467	445	833	34	329	1142	118	908	945	747	137	341	1443	784	770	58	1357	637	722	634	476	907	487	1579	752	435	248	118	602	913	1673	1642	1278	630	921	2958	1343	579	779	517	802	9	108	784	959	544	791	634	1686	504	782	776	555	484	129	757	820	996	756	568	502	838	717	478	401	828	129	564	798	575	335	747	620	834	882	876	917	432	630	631	844	29	1442	764	408	1208	575	1068	129	593	417	765	39	777	1140	777	453	301	1799	762
890	1259	851	772	750	527	1391	870	1203	794	518	0	792	1692	745	707	787	1210	919	625	695	1320	833	841	738	142	1057	856	1320	1145	961	1650	776	817	748	442	1932	485	1059	988	1067	936	555	1008	1423	1550	974	1102	1029	1263	1421	1017	404	516	1389	773	988	1203	917	412	793	1065	560	662	531	1082	864	1198	282	405	1071	590	763	894	824	1364	1181	636	1323	1161	987	980	401	1307	760	914	613	991	631	1087	779	1084	907	1074	307	1188	463	1257	764	783	801	433	1177	55	1192	648	378	305	1097	1256	1090	1400	664	909	934	849	994	1094	1271	909	1642	1254	459	999	995	937	1315	633	1169	2700	732	1038	1257	778	1157	1423	781	440	559	1017	1081	827	239	218	768	977	490	650	524	776	1001	590	1414	754	230	449	851	927	477	1196	478	1875	1053	1165	230	55	1354	442	1423	1139	928	707	448	1078	699	1236	1411	1165	393	434	2442	1860	1028	1094	999	621	527	582	1289	1413	1058	1294	230	1184	415	1301	1198	784	1002	404	1178	604	1389	1145	1018	1015	749	1157	996	745	334	404	1082	1274	1025	845	1193	1042	708	1207	732	1085	861	800	781	1333	538	1009	1203	907	848	1025	1550	404	431	849	1181	531	1292	1655	893	938	767	2310	1270
1010	1168	853	23	169	909	1202	762	1062	752	909	792	0	1007	702	861	461	1016	1017	404	854	1156	798	1041	807	854	1192	848	1157	923	1108	1739	860	484	55	1183	2002	856	1139	1220	750	1036	250	1046	673	1441	975	1484	982	1295	1563	975	907	1297	1095	445	1220	1062	1010	1139	134	1072	852	188	947	759	82	1021	903	1128	1071	859	536	1029	151	957	997	1077	1159	701	1219	1131	511	1150	581	1026	205	1225	266	1078	129	1079	1032	1200	761	1002	900	1166	125	1025	461	1200	1005	755	1461	156	1166	900	766	1166	1078	1150	802	1037	1630	858	1234	765	635	1035	1493	1174	1251	1040	1235	989	1149	839	1050	2307	65	906	1166	19	1126	673	431	1230	979	975	752	1046	901	698	810	1122	463	155	941	860	233	859	1430	126	868	772	1042	1194	1266	1028	852	1933	923	1046	1016	755	1189	1183	673	916	1029	861	952	1071	169	1870	741	383	1182	725	2699	2003	978	765	1040	177	909	862	1328	1250	1199	1322	1016	1652	1168	1465	1021	541	1250	907	1006	212	1095	923	971	1161	75	1034	1238	702	1016	907	1286	1207	977	1036	1070	929	84	846	65	531	858	455	427	1293	938	840	1062	1033	527	977	1441	907	1210	858	997	947	1393	1702	1608	1013	890	2261	1327
1994	2063	1827	1015	963	1916	2038	1718	1950	1730	1914	1692	1007	0	1686	1862	1419	1884	1996	1406	1856	2015	1770	2037	1800	1695	2166	1819	2016	1795	2090	2659	1850	1430	1020	2127	2898	1861	2103	2212	1613	2013	1167	2007	381	2290	1932	1840	1923	2228	2514	1919	1902	2125	1880	1408	2212	1950	1299	2089	934	2020	1860	1052	1952	1615	982	1897	1673	2080	2017	1867	1506	2015	902	1685	1874	1643	2017	1474	2211	2112	1301	2014	1554	2008	1108	2217	1273	2019	950	2022	2016	2171	1749	1877	1902	2061	965	2027	1414	2126	1887	1673	1705	1092	2063	1656	1616	2062	2019	1955	1804	2020	2294	1833	2226	1615	422	2019	2309	2073	2130	2002	2228	1960	2008	1844	1950	2798	1038	1826	2061	1010	2052	381	1391	2118	1985	1919	1607	2044	1862	1517	1798	2103	1470	1089	1946	1850	779	1867	2343	975	1664	1777	2036	1548	2114	1908	1857	2826	1841	1947	1880	1673	2041	2127	381	1789	2008	1862	1949	2014	1017	2422	281	676	2076	1403	2661	2931	1918	1615	2002	1121	1916	1869	2260	2093	2173	2250	1880	2055	2104	2428	1897	1504	2244	1902	1888	1116	1880	1795	1914	2139	1081	1935	2231	1686	1786	1902	2270	2108	1919	2031	1965	1853	1080	1648	1038	1300	1830	1407	1386	2195	1944	983	1950	2017	897	1919	2290	1902	2123	1833	1874	1952	2342	2606	2572	1987	1884	3072	2266
309	543	155	703	820	394	652	124	468	58	401	745	702	1686	0	201	273	466	315	307	201	584	107	354	121	884	490	152	585	400	406	1057	165	271	711	875	1331	375	441	525	354	333	682	353	1321	840	288	1810	318	617	866	308	498	1190	644	280	525	468	1486	825	817	391	306	760	434	370	708	455	1013	813	392	288	183	328	843	647	437	1340	587	508	524	429	836	572	135	324	715	531	449	403	805	403	331	499	465	444	439	542	792	358	281	932	435	690	1861	692	971	1030	384	541	404	655	166	335	1665	158	540	381	1336	334	920	543	1066	346	542	290	578	230	438	1954	698	296	542	706	465	1321	298	1034	450	308	371	365	640	850	112	420	340	695	432	165	912	288	763	785	960	340	352	1582	1133	454	378	1264	313	434	934	690	619	875	1321	394	327	201	511	395	779	1977	1434	1015	989	1031	3132	1313	315	381	346	672	394	297	649	680	496	646	934	1916	885	764	455	191	558	498	436	711	644	400	306	458	627	424	544	0	1080	498	585	569	313	347	462	306	653	489	698	535	162	287	303	645	417	1430	468	332	1144	313	840	498	968	158	437	434	700	1032	1172	311	203	1645	642
189	557	175	859	958	239	707	267	518	193	248	707	861	1862	201	0	467	547	214	457	12	633	193	182	84	849	375	184	633	509	277	973	81	469	861	735	1255	246	358	364	522	233	793	301	1504	843	272	1805	334	559	759	322	370	1089	748	471	364	518	1538	688	963	358	161	887	271	536	879	529	989	676	364	132	378	199	992	796	517	1335	636	694	362	300	893	618	333	212	836	368	596	381	950	377	209	389	401	524	301	556	936	165	477	800	509	656	1879	824	858	1010	550	554	384	738	61	213	1583	169	376	548	1496	212	939	551	950	291	378	230	628	75	482	2034	846	378	556	863	451	1504	490	916	276	322	540	185	545	857	111	294	433	827	271	81	1083	132	712	928	936	258	186	1604	1028	523	251	1193	389	477	860	656	664	735	1504	505	225	0	366	371	911	1907	1602	1198	875	1060	3141	1211	335	548	291	800	239	143	588	719	378	591	860	1891	752	645	529	389	392	370	510	831	748	509	324	335	786	472	380	201	1036	370	441	568	330	179	504	372	801	645	846	735	184	482	494	625	254	1521	518	210	1255	330	843	370	841	169	517	271	608	965	988	231	59	1610	572
576	709	407	467	604	609	761	304	607	311	613	787	461	1419	273	467	0	569	577	168	464	708	351	627	393	907	747	400	709	478	671	1278	438	33	483	1035	1541	572	687	796	327	594	517	593	1050	990	519	1755	522	835	1108	515	674	1286	684	18	796	607	1363	985	588	614	527	564	652	341	450	570	1015	972	612	520	89	597	610	601	547	1298	711	376	795	693	737	700	137	589	530	802	256	618	579	620	598	753	582	553	633	708	569	630	14	1078	553	733	1777	494	1091	1025	352	708	618	725	419	602	1720	414	811	350	1083	600	1050	715	1186	587	813	541	701	475	592	1970	473	446	708	469	665	1050	29	1157	675	515	336	638	764	821	384	684	297	497	648	438	652	520	969	564	965	506	625	1498	1236	576	572	1472	463	588	1007	733	742	1035	1050	471	588	467	703	611	573	2011	1173	745	1109	957	3044	1543	517	350	587	482	609	527	868	804	754	861	1007	1888	1035	1014	570	85	829	674	554	529	684	478	511	720	391	576	816	273	1104	674	851	747	517	620	613	468	431	455	473	315	411	16	34	832	637	1257	607	599	954	517	990	674	1106	414	547	652	936	1241	1388	568	476	1811	868
444	185	373	1027	1170	785	193	342	79	416	795	1210	1016	1884	466	547	569	0	414	705	556	139	379	541	486	1349	464	366	140	93	468	779	465	540	1046	1281	1014	791	383	595	275	412	1082	327	1503	425	297	2272	229	385	675	240	916	1632	206	587	595	79	1921	1235	1149	282	707	1133	815	270	987	24	1480	1223	272	679	522	459	1168	332	29	1803	142	420	594	475	1278	134	496	431	1100	600	824	258	1141	265	447	455	920	22	848	184	1132	597	564	1347	38	1155	2316	1064	1404	1496	269	186	256	192	566	448	2119	379	609	269	1603	446	480	199	1497	332	610	360	132	618	106	1494	1038	173	184	1028	234	1503	596	1463	815	240	278	564	1084	1313	454	466	786	1067	817	465	1171	679	466	1129	1426	783	529	2035	1572	37	795	942	159	106	1390	1155	172	1281	1503	100	415	547	913	263	1141	2437	1670	1219	1421	1485	3586	1052	226	269	332	1052	785	689	411	234	473	396	1390	2382	1299	627	24	507	625	916	38	1098	206	93	235	472	952	102	613	466	1545	916	581	233	231	530	104	174	998	256	1038	584	364	570	600	317	799	1827	79	447	1523	231	425	916	1388	379	29	815	516	722	1487	384	495	1244	428
33	369	169	1018	1132	418	537	287	362	266	427	919	1017	1996	315	214	577	414	0	619	226	464	226	127	221	1060	176	177	463	412	94	764	168	567	1026	895	1044	443	144	230	500	19	983	100	1627	640	120	2019	185	345	558	176	557	1272	620	587	230	362	1749	852	1131	160	360	1069	437	510	1021	391	1201	840	169	330	490	45	1158	719	388	1549	466	688	228	116	1102	448	442	17	1021	235	762	187	1118	181	33	186	611	394	486	368	1106	187	582	965	376	869	2093	1002	1037	1222	520	366	190	590	268	35	1773	163	245	518	1651	34	740	360	1125	91	247	56	461	286	323	1861	1012	282	368	1022	255	1627	605	1091	428	176	516	150	742	1072	210	106	626	1005	440	168	1225	330	497	1099	1148	469	115	1819	1209	381	448	980	283	320	1059	869	491	895	1627	411	12	214	540	177	1089	2101	1747	1322	1053	1274	3355	1009	189	518	91	980	418	339	373	539	182	377	1059	2101	918	451	391	492	264	557	375	1016	620	412	181	143	942	318	250	315	1244	557	273	370	185	116	341	262	967	589	1012	780	167	589	609	417	422	1722	362	34	1447	185	640	557	1010	163	388	437	399	752	1073	30	157	1395	358
610	823	462	402	513	533	899	392	731	362	534	625	404	1406	307	457	168	705	619	0	450	840	411	637	405	741	796	458	840	619	707	1363	458	201	407	906	1635	485	749	816	486	638	383	660	1055	1115	593	1591	613	921	1174	604	567	1131	839	152	816	731	1216	857	511	694	463	454	574	500	424	702	847	845	695	466	182	628	539	768	680	1132	843	543	815	731	578	830	212	627	410	821	142	704	499	704	632	805	450	686	540	822	486	622	181	943	683	572	1619	385	945	857	513	821	705	874	398	636	1556	466	830	510	1039	635	1183	827	1040	653	831	597	833	438	709	2135	393	560	822	406	760	1055	157	1012	603	604	497	642	626	653	410	722	136	388	568	458	627	466	1064	479	797	407	638	1339	1084	706	483	1567	578	705	849	572	874	906	1055	612	632	457	604	696	471	1844	1144	751	963	794	2888	1620	609	510	653	366	533	470	953	937	801	949	849	1721	902	1070	702	199	846	567	684	407	839	619	601	762	329	694	834	307	937	567	885	856	608	632	732	578	347	619	393	462	469	179	157	937	561	1133	731	633	841	608	1115	567	967	466	680	574	1007	1335	1287	618	486	1931	948
201	569	184	852	950	229	717	272	529	196	238	695	854	1856	201	12	464	556	226	450	0	644	200	191	88	837	386	193	644	518	288	985	90	467	854	726	1266	235	370	372	527	245	784	313	1499	855	284	1793	345	571	770	333	360	1078	757	468	372	529	1526	679	956	370	150	879	262	542	873	539	977	667	376	122	376	211	985	803	527	1323	647	697	371	311	882	629	331	224	827	377	589	393	942	389	221	401	389	534	291	568	928	171	474	790	519	644	1867	815	848	998	556	566	395	748	53	224	1571	178	385	553	1489	224	950	563	940	303	386	242	639	63	492	2045	839	388	568	856	463	1499	487	906	269	333	545	193	534	845	117	305	423	818	263	90	1077	122	724	920	924	246	195	1592	1017	533	240	1204	399	488	848	644	675	726	1499	514	237	12	357	383	903	1895	1595	1193	865	1049	3129	1222	346	553	303	791	229	132	600	731	389	603	848	1879	742	656	539	388	400	360	520	822	757	518	335	346	779	482	389	201	1024	360	451	580	341	189	514	382	793	651	839	736	193	480	491	637	245	1511	529	222	1245	341	855	360	831	178	527	262	620	977	983	243	71	1622	584
496	116	470	1167	1310	867	74	464	117	530	876	1320	1156	2015	584	633	708	139	464	840	644	0	488	589	584	1461	460	465	1	233	493	661	554	680	1186	1356	883	879	388	601	412	456	1219	365	1633	285	363	2394	298	316	588	311	1003	1721	211	726	601	117	2054	1311	1289	307	794	1272	892	407	1127	138	1594	1300	298	765	658	506	1308	401	161	1924	3	543	600	493	1409	15	629	478	1238	605	961	280	1281	287	493	447	1022	155	932	116	1272	651	703	1425	156	1266	2443	1202	1489	1612	403	119	277	147	662	493	2215	473	612	404	1741	492	343	133	1580	373	614	419	7	707	151	1402	1177	288	116	1168	224	1633	735	1546	887	311	414	612	1178	1435	553	487	914	1205	894	554	1309	765	358	1268	1541	882	576	2163	1660	134	884	811	271	156	1490	1266	34	1356	1633	240	461	633	993	288	1281	2538	1805	1353	1506	1612	3714	933	297	404	373	1190	867	775	334	97	469	317	1490	2499	1377	562	138	644	626	1003	155	1236	211	233	308	481	1092	163	616	584	1654	1003	565	153	302	579	129	279	1137	371	1177	715	460	710	740	215	876	1965	117	493	1662	302	285	1003	1468	473	161	892	445	597	1525	434	576	1104	359
228	439	56	801	922	425	558	76	370	49	434	833	798	1770	107	193	351	379	226	411	200	488	0	295	115	973	396	49	488	326	320	951	121	341	811	920	1225	420	341	451	329	243	788	249	1401	736	182	1908	211	510	765	201	547	1256	570	362	451	370	1592	872	916	284	340	865	461	343	798	365	1106	859	285	315	265	249	942	603	350	1438	491	506	449	342	942	475	218	239	820	456	552	296	905	295	249	403	540	357	481	438	893	318	356	982	345	778	1964	796	1031	1124	357	436	297	571	193	252	1740	62	466	354	1429	251	819	438	1125	242	467	191	482	253	339	1873	798	206	438	804	357	1401	379	1092	469	201	347	311	706	949	83	333	447	799	461	121	1001	315	656	887	1053	404	290	1685	1197	363	424	1158	221	334	1011	778	522	920	1401	322	237	193	551	287	882	2058	1523	1096	1048	1134	3234	1209	209	354	242	777	425	326	542	582	403	540	1011	2010	934	666	365	266	484	547	346	817	570	326	199	368	724	325	470	107	1167	547	500	464	206	286	362	209	753	451	798	569	60	363	384	538	444	1537	370	250	1250	206	736	547	1021	62	350	461	597	925	1182	216	164	1538	537
97	490	246	1039	1141	320	662	368	489	322	330	841	1041	2037	354	182	627	541	127	637	191	589	295	0	236	981	216	256	588	535	122	812	189	624	1043	778	1094	356	231	181	605	132	976	223	1675	747	245	1944	312	430	589	302	458	1162	747	635	181	489	1704	736	1145	282	283	1070	331	617	1055	519	1124	725	291	255	538	82	1174	841	515	1477	591	791	179	139	1065	573	490	111	1019	185	777	309	1132	303	95	233	536	521	389	489	1118	65	635	850	503	795	2028	1006	927	1147	628	486	312	717	244	96	1666	238	193	626	1676	97	850	479	1012	215	195	181	586	231	450	1982	1028	402	489	1043	373	1675	653	978	317	302	622	23	646	1011	243	137	615	1010	336	189	1259	255	578	1111	1072	401	12	1757	1099	509	362	1035	405	447	963	795	615	778	1675	533	128	182	434	300	1094	1998	1780	1369	942	1221	3283	1039	316	626	215	983	320	262	454	660	216	461	963	2016	802	472	519	544	209	458	502	1014	747	535	307	173	966	446	197	354	1157	458	261	485	311	10	468	384	982	705	1028	865	248	641	657	521	319	1699	489	95	1436	311	747	458	895	238	515	331	450	813	946	157	152	1470	432
206	521	114	807	915	310	657	184	467	108	319	738	807	1800	121	84	393	486	221	405	88	584	115	236	0	880	396	120	584	439	304	983	53	392	812	805	1262	307	361	413	439	241	762	286	1438	814	239	1827	290	554	780	278	433	1146	682	399	413	467	1535	757	916	336	225	849	346	454	819	470	1016	745	340	200	303	223	944	718	456	1356	587	609	411	327	886	570	256	226	800	418	547	355	903	353	229	407	438	463	367	519	890	237	402	867	450	685	1891	783	919	1035	468	517	357	678	80	233	1634	110	426	465	1443	232	904	517	1012	277	428	215	579	138	432	1979	798	314	519	810	424	1438	417	979	355	278	457	245	597	871	32	319	404	786	346	53	1023	200	705	883	963	298	236	1614	1086	466	311	1198	326	428	906	685	617	805	1438	435	233	84	436	346	870	1954	1544	1132	936	1066	3158	1230	290	465	277	761	310	210	584	675	401	585	906	1921	820	671	470	312	443	433	450	796	682	439	279	360	732	421	431	121	1071	433	480	538	286	230	455	312	752	565	798	652	124	407	422	603	329	1501	467	230	1225	286	814	433	907	110	456	346	619	967	1072	227	84	1599	573
1031	1401	993	832	786	665	1532	1008	1343	934	656	142	854	1695	884	849	907	1349	1060	741	837	1461	973	981	880	0	1198	997	1461	1283	1102	1788	918	939	805	494	2069	625	1201	1125	1198	1078	606	1150	1452	1692	1116	962	1170	1404	1558	1158	537	447	1525	893	1125	1343	813	476	834	1207	701	702	666	1214	931	1338	143	472	1213	731	890	1035	862	1494	1320	499	1464	1283	1124	1120	395	1447	891	1055	660	1127	728	1229	820	1226	1048	1215	449	1327	599	1399	806	922	921	464	1317	194	1058	702	377	167	1228	1397	1232	1539	806	1051	814	990	1130	1225	1273	1051	1784	1396	435	1141	1131	1079	1455	775	1310	2836	791	1178	1399	838	1300	1452	899	426	692	1158	1212	967	359	178	909	1118	611	703	659	918	1047	731	1555	797	93	591	991	799	424	1336	618	2013	1193	1306	185	194	1494	494	1452	1277	1070	849	577	1220	738	1105	1416	1213	387	352	2302	1994	1170	1225	1141	678	665	723	1431	1554	1198	1436	185	1041	459	1437	1338	912	1137	537	1318	651	1525	1283	1159	1155	821	1298	1132	884	198	537	1219	1416	1166	985	1334	1183	774	1338	791	1196	1003	920	899	1475	674	940	1343	1049	821	1166	1692	537	447	990	1320	666	1431	1795	936	1080	909	2451	1411
190	346	340	1194	1308	535	526	448	391	440	545	1057	1192	2166	490	375	747	464	176	796	386	460	396	216	396	1198	0	347	459	496	98	599	342	735	1201	971	881	573	82	141	625	157	1158	168	1794	556	240	2160	275	225	385	273	672	1365	654	759	141	391	1912	933	1307	187	498	1245	543	632	1194	440	1340	923	195	470	662	176	1333	794	446	1693	462	812	140	77	1269	445	614	169	1196	145	938	206	1294	200	167	18	752	450	604	345	1282	277	752	1045	431	1011	2244	1178	1129	1363	640	342	209	604	434	164	1871	335	152	638	1825	164	664	331	1211	170	153	205	460	438	358	1811	1188	389	345	1197	239	1794	775	1177	525	273	639	231	860	1224	386	81	799	1181	549	342	1398	470	366	1275	1288	615	206	1971	1301	427	579	821	381	357	1177	1011	478	971	1794	497	164	375	645	203	1265	2205	1919	1490	1144	1432	3499	836	281	638	170	1156	535	477	244	508	9	253	1177	2232	999	275	440	662	166	672	430	1192	654	496	279	42	1118	361	155	490	1373	672	120	324	278	212	366	362	1143	687	1188	926	336	758	780	333	532	1894	391	166	1622	278	556	672	1092	335	446	543	235	597	1076	179	324	1254	219
182	407	10	850	970	423	537	113	348	96	431	856	848	1819	152	184	400	366	177	458	193	465	49	256	120	997	347	0	465	325	272	905	104	390	860	919	1179	424	292	404	354	194	834	201	1449	702	137	1939	176	465	716	164	550	1265	564	412	404	348	1632	872	965	239	341	912	455	367	848	350	1132	859	241	314	315	204	991	615	337	1468	468	537	403	294	981	451	267	191	867	410	600	253	954	252	202	353	557	344	483	405	942	286	405	983	330	802	1998	844	1037	1151	380	403	255	558	199	205	1754	18	419	377	1479	204	789	404	1130	194	421	141	459	252	313	1859	847	195	405	853	318	1449	429	1097	460	164	372	274	717	980	88	284	488	847	456	104	1051	314	612	935	1078	418	250	1720	1206	346	429	1112	207	309	1027	802	498	919	1449	321	188	184	550	244	930	2074	1572	1145	1055	1170	3267	1161	174	377	194	824	423	324	497	557	354	495	1027	2037	935	617	350	315	438	550	330	863	564	325	164	319	774	301	424	152	1190	550	451	427	171	246	337	192	802	467	847	610	10	412	433	499	438	1582	348	203	1297	171	702	550	1023	18	337	455	548	880	1163	167	142	1498	490
496	115	470	1168	1310	866	74	464	117	530	876	1320	1157	2016	585	633	709	140	463	840	644	1	488	588	584	1461	459	465	0	234	492	660	554	680	1187	1356	882	879	387	600	413	455	1220	365	1635	284	363	2395	298	315	586	311	1002	1721	213	727	600	117	2055	1311	1290	306	794	1273	892	408	1128	138	1594	1299	297	765	659	506	1309	402	162	1925	2	544	599	493	1410	15	629	478	1239	604	962	279	1282	286	492	446	1022	156	932	115	1273	650	704	1424	157	1266	2444	1203	1489	1612	405	118	276	148	662	492	2215	473	611	405	1742	491	343	131	1580	372	613	419	8	707	151	1402	1178	288	115	1169	223	1635	736	1546	887	311	415	611	1178	1435	553	486	915	1206	894	554	1310	765	356	1269	1541	882	576	2164	1660	134	884	810	271	156	1490	1266	34	1356	1635	241	460	633	993	288	1282	2538	1806	1354	1506	1613	3715	932	297	405	372	1191	866	775	333	97	468	316	1490	2499	1376	560	138	644	625	1002	155	1237	213	234	308	480	1093	163	615	585	1655	1002	564	151	302	578	129	279	1138	372	1178	716	460	710	740	214	876	1966	117	492	1663	302	284	1002	1468	473	162	892	444	596	1524	434	576	1103	358
438	268	333	934	1077	747	282	275	155	355	756	1145	923	1795	400	509	478	93	412	619	518	233	326	535	439	1283	496	325	234	0	481	865	428	449	953	1244	1104	746	414	617	182	414	993	340	1414	518	291	2195	230	454	748	237	873	1583	245	496	617	155	1835	1196	1056	309	665	1042	780	179	894	102	1410	1184	300	638	436	456	1075	307	79	1728	236	341	615	492	1195	227	413	430	1009	621	734	291	1048	297	446	489	862	82	806	267	1039	584	473	1307	92	1090	2234	972	1358	1426	179	268	289	259	519	447	2063	340	631	180	1510	446	572	280	1452	343	633	355	226	576	163	1554	945	134	267	935	288	1414	505	1418	784	237	187	557	1032	1238	407	483	706	975	781	428	1078	638	550	1036	1357	730	524	1954	1524	112	750	1033	129	161	1333	1090	265	1244	1414	6	415	509	874	292	1049	2377	1578	1128	1375	1405	3505	1138	225	180	343	961	747	649	483	327	505	470	1333	2310	1259	689	102	420	648	873	93	1008	245	0	231	496	859	151	635	400	1480	873	616	314	230	524	173	150	905	192	945	497	325	479	509	401	763	1736	155	446	1431	230	518	873	1347	340	79	780	582	811	1476	383	463	1337	497
97	386	264	1108	1219	442	564	381	405	360	452	961	1108	2090	406	277	671	468	94	707	288	493	320	122	304	1102	98	272	492	481	0	698	250	662	1115	894	980	477	114	140	585	79	1064	141	1721	629	196	2064	251	308	482	244	580	1282	669	681	140	405	1814	853	1219	189	401	1153	453	595	1114	444	1244	843	199	372	583	80	1247	787	446	1596	495	775	138	23	1171	477	535	81	1104	145	850	215	1207	208	75	114	655	451	511	385	1194	186	677	966	431	914	2146	1087	1046	1267	604	382	218	630	337	71	1787	257	155	603	1742	72	734	373	1130	138	156	142	491	340	368	1872	1100	359	385	1112	270	1721	698	1096	437	244	601	140	768	1126	297	16	705	1091	458	250	1318	372	456	1186	1192	517	111	1873	1218	433	483	919	356	366	1086	914	516	894	1721	481	84	277	556	208	1175	2119	1840	1416	1062	1334	3403	933	256	603	138	1065	442	380	332	555	100	339	1086	2138	920	369	444	586	173	580	431	1099	669	481	250	57	1033	367	159	406	1279	580	179	375	251	116	381	335	1055	665	1100	873	262	683	703	403	441	1798	405	74	1528	251	629	580	1013	257	446	453	333	694	1031	111	229	1349	310
785	596	902	1744	1872	1123	663	978	709	1000	1132	1650	1739	2659	1057	973	1278	779	764	1363	985	661	951	812	983	1788	599	905	660	865	698	0	931	1257	1757	1500	282	1166	621	665	1045	744	1739	704	2278	445	770	2751	756	443	235	763	1254	1905	847	1293	665	709	2511	1469	1863	668	1096	1817	1124	1044	1726	764	1931	1462	669	1068	1203	774	1887	1053	786	2287	660	1199	665	676	1866	658	1160	762	1772	663	1503	661	1852	660	764	584	1348	784	1189	598	1841	867	1278	1575	773	1605	2840	1748	1674	1955	1045	597	660	767	1031	760	2410	899	661	1045	2356	761	507	585	1745	712	660	771	667	1038	708	1517	1745	839	598	1746	614	2278	1307	1712	1100	763	1052	824	1440	1823	967	681	1387	1751	1130	931	1922	1068	315	1835	1880	1214	803	2570	1841	752	1172	225	822	712	1750	1605	643	1500	2278	870	752	973	1219	668	1833	2747	2434	1987	1687	2032	4091	273	761	1045	712	1729	1123	1074	411	607	597	416	1750	2811	1533	354	764	1197	657	1254	771	1768	847	865	767	641	1667	723	660	1057	1956	1254	570	551	761	810	693	813	1701	1031	1745	1362	894	1285	1312	463	1115	2484	709	763	2202	761	445	1254	1624	899	786	1124	365	90	1467	755	920	694	414
153	483	95	859	968	320	628	198	439	135	329	776	860	1850	165	81	438	465	168	458	90	554	121	189	53	918	342	104	554	428	250	931	0	435	865	817	1210	326	309	362	451	187	815	238	1486	774	198	1869	256	504	726	244	451	1168	666	445	362	439	1585	769	969	291	241	903	352	465	870	448	1056	757	296	213	348	170	997	718	436	1398	557	628	360	273	936	540	300	172	854	367	600	312	956	309	175	354	472	443	382	482	943	200	446	881	428	724	1937	837	939	1076	478	480	314	657	111	179	1661	88	376	475	1495	178	866	478	1031	229	377	166	550	153	403	1954	851	297	482	863	382	1486	463	997	356	244	469	201	623	915	53	265	458	840	353	0	1074	213	656	936	1002	329	187	1661	1108	442	330	1146	308	398	936	724	586	817	1486	425	180	81	448	302	924	1984	1596	1180	956	1113	3202	1177	257	475	229	815	320	223	534	642	347	535	936	1960	833	617	448	355	393	451	429	849	666	428	246	306	785	392	380	165	1107	451	427	497	252	182	425	291	805	569	851	684	103	452	468	559	335	1554	439	176	1279	252	774	451	922	88	436	352	567	916	1062	176	43	1552	522
568	684	397	492	630	623	731	288	580	304	627	817	484	1430	271	469	33	540	567	201	467	680	341	624	392	939	735	390	680	449	662	1257	435	0	508	1057	1518	588	673	790	294	584	548	578	1059	963	503	1789	502	815	1091	496	693	1314	652	51	790	580	1396	1007	613	596	539	593	665	308	469	542	1047	994	594	530	91	589	634	567	518	1331	682	344	788	684	770	672	136	580	561	795	288	599	604	601	589	740	606	524	650	682	594	630	24	1102	525	763	1811	523	1117	1058	319	682	599	693	425	593	1751	404	805	317	1101	592	1021	690	1213	572	806	529	673	483	566	1937	499	422	682	493	643	1059	56	1183	688	496	303	636	789	854	381	674	328	526	662	435	668	530	947	590	997	525	621	1531	1264	548	588	1449	439	562	1036	763	713	1057	1059	442	578	469	721	593	601	2043	1187	755	1135	991	3077	1524	497	317	572	512	623	538	847	775	743	841	1036	1921	1059	999	542	80	823	693	527	560	652	449	492	709	415	551	809	271	1136	693	841	723	497	616	587	445	458	421	499	293	400	30	60	809	650	1287	580	590	982	497	963	693	1131	404	518	665	919	1218	1404	556	474	1783	849
1017	1192	864	32	125	895	1234	779	1089	764	893	748	55	1020	711	861	483	1046	1026	407	854	1186	811	1043	812	805	1201	860	1187	953	1115	1757	865	508	0	1148	2023	840	1152	1223	783	1044	199	1060	698	1470	990	1429	1000	1313	1576	993	884	1250	1132	467	1223	1089	959	1105	106	1089	842	132	931	793	137	1049	851	1094	1088	851	553	1035	132	1000	1026	1021	1189	744	1222	1138	456	1179	596	1034	151	1228	265	1095	95	1096	1039	1210	736	1031	882	1191	86	1024	485	1162	1033	714	1408	104	1125	847	801	1191	1096	1185	801	1044	1577	869	1236	800	635	1042	1525	1198	1208	1053	1238	1001	1179	834	1075	2355	17	929	1191	36	1146	698	454	1188	964	993	787	1047	868	647	817	1129	450	102	925	865	260	851	1450	82	817	756	1044	1139	1220	1056	836	1954	947	1071	970	714	1219	1148	698	946	1038	861	931	1088	116	1815	749	419	1140	670	2649	2019	996	800	1053	128	895	852	1346	1280	1208	1341	970	1597	1132	1475	1049	560	1253	884	1034	158	1132	953	989	1169	94	1059	1240	711	965	884	1292	1230	996	1038	1095	951	60	885	17	578	870	479	450	1316	923	797	1089	1040	485	996	1470	884	1170	869	1026	931	1407	1723	1578	1023	893	2290	1344
862	1265	911	1166	1172	496	1430	984	1247	901	487	442	1183	2127	875	735	1035	1281	895	906	726	1356	920	778	805	494	971	919	1356	1244	894	1500	817	1057	1148	0	1768	501	1007	855	1229	906	969	995	1841	1523	994	1336	1060	1196	1265	1048	376	405	1484	1027	855	1247	1296	50	1209	1056	580	1082	466	1245	1245	1263	602	62	1064	605	977	856	1241	1520	1252	926	1359	1372	855	904	843	1341	953	883	1029	855	969	1083	1194	1077	870	990	456	1259	439	1264	1179	713	1049	75	1244	453	1474	1055	183	630	1260	1261	1086	1471	727	871	910	905	855	1257	1708	872	1628	1255	245	987	855	937	1352	668	1208	2757	1131	1114	1264	1173	1150	1841	1041	212	468	1048	1247	756	284	649	838	906	777	1058	464	817	1408	605	1334	1169	572	540	790	1244	341	1256	498	1723	1125	1205	340	453	1385	0	1841	1240	900	735	369	1073	1118	1247	1846	1566	192	846	2653	1661	1062	1257	987	1027	496	595	1215	1434	968	1225	340	1350	39	1148	1263	997	854	376	1244	1020	1484	1244	1052	932	1127	1200	855	875	558	376	945	1263	1058	786	1229	1107	1099	1364	1131	1350	920	1051	1043	1297	482	1433	1247	870	1290	1058	1523	376	124	905	1252	466	1179	1528	451	923	786	2191	1189
1066	841	1177	2009	2141	1404	867	1246	952	1274	1413	1932	2002	2898	1331	1255	1541	1014	1044	1635	1266	883	1225	1094	1262	2069	881	1179	882	1104	980	282	1210	1518	2023	1768	0	1447	901	945	1287	1024	2013	980	2517	620	1043	3031	1023	714	512	1031	1534	2174	1042	1557	945	952	2793	1740	2129	940	1378	2088	1404	1284	1985	1002	2212	1733	940	1350	1470	1055	2152	1250	1025	2568	881	1426	945	959	2147	884	1429	1043	2045	943	1773	930	2119	930	1045	866	1630	1022	1470	842	2108	1149	1540	1844	1014	1887	3122	2019	1945	2236	1283	841	929	962	1312	1041	2677	1175	940	1283	2611	1042	637	832	2013	988	940	1048	890	1320	957	1433	2012	1097	842	2011	877	2517	1570	1981	1379	1031	1292	1106	1720	2105	1244	963	1665	2022	1410	1210	2177	1350	572	2103	2161	1496	1085	2852	2110	992	1454	71	1079	961	2027	1887	858	1768	2517	1110	1032	1255	1499	938	2104	3015	2683	2232	1958	2314	4371	183	1027	1283	988	2001	1404	1357	682	810	879	685	2027	3089	1803	633	1002	1463	935	1534	1012	2042	1042	1104	1035	923	1932	972	939	1331	2235	1534	850	798	1028	1092	939	1073	1968	1253	2012	1598	1169	1547	1575	711	1396	2761	952	1044	2475	1028	620	1534	1893	1175	1025	1404	646	300	1701	1034	1201	456	690
412	802	417	847	911	57	953	483	765	400	53	485	856	1861	375	246	572	791	443	485	235	879	420	356	307	625	573	424	879	746	477	1166	326	588	840	501	1447	0	579	507	729	458	719	538	1526	1083	518	1587	580	782	938	568	126	842	989	569	507	765	1366	452	930	598	84	828	91	745	895	774	767	439	605	114	500	413	962	1019	761	1121	882	880	506	495	746	865	468	435	772	510	596	622	915	618	427	590	184	768	64	800	900	298	586	561	754	439	1674	776	613	790	759	798	625	983	227	429	1336	412	515	757	1468	429	1181	795	706	529	516	470	875	172	728	2281	823	620	800	852	692	1526	585	672	124	568	747	342	300	663	339	493	392	779	85	326	1089	114	932	891	715	84	366	1405	782	768	6	1390	632	724	617	439	911	501	1526	742	451	246	136	612	859	1662	1589	1227	630	878	2927	1382	581	757	529	748	57	104	807	965	573	813	617	1661	513	818	774	518	524	126	754	766	989	746	570	530	785	718	517	375	803	126	600	809	577	360	750	616	781	862	823	880	427	589	588	860	83	1392	765	427	1156	577	1083	126	600	412	761	91	807	1170	815	465	303	1827	787
