NAME : VRPTW_INSTANCE_312.txt
COMMENT : Bangkok Supermarket
TYPE : VRPTW
DIMENSION : 209
DAYS : Wednesday
EDGE_WEIGHT_TYPE : EXPLICIT
VEHICLES : 30
EDGE_WEIGHT_FORMAT : FULL_MATRIX
CAPACITY : 1000
EDGE_WEIGHT_SECTION
0	103	159	103	1549	317	66	278	1526	345	392	1051	1087	118	308	390	288	507	66	1028	206	399	1150	221	390	858	394	1052	153	449	283	264	981	815	256	195	153	390	258	1992	217	24	83	425	232	443	462	379	298	982	376	2167	309	704	580	1056	85	211	609	418	1321	492	1643	205	422	3558	46	218	737	1204	206	244	582	364	1736	402	264	962	382	255	234	1664	215	79	207	1149	287	665	2128	189	1627	133	118	582	193	407	215	584	503	170	51	590	179	307	1033	243	815	700	1194	1126	728	610	171	2075	121	491	309	334	221	379	517	1485	157	955	359	211	1064	215	185	1716	407	212	1014	170	1724	891	400	1741	1022	97	543	2278	283	412	133	309	1843	124	577	394	190	506	613	832	509	150	33	910	3002	1028	149	404	1770	1083	533	829	916	366	215	1736	609	1404	264	369	582	33	399	748	301	521	1683	305	199	1608	948	373	37	78	1213	487	359	111	1000	369	1109	1068	14	218	1077	658	178	1686	474	1077	192	199	153	609	391
103	0	151	0	1574	312	166	381	1571	445	480	1035	1004	17	411	321	391	552	118	966	246	488	1115	273	321	782	493	1080	170	543	259	331	999	793	200	296	199	321	238	2029	167	124	187	528	335	389	520	478	382	928	474	2195	364	800	623	1085	19	314	626	521	1378	589	1691	298	525	3535	57	322	749	1245	246	332	541	463	1780	504	331	1001	437	288	285	1665	318	26	302	1114	374	754	2131	191	1684	132	17	541	176	336	112	687	599	231	70	665	272	303	1055	189	793	648	1222	1055	781	714	258	2022	134	588	412	394	171	478	614	1447	57	893	293	314	1087	318	243	1684	336	120	1052	231	1797	898	490	1801	1061	200	605	2328	259	514	132	412	1900	151	643	493	210	602	528	915	612	199	132	923	2942	966	207	494	1822	1043	595	899	929	465	301	1794	624	1322	331	426	541	132	489	732	387	617	1682	408	291	1603	971	428	135	31	1174	548	293	214	982	426	1141	1094	109	275	979	672	260	1756	488	1103	278	291	199	624	480
159	151	0	151	1706	164	173	368	1686	397	391	896	1130	166	407	466	387	408	98	1110	363	402	1266	380	467	918	440	1209	37	468	408	422	1135	944	118	319	310	467	386	2151	83	156	203	517	336	539	621	425	447	1076	418	2325	468	723	476	1213	154	301	762	488	1479	517	1802	239	522	3686	145	307	888	1363	363	255	693	406	1895	465	422	1121	302	410	158	1810	301	157	250	1266	292	659	2275	329	1784	268	166	693	322	481	217	682	526	130	117	545	219	154	1188	106	944	544	1351	1194	639	680	196	2169	39	516	407	265	87	425	643	1598	155	1037	441	301	935	301	344	1836	481	258	1173	130	1667	748	403	1898	1181	215	700	2437	408	472	268	407	2001	273	733	440	66	527	656	976	571	94	157	1062	3085	1110	111	409	1676	1194	690	982	1068	407	226	1894	761	1448	422	295	693	157	403	881	300	647	1828	404	233	1750	1104	295	155	164	1325	417	441	230	1132	295	1267	1225	150	377	1072	809	332	1624	337	1234	343	233	310	761	392
103	0	151	0	1574	312	166	381	1571	445	480	1035	1004	17	411	321	391	552	118	966	246	488	1115	273	321	782	493	1080	170	543	259	331	999	793	200	296	199	321	238	2029	167	124	187	528	335	389	520	478	382	928	474	2195	364	800	623	1085	19	314	626	521	1378	589	1691	298	525	3535	57	322	749	1245	246	332	541	463	1780	504	331	1001	437	288	285	1665	318	26	302	1114	374	754	2131	191	1684	132	17	541	176	336	112	687	599	231	70	665	272	303	1055	189	793	648	1222	1055	781	714	258	2022	134	588	412	394	171	478	614	1447	57	893	293	314	1087	318	243	1684	336	120	1052	231	1797	898	490	1801	1061	200	605	2328	259	514	132	412	1900	151	643	493	210	602	528	915	612	199	132	923	2942	966	207	494	1822	1043	595	899	929	465	301	1794	624	1322	331	426	541	132	489	732	387	617	1682	408	291	1603	971	428	135	31	1174	548	293	214	982	426	1141	1094	109	275	979	672	260	1756	488	1103	278	291	199	624	480
1549	1574	1706	1574	0	1867	1562	1523	313	1610	1741	2601	1515	1568	1492	1396	1494	1993	1615	1218	1343	1736	885	1329	1395	1368	1630	497	1702	1715	1330	1303	579	912	1775	1470	1396	1395	1345	502	1742	1558	1539	1488	1501	1306	1112	1628	1320	1129	1638	622	1249	1814	2066	495	1563	1537	949	1564	528	1715	394	1631	1462	2273	1561	1539	831	406	1343	1671	1169	1639	373	1586	1303	604	1867	1295	1753	394	1544	1558	1618	885	1690	1885	684	1383	559	1443	1568	1169	1400	1396	1601	1449	1724	1691	1588	1949	1621	1857	519	1764	912	2216	355	1336	2160	1579	1638	1454	1671	1713	1494	1818	1745	1628	1315	934	1611	1221	1397	1537	2565	1544	1366	900	1396	1535	556	1691	2897	2428	1736	646	551	1534	1058	886	1330	1595	1443	1494	643	1433	1047	1630	1738	1732	1460	1036	1599	1688	1561	663	2304	1218	1679	1732	3114	954	1068	907	656	1641	1663	604	952	1622	1303	1849	1169	1561	1733	927	1707	1312	417	1489	1630	464	602	1856	1564	1550	926	1929	1397	1524	772	1849	447	480	1560	1335	1810	905	1398	2889	2013	472	1398	1630	1396	952	1738
317	312	164	312	1867	0	312	458	1838	452	396	734	1244	325	500	613	484	296	251	1250	524	408	1423	538	614	1047	484	1369	164	482	571	573	1297	1106	162	441	470	614	550	2307	167	309	339	596	442	692	772	471	585	1222	461	2484	622	717	352	1373	317	402	925	549	1624	530	1952	313	608	3846	309	405	1052	1518	524	304	849	449	2048	521	573	1278	233	572	169	1974	399	320	328	1423	325	630	2439	493	1928	432	325	849	485	627	351	757	537	204	280	484	305	9	1350	162	1106	421	1511	1324	524	728	279	2312	196	531	500	224	166	471	749	1752	301	1178	590	402	780	399	501	1993	627	405	1329	204	1567	585	409	2039	1337	348	847	2585	571	525	432	500	2145	436	877	484	131	535	780	1099	617	190	307	1225	3220	1250	204	417	1543	1348	837	1118	1231	450	285	2037	924	1559	573	236	849	307	411	1044	323	753	1992	500	310	1914	1265	232	304	328	1480	340	590	362	1294	236	1426	1386	306	533	1149	973	479	1519	183	1394	486	310	470	924	397
66	166	173	166	1562	312	0	217	1526	280	328	1041	1152	182	251	453	230	463	77	1087	230	334	1197	235	453	921	328	1065	152	383	334	262	1001	858	285	148	179	453	308	1996	247	42	30	366	175	501	460	313	276	1038	309	2177	314	637	538	1068	149	149	633	355	1313	426	1640	140	367	3598	110	156	762	1207	230	181	635	298	1736	338	262	969	336	279	196	1692	152	144	141	1197	223	600	2153	235	1617	187	182	635	246	470	278	529	437	131	101	531	115	302	1050	272	858	716	1207	1187	678	548	110	2129	133	425	251	286	251	313	474	1533	217	1014	422	149	1029	152	198	1760	470	279	1020	131	1664	868	335	1729	1028	43	535	2273	334	348	187	251	1834	166	565	328	180	440	678	803	445	125	34	934	3060	1087	116	338	1719	1133	525	811	940	300	154	1726	634	1469	262	321	635	34	334	788	239	478	1711	248	134	1639	965	326	31	144	1262	435	422	58	1040	321	1119	1083	56	228	1143	683	167	1627	451	1092	174	134	179	634	327
278	381	368	381	1523	458	217	0	1444	103	222	1134	1329	396	42	628	29	475	289	1229	322	220	1288	300	628	1088	145	1033	335	228	474	269	995	937	486	106	297	628	450	1922	450	258	194	150	52	655	419	134	213	1168	138	2122	326	455	546	1033	363	68	657	143	1208	256	1549	145	154	3643	324	61	784	1141	322	166	760	133	1652	133	269	918	356	357	293	1702	66	357	130	1287	172	449	2151	377	1504	356	396	760	403	645	494	314	268	257	319	442	155	451	1031	474	937	880	1170	1342	640	332	180	2242	333	254	41	312	454	134	291	1623	434	1158	597	68	1043	66	276	1833	645	485	967	257	1540	925	221	1610	973	181	464	2170	474	145	356	41	1721	321	479	145	343	273	864	648	235	283	250	943	3183	1229	266	219	1648	1234	455	689	948	135	176	1612	663	1642	269	338	760	250	218	860	187	295	1722	41	148	1661	948	346	248	356	1359	406	597	167	1104	338	1075	1056	272	285	1347	707	209	1510	536	1064	191	148	297	663	220
1526	1571	1686	1571	313	1838	1526	1444	0	1519	1649	2564	1700	1568	1408	1453	1415	1920	1589	1408	1327	1642	1103	1306	1451	1520	1530	529	1675	1610	1352	1265	654	1038	1771	1412	1378	1451	1361	480	1735	1531	1500	1380	1433	1369	1066	1531	1261	1312	1542	705	1217	1667	1989	519	1557	1472	973	1457	277	1601	130	1569	1355	2532	1547	1473	881	328	1327	1604	1256	1545	209	1482	1265	573	1800	1283	1705	708	1477	1551	1555	1104	1617	1753	943	1383	252	1440	1568	1256	1407	1456	1619	1309	1608	1647	1572	1842	1564	1829	583	1759	1038	2220	416	1538	2061	1435	1584	1761	1648	1599	1410	1753	1739	1531	1197	1212	1616	1396	1446	1472	2480	1477	1341	1205	1456	1556	522	1647	2709	2368	1643	356	513	1492	993	761	1352	1490	1440	1410	390	1421	969	1530	1707	1616	1562	869	1476	1651	1532	742	2618	1408	1639	1638	2961	1158	1004	768	737	1547	1603	320	980	1848	1265	1782	1256	1532	1639	1028	1632	1193	730	1406	1569	774	647	1789	1534	1543	1158	1845	1446	1480	942	1782	457	532	1536	1308	1969	939	1359	2707	1965	525	1353	1569	1378	980	1647
345	445	397	445	1610	452	280	103	1519	0	130	1081	1419	462	121	717	124	406	338	1328	422	125	1391	402	717	1181	48	1124	361	124	570	373	1091	1040	514	204	392	717	545	1999	481	322	264	155	150	750	515	34	314	1268	35	2204	429	362	471	1123	429	144	759	96	1275	156	1620	158	174	3744	389	136	885	1223	422	149	860	30	1726	69	373	1006	300	458	283	1799	138	424	149	1391	128	347	2245	471	1566	443	462	860	494	734	557	307	167	271	378	343	180	447	1126	502	1040	869	1260	1439	549	283	202	2345	369	154	118	265	485	34	335	1726	493	1257	685	144	961	138	376	1937	734	558	1053	271	1437	860	126	1669	1059	252	553	2235	570	74	443	118	1782	410	563	48	357	173	950	697	173	304	314	1042	3285	1328	287	122	1547	1337	545	756	1046	32	174	1673	765	1734	373	283	860	314	122	964	135	339	1819	124	164	1760	1044	291	310	424	1462	326	685	243	1207	283	1164	1148	336	387	1423	808	309	1407	494	1156	293	164	392	765	128
392	480	391	480	1741	396	328	222	1649	130	0	964	1480	498	249	781	248	283	362	1410	516	12	1495	502	781	1249	125	1253	353	86	651	485	1217	1147	495	306	478	781	626	2129	469	368	323	275	258	826	641	120	435	1357	108	2335	543	332	344	1253	467	235	878	202	1403	134	1749	187	298	3864	430	229	1005	1353	516	148	950	104	1856	173	485	1136	196	558	243	1924	227	464	188	1495	105	274	2373	550	1693	511	498	950	568	798	585	406	141	262	410	222	213	393	1253	486	1147	794	1390	1514	419	344	222	2442	373	134	246	177	472	120	460	1832	518	1338	750	235	831	227	472	2048	798	600	1184	262	1342	736	13	1794	1190	316	683	2362	651	169	511	246	1908	484	694	125	335	140	1005	820	237	299	359	1165	3378	1410	285	21	1429	1437	674	884	1170	102	179	1799	882	1797	485	182	950	359	15	1072	93	464	1945	252	193	1883	1171	190	355	466	1564	197	750	312	1319	182	1294	1277	380	488	1455	927	408	1307	394	1285	396	193	478	882	2
1051	1035	896	1035	2601	734	1041	1134	2564	1081	964	0	1784	1045	1174	1293	1163	681	986	1876	1258	975	2106	1272	1294	1648	1088	2103	898	1034	1293	1303	2031	1815	842	1152	1204	1294	1273	3036	870	1043	1066	1236	1136	1383	1501	1081	1303	1871	1070	3218	1354	1149	631	2107	1044	1096	1658	1166	2339	1066	2675	998	1255	4529	1041	1096	1784	2248	1258	968	1544	1062	2774	1137	1303	2010	781	1306	859	2700	1091	1048	1013	2106	963	1026	3166	1224	2637	1163	1045	1544	1212	1303	1038	1369	1064	917	1013	856	1001	744	2084	851	1815	481	2246	1915	670	1287	980	2925	930	1067	1172	822	867	1081	1415	2421	1009	1808	1278	1096	402	1091	1235	2673	1303	1102	2061	917	1415	257	975	2744	2069	1073	1570	3302	1293	1133	1163	1172	2854	1169	1595	1088	863	1058	1389	1778	1194	916	1040	1957	3782	1876	926	982	1181	2024	1560	1823	1963	1061	965	2746	1657	2070	1303	798	1544	1040	978	1760	951	1419	2716	1175	998	2634	2000	791	1037	1056	2153	775	1278	1084	2004	798	2159	2120	1040	1267	1575	1705	1208	1348	600	2129	1212	998	1204	1657	967
1087	1004	1130	1004	1515	1244	1152	1329	1700	1419	1480	1784	0	986	1342	702	1324	1533	1122	296	1017	1487	640	1048	702	250	1467	1205	1161	1533	859	1108	1072	693	1081	1223	1033	702	881	2012	1082	1111	1160	1444	1277	679	1134	1454	1194	388	1453	2063	1076	1782	1595	1218	1014	1275	941	1470	1662	1574	1828	1293	1429	2834	1050	1283	935	1423	1017	1332	627	1443	1861	1463	1108	1241	1432	998	1284	1351	1281	1017	1293	639	1374	1752	1765	952	1919	976	986	627	926	685	913	1565	1585	1235	1073	1669	1267	1238	1140	1082	693	1303	1287	199	1764	1641	1258	1156	1129	1572	1344	1393	1082	1454	1429	800	977	305	734	1275	1987	1281	1061	1053	685	883	1273	1235	2798	1758	1488	2040	1283	1170	1200	2401	859	1475	976	1344	2091	1009	1242	1467	1196	1589	476	1541	1561	1202	1120	995	2001	296	1210	1491	2784	561	1196	1431	999	1445	1302	2011	928	318	1108	1424	627	1120	1486	737	1388	1430	1354	1337	1286	1247	1104	1425	1124	1014	623	1546	734	1177	757	1424	1276	1190	1099	1064	331	932	1127	2754	1421	1195	1148	1286	1033	928	1479
118	17	166	17	1568	325	182	396	1568	462	498	1045	986	0	425	304	405	569	136	949	245	506	1100	274	304	764	510	1075	186	560	248	335	991	781	206	309	201	304	228	2025	175	139	201	541	349	373	520	495	389	911	491	2189	365	817	639	1080	32	329	619	536	1378	606	1688	315	538	3521	72	337	741	1242	245	349	526	479	1776	520	335	997	454	285	302	1655	333	38	319	1100	392	772	2121	186	1684	128	0	526	168	319	98	700	616	249	87	683	289	315	1049	196	781	652	1216	1038	798	728	276	2005	150	605	426	411	178	495	624	1432	50	876	277	329	1101	333	246	1670	319	103	1049	249	1815	910	507	1801	1057	215	607	2326	248	530	128	426	1899	152	645	510	226	619	510	920	627	217	148	915	2925	949	224	511	1838	1028	597	902	921	481	319	1793	616	1304	335	444	526	148	506	720	405	627	1672	421	308	1592	965	446	151	41	1159	566	277	228	970	444	1136	1088	125	277	962	664	267	1774	502	1097	286	308	201	616	497
308	411	407	411	1492	500	251	42	1408	121	249	1174	1342	425	0	643	20	511	325	1233	328	245	1279	302	643	1098	153	1004	375	240	483	262	970	928	525	122	309	643	460	1887	488	289	225	116	76	664	394	146	195	1169	153	2089	315	450	580	1004	393	105	641	128	1169	262	1511	187	116	3624	354	100	765	1107	328	208	762	151	1616	128	262	888	395	357	335	1678	105	386	172	1279	211	456	2124	390	1465	375	425	762	418	660	523	278	273	299	352	465	196	493	1005	512	928	922	1141	1348	669	307	222	2237	371	260	2	351	493	146	249	1614	466	1162	612	105	1076	105	282	1821	660	510	935	299	1548	963	246	1570	941	211	434	2132	483	140	375	2	1681	338	446	153	385	280	881	607	219	324	282	921	3179	1233	306	242	1667	1228	425	651	926	153	218	1572	647	1653	262	377	762	282	242	850	225	253	1698	4	191	1639	923	384	280	384	1352	439	612	197	1091	377	1045	1028	304	286	1369	689	215	1519	577	1036	195	191	309	647	246
390	321	466	321	1396	613	453	628	1453	717	781	1293	702	304	643	0	625	872	434	645	329	787	816	364	1	468	765	929	490	831	175	432	821	528	464	523	335	1	192	1880	447	414	458	750	576	93	530	751	516	609	750	2017	417	1079	942	937	326	572	482	770	1307	871	1580	594	738	3242	358	581	574	1126	329	634	252	740	1654	762	432	885	758	324	606	1425	579	327	593	816	676	1052	1892	254	1607	273	304	252	225	17	263	885	882	549	384	979	568	605	887	459	528	849	1062	736	1102	948	561	1702	454	870	645	714	449	751	766	1141	313	572	31	573	1393	579	369	1386	17	209	934	549	2113	1190	788	1729	944	468	616	2213	175	773	273	645	1814	307	661	765	529	887	238	971	862	520	422	734	2621	645	525	791	2142	738	608	905	740	743	605	1714	474	1017	432	747	252	422	787	484	691	768	1440	638	587	1351	811	749	426	323	869	868	31	475	716	747	999	934	403	378	742	513	431	2074	796	942	453	587	335	474	780
288	391	387	391	1494	484	230	29	1415	124	248	1163	1324	405	20	625	0	505	304	1218	312	245	1269	287	625	1082	162	1005	356	247	467	251	969	918	506	102	291	625	443	1893	469	269	205	136	55	648	392	153	189	1155	158	2093	306	465	575	1005	372	86	634	145	1178	272	1519	172	136	3619	334	81	760	1112	312	195	748	155	1623	141	251	890	386	343	320	1676	86	366	157	1269	202	466	2124	372	1474	356	405	748	399	642	503	298	283	282	331	467	179	477	1004	493	918	906	1142	1333	668	327	205	2225	351	270	21	341	473	153	264	1604	445	1148	593	86	1071	86	266	1813	642	490	938	282	1558	954	246	1581	944	191	436	2141	467	154	356	21	1691	319	450	162	366	290	862	620	236	305	262	917	3167	1218	288	244	1672	1217	426	660	922	157	203	1582	640	1636	251	368	748	262	243	841	217	268	1696	17	175	1636	922	375	260	364	1341	435	593	177	1083	368	1047	1028	283	272	1350	684	199	1528	565	1037	180	175	291	640	246
507	552	408	552	1993	296	463	475	1920	406	283	681	1533	569	511	872	505	0	447	1517	693	294	1657	692	873	1326	408	1499	382	352	790	699	1449	1321	455	523	643	873	765	2398	450	487	478	558	492	940	881	402	673	1480	391	2597	756	510	75	1500	549	456	1089	486	1680	387	2023	364	579	4062	523	453	1219	1616	693	322	1087	384	2128	457	699	1390	128	741	273	2149	449	549	376	1656	304	398	2606	695	1973	640	569	1087	699	888	624	687	387	336	494	224	377	301	1492	452	1321	580	1639	1602	232	610	365	2574	418	388	510	179	451	402	741	1992	563	1444	846	455	573	449	656	2222	888	665	1439	336	1270	453	293	2075	1446	478	936	2641	790	453	640	510	2189	628	954	408	343	381	1062	1103	512	358	481	1388	3493	1517	357	300	1269	1589	927	1161	1393	383	333	2079	1092	1850	699	145	1087	481	297	1252	288	745	2168	513	366	2099	1407	139	476	555	1719	96	846	484	1504	145	1545	1520	493	682	1446	1139	607	1224	167	1529	603	366	643	1092	286
66	118	98	118	1615	251	77	289	1589	338	362	986	1122	136	325	434	304	447	0	1077	272	371	1209	286	434	899	385	1117	87	428	343	325	1047	878	208	226	219	434	319	2056	169	58	107	439	250	494	524	369	349	1035	364	2232	372	686	520	1121	108	220	675	421	1381	475	1705	184	441	3621	76	227	804	1268	272	215	639	352	1799	401	325	1026	327	321	175	1730	222	106	190	1209	257	637	2194	253	1686	194	136	639	253	450	223	603	485	115	49	547	159	242	1099	195	878	643	1260	1170	672	615	142	2129	59	474	325	280	174	369	552	1544	157	1004	405	220	1000	222	249	1777	450	239	1078	115	1680	825	372	1799	1086	120	602	2339	343	410	194	325	1902	189	634	385	124	487	646	879	509	89	58	977	3053	1077	92	377	1715	1141	592	883	982	354	184	1795	675	1440	325	315	639	58	371	811	269	555	1749	322	177	1673	1014	317	57	110	1271	435	405	136	1064	315	1174	1134	54	282	1094	724	234	1640	408	1143	244	177	219	675	362
1028	966	1110	966	1218	1250	1087	1229	1408	1328	1410	1876	296	949	1233	645	1218	1517	1077	0	906	1415	349	930	644	234	1374	924	1134	1450	759	978	793	433	1092	1124	936	644	785	1716	1083	1051	1087	1321	1178	585	956	1362	1060	100	1363	1771	934	1683	1587	937	971	1185	725	1361	1384	1484	1535	1225	1303	2668	1000	1193	690	1139	906	1268	470	1355	1566	1360	978	974	1403	875	1250	1067	1193	971	1222	348	1309	1674	1496	860	1631	900	949	470	843	629	899	1420	1496	1193	1028	1618	1200	1242	858	1090	433	1400	998	143	1747	1513	1197	1063	1099	1482	1235	1358	1084	1362	1271	571	955	72	672	1186	2024	1193	952	831	629	852	1001	1193	2751	1809	1416	1751	1011	1094	1007	2105	759	1372	900	1235	1799	926	1045	1374	1174	1501	487	1325	1448	1164	1059	721	1976	0	1169	1418	2787	266	1005	1202	724	1357	1241	1721	712	485	978	1391	470	1059	1414	493	1325	1272	1072	1228	1219	965	830	1394	1064	966	345	1512	672	1098	465	1391	993	906	1042	946	606	705	1020	2714	1433	911	1038	1219	936	712	1409
206	246	363	246	1343	524	230	322	1327	422	516	1258	1017	245	328	329	312	693	272	906	0	519	980	36	329	772	467	845	360	545	158	108	774	634	443	217	53	329	138	1789	407	217	215	426	272	338	275	455	188	846	458	1961	121	777	768	849	230	283	404	456	1132	578	1445	343	412	3370	220	290	533	1002	0	388	438	450	1536	453	108	759	564	49	427	1462	290	224	335	980	424	769	1924	84	1438	120	245	438	119	345	317	556	589	361	246	735	322	514	826	431	634	893	988	1021	901	624	329	1926	327	576	330	514	411	455	439	1317	296	836	299	283	1260	290	46	1538	345	269	810	361	1856	1096	520	1555	819	215	362	2082	158	466	120	330	1653	94	402	467	397	595	567	690	546	351	221	705	2864	906	345	520	1937	921	352	659	711	452	368	1548	404	1326	108	549	438	221	517	562	441	442	1480	323	338	1408	741	554	225	217	1048	656	299	212	813	549	903	862	218	49	1070	453	113	1823	678	870	132	338	53	404	515
399	488	402	488	1736	408	334	220	1642	125	12	975	1487	506	245	787	245	294	371	1415	519	0	1497	504	787	1255	115	1249	364	73	656	485	1215	1148	507	307	481	787	630	2122	480	375	329	266	257	831	638	111	433	1361	100	2329	542	321	353	1249	475	237	877	192	1396	121	1742	193	289	3863	437	230	1004	1348	519	156	953	97	1848	164	485	1132	208	560	255	1922	229	472	194	1497	114	266	2369	555	1684	516	506	953	573	804	594	394	128	272	418	222	219	405	1250	497	1148	806	1385	1520	424	331	230	2445	383	122	242	190	484	111	452	1834	527	1343	756	236	837	229	474	2049	804	608	1179	272	1338	746	1	1785	1184	321	678	2354	656	159	516	242	1899	489	688	115	347	127	1012	811	225	309	366	1163	3381	1415	295	8	1429	1440	670	877	1168	95	187	1790	882	1804	485	195	953	366	3	1073	103	455	1942	248	200	1881	1167	202	362	474	1567	206	756	317	1319	195	1289	1273	387	490	1464	926	410	1304	406	1281	397	200	481	882	11
1150	1115	1266	1115	885	1423	1197	1288	1103	1391	1495	2106	640	1100	1279	816	1269	1657	1209	349	980	1497	0	992	815	550	1431	676	1282	1516	867	1018	559	352	1279	1190	1023	815	891	1377	1260	1170	1189	1345	1242	731	928	1422	1087	281	1426	1423	964	1720	1730	689	1114	1260	663	1400	1125	1541	1226	1322	1322	2426	1134	1267	571	873	980	1368	573	1420	1244	1406	1018	763	1532	937	1383	719	1268	1112	1315	0	1404	1736	1157	962	1340	1016	1100	573	957	805	1078	1407	1553	1320	1164	1715	1301	1414	610	1273	352	1647	714	453	1876	1519	1304	963	1246	1539	1282	1483	1262	1422	1249	336	1122	374	835	1260	2202	1268	1024	570	805	1019	776	1320	2827	2005	1498	1456	783	1192	950	1770	867	1419	1016	1282	1491	1030	977	1431	1323	1559	744	1205	1476	1298	1177	516	1911	349	1299	1498	2916	90	952	1063	517	1423	1345	1423	654	745	1018	1518	573	1177	1496	429	1422	1249	725	1275	1318	619	613	1522	1181	1106	78	1632	835	1191	227	1518	735	651	1164	1007	955	624	1087	2798	1603	653	1100	1318	1023	654	1494
221	273	380	273	1329	538	235	300	1306	402	502	1272	1048	274	302	364	287	692	286	930	36	504	992	0	363	802	446	831	373	526	191	71	765	644	467	198	74	363	172	1770	430	229	216	396	252	368	247	435	152	867	438	1946	91	752	767	835	256	267	398	430	1106	557	1423	336	381	3374	242	274	528	983	36	381	460	431	1515	429	71	740	563	56	431	1458	275	249	327	992	414	749	1918	121	1412	152	274	460	156	380	350	522	568	366	265	723	317	528	814	455	644	916	973	1047	896	593	327	1942	343	555	304	513	434	435	403	1329	325	860	334	267	1262	275	37	1547	380	304	792	366	1839	1104	505	1528	800	214	332	2059	191	442	152	304	1628	122	371	446	409	574	601	655	518	359	231	698	2882	930	352	505	1928	936	322	628	704	433	363	1522	400	1356	71	547	460	231	503	570	432	406	1477	297	332	1407	729	553	234	242	1062	651	334	208	819	547	887	849	232	16	1105	448	94	1807	687	857	109	332	74	400	501
390	321	467	321	1395	614	453	628	1451	717	781	1294	702	304	643	1	625	873	434	644	329	787	815	363	0	467	765	927	490	831	175	431	819	526	465	523	335	0	191	1879	448	414	459	750	576	92	529	751	516	609	751	2015	417	1080	943	936	327	572	481	770	1305	871	1579	594	738	3241	358	581	573	1125	329	634	250	741	1652	762	431	884	758	323	606	1424	579	328	593	815	677	1052	1891	254	1606	274	304	250	225	17	264	884	883	550	384	980	568	606	886	460	526	850	1061	736	1103	947	561	1702	455	870	645	714	450	751	765	1140	314	571	31	573	1394	579	368	1385	17	210	933	550	2114	1191	788	1728	943	468	615	2212	175	773	274	645	1813	307	660	765	530	887	239	970	862	520	423	733	2620	644	526	791	2143	737	607	904	739	743	606	1713	473	1017	431	748	250	423	787	483	692	767	1438	638	588	1350	810	750	427	323	868	869	31	475	715	748	997	932	403	378	742	512	431	2074	796	941	452	588	335	473	780
858	782	918	782	1368	1047	921	1088	1520	1181	1249	1648	250	764	1098	468	1082	1326	899	234	772	1255	550	802	467	0	1229	1006	946	1298	615	860	874	486	886	982	791	467	638	1870	881	882	926	1198	1036	434	884	1215	945	269	1215	1948	827	1543	1392	1018	790	1036	699	1227	1456	1337	1650	1062	1183	2902	824	1045	707	1225	772	1102	378	1206	1695	1222	860	1026	1218	750	1067	1264	1043	792	1061	549	1144	1519	1707	710	1726	740	764	378	687	451	702	1316	1348	1013	849	1446	1036	1040	944	885	486	1170	1104	277	1557	1395	1029	1280	913	1335	1100	1176	881	1215	1179	804	763	180	498	1037	1812	1043	816	1064	451	663	1062	1013	2579	1592	1256	1849	1072	935	951	2247	615	1234	740	1100	1909	771	994	1229	984	1353	267	1296	1317	982	890	790	2173	234	989	1259	2590	460	947	1190	795	1208	1073	1823	687	554	860	1208	378	890	1255	514	1159	1180	1272	1094	1055	1168	897	1210	895	789	565	1330	498	941	595	1208	1079	995	870	817	449	696	883	2539	1228	1001	903	1055	791	687	1248
394	493	440	493	1630	484	328	145	1530	48	125	1088	1467	510	153	765	162	408	385	1374	467	115	1431	446	765	1229	0	1147	403	88	617	413	1119	1080	555	250	439	765	592	2010	523	370	313	151	195	797	544	15	348	1313	23	2219	468	314	469	1146	477	192	794	77	1281	110	1628	202	175	3776	438	184	918	1238	467	187	905	35	1735	48	413	1027	313	502	318	1827	186	472	195	1431	159	304	2270	518	1569	491	510	905	542	782	605	285	122	312	425	319	226	479	1151	544	1080	897	1281	1486	532	244	246	2387	413	109	151	284	527	15	336	1766	541	1303	734	192	951	186	421	1974	782	606	1073	312	1395	861	116	1669	1078	301	577	2238	617	45	491	151	1784	458	583	0	397	128	998	695	132	346	362	1072	3328	1374	329	109	1515	1379	568	763	1077	34	215	1675	800	1782	413	298	905	362	112	1003	161	340	1848	157	209	1790	1070	305	359	472	1503	322	734	292	1245	298	1185	1172	385	430	1471	843	354	1366	511	1180	337	209	439	800	122
1052	1080	1209	1080	497	1369	1065	1033	529	1124	1253	2103	1205	1075	1004	929	1005	1499	1117	924	845	1249	676	831	927	1006	1147	0	1205	1234	843	806	132	519	1281	975	899	927	855	955	1247	1060	1041	1011	1008	843	617	1144	826	824	1153	1115	751	1358	1572	13	1068	1043	459	1086	460	1239	659	1135	985	2666	1065	1046	354	219	845	1176	726	1153	725	1105	806	135	1372	798	1256	697	1050	1063	1122	676	1197	1417	1124	889	720	948	1075	726	908	931	1113	996	1248	1193	1092	1466	1124	1360	67	1270	519	1725	142	1063	1673	1125	1141	1532	1173	1237	1006	1322	1251	1144	849	899	1119	900	924	1043	2072	1050	868	1002	931	1049	114	1193	2465	1930	1250	843	118	1036	570	1286	843	1115	948	1006	909	936	565	1147	1240	1256	1032	640	1130	1190	1063	216	2462	924	1181	1246	2650	704	579	492	211	1155	1168	819	464	1394	806	1354	726	1063	1246	501	1214	847	720	1001	1134	686	118	1361	1066	1055	747	1438	924	1027	468	1354	73	32	1063	837	1454	419	901	2451	1516	37	901	1134	899	464	1251
153	170	37	170	1702	164	152	335	1675	361	353	898	1161	186	375	490	356	382	87	1134	360	364	1282	373	490	946	403	1205	0	430	419	410	1134	956	153	293	306	490	396	2143	119	145	181	484	306	559	609	388	428	1098	381	2320	458	685	453	1208	168	270	762	453	1465	479	1790	203	490	3699	150	275	890	1354	360	217	710	368	1885	429	410	1114	271	408	123	1815	270	170	215	1282	255	622	2279	335	1769	274	186	710	331	505	248	649	488	92	120	511	184	154	1186	141	956	564	1347	1221	612	644	160	2192	36	478	375	232	123	388	615	1615	183	1061	463	270	921	270	337	1851	505	283	1165	92	1636	741	365	1882	1173	192	686	2424	419	436	274	375	1986	274	717	403	41	489	686	953	534	57	143	1063	3110	1134	74	371	1652	1212	676	963	1069	370	188	1878	762	1479	410	263	710	143	365	891	262	619	1833	373	197	1757	1101	264	141	176	1343	385	463	207	1143	263	1261	1221	141	369	1108	810	317	1594	325	1230	326	197	306	762	354
449	543	468	543	1715	482	383	228	1610	124	86	1034	1533	560	240	831	247	352	428	1450	545	73	1516	526	831	1298	88	1234	430	0	690	497	1207	1165	576	328	513	831	665	2090	548	425	373	229	274	869	633	94	436	1391	89	2301	553	257	405	1233	529	264	881	152	1358	49	1706	245	254	3864	490	256	1006	1322	545	215	983	95	1814	129	497	1113	279	583	326	1915	256	524	242	1516	175	224	2358	590	1642	558	560	983	611	848	652	336	57	337	473	233	271	478	1239	566	1165	879	1368	1558	451	261	286	2469	446	49	238	263	551	94	413	1851	586	1378	800	263	874	256	499	2061	848	661	1158	337	1312	798	72	1740	1164	363	664	2312	690	119	558	238	1856	527	669	88	415	59	1060	766	160	374	416	1160	3409	1450	359	65	1427	1462	656	841	1165	93	246	1747	887	1849	497	266	983	416	71	1088	168	416	1936	245	251	1878	1158	273	412	526	1587	259	800	356	1331	266	1271	1259	438	511	1522	930	433	1282	476	1267	417	251	513	887	84
283	259	408	259	1330	571	334	474	1352	570	651	1293	859	248	483	175	467	790	343	759	158	656	867	191	175	615	617	843	419	690	0	257	751	536	451	367	177	175	25	1798	422	303	330	585	422	180	365	604	342	706	605	1953	242	929	863	849	254	426	383	612	1183	726	1476	468	570	3280	269	434	499	1024	158	512	301	596	1558	607	257	778	666	148	516	1407	433	251	463	866	552	914	1873	100	1487	149	248	301	90	191	270	713	738	453	299	863	444	562	811	441	536	885	983	868	1011	782	444	1795	383	725	485	617	425	604	590	1202	284	687	147	426	1341	433	202	1433	191	205	829	453	1993	1157	657	1607	839	336	454	2113	0	619	149	485	1699	168	498	617	460	743	411	804	702	431	311	672	2727	759	432	658	2053	800	445	750	678	599	486	1596	379	1169	257	652	301	311	655	473	568	593	1424	479	462	1343	730	656	315	244	930	768	147	339	724	652	908	853	297	206	917	425	268	1958	744	862	288	462	177	379	650
264	331	422	331	1303	573	262	269	1265	373	485	1303	1108	335	262	432	251	699	325	978	108	485	1018	71	431	860	413	806	410	497	257	0	750	667	518	180	135	431	240	1734	480	266	236	343	227	429	199	403	86	910	408	1916	58	710	773	808	313	252	394	386	1056	523	1380	335	325	3380	293	257	523	945	108	378	507	403	1474	389	0	707	570	110	449	1451	259	306	324	1018	407	717	1907	193	1362	219	335	507	227	448	416	458	534	387	313	707	321	564	794	506	667	965	947	1098	892	537	336	1975	384	521	264	520	485	403	333	1353	386	909	402	252	1272	259	88	1564	448	373	758	387	1809	1124	486	1476	765	230	278	2014	257	402	219	264	1578	186	313	413	442	541	668	587	470	387	266	689	2918	978	377	485	1914	966	268	568	695	405	366	1471	398	1412	0	553	507	266	483	590	425	336	1470	257	332	1404	710	559	269	300	1090	648	402	220	835	553	858	825	272	60	1174	444	95	1779	710	834	95	332	135	398	483
981	999	1135	999	579	1297	1001	995	654	1091	1217	2031	1072	991	970	821	969	1449	1047	793	774	1215	559	765	819	874	1119	132	1134	1207	751	750	0	387	1198	926	828	819	766	1059	1166	992	980	993	965	732	576	1114	783	693	1123	1201	693	1354	1523	145	988	996	373	1064	591	1217	784	1085	967	2664	989	1000	251	351	774	1127	606	1121	844	1081	750	205	1321	726	1196	707	1004	983	1073	560	1153	1403	1157	808	852	869	991	606	823	821	1021	999	1227	1131	1017	1435	1071	1288	71	1188	387	1637	244	933	1635	1126	1086	1452	1101	1215	973	1270	1170	1114	845	810	1033	767	819	997	2022	1004	803	940	821	956	216	1131	2470	1869	1215	974	224	976	547	1404	751	1092	869	973	1038	861	553	1119	1171	1235	909	690	1118	1124	995	88	2390	793	1117	1213	2633	580	554	541	83	1124	1116	950	375	1266	750	1303	606	995	1212	374	1170	843	728	967	1083	675	61	1310	999	976	634	1395	819	968	343	1303	205	122	993	773	1322	327	843	2451	1452	129	846	1083	828	375	1215
815	793	944	793	912	1106	858	937	1038	1040	1147	1815	693	781	928	528	918	1321	878	433	634	1148	352	644	526	486	1080	519	956	1165	536	667	387	0	974	841	681	526	559	1412	950	833	847	993	892	435	581	1070	735	335	1075	1519	612	1368	1395	532	790	911	321	1048	972	1190	1168	978	970	2743	805	918	258	739	634	1023	277	1070	1219	1054	667	548	1194	590	1049	898	919	787	970	352	1058	1384	1364	626	1240	683	781	277	625	522	776	1060	1201	984	835	1368	957	1096	458	966	0	1377	621	577	1535	1170	962	1313	919	1188	930	1144	953	1070	903	686	810	393	538	912	1877	919	677	903	522	713	580	984	2476	1692	1149	1362	590	849	611	1776	536	1067	683	930	1424	693	643	1080	997	1208	548	902	1125	966	840	304	2260	433	964	1149	2572	310	612	773	309	1072	1002	1337	310	919	667	1180	277	840	1147	78	1076	903	912	923	973	823	413	1184	844	780	425	1290	538	847	189	1180	592	509	829	658	934	288	738	2447	1281	516	750	973	681	310	1145
256	200	118	200	1775	162	285	486	1771	514	495	842	1081	206	525	464	506	455	208	1092	443	507	1279	467	465	886	555	1281	153	576	451	518	1198	974	0	434	393	465	433	2230	38	261	315	636	453	548	713	540	554	1068	532	2396	558	827	514	1286	213	419	825	606	1573	625	1889	356	640	3705	225	425	947	1445	443	368	708	520	1979	582	518	1201	373	487	253	1857	420	219	368	1279	402	754	2324	392	1879	332	206	708	374	476	200	801	634	243	205	625	337	156	1255	13	974	449	1422	1164	685	797	313	2155	154	625	525	348	34	540	759	1605	166	1021	444	419	932	420	434	1850	476	261	1253	243	1726	726	508	1995	1261	328	796	2526	451	588	332	525	2095	349	832	555	160	634	619	1087	687	209	264	1121	3059	1092	226	514	1705	1202	786	1085	1127	521	340	1989	823	1397	518	370	708	264	508	917	408	763	1874	523	351	1791	1172	368	263	227	1333	486	444	344	1164	370	1342	1294	250	467	993	871	434	1679	342	1303	448	351	393	823	496
195	296	319	296	1470	441	148	106	1412	204	306	1152	1223	309	122	523	102	523	226	1124	217	307	1190	198	523	982	250	975	293	328	367	180	926	841	434	0	190	523	344	1887	395	180	119	236	54	548	358	238	152	1064	240	2078	239	561	597	976	277	71	575	247	1188	360	1522	160	230	3560	240	77	704	1100	217	201	656	232	1622	240	180	868	396	254	293	1630	79	270	147	1190	227	552	2084	271	1489	253	309	656	297	540	406	391	372	239	243	528	151	433	968	420	841	856	1115	1236	711	430	172	2141	280	359	123	347	400	238	326	1527	352	1052	491	72	1097	79	171	1741	540	389	918	239	1640	959	308	1599	925	105	419	2151	367	251	253	123	1707	216	443	250	314	377	760	659	339	252	174	868	3080	1124	237	308	1735	1134	409	677	873	235	193	1598	579	1536	180	379	656	174	305	766	244	329	1649	117	159	1584	884	385	173	267	1260	469	491	89	1013	379	1023	996	193	183	1247	625	104	1608	553	1005	90	159	190	579	304
153	199	310	199	1396	470	179	297	1378	392	478	1204	1033	201	309	335	291	643	219	936	53	481	1023	74	335	791	439	899	306	513	177	135	828	681	393	190	0	335	153	1841	356	164	166	415	245	358	321	426	202	880	427	2015	165	752	718	903	182	249	457	436	1180	549	1496	299	403	3419	168	257	586	1054	53	344	472	419	1587	430	135	811	515	102	375	1515	256	175	292	1023	381	737	1977	81	1486	85	201	472	110	352	281	555	560	309	193	693	277	460	880	381	681	842	1041	1046	854	612	281	1964	274	547	310	464	361	426	451	1360	251	864	303	249	1208	256	47	1584	352	240	863	309	1820	1042	482	1602	871	168	406	2133	177	442	85	310	1702	50	444	439	343	565	573	723	528	298	168	758	2900	936	292	483	1892	962	396	701	764	421	322	1596	458	1345	135	500	472	168	480	609	399	454	1533	304	294	1460	795	504	171	168	1090	609	303	167	861	500	956	915	164	77	1069	506	96	1785	625	924	118	294	0	458	476
390	321	467	321	1395	614	453	628	1451	717	781	1294	702	304	643	1	625	873	434	644	329	787	815	363	0	467	765	927	490	831	175	431	819	526	465	523	335	0	191	1879	448	414	459	750	576	92	529	751	516	609	751	2015	417	1080	943	936	327	572	481	770	1305	871	1579	594	738	3241	358	581	573	1125	329	634	250	741	1652	762	431	884	758	323	606	1424	579	328	593	815	677	1052	1891	254	1606	274	304	250	225	17	264	884	883	550	384	980	568	606	886	460	526	850	1061	736	1103	947	561	1702	455	870	645	714	450	751	765	1140	314	571	31	573	1394	579	368	1385	17	210	933	550	2114	1191	788	1728	943	468	615	2212	175	773	274	645	1813	307	660	765	530	887	239	970	862	520	423	733	2620	644	526	791	2143	737	607	904	739	743	606	1713	473	1017	431	748	250	423	787	483	692	767	1438	638	588	1350	810	750	427	323	868	869	31	475	715	748	997	932	403	378	742	512	431	2074	796	941	452	588	335	473	780
258	238	386	238	1345	550	308	450	1361	545	626	1273	881	228	460	192	443	765	319	785	138	630	891	172	191	638	592	855	396	665	25	240	766	559	433	344	153	191	0	1810	403	278	305	563	398	204	360	579	324	731	580	1967	230	905	839	861	232	402	396	589	1188	702	1484	442	549	3303	246	409	515	1033	138	486	326	571	1567	583	240	787	641	133	492	1426	409	229	438	891	526	889	1893	75	1493	125	228	326	65	208	258	693	713	428	276	837	418	540	825	423	559	870	996	893	986	761	418	1821	360	700	462	592	407	579	574	1226	267	713	162	402	1317	409	180	1458	208	194	839	428	1968	1135	632	1612	848	310	450	2122	25	595	125	462	1705	142	493	592	437	718	429	797	679	407	286	688	2753	785	407	633	2027	825	441	747	694	574	461	1602	393	1192	240	627	326	286	629	495	543	576	1444	456	437	1364	743	631	290	222	955	743	162	313	746	627	920	867	272	187	934	440	245	1932	722	875	266	437	153	393	625
1992	2029	2151	2029	502	2307	1996	1922	480	1999	2129	3036	2012	2025	1887	1880	1893	2398	2056	1716	1789	2122	1377	1770	1879	1870	2010	955	2143	2090	1798	1734	1059	1412	2230	1887	1841	1879	1810	0	2195	1997	1970	1860	1909	1792	1535	2011	1735	1630	2021	264	1684	2143	2468	948	2016	1948	1414	1938	744	2081	397	2045	1835	2207	2010	1949	1306	788	1789	2081	1662	2025	280	1963	1734	1029	2277	1743	2178	748	1954	2011	2031	1377	2094	2232	705	1839	531	1897	2025	1662	1860	1881	2068	1787	2088	2119	2035	2322	2039	2297	993	2219	1412	2677	818	1830	2541	1912	2058	1791	2113	2079	1889	2230	2199	2011	1677	1373	2071	1721	1878	1948	2960	1954	1806	1272	1881	2004	978	2119	3165	2845	2123	515	969	1963	1467	404	1798	1971	1897	1889	418	1882	1445	2010	2176	2096	1958	1345	1955	2121	1999	1147	2535	1716	2110	2118	3432	1451	1477	1248	1141	2027	2078	476	1419	2101	1734	2259	1662	1999	2119	1422	2110	1673	759	1885	2045	852	1070	2266	2002	2003	1411	2325	1878	1951	1275	2259	890	947	2002	1773	2312	1374	1829	3167	2439	938	1824	2045	1841	1419	2127
217	167	83	167	1742	167	247	450	1735	481	469	870	1082	175	488	447	469	450	169	1083	407	480	1260	430	448	881	523	1247	119	548	422	480	1166	950	38	395	356	448	403	2195	0	222	276	600	416	529	676	508	515	1055	501	2362	520	801	513	1252	179	383	793	572	1536	597	1853	323	604	3685	188	388	916	1410	407	337	688	488	1943	549	480	1166	359	452	229	1829	383	184	333	1260	373	732	2296	358	1842	298	175	688	343	460	184	764	606	212	167	609	303	159	1222	25	950	486	1389	1158	682	764	279	2145	117	597	488	330	4	508	721	1588	140	1010	426	382	945	383	397	1831	460	241	1217	212	1719	744	481	1957	1226	290	758	2489	422	555	298	488	2058	313	793	523	134	606	615	1048	654	177	225	1090	3053	1083	193	487	1709	1184	748	1046	1096	490	308	1951	791	1399	480	355	688	225	481	891	379	725	1846	486	317	1765	1139	354	224	192	1316	474	426	305	1139	355	1307	1261	212	429	1006	839	395	1674	350	1270	409	317	356	791	470
24	124	156	124	1558	309	42	258	1531	322	368	1043	1111	139	289	414	269	487	58	1051	217	375	1170	229	414	882	370	1060	145	425	303	266	992	833	261	180	164	414	278	1997	222	0	63	406	213	466	465	355	293	1005	352	2175	313	680	561	1064	107	190	621	397	1322	468	1646	181	404	3576	67	197	750	1209	217	220	604	341	1740	380	266	968	362	266	215	1678	193	101	182	1169	262	641	2141	208	1627	154	139	604	214	431	236	567	479	150	63	567	155	299	1043	247	833	701	1203	1149	707	589	147	2097	117	467	290	313	226	355	505	1505	176	978	383	190	1047	193	192	1735	431	236	1020	150	1701	878	376	1741	1028	77	544	2281	303	390	154	290	1844	140	576	370	180	483	637	825	487	134	8	923	3025	1051	131	379	1749	1103	533	826	928	343	191	1737	622	1429	266	348	604	8	375	765	277	508	1697	286	175	1623	958	352	12	102	1233	465	383	92	1018	348	1116	1078	14	224	1100	670	176	1663	461	1086	188	175	164	622	367
83	187	203	187	1539	339	30	194	1500	264	323	1066	1160	201	225	458	205	478	107	1087	215	329	1189	216	459	926	313	1041	181	373	330	236	980	847	315	119	166	459	305	1970	276	63	0	342	149	502	434	298	247	1036	295	2153	290	625	553	1044	169	127	614	334	1285	414	1613	137	340	3585	130	135	744	1182	215	181	631	285	1709	319	236	944	349	263	215	1674	131	163	134	1189	221	593	2134	230	1588	187	201	631	244	476	299	503	425	151	126	532	113	330	1028	302	847	745	1183	1190	688	526	115	2125	163	413	226	299	281	298	445	1525	240	1015	427	127	1046	131	178	1750	476	294	995	151	1664	889	330	1701	1002	14	507	2245	330	329	187	226	1806	162	537	313	208	429	688	773	426	151	56	914	3058	1087	140	333	1727	1126	497	782	920	287	157	1698	616	1476	236	334	631	56	328	776	238	448	1693	222	132	1622	943	339	55	162	1255	443	427	29	1027	334	1094	1060	78	207	1159	664	141	1628	474	1069	146	132	166	616	323
425	528	517	528	1488	596	366	150	1380	155	275	1236	1444	541	116	750	136	558	439	1321	426	266	1345	396	750	1198	151	1011	484	229	585	343	993	993	636	236	415	750	563	1860	600	406	342	0	192	764	429	155	262	1253	167	2072	388	375	620	1010	509	218	690	77	1130	227	1477	285	26	3656	471	212	808	1093	426	293	850	174	1585	103	343	888	456	449	427	1699	217	503	272	1345	281	409	2136	496	1417	486	541	850	525	767	639	164	236	402	468	462	300	590	1020	623	993	1017	1143	1442	681	197	325	2307	483	225	115	420	604	155	185	1676	582	1252	719	219	1101	217	383	1873	767	625	932	402	1491	1012	267	1518	937	328	446	2087	585	110	486	115	1633	449	446	151	489	244	989	544	131	430	398	952	3252	1321	412	261	1640	1299	438	612	957	175	311	1523	698	1752	343	439	850	398	263	915	290	189	1720	120	290	1667	941	447	396	501	1419	473	719	313	1147	439	1045	1038	420	380	1481	737	319	1467	649	1046	297	290	415	698	273
