NAME : VRPTW_INSTANCE_262.txt
COMMENT : Bangkok Supermarket
TYPE : VRPTW
DIMENSION : 271
DAYS : Tuesday
EDGE_WEIGHT_TYPE : EXPLICIT
VEHICLES : 36
EDGE_WEIGHT_FORMAT : FULL_MATRIX
CAPACITY : 1000
EDGE_WEIGHT_SECTION
0	2284	308	404	328	1154	113	196	1727	185	214	679	539	845	405	612	580	372	451	474	3410	439	314	395	153	550	306	202	593	1090	1036	2244	199	506	92	737	359	529	537	88	826	165	977	765	441	386	1994	210	160	1016	891	373	133	133	300	1939	88	334	235	539	1017	666	644	101	428	404	477	437	556	310	3561	185	640	328	1119	1437	838	481	153	101	856	124	170	155	410	155	1354	422	213	202	1781	193	932	1731	202	101	464	424	401	178	640	497	190	97	412	1348	412	371	494	606	155	1777	137	396	190	37	1128	206	615	981	991	577	212	213	97	283	226	51	1727	88	444	2380	85	211	1172	840	199	185	172	411	1684	3808	1052	283	409	688	428	330	413	193	1017	1747	929	1271	125	572	118	690	438	437	130	383	221	215	1353	97	246	507	1082	412	300	405	3863	1505	583	290	24	482	407	308	394	192	382	431	133	621	1328	231	2625	1126	978	139	211	712	194	531	563	394	246	1598	367	1505	548	373	464	426	449	131	1068	1033	372	1213	1145	1138	830	283	402	1627	215	585	206	1766	385	1596	524	1083	1190	1310	315	279	1221	395	591	1913	385	171	213	620	737	185	368	714	1200	530	186	135	216	121	650	1066	1664	208	63	101	170	960	1994	2065	124	317	1390	350	400	371	1445	618	1639	132	521	1521	611
2284	0	2200	2291	1982	1154	2398	2354	1029	2356	2265	2291	2019	2362	2442	2077	1914	2357	2274	2744	1966	1865	2233	2610	2437	2759	2201	2480	1720	1194	1255	565	2391	2430	2249	1568	2131	2015	2018	2372	2146	2139	2138	1526	2191	2104	624	2260	2430	1678	1447	2347	2180	2180	2087	1043	2372	2542	2391	2019	1269	2170	2489	2383	1954	2133	2159	2183	1764	2205	1885	2100	2014	1982	2061	962	2980	2193	2437	2383	1574	2169	2421	2132	2445	2132	985	2297	2263	2296	636	2137	2152	3217	2480	2362	1895	2271	2444	2449	1682	2423	2261	2227	2299	3380	2299	2096	2419	2263	2132	919	2342	2207	2261	2297	3367	2386	2137	1316	1311	1761	2273	2360	2382	2068	2389	2324	1029	2372	1882	820	2300	2356	1616	1738	2085	2100	2140	2274	844	2404	3141	2068	2190	1937	1991	2071	2446	2137	1269	592	1719	2043	2409	2467	2305	2702	2183	1970	2413	2591	2433	2392	1997	2382	2068	1817	1691	2287	2087	2278	2045	2936	1759	2007	2293	2417	2277	2203	2337	2116	2666	2183	2330	1677	1563	2491	720	2060	1310	2421	2107	1894	2476	2015	1809	2445	2504	918	2352	2936	2012	2347	1895	2281	1875	2337	1771	1256	2103	1536	1828	3220	2151	2068	2604	896	2389	1747	2078	3970	2622	3564	2439	1603	1662	1038	2216	2269	1112	2168	1739	674	2099	2389	2264	2309	1568	2100	2560	2613	2307	2016	2351	2337	2361	2406	2324	3136	871	2359	2297	2383	2421	1342	624	2126	2169	2601	2010	2322	2612	2096	1108	2058	822	2327	2006	1455	1710
308	2200	0	134	265	1135	362	197	1783	205	108	963	256	1132	249	308	763	167	164	583	3497	361	35	422	378	562	2	380	648	1022	950	2087	236	286	216	758	609	249	255	359	1082	217	1228	686	132	626	1837	108	333	1170	755	158	372	372	518	2003	359	358	215	256	942	929	410	336	595	657	739	128	440	5	3620	278	346	265	1354	1289	789	173	378	336	664	335	303	326	253	326	1228	152	108	505	1645	415	1187	1490	380	400	602	140	249	449	519	276	125	217	146	1250	146	607	272	306	326	1816	445	90	125	281	1168	225	306	963	890	438	509	192	357	480	218	353	1783	359	328	2403	393	189	1321	995	291	278	202	130	1518	3910	974	480	101	892	619	545	255	415	942	1631	1087	1499	377	348	425	547	129	231	360	401	275	227	1572	357	211	389	1244	138	518	128	3906	1245	441	272	291	264	129	3	160	212	555	122	220	535	1472	503	2618	1360	900	396	194	905	393	252	391	249	518	1621	161	1244	266	158	602	146	335	228	1248	998	610	1346	1338	1059	1087	480	412	1458	223	453	323	1774	444	1478	303	1222	1350	1178	18	72	1095	659	462	1754	623	254	108	330	758	278	367	514	1467	251	495	225	191	373	361	977	1684	194	255	336	303	950	1837	2271	335	505	1610	130	422	607	1496	317	1644	441	248	1649	492
404	2291	134	0	396	1251	426	235	1910	247	191	1078	286	1245	156	287	896	79	51	557	3626	484	106	380	430	496	136	413	781	1127	1051	2151	264	155	317	885	731	286	286	432	1206	346	1354	795	106	751	1902	195	376	1305	844	68	491	491	645	2130	432	329	227	286	1047	1051	275	401	728	779	860	112	550	129	3744	409	343	396	1484	1363	688	125	430	401	731	456	341	452	159	452	1311	19	191	606	1720	538	1312	1358	413	481	736	29	160	510	622	146	215	325	11	1129	11	732	141	208	452	1940	535	84	215	370	1090	251	259	1081	987	541	614	221	426	608	234	440	1910	432	446	2522	489	221	1456	1130	423	409	331	18	1581	4041	861	608	100	1024	750	673	159	538	1047	1714	1222	1630	439	214	521	425	112	329	417	360	290	248	1704	426	346	501	1379	9	645	13	4027	1116	542	406	382	135	14	132	48	344	560	110	285	648	1606	561	2730	1490	1005	458	328	1038	432	287	485	164	575	1743	77	1116	296	68	736	25	452	291	1382	1112	735	1480	1472	944	1211	608	365	1521	245	557	455	1678	413	1351	170	1357	1485	1260	117	125	1180	779	566	1819	748	293	191	217	885	409	324	381	1589	286	586	287	219	436	246	861	1805	227	342	401	341	1070	1902	2405	456	522	1742	66	379	732	1622	303	1762	534	292	1783	597
328	1982	265	396	0	883	435	375	1519	375	292	819	320	987	508	426	536	430	414	762	3232	116	299	632	470	786	264	505	384	789	726	1918	409	551	272	494	451	306	318	415	895	164	1032	455	347	457	1668	286	453	918	565	422	283	283	349	1738	415	564	414	320	712	758	669	416	373	496	580	338	229	270	3357	154	422	0	1141	1112	1039	379	470	416	531	251	441	215	513	215	1033	412	290	446	1459	286	996	1730	505	425	363	394	507	506	314	541	283	251	408	1513	408	436	536	520	215	1554	435	327	283	330	1392	405	460	710	675	249	436	382	422	304	411	377	1519	415	116	2145	379	378	1066	746	148	154	162	388	1356	3645	1233	304	323	671	410	368	515	286	712	1431	837	1279	449	611	400	811	338	164	447	614	451	412	1345	422	87	178	993	398	349	388	3645	1474	254	45	329	529	388	268	425	139	695	333	348	304	1214	558	2368	1147	671	466	126	676	505	309	241	505	574	1362	424	1473	324	422	363	402	121	355	1004	751	442	1086	1099	1318	901	304	629	1299	409	257	168	2014	641	1743	567	965	1098	987	284	316	899	511	263	1587	452	407	291	556	494	154	585	778	1283	308	470	355	383	445	587	1238	1425	380	322	416	441	695	1668	2032	251	632	1383	393	635	436	1232	422	1388	423	292	1387	284
1154	1154	1135	1251	883	0	1267	1256	706	1254	1175	1164	1027	1261	1384	1118	767	1301	1249	1626	2417	775	1170	1513	1307	1668	1135	1355	571	195	277	1258	1288	1403	1134	420	977	1018	1025	1239	1053	1025	1088	460	1166	950	1038	1170	1308	648	498	1292	1040	1040	935	924	1239	1444	1297	1027	253	1044	1497	1255	800	980	1010	1158	701	1140	2506	977	1066	883	1067	582	1921	1182	1307	1255	678	1034	1305	999	1388	999	457	1261	1174	1145	790	993	1088	2439	1355	1223	742	1238	1384	1310	636	1395	1166	1111	1261	2379	1261	942	1390	1291	999	710	1197	1168	1166	1173	2271	1285	1177	174	347	716	1122	1264	1250	918	1293	1190	706	1239	806	1272	1159	1260	675	636	960	977	1029	1237	816	2847	2109	918	1156	810	837	918	1390	993	253	705	650	1115	1277	1455	1161	1676	1158	923	1284	1495	1328	1292	1114	1250	965	749	698	1249	935	1239	2780	2159	716	898	1166	1385	1239	1138	1289	1005	1536	1156	1220	602	731	1348	1484	1068	286	1287	1001	770	1349	1018	780	1383	1360	504	1296	2159	1022	1292	742	1248	800	1226	772	141	949	622	865	2193	1059	918	1511	785	1290	699	948	2897	1517	2596	1417	604	732	459	1153	1195	409	1015	690	975	946	1280	1175	1337	420	977	1467	1618	1310	1019	1203	1227	1265	1274	1361	2111	562	1262	1176	1255	1305	194	1038	1591	1034	1470	1143	1264	1516	942	440	1101	512	1182	1004	788	658
113	2398	362	426	435	1267	0	191	1831	179	254	705	611	864	383	670	666	375	477	366	3506	549	357	312	40	459	359	97	703	1203	1149	2354	171	497	171	849	428	602	610	29	872	271	1024	878	486	457	2104	253	74	1103	1000	379	234	234	388	2041	29	260	213	611	1130	711	631	25	525	467	529	484	664	361	3662	298	706	435	1174	1547	753	524	40	25	958	233	104	267	388	267	1466	443	254	232	1892	290	978	1703	97	76	566	451	378	87	749	488	236	188	432	1269	432	446	486	634	267	1884	140	440	236	105	1021	183	664	1094	1103	683	252	206	16	379	203	80	1831	29	550	2487	130	206	1260	930	313	298	275	437	1792	3900	971	379	457	764	518	417	391	290	1130	1859	1016	1328	15	558	151	638	485	528	21	303	169	189	1414	16	350	614	1166	435	388	431	3967	1489	689	400	106	474	433	360	403	296	269	478	143	733	1415	141	2735	1181	1091	34	313	792	84	604	664	370	157	1707	371	1489	620	379	566	450	555	136	1147	1146	445	1304	1218	1056	876	379	323	1735	192	692	320	1662	293	1520	514	1173	1275	1421	363	312	1332	451	698	2023	457	138	254	640	849	298	297	683	1234	604	185	140	209	11	667	987	1773	201	118	25	104	1072	2104	2128	233	203	1450	363	317	446	1551	679	1749	147	597	1612	720
196	2354	197	235	375	1256	191	0	1868	12	95	873	453	1037	208	495	760	185	287	397	3567	490	180	257	195	412	194	185	722	1164	1099	2267	39	313	141	853	554	447	452	201	1022	236	1173	828	306	579	2017	98	142	1191	922	188	316	316	485	2084	201	189	44	453	1086	862	450	167	600	599	673	305	591	194	3707	295	539	375	1314	1465	679	341	195	167	849	291	109	306	214	306	1396	252	96	393	1817	374	1129	1535	185	252	625	262	204	275	675	304	94	161	241	1176	241	563	301	443	306	1911	312	260	94	159	1017	31	482	1082	1045	599	406	17	193	460	38	218	1868	201	473	2508	274	15	1347	1015	312	295	228	247	1700	3971	885	460	279	876	608	516	217	374	1086	1796	1105	1466	204	377	306	500	306	409	182	239	81	37	1547	193	291	539	1260	244	485	241	4002	1312	603	357	172	289	243	194	212	252	359	300	63	677	1502	325	2739	1321	1045	223	254	897	201	449	564	197	339	1724	181	1311	463	188	625	260	479	65	1252	1125	564	1382	1332	971	1027	460	255	1641	34	612	336	1642	267	1419	331	1254	1369	1347	191	132	1261	591	619	1935	577	59	96	448	853	295	212	518	1396	448	362	61	19	201	476	895	1789	11	133	167	109	1064	2017	2257	291	308	1584	172	260	563	1583	507	1756	313	445	1690	646
1727	1029	1783	1910	1519	706	1831	1868	0	1864	1802	1470	1715	1489	2027	1812	1195	1949	1916	2196	1720	1425	1818	2115	1871	2273	1783	1927	1146	892	979	1426	1894	2065	1733	1025	1449	1704	1712	1801	1280	1632	1225	1151	1837	1417	1299	1796	1887	812	1205	1942	1597	1597	1450	220	1801	2049	1912	1715	959	1358	2171	1826	1308	1431	1421	1828	1376	1789	1839	1573	1763	1519	1110	1107	2548	1858	1871	1826	1384	1603	1893	1575	2032	1575	1011	1923	1801	1653	1091	1540	1253	3144	1927	1771	1264	1902	2026	1850	1323	2056	1788	1710	1920	3032	1920	1419	2051	1977	1575	110	1728	1832	1788	1753	2852	1894	1870	848	1051	1398	1628	1880	1814	1452	1906	1750	0	1801	1466	676	1706	1876	694	946	1556	1573	1641	1898	1239	2144	2749	1452	1822	1155	1325	1424	2034	1540	959	968	885	1058	1837	2121	1697	2330	1828	1594	1851	2100	1930	1903	996	1814	1589	1417	791	1910	1450	1899	2136	2865	1400	1522	1744	2045	1900	1786	1943	1618	2086	1825	1821	1277	589	1875	975	1108	992	1842	1621	1112	1915	1705	1465	2024	1884	234	1944	2864	1711	1942	1264	1911	1460	1825	861	843	1423	615	883	2835	1284	1452	2118	1241	1901	1381	1535	3493	2111	3261	2080	728	722	1044	1802	1835	1039	1462	1372	1276	1414	1879	1802	2022	1025	1573	2078	2288	1341	1706	1717	1827	1882	1835	2048	2756	219	1877	1765	1826	1893	852	1299	1128	1603	2022	1004	1912	2120	1419	287	1796	306	1713	1689	436	1341
185	2356	205	247	375	1254	179	12	1864	0	101	861	462	1025	219	506	752	197	299	393	3562	490	190	258	183	414	203	175	718	1165	1100	2272	35	325	134	851	544	455	461	188	1011	232	1163	829	316	569	2021	104	131	1184	925	200	307	307	476	2080	188	189	51	462	1087	851	462	155	592	589	663	316	593	203	3703	290	549	375	1304	1469	683	352	183	155	854	283	99	299	225	299	1398	264	102	381	1821	365	1118	1546	175	240	619	274	215	262	678	316	97	155	253	1182	253	553	313	455	299	1908	299	271	97	148	1017	30	493	1080	1046	602	395	29	180	451	43	207	1864	188	475	2505	262	27	1340	1007	308	290	226	259	1704	3966	891	451	289	867	600	507	228	365	1087	1799	1098	1456	192	389	294	508	317	414	169	240	77	38	1537	180	290	541	1253	257	476	253	3999	1324	606	355	161	301	255	203	224	250	351	310	52	678	1494	314	2737	1311	1046	210	253	889	190	457	568	208	327	1721	193	1323	471	200	619	272	481	54	1243	1124	554	1376	1324	977	1016	451	256	1645	36	615	331	1643	266	1426	343	1247	1361	1350	201	142	1264	580	622	1939	567	49	102	461	851	290	214	529	1385	456	349	50	31	189	488	901	1786	23	123	155	99	1063	2021	2248	283	299	1574	184	261	553	1579	517	1754	301	453	1684	649
214	2265	108	191	292	1175	254	95	1802	101	0	887	364	1054	232	416	728	174	237	492	3508	403	103	345	270	496	105	273	656	1077	1010	2172	135	311	126	781	546	356	362	254	1020	178	1169	741	233	567	1922	6	225	1150	829	171	303	303	464	2020	254	277	126	364	999	863	447	228	562	593	672	230	501	107	3641	243	454	292	1303	1370	748	272	270	228	753	270	196	273	238	273	1302	210	1	416	1723	354	1126	1537	273	297	580	210	230	341	584	301	24	136	200	1232	200	549	297	392	273	1841	348	187	24	182	1103	126	410	1002	954	506	423	96	250	432	125	253	1802	254	382	2434	299	92	1305	974	259	243	166	197	1604	3916	947	432	203	851	578	494	240	354	999	1704	1065	1451	269	377	332	539	231	313	251	326	177	130	1529	250	213	448	1222	198	464	192	3933	1303	510	281	193	287	193	106	187	187	453	224	111	589	1458	396	2660	1309	957	289	181	868	285	358	469	226	410	1651	168	1302	373	171	580	212	389	119	1219	1042	551	1335	1304	1033	1025	432	339	1545	127	519	288	1722	359	1469	329	1209	1330	1254	108	65	1168	590	527	1839	564	148	0	407	781	243	295	534	1401	357	398	116	96	265	437	954	1715	97	154	228	196	986	1922	2234	270	400	1566	144	347	549	1515	425	1680	345	353	1642	555
679	2291	963	1078	819	1164	705	873	1470	861	887	0	1134	169	1080	1231	415	1052	1121	973	3003	859	979	999	728	1122	961	783	701	1214	1208	2415	867	1186	760	819	368	1120	1131	683	215	752	350	1013	1094	363	2183	882	779	657	1192	1052	591	591	470	1646	683	960	907	1134	1173	120	1323	721	490	323	239	1088	951	967	3208	703	1238	819	516	1658	1415	1134	728	721	1258	628	809	643	1085	643	1543	1097	886	479	1940	554	303	2406	783	630	538	1095	1075	656	1004	1176	863	752	1087	1932	1087	384	1173	1270	643	1555	566	1054	863	715	1565	876	1252	1036	1203	991	466	890	695	515	897	655	1470	683	901	2145	598	888	784	554	696	703	767	1082	1917	3365	1635	515	1062	354	440	451	1088	554	1173	1866	591	668	699	1250	567	1343	1088	984	724	996	874	885	765	695	796	930	683	1085	470	1077	3537	2185	998	777	703	1162	1079	964	1072	765	841	1081	810	943	922	639	2443	522	1150	688	789	397	760	1123	1024	1068	637	1432	1047	2184	1139	1052	538	1098	902	807	624	1107	378	858	647	1715	215	515	1015	1871	886	987	666	2195	969	2189	1203	742	771	1517	975	952	1431	310	987	2113	368	835	887	1291	819	703	998	1387	530	1122	520	811	892	699	1322	1656	1496	884	743	721	809	1006	2183	1469	628	798	796	1028	1006	384	1241	1231	1508	562	1107	1127	985
539	2019	256	286	320	1027	611	453	1715	462	364	1134	0	1302	443	109	852	363	258	830	3435	336	275	659	632	783	259	637	651	881	800	1865	492	411	449	716	765	13	2	605	1216	398	1352	567	180	774	1616	363	589	1205	579	352	561	561	664	1935	605	601	468	0	801	1077	477	586	693	812	896	174	342	258	3533	434	105	320	1458	1081	965	174	632	586	449	523	560	498	446	498	1035	287	363	716	1438	584	1316	1454	637	639	677	261	447	698	392	405	377	442	292	1371	292	753	400	263	498	1733	674	211	377	520	1375	481	159	868	731	316	713	447	604	620	472	589	1715	605	285	2297	617	445	1346	1041	439	434	385	268	1295	3858	1121	620	191	988	731	686	446	584	801	1437	1130	1593	627	447	647	682	174	159	612	639	530	482	1655	604	339	310	1283	280	664	273	3805	1186	314	359	527	400	272	259	335	378	811	176	474	439	1486	753	2487	1464	760	646	353	989	649	11	249	450	768	1529	360	1186	9	352	677	271	289	482	1303	885	758	1355	1402	1201	1222	620	646	1234	478	333	468	1954	687	1576	419	1243	1383	983	262	324	907	823	342	1533	769	511	363	310	716	434	603	601	1604	11	720	479	447	623	334	1117	1589	450	497	586	560	863	1616	2329	523	762	1692	337	659	753	1430	102	1537	667	29	1644	373
845	2362	1132	1245	987	1261	864	1037	1489	1025	1054	169	1302	0	1243	1400	549	1217	1289	1108	2954	1023	1147	1150	884	1265	1130	937	842	1331	1332	2519	1029	1350	927	947	536	1289	1300	844	215	921	282	1155	1263	530	2292	1050	937	692	1335	1218	760	760	638	1650	844	1114	1069	1302	1296	246	1487	881	647	491	406	1257	1110	1135	3176	872	1407	987	442	1780	1553	1303	884	881	1412	797	968	812	1248	812	1662	1264	1053	643	2047	723	243	2567	937	790	691	1263	1238	808	1159	1341	1030	920	1254	2067	1254	551	1338	1439	812	1581	727	1223	1030	880	1672	1039	1422	1148	1334	1151	632	1054	855	683	1060	818	1489	844	1065	2157	762	1052	795	628	865	872	936	1250	2037	3303	1772	683	1231	458	599	618	1251	723	1296	1966	643	581	856	1414	731	1498	1257	1152	882	1148	1033	1047	680	855	965	1092	699	1253	638	1245	3511	2349	1158	945	868	1326	1247	1133	1239	934	977	1251	975	1096	916	786	2465	447	1277	845	958	494	913	1291	1187	1230	782	1478	1213	2348	1308	1218	691	1266	1066	971	628	1219	545	874	623	1850	211	683	1166	1994	1048	1147	835	2292	1117	2325	1368	774	770	1640	1144	1120	1556	479	1145	2225	535	997	1054	1459	947	872	1152	1547	388	1291	679	976	1056	857	1490	1795	1539	1048	908	881	968	1117	2292	1362	797	939	707	1195	1156	551	1283	1400	1560	724	1276	1114	1142
405	2442	249	156	508	1384	383	208	2027	219	232	1080	443	1243	0	437	958	84	192	416	3737	609	213	237	373	340	248	336	884	1269	1196	2308	213	118	340	1002	761	443	443	400	1231	411	1382	934	263	785	2058	238	316	1383	995	95	521	521	688	2245	400	200	173	443	1189	1071	248	363	793	807	882	269	689	243	3865	476	496	508	1522	1519	541	277	373	363	887	493	281	501	5	501	1464	157	234	600	1875	577	1337	1327	336	453	812	183	5	455	766	111	252	357	151	1005	151	769	110	312	501	2062	515	237	252	368	934	203	399	1212	1134	684	614	191	389	659	182	425	2027	400	577	2651	482	194	1537	1206	492	476	399	175	1738	4146	726	659	255	1078	807	718	8	577	1189	1868	1298	1672	393	175	512	307	269	473	368	219	216	195	1752	389	439	638	1454	163	688	170	4153	1107	686	506	380	99	171	245	108	419	443	267	271	784	1690	498	2867	1528	1148	408	410	1097	358	444	632	14	509	1869	89	1106	452	95	812	174	584	273	1450	1247	770	1568	1533	811	1235	659	219	1677	194	699	521	1529	275	1238	133	1441	1562	1413	231	192	1332	800	708	1975	783	246	233	298	1002	476	184	310	1605	443	564	269	188	391	318	730	1932	196	342	363	281	1199	2058	2461	493	419	1789	120	235	769	1739	453	1893	518	448	1875	738
612	2077	308	287	426	1118	670	495	1812	506	416	1231	109	1400	437	0	960	367	244	845	3531	446	315	668	685	776	311	681	761	964	880	1895	531	376	519	821	864	123	112	668	1320	485	1458	661	191	874	1648	417	637	1315	652	356	650	650	764	2032	668	617	501	109	885	1179	412	644	799	911	996	190	447	308	3624	528	64	426	1566	1127	927	162	685	644	503	611	605	590	438	590	1092	281	416	798	1482	678	1421	1348	681	707	785	258	441	757	488	372	434	515	289	1304	289	854	369	185	590	1826	749	235	434	587	1350	519	60	963	809	417	799	486	665	720	507	658	1812	668	395	2384	693	484	1455	1151	535	528	471	269	1328	3956	1067	720	216	1096	836	787	437	678	885	1489	1240	1702	685	398	725	633	189	268	667	648	565	518	1764	665	434	418	1392	279	764	276	3891	1078	414	462	596	371	274	309	334	468	843	195	527	540	1595	812	2565	1572	844	705	443	1098	696	121	349	446	827	1622	365	1078	109	356	785	265	398	535	1413	976	859	1463	1512	1145	1326	720	652	1267	515	434	565	1910	701	1499	380	1352	1493	1039	307	363	967	920	443	1565	870	555	416	232	821	528	612	536	1709	121	796	532	485	682	250	1060	1680	490	563	644	605	960	1648	2438	611	800	1802	350	667	854	1528	19	1626	743	139	1751	472
580	1914	763	896	536	767	666	760	1195	752	728	415	852	549	958	960	0	901	927	1022	2842	528	790	973	704	1125	761	764	294	801	792	2006	774	1037	620	403	254	838	849	636	391	552	509	606	873	222	1771	722	733	437	787	897	447	447	279	1397	636	914	804	852	758	305	1170	668	168	236	245	865	591	768	3009	488	949	536	605	1243	1417	909	704	668	873	468	749	456	964	456	1128	915	727	463	1530	388	479	2253	764	597	175	903	955	668	626	1027	707	601	907	1928	907	226	1023	1052	456	1262	545	844	707	613	1673	778	997	627	788	633	438	776	650	300	796	588	1195	636	578	1867	535	772	593	264	473	488	566	893	1501	3234	1632	300	845	135	152	249	966	388	758	1461	350	742	669	1103	520	1260	865	692	688	962	800	787	811	650	556	585	502	901	279	891	3321	2004	640	507	602	1013	892	765	910	552	903	859	701	559	749	686	2140	611	735	670	568	141	747	840	681	950	694	1107	895	2004	855	897	175	909	576	702	491	697	230	639	576	1718	398	300	981	1455	787	625	442	2316	959	2176	1055	508	610	1102	780	783	1016	268	622	1700	220	750	728	1084	403	488	948	1262	767	840	527	706	778	667	1115	1646	1174	771	633	668	749	597	1771	1508	468	841	848	868	979	226	931	955	1169	532	823	946	613
372	2357	167	79	430	1301	375	185	1949	197	174	1052	363	1217	84	367	901	0	125	478	3662	528	132	301	373	419	167	349	811	1185	1112	2226	205	137	295	924	718	362	363	386	1191	349	1341	851	184	740	1976	179	317	1320	910	11	475	475	638	2169	386	250	165	363	1105	1034	274	352	734	765	843	189	605	161	3787	414	423	430	1477	1435	625	204	373	352	804	444	281	447	88	447	1380	87	175	574	1791	528	1298	1364	349	437	749	108	86	456	681	127	196	308	77	1083	77	722	124	270	447	1983	496	154	196	336	1017	193	336	1130	1050	600	585	168	378	606	173	401	1949	386	495	2570	455	169	1473	1144	429	414	335	98	1656	4073	807	606	173	1025	751	668	89	528	1105	1783	1235	1625	387	203	487	381	189	388	363	281	224	188	1703	378	366	554	1392	87	638	92	4073	1133	601	432	349	113	93	163	33	353	486	186	243	701	1625	504	2784	1483	1063	405	341	1041	369	363	547	88	516	1788	5	1133	372	11	749	101	501	248	1391	1164	724	1501	1477	892	1196	606	285	1595	185	615	460	1613	334	1312	155	1376	1500	1329	148	119	1248	761	624	1893	738	237	174	268	924	414	245	361	1571	362	546	243	166	385	294	810	1851	174	309	352	281	1118	1976	2408	444	451	1740	37	300	722	1662	382	1811	496	367	1806	654
451	2274	164	51	414	1249	477	287	1916	299	237	1121	258	1289	192	244	927	125	0	602	3635	492	142	424	482	532	166	465	797	1119	1041	2122	316	156	363	895	771	260	259	483	1245	382	1392	791	84	789	1874	241	428	1329	829	115	532	532	682	2137	483	376	279	258	1039	1091	256	452	759	819	901	92	548	160	3748	443	303	414	1519	1340	707	86	482	452	708	496	393	490	193	490	1292	38	238	653	1696	577	1350	1326	465	530	763	26	196	562	616	149	261	369	48	1131	48	770	144	157	490	1944	584	86	261	418	1117	303	211	1082	976	535	660	273	477	644	286	488	1916	483	450	2522	536	273	1479	1155	456	443	366	40	1553	4051	870	644	94	1056	783	710	193	577	1039	1694	1247	1664	491	205	569	431	92	326	469	404	342	300	1737	477	372	501	1403	42	682	46	4028	1080	535	429	430	142	44	162	91	377	610	93	336	647	1627	613	2724	1525	997	509	358	1068	483	261	475	201	626	1745	125	1079	267	115	763	26	456	342	1410	1109	773	1500	1501	952	1250	644	407	1492	296	551	488	1697	458	1348	168	1379	1509	1240	149	171	1162	820	560	1791	786	345	237	170	895	443	368	371	1630	260	634	338	271	487	200	869	1806	278	391	452	393	1072	1874	2434	496	573	1774	118	422	770	1629	261	1761	582	269	1801	592
474	2744	583	557	762	1626	366	397	2196	393	492	973	830	1108	416	845	1022	478	602	0	3865	879	557	179	325	175	581	271	1067	1550	1489	2665	358	517	494	1211	772	826	829	395	1169	605	1318	1217	658	804	2415	496	317	1456	1319	488	600	600	749	2406	395	229	368	830	1474	1011	603	373	889	805	851	661	986	579	4026	649	900	762	1478	1863	445	682	325	373	1245	598	322	630	417	630	1792	564	493	562	2214	656	1270	1538	271	426	932	586	411	353	1071	514	491	517	555	960	555	796	515	729	630	2250	476	620	491	453	655	366	813	1452	1437	996	587	396	383	744	368	446	2196	395	867	2853	491	400	1612	1286	665	649	603	575	2097	4255	664	744	640	1107	878	777	419	656	1474	2192	1369	1632	359	547	502	476	662	805	346	198	316	362	1724	383	675	933	1516	565	749	569	4332	1371	1000	736	460	507	570	580	511	628	131	657	414	1067	1767	345	3100	1484	1434	354	637	1140	282	827	962	404	343	2073	479	1370	839	488	932	579	873	407	1489	1501	794	1661	1552	743	1171	744	198	2038	365	1008	678	1297	143	1217	525	1529	1623	1744	572	511	1658	781	1015	2332	805	356	493	710	1211	649	233	584	1495	826	500	407	396	361	726	687	2139	395	450	373	322	1432	2415	2437	598	183	1759	496	181	796	1917	860	2114	489	827	1967	1041
3410	1966	3497	3626	3232	2417	3506	3567	1720	3562	3508	3003	3435	2954	3737	3531	2842	3662	3635	3865	0	3143	3531	3805	3545	3960	3496	3603	2852	2590	2677	2529	3590	3781	3428	2740	3094	3425	3433	3476	2788	3333	2674	2870	3556	3062	2566	3502	3569	2410	2909	3654	3277	3277	3117	1499	3476	3741	3612	3435	2663	2915	3890	3504	2981	3065	3033	3547	3096	3503	363	3272	3481	3232	2512	2672	4245	3577	3545	3504	3086	3289	3580	3265	3742	3265	2615	3640	3506	3304	2481	3217	2717	4854	3603	3439	2946	3619	3736	3511	3043	3772	3492	3406	3637	4741	3637	3068	3767	3697	3265	1706	3388	3549	3492	3440	4514	3591	3589	2567	2750	3118	3279	3580	3489	3127	3605	3426	1720	3476	3184	1226	3376	3576	2256	2578	3255	3272	3343	3615	2690	445	4453	3127	3540	2765	2988	3089	3744	3217	2663	2378	2496	2382	3510	3839	3362	4043	3547	3313	3527	3791	3623	3600	2283	3489	3297	3137	2356	3627	3117	3616	694	4572	3120	3231	3430	3760	3616	3500	3657	3321	3745	3544	3516	2997	2103	3527	1248	2507	2699	3512	3327	2729	3588	3425	3186	3733	3533	1913	3656	4572	3431	3654	2946	3628	3179	3519	2395	2557	3071	2204	2356	4539	2788	3127	3810	2721	3599	3101	3230	5157	3795	4975	3796	2335	2252	2661	3516	3545	2686	3092	3092	2595	3060	3571	3507	3743	2740	3272	3772	4006	2648	3426	3368	3522	3582	3508	3768	4461	1860	3577	3454	3504	3580	2572	2566	1759	3289	3684	2263	3625	3809	3068	2006	3515	1925	3375	3409	1899	3061
439	1865	361	484	116	775	549	490	1425	490	403	859	336	1023	609	446	528	528	492	879	3143	0	396	747	585	900	361	621	317	674	610	1804	525	639	388	402	500	323	333	528	908	279	1036	338	415	497	1554	398	570	869	451	519	376	376	400	1646	528	678	528	336	596	784	748	530	381	540	620	406	117	366	3260	257	425	116	1131	998	1146	441	585	530	434	349	558	311	614	311	917	497	402	535	1343	365	1003	1783	621	534	353	476	609	617	201	630	397	367	495	1611	495	478	625	574	311	1456	537	406	397	444	1507	521	492	602	558	146	521	496	535	356	525	487	1425	528	51	2041	483	492	1011	705	247	257	278	472	1244	3559	1335	356	397	663	426	412	616	365	596	1314	794	1262	563	696	501	907	406	182	561	728	567	527	1321	535	204	75	946	484	400	474	3545	1520	153	149	442	619	474	364	519	254	811	403	465	187	1154	667	2259	1136	555	578	242	660	621	324	164	608	682	1260	523	1519	337	519	353	485	48	472	966	640	484	1023	1066	1420	914	356	743	1187	524	150	256	2126	757	1836	654	909	1047	872	379	420	783	560	154	1474	493	523	403	615	402	257	698	863	1292	325	567	472	497	559	644	1339	1323	495	438	530	558	589	1554	1992	349	748	1358	491	749	478	1138	437	1283	524	306	1318	172
314	2233	35	106	299	1170	357	180	1818	190	103	979	275	1147	213	315	790	132	142	557	3531	396	0	392	369	530	35	366	682	1056	984	2117	218	253	223	793	628	270	274	357	1102	240	1250	721	129	647	1867	105	321	1200	788	123	389	389	540	2037	357	330	193	275	977	949	380	331	622	676	758	127	475	29	3655	303	358	299	1378	1320	754	168	369	331	694	353	289	348	218	348	1260	124	103	514	1676	434	1208	1464	366	401	631	116	214	444	553	243	125	228	116	1215	116	628	239	293	348	1851	450	84	125	284	1135	206	307	998	923	473	520	173	353	503	196	356	1818	357	363	2438	399	170	1352	1025	317	303	226	105	1547	3944	939	503	100	918	644	568	220	434	977	1663	1117	1524	371	316	432	512	128	263	352	372	255	207	1598	353	242	424	1274	111	540	101	3941	1221	475	304	295	231	103	31	126	238	536	121	213	571	1503	497	2653	1384	935	391	222	932	381	271	424	214	512	1656	126	1221	285	123	631	121	370	220	1277	1033	631	1378	1366	1024	1108	503	382	1487	203	487	349	1740	416	1443	270	1254	1381	1210	17	48	1127	677	496	1784	644	239	103	311	793	303	337	482	1487	271	500	217	172	368	342	942	1719	176	257	331	289	986	1867	2299	353	488	1636	94	393	628	1530	326	1679	447	270	1681	526
395	2610	422	380	632	1513	312	257	2115	258	345	999	659	1150	237	668	973	301	424	179	3805	747	392	0	279	157	420	219	971	1421	1355	2509	224	340	383	1107	740	656	659	340	1178	489	1330	1085	484	769	2259	350	241	1410	1173	312	529	529	694	2330	340	68	218	659	1343	1017	437	306	824	779	840	488	846	417	3953	543	724	632	1483	1711	443	506	279	306	1086	516	225	540	238	540	1646	387	346	541	2065	588	1283	1436	219	387	858	410	232	344	929	336	350	406	378	957	378	757	338	549	540	2162	448	448	350	364	759	227	635	1339	1299	851	562	250	326	678	221	386	2115	340	728	2761	441	255	1567	1235	561	543	483	399	1940	4204	659	678	468	1075	823	724	239	588	1343	2048	1323	1637	312	375	463	356	488	651	290	20	186	220	1724	326	548	793	1475	388	694	393	4251	1247	854	614	375	328	394	418	333	508	228	484	295	933	1723	364	2995	1489	1302	317	511	1103	241	658	810	225	369	1977	303	1246	669	312	858	402	734	290	1458	1382	756	1609	1530	744	1182	678	21	1880	223	864	580	1386	43	1208	349	1478	1584	1597	409	349	1512	762	872	2176	769	236	345	532	1107	543	56	439	1529	657	487	288	249	313	549	675	2042	251	351	306	225	1321	2259	2439	516	228	1760	322	6	757	1832	684	2011	458	658	1917	900
153	2437	378	430	470	1307	40	195	1871	183	270	728	632	884	373	685	704	373	482	325	3545	585	369	279	0	422	375	60	744	1242	1187	2389	168	489	202	890	463	623	630	70	901	306	1052	916	498	493	2139	269	56	1141	1036	379	274	274	427	2082	70	232	208	632	1169	739	620	54	565	501	561	497	700	377	3702	337	724	470	1204	1583	717	535	0	54	989	274	92	308	377	308	1503	447	270	262	1929	331	1006	1684	60	108	606	457	367	82	785	481	254	221	436	1235	436	483	479	638	308	1924	169	452	254	141	981	180	676	1134	1140	717	283	208	57	419	200	120	1871	70	584	2528	168	209	1297	968	352	337	309	443	1827	3939	936	419	470	799	556	456	380	331	1169	1897	1054	1358	35	548	186	614	498	556	23	272	156	185	1445	57	385	649	1203	440	427	437	4007	1475	722	436	144	467	438	376	403	331	229	491	158	770	1453	130	2776	1211	1129	39	347	829	43	625	696	359	144	1747	371	1475	641	379	606	455	590	150	1183	1186	481	1343	1253	1021	904	419	291	1769	188	727	360	1622	257	1487	505	1212	1311	1457	377	323	1369	483	733	2058	493	137	270	641	890	337	270	666	1258	625	209	153	210	36	668	953	1813	203	149	54	92	1113	2139	2160	274	164	1481	366	285	483	1591	695	1790	179	619	1650	755
550	2759	562	496	786	1668	459	412	2273	414	496	1122	783	1265	340	776	1125	419	532	175	3960	900	530	157	422	0	561	362	1129	1573	1506	2645	381	412	541	1264	886	782	783	488	1310	646	1461	1237	603	916	2395	501	392	1562	1317	430	683	683	846	2487	488	225	371	783	1495	1150	468	457	979	923	979	608	995	557	4110	701	836	786	1617	1851	296	618	422	457	1222	672	380	697	339	697	1790	498	497	682	2206	742	1413	1363	362	531	1014	523	336	476	1077	412	503	563	492	815	492	905	415	632	697	2319	590	573	503	520	608	383	734	1494	1448	998	704	404	474	833	375	536	2273	488	878	2918	590	408	1719	1388	718	701	640	515	2075	4358	516	833	593	1222	975	875	339	742	1495	2193	1475	1772	457	425	609	308	609	793	437	173	343	376	1862	474	703	943	1626	503	846	510	4409	1198	1001	769	530	409	511	558	448	664	293	606	452	1085	1874	484	3151	1624	1454	459	666	1251	381	783	954	332	485	2134	423	1198	792	430	1014	514	885	447	1606	1537	904	1762	1675	599	1313	833	157	2014	378	1012	738	1229	166	1069	415	1631	1734	1740	547	491	1657	904	1020	2312	916	394	496	605	1264	701	201	427	1650	782	623	446	403	458	615	535	2199	406	508	457	380	1477	2395	2576	672	325	1897	448	153	905	1989	793	2168	601	786	2070	1049
306	2201	2	136	264	1135	359	194	1783	203	105	961	259	1130	248	311	761	167	166	581	3496	361	35	420	375	561	0	378	647	1022	951	2089	233	287	213	758	606	252	258	357	1079	215	1226	686	135	623	1838	106	330	1169	756	159	370	370	516	2002	357	356	213	259	943	927	411	333	593	654	737	131	441	6	3620	276	348	264	1352	1291	788	175	375	333	666	333	301	324	253	324	1229	153	105	502	1646	412	1185	1492	378	397	600	142	249	446	520	277	123	214	147	1250	147	604	273	309	324	1816	443	93	123	278	1167	223	309	963	890	439	506	189	354	477	216	350	1783	357	329	2403	390	186	1320	994	289	276	200	132	1520	3909	974	477	104	890	617	543	255	412	943	1632	1086	1497	374	349	422	547	131	232	357	400	273	224	1570	354	209	390	1242	140	516	130	3906	1247	442	271	288	265	131	3	160	210	553	124	217	536	1470	501	2618	1358	901	394	192	903	390	254	392	248	516	1621	161	1246	268	159	600	148	335	225	1246	998	608	1344	1336	1059	1085	477	410	1460	221	454	321	1774	442	1478	304	1221	1349	1179	19	70	1096	656	463	1756	620	251	105	332	758	276	366	515	1465	253	492	222	189	370	363	978	1684	192	253	333	301	950	1838	2269	333	503	1608	130	421	604	1495	320	1644	438	250	1648	492
202	2480	380	413	505	1355	97	185	1927	175	273	783	637	937	336	681	764	349	465	271	3603	621	366	219	60	362	378	0	795	1285	1227	2421	150	454	233	940	523	629	636	127	959	342	1110	956	491	553	2171	274	52	1201	1069	356	330	330	486	2138	127	177	186	637	1210	797	581	101	623	561	620	491	733	378	3760	380	725	505	1263	1616	657	525	60	101	1013	326	76	358	340	358	1539	428	274	321	1964	387	1064	1635	0	169	663	441	330	128	818	446	262	254	417	1175	417	543	445	618	358	1979	229	446	262	183	926	162	666	1182	1179	748	343	195	114	477	178	177	1927	127	616	2582	228	197	1357	1027	396	380	343	428	1857	3998	876	477	465	860	615	515	343	387	1210	1935	1114	1417	95	510	246	561	492	576	76	214	124	165	1505	114	418	681	1263	423	486	421	4064	1430	753	474	189	433	423	378	381	366	190	486	168	808	1513	163	2828	1269	1171	98	379	889	23	632	722	322	173	1801	347	1430	646	356	663	438	622	160	1243	1232	541	1402	1313	960	962	477	233	1799	168	758	407	1565	197	1427	469	1271	1372	1492	376	318	1405	543	765	2089	553	126	273	617	940	380	214	619	1313	631	267	162	196	96	642	893	1867	191	183	101	76	1161	2171	2219	326	129	1540	347	225	543	1647	693	1842	239	626	1710	789
593	1720	648	781	384	571	703	722	1146	718	656	701	651	842	884	761	294	811	797	1067	2852	317	682	971	744	1129	647	795	0	549	522	1754	749	935	588	151	424	638	649	674	681	485	785	312	725	402	1513	650	751	554	493	804	472	472	367	1363	674	904	765	651	492	597	1053	694	243	439	492	716	334	654	2985	428	734	384	853	970	1401	754	744	694	584	469	753	437	890	437	863	796	655	575	1278	422	761	2100	795	655	183	778	884	740	348	925	641	565	792	1889	792	390	920	890	437	1190	626	710	641	615	1720	748	809	403	507	375	552	733	686	348	760	624	1146	674	367	1789	590	729	694	397	410	428	494	772	1229	3262	1603	348	704	410	289	354	892	422	492	1222	483	971	712	995	591	1191	717	499	722	955	785	756	1022	686	445	347	632	783	367	772	3281	1837	381	379	607	913	773	651	808	471	970	712	676	278	837	777	2032	858	462	721	475	392	786	640	435	880	789	1006	805	1836	651	804	183	786	363	681	657	465	397	707	760	1689	688	348	973	1180	755	363	392	2355	970	2123	951	592	731	830	667	693	742	472	357	1438	397	735	656	930	151	428	932	1162	1043	640	632	683	735	709	959	1611	1072	730	623	694	753	378	1513	1679	469	904	1059	774	975	390	861	751	1046	611	622	1005	341
1090	1194	1022	1127	789	195	1203	1164	892	1165	1077	1214	881	1331	1269	964	801	1185	1119	1550	2590	674	1056	1421	1242	1573	1022	1285	549	0	87	1208	1199	1276	1055	404	973	874	880	1178	1135	944	1192	336	1035	950	970	1072	1235	782	320	1175	990	990	913	1106	1178	1353	1203	881	80	1098	1358	1188	792	986	1031	1027	581	1027	2665	905	907	789	1194	452	1811	1045	1242	1188	496	976	1227	939	1274	939	331	1136	1076	1115	731	950	1184	2264	1285	1170	732	1111	1271	1257	504	1268	1071	1033	1136	2249	1136	939	1263	1143	939	885	1153	1043	1071	1103	2181	1195	1024	186	160	586	1094	1171	1188	888	1200	1131	892	1178	696	1421	1109	1166	836	731	890	905	946	1112	706	3023	1988	888	1028	873	836	902	1275	950	80	673	766	1260	1215	1322	1116	1551	1027	798	1219	1403	1241	1201	1269	1188	875	632	842	1125	913	1115	2928	1982	585	813	1098	1259	1114	1025	1169	922	1472	1025	1137	488	909	1301	1606	1196	122	1228	914	837	1282	874	644	1270	1314	678	1180	1982	876	1175	732	1121	689	1143	910	118	946	792	1010	2071	1141	888	1417	665	1199	570	884	2796	1431	2457	1288	754	892	314	1039	1087	242	1019	561	898	945	1196	1077	1190	404	905	1372	1481	1429	875	1167	1144	1171	1211	1212	1988	729	1169	1102	1188	1227	216	970	1779	976	1407	1301	1149	1424	939	634	946	667	1139	861	981	531
1036	1255	950	1051	726	277	1149	1099	979	1100	1010	1208	800	1332	1196	880	792	1112	1041	1489	2677	610	984	1355	1187	1506	951	1227	522	87	0	1233	1135	1198	996	389	945	793	798	1124	1144	885	1211	271	957	924	990	1005	1177	821	232	1102	942	942	878	1193	1124	1287	1136	800	38	1095	1277	1132	765	962	1013	949	510	955	2751	850	823	726	1225	450	1737	966	1187	1132	409	926	1167	888	1200	888	340	1059	1009	1075	759	906	1200	2177	1227	1120	706	1035	1198	1206	430	1190	1006	974	1060	2170	1060	912	1186	1060	888	973	1107	967	1006	1046	2114	1130	940	220	73	512	1054	1105	1133	850	1134	1078	979	1124	627	1506	1060	1100	888	752	836	850	886	1036	709	3111	1912	850	952	876	812	870	1201	906	38	713	796	1299	1161	1243	1070	1473	949	723	1163	1336	1177	1136	1315	1133	813	563	885	1049	878	1039	3013	1895	510	753	1043	1183	1038	953	1094	862	1415	948	1075	422	971	1252	1687	1227	60	1175	852	842	1225	793	566	1198	1266	765	1107	1895	794	1102	706	1045	621	1082	949	168	919	850	1051	1994	1150	850	1350	663	1133	496	832	2725	1367	2376	1210	800	943	309	967	1017	223	995	488	915	919	1133	1010	1107	389	850	1305	1401	1454	794	1124	1082	1106	1157	1129	1910	817	1104	1044	1132	1167	245	990	1846	926	1351	1347	1076	1358	912	718	862	754	1092	781	1053	458
2244	565	2087	2151	1918	1258	2354	2267	1426	2272	2172	2415	1865	2519	2308	1895	2006	2226	2122	2665	2529	1804	2117	2509	2389	2645	2089	2421	1754	1208	1233	0	2307	2269	2189	1612	2178	1865	1864	2332	2312	2083	2340	1488	2045	2157	250	2169	2369	1885	1353	2215	2164	2164	2112	1504	2332	2445	2297	1865	1262	2297	2299	2334	1998	2193	2239	2039	1689	2091	2433	2059	1830	1918	2300	806	2822	2036	2389	2334	1423	2144	2353	2105	2310	2105	896	2152	2171	2305	476	2134	2344	2866	2421	2335	1938	2126	2311	2420	1604	2264	2174	2169	2157	3160	2157	2145	2260	2073	2105	1327	2330	2071	2174	2248	3240	2299	1949	1379	1263	1673	2285	2269	2340	2082	2298	2290	1426	2332	1805	1375	2280	2265	1869	1895	2047	2059	2080	2133	569	2965	2954	2082	2052	2065	2043	2104	2310	2134	1262	554	1902	2318	2367	2293	2293	2527	2038	1860	2365	2489	2349	2303	2293	2340	2004	1740	1920	2145	2112	2138	2568	2596	1668	1953	2247	2261	2137	2091	2199	2057	2611	2040	2258	1624	1860	2469	1281	2300	1294	2383	2043	2026	2423	1863	1703	2314	2484	1246	2222	2596	1856	2215	1938	2136	1800	2265	2000	1308	2152	1796	2079	3026	2318	2082	2499	630	2300	1663	2049	3802	2530	3314	2275	1826	1922	936	2100	2160	1026	2226	1656	333	2152	2312	2172	2116	1612	2059	2454	2418	2548	1864	2351	2265	2269	2364	2124	2943	1223	2269	2241	2334	2353	1409	250	2555	2144	2550	2314	2196	2510	2145	1401	1876	1147	2316	1859	1803	1633
199	2391	236	264	409	1288	171	39	1894	35	135	867	492	1029	213	531	774	205	316	358	3590	525	218	224	168	381	233	150	749	1199	1135	2307	0	325	162	883	559	485	491	186	1023	264	1175	864	341	585	2056	138	112	1208	960	210	327	327	496	2110	186	156	41	492	1122	862	460	150	616	604	675	341	629	233	3733	320	576	409	1318	1504	654	375	168	150	888	306	77	325	219	325	1434	279	136	387	1856	386	1129	1539	150	239	645	292	208	250	713	316	132	184	269	1157	269	570	314	471	325	1939	302	296	132	163	983	12	516	1114	1081	637	403	45	176	474	32	212	1894	186	510	2537	270	47	1364	1031	338	320	258	278	1739	3992	864	474	315	886	621	527	221	386	1122	1834	1121	1470	183	387	300	490	341	448	158	207	42	18	1553	176	324	576	1275	273	496	271	4030	1320	641	389	175	302	273	233	235	283	319	335	74	713	1519	298	2770	1325	1081	200	286	909	168	487	603	201	311	1753	202	1320	501	210	645	289	516	71	1264	1158	571	1401	1343	950	1027	474	224	1680	20	650	360	1610	231	1402	342	1272	1384	1385	230	169	1299	593	657	1974	584	33	135	473	883	320	183	519	1393	487	350	68	46	180	499	875	1818	41	141	150	77	1096	2056	2265	306	270	1590	198	228	570	1610	543	1786	305	484	1709	684
