NAME : VRPTW_INSTANCE_341.txt
COMMENT : Bangkok Supermarket
TYPE : VRPTW
DIMENSION : 209
DAYS : Thursday
EDGE_WEIGHT_TYPE : EXPLICIT
VEHICLES : 29
EDGE_WEIGHT_FORMAT : FULL_MATRIX
CAPACITY : 1000
EDGE_WEIGHT_SECTION
0	1290	1627	223	176	697	165	524	212	577	1994	395	1190	306	790	199	394	309	402	584	839	1727	1055	2999	994	133	101	865	207	1711	300	221	1022	1096	1149	975	91	203	358	22	797	404	116	288	395	35	737	193	215	206	1010	289	191	775	1217	199	83	815	155	1720	620	304	135	737	401	355	202	202	185	365	432	489	454	288	1643	358	617	2258	196	1007	152	113	103	1058	172	599	1190	1414	21	613	185	19	83	441	1994	428	367	890	1879	2773	747	2067	309	1092	404	104	248	962	1095	1227	4332	968	650	28	492	715	328	1028	830	911	2216	212	1428	3445	152	359	330	432	1938	283	221	155	948	775	30	595	246	977	437	691	353	1908	1480	474	569	413	619	583	153	351	97	496	541	152	428	73	1933	1321	154	977	124	366	197	1064	863	19	83	1994	449	351	244	149	205	245	2393	369	645	581	2304	396	1623	1727	534	1700	550	96	608	902	451	383	258	1179	2947	858	330	1380	464	155	314	582	131	1131	1161	2405	516	728	3442	610	630
1290	0	1496	1383	1261	1731	1446	1739	1141	1160	1688	915	112	1004	865	1467	1594	1433	1571	1145	451	622	810	1741	936	1157	1379	427	1370	1370	990	1383	2302	937	945	2155	1275	1282	1595	1312	1813	1658	1379	1432	950	1325	757	1097	1412	1134	953	1455	1457	556	797	1162	1364	524	1158	619	1735	1438	1166	2028	1653	1562	1470	1166	1179	1580	1526	1545	858	1432	1373	1570	1519	1150	1096	771	1214	1377	1393	548	1256	1189	112	1065	1305	1603	1179	1309	1362	849	1688	865	1657	870	589	1519	763	1353	1129	541	924	1239	1198	713	903	224	3111	729	1765	1318	1704	1996	1181	348	2120	1034	967	1141	2716	2189	1214	955	961	1524	3195	1008	1150	1158	349	659	1320	1109	1390	604	1519	1980	1644	1350	2771	1728	1783	1576	1852	1126	1415	1549	1341	1711	1458	1214	862	1255	1422	1296	1182	313	1399	1656	1404	876	673	1309	1364	1688	1169	1549	1517	1438	1472	1519	1187	1660	1530	1151	1047	1508	1135	622	1450	734	837	1278	1108	1279	1141	1671	1033	2419	1857	581	961	1214	842	1255	1605	707	1410	283	1059	1125	1330	1765	2163	1796	665
1627	1496	0	1848	1458	2324	1757	1646	1686	1051	381	1579	1514	1415	920	1640	1569	1453	1520	1043	1401	1241	753	2333	2135	1556	1714	1388	1831	257	1521	1845	2420	2195	600	1796	1540	1441	1959	1633	2424	1686	1737	1474	1649	1636	1052	1531	1531	1438	685	1500	1796	1577	2153	1433	1632	1240	1494	1235	1491	1463	1522	2096	1680	1569	1640	1704	1445	1586	1422	2113	1573	1474	178	1580	1211	1439	1512	813	1703	1735	1674	1862	1460	1033	1514	2441	1648	1310	1445	1635	1625	1443	381	1420	1822	2019	1805	2139	1815	793	1321	1878	1618	1680	1379	890	660	1272	3368	872	1500	1635	1626	2167	1299	1631	2187	2155	1735	1686	2707	2703	1703	1597	1516	1420	3314	1487	1412	1494	1360	1106	1636	1032	1870	1854	1408	2098	1831	551	2681	2038	1663	1513	2186	1043	1769	1555	1579	1635	1234	1703	1468	1665	507	306	1670	1421	1629	1826	1541	698	1828	1635	1632	381	1179	1555	1669	1724	1639	1671	2517	1842	1192	1046	1814	1441	463	1241	1234	1049	1207	1702	1019	745	1175	1888	1493	2665	1879	1726	1516	299	1361	1476	1802	1433	1641	1662	518	1994	2065	1398	2820	2212	1367
223	1383	1848	0	399	476	170	627	244	800	2213	469	1276	478	992	323	529	499	554	806	942	1870	1252	3116	918	304	161	970	17	1925	421	3	927	1020	1355	1061	314	424	215	222	576	489	133	475	433	223	921	348	397	413	1219	466	140	835	1171	415	249	954	357	1864	767	492	330	691	489	494	325	218	403	496	611	265	524	475	1860	492	820	2411	362	1200	178	135	219	1063	396	823	1276	1331	204	798	403	219	255	565	2213	564	370	831	1963	2892	735	2263	526	1097	458	178	471	1149	1299	1353	4467	1156	793	222	602	628	551	1084	771	812	2335	244	1349	3564	178	428	446	612	1812	427	436	357	1058	944	222	816	23	977	619	631	345	2113	1421	348	666	567	469	805	125	496	296	602	748	178	545	186	2142	1542	216	1075	276	365	380	1267	858	219	249	2213	672	496	342	199	328	342	2425	357	848	804	2419	575	1827	1870	742	1861	730	148	829	1126	673	340	408	1039	3109	881	446	1596	614	379	318	691	270	1186	1375	2507	333	890	3546	428	754
176	1261	1458	399	0	869	302	483	335	407	1829	439	1169	260	655	227	337	193	324	415	813	1644	922	2933	1100	185	256	836	383	1552	322	396	1107	1199	1002	921	85	34	505	178	968	398	279	183	466	178	627	221	151	130	861	200	339	790	1298	99	175	755	131	1637	525	194	146	798	393	302	229	336	84	320	314	663	491	183	1482	310	460	2163	208	879	302	277	218	1105	6	426	1169	1517	195	474	84	180	169	428	1829	405	435	987	1850	2707	819	1929	164	1139	462	261	87	843	952	1169	4248	846	557	178	448	806	161	1037	895	1032	2154	335	1494	3378	302	414	349	314	2033	284	111	131	911	683	178	430	422	1032	314	765	432	1760	1530	603	527	331	752	416	310	291	124	454	381	302	425	234	1782	1154	286	951	182	437	144	924	924	180	175	1829	279	291	274	271	230	276	2403	447	487	412	2243	284	1478	1644	373	1599	456	267	443	728	285	478	261	1293	2841	899	349	1219	419	22	394	568	196	1138	1005	2354	685	610	3387	760	597
697	1731	2324	476	869	0	583	934	677	1274	2690	872	1619	942	1462	729	895	928	936	1281	1325	2274	1719	3470	1021	777	614	1354	493	2401	864	479	797	1109	1827	1279	785	890	408	691	100	806	589	903	814	690	1381	814	830	890	1693	886	541	1176	1305	891	702	1374	833	2269	1114	919	806	734	810	871	730	654	879	864	1017	215	915	903	2336	864	1246	2822	831	1664	636	592	662	1301	866	1295	1619	1368	676	1200	879	689	708	995	2690	1003	635	986	2282	3250	988	2725	1003	1331	847	650	945	1608	1770	1744	4842	1617	1133	691	923	601	1025	1397	763	886	2698	677	1200	3917	636	836	882	1019	1527	882	913	833	1442	1392	690	1292	455	1214	1028	664	612	2583	1312	416	959	948	367	1280	561	880	754	920	1182	636	971	662	2614	2018	673	1444	714	628	815	1737	1104	689	702	2690	1146	880	722	618	733	721	2645	612	1274	1279	2778	984	2297	2274	1178	2288	1190	624	1305	1597	1148	562	867	770	3528	1167	882	2073	1059	850	616	1097	704	1491	1850	2846	403	1250	3877	253	1169
165	1446	1757	170	302	583	0	458	323	707	2130	537	1344	471	947	157	359	348	387	716	996	1891	1214	3161	1070	295	66	1022	164	1854	455	167	860	1172	1301	897	227	316	203	146	679	321	70	324	522	137	900	354	248	368	1161	310	41	918	1312	355	126	979	319	1885	597	340	300	585	321	325	159	303	339	326	450	394	596	324	1784	322	670	2423	360	1167	246	71	83	1179	301	724	1344	1487	146	638	339	147	133	600	2130	590	226	976	2034	2935	857	2224	457	1214	538	210	387	1124	1249	1390	4496	1129	623	142	432	553	463	1171	675	971	2378	323	1270	3608	246	498	485	452	1773	443	377	319	1107	940	141	732	189	1095	460	534	206	2060	1328	310	498	399	457	718	47	328	178	433	603	246	585	191	2083	1454	271	1133	131	223	233	1219	978	147	126	2130	580	328	172	35	162	172	2530	221	698	712	2465	415	1777	1891	598	1865	715	174	745	1020	587	225	420	1014	3112	986	485	1521	628	287	170	739	121	1274	1307	2564	503	722	3602	458	791
524	1739	1646	627	483	934	458	0	737	703	2027	905	1650	743	1038	328	145	308	171	719	1294	2080	1291	3381	1515	631	493	1316	622	1800	794	624	774	1617	1328	450	492	459	539	504	1014	139	514	307	916	491	1056	684	336	613	1187	284	487	1271	1742	582	442	1224	602	2073	189	302	605	451	138	180	325	724	567	164	248	800	961	307	1717	174	435	2577	677	1261	670	514	441	1575	488	697	1650	1934	523	340	567	509	441	910	2027	888	300	1413	2326	3155	1270	2249	612	1609	921	623	541	1245	1291	1633	4668	1243	202	498	35	538	567	1519	541	1423	2607	737	1095	3821	670	873	823	250	1681	761	592	602	1389	1130	496	752	644	1496	260	460	325	2051	1103	525	45	170	637	732	505	191	437	28	419	670	906	593	2055	1367	678	1432	401	307	348	1272	1384	509	442	2027	621	191	291	434	321	291	2886	323	454	713	2697	249	1784	2080	422	2011	914	598	762	914	644	372	736	1024	3230	1371	823	1470	900	492	331	1051	396	1620	1294	2817	958	326	3843	715	1079
212	1141	1686	244	335	677	323	737	0	668	2039	225	1035	273	793	409	606	508	613	670	699	1628	1043	2872	782	154	262	726	229	1739	187	244	1163	883	1158	1187	270	369	454	232	776	613	253	490	199	245	704	157	423	269	1029	495	323	600	1005	288	294	713	222	1622	830	505	197	905	610	568	412	25	286	578	633	463	283	490	1680	570	795	2170	177	988	76	252	300	857	328	697	1035	1202	214	806	286	228	295	325	2039	327	549	677	1724	2648	539	2047	388	891	219	116	366	930	1099	1109	4223	940	860	238	705	859	436	852	992	703	2091	0	1581	3320	76	185	207	634	2056	205	304	222	814	715	240	669	255	774	637	851	530	1909	1645	587	781	624	713	663	283	563	306	708	715	76	303	144	1943	1380	58	832	335	546	406	1064	658	228	294	2039	549	563	451	327	416	452	2207	545	822	669	2176	599	1623	1628	708	1624	514	149	682	998	540	544	194	1283	2870	663	207	1418	381	313	493	447	341	955	1191	2265	382	932	3304	670	511
577	1160	1051	800	407	1274	707	703	668	0	1423	638	1096	424	344	599	583	433	540	16	774	1398	588	2702	1311	522	663	785	783	1152	541	797	1445	1398	631	1040	489	390	909	582	1374	692	686	450	699	585	407	511	492	402	488	477	745	848	1443	391	580	643	456	1391	624	442	484	1121	686	570	600	681	400	589	455	1066	661	450	1079	581	364	1878	491	561	669	683	623	1193	408	35	1096	1702	598	461	400	585	574	535	1423	504	796	1189	1718	2478	988	1560	281	1223	676	640	329	554	590	1006	3969	550	650	584	673	1162	249	1045	1218	1280	1939	668	1795	3138	669	639	550	452	2369	498	371	456	830	501	584	54	823	1141	443	1105	801	1376	1806	996	737	538	1146	34	717	554	528	682	318	669	552	621	1390	747	640	889	579	800	499	569	1060	585	580	1423	127	554	635	674	600	636	2347	813	372	10	2030	457	1099	1398	311	1314	360	658	60	330	129	854	493	1660	2526	994	550	817	465	425	768	616	592	1131	613	2164	1049	620	3174	1163	594
1994	1688	381	2213	1829	2690	2130	2027	2039	1423	0	1914	1728	1766	1255	2017	1950	1831	1901	1413	1678	1299	1046	2204	2424	1916	2084	1662	2196	327	1867	2211	2801	2475	902	2166	1909	1813	2332	2002	2790	2067	2106	1853	1985	2005	1373	1887	1908	1800	1015	1878	2168	1865	2410	1798	2003	1527	1857	1294	1871	1841	1884	2478	2061	1950	2017	2058	1810	1967	1804	2477	1902	1853	362	1961	1592	1343	1868	1108	2062	2104	2046	2118	1830	1407	1728	2696	2016	1691	1810	2004	1997	1777	0	1756	2201	2313	1886	2032	2115	621	1686	2130	1952	2042	1747	1183	965	1471	3120	1167	1880	2004	2008	2548	1668	1880	2569	2458	1712	2039	3085	2534	2062	1936	1860	1801	3693	1837	1776	1857	1618	1412	2004	1399	2235	2123	1789	2479	2210	422	3056	2415	2045	1894	2563	1412	2139	1935	1951	2016	1616	2062	1802	2028	340	676	2027	1674	2002	2205	1917	1002	2112	2004	2003	0	1549	1935	2047	2097	2016	2048	2585	2221	1573	1417	1780	1822	553	1299	1615	1098	1544	2066	1386	1125	1544	2266	1844	3046	1650	2006	1860	621	1696	1846	2180	1749	2015	1894	849	1965	2414	1776	2680	2586	1679
395	915	1579	469	439	872	537	905	225	638	1914	0	810	222	660	591	764	632	758	635	473	1410	886	2647	684	274	472	501	455	1603	118	469	1388	777	1016	1353	412	471	680	418	966	795	468	620	70	431	545	221	571	319	900	634	544	380	861	350	477	501	308	1404	965	633	301	1123	792	726	594	250	360	740	753	665	59	620	1552	731	863	1955	231	826	299	467	497	670	432	673	810	1092	406	901	360	414	476	137	1914	159	758	565	1500	2423	382	1870	401	704	39	327	423	761	954	886	4000	773	996	424	871	1082	464	634	1212	642	1865	225	1804	3095	299	40	95	752	2281	161	352	308	589	532	426	621	478	593	752	1071	742	1748	1865	813	950	767	939	622	502	718	469	876	783	299	112	346	1789	1278	268	606	517	756	557	918	485	414	477	1914	545	718	639	534	597	640	1998	757	886	636	1950	723	1464	1410	775	1416	372	365	631	949	526	762	180	1508	2659	465	95	1296	218	423	703	227	525	737	1067	2039	516	1046	3078	891	297
1190	112	1514	1276	1169	1619	1344	1650	1035	1096	1728	810	0	910	820	1371	1504	1346	1484	1081	356	722	799	1852	834	1058	1277	334	1263	1405	890	1276	2198	842	943	2073	1179	1191	1489	1213	1701	1564	1276	1344	843	1225	700	998	1320	1041	934	1366	1353	446	716	1070	1266	452	1063	719	1654	1350	1069	1927	1560	1471	1374	1060	1086	1489	1443	1434	752	1344	1401	1479	1449	1257	998	754	1110	1275	1294	452	1164	1126	0	992	1205	1529	1086	1209	1264	751	1728	769	1558	763	689	1631	651	1426	1044	448	818	1136	1110	690	895	259	3223	707	1684	1219	1615	1893	1098	238	2019	929	1079	1035	2614	2299	1110	850	860	1441	3087	910	1059	1063	267	601	1220	1046	1283	500	1436	1879	1544	1407	2671	1623	1695	1489	1744	1062	1311	1459	1245	1622	1385	1110	762	1152	1476	1296	1078	218	1301	1557	1311	866	563	1209	1266	1728	1094	1459	1421	1337	1376	1422	1253	1560	1462	1087	1159	1423	1178	722	1377	819	759	1174	1046	1240	1067	1569	935	2311	1966	469	860	1225	750	1163	1505	609	1312	187	1054	1233	1218	1691	2271	1687	571
306	1004	1415	478	260	942	471	743	273	424	1766	222	910	0	521	464	598	447	582	422	554	1420	776	2696	906	179	405	577	461	1466	116	476	1327	999	886	1179	272	286	657	325	1042	654	415	441	276	336	443	129	410	130	756	460	494	533	1073	161	368	511	157	1414	774	450	171	1033	649	563	467	293	176	580	559	727	258	441	1407	570	645	1952	116	723	306	413	403	859	255	458	910	1311	325	691	176	324	365	169	1766	144	662	786	1594	2470	598	1785	181	892	257	300	217	670	828	926	4026	678	805	331	708	1020	244	777	1128	862	1914	273	1728	3142	306	216	128	558	2244	75	153	157	656	471	332	414	496	790	556	992	652	1640	1773	779	788	589	921	412	453	552	338	715	567	306	170	299	1672	1109	268	693	398	662	400	794	690	324	368	1766	324	552	514	454	469	516	2142	668	668	423	2002	533	1354	1420	558	1395	252	334	426	746	306	687	78	1485	2643	651	128	1145	163	252	612	307	411	878	918	2108	650	842	3144	900	339
790	865	920	992	655	1462	947	1038	793	344	1255	660	820	521	0	878	908	747	869	328	558	1053	267	2357	1238	687	890	558	974	947	614	990	1752	1309	365	1384	720	653	1148	804	1562	1008	906	759	731	810	145	648	781	584	239	787	979	698	1304	592	824	396	638	1046	969	755	663	1434	1002	889	879	814	607	909	792	1247	652	759	893	899	704	1539	631	226	826	904	866	1024	654	362	820	1584	812	804	607	804	818	523	1255	501	1085	1118	1395	2133	910	1277	491	1048	699	814	567	209	307	685	3630	206	995	807	1006	1457	503	829	1532	1243	1595	793	2120	2793	826	681	606	789	2680	587	570	638	573	233	808	291	1011	994	780	1410	1085	1121	2139	1255	1074	869	1404	312	943	873	777	1015	663	826	548	807	1151	625	789	638	837	1088	783	274	943	804	824	1255	418	873	922	921	880	923	2049	1099	708	334	1686	789	835	1053	656	973	289	844	284	421	397	1133	598	1948	2198	853	606	635	442	665	1048	519	851	897	406	1823	1160	961	2829	1401	460
199	1467	1640	323	227	729	157	328	409	599	2017	591	1371	464	878	0	209	199	231	611	1016	1870	1145	3156	1186	319	170	1040	313	1752	488	319	879	1289	1218	778	192	224	328	177	823	205	195	175	594	164	855	376	108	338	1075	157	197	967	1415	314	116	973	309	1863	446	190	302	573	202	172	2	396	297	177	293	549	649	175	1678	171	517	2391	374	1103	341	194	114	1257	230	611	1371	1606	195	481	297	182	116	620	2017	602	208	1085	2057	2930	946	2147	390	1291	602	295	312	1069	1169	1388	4474	1072	473	171	297	580	375	1219	669	1097	2375	409	1269	3601	341	557	518	295	1805	462	332	309	1120	909	170	633	343	1176	303	538	206	1972	1309	397	372	244	546	616	197	173	126	300	453	341	610	265	1989	1341	351	1155	74	210	100	1143	1062	182	116	2017	479	173	50	124	6	51	2586	221	545	607	2464	258	1692	1870	449	1827	682	270	646	896	492	256	437	1070	3068	1055	518	1417	627	223	170	763	68	1322	1211	2572	654	567	3607	574	803
394	1594	1569	529	337	895	359	145	606	583	1950	764	1504	598	908	209	0	165	48	598	1149	1943	1166	3242	1388	491	379	1170	521	1708	651	525	865	1490	1214	589	352	313	488	375	983	117	404	162	778	363	918	542	193	467	1071	138	395	1126	1608	436	315	1080	459	1936	237	158	463	539	111	38	206	596	421	33	146	736	819	162	1628	37	375	2446	534	1133	544	403	323	1434	343	582	1504	1808	395	308	421	380	313	765	1950	742	274	1284	2181	3016	1134	2140	468	1468	781	496	396	1113	1173	1490	4536	1112	264	369	110	597	425	1374	636	1303	2466	606	1213	3684	544	734	680	149	1786	617	446	459	1244	989	368	629	548	1357	161	531	292	1949	1231	511	190	57	644	609	403	46	301	117	335	544	761	465	1958	1281	548	1286	274	280	206	1152	1246	380	315	1950	489	46	187	329	202	188	2740	298	401	592	2556	129	1677	1943	335	1879	770	475	640	826	511	349	592	1096	3105	1229	680	1375	754	347	280	905	273	1475	1188	2675	862	364	3703	702	933
309	1433	1453	499	193	928	348	308	508	433	1831	632	1346	447	747	199	165	0	138	446	991	1778	1008	3076	1286	371	338	1012	487	1576	515	496	1012	1386	1063	732	237	162	527	296	1023	261	365	24	657	289	753	412	102	320	920	46	390	980	1489	288	252	916	324	1771	332	9	335	689	256	141	198	504	275	161	125	743	684	24	1499	152	322	2282	400	973	459	364	280	1298	199	437	1346	1704	319	304	275	301	246	616	1831	591	369	1175	2018	2850	1011	1993	304	1332	654	412	236	950	1020	1325	4372	950	363	293	273	729	260	1224	787	1212	2301	508	1373	3518	459	606	542	125	1938	476	293	324	1083	823	292	475	521	1225	128	672	378	1808	1395	588	350	143	733	456	381	126	213	281	254	459	615	381	1820	1157	453	1127	223	374	119	997	1118	301	252	1831	329	126	218	313	196	220	2587	389	350	441	2391	92	1532	1778	250	1716	605	403	486	707	349	434	454	1228	2945	1092	542	1242	597	209	350	753	230	1324	1045	2510	819	423	3537	770	776
402	1571	1520	554	324	936	387	171	613	540	1901	758	1484	582	869	231	48	138	0	555	1129	1909	1125	3209	1396	489	400	1150	545	1660	644	551	912	1497	1170	597	350	296	528	385	1025	166	426	141	777	374	884	537	191	453	1028	124	425	1114	1610	422	328	1054	451	1902	218	133	458	586	160	65	229	605	408	73	98	771	812	141	1580	71	327	2408	527	1094	555	425	342	1428	330	538	1484	1815	406	264	408	390	325	751	1901	727	320	1289	2157	2984	1133	2095	442	1462	778	507	374	1075	1130	1462	4499	1074	247	380	138	646	395	1360	682	1314	2435	613	1255	3650	555	730	672	100	1831	607	429	451	1221	958	379	587	575	1352	112	579	338	1903	1269	556	213	12	692	567	429	58	306	146	286	555	749	475	1911	1233	556	1265	289	327	207	1110	1243	390	328	1901	451	58	219	355	225	220	2724	344	353	550	2525	83	1632	1909	286	1842	743	489	598	778	474	395	583	1145	3065	1222	672	1328	735	337	323	890	290	1460	1142	2646	886	335	3672	747	914
584	1145	1043	806	415	1281	716	719	670	16	1413	635	1081	422	328	611	598	446	555	0	761	1381	572	2686	1305	526	671	771	790	1141	539	804	1459	1392	617	1056	497	399	918	590	1381	706	694	463	696	592	391	513	504	405	474	491	754	838	1435	395	589	629	460	1374	641	456	488	1135	700	584	611	684	405	604	471	1072	656	463	1069	595	381	1862	493	545	673	691	632	1183	416	46	1081	1694	605	477	405	592	583	529	1413	498	809	1183	1702	2461	982	1546	285	1212	673	645	335	537	575	990	3953	533	666	591	689	1175	256	1033	1232	1275	1923	670	1810	3121	673	636	548	468	2383	497	375	460	816	486	592	37	829	1131	458	1119	813	1363	1822	1007	753	553	1157	19	726	568	537	697	335	673	546	626	1378	739	643	875	589	812	511	554	1051	592	589	1413	135	568	647	684	611	649	2332	826	388	6	2014	472	1086	1381	328	1297	349	663	44	327	133	866	493	1673	2510	985	548	807	458	433	780	607	602	1118	601	2148	1052	636	3157	1173	583
839	451	1401	942	813	1325	996	1294	699	774	1678	473	356	554	558	1016	1149	991	1129	761	0	949	647	2173	747	706	929	28	929	1351	540	942	1855	797	800	1720	824	835	1152	861	1414	1208	930	988	518	873	416	646	964	685	740	1010	1008	194	758	714	913	166	707	944	1303	995	715	1577	1204	1115	1019	724	730	1133	1090	1127	420	988	1324	1123	1113	1497	645	588	770	928	942	470	808	807	356	1043	854	1186	730	858	910	398	1678	414	1206	639	1041	1949	454	1506	691	492	488	791	755	511	741	418	3527	529	1334	867	1259	1548	747	275	1669	793	1392	699	2266	2621	770	514	511	1089	2755	557	702	707	117	325	869	728	952	453	1085	1530	1193	1429	2320	1284	1339	1134	1412	742	966	1103	890	1266	1045	770	411	805	1484	1137	736	138	947	1205	955	704	434	858	913	1678	754	1103	1066	987	1021	1067	1599	1209	1128	765	1477	1070	1161	949	1036	981	419	830	730	973	727	1221	582	1982	2206	328	511	1102	394	807	1153	257	958	357	893	1568	938	1347	2607	1364	215
1727	622	1241	1870	1644	2274	1891	2080	1628	1398	1299	1410	722	1420	1053	1870	1943	1778	1909	1381	949	0	842	1304	1557	1597	1826	921	1855	1032	1450	1870	2746	1559	894	2437	1685	1654	2070	1746	2364	2032	1833	1785	1462	1757	1025	1540	1789	1535	989	1812	1912	1116	1412	1556	1787	916	1575	7	2022	1785	1592	2443	2027	1918	1872	1653	1573	1938	1839	2073	1361	1785	1075	1928	1755	548	1532	848	1692	1831	1823	1171	1641	1415	722	1667	1745	1857	1573	1745	1782	1305	1299	1308	2076	1485	587	1079	1356	814	1486	1163	1431	1704	1564	844	891	532	2605	849	2048	1751	2047	2440	1519	958	2540	1651	553	1628	3138	1741	1692	1449	1424	1836	3665	1452	1538	1575	833	960	1753	1344	1883	1223	1828	2407	2069	893	3171	2196	2119	1910	2334	1365	1871	1904	1750	2055	1716	1692	1325	1711	976	1166	1655	840	1812	2076	1786	889	1281	1745	1787	1299	1460	1904	1918	1875	1874	1920	1289	2084	1756	1387	643	1832	786	0	1709	200	1188	1742	1337	1365	1435	2107	1474	2902	1258	1181	1424	1036	1264	1646	2029	1183	1825	905	998	800	1887	2012	1777	2298	1116
1055	810	753	1252	922	1719	1214	1291	1043	588	1046	886	799	776	267	1145	1166	1008	1125	572	647	842	0	2137	1385	948	1155	635	1235	724	859	1251	2017	1442	153	1611	987	921	1414	1070	1818	1270	1171	1021	955	1077	341	905	1047	849	155	1049	1245	826	1401	858	1091	487	902	834	1206	1017	926	1697	1264	1149	1146	1065	874	1169	1043	1503	866	1021	685	1160	925	1294	890	61	1082	1169	1133	1110	921	597	799	1688	1077	1031	874	1070	1085	748	1046	732	1352	1270	1265	1915	1070	1011	759	1127	922	1074	835	137	97	595	3383	121	1229	1073	1260	1724	769	884	1795	1413	1394	1043	2380	2566	1082	912	846	1040	2944	837	836	902	611	366	1074	538	1271	1100	1030	1675	1352	866	2394	1523	1325	1124	1671	558	1209	1133	1044	1269	897	1082	774	1069	903	501	1045	675	1105	1355	1049	66	1075	1070	1091	1046	679	1133	1188	1188	1147	1190	1953	1366	924	577	1485	1043	580	842	891	733	529	1106	528	527	660	1400	851	2215	1939	973	846	454	672	932	1315	705	1118	926	256	1635	1398	1180	2616	1666	633
2999	1741	2333	3116	2933	3470	3161	3381	2872	2702	2204	2647	1852	2696	2357	3156	3242	3076	3209	2686	2173	1304	2137	0	2578	2866	3094	2146	3102	2078	2708	3116	4021	2538	2165	3741	2967	2946	3325	3020	3550	3327	3098	3082	2688	3031	2324	2807	3082	2818	2277	3109	3177	2298	2340	2841	3065	2184	2853	1311	3326	3083	2867	3729	3322	3216	3158	2897	2859	3236	3141	3287	2592	3082	2155	3226	3057	896	2802	2149	2943	3096	3099	2208	2929	2719	1852	2498	3016	3160	2859	3017	3061	2562	2204	2571	3358	2550	1206	226	2489	1584	2780	2186	2660	2962	2856	2148	2174	1771	1387	2153	3352	3025	3347	3714	2817	2074	3824	2702	782	2872	4424	447	2943	2687	2680	3139	4928	2717	2825	2853	2058	2254	3027	2648	3125	2287	3131	3688	3349	1809	4464	3456	3421	3211	3586	2669	3135	3202	3033	3356	3020	2943	2579	2974	1879	2368	2908	2041	3094	3358	3078	2178	2383	3017	3065	2204	2763	3202	3205	3148	3160	3207	1277	3364	3058	2692	696	3133	1890	1304	3013	1409	2477	3001	2641	2648	2738	3383	2741	4155	779	2307	2680	2226	2535	2934	3309	2427	3107	1984	2256	634	3068	3314	489	3535	2370
994	936	2135	918	1100	1021	1070	1515	782	1311	2424	684	834	906	1238	1186	1388	1286	1396	1305	747	1557	1385	2578	0	915	1024	765	916	2098	798	920	1772	102	1536	1963	1049	1134	1104	1013	1071	1384	1005	1269	638	1025	1095	881	1205	994	1457	1277	1052	559	284	1024	1074	898	970	1554	1612	1284	953	1594	1383	1350	1189	792	1030	1359	1411	915	651	1269	2068	1352	1544	2084	897	1324	845	1005	1073	389	1093	1346	834	419	993	1573	1030	1008	1076	776	2424	807	1287	122	1372	2370	329	2228	1085	403	651	892	1101	1247	1475	1063	3965	1264	1643	1019	1484	1503	1147	604	1662	136	1848	782	2193	3014	845	696	779	1411	2547	843	1030	970	821	1030	1020	1286	909	335	1413	1527	1263	2169	2288	1223	1558	1406	1289	1290	1022	1346	1089	1487	1464	845	759	923	2228	1856	840	777	1115	1282	1188	1437	312	1008	1074	2424	1227	1346	1224	1086	1193	1225	1633	1275	1568	1307	1915	1378	1907	1557	1455	1648	986	916	1294	1600	1207	1257	859	1790	2787	420	779	1837	849	1080	1234	723	1119	652	1619	1943	658	1709	2941	1193	778
133	1157	1556	304	185	777	295	631	154	522	1916	274	1058	179	687	319	491	371	489	526	706	1597	948	2866	915	0	229	731	287	1624	169	302	1155	1015	1051	1080	139	220	478	155	877	521	236	356	288	167	620	59	299	120	916	366	315	648	1120	135	208	683	68	1590	701	370	42	870	518	453	321	162	132	467	495	562	331	356	1561	458	643	2131	64	897	147	234	236	943	179	550	1058	1333	150	660	132	152	206	307	1916	295	500	804	1747	2640	644	1959	241	977	289	127	211	847	995	1095	4201	854	732	161	597	848	283	900	963	846	2083	154	1562	3313	147	242	199	495	2068	149	152	68	814	651	162	529	324	865	497	825	487	1809	1613	600	676	499	742	521	274	446	195	602	563	147	295	120	1838	1250	117	844	245	499	284	962	754	152	208	1916	399	446	367	282	325	369	2267	502	669	524	2171	463	1523	1597	555	1574	430	157	542	853	393	517	125	1306	2822	740	199	1297	332	165	447	449	255	1003	1073	2271	528	793	3309	722	497
101	1379	1714	161	256	614	66	493	262	663	2084	472	1277	405	890	170	379	338	400	671	929	1826	1155	3094	1024	229	0	955	148	1805	389	157	927	1126	1246	939	175	276	258	85	713	360	27	314	460	79	838	287	236	307	1107	306	90	853	1261	298	89	912	256	1819	616	331	236	651	359	342	173	244	282	347	451	414	531	314	1736	342	659	2358	293	1107	187	25	59	1120	254	682	1277	1443	80	638	282	85	96	533	2084	523	287	927	1967	2869	800	2167	404	1154	475	147	337	1063	1193	1323	4430	1069	644	82	464	620	416	1106	741	930	2311	262	1337	3541	187	434	418	452	1839	377	319	256	1040	876	81	685	183	1037	459	601	269	2006	1394	373	535	412	518	672	54	343	140	466	587	187	518	125	2030	1410	208	1067	115	284	219	1163	920	85	89	2084	535	343	201	64	177	201	2467	285	687	668	2398	415	1722	1826	582	1800	651	113	698	983	540	291	353	1079	3048	925	418	1472	561	238	232	672	111	1210	1256	2497	487	735	3535	511	724
865	427	1388	970	836	1354	1022	1316	726	785	1662	501	334	577	558	1040	1170	1012	1150	771	28	921	635	2146	765	731	955	0	956	1334	566	970	1881	813	788	1739	848	857	1180	886	1443	1232	956	1009	546	899	418	671	987	708	733	1032	1035	217	767	736	938	162	731	915	1322	1016	739	1602	1227	1137	1043	751	753	1155	1110	1156	448	1009	1309	1145	1127	1469	670	576	797	955	967	477	830	817	334	1053	880	1202	753	884	935	423	1662	438	1231	659	1016	1921	478	1482	710	498	517	818	775	500	729	390	3499	518	1352	892	1281	1575	765	272	1695	815	1364	726	2292	2593	797	541	537	1108	2782	582	725	731	88	324	894	738	980	465	1104	1556	1218	1407	2345	1311	1360	1155	1440	752	993	1125	914	1288	1060	797	437	832	1464	1128	763	115	972	1230	978	693	452	884	938	1662	769	1125	1090	1013	1045	1092	1581	1234	1142	776	1449	1090	1141	921	1051	953	433	857	740	975	742	1247	607	2009	2178	345	537	1089	416	829	1179	283	983	348	883	1542	966	1364	2581	1392	238
207	1370	1831	17	383	493	164	622	229	783	2196	455	1263	461	974	313	521	487	545	790	929	1855	1235	3102	916	287	148	956	0	1908	405	15	938	1018	1338	1058	298	409	226	206	593	484	121	463	421	208	904	331	385	396	1202	455	138	824	1167	397	235	938	340	1849	759	480	313	698	484	485	316	204	386	488	600	282	511	463	1843	484	807	2395	345	1183	163	123	207	1055	380	806	1263	1330	188	787	386	203	241	549	2196	548	370	828	1951	2878	728	2246	509	1089	445	160	454	1132	1282	1338	4452	1139	785	207	596	637	534	1073	779	812	2320	229	1359	3550	163	415	430	601	1826	410	419	340	1044	927	207	799	39	969	608	638	346	2096	1430	360	662	557	483	788	117	487	282	597	734	163	529	168	2124	1525	200	1062	264	366	367	1249	851	203	235	2196	656	487	335	191	320	335	2416	359	835	787	2406	564	1810	1855	728	1845	713	130	812	1110	656	344	391	1053	3093	872	430	1579	597	362	318	676	259	1175	1357	2494	341	881	3533	444	739
1711	1370	257	1925	1552	2401	1854	1800	1739	1152	327	1603	1405	1466	947	1752	1708	1576	1660	1141	1351	1032	724	2078	2098	1624	1805	1334	1908	0	1562	1923	2571	2148	586	1993	1629	1540	2057	1720	2501	1824	1825	1596	1673	1725	1058	1590	1644	1511	709	1623	1891	1539	2082	1512	1727	1201	1567	1027	1659	1586	1594	2245	1818	1703	1752	1759	1525	1721	1564	2186	1587	1596	91	1714	1370	1186	1572	786	1767	1822	1770	1791	1553	1141	1405	2369	1732	1474	1525	1722	1721	1465	327	1445	1945	1987	1612	1886	1790	540	1402	1803	1640	1751	1467	860	648	1150	3116	844	1672	1723	1777	2303	1390	1553	2339	2134	1500	1739	2881	2446	1767	1626	1553	1561	3480	1534	1490	1567	1291	1091	1723	1122	1946	1795	1550	2239	1951	298	2865	2149	1822	1655	2298	1137	1859	1688	1676	1786	1381	1767	1490	1739	268	435	1731	1346	1730	1949	1652	685	1785	1722	1727	327	1275	1688	1786	1823	1752	1788	2320	1963	1355	1145	1577	1578	249	1032	1379	834	1235	1777	1109	885	1267	2006	1544	2803	1625	1679	1553	334	1385	1567	1920	1430	1743	1569	550	1759	2108	1580	2565	2313	1358
300	990	1521	421	322	864	455	794	187	541	1867	118	890	116	614	488	651	515	644	539	540	1450	859	2708	798	169	389	566	405	1562	0	420	1315	893	978	1240	302	353	620	323	962	689	390	504	162	335	519	111	458	200	853	519	469	479	979	232	378	533	192	1444	848	516	189	1037	686	614	491	211	242	629	635	651	169	504	1506	620	746	1989	117	803	242	388	403	784	315	574	890	1209	314	782	242	319	376	145	1867	142	668	680	1579	2482	501	1861	288	817	147	255	305	744	918	938	4050	754	879	329	760	1008	349	731	1129	748	1925	187	1726	3155	242	102	30	634	2221	45	234	192	651	528	330	531	436	709	634	990	654	1725	1781	749	839	652	884	529	427	605	363	765	666	242	129	266	1761	1217	205	678	415	666	445	883	603	319	378	1867	438	605	537	447	494	538	2098	669	770	540	2011	606	1439	1450	658	1440	330	293	542	862	422	680	62	1453	2687	578	30	1246	194	307	614	283	425	834	1018	2108	546	927	3147	850	337
221	1383	1845	3	396	479	167	624	244	797	2211	469	1276	476	990	319	525	496	551	804	942	1870	1251	3116	920	302	157	970	15	1923	420	0	926	1022	1353	1058	311	421	214	219	579	486	130	472	434	220	920	347	393	411	1217	463	137	836	1173	412	245	953	355	1864	763	489	328	690	486	490	321	218	400	493	607	268	525	472	1858	488	817	2410	361	1199	178	132	216	1065	393	820	1276	1333	201	795	400	216	251	564	2211	563	367	834	1964	2892	736	2261	524	1099	458	176	468	1147	1297	1352	4466	1155	790	219	599	626	548	1085	770	815	2334	244	1348	3564	178	428	445	609	1812	426	434	355	1058	943	219	813	26	978	616	629	343	2111	1420	348	663	563	469	802	122	493	293	599	744	178	544	183	2140	1540	215	1075	272	362	376	1265	860	216	245	2211	670	493	339	196	325	339	2426	355	845	801	2419	571	1825	1870	739	1860	728	146	826	1123	670	338	407	1039	3108	882	445	1594	613	376	315	691	267	1187	1372	2508	336	887	3547	429	753
1022	2302	2420	927	1107	797	860	774	1163	1445	2801	1388	2198	1327	1752	879	865	1012	912	1459	1855	2746	2017	4021	1772	1155	927	1881	938	2571	1315	926	0	1868	2076	803	1060	1102	712	1001	800	753	924	997	1359	990	1735	1214	971	1210	1933	969	846	1762	2048	1190	959	1838	1170	2739	937	1003	1155	326	759	875	878	1139	1173	856	1007	856	1445	997	2489	864	1209	3270	1219	1979	1088	926	923	1981	1110	1447	2198	2149	1005	1111	1173	1004	963	1460	2801	1450	671	1711	2888	3796	1651	3005	1270	2014	1382	1063	1192	1948	2033	2250	5351	1950	933	996	794	307	1249	2012	232	1644	3239	1163	424	4468	1088	1347	1344	1010	927	1304	1209	1170	1967	1787	995	1488	924	1893	1021	342	677	2815	518	579	757	917	483	1469	888	891	996	786	1190	1088	1444	1049	2823	2140	1120	1991	933	670	970	2009	1775	1004	959	2801	1339	891	833	873	876	831	3346	662	1228	1454	3326	995	2543	2746	1192	2707	1559	1024	1499	1686	1357	639	1280	283	3948	1807	1344	2239	1487	1102	716	1598	920	2114	2053	3423	1113	1051	4462	580	1651
1096	937	2195	1020	1199	1109	1172	1617	883	1398	2475	777	842	999	1309	1289	1490	1386	1497	1392	797	1559	1442	2538	102	1015	1126	813	1018	2148	893	1022	1868	0	1595	2065	1149	1233	1205	1115	1155	1487	1108	1369	735	1127	1164	979	1306	1091	1521	1377	1155	618	208	1121	1175	955	1068	1557	1713	1384	1052	1694	1486	1451	1292	893	1128	1461	1510	1012	742	1369	2122	1454	1640	2077	994	1382	947	1108	1175	390	1192	1434	842	318	1095	1671	1128	1110	1177	863	2475	895	1389	212	1336	2334	410	2254	1179	396	746	994	1197	1305	1534	1082	3925	1322	1743	1121	1586	1602	1242	623	1762	224	1822	883	2289	2971	947	792	873	1510	2633	938	1126	1068	860	1094	1122	1371	1011	357	1512	1627	1365	2206	2385	1323	1660	1507	1386	1377	1125	1447	1190	1589	1560	947	847	1025	2267	1921	941	811	1217	1384	1289	1497	368	1110	1175	2475	1318	1447	1327	1189	1295	1327	1559	1378	1664	1394	1886	1478	1949	1559	1551	1661	1066	1019	1379	1681	1297	1359	955	1880	2775	469	873	1896	934	1179	1336	800	1221	656	1681	1904	755	1809	2890	1288	850
1149	945	600	1355	1002	1827	1301	1328	1158	631	902	1016	943	886	365	1218	1214	1063	1170	617	800	894	153	2165	1536	1051	1246	788	1338	586	978	1353	2076	1595	0	1613	1074	996	1504	1161	1927	1323	1265	1079	1086	1167	471	1013	1114	944	143	1107	1335	978	1555	949	1176	639	999	887	1224	1073	1025	1752	1317	1201	1219	1179	964	1220	1081	1612	1001	1079	540	1212	934	1298	996	212	1191	1262	1219	1263	1002	632	943	1841	1170	1042	964	1161	1170	878	902	859	1421	1421	1364	1947	1219	930	843	1281	1053	1178	915	289	62	724	3375	272	1244	1164	1300	1790	843	1036	1849	1561	1446	1158	2423	2585	1191	1040	968	1078	3000	952	927	999	764	511	1165	588	1375	1253	1068	1735	1423	759	2428	1606	1359	1167	1755	607	1301	1185	1126	1309	918	1191	903	1169	786	353	1154	827	1185	1424	1119	100	1227	1161	1176	902	739	1185	1258	1273	1219	1259	2064	1437	928	622	1536	1086	475	894	914	757	649	1207	577	484	725	1474	963	2286	1911	1125	968	301	799	1015	1388	847	1198	1076	116	1695	1523	1181	2650	1758	777
975	2155	1796	1061	921	1279	897	450	1187	1040	2166	1353	2073	1179	1384	778	589	732	597	1056	1720	2437	1611	3741	1963	1080	939	1739	1058	1993	1240	1058	803	2065	1613	0	941	893	930	955	1340	578	958	739	1366	942	1434	1131	782	1051	1483	721	920	1712	2193	1019	893	1633	1047	2430	421	729	1052	587	579	626	775	1174	1005	613	629	1191	1408	739	1903	622	685	2903	1122	1593	1119	958	890	2023	927	1022	2073	2382	973	581	1005	959	892	1348	2166	1323	699	1863	2734	3517	1721	2490	1029	2057	1370	1073	967	1593	1589	2029	4988	1588	393	949	483	728	974	1957	621	1868	2979	1187	949	4175	1119	1322	1268	631	1564	1204	1026	1047	1807	1519	947	1094	1075	1946	636	645	725	2271	898	868	406	590	926	1073	945	635	887	479	721	1119	1346	1043	2259	1560	1129	1854	851	705	795	1578	1834	959	893	2166	995	635	738	877	771	738	3318	717	687	1050	3070	650	2029	2437	728	2344	1318	1047	1100	1143	1021	753	1180	1087	3522	1818	1268	1685	1329	934	745	1486	846	2057	1552	3202	1383	432	4214	1031	1506
91	1275	1540	314	85	785	227	492	270	489	1909	412	1179	272	720	192	352	237	350	497	824	1685	987	2967	1049	139	175	848	298	1629	302	311	1060	1149	1074	941	0	112	430	93	884	388	197	220	427	95	679	191	159	150	934	228	261	781	1259	131	104	783	116	1678	564	235	113	761	384	314	194	268	114	328	363	579	468	220	1561	319	533	2211	185	941	227	194	146	1082	81	510	1179	1468	110	536	114	95	99	428	1909	410	391	940	1865	2741	783	1997	230	1116	429	182	162	900	1021	1197	4290	905	594	94	458	756	241	1032	857	974	2185	270	1457	3412	227	381	332	363	1983	272	152	116	928	726	95	510	337	1005	366	722	383	1833	1501	535	538	360	684	497	230	306	66	463	455	227	420	153	1856	1235	216	963	127	391	145	992	894	95	104	1909	361	306	242	200	197	243	2400	399	561	494	2274	329	1549	1685	448	1649	499	184	523	812	365	423	247	1234	2894	878	332	1297	435	64	344	571	140	1134	1081	2380	604	661	3416	685	610
203	1282	1441	424	34	890	316	459	369	390	1813	471	1191	286	653	224	313	162	296	399	835	1654	921	2946	1134	220	276	857	409	1540	353	421	1102	1233	996	893	112	0	519	202	989	381	300	154	499	201	634	254	135	158	854	174	355	818	1331	125	190	772	165	1647	494	164	180	790	376	280	225	370	112	298	281	687	522	154	1468	288	426	2170	241	879	335	298	232	1136	41	407	1191	1551	221	440	112	205	184	455	1813	430	432	1021	1869	2720	852	1924	168	1170	495	293	90	845	947	1185	4256	848	525	202	424	804	152	1063	888	1067	2167	369	1484	3390	335	447	380	281	2029	314	133	165	932	694	202	417	448	1063	281	760	431	1752	1517	611	503	303	760	402	329	267	138	430	347	335	453	265	1772	1138	320	973	190	434	132	919	957	205	190	1813	264	267	269	284	226	270	2428	445	453	396	2257	252	1471	1654	339	1605	468	297	430	707	273	479	292	1294	2845	929	380	1206	441	56	394	593	203	1164	995	2370	716	576	3402	773	620
358	1595	1959	215	505	408	203	539	454	909	2332	680	1489	657	1148	328	488	527	528	918	1152	2070	1414	3325	1104	478	258	1180	226	2057	620	214	712	1205	1504	930	430	519	0	344	498	405	243	503	648	337	1095	532	434	565	1364	484	168	1050	1367	556	330	1153	514	2064	711	518	491	490	408	463	329	429	541	456	609	263	737	503	1987	456	840	2607	542	1366	382	246	287	1274	505	925	1489	1508	337	792	541	344	336	766	2332	761	240	1027	2178	3101	945	2425	660	1308	671	365	590	1321	1451	1558	4671	1327	732	340	523	414	667	1299	563	989	2543	454	1134	3773	382	640	647	612	1602	618	578	514	1267	1129	339	935	212	1187	621	425	214	2263	1209	133	569	539	264	921	205	471	381	521	780	382	748	359	2286	1656	417	1286	329	233	422	1421	1069	344	330	2332	783	471	315	234	331	314	2638	218	868	915	2629	577	1979	2070	776	2052	907	328	948	1219	791	177	596	832	3300	1095	647	1724	806	490	211	898	317	1401	1510	2719	466	846	3759	255	957
22	1312	1633	222	178	691	146	504	232	582	2002	418	1213	325	804	177	375	296	385	590	861	1746	1070	3020	1013	155	85	886	206	1720	323	219	1001	1115	1161	955	93	202	344	0	791	382	104	275	417	13	754	215	200	221	1022	274	175	797	1238	212	61	836	172	1740	603	292	154	715	380	336	180	221	197	346	418	485	477	275	1652	338	609	2277	218	1022	169	102	80	1080	175	603	1213	1433	22	601	197	5	62	463	2002	450	345	910	1902	2794	768	2081	319	1114	427	121	254	978	1107	1248	4352	983	633	6	472	695	334	1051	808	929	2237	232	1407	3466	169	382	353	419	1918	304	234	172	970	794	7	602	245	999	424	670	331	1920	1458	457	548	396	603	590	139	332	83	475	534	169	450	90	1945	1328	174	999	103	343	182	1077	885	5	61	2002	455	332	222	128	184	223	2416	347	637	587	2325	382	1636	1746	527	1718	568	106	615	906	458	362	280	1161	2965	880	353	1389	485	158	292	604	109	1154	1171	2426	525	713	3464	597	652
797	1813	2424	576	968	100	679	1014	776	1374	2790	966	1701	1042	1562	823	983	1023	1025	1381	1414	2364	1818	3550	1071	877	713	1443	593	2501	962	579	800	1155	1927	1340	884	989	498	791	0	890	688	998	906	789	1480	914	925	990	1793	980	638	1260	1355	991	800	1467	933	2359	1196	1014	906	778	894	960	824	752	979	952	1108	315	1008	998	2436	953	1338	2912	930	1763	736	691	759	1369	966	1395	1701	1400	776	1289	979	789	806	1091	2790	1099	718	1046	2357	3331	1063	2823	1103	1397	940	750	1045	1706	1870	1833	4924	1716	1214	790	1005	639	1125	1476	796	934	2780	776	1188	3996	736	931	980	1110	1478	980	1013	933	1531	1489	789	1392	555	1283	1120	710	695	2682	1307	490	1036	1036	415	1380	659	969	852	1001	1277	736	1067	762	2714	2118	773	1531	811	711	911	1836	1176	789	800	2790	1246	969	813	715	827	812	2702	694	1366	1378	2860	1075	2396	2364	1272	2381	1289	724	1405	1696	1248	643	966	738	3619	1243	980	2173	1156	949	703	1190	801	1567	1950	2923	482	1334	3952	309	1263
404	1658	1686	489	398	806	321	139	613	692	2067	795	1564	654	1008	205	117	261	166	706	1208	2032	1270	3327	1384	521	360	1232	484	1824	689	486	753	1487	1323	578	388	381	405	382	890	0	380	249	799	369	1008	578	246	524	1180	222	348	1169	1618	495	321	1153	503	2025	307	253	501	428	6	122	202	598	479	103	264	664	853	249	1744	111	490	2541	573	1235	542	380	312	1461	403	693	1564	1803	399	416	479	387	321	816	2067	796	172	1286	2247	3101	1151	2251	547	1496	807	497	470	1210	1281	1566	4631	1211	327	376	119	480	513	1420	526	1290	2548	613	1112	3770	542	761	719	267	1677	660	509	503	1309	1073	374	736	505	1381	278	415	194	2063	1138	407	177	174	534	716	368	138	326	117	453	542	808	468	2072	1398	555	1347	279	179	253	1258	1267	387	321	2067	591	138	161	299	198	160	2788	196	515	701	2638	245	1789	2032	452	1975	849	469	747	943	611	247	635	980	3207	1260	719	1490	815	402	194	958	272	1523	1300	2752	819	444	3783	599	993
116	1379	1737	133	279	589	70	514	253	686	2106	468	1276	415	906	195	404	365	426	694	930	1833	1171	3098	1005	236	27	956	121	1825	390	130	924	1108	1265	958	197	300	243	104	688	380	0	341	452	101	851	293	263	322	1126	333	79	848	1245	315	116	918	270	1827	641	359	248	654	379	367	198	233	301	372	478	387	527	341	1757	366	687	2367	301	1123	176	2	86	1109	277	706	1276	1423	94	665	301	103	123	536	2106	527	296	910	1966	2873	788	2183	423	1144	469	141	359	1077	1211	1327	4436	1083	669	102	486	618	438	1101	743	910	2315	253	1337	3545	176	429	419	479	1833	381	337	270	1042	886	101	707	156	1025	486	602	277	2024	1396	364	556	438	506	694	38	368	166	488	615	176	519	124	2049	1432	201	1067	142	293	246	1180	908	103	116	2106	558	368	223	80	201	223	2460	292	715	691	2402	442	1740	1833	609	1810	663	104	720	1007	562	294	358	1070	3058	916	419	1493	568	261	240	673	138	1205	1276	2499	460	761	3537	494	727
