NAME : VRPTW_INSTANCE_106.txt
COMMENT : Bangkok Supermarket
TYPE : VRPTW
DIMENSION : 296
DAYS : Sunday
EDGE_WEIGHT_TYPE : EXPLICIT
VEHICLES : 34
EDGE_WEIGHT_FORMAT : FULL_MATRIX
CAPACITY : 1000
EDGE_WEIGHT_SECTION
0	3610	1691	362	1174	239	774	145	93	495	400	428	1176	300	464	474	421	127	425	23	582	372	991	294	3129	230	365	352	778	214	607	214	2233	627	359	703	401	195	560	213	1736	1007	306	1213	1221	506	1994	1485	590	301	378	428	991	611	309	888	649	582	590	66	404	216	258	535	525	533	996	2261	428	2814	677	2313	309	1024	585	2137	113	705	210	93	1469	768	140	154	425	974	1848	495	178	382	3143	388	378	212	1036	474	516	1306	192	665	231	196	503	258	609	135	543	1087	196	1322	491	428	284	314	395	185	258	104	611	352	196	193	412	1354	230	2278	948	1277	1213	1682	1615	1418	261	436	408	1154	119	482	1003	992	222	1020	240	646	280	2795	2378	521	451	744	84	2040	309	1067	3667	1855	2945	359	841	152	307	1903	153	482	255	1321	689	1976	1209	215	172	31	308	147	153	145	422	1136	224	214	580	1213	3761	1472	351	2925	147	153	1732	2585	436	1225	793	4060	368	1159	288	1422	1349	349	1537	358	1584	918	223	1910	123	199	737	189	666	2783	656	25	213	697	1213	858	835	2380	266	2001	170	1689	539	120	437	666	2948	105	436	263	949	1073	414	90	215	685	1123	2390	330	590	368	350	154	373	210	119	1965	517	880	431	355	490	1994	119	412	177	206	223	324	1964	122	516	258	73	912	568	735	537	2059	503	1385	2073	1137	935	362	212	379	904	308	210	281	1071	399	167	1628	622	202	422	584	101	1554	166	737	212
3610	0	2890	3971	2644	3727	2855	3527	3652	3972	3829	3182	2651	3316	3148	3322	4009	3540	3753	3630	3302	3867	2755	3316	903	3724	3861	3831	3024	3783	3276	3783	2301	4196	3291	4307	3941	3501	3050	3713	1910	4586	3702	2401	2896	3337	2768	2142	3267	3874	3237	3232	2960	3796	3711	3111	4169	3300	3020	3670	3832	3713	3352	3638	3132	3321	2774	2419	3805	822	2936	1386	3704	4632	3079	3058	3705	3614	3706	3652	2622	3167	3723	3514	3753	4368	1804	3974	3534	3992	1516	3997	3237	3476	2765	4063	4127	2701	3525	3386	3649	3413	3326	3836	3062	3480	3315	2965	3413	4721	3966	3805	3327	3737	3288	3475	3352	3570	3138	3838	3413	3770	3804	2271	3724	5437	2663	2339	2401	5217	5131	4835	3349	3217	3226	2492	3711	3959	2874	2631	3390	2975	3797	3770	3889	838	1251	3617	3841	2875	3586	1660	3711	2804	794	2050	698	3291	2912	3548	3443	2395	3744	3959	3387	4722	4299	5350	2445	3801	3547	3637	3736	3736	3742	3527	3728	3282	3806	3709	4157	2401	178	4959	3822	719	3736	3479	5065	1066	3759	2399	2891	651	3862	4767	3702	4868	4760	3913	2704	3931	2336	3097	3790	2992	3685	3772	2946	3482	3441	1121	3753	3632	3713	3731	2401	4336	2781	1249	3620	1623	3780	5280	3308	3561	3763	3386	693	3598	3759	3348	3077	2758	3748	3579	3802	4085	4730	1833	3288	4197	3859	3830	3514	3859	3706	3710	5553	3147	2984	3752	3887	3199	2768	3710	3842	3535	3433	3774	3294	5574	3707	4023	3352	3582	4242	3867	2909	3958	1560	3326	2827	1540	2788	4516	3971	3476	3855	2926	3709	3781	3849	3278	3941	3773	1992	4015	3803	3846	3309	3704	2400	3776	2946	3476
1691	2890	0	1911	1898	1927	1510	1737	1653	1698	1590	1476	1910	1579	1417	1217	1866	1564	1487	1714	1109	1664	907	1536	2097	1919	1663	1635	1845	1707	1083	1707	718	2259	1654	2257	1749	1496	1401	1901	1265	2577	1528	1424	493	1185	312	1234	1101	1758	1546	1656	730	1392	1534	2063	1862	1109	1400	1751	1590	1612	1553	1303	1633	1159	873	676	1539	2104	1332	1552	1528	2406	1213	486	1800	1163	1609	1653	432	1992	1827	1731	1487	1870	1785	1702	1517	1927	3204	1931	1546	1746	820	2105	2057	528	1503	1055	1894	1573	1187	1746	1189	1585	1148	2137	1573	2993	1694	1539	1555	1556	1705	1508	1553	1743	1114	1644	1573	1711	1550	1208	1919	3965	1354	1249	1424	2716	3207	3079	1554	1320	1603	1568	1806	1692	766	1472	1543	689	1700	1343	1896	2302	1759	1297	1562	1262	1741	1977	1534	738	2592	2174	2209	1654	963	1765	1385	498	1834	1692	1461	2991	2168	2670	1603	1740	1525	1720	1560	1712	1717	1737	1463	631	1738	1609	1943	1424	2981	3096	1623	2190	1712	1550	2386	1872	1483	1491	1659	3500	1661	2522	1542	2310	2189	2022	286	2025	680	2081	1709	253	1663	1707	1103	1503	1079	2591	1319	1716	1901	1270	1424	1928	1435	1760	1908	1511	1795	2890	1152	1748	1486	1054	2215	1767	1483	1567	743	774	1490	1739	1743	2376	2597	1113	1574	2059	1657	1634	1731	1653	1609	1805	3124	1253	1926	1479	2042	1699	312	1805	1596	1518	1501	1682	1576	3258	1811	2198	1553	1728	2603	1502	1566	1639	1774	1187	344	1616	658	2217	1911	1746	1642	1885	1533	1709	1737	2360	1753	1828	1579	1644	1865	1591	1108	1780	621	1788	1103	1746
362	3971	1911	0	1514	352	1135	471	323	320	347	790	1514	662	823	744	114	438	442	344	827	269	1313	656	3474	347	267	289	1104	213	856	213	2508	352	710	363	207	489	921	346	2090	684	383	1575	1474	757	2221	1841	847	154	740	777	1261	602	376	1176	369	828	951	307	349	306	620	623	878	783	1312	2523	401	3172	1035	2665	383	662	920	2323	284	791	311	323	1748	1059	275	484	442	724	2210	316	457	20	3487	26	740	536	1347	208	161	1588	469	855	422	558	761	166	942	491	793	1382	558	1090	320	401	646	356	735	506	620	423	914	280	558	217	386	1710	347	2074	1309	1635	1575	1336	1311	1170	623	772	766	1514	279	314	1293	1354	581	1282	213	653	103	3157	2736	623	394	1100	402	2400	376	1362	4013	2202	3303	710	1155	459	578	2182	253	314	591	1088	328	1670	1570	184	445	337	350	240	233	471	460	1306	183	309	250	1575	4121	1187	299	3283	240	494	1446	2942	449	1587	1145	4422	271	797	368	1112	1056	225	1796	208	1896	1205	208	2107	294	218	1069	501	833	3142	674	342	346	727	1575	575	1198	2737	470	2358	192	1328	793	436	447	856	3307	399	449	626	1195	1379	436	410	182	565	770	2702	692	228	274	289	484	280	311	280	1605	850	1198	450	282	832	2221	280	347	456	543	233	685	1602	287	364	620	402	775	507	1094	395	2421	761	1636	2433	1425	582	0	536	293	1230	378	212	173	1300	201	213	1991	462	196	356	825	276	1860	196	1069	536
1174	2644	1898	1514	0	1192	494	1044	1252	1655	1532	818	13	892	828	1175	1592	1169	1507	1185	1245	1530	1014	922	2388	1193	1523	1502	417	1387	1239	1387	2073	1640	815	1784	1573	1169	747	1187	1076	2015	1404	516	1456	1219	2102	866	1214	1476	827	747	1277	1647	1412	467	1823	1243	721	1214	1536	1358	951	1500	654	1223	1052	2164	1538	1932	712	1577	1408	2153	933	2377	1230	1594	1351	1252	1484	530	1238	1032	1507	2131	851	1655	1195	1532	1973	1538	827	978	1099	1534	1642	1370	1193	1391	1112	1009	1205	1432	939	1081	1226	352	1009	2082	1650	1538	921	1431	781	1128	951	1093	1073	1505	1009	1367	1528	793	1193	2814	553	713	516	2850	2509	2197	947	978	775	347	1234	1641	1194	429	1002	1323	1411	1655	1414	1805	1535	1476	1571	734	1115	986	1412	1190	2893	694	2056	815	1032	1054	1182	1790	1260	1641	1058	2083	1817	3146	337	1390	1205	1191	1426	1322	1327	1044	1490	1680	1398	1355	1751	516	2811	2331	1497	2039	1322	1104	2894	1748	1517	457	397	3002	1525	2282	1394	2596	2518	1381	1624	1402	1366	454	1396	2151	1287	1372	926	1141	1438	1678	1651	1187	1187	1664	516	2029	518	1537	1071	1207	1329	2828	1215	1079	1520	1393	2058	1115	1517	937	1352	1141	1497	1107	1389	1469	2195	1985	863	1736	1524	1500	1032	1528	1351	1233	3104	961	349	1510	1340	685	2102	1233	1547	1196	1083	1391	869	3059	1226	1447	951	1117	1606	1659	487	1680	1117	1205	1565	1229	1260	2096	1514	978	1530	297	1410	1383	1455	676	1572	1301	732	1761	1319	1555	1254	1241	1388	1328	926	978
239	3727	1927	352	1192	0	871	217	304	615	565	575	1191	432	625	709	457	365	620	218	820	510	1192	452	3289	9	504	505	775	348	844	348	2452	469	436	594	499	434	708	26	1887	859	509	1326	1452	744	2228	1632	825	395	506	495	1219	808	509	827	715	820	733	191	568	405	420	757	594	770	1202	2486	607	2945	828	2465	511	960	784	2376	150	932	403	304	1690	713	128	227	620	1066	1938	612	418	366	3163	371	506	253	1245	344	454	1527	431	904	80	376	740	360	810	345	780	1035	376	1109	612	607	435	505	439	418	420	191	833	501	376	328	590	1502	9	2049	1075	1419	1326	1672	1437	1210	422	642	503	1240	146	603	1223	1095	407	1251	375	850	250	2900	2511	746	620	905	188	2118	509	1284	3825	1886	3075	436	1051	190	545	2122	137	603	472	1108	626	2022	1291	325	412	213	498	292	292	217	624	1375	335	405	602	1326	3882	1282	509	3056	292	377	1798	2723	631	1327	849	4149	508	1089	489	1464	1408	190	1765	211	1786	856	354	2148	313	335	934	424	904	2849	863	217	26	910	1326	924	949	2513	122	2137	229	1636	775	192	631	906	3079	164	631	415	1184	1285	609	191	322	454	1013	2588	456	554	509	504	227	516	403	146	1912	721	862	628	160	532	2228	146	574	416	428	371	451	1875	136	310	420	200	679	744	818	676	2167	740	1616	2202	1357	919	352	253	526	900	509	344	388	949	495	177	1734	757	168	585	822	175	1761	233	934	253
774	2855	1510	1135	494	871	0	674	834	1216	1083	359	502	473	352	683	1193	733	1043	791	750	1094	603	486	2444	868	1087	1063	342	971	744	971	1824	1341	436	1455	1151	718	260	857	1042	1731	951	456	1034	726	1753	787	719	1064	396	376	826	1168	960	557	1398	749	231	828	1087	924	521	1016	279	730	636	1893	1080	2076	220	1615	954	1796	438	1996	858	1101	916	834	1134	505	874	662	1043	1681	1075	1217	747	1155	2396	1161	396	621	689	1208	1283	993	743	897	794	584	712	1022	445	655	732	633	584	1917	1211	1080	493	981	434	680	521	719	580	1067	584	954	1072	663	868	2769	230	573	456	2450	2293	2027	517	491	372	379	863	1202	757	223	567	873	992	1171	1045	2030	1645	992	1115	259	738	1265	960	773	2976	1110	2206	436	574	694	709	1509	895	1202	600	1917	1459	2703	435	982	759	798	978	913	920	674	1024	1207	989	920	1350	456	3011	2128	1056	2187	913	668	2441	1858	1053	456	149	3288	1089	1930	944	2162	2075	1058	1259	1076	1103	572	980	1762	870	958	449	692	944	2010	1166	793	857	1176	456	1596	95	1647	767	1273	943	2463	721	709	1056	898	2209	747	1053	512	884	736	1034	730	982	1256	1877	1845	443	1363	1087	1061	662	1090	916	862	2740	468	415	1045	1032	351	1753	862	1098	748	634	969	450	2731	858	1171	521	735	1443	1191	69	1229	1296	712	1166	1333	851	1708	1135	621	1090	377	957	969	1041	855	1150	928	863	1306	955	1105	760	860	1103	939	449	621
145	3527	1737	471	1044	217	674	0	238	640	545	359	1045	217	408	528	548	222	564	147	643	517	977	235	3075	211	510	497	640	356	664	356	2242	675	241	781	542	279	493	196	1674	1065	445	1125	1254	568	2033	1420	642	439	293	307	1018	747	449	743	787	642	519	170	549	360	204	657	408	593	988	2279	571	2740	613	2253	448	1125	570	2195	187	820	354	238	1482	623	200	12	564	1117	1749	639	277	490	3017	496	293	68	1032	535	611	1319	287	747	160	165	562	395	596	159	603	943	165	1324	636	571	218	457	264	248	204	48	630	497	165	335	556	1290	211	2256	868	1208	1125	1806	1652	1426	205	431	302	1050	192	626	1016	897	197	1053	383	779	375	2705	2305	640	595	689	70	1935	449	1074	3612	1731	2870	241	838	28	380	1912	221	626	276	1324	787	2114	1104	352	277	151	450	288	292	0	559	1212	361	358	706	1125	3680	1499	496	2851	288	201	1873	2515	576	1131	674	3962	513	1259	428	1559	1488	388	1563	405	1571	773	365	1965	268	341	719	258	758	2674	787	149	196	825	1125	997	746	2306	171	1929	284	1797	596	35	577	749	2873	73	576	198	993	1073	553	62	351	664	1203	2371	242	697	513	496	12	518	354	191	2074	509	740	570	372	361	2033	191	557	276	240	367	237	2057	185	527	204	75	885	710	628	683	1970	562	1418	1996	1150	1053	471	68	524	767	448	352	421	928	539	258	1537	768	282	568	646	196	1547	283	719	68
93	3652	1653	323	1252	304	834	238	0	407	306	479	1254	365	506	445	360	115	333	100	545	283	995	348	3151	295	275	260	862	137	572	137	2215	628	437	681	321	171	605	279	1767	995	214	1262	1192	470	1959	1519	557	229	439	505	968	520	217	979	571	545	636	113	310	122	313	454	599	496	997	2239	334	2851	717	2341	218	979	598	2090	156	627	116	0	1452	859	182	246	333	887	1902	407	142	343	3216	349	439	304	1034	472	484	1290	156	610	313	250	470	187	620	178	507	1177	250	1345	403	334	342	221	478	183	313	198	602	261	250	120	319	1388	295	2312	994	1315	1262	1615	1614	1437	317	449	479	1213	161	394	989	1048	268	994	159	557	262	2842	2414	442	357	778	177	2098	217	1056	3691	1927	2981	437	840	246	274	1887	184	394	268	1344	650	1894	1270	149	131	100	214	83	90	238	332	1081	155	120	515	1262	3801	1478	259	2962	83	173	1647	2620	344	1279	865	4112	279	1114	196	1343	1266	369	1512	374	1583	1009	145	1865	35	123	748	179	605	2844	568	99	279	611	1262	777	889	2416	353	2037	149	1634	504	213	345	611	2985	196	344	323	916	1068	322	183	150	728	1093	2390	395	544	278	259	246	283	116	161	1910	528	966	340	390	570	1959	161	319	141	220	138	389	1921	169	545	313	166	955	474	801	446	2107	470	1356	2113	1123	874	323	304	288	987	216	134	206	1165	319	175	1678	530	212	329	545	132	1550	142	748	304
495	3972	1698	320	1655	615	1216	640	407	0	142	856	1658	763	868	654	217	487	230	492	697	125	1238	736	3411	607	132	153	1270	285	726	285	2339	640	843	579	118	498	968	599	2065	889	272	1617	1304	646	2010	1830	727	220	831	910	1119	317	263	1384	197	699	999	478	140	296	705	400	1001	667	1228	2340	174	3159	1065	2626	269	723	895	2078	488	538	304	407	1597	1264	498	650	230	479	2262	4	468	323	3610	323	831	708	1252	519	402	1447	473	672	663	646	655	256	910	574	674	1583	646	1363	5	174	735	239	886	535	705	595	838	150	646	307	171	1702	607	2350	1347	1639	1617	1250	1514	1431	709	764	879	1589	488	14	1173	1418	655	1129	257	370	389	3180	2723	410	142	1111	572	2464	263	1246	3951	2322	3288	843	1076	642	531	2022	481	14	617	1361	474	1491	1647	296	457	489	241	353	349	640	256	1072	286	300	244	1617	4113	1416	160	3268	353	552	1240	2921	229	1641	1263	4458	129	850	275	946	863	538	1623	525	1786	1413	276	1874	374	300	1026	524	633	3214	393	491	599	447	1617	380	1257	2725	712	2349	389	1315	679	610	225	672	3293	583	229	718	1031	1275	232	579	298	885	900	2580	792	370	131	155	650	127	304	488	1584	828	1374	235	592	977	2010	488	129	467	581	272	786	1640	499	684	705	564	1089	208	1191	76	2449	655	1457	2433	1296	560	320	708	126	1395	265	289	228	1551	123	438	2029	145	448	127	692	467	1741	385	1026	708
400	3829	1590	347	1532	565	1083	545	306	142	0	724	1536	641	733	511	278	365	103	402	560	77	1096	610	3271	556	79	62	1157	216	589	216	2217	695	728	668	159	366	831	544	1922	987	133	1477	1180	505	1902	1687	588	200	705	793	986	259	123	1285	340	561	862	399	4	185	581	287	879	527	1087	2222	54	3016	926	2484	129	854	752	1987	422	447	191	306	1469	1165	438	553	103	599	2123	145	338	358	3479	360	705	610	1112	555	472	1316	341	547	598	524	514	215	767	455	535	1480	524	1432	137	54	611	102	775	405	581	504	696	69	524	236	40	1559	556	2418	1207	1496	1477	1392	1617	1507	585	623	758	1453	423	130	1036	1281	530	1000	190	308	380	3037	2580	292	55	970	482	2326	123	1109	3810	2192	3145	728	935	552	390	1897	427	130	483	1430	580	1620	1512	241	328	401	106	276	274	545	127	972	232	187	364	1477	3970	1508	56	3125	276	428	1362	2778	107	1503	1138	4316	76	983	139	1080	992	534	1501	526	1649	1314	210	1776	277	229	883	393	514	3076	327	401	544	380	1477	517	1121	2582	644	2206	337	1457	539	519	104	547	3150	498	107	596	904	1136	100	489	244	901	1020	2447	669	469	72	63	553	67	191	424	1726	686	1264	110	580	862	1902	424	14	337	451	193	664	1779	434	699	581	472	1117	179	1061	147	2307	514	1336	2290	1162	699	347	610	54	1280	126	220	192	1470	163	389	1889	229	410	23	555	397	1606	332	883	610
428	3182	1476	790	818	575	359	359	479	856	724	0	823	142	59	390	839	374	690	448	490	734	642	134	2716	570	727	703	495	615	496	615	1920	1033	180	1128	792	358	134	555	1316	1421	593	785	983	439	1756	1063	469	708	75	182	746	830	602	683	1038	488	162	488	728	564	170	687	200	452	659	1967	724	2388	254	1895	597	1452	262	1952	525	800	556	479	1172	578	545	348	690	1324	1423	857	388	811	2754	816	75	327	709	889	944	1011	384	633	508	232	426	666	286	301	459	840	232	1675	851	724	146	622	229	320	170	395	378	707	232	599	716	932	570	2585	519	852	785	2092	2011	1779	167	193	127	736	531	842	718	569	210	788	634	840	707	2367	1951	664	759	330	409	1619	602	765	3253	1467	2518	180	525	385	364	1592	565	842	242	1674	1118	2345	793	628	399	455	619	560	567	359	673	1037	634	560	994	785	3333	1857	696	2499	560	309	2085	2160	700	799	421	3634	729	1587	585	1802	1717	746	1269	761	1229	709	623	1717	513	602	390	332	668	2366	838	450	555	856	785	1236	409	1953	499	1575	599	2113	448	389	703	634	2522	425	700	167	755	753	681	403	629	1009	1549	2023	120	1017	727	701	348	730	556	530	2389	230	604	693	732	239	1756	530	739	389	274	611	124	2393	528	886	170	404	1221	841	337	871	1631	426	1139	1646	845	1354	790	327	730	601	599	612	684	950	791	591	1201	950	623	746	498	523	1211	594	390	327
1176	2651	1910	1514	13	1191	502	1045	1254	1658	1536	823	0	895	834	1181	1593	1172	1511	1186	1253	1533	1025	926	2399	1192	1525	1505	416	1389	1247	1389	2086	1637	817	1783	1576	1173	754	1186	1088	2012	1408	529	1468	1226	2114	879	1222	1478	831	749	1287	1653	1416	460	1825	1251	728	1215	1540	1361	954	1506	657	1231	1063	2177	1542	1941	720	1588	1412	2152	940	2390	1231	1601	1354	1254	1497	525	1239	1033	1511	2135	860	1658	1199	1533	1973	1538	831	979	1111	1533	1642	1382	1197	1399	1111	1012	1212	1434	947	1083	1233	341	1012	2076	1653	1542	925	1434	782	1132	954	1094	1082	1508	1012	1369	1532	807	1192	2805	564	726	529	2851	2504	2190	950	984	778	360	1235	1644	1205	441	1005	1334	1413	1660	1414	1813	1545	1482	1575	743	1116	992	1416	1202	2903	695	2065	817	1043	1055	1187	1803	1261	1644	1062	2077	1817	3149	350	1392	1208	1192	1430	1324	1329	1045	1495	1690	1400	1358	1752	529	2819	2326	1500	2048	1324	1108	2897	1758	1522	470	402	3007	1528	2281	1398	2598	2520	1380	1637	1401	1379	446	1398	2163	1290	1374	935	1145	1446	1682	1657	1188	1186	1670	529	2032	527	1547	1070	1218	1330	2827	1222	1080	1524	1400	2067	1116	1522	940	1362	1153	1502	1108	1391	1465	2193	1998	866	1736	1527	1503	1033	1531	1354	1234	3103	969	344	1514	1339	686	2114	1234	1550	1199	1086	1393	872	3057	1226	1444	954	1119	1600	1663	494	1683	1127	1212	1577	1240	1271	2097	1514	979	1533	294	1414	1385	1457	665	1574	1301	744	1764	1319	1558	1262	1241	1401	1329	935	979
300	3316	1579	662	892	432	473	217	365	763	641	142	895	0	194	420	720	276	625	317	533	638	775	50	2858	427	631	610	522	502	547	502	2049	892	102	991	686	285	276	412	1457	1281	516	916	1089	469	1867	1203	521	594	78	156	851	785	523	678	935	532	302	355	645	466	62	659	238	488	789	2093	650	2525	396	2036	520	1323	377	2050	388	796	459	365	1295	563	407	205	625	1239	1547	763	307	682	2851	688	78	187	837	749	812	1133	307	664	367	117	458	551	402	189	496	858	117	1534	758	650	36	540	162	242	62	255	466	612	117	484	639	1073	427	2451	654	992	916	1980	1869	1638	58	261	116	853	394	749	834	692	112	890	524	804	574	2498	2090	637	682	472	270	1739	523	887	3395	1562	2656	102	647	242	333	1720	427	749	193	1533	987	2255	909	510	315	324	535	441	448	217	612	1102	518	463	878	916	3468	1715	605	2636	441	213	2002	2299	636	925	501	3760	633	1458	504	1706	1626	605	1386	620	1366	707	511	1816	401	488	519	256	690	2483	806	319	412	832	916	1139	537	2092	360	1713	469	1989	487	248	638	666	2659	284	636	45	845	879	615	263	510	869	1413	2162	30	890	632	608	205	636	459	393	2266	327	631	629	590	228	1867	393	655	307	200	503	23	2261	390	743	62	266	1083	778	436	788	1762	458	1249	1783	965	1235	662	187	638	642	521	499	571	918	684	457	1330	870	486	664	539	389	1345	466	519	187
464	3148	1417	823	828	625	352	408	506	868	733	59	834	194	0	357	865	396	690	485	449	749	583	175	2670	620	742	716	529	639	453	639	1861	1078	240	1167	811	370	100	604	1273	1465	600	757	924	405	1696	1021	426	732	134	239	687	820	609	725	1055	448	131	527	736	581	210	671	242	416	600	1908	728	2350	212	1851	604	1484	203	1894	566	774	573	506	1112	624	587	397	690	1329	1399	869	401	844	2748	849	134	381	649	932	980	952	395	595	561	268	392	692	227	332	421	873	268	1729	863	728	191	631	288	336	210	441	325	721	268	625	721	890	620	2642	488	813	757	2111	2060	1832	207	155	186	720	572	854	659	549	242	730	657	826	744	2336	1913	647	763	282	453	1598	609	706	3208	1463	2480	240	465	435	357	1533	606	854	251	1728	1151	2352	779	655	413	492	628	588	595	408	671	986	661	577	1018	757	3297	1908	709	2461	588	333	2089	2121	700	776	433	3607	744	1619	594	1813	1724	792	1209	806	1172	750	647	1659	539	627	331	346	634	2347	822	487	604	837	757	1248	389	1915	554	1536	633	2140	410	437	703	596	2484	471	700	211	699	693	682	447	656	1064	1587	1967	176	1049	741	714	397	744	573	571	2416	177	636	692	780	291	1696	571	747	403	291	634	180	2426	570	936	210	447	1277	838	341	878	1601	392	1080	1609	785	1379	823	381	743	628	607	637	708	998	810	630	1173	954	663	754	458	561	1153	628	331	381
474	3322	1217	744	1175	709	683	528	445	654	511	390	1181	420	357	0	737	348	431	497	115	560	586	370	2761	701	555	524	885	530	136	530	1770	1072	519	1107	643	280	427	683	1412	1427	393	1006	748	49	1519	1182	116	605	428	554	522	504	402	1072	851	115	453	535	514	439	373	344	591	68	579	1793	484	2506	480	1972	395	1354	267	1669	584	419	433	445	1007	965	612	524	431	1060	1646	656	304	763	3048	768	428	550	608	915	903	846	290	245	680	372	37	579	275	371	77	1229	372	1790	648	484	387	428	579	291	373	528	184	532	372	528	483	1056	701	2752	744	999	1006	1895	2053	1882	376	201	498	1014	590	642	549	840	346	549	533	498	704	2538	2071	320	519	498	524	1855	402	618	3301	1776	2635	519	424	555	171	1442	621	642	254	1789	1051	2076	1074	560	314	504	429	515	522	528	406	688	561	435	863	1006	3461	1921	513	2615	515	333	1802	2268	437	1042	786	3819	555	1487	399	1559	1459	813	1067	819	1154	1099	535	1440	462	526	377	285	278	2604	489	499	683	494	1006	1014	689	2073	699	1699	594	1969	69	535	441	246	2640	551	437	391	475	637	427	523	562	1159	1501	1960	430	939	552	523	524	551	433	590	2238	217	993	430	828	621	1519	590	524	305	287	511	428	2288	595	986	373	511	1386	554	688	636	1814	37	912	1785	681	1210	744	550	544	986	400	531	581	1331	644	619	1406	695	657	526	120	566	1116	587	377	550
421	4009	1866	114	1592	457	1193	548	360	217	278	839	1593	720	865	737	0	470	380	408	808	202	1318	707	3490	451	203	231	1188	226	837	226	2483	426	780	390	119	509	965	448	2116	711	351	1622	1445	743	2178	1872	831	136	797	848	1241	520	342	1272	258	808	996	377	279	302	672	565	947	768	1315	2492	331	3205	1075	2688	350	625	940	2265	366	724	309	360	1728	1154	364	560	380	611	2262	213	476	111	3563	109	797	615	1345	301	194	1571	486	816	521	609	749	173	959	538	777	1477	609	1157	218	331	700	318	811	534	672	499	915	222	609	240	318	1741	451	2144	1354	1670	1622	1261	1342	1230	676	795	830	1572	363	213	1282	1408	628	1259	212	572	208	3202	2768	569	316	1134	477	2457	342	1353	4030	2276	3335	780	1158	540	582	2160	343	213	621	1155	315	1572	1629	211	463	402	315	279	272	548	403	1250	204	306	158	1622	4156	1230	243	3315	279	532	1343	2971	385	1639	1215	4472	205	760	341	1015	953	339	1767	323	1891	1301	218	2054	325	238	1084	527	788	3203	594	406	448	648	1622	467	1249	2770	571	2391	263	1274	778	514	382	817	3339	479	385	680	1167	1374	376	485	210	670	764	2695	750	202	208	232	560	213	309	364	1550	870	1285	388	397	907	2178	364	274	475	576	236	744	1567	373	471	672	474	872	417	1156	294	2467	749	1604	2469	1412	515	114	615	225	1314	344	228	161	1407	115	299	2038	354	292	281	804	353	1852	264	1084	615
127	3540	1564	438	1169	365	733	222	115	487	365	374	1172	276	396	348	470	0	359	149	455	363	882	249	3036	357	355	333	793	243	481	243	2112	737	363	796	417	68	496	339	1652	1108	243	1153	1096	379	1868	1405	463	335	344	428	867	534	250	930	664	455	527	187	369	191	218	434	514	406	885	2138	378	2737	605	2227	247	1092	483	2010	236	598	183	115	1348	811	263	225	359	962	1795	487	55	458	3123	464	344	274	923	581	599	1185	67	540	349	159	377	296	506	91	416	1120	159	1444	482	378	247	265	412	68	218	202	493	336	159	230	365	1274	357	2403	884	1201	1153	1717	1724	1538	222	334	393	1110	242	473	883	943	168	896	260	561	375	2732	2300	418	408	665	191	1993	250	948	3575	1835	2868	363	728	243	180	1782	273	473	153	1443	764	1979	1168	261	54	155	260	198	204	222	349	1011	266	187	622	1153	3687	1586	328	2848	198	65	1725	2505	370	1172	776	4003	358	1227	230	1432	1350	467	1413	475	1472	959	251	1783	145	232	634	67	544	2741	568	151	339	604	1153	865	783	2302	378	1923	260	1744	412	214	372	542	2872	217	370	231	823	958	348	193	262	811	1208	2279	305	658	356	332	225	360	183	241	2020	413	900	364	479	497	1868	241	379	54	106	237	299	2035	246	639	218	177	1038	511	705	512	1997	377	1260	2000	1018	982	438	274	361	915	248	241	311	1138	416	276	1569	594	314	388	457	218	1440	254	634	274
425	3753	1487	442	1507	620	1043	564	333	230	103	690	1511	625	690	431	380	359	0	433	467	178	1011	588	3183	611	178	153	1147	280	496	280	2115	793	719	771	263	340	786	597	1844	1090	119	1419	1078	419	1798	1613	498	290	682	781	888	189	115	1289	425	469	816	439	103	216	563	184	860	438	1000	2120	56	2938	872	2401	115	952	685	1885	471	349	219	333	1369	1170	491	570	0	641	2064	234	319	455	3438	457	682	625	1022	649	574	1217	317	445	642	513	429	295	698	449	446	1478	513	1531	225	56	592	114	771	383	563	529	615	162	513	297	63	1486	611	2517	1151	1427	1419	1463	1720	1608	567	566	740	1406	474	220	942	1232	512	900	259	230	463	2968	2503	189	89	909	509	2270	115	1015	3722	2154	3067	719	849	576	335	1796	484	220	449	1529	683	1664	1465	311	311	433	121	327	328	564	26	869	304	216	465	1419	3893	1611	143	3047	327	415	1398	2699	11	1449	1110	4248	176	1080	136	1134	1039	614	1398	608	1555	1318	277	1673	311	290	808	369	411	3020	245	432	597	295	1419	583	1073	2505	685	2131	402	1542	451	544	13	446	3071	529	11	579	803	1044	10	515	315	985	1121	2350	651	572	172	153	570	167	219	474	1809	622	1256	8	656	852	1798	474	110	318	426	254	646	1871	484	785	563	498	1205	153	1027	204	2241	429	1234	2217	1065	790	442	625	155	1267	116	284	276	1492	266	451	1827	268	478	107	462	446	1510	395	808	625
23	3630	1714	344	1185	218	791	147	100	492	402	448	1186	317	485	497	408	149	433	0	605	370	1014	313	3151	209	363	352	786	208	630	208	2256	603	372	682	394	218	580	192	1758	984	315	1231	1244	529	2017	1506	613	292	396	440	1014	620	317	891	641	605	610	42	406	220	277	549	538	555	1020	2285	433	2835	697	2335	318	1006	609	2159	89	721	215	100	1492	771	116	158	433	970	1865	491	199	364	3155	370	396	216	1060	451	496	1330	213	686	215	217	526	249	633	158	566	1091	217	1298	488	433	302	321	404	209	277	102	635	351	217	187	417	1375	209	2254	967	1298	1231	1669	1592	1394	280	460	423	1170	96	479	1026	1010	243	1044	235	656	259	2814	2398	536	454	766	80	2056	317	1090	3689	1867	2965	372	865	150	329	1927	129	479	278	1297	670	1968	1226	206	193	7	314	140	145	147	432	1157	215	219	567	1231	3781	1448	352	2946	140	176	1726	2606	444	1243	806	4078	366	1141	296	1413	1342	325	1561	335	1607	921	217	1933	124	193	761	212	686	2799	667	2	192	710	1231	851	853	2400	254	2021	152	1672	561	118	445	687	2969	96	444	282	972	1097	422	87	205	662	1102	2413	347	572	366	350	158	372	215	95	1949	541	887	440	332	500	2017	95	414	198	230	220	341	1945	98	492	277	72	889	573	751	537	2078	526	1409	2093	1161	920	344	216	378	912	317	204	273	1068	392	145	1647	622	180	425	606	78	1578	148	761	216
582	3302	1109	827	1245	820	750	643	545	697	560	490	1253	533	449	115	808	455	467	605	0	619	548	483	2715	811	615	584	979	615	29	615	1680	1164	629	1188	704	387	506	794	1391	1510	457	1031	649	76	1414	1171	36	681	534	661	434	496	465	1173	893	1	527	641	561	521	487	336	690	50	534	1698	523	2483	536	1939	458	1413	314	1556	690	360	516	545	921	1068	717	639	467	1067	1662	701	407	845	3082	850	534	666	554	1008	984	763	393	147	793	488	80	661	313	485	39	1322	488	1890	692	523	500	490	689	402	487	642	185	592	488	615	526	1050	811	2856	780	1002	1031	1918	2138	1980	490	297	604	1058	696	687	477	885	462	455	613	477	797	2530	2051	315	556	538	637	1873	465	549	3254	1821	2611	629	389	670	275	1355	725	687	370	1888	1122	2069	1116	646	416	611	493	609	615	643	441	572	646	517	922	1031	3437	2012	572	2591	609	446	1790	2242	470	1072	865	3812	614	1544	466	1567	1462	914	971	919	1089	1199	619	1328	558	613	382	395	193	2619	464	606	794	456	1031	1039	743	2052	814	1682	690	2008	46	649	474	148	2616	663	470	505	372	577	465	636	649	1267	1570	1889	541	1010	611	583	639	609	516	695	2274	286	1086	464	932	726	1414	695	571	409	402	593	539	2338	701	1090	487	623	1494	566	764	667	1815	80	812	1772	604	1258	827	666	600	1074	463	616	658	1437	707	720	1418	716	757	571	9	670	1047	683	382	666
372	3867	1664	269	1530	510	1094	517	283	125	77	734	1533	638	749	560	202	363	178	370	619	0	1146	612	3321	502	7	35	1145	167	648	167	2285	618	718	592	86	378	849	492	1963	913	167	1501	1248	559	1976	1725	645	127	707	785	1050	333	157	1261	306	620	880	359	79	172	581	363	876	582	1139	2293	132	3056	949	2529	165	795	788	2064	375	525	179	283	1534	1141	387	527	178	604	2146	125	347	280	3487	282	707	585	1166	478	395	1379	353	617	552	521	567	151	805	449	591	1460	521	1354	120	132	611	132	761	414	581	473	743	28	521	189	117	1595	502	2340	1231	1530	1501	1364	1543	1430	585	651	755	1469	375	111	1096	1298	531	1065	139	384	309	3069	2620	367	125	998	451	2347	157	1168	3861	2198	3186	718	985	521	423	1964	373	111	497	1352	509	1616	1527	185	335	367	131	233	231	517	200	1048	175	175	303	1501	4010	1432	46	3166	233	428	1365	2820	184	1524	1139	4346	5	927	164	1069	987	463	1570	454	1708	1291	159	1852	249	182	924	403	586	3096	404	369	492	457	1501	502	1138	2621	599	2244	281	1414	594	489	181	617	3190	464	184	594	971	1193	174	458	188	827	953	2508	668	397	8	37	527	11	179	376	1686	719	1250	186	512	852	1976	376	77	346	460	150	662	1728	386	625	581	442	1042	244	1068	168	2337	567	1406	2326	1223	652	269	585	23	1270	160	171	124	1434	90	333	1915	252	349	87	614	352	1666	277	924	585
991	2755	907	1313	1014	1192	603	977	995	1238	1096	642	1025	775	583	586	1318	882	1011	1014	548	1146	0	744	2175	1185	1141	1111	941	1102	521	1102	1278	1617	821	1676	1228	824	534	1168	846	1990	979	612	442	591	1153	642	515	1184	718	803	287	1040	989	1159	1435	547	524	1057	1098	1017	772	883	757	572	38	1329	1065	1935	441	1391	981	1940	407	1393	1103	866	1010	995	542	1094	1129	967	1011	1612	1176	1241	855	1333	2632	1338	718	961	86	1463	1474	392	843	634	1136	816	582	1154	382	858	565	1230	816	2301	1232	1065	762	1014	861	814	772	1001	403	1118	816	1096	1066	532	1185	3226	461	509	612	2467	2605	2401	772	554	758	713	1110	1226	189	584	785	328	1109	1015	1257	1995	1505	863	1100	364	1007	1391	989	176	2714	1431	2063	821	161	1005	737	951	1144	1226	736	2300	1630	2603	760	1129	867	1022	1015	1075	1081	977	985	709	1131	1013	1449	612	2890	2463	1100	2043	1075	838	2320	1694	1015	672	752	3276	1141	2073	984	2112	2005	1339	658	1349	594	1175	1109	1160	1020	1096	257	815	689	2120	998	1016	1168	979	612	1587	528	1506	1134	1140	1143	2552	560	1000	1018	634	2068	1030	1015	780	392	132	1007	1003	1131	1641	2080	1399	759	1519	1138	1109	967	1138	1010	1109	2820	473	1019	1008	1338	831	1153	1109	1109	857	784	1086	762	2875	1110	1498	772	998	1858	1114	661	1213	1295	582	563	1234	250	1796	1313	961	1131	978	986	1102	1159	1456	1230	1155	932	1265	1192	1110	555	1092	570	1136	257	961
294	3316	1536	656	922	452	486	235	348	736	610	134	926	50	175	370	707	249	588	313	483	612	744	0	2845	446	605	583	562	484	497	484	2015	903	151	994	665	248	267	430	1448	1289	482	919	1046	418	1825	1195	472	577	95	200	808	744	490	725	913	482	296	354	614	441	35	613	271	438	757	2056	616	2522	385	2026	486	1318	341	2004	391	748	433	348	1259	610	412	224	588	1210	1556	737	272	676	2874	682	95	218	803	757	810	1096	271	614	392	98	408	535	367	169	446	901	98	1559	731	616	19	508	211	206	35	266	422	586	98	468	606	1064	446	2483	654	986	919	1963	1885	1661	32	216	153	865	398	722	796	701	81	846	505	760	573	2501	2085	592	649	458	278	1750	490	850	3383	1585	2652	151	611	262	286	1686	431	722	147	1558	983	2228	922	496	282	321	504	427	434	235	573	1053	503	437	863	919	3467	1733	577	2633	427	184	1972	2294	599	932	527	3767	607	1453	472	1682	1599	616	1346	631	1337	753	493	1771	383	471	487	219	640	2496	761	315	430	787	919	1114	542	2087	390	1709	464	1980	437	262	601	615	2656	296	599	36	799	845	578	272	496	897	1415	2137	66	883	606	581	224	609	433	396	2256	286	672	592	605	272	1825	396	625	273	161	483	62	2258	395	762	35	271	1114	741	455	758	1765	408	1208	1780	927	1222	656	218	610	680	488	482	554	967	664	457	1335	838	489	633	489	388	1314	460	487	218
3129	903	2097	3474	2388	3289	2444	3075	3151	3411	3271	2716	2399	2858	2670	2761	3490	3036	3183	3151	2715	3321	2175	2845	0	3284	3316	3286	2694	3269	2687	3269	1447	3748	2858	3831	3403	2985	2582	3270	1404	4135	3154	2001	2204	2765	1931	1660	2684	3354	2783	2810	2320	3188	3164	2835	3608	2714	2555	3193	3273	3187	2880	3041	2720	2744	2183	1555	3238	576	2462	830	3156	4114	2553	2199	3235	2982	3180	3151	1907	2858	3257	3063	3183	3754	1566	3415	3018	3494	2030	3500	2783	3037	2160	3601	3635	2019	3006	2771	3218	2936	2757	3321	2532	2993	2737	2739	2936	4362	3406	3238	2860	3189	2871	2968	2880	3111	2578	3293	2936	3260	3240	1788	3284	5185	2222	1874	2001	4621	4726	4472	2878	2702	2790	2137	3241	3400	2249	2232	2908	2324	3278	3154	3407	916	860	3023	3272	2387	3124	1525	3164	2176	539	1980	526	2858	2336	3100	2907	1600	3275	3400	2883	4362	3798	4686	2106	3293	3030	3158	3190	3233	3240	3075	3156	2575	3296	3183	3624	2001	936	4567	3275	526	3233	2983	4397	659	3186	2022	2523	1554	3317	4247	3159	4244	4130	3462	1959	3476	1651	2829	3275	2162	3180	3260	2406	2972	2822	1409	3134	3153	3270	3103	2001	3749	2355	859	3199	1189	3293	4724	2732	3105	3190	2771	530	3141	3186	2880	2429	2141	3180	3118	3294	3699	4244	991	2833	3688	3313	3284	3063	3313	3180	3240	4989	2623	2686	3179	3448	2795	1931	3240	3283	3019	2931	3255	2838	5050	3239	3599	2880	3117	3887	3274	2509	3383	1296	2757	2103	1159	2140	3971	3474	3037	3306	2624	3161	3268	3329	3064	3404	3296	1657	3428	3330	3284	2722	3229	1708	3287	2406	3037
230	3724	1919	347	1193	9	868	211	295	607	556	570	1192	427	620	701	451	357	611	209	811	502	1185	446	3284	0	496	496	776	340	836	340	2445	472	433	595	492	425	703	17	1882	862	500	1323	1444	735	2220	1627	817	387	501	492	1211	800	500	830	709	811	728	182	560	396	414	748	592	761	1195	2478	598	2942	823	2461	503	959	778	2367	141	922	394	295	1682	716	119	222	611	1060	1936	605	409	362	3164	367	501	249	1238	345	452	1519	422	895	80	369	732	353	803	337	772	1038	369	1115	605	598	429	496	437	410	414	184	825	493	369	320	581	1497	0	2057	1071	1415	1323	1670	1441	1216	415	634	500	1237	137	596	1215	1092	400	1243	367	841	245	2898	2508	737	612	900	180	2117	500	1276	3821	1886	3072	433	1043	184	536	2115	129	596	464	1115	625	2017	1289	317	403	204	489	284	284	211	615	1366	327	396	598	1323	3879	1288	500	3053	284	369	1794	2719	622	1325	847	4148	500	1089	480	1460	1403	191	1757	211	1780	859	346	2140	304	327	928	416	895	2849	854	208	17	901	1323	919	945	2510	124	2133	221	1635	767	185	622	897	3075	156	622	410	1175	1278	601	184	314	462	1014	2581	451	552	501	495	222	508	394	137	1911	714	864	619	164	531	2220	137	565	407	420	363	446	1876	127	316	414	192	687	735	816	668	2164	732	1608	2198	1350	916	347	249	518	901	500	336	380	955	488	170	1731	750	161	576	813	166	1754	225	928	249
365	3861	1663	267	1523	504	1087	510	275	132	79	727	1525	631	742	555	203	355	178	363	615	7	1141	605	3316	496	0	30	1138	159	644	159	2283	616	710	593	89	371	842	485	1957	914	162	1494	1245	555	1975	1719	641	123	700	777	1046	336	152	1253	313	616	873	352	81	164	573	362	868	578	1135	2291	133	3050	942	2523	160	800	782	2064	368	526	172	275	1531	1133	381	519	178	611	2139	132	340	279	3479	281	700	577	1162	475	395	1376	346	615	545	513	562	145	799	442	587	1452	513	1353	128	133	603	127	753	406	573	466	738	23	513	181	118	1589	496	2339	1224	1524	1494	1370	1544	1429	578	645	747	1462	368	118	1092	1291	524	1062	132	386	305	3063	2614	366	128	992	443	2340	152	1164	3856	2191	3180	710	980	513	417	1961	367	118	490	1351	511	1624	1520	178	328	360	126	226	223	510	200	1048	169	168	308	1494	4004	1433	42	3160	226	421	1372	2814	184	1517	1131	4339	4	931	158	1076	995	459	1567	450	1704	1283	152	1852	242	174	919	396	585	3089	406	361	485	460	1494	509	1131	2616	592	2238	275	1420	590	481	181	615	3184	456	184	586	968	1188	173	450	181	823	956	2505	660	399	6	32	519	13	172	369	1692	713	1242	186	507	844	1975	369	80	339	452	143	654	1733	379	622	573	435	1039	249	1060	175	2331	562	1403	2320	1219	657	267	577	25	1262	155	164	119	1427	92	326	1908	259	343	90	611	345	1662	270	919	577
352	3831	1635	289	1502	505	1063	497	260	153	62	703	1505	610	716	524	231	333	153	352	584	35	1111	583	3286	496	30	0	1120	156	614	156	2253	640	692	621	120	345	816	485	1928	943	131	1467	1215	524	1947	1689	610	138	678	758	1016	321	122	1240	340	585	847	345	65	144	552	336	848	547	1104	2261	114	3021	915	2493	129	831	752	2038	364	502	151	260	1500	1120	379	506	153	630	2112	154	315	301	3456	303	678	564	1131	496	422	1345	320	585	541	493	531	153	769	421	556	1437	493	1377	148	114	581	96	736	382	552	455	707	8	493	177	98	1560	496	2363	1197	1495	1467	1398	1573	1454	556	617	727	1436	365	139	1061	1266	502	1031	129	370	317	3035	2584	339	117	964	432	2314	122	1133	3825	2168	3150	692	949	502	387	1931	367	139	464	1375	541	1645	1495	180	304	350	95	219	218	497	173	1022	171	147	339	1467	3974	1461	11	3130	219	398	1392	2784	160	1491	1110	4311	30	962	129	1099	1016	471	1537	463	1673	1270	150	1825	228	170	889	371	556	3063	389	351	485	441	1467	533	1105	2586	588	2209	276	1449	559	470	158	586	3155	447	160	565	938	1157	148	439	183	839	987	2474	639	429	27	1	506	28	151	366	1721	684	1225	162	517	826	1947	366	69	314	428	136	633	1764	376	638	552	423	1056	240	1037	185	2303	531	1374	2291	1189	687	289	564	27	1244	124	161	129	1419	123	328	1881	270	348	80	580	340	1631	271	889	564
778	3024	1845	1104	417	775	342	640	862	1270	1157	495	416	522	529	885	1188	793	1147	786	979	1145	941	562	2694	776	1138	1120	0	993	982	993	2162	1223	430	1366	1180	807	485	771	1312	1601	1036	700	1362	933	2094	1066	955	1078	474	366	1144	1307	1043	217	1427	977	473	811	1161	976	585	1173	297	945	973	2233	1171	2280	519	1865	1040	1736	698	2331	822	1295	969	862	1476	172	828	629	1147	1749	1219	1270	828	1122	2387	1127	474	572	1026	1117	1227	1332	830	1125	696	635	920	1035	714	702	950	344	635	1699	1266	1171	556	1058	384	764	585	689	839	1122	635	972	1159	955	776	2492	551	863	700	2440	2110	1812	580	684	409	556	826	1256	1085	485	635	1190	1018	1322	1002	2187	1862	1151	1201	583	711	1378	1043	1107	3215	1111	2407	430	893	647	846	1850	850	1256	709	1699	1401	2754	591	992	836	791	1053	926	931	640	1134	1496	1001	973	1346	700	3187	1936	1117	2389	926	733	2510	2077	1158	671	200	3406	1141	1865	1023	2199	2127	964	1599	985	1439	236	1001	2097	897	977	757	778	1162	2090	1323	787	771	1345	700	1636	431	1864	654	1506	924	2412	939	674	1161	1126	2410	708	1158	568	1187	1073	1137	703	991	1065	1777	2161	497	1323	1140	1118	629	1144	969	825	2688	699	109	1152	923	295	2094	825	1171	829	722	1000	502	2642	817	1031	585	715	1219	1301	280	1303	1472	920	1501	1549	1187	1685	1104	572	1148	126	1041	989	1059	514	1177	892	1051	1386	908	1181	987	835	1442	923	757	572
214	3783	1707	213	1387	348	971	356	137	285	216	615	1389	502	639	530	226	243	280	208	615	167	1102	484	3269	340	159	156	993	0	644	0	2296	553	571	577	187	284	739	328	1891	897	187	1397	1263	544	2016	1646	634	92	576	639	1048	465	183	1099	435	615	770	193	219	94	450	443	735	570	1101	2313	260	2979	848	2464	189	851	716	2128	208	618	98	137	1535	979	222	367	280	761	2038	283	251	232	3352	237	576	425	1134	398	373	1375	262	652	385	387	547	53	737	315	580	1300	387	1287	281	260	479	171	609	307	450	310	702	153	387	22	242	1515	340	2265	1128	1444	1397	1478	1523	1372	454	570	615	1350	209	271	1079	1184	404	1070	27	510	192	2975	2542	438	271	907	287	2234	183	1149	3809	2064	3109	571	944	357	366	1969	210	271	395	1285	529	1761	1407	33	238	204	164	68	64	356	290	1112	31	97	379	1397	3930	1397	160	3089	68	306	1517	2746	290	1414	1002	4246	163	985	170	1209	1134	337	1585	333	1683	1129	8	1909	101	15	863	300	634	2981	526	207	328	576	1397	644	1024	2543	432	2165	122	1501	580	326	290	653	3113	298	290	460	984	1166	271	295	37	709	977	2489	532	419	164	155	367	170	98	209	1776	646	1095	289	376	703	2016	209	225	250	349	26	526	1793	220	512	450	280	932	395	938	335	2240	547	1425	2242	1212	739	213	425	179	1118	184	4	69	1268	185	173	1813	419	197	236	613	185	1646	116	863	425
