NAME : VRPTW_INSTANCE_123.txt
COMMENT : Bangkok Supermarket
TYPE : VRPTW
DIMENSION : 217
DAYS : Wednesday
EDGE_WEIGHT_TYPE : EXPLICIT
VEHICLES : 30
EDGE_WEIGHT_FORMAT : FULL_MATRIX
CAPACITY : 1000
EDGE_WEIGHT_SECTION
0	979	205	106	428	2393	532	617	1889	2267	523	355	439	189	1924	126	401	213	1237	182	589	405	1869	79	1081	395	83	1213	773	366	381	83	394	469	135	538	534	309	369	309	33	1614	941	1517	410	2036	131	196	455	438	170	257	1174	264	202	223	1522	972	410	667	2416	437	624	447	155	215	283	2018	374	364	541	179	85	239	1352	364	1025	235	891	37	1002	152	872	214	1960	78	1643	97	192	611	1701	190	222	400	546	413	228	83	1727	91	352	22	929	463	374	153	955	621	255	221	193	815	1421	219	1119	437	981	223	1028	91	428	521	363	477	989	365	588	1221	1727	368	86	1182	1123	368	1377	1321	527	378	1481	1019	1058	153	422	1200	672	412	264	54	1588	83	1041	419	790	304	373	101	944	573	401	682	581	216	201	639	235	865	1627	28	1179	170	154	194	523	623	1673	368	326	1011	88	1229	621	1001	582	1917	1077	850	583	400	222	364	255	1176	197	238	383	46	447	1183	347	165	308	1994	379	586	666	1277	400	177	1010	1076	499	322	309	525	130	371	349
979	0	953	941	707	2094	476	404	912	1977	748	1032	556	826	1059	1000	1150	1176	1606	820	1387	1148	2847	959	726	1303	1005	825	883	1058	1069	1005	1150	538	1022	763	757	673	1266	673	993	709	38	828	994	1591	1027	831	1372	905	1112	1225	906	725	1016	1187	1419	200	1153	1543	1779	912	399	577	830	1053	791	1079	1070	1056	762	1039	1003	1086	733	1062	46	811	211	990	173	1025	1117	958	1425	989	677	1077	807	791	776	953	1187	1345	758	887	771	962	993	903	1030	991	755	570	1052	828	1359	369	729	757	848	544	720	1066	823	912	1559	1050	968	903	1302	740	1056	1258	534	1262	1543	279	993	1048	1003	1234	209	1264	2312	432	754	779	997	736	1181	1131	833	1408	1429	1015	725	998	747	960	152	1281	736	904	1054	958	219	1462	1298	1653	448	959	819	895	1084	704	719	994	822	1112	989	817	479	960	1103	1060	1289	105	1067	1599	847	40	447	1141	150	282	439	1004	1187	1056	1215	833	948	1217	1284	996	577	2069	1023	830	904	1049	1046	426	1040	718	1154	822	1534	150	1147	928	673	861	1107	853	1027
205	953	0	102	552	2548	477	556	1861	2422	354	159	397	322	1820	331	240	375	1438	164	469	242	1937	125	1190	350	138	1325	931	177	193	138	236	414	106	365	363	308	313	308	179	1530	914	1588	206	2164	115	337	419	238	195	407	1304	249	407	384	1687	988	248	598	2515	236	562	378	263	100	421	1940	187	175	368	95	290	132	1431	177	998	143	825	174	1011	358	1056	10	2072	283	1586	244	178	429	1621	14	382	557	374	588	201	121	1793	153	156	189	1055	387	181	244	1155	583	319	263	344	908	1486	114	1241	236	1187	96	1181	153	352	355	174	341	1071	309	724	1165	1793	175	291	1357	1065	311	1359	1243	356	523	1590	1136	1236	265	584	1390	537	209	249	162	1485	122	1042	332	921	108	182	103	873	512	345	790	514	12	333	443	131	986	1543	185	1294	195	357	157	558	421	1772	179	361	1005	247	1431	781	968	515	1977	1072	883	520	197	382	175	414	1294	8	339	331	251	378	1127	150	168	111	1919	184	530	853	1363	242	168	1215	1071	313	119	308	692	246	538	153
106	941	102	0	470	2458	476	559	1854	2333	423	259	387	231	1853	230	324	300	1336	121	537	327	1919	28	1118	377	67	1252	839	274	290	67	318	412	83	437	433	272	344	272	87	1551	903	1532	308	2085	87	244	444	331	170	339	1223	217	305	310	1594	956	333	642	2448	331	566	383	176	146	332	1959	284	272	440	116	191	178	1371	273	988	148	834	81	983	258	957	112	1999	182	1592	169	134	508	1640	88	309	488	445	490	170	27	1740	59	256	95	975	396	280	161	1053	575	253	203	249	840	1433	156	1163	331	1087	150	1091	59	395	421	271	414	1009	340	667	1170	1740	274	191	1260	1071	343	1383	1260	426	433	1518	1060	1138	207	490	1289	613	312	217	76	1516	26	1018	380	839	198	280	16	885	551	378	748	520	114	243	533	175	908	1564	92	1219	170	255	125	513	517	1704	276	347	984	167	1329	688	960	521	1927	1051	842	524	299	309	272	342	1218	94	292	361	152	383	1169	251	113	202	1936	284	530	753	1301	325	120	1114	1050	410	217	272	596	184	442	253
428	707	552	470	0	1997	439	498	1572	1871	670	706	381	242	1750	372	791	555	1030	394	1006	793	2202	465	653	824	500	785	393	727	743	500	786	415	544	693	686	310	797	310	459	1409	676	1097	727	1615	544	232	883	698	599	602	753	347	352	564	1147	628	799	1096	1987	702	504	435	293	616	146	1786	738	725	695	584	398	647	930	728	749	449	711	460	667	385	569	562	1532	388	1381	509	384	770	1481	541	564	686	697	182	378	471	1308	410	703	450	505	452	729	309	749	453	242	297	236	392	1006	625	694	702	892	621	633	410	855	664	724	884	568	793	880	983	1308	723	398	833	897	796	1791	1119	677	75	1053	592	723	565	130	912	1083	739	347	476	1423	469	715	844	369	594	730	480	767	1002	830	1007	492	564	230	847	644	438	1420	455	751	599	348	407	247	867	1244	729	744	700	495	1023	256	740	491	1502	758	491	483	725	564	725	584	749	543	637	811	415	435	1610	696	385	597	1756	730	470	404	852	792	389	885	757	862	624	310	200	546	146	700
2393	2094	2548	2458	1997	0	2301	2300	2130	125	2615	2704	2301	2227	2817	2291	2783	2421	1487	2392	2982	2786	3632	2448	1422	2769	2474	1295	1620	2724	2740	2474	2777	2320	2524	2638	2630	2290	2751	2290	2426	2518	2107	1335	2723	548	2522	2214	2815	2685	2554	2451	1267	2337	2228	2425	883	1900	2792	3032	865	2689	2301	2358	2285	2602	2127	2627	2735	2722	2639	2567	2331	2630	1372	2724	2090	2445	2288	2429	1921	2283	1557	2558	766	2328	2308	2445	2381	2704	2506	2536	2426	2435	2639	1980	2373	2454	1289	2399	2700	2416	1509	2368	2727	2303	1620	2230	2238	2294	2210	1705	1422	2608	1343	2689	1830	2608	1367	2399	2814	2607	2721	2869	1603	2748	2547	2241	1289	2721	2331	1234	2248	2751	3580	2392	2623	2025	1098	1453	1364	2490	1971	1320	3066	2736	2337	2447	2647	2453	1947	2809	1632	2590	2728	2467	2311	2939	2780	2683	2326	2560	2216	2799	2626	1581	2517	2422	1312	2554	2258	2404	2083	2836	1036	2726	2652	1990	2431	1490	1772	2126	2325	1312	1968	1887	2313	2722	2426	2722	2426	1306	2539	2532	2762	2363	2358	3492	2694	2383	2593	2585	2728	2292	1758	1376	2784	2386	1750	1968	2859	2620	2290	1867	2480	2021	2697
532	476	477	476	439	2301	0	85	1384	2177	325	559	92	422	1398	585	676	742	1469	357	915	675	2395	497	881	828	542	1013	793	585	598	542	676	64	552	347	339	228	791	228	539	1083	437	1185	529	1855	559	433	897	450	646	788	1035	267	624	753	1504	537	680	1067	2138	457	92	100	403	578	435	1486	598	583	346	566	575	610	1045	589	521	338	359	535	553	615	998	482	1728	561	1116	627	345	405	1169	478	752	924	345	602	308	499	1379	446	557	539	803	96	580	393	1188	108	314	319	453	595	1077	591	957	457	1320	574	989	446	826	317	584	785	714	787	1118	693	1379	576	576	1227	594	789	1836	789	332	481	1254	848	1132	676	559	1337	963	550	267	540	1062	497	576	804	704	430	583	492	412	986	823	1214	56	483	419	505	609	731	1095	541	991	646	585	351	230	553	1410	588	822	536	620	1461	681	490	56	1551	602	462	53	538	752	583	783	996	473	763	809	558	100	1594	551	370	430	1462	575	54	844	994	680	360	1319	601	686	455	228	639	653	550	555
617	404	556	559	498	2300	85	0	1306	2177	360	627	177	504	1313	669	745	827	1522	441	982	744	2479	581	878	906	626	1006	831	653	665	626	745	147	634	379	371	312	868	312	624	998	366	1148	590	1841	641	514	975	504	728	873	1040	352	706	838	1522	489	748	1139	2105	511	7	178	487	657	511	1402	665	651	378	646	660	688	1016	657	448	418	275	620	499	699	1044	560	1706	646	1033	712	429	425	1084	558	837	1009	376	669	392	582	1338	531	625	624	817	168	647	477	1245	69	396	403	534	600	1040	670	960	511	1387	652	1011	531	901	351	651	853	702	864	1203	611	1338	643	660	1257	511	866	1912	704	367	548	1238	851	1168	761	623	1379	1026	611	352	625	978	581	517	879	730	500	650	575	327	1060	900	1299	44	560	501	529	687	747	1010	625	988	728	668	435	267	585	1386	655	905	473	705	1515	730	415	42	1505	538	433	35	600	837	651	868	994	552	848	886	643	178	1665	619	454	500	1378	641	32	900	971	749	444	1383	537	745	524	312	697	737	619	623
1889	912	1861	1854	1572	2130	1384	1306	0	2045	1615	1927	1468	1729	742	1902	2045	2082	2255	1733	2277	2043	3755	1871	1243	2212	1917	1242	1602	1952	1963	1917	2046	1447	1933	1625	1620	1585	2174	1585	1905	579	950	889	1879	1585	1939	1731	2281	1785	2025	2131	1375	1637	1909	2093	1800	944	2047	2443	1472	1792	1300	1483	1738	1962	1680	501	1964	1951	1623	1949	1908	1994	974	1957	865	1721	1048	1902	905	1925	1814	1866	1365	1895	360	1987	1719	1631	506	1862	2092	2244	1618	1738	1683	1874	851	1815	1925	1902	1384	1475	1945	1737	2071	1280	1637	1668	1747	1267	863	1975	1320	1792	2316	1958	1553	1815	2207	1608	1951	2152	1133	2171	2442	716	851	1942	1908	1786	812	2173	3218	712	1619	1647	1203	1301	1794	2042	1685	2007	2309	1901	1637	1910	736	1872	859	2185	1448	1805	1948	1870	1010	2366	2206	2557	1349	1866	1720	1725	1993	1375	569	1905	1268	2025	1887	1729	1376	1797	1143	1954	2201	882	1977	2249	1632	894	1348	827	818	1081	1342	1892	2092	1951	2119	1284	1858	2128	2193	1904	1483	2963	1919	1742	1804	461	1938	1331	1815	1044	2049	1734	2272	819	2027	1826	1585	1680	2018	1717	1923
2267	1977	2422	2333	1871	125	2177	2177	2045	0	2491	2578	2176	2102	2721	2165	2657	2297	1378	2266	2856	2660	3524	2323	1299	2644	2348	1173	1495	2598	2614	2348	2651	2196	2398	2514	2506	2164	2626	2164	2301	2416	1990	1230	2597	460	2396	2088	2690	2559	2429	2326	1142	2211	2103	2300	759	1782	2666	2908	848	2564	2178	2233	2159	2476	2001	2538	2609	2596	2514	2441	2206	2504	1260	2599	1974	2319	2169	2303	1804	2158	1433	2433	682	2203	2210	2319	2255	2580	2408	2410	2302	2312	2514	1855	2247	2328	1197	2274	2574	2290	1384	2244	2601	2177	1502	2107	2112	2168	2084	1581	1314	2482	1219	2564	1717	2482	1241	2274	2689	2483	2595	2743	1481	2622	2426	2130	1197	2595	2205	1111	2135	2626	3459	2283	2498	1899	983	1329	1241	2365	1845	1203	2940	2610	2211	2321	2543	2327	1831	2683	1507	2464	2602	2341	2193	2814	2655	2563	2203	2434	2090	2675	2500	1456	2416	2296	1189	2429	2133	2278	1958	2711	933	2600	2527	1874	2306	1380	1646	2009	2202	1235	1853	1766	2189	2596	2302	2596	2302	1183	2413	2407	2636	2238	2233	3369	2568	2257	2467	2496	2602	2168	1634	1260	2658	2261	1636	1853	2734	2494	2164	1742	2354	1896	2571
523	748	354	423	670	2615	325	360	1615	2491	0	335	315	530	1488	631	446	722	1676	361	667	443	2264	451	1200	655	483	1334	1059	357	364	483	449	295	460	23	15	362	617	362	509	1220	711	1507	272	2178	469	546	720	174	549	758	1348	341	697	732	1799	849	446	843	2462	181	363	257	478	438	598	1632	367	356	24	446	600	459	1370	363	788	294	570	504	858	662	1237	351	2053	589	1308	590	359	100	1316	365	730	908	26	788	336	449	1698	436	334	516	1109	247	347	458	1390	421	450	411	563	912	1399	450	1273	181	1471	429	1280	436	630	8	357	547	1039	614	1079	900	1698	346	601	1500	802	615	1621	947	7	682	1579	1163	1394	619	760	1581	694	293	341	498	1158	449	873	604	997	251	351	434	605	778	643	1142	320	350	535	184	460	1036	1234	514	1311	549	646	344	532	227	1736	359	705	828	590	1669	927	750	321	1865	891	786	333	287	730	356	763	1315	357	694	634	566	257	1351	330	379	249	1615	339	353	1056	1320	452	368	1486	890	411	256	362	861	598	731	333
355	1032	159	259	706	2704	559	627	1927	2578	335	0	495	481	1823	482	118	487	1592	312	355	116	1931	279	1335	322	277	1470	1089	26	39	277	119	502	228	335	337	437	285	437	325	1554	993	1714	78	2313	235	496	385	166	279	508	1455	381	558	495	1846	1092	120	516	2651	160	632	460	421	159	579	1966	38	24	338	189	439	160	1561	30	1076	267	879	320	1111	505	1216	148	2214	434	1632	368	323	376	1649	173	492	654	344	748	337	274	1917	313	3	336	1206	463	23	402	1310	668	467	411	504	1048	1610	165	1390	160	1329	148	1337	313	295	339	24	226	1205	282	796	1217	1917	17	439	1516	1118	283	1294	1277	334	681	1732	1283	1396	369	744	1549	407	67	381	305	1494	275	1136	269	1074	132	25	257	921	445	309	838	583	147	492	352	164	1136	1567	331	1441	279	510	301	684	309	1910	28	395	1096	376	1584	940	1041	584	2096	1162	998	592	62	492	24	521	1441	168	420	302	399	460	1038	10	321	130	1948	24	607	1012	1498	122	317	1362	1161	155	104	437	851	357	698	6
439	556	397	387	381	2301	92	177	1468	2176	315	495	0	333	1490	494	609	649	1411	267	849	609	2304	407	889	747	453	1023	756	521	535	453	608	37	466	338	329	135	710	135	448	1175	518	1226	475	1869	472	345	816	406	558	696	1034	175	535	660	1486	596	614	993	2173	413	184	58	311	497	356	1579	534	519	338	482	483	530	1079	524	602	255	451	444	617	524	949	403	1752	469	1206	535	254	407	1261	397	659	832	339	532	218	409	1425	355	492	447	794	72	517	300	1127	187	226	226	365	599	1120	510	959	413	1247	494	968	355	749	306	519	718	735	706	1025	783	1425	512	483	1195	685	709	1757	882	322	413	1273	849	1094	585	492	1291	902	495	175	450	1154	408	645	728	684	363	519	403	504	909	743	1122	145	404	331	499	528	721	1187	449	999	558	494	262	218	536	1438	523	735	608	528	1403	633	574	146	1602	674	505	145	482	659	519	691	1002	393	672	728	466	58	1522	486	279	364	1554	513	146	784	1022	613	270	1249	674	632	391	135	581	561	478	490
189	826	322	231	242	2227	422	504	1729	2102	530	481	333	0	1816	174	555	354	1152	184	765	558	2026	224	894	583	257	1027	609	499	515	257	550	369	303	550	544	201	555	201	218	1492	790	1328	514	1856	302	16	644	506	358	403	993	193	202	364	1365	798	564	855	2228	508	511	364	60	376	100	1888	510	497	552	343	180	406	1163	499	872	252	767	218	831	200	741	333	1774	168	1500	277	179	628	1574	310	364	519	556	273	193	230	1538	172	477	209	746	382	503	81	865	490	107	121	34	626	1232	384	936	508	942	381	860	172	613	525	496	645	799	551	717	1083	1538	497	180	1036	988	555	1564	1198	535	202	1295	834	916	335	263	1080	843	523	193	234	1481	228	873	601	609	384	504	240	823	761	588	829	477	334	12	685	403	680	1504	215	993	358	165	200	352	689	1484	501	512	847	265	1144	459	852	478	1729	911	671	475	509	364	497	390	991	313	414	570	184	364	1373	471	169	388	1862	505	471	543	1088	556	177	956	910	636	412	201	370	314	220	474
1924	1059	1820	1853	1750	2817	1398	1313	742	2721	1488	1823	1490	1816	0	1983	1931	2137	2652	1743	2130	1927	3752	1877	1689	2143	1920	1740	1935	1845	1849	1920	1934	1457	1916	1487	1486	1626	2105	1626	1927	354	1083	1501	1755	2269	1924	1825	2208	1658	2011	2182	1857	1661	2018	2148	2348	1212	1929	2316	2209	1665	1306	1477	1801	1915	1808	295	1853	1844	1485	1915	1973	1941	1522	1850	1023	1704	1050	1923	1168	2013	2168	1820	2055	1959	513	2016	1733	1457	322	1826	2147	2321	1479	1933	1696	1878	1529	1835	1822	1929	1773	1461	1834	1791	2415	1327	1709	1717	1845	1586	1436	1928	1783	1665	2618	1907	1979	1835	2118	1484	1844	2024	1521	2102	2513	781	1529	1833	1974	2240	855	2103	3083	631	1489	1817	1794	1724	2209	2060	1880	2437	2131	1775	1661	1925	336	1877	1116	2092	1782	1731	1837	1868	994	2260	2131	2601	1345	1820	1812	1521	1941	1736	347	1929	1754	2011	1981	1733	1507	1592	1790	1846	2181	1105	2010	2645	1906	1021	1344	1547	1072	1332	1345	1771	2147	1844	2179	1769	1819	2145	2123	1955	1477	2789	1818	1759	1729	319	1825	1346	2099	1564	1936	1748	2594	1074	1870	1741	1626	1918	2037	1893	1822
126	1000	331	230	372	2291	585	669	1902	2165	631	482	494	174	1983	0	521	185	1110	272	693	525	1853	205	1014	480	206	1142	675	492	507	206	514	528	258	648	644	358	460	358	157	1663	964	1470	537	1950	252	170	531	561	264	233	1092	330	76	194	1414	967	531	748	2348	561	677	515	183	337	232	2061	500	490	651	301	43	357	1302	490	1046	337	938	161	1002	31	756	341	1885	48	1674	154	277	723	1746	317	194	345	656	312	308	210	1681	197	478	145	852	532	500	195	829	661	276	267	154	764	1379	339	1043	561	856	346	932	197	523	628	489	589	941	457	543	1256	1681	494	43	1071	1161	460	1418	1369	636	308	1411	948	944	203	332	1078	780	539	330	177	1647	209	1045	518	712	427	499	227	993	654	490	655	639	342	181	759	353	792	1675	151	1106	264	32	288	525	747	1607	494	379	1020	140	1102	525	1027	640	1874	1084	838	639	527	194	490	219	1102	323	266	471	82	515	1248	474	254	431	2035	505	637	548	1223	520	266	883	1083	624	447	358	427	189	279	476
401	1150	240	324	791	2783	676	745	2045	2657	446	118	609	555	1931	521	0	483	1624	404	239	5	1829	336	1431	232	317	1566	1163	92	83	317	8	618	265	444	447	541	199	541	367	1667	1111	1822	175	2405	269	569	287	273	275	493	1544	484	595	488	1918	1206	10	399	2754	266	750	576	499	185	656	2079	81	94	447	221	477	164	1667	88	1194	371	997	363	1226	540	1273	230	2312	475	1749	384	417	476	1763	250	486	628	453	811	437	330	2026	383	120	379	1295	581	100	481	1347	785	560	504	573	1147	1719	182	1482	266	1343	177	1416	383	190	452	93	108	1309	198	746	1335	2026	103	478	1582	1235	197	1177	1392	444	758	1830	1376	1458	367	814	1599	298	155	484	346	1603	332	1253	164	1161	247	97	317	1039	331	215	770	701	229	567	433	168	1227	1681	373	1535	275	552	396	791	376	2011	90	337	1213	395	1617	1012	1160	702	2208	1279	1110	710	160	486	94	511	1535	248	395	213	439	576	919	126	409	246	2061	108	724	1067	1601	5	408	1382	1278	119	221	541	920	362	765	122
213	1176	375	300	555	2421	742	827	2082	2297	722	487	649	354	2137	185	483	0	1158	395	597	489	1672	272	1187	363	239	1311	825	488	499	239	475	681	270	735	732	516	356	516	215	1825	1140	1651	559	2104	262	352	397	611	210	48	1253	476	211	10	1539	1151	493	612	2516	609	834	660	346	328	417	2227	492	487	738	301	174	330	1482	484	1223	444	1100	220	1185	170	868	381	2049	187	1846	132	405	803	1910	362	10	188	744	468	441	273	1862	303	485	211	1019	676	499	352	892	827	447	425	338	945	1561	322	1209	609	862	339	1079	303	419	721	486	519	1122	354	376	1426	1862	494	173	1190	1329	357	1241	1531	725	487	1579	1119	1061	118	499	1166	690	554	476	224	1800	273	1227	423	879	483	497	288	1154	520	378	477	793	382	362	816	327	963	1837	212	1275	210	207	406	706	788	1778	489	231	1200	132	1151	680	1201	793	2056	1265	1022	794	545	10	487	42	1270	370	112	361	183	660	1086	483	379	486	2202	507	795	663	1401	480	390	904	1264	600	493	516	582	131	447	483
1237	1606	1438	1336	1030	1487	1469	1522	2255	1378	1676	1592	1411	1152	2652	1110	1624	1158	0	1334	1754	1629	2146	1314	1012	1517	1316	1027	723	1602	1617	1316	1616	1446	1367	1698	1691	1318	1514	1318	1267	2297	1590	1442	1645	1397	1361	1135	1540	1654	1351	1167	892	1335	1034	1156	704	1439	1634	1740	1926	1656	1527	1463	1209	1445	1078	2611	1610	1601	1700	1410	1153	1460	1305	1600	1636	1404	1690	1272	1483	1087	490	1449	1465	1158	2195	1239	1331	1777	2345	1424	1158	1091	1703	889	1345	1319	1604	1290	1589	1256	886	1480	1610	1230	286	1469	1226	1267	1120	1066	1421	1445	937	1656	359	1454	701	1290	1576	1671	1600	1675	1144	1511	1142	1876	1604	1605	1152	490	1815	1514	2148	2036	1683	1000	1175	956	460	1263	920	263	1847	1648	1335	1287	2352	1318	1535	1581	871	1525	1610	1336	1741	1656	1534	1264	1520	1450	1145	1837	1456	916	2304	1261	995	1351	1082	1351	1257	1840	1355	1604	1377	1547	1229	7	793	1646	1520	1783	1579	1324	1511	1636	1158	1601	1143	979	1430	1266	1518	1193	1463	2115	1584	1318	1529	2574	1616	1496	626	1222	1623	1327	284	1578	1732	1549	1318	830	1264	945	1586
182	820	164	121	394	2392	357	441	1733	2266	361	312	267	184	1743	272	404	395	1334	0	633	406	2037	139	1026	494	185	1161	781	334	350	185	400	294	202	379	374	152	459	152	183	1437	782	1425	335	2002	208	201	561	322	292	439	1142	96	336	406	1538	837	412	753	2350	324	448	268	125	250	275	1843	345	331	382	227	246	284	1267	335	867	69	716	179	863	304	924	174	1907	233	1473	272	14	456	1525	157	404	582	386	457	49	141	1632	91	309	185	894	282	336	104	1048	454	155	99	214	743	1324	261	1078	324	1112	250	1027	91	506	357	331	505	906	455	770	1051	1632	329	247	1214	952	457	1502	1145	366	375	1425	972	1097	319	443	1264	702	346	96	183	1407	140	897	488	762	202	337	137	768	664	492	859	404	175	193	504	281	824	1449	186	1131	292	286	16	399	505	1607	336	468	863	266	1327	634	839	405	1817	930	727	407	332	404	331	437	1131	156	406	476	218	268	1282	302	18	206	1819	336	412	728	1199	406	7	1131	929	468	231	152	550	295	403	306
589	1387	469	537	1006	2982	915	982	2277	2856	667	355	849	765	2130	693	239	597	1754	633	0	239	1661	540	1654	237	509	1789	1362	329	317	509	240	857	462	660	664	776	241	776	556	1881	1348	2057	398	2621	462	776	232	493	428	587	1759	718	761	598	2107	1445	235	190	2983	486	987	815	713	390	865	2292	317	331	663	421	651	358	1900	325	1430	607	1229	553	1465	704	1447	460	2536	653	1975	540	647	676	1979	476	596	687	668	1001	670	535	2262	596	358	566	1511	819	335	698	1489	1024	785	731	777	1375	1955	381	1700	486	1445	386	1617	596	178	673	331	130	1540	243	745	1564	2262	339	651	1764	1466	240	956	1613	663	964	2055	1597	1637	502	1011	1759	93	376	718	536	1808	537	1492	176	1374	486	332	525	1268	171	220	725	938	459	777	609	362	1445	1895	560	1756	428	725	626	1027	540	2239	327	381	1451	554	1747	1210	1396	940	2445	1517	1348	948	385	596	331	610	1755	476	487	236	618	815	685	364	635	485	2277	341	962	1240	1832	235	636	1494	1517	260	460	776	1114	508	960	360
405	1148	242	327	793	2786	675	744	2043	2660	443	116	609	558	1927	525	5	489	1629	406	239	0	1833	339	1433	237	321	1568	1167	90	80	321	14	617	269	441	443	542	205	542	371	1664	1110	1823	172	2407	273	572	292	269	281	499	1546	485	600	494	1921	1206	5	401	2755	262	749	575	501	189	659	2075	79	92	443	225	482	169	1668	86	1192	372	995	368	1226	544	1277	232	2314	480	1747	389	419	471	1760	252	492	633	449	815	438	333	2027	386	118	383	1298	580	98	484	1352	784	561	506	577	1149	1720	186	1484	262	1348	181	1419	386	195	448	92	109	1310	203	752	1332	2027	101	482	1585	1233	203	1179	1389	441	761	1832	1378	1462	373	817	1604	297	151	485	351	1600	335	1252	169	1163	246	95	320	1036	334	220	776	700	231	570	428	173	1229	1677	377	1537	281	556	397	792	371	2013	88	343	1212	400	1622	1016	1158	701	2208	1278	1110	709	156	492	92	516	1537	250	401	219	444	575	921	125	411	245	2058	105	723	1071	1602	10	410	1387	1277	113	220	542	923	368	769	121
1869	2847	1937	1919	2202	3632	2395	2479	3755	3524	2264	1931	2304	2026	3752	1853	1829	1672	2146	2037	1661	1833	0	1898	2752	1609	1852	2852	2332	1910	1907	1852	1824	2331	1846	2266	2267	2178	1647	2178	1857	3467	2810	3248	2002	3498	1839	2023	1545	2097	1751	1623	2754	2130	1852	1661	2818	2820	1832	1472	3993	2090	2485	2302	2017	1839	2079	3876	1903	1911	2269	1842	1846	1812	3078	1905	2894	2063	2753	1860	2855	1831	2233	1935	3514	1859	3511	1771	2050	2304	3558	1931	1662	1516	2275	2060	2087	1896	3456	1949	1931	1858	2571	2314	1922	2019	2064	2490	2118	2091	2008	2569	3173	1826	2741	2090	1817	1846	2537	1949	1638	2268	1910	1746	2742	1650	1321	3088	3456	1922	1846	2503	2989	1649	864	3178	2264	2127	3100	2678	2391	1719	2109	2343	1691	1983	2130	1854	3420	1897	2898	1665	2447	2021	1918	1903	2804	1508	1622	1198	2440	1935	2034	2257	1812	2536	3480	1856	2813	1751	1869	2044	2379	2193	3305	1910	1577	2873	1780	2143	2229	2871	2441	3653	2937	2688	2443	1985	1662	1911	1635	2803	1938	1632	1629	1851	2302	1167	1935	2025	2023	3854	1931	2449	2103	2990	1823	2034	1898	2936	1906	2010	2178	2149	1743	2067	1932
79	959	125	28	465	2448	497	581	1871	2323	451	279	407	224	1877	205	336	272	1314	139	540	339	1898	0	1116	370	46	1249	828	292	307	46	329	433	79	466	462	286	339	286	58	1574	921	1537	332	2080	80	236	435	359	155	311	1218	234	281	282	1582	968	345	638	2448	358	587	405	173	153	324	1981	301	290	468	119	164	182	1375	291	1005	174	855	52	996	232	940	135	1997	157	1613	141	152	536	1663	111	280	460	474	475	189	5	1745	60	276	66	970	419	299	161	1031	594	258	211	238	841	1438	160	1160	358	1061	159	1081	60	393	450	289	421	1011	335	640	1190	1745	293	165	1246	1091	337	1372	1283	455	425	1516	1057	1123	182	478	1271	619	334	234	48	1541	4	1032	379	833	225	299	22	907	546	372	723	542	137	236	561	178	904	1587	63	1216	155	231	146	523	544	1704	294	330	999	139	1306	677	978	543	1933	1065	852	546	322	280	290	313	1215	118	268	355	125	405	1163	271	128	229	1958	303	551	735	1303	336	137	1089	1064	427	243	286	583	159	429	273
1081	726	1190	1118	653	1422	881	878	1243	1299	1200	1335	889	894	1689	1014	1431	1187	1012	1026	1654	1433	2752	1116	0	1477	1152	135	423	1358	1374	1152	1427	905	1195	1223	1215	901	1450	901	1112	1338	729	499	1340	981	1196	885	1536	1287	1252	1229	179	954	975	1194	692	527	1439	1749	1335	1293	879	945	942	1264	798	1614	1370	1356	1223	1234	1045	1296	332	1360	738	1067	893	1113	562	1020	590	1200	881	1037	1204	1159	1014	1286	1371	1182	1195	1280	1223	723	997	1121	703	1059	1332	1103	181	953	1359	956	842	808	871	927	888	290	440	1274	97	1293	1102	1268	310	1059	1507	1192	1355	1530	193	1446	1455	950	703	1353	1045	555	919	1449	2428	1116	1208	707	400	74	551	1214	687	768	1728	1355	954	1129	1422	1120	604	1496	311	1210	1360	1129	926	1655	1483	1592	904	1202	882	1384	1293	224	1343	1109	110	1252	985	1036	671	1425	592	1360	1392	635	1145	1006	527	764	903	901	641	476	891	1342	1195	1356	1208	116	1182	1280	1464	1066	945	2261	1325	1022	1213	1575	1357	869	656	242	1433	1022	1048	640	1488	1241	901	617	1196	739	1329
395	1303	350	377	824	2769	828	906	2212	2644	655	322	747	583	2143	480	232	363	1517	494	237	237	1609	370	1477	0	328	1609	1155	303	302	328	225	765	293	657	658	646	38	646	365	1867	1265	1907	396	2428	290	592	68	488	225	350	1567	588	541	363	1890	1331	238	271	2812	482	912	728	540	250	679	2279	297	304	660	267	441	217	1744	298	1349	492	1173	364	1357	485	1224	346	2355	446	1933	326	508	698	1961	350	361	452	666	792	539	365	2115	430	322	374	1323	737	315	530	1254	934	628	580	588	1209	1809	237	1514	482	1208	253	1412	430	63	659	303	196	1380	42	534	1513	2115	315	442	1544	1413	40	1010	1585	654	773	1877	1415	1415	279	810	1529	330	379	588	349	1812	367	1389	81	1184	417	312	362	1219	177	20	542	863	345	595	664	219	1260	1880	368	1574	225	512	493	891	609	2068	303	143	1354	340	1510	1005	1319	865	2304	1420	1220	870	379	361	304	373	1572	354	251	20	414	728	792	326	489	418	2259	324	880	1017	1671	227	494	1256	1420	338	403	646	907	290	757	323
83	1005	138	67	500	2474	542	626	1917	2348	483	277	453	257	1920	206	317	239	1316	185	509	321	1852	46	1152	328	0	1285	853	286	300	0	310	479	52	496	493	333	299	333	50	1619	967	1578	338	2112	48	268	392	376	109	275	1250	280	282	249	1604	1013	327	598	2486	375	633	450	211	132	356	2026	293	284	498	96	162	156	1415	284	1052	216	901	46	1042	228	956	146	2032	159	1659	107	199	564	1708	125	247	425	504	496	235	43	1787	104	274	61	1003	463	294	201	1036	640	301	256	267	880	1480	136	1193	375	1053	140	1108	104	355	482	283	395	1051	295	601	1236	1787	289	163	1265	1137	298	1327	1328	486	455	1552	1092	1141	140	503	1282	591	337	280	29	1584	45	1078	344	865	245	293	52	952	505	332	680	587	147	269	581	152	938	1632	55	1251	109	236	191	568	559	1742	288	283	1045	109	1308	702	1025	588	1975	1112	897	591	326	247	284	280	1249	133	224	314	123	450	1121	270	175	249	2003	300	597	749	1342	317	183	1085	1111	417	258	333	607	118	452	271
1213	825	1325	1252	785	1295	1013	1006	1242	1173	1334	1470	1023	1027	1740	1142	1566	1311	1027	1161	1789	1568	2852	1249	135	1609	1285	0	521	1493	1509	1285	1562	1038	1329	1357	1348	1036	1582	1036	1244	1395	832	426	1475	846	1329	1017	1667	1423	1383	1353	134	1090	1100	1318	611	625	1574	1881	1206	1429	1007	1079	1076	1398	930	1644	1506	1491	1357	1367	1174	1430	278	1495	831	1203	1004	1245	655	1146	652	1335	747	1166	1242	1288	1149	1418	1419	1317	1319	1397	1356	845	1133	1255	615	1192	1467	1235	293	1087	1494	1090	891	937	1006	1062	1020	425	394	1408	111	1429	1159	1402	345	1192	1640	1326	1491	1664	308	1578	1567	1027	615	1488	1174	546	1007	1581	2551	1192	1341	837	268	193	573	1343	812	771	1863	1491	1090	1261	1489	1253	692	1629	431	1346	1495	1263	1033	1786	1615	1705	1035	1337	1015	1517	1427	349	1399	1240	39	1383	1112	1171	806	1559	467	1496	1521	727	1274	1022	641	861	1033	811	723	593	1021	1478	1319	1491	1332	51	1317	1407	1596	1196	1079	2390	1460	1157	1348	1604	1493	1000	750	197	1568	1157	1098	722	1623	1376	1036	735	1326	864	1464
773	883	931	839	393	1620	793	831	1602	1495	1059	1089	756	609	1935	675	1163	825	723	781	1362	1167	2332	828	423	1155	853	521	0	1108	1124	853	1157	786	903	1083	1075	703	1135	703	806	1581	866	923	1116	1279	901	594	1206	1091	936	861	436	741	619	830	757	724	1172	1424	1706	1095	835	813	668	981	509	1913	1119	1106	1084	946	714	1009	754	1108	914	840	971	809	768	672	234	942	1231	710	1495	829	772	1157	1634	919	831	887	1086	363	770	834	1126	780	1086	795	243	828	1112	687	482	770	634	688	589	350	859	987	410	1095	714	987	256	780	1197	1052	1105	1248	470	1131	1049	1155	1126	1106	714	440	1092	1134	2050	1314	1067	407	777	349	338	878	350	549	1445	1127	741	826	1630	832	821	1190	156	984	1112	846	1020	1329	1165	1188	838	943	598	1239	1005	229	1589	801	481	936	643	795	565	1261	982	1110	1048	829	815	716	151	923	837	1323	866	603	826	1113	831	1106	838	472	922	929	1146	744	813	1911	1079	770	987	1877	1113	809	233	665	1164	775	673	865	1244	1013	703	248	865	401	1083
366	1058	177	274	727	2724	585	653	1952	2598	357	26	521	499	1845	492	92	488	1602	334	329	90	1910	292	1358	303	286	1493	1108	0	16	286	93	528	236	357	359	461	267	461	335	1577	1019	1739	93	2335	242	514	365	186	278	507	1476	405	568	495	1865	1118	95	491	2675	180	658	486	440	162	598	1989	12	2	360	194	449	158	1586	5	1101	291	904	330	1137	515	1231	166	2238	444	1657	373	345	394	1673	189	493	650	366	764	360	286	1942	329	28	346	1228	489	12	421	1322	694	489	433	521	1072	1635	166	1412	180	1336	151	1357	329	273	362	2	200	1230	264	787	1242	1942	11	449	1533	1143	264	1269	1301	356	700	1756	1305	1412	370	761	1563	382	77	405	314	1516	288	1162	247	1096	157	9	270	946	421	289	825	609	164	510	365	161	1158	1591	341	1463	278	521	323	709	317	1934	2	383	1122	381	1595	958	1067	610	2122	1188	1024	618	76	493	2	521	1464	185	416	283	409	486	1012	35	341	156	1971	21	633	1027	1522	97	338	1369	1187	136	130	461	868	359	715	31
381	1069	193	290	743	2740	598	665	1963	2614	364	39	535	515	1849	507	83	499	1617	350	317	80	1907	307	1374	302	300	1509	1124	16	0	300	85	541	250	362	364	477	266	477	350	1584	1031	1754	94	2351	256	530	362	191	288	517	1492	420	583	506	1881	1131	84	482	2691	184	670	499	456	175	614	1996	7	18	365	208	463	168	1601	16	1113	307	914	345	1150	529	1247	182	2254	459	1666	386	361	397	1680	205	504	659	371	780	376	302	1957	346	42	361	1244	502	17	437	1336	707	505	449	537	1088	1650	178	1428	184	1349	164	1373	346	269	369	18	189	1245	264	793	1252	1957	22	464	1549	1152	264	1260	1309	362	716	1771	1321	1428	381	777	1579	367	76	420	329	1521	303	1175	242	1112	171	15	286	956	414	287	829	621	180	526	363	172	1174	1598	355	1479	288	536	339	724	313	1949	13	388	1134	394	1609	974	1079	622	2136	1200	1038	630	78	504	18	531	1480	202	424	282	424	499	1001	49	357	170	1978	24	645	1043	1537	88	355	1383	1200	120	144	477	885	371	731	45
83	1005	138	67	500	2474	542	626	1917	2348	483	277	453	257	1920	206	317	239	1316	185	509	321	1852	46	1152	328	0	1285	853	286	300	0	310	479	52	496	493	333	299	333	50	1619	967	1578	338	2112	48	268	392	376	109	275	1250	280	282	249	1604	1013	327	598	2486	375	633	450	211	132	356	2026	293	284	498	96	162	156	1415	284	1052	216	901	46	1042	228	956	146	2032	159	1659	107	199	564	1708	125	247	425	504	496	235	43	1787	104	274	61	1003	463	294	201	1036	640	301	256	267	880	1480	136	1193	375	1053	140	1108	104	355	482	283	395	1051	295	601	1236	1787	289	163	1265	1137	298	1327	1328	486	455	1552	1092	1141	140	503	1282	591	337	280	29	1584	45	1078	344	865	245	293	52	952	505	332	680	587	147	269	581	152	938	1632	55	1251	109	236	191	568	559	1742	288	283	1045	109	1308	702	1025	588	1975	1112	897	591	326	247	284	280	1249	133	224	314	123	450	1121	270	175	249	2003	300	597	749	1342	317	183	1085	1111	417	258	333	607	118	452	271
394	1150	236	318	786	2777	676	745	2046	2651	449	119	608	550	1934	514	8	475	1616	400	240	14	1824	329	1427	225	310	1562	1157	93	85	310	0	617	258	448	450	538	192	538	360	1670	1111	1820	179	2400	262	563	281	276	267	485	1539	480	588	480	1911	1205	18	397	2750	269	750	576	493	178	650	2082	83	95	450	214	470	156	1664	89	1194	368	998	357	1225	532	1266	226	2308	468	1751	376	413	480	1765	245	478	619	456	805	434	324	2024	378	120	372	1290	580	102	476	1340	785	555	499	567	1144	1717	175	1477	269	1335	171	1410	378	185	455	94	109	1305	190	738	1336	2024	104	470	1575	1237	190	1175	1394	448	752	1826	1372	1451	359	807	1592	302	159	480	339	1607	325	1252	159	1156	246	99	310	1040	328	208	762	701	225	561	439	161	1222	1683	366	1531	267	545	392	788	383	2007	92	329	1212	387	1609	1006	1160	702	2205	1278	1108	710	163	478	95	502	1530	244	386	206	432	576	919	126	405	245	2064	110	724	1060	1598	6	404	1374	1278	127	221	538	913	354	759	122
469	538	414	412	415	2320	64	147	1447	2196	295	502	37	369	1457	528	618	681	1446	294	857	617	2331	433	905	765	479	1038	786	528	541	479	617	0	488	318	310	170	728	170	476	1144	500	1229	476	1883	495	381	834	402	582	727	1053	205	570	692	1511	590	622	1006	2179	408	154	43	345	515	393	1549	540	526	318	502	516	547	1085	531	584	274	422	472	609	558	982	419	1762	502	1180	564	281	384	1231	415	690	864	318	568	244	435	1426	383	499	476	816	48	523	334	1163	169	262	260	401	616	1122	528	977	408	1284	511	993	383	764	287	526	727	746	724	1057	758	1426	519	516	1224	658	726	1773	852	303	449	1285	867	1124	613	528	1324	907	496	205	477	1121	434	634	742	709	371	526	428	475	924	760	1152	112	420	368	479	546	743	1157	478	1015	582	529	287	237	521	1447	530	758	595	557	1438	666	553	112	1601	661	506	113	484	690	526	722	1019	410	700	746	497	43	1534	493	307	371	1526	518	118	819	1030	622	297	1286	661	633	397	170	616	589	514	497
135	1022	106	83	544	2524	552	634	1933	2398	460	228	466	303	1916	258	265	270	1367	202	462	269	1846	79	1195	293	52	1329	903	236	250	52	258	488	0	471	469	354	261	354	102	1621	983	1615	293	2159	8	314	360	340	95	301	1296	298	333	279	1655	1039	275	560	2528	338	641	456	253	80	403	2030	243	234	474	44	214	105	1453	233	1068	216	908	98	1066	279	1008	111	2077	211	1668	143	217	536	1711	95	277	451	480	547	250	74	1823	138	225	113	1049	468	245	240	1087	654	335	286	315	921	1516	84	1239	338	1101	88	1158	138	313	461	233	344	1090	257	618	1246	1823	239	215	1317	1146	259	1300	1332	463	502	1596	1136	1193	159	553	1335	542	291	298	81	1581	75	1100	300	912	214	244	68	958	468	294	688	594	112	315	546	101	983	1634	107	1296	95	287	204	597	519	1784	238	270	1066	148	1359	752	1040	595	2010	1133	926	599	281	277	234	309	1294	103	234	277	175	456	1085	222	196	217	2008	251	606	801	1382	265	202	1133	1132	366	222	354	657	140	503	223
538	763	365	437	693	2638	347	379	1625	2514	23	335	338	550	1487	648	444	735	1698	379	660	441	2266	466	1223	657	496	1357	1083	357	362	496	448	318	471	0	8	385	619	385	524	1223	727	1527	269	2200	480	567	721	171	558	770	1371	363	715	745	1822	868	443	839	2482	178	382	280	498	445	620	1635	366	356	2	455	617	465	1390	362	803	312	582	519	876	679	1260	361	2075	605	1315	603	378	78	1320	376	743	921	9	810	357	464	1717	453	335	531	1132	270	346	478	1412	441	472	432	584	934	1419	457	1296	178	1490	436	1303	453	630	31	356	543	1061	616	1089	909	1717	345	617	1523	812	617	1616	953	16	705	1601	1186	1417	630	783	1604	684	289	363	512	1159	464	890	604	1020	260	349	448	616	775	644	1151	339	360	556	160	466	1060	1237	529	1334	558	665	363	555	206	1757	358	711	845	604	1691	950	764	341	1883	907	807	353	284	743	356	776	1338	368	704	636	582	280	1343	331	398	257	1618	337	373	1078	1341	449	386	1507	906	403	262	385	883	610	753	334
534	757	363	433	686	2630	339	371	1620	2506	15	337	329	544	1486	644	447	732	1691	374	664	443	2267	462	1215	658	493	1348	1075	359	364	493	450	310	469	8	0	377	620	377	520	1220	720	1519	271	2192	478	561	722	173	556	768	1363	356	710	742	1814	860	446	842	2474	180	374	272	492	444	613	1632	368	357	9	454	612	465	1382	364	796	306	576	515	869	675	1253	359	2067	601	1311	600	372	85	1317	374	740	918	12	803	351	460	1709	448	336	527	1124	261	348	472	1405	433	465	425	578	926	1411	456	1288	180	1485	435	1295	448	632	23	358	546	1053	617	1087	904	1709	347	613	1516	807	618	1619	949	8	697	1592	1178	1409	628	775	1596	689	292	356	509	1157	460	883	606	1012	258	352	444	610	778	645	1149	332	358	549	169	466	1051	1234	525	1325	556	659	357	547	215	1749	360	711	838	600	1684	942	758	333	1876	900	799	345	287	740	357	773	1329	365	702	637	578	272	1348	332	392	256	1615	340	365	1071	1333	452	381	1500	899	407	261	377	876	608	746	335
309	673	308	272	310	2290	228	312	1585	2164	362	437	135	201	1626	358	541	516	1318	152	776	542	2178	286	901	646	333	1036	703	461	477	333	538	170	354	385	377	0	611	0	320	1309	635	1281	439	1881	359	214	713	395	441	563	1029	58	400	526	1452	685	548	904	2214	399	319	163	175	400	242	1711	474	459	386	379	347	434	1125	463	719	170	584	317	711	388	875	316	1778	333	1333	406	137	462	1394	303	525	696	389	429	107	290	1486	230	434	319	782	181	460	165	1032	312	97	91	234	612	1179	412	960	399	1132	400	934	230	656	356	459	646	768	607	891	912	1486	455	348	1143	814	609	1654	1015	369	320	1296	852	1034	458	399	1219	840	454	58	325	1290	288	745	638	658	309	462	288	638	815	644	990	281	317	201	536	432	710	1321	321	1008	441	358	153	250	558	1472	463	617	712	397	1311	566	694	281	1669	779	576	280	441	525	459	556	1009	301	545	628	332	163	1433	427	158	312	1686	458	280	694	1061	544	152	1141	778	587	340	0	498	434	373	431
369	1266	313	344	797	2751	791	868	2174	2626	617	285	710	555	2105	460	199	356	1514	459	241	205	1647	339	1450	38	299	1582	1135	267	266	299	192	728	261	619	620	611	0	611	338	1828	1228	1876	360	2405	258	565	106	451	200	349	1543	553	524	357	1874	1296	206	299	2784	445	874	691	511	213	652	2240	260	267	622	232	420	180	1714	261	1312	455	1135	337	1321	468	1210	308	2329	425	1895	306	473	661	1922	313	355	461	628	772	504	334	2084	399	285	347	1298	699	278	500	1248	897	597	547	562	1180	1777	200	1489	445	1210	216	1391	399	63	621	266	178	1350	4	555	1475	2084	278	421	1528	1375	2	1046	1546	616	748	1850	1389	1401	263	787	1519	333	342	553	321	1774	335	1353	68	1159	379	275	330	1181	207	33	571	825	308	568	629	182	1234	1842	341	1548	200	492	457	857	575	2040	266	153	1317	320	1507	984	1281	827	2272	1384	1186	832	343	355	267	371	1546	317	247	18	391	691	824	288	455	380	2221	288	843	1002	1641	194	460	1256	1383	310	364	611	886	271	735	285
309	673	308	272	310	2290	228	312	1585	2164	362	437	135	201	1626	358	541	516	1318	152	776	542	2178	286	901	646	333	1036	703	461	477	333	538	170	354	385	377	0	611	0	320	1309	635	1281	439	1881	359	214	713	395	441	563	1029	58	400	526	1452	685	548	904	2214	399	319	163	175	400	242	1711	474	459	386	379	347	434	1125	463	719	170	584	317	711	388	875	316	1778	333	1333	406	137	462	1394	303	525	696	389	429	107	290	1486	230	434	319	782	181	460	165	1032	312	97	91	234	612	1179	412	960	399	1132	400	934	230	656	356	459	646	768	607	891	912	1486	455	348	1143	814	609	1654	1015	369	320	1296	852	1034	458	399	1219	840	454	58	325	1290	288	745	638	658	309	462	288	638	815	644	990	281	317	201	536	432	710	1321	321	1008	441	358	153	250	558	1472	463	617	712	397	1311	566	694	281	1669	779	576	280	441	525	459	556	1009	301	545	628	332	163	1433	427	158	312	1686	458	280	694	1061	544	152	1141	778	587	340	0	498	434	373	431
33	993	179	87	459	2426	539	624	1905	2301	509	325	448	218	1927	157	367	215	1267	183	556	371	1857	58	1112	365	50	1244	806	335	350	50	360	476	102	524	520	320	338	320	0	1620	955	1544	383	2068	98	227	426	415	140	257	1206	272	233	226	1555	992	377	637	2446	414	631	451	179	182	314	2026	343	333	527	146	113	205	1380	333	1039	228	899	5	1022	180	906	188	1991	109	1653	88	195	595	1708	165	224	404	532	447	232	61	1754	92	322	11	960	466	343	173	986	632	275	237	224	844	1448	185	1151	414	1008	190	1061	92	396	508	332	443	1016	334	588	1231	1754	337	114	1216	1132	337	1353	1328	513	410	1512	1050	1091	138	455	1232	639	384	272	20	1590	60	1059	387	822	282	342	78	951	543	370	676	587	190	230	619	201	896	1633	5	1210	140	186	193	544	600	1703	337	303	1028	84	1259	654	1014	588	1944	1094	872	589	372	224	333	257	1208	172	225	352	74	451	1155	317	169	286	2002	348	593	699	1306	367	179	1038	1094	467	298	320	559	114	405	319
1614	709	1530	1551	1409	2518	1083	998	579	2416	1220	1554	1175	1492	354	1663	1667	1825	2297	1437	1881	1664	3467	1574	1338	1867	1619	1395	1581	1577	1584	1619	1670	1144	1621	1223	1220	1309	1828	1309	1620	0	735	1186	1492	1974	1628	1500	1934	1394	1716	1872	1509	1349	1692	1836	2005	857	1666	2062	1973	1401	990	1169	1482	1628	1476	411	1587	1576	1221	1625	1656	1656	1190	1582	672	1405	725	1616	814	1691	1814	1531	1766	1642	236	1709	1425	1206	99	1535	1835	2006	1215	1591	1388	1576	1244	1528	1553	1621	1419	1155	1568	1474	2062	1001	1387	1400	1519	1232	1111	1641	1434	1401	2268	1622	1625	1528	1848	1215	1577	1767	1168	1825	2201	430	1244	1566	1657	1887	512	1826	2838	294	1222	1478	1466	1372	1855	1756	1537	2082	1895	1513	1349	1620	157	1575	762	1823	1428	1449	1571	1567	671	1998	1857	2296	1033	1531	1487	1285	1656	1381	14	1622	1407	1716	1658	1429	1170	1358	1483	1579	1890	751	1702	2291	1555	672	1032	1293	718	979	1031	1507	1835	1576	1866	1422	1528	1843	1846	1641	1169	2558	1548	1451	1448	395	1559	1029	1749	1225	1672	1441	2242	719	1622	1464	1309	1571	1733	1554	1551
