NAME : VRPTW_INSTANCE_204.txt
COMMENT : Bangkok Supermarket
TYPE : VRPTW
DIMENSION : 277
DAYS : Sunday
EDGE_WEIGHT_TYPE : EXPLICIT
VEHICLES : 33
EDGE_WEIGHT_FORMAT : FULL_MATRIX
CAPACITY : 1000
EDGE_WEIGHT_SECTION
0	351	896	2682	154	152	219	895	124	1058	1056	199	1028	1740	1368	658	231	280	250	753	399	1922	1760	984	1020	213	501	412	576	172	372	281	96	426	471	1917	1764	130	346	979	379	28	193	599	1809	330	1195	1754	46	463	330	412	1209	1844	737	396	394	202	1925	818	3151	231	1808	78	2233	400	925	221	223	423	103	1024	2906	587	239	1083	2197	1909	1138	1877	155	908	481	869	213	1483	26	851	213	153	1417	193	780	155	3032	838	465	809	374	1098	77	112	977	150	314	219	582	202	609	1394	288	419	1231	212	193	941	1023	737	3415	1115	948	501	196	735	215	589	461	196	307	255	1813	491	499	1156	1635	102	962	1061	672	399	399	1017	418	750	214	596	400	2074	219	255	650	218	85	306	479	199	1019	213	527	198	19	1682	176	199	309	365	1028	2678	578	214	231	1803	586	202	1921	774	1435	549	412	153	97	351	615	1783	532	348	307	593	1942	623	1144	367	431	438	1727	550	403	365	820	145	1880	208	101	615	978	344	111	366	1684	1318	404	1115	493	613	231	235	271	2705	622	644	283	221	367	502	611	2084	150	649	135	718	278	217	2326	76	66	496	167	394	2736	156	153	1048	198	868	894	156	382	584	224	931	438	729	582	155	1606	73	395	383	174	184	298	79	83	1069	767	370	394	170	122	2062	1025	193	322	306	373	264	422
351	0	885	2776	505	502	137	1187	475	1387	1113	390	1327	1706	1344	687	503	631	336	437	134	1908	1670	970	1371	163	502	64	574	296	372	139	419	83	484	1852	1686	359	284	1016	35	327	496	556	1789	633	1059	1666	396	448	633	64	1561	2045	877	112	46	355	2080	1141	3290	172	2003	430	2165	54	717	400	495	75	454	907	3208	599	167	1333	2372	1900	1489	2084	412	1032	146	665	490	1826	371	1008	490	392	1466	312	723	216	3226	930	425	649	49	1165	428	246	1240	432	271	138	859	554	758	1346	118	544	1488	563	312	1292	905	877	3620	1156	1189	502	177	551	146	859	787	487	113	456	1539	500	166	1352	1663	451	1259	1101	576	136	726	975	83	1017	314	549	55	2339	137	157	301	493	435	110	528	390	968	142	600	196	338	1455	307	205	108	295	1112	2833	285	314	172	1834	558	355	1840	1002	1527	436	67	392	369	12	266	1749	313	9	132	620	1848	294	1179	43	149	153	1902	726	723	295	1155	497	2008	150	424	345	1015	112	365	692	1938	1498	68	1156	158	278	135	205	587	2899	271	733	570	400	43	379	324	2386	432	645	230	477	79	281	2373	420	286	163	334	46	3025	294	372	1275	245	665	543	294	505	566	178	976	153	403	859	297	1495	423	733	315	307	302	125	430	274	1363	676	34	141	282	380	2280	1060	171	73	119	39	368	735
896	885	0	3578	955	918	904	1697	919	1746	1939	1088	1807	2583	2215	1522	737	1012	1104	805	761	2779	2555	1833	1530	805	1343	917	1421	1024	544	768	983	940	430	2736	2571	766	615	1854	867	875	1073	1419	2662	1186	436	2551	895	1292	1186	917	1641	2711	1633	997	873	693	2815	1559	4041	774	2680	916	3049	921	510	1109	1113	924	907	293	3600	1439	772	1928	3078	1023	1619	2741	1051	1804	840	494	749	2051	883	446	749	1047	590	1050	177	814	3896	1728	1279	389	844	1985	911	911	1815	779	639	904	1433	960	1505	499	964	495	2064	986	1050	1483	297	1633	4267	1993	1808	1343	809	1434	915	1446	1253	1083	972	1150	1288	1337	832	742	2512	901	1749	1938	329	757	1201	136	950	1597	1067	1413	921	2869	904	770	1024	744	905	969	1344	1088	1844	901	377	782	880	1036	1033	772	969	599	1919	3564	1141	1067	774	2682	1415	693	2725	1650	2329	455	929	1047	802	872	923	2626	1197	875	990	1453	2734	1100	2020	847	1031	1034	2610	1446	848	599	1519	943	2775	909	840	1208	1853	990	787	861	2504	2203	939	1993	839	849	822	1005	1124	3572	944	1530	1159	1109	847	1258	1177	2801	779	1495	826	1344	902	1049	3212	880	873	832	729	873	3468	1009	745	1914	740	493	1128	1009	523	1420	775	1808	1034	838	1433	1010	2380	901	1169	578	1032	1037	979	908	853	1853	1557	859	750	744	780	2914	1900	822	943	978	855	1130	1248
2682	2776	3578	0	2642	2680	2705	2058	2673	2245	1662	2491	2031	1281	1522	2089	2864	2621	2485	3138	2909	1080	1521	1833	2618	2796	2273	2776	2201	2561	3041	2849	2597	2762	3150	1325	1460	2812	2987	1761	2806	2703	2511	2226	1178	2417	3833	1513	2686	2327	2417	2776	2742	1110	1944	2683	2809	2884	849	2251	642	2827	1099	2668	1247	2766	3489	2470	2468	2776	2681	3673	2182	2176	2832	1791	767	4587	2655	1120	2526	1774	2891	3439	2848	2436	2696	3456	2848	2530	4076	2536	3453	2773	999	1856	2351	3423	2825	1610	2673	2674	1899	2807	2958	2704	2199	2650	2072	4075	2667	3094	1722	2625	2536	2580	3672	1944	1342	1622	1857	2273	2788	2352	2692	2181	2406	2499	2666	2428	4197	2276	2909	3657	1157	2686	2052	1676	3325	2911	2438	3696	2746	2061	2521	2235	2766	1506	2705	2839	2841	2854	2680	2668	2255	2491	1872	2706	3207	2811	2698	4193	2551	2820	2670	3005	1667	517	2639	2521	2827	998	2221	2884	1411	1967	1252	3186	2765	2530	2777	2788	2914	1253	2525	2783	2646	2156	1474	2729	1604	2819	2665	2666	1074	2132	2852	3005	2336	2652	822	2696	2745	2582	1762	2664	2792	2820	1499	1426	2750	1622	2899	2979	2786	2601	2476	861	2899	2056	2430	2470	2819	2412	2621	1902	2807	2132	2759	2483	2727	2544	513	2703	2706	2907	2848	2809	1922	2575	2834	1748	2846	3439	2980	2575	3061	2211	2824	1800	2667	3090	2199	2574	1681	2683	2483	3027	2552	2549	2655	2676	2727	1988	2152	2809	2914	2837	2800	1117	1719	2775	2704	2659	2814	2456	2382
154	505	955	2642	0	38	371	773	40	912	1054	252	900	1765	1393	691	222	125	335	904	550	1936	1808	1017	865	365	562	566	630	280	474	432	111	578	553	1952	1806	221	471	989	533	180	141	667	1827	230	1291	1801	112	536	230	566	1056	1758	710	544	548	295	1861	678	3087	380	1726	76	2267	553	1049	270	191	576	60	1117	2769	633	388	981	2122	1946	984	1789	185	880	636	993	207	1330	138	834	207	200	1435	291	862	306	2945	828	547	923	529	1090	79	262	871	179	440	371	481	51	587	1454	434	460	1124	58	291	786	1117	710	3322	1118	855	562	348	842	366	492	326	159	453	271	1948	551	653	1108	1634	65	835	1066	773	550	266	1084	570	648	309	666	554	1957	371	404	803	212	75	452	523	252	1065	366	577	346	169	1803	277	345	456	489	1015	2609	719	309	380	1798	649	295	1963	695	1407	663	565	200	186	506	770	1806	659	502	450	632	1990	771	1150	522	576	583	1655	518	296	489	673	12	1829	360	125	750	988	490	200	256	1574	1249	557	1118	648	767	385	369	168	2619	777	649	211	270	522	606	751	1949	179	696	287	841	431	326	2308	98	220	650	271	548	2606	267	234	960	334	993	1048	267	432	643	373	940	583	882	481	266	1664	86	251	503	276	287	443	78	236	943	840	525	544	297	198	1967	1035	347	472	451	528	336	302
152	502	918	2680	38	0	372	803	29	933	1091	279	928	1800	1428	725	184	135	358	890	538	1972	1841	1051	871	356	591	564	660	297	445	419	133	578	520	1986	1840	196	448	1025	529	174	177	696	1863	267	1259	1834	106	563	267	564	1058	1794	748	548	544	266	1899	702	3124	367	1761	75	2301	552	1023	298	227	575	49	1085	2793	665	375	1015	2159	1908	989	1824	213	918	628	967	170	1344	131	797	170	226	1397	310	828	296	2980	866	573	895	523	1127	76	264	904	146	417	371	515	56	624	1417	439	423	1157	76	310	793	1085	748	3356	1155	891	591	338	863	368	527	354	194	458	304	1925	581	644	1073	1671	51	864	1103	743	538	295	1048	571	682	329	694	553	1987	372	391	802	175	67	457	555	279	1098	366	541	334	164	1776	296	331	461	465	1053	2646	727	329	367	1835	678	266	1997	731	1445	635	564	226	163	502	764	1842	673	498	457	665	2023	775	1186	516	582	589	1692	556	270	465	693	28	1867	361	99	761	1024	496	176	230	1606	1286	557	1155	640	758	377	379	206	2655	772	686	249	298	516	627	760	1974	146	728	277	857	430	344	2346	83	216	642	246	544	2632	283	206	996	316	967	1045	283	396	673	360	976	589	870	515	282	1695	79	276	478	295	305	449	73	228	972	868	519	531	276	171	2001	1071	338	474	457	522	361	334
219	137	904	2705	371	372	0	1054	344	1250	1047	261	1194	1680	1311	623	401	497	226	567	228	1874	1666	929	1236	100	440	195	517	168	362	144	281	207	479	1838	1677	257	289	956	170	199	358	515	1757	497	1129	1660	265	389	497	195	1428	1938	780	181	183	279	1987	1004	3204	130	1897	298	2153	181	811	274	361	205	323	968	3075	538	132	1210	2274	1927	1355	1975	276	943	280	756	387	1688	241	964	387	257	1469	188	757	117	3123	850	375	723	172	1096	296	110	1114	323	264	0	728	421	656	1385	80	499	1364	429	188	1156	967	780	3514	1097	1068	440	100	577	12	729	650	351	98	330	1661	435	299	1295	1612	321	1126	1041	621	229	588	1008	199	889	196	509	182	2215	0	135	431	390	304	96	450	261	941	5	578	128	208	1561	179	139	99	306	1037	2742	368	196	130	1783	511	279	1833	882	1453	482	193	257	256	141	404	1722	349	136	107	554	1847	405	1122	165	218	225	1802	617	609	306	1017	363	1924	13	303	414	955	134	257	575	1816	1395	185	1097	292	413	83	103	450	2795	408	650	435	274	165	365	405	2253	323	592	122	532	59	166	2317	292	157	297	248	183	2896	163	275	1158	180	756	677	163	458	515	129	912	226	537	728	165	1499	292	595	328	179	177	95	298	151	1231	661	163	228	202	273	2168	1002	87	103	100	168	258	598
895	1187	1697	2058	773	803	1054	0	813	320	842	797	143	1534	1228	814	969	688	864	1622	1277	1634	1692	986	617	1097	868	1231	868	890	1247	1167	800	1233	1322	1756	1664	993	1239	861	1221	923	706	936	1555	565	2060	1682	869	897	565	1231	800	1045	565	1166	1233	1068	1219	194	2415	1120	1024	836	2040	1216	1819	789	694	1238	831	1886	2021	844	1128	267	1431	2630	698	1067	779	614	1333	1763	960	780	892	1459	960	797	2095	876	1626	1044	2210	685	930	1696	1227	836	840	961	162	949	1207	1054	328	751	576	2186	1077	1208	373	727	876	556	1886	565	2573	910	237	868	1081	1203	1044	331	449	709	1090	733	2706	859	1353	1612	1294	837	76	886	1546	1278	507	1831	1219	193	877	943	1217	1184	1054	1142	1435	963	841	1091	802	797	1083	1051	1325	1089	914	2575	879	1092	1094	1257	761	1928	1273	877	1120	1419	911	1068	1803	304	972	1435	1224	797	957	1193	1441	1568	1159	1188	1075	818	1854	1359	944	1219	1180	1185	995	546	864	1257	283	785	1240	1041	898	1266	859	1115	972	843	807	643	1211	910	1345	1465	1106	987	623	1890	1441	693	621	789	1219	1036	1288	1199	949	872	1024	1283	1109	910	1835	868	952	1350	1042	1233	1843	892	1007	327	1093	1762	1677	892	1188	894	1114	826	1186	1590	328	890	1620	851	531	1273	879	884	1076	842	974	176	1056	1216	1274	1061	971	1224	886	1074	1125	1084	1221	835	473
124	475	919	2673	40	29	344	813	0	951	1076	254	940	1782	1410	705	191	158	331	867	514	1956	1820	1031	897	331	567	537	637	269	434	396	107	550	515	1967	1819	181	431	1009	502	147	163	671	1846	267	1252	1812	79	538	267	537	1085	1795	737	520	517	254	1896	718	3122	344	1762	46	2282	524	1009	274	212	547	22	1078	2809	643	352	1020	2159	1914	1015	1827	189	907	602	953	176	1366	104	812	176	201	1407	283	824	271	2983	852	547	883	497	1114	47	235	910	141	400	343	519	79	612	1418	410	425	1164	94	283	819	1078	737	3360	1140	893	567	313	835	339	530	366	179	429	284	1908	557	619	1093	1657	26	876	1087	734	514	306	1047	543	686	302	670	525	1997	344	368	775	181	39	429	533	254	1076	338	542	310	137	1763	268	308	432	449	1040	2644	698	302	344	1822	654	254	1976	730	1435	623	536	201	146	475	738	1824	644	471	428	644	2002	746	1171	490	553	560	1691	545	297	449	712	27	1861	332	85	732	1007	467	160	257	1613	1284	529	1140	614	733	351	350	204	2657	746	669	242	274	490	599	731	1989	141	706	252	829	403	315	2335	60	189	616	231	517	2646	255	194	997	295	952	1018	255	395	649	336	960	561	846	519	253	1672	52	291	463	266	277	420	45	202	983	843	493	508	257	157	2005	1055	313	446	428	496	336	341
1058	1387	1746	2245	912	933	1250	320	951	0	1160	1011	241	1839	1544	1117	1065	800	1092	1810	1456	1926	2008	1305	373	1271	1145	1439	1157	1099	1369	1340	973	1446	1421	2063	1977	1129	1381	1181	1420	1086	891	1225	1853	756	2144	1997	1022	1166	756	1439	514	1166	880	1388	1434	1196	1395	249	2534	1289	1161	986	2339	1425	1950	1009	896	1448	973	1971	1868	1136	1297	507	1557	2605	418	1175	976	934	1530	1895	1061	472	1047	1436	1061	997	2065	1090	1706	1213	2262	1005	1198	1814	1421	1152	990	1145	444	1070	1350	1250	580	876	876	2212	1288	1286	526	857	1090	347	1972	880	2597	1228	541	1145	1254	1488	1241	591	600	900	1304	958	2857	1135	1548	1520	1586	977	264	1206	1652	1457	662	1883	1433	497	1096	1231	1426	1148	1250	1313	1661	1063	987	1304	1078	1011	1402	1246	1396	1256	1076	2695	1089	1256	1308	1397	1079	2047	1519	1096	1289	1700	1199	1196	2113	622	1254	1560	1435	997	1096	1391	1652	1871	1415	1387	1292	1112	2166	1598	1261	1414	1408	1414	1171	834	899	1397	239	924	1449	1237	1032	1521	1179	1334	1110	891	840	887	1423	1228	1542	1663	1286	1201	800	1957	1654	997	821	1009	1414	1301	1539	1057	1070	1171	1193	1556	1308	1128	2077	1011	1122	1546	1179	1434	1723	1097	1137	606	1247	1894	1908	1097	1275	1183	1282	1146	1415	1784	580	1094	1939	998	663	1410	1089	1096	1290	990	1141	270	1358	1413	1452	1209	1104	1292	1207	1250	1335	1299	1418	1067	653
1056	1113	1939	1662	1054	1091	1047	842	1076	1160	0	856	937	735	391	426	1264	1075	835	1485	1246	887	855	237	1432	1142	611	1114	538	915	1395	1191	983	1100	1508	945	832	1185	1334	106	1143	1072	913	566	783	862	2171	845	1069	665	862	1114	1629	1079	362	1021	1146	1252	1020	990	2193	1173	1025	1060	1249	1103	1827	835	864	1114	1078	2014	2504	514	1177	718	1330	2960	1528	1127	904	232	1229	1777	1248	1600	1074	1888	1248	903	2473	889	1802	1125	2192	226	688	1761	1162	57	1064	1028	728	1195	1306	1047	736	1077	470	2430	1005	1475	826	1055	889	1357	2012	362	2597	72	626	611	1135	737	1035	715	925	897	1003	802	2572	614	1248	2152	581	1084	898	51	1669	1249	928	2051	1084	697	872	575	1103	1537	1047	1182	1197	1253	1073	1006	597	856	331	1048	1581	1160	1069	2541	906	1169	1007	1352	83	1754	993	872	1173	747	559	1252	979	559	421	1529	1103	903	1153	1125	1261	775	873	1120	983	494	1024	1087	107	1156	1005	1006	889	543	1319	1352	1076	1062	918	1039	1135	942	106	1001	1167	1280	1150	565	1087	72	1238	1323	1130	944	908	1870	1248	411	849	835	1156	753	981	1745	1195	470	1113	866	1066	891	1273	1093	1068	1246	1215	1146	2270	930	1208	600	1199	1776	1370	930	1438	548	1170	137	1006	1438	736	929	778	1073	978	1374	907	902	993	1068	1087	931	524	1146	1252	1196	1178	1335	81	1122	1041	997	1151	808	872
199	390	1088	2491	252	279	261	797	254	1011	856	0	938	1542	1169	460	422	347	92	826	489	1723	1569	787	1046	325	313	434	384	93	551	391	147	437	659	1721	1570	328	505	779	424	215	145	417	1610	257	1363	1562	220	284	257	434	1247	1684	548	376	436	396	1748	763	2971	355	1645	221	2037	419	1064	21	119	442	247	1195	2818	392	361	949	2028	2105	1165	1720	67	717	536	1009	404	1464	220	1048	404	53	1617	79	963	288	2872	641	295	964	431	900	224	189	852	345	474	261	469	297	420	1584	280	618	1102	288	79	962	1195	548	3260	915	807	313	312	595	250	469	420	128	294	70	1923	302	556	1344	1436	251	870	861	843	491	364	1205	424	628	84	415	420	1953	261	372	649	410	235	295	283	0	826	259	724	331	212	1818	82	338	298	524	831	2502	519	84	355	1604	400	396	1727	623	1241	710	428	53	297	396	646	1584	434	391	281	396	1751	589	944	424	396	403	1556	368	548	524	786	253	1695	249	288	535	778	323	310	508	1554	1147	415	915	548	667	326	190	227	2544	646	445	190	21	424	361	544	1996	345	455	272	608	312	116	2128	248	214	553	359	436	2636	98	352	898	357	1008	896	98	581	395	349	731	404	793	469	96	1419	231	385	545	82	87	280	229	236	973	589	420	489	345	322	1911	825	302	328	289	425	84	359
1028	1327	1807	2031	900	928	1194	143	940	241	937	938	0	1601	1314	949	1087	807	1006	1762	1414	1686	1776	1099	595	1233	1009	1372	1007	1031	1374	1303	935	1374	1444	1825	1744	1122	1370	968	1362	1057	843	1075	1613	701	2180	1765	1000	1039	701	1372	753	980	690	1308	1374	1195	1184	252	2355	1256	967	966	2099	1358	1949	930	833	1379	960	2006	1881	982	1263	266	1371	2719	655	996	918	717	1473	1893	1079	664	1024	1545	1079	936	2181	1017	1744	1180	2121	801	1073	1823	1366	924	971	1098	210	1074	1338	1193	470	875	712	2290	1218	1324	310	852	1017	549	2006	690	2475	1003	311	1009	1217	1342	1183	474	574	846	1231	875	2841	1000	1493	1672	1345	965	67	984	1670	1415	634	1942	1361	334	1018	1082	1358	1064	1194	1278	1578	1083	971	1232	943	938	1199	1191	1440	1224	1047	2704	1020	1227	1236	1388	855	1866	1417	1018	1256	1459	1050	1195	1877	430	1013	1563	1366	936	1086	1333	1583	1633	1302	1328	1217	956	1932	1502	1034	1359	1322	1328	958	686	964	1388	320	913	1225	1181	1026	1408	966	1257	1101	946	703	649	1353	1003	1485	1605	1243	1128	757	1806	1583	827	759	930	1359	1179	1431	1059	1074	1008	1160	1424	1249	1052	1843	997	1087	1490	1171	1374	1707	1032	1134	366	1225	1892	1820	1032	1305	1033	1249	937	1329	1730	470	1030	1715	980	653	1403	1020	1025	1217	971	1108	48	1190	1356	1412	1193	1098	1138	989	1211	1267	1226	1361	978	605
1740	1706	2583	1281	1765	1800	1680	1534	1782	1839	735	1542	1601	0	372	1082	1963	1800	1498	1989	1838	217	278	756	2145	1780	1248	1687	1170	1581	2042	1814	1681	1667	2159	224	216	1864	1967	779	1730	1752	1624	1164	103	1590	2747	268	1762	1295	1590	1687	2334	1290	1097	1598	1728	1923	1054	1702	1909	1810	1233	1759	514	1680	2375	1520	1573	1683	1781	2607	2800	1155	1811	1345	1331	3604	2232	1338	1598	959	1789	2332	1946	2236	1762	2590	1946	1593	3145	1556	2429	1778	2096	957	1305	2343	1752	719	1763	1690	1394	1888	1944	1679	1471	1793	1198	3053	1619	2153	1399	1773	1556	2075	2605	1097	2496	664	1300	1248	1777	1191	1669	1449	1660	1606	1611	1499	2980	1255	1804	2872	303	1785	1577	709	2283	1841	1662	2680	1654	1417	1536	1170	1680	1849	1680	1813	1684	1951	1773	1614	1261	1542	739	1682	2249	1805	1751	3017	1574	1815	1614	1983	800	1581	1500	1536	1810	340	1170	1923	290	1279	625	2143	1675	1593	1837	1719	1773	42	1408	1715	1593	1148	358	1576	629	1748	1570	1568	1081	1272	2043	1983	1791	1771	883	1675	1830	1434	780	1597	1849	2003	1548	1025	1662	664	1795	1847	1761	1581	1630	1818	1755	1116	1569	1520	1748	1327	1472	2161	1888	1095	1770	1312	1681	1547	780	1789	1739	1803	1886	1728	2541	1597	1888	1236	1851	2332	1776	1597	2113	1167	1809	828	1568	1939	1471	1596	403	1770	1712	2005	1575	1567	1604	1766	1755	1583	1030	1736	1847	1857	1862	1515	734	1764	1643	1606	1741	1478	1607
1368	1344	2215	1522	1393	1428	1311	1228	1410	1544	391	1169	1314	372	0	709	1590	1432	1126	1650	1477	564	465	384	1823	1410	876	1328	798	1208	1672	1447	1309	1309	1789	563	441	1492	1600	414	1369	1379	1252	795	446	1224	2394	454	1389	924	1224	1328	2020	1233	743	1238	1368	1551	1074	1381	2114	1441	1174	1386	875	1320	2027	1147	1202	1325	1409	2249	2729	783	1443	1077	1382	3237	1918	1283	1226	623	1434	1982	1573	1971	1389	2217	1573	1220	2774	1183	2063	1407	2214	600	936	1986	1390	391	1390	1318	1104	1515	1575	1310	1123	1423	834	2690	1252	1780	1161	1403	1183	1749	2247	743	2622	319	1004	876	1407	850	1300	1101	1304	1234	1245	1127	2679	883	1450	2501	366	1413	1280	355	1919	1480	1301	2315	1296	1089	1164	801	1320	1758	1311	1445	1346	1578	1400	1249	888	1169	377	1313	1877	1435	1378	2694	1201	1445	1249	1616	467	1727	1154	1164	1441	525	800	1551	590	950	486	1779	1316	1220	1464	1357	1430	415	1054	1352	1227	775	633	1236	285	1386	1211	1211	1021	908	1674	1616	1467	1400	925	1306	1457	1090	416	1233	1476	1634	1405	827	1303	319	1441	1501	1393	1211	1262	1910	1413	746	1201	1147	1386	964	1129	2020	1515	723	1398	977	1314	1175	1060	1416	1366	1449	1514	1368	2481	1224	1516	960	1481	1982	1464	1224	1741	796	1440	463	1211	1601	1123	1224	414	1398	1350	1638	1202	1195	1238	1394	1383	1303	671	1374	1485	1486	1489	1482	372	1394	1278	1240	1379	1105	1247
658	687	1522	2089	691	725	623	814	705	1117	426	460	949	1082	709	0	882	747	420	1071	819	1265	1116	327	1288	719	184	690	114	502	977	766	602	677	1092	1262	1114	783	912	333	717	670	553	160	1151	554	1745	1109	680	238	554	690	1496	1418	277	598	721	845	1413	888	2609	751	1369	679	1577	679	1402	438	502	691	702	1588	2731	87	754	829	1714	2545	1400	1461	518	378	806	1351	864	1588	680	1508	864	512	2070	477	1380	708	2576	260	262	1335	736	478	682	614	778	806	885	623	557	726	240	2008	578	1073	977	709	477	1205	1586	277	2976	473	689	184	714	409	611	539	675	534	577	421	2172	188	825	1799	990	706	889	418	1244	822	652	1630	661	623	458	169	679	1797	623	759	796	870	693	580	180	460	375	625	1173	740	669	2125	494	750	581	929	427	2160	594	458	751	1160	144	845	1271	521	841	1104	679	512	756	699	850	1124	469	694	557	69	1298	691	498	730	584	586	1252	290	981	929	953	697	1328	616	748	555	332	575	768	940	1391	867	664	473	816	906	706	520	579	2249	839	121	516	438	730	339	590	1930	806	64	697	516	639	473	1694	708	659	823	808	721	2519	518	807	732	782	1351	995	518	1034	129	748	290	586	1026	557	518	978	690	698	951	495	489	566	686	677	964	241	720	825	783	780	1665	378	701	615	570	725	397	608
231	503	737	2864	222	184	401	969	191	1065	1264	422	1087	1963	1590	882	0	280	481	820	490	2141	1990	1209	945	339	730	566	805	403	309	382	282	586	358	2143	1992	145	344	1194	519	229	355	830	2029	451	1093	1983	201	694	451	566	1113	1974	928	581	534	163	2083	849	3308	334	1943	205	2459	557	888	443	402	577	186	918	2933	814	341	1192	2341	1723	1057	2003	364	1099	597	833	17	1444	206	627	17	370	1215	424	657	290	3159	1041	696	749	506	1303	201	320	1079	82	320	401	696	223	803	1235	481	242	1330	248	424	875	919	928	3532	1327	1071	730	325	960	403	709	520	369	500	465	1798	721	609	925	1846	181	1025	1274	587	489	466	868	583	860	445	827	558	2151	401	356	798	12	191	498	705	422	1247	396	360	306	226	1630	407	298	500	357	1230	2829	770	445	334	2011	816	163	2149	915	1627	499	570	370	148	497	739	2005	744	496	506	818	2172	796	1357	501	619	626	1875	736	230	357	826	211	2051	395	133	816	1193	536	145	208	1775	1470	568	1327	607	714	367	453	390	2834	751	855	433	443	501	729	806	2118	82	876	280	930	449	447	2526	174	260	607	171	534	2780	387	130	1177	263	833	1027	387	219	814	328	1145	626	810	696	386	1836	193	437	363	406	415	495	197	255	1132	998	508	480	222	128	2178	1240	333	501	501	509	494	511
280	631	1012	2621	125	135	497	688	158	800	1075	347	807	1800	1432	747	280	0	437	1026	673	1962	1861	1065	740	489	640	691	701	394	571	554	225	704	636	1995	1855	330	580	1021	659	305	207	746	1856	213	1373	1853	237	622	213	691	931	1702	718	667	674	396	1824	574	3047	502	1672	201	2308	678	1152	360	252	702	181	1198	2664	700	510	916	2074	1978	858	1730	282	883	761	1096	271	1208	262	835	271	301	1456	400	938	430	2884	848	638	1020	654	1106	203	387	802	271	550	496	429	79	604	1507	558	520	1052	68	400	661	1198	718	3255	1143	800	640	472	942	491	444	240	226	576	345	2057	629	778	1077	1650	184	745	1093	863	673	190	1145	695	587	417	746	679	1871	497	526	928	275	197	576	593	347	1123	491	638	469	294	1902	389	467	579	597	1028	2565	839	417	502	1810	725	396	2011	657	1403	763	690	301	298	631	895	1841	772	628	573	694	2042	894	1176	647	698	705	1612	531	243	597	560	134	1803	485	233	866	1019	613	311	205	1495	1211	682	1143	773	892	509	488	170	2560	902	686	232	360	647	708	869	1846	271	761	411	952	556	438	2309	218	346	775	379	674	2506	383	337	908	451	1096	1174	383	499	718	495	972	706	1005	429	381	1725	210	157	609	388	399	566	202	360	852	919	650	667	412	304	1901	1066	471	597	574	653	431	241
250	336	1104	2485	335	358	226	864	331	1092	835	92	1006	1498	1126	420	481	437	0	771	451	1685	1511	741	1137	311	252	371	329	82	560	368	225	370	674	1670	1515	367	502	750	371	256	237	349	1570	344	1353	1504	282	213	344	371	1339	1713	554	301	381	425	1761	843	2979	342	1672	292	1986	356	1037	86	209	377	320	1189	2882	342	347	998	2047	2126	1256	1751	155	718	480	983	463	1549	274	1100	463	136	1649	57	968	290	2898	629	217	948	382	882	295	194	906	400	472	225	535	383	430	1595	219	654	1153	376	57	1053	1188	554	3289	889	854	252	302	507	213	533	507	220	229	134	1876	243	501	1406	1408	323	939	834	839	453	453	1216	356	687	38	346	357	2004	226	355	572	468	306	230	240	92	770	225	753	326	257	1785	75	335	234	520	818	2515	430	38	342	1578	336	425	1672	665	1233	702	363	136	342	344	578	1541	342	339	213	352	1693	505	916	374	317	323	1576	392	628	520	871	335	1699	215	348	444	749	251	353	588	1602	1169	349	889	492	608	303	131	318	2570	576	429	277	86	374	271	455	2061	400	403	278	516	264	59	2108	313	240	498	388	381	2695	98	391	939	364	982	817	98	615	335	339	704	323	734	535	98	1355	299	476	541	76	69	215	299	257	1040	517	369	452	363	367	1945	796	290	267	223	374	32	444
753	437	805	3138	904	890	567	1622	867	1810	1485	826	1762	1989	1650	1071	820	1026	771	0	354	2201	1899	1305	1755	539	897	402	957	732	542	472	837	407	587	2101	1927	705	479	1382	401	725	922	920	2081	1063	785	1897	791	844	1063	402	1932	2468	1294	485	390	658	2484	1567	3678	523	2424	828	2400	416	402	837	928	397	845	683	3643	985	515	1769	2783	1718	1871	2508	844	1439	291	372	815	2234	766	1109	815	825	1382	749	629	598	3642	1328	814	433	395	1540	825	666	1676	777	500	568	1295	946	1182	1153	552	728	1924	961	749	1681	679	1294	4039	1518	1625	897	556	800	578	1296	1210	917	542	893	1109	898	270	1461	1996	841	1694	1465	490	353	1148	836	423	1454	751	911	415	2776	567	499	304	815	829	540	937	826	1277	571	709	557	736	1056	743	558	537	470	1498	3232	499	751	523	2166	930	658	2072	1436	1906	422	411	825	731	429	224	2030	613	435	559	1011	2066	414	1534	403	490	487	2316	1157	1050	470	1573	893	2399	580	796	559	1381	525	721	1029	2374	1918	426	1518	278	166	524	641	1012	3314	238	1140	1002	837	403	734	520	2821	777	1019	617	676	514	718	2706	807	688	273	661	390	3462	730	705	1708	576	372	323	730	704	942	531	1348	487	49	1295	732	1711	817	1148	470	743	739	556	825	670	1798	988	406	359	618	731	2707	1422	560	503	548	401	803	1163
399	134	761	2909	550	538	228	1277	514	1456	1246	489	1414	1838	1477	819	490	673	451	354	0	2041	1797	1104	1407	185	635	156	708	396	281	118	484	179	381	1982	1814	360	192	1150	108	371	572	690	1922	714	925	1793	437	581	714	156	1588	2165	1001	240	112	328	2207	1215	3420	170	2123	474	2293	160	588	503	582	163	492	773	3296	732	162	1438	2497	1770	1524	2202	497	1160	112	535	481	1881	412	922	481	480	1347	416	595	244	3348	1060	558	515	86	1298	471	316	1341	434	194	228	952	594	880	1215	243	471	1592	608	416	1331	771	1001	3740	1290	1297	635	202	673	240	955	857	568	243	558	1433	633	120	1272	1797	488	1347	1235	445	3	795	845	189	1115	423	683	160	2442	228	146	326	482	475	240	657	489	1101	230	505	204	382	1334	408	206	238	196	1243	2961	384	423	170	1968	692	328	1967	1111	1659	307	167	480	382	121	251	1881	437	126	263	752	1974	363	1313	91	271	274	2026	843	720	196	1219	539	2138	240	446	450	1149	246	373	695	2044	1620	179	1290	120	224	171	320	661	3020	266	862	655	503	91	513	422	2473	434	779	263	586	187	392	2507	455	334	118	321	112	3119	390	365	1386	231	535	538	390	435	700	178	1109	274	332	952	393	1619	463	794	211	407	405	254	472	316	1452	808	102	12	273	386	2396	1194	206	204	249	97	483	812
1922	1908	2779	1080	1936	1972	1874	1634	1956	1926	887	1723	1686	217	564	1265	2141	1962	1685	2201	2041	0	442	945	2251	1974	1438	1891	1360	1767	2235	2012	1858	1872	2352	272	381	2049	2164	947	1932	1935	1795	1359	119	1749	2954	434	1941	1486	1749	1891	2432	1238	1248	1801	1931	2110	970	1813	1715	2004	1184	1936	425	1884	2585	1701	1745	1888	1956	2812	2731	1343	2007	1422	1217	3801	2332	1283	1776	1096	1995	2541	2124	2296	1943	2767	2124	1773	3334	1742	2628	1969	1936	1114	1499	2548	1954	860	1939	1878	1485	2068	2139	1874	1609	1962	1357	3254	1817	2338	1453	1940	1742	2186	2810	1248	2331	819	1397	1438	1970	1402	1863	1588	1806	1778	1810	1676	3197	1444	2011	3039	340	1961	1669	870	2484	2044	1814	2879	1858	1537	1723	1365	1884	1802	1874	2009	1897	2129	1949	1813	1445	1723	940	1877	2438	1997	1934	3233	1760	2008	1813	2180	940	1414	1709	1723	2004	260	1363	2110	364	1403	674	2343	1879	1773	2020	1921	1984	180	1615	1917	1791	1332	436	1788	786	1950	1774	1773	1041	1431	2206	2180	1903	1943	797	1869	2008	1644	948	1797	2032	2167	1539	1069	1866	819	2001	2057	1957	1774	1794	1674	1967	1286	1735	1701	1950	1528	1683	2139	2068	1284	1960	1525	1879	1736	571	1967	1925	2010	2073	1931	2467	1783	2072	1321	2043	2541	1992	1783	2300	1359	2003	996	1773	2152	1609	1783	602	1948	1863	2202	1761	1754	1802	1943	1942	1662	1234	1938	2049	2047	2044	1442	901	1957	1843	1804	1943	1663	1757
1760	1670	2555	1521	1808	1841	1666	1692	1820	2008	855	1569	1776	278	465	1116	1990	1861	1511	1899	1797	442	0	796	2287	1766	1259	1641	1184	1592	2026	1791	1714	1619	2143	217	63	1877	1945	865	1689	1767	1670	1162	364	1659	2676	12	1788	1299	1659	1641	2484	1558	1198	1558	1684	1928	1331	1846	2157	1794	1500	1791	501	1636	2297	1548	1619	1636	1815	2548	3071	1176	1795	1533	1610	3567	2383	1607	1631	1088	1732	2258	1972	2428	1784	2611	1972	1622	3133	1568	2392	1773	2368	1055	1302	2282	1711	856	1794	1694	1566	1910	1925	1666	1580	1843	1279	3007	1597	2157	1605	1825	1568	2213	2545	1198	2766	784	1467	1259	1766	1126	1657	1559	1753	1651	1586	1536	2832	1268	1745	2913	567	1819	1744	816	2242	1800	1745	2642	1607	1553	1548	1166	1636	2113	1666	1794	1599	1977	1804	1589	1286	1569	743	1670	2244	1794	1768	2896	1586	1805	1589	1959	932	1849	1432	1548	1794	619	1175	1928	172	1414	860	2104	1629	1622	1854	1683	1695	288	1359	1679	1569	1175	182	1497	750	1708	1525	1523	1347	1351	2098	1959	1931	1813	1161	1664	1856	1364	867	1566	1864	2057	1797	1247	1618	784	1736	1771	1744	1574	1692	2095	1676	1178	1629	1548	1708	1302	1400	2413	1910	1114	1768	1232	1657	1553	1009	1818	1748	1744	1891	1684	2813	1608	1900	1418	1844	2258	1654	1608	2117	1176	1794	912	1523	1850	1580	1608	192	1800	1793	1981	1587	1579	1582	1798	1762	1763	1005	1696	1806	1857	1878	1788	828	1753	1613	1582	1701	1495	1693
984	970	1833	1833	1017	1051	929	986	1031	1305	237	787	1099	756	384	327	1209	1065	741	1305	1104	945	796	0	1535	1028	492	960	414	824	1289	1067	929	942	1406	935	790	1108	1218	146	996	995	877	415	829	863	2026	787	1007	540	863	960	1740	1316	432	867	997	1167	1243	1106	2389	1059	1261	1006	1250	951	1668	765	827	958	1029	1877	2736	399	1061	910	1555	2856	1640	1363	845	389	1069	1620	1191	1763	1006	1835	1191	839	2390	799	1684	1023	2415	300	554	1617	1017	290	1009	934	898	1132	1193	928	806	1050	489	2312	873	1396	1033	1031	799	1456	1875	432	2821	232	797	492	1024	524	918	785	963	859	867	747	2372	499	1087	2125	695	1033	1051	193	1542	1107	951	1935	928	815	780	422	951	1772	929	1064	1008	1197	1020	871	505	787	102	931	1493	1051	995	2360	817	1062	871	1235	301	1963	806	780	1059	866	418	1167	946	683	628	1402	948	839	1081	982	1082	799	695	978	848	391	976	896	239	1012	844	844	1122	560	1304	1235	1184	1023	1128	924	1075	749	148	857	1093	1263	1381	800	933	232	1077	1149	1011	828	896	2095	1067	383	833	765	1012	592	788	1968	1132	339	1014	656	935	791	1406	1035	982	1085	1129	997	2505	840	1132	795	1097	1620	1160	840	1357	413	1057	164	844	1257	806	840	671	1017	999	1257	818	811	859	1013	999	1102	319	1001	1111	1102	1105	1571	156	1011	902	862	1006	721	901
1020	1371	1530	2618	865	871	1236	617	897	373	1432	1046	595	2145	1823	1288	945	740	1137	1755	1407	2251	2287	1535	0	1227	1264	1431	1297	1116	1252	1289	958	1443	1276	2365	2263	1050	1288	1431	1399	1045	903	1360	2170	799	1953	2277	976	1269	799	1431	208	1538	1103	1402	1414	1101	1769	443	2903	1237	1534	941	2654	1418	1819	1051	928	1441	919	1785	2081	1283	1245	857	1928	2308	119	1546	992	1199	1500	1767	947	520	1002	1165	947	1014	1770	1116	1525	1167	2612	1243	1296	1671	1394	1435	943	1126	772	979	1262	1236	735	817	1059	1962	1293	1124	897	807	1116	84	1787	1103	2933	1503	854	1264	1210	1605	1230	754	639	919	1311	1012	2729	1253	1516	1190	1911	922	592	1471	1502	1407	686	1665	1434	734	1128	1364	1419	1473	1236	1261	1667	948	937	1311	1200	1046	1623	1231	1220	1204	1034	2533	1109	1200	1315	1301	1356	2417	1563	1128	1237	2037	1335	1101	2407	873	1590	1437	1430	1014	1025	1371	1635	2180	1479	1368	1305	1264	2455	1626	1538	1387	1430	1437	1543	999	731	1301	356	874	1818	1224	961	1581	1429	1347	1035	740	1200	1242	1421	1503	1511	1629	1248	1217	818	2314	1642	1180	863	1051	1387	1388	1590	1311	979	1331	1149	1645	1296	1156	2438	954	1086	1513	1095	1414	1972	1108	1050	940	1179	1766	1913	1108	1125	1321	1230	1389	1437	1739	735	1106	2197	949	660	1308	1108	1118	1300	942	1100	633	1517	1390	1400	1137	1024	1654	1464	1210	1335	1309	1393	1120	709
213	163	805	2796	365	356	100	1097	331	1271	1142	325	1233	1780	1410	719	339	489	311	539	185	1974	1766	1028	1227	0	538	227	616	239	262	69	299	246	379	1939	1777	196	192	1052	181	186	390	615	1857	532	1043	1760	253	487	532	227	1412	2010	864	251	196	195	2069	1030	3289	31	1971	289	2253	218	739	342	405	238	308	878	3114	635	36	1269	2352	1828	1344	2046	321	1029	273	683	327	1696	227	870	327	306	1368	264	661	59	3197	940	474	640	170	1190	286	138	1168	269	165	100	776	410	737	1288	172	404	1420	424	264	1150	877	864	3585	1193	1129	538	17	671	110	780	672	387	186	395	1610	533	288	1206	1709	305	1166	1138	528	185	610	910	244	941	276	610	219	2269	100	46	461	329	291	183	544	325	1042	97	478	34	196	1494	250	45	185	210	1129	2824	438	276	31	1880	610	195	1933	947	1544	391	231	306	209	158	411	1822	438	156	200	650	1946	457	1218	164	290	296	1880	692	561	210	1034	355	2010	104	269	492	1051	216	203	532	1873	1472	229	1193	284	402	28	200	477	2870	421	740	475	342	164	464	476	2291	269	691	78	616	120	252	2413	272	148	286	171	196	2940	229	208	1223	87	683	696	229	363	615	29	1008	297	516	776	231	1598	279	608	232	250	251	187	287	130	1272	761	170	180	120	218	2236	1098	23	173	189	172	341	629
501	502	1343	2273	562	591	440	868	567	1145	611	313	1009	1248	876	184	730	640	252	897	635	1438	1259	492	1264	538	0	509	78	334	798	583	460	497	914	1418	1263	619	730	516	534	508	434	106	1322	479	1560	1253	529	54	479	509	1472	1576	406	417	538	675	1587	902	2790	569	1530	534	1734	497	1219	293	387	510	560	1403	2842	97	572	934	1885	2366	1381	1618	378	542	625	1168	713	1616	524	1352	713	366	1897	310	1198	531	2745	432	83	1150	552	662	537	441	864	650	704	440	565	603	314	1826	394	905	1087	590	310	1179	1402	406	3143	657	788	0	533	344	429	553	627	414	392	295	2003	11	645	1655	1171	563	944	602	1061	638	589	1448	481	675	290	106	497	1926	440	576	634	718	548	395	66	313	518	442	1000	560	509	1946	328	571	396	747	609	2337	440	290	569	1342	87	675	1420	603	1024	920	498	366	595	515	678	1291	314	510	372	117	1441	535	681	546	407	409	1419	323	858	747	953	564	1508	434	597	414	516	391	605	817	1520	1025	482	657	635	731	523	338	485	2418	669	245	424	293	546	181	443	2031	650	153	522	415	455	299	1877	559	492	643	638	538	2639	350	643	850	605	1167	851	350	865	83	567	474	410	853	565	350	1107	543	627	769	329	321	382	541	507	1032	279	536	641	609	619	1820	561	520	430	386	542	236	557
412	64	917	2776	566	564	195	1231	537	1439	1114	434	1372	1687	1328	690	566	691	371	402	156	1891	1641	960	1431	227	509	0	576	342	421	197	476	23	530	1827	1659	423	331	1015	55	389	548	551	1772	684	1066	1637	457	454	684	0	1622	2069	896	93	45	417	2094	1192	3299	235	2025	491	2138	14	712	442	544	11	515	920	3251	602	229	1368	2389	1925	1550	2108	463	1046	116	663	554	1882	433	1061	554	442	1503	355	751	280	3246	940	428	658	76	1167	490	305	1278	496	323	195	902	615	781	1368	154	600	1523	623	355	1351	918	896	3641	1154	1224	509	241	516	202	901	840	539	141	497	1510	508	136	1407	1654	513	1304	1100	600	159	780	1000	33	1057	354	543	13	2375	195	217	238	557	497	140	541	434	951	200	649	260	400	1438	352	269	137	340	1118	2846	233	354	235	1826	555	417	1812	1035	1532	463	12	442	433	69	212	1730	281	70	158	625	1818	232	1175	77	117	118	1920	755	787	340	1208	557	2018	207	488	297	1014	123	429	756	1972	1519	26	1154	127	237	199	244	640	2918	215	747	619	442	77	367	272	2430	496	644	294	432	135	320	2366	483	348	134	397	45	3066	343	436	1306	308	662	482	343	562	565	240	976	118	364	902	345	1463	485	788	359	353	347	156	491	337	1407	657	65	166	346	444	2306	1058	235	105	147	67	402	786
576	574	1421	2201	630	660	517	868	637	1157	538	384	1007	1170	798	114	805	701	329	957	708	1360	1184	414	1297	616	78	576	0	411	876	659	531	563	992	1341	1187	696	807	442	604	584	498	68	1244	527	1633	1178	603	128	527	576	1506	1527	368	483	607	753	1527	919	2724	647	1479	606	1657	565	1289	364	449	576	632	1478	2819	29	649	911	1827	2444	1413	1569	448	488	692	1238	787	1630	599	1428	787	438	1975	387	1275	609	2688	372	149	1223	623	591	609	519	850	726	781	517	582	669	297	1903	468	983	1063	655	387	1213	1476	368	3088	582	768	78	611	334	506	567	667	478	465	359	2059	85	711	1728	1094	635	944	527	1136	710	634	1525	547	674	367	75	565	1893	517	653	684	792	620	468	108	384	442	520	1078	638	585	2010	404	649	470	824	542	2274	484	367	647	1266	42	753	1344	589	955	996	565	438	671	586	736	1213	358	581	446	58	1367	581	606	617	469	471	1363	323	925	824	976	633	1443	511	671	449	441	462	682	884	1487	975	549	582	701	792	600	415	540	2362	725	202	478	364	617	226	482	2012	726	75	600	426	530	377	1802	633	569	709	716	607	2611	427	720	821	683	1238	889	427	943	25	645	401	472	912	582	427	1035	616	675	846	406	398	455	613	585	1027	223	607	713	687	695	1773	486	598	503	459	613	311	597
172	296	1024	2561	280	297	168	890	269	1099	915	93	1031	1581	1208	502	403	394	82	732	396	1767	1592	824	1116	239	334	342	411	0	481	302	170	347	593	1752	1597	285	426	831	331	175	214	429	1653	343	1282	1585	209	292	343	342	1315	1773	624	290	343	343	1830	851	3050	270	1733	226	2068	328	975	106	203	350	254	1116	2911	425	275	1042	2112	2045	1236	1809	125	791	442	920	386	1547	198	1018	386	103	1567	25	891	211	2959	706	293	880	337	961	227	113	946	321	396	168	562	330	498	1516	189	572	1196	328	25	1034	1115	624	3348	970	900	334	228	567	156	563	503	201	204	162	1829	326	462	1328	1490	256	963	915	765	398	444	1137	334	722	44	426	328	2047	168	285	563	391	238	205	322	93	852	166	670	250	177	1728	11	258	208	445	896	2584	447	44	270	1659	417	343	1754	714	1310	629	337	103	262	303	554	1623	379	298	194	434	1774	511	997	330	315	322	1641	453	565	445	871	277	1772	156	273	472	830	236	272	526	1647	1233	324	970	455	574	237	102	304	2631	556	507	277	106	330	332	476	2089	321	485	198	561	218	46	2188	242	158	460	305	343	2729	16	309	990	284	920	811	16	532	416	265	785	322	699	562	17	1435	230	459	466	11	13	191	231	175	1066	595	326	396	281	286	2001	877	217	237	200	331	106	445
372	372	544	3041	474	445	362	1247	434	1369	1395	551	1374	2042	1672	977	309	571	560	542	281	2235	2026	1289	1252	262	798	421	876	481	0	238	466	445	117	2200	2038	255	90	1309	366	347	563	877	2119	694	823	2021	384	748	694	421	1414	2216	1099	483	377	179	2296	1146	3520	232	2180	414	2515	420	581	571	595	431	416	651	3235	895	231	1450	2570	1568	1362	2249	523	1268	391	526	310	1754	366	641	310	515	1107	506	412	270	3405	1187	736	449	345	1442	410	368	1342	300	101	362	948	499	971	1035	429	194	1596	522	506	1184	651	1099	3786	1449	1318	798	265	920	372	956	800	568	440	616	1489	792	394	990	1967	410	1310	1394	301	278	740	656	451	1116	523	872	420	2432	362	232	605	308	407	437	799	551	1304	359	228	238	354	1330	490	227	437	85	1377	3049	655	523	232	2138	872	179	2193	1146	1790	191	431	515	292	361	521	2085	682	363	456	908	2206	644	1475	344	521	526	2099	917	525	85	1129	461	2246	366	348	717	1308	463	277	512	2047	1690	437	1449	396	473	281	461	632	3078	539	988	653	571	344	724	693	2417	300	951	282	850	369	504	2668	381	336	393	207	377	3077	467	240	1419	196	525	798	467	164	876	233	1264	526	542	948	468	1856	399	721	75	489	494	444	408	315	1417	1022	356	269	206	277	2432	1355	278	416	444	354	587	775
281	139	768	2849	432	419	144	1167	396	1340	1191	391	1303	1814	1447	766	382	554	368	472	118	2012	1791	1067	1289	69	583	197	659	302	238	0	369	219	353	1968	1804	246	154	1099	143	253	460	652	1894	602	985	1786	319	530	602	197	1471	2075	923	246	157	224	2130	1099	3348	52	2035	355	2282	192	673	407	474	207	373	824	3183	680	44	1337	2414	1790	1406	2112	390	1087	216	618	371	1762	293	870	371	375	1342	325	616	126	3262	994	513	579	126	1240	352	207	1237	320	136	144	845	475	798	1244	195	405	1489	489	325	1213	822	923	3651	1240	1197	583	86	681	157	849	742	457	204	461	1540	578	230	1212	1754	370	1236	1185	478	118	679	867	222	1010	336	646	192	2338	144	28	417	373	357	201	594	391	1075	143	464	85	264	1427	313	89	201	169	1181	2884	425	336	52	1925	650	224	1959	1014	1597	338	204	375	265	129	357	1857	444	130	222	697	1970	429	1264	123	285	290	1943	755	609	169	1102	421	2068	153	328	484	1098	225	257	582	1942	1535	207	1240	227	340	65	247	547	2934	369	794	545	407	123	490	464	2361	320	733	146	615	134	309	2460	336	217	227	210	157	3010	293	253	1290	118	617	645	293	366	655	59	1056	290	450	845	295	1619	345	677	190	313	313	210	353	198	1342	789	132	112	160	270	2303	1144	92	178	209	132	399	699
