NAME : VRPTW_INSTANCE_243.txt
COMMENT : Bangkok Supermarket
TYPE : VRPTW
DIMENSION : 222
DAYS : Thursday
EDGE_WEIGHT_TYPE : EXPLICIT
VEHICLES : 30
EDGE_WEIGHT_FORMAT : FULL_MATRIX
CAPACITY : 1000
EDGE_WEIGHT_SECTION
0	517	203	611	309	493	917	1512	475	358	1704	891	255	496	464	1137	401	533	371	650	379	2582	201	1089	154	1925	385	258	1090	815	371	113	1523	119	650	14	446	342	352	155	1058	815	214	1604	935	309	284	222	1221	474	1014	1934	28	194	631	590	463	470	166	1472	255	510	495	464	124	1994	1323	284	255	1482	1428	652	957	771	54	1079	133	593	133	1658	1055	153	994	432	960	492	815	46	347	124	155	456	121	610	449	1426	1068	590	497	403	83	377	383	1122	132	1129	409	1727	894	620	120	225	189	532	215	206	97	815	766	1197	124	489	307	1019	826	1395	201	255	1317	437	221	37	347	25	155	464	78	964	369	307	368	193	820	454	521	891	304	1944	150	447	1884	1017	1644	149	112	534	223	1372	395	483	464	469	118	309	1185	863	894	3739	430	91	153	1300	127	240	1058	1154	208	173	939	210	1482	378	2065	1126	494	613	351	1128	73	202	1221	1126	508	202	1655	1340	524	1765	410	465	206	768	1002	489	329	101	264	436	178	24	113	497	1231	171	348	112	206	353	240	172	364	364
517	0	320	162	645	405	988	1789	957	768	1363	565	442	407	646	1456	643	441	724	357	340	2556	527	1155	640	1949	740	574	864	903	724	592	1838	597	298	517	856	804	335	461	1385	903	348	1810	689	645	599	726	896	823	762	2013	509	338	170	351	239	988	539	1409	442	7	986	646	496	1613	1066	338	759	1508	1226	377	739	1139	494	858	535	622	457	1843	700	615	849	188	1397	294	903	561	335	601	374	233	602	281	413	1511	877	351	414	449	586	592	633	1073	454	890	445	1691	1276	136	625	538	522	317	433	439	585	903	897	1197	496	298	244	1155	713	1662	527	442	1606	182	403	499	336	533	471	646	583	728	360	741	614	445	1175	793	4	565	249	1528	652	162	1962	783	1294	551	414	23	433	1351	794	867	646	287	624	251	1490	1224	1127	3763	633	430	536	1412	414	425	846	1003	345	366	1405	717	1485	674	2200	1251	409	1001	778	1415	584	690	896	1251	267	690	1721	1201	430	1931	447	204	439	1173	865	433	332	429	333	182	360	505	592	414	1368	686	819	414	439	607	425	360	833	364
203	320	0	435	364	425	951	1639	670	519	1532	712	189	427	441	1277	478	469	443	525	301	2520	233	1046	320	1878	459	292	942	772	443	297	1665	303	505	206	610	527	275	214	1136	772	147	1630	777	364	321	423	1048	611	857	1989	202	24	453	414	273	670	283	1466	189	313	693	441	181	1813	1170	214	456	1511	1294	473	808	866	194	933	220	509	196	1675	873	329	868	281	1099	313	772	243	271	308	54	265	307	469	394	1477	931	414	431	378	280	361	462	1034	192	978	380	1654	1000	435	304	314	224	355	231	158	286	772	740	1130	181	311	164	1004	705	1518	233	189	1448	284	133	194	272	223	165	441	277	809	304	477	444	225	909	522	324	712	164	1754	349	286	1938	865	1469	284	123	339	237	1381	499	581	441	291	303	172	1253	957	921	3699	491	112	225	1281	94	243	913	1031	136	52	1132	412	1421	413	2064	1109	427	717	520	1255	265	370	1048	1109	322	370	1702	1225	459	1775	383	269	158	886	956	433	253	138	110	283	46	196	297	431	1221	375	537	123	158	431	243	41	553	302
611	162	435	0	785	340	896	1735	1008	798	1447	683	586	340	803	1423	634	362	865	219	327	2704	661	1316	751	2104	881	713	994	1065	865	664	1796	668	149	608	879	852	334	518	1539	1065	410	1972	822	785	740	798	998	827	891	1901	597	457	21	506	401	1077	590	1273	586	168	1041	803	617	1676	1183	369	830	1390	1353	523	875	1285	576	990	656	784	522	2005	799	678	995	189	1532	456	1065	657	338	671	488	396	674	147	366	1406	1015	506	347	421	667	744	629	1226	519	1017	414	1841	1422	47	728	572	654	477	474	575	661	1065	1059	1354	617	460	306	1317	867	1607	661	586	1559	183	541	586	337	622	598	803	665	862	349	782	612	491	1323	938	162	683	309	1574	728	168	1849	915	1375	607	500	139	471	1225	930	1007	803	449	726	306	1646	1373	1287	3914	614	534	660	1574	529	458	980	1144	411	486	1436	792	1640	821	2361	1413	344	1142	813	1372	683	802	998	1413	427	802	1609	1341	354	2093	417	366	575	1314	727	372	344	513	475	184	480	594	665	347	1530	769	869	500	575	609	458	476	882	354
309	645	364	785	0	771	1226	1777	654	626	1559	800	203	773	192	1395	709	814	79	889	648	2290	132	795	210	1627	96	72	914	528	79	396	1772	401	869	323	701	572	621	458	773	528	475	1297	788	0	45	426	1092	756	860	2239	338	340	801	528	470	510	474	1779	203	637	656	192	205	1869	1146	552	446	1791	1217	587	792	502	361	902	179	367	434	1349	961	434	785	645	752	460	528	288	615	405	321	468	399	833	732	1733	876	528	776	697	356	128	691	862	432	956	702	1444	637	776	251	534	143	485	513	210	380	528	470	917	205	455	527	714	624	1666	132	203	1582	648	244	344	616	328	203	192	352	807	644	569	677	493	545	158	647	800	526	1848	388	649	2190	852	1508	455	378	668	520	1681	153	221	192	445	253	535	894	592	585	3435	739	312	161	994	287	535	877	936	465	313	1095	412	1194	71	1756	821	772	356	610	1398	273	214	1092	821	492	214	1962	1105	804	1456	704	493	210	528	1296	773	597	378	311	647	318	331	396	776	924	362	568	378	210	662	535	326	582	641
493	405	425	340	771	0	584	1396	753	524	1767	970	614	2	866	1083	322	44	845	208	123	2916	639	1462	648	2286	860	703	1259	1191	845	486	1456	487	255	483	591	602	150	344	1542	1191	295	2054	1085	771	733	600	1302	518	1161	1616	467	448	358	725	581	890	384	1048	614	404	791	866	567	2008	1468	219	626	1119	1622	765	1130	1260	441	1253	598	917	362	2100	1106	480	1225	222	1452	640	1191	535	155	487	455	572	492	222	50	1109	1266	725	8	117	508	785	323	1424	362	1288	108	2048	1387	382	609	337	628	676	282	579	491	1191	1163	1533	567	642	270	1428	1074	1269	639	614	1219	226	558	457	155	489	569	866	508	1123	126	528	310	305	1308	928	409	970	268	1912	547	245	1565	1179	1697	408	396	398	275	973	883	971	866	623	607	259	1665	1352	1344	4108	292	459	613	1703	485	257	1238	1385	306	469	1140	600	1825	829	2488	1532	4	1104	547	1032	562	694	1302	1532	626	694	1324	1583	33	2200	109	553	579	1262	530	32	174	400	524	227	465	470	486	8	1645	598	623	396	579	312	257	455	633	130
917	988	951	896	1226	584	0	886	854	678	2343	1553	1126	582	1370	673	519	547	1285	691	677	3471	1111	1991	1041	2826	1297	1173	1842	1716	1285	840	981	837	765	903	664	777	696	774	1942	1716	803	2517	1668	1226	1200	879	1884	558	1744	1039	888	969	910	1304	1157	1100	752	585	1126	988	894	1370	1031	2571	2052	742	884	565	2204	1347	1712	1648	866	1835	1049	1460	799	2573	1687	808	1800	806	1753	1215	1716	941	699	833	960	1148	840	752	586	529	1846	1304	575	578	879	1283	537	1984	801	1872	578	2605	1753	943	995	692	1099	1253	730	1081	855	1716	1675	2081	1031	1216	829	1934	1643	761	1111	1126	741	810	1072	883	698	898	1050	1370	882	1706	665	727	550	744	1702	1366	991	1553	826	2461	872	829	988	1762	2271	772	869	979	723	466	1291	1377	1370	1196	992	817	2076	1738	1810	4646	486	934	1069	2214	974	713	1820	1961	815	980	1012	887	2372	1295	2982	2040	580	1491	707	588	960	1070	1884	2040	1204	1070	750	2159	558	2682	575	1132	1081	1618	381	558	713	863	1061	811	979	895	840	575	2147	919	796	869	1081	565	713	967	794	665
1512	1789	1639	1735	1777	1396	886	0	1154	1156	3148	2331	1765	1396	1962	385	1166	1372	1805	1551	1449	4059	1706	2569	1567	3390	1810	1752	2581	2306	1805	1402	152	1396	1622	1499	1076	1205	1458	1426	2305	2306	1507	2934	2415	1777	1771	1351	2671	1038	2494	806	1491	1649	1751	2047	1898	1401	1365	1059	1765	1786	1170	1962	1635	3402	2808	1475	1334	812	2932	2101	2447	2034	1480	2572	1634	2104	1446	3005	2482	1361	2501	1601	1999	1948	2306	1510	1458	1390	1624	1889	1395	1601	1378	644	2569	2047	1388	1340	1439	1878	1180	2631	1449	2617	1344	3222	2091	1779	1527	1325	1695	1989	1412	1716	1418	2306	2246	2695	1635	1947	1576	2470	2335	127	1706	1765	194	1607	1724	1491	1457	1486	1667	1962	1444	2448	1430	1212	1200	1415	2089	1868	1793	2331	1571	3308	1393	1627	782	2504	3080	1372	1524	1786	1408	939	1770	1836	1962	1926	1526	1565	2440	2107	2290	5164	1165	1572	1655	2740	1618	1407	2553	2664	1516	1647	897	1365	2970	1847	3437	2574	1392	1904	1169	384	1516	1569	2671	2574	1948	1569	721	2852	1380	3125	1341	1882	1716	1964	1241	1365	1465	1511	1743	1606	1648	1499	1401	1388	2661	1415	1211	1524	1716	1211	1407	1637	1198	1427
475	957	670	1008	654	753	854	1154	0	231	2172	1365	710	754	846	770	452	771	665	959	694	2907	621	1426	455	2237	668	649	1544	1172	665	373	1131	367	990	468	195	156	679	497	1172	1172	610	1792	1398	654	660	254	1691	303	1476	1730	469	666	1029	1064	938	265	420	1437	710	951	41	846	572	2467	1778	638	224	1362	1866	1126	1415	889	476	1533	555	1013	499	1860	1530	344	1431	819	921	967	1172	448	675	362	628	930	363	951	704	1258	1515	1064	751	636	392	772	444	1515	503	1585	644	2082	964	1031	428	436	613	1006	534	667	383	1172	1107	1561	572	964	716	1319	1265	1054	621	710	963	825	690	477	675	451	611	846	396	1424	673	227	451	518	945	720	961	1365	712	2419	325	842	1685	1475	2114	406	552	969	537	1310	620	682	846	944	427	712	1309	968	1135	4011	494	563	572	1586	602	550	1510	1586	612	648	464	268	1827	719	2289	1421	751	752	206	794	439	440	1691	1421	983	440	1481	1759	769	1978	644	938	667	830	1106	729	666	536	739	824	652	476	372	751	1507	316	139	552	667	445	550	645	125	668
358	768	519	798	626	524	678	1156	231	0	2050	1231	614	526	806	779	222	541	664	732	475	2917	549	1422	417	2253	672	596	1446	1153	664	246	1164	240	767	347	91	101	463	314	1274	1153	422	1870	1288	626	616	213	1566	133	1367	1634	340	521	819	932	792	429	237	1263	614	762	271	806	479	2332	1678	434	211	1221	1787	992	1313	981	335	1436	478	949	325	1932	1392	205	1352	612	1076	831	1153	354	460	235	489	784	239	729	476	1138	1427	932	522	408	282	722	213	1474	329	1484	416	2070	1079	825	375	229	539	872	334	565	262	1153	1097	1541	479	829	523	1336	1185	1042	549	614	961	618	578	343	460	333	514	806	287	1318	453	57	220	323	1037	737	772	1231	518	2269	238	636	1585	1372	1988	234	395	776	334	1144	648	727	806	808	373	516	1410	1069	1179	4054	266	430	498	1613	475	344	1415	1513	428	512	639	225	1821	698	2353	1442	522	828	29	774	359	429	1566	1442	841	429	1366	1698	539	2046	415	785	565	943	889	499	454	380	609	617	514	349	246	522	1539	270	122	395	565	214	344	505	124	448
1704	1363	1532	1447	1559	1767	2343	3148	2172	2050	0	821	1461	1768	1382	2801	1985	1799	1588	1661	1700	1664	1554	1152	1726	1344	1595	1539	650	1201	1588	1815	3188	1821	1587	1713	2141	2046	1690	1744	1793	1201	1649	1733	775	1559	1537	1918	483	2140	700	3340	1715	1528	1435	1118	1261	2069	1815	2678	1461	1365	2185	1382	1599	326	434	1674	1947	2827	494	1058	767	1757	1717	663	1618	1198	1728	1702	666	1852	804	1551	2068	1218	1201	1725	1690	1826	1561	1269	1824	1594	1777	2853	702	1118	1776	1810	1787	1431	1972	907	1724	607	1806	1043	1858	1400	1745	1842	1561	1177	1745	1505	1801	1201	1273	1008	1599	1221	1573	1297	945	3023	1554	1461	2962	1546	1483	1711	1690	1729	1561	1382	1782	752	1718	2006	1953	1747	1746	1584	1360	821	1577	403	1851	1526	3290	706	75	1816	1655	1369	1748	2652	1669	1671	1382	1241	1746	1583	1797	1786	1487	2854	1983	1622	1602	1313	1579	1747	689	705	1641	1539	2634	1904	1064	1515	1806	1294	1771	1732	2049	2769	1733	1754	483	1294	1211	1754	3050	668	1789	1706	1809	1272	1505	1853	2144	1796	1683	1670	1442	1546	1536	1708	1815	1776	1353	1855	2052	1655	1505	1943	1747	1545	2068	1721
891	565	712	683	800	970	1553	2331	1365	1231	821	0	662	971	657	1980	1165	1006	849	902	890	2050	763	817	933	1492	860	761	320	665	849	1000	2367	1006	832	899	1322	1232	877	922	1293	665	828	1526	165	800	767	1110	339	1319	215	2577	900	709	676	301	439	1294	995	1956	662	565	1381	657	795	1103	501	856	1141	2070	672	239	227	1143	900	318	819	493	907	1536	165	1036	378	748	1455	400	665	916	876	1011	743	448	1009	828	972	2076	356	301	978	998	974	677	1152	640	903	336	995	1205	1271	636	946	1020	767	359	924	701	987	665	708	787	795	402	755	889	341	2206	763	662	2143	743	675	895	877	916	757	657	970	202	906	1188	1133	925	1154	872	562	0	759	1058	1040	724	2526	246	757	996	835	576	927	1908	936	965	657	422	946	766	1354	1203	975	3270	1166	806	805	1077	765	926	314	493	819	722	1829	1097	1041	774	1823	954	973	1063	1231	1950	927	969	339	954	390	969	2285	679	995	1598	998	450	701	1219	1410	996	867	850	626	743	719	893	1000	978	1063	1050	1239	835	701	1122	926	727	1255	909
255	442	189	586	203	614	1126	1765	710	614	1461	662	0	617	251	1392	630	659	281	706	491	2349	105	865	271	1700	297	133	837	590	281	368	1778	374	678	267	701	591	465	357	958	590	329	1440	687	203	157	457	981	727	765	2159	274	166	601	367	278	636	404	1652	0	434	724	251	138	1759	1071	401	486	1689	1173	430	706	699	286	827	157	343	334	1485	827	408	738	459	955	281	590	267	460	379	166	274	375	645	583	1648	814	367	621	562	334	171	613	874	331	877	565	1487	836	574	285	453	107	314	396	49	352	590	553	959	138	277	351	816	571	1648	105	0	1571	460	56	274	461	281	101	251	329	714	492	562	595	382	738	352	444	662	352	1720	393	458	2108	766	1403	394	258	465	402	1564	354	424	251	262	285	361	1071	787	732	3520	650	198	143	1094	153	413	804	899	317	148	1172	443	1248	235	1876	922	616	558	606	1381	272	310	981	922	309	310	1874	1086	648	1585	567	297	49	731	1145	622	442	267	110	459	151	266	368	621	1033	394	595	258	49	581	413	162	610	491
496	407	427	340	773	2	582	1396	754	526	1768	971	617	0	868	1083	323	42	847	207	126	2918	642	1464	650	2288	863	705	1261	1193	847	488	1456	489	255	485	592	604	153	346	1544	1193	298	2057	1087	773	735	603	1303	519	1162	1614	470	450	358	727	583	892	386	1046	617	406	793	868	569	2009	1470	221	628	1117	1624	767	1132	1263	443	1254	601	920	365	2103	1107	482	1227	224	1454	642	1193	538	158	489	457	574	494	222	52	1108	1268	727	7	119	510	788	324	1426	364	1290	110	2050	1389	383	611	339	631	678	284	581	493	1193	1165	1535	569	644	272	1430	1076	1268	642	617	1219	228	560	459	157	491	571	868	511	1125	129	530	311	307	1310	930	410	971	271	1912	549	247	1563	1181	1698	410	399	399	277	971	886	973	868	625	609	261	1667	1354	1346	4110	292	462	615	1705	487	259	1240	1386	308	471	1141	602	1827	831	2490	1534	3	1106	548	1031	565	696	1303	1534	628	696	1323	1585	31	2202	110	555	581	1264	528	32	177	402	526	228	467	472	488	7	1647	601	625	399	581	313	259	457	635	132
464	646	441	803	192	866	1370	1962	846	806	1382	657	251	868	0	1581	862	911	206	947	743	2118	263	625	397	1461	213	210	732	350	206	566	1961	571	912	478	885	759	716	595	741	350	580	1190	620	192	191	614	924	932	687	2396	490	418	815	426	425	694	628	1903	251	639	848	0	342	1696	961	653	635	1934	1026	475	616	518	509	720	332	183	571	1234	811	606	597	700	814	392	350	455	712	576	416	427	571	881	835	1886	690	426	872	812	527	87	844	671	568	775	815	1264	655	783	434	684	275	401	640	291	549	350	305	735	342	386	600	566	439	1849	263	251	1767	701	308	493	713	487	319	0	522	634	744	750	829	625	544	215	647	657	601	1686	568	696	2346	676	1333	613	501	670	647	1813	288	307	0	385	436	610	843	595	487	3278	887	435	312	845	396	660	695	744	568	399	1287	599	1018	134	1624	672	868	411	792	1580	447	406	924	672	428	406	2114	913	900	1334	818	457	291	577	1397	874	694	506	347	700	402	483	566	872	782	548	757	501	291	814	660	413	771	742
1137	1456	1277	1423	1395	1083	673	385	770	779	2801	1980	1392	1083	1581	0	817	1067	1420	1261	1116	3674	1328	2185	1185	3005	1426	1372	2218	1923	1420	1026	387	1020	1326	1125	696	822	1121	1063	1927	1923	1152	2554	2055	1395	1390	968	2320	668	2134	1057	1118	1285	1441	1690	1543	1019	997	1055	1392	1453	787	1581	1259	3067	2448	1129	950	861	2564	1746	2084	1653	1109	2208	1256	1728	1081	2624	2136	985	2131	1271	1632	1589	1923	1133	1120	1014	1257	1534	1019	1300	1057	701	2202	1690	1076	1009	1062	1499	829	2252	1085	2255	1015	2839	1714	1463	1146	963	1318	1631	1056	1344	1042	1923	1862	2313	1259	1588	1230	2085	1963	289	1328	1392	193	1277	1354	1119	1120	1112	1293	1581	1067	2087	1096	833	848	1056	1708	1483	1460	1980	1225	2984	1013	1298	1020	2142	2735	1002	1158	1457	1053	916	1385	1451	1581	1567	1145	1220	2063	1727	1905	4781	823	1203	1277	2355	1249	1054	2188	2292	1161	1280	566	983	2587	1465	3055	2189	1079	1520	790	98	1137	1185	2320	2189	1593	1185	874	2478	1073	2743	1012	1530	1344	1585	1054	1051	1125	1145	1378	1277	1282	1126	1025	1076	2276	1033	827	1158	1344	858	1054	1271	814	1092
401	643	478	634	709	322	519	1166	452	222	1985	1165	630	323	862	817	0	330	766	530	310	2978	600	1488	522	2324	778	659	1417	1213	766	321	1203	318	576	387	274	318	309	273	1428	1213	340	1998	1249	709	685	376	1505	196	1328	1533	374	491	655	880	731	640	235	1089	630	639	493	862	520	2249	1642	311	390	1082	1772	934	1283	1135	354	1408	535	973	296	2054	1319	290	1347	463	1266	781	1213	422	308	315	472	722	321	540	279	1024	1408	880	318	215	360	775	18	1504	299	1452	222	2118	1245	669	476	178	588	823	247	582	336	1213	1167	1589	520	781	412	1421	1183	1043	600	630	977	469	581	369	307	381	544	862	363	1283	288	248	34	253	1188	847	647	1165	408	2170	357	490	1483	1339	1918	254	373	645	243	981	773	859	862	760	473	403	1560	1225	1291	4140	43	432	555	1701	476	240	1390	1510	350	494	817	383	1877	779	2465	1528	319	977	250	785	441	552	1505	1528	781	552	1253	1703	330	2163	220	715	582	1111	675	293	310	363	586	469	494	381	321	318	1633	407	340	373	582	48	240	482	345	283
533	441	469	362	814	44	547	1372	771	541	1799	1006	659	42	911	1067	330	0	888	204	168	2959	683	1507	687	2330	903	746	1299	1236	888	520	1436	520	261	522	603	623	195	381	1584	1236	339	2099	1124	814	776	630	1337	524	1199	1576	506	492	379	766	623	918	416	1004	659	440	810	911	609	2036	1506	262	655	1077	1661	805	1170	1301	480	1292	641	962	401	2145	1140	511	1267	261	1489	683	1236	574	200	520	499	615	526	233	84	1071	1306	766	38	142	544	830	333	1468	401	1327	134	2091	1427	407	647	366	672	718	319	623	526	1236	1208	1577	609	684	315	1473	1117	1245	683	659	1198	265	603	496	199	527	613	911	544	1162	169	549	322	342	1349	971	444	1006	313	1936	580	283	1525	1218	1728	441	438	432	312	930	925	1012	911	666	645	304	1708	1393	1388	4152	295	502	655	1748	528	294	1278	1426	349	513	1146	630	1869	873	2533	1577	42	1145	565	1012	601	732	1337	1577	668	732	1284	1624	11	2245	134	595	623	1302	486	46	218	441	569	266	509	509	520	38	1690	632	645	438	623	327	294	499	654	172
371	724	443	865	79	845	1285	1805	665	664	1588	849	281	847	206	1420	766	888	0	968	723	2256	210	764	249	1589	16	152	939	507	0	446	1793	450	948	385	733	600	695	524	697	507	549	1233	824	79	124	456	1128	796	893	2289	400	419	881	589	543	491	533	1844	281	716	662	206	278	1902	1168	626	470	1848	1227	646	822	423	425	926	247	390	501	1288	1007	483	801	724	675	528	507	344	690	455	398	541	448	912	805	1785	896	589	850	767	407	172	747	853	499	982	772	1419	558	855	294	594	220	550	581	290	431	507	442	896	278	523	605	671	645	1696	210	281	1610	727	324	407	691	387	280	206	403	840	718	606	735	561	466	83	726	849	604	1889	428	728	2240	882	1540	512	449	746	589	1743	86	143	206	514	297	612	820	513	525	3390	798	385	232	949	363	605	901	945	539	391	1091	442	1166	75	1700	777	846	277	645	1429	325	236	1128	777	562	236	2014	1106	878	1397	774	567	290	449	1367	846	671	448	390	726	397	395	446	850	875	394	593	449	290	720	605	404	606	715
650	357	525	219	889	208	691	1551	959	732	1661	902	706	207	947	1261	530	204	968	0	279	2913	757	1502	803	2304	984	817	1212	1241	968	667	1623	669	74	642	800	806	303	517	1661	1241	436	2134	1039	889	846	791	1216	726	1109	1682	628	549	227	708	585	1080	571	1056	706	360	996	947	696	1880	1403	367	819	1171	1572	733	1091	1391	603	1207	732	959	530	2173	1018	668	1206	247	1608	644	1241	695	308	670	569	578	674	75	255	1192	1230	708	212	324	682	876	531	1429	529	1235	315	2048	1523	266	770	533	748	672	458	682	669	1241	1225	1552	696	647	362	1489	1070	1424	757	706	1383	246	653	617	307	652	688	947	682	1078	296	732	519	480	1434	1048	358	902	363	1769	731	251	1631	1132	1588	594	541	339	452	1006	1019	1103	947	633	768	355	1777	1481	1434	4120	498	594	742	1754	607	435	1196	1358	443	576	1348	788	1840	938	2543	1589	211	1239	754	1201	723	853	1216	1589	620	853	1391	1555	202	2266	316	552	682	1405	510	237	324	549	600	247	571	628	667	212	1704	780	827	541	682	521	435	563	837	301
379	340	301	327	648	123	677	1449	694	475	1700	890	491	126	743	1116	310	168	723	279	0	2804	516	1343	533	2170	738	579	1167	1070	723	387	1498	389	298	369	554	538	27	237	1420	1070	173	1931	994	648	609	511	1227	501	1071	1716	354	324	347	627	479	801	292	1167	491	337	729	743	444	1954	1382	96	540	1226	1528	673	1036	1140	328	1160	477	800	253	1977	1034	388	1122	154	1339	537	1070	422	32	390	331	470	394	258	94	1207	1169	627	129	109	403	662	303	1313	251	1198	105	1936	1268	359	497	259	505	575	178	455	390	1070	1041	1418	444	538	153	1306	967	1323	516	491	1266	161	435	343	31	377	446	743	403	1031	22	466	286	200	1187	806	344	890	151	1867	451	181	1665	1087	1631	314	276	340	172	1087	764	850	743	518	495	142	1542	1232	1220	3992	295	338	491	1581	361	155	1144	1283	183	345	1110	508	1710	705	2366	1410	125	984	493	1075	450	581	1227	1410	527	581	1426	1481	157	2077	108	455	455	1145	654	132	51	281	403	160	341	355	387	129	1523	500	558	276	455	282	155	331	569	27
2582	2556	2520	2704	2290	2916	3471	4059	2907	2917	1664	2050	2349	2918	2118	3674	2978	2959	2256	2913	2804	0	2381	1495	2499	671	2249	2326	1731	1767	2256	2683	4038	2688	2851	2596	2989	2856	2782	2706	1861	1767	2668	1287	1892	2290	2304	2712	1833	3046	1835	4508	2608	2502	2703	2205	2339	2679	2746	3960	2349	2553	2895	2118	2460	1800	1608	2730	2726	4029	1408	2180	1834	2070	2626	1732	2450	2011	2682	1203	1998	2722	1708	2704	2237	2279	1767	2572	2778	2693	2512	2347	2687	2838	2899	3996	1696	2205	2924	2895	2643	2205	2960	1491	2679	1720	2896	868	2062	2661	2542	2800	2393	2247	2744	2396	2666	1767	1820	1390	2460	2277	2650	1588	1845	3952	2381	2349	3865	2702	2401	2611	2779	2605	2434	2118	2639	1853	2812	2859	2943	2732	2021	2190	2555	2050	2653	1985	2678	2688	4457	1804	1720	2731	2608	2574	2750	3890	2289	2225	2118	2294	2544	2662	1751	2020	1779	1222	3000	2546	2430	1323	2502	2760	1736	1562	2656	2492	3272	2698	1100	2219	853	1486	2919	2174	2899	3685	2561	2492	1833	1486	2298	2492	4222	1371	2948	1091	2899	2370	2396	2162	3420	2934	2763	2616	2410	2701	2493	2600	2683	2924	1405	2649	2849	2608	2396	2929	2760	2505	2862	2812
201	527	233	661	132	639	1111	1706	621	549	1554	763	105	642	263	1328	600	683	210	757	516	2381	0	888	171	1724	226	63	922	614	210	305	1711	310	738	215	632	513	489	337	906	614	344	1422	779	132	93	372	1077	671	856	2134	227	209	677	471	382	532	365	1656	105	519	631	263	80	1856	1156	420	399	1677	1248	533	793	633	246	911	71	400	313	1472	928	346	812	514	871	387	614	195	483	316	188	378	311	702	601	1625	894	471	644	569	267	176	582	925	310	963	573	1526	767	655	193	422	12	419	388	88	288	614	566	997	80	382	395	822	645	1591	0	105	1511	517	125	230	484	224	70	263	262	804	513	494	567	370	677	291	530	763	394	1821	316	519	2084	854	1498	350	250	549	395	1561	269	348	263	368	194	402	1026	724	710	3539	627	183	51	1102	154	409	888	970	333	181	1080	358	1281	190	1873	929	641	484	538	1323	192	205	1077	929	414	205	1853	1151	673	1577	576	399	88	654	1166	642	465	252	196	516	186	219	305	644	1036	307	514	250	88	552	409	193	529	510
1089	1155	1046	1316	795	1462	1991	2569	1426	1422	1152	817	865	1464	625	2185	1488	1507	764	1502	1343	1495	888	0	1005	836	759	832	616	275	764	1188	2557	1193	1451	1103	1496	1364	1318	1219	649	275	1192	708	665	795	809	1219	855	1551	667	3021	1115	1026	1321	817	918	1218	1254	2510	865	1150	1418	625	967	1475	738	1260	1235	2555	670	819	611	690	1134	605	956	545	1195	720	881	1228	463	1268	969	860	275	1078	1314	1198	1031	924	1192	1429	1437	2511	544	817	1469	1424	1148	712	1470	247	1192	645	1426	656	754	1282	1047	1309	900	839	1261	910	1171	275	325	166	967	857	1192	154	487	2460	888	865	2375	1267	919	1119	1315	1112	944	625	1144	641	1348	1365	1454	1247	660	705	1155	817	1193	1538	1183	1256	2971	631	1136	1238	1122	1177	1268	2427	806	754	625	869	1049	1202	644	687	376	2655	1512	1058	936	264	1017	1279	587	465	1180	1012	1824	1205	401	724	1045	149	1465	738	1405	2192	1066	1000	855	149	889	1000	2738	498	1495	790	1429	952	910	794	1987	1475	1297	1129	940	1266	1014	1108	1188	1469	246	1155	1358	1122	910	1439	1279	1025	1371	1347
154	640	320	751	210	648	1041	1567	455	417	1726	933	271	650	397	1185	522	687	249	803	533	2499	171	1005	0	1835	259	194	1091	738	249	200	1563	204	800	164	491	362	507	306	912	738	367	1476	950	210	207	216	1248	548	1026	2040	180	302	770	638	536	367	295	1607	271	632	462	397	150	2027	1325	438	238	1603	1411	701	963	622	206	1080	117	558	285	1533	1098	234	975	579	806	549	738	112	501	207	266	530	201	761	602	1536	1060	638	651	554	162	318	503	1069	285	1132	560	1655	743	754	46	357	165	585	368	237	186	738	680	1128	150	545	453	919	810	1456	171	271	1372	583	270	190	502	159	185	397	159	974	523	359	492	345	673	326	643	933	450	1991	179	591	1991	1024	1670	272	262	659	375	1502	251	339	397	529	48	456	1042	714	772	3639	557	216	128	1197	225	393	1056	1131	360	274	909	202	1405	281	1948	1025	648	463	400	1188	86	51	1248	1025	573	51	1765	1306	678	1644	562	547	237	615	1151	642	484	254	336	582	280	178	200	651	1124	151	359	262	237	477	393	280	373	519
1925	1949	1878	2104	1627	2286	2826	3390	2237	2253	1344	1492	1700	2288	1461	3005	2324	2330	1589	2304	2170	671	1724	836	1835	0	1582	1667	1187	1111	1589	2022	3367	2027	2247	1939	2323	2189	2146	2055	1205	1111	2025	693	1327	1627	1644	2045	1347	2384	1284	3858	1952	1858	2105	1598	1721	2007	2090	3335	1700	1945	2225	1461	1804	1583	1132	2091	2059	3389	940	1582	1266	1401	1971	1185	1792	1370	2031	616	1477	2062	1123	2082	1584	1661	1111	1913	2142	2032	1866	1728	2026	2229	2265	3347	1137	1598	2294	2255	1983	1549	2306	877	2028	1188	2257	311	1400	2064	1878	2146	1736	1632	2096	1746	2006	1111	1159	753	1804	1658	2017	919	1236	3284	1724	1700	3196	2080	1754	1955	2143	1948	1780	1461	1978	1290	2177	2195	2290	2083	1353	1522	1948	1492	2019	1731	2015	2068	3808	1249	1376	2075	1958	1969	2103	3257	1619	1554	1461	1674	1881	2028	1105	1355	1108	1822	2348	1894	1772	652	1852	2113	1182	1001	2013	1846	2601	2032	464	1556	483	816	2289	1503	2235	3018	1900	1826	1347	816	1684	1826	3574	838	2319	535	2260	1753	1746	1494	2803	2302	2126	1965	1769	2080	1848	1944	2022	2294	734	1984	2182	1958	1746	2276	2113	1859	2194	2176
385	740	459	881	96	860	1297	1810	668	672	1595	860	297	863	213	1426	778	903	16	984	738	2249	226	759	259	1582	0	168	945	504	16	457	1797	461	964	398	740	607	711	538	681	504	565	1221	833	96	141	463	1137	805	900	2299	413	435	897	603	558	488	545	1857	297	732	664	213	293	1910	1174	641	476	1860	1230	659	830	407	438	933	262	397	515	1276	1018	493	806	740	659	543	504	356	705	466	414	556	459	929	820	1795	902	603	865	782	418	185	759	852	513	988	787	1414	541	872	304	607	236	564	596	306	442	504	438	893	293	538	621	663	651	1702	226	297	1616	743	340	421	706	400	296	213	415	848	733	615	747	575	450	69	742	860	621	1898	438	744	2250	889	1547	524	464	763	603	1755	75	126	213	529	307	628	804	497	513	3381	810	400	247	940	379	619	908	948	555	407	1090	449	1161	86	1689	769	862	261	653	1435	336	243	1137	769	576	243	2025	1107	893	1385	789	583	306	433	1382	861	687	463	407	742	413	408	457	865	866	402	599	464	306	732	619	420	612	730
258	574	292	713	72	703	1173	1752	649	596	1539	761	133	705	210	1372	659	746	152	817	579	2326	63	832	194	1667	168	0	899	559	152	356	1753	361	796	272	676	552	552	400	844	559	407	1358	764	72	29	408	1065	722	839	2193	285	268	729	479	408	534	424	1719	133	566	656	210	142	1844	1133	484	432	1738	1216	540	773	575	306	888	125	363	375	1408	925	396	781	572	823	404	559	246	547	366	250	405	361	761	665	1684	867	479	708	633	317	126	641	879	373	941	637	1474	710	704	227	482	75	432	451	138	340	559	508	945	142	399	455	761	615	1639	63	133	1557	575	172	290	548	280	133	210	312	786	576	540	626	433	617	230	576	761	455	1816	359	576	2143	834	1485	407	313	596	459	1624	220	294	210	387	228	463	964	665	646	3480	687	247	104	1042	218	473	864	936	397	241	1101	394	1227	126	1811	868	704	429	583	1371	237	215	1065	868	434	215	1913	1112	736	1513	640	429	138	601	1230	706	528	315	240	574	246	278	356	708	974	342	551	313	138	611	473	254	566	574
1090	864	942	994	914	1259	1842	2581	1544	1446	650	320	837	1261	732	2218	1417	1299	939	1212	1167	1731	922	616	1091	1187	945	899	0	574	939	1203	2605	1209	1144	1101	1535	1429	1151	1156	1201	574	1077	1307	174	914	895	1293	242	1550	104	2875	1105	933	990	540	690	1424	1220	2268	837	862	1554	732	976	970	233	1118	1321	2372	362	494	133	1123	1111	13	990	549	1137	1303	294	1242	169	1037	1438	636	574	1104	1149	1214	960	699	1211	1137	1255	2369	71	540	1268	1272	1171	786	1402	387	1133	42	1271	892	1234	949	1116	1256	930	596	1170	884	1188	574	641	534	976	637	1021	731	294	2460	922	837	2390	1033	868	1103	1150	1116	939	732	1166	136	1181	1397	1383	1166	1118	933	861	320	1025	983	1231	1015	2824	80	606	1216	1059	878	1174	2215	1019	1021	732	657	1116	1033	1232	1162	881	2952	1424	1016	972	851	971	1177	38	189	1067	937	2001	1279	751	866	1547	765	1263	1086	1441	2197	1108	1115	242	765	641	1115	2583	360	1288	1349	1274	712	884	1215	1722	1284	1137	1073	840	1033	936	1097	1203	1268	858	1229	1432	1059	884	1371	1177	946	1448	1183
815	903	772	1065	528	1191	1716	2306	1172	1153	1201	665	590	1193	350	1923	1213	1236	507	1241	1070	1767	614	275	738	1111	504	559	574	0	507	916	2299	921	1195	829	1230	1100	1045	943	637	0	917	911	547	528	537	954	810	1281	580	2746	841	751	1073	584	664	983	979	2237	590	897	1168	350	693	1527	766	986	972	2279	770	601	509	556	859	561	683	282	919	941	773	956	405	1002	868	610	0	805	1041	926	756	670	921	1170	1165	2235	509	584	1198	1150	876	438	1195	356	916	614	1152	916	660	1035	779	1034	626	595	985	634	899	0	76	390	693	606	920	252	329	2194	614	590	2111	1002	644	844	1042	838	669	350	872	538	1075	1096	1178	971	546	459	903	665	922	1555	915	993	2696	553	1168	964	846	926	992	2153	561	525	350	616	781	931	689	588	315	2930	1236	783	662	513	741	1003	536	501	905	737	1590	940	668	458	1302	348	1193	548	1138	1926	795	738	810	348	642	738	2463	625	1224	1027	1155	699	634	653	1718	1203	1024	853	667	1001	739	833	916	1198	464	890	1095	846	634	1164	1003	750	1109	1074
371	724	443	865	79	845	1285	1805	665	664	1588	849	281	847	206	1420	766	888	0	968	723	2256	210	764	249	1589	16	152	939	507	0	446	1793	450	948	385	733	600	695	524	697	507	549	1233	824	79	124	456	1128	796	893	2289	400	419	881	589	543	491	533	1844	281	716	662	206	278	1902	1168	626	470	1848	1227	646	822	423	425	926	247	390	501	1288	1007	483	801	724	675	528	507	344	690	455	398	541	448	912	805	1785	896	589	850	767	407	172	747	853	499	982	772	1419	558	855	294	594	220	550	581	290	431	507	442	896	278	523	605	671	645	1696	210	281	1610	727	324	407	691	387	280	206	403	840	718	606	735	561	466	83	726	849	604	1889	428	728	2240	882	1540	512	449	746	589	1743	86	143	206	514	297	612	820	513	525	3390	798	385	232	949	363	605	901	945	539	391	1091	442	1166	75	1700	777	846	277	645	1429	325	236	1128	777	562	236	2014	1106	878	1397	774	567	290	449	1367	846	671	448	390	726	397	395	446	850	875	394	593	449	290	720	605	404	606	715
113	592	297	664	396	486	840	1402	373	246	1815	1000	368	488	566	1026	321	520	446	667	387	2683	305	1188	200	2022	457	356	1203	916	446	0	1410	6	679	102	333	232	364	151	1109	916	254	1677	1047	396	378	134	1332	366	1126	1843	99	293	685	699	567	416	104	1408	368	585	397	566	233	2103	1435	305	166	1402	1541	760	1070	817	103	1192	234	703	142	1733	1164	41	1106	477	973	600	916	110	359	11	257	559	9	639	437	1338	1181	699	487	379	39	480	303	1230	145	1241	387	1830	932	680	154	163	294	640	209	319	16	916	863	1301	233	597	360	1110	938	1286	305	368	1207	482	334	105	359	87	267	566	44	1076	371	194	292	186	869	526	596	1000	356	2049	64	496	1794	1129	1754	80	180	606	214	1302	451	538	566	577	151	358	1240	908	971	3832	357	193	254	1390	235	232	1171	1267	253	278	834	127	1584	467	2147	1217	485	658	238	1018	122	232	1332	1217	614	232	1567	1452	513	1843	388	566	319	800	964	474	344	164	373	482	281	107	0	487	1319	113	240	180	319	277	232	274	256	366
1523	1838	1665	1796	1772	1456	981	152	1131	1164	3188	2367	1778	1456	1961	387	1203	1436	1793	1623	1498	4038	1711	2557	1563	3367	1797	1753	2605	2299	1793	1410	0	1404	1692	1511	1078	1201	1504	1451	2256	2299	1539	2888	2442	1772	1770	1346	2707	1055	2522	951	1504	1672	1814	2077	1930	1365	1384	1203	1778	1835	1142	1961	1644	3451	2835	1514	1326	959	2950	2134	2472	1994	1495	2596	1639	2112	1469	2961	2522	1370	2517	1652	1936	1977	2299	1517	1503	1399	1645	1921	1403	1668	1434	790	2589	2077	1449	1389	1446	1879	1215	2632	1473	2642	1394	3212	2042	1839	1526	1350	1701	2019	1443	1729	1426	2299	2236	2689	1644	1976	1615	2451	2349	235	1711	1778	241	1658	1740	1505	1503	1497	1678	1961	1451	2474	1478	1217	1235	1443	2048	1852	1842	2367	1611	3364	1395	1679	929	2529	3121	1389	1546	1837	1440	1079	1752	1813	1961	1955	1525	1605	2390	2062	2262	5126	1206	1590	1659	2716	1636	1441	2575	2678	1548	1668	821	1361	2958	1841	3393	2552	1452	1871	1173	424	1519	1560	2707	2552	1980	1560	874	2862	1443	3081	1392	1917	1729	1918	1349	1424	1509	1532	1765	1657	1669	1512	1410	1449	2635	1412	1204	1546	1729	1245	1441	1659	1190	1474
119	597	303	668	401	487	837	1396	367	240	1821	1006	374	489	571	1020	318	520	450	669	389	2688	310	1193	204	2027	461	361	1209	921	450	6	1404	0	681	108	327	225	366	154	1111	921	258	1680	1053	401	384	130	1338	361	1132	1839	105	299	689	705	573	413	104	1406	374	590	392	571	239	2109	1442	308	162	1399	1547	766	1076	819	108	1198	239	708	146	1737	1170	35	1112	480	974	606	921	115	361	5	263	565	5	641	438	1334	1187	705	488	379	44	485	300	1235	149	1248	387	1836	934	684	158	162	299	646	210	325	22	921	868	1306	239	603	364	1115	944	1280	310	374	1201	486	340	111	362	93	273	571	49	1082	373	188	289	188	872	530	601	1006	360	2055	62	500	1790	1136	1760	79	185	611	216	1299	454	541	571	583	155	362	1243	910	975	3836	354	199	260	1395	241	234	1177	1273	257	284	828	123	1589	472	2151	1222	486	660	232	1012	127	235	1338	1222	619	235	1563	1458	514	1847	388	572	325	802	963	474	347	169	379	485	287	113	5	488	1324	111	234	185	325	274	234	280	250	368
650	298	505	149	869	255	765	1622	990	767	1587	832	678	255	912	1326	576	261	948	74	298	2851	738	1451	800	2247	964	796	1144	1195	948	679	1692	681	0	643	840	836	317	527	1636	1195	435	2094	971	869	825	807	1143	773	1040	1756	630	529	155	649	533	1095	589	1124	678	302	1026	912	682	1806	1332	374	837	1244	1503	670	1025	1372	606	1139	720	912	538	2131	945	684	1143	224	1600	591	1195	696	322	683	554	527	687	40	297	1266	1164	649	261	363	690	845	575	1371	536	1166	354	1987	1506	195	770	557	730	616	472	659	679	1195	1183	1496	682	594	348	1444	1011	1494	738	678	1452	221	627	619	321	654	670	912	689	1011	318	762	561	494	1413	1026	299	832	350	1696	743	220	1705	1065	1514	610	538	278	468	1077	1005	1086	912	581	768	344	1749	1461	1399	4060	547	586	728	1706	592	451	1129	1293	441	557	1393	803	1783	913	2495	1543	259	1223	787	1269	723	850	1143	1543	564	850	1465	1490	256	2222	356	499	659	1391	578	286	335	548	570	222	552	629	679	261	1659	790	855	538	659	561	451	545	867	323
14	517	206	608	323	483	903	1499	468	347	1713	899	267	485	478	1125	387	522	385	642	369	2596	215	1103	164	1939	398	272	1101	829	385	102	1511	108	643	0	435	332	343	143	1070	829	208	1618	945	323	298	217	1230	461	1024	1920	16	198	628	598	469	471	152	1458	267	510	489	478	137	2003	1333	276	250	1468	1440	660	968	783	42	1090	147	605	121	1672	1063	141	1006	428	970	500	829	53	338	113	160	462	110	604	438	1412	1080	598	486	391	75	391	369	1135	121	1139	397	1740	906	618	127	211	203	540	204	218	87	829	780	1211	137	497	303	1033	838	1382	215	267	1305	433	232	25	338	16	168	478	71	974	359	296	354	182	832	468	521	899	300	1951	143	443	1870	1027	1653	135	107	534	211	1358	407	495	478	477	125	304	1198	875	908	3753	416	95	167	1314	134	229	1069	1167	202	180	931	206	1496	392	2079	1140	483	624	340	1115	80	211	1230	1140	515	211	1640	1353	514	1779	399	471	218	779	990	478	320	95	272	432	184	14	102	486	1245	169	340	107	218	339	229	177	355	354
446	856	610	879	701	591	664	1076	195	91	2141	1322	701	592	885	696	274	603	733	800	554	2989	632	1496	491	2323	740	676	1535	1230	733	333	1078	327	840	435	0	135	545	405	1316	1230	512	1922	1378	701	694	277	1658	108	1457	1583	429	612	901	1023	883	437	328	1249	701	850	236	885	565	2423	1768	520	265	1189	1874	1083	1403	1025	425	1525	561	1033	416	1986	1484	293	1439	695	1094	922	1230	438	541	321	580	875	325	803	545	1095	1515	1023	588	477	367	802	269	1555	421	1574	486	2146	1115	908	451	317	622	964	422	653	349	1230	1171	1619	565	920	611	1404	1272	964	632	701	881	702	667	433	542	420	600	885	372	1408	532	138	281	412	1081	802	860	1322	607	2360	317	721	1536	1462	2079	326	487	864	422	1125	709	784	885	900	449	604	1452	1110	1239	4118	313	520	581	1679	565	431	1504	1600	518	602	556	291	1896	772	2410	1509	589	876	94	696	441	496	1658	1509	932	496	1322	1783	602	2101	485	877	653	979	911	564	537	472	700	701	605	438	333	588	1604	340	147	487	653	279	431	596	139	527
342	804	527	852	572	602	777	1205	156	101	2046	1232	591	604	759	822	318	623	600	806	538	2856	513	1364	362	2189	607	552	1429	1100	600	232	1201	225	836	332	135	0	523	343	1184	1100	456	1787	1276	572	568	145	1563	222	1355	1716	331	525	873	931	798	328	265	1362	591	798	190	759	452	2335	1662	482	130	1314	1761	992	1297	893	333	1418	443	913	347	1851	1396	197	1325	663	976	832	1100	324	519	220	489	790	222	796	553	1226	1404	931	601	485	259	678	306	1431	351	1468	494	2016	986	875	325	280	504	872	378	544	245	1100	1040	1490	452	829	561	1270	1158	1096	513	591	1010	669	563	336	519	316	490	759	263	1304	518	74	310	362	948	668	808	1232	557	2281	198	686	1669	1357	1986	253	405	815	380	1242	574	649	759	809	323	557	1320	979	1104	3983	361	425	462	1545	467	394	1396	1484	459	510	605	160	1765	642	2275	1375	600	742	71	828	322	364	1563	1375	845	364	1454	1664	620	1966	493	796	544	850	989	580	510	390	605	668	513	338	231	601	1469	211	22	405	544	301	394	506	31	512
352	335	275	334	621	150	696	1458	679	463	1690	877	465	153	716	1121	309	195	695	303	27	2782	489	1318	507	2146	711	552	1151	1045	695	364	1504	366	317	343	545	523	0	214	1393	1045	146	1904	978	621	582	490	1215	496	1056	1736	328	298	356	610	461	779	272	1191	465	331	713	716	417	1947	1368	69	520	1247	1512	657	1019	1113	302	1143	450	776	228	1950	1024	367	1103	154	1313	518	1045	396	5	368	304	453	372	277	119	1226	1151	610	156	121	379	635	301	1291	226	1182	119	1914	1241	364	471	242	478	557	156	428	366	1045	1015	1395	417	519	132	1280	947	1332	489	465	1273	160	408	317	4	351	418	716	379	1015	31	451	283	178	1159	778	339	877	129	1863	428	181	1685	1071	1622	293	249	336	150	1110	736	823	716	499	469	120	1515	1204	1193	3968	298	310	463	1556	334	134	1127	1265	155	318	1101	487	1687	678	2340	1385	152	957	480	1081	424	555	1215	1385	510	555	1446	1462	184	2050	123	438	428	1118	681	158	23	254	378	160	314	329	364	156	1497	477	542	249	428	278	134	304	554	32
155	461	214	518	458	344	774	1426	497	314	1744	922	357	346	595	1063	273	381	524	517	237	2706	337	1219	306	2055	538	400	1156	943	524	151	1451	154	527	143	405	343	214	0	1213	943	113	1755	991	458	428	282	1261	397	1071	1803	127	222	539	627	483	567	78	1321	357	454	527	595	257	2021	1384	154	313	1340	1506	685	1022	926	101	1146	279	699	24	1807	1082	160	1078	329	1108	527	943	193	208	156	199	474	159	487	297	1292	1143	627	346	248	166	508	256	1230	26	1192	254	1845	1049	536	266	100	325	568	62	310	152	943	900	1317	257	525	219	1159	912	1305	337	357	1234	335	307	118	209	146	275	595	166	1024	223	281	238	39	976	608	465	922	215	1955	215	349	1752	1079	1680	90	100	472	69	1224	550	638	595	504	263	215	1340	1018	1044	3873	293	160	297	1439	203	87	1126	1241	116	222	945	276	1606	525	2211	1265	344	768	320	1042	220	351	1261	1265	532	351	1519	1432	373	1913	255	474	310	921	846	336	193	90	317	334	222	131	151	346	1373	263	358	100	310	224	87	211	372	219
1058	1385	1136	1539	773	1542	1942	2305	1172	1274	1793	1293	958	1544	741	1927	1428	1584	697	1661	1420	1861	906	649	912	1205	681	844	1201	637	697	1109	2256	1111	1636	1070	1316	1184	1393	1213	0	637	1247	631	1183	773	815	1065	1442	1406	1217	2898	1086	1112	1552	1144	1166	910	1208	2517	958	1378	1147	741	975	2118	1367	1323	1063	2495	1318	1180	1146	293	1112	1189	943	828	1191	707	1409	1137	1032	1415	378	1129	637	1022	1387	1114	1094	1168	1108	1602	1501	2411	1132	1144	1547	1460	1073	794	1410	886	1190	1239	1466	1171	214	1522	957	1269	916	1132	1273	979	1096	637	585	809	975	1124	1300	497	964	2216	906	958	2120	1417	1009	1095	1388	1069	976	741	1070	1175	1415	1220	1400	1251	239	615	1387	1293	1300	2168	1070	1416	2851	1188	1771	1185	1145	1409	1280	2408	663	575	741	1124	960	1308	136	205	321	2876	1465	1082	929	606	1060	1297	1165	1090	1237	1086	1449	1055	934	723	1139	526	1543	451	1248	1962	998	876	1442	526	1165	876	2638	1147	1575	828	1468	1198	979	342	2060	1542	1369	1143	1067	1416	1091	1082	1109	1547	526	1022	1169	1145	979	1386	1297	1099	1176	1412
