NAME : VRPTW_INSTANCE_278.txt
COMMENT : Bangkok Supermarket
TYPE : VRPTW
DIMENSION : 245
DAYS : Thursday
EDGE_WEIGHT_TYPE : EXPLICIT
VEHICLES : 33
EDGE_WEIGHT_FORMAT : FULL_MATRIX
CAPACITY : 1000
EDGE_WEIGHT_SECTION
0	536	1222	1634	283	2625	2526	1216	206	288	691	309	255	422	489	2163	978	977	46	402	379	1973	590	746	1190	2054	198	1953	133	394	1142	337	382	1646	582	368	513	758	935	1190	314	753	308	746	1787	1364	633	90	600	1420	529	177	213	1339	608	705	891	215	207	537	189	525	1607	119	1183	412	1132	1028	372	853	264	328	977	304	358	97	443	373	1858	111	469	208	215	891	214	1058	358	1028	88	1121	394	1231	525	584	101	371	768	1924	412	462	35	1888	541	1505	1426	1056	619	622	201	133	356	359	3713	127	298	538	212	815	379	372	395	231	93	367	975	365	745	376	529	193	231	439	1080	379	604	1108	428	154	1221	778	993	650	395	1425	957	35	368	523	420	1318	1026	464	386	608	1017	345	192	430	148	83	150	148	248	2118	215	539	539	1124	534	403	1092	127	611	202	330	196	239	359	118	1027	409	355	2074	1218	124	111	625	399	235	907	1627	2149	454	415	601	1027	1359	350	170	369	228	131	281	623	155	245	242	578	1936	153	617	221	96	422	330	283	1771	358	481	489	212	1827	322	726	358	893	341	908	1213	128	201	2022	752	3354	208	140	497	141	1016	211	201	408	140	1480	879
536	0	733	1657	291	2272	2773	728	742	757	1152	772	432	123	760	1705	877	457	506	933	890	1552	688	1228	685	2348	734	1941	415	903	1007	506	818	2179	710	881	572	1279	859	685	793	1283	774	1128	1258	947	512	476	953	1749	897	560	586	1074	712	1218	914	718	740	898	385	20	1584	603	695	143	649	497	890	410	543	841	457	769	870	581	114	888	1720	456	635	707	751	914	567	531	806	497	575	983	903	738	20	447	610	167	1000	1883	904	483	572	1694	1064	984	1461	905	886	1123	737	415	870	176	3226	467	759	899	355	436	890	890	158	759	611	894	486	882	263	811	887	361	595	601	547	890	662	606	220	403	1158	1064	828	1131	158	1940	845	572	895	879	125	870	503	262	150	712	902	856	726	878	654	618	577	654	550	1954	374	901	901	1648	1028	897	564	602	1019	697	225	369	598	176	452	837	901	793	1538	1039	443	604	1161	148	770	523	1598	1978	84	122	701	837	1037	861	697	895	564	666	816	1065	563	781	610	996	2400	689	1060	481	611	917	225	291	1247	628	487	640	355	1496	797	1153	806	663	857	683	735	601	375	1967	1047	2843	706	615	1017	413	526	743	737	897	615	2010	820
1222	733	0	1566	939	1617	3448	6	1416	1359	1684	1367	1022	815	1489	975	866	583	1203	1583	1511	850	1025	1779	85	3050	1408	1760	1089	1521	879	1027	1546	2798	1061	1505	1279	1980	893	85	1396	1912	1370	1860	619	320	769	1184	1686	2469	1384	1173	1314	703	1040	1815	1044	1353	1405	1379	1038	734	1444	1312	38	819	90	316	1518	374	1108	1469	585	1365	1493	1233	791	1513	1392	1167	1065	1340	1424	1044	1161	537	1532	316	1281	861	1521	19	734	761	1312	868	1713	1668	1502	910	1256	1288	1686	330	1426	806	1285	1709	1412	1089	1496	892	2497	1183	1355	1379	1077	449	1511	1518	889	1414	1274	1589	249	1511	721	1539	1369	1029	1324	1048	480	1511	977	132	795	1117	1073	1428	755	1690	889	2647	838	1256	1591	1361	817	967	568	771	860	1040	857	1479	1392	1440	1301	1295	1296	1301	1125	1559	1014	1381	1381	2346	1615	1498	534	1314	1514	1408	894	1027	1327	892	1164	720	1500	1520	961	828	1156	1311	1815	878	1439	388	1447	1571	795	830	1032	720	574	1484	1392	1592	1150	1340	1478	1588	1187	1449	1340	1508	3131	1363	1585	1078	1272	1516	894	939	584	1140	897	1054	1077	915	1395	1885	1532	621	1561	630	47	1313	1026	1722	1425	2133	1339	1328	1638	1082	208	1406	1412	1492	1328	2696	900
1634	1657	1566	0	1520	1691	4126	1562	1660	1458	1376	1441	1420	1596	2124	1827	788	1942	1664	1650	1543	1549	1053	1457	1630	3633	1657	326	1575	1538	701	1315	1980	2311	1054	1551	2092	2070	799	1630	1467	1744	1446	2331	2075	1333	1146	1691	2215	2995	1215	1458	1848	894	1032	1598	762	1534	1629	1203	1526	1638	145	1745	1555	1574	1527	1731	1566	1429	1371	1550	1944	1445	1543	1550	1581	1555	536	1697	1167	1527	1663	762	1421	1956	1953	1731	1720	724	1538	1586	1638	1213	1717	1608	2403	336	1483	1234	1640	719	1614	1844	208	795	1056	1521	1662	1575	1553	1639	3221	1725	1442	1203	1712	1325	1543	1566	1694	1606	1587	1818	1529	1566	1884	1976	1204	1556	1865	1200	1922	1543	1051	1593	1467	1691	515	972	867	1444	1694	2594	822	1640	1819	1205	1596	2414	1962	1410	1624	1032	773	1540	1630	1380	1553	1631	1784	1553	1386	754	1505	1203	1203	2310	1488	1488	1974	1756	1248	1795	1556	1536	1873	1639	1701	882	1483	1957	2424	737	1700	1735	1776	1684	1654	1295	159	792	1624	1619	1040	882	1046	1541	1723	1821	1406	1636	1650	1326	1481	1655	1877	1281	3251	1643	1329	1427	1580	1488	1556	1520	2016	1276	1220	1149	1712	1142	1456	2273	1953	1044	1842	1024	1518	1757	1523	440	1000	3095	1526	1766	1592	1563	1535	1624	1662	1474	1766	2512	836
283	291	939	1520	0	2367	2729	934	478	467	861	481	148	168	667	1881	789	749	269	657	604	1696	480	937	910	2274	470	1826	149	617	945	242	637	1899	491	596	575	1041	756	910	503	1003	483	988	1512	1086	412	259	825	1650	614	268	418	1099	504	930	758	433	470	617	100	275	1470	382	901	149	849	759	606	570	257	556	749	478	584	301	180	603	1672	248	393	422	487	758	275	821	618	759	349	922	617	949	275	350	377	133	941	1782	614	286	317	1680	780	1227	1315	849	627	833	474	149	585	147	3430	272	468	617	205	536	604	606	207	484	338	650	693	598	542	631	606	90	433	356	835	604	472	827	146	211	1058	806	779	840	207	1708	763	317	651	598	166	1146	795	188	154	504	824	570	456	587	373	356	380	373	261	1924	83	620	620	1406	738	608	855	386	732	477	67	88	439	147	248	805	612	610	1809	1005	242	379	889	202	503	629	1487	1952	208	174	494	805	1102	575	453	652	273	402	545	774	273	513	448	708	2214	424	769	191	337	627	67	0	1494	352	300	404	205	1572	506	986	618	651	624	669	930	386	89	1875	786	3072	421	400	732	142	734	472	474	606	400	1759	705
2625	2272	1617	1691	2367	0	5043	1619	2768	2624	2771	2619	2373	2310	3016	835	1727	2197	2626	2868	2767	787	2139	2871	1697	4620	2761	1567	2502	2770	1574	2315	3001	3866	2168	2767	2845	3320	1780	1697	2653	3110	2625	3355	1575	1333	1997	2625	3190	4010	2496	2500	2785	1298	2135	2974	1913	2661	2745	2485	2441	2266	1563	2739	1645	2303	1673	1933	2784	1863	2407	2744	2199	2620	2755	2590	2284	2774	1155	2615	2249	2650	2775	1913	2471	2141	2980	1933	2706	1586	2770	1623	2266	2041	2726	2356	3270	1461	2728	2176	2651	976	2910	1594	1754	1625	2330	2871	2766	2502	2763	2388	1585	2640	2613	2486	2558	1849	2767	2784	2409	2739	2637	2957	1818	2779	2329	2995	2480	2450	2799	2259	2082	2767	2100	1744	2230	2577	1621	2365	1667	2815	2409	3959	1733	2651	2959	2475	2312	2514	2177	2179	2357	2135	1686	2745	2737	2631	2637	2673	2746	2637	2427	988	2414	2487	2487	3650	2798	2728	2131	2745	2596	2828	2350	2439	2805	2388	2615	1623	2726	2974	1762	1470	2609	2733	3073	2397	2780	1756	1542	957	2307	2332	2136	1623	1266	2749	2783	2960	2456	2706	2803	2687	2522	2786	2815	2612	4543	2724	2686	2417	2632	2739	2350	2367	1517	2372	2157	2229	2558	797	2646	3350	2980	1733	2951	1720	1591	2745	2431	1408	2382	1612	2648	2759	2871	2492	1785	2743	2766	2717	2759	3940	1834
2526	2773	3448	4126	2729	5043	0	3445	2468	2668	2824	2685	2773	2748	2062	4404	3502	2900	2507	2485	2589	4298	3112	2777	3376	512	2471	4451	2620	2595	3664	2863	2155	2641	3100	2580	2201	2120	3460	3376	2659	2500	2680	1796	3765	3711	3138	2493	1926	1134	2914	2693	2326	3822	3128	2627	3412	2593	2498	2927	2679	2781	4118	2408	3415	2760	3380	3139	2565	3181	2788	2578	2897	2681	2587	2596	2774	2576	4384	2495	2989	2601	2464	3412	2729	2974	2181	3139	2437	3642	2595	3446	2781	3078	2432	2708	1788	4435	2651	2982	2512	4407	2552	3582	3920	3573	3069	2667	2466	2620	2576	2674	5787	2467	2683	2927	2524	3205	2589	2565	2645	2520	2555	2309	3229	2565	2726	2159	2924	2660	2309	2963	3032	2589	3130	3316	2847	2520	3746	3171	3505	2748	2645	1921	3479	2512	2308	2923	2747	2767	2932	2904	2703	3128	3539	2588	2498	2750	2581	2511	2380	2581	2769	4643	2706	2927	2927	2046	2671	2645	2994	2398	2904	2343	2727	2676	2301	2674	2493	3533	2651	2180	3877	3732	2496	2416	2410	2657	2472	3295	4139	4673	2745	2725	3122	3533	3805	2588	2411	2306	2745	2498	2476	2841	2669	2471	2294	2867	1419	2489	2838	2747	2561	2647	2727	2729	3788	2868	3000	3010	2524	4269	2670	1854	2181	3378	2283	3396	3466	2398	2687	4536	3141	5308	2602	2387	2561	2632	3264	2502	2466	2659	2387	2133	3405
1216	728	6	1562	934	1619	3445	0	1410	1353	1678	1360	1016	810	1485	980	861	581	1198	1577	1505	854	1019	1773	85	3046	1402	1756	1083	1515	875	1021	1541	2792	1055	1499	1275	1975	887	85	1390	1906	1364	1856	625	320	763	1178	1681	2464	1378	1167	1309	700	1034	1809	1038	1347	1399	1373	1032	729	1440	1307	33	813	84	314	1512	368	1102	1463	583	1359	1487	1227	785	1507	1390	1161	1059	1334	1419	1038	1155	536	1527	314	1276	857	1515	25	729	754	1306	862	1708	1665	1496	904	1251	1286	1680	336	1421	801	1279	1703	1406	1083	1490	886	2502	1178	1349	1373	1072	443	1505	1512	884	1409	1268	1584	244	1505	718	1534	1362	1023	1319	1042	479	1505	971	128	790	1111	1069	1422	750	1684	884	2642	832	1251	1585	1354	812	968	567	765	855	1034	852	1473	1386	1434	1295	1290	1291	1295	1119	1557	1009	1375	1375	2340	1609	1492	534	1308	1508	1403	888	1021	1322	886	1158	714	1494	1515	967	824	1151	1305	1809	873	1433	382	1443	1570	790	825	1026	714	572	1478	1386	1586	1144	1335	1472	1582	1181	1443	1334	1501	3126	1357	1579	1072	1266	1510	888	934	591	1134	891	1048	1072	916	1389	1880	1527	615	1556	625	44	1308	1020	1719	1419	2138	1333	1322	1632	1076	202	1400	1406	1486	1322	2690	895
206	742	1416	1660	478	2768	2468	1410	0	205	541	224	407	627	524	2342	1076	1182	242	200	208	2142	662	578	1388	1980	7	1984	332	223	1242	452	326	1440	644	195	636	570	1029	1388	206	550	220	671	1989	1538	771	280	562	1341	469	267	299	1472	675	514	954	125	30	480	378	731	1650	188	1377	615	1325	1232	193	1043	361	163	1182	220	190	185	647	198	1937	303	540	133	8	954	296	1264	298	1232	197	1223	223	1426	731	733	161	577	777	1967	261	591	170	1986	347	1705	1453	1165	606	444	5	332	184	566	3899	307	220	480	411	995	208	193	601	61	141	189	1170	186	949	323	475	391	311	521	1286	208	690	1305	620	354	1293	733	1111	487	601	1236	1061	170	191	472	624	1511	1231	647	591	675	1117	181	31	322	130	124	244	130	340	2202	401	481	481	931	366	252	1298	197	509	162	532	390	318	566	309	1150	259	306	2280	1328	317	180	419	605	30	1083	1672	2234	660	621	670	1150	1507	185	89	192	312	76	78	493	246	41	312	471	1777	53	487	356	144	267	532	478	1972	413	610	561	411	1970	218	622	298	1035	190	1048	1404	199	390	2068	704	3549	135	194	306	336	1211	36	5	261	194	1281	971
288	757	1359	1458	467	2624	2668	1353	205	0	408	22	343	634	718	2247	910	1214	334	244	153	2032	490	474	1344	2177	204	1783	356	162	1073	337	531	1443	466	149	793	696	859	1344	37	552	20	873	1957	1442	648	378	767	1539	266	198	466	1326	499	465	768	86	174	276	372	742	1452	347	1322	616	1269	1218	164	985	251	120	1214	17	137	197	648	157	1752	398	375	86	207	768	200	1288	503	1218	337	1057	162	1372	742	625	314	592	980	1769	148	471	266	1811	326	1667	1252	1005	402	366	208	356	142	593	3812	415	15	277	490	918	153	164	643	148	196	365	1124	158	997	528	271	399	481	366	1302	153	525	1261	585	434	1108	530	957	376	643	1342	898	266	366	267	632	1588	1261	594	611	499	951	124	178	141	141	228	402	141	234	2018	383	278	278	1033	271	142	1322	358	326	359	532	388	489	593	405	1001	145	510	2266	1166	410	336	466	644	196	999	1474	2051	673	637	496	1001	1377	129	282	368	209	206	195	335	194	197	487	291	1922	203	329	287	192	161	532	467	1933	252	489	395	490	1830	39	817	503	907	384	916	1341	359	382	1870	501	3484	85	361	279	353	1163	168	208	139	361	1356	802
691	1152	1684	1376	861	2771	2824	1678	541	408	0	389	722	1029	1052	2502	1053	1609	737	391	334	2263	685	101	1682	2316	545	1697	762	319	1198	674	823	1134	649	346	1176	711	1001	1682	377	368	388	1089	2298	1710	922	781	1038	1694	304	595	840	1500	678	222	858	476	519	311	773	1135	1411	724	1649	1009	1596	1586	351	1320	613	379	1610	393	350	605	1039	344	1775	803	621	482	537	858	585	1680	798	1586	725	1188	319	1699	1135	923	694	991	1278	1709	283	775	665	1875	277	2006	1189	1159	447	156	547	762	357	996	4065	817	401	310	898	1235	334	351	1048	486	598	587	1467	357	1399	823	320	803	852	636	1688	334	733	1602	960	842	1164	421	1136	75	1048	1229	1055	665	588	327	1027	1995	1655	955	1011	678	1093	360	531	274	543	620	782	543	603	2041	780	308	308	936	181	292	1713	735	180	700	928	790	859	996	809	1185	285	812	2622	1304	815	715	415	1048	515	1302	1436	2077	1069	1034	682	1185	1586	356	631	590	588	584	476	96	597	507	854	177	1876	571	99	671	594	275	928	861	2268	551	787	633	898	2001	370	999	798	1145	638	1148	1659	736	781	1814	398	3774	482	734	282	759	1503	513	547	285	734	1177	951
309	772	1367	1441	481	2619	2685	1360	224	22	389	0	354	649	739	2250	902	1229	355	248	150	2032	483	457	1352	2193	223	1766	374	158	1065	342	550	1434	458	149	816	702	852	1352	33	546	5	890	1966	1444	649	399	787	1554	245	212	488	1322	490	454	757	108	194	256	388	757	1437	369	1329	631	1276	1230	165	993	258	125	1230	4	137	218	662	156	1740	419	370	108	226	757	211	1303	523	1230	360	1049	158	1379	757	627	336	608	1000	1753	136	473	288	1801	320	1676	1236	998	385	353	227	374	144	610	3814	436	13	256	510	924	150	165	660	166	218	379	1133	160	1014	548	250	416	504	363	1316	150	519	1270	597	455	1096	509	952	359	660	1344	891	288	380	247	647	1606	1276	604	627	490	944	126	198	120	163	250	424	163	242	2007	398	257	257	1034	257	131	1337	380	304	380	547	405	511	610	426	996	134	530	2277	1159	432	358	465	661	214	1004	1459	2040	689	652	488	996	1375	129	303	382	219	228	209	314	210	214	509	269	1928	224	308	299	213	150	547	481	1942	250	490	390	510	1826	28	832	523	906	401	915	1348	381	398	1855	480	3490	107	383	273	371	1172	188	227	127	383	1354	794
255	432	1022	1420	148	2373	2773	1016	407	343	722	354	0	311	719	1935	728	888	267	561	491	1734	367	802	1002	2306	400	1732	157	502	891	107	637	1787	370	485	675	978	687	1002	381	894	357	1000	1614	1131	378	281	850	1673	467	151	447	1084	388	809	662	331	391	469	107	415	1380	373	983	289	931	875	497	647	110	448	889	352	472	223	319	492	1612	282	262	318	416	662	143	958	614	875	341	869	502	1033	415	331	356	281	999	1696	491	209	279	1636	668	1325	1212	802	483	707	404	157	475	295	3493	311	342	469	295	590	491	497	354	396	268	594	783	490	689	631	458	139	465	226	967	491	370	919	242	271	981	661	738	706	354	1643	706	279	595	450	309	1294	933	251	302	388	766	458	380	450	283	301	393	283	118	1870	90	472	472	1336	611	485	991	381	586	456	214	119	472	295	285	772	488	610	1922	964	284	366	793	350	426	677	1399	1899	352	320	379	772	1108	464	410	597	136	338	461	633	166	435	479	563	2179	358	628	56	264	504	214	148	1591	205	227	277	295	1575	382	981	614	639	580	654	1006	381	105	1791	639	3152	317	394	620	145	822	391	404	482	394	1677	632
422	123	815	1596	168	2310	2748	810	627	634	1029	649	311	0	705	1778	831	580	396	815	768	1610	593	1105	776	2311	619	1890	296	782	973	390	731	2060	611	760	553	1174	806	776	670	1164	651	1059	1365	1000	452	371	888	1700	778	437	500	1077	617	1096	841	596	623	779	263	107	1532	500	777	24	727	605	768	464	422	719	580	646	748	461	26	766	1696	352	528	585	636	841	444	653	716	605	470	949	782	823	107	385	503	52	963	1838	781	387	458	1684	943	1085	1396	872	775	1000	622	296	749	78	3312	368	636	780	262	461	768	768	106	641	493	785	566	761	378	724	768	240	511	492	668	768	573	695	130	302	1110	954	797	1008	106	1839	801	458	787	760	2	984	626	186	47	617	860	734	609	755	533	503	481	533	428	1938	251	782	782	1543	906	775	687	500	898	595	102	247	515	78	349	814	779	705	1653	1017	341	499	1044	94	654	554	1548	1964	40	24	607	814	1057	739	588	787	441	551	699	942	440	664	527	875	2317	573	937	358	492	794	102	168	1350	510	395	535	262	1524	674	1074	716	644	752	664	812	500	252	1925	936	2939	585	514	896	293	607	625	622	774	514	1901	762
489	760	1489	2124	667	3016	2062	1485	524	718	1052	739	719	705	0	2464	1444	1061	460	666	722	2311	1076	1069	1435	1609	522	2442	562	736	1605	816	244	1732	1070	709	256	720	1406	1435	727	940	736	379	1964	1703	1076	438	205	994	984	666	276	1764	1095	968	1376	631	552	994	620	762	2093	383	1452	713	1408	1221	702	1164	752	683	1060	735	708	577	732	710	2330	436	957	633	526	1376	703	1150	263	1221	404	1583	736	1493	762	1016	414	660	280	2411	781	925	486	2345	808	1711	1915	1512	1099	929	519	562	700	628	3971	408	732	994	464	1166	722	702	611	585	546	483	1245	697	825	241	987	599	258	926	1193	722	1086	1360	790	458	1700	1245	1444	989	611	1301	1421	486	483	983	704	1234	1108	845	658	1095	1481	701	544	846	590	503	339	590	737	2585	646	995	995	1054	871	772	1181	371	1033	361	670	615	250	628	434	1471	779	246	2196	1671	437	393	786	623	545	1260	2113	2614	712	684	1087	1471	1758	704	438	482	717	513	578	1014	644	551	246	995	1668	515	1008	701	553	785	670	667	1964	848	943	976	464	2227	738	434	263	1318	426	1336	1495	370	627	2508	1217	3565	634	364	783	575	1285	558	519	783	364	1425	1351
2163	1705	975	1827	1881	835	4404	980	2342	2247	2502	2250	1935	1778	2464	0	1480	1505	2151	2487	2400	278	1818	2603	1037	4020	2335	1853	2030	2408	1379	1911	2508	3636	1853	2397	2254	2913	1529	1037	2282	2788	2254	2833	752	805	1602	2137	2659	3444	2200	2082	2278	1054	1823	2671	1693	2260	2326	2192	1974	1705	1681	2263	1012	1778	1056	1269	2412	1315	2001	2365	1507	2249	2384	2157	1752	2405	1384	2122	1899	2247	2350	1693	2062	1433	2492	1269	2231	1378	2408	973	1705	1623	2259	1829	2688	1738	2378	1776	2195	1192	2567	834	1792	1377	2060	2563	2339	2030	2390	1856	1566	2141	2240	2192	2040	1348	2400	2412	1860	2330	2201	2525	1219	2406	1686	2501	2184	1971	2289	1895	1375	2400	1770	1107	1735	2075	1517	2155	1380	2526	1860	3578	1469	2195	2527	2177	1780	1744	1474	1698	1824	1823	1447	2372	2315	2297	2218	2229	2254	2218	2020	1377	1948	2194	2194	3271	2475	2376	1416	2266	2322	2358	1845	1966	2293	1856	2120	1330	2376	2482	930	1274	2112	2260	2714	1848	2362	1258	1669	1365	1762	1795	1819	1330	932	2376	2332	2528	2048	2270	2395	2408	2100	2370	2305	2326	4093	2291	2405	1988	2197	2391	1845	1881	700	2003	1759	1882	2040	688	2278	2852	2492	1358	2504	1354	969	2266	1962	1735	2163	1302	2246	2280	2521	2022	1179	2326	2339	2367	2280	3604	1569
978	877	866	788	789	1727	3502	861	1076	910	1053	902	728	831	1444	1480	0	1159	994	1150	1045	1225	419	1155	911	3032	1071	1064	882	1047	165	641	1357	2177	444	1047	1362	1604	52	911	935	1383	907	1722	1457	744	381	1009	1577	2397	769	821	1176	447	412	1249	212	959	1050	759	824	859	707	1097	845	810	805	966	1063	651	724	1027	1161	904	1035	917	812	1054	885	1008	537	948	1083	212	787	1179	1332	966	1066	147	1047	886	859	448	1075	851	1724	1007	1003	519	995	912	1183	1185	606	106	607	1144	1076	882	1044	885	3030	1036	897	759	994	543	1045	1063	934	1038	962	1262	768	1060	1096	1352	753	846	1193	555	1150	1045	387	857	705	988	281	677	114	1092	934	2232	33	995	1264	748	831	1631	1182	645	865	412	41	1026	1045	904	949	1004	1121	949	743	1141	798	760	760	1923	1070	1004	1200	1106	875	1171	809	829	1200	885	1010	159	1001	1331	1811	258	1007	1089	1347	923	1083	529	721	1171	854	855	413	159	548	1029	1111	1265	770	1026	1098	965	844	1088	1207	888	2831	1041	964	756	956	1014	809	789	1410	665	501	517	994	948	927	1692	1332	266	1267	249	824	1106	817	1094	687	2777	947	1118	1144	870	782	1047	1076	992	1118	2214	107
977	457	583	1942	749	2197	2900	581	1182	1214	1609	1229	888	580	1061	1505	1159	0	941	1379	1343	1421	1094	1686	500	2527	1175	2190	865	1357	1246	953	1192	2623	1122	1334	814	1687	1159	500	1249	1730	1231	1440	910	893	866	904	1267	1981	1348	1017	974	1191	1117	1672	1259	1170	1184	1349	841	473	1844	1023	558	600	542	269	1341	514	998	1293	2	1226	1323	1033	569	1340	1888	882	1067	1160	1191	1259	1024	88	1187	269	999	1222	1357	575	473	815	1037	621	1231	2114	1360	902	1012	1814	1514	686	1766	1148	1319	1579	1177	865	1322	623	2938	885	1216	1349	774	617	1343	1341	582	1206	1059	1315	445	1334	243	1185	1338	815	978	1035	136	1343	1059	464	659	830	1427	1495	1075	1588	582	2331	1125	1012	1316	1329	582	472	49	681	603	1117	1170	1309	1169	1336	1105	1060	985	1105	1006	2086	831	1351	1351	2052	1485	1353	120	1019	1472	1111	682	825	978	623	877	1063	1357	1171	1136	1239	868	1026	1601	578	1212	654	1854	2103	540	577	1107	1063	1097	1314	1126	1316	1021	1109	1259	1521	1020	1222	991	1451	2729	1130	1516	938	1060	1373	682	749	917	1078	901	1067	774	1491	1253	1492	1187	898	1271	917	614	1018	831	2184	1480	2511	1160	1031	1468	865	459	1188	1177	1353	1031	2422	1137
46	506	1203	1664	269	2626	2507	1198	242	334	737	355	267	396	460	2151	994	941	0	440	422	1965	616	791	1169	2039	234	1982	124	438	1158	358	375	1682	610	411	470	779	953	1169	360	791	354	735	1761	1355	641	44	583	1407	574	212	184	1345	635	748	916	260	246	581	184	496	1633	113	1165	387	1114	1000	415	838	293	372	941	351	402	142	418	417	1878	66	497	254	250	916	248	1022	354	1000	80	1136	438	1212	496	589	108	344	740	1951	457	476	74	1903	583	1481	1456	1069	659	666	236	124	400	329	3697	81	344	582	170	805	422	415	360	272	139	389	955	408	707	369	572	180	201	466	1046	422	627	1087	415	112	1243	820	1005	695	360	1444	973	74	391	566	393	1275	989	455	356	635	1033	389	231	476	194	123	126	194	278	2136	212	583	583	1147	579	449	1057	119	657	207	309	188	209	329	72	1037	455	347	2045	1231	79	109	660	365	271	898	1653	2166	425	387	627	1037	1360	395	192	391	261	170	319	669	193	282	214	624	1944	190	663	242	143	468	309	269	1746	392	494	516	170	1829	369	723	354	898	358	914	1196	118	195	2048	794	3333	255	132	539	134	996	250	236	453	132	1505	898
402	933	1583	1650	657	2868	2485	1577	200	244	391	248	561	815	666	2487	1150	1379	440	0	108	2275	731	403	1561	1986	207	1976	519	112	1312	575	432	1245	705	104	817	454	1099	1561	215	351	243	712	2168	1681	891	480	648	1351	435	409	484	1570	738	319	997	230	194	447	556	921	1658	383	1544	801	1492	1417	87	1208	485	124	1379	247	114	355	833	98	1977	503	619	242	192	997	425	1459	407	1417	396	1297	112	1594	921	864	359	766	887	1971	167	712	367	2044	150	1882	1449	1247	601	263	205	519	106	759	4049	507	255	447	611	1149	108	87	797	174	322	197	1342	90	1147	432	447	575	493	610	1480	108	768	1478	792	553	1335	685	1201	324	797	1098	1140	367	197	447	812	1711	1427	811	782	738	1192	123	209	270	284	318	437	284	466	2244	575	447	447	788	210	162	1493	392	421	331	716	570	499	759	509	1245	167	422	2466	1407	517	377	232	801	169	1233	1681	2278	850	811	736	1245	1622	120	276	199	438	270	121	372	395	159	491	383	1680	249	367	505	322	162	716	657	2148	497	730	639	611	2075	222	635	407	1151	246	1161	1567	393	568	2074	656	3713	243	386	117	521	1382	191	205	176	386	1118	1042
379	890	1511	1543	604	2767	2589	1505	208	153	334	150	491	768	722	2400	1045	1343	422	108	0	2183	627	372	1493	2091	212	1869	477	15	1207	490	501	1296	600	12	844	560	994	1493	118	402	146	807	2105	1595	799	466	729	1455	327	341	507	1470	633	329	890	172	187	340	505	876	1549	394	1473	752	1420	1362	23	1136	403	50	1343	151	20	310	784	12	1868	488	518	183	203	890	349	1420	475	1362	397	1191	15	1523	876	777	364	723	960	1863	64	624	348	1936	176	1816	1341	1143	493	243	213	477	23	720	3965	498	160	340	591	1070	0	23	764	155	288	285	1274	25	1118	500	339	528	519	513	1437	0	666	1411	730	533	1227	582	1099	279	764	1195	1036	348	286	339	766	1697	1391	743	741	633	1087	34	201	162	238	300	451	238	386	2135	520	340	340	885	159	57	1454	404	327	366	667	520	526	720	495	1144	63	487	2411	1303	502	385	314	766	181	1152	1573	2169	806	768	632	1144	1526	28	297	288	360	258	143	292	331	173	520	288	1786	242	287	435	286	64	667	604	2083	400	641	538	591	1975	122	735	475	1056	325	1065	1493	405	516	1966	553	3637	183	401	129	477	1313	181	213	70	401	1203	937
1973	1552	850	1549	1696	787	4298	854	2142	2032	2263	2032	1734	1610	2311	278	1225	1421	1965	2275	2183	0	1584	2364	926	3894	2135	1583	1842	2190	1115	1700	2332	3396	1618	2182	2117	2711	1276	926	2065	2563	2037	2670	825	611	1384	1956	2498	3301	1965	1877	2105	788	1587	2441	1437	2051	2124	1956	1783	1548	1403	2079	883	1607	918	1164	2197	1147	1792	2152	1423	2032	2169	1957	1584	2189	1116	1942	1672	2039	2150	1437	1854	1361	2314	1164	2046	1115	2190	854	1548	1411	2071	1660	2549	1469	2157	1562	2003	928	2346	807	1514	1120	1817	2333	2139	1842	2175	1689	1804	1964	2023	1956	1869	1160	2183	2197	1700	2125	2003	2328	1074	2191	1572	2325	1948	1785	2118	1672	1301	2183	1537	982	1552	1898	1245	1902	1131	2292	1700	3372	1217	2003	2330	1941	1612	1726	1398	1509	1657	1587	1190	2157	2113	2071	2015	2033	2075	2015	1811	1131	1757	1958	1958	3063	2248	2155	1349	2083	2083	2173	1667	1777	2122	1689	1941	1080	2155	2305	1082	1007	1934	2075	2497	1688	2159	1067	1391	1123	1600	1629	1584	1080	679	2161	2140	2331	1840	2072	2190	2170	1896	2167	2133	2090	3909	2093	2168	1785	1999	2170	1667	1696	763	1783	1544	1655	1869	414	2061	2680	2314	1129	2312	1122	832	2083	1772	1471	1912	1574	2038	2097	2301	1833	1037	2123	2139	2146	2097	3386	1319
590	688	1025	1053	480	2139	3112	1019	662	490	685	483	367	593	1076	1818	419	1094	616	731	627	1584	0	785	1037	2634	657	1367	522	630	583	262	958	1819	36	629	1041	1185	369	1037	516	983	488	1320	1645	1025	258	639	1186	1996	382	419	800	844	23	857	301	542	635	374	474	668	1017	706	992	569	941	991	645	686	325	608	1096	484	617	516	586	636	1277	645	123	531	668	301	383	1144	932	991	678	566	630	1042	668	287	680	589	1356	1335	588	206	601	1324	773	1354	845	515	259	749	662	522	625	616	3382	673	477	374	661	584	627	645	675	621	558	845	834	641	949	953	365	504	817	150	1135	627	48	961	469	638	634	413	473	708	675	1819	408	601	847	359	592	1547	1132	426	608	23	461	608	631	494	537	601	739	537	343	1541	454	376	376	1510	667	589	1173	716	506	770	527	484	825	616	648	519	587	932	1982	676	647	697	934	667	667	637	1037	1573	630	613	13	519	912	611	705	848	367	618	680	590	443	671	830	508	2412	630	587	375	551	600	527	480	1609	249	200	102	661	1350	508	1282	932	460	853	464	995	716	471	1432	405	3090	530	727	732	510	865	631	662	577	727	1812	312
746	1228	1779	1457	937	2871	2777	1773	578	474	101	457	802	1105	1069	2603	1155	1686	791	403	372	2364	785	0	1775	2267	583	1775	829	357	1298	762	832	1033	750	384	1213	657	1102	1775	440	291	455	1070	2391	1810	1019	835	1036	1652	403	669	877	1602	779	150	958	532	559	411	845	1212	1498	766	1743	1086	1691	1673	385	1413	696	422	1686	461	391	667	1117	380	1867	858	717	540	572	958	662	1758	809	1673	770	1289	357	1794	1212	1019	736	1065	1281	1791	334	869	718	1970	265	2099	1275	1261	549	140	584	829	396	1067	4167	869	470	410	957	1330	372	385	1117	527	654	591	1559	391	1471	833	420	873	888	731	1769	372	833	1694	1043	900	1262	515	1237	97	1117	1140	1156	718	592	427	1103	2061	1732	1041	1084	779	1195	403	573	351	600	671	822	600	685	2132	854	408	408	853	213	343	1792	776	281	729	1003	862	894	1067	864	1287	337	825	2713	1405	871	757	369	1118	549	1399	1523	2168	1145	1109	783	1287	1687	398	665	594	667	630	506	195	667	540	887	277	1794	614	197	749	651	323	1003	937	2362	642	882	731	957	2102	434	974	809	1245	646	1249	1755	777	855	1896	493	3874	540	772	286	827	1595	554	584	339	772	1080	1053
1190	685	85	1630	910	1697	3376	85	1388	1344	1682	1352	1002	776	1435	1037	911	500	1169	1561	1493	926	1037	1775	0	2983	1380	1832	1058	1504	937	1016	1502	2786	1072	1488	1217	1948	933	0	1381	1896	1356	1809	616	406	779	1147	1633	2408	1385	1153	1270	779	1052	1804	1079	1332	1379	1381	1010	688	1510	1276	77	782	106	238	1500	362	1094	1450	502	1350	1475	1208	752	1495	1472	1129	1067	1319	1397	1079	1144	452	1489	238	1245	917	1504	74	688	762	1277	829	1651	1741	1489	907	1225	1370	1670	324	1484	858	1295	1699	1384	1058	1478	850	2541	1144	1340	1381	1035	452	1493	1500	843	1390	1248	1558	219	1493	650	1495	1370	998	1280	1047	394	1493	990	83	769	1078	1131	1445	802	1684	843	2614	881	1225	1559	1362	778	882	484	750	819	1052	905	1461	1366	1431	1277	1266	1256	1277	1110	1642	988	1383	1383	2315	1604	1484	448	1277	1516	1372	860	998	1282	850	1126	770	1486	1477	945	892	1117	1275	1793	832	1413	407	1514	1655	752	789	1045	770	654	1466	1360	1560	1134	1312	1453	1587	1166	1422	1295	1507	3085	1335	1583	1059	1245	1502	860	910	589	1133	895	1057	1035	1001	1381	1837	1489	656	1527	668	127	1276	998	1798	1440	2164	1318	1290	1622	1052	180	1380	1384	1479	1290	2669	936
2054	2348	3050	3633	2274	4620	512	3046	1980	2177	2316	2193	2306	2311	1609	4020	3032	2527	2039	1986	2091	3894	2634	2267	2983	0	1984	3958	2156	2097	3196	2391	1676	2154	2620	2083	1778	1610	2989	2983	2166	1989	2188	1313	3420	3295	2678	2029	1455	638	2418	2215	1862	3373	2649	2117	2932	2106	2010	2430	2217	2354	3630	1935	3015	2320	2976	2750	2067	2758	2312	2083	2526	2190	2090	2118	2337	2078	3910	2033	2511	2114	1976	2932	2251	2607	1702	2750	1966	3176	2097	3050	2354	2621	1957	2267	1349	3946	2153	2515	2037	3942	2046	3214	3428	3109	2576	2160	1979	2156	2080	2234	5454	2006	2193	2430	2073	2771	2091	2067	2211	2031	2076	1815	2820	2067	2333	1681	2428	2200	1846	2485	2663	2091	2655	2917	2400	2063	3269	2671	3044	2241	2211	1428	3012	2037	1814	2428	2309	2461	2564	2455	2264	2649	3071	2092	2011	2253	2098	2032	1913	2098	2293	4172	2244	2431	2431	1536	2167	2147	2631	1926	2402	1864	2280	2215	1839	2234	2032	3074	2152	1702	3567	3270	2036	1943	1901	2223	1982	2864	3652	4203	2312	2288	2643	3074	3367	2092	1929	1812	2267	2016	1983	2337	2192	1981	1831	2366	1002	2005	2333	2276	2082	2148	2280	2274	3437	2387	2534	2531	2073	3835	2177	1360	1702	2926	1793	2943	3063	1926	2225	4048	2642	4996	2115	1914	2058	2168	2857	2014	1979	2161	1914	1644	2932
198	734	1408	1657	470	2761	2471	1402	7	204	545	223	400	619	522	2335	1071	1175	234	207	212	2135	657	583	1380	1984	0	1982	324	227	1237	445	327	1448	639	200	631	578	1024	1380	207	557	219	674	1981	1531	765	273	563	1345	468	261	294	1466	670	521	950	123	30	479	370	723	1647	182	1369	607	1317	1224	198	1036	354	166	1175	219	195	177	639	203	1933	296	535	130	16	950	290	1256	299	1224	191	1218	227	1418	723	726	155	569	777	1964	264	584	163	1981	353	1698	1451	1160	604	449	4	324	188	558	3891	300	219	480	404	987	212	198	593	62	134	196	1163	191	941	324	474	383	306	515	1279	212	685	1297	612	346	1289	733	1105	492	593	1244	1056	163	197	471	617	1504	1224	640	584	670	1112	185	27	324	124	116	239	124	334	2198	393	481	481	939	371	255	1290	192	511	161	524	382	314	558	302	1144	262	306	2272	1323	310	174	426	598	37	1076	1669	2230	652	613	665	1144	1501	189	86	199	306	68	85	496	239	48	308	473	1783	46	490	349	137	271	524	470	1964	408	604	556	404	1964	218	626	299	1029	195	1041	1396	193	382	2065	704	3541	131	189	312	329	1203	36	4	264	189	1288	966
1953	1941	1760	326	1826	1567	4451	1756	1984	1783	1697	1766	1732	1890	2442	1853	1064	2190	1982	1976	1869	1583	1367	1775	1832	3958	1982	0	1889	1864	947	1629	2303	2593	1371	1877	2400	2395	1084	1832	1792	2064	1771	2655	2210	1491	1437	2007	2538	3321	1541	1778	2166	1059	1347	1918	1070	1859	1954	1529	1838	1923	357	2066	1755	1868	1734	1962	1892	1676	1689	1876	2193	1770	1869	1871	1873	1881	470	2012	1484	1851	1988	1070	1740	2195	2276	1962	2040	971	1864	1779	1923	1505	2038	1905	2721	115	1809	1540	1960	666	1938	2008	531	1048	1382	1844	1986	1889	1879	1938	3139	2040	1767	1529	2022	1579	1869	1892	1991	1931	1908	2143	1761	1892	2155	2299	1530	1866	2183	1516	2155	1869	1362	1806	1761	2004	782	1297	1124	1766	1991	2909	1096	1960	2144	1531	1889	2656	2206	1703	1920	1347	1041	1866	1955	1707	1876	1953	2103	1876	1705	580	1815	1529	1529	2628	1813	1814	2210	2076	1573	2118	1857	1847	2191	1938	2016	1129	1809	2280	2550	953	2015	2056	2100	1980	1979	1536	343	613	1915	1914	1355	1129	1201	1867	2046	2147	1725	1959	1975	1650	1801	1980	2195	1606	3569	1966	1652	1742	1901	1814	1857	1826	2149	1597	1525	1465	2022	1169	1782	2598	2276	1301	2168	1281	1712	2077	1833	166	1325	3069	1850	2086	1917	1876	1760	1949	1986	1800	2086	2819	1127
133	415	1089	1575	149	2502	2620	1083	332	356	762	374	157	296	562	2030	882	865	124	519	477	1842	522	829	1058	2156	324	1889	0	491	1044	260	499	1764	522	468	525	891	843	1058	389	868	375	857	1657	1233	521	127	701	1526	553	175	294	1223	543	807	819	305	327	559	61	402	1537	237	1050	283	999	900	475	720	219	427	866	370	457	167	315	474	1767	125	411	294	341	819	200	943	478	900	204	1022	491	1098	402	467	229	247	842	1853	497	363	167	1787	649	1374	1368	953	607	715	327	0	457	242	3579	154	361	559	154	683	477	475	288	344	196	500	842	468	642	492	549	59	311	376	962	477	527	975	295	117	1138	779	887	732	288	1558	859	167	502	541	294	1232	913	332	264	543	920	443	312	490	239	208	245	239	211	2024	89	561	561	1257	622	490	977	243	656	330	199	64	318	242	128	918	495	471	1949	1114	126	233	748	289	358	775	1556	2053	331	292	534	918	1236	448	303	502	206	255	402	684	167	369	325	626	2067	278	678	152	196	510	199	149	1640	326	381	428	154	1706	395	847	478	776	474	792	1079	242	71	1949	755	3221	294	257	603	12	883	329	327	491	257	1611	789
394	903	1521	1538	617	2770	2595	1515	223	162	319	158	502	782	736	2408	1047	1357	438	112	15	2190	630	357	1504	2097	227	1864	491	0	1209	499	514	1284	603	27	859	559	996	1504	126	391	153	816	2117	1603	806	481	740	1462	323	353	522	1474	636	315	890	186	202	335	518	889	1546	409	1483	765	1430	1374	33	1147	413	66	1357	158	35	324	797	25	1867	504	523	196	218	890	360	1434	488	1374	413	1193	0	1533	889	785	379	736	973	1859	55	631	363	1936	165	1828	1337	1146	490	228	228	491	39	734	3973	513	168	335	606	1080	15	33	778	170	303	295	1285	38	1132	513	335	542	534	519	1450	15	670	1422	742	548	1226	575	1103	264	778	1190	1038	363	295	335	779	1712	1404	754	754	636	1089	48	216	158	253	315	466	253	396	2134	533	335	335	880	144	50	1468	419	316	381	680	534	541	734	510	1148	55	500	2423	1305	517	400	307	780	196	1161	1569	2168	819	781	634	1148	1531	43	312	298	370	273	157	279	344	188	535	278	1785	257	274	446	301	53	680	617	2094	406	649	542	606	1979	129	743	488	1062	336	1071	1503	420	529	1962	546	3646	197	417	117	491	1324	197	228	64	417	1196	939
1142	1007	879	701	945	1574	3664	875	1242	1073	1198	1065	891	973	1605	1379	165	1246	1158	1312	1207	1115	583	1298	937	3196	1237	947	1044	1209	0	806	1522	2311	607	1209	1513	1767	213	937	1098	1536	1071	1887	1437	698	533	1171	1741	2562	923	986	1338	326	574	1399	340	1124	1216	911	985	991	598	1261	864	954	832	1029	1226	731	889	1190	1248	1067	1198	1083	953	1216	727	1169	703	1113	1248	340	952	1256	1497	1029	1230	24	1209	899	991	598	1240	998	1883	879	1163	682	1160	747	1341	1180	547	102	755	1296	1241	1044	1206	1032	2913	1197	1061	912	1150	631	1207	1226	1078	1203	1127	1427	827	1222	1209	1517	906	1006	1355	721	1220	1207	552	895	851	1147	194	804	179	1240	1078	2390	184	1160	1429	902	973	1715	1264	791	1010	574	125	1189	1210	1063	1114	1169	1284	1114	909	980	959	913	913	2082	1225	1164	1273	1270	1022	1336	960	989	1362	1032	1171	182	1162	1495	1792	109	1168	1253	1506	1067	1249	594	608	1009	993	997	577	182	455	1192	1277	1431	936	1192	1263	1113	1010	1253	1369	1038	2993	1206	1112	920	1121	1174	960	945	1384	830	663	682	1150	807	1090	1857	1497	354	1432	333	833	1270	977	960	817	2682	1112	1282	1303	1032	833	1212	1241	1152	1282	2366	271
337	506	1027	1315	242	2315	2863	1021	452	337	674	342	107	390	816	1911	641	953	358	575	490	1700	262	762	1016	2391	445	1629	260	499	806	0	716	1770	263	487	781	1013	598	1016	373	887	346	1080	1632	1106	320	378	937	1755	396	185	542	1020	283	788	560	351	430	396	214	487	1278	456	990	367	937	912	501	655	92	454	954	340	474	279	392	494	1521	383	155	339	459	560	156	1017	691	912	425	786	499	1040	487	289	433	369	1097	1595	476	139	354	1553	662	1341	1107	722	386	682	450	260	479	388	3475	411	331	396	403	582	490	501	449	426	325	641	798	494	768	710	385	246	559	118	1021	490	269	934	294	376	885	565	663	669	449	1671	622	354	643	376	389	1375	996	281	390	283	681	461	421	415	322	365	483	322	112	1781	196	398	398	1362	588	472	1049	465	522	530	302	226	567	388	386	701	474	689	1950	885	385	447	802	443	465	662	1297	1812	431	404	274	701	1056	465	474	644	141	392	492	581	207	472	572	505	2228	409	576	116	319	489	302	242	1606	125	158	170	403	1518	370	1053	691	584	637	596	1007	465	212	1691	546	3147	338	477	615	248	836	428	450	466	477	1692	541
382	818	1546	1980	637	3001	2155	1541	326	531	823	550	637	731	244	2508	1357	1192	375	432	501	2332	958	832	1502	1676	327	2303	499	514	1522	716	0	1507	945	490	455	508	1313	1502	531	696	546	364	2068	1721	1015	378	236	1040	794	539	232	1720	974	726	1257	448	356	806	560	814	1964	264	1507	730	1459	1309	480	1193	635	470	1191	546	490	442	756	489	2234	389	835	454	324	1257	575	1280	27	1309	296	1502	514	1553	814	964	282	679	459	2282	564	844	362	2269	569	1801	1773	1437	931	692	323	499	481	654	4043	368	546	806	468	1172	501	480	660	385	400	241	1297	476	949	6	801	552	222	809	1315	501	978	1423	780	434	1593	1059	1375	756	660	1139	1338	362	241	798	729	1428	1241	826	685	974	1397	486	353	643	427	356	257	427	616	2496	588	807	807	865	641	556	1313	257	825	188	664	562	220	654	390	1410	563	27	2326	1600	397	271	542	670	338	1265	1986	2527	750	715	968	1410	1735	488	257	239	591	344	361	794	515	342	207	786	1585	337	788	602	406	566	664	637	2061	712	864	855	468	2205	542	348	27	1273	186	1289	1544	257	570	2382	1030	3660	455	243	546	510	1338	362	323	568	243	1237	1256
1646	2179	2798	2311	1899	3866	2641	2792	1440	1443	1134	1434	1787	2060	1732	3636	2177	2623	1682	1245	1296	3396	1819	1033	2786	2154	1448	2593	1764	1284	2311	1770	1507	0	1784	1304	1963	1013	2125	2786	1406	896	1430	1494	3400	2843	2049	1719	1584	1718	1437	1638	1678	2624	1813	982	1972	1465	1439	1445	1799	2166	2391	1606	2761	2045	2708	2658	1293	2426	1691	1343	2623	1436	1316	1599	2077	1297	2796	1742	1747	1477	1432	1972	1644	2704	1500	2658	1626	2304	1284	2811	2166	2043	1589	2012	1803	2641	1297	1890	1611	2928	1120	3110	2170	2283	1578	1088	1445	1764	1314	2004	5199	1741	1446	1444	1850	2350	1296	1293	2041	1419	1568	1322	2567	1301	2388	1513	1453	1819	1680	1757	2726	1296	1867	2704	2027	1793	2245	1507	2266	1114	2041	729	2181	1611	1321	1460	2058	2926	2672	2037	2028	1813	2215	1330	1454	1358	1527	1563	1651	1527	1676	3049	1816	1442	1442	748	1182	1302	2739	1611	1314	1526	1960	1814	1682	2004	1747	2316	1299	1519	3708	2420	1755	1602	1022	2046	1411	2425	2417	3086	2096	2057	1817	2316	2717	1325	1500	1321	1653	1515	1364	1229	1628	1400	1671	1310	1293	1493	1231	1730	1568	1283	1960	1899	3376	1659	1905	1761	1850	3118	1405	1382	1500	2279	1373	2283	2776	1612	1810	2741	1493	4906	1477	1601	1167	1766	2606	1436	1445	1306	1601	510	2078
582	710	1061	1054	491	2168	3100	1055	644	466	649	458	370	611	1070	1853	444	1122	610	705	600	1618	36	750	1072	2620	639	1371	522	603	607	263	945	1784	0	602	1045	1160	393	1072	490	950	463	1307	1680	1061	293	636	1175	1981	347	409	794	874	32	824	311	522	616	339	477	690	1024	697	1028	587	977	1023	619	720	318	583	1123	460	591	504	605	609	1293	643	113	512	649	311	372	1173	919	1023	670	591	603	1078	690	320	670	604	1350	1342	559	226	591	1345	743	1390	846	543	223	716	644	522	599	629	3417	671	453	339	666	619	600	619	689	600	545	825	868	615	971	940	330	508	812	145	1165	600	84	996	490	639	649	380	503	674	689	1790	435	591	826	324	610	1572	1160	449	624	32	486	582	613	463	522	589	732	522	334	1558	458	341	341	1481	635	560	1203	707	470	757	541	488	820	629	647	550	558	920	2018	702	646	687	905	682	647	672	1044	1590	649	630	33	550	944	585	690	828	356	603	658	555	432	651	824	473	2386	615	552	372	538	571	541	491	1645	233	223	94	666	1380	483	1266	919	495	835	499	1031	707	475	1440	371	3126	511	717	702	510	900	612	644	548	717	1780	337
368	881	1505	1551	596	2767	2580	1499	195	149	346	149	485	760	709	2397	1047	1334	411	104	12	2182	629	384	1488	2083	200	1877	468	27	1209	487	490	1304	602	0	831	557	996	1488	116	408	144	797	2099	1592	798	454	718	1447	335	334	495	1470	635	339	893	163	175	347	497	867	1556	381	1468	744	1415	1354	16	1131	399	40	1334	149	12	300	775	7	1873	477	519	174	190	893	344	1411	463	1354	385	1194	27	1518	867	774	352	714	949	1870	75	621	337	1940	183	1810	1348	1145	499	254	201	468	11	710	3962	487	158	347	581	1066	12	16	754	143	278	275	1268	15	1108	489	346	520	506	512	1428	12	667	1405	723	523	1231	591	1100	292	754	1195	1037	337	276	346	757	1687	1381	737	732	635	1089	26	189	170	229	289	438	229	381	2140	512	348	348	885	171	67	1445	392	337	354	659	512	513	710	484	1144	73	475	2404	1305	491	373	316	757	168	1148	1579	2174	797	759	633	1144	1525	21	284	278	355	246	131	304	324	160	507	299	1783	230	299	429	276	76	659	596	2077	399	638	538	581	1975	121	727	463	1055	314	1065	1488	393	508	1973	562	3632	174	389	136	468	1308	169	201	80	389	1206	939
