NAME : VRPTW_INSTANCE_61.txt
COMMENT : Bangkok Supermarket
TYPE : VRPTW
DIMENSION : 263
DAYS : Thursday
EDGE_WEIGHT_TYPE : EXPLICIT
VEHICLES : 34
EDGE_WEIGHT_FORMAT : FULL_MATRIX
CAPACITY : 1000
EDGE_WEIGHT_SECTION
0	347	309	150	2217	1111	1142	413	581	1221	376	128	202	46	617	1716	865	1010	212	977	1423	176	586	170	612	3379	531	612	288	1976	145	1308	827	436	394	214	174	503	1815	258	135	705	1809	404	584	1080	346	362	1525	456	309	218	355	580	410	152	120	239	442	83	212	1895	620	428	775	399	197	1994	246	491	606	241	510	14	25	1727	412	288	975	86	1016	836	1281	891	91	832	113	948	474	614	1160	91	1142	309	239	1969	1190	314	197	1016	1665	620	170	2694	83	412	133	1270	541	1934	359	578	1105	609	1300	1087	474	264	393	2999	411	3531	835	496	2774	412	125	1709	985	88	1340	590	124	1815	369	493	1028	1026	958	815	176	397	178	2714	97	62	1730	396	373	789	622	193	979	2481	431	434	206	183	520	1321	218	307	121	2712	101	1031	203	649	317	215	202	190	140	212	891	91	1369	1424	204	404	485	147	2009	1036	256	211	252	2819	85	120	197	113	2591	1122	1068	503	911	190	152	284	309	1085	223	202	1109	1121	133	625	22	386	92	474	733	242	203	423	1349	153	278	184	130	2114	377	1452	541	116	330	674	1092	3143	823	206	165	610	1154	1122	1098	1126	299	1321	207	661	1132	499	1126	743	201	300	101	1065	401	607	2046	412	673	212	492	780	1967	759	814	306	330
347	0	127	423	2236	1357	1190	740	587	1482	485	377	549	391	364	1776	1131	1341	559	1244	1215	293	570	272	881	3606	337	352	125	1650	492	1347	824	162	494	142	310	529	2124	547	416	504	2037	121	568	1160	6	15	1717	450	124	483	9	234	78	497	466	500	789	269	559	1562	280	716	861	123	167	1947	508	511	666	503	332	338	346	1911	79	125	1243	432	1283	1179	1602	876	305	854	358	1044	494	286	1346	305	1190	615	500	1729	1463	93	191	1357	1608	367	272	2997	269	740	444	1591	208	2234	687	299	1429	876	1552	1107	494	374	130	3146	78	3767	1101	160	2956	73	373	1841	1026	368	1459	342	228	2124	87	155	1329	1358	1098	1041	293	723	310	3018	277	285	1896	127	43	763	288	172	1031	2555	163	355	423	295	652	1275	388	128	370	2841	418	883	271	840	453	139	344	164	487	144	876	305	1665	1506	161	734	149	214	1962	1076	515	146	511	3022	384	466	191	358	2822	1465	1149	166	1127	164	497	577	430	1213	488	311	1165	1190	444	375	328	708	266	494	393	488	154	84	1664	394	589	306	350	2095	631	1769	339	361	634	789	1421	3278	1165	423	286	282	863	1450	1176	1380	131	1275	479	352	1390	163	1380	887	483	605	335	1411	707	612	2313	719	1017	559	154	1062	1727	1051	1150	446	634
309	127	0	424	2117	1241	1065	661	682	1369	548	381	506	355	315	1871	1021	1259	510	1133	1342	197	447	303	899	3484	252	308	22	1749	448	1223	702	127	559	106	214	402	2024	458	338	430	1916	247	445	1034	132	138	1592	324	2	492	134	324	135	460	428	512	734	250	510	1655	328	620	734	249	196	1838	519	385	539	515	239	305	318	1785	136	22	1133	394	1172	1142	1510	757	239	730	360	917	582	312	1222	239	1065	530	511	1854	1352	33	228	1323	1501	318	303	2894	250	662	374	1500	320	2131	610	269	1341	895	1436	985	582	258	254	3019	135	3646	991	273	2830	144	377	1714	901	360	1332	470	221	2024	75	267	1230	1276	1167	924	197	645	212	2915	218	255	1769	89	170	869	323	200	906	2648	122	234	325	197	527	1164	283	2	373	2714	400	794	167	719	504	108	380	126	442	108	757	239	1561	1380	192	658	263	222	1854	952	528	108	524	2897	371	428	228	360	2701	1396	1023	277	1007	126	460	488	311	1086	497	206	1040	1064	374	325	296	627	217	582	488	391	113	150	1569	307	580	207	359	2207	527	1674	258	364	547	662	1337	3151	1096	325	194	308	981	1365	1050	1266	10	1164	485	352	1276	276	1266	761	398	520	336	1347	618	488	2198	631	953	510	266	957	1851	950	1073	496	547
150	423	424	0	2360	1194	1284	456	469	1293	250	45	199	126	740	1572	941	1019	222	1051	1361	324	736	160	475	3459	664	732	402	1987	167	1450	976	546	269	318	324	653	1846	359	266	841	1894	440	734	1218	420	436	1628	606	423	70	430	641	497	146	136	91	426	174	222	1915	703	509	916	433	255	2143	99	641	752	94	645	143	126	1831	499	402	1047	128	1088	768	1303	1040	239	980	65	1084	368	707	1270	239	1284	388	91	1917	1256	420	235	943	1814	743	160	2725	174	453	245	1291	587	1972	406	692	1124	472	1377	1233	368	414	424	3112	498	3605	913	548	2875	496	50	1830	1130	67	1467	582	204	1846	470	547	1074	1034	809	915	324	441	327	2745	239	176	1840	504	437	676	711	250	1122	2335	542	580	347	331	658	1471	366	422	53	2830	62	1177	349	767	191	317	125	298	167	317	1040	239	1415	1558	262	441	538	210	2158	1180	108	316	104	2911	64	136	235	65	2670	1105	1206	555	1013	298	146	378	456	1213	75	352	1250	1261	245	749	146	437	225	368	779	368	311	507	1376	295	167	333	74	1983	485	1477	673	62	408	812	1104	3258	815	347	313	703	1143	1134	1236	1205	415	1471	61	765	1208	550	1205	872	316	382	88	1039	470	757	2108	478	660	222	546	849	1916	820	821	180	408
2217	2236	2117	2360	0	1556	1076	2074	2777	1610	2591	2345	2242	2234	1960	3933	1715	2129	2220	1684	3389	2068	1672	2349	2716	2208	1920	1976	2128	3370	2228	909	1415	2097	2608	2182	2061	1733	2099	2027	2094	1805	1382	2354	1674	1148	2241	2241	1171	1802	2119	2419	2240	2307	2196	2257	2245	2438	2239	2242	2220	3234	2207	1947	1444	2358	2277	470	2443	1749	1614	2439	1916	2228	2243	1088	2196	2128	1693	2238	1677	2538	2062	1359	2141	1394	2330	1284	2670	2153	1293	2141	1076	2036	2438	3813	1678	2148	2307	2653	720	1958	2349	2511	2242	2079	2119	2067	2359	2052	2086	2031	2066	2717	1545	1136	2670	1962	2365	1311	2195	2413	1721	2329	1401	2208	2343	807	1233	2306	983	2560	2249	2098	2152	2320	1872	2136	3159	1601	2068	2075	2058	2530	2156	2222	983	2117	2274	2977	2173	2279	1238	4691	2092	1882	2013	2061	1702	984	2000	2116	2339	982	2300	1463	2059	1639	2534	2187	2410	2183	2224	2182	1359	2141	1850	837	2278	2092	2323	2270	460	1182	2452	2181	2449	1597	2299	2245	2307	2330	1701	2335	1160	2327	1521	2183	2257	2020	1911	1200	2423	2037	1110	1102	2119	1950	2229	2060	2178	2670	2414	1996	2178	2205	2020	2066	2408	2054	2346	4318	1910	2062	1924	2333	2022	1550	2117	1354	2223	2013	2082	2153	2923	2118	1130	1587	2116	984	2406	2081	1605	2330	1587	1509	2052	2036	2315	2377	2002	1635	1762	2004	2232	2220	2320	1802	3809	1854	2142	2522	2022
1111	1357	1241	1194	1556	0	769	751	1661	142	1440	1207	1003	1095	1349	2635	255	573	978	159	2533	1068	954	1281	1352	2268	1238	1358	1235	2975	1026	854	885	1321	1458	1227	1052	918	874	852	982	1287	700	1462	954	655	1360	1372	483	987	1244	1220	1366	1562	1375	1048	1057	1230	866	1181	978	2871	1531	686	680	1461	1279	1577	1232	933	809	1230	1215	1125	1132	681	1377	1235	166	1073	133	1031	548	914	1088	826	1204	606	1562	1492	279	1088	769	808	1230	3073	168	1271	1293	1117	1365	1350	1281	1691	1181	755	977	549	1562	942	793	1376	512	1356	194	843	1562	984	1460	1966	1375	2420	281	1514	1695	1385	1208	800	769	1174	595	1678	1214	874	1314	1508	316	580	1846	319	1068	762	1052	1713	1116	1155	724	1307	1399	1865	1511	1278	735	3333	1313	1095	943	1065	738	1129	971	1239	1206	1720	1137	1286	1087	532	1382	1232	1302	1211	1026	1226	914	1088	421	764	1284	768	1504	1241	1587	774	1238	1224	1237	1719	1157	1057	1293	1204	1479	779	652	1519	253	1211	1048	827	930	496	1222	1047	737	698	977	1348	1132	761	1137	1562	1723	884	1216	1390	540	986	1145	1054	1225	3117	739	624	1252	1206	786	663	562	2125	699	943	1078	1489	2221	566	663	41	1233	1129	1208	1478	63	1517	41	554	912	815	1203	822	723	911	957	716	756	978	1507	355	3071	397	619	1372	786
1142	1190	1065	1284	1076	769	0	1027	1706	894	1517	1270	1172	1158	976	2857	792	1251	1150	819	2388	996	620	1277	1655	2597	906	991	1073	2566	1155	166	374	1069	1534	1119	988	668	1607	956	1018	843	1141	1311	621	116	1195	1198	761	742	1068	1343	1196	1303	1162	1183	1170	1362	1197	1169	1150	2442	1220	895	369	1314	1212	910	1368	685	541	1364	896	1152	1168	893	1163	1073	827	1162	833	1549	1310	340	1067	336	1254	230	1599	1168	517	1067	0	972	1362	2862	937	1098	1240	1691	631	976	1277	2335	1169	1033	1044	1308	1341	1642	1032	1038	1235	1655	889	115	1599	889	1319	1994	1162	2781	785	1304	1862	1175	1267	710	163	1230	358	1528	1178	1606	1111	1296	1029	1264	2085	631	996	1026	985	2358	1083	1148	833	1081	1231	1909	1188	1213	163	3617	1063	835	937	989	627	359	925	1064	1264	1674	1224	640	989	592	1458	1124	1336	1117	1150	1119	340	1067	1184	329	1213	1045	1297	1200	923	114	1377	1118	1374	1971	1223	1170	1240	1254	1859	1466	123	1304	591	1117	1183	952	836	273	1348	965	39	71	1044	969	1154	1009	1105	1599	1435	920	1114	1174	1308	990	1337	982	1270	3248	844	1392	914	1258	960	477	1273	2113	1271	937	1010	1166	1963	1287	105	810	1063	359	1330	1112	832	1306	810	453	977	970	1240	1481	950	577	1532	954	1238	1150	1295	848	2859	894	1195	1447	960
413	740	661	456	2074	751	1027	0	915	842	693	479	258	382	908	1914	495	601	234	601	1816	464	675	574	647	3007	798	909	645	2386	293	1187	828	780	712	597	448	585	1402	207	324	937	1448	814	673	933	741	756	1208	596	662	472	749	973	789	309	326	481	169	496	234	2301	990	133	679	810	609	1935	483	586	600	481	772	427	427	1412	790	645	597	350	638	572	868	892	435	803	481	800	820	970	870	435	1027	135	481	2370	802	680	611	744	1633	911	574	2281	496	5	295	856	945	1523	54	896	691	649	927	1015	820	446	805	2701	789	3151	469	898	2444	794	480	1452	902	452	1118	1004	536	1402	735	894	620	617	1122	508	464	17	450	2301	463	472	1434	748	774	1117	983	606	883	2643	773	652	345	465	459	1302	395	659	479	2435	406	1160	497	437	638	600	575	575	294	595	892	435	961	1240	615	19	887	561	1949	945	488	594	487	2470	432	326	611	481	2219	737	922	904	606	575	309	180	429	877	474	462	989	984	295	913	436	35	476	820	1133	285	585	803	935	354	394	457	502	2375	221	1038	811	481	123	570	681	2854	437	345	467	966	1568	711	951	758	651	1302	461	995	759	901	758	574	264	145	487	693	82	666	1652	75	307	234	893	398	2369	365	412	628	123
581	587	682	469	2777	1661	1706	915	0	1757	221	462	658	581	947	1189	1408	1431	683	1516	937	710	1109	429	576	3923	923	933	666	1714	635	1870	1365	749	203	599	718	1043	2270	826	716	1091	2361	497	1107	1653	581	588	2097	976	679	443	586	671	654	612	605	434	845	538	683	1669	783	978	1346	489	501	2518	434	1028	1165	435	915	568	555	2300	654	666	1512	595	1553	1059	1724	1424	643	1382	471	1524	107	817	1737	643	1706	857	434	1502	1717	656	471	1203	2181	949	429	3145	538	912	705	1711	594	2403	869	876	1545	569	1842	1640	107	817	478	3578	655	4067	1380	586	3344	644	463	2290	1545	500	1920	427	527	2270	673	592	1522	1445	548	1384	710	902	721	3165	624	561	2307	714	562	208	808	499	1543	1968	750	909	785	716	1096	1842	787	682	466	3293	529	1470	717	1228	279	595	378	596	636	599	1424	643	1859	1999	502	899	584	506	2533	1596	430	600	430	3380	514	605	471	471	3135	1474	1642	593	1482	596	612	846	871	1666	441	741	1675	1692	705	957	564	901	602	107	724	822	602	652	1803	732	537	724	452	1542	951	1899	926	469	878	1250	1517	3723	1211	785	696	814	854	1547	1671	1671	679	1842	454	900	1674	587	1671	1323	777	851	480	1396	938	1142	2562	945	1060	683	592	1313	1501	1281	1236	289	878
1221	1482	1369	1293	1610	142	894	842	1757	0	1535	1311	1099	1202	1487	2691	356	551	1074	243	2644	1190	1095	1391	1412	2165	1375	1496	1361	3108	1127	966	1027	1452	1554	1349	1174	1056	733	964	1096	1428	613	1584	1094	783	1485	1497	476	1124	1371	1314	1491	1691	1504	1147	1159	1323	939	1295	1074	3006	1664	793	822	1582	1396	1667	1324	1071	949	1323	1352	1235	1241	654	1505	1361	246	1177	205	1048	456	1055	1205	967	1309	743	1661	1627	384	1205	894	913	1323	3189	70	1398	1407	1112	1473	1488	1391	1550	1295	845	1088	459	1688	800	888	1512	465	1416	92	974	1661	1111	1581	1918	1503	2312	385	1641	1627	1513	1311	825	905	1279	682	1797	1329	733	1442	1635	303	554	1907	454	1190	855	1174	1572	1233	1268	717	1437	1523	1958	1645	1394	871	3373	1445	1231	1063	1187	874	1253	1094	1366	1310	1690	1239	1426	1211	668	1479	1354	1406	1332	1127	1348	1055	1205	290	852	1401	858	1630	1356	1676	907	1329	1346	1329	1635	1261	1159	1407	1309	1377	738	780	1645	395	1332	1147	937	1058	620	1316	1171	864	823	1088	1486	1243	857	1254	1661	1854	1002	1338	1519	430	1103	1231	1177	1330	3186	856	503	1389	1310	892	804	519	2082	715	1063	1200	1623	2345	515	789	106	1360	1253	1303	1614	93	1643	106	696	1025	921	1310	794	825	1052	830	816	798	1074	1634	444	3187	477	641	1469	892
376	485	548	250	2591	1440	1517	693	221	1535	0	251	436	369	847	1347	1186	1220	461	1294	1144	526	939	253	450	3701	800	836	528	1855	415	1682	1190	643	18	449	532	865	2057	609	508	976	2140	436	937	1457	480	492	1878	806	545	221	488	641	562	391	386	213	629	351	461	1797	736	758	1151	427	351	2354	213	851	978	214	787	365	350	2082	563	528	1290	378	1331	883	1511	1252	450	1201	263	1325	132	757	1520	450	1517	637	213	1706	1495	529	319	1041	2021	850	253	2934	351	690	492	1499	570	2189	647	785	1332	444	1620	1458	132	630	415	3362	563	3845	1158	545	3125	555	252	2079	1358	290	1714	474	352	2057	562	548	1302	1234	619	1165	526	680	535	2954	437	369	2091	602	476	426	754	348	1353	2118	642	755	583	533	896	1678	592	547	256	3080	311	1341	541	1016	60	445	183	438	416	448	1252	450	1640	1800	355	677	539	338	2369	1409	210	449	210	3159	301	386	319	263	2913	1276	1445	553	1263	438	391	628	680	1459	219	557	1484	1497	492	858	362	679	416	132	740	613	447	565	1589	529	321	539	246	1738	736	1686	805	260	658	1051	1306	3509	1003	583	513	754	994	1336	1474	1449	542	1678	232	832	1452	547	1449	1117	564	631	277	1202	716	968	2342	723	850	461	548	1091	1705	1059	1023	71	658
128	377	381	45	2345	1207	1270	479	462	1311	251	0	227	118	697	1588	957	1052	248	1067	1338	295	709	116	517	3475	624	690	359	1948	186	1436	953	502	269	275	296	629	1875	363	256	802	1908	396	707	1207	374	390	1635	578	380	110	384	596	452	171	153	130	462	134	248	1874	658	521	903	389	209	2121	138	617	734	133	606	118	102	1838	453	359	1064	134	1105	812	1334	1017	211	960	21	1074	358	662	1274	211	1270	399	130	1891	1276	376	189	988	1790	700	116	2755	134	476	242	1322	543	1999	427	648	1155	513	1393	1215	358	391	380	3115	452	3623	928	502	2883	450	4	1829	1113	39	1463	544	160	1875	425	502	1099	1068	833	922	295	463	300	2775	206	141	1844	460	391	671	665	204	1107	2354	498	546	333	302	646	1447	346	380	8	2831	73	1143	317	766	191	274	96	256	185	274	1017	211	1440	1549	216	465	492	165	2136	1164	146	273	142	2923	51	153	189	21	2686	1143	1195	510	1020	256	171	384	436	1208	115	324	1236	1248	242	706	118	457	190	358	735	362	268	461	1406	280	212	305	29	1989	488	1508	633	17	421	801	1137	3260	851	333	282	658	1107	1167	1225	1220	373	1447	103	721	1224	505	1220	866	314	392	45	1079	486	733	2129	494	696	248	501	866	1890	840	854	179	421
202	549	506	199	2242	1003	1172	258	658	1099	436	227	0	158	802	1703	749	826	25	857	1560	336	690	333	492	3265	706	798	485	2167	57	1337	902	633	455	415	326	599	1648	215	204	872	1703	599	688	1093	548	565	1449	575	506	216	558	782	613	56	85	227	242	282	25	2089	823	328	804	593	394	2058	229	592	668	227	683	211	205	1653	614	485	853	118	894	636	1107	969	268	894	233	958	562	815	1099	268	1172	214	227	2116	1060	514	387	816	1739	805	333	2528	282	255	162	1095	741	1773	210	770	928	492	1184	1136	562	382	586	2939	613	3410	722	696	2692	615	229	1671	1027	207	1318	767	323	1648	570	694	875	841	918	738	336	244	330	2548	288	264	1668	594	575	861	823	390	1014	2450	628	586	280	341	549	1398	321	503	229	2664	155	1165	370	615	380	417	321	392	63	414	969	268	1215	1423	401	243	685	343	2073	1075	236	412	234	2723	187	85	387	233	2476	925	1082	704	837	392	56	221	400	1067	218	351	1135	1139	162	809	221	242	290	562	933	263	404	625	1179	247	166	337	253	2142	334	1280	718	233	232	694	910	3089	629	280	331	811	1332	940	1111	1013	495	1398	204	858	1015	699	1013	735	205	211	244	865	282	699	1910	288	476	25	693	654	2115	623	628	370	232
46	391	355	126	2234	1095	1158	382	581	1202	369	118	158	0	662	1699	846	974	170	958	1443	214	615	192	573	3363	575	657	334	2014	102	1324	851	483	387	259	210	531	1785	246	140	748	1794	443	613	1092	390	406	1518	488	355	189	399	624	456	106	74	210	400	123	170	1934	666	409	789	437	237	2018	216	520	626	211	553	53	47	1720	457	334	955	40	996	790	1248	916	131	854	110	959	476	660	1155	131	1158	288	209	1992	1169	360	232	970	1691	665	192	2664	123	380	124	1237	583	1905	329	624	1071	570	1282	1107	476	293	431	2997	456	3513	817	538	2766	457	117	1710	1003	80	1344	621	165	1785	415	535	1000	989	934	805	214	366	213	2684	142	106	1726	443	416	789	668	232	995	2461	478	473	220	220	532	1347	241	353	115	2712	67	1068	243	648	309	260	207	236	97	258	916	131	1342	1433	244	372	527	186	2033	1053	225	257	222	2808	67	74	232	110	2575	1082	1080	545	903	236	106	268	332	1090	194	238	1124	1134	124	670	62	357	138	476	775	244	249	468	1317	168	235	220	131	2106	370	1420	585	112	309	686	1057	3142	784	220	204	656	1186	1086	1110	1109	345	1347	177	708	1114	540	1109	748	195	280	108	1023	378	635	2024	387	632	170	534	759	1990	735	777	297	309
617	364	315	740	1960	1349	976	908	947	1487	847	697	802	662	0	2130	1166	1481	802	1271	1430	467	406	614	1214	3518	115	16	337	1639	746	1114	604	204	857	422	479	430	2187	701	611	157	1974	452	405	979	370	360	1621	365	317	808	363	349	293	763	731	828	1012	565	802	1528	248	833	724	459	505	1632	835	415	548	830	141	614	629	1798	292	337	1273	699	1307	1433	1704	636	535	652	676	892	858	194	1263	535	976	773	827	1886	1484	324	535	1614	1294	3	614	3036	565	910	652	1695	408	2278	863	75	1546	1211	1540	874	858	462	470	2970	292	3691	1138	388	2819	302	693	1674	820	675	1296	619	537	2187	285	380	1405	1498	1463	1033	467	893	476	3058	520	567	1764	245	384	1111	215	509	836	2910	205	268	565	463	614	978	515	317	689	2650	713	538	432	820	810	423	691	441	740	423	636	535	1716	1305	500	910	385	537	1648	865	844	424	840	2909	685	731	535	676	2749	1641	970	384	1097	441	763	728	486	1075	813	457	960	996	652	10	607	873	525	858	461	623	429	294	1752	570	893	468	675	2421	725	1857	101	679	785	696	1551	3089	1345	565	471	193	987	1578	992	1380	324	978	801	138	1394	388	1380	807	652	763	652	1601	848	454	2298	860	1214	802	380	1125	1883	1131	1309	803	785
1716	1776	1871	1572	3933	2635	2857	1914	1189	2691	1347	1588	1703	1699	2130	0	2387	2212	1727	2476	1274	1874	2286	1597	1282	4782	2113	2116	1854	2281	1709	3023	2537	1937	1331	1783	1879	2212	2987	1913	1839	2279	3299	1678	2284	2789	1770	1776	3112	2152	1868	1514	1775	1823	1840	1681	1690	1496	1773	1698	1727	2309	1940	2022	2488	1671	1684	3700	1491	2198	2322	1495	2105	1706	1690	3314	1840	1854	2470	1695	2507	1695	2486	2599	1796	2547	1604	2654	1289	1982	2785	1796	2857	1916	1496	1622	2634	1845	1653	1725	3365	2133	1597	3789	1698	1909	1814	2473	1748	3139	1886	2058	2333	1279	2784	2804	1289	1976	1660	4602	1840	4895	2366	1753	4318	1829	1591	3366	2702	1627	3021	1544	1698	2988	1862	1760	2402	2219	792	2423	1874	1907	1882	3804	1784	1716	3344	1903	1748	1021	1970	1681	2694	779	1939	2094	1920	1880	2230	3024	1934	1871	1594	4346	1633	2659	1887	2318	1403	1779	1530	1777	1713	1783	2599	1796	2690	3125	1686	1895	1752	1680	3716	2752	1482	1784	1485	4313	1633	1690	1653	1604	4017	2141	2777	1758	2520	1777	1681	1924	2024	2771	1510	1904	2823	2832	1814	2141	1705	1916	1763	1289	1821	1938	1785	1836	2573	1867	1538	1886	1590	566	2036	2643	2115	1601	1933	2383	2287	4759	1999	1920	1860	1981	1634	2310	2807	2632	1867	3024	1527	2068	2627	1753	2632	2436	1883	1914	1621	2053	1970	2315	3394	1972	1894	1727	1760	2284	1625	2239	2061	1414	1933
865	1131	1021	941	1715	255	792	495	1408	356	1186	957	749	846	1166	2387	0	459	724	113	2288	838	796	1035	1105	2518	1052	1174	1012	2768	774	916	793	1112	1204	996	821	742	1020	607	740	1127	953	1231	795	676	1134	1146	724	801	1023	965	1140	1345	1157	795	805	976	615	938	724	2669	1326	437	582	1228	1040	1673	977	754	656	975	1027	879	885	926	1158	1012	112	822	152	827	570	837	849	739	954	580	1310	1292	429	849	792	558	976	2833	331	1049	1051	938	1420	1168	1035	1877	938	500	731	564	1338	1115	539	1184	455	1109	436	835	1310	763	1226	2215	1157	2667	29	1291	1950	1165	957	1008	738	924	731	1442	972	1020	1096	1285	262	472	1596	172	838	507	822	1898	878	912	959	1093	1172	1611	1309	1038	706	3094	1104	902	709	835	554	1139	742	1019	955	1960	885	1195	860	357	1129	1000	1051	978	774	994	837	849	549	886	1046	513	1280	999	1684	759	983	993	982	1974	907	805	1051	954	1729	674	668	1295	204	978	795	581	714	548	968	820	754	727	731	1167	886	507	898	1310	1509	647	985	1172	600	748	890	825	975	2864	502	702	1066	956	536	526	487	2372	508	709	847	1288	1993	504	689	263	1012	1139	954	1287	267	1293	263	437	669	566	955	692	471	759	1184	463	530	724	1284	103	2831	150	427	1118	536
1010	1341	1259	1019	2129	573	1251	601	1431	551	1220	1052	826	974	1481	2212	459	0	807	450	2364	1062	1169	1159	969	2573	1366	1485	1244	2986	875	1372	1222	1374	1237	1199	1045	1095	839	801	925	1480	1111	1413	1168	1135	1342	1357	1026	1133	1260	1011	1350	1575	1389	883	907	1012	594	1093	807	2903	1587	649	1018	1409	1207	2123	1010	1102	1047	1011	1340	1022	1020	1204	1391	1244	441	937	453	523	294	1274	1036	1175	1059	1038	1353	1564	839	1036	1251	729	1012	2927	481	1280	1206	563	1878	1484	1159	1714	1093	601	897	280	1546	976	654	1479	121	975	638	1293	1353	1026	1403	2444	1389	2696	468	1499	2128	1395	1055	1368	1193	1033	1157	1593	1134	839	1334	1496	257	16	1453	626	1062	618	1047	1733	1064	1070	1268	1345	1375	1611	1578	1203	1162	2859	1367	1214	936	1062	917	1597	983	1257	1055	2233	982	1615	1093	760	1174	1202	1145	1177	878	1197	1274	1036	478	1321	1214	607	1488	1158	2134	1217	1012	1195	1013	2106	1013	907	1206	1059	1804	215	1128	1506	661	1177	883	771	995	1001	1011	1056	1213	1185	897	1484	1032	633	1077	1353	1735	872	1187	1403	376	953	899	1053	1079	2734	756	468	1380	1059	712	942	86	2612	225	936	1065	1560	2158	115	1148	545	1249	1597	1004	1581	529	1502	545	873	862	739	1070	248	642	1142	1185	629	371	807	1495	419	2926	386	198	1167	712
212	559	510	222	2220	978	1150	234	683	1074	461	248	25	170	802	1727	724	807	0	832	1583	335	677	352	510	3240	704	799	490	2183	68	1315	885	637	480	423	324	586	1627	194	197	867	1678	613	675	1071	559	575	1424	564	510	241	568	793	621	76	100	253	229	294	0	2104	830	303	783	608	407	2039	255	579	650	252	680	222	217	1628	622	490	828	131	869	633	1087	952	270	876	252	935	587	821	1073	270	1150	189	253	2139	1035	520	402	813	1720	805	352	2507	294	230	154	1075	753	1751	185	772	908	510	1159	1116	587	373	601	2913	621	3385	697	708	2667	623	249	1646	1007	225	1294	785	335	1627	576	706	852	823	941	713	335	219	327	2527	292	275	1643	599	586	886	830	403	993	2473	631	580	269	339	529	1380	312	508	249	2639	175	1154	369	591	405	425	343	400	72	421	952	270	1193	1400	414	219	697	356	2053	1054	261	420	260	2698	206	100	402	252	2451	911	1059	716	812	400	76	199	388	1043	244	347	1114	1117	154	809	232	217	297	587	946	247	412	634	1158	240	189	334	273	2167	310	1260	715	253	207	673	891	3063	613	269	330	817	1350	921	1089	988	499	1380	229	862	990	711	988	712	190	187	262	853	257	685	1886	263	461	0	705	629	2137	599	610	395	207
977	1244	1133	1051	1684	159	819	601	1516	243	1294	1067	857	958	1271	2476	113	450	832	0	2400	951	892	1147	1193	2408	1157	1279	1125	2879	884	929	867	1222	1312	1109	934	843	918	720	853	1225	847	1344	892	703	1247	1259	642	905	1135	1073	1253	1457	1269	904	916	1083	709	1051	832	2779	1436	549	655	1341	1154	1674	1084	856	750	1082	1133	991	997	840	1270	1125	9	933	38	878	500	906	963	810	1065	625	1419	1401	391	963	819	670	1083	2946	218	1162	1165	973	1439	1273	1147	1768	1051	605	844	497	1451	1007	647	1291	416	1197	326	876	1419	875	1340	2125	1269	2555	143	1403	1851	1278	1068	948	787	1035	707	1555	1086	918	1208	1398	210	460	1687	248	951	614	935	1789	991	1025	882	1205	1285	1718	1418	1152	754	3174	1214	1009	823	948	656	1175	855	1131	1066	1879	995	1271	973	454	1237	1114	1163	1092	884	1108	906	963	447	871	1159	618	1392	1113	1685	802	1089	1106	1088	1869	1018	916	1165	1065	1619	664	697	1408	235	1092	904	693	825	558	1075	933	783	751	844	1271	999	615	1011	1419	1620	761	1098	1284	517	862	993	938	1087	2960	615	616	1171	1067	648	613	458	2284	548	823	960	1397	2106	468	714	157	1125	1175	1062	1394	158	1406	157	515	782	678	1067	696	581	853	1071	573	597	832	1397	203	2944	240	467	1227	648
1423	1215	1342	1361	3389	2533	2388	1816	937	2644	1144	1338	1560	1443	1430	1274	2288	2364	1583	2400	0	1479	1772	1253	1489	4800	1483	1414	1341	1009	1524	2536	2014	1319	1127	1323	1494	1742	3201	1681	1550	1583	3229	1097	1771	2370	1211	1204	2926	1663	1340	1357	1208	1087	1229	1507	1491	1353	1772	1351	1583	1034	1182	1851	2075	1096	1257	3038	1355	1725	1880	1355	1492	1409	1403	3122	1229	1341	2398	1470	2439	1989	2655	2057	1447	2052	1337	2258	1011	1236	2555	1447	2388	1731	1353	564	2612	1309	1241	2123	2706	1431	1253	4079	1351	1814	1556	2643	1047	3331	1765	1360	2476	1481	2723	2295	1011	1578	1093	4361	1230	4954	2259	1085	4170	1217	1337	3056	2226	1367	2673	873	1320	3201	1285	1093	2436	2378	1210	2230	1479	1801	1495	4098	1420	1378	3111	1310	1172	788	1216	1258	2235	1930	1325	1559	1595	1484	1865	2405	1575	1344	1338	4053	1411	1937	1468	2042	1191	1318	1241	1335	1523	1324	2057	1447	2776	2712	1253	1803	1093	1293	3054	2274	1353	1326	1352	4229	1385	1491	1241	1337	4012	2412	2359	1084	2322	1335	1507	1707	1636	2429	1356	1505	2366	2396	1556	1439	1401	1795	1398	1011	975	1650	1332	1217	2732	1549	1466	1494	1316	1243	1795	2830	1476	1336	1752	2005	2451	4491	2147	1595	1467	1236	507	2480	2385	2550	1347	2405	1365	1307	2555	1083	2550	2101	1621	1722	1334	2334	1821	1817	3467	1830	1994	1583	1093	2202	564	2177	2167	1199	1752
176	293	197	324	2068	1068	996	464	710	1190	526	295	336	214	467	1874	838	1062	335	951	1479	0	415	280	787	3325	369	464	183	1941	283	1160	663	316	543	159	16	338	1832	261	146	538	1754	394	413	945	296	309	1446	283	198	394	302	518	329	302	272	415	547	175	335	1850	525	425	637	392	227	1829	422	324	454	417	346	181	197	1644	330	183	950	243	990	966	1314	726	85	675	276	817	603	506	1076	85	996	332	415	2008	1169	219	250	1147	1497	470	280	2704	175	465	185	1303	502	1941	414	441	1143	784	1262	933	603	107	392	2900	329	3484	808	454	2692	336	291	1599	835	259	1222	612	182	1832	272	449	1037	1078	1128	755	0	448	16	2725	89	158	1637	284	333	914	518	227	832	2644	309	259	130	6	395	1154	97	195	287	2604	277	855	34	562	471	164	343	144	276	157	726	85	1371	1292	230	462	443	206	1844	886	431	156	428	2750	260	272	250	276	2539	1200	933	459	845	144	302	290	164	970	399	30	965	982	185	474	178	430	110	603	680	195	148	344	1374	110	448	14	287	2252	337	1479	381	279	349	546	1139	3038	900	130	13	502	1155	1168	962	1089	187	1154	383	536	1098	456	1089	631	200	322	256	1153	421	441	2021	433	760	335	448	768	2006	758	876	460	349
586	570	447	736	1672	954	620	675	1109	1095	939	709	690	615	406	2286	796	1169	677	892	1772	415	0	688	1177	3114	308	418	456	2045	651	776	257	453	955	511	412	91	1810	502	493	333	1568	691	1	598	575	578	1215	133	450	803	575	694	543	678	654	824	823	589	677	1934	627	560	319	694	608	1414	831	97	145	826	292	593	609	1396	544	456	895	634	927	1246	1357	315	498	283	691	495	1004	578	856	498	620	557	824	2260	1099	479	638	1419	1082	407	688	2645	589	678	531	1349	725	1893	647	450	1214	1176	1142	538	1004	322	700	2594	542	3286	770	687	2426	555	706	1290	456	672	908	908	587	1810	491	679	1050	1185	1543	646	415	664	409	2667	505	573	1366	462	611	1306	599	610	463	3058	446	215	411	408	251	739	376	446	702	2281	683	486	398	439	885	515	756	513	645	510	315	498	1339	940	607	684	679	606	1430	506	840	509	837	2509	671	654	638	691	2343	1354	587	687	701	513	678	516	290	675	809	385	596	623	531	403	591	642	524	1004	839	432	507	555	1394	453	837	404	702	2647	455	1498	320	694	558	293	1228	2720	1076	411	428	576	1367	1253	613	988	445	739	792	543	1004	688	988	404	487	550	671	1331	596	48	1896	607	973	677	678	774	2257	791	1023	874	558
170	272	303	160	2349	1281	1277	574	429	1391	253	116	333	192	614	1597	1035	1159	352	1147	1253	280	688	0	609	3549	555	605	282	1834	284	1441	941	412	267	199	289	617	1976	428	302	733	1979	279	686	1224	268	284	1692	554	301	213	278	482	349	276	252	229	574	109	352	1759	549	598	916	272	109	2103	236	602	735	232	539	156	149	1893	350	282	1144	224	1185	929	1438	1002	214	955	103	1094	322	558	1326	214	1277	478	229	1801	1360	289	81	1104	1768	617	0	2855	109	572	303	1426	427	2097	520	558	1259	604	1470	1213	322	387	263	3162	350	3701	1005	387	2941	346	113	1867	1116	126	1494	433	100	1976	332	387	1193	1175	869	984	280	557	291	2875	194	134	1894	370	280	635	560	104	1113	2370	410	501	361	287	668	1427	358	302	111	2871	179	1090	290	812	204	196	76	186	282	198	1002	214	1534	1570	115	562	377	84	2118	1167	243	198	239	2988	146	252	81	103	2761	1256	1212	395	1080	186	276	454	441	1240	217	311	1246	1262	303	624	148	549	172	322	618	407	196	357	1507	309	327	294	87	1971	546	1610	561	104	499	821	1243	3304	962	361	267	554	998	1273	1241	1297	296	1427	210	622	1302	390	1297	898	370	469	89	1193	569	718	2215	579	808	352	386	949	1799	927	962	194	499
612	881	899	475	2716	1352	1655	647	576	1412	450	517	492	573	1214	1282	1105	969	510	1193	1489	787	1177	609	0	3537	1139	1207	876	2287	525	1818	1395	1017	455	792	783	1088	1794	704	684	1316	2023	864	1175	1569	877	892	1830	1055	897	406	886	1074	959	499	523	386	494	650	510	2236	1155	769	1290	856	717	2549	379	1080	1161	383	1120	610	594	2031	960	876	1187	546	1224	509	1259	1461	703	1387	538	1434	551	1167	1511	703	1655	682	387	2050	1357	892	691	634	2231	1218	609	2652	650	642	646	1246	1007	1939	630	1164	1090	7	1504	1625	551	859	845	3319	959	3663	1084	977	3039	955	521	2095	1515	541	1766	925	677	1795	939	978	1129	979	495	1151	787	644	786	2670	709	651	2064	975	885	701	1168	712	1500	1996	1014	1046	766	793	1039	1890	801	897	525	3066	511	1641	816	1077	451	791	538	773	532	791	1461	703	1438	1886	723	628	968	679	2563	1562	370	790	374	3042	533	523	691	538	2759	957	1558	985	1247	773	499	704	887	1524	401	810	1617	1618	646	1224	616	657	698	551	1186	756	785	966	1344	724	341	793	539	1776	811	1429	1148	535	695	1180	1051	3477	745	766	777	1163	1425	1078	1587	1349	890	1890	414	1232	1345	979	1349	1207	698	684	562	872	714	1190	2151	713	621	510	978	1002	2050	956	796	453	695
3379	3606	3484	3459	2208	2268	2597	3007	3923	2165	3701	3475	3265	3363	3518	4782	2518	2573	3240	2408	4800	3325	3114	3549	3537	0	3422	3531	3481	5150	3292	2516	2933	3543	3719	3484	3310	3111	1819	3121	3250	3411	1571	3718	3115	2557	3610	3619	1899	3190	3486	3480	3614	3790	3612	3313	3324	3489	3094	3449	3240	5031	3738	2954	2794	3717	3544	2645	3490	3129	2979	3488	3404	3393	3401	1720	3614	3481	2411	3340	2370	3087	2295	2921	3353	2877	3472	2628	3827	3691	2265	3353	2597	3075	3489	5334	2206	3516	3558	3070	2751	3519	3549	1271	3449	3011	3246	2309	3802	1665	3054	3564	2452	3542	2082	2712	3827	3233	3717	993	3612	204	2546	3757	809	3623	3475	1897	2726	3442	2243	3938	3480	1819	3552	3750	2415	2565	4026	2571	3325	3021	3310	1272	3381	3422	1765	3537	3649	4123	3712	3542	2702	5388	3535	3301	3206	3322	2957	2809	3229	3482	3474	1254	3403	3232	3340	2766	3645	3489	3570	3470	3292	3483	2921	3353	2099	2290	3548	3024	3747	3507	2639	2691	3494	3481	3494	638	3425	3324	3558	3472	788	2645	2565	3760	2480	3470	3313	3095	3176	2443	3482	3302	2598	2555	3246	3514	3401	3022	3402	3827	3945	3150	3474	3627	2208	3251	3393	3311	3493	5308	3005	2141	3434	3474	3054	2836	2496	1075	2794	3206	3337	3689	4463	2472	2548	2254	3477	2809	3469	3656	2250	3759	2254	2729	3180	3083	3472	2731	2989	3066	1388	2981	2918	3240	3749	2610	5332	2642	2741	3635	3054
531	337	252	664	1920	1238	906	798	923	1375	800	624	706	575	115	2113	1052	1366	704	1157	1483	369	308	555	1139	3422	0	121	273	1743	652	1052	531	181	811	356	380	320	2073	592	509	178	1872	445	308	899	343	338	1524	251	254	734	339	396	281	671	640	754	907	490	704	1634	318	719	628	451	449	1614	762	305	445	757	26	531	546	1705	281	273	1159	609	1194	1332	1589	573	445	574	603	803	827	269	1162	445	906	663	754	1958	1372	271	481	1512	1275	117	555	2924	490	800	551	1580	439	2165	754	142	1431	1136	1430	811	827	351	460	2895	281	3593	1024	408	2733	293	620	1593	746	598	1213	640	467	2073	250	400	1290	1383	1420	921	369	783	376	2945	433	488	1675	210	368	1101	290	453	758	2892	177	153	457	365	502	947	407	253	616	2579	631	546	336	707	757	358	632	371	646	357	573	445	1602	1233	445	801	403	472	1630	793	771	357	767	2818	606	640	481	603	2650	1528	889	407	988	371	671	617	373	984	739	356	887	919	551	117	524	762	441	827	532	512	360	289	1636	468	809	369	605	2428	610	1742	14	607	674	591	1436	3018	1233	457	375	267	1061	1463	913	1269	259	947	726	239	1283	409	1269	702	545	653	579	1490	735	357	2190	748	1104	704	399	1010	1955	1016	1196	748	674
612	352	308	732	1976	1358	991	909	933	1496	836	690	798	657	16	2116	1174	1485	799	1279	1414	464	418	605	1207	3531	121	0	330	1627	743	1130	618	194	846	414	477	439	2195	702	609	173	1986	438	417	994	358	348	1633	373	309	800	351	333	280	759	726	820	1010	558	799	1517	232	836	736	445	495	1648	828	425	559	823	147	609	623	1812	279	330	1280	694	1315	1431	1709	652	531	667	669	905	845	178	1274	531	991	774	820	1871	1493	315	525	1611	1310	17	605	3045	558	911	650	1701	392	2286	864	59	1551	1203	1549	890	845	463	456	2985	279	3703	1145	372	2833	289	685	1689	835	668	1310	603	529	2194	275	365	1412	1501	1451	1042	464	894	474	3066	515	561	1778	235	371	1096	199	500	850	2896	195	274	565	461	623	994	515	309	682	2665	707	554	430	828	800	416	681	434	736	416	652	531	1723	1320	490	911	370	528	1664	880	836	416	832	2923	679	726	525	669	2761	1643	984	369	1107	434	759	729	489	1089	805	456	975	1010	650	26	601	874	519	845	445	624	421	281	1758	569	887	467	667	2406	728	1863	107	672	787	707	1555	3105	1346	565	468	177	972	1582	1007	1389	317	994	793	125	1403	373	1389	818	651	764	644	1603	850	466	2309	862	1214	799	364	1131	1868	1137	1312	792	787
288	125	22	402	2128	1235	1073	645	666	1361	528	359	485	334	337	1854	1012	1244	490	1125	1341	183	456	282	876	3481	273	330	0	1760	428	1232	713	148	540	84	199	408	2013	443	321	451	1912	244	455	1040	130	138	1591	331	21	470	133	335	146	439	407	490	714	228	490	1668	345	607	738	245	176	1853	497	391	543	492	258	283	296	1785	148	0	1124	373	1163	1122	1497	768	220	739	338	922	565	331	1220	220	1073	515	489	1855	1344	37	208	1302	1515	341	282	2883	228	645	356	1486	326	2120	593	291	1326	873	1429	995	565	251	249	3022	146	3643	982	279	2830	154	355	1717	910	337	1335	467	199	2013	90	273	1218	1261	1148	918	183	628	198	2904	197	233	1770	109	169	855	341	180	913	2631	143	245	312	183	526	1178	272	20	351	2718	378	813	154	715	484	86	359	103	422	85	768	220	1550	1387	173	642	268	200	1868	960	506	86	502	2896	349	407	208	338	2697	1379	1028	283	1003	103	439	473	306	1088	475	194	1047	1071	356	347	275	611	195	565	499	378	91	161	1556	291	558	193	337	2194	516	1662	279	341	532	664	1322	3155	1078	312	178	327	986	1351	1056	1259	14	1178	463	373	1269	281	1259	761	382	504	314	1329	604	496	2191	616	935	490	272	947	1853	939	1057	475	532
1976	1650	1749	1987	3370	2975	2566	2386	1714	3108	1855	1948	2167	2014	1639	2281	2768	2986	2183	2879	1009	1941	2045	1834	2287	5150	1743	1627	1760	0	2114	2674	2217	1656	1845	1792	1958	2063	3774	2198	2066	1739	3614	1572	2045	2594	1649	1635	3258	1989	1747	2016	1641	1424	1614	2110	2083	2022	2409	1893	2183	140	1443	2367	2362	1577	1779	2939	2027	2047	2187	2025	1764	1964	1967	3430	1613	1760	2879	2052	2917	2735	3252	2232	1953	2273	1937	2523	1739	1482	2902	1953	2566	2266	2022	829	3097	1723	1781	2897	2650	1638	1834	4643	1893	2386	2091	3241	1442	3880	2333	1602	3078	2280	3168	2453	1739	2005	1583	4537	1614	5326	2738	1490	4428	1606	1945	3277	2427	1961	2911	1406	1852	3773	1674	1494	2979	3002	2141	2655	1941	2369	1957	4664	1925	1916	3387	1674	1614	1651	1464	1782	2449	2892	1664	1880	2072	1943	2237	2437	2032	1752	1944	4204	2014	1960	1915	2442	1879	1789	1864	1813	2111	1794	2232	1953	3311	2889	1772	2379	1501	1829	2954	2464	2029	1796	2027	4533	1981	2083	1781	1937	4386	3091	2586	1484	2728	1813	2110	2227	2053	2707	2018	1955	2559	2601	2091	1642	1955	2356	1910	1739	1261	2137	1804	1599	3314	2044	2139	1953	1919	2165	2276	3420	1730	1938	2285	2334	3068	4637	2796	2072	1935	1485	862	3097	2604	3003	1759	2437	2019	1504	3015	1487	3003	2445	2134	2255	1923	3027	2358	2093	3931	2370	2643	2183	1496	2707	823	2700	2791	1882	2285
145	492	448	167	2228	1026	1155	293	635	1127	415	186	57	102	746	1709	774	875	68	884	1524	283	651	284	525	3292	652	743	428	2114	0	1320	872	576	433	358	274	562	1692	204	159	820	1727	544	650	1081	491	508	1463	532	448	201	501	725	555	28	33	217	298	225	68	2035	765	343	785	539	339	2033	221	554	640	217	629	154	149	1667	557	428	880	62	921	694	1153	938	211	868	188	945	535	758	1108	211	1155	222	217	2077	1091	457	333	874	1711	750	284	2571	225	290	120	1141	685	1815	241	713	974	524	1210	1114	535	337	532	2950	556	3439	746	640	2709	557	187	1674	1006	159	1316	718	267	1692	512	638	913	891	930	750	283	277	277	2591	230	207	1678	537	518	841	766	335	995	2462	570	537	240	288	528	1369	277	446	186	2671	113	1121	316	613	356	359	282	334	6	356	938	211	1254	1415	346	280	629	288	2048	1055	229	355	226	2744	140	33	333	188	2503	980	1069	647	849	334	28	218	361	1063	205	300	1119	1125	120	754	164	271	233	535	877	236	347	568	1223	201	187	285	209	2137	329	1325	664	188	242	677	959	3098	682	240	277	753	1283	988	1099	1038	438	1369	189	801	1041	643	1038	726	178	217	196	921	303	664	1943	311	530	68	637	682	2076	654	678	345	242
1308	1347	1223	1450	909	854	166	1187	1870	966	1682	1436	1337	1324	1114	3023	916	1372	1315	929	2536	1160	776	1441	1818	2516	1052	1130	1232	2674	1320	0	524	1220	1699	1281	1152	829	1652	1121	1184	973	1122	1467	778	255	1352	1354	747	902	1226	1509	1352	1449	1315	1349	1336	1528	1356	1334	1315	2547	1361	1056	535	1470	1374	761	1534	846	706	1530	1044	1318	1333	846	1316	1232	937	1329	937	1697	1403	479	1232	493	1420	386	1763	1308	582	1232	166	1135	1528	3000	1017	1256	1403	1834	511	1113	1441	2337	1334	1193	1210	1403	1490	1672	1193	1179	1344	1819	946	241	1763	1054	1477	1869	1315	2704	913	1455	1760	1328	1433	618	325	1396	332	1682	1342	1652	1266	1447	1138	1383	2251	766	1160	1187	1150	2359	1247	1313	770	1235	1387	2073	1328	1376	328	3783	1214	991	1103	1154	793	323	1090	1222	1429	1542	1390	720	1153	750	1624	1286	1501	1280	1316	1280	479	1232	1255	226	1375	1205	1449	1364	774	274	1543	1279	1540	1883	1389	1336	1403	1420	1799	1588	265	1455	712	1280	1349	1117	1002	370	1514	1129	201	204	1210	1106	1320	1170	1270	1763	1575	1087	1276	1326	1393	1156	1503	1147	1436	3413	1008	1469	1059	1424	1123	643	1386	1980	1410	1103	1174	1306	2101	1397	238	895	1222	323	1497	1247	917	1457	895	613	1143	1135	1405	1609	1111	736	1526	1114	1386	1315	1447	982	2997	1030	1331	1613	1123
827	824	702	976	1415	885	374	828	1365	1027	1190	953	902	851	604	2537	793	1222	885	867	2014	663	257	941	1395	2933	531	618	713	2217	872	524	0	696	1206	767	659	325	1760	695	719	479	1420	944	258	378	830	831	1050	388	705	1041	829	928	791	900	880	1061	992	839	885	2098	846	698	211	947	864	1167	1068	339	235	1063	521	835	852	1214	792	713	872	865	894	1395	1362	66	743	61	936	314	1259	794	719	743	374	734	1061	2488	1047	734	894	1558	839	603	941	2557	839	833	753	1357	967	1823	814	663	1243	1394	1054	283	1259	562	954	2366	791	3111	773	931	2219	804	950	1071	216	915	696	1157	841	1759	742	923	1055	1238	1785	622	663	821	655	2580	753	821	1170	711	864	1562	814	866	233	3307	690	469	635	656	369	496	610	701	946	2048	919	404	650	463	1134	772	1007	769	866	767	66	743	1299	702	864	842	924	860	1182	261	1077	766	1074	2316	912	880	894	936	2176	1425	370	931	641	769	900	701	519	496	1046	633	356	392	753	597	835	800	774	1259	1061	639	764	802	1384	684	1060	651	949	2904	611	1482	539	939	729	283	1268	2487	1175	635	677	792	1589	1289	390	924	702	496	1029	741	943	933	924	355	697	729	918	1418	746	222	1779	754	1099	885	922	804	2484	836	1110	1124	729
436	162	127	546	2097	1321	1069	780	749	1452	643	502	633	483	204	1937	1112	1374	637	1222	1319	316	453	412	1017	3543	181	194	148	1656	576	1220	696	0	652	228	331	433	2124	574	461	342	1981	264	451	1051	168	160	1645	354	127	612	162	247	100	588	555	631	859	374	637	1557	216	729	764	270	302	1795	639	416	570	634	180	432	444	1833	100	148	1222	522	1260	1270	1618	743	366	733	481	944	656	190	1277	366	1069	647	631	1810	1440	125	332	1450	1456	207	412	2988	374	781	498	1608	272	2226	730	146	1451	1013	1515	979	656	353	280	3046	99	3709	1082	235	2871	112	497	1741	906	483	1359	463	341	2124	81	227	1331	1390	1259	1001	316	763	329	3010	345	381	1811	42	189	922	204	307	915	2716	7	244	437	314	589	1127	391	129	494	2735	526	722	283	790	606	228	488	249	570	229	743	366	1657	1392	297	778	228	338	1811	955	647	230	643	2948	496	555	332	481	2764	1517	1041	235	1079	249	588	603	398	1121	617	318	1047	1076	498	215	423	745	344	656	404	502	236	108	1673	426	705	323	478	2247	629	1779	180	484	662	707	1449	3173	1216	437	315	186	922	1478	1066	1347	138	1127	606	225	1359	236	1347	813	516	636	457	1469	732	499	2278	744	1076	637	226	1055	1807	1052	1191	598	662
