NAME : VRPTW_INSTANCE_285.txt
COMMENT : Bangkok Supermarket
TYPE : VRPTW
DIMENSION : 315
DAYS : Thursday
EDGE_WEIGHT_TYPE : EXPLICIT
VEHICLES : 39
EDGE_WEIGHT_FORMAT : FULL_MATRIX
CAPACITY : 1000
EDGE_WEIGHT_SECTION
0	243	826	967	372	1535	815	228	609	404	491	1065	221	133	288	1731	413	503	150	486	373	1994	815	396	190	155	815	97	437	203	581	1975	944	1376	1149	407	379	695	1117	283	1013	206	133	288	1290	747	1495	1117	1182	968	1937	255	216	935	942	1057	212	393	411	1429	369	322	346	373	29	535	603	1137	618	1001	178	86	624	248	385	92	2051	124	907	993	216	308	23	503	1089	1064	264	835	1558	193	51	154	190	364	1002	123	197	633	1371	405	1137	650	644	1213	1213	26	690	46	1127	1212	2975	371	220	1627	173	185	868	2293	918	1103	197	97	246	347	73	154	449	351	359	1037	2046	309	297	193	437	135	428	349	819	1383	201	245	815	199	780	255	1397	225	713	1020	402	438	639	73	368	447	418	153	1120	437	521	212	494	2440	172	404	130	202	993	97	309	1036	541	412	186	1539	1006	428	215	1016	417	2519	1629	1498	1192	223	1115	539	365	1120	522	576	255	1493	523	609	1088	566	170	643	1321	210	306	111	993	815	214	885	499	578	1170	308	383	431	196	582	1744	594	28	221	399	202	577	348	1117	1148	1454	31	379	492	577	46	1955	553	489	255	481	126	223	199	423	221	936	619	391	525	202	948	135	1002	1059	1029	625	437	89	582	153	1969	139	122	135	237	530	2799	103	395	177	807	230	255	91	412	37	264	97	840	382	405	91	579	83	291	170	393	23	206	672	2391	2111	589	51	1003	473	385	1065	345	78	422	264	590	826	194	300	404	761	170	248	912	3916	1221	96	1126	1321	318	1964
243	0	827	1205	514	1453	966	471	741	504	732	1017	455	321	493	1816	514	745	197	608	519	2231	966	387	150	398	966	315	636	401	823	2022	706	1322	1372	580	529	456	1026	441	1241	321	321	127	1195	736	1734	1339	1126	1181	2162	475	351	1161	1154	1300	407	487	479	1629	358	519	349	512	215	760	843	1361	832	1230	421	202	864	490	222	320	2115	337	855	1197	409	513	235	745	1309	1284	506	950	1786	436	193	230	156	509	1211	198	397	723	1519	434	1361	808	746	1328	1328	218	897	213	1009	1386	3114	465	355	1867	417	422	634	2527	1015	1096	312	160	4	503	203	230	426	507	438	1255	2129	545	129	364	631	348	577	508	820	1617	389	356	966	433	538	475	1245	192	913	920	570	633	842	203	364	649	594	381	1128	633	682	407	615	2211	415	387	156	229	1208	160	439	1248	652	577	147	1741	883	496	407	1121	245	2587	1501	1459	1326	362	1337	765	511	1240	747	808	365	1704	731	815	1180	767	231	487	1561	408	154	158	1208	966	348	885	618	781	1276	513	368	631	438	823	1984	421	241	455	497	229	691	501	1007	1211	1253	217	529	615	819	213	2002	794	729	475	601	210	362	433	622	455	804	859	486	596	229	1161	331	1211	1268	1254	840	676	306	823	141	1910	118	140	362	5	756	2906	190	367	420	1046	12	475	333	581	250	506	160	954	215	358	333	603	302	122	231	487	235	321	697	2425	2337	604	193	1226	359	222	1289	502	166	517	506	829	827	436	435	502	918	231	490	675	4048	1455	314	1241	1561	309	2116
826	827	0	1483	1191	2278	563	878	1422	1230	952	1844	796	716	1067	1040	1239	975	941	1307	1190	2089	563	445	936	873	563	909	1198	1008	1024	2801	1282	579	1201	1205	1194	1086	1850	605	1131	1031	716	954	2017	95	1681	1165	1954	986	1889	748	1042	1064	954	1376	1017	1219	424	1252	1160	1107	1144	1194	813	1216	995	1187	1317	1131	871	751	1012	865	1046	896	2876	750	196	941	1022	1083	847	975	1128	1102	858	419	1583	873	811	678	940	1182	980	719	1001	1459	935	1217	1187	1443	1467	665	665	814	1399	789	535	928	2413	475	1046	1800	866	806	1251	2330	382	277	1021	860	825	1161	764	678	402	1165	474	1074	1342	831	708	668	1206	746	527	1161	7	1496	685	1070	563	796	1107	748	2024	650	755	1743	1205	662	1365	764	1164	1202	1212	776	301	1204	1319	1017	1315	2714	879	1194	893	640	1017	860	553	1025	1364	1216	931	1357	1697	409	1021	477	645	1778	2300	682	728	1049	1163	1216	1183	613	1202	898	1080	1379	1253	744	481	708	974	1294	1524	1013	982	876	1017	563	1040	59	1321	1311	597	1082	1173	1193	901	1007	1910	1220	854	796	1225	640	1398	1164	1825	435	1937	839	1194	1313	1022	789	1181	1121	944	748	1303	710	1049	796	1189	796	486	1005	1218	333	640	969	953	980	1019	1118	1322	1058	904	1005	901	2738	861	867	923	827	1205	2142	742	1178	871	1344	828	748	856	1212	863	858	860	417	1038	469	856	1395	899	950	974	1219	847	1031	1490	1598	2065	1401	811	1089	1186	1046	1136	1159	835	437	858	980	0	894	564	1231	565	974	865	1267	3320	1366	909	593	1524	528	1485
967	1205	1483	0	814	1959	1046	750	770	891	547	1495	801	951	733	1931	890	525	1034	823	804	1208	1046	1230	1096	813	1046	890	627	819	462	1861	1870	2052	719	721	791	1632	1654	956	618	938	951	1205	1799	1453	719	717	1600	744	1303	818	904	610	754	334	815	908	1131	1108	1086	722	1063	820	996	465	487	720	438	601	794	1035	471	740	1266	884	1857	916	1649	827	816	715	971	525	723	722	731	1188	945	780	1018	1067	1092	810	792	1063	820	903	1374	1028	720	673	868	1415	1415	993	428	1006	1956	1134	2802	1077	903	831	799	819	1786	1522	1296	1712	942	1045	1209	794	1027	1067	1277	792	1100	722	2209	720	1259	954	641	909	969	787	1479	734	921	925	1046	816	1725	818	2052	1159	785	1600	736	827	479	1027	1075	611	707	867	1686	637	699	815	824	3302	797	1101	1058	1114	737	1045	1008	781	845	739	1095	1175	1648	1137	818	1323	1370	2693	2184	2123	1317	895	716	458	808	1331	474	586	922	1069	533	753	1415	780	1014	1440	591	812	1208	1049	737	1046	908	1528	828	515	1418	715	1094	630	772	478	932	1431	964	801	898	1114	831	801	1703	1553	2247	989	791	820	465	1006	2264	417	554	818	828	1058	895	816	640	801	1803	478	906	1169	1114	742	880	792	818	656	430	530	899	479	1079	2255	1089	1067	843	1200	464	2791	1053	1115	795	160	1192	818	876	728	955	731	1045	1194	1268	1275	876	1064	903	1211	1014	908	971	938	1090	2703	1443	1087	1018	658	1266	1266	681	794	1039	1089	731	503	1483	774	1000	897	1005	1014	740	1835	3730	619	891	1359	591	1190	1824
372	514	1191	814	0	1301	1079	367	237	86	549	813	440	475	163	2036	90	546	317	115	9	1975	1079	768	366	334	1079	282	188	185	602	1615	1078	1748	1230	92	22	858	921	605	1088	193	475	453	1086	1116	1467	1205	931	1098	1986	496	166	1021	1081	1016	177	98	769	1572	275	136	255	6	391	354	650	1222	381	1072	347	456	664	394	482	295	1685	444	1279	1147	171	162	355	546	1186	1166	412	1137	1603	352	401	527	361	9	1143	493	192	273	1612	214	1222	293	277	1500	1500	390	423	415	1492	1419	3206	722	162	1594	349	413	993	2285	1233	1468	203	378	518	37	442	527	822	35	718	1145	2349	468	623	528	172	449	734	42	1184	1403	517	158	1079	429	954	496	1280	589	902	844	78	679	364	442	264	203	107	428	1480	177	169	177	124	2488	335	288	364	574	1115	378	648	1165	174	76	368	1674	869	785	171	1319	749	2831	1459	1868	1457	157	1203	362	10	1404	349	682	149	1604	280	798	1400	771	282	626	1304	181	446	370	1115	1079	170	1250	130	310	1467	163	281	185	323	616	1706	621	347	440	91	574	206	31	949	1480	1438	367	22	122	599	415	2287	484	553	496	112	498	157	429	176	440	1296	662	96	875	574	1081	239	1143	1196	1115	389	387	288	617	374	1695	405	387	270	509	358	3073	470	302	345	672	503	496	336	86	336	412	378	1143	487	776	336	304	293	461	282	98	355	193	375	2729	2150	324	401	1094	455	482	1152	39	393	768	412	644	1191	330	638	92	1022	282	394	1043	4151	1247	282	1417	1304	691	2186
1535	1453	2278	1959	1301	0	2345	1649	1213	1218	1850	488	1705	1668	1462	3259	1212	1845	1387	1220	1309	3167	2345	1841	1369	1593	2345	1496	1451	1448	1895	1047	1265	2720	2519	1364	1316	1298	427	1818	2378	1350	1668	1327	265	2184	2676	2496	371	2398	3241	1757	1360	2316	2382	2246	1443	1214	1919	2872	1166	1437	1189	1295	1532	1597	1946	2512	1561	2361	1614	1578	1958	1677	1232	1513	1210	1654	2277	2449	1438	1464	1511	1845	2480	2462	1697	2370	2864	1624	1523	1643	1366	1310	2444	1600	1455	1086	2895	1145	2512	1296	1113	2748	2748	1532	1541	1552	2330	2715	4497	1892	1357	2790	1614	1670	1224	3480	2449	2538	1357	1461	1455	1338	1568	1643	1878	1337	1872	2442	3574	1756	1570	1728	1433	1664	1963	1343	2270	2655	1734	1323	2345	1688	1340	1757	495	1640	2197	534	1352	1950	1502	1568	1167	1463	1372	1664	2577	1437	1317	1443	1214	1804	1601	1130	1424	1665	2415	1461	1841	2466	1173	1342	1374	2972	594	1936	1437	2549	1643	4039	326	2869	2724	1359	2495	1604	1311	2655	1599	1983	1316	2897	1503	2092	2618	2060	1364	989	2533	1449	1300	1444	2415	2345	1359	2334	1208	1488	2704	1464	1151	1451	1599	1911	2891	1066	1507	1705	1217	1665	1169	1330	462	2661	891	1509	1316	1219	1892	1552	3456	1759	1854	1757	1218	1612	1359	1688	1446	1705	2128	1958	1217	2038	1665	2382	1458	2444	2497	2407	1567	1681	1495	1913	1409	477	1445	1446	1515	1454	1606	4335	1580	1139	1612	1869	1454	1757	1562	1353	1503	1697	1461	2375	1240	1809	1562	998	1498	1331	1364	1214	1511	1350	928	3876	3394	980	1523	2389	1095	1232	2444	1339	1490	1945	1697	1942	2278	1604	1833	1214	2290	1364	1677	1249	5442	2509	1495	2661	2533	1761	3480
815	966	563	1046	1079	2345	0	711	1262	1149	614	1867	644	683	918	968	1157	633	966	1185	1073	1527	0	651	997	756	0	849	996	907	644	2653	1612	1055	639	1048	1070	1374	1932	536	581	995	683	1071	2104	589	1123	604	1985	428	1343	590	986	523	397	862	913	1148	511	724	1180	952	1156	1084	823	936	595	625	1031	585	738	789	602	684	1175	831	2698	693	759	378	919	924	839	633	567	542	667	157	1022	730	835	738	998	1069	418	777	900	1346	556	1201	625	1241	1338	425	425	822	1107	805	1099	431	2159	507	990	1240	737	677	1557	1775	255	712	988	899	967	1042	795	738	655	1044	538	514	1277	612	900	625	1011	682	392	1038	563	934	614	1024	0	660	1429	590	2204	783	260	1835	1054	400	1095	795	1178	993	1048	681	668	1007	1143	913	1193	3113	750	1215	937	738	458	899	528	462	1244	1067	992	836	1820	499	919	281	919	1764	2443	1101	380	989	602	933	1069	329	925	499	1031	837	1008	321	372	324	984	1443	972	907	1095	916	458	0	988	582	1200	1058	403	924	1195	993	757	622	1348	1384	841	644	1148	738	1266	1047	1933	507	2214	843	1070	1190	643	805	1258	787	606	590	1184	764	989	660	993	644	1026	597	1145	425	738	413	887	418	455	563	1032	781	849	619	956	2765	926	919	832	963	924	1996	793	1209	739	938	959	590	783	1058	844	667	899	161	1170	711	783	1360	847	1070	984	1148	839	995	1446	1703	1521	1375	835	536	1284	1175	577	1040	872	461	667	584	563	751	533	1152	56	984	684	1588	3101	810	850	348	972	694	1151
228	471	878	750	367	1649	711	0	567	438	266	1165	82	206	209	1669	446	276	342	476	362	1770	711	513	399	76	711	184	322	200	353	1967	1170	1454	942	347	360	922	1249	273	803	312	206	506	1419	816	1269	912	1283	777	1726	136	293	728	755	829	205	438	459	1249	508	247	482	372	255	355	379	932	452	790	50	286	399	28	594	170	2026	169	999	814	211	219	239	276	887	864	49	773	1345	35	278	318	396	357	817	313	194	637	1249	506	932	570	634	1133	1133	253	532	261	1263	1065	2849	405	296	1401	54	77	1093	2071	871	1148	308	320	475	330	279	318	566	333	413	838	1982	107	510	227	331	164	378	327	872	1163	200	331	711	83	1008	136	1567	410	549	1160	350	311	492	279	503	324	350	121	1150	329	454	205	485	2660	60	540	345	366	799	320	326	846	536	363	395	1356	1163	472	211	954	620	2465	1778	1560	1090	292	910	357	357	1036	340	367	336	1300	376	443	1036	410	341	833	1096	199	519	330	799	711	295	934	491	435	1100	219	521	317	50	356	1518	796	234	82	438	366	561	336	1263	1124	1658	255	360	481	349	261	1928	332	264	136	475	308	292	83	313	82	1089	395	436	547	366	758	205	817	873	823	457	223	190	356	368	2057	364	345	145	466	346	2706	304	539	52	590	458	136	139	356	228	49	320	778	593	546	139	654	191	510	341	438	239	312	736	2371	1898	670	278	798	654	594	859	329	306	441	49	367	878	46	315	442	654	341	28	1138	3794	1001	186	1050	1096	457	1830
609	741	1422	770	237	1213	1262	567	0	239	679	734	647	705	359	2228	231	668	548	133	235	1974	1262	1004	591	552	1262	516	267	413	703	1400	1235	1983	1312	220	230	1036	884	826	1174	427	705	665	1033	1349	1474	1292	845	1213	2029	702	402	1117	1202	1035	405	259	998	1679	440	320	431	237	629	387	757	1306	349	1157	559	693	766	589	670	528	1461	671	1515	1274	400	347	592	668	1279	1263	603	1337	1650	560	639	764	585	244	1262	730	421	132	1773	355	1306	104	100	1687	1687	627	342	652	1729	1565	3347	949	398	1593	562	626	1149	2288	1437	1697	436	614	746	262	680	764	1058	258	947	1246	2539	653	856	754	252	675	944	261	1415	1442	740	388	1262	640	1133	702	1283	826	1057	829	218	869	294	680	429	274	217	649	1706	255	119	405	127	2570	549	435	597	811	1226	614	872	1277	103	206	594	1774	882	1013	400	1517	982	3025	1417	2101	1633	393	1291	395	243	1591	391	815	378	1692	293	960	1601	942	512	743	1324	409	652	604	1226	1262	405	1480	124	275	1659	348	440	270	531	722	1699	761	584	647	247	811	70	260	933	1691	1501	605	230	126	701	652	2494	556	685	702	140	735	393	640	269	647	1532	767	258	1100	811	1199	474	1262	1312	1205	355	500	523	724	604	1564	638	621	498	737	398	3241	708	456	558	661	731	702	566	211	573	603	614	1343	676	1013	566	310	528	673	512	259	592	427	320	2938	2184	332	639	1189	601	670	1241	264	630	992	603	757	1422	538	862	242	1205	512	589	1200	4292	1295	516	1607	1324	927	2330
404	504	1230	891	86	1218	1149	438	239	0	634	731	505	520	244	2100	9	631	316	106	96	2060	1149	797	354	395	1149	324	270	243	688	1571	1019	1777	1316	172	106	808	835	658	1174	202	520	425	1001	1151	1552	1291	850	1182	2073	561	187	1108	1165	1101	236	20	812	1657	212	221	198	80	418	437	736	1308	455	1159	411	482	750	466	435	340	1648	492	1306	1230	230	246	383	631	1272	1252	485	1200	1690	419	424	555	348	94	1226	517	250	230	1687	138	1308	320	246	1568	1568	417	488	442	1502	1498	3284	768	183	1679	413	475	933	2371	1293	1507	212	388	509	121	468	555	849	120	760	1230	2414	542	623	576	254	499	793	127	1222	1490	569	162	1149	492	905	561	1193	606	980	757	158	749	430	468	201	286	186	483	1522	259	214	236	112	2410	399	217	366	599	1200	388	697	1250	147	153	357	1759	782	828	230	1382	747	2894	1372	1901	1529	180	1290	445	96	1472	433	765	151	1690	358	876	1461	847	279	552	1390	242	413	377	1200	1149	189	1289	114	380	1532	247	216	268	391	702	1790	554	376	505	8	599	186	113	862	1536	1356	392	106	113	685	442	2344	570	638	561	99	524	180	492	259	505	1302	749	19	922	599	1165	280	1226	1281	1201	463	474	328	704	371	1619	407	391	324	501	442	3145	494	235	410	753	495	561	386	164	367	485	388	1206	441	798	386	220	333	433	279	20	383	202	297	2783	2237	239	424	1180	388	435	1238	122	408	816	485	730	1230	397	687	5	1092	279	466	984	4229	1334	324	1484	1390	716	2265
491	732	952	547	549	1850	614	266	679	634	0	1362	281	432	392	1578	639	22	607	634	541	1504	614	686	664	342	614	448	413	433	93	2047	1435	1529	689	489	534	1186	1469	411	548	560	432	772	1635	913	1003	662	1480	548	1466	282	534	477	532	568	435	641	584	1022	752	413	726	556	517	323	113	680	417	534	317	537	133	243	859	435	2087	404	1108	600	439	388	504	22	640	619	226	723	1083	301	539	550	662	540	593	557	430	784	1096	733	680	640	768	1035	1035	514	493	519	1409	885	2670	530	536	1135	320	311	1359	1805	832	1199	558	586	735	513	532	550	732	514	553	596	1882	191	755	421	430	394	427	508	947	898	388	569	614	302	1270	282	1809	641	382	1387	499	290	481	532	745	405	483	355	1182	425	560	435	640	2926	326	781	611	591	565	586	462	615	686	510	661	1124	1401	590	440	889	852	2371	2004	1614	968	530	660	319	540	940	312	136	572	1058	401	294	980	293	602	1092	830	430	785	596	565	614	538	1001	647	448	1017	387	764	411	310	91	1253	1058	499	281	637	591	700	521	1491	1096	1918	520	534	636	90	519	1871	177	8	282	635	549	530	302	414	281	1256	129	638	628	591	531	462	593	647	572	418	179	455	91	635	2233	629	610	405	727	311	2565	553	784	318	396	720	282	405	499	494	226	586	729	858	734	405	854	456	776	602	641	504	560	922	2317	1637	873	539	549	911	859	609	512	570	543	226	102	952	308	454	639	560	602	243	1403	3615	736	449	961	830	653	1651
1065	1017	1844	1495	813	488	1867	1165	734	731	1362	0	1224	1198	975	2796	725	1357	923	732	821	2704	1867	1400	913	1112	1867	1018	964	964	1407	1114	1032	2326	2032	876	828	976	200	1347	1891	872	1198	890	305	1753	2207	2009	118	1910	2763	1277	880	1828	1894	1769	959	728	1463	2384	698	949	719	807	1066	1113	1458	2025	1083	1875	1131	1117	1470	1193	806	1036	1246	1181	1867	1961	954	976	1041	1357	1992	1974	1213	1900	2383	1141	1060	1186	910	822	1956	1143	971	603	2414	666	2025	823	634	2276	2276	1066	1070	1088	1966	2229	4014	1431	876	2324	1132	1190	965	3017	1984	2113	880	1000	1020	850	1106	1186	1442	849	1414	1954	3111	1271	1142	1258	946	1190	1491	855	1836	2176	1261	843	1867	1207	1044	1277	619	1195	1711	233	864	1469	1027	1106	697	976	884	1187	2145	950	832	959	727	2000	1119	662	964	1213	1927	1000	1374	1977	687	854	918	2484	339	1480	953	2081	1232	3583	690	2469	2247	878	2008	1120	823	2182	1114	1495	835	2410	1019	1606	2154	1576	896	611	2058	965	863	984	1927	1867	879	1902	721	1008	2235	977	684	964	1115	1423	2428	687	1037	1224	730	1213	685	843	285	2207	947	1041	828	731	1404	1088	3010	1273	1366	1277	730	1154	878	1207	958	1224	1759	1470	730	1581	1213	1894	979	1956	2009	1920	1090	1193	1018	1425	952	903	990	988	1034	1017	1122	3861	1121	674	1130	1394	1016	1277	1084	865	1032	1213	1000	1905	815	1376	1084	511	1021	896	896	728	1041	872	439	3439	2918	494	1060	1901	663	806	1957	851	1028	1484	1213	1454	1844	1121	1366	727	1811	896	1193	1005	4959	2027	1017	2190	2058	1318	2995
221	455	796	801	440	1705	644	82	647	505	281	1224	0	152	287	1596	514	297	359	552	436	1776	644	441	409	111	644	214	404	262	375	2046	1161	1372	927	426	435	911	1299	191	791	356	152	510	1470	735	1280	895	1342	749	1715	56	344	713	725	850	269	503	379	1215	549	326	524	444	244	431	389	916	529	780	94	256	410	71	605	197	2107	122	920	778	274	299	239	297	867	843	71	697	1337	87	265	270	407	430	785	275	255	712	1190	559	916	653	711	1062	1062	242	610	242	1189	1015	2792	324	347	1412	92	37	1087	2073	794	1066	351	319	458	404	252	270	493	407	334	816	1909	91	473	156	413	113	297	401	789	1162	125	382	644	21	993	56	1602	362	503	1206	429	245	572	252	546	407	430	74	1067	411	535	269	560	2661	106	583	350	314	773	319	244	818	611	442	405	1324	1204	391	275	879	574	2391	1822	1477	1024	345	893	432	430	966	416	355	389	1274	458	398	960	359	366	857	1106	263	527	332	773	644	345	851	566	516	1027	299	563	400	117	372	1530	813	237	0	504	314	638	409	1308	1044	1674	252	435	557	371	242	1850	385	278	56	550	267	345	21	396	0	1019	405	501	464	314	729	247	785	842	808	534	287	217	372	373	2121	360	344	189	449	421	2641	272	580	95	642	443	56	152	435	234	71	319	703	603	479	152	716	216	513	366	503	239	356	801	2292	1889	731	265	781	682	605	843	402	299	358	71	375	796	110	234	508	588	366	71	1130	3737	1001	215	978	1106	391	1776
133	321	716	951	475	1668	683	206	705	520	432	1198	152	0	356	1598	529	449	282	591	474	1916	683	314	315	167	683	195	497	292	526	2089	1026	1280	1051	491	477	775	1251	149	920	332	0	400	1423	644	1424	1018	1315	860	1840	157	335	841	833	999	300	512	293	1313	502	395	480	478	139	559	537	1039	652	909	175	119	558	211	502	181	2161	38	816	879	305	373	157	449	988	962	219	702	1466	184	153	117	315	466	892	128	284	746	1239	535	1039	732	752	1079	1079	138	730	124	1063	1086	2843	247	339	1556	169	132	955	2209	786	993	323	217	324	445	120	117	368	448	242	934	1913	241	323	59	501	42	295	445	709	1299	71	368	683	135	853	157	1524	210	596	1152	489	316	686	120	502	504	499	85	1004	501	606	300	599	2532	179	538	254	162	887	217	179	928	649	500	310	1424	1137	309	305	883	421	2388	1760	1395	1059	340	1016	561	467	986	544	492	377	1384	568	495	956	449	303	766	1250	296	421	233	887	683	334	774	605	626	1036	373	516	492	205	522	1674	713	161	152	516	162	682	447	1249	1019	1566	160	477	597	522	124	1827	534	428	157	587	118	340	135	485	152	884	553	510	402	162	840	239	892	949	933	658	429	191	522	274	2101	249	238	206	316	550	2666	131	529	175	792	310	157	139	497	166	219	217	707	498	341	139	708	187	401	303	512	157	332	799	2265	2016	718	153	905	602	502	967	443	191	296	219	522	716	199	169	522	630	303	211	995	3784	1138	196	993	1250	251	1833
288	493	1067	733	163	1462	918	209	359	244	392	975	287	356	0	1879	250	391	305	267	157	1853	918	666	366	194	918	191	149	91	453	1758	1136	1635	1079	139	153	899	1076	467	937	205	356	473	1243	998	1345	1053	1093	939	1846	343	171	868	921	894	85	249	643	1414	374	39	349	169	314	272	497	1070	339	922	199	373	513	234	533	195	1821	319	1172	986	84	20	279	391	1032	1011	251	982	1462	201	331	434	362	154	983	409	95	428	1449	343	1070	376	424	1341	1341	312	406	334	1410	1255	3042	592	171	1474	203	266	1053	2161	1081	1342	208	335	497	126	361	434	721	128	593	989	2191	306	577	399	149	321	585	121	1060	1267	382	197	918	280	993	343	1421	513	738	994	141	519	353	361	366	159	145	291	1348	149	252	85	275	2587	189	399	337	485	957	335	515	1007	326	154	366	1517	1011	658	86	1163	701	2675	1612	1748	1295	163	1051	278	153	1245	261	521	196	1450	239	634	1246	608	282	728	1178	84	475	334	957	918	175	1125	282	291	1309	20	385	143	171	465	1589	707	271	287	245	485	351	133	1099	1332	1553	297	153	272	450	334	2137	355	395	343	266	411	163	280	135	287	1223	511	246	742	485	922	162	983	1037	963	347	244	200	466	356	1859	374	353	156	488	270	2911	390	406	198	580	480	343	220	148	260	251	335	988	535	685	220	464	205	480	282	249	279	205	539	2580	2013	482	331	941	547	533	1000	124	338	634	251	490	1067	178	504	248	861	282	234	1102	3987	1108	192	1259	1178	596	2023
1731	1816	1040	1931	2036	3259	968	1669	2228	2100	1578	2796	1596	1598	1879	0	2109	1595	1874	2146	2031	1877	968	1433	1890	1704	968	1785	1964	1857	1595	3621	2322	985	1286	2013	2030	2125	2835	1450	1334	1928	1598	1938	3006	1134	1699	1269	2912	1189	1546	1540	1926	1324	1177	1660	1864	2096	1340	1012	2098	1915	2077	2040	1730	1902	1542	1278	1994	1348	1690	1681	1545	1644	2038	1768	3665	1618	1140	1106	1870	1887	1754	1595	1247	1238	1628	899	1439	1683	1737	1615	1892	2026	1144	1659	1850	2307	580	2134	1278	2209	2302	542	542	1730	2067	1709	1353	814	1397	1367	1930	1764	1687	1624	2292	1995	812	865	1920	1798	1815	2000	1691	1615	1405	2002	1387	1228	315	1576	1712	1539	1978	1609	1309	1997	1047	1498	1538	1962	968	1608	2148	1540	3050	1624	1201	2732	2018	1360	2059	1691	2099	1961	2013	1618	793	1975	2110	1864	2154	3718	1702	2134	1835	1595	1201	1798	1421	1164	2205	2030	1885	1047	2700	1323	1870	717	1674	796	3316	883	618	1930	1269	1897	2026	638	1890	1453	1970	1150	1975	1283	642	1291	1899	2301	1619	1858	1965	1815	1201	968	1926	996	2161	2025	569	1886	2113	1961	1712	1573	1832	2231	1759	1596	2099	1595	2230	2005	2822	611	2978	1754	2030	2151	1595	1709	367	1745	1570	1540	2145	1646	1930	1608	1961	1596	1436	1541	2094	1222	1595	1190	1826	1144	1129	1298	1994	1749	1783	1570	1850	3700	1814	1813	1777	1814	1889	1102	1679	2123	1691	1856	1813	1540	1719	2022	1764	1628	1798	894	2031	1475	1719	2303	1780	1935	1899	2096	1754	1928	2392	777	1678	2315	1737	1287	2168	2038	1284	1998	1770	1314	1628	1534	1040	1706	1430	2103	1024	1899	1644	2308	2284	1465	1785	621	1619	1507	657
413	514	1239	890	90	1212	1157	446	231	9	639	725	514	529	250	2109	0	636	325	98	99	2061	1157	806	363	404	1157	334	271	252	692	1561	1024	1787	1321	173	109	814	830	668	1179	212	529	433	996	1160	1554	1296	843	1187	2076	570	197	1112	1170	1103	245	27	821	1662	218	226	204	84	428	438	740	1312	454	1163	420	492	754	474	442	349	1638	501	1316	1236	239	251	393	636	1276	1257	492	1209	1693	427	433	565	358	99	1232	527	259	220	1695	141	1312	313	236	1576	1576	426	485	452	1512	1505	3291	777	193	1680	421	484	938	2372	1302	1517	222	398	518	125	478	565	858	125	770	1235	2423	550	633	585	254	508	802	131	1232	1492	578	171	1157	500	911	570	1190	616	987	753	159	757	427	478	206	286	186	492	1532	259	209	245	104	2412	407	222	376	609	1205	398	707	1255	138	153	366	1764	780	838	239	1391	757	2903	1368	1911	1537	190	1294	445	100	1480	433	771	161	1695	358	883	1470	854	289	554	1392	250	421	386	1205	1157	199	1298	106	378	1541	252	221	269	399	706	1791	558	386	514	16	609	177	118	858	1545	1356	402	109	105	689	452	2353	573	643	570	91	534	190	500	261	514	1312	753	27	932	609	1171	290	1232	1286	1206	462	478	338	708	381	1612	417	401	333	510	443	3153	504	240	418	753	504	570	395	165	376	492	398	1214	448	808	395	214	342	441	289	27	393	212	290	2793	2240	233	433	1185	392	442	1243	127	418	826	492	734	1239	405	697	11	1100	289	474	989	4236	1336	333	1492	1392	726	2272
503	745	975	525	546	1845	633	276	668	631	22	1357	297	449	391	1595	636	0	615	627	537	1495	633	706	673	352	633	456	403	436	78	2032	1446	1552	689	482	529	1198	1466	431	547	564	449	782	1632	936	992	662	1474	553	1462	300	537	477	538	554	438	638	606	1027	754	410	728	552	529	307	108	680	398	532	327	551	126	254	867	444	2070	419	1131	608	441	385	515	0	641	621	239	744	1079	311	552	566	671	537	599	573	433	775	1109	733	680	627	758	1053	1053	527	474	532	1431	897	2679	552	539	1124	331	325	1369	1797	852	1221	563	596	748	510	546	566	753	510	575	599	1899	207	771	440	420	410	450	504	970	891	406	572	633	317	1283	300	1810	658	398	1385	493	313	464	546	747	394	475	370	1205	416	550	438	633	2935	335	783	621	608	570	596	483	620	679	503	670	1128	1401	612	443	909	869	2388	2003	1637	984	533	660	302	536	958	296	147	574	1060	387	312	999	313	609	1097	820	432	794	606	570	633	541	1023	639	432	1036	384	767	401	318	80	1241	1064	510	297	634	608	691	518	1490	1117	1924	531	529	629	74	532	1891	156	31	300	628	565	533	317	405	297	1278	122	636	651	608	537	468	599	652	572	399	168	463	80	644	2225	640	621	412	739	294	2578	568	787	328	374	732	300	416	492	504	239	596	750	866	754	416	850	465	786	609	638	515	564	917	2336	1632	870	552	550	916	867	609	509	582	565	239	99	975	317	475	636	580	609	254	1414	3624	730	458	979	820	672	1662
150	197	941	1034	317	1387	966	342	548	316	607	923	359	282	305	1874	325	615	0	415	321	2110	966	497	62	266	966	159	443	215	691	1868	841	1471	1282	382	331	599	968	431	1144	123	282	172	1140	856	1606	1251	1038	1108	2068	400	154	1068	1084	1161	220	300	541	1574	225	327	205	315	144	577	721	1272	642	1132	292	194	740	368	251	172	1953	274	1000	1137	220	325	127	615	1225	1201	387	982	1687	307	136	265	58	312	1145	223	213	543	1521	276	1272	610	561	1361	1361	145	704	165	1186	1362	3125	508	157	1738	289	322	761	2412	1062	1217	114	80	202	305	183	265	546	310	491	1174	2189	439	308	341	437	285	577	310	933	1505	351	160	966	338	691	400	1248	297	859	870	372	587	648	183	227	457	396	298	1239	439	484	220	423	2319	282	260	50	300	1133	80	453	1177	463	379	61	1683	855	558	219	1161	433	2659	1478	1600	1341	164	1250	583	313	1268	565	707	169	1634	540	755	1231	713	36	497	1434	222	180	64	1133	966	150	1000	426	587	1316	325	239	438	297	695	1854	454	126	359	309	300	502	303	967	1285	1317	122	331	422	687	165	2089	634	606	400	409	233	164	338	428	359	986	736	299	659	300	1089	154	1145	1202	1163	650	516	152	696	57	1826	91	76	203	193	574	2947	200	249	290	877	186	400	209	383	126	387	80	987	251	490	209	454	151	177	36	300	127	123	549	2522	2240	460	136	1137	324	251	1199	304	106	560	387	709	941	298	445	315	912	36	368	808	4066	1343	157	1274	1434	414	2114
486	608	1307	823	115	1220	1185	476	133	106	634	732	552	591	267	2146	98	627	415	0	117	2009	1185	882	457	448	1185	397	231	301	674	1499	1118	1862	1299	145	117	912	858	720	1158	295	591	532	1018	1231	1504	1276	849	1180	2041	608	274	1096	1165	1056	292	126	885	1653	314	233	302	113	504	389	726	1292	385	1142	459	568	738	502	541	411	1569	559	1393	1234	287	261	468	627	1259	1241	518	1249	1658	464	512	640	452	125	1227	604	308	160	1712	233	1292	215	161	1609	1609	502	405	528	1599	1514	3301	838	270	1628	462	527	1032	2322	1346	1584	305	483	612	149	555	640	935	145	833	1222	2459	573	723	644	213	565	847	150	1300	1455	632	256	1185	542	1008	608	1237	699	999	790	135	787	349	555	303	244	151	543	1596	218	125	292	8	2487	448	314	465	686	1196	483	764	1247	59	123	460	1752	828	900	287	1430	849	2942	1397	1983	1563	265	1275	397	124	1513	388	769	246	1677	300	897	1512	873	379	639	1347	297	520	473	1196	1185	276	1365	14	307	1577	262	316	231	435	691	1737	648	459	552	114	686	91	144	896	1595	1425	479	117	7	672	528	2401	542	638	608	7	611	265	542	225	552	1401	737	126	991	686	1164	354	1227	1279	1187	393	461	403	693	472	1600	506	489	386	604	396	3177	582	334	458	695	598	608	452	134	449	518	483	1255	547	888	452	244	408	540	379	126	468	295	293	2843	2201	267	512	1168	484	541	1224	150	500	884	518	722	1307	441	754	110	1129	379	502	1083	4246	1302	397	1526	1347	803	2281
373	519	1190	804	9	1309	1073	362	235	96	541	821	436	474	157	2031	99	537	321	117	0	1965	1073	769	372	331	1073	282	178	183	593	1617	1087	1748	1221	82	12	866	930	603	1079	198	474	460	1095	1116	1457	1196	939	1090	1977	492	170	1013	1073	1006	175	108	768	1564	284	128	264	16	393	344	641	1213	372	1064	343	457	655	388	490	294	1686	442	1280	1140	169	155	356	537	1177	1158	406	1133	1593	348	403	528	366	9	1135	494	190	277	1606	224	1213	289	279	1495	1495	391	414	417	1495	1412	3199	720	166	1584	345	409	1001	2276	1229	1467	207	381	523	31	444	528	823	29	717	1136	2345	462	627	526	163	447	730	35	1184	1394	514	163	1073	425	962	492	1289	591	895	853	68	674	356	444	273	194	98	425	1478	167	163	175	126	2497	331	297	368	575	1107	381	646	1157	176	67	373	1665	878	783	169	1315	753	2827	1468	1868	1452	160	1195	352	8	1399	339	674	155	1596	271	792	1396	765	287	635	1295	179	453	373	1107	1073	173	1249	132	301	1462	156	291	175	319	607	1696	630	348	436	100	575	207	27	958	1477	1447	369	12	123	590	417	2284	474	545	492	114	499	160	425	166	436	1299	654	106	874	575	1073	239	1135	1188	1106	380	378	288	609	379	1702	409	391	269	514	348	3067	472	312	342	662	508	492	335	77	338	406	381	1139	495	778	335	312	293	468	287	108	356	198	382	2726	2141	332	403	1086	464	490	1143	33	396	766	406	636	1190	325	636	101	1017	287	388	1052	4144	1237	282	1412	1295	692	2180
1994	2231	2089	1208	1975	3167	1527	1770	1974	2060	1504	2704	1776	1916	1853	1877	2061	1495	2110	2009	1965	0	1527	2078	2168	1846	1527	1951	1789	1919	1419	2937	2938	2514	902	1887	1954	2688	2858	1837	1010	2048	1916	2277	3006	2115	507	939	2809	1121	365	1759	2018	1089	1154	959	1919	2073	1938	906	2227	1857	2202	1981	2019	1624	1391	916	1629	1017	1821	2031	1371	1747	2361	1939	2892	1895	2285	1152	1921	1840	2008	1495	975	1002	1730	1671	507	1806	2041	2027	2166	1969	1116	2045	1917	2107	1363	2187	916	1880	2073	1604	1604	2017	1634	2018	2625	1218	2067	1902	2019	381	1825	1810	2862	313	1732	2192	2049	2090	2235	1947	2028	2027	2105	1946	1936	1033	2020	1686	2235	1887	1806	1884	1756	1940	2089	621	1856	2048	1527	1798	2769	1759	3247	2111	1394	2798	1901	1639	1680	2028	2219	1774	1874	1850	2129	1801	1891	1919	2012	4430	1830	2250	2115	2058	1089	2090	1869	1071	2040	1908	2166	839	2838	1933	1923	1677	2309	2404	3391	2509	1486	2012	941	1616	1967	1582	1627	1424	2049	759	1709	1462	1734	1513	2103	2580	676	1914	2289	2100	1089	1527	2022	2104	2017	1706	1655	1839	2238	1791	1813	1415	276	2555	2004	1776	2065	2058	2031	1955	2903	1883	3406	2024	1954	2008	1423	2018	2239	1497	1506	1759	2014	2035	2012	1798	1800	1776	2549	1375	2071	1902	2058	1140	1960	1116	1072	1008	1622	1609	1958	1414	2139	3443	2133	2114	1906	2226	1618	2258	2046	2259	1823	1316	2220	1759	1909	1896	1998	1730	2090	1673	2361	2139	1909	2254	1960	2281	2103	2073	2008	2048	2290	2584	355	2277	2041	1038	2399	2361	980	1947	2073	1881	1730	1404	2089	1812	1867	2065	1533	2103	1747	2906	2887	779	1952	1615	676	2081	1381
815	966	563	1046	1079	2345	0	711	1262	1149	614	1867	644	683	918	968	1157	633	966	1185	1073	1527	0	651	997	756	0	849	996	907	644	2653	1612	1055	639	1048	1070	1374	1932	536	581	995	683	1071	2104	589	1123	604	1985	428	1343	590	986	523	397	862	913	1148	511	724	1180	952	1156	1084	823	936	595	625	1031	585	738	789	602	684	1175	831	2698	693	759	378	919	924	839	633	567	542	667	157	1022	730	835	738	998	1069	418	777	900	1346	556	1201	625	1241	1338	425	425	822	1107	805	1099	431	2159	507	990	1240	737	677	1557	1775	255	712	988	899	967	1042	795	738	655	1044	538	514	1277	612	900	625	1011	682	392	1038	563	934	614	1024	0	660	1429	590	2204	783	260	1835	1054	400	1095	795	1178	993	1048	681	668	1007	1143	913	1193	3113	750	1215	937	738	458	899	528	462	1244	1067	992	836	1820	499	919	281	919	1764	2443	1101	380	989	602	933	1069	329	925	499	1031	837	1008	321	372	324	984	1443	972	907	1095	916	458	0	988	582	1200	1058	403	924	1195	993	757	622	1348	1384	841	644	1148	738	1266	1047	1933	507	2214	843	1070	1190	643	805	1258	787	606	590	1184	764	989	660	993	644	1026	597	1145	425	738	413	887	418	455	563	1032	781	849	619	956	2765	926	919	832	963	924	1996	793	1209	739	938	959	590	783	1058	844	667	899	161	1170	711	783	1360	847	1070	984	1148	839	995	1446	1703	1521	1375	835	536	1284	1175	577	1040	872	461	667	584	563	751	533	1152	56	984	684	1588	3101	810	850	348	972	694	1151
396	387	445	1230	768	1841	651	513	1004	797	686	1400	441	314	666	1433	806	706	497	882	769	2078	651	0	490	482	651	488	810	593	777	2363	963	980	1180	797	774	730	1413	275	1068	595	314	513	1582	358	1610	1144	1511	966	1951	413	610	989	935	1221	602	784	144	1363	714	705	699	770	379	868	770	1167	964	1062	488	314	791	511	610	478	2445	352	510	958	607	685	414	706	1109	1082	512	597	1596	495	373	242	494	760	984	279	586	1027	1180	774	1167	1040	1040	963	963	380	1043	354	750	1082	2754	175	614	1740	483	435	911	2355	644	720	585	417	386	742	328	242	54	746	143	1052	1744	511	279	286	814	353	322	744	438	1457	316	635	651	432	780	413	1618	204	687	1308	794	448	1000	328	718	817	807	393	746	814	912	602	890	2462	493	748	448	198	997	417	225	1026	937	805	486	1476	1269	154	606	754	269	2200	1883	1105	977	618	1142	870	761	881	854	695	645	1461	882	616	804	566	531	869	1438	599	541	432	997	651	608	504	895	941	907	685	727	805	518	766	1857	798	422	441	791	198	973	744	1394	825	1582	404	774	889	773	354	1614	822	679	413	877	272	618	432	799	441	577	784	783	232	198	946	530	984	1036	1070	970	729	481	765	455	2296	415	422	512	387	860	2528	303	732	488	1074	386	413	446	803	432	512	417	600	602	62	446	951	476	509	531	784	414	595	1046	2039	2130	957	373	1040	746	610	1100	740	393	201	512	754	445	512	232	797	613	531	511	940	3682	1304	488	877	1438	83	1772
190	150	936	1096	366	1369	997	399	591	354	664	913	409	315	366	1890	363	673	62	457	372	2168	997	490	0	322	997	218	502	277	749	1885	780	1454	1335	437	382	537	946	460	1198	176	315	110	1117	849	1665	1304	1027	1157	2122	445	209	1121	1133	1221	281	336	551	1620	224	387	210	364	176	638	778	1324	703	1186	348	210	798	423	196	229	1974	313	984	1183	282	386	170	673	1276	1252	442	1004	1742	363	161	274	5	362	1193	231	275	574	1553	291	1324	659	596	1384	1384	177	763	191	1155	1401	3156	523	212	1797	344	372	700	2470	1080	1210	168	97	155	358	202	274	537	363	503	1225	2205	492	272	371	495	325	606	364	929	1562	386	208	997	387	628	445	1209	286	903	845	427	628	706	202	229	516	452	343	1237	498	535	281	464	2261	338	257	61	300	1182	97	475	1226	501	432	5	1730	824	568	280	1182	394	2672	1447	1587	1369	219	1302	644	364	1292	627	760	217	1683	599	800	1249	756	87	452	1493	284	120	81	1182	997	205	995	467	646	1337	386	236	497	355	753	1914	404	171	409	347	300	540	355	939	1295	1265	159	382	464	746	191	2096	696	663	445	451	243	219	387	487	409	952	794	336	669	300	1138	216	1193	1250	1216	711	578	210	754	41	1814	76	78	264	146	636	2969	211	241	346	939	141	445	262	437	174	442	97	1009	194	475	262	466	208	115	87	336	170	176	561	2526	2295	469	161	1189	287	196	1252	357	124	576	442	766	936	356	468	352	944	87	423	746	4096	1400	216	1297	1493	408	2148
155	398	873	813	334	1593	756	76	552	395	342	1112	111	167	194	1704	404	352	266	448	331	1846	756	482	322	0	756	110	330	152	429	1947	1095	1443	1016	333	331	847	1188	273	878	246	167	430	1359	805	1345	986	1230	847	1801	166	232	802	825	904	159	392	449	1317	441	233	415	338	184	396	455	1006	487	865	25	222	475	101	518	95	2013	129	982	881	165	209	164	352	960	937	120	805	1420	40	206	266	320	325	886	253	145	608	1302	448	1006	569	609	1172	1172	181	563	193	1231	1125	2904	398	235	1476	22	79	1017	2147	899	1147	241	245	402	299	213	266	536	303	400	911	2018	175	446	206	335	129	399	298	866	1239	188	270	756	96	933	166	1498	355	611	1097	333	357	518	213	437	336	339	97	1154	334	446	159	457	2584	17	474	268	316	871	245	321	917	508	345	319	1425	1097	464	165	987	560	2499	1714	1555	1136	233	984	399	325	1077	382	441	277	1372	401	505	1066	469	267	760	1172	154	443	254	871	756	234	930	463	459	1136	209	455	325	42	432	1593	721	158	111	394	316	537	304	1199	1146	1583	181	331	454	425	193	1953	398	341	166	446	250	233	96	319	111	1050	471	390	548	316	829	137	886	943	897	493	283	115	432	292	2009	289	269	78	393	389	2752	241	472	23	653	385	166	64	341	152	120	245	810	517	507	64	604	116	434	267	392	164	246	690	2394	1974	619	206	871	582	518	933	298	232	440	120	443	873	38	310	398	700	267	101	1062	3848	1077	111	1088	1172	417	1887
815	966	563	1046	1079	2345	0	711	1262	1149	614	1867	644	683	918	968	1157	633	966	1185	1073	1527	0	651	997	756	0	849	996	907	644	2653	1612	1055	639	1048	1070	1374	1932	536	581	995	683	1071	2104	589	1123	604	1985	428	1343	590	986	523	397	862	913	1148	511	724	1180	952	1156	1084	823	936	595	625	1031	585	738	789	602	684	1175	831	2698	693	759	378	919	924	839	633	567	542	667	157	1022	730	835	738	998	1069	418	777	900	1346	556	1201	625	1241	1338	425	425	822	1107	805	1099	431	2159	507	990	1240	737	677	1557	1775	255	712	988	899	967	1042	795	738	655	1044	538	514	1277	612	900	625	1011	682	392	1038	563	934	614	1024	0	660	1429	590	2204	783	260	1835	1054	400	1095	795	1178	993	1048	681	668	1007	1143	913	1193	3113	750	1215	937	738	458	899	528	462	1244	1067	992	836	1820	499	919	281	919	1764	2443	1101	380	989	602	933	1069	329	925	499	1031	837	1008	321	372	324	984	1443	972	907	1095	916	458	0	988	582	1200	1058	403	924	1195	993	757	622	1348	1384	841	644	1148	738	1266	1047	1933	507	2214	843	1070	1190	643	805	1258	787	606	590	1184	764	989	660	993	644	1026	597	1145	425	738	413	887	418	455	563	1032	781	849	619	956	2765	926	919	832	963	924	1996	793	1209	739	938	959	590	783	1058	844	667	899	161	1170	711	783	1360	847	1070	984	1148	839	995	1446	1703	1521	1375	835	536	1284	1175	577	1040	872	461	667	584	563	751	533	1152	56	984	684	1588	3101	810	850	348	972	694	1151
97	315	909	890	282	1496	849	184	516	324	448	1018	214	195	191	1785	334	456	159	397	282	1951	849	488	218	110	849	0	340	106	532	1894	996	1466	1126	311	286	751	1086	336	988	145	195	327	1258	833	1447	1096	1136	957	1911	263	141	912	934	1003	115	317	488	1426	336	225	310	284	123	446	561	1116	525	975	135	183	581	211	410	17	1967	168	998	990	119	211	88	456	1070	1047	230	885	1529	150	140	249	215	274	996	220	100	550	1400	352	1116	554	558	1258	1258	120	595	143	1224	1228	3003	443	145	1579	133	177	917	2253	974	1186	139	155	319	254	170	249	542	258	437	1021	2099	285	388	251	340	176	475	255	902	1346	247	177	849	194	840	263	1389	323	717	993	306	455	544	170	332	351	321	168	1199	340	425	115	406	2478	124	370	169	298	981	155	373	1026	455	317	215	1535	989	504	118	1067	511	2577	1608	1586	1229	146	1094	451	274	1164	433	551	185	1482	428	612	1143	573	156	650	1275	113	338	159	981	849	141	968	411	482	1219	211	350	335	138	536	1696	611	80	214	321	298	488	256	1094	1213	1473	106	286	404	528	143	2021	482	447	263	393	223	146	194	327	214	1034	577	315	598	298	938	44	996	1052	1007	532	364	9	537	192	1919	198	177	47	310	442	2843	200	366	133	731	302	263	66	316	69	230	155	890	410	501	66	518	14	332	156	317	88	145	608	2459	2083	530	140	982	472	410	1043	252	152	491	230	550	909	139	363	326	793	156	211	963	3947	1185	1	1173	1275	413	1988
437	636	1198	627	188	1451	996	322	267	270	413	964	404	497	149	1964	271	403	443	231	178	1789	996	810	502	330	996	340	0	238	445	1658	1253	1772	1068	98	166	1024	1089	593	927	329	497	604	1249	1134	1282	1045	1080	954	1811	457	294	865	940	832	231	285	777	1424	459	117	437	194	463	166	498	1061	202	910	328	522	508	339	650	345	1711	459	1312	1011	228	128	429	403	1029	1011	350	1078	1428	325	481	582	497	183	1001	558	243	372	1505	403	1061	250	355	1422	1422	461	261	483	1557	1298	3083	724	292	1408	333	392	1168	2101	1181	1470	335	481	641	167	510	582	865	164	728	992	2274	394	726	535	18	460	697	160	1192	1225	514	307	996	403	1119	457	1460	662	789	1018	112	609	206	510	448	15	85	425	1472	13	148	231	237	2675	321	475	480	633	968	481	645	1019	278	118	502	1522	1050	790	230	1256	850	2761	1628	1881	1366	284	1044	174	181	1326	162	549	302	1446	98	692	1342	675	415	813	1122	231	602	479	968	996	299	1255	242	144	1396	129	467	5	298	462	1520	804	420	404	276	633	288	174	1123	1439	1626	446	166	232	443	483	2237	310	418	457	234	560	284	403	14	404	1371	509	283	868	633	939	310	1001	1053	956	211	235	349	464	497	1822	519	497	304	631	171	2974	540	488	328	484	624	457	366	106	409	350	481	1084	653	832	366	471	354	611	415	285	429	329	525	2682	1972	493	481	938	639	650	993	167	486	762	350	495	1198	305	634	276	940	415	339	1218	4028	1071	341	1343	1122	742	2065
