NAME : VRPTW_INSTANCE_228.txt
COMMENT : Bangkok Supermarket
TYPE : VRPTW
DIMENSION : 195
DAYS : Wednesday
EDGE_WEIGHT_TYPE : EXPLICIT
VEHICLES : 29
EDGE_WEIGHT_FORMAT : FULL_MATRIX
CAPACITY : 1000
EDGE_WEIGHT_SECTION
0	1014	221	537	865	428	330	1348	101	795	307	218	1037	190	178	288	124	239	88	1727	101	891	431	346	430	363	482	152	438	584	663	153	210	2068	3435	582	255	669	1069	949	423	986	192	2047	127	206	46	218	418	1025	1001	102	172	133	281	367	121	1593	806	411	288	404	353	366	1390	22	369	559	246	930	399	2133	251	438	962	582	33	418	538	464	351	641	88	1693	454	172	1809	917	21	957	37	410	413	1041	359	101	976	371	1029	102	1053	230	300	79	255	535	503	404	147	85	126	365	199	1866	121	587	153	194	599	118	367	1727	2042	614	815	308	1922	312	46	172	368	212	737	33	732	220	184	460	308	1777	388	382	405	1036	19	525	904	1039	171	358	366	2126	1213	1185	1049	582	782	207	447	284	981	866	1121	311	1213	914	2388	165	1141	1492	381	221	170	140	91	477	2766	1620	423	122	964	88	1532	135	499	610	255	122	1384	199	255	379	368	308	1727
1014	0	792	780	1688	923	849	878	1098	896	936	796	100	1199	874	939	904	1118	1102	989	1111	218	827	1061	929	1065	1155	1062	929	487	1331	1165	1209	1445	2913	472	1252	1190	173	1953	935	50	840	1411	892	1109	1031	1218	1010	1950	21	986	864	920	1129	1281	1136	2355	806	1016	939	1183	1284	1284	1340	1037	1088	661	783	545	1184	1835	764	936	51	752	1022	1010	784	685	1058	1280	1102	689	894	864	2537	265	1036	1697	1029	1180	1181	160	925	1098	218	891	33	1048	1609	1230	857	1032	765	778	1171	932	1068	1044	1037	1085	814	915	1135	449	1075	850	1255	1048	1281	989	1574	1615	577	933	2690	929	1031	864	1075	1033	370	1028	1719	1086	858	928	929	764	1177	1314	1019	21	1026	899	1175	2026	1089	1370	1085	1362	845	1255	1536	752	1788	1206	1035	836	213	189	149	927	845	668	1533	863	1653	1396	1097	792	1146	1028	937	1462	1960	755	1040	1136	735	1102	1052	1060	1172	1411	1122	1134	1301	814	1251	1073	1087	928	989
221	792	0	429	1017	391	258	1188	309	701	300	16	816	409	128	287	122	378	310	1538	319	675	343	406	398	420	546	298	405	378	746	373	422	1902	3300	372	466	694	851	1167	396	764	87	1878	106	356	242	431	430	1216	780	213	106	152	407	538	343	1739	688	428	287	509	532	539	1313	244	436	406	77	751	506	2027	35	409	740	460	231	430	432	308	408	711	310	1473	399	106	1947	704	243	1083	239	511	514	822	334	309	761	324	808	269	1120	443	234	248	56	426	568	378	302	261	267	432	21	1652	343	371	310	110	671	274	538	1538	1903	830	644	299	2073	300	242	106	429	304	528	237	943	347	109	421	297	1556	496	563	425	814	234	464	873	1251	327	578	433	1939	1062	1124	1094	460	1001	419	465	199	765	647	900	297	1062	757	2189	95	1199	1410	449	0	366	265	152	685	2577	1413	449	344	816	310	1378	291	566	742	389	342	1299	21	466	435	435	295	1538
537	780	429	0	921	817	683	1453	637	1085	260	415	851	643	367	276	520	468	603	1712	584	577	756	344	177	339	392	678	174	315	552	630	734	2132	3576	340	775	1124	912	1413	185	779	376	2102	437	480	581	739	259	1210	760	444	383	559	454	599	621	1574	1048	268	276	453	612	604	1690	551	361	119	353	1005	455	2362	442	180	737	838	518	259	4	674	338	500	603	1362	820	383	1759	837	552	918	522	446	446	886	763	637	865	750	809	633	1548	750	662	608	469	3	404	194	477	618	647	359	436	1463	619	380	480	361	478	645	599	1712	2187	1102	930	257	1910	253	581	383	347	711	713	523	1230	444	370	846	255	1469	452	638	273	798	534	880	1289	1526	482	840	359	2106	1352	1518	1524	838	1147	731	273	626	866	591	925	252	1352	1057	2306	396	1628	1780	364	429	559	653	451	813	2724	1520	287	623	1128	603	1647	477	406	653	463	605	1670	436	776	340	360	255	1712
865	1688	1017	921	0	1285	1195	2203	867	1658	765	1004	1747	722	891	767	977	641	819	2549	784	1496	1296	637	759	630	534	966	759	1202	381	759	843	2919	4300	1220	839	1464	1800	963	753	1680	933	2896	920	668	890	835	678	338	1670	812	911	997	609	498	793	728	1671	672	767	517	514	500	2241	849	608	1034	977	1768	518	2994	1052	753	1641	1446	835	678	917	1315	638	435	819	2279	1315	911	945	1688	852	169	829	518	516	1772	1218	867	1732	1234	1715	929	1740	835	1165	919	1071	922	519	756	727	915	959	611	1001	2353	791	1249	720	913	446	943	498	2549	2906	849	1661	768	1058	770	890	911	620	1043	1525	832	952	670	911	1317	771	2389	527	488	669	1708	846	1385	1733	1113	702	753	611	2950	2072	2029	1776	1446	586	842	654	1147	1735	1503	1827	773	2072	1769	3184	921	1838	2345	597	1017	697	977	879	497	3584	2398	648	794	1824	819	2391	740	517	280	629	775	2239	1001	841	620	609	773	2549
428	923	391	817	1285	0	133	977	420	375	674	406	903	568	493	658	341	667	466	1401	501	894	96	754	783	770	896	323	791	679	1086	529	476	1693	3021	660	501	315	907	1123	780	880	463	1675	428	634	396	486	803	1407	919	507	470	309	708	788	493	2012	407	798	658	829	771	785	962	439	781	775	467	620	825	1708	374	794	876	221	460	803	820	239	758	1059	466	1604	39	470	2231	727	437	1384	465	835	837	883	68	420	797	66	925	356	754	492	156	365	347	813	918	762	575	369	326	777	389	1837	495	636	581	485	1018	343	788	1401	1637	801	499	673	2336	675	396	470	777	247	561	461	873	645	479	33	672	1662	813	797	794	943	446	101	487	1162	599	631	778	1790	832	758	715	221	1087	475	836	191	804	846	980	673	832	559	2080	455	825	1064	794	391	588	308	448	846	2429	1354	816	492	589	466	1149	562	914	1037	682	510	956	389	499	786	780	671	1401
330	849	258	683	1195	133	0	1026	350	468	548	273	842	497	366	532	225	563	387	1424	418	795	100	635	654	651	778	267	661	557	972	456	432	1746	3104	540	466	445	855	1137	651	809	334	1725	305	532	309	442	677	1344	843	396	343	199	602	698	419	1924	476	673	532	719	683	696	1072	346	663	643	335	628	715	1806	241	665	800	254	360	677	686	176	639	943	387	1537	141	343	2140	682	344	1284	366	724	727	830	88	350	750	67	855	284	881	451	30	285	214	680	800	633	472	292	257	660	257	1755	421	520	478	356	902	274	698	1424	1712	803	508	547	2252	548	309	343	659	207	504	363	891	538	351	163	545	1603	704	712	670	870	349	209	615	1192	497	598	660	1820	887	875	846	254	1055	430	712	59	756	751	923	546	887	594	2097	328	954	1172	677	258	499	241	332	785	2461	1348	692	418	638	387	1206	459	797	937	577	432	1062	257	465	667	663	544	1424
1348	878	1188	1453	2203	977	1026	0	1376	634	1470	1202	778	1523	1315	1461	1229	1561	1413	471	1442	1057	931	1589	1530	1601	1723	1288	1535	1149	1923	1482	1449	720	2125	1121	1477	1015	710	2070	1532	836	1274	699	1283	1535	1334	1459	1589	2370	896	1390	1294	1215	1594	1712	1445	2927	574	1590	1461	1697	1701	1711	593	1367	1619	1346	1237	449	1694	957	1153	1541	879	773	1375	1589	1457	887	1590	1882	1413	1224	939	1294	3135	659	1365	2270	1382	1699	1701	718	1033	1376	671	1007	848	1310	1255	1467	1054	1311	1133	1450	1744	1520	1476	1318	1282	1615	1203	1543	1446	1079	1484	1295	1846	1299	1712	471	734	1767	544	1467	3260	1466	1334	1294	1610	1218	740	1379	1820	1532	1296	953	1465	1203	1684	1730	1590	878	1367	882	794	2081	1502	1608	1616	826	149	643	1149	773	2064	1448	1623	1065	675	1001	773	1464	149	434	1145	1283	1246	603	1632	1188	1519	1265	1323	1811	1458	589	1614	1444	389	1413	194	1464	1743	1931	1573	1457	544	1203	1476	1614	1618	1463	471
101	1098	309	637	867	420	350	1376	0	795	397	309	1115	148	280	378	194	284	53	1771	90	984	446	416	520	433	542	99	528	681	708	108	112	2096	3441	678	157	620	1144	857	513	1068	291	2076	225	250	67	121	498	994	1086	194	273	183	328	373	73	1593	818	490	378	450	354	370	1374	85	434	660	344	973	445	2127	335	528	1046	603	118	498	637	507	422	693	53	1782	452	273	1812	985	84	974	115	458	461	1116	354	0	1047	374	1112	66	980	133	322	70	333	634	562	494	203	59	94	431	288	1961	76	680	206	295	651	77	373	1771	2054	520	855	399	1916	403	67	273	436	175	804	113	634	275	285	451	400	1863	434	379	484	1120	102	521	872	942	219	272	432	2168	1236	1163	984	603	716	109	525	317	1052	957	1199	402	1236	944	2439	266	1071	1478	445	309	179	112	192	435	2809	1679	499	72	988	53	1555	194	557	630	300	92	1371	288	156	448	434	399	1771
795	896	701	1085	1658	375	468	634	795	0	1002	717	837	944	824	988	693	1030	840	1089	875	956	368	1100	1096	1115	1242	699	1103	856	1438	904	848	1334	2646	830	870	392	810	1435	1095	846	787	1320	769	999	768	858	1132	1781	902	864	800	667	1070	1160	868	2386	96	1129	988	1187	1144	1158	611	809	1128	1012	771	405	1183	1338	674	1108	863	247	826	1132	1089	411	1103	1407	840	1509	343	800	2604	640	807	1752	832	1192	1194	795	441	795	705	424	884	731	736	863	498	739	647	1082	1264	1078	939	743	701	1125	708	1786	871	794	946	810	1367	718	1160	1089	1262	1136	324	1001	2711	1002	768	800	1123	623	546	828	1185	1006	807	345	999	1540	1172	1171	1127	911	814	274	278	1447	964	997	1125	1461	485	433	651	247	1446	848	1167	522	712	897	894	999	485	289	1771	786	767	708	1142	701	960	683	799	1221	2093	1103	1150	867	276	840	790	926	1262	1404	1045	885	597	708	868	1130	1128	997	1089
307	936	300	260	765	674	548	1470	397	1002	0	285	987	384	181	19	336	210	356	1789	332	762	640	127	122	135	253	458	130	450	453	374	484	2176	3590	464	523	955	1038	1153	116	923	215	2150	247	219	353	488	130	1013	919	205	204	373	204	357	370	1469	988	127	19	249	366	361	1613	315	156	328	236	1024	248	2327	330	131	887	761	281	130	260	606	126	414	356	1571	689	204	1671	923	316	805	282	247	248	1009	610	397	967	608	960	409	1356	499	520	385	356	259	274	97	218	392	430	153	294	1698	367	489	220	192	376	424	357	1789	2193	841	926	3	1805	7	353	204	145	509	764	285	970	184	196	706	6	1670	241	394	124	957	299	757	1162	1265	221	580	153	2189	1350	1422	1346	761	899	481	164	488	970	758	1069	9	1350	1046	2419	219	1442	1710	167	300	298	441	238	563	2821	1633	148	371	1108	356	1662	220	273	484	207	351	1600	294	524	147	156	8	1789
218	796	16	415	1004	406	273	1202	309	717	285	0	822	403	113	272	126	366	307	1550	315	675	359	391	382	404	531	303	389	374	731	369	422	1916	3315	370	466	708	858	1166	380	769	72	1892	98	345	241	431	414	1205	783	203	92	159	394	527	340	1725	703	412	272	495	521	528	1329	241	421	395	62	764	492	2043	48	393	744	476	226	414	418	323	393	695	307	1475	414	92	1933	713	240	1068	233	497	499	829	348	309	769	339	812	271	1133	443	249	250	71	412	553	362	292	263	272	417	24	1652	339	370	299	95	656	277	527	1550	1918	829	658	283	2059	284	241	92	413	312	537	232	943	335	94	436	281	1559	482	552	409	817	230	480	889	1251	316	576	418	1951	1076	1140	1108	476	995	419	449	214	773	648	906	282	1076	772	2200	82	1212	1426	434	16	358	271	144	678	2588	1423	433	340	831	307	1392	281	551	729	376	337	1315	24	466	419	420	279	1550
1037	100	816	851	1747	903	842	778	1115	837	987	822	0	1225	909	989	922	1160	1124	894	1136	311	808	1114	991	1119	1215	1071	992	546	1397	1190	1224	1347	2814	527	1266	1153	73	1964	996	74	872	1313	920	1148	1050	1234	1070	1998	121	1018	897	934	1174	1324	1158	2424	744	1075	989	1237	1325	1327	1253	1060	1142	732	816	466	1236	1735	785	999	121	716	1048	1070	855	671	1112	1347	1124	700	871	897	2610	197	1058	1764	1055	1234	1235	60	912	1115	135	878	69	1061	1562	1245	853	1047	783	849	1232	992	1104	1059	1048	1139	838	952	1158	498	1111	885	1320	1060	1324	894	1473	1626	514	984	2761	981	1050	897	1129	1035	342	1053	1725	1127	891	905	981	761	1229	1356	1078	99	1050	868	1116	2030	1125	1388	1139	1272	751	1178	1485	716	1817	1221	1097	836	129	271	84	979	751	592	1455	894	1601	1306	1151	816	1178	1038	965	1497	1877	671	1100	1159	655	1124	952	1095	1234	1468	1165	1158	1213	838	1265	1128	1141	979	894
190	1199	409	643	722	568	497	1523	148	944	384	403	1225	0	334	366	313	203	110	1912	89	1066	594	354	495	370	456	245	503	752	597	41	138	2243	3590	754	159	749	1259	784	487	1173	362	2222	306	176	191	135	452	847	1186	222	338	315	242	237	77	1446	967	441	366	350	215	233	1518	168	364	692	419	1114	345	2274	440	501	1147	751	177	452	643	647	362	590	110	1873	601	338	1666	1108	169	836	170	360	363	1231	503	148	1167	523	1216	214	1079	141	468	212	445	641	473	471	166	204	243	362	387	2035	76	763	163	356	550	226	237	1912	2203	460	997	386	1768	391	191	338	370	322	928	171	587	212	347	599	388	1961	335	236	435	1221	175	669	1012	886	163	197	362	2310	1384	1306	1095	751	592	135	471	459	1171	1045	1310	391	1384	1090	2576	337	1174	1623	372	409	87	261	262	290	2951	1810	443	78	1135	110	1703	166	467	498	217	68	1517	387	160	382	363	388	1912
178	874	128	367	891	493	366	1315	280	824	181	113	909	334	0	166	160	258	258	1659	253	732	460	278	292	293	420	310	300	417	619	307	387	2029	3428	420	431	780	949	1115	289	851	41	2005	71	241	218	394	311	1101	859	113	23	198	283	422	285	1611	814	307	166	381	419	423	1433	196	308	380	92	877	378	2154	162	303	822	585	168	311	369	436	281	584	258	1541	507	23	1820	813	196	954	174	383	385	921	429	280	866	427	893	266	1190	406	338	241	184	365	442	270	195	252	279	304	116	1701	283	431	202	23	545	278	422	1659	2031	785	772	180	1946	182	218	23	301	346	641	174	906	226	19	525	179	1631	368	450	304	895	180	576	980	1211	216	523	305	2060	1190	1241	1174	585	915	384	345	307	869	713	993	180	1190	885	2305	38	1274	1532	321	128	272	285	87	588	2697	1525	327	286	944	258	1506	186	439	615	267	276	1421	116	431	308	307	178	1659
288	939	287	276	767	658	532	1461	378	988	19	272	989	366	166	0	319	198	337	1785	314	768	626	130	141	140	262	439	149	455	462	356	466	2169	3581	467	504	937	1038	1138	135	925	201	2144	230	205	334	470	145	1010	922	186	189	356	195	349	351	1474	975	141	0	249	356	353	1599	295	160	340	226	1017	249	2315	318	150	890	748	262	145	276	594	130	424	337	1578	673	189	1677	921	297	811	263	248	250	1010	593	378	966	592	963	390	1337	480	504	366	343	275	283	116	200	373	411	156	280	1709	348	491	203	178	386	405	349	1785	2184	825	918	20	1810	25	334	189	149	490	760	265	953	171	181	690	22	1676	241	385	138	960	279	742	1145	1249	205	563	157	2185	1341	1407	1327	748	888	463	179	473	969	762	1071	24	1341	1036	2417	204	1424	1697	172	287	282	422	220	552	2818	1631	161	353	1098	337	1654	202	282	486	196	333	1586	280	505	153	159	21	1785
124	904	122	520	977	341	225	1229	194	693	336	126	922	313	160	319	0	339	205	1603	224	795	325	412	452	429	555	176	460	500	747	274	304	1948	3323	494	348	620	951	1050	448	874	144	1926	89	310	128	314	463	1148	893	170	140	38	377	483	240	1705	696	458	319	494	472	482	1297	145	440	515	178	807	490	2031	142	462	852	469	147	463	522	342	417	719	205	1588	361	140	1919	796	143	1061	153	499	501	923	275	194	856	278	918	147	1031	326	195	128	138	517	577	429	250	141	145	436	103	1773	240	492	257	160	678	152	483	1603	1929	712	693	336	2036	339	128	140	436	191	615	151	822	313	152	374	335	1669	479	501	454	926	141	431	828	1130	276	466	437	2003	1095	1098	1014	469	902	302	496	171	861	765	1006	337	1095	794	2264	125	1114	1397	453	122	291	144	107	601	2643	1497	475	240	846	205	1414	237	574	714	353	244	1288	103	348	444	439	334	1603
239	1118	378	468	641	667	563	1561	284	1030	210	366	1160	203	258	198	339	0	231	1916	195	958	663	151	304	166	259	375	311	641	426	211	332	2278	3662	650	361	901	1204	946	296	1099	299	2255	278	34	276	332	251	843	1102	171	275	363	44	164	225	1367	1036	240	198	167	165	167	1629	230	160	538	349	1129	162	2369	413	308	1068	808	206	251	467	674	159	409	231	1769	692	275	1580	1071	233	721	202	174	177	1175	598	284	1122	609	1139	328	1262	340	532	310	431	466	278	281	91	311	357	158	361	1906	222	669	85	281	367	344	164	1916	2267	642	1020	213	1699	218	276	275	166	446	900	205	772	32	277	700	216	1865	150	196	234	1139	221	763	1142	1061	68	387	159	2317	1431	1425	1269	808	691	329	268	510	1126	947	1243	219	1431	1128	2563	283	1354	1731	169	378	119	373	238	355	2954	1784	240	227	1183	231	1749	104	273	375	16	202	1622	361	362	178	160	217	1916
88	1102	310	603	819	466	387	1413	53	840	356	307	1124	110	258	337	205	231	0	1801	37	979	485	366	477	383	490	150	485	670	655	70	131	2133	3485	670	173	673	1156	861	470	1074	277	2112	214	197	80	137	451	957	1090	159	256	204	275	323	34	1546	860	443	337	397	305	320	1423	66	383	635	332	1003	392	2174	339	485	1051	641	89	451	604	536	372	640	0	1782	497	256	1764	1001	67	923	84	405	408	1128	399	53	1062	417	1118	109	1032	149	358	102	341	601	510	452	153	97	140	381	288	1954	35	675	155	277	598	124	323	1801	2097	528	886	358	1871	362	80	256	385	225	821	83	647	224	267	498	359	1866	381	330	437	1124	79	566	924	953	167	269	381	2199	1274	1214	1037	641	696	128	477	349	1066	955	1209	362	1274	980	2466	251	1123	1527	394	310	126	157	174	401	2840	1701	450	34	1026	0	1594	145	505	579	247	44	1420	288	174	397	383	359	1801
1727	989	1538	1712	2549	1401	1424	471	1771	1089	1789	1550	894	1912	1659	1785	1603	1916	1801	0	1826	1205	1339	1915	1825	1924	2038	1692	1828	1397	2233	1871	1856	472	1933	1372	1889	1478	822	2516	1829	967	1618	434	1641	1894	1720	1867	1895	2750	1010	1750	1641	1597	1943	2076	1835	3258	1016	1898	1785	2032	2069	2076	1004	1747	1945	1596	1572	797	2030	1050	1502	1835	1014	1183	1749	1895	1717	1264	1915	2186	1801	1033	1361	1641	3456	876	1745	2594	1756	2032	2034	844	1449	1771	849	1419	955	1705	1725	1875	1450	1702	1487	1710	2057	1820	1839	1711	1681	1941	1556	1350	1836	1334	1847	1637	2154	1697	2076	0	693	2202	916	1786	3595	1784	1720	1641	1934	1628	1025	1754	2265	1885	1640	1381	1783	967	2021	2099	1899	979	1745	1312	1266	2536	1864	2021	1942	401	615	1100	1619	1183	2479	1855	1927	1454	848	1163	844	1782	615	842	682	1632	1713	978	1957	1538	1893	1665	1685	2202	1039	304	1923	1834	821	1801	418	1827	2057	2269	1926	1843	955	1556	1888	1936	1944	1781	0
101	1111	319	584	784	501	418	1442	90	875	332	315	1136	89	253	314	224	195	37	1826	0	981	517	333	452	350	454	187	459	669	617	54	152	2162	3519	670	190	710	1170	862	444	1084	277	2141	218	161	108	155	421	928	1098	145	254	229	239	287	37	1511	892	412	314	360	269	284	1460	78	349	622	333	1029	355	2210	350	459	1059	672	89	421	585	561	340	603	37	1787	531	254	1729	1018	80	887	82	368	371	1141	434	90	1077	451	1127	145	1067	166	389	135	356	582	474	426	121	131	176	347	298	1953	34	678	122	273	561	160	287	1826	2129	532	912	335	1837	339	108	254	352	262	838	83	655	189	264	533	336	1873	344	296	406	1132	85	601	961	959	133	270	347	2224	1305	1250	1073	672	681	148	446	377	1082	959	1220	339	1305	1008	2488	251	1159	1563	360	319	89	193	175	376	2865	1721	419	38	1056	37	1624	115	469	541	211	23	1456	298	191	364	349	336	1826
891	218	675	577	1496	894	795	1057	984	956	762	675	311	1066	732	768	795	958	979	1205	981	0	799	882	738	884	963	966	737	317	1130	1036	1097	1656	3123	311	1141	1190	383	1840	744	238	704	1623	765	954	916	1106	820	1771	197	845	727	819	963	1117	1010	2148	877	827	768	1003	1122	1120	1466	913	906	461	647	671	1004	2014	653	744	190	765	893	820	582	657	879	1078	979	811	872	727	2326	402	912	1495	900	998	999	362	879	984	387	849	251	943	1625	1118	795	923	662	576	977	744	920	936	938	904	696	977	1009	304	927	709	1056	946	1117	1205	1771	1505	665	758	2482	755	916	727	893	952	412	899	1618	927	718	907	755	907	998	1152	831	232	900	894	1227	1926	938	1249	904	1581	1004	1354	1564	765	1643	1094	842	767	384	61	368	753	1004	778	1750	730	1681	1533	914	675	1002	932	806	1310	2178	974	850	1011	851	979	1240	914	979	1222	960	1004	1432	696	1141	890	906	754	1205
431	827	343	756	1296	96	100	931	446	368	640	359	808	594	460	626	325	663	485	1339	517	799	0	733	742	748	876	357	749	594	1071	553	519	1650	3003	573	551	400	813	1200	740	783	425	1631	402	633	409	530	770	1440	823	496	436	300	702	798	516	2025	375	767	626	819	784	797	974	447	761	705	418	547	815	1705	321	753	780	158	461	770	760	143	736	1040	485	1508	74	436	2240	635	444	1385	467	824	826	789	113	446	704	80	829	379	840	538	131	382	293	753	898	722	572	389	351	758	347	1740	518	548	579	448	1000	368	798	1339	1612	872	426	639	2353	641	409	436	756	289	465	464	952	639	444	108	638	1568	804	812	764	847	450	123	532	1246	598	682	758	1732	790	781	794	158	1140	518	805	155	711	749	885	638	790	502	2015	421	906	1074	774	343	599	334	431	880	2372	1277	787	515	542	485	1109	560	895	1038	678	530	964	347	549	764	761	636	1339
346	1061	406	344	637	754	635	1589	416	1100	127	391	1114	354	278	130	412	151	366	1915	333	882	733	0	168	17	142	496	173	574	340	359	479	2298	3705	589	510	1015	1165	1084	160	1049	318	2273	330	179	390	480	101	890	1043	249	301	445	121	255	367	1344	1092	90	130	122	270	260	1708	345	30	434	351	1146	122	2432	439	169	1013	864	314	101	342	714	7	307	366	1687	774	301	1548	1050	347	682	313	119	121	1137	687	416	1094	691	1085	446	1395	488	606	425	462	343	164	150	212	429	472	26	395	1804	364	616	210	296	267	462	255	1915	2308	789	1045	130	1680	133	390	301	23	559	890	316	920	145	297	787	134	1788	116	294	83	1081	332	844	1240	1204	200	538	27	2315	1466	1511	1395	864	803	476	116	578	1097	881	1195	135	1466	1161	2546	315	1485	1807	43	406	268	486	305	470	2948	1760	88	369	1222	366	1780	221	161	356	140	345	1697	395	511	32	29	135	1915
430	929	398	177	759	783	654	1530	520	1096	122	382	991	495	292	141	452	304	477	1825	452	738	742	168	0	162	225	581	7	444	409	490	604	2227	3655	464	641	1072	1047	1248	8	922	320	2200	362	322	476	607	83	1037	910	328	314	490	284	423	489	1437	1075	91	141	275	438	429	1708	437	183	278	325	1082	277	2409	423	11	883	851	403	83	175	691	162	361	477	1533	795	314	1631	951	439	774	405	269	269	1020	722	520	987	717	956	532	1477	617	627	507	450	177	241	25	333	515	552	181	396	1640	486	497	335	298	331	546	423	1825	2260	946	992	121	1774	118	476	314	170	629	805	407	1076	286	304	815	121	1638	275	462	96	949	421	862	1270	1366	332	688	182	2223	1418	1522	1465	851	972	601	105	594	989	743	1069	119	1418	1115	2439	329	1563	1803	187	398	408	562	359	639	2849	1651	113	490	1181	477	1724	337	243	484	297	469	1692	396	642	162	183	122	1825
363	1065	420	339	630	770	651	1601	433	1115	135	404	1119	370	293	140	429	166	383	1924	350	884	748	17	162	0	127	513	167	577	326	375	495	2309	3718	593	526	1032	1171	1094	154	1053	332	2284	346	195	407	496	89	887	1047	266	316	461	133	261	384	1334	1107	79	140	119	278	267	1723	362	22	433	363	1157	120	2447	452	162	1017	878	331	89	337	728	11	292	383	1687	790	316	1537	1058	365	671	330	115	116	1143	704	433	1101	707	1090	463	1412	505	622	442	476	339	149	146	229	446	490	20	409	1801	380	621	227	309	252	479	261	1924	2321	802	1057	138	1670	140	407	316	10	576	899	333	933	161	311	803	141	1789	115	300	72	1085	349	860	1256	1216	217	552	20	2325	1479	1527	1412	878	810	492	101	594	1104	883	1200	143	1479	1174	2554	329	1502	1822	32	420	284	503	322	478	2957	1768	73	386	1235	383	1792	238	146	349	154	362	1712	409	527	15	22	143	1924
482	1155	546	392	534	896	778	1723	542	1242	253	531	1215	456	420	262	555	259	490	2038	454	963	876	142	225	127	0	628	225	669	200	469	590	2429	3843	688	615	1151	1270	1119	219	1147	459	2403	473	293	524	589	145	818	1136	389	443	586	216	282	485	1220	1234	140	262	112	306	289	1850	478	115	502	487	1278	117	2574	578	219	1108	1006	449	145	388	854	139	165	490	1754	916	443	1419	1167	481	556	447	101	99	1243	829	542	1207	833	1181	579	1522	596	749	559	603	392	22	223	340	562	607	118	536	1848	481	719	336	436	125	595	282	2038	2446	851	1180	255	1557	256	524	443	119	694	1013	450	982	266	437	929	258	1860	125	318	138	1174	466	986	1381	1249	322	618	118	2437	1603	1653	1526	1006	804	587	120	721	1209	969	1294	259	1603	1298	2659	457	1613	1950	102	546	377	621	447	490	3067	1872	116	486	1360	490	1915	350	20	260	243	462	1840	536	616	112	115	260	2038
152	1062	298	678	966	323	267	1288	99	699	458	303	1071	245	310	439	176	375	150	1692	187	966	357	496	581	513	628	0	589	676	801	206	164	2007	3345	669	201	525	1094	892	575	1028	309	1988	243	341	106	175	571	1086	1052	255	297	147	419	473	172	1691	726	563	439	542	453	469	1275	150	517	685	351	896	537	2028	314	590	1011	515	182	571	679	435	502	784	150	1750	357	297	1911	929	148	1073	183	550	553	1067	259	99	993	282	1073	50	900	184	242	73	304	675	649	556	288	67	31	514	279	1943	175	665	293	319	742	34	473	1692	1960	554	775	459	2014	463	106	297	517	76	748	180	657	362	309	353	460	1826	526	478	558	1084	164	424	774	964	308	331	515	2087	1146	1064	898	515	787	163	600	245	999	933	1154	462	1146	859	2364	285	989	1379	529	298	276	34	227	525	2728	1611	575	171	899	150	1465	277	645	729	391	192	1272	279	200	529	517	459	1692
438	929	405	174	759	791	661	1535	528	1103	130	389	992	503	300	149	460	311	485	1828	459	737	749	173	7	167	225	589	0	445	407	498	611	2231	3660	466	648	1080	1049	1254	15	923	327	2204	370	330	484	615	85	1039	910	335	322	497	290	428	496	1435	1081	94	149	278	443	434	1714	445	187	277	331	1086	281	2415	430	6	883	857	411	85	171	697	167	358	485	1532	803	322	1629	953	447	772	413	272	272	1021	729	528	989	724	956	540	1485	625	635	515	457	173	241	33	341	523	560	186	403	1637	493	499	342	305	329	554	428	1828	2264	953	997	129	1772	125	484	322	174	637	809	415	1083	293	311	822	129	1637	278	467	99	949	429	869	1277	1372	339	696	186	2226	1423	1529	1473	857	977	608	105	601	991	743	1070	127	1423	1120	2440	337	1570	1809	190	405	415	570	366	644	2852	1653	114	498	1187	485	1729	345	243	485	303	477	1699	403	649	166	187	130	1828
584	487	378	315	1202	679	557	1149	681	856	450	374	546	752	417	455	500	641	670	1397	669	317	594	574	444	577	669	676	445	0	851	724	793	1818	3267	28	838	993	603	1532	450	478	393	1788	457	637	613	801	524	1463	469	530	415	529	648	801	700	1880	801	529	455	696	806	805	1438	605	600	200	338	706	696	2075	363	452	439	621	582	524	320	471	571	802	670	1129	667	415	2069	522	605	1218	589	693	694	576	645	681	550	621	512	646	1433	813	548	625	379	313	686	446	604	637	646	597	398	1284	699	69	610	396	774	652	801	1397	1883	1198	646	446	2216	443	613	415	587	675	408	588	1315	610	405	700	443	1223	690	836	532	507	591	710	1097	1623	621	939	598	1791	1057	1287	1388	621	1326	790	550	515	551	307	625	441	1057	774	1996	419	1501	1521	609	378	686	643	496	993	2411	1209	553	701	848	670	1342	598	687	923	644	693	1413	398	838	585	600	442	1397
663	1331	746	552	381	1086	972	1923	708	1438	453	731	1397	597	619	462	747	426	655	2233	617	1130	1071	340	409	326	200	801	407	851	0	620	735	2628	4043	872	752	1327	1455	1145	404	1327	658	2602	668	460	701	732	337	703	1311	578	642	777	382	374	643	1028	1433	335	462	259	400	380	2044	656	310	670	688	1477	264	2772	778	400	1286	1204	630	337	548	1054	337	53	655	1902	1108	642	1223	1359	658	366	626	252	249	1428	1018	708	1396	1025	1359	754	1677	737	942	736	802	554	179	412	515	737	783	314	735	1971	640	906	510	636	78	770	374	2233	2646	922	1380	456	1365	456	701	642	317	872	1210	630	1048	442	637	1119	458	2013	275	397	334	1350	646	1179	1567	1286	494	724	313	2631	1804	1844	1689	1204	793	733	306	916	1398	1142	1474	459	1804	1499	2847	655	1771	2145	297	746	531	799	640	533	3258	2060	310	644	1561	655	2116	527	180	178	410	620	2035	735	754	311	311	460	2233
153	1165	373	630	759	529	456	1482	108	904	374	369	1190	41	307	356	274	211	70	1871	54	1036	553	359	490	375	469	206	498	724	620	0	120	2202	3550	725	151	717	1223	808	482	1138	331	2181	273	180	150	121	453	888	1152	197	309	274	253	270	36	1484	927	443	356	368	248	266	1481	130	371	673	388	1073	363	2235	404	496	1114	710	143	453	630	606	366	610	70	1842	561	309	1704	1070	131	870	136	377	380	1194	463	108	1129	483	1181	173	1057	129	427	171	408	628	488	465	156	163	203	369	352	2008	35	733	155	327	570	186	270	1871	2163	480	956	376	1807	381	150	309	376	283	890	137	604	214	318	560	378	1928	352	271	437	1187	139	630	977	907	160	217	370	2269	1343	1270	1069	710	629	117	474	418	1134	1014	1274	381	1343	1049	2536	306	1150	1585	381	373	92	220	230	331	2910	1771	447	37	1094	70	1662	153	483	529	226	31	1479	352	152	388	371	378	1871
210	1209	422	734	843	476	432	1449	112	848	484	422	1224	138	387	466	304	332	131	1856	152	1097	519	479	604	495	590	164	611	793	735	120	0	2167	3491	791	44	621	1250	745	596	1178	402	2148	337	301	180	10	571	933	1197	291	383	289	373	372	115	1559	882	561	466	487	348	367	1405	191	492	766	456	1060	481	2165	446	611	1157	678	220	571	735	599	486	728	131	1893	512	383	1782	1088	191	965	215	496	499	1223	416	112	1151	442	1222	162	941	21	407	176	443	732	608	578	271	164	180	490	400	2074	118	793	271	404	687	165	372	1856	2111	407	940	487	1876	491	180	383	496	231	907	214	522	333	394	504	488	1974	471	365	555	1230	206	576	891	829	279	167	490	2251	1306	1190	958	678	623	3	593	409	1157	1069	1308	491	1306	1022	2529	376	1036	1510	501	422	213	193	301	374	2892	1775	566	113	1060	131	1624	266	602	632	347	135	1406	400	44	508	491	488	1856
2068	1445	1902	2132	2919	1693	1746	720	2096	1334	2176	1916	1347	2243	2029	2169	1948	2278	2133	472	2162	1656	1650	2298	2227	2309	2429	2007	2231	1818	2628	2202	2167	0	1467	1792	2194	1689	1274	2759	2230	1418	1987	39	2000	2253	2054	2177	2291	3090	1466	2108	2008	1935	2310	2431	2165	3641	1286	2293	2169	2409	2420	2430	1013	2087	2329	2018	1947	1152	2407	708	1867	2238	1466	1492	2095	2291	2136	1606	2299	2585	2133	1482	1655	2008	3847	1298	2085	2981	2101	2411	2413	1294	1750	2096	1284	1725	1412	2029	1833	2184	1774	2031	1848	2129	2450	2219	2195	2038	2002	2325	1918	1790	2166	1752	2202	2008	2550	2019	2431	472	324	2470	1258	2174	3975	2173	2054	2008	2319	1936	1423	2098	2513	2249	2010	1667	2171	1401	2397	2450	2293	1437	2087	1595	1431	2756	2220	2324	2325	327	860	1184	1723	1492	2778	2166	2324	1785	1284	1610	1305	2170	860	1154	651	1998	1796	942	2341	1902	2238	1985	2041	2531	802	769	2317	2164	1108	2133	544	2182	2449	2645	2290	2177	974	1918	2192	2322	2328	2169	472
3435	2913	3300	3576	4300	3021	3104	2125	3441	2646	3590	3315	2814	3590	3428	3581	3323	3662	3485	1933	3519	3123	3003	3705	3655	3718	3843	3345	3660	3267	4043	3550	3491	1467	0	3240	3509	2919	2741	3954	3657	2885	3387	1502	3388	3633	3411	3500	3712	4423	2934	3491	3406	3303	3698	3802	3514	5028	2628	3712	3581	3808	3787	3800	2113	3450	3735	3467	3355	2574	3805	1352	3266	3666	2933	2854	3464	3712	3580	2992	3707	4004	3485	2873	2988	3406	5242	2754	3448	4381	3470	3811	3813	2760	3087	3441	2746	3068	2879	3377	2885	3505	3134	3383	3244	3573	3864	3644	3573	3388	3347	3732	3312	3152	3516	3199	3580	3409	3967	3364	3802	1933	1397	3719	2664	3588	5356	3587	3411	3406	3727	3269	2862	3467	3728	3635	3409	2991	3585	2771	3794	3815	3712	2905	3454	2920	2633	3912	3599	3630	3732	1619	2239	2333	2789	2854	4061	3490	3746	3153	2747	3076	2772	3585	2239	2544	1667	3394	2812	2008	3748	3300	3603	3329	3424	3865	1308	2214	3736	3513	2483	3485	1931	3561	3863	4037	3676	3530	2101	3312	3507	3732	3735	3583	1933
582	472	372	340	1220	660	540	1121	678	830	464	370	527	754	420	467	494	650	670	1372	670	311	573	589	464	593	688	669	466	28	872	725	791	1792	3240	0	835	973	583	1531	469	460	393	1762	455	644	610	799	542	1477	455	533	416	522	659	812	700	1901	774	548	467	711	816	815	1410	604	616	227	337	678	711	2047	355	473	423	597	582	542	345	448	586	823	670	1122	647	416	2091	496	603	1239	589	708	709	555	628	678	526	603	496	641	1413	811	532	620	369	338	705	465	609	633	639	613	392	1284	699	41	616	398	795	646	812	1372	1855	1197	618	460	2238	457	610	416	603	665	380	588	1313	619	407	680	457	1215	705	846	550	492	591	688	1073	1620	627	939	613	1767	1029	1260	1368	597	1332	788	570	500	528	296	607	455	1029	746	1975	419	1480	1493	625	372	691	636	496	1001	2388	1187	572	701	819	670	1314	603	706	940	654	694	1385	392	835	601	615	455	1372
255	1252	466	775	839	501	466	1477	157	870	523	466	1266	159	431	504	348	361	173	1889	190	1141	551	510	641	526	615	201	648	838	752	151	44	2194	3509	835	0	625	1292	701	633	1220	447	2176	381	331	225	36	604	914	1241	332	427	332	400	383	153	1551	908	595	504	509	358	377	1417	235	521	809	500	1094	504	2180	490	647	1200	708	263	604	775	636	517	748	173	1937	539	427	1774	1128	235	967	258	519	522	1264	444	157	1192	472	1265	204	927	24	443	220	486	773	632	615	307	207	219	519	445	2118	156	837	306	448	708	206	383	1889	2133	363	974	525	1865	529	225	427	526	261	947	257	477	365	438	528	526	2017	494	372	588	1273	250	600	900	785	312	131	520	2283	1333	1201	948	708	589	47	626	446	1197	1113	1350	529	1333	1052	2563	420	1023	1523	530	466	241	232	345	359	2923	1813	598	152	1089	173	1650	303	627	640	375	171	1420	445	1	539	521	526	1889
669	1190	694	1124	1464	315	445	1015	620	392	955	708	1153	749	780	937	620	901	673	1478	710	1190	400	1015	1072	1032	1151	525	1080	993	1327	717	621	1689	2919	973	625	0	1142	1071	1068	1142	757	1679	709	866	627	628	1079	1522	1189	766	759	582	945	987	689	2175	479	1073	937	1068	965	983	808	673	1038	1089	771	777	1063	1575	683	1082	1147	437	702	1079	1127	535	1020	1309	673	1848	325	759	2399	961	670	1586	704	1075	1078	1121	361	620	1031	378	1186	573	440	629	463	592	657	1121	1173	1049	813	590	544	1035	688	2103	692	948	818	777	1267	557	987	1478	1574	801	672	955	2486	958	627	759	1037	457	819	701	827	887	770	292	955	1893	1052	985	1068	1208	685	295	286	1068	833	729	1036	1841	866	588	400	437	1142	622	1111	499	1038	1137	1221	956	866	673	2158	743	509	914	1051	694	799	529	718	981	2466	1493	1088	687	668	673	1153	802	1168	1247	917	710	817	688	623	1048	1038	953	1478
1069	173	851	912	1800	907	855	710	1144	810	1038	858	73	1259	949	1038	951	1204	1156	822	1170	383	813	1165	1047	1171	1270	1094	1049	603	1455	1223	1250	1274	2741	583	1292	1142	0	1986	1052	144	912	1240	956	1190	1080	1260	1125	2045	194	1057	936	961	1220	1368	1190	2483	715	1130	1038	1287	1368	1371	1198	1092	1193	793	857	424	1287	1665	819	1056	192	710	1082	1125	917	681	1163	1405	1156	706	873	936	2671	181	1091	1822	1090	1285	1286	28	921	1144	110	886	141	1088	1542	1271	869	1075	814	910	1288	1047	1144	1087	1072	1190	872	975	1190	551	1151	925	1378	1086	1368	822	1401	1649	486	1034	2820	1032	1080	936	1181	1054	351	1088	1745	1171	932	906	1031	756	1279	1399	1132	170	1084	864	1088	2047	1166	1416	1190	1203	689	1133	1461	710	1851	1248	1153	855	103	341	83	1029	689	552	1393	933	1577	1248	1203	851	1215	1061	1002	1535	1812	607	1154	1191	611	1156	881	1135	1289	1520	1210	1191	1158	872	1291	1180	1193	1030	822
949	1953	1167	1413	963	1123	1137	2070	857	1435	1153	1166	1964	784	1115	1138	1050	946	861	2516	862	1840	1200	1084	1248	1094	1119	892	1254	1532	1145	808	745	2759	3954	1531	701	1071	1986	0	1240	1921	1138	2748	1076	933	925	736	1184	771	1942	1005	1116	1032	964	840	831	1454	1501	1173	1138	1012	819	833	1847	927	1078	1474	1194	1743	1007	2602	1192	1251	1902	1345	949	1184	1412	1313	1090	1173	861	2639	1163	1116	1670	1817	928	1133	942	1022	1023	1959	1087	857	1883	1120	1965	905	1095	724	1119	921	1188	1412	1125	1226	945	909	916	1078	1145	2815	832	1536	940	1136	1147	904	840	2516	2640	338	1622	1156	1690	1161	925	1116	1089	933	1637	943	251	968	1126	1139	1159	2718	1003	802	1167	1975	940	1205	1344	150	935	592	1078	2895	1920	1632	1178	1345	377	748	1190	1131	1889	1814	2047	1162	1920	1676	3198	1112	1183	1951	1080	1167	860	926	1035	629	3528	2477	1165	830	1695	861	2219	947	1120	969	952	839	1866	1145	702	1100	1078	1159	2516
423	935	396	185	753	780	651	1532	513	1095	116	380	996	487	289	135	448	296	470	1829	444	744	740	160	8	154	219	575	15	450	404	482	596	2230	3657	469	633	1068	1052	1240	0	928	316	2203	358	314	470	600	76	1030	916	321	310	485	275	415	481	1433	1074	84	135	267	430	420	1706	431	175	285	323	1084	269	2409	421	14	888	850	397	76	183	690	154	357	470	1541	793	310	1627	954	433	769	399	261	261	1025	718	513	991	714	961	526	1472	610	624	502	449	185	236	19	326	509	547	173	393	1648	478	502	327	295	326	540	415	1829	2261	938	993	115	1770	112	470	310	162	624	808	401	1068	278	301	812	115	1645	267	454	88	954	415	859	1267	1357	324	680	173	2227	1419	1520	1460	850	963	593	100	591	994	749	1075	113	1419	1116	2443	326	1558	1802	179	396	400	557	353	630	2853	1656	106	483	1182	470	1726	330	237	478	288	462	1691	393	634	154	174	116	1829
986	50	764	779	1680	880	809	836	1068	846	923	769	74	1173	851	925	874	1099	1074	967	1084	238	783	1049	922	1053	1147	1028	923	478	1327	1138	1178	1418	2885	460	1220	1142	144	1921	928	0	816	1385	866	1089	1002	1187	1002	1935	61	962	841	888	1112	1263	1108	2353	755	1007	925	1171	1265	1266	1290	1009	1076	660	760	495	1171	1794	735	930	47	705	995	1002	784	643	1046	1276	1074	727	850	841	2538	214	1008	1694	1002	1168	1169	125	883	1068	170	850	45	1016	1560	1199	818	1001	735	777	1164	924	1046	1013	1004	1073	786	961	1107	433	1054	827	1251	1016	1263	967	1539	1582	526	919	2689	916	1002	841	1063	997	323	1001	1685	1067	835	884	916	798	1164	1296	1010	66	999	853	1125	1991	1067	1340	1073	1346	799	1205	1487	705	1763	1175	1028	799	165	197	147	914	799	617	1528	839	1604	1348	1085	764	1122	995	912	1440	1951	744	1032	1108	684	1074	1014	1038	1165	1401	1104	1107	1253	786	1220	1062	1075	914	967
192	840	87	376	933	463	334	1274	291	787	215	72	872	362	41	201	144	299	277	1618	277	704	425	318	320	332	459	309	327	393	658	331	402	1987	3387	393	447	757	912	1138	316	816	0	1963	67	281	226	410	345	1141	826	146	24	182	325	462	307	1653	775	342	201	423	458	463	1397	212	348	376	57	835	420	2115	120	330	789	547	189	345	378	395	321	623	277	1511	476	24	1861	773	212	996	195	425	427	883	402	291	827	397	858	269	1173	422	307	245	144	373	481	298	232	256	277	345	78	1677	305	401	239	23	584	278	462	1618	1990	805	730	214	1988	215	226	24	341	335	600	195	924	267	22	495	212	1599	410	490	340	862	198	543	950	1230	255	546	345	2019	1149	1206	1154	547	948	399	380	274	831	683	956	213	1149	844	2264	26	1255	1495	361	87	305	281	102	624	2655	1485	363	308	903	277	1464	222	479	657	308	300	1385	78	447	347	348	211	1618
2047	1411	1878	2102	2896	1675	1725	699	2076	1320	2150	1892	1313	2222	2005	2144	1926	2255	2112	434	2141	1623	1631	2273	2200	2284	2403	1988	2204	1788	2602	2181	2148	39	1502	1762	2176	1679	1240	2748	2203	1385	1963	0	1976	2230	2033	2159	2265	3069	1432	2085	1984	1913	2286	2408	2145	3616	1269	2266	2144	2385	2398	2408	1016	2066	2303	1989	1922	1127	2383	740	1843	2210	1432	1472	2073	2265	2107	1584	2274	2558	2112	1442	1637	1984	3821	1268	2063	2955	2079	2386	2388	1260	1732	2076	1252	1706	1377	2010	1832	2166	1754	2010	1824	2100	2424	2192	2172	2018	1982	2300	1894	1750	2146	1722	2179	1984	2524	1999	2408	434	355	2456	1235	2148	3951	2147	2033	1984	2294	1917	1395	2076	2500	2225	1985	1650	2145	1361	2373	2428	2267	1403	2065	1578	1423	2747	2198	2306	2300	297	842	1182	1722	1472	2761	2147	2298	1764	1252	1577	1270	2144	842	1132	629	1974	1797	948	2315	1878	2217	1965	2018	2511	802	730	2291	2144	1088	2112	529	2160	2423	2621	2267	2156	976	1894	2174	2297	2303	2143	434
127	892	106	437	920	428	305	1283	225	769	247	98	920	306	71	230	89	278	214	1641	218	765	402	330	362	346	473	243	370	457	668	273	337	2000	3388	455	381	709	956	1076	358	866	67	1976	0	254	159	345	375	1111	879	109	54	127	311	435	246	1644	766	370	230	421	427	435	1377	148	358	443	119	851	418	2104	140	372	841	537	129	375	439	396	334	638	214	1569	445	54	1856	810	148	993	136	425	427	927	363	225	867	363	909	201	1119	357	276	177	153	434	495	339	198	189	211	355	85	1739	244	460	205	76	597	212	435	1641	1992	741	741	247	1977	249	159	54	353	274	634	135	859	249	67	460	246	1654	407	458	366	914	135	514	915	1166	223	484	355	2042	1153	1181	1103	537	897	333	408	247	871	741	1004	247	1153	850	2294	42	1202	1476	372	106	260	216	46	580	2680	1519	388	246	906	214	1471	186	492	649	290	241	1366	85	381	361	358	244	1641
206	1109	356	480	668	634	532	1535	250	999	219	345	1148	176	241	205	310	34	197	1894	161	954	633	179	322	195	293	341	330	637	460	180	301	2253	3633	644	331	866	1190	933	314	1089	281	2230	254	0	242	301	275	860	1094	145	256	332	78	181	192	1395	1006	265	205	201	177	182	1596	196	191	544	333	1105	196	2338	391	327	1058	779	173	275	479	647	186	443	197	1766	660	256	1609	1055	199	752	169	209	212	1162	566	250	1107	577	1129	293	1229	310	501	276	407	478	312	298	60	277	323	189	338	1908	189	661	53	265	401	309	181	1894	2239	624	995	223	1726	227	242	256	195	411	881	172	753	36	260	667	225	1860	185	209	259	1130	188	731	1109	1046	35	366	189	2295	1404	1391	1234	779	690	298	295	481	1111	941	1232	228	1404	1101	2545	263	1320	1698	200	356	89	339	212	356	2933	1766	267	194	1155	197	1722	72	307	405	50	169	1590	338	332	208	190	225	1894
46	1031	242	581	890	396	309	1334	67	768	353	241	1050	191	218	334	128	276	80	1720	108	916	409	390	476	407	524	106	484	613	701	150	180	2054	3411	610	225	627	1080	925	470	1002	226	2033	159	242	0	189	464	1036	1020	148	209	124	319	392	115	1618	784	456	334	442	376	389	1358	45	412	598	277	923	437	2105	267	485	980	563	76	464	582	455	396	682	80	1714	425	209	1835	923	43	987	77	449	452	1052	329	67	984	344	1046	56	1007	201	280	35	267	579	545	451	186	39	82	409	220	1893	115	612	191	232	640	72	392	1720	2021	588	805	354	1944	358	0	209	411	170	742	74	702	259	221	429	355	1796	426	403	451	1053	58	496	867	1010	207	338	409	2118	1196	1151	1004	563	775	177	493	268	989	889	1134	357	1196	900	2385	200	1096	1461	424	242	192	97	131	481	2759	1621	468	114	947	80	1516	174	541	641	292	123	1353	220	224	422	411	354	1720
