NAME : VRPTW_INSTANCE_143.txt
COMMENT : Bangkok Supermarket
TYPE : VRPTW
DIMENSION : 291
DAYS : Tuesday
EDGE_WEIGHT_TYPE : EXPLICIT
VEHICLES : 38
EDGE_WEIGHT_FORMAT : FULL_MATRIX
CAPACITY : 1000
EDGE_WEIGHT_SECTION
0	2420	364	672	393	153	60	830	438	525	436	544	807	442	212	418	351	346	617	582	413	491	395	152	626	24	1144	590	258	395	863	1231	240	306	814	696	474	2093	1480	322	355	376	428	788	1669	288	1473	401	394	563	284	227	330	891	422	394	392	307	214	532	196	85	464	529	97	394	288	423	534	254	1321	1627	1057	438	192	670	38	1117	1531	444	1005	196	503	369	258	211	815	248	368	24	155	345	891	525	515	927	395	446	996	1073	1736	155	404	425	439	1036	1487	981	451	1019	841	413	456	330	503	1770	846	872	652	1210	97	208	495	1994	77	1757	830	104	1210	1658	835	986	1055	332	885	194	815	208	736	198	88	1142	161	404	910	197	1190	155	202	609	153	170	482	533	248	133	891	1246	1299	1005	1928	124	351	193	525	544	484	1802	286	578	661	371	2862	606	195	1730	111	1022	428	189	83	239	202	404	23	873	447	543	111	264	357	307	899	443	298	309	34	1558	133	213	283	497	971	441	1109	891	993	24	379	243	2752	1074	255	368	1321	1028	1108	993	815	349	1358	485	402	328	1213	256	164	840	463	891	978	875	73	486	977	496	533	1773	581	388	582	1450	203	23	83	373	404	315	1627	2182	204	33	474	358	773	97	1005	193	482	441	874	196	171	916	524	834	1975	1262	306	863	307	1016	522	1187	1321	172	539	474	22	352	306	304	642	412	437	283	502	407	299	88	202
2420	0	2578	2960	2676	2271	2446	2035	2440	2055	2446	2121	2047	2088	2349	2517	2540	2736	2501	1915	2676	2037	2199	2408	2880	2443	1390	2893	2598	2793	2046	1413	2558	2718	2055	3085	2895	1312	1180	2450	2768	2789	2047	1710	3529	2685	3882	2792	2675	1973	2163	2590	2142	2020	2101	2575	2676	2428	2460	1996	2233	2418	1972	2291	2513	2575	2427	2546	2295	2591	1504	1413	1578	2450	2279	3071	2449	1402	3839	2093	1531	2538	2021	2762	2598	2543	1640	2226	2481	2434	2265	2549	1729	2055	2514	2126	2199	2542	1540	1398	1351	2265	2166	2443	2430	1421	1014	1459	2066	1535	2230	2534	2101	2142	2764	1446	3178	2687	1907	2427	2513	2545	2673	1249	2406	1433	2048	2401	2016	1054	1988	1518	1883	2738	1539	2614	1640	2449	1746	2560	2501	1389	2260	2675	1615	2447	3610	2265	2375	1814	2271	2580	2670	2007	2226	2499	1729	1423	3506	1531	4138	2402	2540	2244	2055	2298	2670	1073	2602	2426	2501	2775	812	2599	2616	738	2421	1517	2023	2236	2429	2598	2375	2675	2443	3198	2095	1899	2529	2206	2746	2422	1678	2075	2416	2423	2439	2199	2297	2460	2160	2679	1459	2449	1405	1729	1588	2434	2571	2586	1449	1588	2608	2758	1504	1723	2515	1472	1650	2550	1125	2670	2535	2548	1380	2370	2258	1694	2769	1729	1538	1981	2416	2668	1599	2679	2007	1216	1994	2781	1915	1515	2450	2443	2430	2047	2671	2439	1413	286	2444	2444	2895	2560	2252	2513	1444	2244	2670	2025	2453	2233	2540	1511	2700	2220	1290	1806	2424	1712	2457	1496	2301	1328	1504	2310	2300	2142	2438	2560	2718	2424	2152	2546	2458	2160	2680	2677	2541	2501	2375
364	2578	0	385	105	418	304	1186	183	866	178	899	1164	490	577	104	38	257	308	888	99	540	752	513	312	346	1217	315	149	305	1220	1520	136	444	1172	530	481	2055	1752	127	466	480	741	870	1307	476	1440	291	103	607	601	496	658	1247	759	34	105	150	164	582	511	446	738	355	372	34	154	85	356	146	1298	1588	1075	176	543	533	330	1196	1274	485	1070	179	556	277	149	163	1069	384	105	341	437	29	901	866	199	753	752	112	1060	1183	1703	437	756	172	192	1156	1590	1120	512	1302	1206	86	478	658	753	1714	972	524	682	1572	372	168	134	1969	441	1705	1187	283	1569	1924	737	1070	1403	298	1052	366	1069	174	1015	193	380	1216	465	100	1193	183	1098	437	566	794	418	277	122	572	384	236	901	1539	1461	1070	1631	487	38	518	866	360	124	1823	569	308	353	506	3093	259	360	1855	265	1086	724	496	286	507	566	100	363	1000	482	691	364	402	260	156	934	775	162	154	330	1921	466	164	596	137	1124	178	1191	901	1287	341	20	157	3053	1082	519	266	1298	1354	1465	1106	1076	28	1588	125	74	39	1490	619	468	1133	194	901	1054	770	435	125	1271	136	572	2068	593	286	888	1770	178	363	285	618	94	138	1588	2319	180	333	481	18	1138	372	1133	518	122	746	1232	511	213	1075	165	1199	1942	1607	154	896	122	1096	343	1442	1298	325	356	828	345	18	444	154	1003	75	168	596	141	101	620	380	566
672	2960	385	0	298	774	618	1495	525	1198	519	1212	1472	873	868	444	422	350	531	1244	290	922	1063	792	85	648	1589	82	417	330	1525	1888	446	559	1478	256	447	2368	2127	511	545	542	1092	1249	1066	614	1169	313	298	986	947	690	999	1556	1094	384	298	535	528	963	856	735	1105	691	629	384	539	414	689	423	1634	1909	1433	516	865	296	633	1570	889	867	1442	484	938	339	418	472	1446	763	478	649	790	414	1262	1198	470	1026	1063	421	1432	1562	2025	790	1076	520	535	1538	1965	1504	895	1672	1477	426	859	999	857	2023	903	567	1056	1805	629	473	290	2290	736	2016	1494	628	1869	2300	1061	1446	1725	391	1437	561	1446	540	1384	475	642	1588	812	294	1562	545	798	790	849	1178	774	516	291	952	763	544	1262	1905	1380	1442	1259	773	422	858	1198	689	291	2169	751	584	558	583	3478	424	555	2233	606	1458	1083	843	615	696	849	294	660	929	865	1076	614	782	340	541	1301	1114	548	539	639	2198	799	528	944	284	1508	517	1566	1262	1652	649	389	433	3417	1436	701	333	1634	1700	1677	1487	1451	413	1971	291	424	419	1863	896	815	1498	212	1262	1429	1088	727	293	1636	284	952	2434	967	324	1244	2121	541	660	614	990	297	523	1909	2698	546	639	447	402	1406	629	1515	858	291	1101	1453	856	502	1460	267	1472	2260	1933	539	1264	507	1471	679	1821	1634	695	686	1144	650	403	559	539	1300	414	507	944	283	291	828	642	849
393	2676	105	298	0	478	334	1224	286	914	280	937	1201	589	601	202	143	177	383	951	27	641	788	530	237	371	1320	221	137	215	1256	1591	154	393	1208	424	395	2159	1829	229	405	415	800	972	1282	435	1336	199	2	708	656	476	710	1285	808	124	1	249	230	683	565	466	809	459	373	124	249	176	459	139	1403	1693	1180	277	583	428	355	1299	1185	584	1173	197	657	192	137	183	1148	466	210	369	495	130	1006	914	281	850	788	198	1164	1283	1808	495	797	275	295	1256	1692	1218	610	1375	1227	182	579	710	710	1818	892	561	785	1580	373	185	135	2073	464	1809	1224	334	1603	2002	841	1172	1448	226	1146	339	1148	242	1087	196	384	1319	519	16	1265	248	992	495	586	883	478	263	121	674	466	260	1006	1609	1382	1173	1555	507	143	569	914	463	123	1929	546	398	426	447	3181	310	332	1956	313	1190	788	551	326	485	586	16	385	920	583	783	362	485	177	256	1038	827	260	254	358	1947	512	230	652	132	1220	280	1294	1006	1356	369	119	151	3122	1187	495	181	1403	1411	1465	1206	1153	131	1674	124	173	129	1565	637	522	1202	92	1006	1157	873	456	126	1340	131	674	2138	697	197	951	1831	243	385	324	692	20	239	1693	2420	248	360	395	123	1157	373	1232	569	121	808	1233	565	223	1170	153	1221	2047	1654	253	1001	220	1199	447	1523	1403	397	459	867	371	120	393	253	1034	169	269	652	137	18	609	384	586
153	2271	418	774	478	0	176	779	425	451	426	494	757	311	240	436	392	476	604	472	492	355	356	226	715	173	992	693	359	530	814	1114	327	459	766	830	625	1951	1356	331	508	529	323	638	1718	439	1626	533	478	424	183	367	241	839	343	439	478	307	254	393	97	187	333	465	250	439	291	451	472	352	1180	1486	912	429	159	808	178	965	1651	315	855	292	366	501	358	302	681	126	382	164	21	392	749	451	517	834	356	469	845	920	1594	21	352	415	423	883	1334	828	315	899	826	439	331	241	630	1631	992	875	512	1214	250	302	552	1850	171	1618	781	146	1162	1532	720	834	988	470	734	347	681	244	611	306	240	990	53	486	789	235	1339	21	247	458	0	309	541	396	126	238	749	1131	1435	855	2033	201	392	110	451	483	542	1653	414	549	645	524	2726	621	348	1578	167	871	309	81	164	378	247	486	176	1018	320	390	264	135	487	304	753	358	294	307	168	1525	85	254	177	555	818	431	956	749	878	164	426	344	2643	930	392	498	1180	936	1129	840	683	395	1219	543	431	379	1090	293	55	724	562	749	826	761	178	543	862	554	396	1660	448	520	472	1353	241	176	166	228	483	319	1486	2030	238	173	625	406	763	250	852	110	541	329	898	97	281	764	583	817	1832	1190	304	718	321	865	461	1055	1180	103	478	423	168	401	459	303	608	442	431	177	559	488	403	240	247
60	2446	304	618	334	176	0	890	385	581	383	603	867	432	273	360	291	302	562	630	354	484	454	211	568	44	1151	536	201	355	922	1278	180	301	874	655	453	2085	1525	268	347	368	477	794	1609	295	1459	358	335	557	331	254	382	951	476	333	333	254	156	526	241	143	504	488	109	333	235	364	493	196	1313	1618	1054	385	249	632	29	1125	1484	433	1010	137	497	326	201	151	854	242	312	37	185	285	885	581	458	892	454	388	1000	1087	1728	185	462	371	386	1051	1501	999	444	1065	902	355	442	382	533	1758	855	814	646	1269	109	148	435	1988	137	1746	890	66	1270	1701	811	994	1113	294	908	185	854	153	779	142	107	1149	200	345	955	141	1164	185	262	632	176	133	422	525	242	74	885	1294	1317	1010	1875	183	291	241	581	502	424	1804	319	527	607	370	2901	548	184	1749	62	1027	473	231	33	266	262	345	61	882	436	557	115	261	313	255	898	496	246	257	26	1618	182	156	329	436	991	387	1117	885	1041	37	318	185	2802	1070	281	324	1313	1082	1166	1006	855	289	1394	424	343	267	1258	316	203	887	407	885	984	851	131	425	1025	436	525	1822	570	345	630	1503	147	61	32	404	344	261	1618	2204	148	30	453	298	834	109	1021	241	422	488	932	241	115	937	464	895	1967	1320	254	861	251	1024	480	1228	1313	158	497	533	41	291	301	252	702	353	383	329	441	348	345	107	262
830	2035	1186	1495	1224	779	890	0	1201	334	1203	287	23	947	627	1215	1166	1150	1377	408	1244	952	435	703	1455	853	1192	1413	1088	1184	38	628	1070	989	22	1462	1176	2198	886	1110	1028	1043	486	982	2494	934	1997	1197	1225	975	600	835	540	60	439	1212	1223	1086	1024	957	681	761	556	1203	866	1212	1070	1229	1210	1085	1519	1794	1251	1206	643	1422	869	1159	2311	955	1125	1027	949	1166	1088	1041	556	867	1161	855	758	1163	1166	334	1296	1474	435	1248	1120	1065	1875	758	430	1192	1198	1019	1366	943	931	515	200	1217	980	540	858	1950	1247	1650	1022	546	866	1038	1321	2082	761	1932	13	903	383	1053	1305	1072	241	1118	833	943	556	1015	458	1028	853	1187	727	1235	471	1005	1825	758	646	729	779	979	1308	972	867	964	1166	624	1489	1125	2732	722	1166	671	334	1221	1310	1814	799	1313	1414	1010	2270	1400	949	1507	921	1135	527	698	902	834	646	1235	839	1260	963	803	882	860	1160	1084	1125	430	1073	1086	865	751	720	1023	607	1323	903	1208	1148	1166	458	855	1198	1073	2002	1282	835	1170	1519	320	549	1011	531	1167	918	1311	1208	1148	655	601	725	410	1290	1166	1085	1342	769	1311	451	1322	972	1073	1023	1184	408	699	1010	839	903	665	1234	1099	1794	1867	1009	864	1176	1177	217	866	983	671	1308	496	422	681	1001	863	1351	188	2080	447	1084	1109	1099	1099	1203	716	1519	882	1217	358	852	1171	989	1083	198	1220	1209	607	1327	1238	714	853	646
438	2440	183	525	286	425	385	1201	0	869	6	919	1180	370	637	85	153	437	181	857	272	413	781	589	443	428	1063	469	309	488	1238	1459	279	603	1189	705	662	1874	1676	118	632	647	726	729	1312	625	1622	475	283	468	601	622	661	1261	763	161	286	130	231	450	523	523	697	173	482	161	149	114	174	303	1121	1408	909	9	578	712	414	1045	1399	363	916	306	428	459	309	294	997	339	88	419	447	168	737	869	97	570	781	103	907	1041	1523	447	777	13	9	1019	1440	991	394	1242	1251	105	348	661	895	1532	1147	449	533	1634	482	300	235	1789	513	1523	1204	335	1584	1843	555	923	1401	475	936	507	997	232	961	331	485	1063	479	276	1135	243	1275	447	634	700	425	415	234	437	339	341	737	1480	1632	916	1726	560	153	536	869	177	234	1651	693	143	224	669	2986	205	502	1710	326	932	698	506	355	634	634	276	446	1175	358	588	479	350	441	130	775	773	140	128	410	1950	497	231	594	241	1000	8	1041	737	1234	419	166	311	2989	913	648	449	1121	1328	1540	968	1008	165	1491	234	113	181	1423	687	481	1084	367	737	904	587	510	231	1218	241	437	2005	445	469	857	1731	238	446	355	572	271	123	1408	2175	236	415	662	168	1186	482	1000	536	234	725	1307	523	339	956	260	1242	1762	1598	131	739	136	947	161	1362	1121	322	173	848	425	174	603	133	1033	118	18	594	242	277	729	485	634
525	2055	866	1198	914	451	581	334	869	0	871	93	314	618	349	887	842	865	1042	155	932	628	155	424	1150	549	995	1116	782	907	372	739	759	742	325	1200	935	2014	1001	781	788	807	154	719	2169	694	1852	916	914	660	268	591	209	393	107	889	913	757	702	639	355	470	242	869	580	889	742	902	876	777	1287	1580	1008	874	332	1166	564	962	2047	626	898	717	627	884	782	731	425	532	832	549	430	841	894	0	964	1156	155	920	891	881	1673	430	130	860	865	834	1246	760	604	546	432	890	651	209	712	1735	1126	1316	718	832	580	729	1001	1902	465	1719	339	583	715	1179	995	853	537	840	643	671	425	692	312	723	566	991	401	924	448	683	1629	430	373	454	451	688	989	653	532	655	894	749	1465	898	2451	435	842	347	0	887	990	1655	578	979	1080	781	2403	1069	676	1438	603	911	200	370	588	594	373	924	538	1145	634	501	597	525	875	754	865	96	744	757	558	1086	402	702	275	1003	729	876	951	894	506	549	876	767	2235	1037	600	886	1287	505	786	812	411	845	937	991	882	827	735	345	398	368	988	894	859	1034	475	991	491	1002	653	1265	707	903	155	928	688	538	589	335	922	770	1580	1850	686	559	935	855	387	580	797	347	989	168	584	355	696	678	1031	421	1893	741	754	841	772	883	868	741	1287	552	883	87	548	850	742	753	207	893	877	275	1008	926	504	566	373
436	2446	178	519	280	426	383	1203	6	871	0	920	1182	375	637	79	148	432	181	860	265	418	782	588	437	427	1069	463	304	483	1239	1463	274	598	1191	698	656	1880	1680	115	627	643	729	735	1309	621	1616	469	277	474	603	620	662	1263	764	155	280	129	229	455	524	522	700	179	479	155	148	108	180	299	1127	1414	915	4	578	706	412	1051	1393	368	923	302	433	454	304	291	1001	342	84	417	448	162	743	871	94	576	782	97	913	1047	1529	448	778	11	16	1025	1446	997	399	1246	1251	99	354	662	892	1538	1142	448	539	1634	479	297	229	1795	512	1530	1206	334	1586	1847	561	929	1403	470	941	504	1001	230	965	327	483	1069	480	270	1139	241	1269	448	633	705	426	412	228	442	342	339	743	1484	1628	923	1721	559	148	537	871	183	228	1657	691	146	225	665	2991	202	498	1715	325	938	700	507	354	631	633	270	444	1170	363	593	477	353	436	129	781	775	139	127	408	1951	498	229	596	235	1006	4	1047	743	1238	417	160	307	2993	919	645	443	1127	1331	1540	974	1012	160	1496	228	107	176	1427	686	482	1088	361	743	910	593	509	225	1222	235	442	2009	451	464	860	1734	236	444	353	575	265	121	1414	2181	234	414	656	162	1187	479	1005	537	228	727	1306	524	336	961	254	1243	1768	1601	130	745	133	953	168	1366	1127	322	179	849	423	168	598	132	1034	112	12	596	236	271	727	483	633
544	2121	899	1212	937	494	603	287	919	93	920	0	264	694	346	929	878	871	1096	245	957	708	149	423	1170	567	1087	1130	802	909	321	777	783	727	272	1195	918	2106	1041	824	770	787	234	812	2206	675	1805	920	938	744	320	572	261	348	166	924	936	801	736	722	396	477	331	933	585	924	785	942	940	798	1380	1674	1101	923	356	1157	582	1055	2044	702	991	740	708	888	802	754	505	590	875	568	473	876	986	93	1012	1237	149	962	984	972	1766	473	143	909	916	926	1332	851	682	597	351	930	726	261	658	1828	1070	1368	805	751	585	752	1033	1994	476	1812	288	615	670	1218	1080	946	513	841	734	668	505	728	390	742	572	1083	441	948	507	717	1598	473	367	547	494	697	1021	735	590	677	986	783	1390	991	2457	439	878	385	93	951	1022	1746	549	1036	1135	758	2444	1115	674	1518	633	1004	284	413	614	574	367	948	554	1087	709	590	601	585	881	799	957	168	788	801	578	1031	433	736	328	1035	819	925	1044	986	551	568	910	787	2245	1130	578	891	1380	515	698	904	488	879	998	1023	922	860	780	328	439	427	1006	986	953	1120	485	1023	537	1034	735	1286	789	907	245	935	723	554	616	412	947	813	1674	1922	721	578	918	890	300	585	888	385	1021	253	492	396	715	768	1063	340	1986	720	799	934	813	976	932	799	1380	598	947	71	566	884	727	797	122	933	925	328	1040	951	468	572	367
807	2047	1164	1472	1201	757	867	23	1180	314	1182	264	0	929	604	1193	1143	1126	1356	394	1221	934	412	679	1432	830	1187	1390	1065	1161	57	642	1047	965	12	1439	1153	2196	901	1088	1005	1020	467	971	2471	911	1976	1173	1202	959	579	811	519	83	418	1189	1200	1065	1001	941	659	738	540	1184	843	1189	1048	1206	1191	1061	1512	1789	1242	1185	620	1399	846	1154	2288	937	1118	1004	932	1143	1065	1018	553	846	1139	832	736	1141	1155	314	1274	1458	412	1226	1112	1061	1871	736	408	1171	1177	1014	1368	939	914	522	195	1195	962	519	836	1944	1227	1629	1007	555	843	1015	1298	2080	738	1927	24	880	405	1070	1290	1065	264	1094	827	920	553	992	452	1005	829	1182	705	1212	474	982	1803	736	622	716	757	956	1286	956	846	941	1155	639	1474	1118	2709	698	1143	649	314	1202	1287	1813	775	1293	1394	987	2288	1378	925	1512	898	1128	509	676	879	811	622	1212	816	1240	945	788	858	840	1137	1062	1115	410	1051	1065	842	771	698	1001	586	1300	899	1187	1143	1155	466	832	1175	1050	2024	1274	812	1146	1512	336	551	1006	528	1144	928	1288	1186	1125	667	578	703	410	1267	1155	1078	1327	746	1288	458	1299	956	1093	1007	1160	394	721	988	816	881	646	1211	1077	1789	1876	986	841	1153	1155	205	843	978	649	1286	477	415	659	978	858	1328	183	2077	470	1062	1098	1077	1093	1183	725	1512	860	1198	336	829	1149	965	1061	175	1197	1187	586	1305	1215	691	829	622
442	2088	490	873	589	311	432	947	370	618	375	694	929	0	540	436	452	672	495	555	588	53	591	537	796	454	738	805	526	730	985	1105	485	733	940	1006	869	1653	1312	362	778	799	464	384	1655	726	1875	725	588	126	395	669	443	1002	527	489	589	340	385	97	366	496	394	280	536	489	340	464	287	518	881	1185	623	379	447	999	451	715	1759	8	592	475	69	698	526	476	640	194	396	442	324	461	453	618	460	547	591	465	583	694	1296	324	572	369	361	666	1105	630	24	891	1045	451	33	443	940	1327	1287	759	214	1445	536	479	592	1555	481	1315	953	369	1316	1476	413	586	1112	687	567	617	640	375	623	501	529	737	347	588	788	376	1558	324	552	335	311	550	587	93	194	455	453	1128	1741	592	2095	512	452	386	618	297	588	1376	722	417	519	803	2616	563	616	1366	383	609	419	352	403	681	552	588	464	1313	16	220	545	178	681	334	469	527	328	335	441	1695	391	385	385	598	635	379	709	453	890	442	484	517	2629	638	696	692	881	1010	1381	617	654	462	1121	588	451	460	1064	592	347	747	682	453	572	454	486	586	875	597	93	1647	138	715	555	1393	377	464	404	283	583	351	1185	1830	371	447	869	472	991	536	643	386	587	451	1158	366	488	589	621	1034	1535	1296	336	432	369	613	285	996	881	274	294	632	448	472	733	336	816	462	386	385	600	589	715	529	552
212	2349	577	868	601	240	273	627	637	349	637	346	604	540	0	627	563	524	819	447	623	578	199	76	828	232	1153	785	464	562	658	1084	451	395	610	852	587	2144	1343	527	442	461	303	815	1881	349	1533	573	602	640	199	247	207	688	262	606	600	509	423	610	177	134	381	701	239	606	490	634	708	461	1380	1686	1103	639	96	817	248	1123	1700	545	1027	406	586	542	464	421	713	366	575	236	222	558	952	349	721	1073	199	657	1018	1063	1790	222	219	625	637	1021	1466	956	540	882	628	624	564	207	440	1834	840	1080	724	999	239	418	708	2039	137	1821	626	305	1003	1521	953	997	859	495	848	323	713	417	615	404	225	1150	194	613	777	406	1289	222	25	585	240	352	695	617	366	343	952	1096	1245	1027	2111	94	563	157	349	718	697	1824	253	772	862	438	2740	816	328	1689	318	1043	327	188	293	253	25	613	216	863	551	558	255	373	535	508	945	288	498	510	246	1346	154	423	205	709	936	642	1114	952	848	236	591	449	2584	1126	261	544	1380	852	903	985	706	561	1252	697	613	540	1075	53	194	701	664	952	994	995	144	698	832	708	617	1614	672	560	447	1275	412	216	294	348	613	518	1686	2126	412	244	587	571	560	239	986	157	695	325	669	177	378	881	737	622	2023	1067	507	913	513	1028	696	1067	1380	328	714	281	232	564	395	505	434	623	639	205	714	616	202	225	25
418	2517	104	444	202	436	360	1215	85	887	79	929	1193	436	627	0	83	361	211	890	186	483	787	571	363	404	1144	385	245	410	1251	1506	222	542	1202	619	586	1959	1729	105	567	581	751	806	1283	570	1538	395	199	543	618	580	677	1276	779	77	202	130	204	522	534	504	733	259	446	77	145	30	259	240	1207	1493	993	76	579	627	389	1125	1324	430	997	257	498	382	245	243	1048	372	54	397	457	96	820	887	102	649	787	33	987	1118	1608	457	786	77	95	1095	1520	1064	460	1289	1251	20	418	677	845	1617	1076	453	612	1627	446	249	156	1874	495	1608	1217	322	1599	1899	640	1002	1423	402	1004	456	1048	210	1005	278	451	1144	488	192	1181	221	1190	457	620	759	436	365	153	510	372	304	820	1527	1564	997	1661	543	83	544	887	262	153	1736	652	204	257	606	3052	188	450	1788	309	1013	728	517	335	591	620	192	422	1104	426	649	441	386	365	133	857	793	143	131	387	1959	499	204	612	162	1071	78	1121	820	1278	397	85	250	3039	998	604	371	1207	1361	1527	1044	1057	93	1553	153	30	114	1473	674	490	1126	281	820	984	672	491	151	1262	162	510	2054	523	391	890	1770	215	422	334	609	186	117	1493	2254	215	391	586	92	1185	446	1074	544	153	753	1293	534	292	1025	185	1243	1847	1624	133	820	116	1026	247	1417	1207	334	258	858	402	99	542	134	1040	33	68	612	164	192	696	451	620
351	2540	38	422	143	392	291	1166	153	842	148	878	1143	452	563	83	0	284	294	859	137	502	733	502	348	335	1179	353	161	335	1200	1488	139	459	1151	568	508	2020	1718	89	484	499	714	832	1328	487	1475	322	141	568	576	499	633	1226	735	46	143	113	142	544	487	435	708	321	369	46	118	75	323	157	1261	1552	1037	146	524	570	319	1158	1311	446	1031	177	518	306	161	163	1035	350	69	328	412	14	863	842	184	724	733	101	1022	1144	1667	412	735	141	161	1118	1551	1082	474	1270	1191	69	439	633	762	1680	995	526	644	1561	369	168	160	1933	428	1670	1167	263	1549	1890	702	1032	1380	322	1014	373	1035	150	984	196	375	1178	441	138	1161	161	1135	412	554	758	392	282	151	534	350	229	863	1507	1482	1031	1665	475	0	496	842	328	152	1786	572	285	340	523	3057	258	367	1816	247	1048	695	472	270	510	554	138	352	1024	444	654	362	368	288	119	896	750	125	117	318	1904	445	142	570	164	1086	149	1153	863	1256	328	35	167	3021	1044	523	296	1261	1327	1457	1068	1042	12	1553	152	57	30	1458	607	444	1102	233	863	1015	736	423	152	1240	163	534	2036	555	316	859	1741	155	352	269	586	133	100	1552	2281	157	322	508	20	1124	369	1095	496	151	718	1223	487	212	1038	192	1184	1907	1583	117	858	85	1057	310	1408	1261	296	323	807	333	22	459	117	985	64	139	570	168	139	618	375	554
346	2736	257	350	177	476	302	1150	437	865	432	871	1126	672	524	361	284	0	558	929	204	726	723	448	329	321	1411	270	147	58	1179	1578	188	228	1132	353	224	2292	1827	347	232	239	775	1054	1403	277	1207	56	180	798	630	342	677	1210	765	287	176	359	287	770	542	395	806	603	285	287	349	341	605	154	1527	1824	1288	431	535	334	309	1387	1185	670	1265	199	741	26	147	196	1156	510	351	325	487	269	1115	865	452	1008	723	366	1255	1359	1938	487	738	425	445	1327	1773	1281	690	1366	1126	343	670	677	544	1955	717	735	882	1458	285	193	310	2202	399	1945	1148	336	1520	2003	979	1257	1383	50	1197	211	1156	297	1081	176	299	1409	503	193	1257	296	886	487	504	924	476	177	296	764	510	239	1115	1593	1207	1265	1587	431	284	539	865	610	299	2042	405	565	602	274	3203	488	204	2029	316	1282	774	532	312	348	504	193	329	745	670	837	269	531	10	364	1139	787	364	364	317	1848	480	287	629	306	1277	433	1380	1115	1340	325	276	155	3097	1299	355	22	1527	1370	1334	1280	1158	272	1696	299	331	257	1559	548	505	1187	174	1115	1244	1014	389	302	1324	306	764	2120	797	44	929	1793	295	329	311	704	198	353	1824	2488	300	315	224	270	1056	285	1300	539	296	788	1107	542	197	1225	323	1122	2178	1591	362	1101	332	1285	592	1530	1527	426	606	804	324	263	228	361	954	331	423	629	311	195	479	299	504
617	2501	308	531	383	604	562	1377	181	1042	181	1096	1356	495	819	211	294	558	0	1020	360	526	960	769	447	606	1111	500	455	599	1413	1600	434	752	1365	756	779	1836	1805	294	775	788	896	807	1160	782	1685	582	381	565	777	791	836	1436	937	274	384	310	406	554	701	703	857	222	654	274	329	223	216	451	1111	1380	935	179	759	775	591	1098	1351	486	969	469	539	575	455	455	1135	510	252	597	626	307	773	1042	110	495	960	195	960	1110	1495	626	955	193	182	1095	1489	1078	518	1385	1431	225	466	836	1057	1492	1275	274	609	1815	654	461	272	1760	693	1485	1380	515	1758	1967	541	985	1570	603	1039	668	1135	409	1111	490	659	1112	658	369	1281	420	1323	626	814	829	604	576	280	539	510	513	773	1623	1765	969	1640	740	294	715	1042	210	279	1651	863	79	45	815	3081	108	662	1764	506	983	864	684	534	802	814	369	624	1303	480	714	650	518	559	311	822	946	320	308	588	2127	678	406	769	278	1093	176	1095	773	1382	597	287	461	3123	933	816	564	1111	1488	1722	1043	1148	303	1604	278	237	325	1559	868	660	1235	438	773	964	563	690	275	1366	278	539	2142	529	581	1020	1883	415	624	533	733	364	301	1380	2229	414	593	779	300	1367	654	1080	715	280	893	1488	701	504	1055	280	1422	1730	1764	312	788	311	1005	214	1489	1111	501	210	1026	603	308	752	313	1212	233	180	769	275	368	904	659	814
582	1915	888	1244	951	472	630	408	857	155	860	245	394	555	447	890	859	929	1020	0	965	552	284	515	1188	607	843	1163	827	977	446	649	798	839	406	1276	1029	1862	901	786	887	907	154	585	2170	796	1976	984	951	569	299	694	254	457	187	905	950	761	725	554	389	546	163	827	655	905	748	909	834	821	1143	1433	867	864	399	1247	620	810	2114	564	752	760	548	951	827	772	277	519	836	604	455	860	765	155	955	1068	284	923	745	727	1524	455	250	850	852	680	1091	606	537	439	551	896	588	254	849	1588	1262	1294	613	943	655	771	1020	1749	538	1572	417	616	763	1079	896	705	557	912	489	753	277	714	169	771	641	839	432	958	332	707	1736	455	472	324	472	752	1009	569	519	702	765	664	1616	752	2504	519	859	390	155	844	1011	1501	695	950	1053	885	2294	1062	757	1286	638	764	163	401	629	700	472	958	600	1283	571	395	672	507	940	757	730	160	747	759	612	1143	449	725	301	1023	574	865	799	765	411	604	894	812	2172	897	708	951	1143	470	915	660	265	863	807	1011	890	848	633	458	429	258	1032	765	712	933	548	1011	395	1022	569	1191	618	970	0	882	712	600	631	287	956	774	1433	1704	708	614	1029	874	518	655	643	390	1009	143	726	389	745	523	1051	539	1742	744	757	710	781	734	828	620	1143	562	841	236	604	870	839	757	341	902	868	301	1027	961	627	641	472
413	2676	99	290	27	492	354	1244	272	932	265	957	1221	588	623	186	137	204	360	965	0	639	808	553	223	392	1316	217	160	240	1277	1603	173	421	1228	434	419	2146	1839	226	433	442	815	970	1259	462	1351	222	25	706	672	503	727	1305	826	110	28	248	240	681	581	488	820	445	398	110	250	159	445	162	1392	1680	1172	263	602	440	376	1296	1179	583	1169	217	655	218	160	202	1157	474	202	389	510	127	999	932	259	831	808	179	1159	1282	1795	510	816	262	281	1255	1689	1218	610	1386	1250	166	577	727	738	1804	917	533	781	1604	398	205	107	2061	486	1795	1244	350	1624	2012	827	1169	1467	253	1148	366	1157	252	1099	219	408	1315	535	11	1277	259	1004	510	609	888	492	289	93	671	474	280	999	1621	1407	1169	1544	529	137	585	932	449	95	1919	573	378	402	475	3187	284	359	1954	329	1185	802	567	344	511	609	11	407	945	581	787	386	492	203	254	1032	843	260	253	379	1969	529	241	668	104	1221	265	1290	999	1369	389	109	174	3135	1179	522	206	1392	1427	1490	1205	1163	126	1681	96	158	129	1576	660	538	1214	96	999	1153	859	478	98	1352	104	671	2151	692	221	965	1846	254	407	342	703	9	237	1680	2418	258	380	419	117	1180	398	1232	585	93	822	1259	581	245	1173	126	1243	2034	1672	252	995	219	1195	433	1532	1392	407	445	887	392	116	421	252	1055	153	254	668	110	9	635	408	609
491	2037	540	922	641	355	484	952	413	628	418	708	934	53	578	483	502	726	526	552	639	0	614	579	844	503	685	856	580	784	990	1078	538	785	946	1059	922	1602	1278	413	831	851	474	331	1683	777	1928	779	639	73	420	717	465	1005	543	538	641	391	439	43	401	542	395	306	586	538	392	512	313	572	830	1135	571	422	483	1052	501	662	1807	56	539	528	15	752	580	529	614	243	444	492	366	512	401	628	500	529	614	511	529	642	1245	366	592	413	404	615	1052	581	40	866	1058	499	64	465	985	1278	1337	784	162	1459	586	533	639	1504	526	1266	958	421	1315	1441	381	533	1107	741	523	669	614	429	605	555	579	683	387	639	765	430	1611	366	591	305	355	602	635	41	243	508	401	1102	1789	539	2139	556	502	421	628	321	635	1322	768	448	547	854	2573	601	668	1314	436	556	427	389	455	729	591	639	514	1363	58	189	596	226	734	385	416	539	380	386	491	1696	432	438	411	645	588	422	656	401	868	492	534	571	2597	586	744	745	830	997	1400	565	629	513	1082	636	499	511	1035	629	387	729	733	401	519	422	532	634	853	644	41	1617	93	769	552	1372	431	514	456	295	634	402	1135	1778	425	498	922	522	1007	586	593	421	635	459	1180	401	541	543	668	1048	1484	1286	387	379	420	560	312	963	830	326	320	648	498	523	785	387	830	510	430	411	647	641	757	579	591
395	2199	752	1063	788	356	454	435	781	155	782	149	412	591	199	787	733	723	960	284	808	614	0	276	1020	417	1082	981	653	762	468	895	635	589	420	1051	781	2095	1156	682	634	653	182	774	2060	540	1699	773	789	661	197	436	148	496	106	778	787	660	590	635	259	329	288	810	437	778	643	798	816	649	1348	1649	1068	785	209	1016	433	1050	1900	598	971	591	617	741	653	605	561	462	733	419	334	730	936	155	872	1139	0	818	963	977	1747	334	34	771	779	932	1361	861	583	700	471	787	621	148	565	1802	979	1231	732	863	437	603	886	1985	327	1787	435	469	817	1335	994	932	662	695	746	523	561	582	452	593	424	1078	302	799	600	572	1473	334	222	516	356	548	873	646	462	528	936	904	1338	971	2310	291	733	245	155	828	875	1751	423	904	1001	626	2558	974	528	1566	486	986	229	276	466	439	222	799	404	999	605	530	454	460	733	658	916	130	647	660	429	1172	288	590	207	888	834	787	1040	936	661	419	764	638	2385	1094	445	743	1348	653	790	903	549	733	1086	876	777	713	890	190	300	521	857	936	934	1035	336	876	646	887	646	1418	702	760	284	1075	577	404	468	326	799	672	1649	1987	576	428	781	743	409	437	895	245	873	208	566	259	566	780	916	462	1974	869	657	888	670	963	807	893	1348	459	823	81	417	737	589	656	253	788	786	207	892	802	349	424	222
152	2408	513	792	530	226	211	703	589	424	588	423	679	537	76	571	502	448	769	515	553	579	276	0	755	167	1186	710	393	486	733	1157	383	323	685	776	514	2165	1414	475	371	391	367	840	1812	281	1474	496	531	646	245	182	267	763	334	544	529	458	366	615	194	67	435	669	163	544	439	575	675	391	1397	1703	1124	590	129	741	183	1157	1623	541	1055	338	589	465	393	354	775	351	521	174	213	496	966	424	668	1054	276	599	1046	1102	1810	213	295	576	589	1061	1509	999	540	953	696	566	557	267	411	1850	796	1025	733	1059	163	350	642	2062	76	1837	701	253	1077	1593	946	1028	935	418	894	247	775	361	681	334	150	1183	194	543	847	350	1221	213	56	624	226	276	628	620	351	277	966	1169	1219	1055	2034	29	502	177	424	685	630	1854	204	727	813	371	2810	759	252	1739	263	1072	385	200	235	190	56	543	150	820	546	584	179	361	458	458	965	359	449	460	184	1416	147	366	249	643	982	592	1148	966	920	174	529	378	2660	1144	201	468	1397	928	955	1022	770	500	1318	631	555	478	1146	107	194	772	590	966	1024	987	79	632	904	642	620	1689	673	483	515	1351	356	150	236	382	543	467	1703	2180	356	180	514	509	627	163	1027	177	628	387	722	194	308	926	670	690	2045	1143	457	931	459	1060	663	1135	1397	297	680	358	169	502	323	456	508	564	589	249	648	546	177	150	56
626	2880	312	85	237	715	568	1455	443	1150	437	1170	1432	796	828	363	348	329	447	1188	223	844	1020	755	0	603	1506	79	367	324	1486	1827	391	552	1438	325	467	2283	2062	436	545	546	1037	1169	1073	604	1248	304	237	906	893	670	947	1516	1044	307	237	461	464	884	802	694	1044	606	593	307	466	334	605	372	1548	1824	1349	433	818	358	587	1488	963	790	1360	432	860	324	368	419	1380	696	400	602	732	341	1179	1150	385	942	1020	339	1350	1482	1939	732	1030	438	452	1458	1883	1426	819	1610	1447	346	780	947	861	1938	944	499	975	1786	593	420	207	2205	694	1931	1454	571	1832	2235	976	1365	1682	376	1362	536	1380	476	1323	427	605	1506	757	229	1501	483	879	732	812	1107	715	479	210	873	696	494	1179	1845	1428	1360	1320	734	348	805	1150	604	209	2084	735	498	474	585	3406	340	529	2152	550	1376	1025	788	562	677	812	229	616	971	787	1002	579	714	321	467	1218	1063	474	465	592	2169	748	465	889	201	1431	434	1484	1179	1592	602	314	383	3358	1352	684	316	1548	1648	1663	1408	1386	340	1901	209	344	349	1800	861	759	1438	165	1179	1347	1003	685	212	1576	202	873	2374	886	313	1188	2068	478	616	561	926	232	448	1824	2618	482	592	467	329	1377	593	1437	805	210	1045	1436	802	454	1384	183	1442	2175	1888	465	1182	434	1389	595	1754	1548	631	602	1100	603	330	552	465	1263	334	424	889	200	227	808	605	812
24	2443	346	648	371	173	44	853	428	549	427	567	830	454	232	404	335	321	606	607	392	503	417	167	603	0	1162	566	235	371	885	1256	219	287	836	671	452	2106	1505	311	336	357	453	805	1649	273	1453	376	372	576	309	220	355	914	447	376	370	297	200	545	221	100	488	527	82	376	278	407	532	231	1334	1639	1071	428	216	645	16	1135	1506	455	1022	175	516	344	235	189	839	260	356	12	177	328	904	549	503	928	417	432	1012	1093	1749	177	428	415	430	1056	1506	1001	463	1044	860	398	466	355	499	1781	833	858	665	1226	82	186	476	2008	94	1769	852	100	1232	1682	841	1004	1079	307	907	174	839	196	760	175	75	1159	185	383	935	185	1167	177	220	630	173	145	463	545	260	112	904	1271	1290	1022	1903	140	335	218	549	542	465	1818	282	570	651	354	2886	591	175	1751	102	1039	453	213	73	232	220	383	17	859	458	562	93	278	332	298	914	467	289	300	18	1578	158	200	308	477	992	431	1127	904	1018	12	361	220	2777	1088	248	343	1334	1052	1122	1012	839	332	1382	465	387	310	1238	273	188	865	439	904	995	881	88	466	1002	476	545	1798	592	363	607	1475	191	17	73	396	382	305	1639	2203	192	13	452	341	792	82	1025	218	463	466	889	221	148	937	505	854	1988	1286	297	878	295	1034	519	1211	1334	180	537	497	5	334	287	295	663	397	426	308	482	385	303	75	220
1144	1390	1217	1589	1320	992	1151	1192	1063	995	1069	1087	1187	738	1153	1144	1179	1411	1111	843	1316	685	1082	1186	1506	1162	0	1528	1265	1469	1225	905	1223	1449	1200	1742	1601	1019	967	1091	1498	1519	899	358	2168	1432	2609	1464	1319	614	955	1355	964	1220	977	1209	1320	1071	1124	641	992	1171	795	906	1242	1209	1075	1174	909	1257	354	603	206	1073	1062	1737	1163	32	2456	741	147	1212	669	1437	1265	1214	636	911	1115	1151	994	1190	339	995	1130	763	1082	1167	156	130	684	994	1049	1068	1053	174	378	248	720	786	1373	1162	743	964	1594	758	1981	1301	534	1735	1242	1217	1299	906	1156	740	1204	1094	1438	1073	604	158	1215	1424	360	1335	636	1114	735	1238	1232	5	1002	1317	757	1114	2297	994	1175	571	992	1279	1297	648	911	1187	339	935	2399	147	2748	1171	1179	1009	995	912	1297	670	1391	1037	1111	1516	2016	1212	1335	652	1111	130	855	988	1126	1365	1175	1317	1168	2006	742	604	1255	891	1419	1065	289	957	1062	1066	1153	1797	1047	1123	948	1305	290	1072	44	339	830	1151	1208	1256	2213	229	1379	1430	354	1034	1736	183	662	1190	696	1297	1166	1191	838	1193	1000	793	1412	339	167	604	1165	1295	825	1304	648	1315	623	1454	843	1233	1115	1168	1128	806	1312	1081	603	1117	1110	1159	1601	1199	1351	1242	209	1009	1297	874	1565	992	1223	329	1324	1360	898	1310	1067	325	1101	127	917	718	354	997	914	1065	1156	1200	1449	1068	1182	1175	1081	948	1306	1318	1355	1232	1175
590	2893	315	82	221	693	536	1413	469	1116	463	1130	1390	805	785	385	353	270	500	1163	217	856	981	710	79	566	1528	0	336	255	1443	1808	366	485	1396	257	389	2329	2048	442	474	474	1011	1185	1138	539	1186	237	222	921	866	612	918	1473	1012	319	222	465	451	897	775	652	1026	639	547	319	467	355	638	342	1587	1868	1378	460	783	284	551	1509	964	800	1381	403	872	261	336	391	1368	688	413	567	709	343	1206	1116	426	994	981	366	1371	1497	1983	709	993	462	479	1471	1903	1435	827	1592	1396	366	792	918	789	1986	865	576	994	1727	547	392	239	2249	653	1978	1412	547	1787	2222	1016	1383	1643	313	1366	481	1368	462	1304	393	560	1528	731	219	1482	468	823	709	767	1104	693	433	236	887	688	462	1206	1825	1349	1381	1340	691	353	776	1116	639	237	2120	674	544	532	514	3403	397	474	2169	526	1397	1002	762	534	617	767	219	578	892	798	1004	532	707	261	471	1243	1032	477	470	557	2118	718	451	863	232	1439	461	1504	1206	1572	567	322	351	3336	1383	624	254	1587	1618	1602	1421	1372	343	1896	237	362	347	1783	814	733	1417	131	1206	1366	1045	644	240	1555	233	887	2354	905	247	1163	2039	464	578	532	912	223	453	1868	2634	468	557	389	333	1326	547	1448	776	236	1020	1376	775	420	1390	222	1391	2220	1851	469	1205	436	1409	628	1743	1587	617	636	1062	568	333	485	469	1219	353	451	863	233	217	749	560	767
258	2598	149	417	137	359	201	1088	309	782	304	802	1065	526	464	245	161	147	455	827	160	580	653	393	367	235	1265	336	0	205	1120	1472	41	297	1072	486	362	2147	1715	206	323	338	674	909	1419	327	1354	199	138	652	529	351	582	1149	678	183	136	214	140	623	438	329	692	465	238	183	203	232	468	7	1381	1678	1141	304	450	474	219	1242	1292	523	1119	67	595	172	0	57	1038	372	220	234	373	148	967	782	345	876	653	259	1109	1216	1792	373	663	295	315	1185	1629	1141	545	1257	1090	230	523	582	604	1810	838	671	735	1445	238	56	256	2056	328	1800	1088	213	1467	1890	836	1112	1314	172	1060	218	1038	151	970	60	248	1264	394	150	1148	151	1031	373	449	790	359	132	242	617	372	127	967	1489	1323	1119	1676	370	161	440	782	474	244	1894	423	447	500	361	3080	407	211	1887	191	1136	667	426	198	361	449	150	249	866	523	698	227	392	155	220	992	697	219	220	224	1810	382	141	526	256	1138	307	1235	967	1236	234	169	15	3000	1152	373	165	1381	1283	1332	1137	1041	151	1572	245	217	131	1449	500	397	1082	206	967	1098	873	320	247	1220	255	617	2018	649	189	827	1703	150	249	196	582	150	210	1678	2348	155	224	362	155	1020	238	1158	440	242	684	1100	438	87	1087	281	1084	2032	1520	217	954	190	1140	455	1413	1381	292	470	733	236	147	297	216	898	221	298	526	261	152	479	248	449
395	2793	305	330	215	530	355	1184	488	907	483	909	1161	730	562	410	335	58	599	977	240	784	762	486	324	371	1469	255	205	0	1213	1626	246	229	1166	300	179	2348	1876	403	221	223	823	1113	1394	284	1150	20	218	856	679	362	724	1244	810	333	215	415	345	828	592	437	858	656	326	333	406	387	658	212	1584	1880	1346	481	580	278	359	1445	1140	728	1323	257	799	32	205	255	1209	568	403	375	540	321	1173	907	496	1059	762	411	1314	1417	1994	540	779	476	496	1385	1831	1339	748	1415	1152	390	728	724	537	2010	677	761	940	1474	326	251	341	2259	442	2001	1182	392	1551	2053	1034	1315	1420	67	1254	241	1209	355	1131	233	340	1467	554	230	1306	354	827	540	541	980	530	225	328	822	568	295	1173	1641	1167	1323	1548	472	335	588	907	663	330	2099	420	611	642	262	3256	523	235	2087	372	1340	824	583	367	367	541	230	377	705	728	895	309	588	50	421	1197	832	421	420	368	1872	529	345	678	336	1334	484	1439	1173	1388	375	324	213	3142	1357	372	40	1584	1412	1347	1338	1209	323	1749	331	380	309	1609	583	557	1235	187	1173	1302	1069	432	334	1372	336	822	2166	855	18	977	1835	353	377	365	758	235	409	1880	2546	359	365	179	320	1082	326	1358	588	328	836	1122	592	253	1282	349	1148	2234	1628	418	1159	388	1343	645	1582	1584	483	659	844	374	314	229	417	987	378	474	678	341	231	499	340	541
863	2046	1220	1525	1256	814	922	38	1238	372	1239	321	57	985	658	1251	1200	1179	1413	446	1277	990	468	733	1486	885	1225	1443	1120	1213	0	636	1103	1014	48	1488	1200	2229	890	1145	1052	1067	524	1019	2528	959	2007	1225	1257	1013	636	860	577	34	476	1246	1255	1122	1058	996	717	792	595	1241	896	1246	1106	1263	1248	1117	1553	1828	1286	1243	677	1447	901	1192	2336	994	1160	1059	987	1195	1120	1074	588	904	1196	887	793	1197	1203	372	1332	1513	468	1283	1155	1097	1908	793	464	1228	1234	1051	1393	976	970	534	184	1252	1018	577	873	1982	1257	1686	1060	511	896	1071	1354	2112	792	1965	33	937	348	1054	1343	1107	223	1146	866	971	588	1049	492	1060	883	1220	762	1268	497	1039	1842	793	676	766	814	1009	1342	1011	904	996	1203	629	1487	1160	2759	752	1200	706	372	1259	1344	1842	822	1350	1451	1033	2267	1436	977	1528	955	1170	566	733	935	859	676	1268	871	1269	1001	841	911	897	1189	1119	1162	468	1109	1122	897	714	754	1058	644	1356	935	1244	1181	1203	477	887	1232	1105	1985	1318	860	1199	1553	325	520	1044	563	1201	933	1344	1243	1182	666	630	760	439	1322	1203	1120	1380	801	1345	470	1355	1011	1065	1062	1212	446	688	1045	871	937	703	1267	1134	1828	1882	1043	896	1200	1211	213	896	1015	706	1342	534	407	717	1033	896	1384	174	2110	424	1119	1146	1135	1133	1241	732	1553	918	1255	393	885	1205	1014	1118	225	1254	1245	644	1361	1270	737	883	676
