NAME : VRPTW_INSTANCE_36.txt
COMMENT : Bangkok Supermarket
TYPE : VRPTW
DIMENSION : 297
DAYS : Sunday
EDGE_WEIGHT_TYPE : EXPLICIT
VEHICLES : 34
EDGE_WEIGHT_FORMAT : FULL_MATRIX
CAPACITY : 1000
EDGE_WEIGHT_SECTION
0	50	102	399	438	155	419	124	672	131	418	1024	1192	78	908	1254	355	418	502	365	1711	539	2282	525	960	24	397	2567	1221	170	1539	1863	859	1673	165	1095	1241	153	127	510	633	2195	463	1848	2061	1845	606	863	356	1121	104	206	580	1970	300	197	1726	413	395	1126	948	255	213	1718	1426	1066	1577	775	854	582	957	1213	633	1076	305	239	111	714	404	62	1908	2066	535	1090	734	2205	527	1606	94	215	504	202	281	309	698	405	135	499	341	1422	539	575	432	481	333	1010	2927	418	1727	1489	395	993	1637	128	91	359	176	221	150	3007	1480	525	1092	423	213	787	1352	214	508	330	745	913	984	394	1213	274	101	83	2636	328	196	412	782	1184	835	221	588	418	430	1397	2011	652	621	135	972	940	456	579	1190	643	63	822	367	439	1408	631	436	948	422	1569	909	152	609	1080	634	491	1027	276	394	471	368	215	2683	1010	661	255	363	155	1744	2292	2155	975	1065	1880	140	101	1546	1186	192	500	1426	255	266	358	3173	216	764	199	411	1171	101	152	814	521	437	454	1990	1615	1641	1606	383	2113	106	983	576	809	1213	199	505	567	146	976	624	617	495	113	1959	1211	1535	1493	948	311	3374	221	565	196	623	592	202	1627	155	1109	225	893	411	373	935	1099	1700	917	346	1067	737	404	177	661	776	1049	1264	690	1480	2394	446	576	1015	2008	547	205	349	128	153	978	411	1172	197	1987	547	239	499	189	373	222	530	1627	215	379	221
50	0	121	366	437	189	465	147	631	102	408	973	1243	50	958	1301	315	408	516	344	1754	553	2333	568	1006	28	448	2617	1263	121	1580	1899	829	1723	147	1145	1286	201	167	526	583	2237	498	1898	2103	1896	593	898	336	1171	125	255	617	2020	249	193	1684	400	432	1175	997	304	206	1674	1475	1113	1616	823	904	630	915	1262	682	1123	305	204	133	728	355	57	1859	2106	549	1106	780	2253	541	1641	107	211	454	172	248	310	734	373	106	473	291	1473	553	610	429	455	301	959	2977	408	1778	1442	432	1041	1673	116	125	401	211	268	99	3057	1432	568	1108	408	185	743	1394	207	458	377	778	877	1034	361	1262	268	91	65	2686	309	247	398	829	1214	862	268	603	408	429	1347	2048	692	665	186	1021	919	491	545	1238	608	55	873	345	439	1359	635	435	997	408	1620	881	171	659	1128	683	513	1068	327	361	510	321	185	2733	1055	658	304	344	124	1788	2342	2203	1021	1014	1835	96	51	1596	1135	224	451	1475	304	304	340	3224	208	810	246	398	1219	51	171	850	537	435	497	1940	1660	1684	1641	334	2161	115	942	615	859	1259	246	544	517	100	1025	663	613	534	68	1998	1255	1488	1532	997	312	3424	178	516	247	617	584	152	1665	205	1155	190	943	399	352	981	1142	1745	881	297	1113	782	444	212	658	823	1092	1284	641	1530	2436	497	615	1063	1971	587	234	400	86	121	1014	372	1220	160	2024	542	211	473	240	352	194	568	1665	211	330	268
102	121	0	488	540	238	368	26	747	222	520	1057	1162	93	876	1282	322	520	597	463	1754	635	2258	460	902	116	394	2534	1267	231	1588	1927	950	1636	106	1067	1278	197	203	605	676	2125	532	1820	1990	1820	708	779	454	1104	5	244	647	1950	346	300	1798	515	317	1086	909	286	316	1687	1386	1094	1631	726	818	540	1029	1173	651	1024	407	326	12	809	454	162	1947	2117	630	989	678	2157	622	1670	196	317	550	294	370	411	616	495	227	594	388	1408	635	491	534	576	282	1036	2897	520	1709	1545	317	947	1701	228	181	293	256	271	200	2978	1533	460	991	524	164	854	1397	316	553	287	658	998	964	482	1173	376	63	180	2638	427	188	513	815	1092	741	271	683	520	532	1412	2069	709	558	160	987	1039	526	524	1141	729	162	797	465	540	1449	732	538	913	524	1562	1002	51	622	1104	600	579	1076	286	483	533	426	307	2687	1047	764	286	462	245	1783	2263	2172	1011	1089	1944	149	142	1537	1200	277	551	1386	286	336	458	3141	317	709	251	512	1124	142	51	731	616	539	391	1985	1556	1684	1670	430	2062	208	1058	635	780	1159	251	567	612	216	992	682	719	557	135	2014	1251	1590	1549	909	412	3336	294	573	188	725	694	230	1683	188	1139	311	902	512	471	971	1142	1639	1001	396	1096	680	332	257	764	727	983	1165	737	1441	2325	438	635	1040	2089	605	293	334	135	242	895	490	1127	281	2044	650	188	594	190	471	174	593	1683	317	434	271
399	366	488	0	281	399	806	514	295	268	197	766	1530	401	1257	1441	501	197	441	100	1823	454	2595	919	1344	377	729	2898	1342	271	1635	1882	462	2019	477	1430	1396	483	418	453	387	2587	587	2173	2453	2165	302	1262	111	1432	492	520	687	2275	247	251	1338	176	794	1484	1306	562	233	1666	1777	1261	1646	1152	1210	955	576	1568	892	1451	251	162	500	600	231	339	1600	2136	461	1460	1118	2567	452	1627	337	244	289	197	118	253	1098	13	264	125	238	1723	455	974	266	111	538	778	3247	197	2030	1140	794	1363	1662	281	384	757	411	506	308	3326	1140	919	1462	170	478	425	1471	232	291	715	1144	515	1307	6	1568	216	445	316	2877	128	570	163	986	1581	1228	506	503	197	277	1184	2051	784	1013	497	1212	569	578	720	1561	245	337	1162	98	290	1105	449	275	1298	170	1850	517	537	884	1288	993	493	1148	612	6	622	189	184	2915	1181	418	562	120	244	1873	2614	2352	1151	835	1506	381	355	1829	983	399	259	1777	562	470	122	3499	231	1146	492	175	1538	355	537	1214	459	272	849	1825	1994	1756	1627	242	2481	325	597	714	1155	1589	492	648	328	277	1215	757	376	641	374	2014	1358	1187	1561	1306	257	3714	204	486	570	370	331	325	1688	500	1293	176	1155	187	104	1114	1239	2083	518	228	1259	1121	803	411	418	1153	1439	1643	415	1832	2784	780	714	1225	1610	696	386	704	388	247	1378	71	1537	206	2030	313	493	125	556	104	481	661	1688	244	201	506
438	437	540	281	0	334	747	561	525	349	85	1037	1367	487	1114	1187	695	85	163	186	1547	173	2395	869	1250	429	609	2711	1071	416	1358	1601	554	1854	583	1266	1133	426	370	174	668	2493	356	1986	2363	1975	204	1238	178	1248	542	436	434	2072	473	244	1491	105	782	1344	1171	458	231	1943	1623	1014	1366	1050	1076	858	772	1423	696	1337	133	311	548	328	498	383	1839	1855	180	1521	1032	2416	171	1345	344	226	569	303	290	129	1074	269	346	242	483	1523	173	963	14	233	709	1055	3050	85	1828	1355	782	1242	1381	321	367	730	330	405	444	3126	1363	869	1523	114	612	659	1199	231	571	661	1133	655	1136	283	1423	171	528	372	2633	181	523	118	754	1576	1243	405	222	85	8	1460	1770	533	950	461	987	559	349	930	1437	425	384	1012	187	9	1353	201	6	1156	114	1635	577	589	701	1045	876	226	880	518	276	399	449	296	2667	927	224	458	167	337	1600	2422	2093	900	1111	1684	506	460	1616	1261	308	540	1623	458	330	167	3305	230	1055	404	106	1408	460	589	1190	180	9	803	2104	1878	1481	1345	502	2339	332	782	472	1012	1474	404	417	609	401	990	509	180	412	485	1733	1093	1402	1281	1171	127	3533	374	753	523	188	164	492	1408	447	1041	319	945	94	179	865	975	1971	659	475	1011	1036	778	329	224	1051	1357	1688	692	1676	2685	655	472	985	1718	461	287	612	505	342	1345	352	1405	336	1748	115	634	242	506	179	618	422	1408	226	464	405
155	189	238	399	334	0	424	251	693	186	342	1108	1134	232	858	1124	505	342	362	330	1567	401	2208	545	952	163	330	2505	1076	268	1392	1710	830	1621	319	1033	1103	94	38	369	711	2197	309	1781	2065	1775	527	908	317	1043	238	121	427	1891	395	148	1735	345	448	1085	906	163	166	1860	1378	937	1427	756	810	559	976	1169	521	1054	210	269	242	572	485	141	1977	1917	395	1191	727	2167	387	1452	95	157	584	225	298	213	743	399	187	466	431	1339	401	629	332	448	487	1103	2858	342	1646	1534	448	964	1484	143	64	397	22	109	267	2937	1530	545	1193	357	368	820	1208	167	587	335	800	904	913	395	1169	205	256	154	2529	288	191	349	653	1243	909	109	447	342	326	1500	1859	503	631	126	857	878	302	733	1163	638	145	764	332	331	1478	509	334	899	357	1476	870	280	505	955	594	341	881	213	392	321	439	235	2572	874	555	163	319	202	1603	2224	2032	840	1160	1905	285	238	1454	1290	38	571	1378	163	115	314	3108	168	754	93	343	1139	238	280	860	380	336	476	2109	1598	1498	1452	470	2081	98	997	427	756	1192	93	355	644	240	861	475	514	345	258	1808	1071	1580	1343	906	213	3319	288	686	191	523	497	328	1476	115	977	260	787	338	334	800	957	1687	907	432	937	730	445	23	555	757	1052	1354	761	1433	2394	381	427	890	1996	399	55	307	276	204	1018	436	1138	244	1835	450	394	466	175	334	377	378	1476	157	453	109
419	465	368	806	747	424	0	346	1090	546	766	1425	800	457	513	1034	662	766	721	750	1544	761	1898	123	541	444	195	2168	1082	587	1400	1789	1253	1269	456	708	1060	331	395	723	1043	1780	535	1457	1647	1459	947	494	738	759	363	311	608	1594	711	565	2142	769	132	718	543	292	584	1985	1019	857	1464	358	454	174	1375	805	427	658	632	653	356	904	818	473	2316	1928	750	856	314	1789	746	1543	469	578	916	612	692	635	334	809	549	888	753	1062	761	245	747	870	603	1403	2533	766	1356	1907	132	578	1569	525	423	94	421	341	561	2614	1897	123	857	781	509	1206	1201	585	920	91	400	1320	616	802	805	629	431	496	2311	709	237	773	613	836	532	341	792	766	739	1772	1907	620	207	309	717	1301	534	809	773	1051	476	445	753	742	1817	892	748	550	781	1226	1294	341	386	853	243	665	913	231	800	506	786	624	2365	839	957	292	742	569	1557	1900	1881	804	1456	2299	517	504	1199	1561	442	915	1019	292	423	737	2775	586	344	343	767	756	504	341	447	733	751	64	2326	1195	1475	1543	795	1696	481	1400	569	424	794	343	530	979	565	723	601	919	522	501	1842	1043	1953	1389	543	634	2967	641	934	237	931	911	598	1520	311	908	640	620	762	756	766	952	1280	1324	760	860	317	98	422	957	359	633	989	1103	1073	1978	191	569	795	2415	540	462	148	503	568	598	827	758	613	1881	862	525	887	252	756	517	554	1520	578	795	341
124	147	26	514	561	251	346	0	773	248	543	1079	1142	119	855	1274	335	543	612	488	1751	651	2239	435	878	140	382	2513	1264	257	1585	1929	976	1615	118	1048	1273	201	214	620	699	2099	538	1800	1964	1800	731	752	479	1087	21	245	651	1931	370	322	1824	538	291	1064	888	284	338	1696	1365	1087	1630	703	798	519	1056	1151	642	1001	427	352	13	824	479	185	1970	2116	645	966	654	2133	638	1672	217	339	574	319	396	432	589	520	252	619	413	1390	651	464	555	601	290	1057	2877	543	1691	1570	291	924	1703	252	198	268	268	274	226	2958	1557	435	968	547	176	880	1393	339	578	267	632	1024	946	508	1151	398	85	204	2624	451	179	537	809	1066	715	274	698	543	552	1431	2069	711	533	161	977	1063	532	529	1117	755	186	778	490	560	1472	750	559	893	547	1546	1028	29	612	1096	581	592	1074	278	509	537	452	332	2674	1041	784	284	486	271	1778	2243	2161	1006	1110	1970	172	168	1521	1219	289	576	1365	284	344	482	3120	340	685	254	535	1102	168	29	704	631	560	367	2000	1532	1681	1672	455	2038	229	1084	637	761	1135	254	571	636	242	982	683	740	561	160	2014	1246	1615	1549	888	433	3314	321	592	179	746	716	254	1682	189	1133	337	890	535	496	966	1138	1614	1027	421	1088	657	307	269	784	704	958	1140	761	1419	2299	424	637	1032	2116	607	307	320	158	268	869	517	1104	307	2045	671	198	619	182	496	185	597	1682	339	459	274
672	631	747	295	525	693	1090	773	0	544	444	534	1826	654	1552	1712	648	444	686	382	2063	686	2889	1198	1631	648	1023	3193	1594	516	1872	2077	293	2314	707	1725	1659	774	709	697	266	2868	867	2468	2734	2460	424	1525	396	1727	752	814	957	2568	423	545	1053	426	1063	1778	1599	856	528	1540	2072	1537	1871	1441	1503	1244	285	1863	1184	1741	538	436	760	792	328	617	1315	2354	697	1670	1404	2861	690	1829	624	539	283	479	399	539	1363	297	540	283	386	2016	687	1238	512	292	706	568	3542	444	2324	845	1063	1654	1866	567	673	1032	706	801	549	3620	847	1198	1672	414	690	134	1720	528	281	999	1404	274	1602	298	1863	509	694	593	3156	419	856	414	1269	1830	1473	801	726	444	525	961	2255	1056	1294	784	1498	481	859	811	1853	121	614	1457	380	535	827	629	519	1593	414	2140	367	792	1178	1566	1286	752	1405	905	302	905	333	467	3192	1452	558	856	400	520	2120	2909	2619	1424	620	1212	614	605	2120	778	695	254	2072	856	765	404	3794	526	1433	787	427	1830	605	792	1478	701	516	1127	1616	2283	1999	1829	355	2774	613	311	990	1449	1879	787	929	259	531	1501	1030	531	923	617	2226	1618	893	1787	1599	543	4010	453	484	856	517	487	538	1909	790	1566	450	1445	438	382	1389	1500	2370	277	375	1535	1407	1076	706	558	1442	1721	1862	241	2127	3067	1074	990	1505	1344	976	682	996	625	521	1643	262	1830	476	2235	498	696	283	843	382	689	939	1909	539	331	801
131	102	222	268	349	186	546	248	544	0	311	925	1302	146	1021	1309	359	311	449	242	1743	482	2385	655	1087	109	498	2676	1252	87	1564	1864	729	1787	237	1203	1284	241	184	459	528	2324	475	1954	2190	1950	494	994	234	1220	226	290	592	2069	209	112	1596	302	526	1243	1064	338	119	1686	1541	1122	1593	899	969	703	829	1329	707	1200	223	108	234	656	300	73	1800	2085	480	1208	860	2324	471	1606	93	128	400	71	150	228	829	273	4	371	244	1519	482	706	340	353	363	918	3033	311	1825	1369	526	1114	1639	46	140	490	207	290	101	3112	1362	655	1210	309	262	661	1384	120	404	455	876	782	1087	262	1329	178	190	49	2715	208	314	298	838	1313	963	290	533	311	341	1314	2020	677	750	243	1043	817	467	596	1312	512	70	931	243	352	1300	550	346	1061	309	1660	780	273	690	1141	750	459	1056	376	262	495	257	84	2759	1057	565	338	243	24	1782	2398	2217	1023	974	1754	156	111	1637	1103	209	390	1541	338	295	238	3281	120	889	270	300	1291	111	273	946	470	346	584	1924	1740	1674	1606	284	2235	87	854	600	920	1337	270	528	461	62	1048	648	519	519	135	1973	1251	1415	1509	1064	230	3487	104	503	314	523	488	160	1641	253	1161	94	972	302	250	984	1136	1826	785	246	1122	863	535	207	565	900	1178	1386	581	1596	2523	549	600	1076	1877	574	209	460	155	22	1110	281	1292	67	1997	448	285	371	302	250	268	549	1641	128	269	290
418	408	520	197	85	342	766	543	444	311	0	952	1422	455	1162	1268	638	0	248	106	1632	258	2462	887	1283	404	645	2774	1155	365	1443	1685	502	1911	548	1321	1216	436	375	259	582	2529	426	2049	2398	2039	188	1251	102	1309	523	456	513	2139	403	221	1431	20	787	1392	1217	485	204	1862	1676	1092	1452	1085	1121	890	699	1473	758	1377	133	251	530	405	419	358	1760	1940	266	1509	1062	2469	257	1430	328	204	486	252	222	131	1085	185	307	164	409	1589	258	969	70	152	658	969	3116	0	1895	1281	787	1284	1465	292	361	738	344	430	396	3194	1287	887	1511	30	570	579	1283	203	488	677	1141	593	1193	199	1473	145	498	343	2711	114	534	33	828	1584	1244	430	306	0	83	1374	1854	612	972	466	1059	536	418	870	1481	350	358	1062	107	95	1272	263	79	1204	30	1705	533	571	759	1123	915	308	964	544	192	467	371	243	2747	1007	257	485	89	294	1685	2487	2175	979	1026	1618	463	421	1686	1176	324	456	1676	485	365	91	3371	202	1087	424	21	1453	421	571	1202	265	76	818	2019	1920	1566	1430	424	2389	315	712	547	1060	1515	424	488	525	354	1062	586	211	483	446	1818	1176	1328	1366	1217	132	3595	314	675	534	213	177	438	1493	457	1121	261	1013	10	98	944	1058	2012	597	401	1090	1065	786	343	257	1086	1388	1681	606	1729	2724	694	547	1062	1671	534	304	639	465	299	1360	268	1451	283	1833	140	591	163	517	98	575	496	1493	204	385	430
1024	973	1057	766	1037	1108	1425	1079	534	925	952	0	2216	970	1930	2205	799	952	1200	866	2585	1207	3307	1508	1950	1000	1419	3590	2107	856	2396	2612	740	2693	972	2119	2162	1164	1110	1212	397	3136	1349	2872	3000	2870	959	1766	878	2144	1062	1215	1452	2993	724	979	955	933	1355	2143	1966	1263	967	1063	2443	2023	2400	1782	1874	1597	467	2230	1629	2078	1014	842	1068	1325	624	988	893	2885	1216	1767	1731	3210	1208	2363	1019	980	524	885	823	1017	1621	775	923	803	684	2444	1208	1499	1023	809	868	73	3951	952	2749	571	1355	2003	2399	965	1065	1344	1127	1215	874	4031	538	1508	1769	923	927	423	2236	966	521	1343	1641	634	2008	765	2230	973	994	967	3633	892	1221	919	1744	2015	1666	1215	1251	952	1036	426	2789	1549	1606	1158	1961	943	1340	812	2195	655	984	1847	864	1047	402	1162	1031	1969	923	2585	805	1085	1614	2047	1655	1258	1914	1297	772	1382	669	877	3674	1945	1093	1263	886	907	2637	3316	3116	1915	98	1007	908	928	2562	253	1124	537	2443	1263	1207	888	4197	965	1762	1195	932	2180	928	1085	1723	1217	1028	1442	1082	2600	2519	2363	642	3113	1012	501	1477	1832	2210	1195	1410	464	882	1965	1522	1066	1402	926	2759	2124	607	2315	1966	1021	4393	821	510	1221	1052	1020	828	2439	1174	2056	850	1895	944	870	1877	2006	2677	634	680	2021	1733	1378	1127	1093	1782	2020	1968	352	2498	3337	1469	1477	1983	1320	1458	1117	1374	922	905	1883	701	2183	864	2769	1028	917	803	1213	870	921	1424	2439	980	655	1215
1192	1243	1162	1530	1367	1134	800	1142	1826	1302	1422	2216	0	1246	287	695	1462	1422	1258	1450	1168	1287	1097	747	406	1217	805	1374	907	1362	1117	1561	1921	489	1256	101	802	1061	1122	1253	1825	1216	1022	657	1106	658	1565	737	1436	170	1157	1015	992	798	1492	1280	2853	1433	899	144	266	970	1297	2751	259	649	1221	469	346	625	2105	123	676	290	1300	1400	1151	1345	1597	1233	3101	1553	1272	1199	536	1050	1274	1384	1212	1286	1697	1356	1432	1300	757	1529	1305	1577	1534	311	1286	830	1375	1561	1402	2198	1735	1422	567	2668	899	281	1392	1269	1163	890	1120	1025	1342	1815	2663	747	1199	1447	1309	1954	954	1298	1700	875	797	2015	231	1527	123	1320	1225	1256	1561	1410	995	1442	700	907	909	1025	1287	1422	1362	2573	1603	917	662	1061	515	1906	1028	1591	244	1760	1237	371	1452	1359	2601	1423	1371	251	1447	493	1943	1141	667	605	561	1179	874	926	1524	976	1558	1367	1624	731	1515	970	1435	1323	1134	1101	1234	719	2252	3034	1309	1288	465	2361	1131	1691	259	970	1064	1430	1981	1299	505	1040	1432	208	1288	1141	739	1258	1375	799	3121	584	1115	1384	1576	977	1221	2124	940	383	303	1040	969	1759	1337	519	926	1494	970	1290	1519	822	2714	1181	266	1297	2185	1406	1734	995	1511	1507	1388	1275	1048	685	1389	483	1423	1452	716	823	685	2019	1539	657	536	869	1120	1515	470	460	1197	1881	310	1388	754	940	606	3083	935	1144	843	1295	1324	704	1570	191	1368	1577	1462	1326	1576	1004	1452	1317	974	1275	1286	1569	1025
78	50	93	401	487	232	457	119	654	146	455	970	1246	0	960	1330	276	455	567	387	1789	603	2340	553	994	69	462	2619	1300	138	1618	1941	864	1723	96	1149	1319	228	205	576	585	2219	541	1902	2084	1902	639	871	380	1181	98	282	659	2029	253	243	1705	447	411	1173	996	329	256	1640	1473	1142	1655	816	904	627	936	1260	706	1115	356	240	106	779	362	107	1859	2145	600	1063	770	2247	591	1684	157	261	458	214	284	361	708	409	150	513	296	1484	603	583	479	495	255	952	2981	455	1787	1452	411	1036	1715	166	167	385	253	299	106	3061	1441	553	1065	455	137	761	1430	257	462	373	750	907	1042	395	1260	317	44	115	2705	354	255	444	859	1181	827	299	653	455	479	1334	2090	731	651	204	1044	960	534	500	1231	640	105	878	389	489	1360	686	485	998	455	1634	918	138	680	1155	684	562	1105	344	396	549	333	226	2753	1088	707	329	389	166	1822	2347	2229	1053	1006	1851	66	49	1610	1122	268	459	1473	329	344	384	3226	258	800	277	445	1214	49	138	823	587	485	483	1919	1649	1720	1684	338	2153	165	965	655	863	1250	277	584	521	125	1049	703	662	574	44	2038	1289	1497	1572	996	363	3423	203	497	255	666	633	141	1706	228	1185	226	964	447	396	1013	1177	1732	911	303	1143	772	426	254	707	816	1077	1244	645	1528	2419	508	655	1091	1997	626	280	408	52	162	988	399	1216	196	2066	591	163	512	251	396	146	608	1706	261	341	299
908	958	876	1257	1114	858	513	855	1552	1021	1162	1930	287	960	0	731	1175	1162	1022	1181	1251	1054	1384	467	259	933	528	1659	886	1078	1156	1593	1664	765	969	196	809	781	843	1018	1541	1398	785	944	1275	945	1316	544	1168	275	871	738	779	1082	1208	1006	2589	1172	616	229	67	695	1024	2476	520	614	1248	205	62	338	1834	311	453	256	1036	1122	865	1136	1313	951	2817	1646	1040	1026	273	1310	1040	1383	932	1013	1413	1078	1155	1036	515	1257	1024	1312	1250	562	1053	565	1120	1295	1116	1912	2021	1162	846	2390	616	161	1399	990	883	604	846	751	1057	2102	2384	467	1026	1186	1022	1678	969	1024	1416	588	569	1752	146	1254	311	1051	939	974	1822	1141	711	1180	542	802	702	751	1062	1162	1109	2286	1667	721	389	778	447	1666	790	1310	331	1492	955	103	1184	1107	2317	1194	1118	41	1185	736	1691	853	431	582	275	945	792	647	1251	740	1275	1089	1881	661	1280	695	1167	1043	1236	1387	1443	637	1965	2763	1023	1002	708	2074	858	1408	520	695	798	1163	2266	1026	248	765	1170	298	1002	853	531	1024	1121	515	2837	769	1188	1383	1292	1227	942	1854	726	102	377	765	740	1475	1054	453	723	1255	738	1004	1589	814	2436	1192	67	1034	2466	1124	1447	711	1270	1263	1102	1305	767	662	1110	366	1162	1184	618	774	866	1756	1255	620	275	584	846	1280	205	372	1067	1598	575	1584	477	726	553	2832	714	874	561	1008	1043	555	1293	292	1088	1640	1216	1039	1311	720	1184	1030	750	1305	1013	1286	751
1254	1301	1282	1441	1187	1124	1034	1274	1712	1309	1268	2205	695	1330	731	0	1602	1268	1031	1342	524	1039	1321	1068	986	1272	899	1668	244	1393	428	872	1698	999	1388	657	120	1101	1136	1021	1813	1852	855	1004	1758	975	1337	1268	1329	534	1278	1048	755	1008	1518	1233	2621	1286	1166	808	782	1001	1242	2969	885	187	528	905	772	913	1954	818	632	932	1190	1371	1276	1001	1598	1263	3027	919	1026	1747	963	1541	1032	689	1219	1229	1692	1332	1384	1188	1203	1433	1309	1430	1551	572	1038	1208	1200	1420	1564	2210	1961	1268	798	2538	1166	865	697	1263	1182	1123	1103	1033	1391	2031	2548	1068	1748	1298	1446	1847	259	1243	1696	1056	1269	1817	594	1441	818	1232	1333	1279	1447	1313	1095	1299	472	1532	1412	1033	1011	1268	1187	2614	935	657	1035	1127	320	1611	864	1801	931	1612	1267	697	1344	1177	2540	1140	1193	739	1298	570	1693	1288	666	181	839	961	339	996	1435	824	1549	1337	1480	260	1236	1001	1322	1321	524	1375	911	289	2267	2836	1394	1353	566	2406	1099	1673	885	1001	1013	1319	2221	1243	949	1055	1286	891	1353	1288	1247	1019	1197	1076	3233	1248	459	689	1587	1508	1222	1960	727	729	992	1055	795	1747	1365	314	684	1236	802	1367	857	158	2585	486	782	1184	2481	1406	1811	1095	1254	1268	1450	583	1102	148	1366	420	1274	1339	327	240	1345	1820	1550	187	966	1132	1102	1236	906	1087	1798	1852	914	2001	868	727	243	2779	746	1101	968	1381	1324	1286	1503	875	1358	909	1238	1470	1430	1092	1339	1455	780	583	1229	1563	1033
355	315	322	501	695	505	662	335	648	359	638	799	1462	276	1175	1602	0	638	808	541	2066	839	2560	725	1162	342	717	2824	1576	280	1894	2214	917	1923	217	1370	1594	503	481	818	470	2337	814	2118	2201	2121	796	967	540	1417	326	556	932	2256	254	471	1643	623	570	1373	1201	602	476	1366	1672	1415	1931	1006	1115	836	897	1460	973	1293	578	386	330	1013	321	367	1689	2421	839	1030	949	2422	830	1956	418	486	375	392	418	583	823	514	361	627	275	1720	840	701	683	613	69	764	3191	638	2018	1335	570	1226	1988	401	440	571	527	575	257	3272	1314	725	1032	626	159	713	1707	476	378	594	842	921	1275	495	1460	530	269	361	2958	524	511	615	1133	1231	876	575	892	638	687	1115	2364	1007	821	474	1310	1060	807	236	1412	684	363	1105	541	700	1201	896	691	1211	625	1879	983	328	945	1426	904	817	1382	608	500	825	333	398	3008	1363	894	602	552	364	2098	2560	2495	1328	813	1757	219	268	1853	905	540	396	1672	602	619	549	3431	477	981	553	621	1401	268	328	924	829	690	665	1667	1805	1996	1956	296	2322	422	932	931	1085	1422	553	860	425	299	1315	979	848	850	247	2314	1565	1377	1848	1201	586	3615	323	289	511	847	810	203	1981	500	1459	377	1225	627	550	1287	1453	1880	924	287	1415	951	597	528	894	1006	1224	1226	537	1726	2539	759	931	1361	1966	902	548	655	229	359	1085	458	1406	358	2340	778	138	626	512	550	149	883	1981	486	329	575
418	408	520	197	85	342	766	543	444	311	0	952	1422	455	1162	1268	638	0	248	106	1632	258	2462	887	1283	404	645	2774	1155	365	1443	1685	502	1911	548	1321	1216	436	375	259	582	2529	426	2049	2398	2039	188	1251	102	1309	523	456	513	2139	403	221	1431	20	787	1392	1217	485	204	1862	1676	1092	1452	1085	1121	890	699	1473	758	1377	133	251	530	405	419	358	1760	1940	266	1509	1062	2469	257	1430	328	204	486	252	222	131	1085	185	307	164	409	1589	258	969	70	152	658	969	3116	0	1895	1281	787	1284	1465	292	361	738	344	430	396	3194	1287	887	1511	30	570	579	1283	203	488	677	1141	593	1193	199	1473	145	498	343	2711	114	534	33	828	1584	1244	430	306	0	83	1374	1854	612	972	466	1059	536	418	870	1481	350	358	1062	107	95	1272	263	79	1204	30	1705	533	571	759	1123	915	308	964	544	192	467	371	243	2747	1007	257	485	89	294	1685	2487	2175	979	1026	1618	463	421	1686	1176	324	456	1676	485	365	91	3371	202	1087	424	21	1453	421	571	1202	265	76	818	2019	1920	1566	1430	424	2389	315	712	547	1060	1515	424	488	525	354	1062	586	211	483	446	1818	1176	1328	1366	1217	132	3595	314	675	534	213	177	438	1493	457	1121	261	1013	10	98	944	1058	2012	597	401	1090	1065	786	343	257	1086	1388	1681	606	1729	2724	694	547	1062	1671	534	304	639	465	299	1360	268	1451	283	1833	140	591	163	517	98	575	496	1493	204	385	430
502	516	597	441	163	362	721	612	686	449	248	1200	1258	567	1022	1031	808	248	0	343	1384	41	2260	843	1184	500	554	2582	908	529	1195	1446	683	1741	663	1159	973	437	400	11	828	2415	237	1860	2289	1846	316	1215	333	1129	598	427	287	1937	609	336	1621	268	782	1249	1083	431	332	2094	1517	861	1205	985	990	803	923	1325	582	1258	232	442	602	212	649	459	1996	1695	33	1542	977	2308	26	1189	410	321	725	422	431	228	1055	430	446	403	625	1392	40	955	177	394	810	1217	2915	248	1695	1507	782	1160	1224	409	415	725	348	391	550	2991	1517	843	1544	277	701	819	1036	331	728	645	1120	794	1026	443	1325	283	601	456	2478	329	526	281	612	1558	1243	391	86	248	165	1622	1612	384	912	479	847	648	231	1045	1351	581	461	918	344	153	1513	176	169	1063	277	1495	693	641	594	895	807	79	719	490	436	282	598	419	2511	771	258	431	323	444	1437	2291	1934	746	1274	1822	601	551	1478	1423	325	698	1517	431	303	322	3172	331	997	398	268	1319	551	641	1168	20	172	783	2266	1791	1318	1189	649	2235	402	930	331	923	1392	398	289	769	509	849	362	235	288	576	1573	932	1554	1119	1083	224	3405	501	900	526	252	252	606	1247	458	886	446	815	256	337	713	814	1887	797	619	858	981	771	347	258	986	1297	1696	854	1569	2604	593	331	837	1828	328	306	575	596	449	1314	512	1314	456	1590	213	726	403	510	337	709	287	1247	321	613	391
365	344	463	100	186	330	750	488	382	242	106	866	1450	387	1181	1342	541	106	343	0	1723	358	2507	868	1282	347	655	2813	1242	277	1536	1787	502	1939	474	1349	1296	420	355	355	486	2527	489	2087	2395	2079	259	1222	13	1347	467	451	587	2186	299	185	1408	87	753	1410	1232	489	166	1757	1699	1163	1548	1087	1136	890	656	1493	802	1384	156	158	474	511	313	303	1694	2038	364	1450	1057	2491	355	1531	287	173	383	173	122	157	1056	91	237	137	303	1634	359	936	171	119	567	878	3160	106	1941	1228	753	1293	1566	238	329	710	338	432	312	3238	1230	868	1452	86	488	515	1371	165	385	660	1107	574	1224	101	1493	130	431	283	2780	41	513	77	890	1548	1201	432	408	106	181	1284	1955	685	958	441	1117	575	480	770	1491	310	302	1083	2	194	1201	369	180	1223	86	1758	546	514	797	1190	923	393	1048	543	94	525	265	161	2817	1081	354	489	20	221	1773	2528	2252	1052	935	1584	383	347	1737	1082	323	355	1699	489	386	22	3413	164	1084	421	86	1467	347	514	1173	362	178	798	1924	1928	1656	1531	318	2407	273	673	615	1078	1522	421	551	426	273	1120	658	309	544	369	1917	1258	1275	1462	1232	161	3631	219	568	513	307	269	346	1590	439	1194	171	1063	95	9	1016	1139	2018	577	295	1161	1060	758	338	354	1088	1381	1628	515	1754	2724	705	615	1128	1666	598	307	637	387	225	1335	168	1465	198	1933	240	507	137	498	9	492	563	1590	173	279	432
1711	1754	1754	1823	1547	1567	1544	1751	2063	1743	1632	2585	1168	1789	1251	524	2066	1632	1384	1723	0	1378	1422	1587	1501	1726	1392	1772	490	1830	193	444	1984	1339	1858	1153	484	1563	1586	1373	2209	2210	1268	1252	2136	1212	1651	1791	1712	1027	1752	1512	1153	1170	1945	1651	2854	1652	1676	1298	1297	1468	1657	3427	1303	687	241	1429	1294	1434	2269	1290	1125	1433	1585	1786	1750	1282	2011	1709	3349	395	1369	2271	1488	1799	1377	418	1660	1643	2098	1751	1790	1582	1728	1813	1742	1784	1973	950	1378	1729	1562	1777	2036	2601	1988	1632	1044	2841	1676	1376	396	1696	1629	1629	1545	1490	1834	2044	2861	1587	2272	1662	1915	2194	359	1657	2101	1555	1793	2112	1109	1824	1290	1633	1799	1721	1271	1702	1574	1666	945	2044	1937	1490	1337	1632	1549	3007	437	1066	1559	1595	842	1854	1276	2279	1413	1951	1713	1221	1725	1537	2883	1443	1553	1255	1662	849	1962	1768	1163	698	1361	1330	687	1475	1817	1248	1960	1754	1274	711	1528	1468	1703	1751	90	1504	671	747	2658	3085	1850	1805	863	2806	1537	2074	1303	1468	1452	1701	2239	1657	1474	1512	1653	1375	1805	1768	1771	1367	1557	1590	3646	1659	70	418	2005	1798	1661	2267	1142	1254	1472	1512	1214	2147	1803	835	1094	1543	1224	1822	351	505	2887	305	1297	1578	2527	1831	2244	1574	1559	1584	1895	247	1568	636	1784	942	1641	1718	787	612	1747	2114	1970	684	1491	1643	1544	1528	1430	1595	2317	2238	1316	2330	1367	1142	752	2952	1169	1533	1462	1839	1754	1805	1891	1358	1782	411	1566	1941	1784	1568	1718	1925	1193	247	1643	1975	1490
539	553	635	454	173	401	761	651	686	482	258	1207	1287	603	1054	1039	839	258	41	358	1378	0	2280	883	1220	537	593	2604	907	560	1188	1428	666	1768	699	1188	976	478	440	38	841	2449	269	1883	2323	1869	300	1255	350	1154	636	468	305	1956	634	369	1602	278	823	1281	1116	472	363	2114	1546	873	1194	1022	1024	841	915	1355	611	1292	262	468	641	175	669	495	1992	1682	14	1583	1014	2336	15	1172	447	353	742	450	454	257	1096	443	479	405	648	1414	0	996	188	398	844	1226	2935	258	1715	1499	823	1194	1208	443	454	766	388	432	582	3010	1510	883	1585	286	737	818	1033	363	744	686	1161	781	1055	457	1355	311	638	491	2486	349	567	291	631	1598	1284	432	52	258	177	1631	1596	400	951	519	866	620	264	1076	1384	578	497	950	360	164	1512	140	179	1095	286	1513	672	680	625	908	844	108	721	531	450	313	619	447	2518	780	227	472	339	475	1433	2312	1937	756	1282	1806	635	586	1496	1434	365	713	1546	472	344	338	3192	362	1034	439	279	1352	586	680	1208	30	182	823	2277	1824	1313	1172	670	2264	438	921	353	956	1426	439	317	783	540	867	380	210	317	611	1560	935	1546	1109	1116	253	3427	528	922	567	227	233	637	1235	498	895	473	837	267	351	724	818	1920	784	642	869	1019	812	387	227	1023	1334	1737	864	1598	2638	631	353	851	1803	353	346	615	631	480	1354	526	1346	485	1575	199	761	405	551	351	744	313	1235	353	634	432
2282	2333	2258	2595	2395	2208	1898	2239	2889	2385	2462	3307	1097	2340	1384	1321	2560	2462	2260	2507	1422	2280	0	1841	1442	2307	1888	353	1551	2451	1525	1854	2943	669	2354	1191	1431	2144	2201	2253	2913	1128	2038	444	1136	439	2577	1746	2493	1165	2253	2095	1974	323	2582	2350	3882	2476	1995	1195	1359	2048	2365	3826	907	1436	1627	1560	1444	1723	3160	1110	1705	1302	2352	2478	2248	2286	2684	2319	4185	1633	2266	2124	1622	567	2269	1824	2293	2353	2784	2434	2506	2351	1816	2592	2388	2624	2623	873	2279	1908	2405	2609	2499	3292	655	2462	566	3735	1995	1347	1809	2349	2245	1988	2192	2099	2433	731	3735	1841	2123	2489	2407	3021	1497	2366	2788	1971	1838	3050	1299	2593	1110	2379	2321	2341	723	2470	2086	2487	1648	1759	1915	2099	2266	2462	2392	3670	1775	1880	1751	2149	1413	2891	2046	2683	1188	2810	2323	1461	2509	2386	3686	2403	2400	1348	2489	770	2953	2238	1710	1392	1658	2182	1653	2010	2588	1995	2643	2443	807	1538	2500	2048	2490	2405	1336	100	909	1551	3347	4079	2404	2380	785	3459	2200	2776	907	2048	2125	2486	912	2367	1591	2117	2475	1186	2380	2238	1765	2254	2403	1896	4216	974	1422	1824	2665	648	2301	3174	1929	1478	1202	2117	1978	2846	2425	1412	1900	2490	1982	2384	1694	1474	3782	1649	1359	2348	1160	2490	2831	2086	2507	2513	2481	1656	2133	1432	2468	1449	2465	2507	1574	1558	981	3053	2627	1441	1622	1965	2192	2500	1560	1430	2041	2967	858	1148	1837	1929	1441	4073	1935	2211	1933	2390	2406	1668	2642	1177	2449	1757	2474	2424	2623	2093	2507	2415	1975	1656	2353	2655	2099
525	568	460	919	869	545	123	435	1198	655	887	1508	747	553	467	1068	725	887	843	868	1587	883	1841	0	443	549	304	2098	1141	688	1453	1856	1370	1198	535	663	1106	451	514	845	1134	1669	651	1398	1535	1403	1069	372	856	732	455	433	716	1545	806	683	2251	890	155	648	482	415	702	2009	947	900	1524	281	404	155	1483	735	497	569	754	763	447	1024	915	582	2401	1976	871	755	224	1702	867	1615	584	696	1010	723	804	757	214	923	659	1005	849	1028	883	147	870	987	662	1482	2467	887	1312	2005	155	500	1639	638	539	167	543	464	659	2548	1993	0	756	902	582	1311	1254	703	1013	209	283	1434	590	914	735	749	521	605	2287	827	355	893	680	714	421	464	913	887	862	1840	1965	718	98	426	747	1423	651	844	688	1164	585	421	870	865	1905	1015	871	498	902	1200	1413	424	454	890	232	785	982	354	913	619	886	736	2344	895	1080	415	860	679	1593	1837	1882	861	1533	2403	608	601	1172	1631	564	1012	947	415	546	855	2706	704	256	465	888	675	601	424	325	854	873	71	2375	1096	1519	1615	890	1605	596	1509	674	393	701	465	641	1072	668	754	702	1042	634	595	1896	1094	2050	1452	482	756	2890	746	1008	355	1054	1033	690	1580	430	951	749	647	883	874	825	1011	1178	1438	856	904	225	130	544	1080	282	524	876	1197	1001	1868	286	674	835	2530	646	584	267	594	677	475	936	680	722	1938	985	594	1005	370	874	589	664	1580	696	894	464
960	1006	902	1344	1250	952	541	878	1631	1087	1283	1950	406	994	259	986	1162	1283	1184	1282	1501	1220	1442	443	0	985	640	1675	1146	1127	1413	1852	1781	779	978	367	1068	863	928	1182	1577	1245	956	999	1114	1012	1454	331	1269	486	897	831	975	1168	1248	1098	2682	1290	595	267	204	798	1117	2384	534	874	1506	199	239	393	1916	339	660	139	1151	1194	890	1326	1356	1014	2844	1895	1206	799	226	1260	1205	1643	1008	1109	1452	1152	1232	1153	374	1347	1090	1418	1291	717	1220	472	1253	1401	1095	1923	2048	1283	955	2447	595	130	1658	1065	960	609	945	854	1099	2130	2435	443	798	1303	1023	1748	1228	1118	1456	631	401	1856	392	1340	339	1156	964	1037	1959	1241	775	1296	782	545	503	854	1237	1283	1243	2274	1922	933	344	847	707	1809	959	1252	256	1588	1017	331	1285	1243	2348	1360	1252	247	1303	899	1817	867	628	842	376	1112	1048	741	1338	914	1326	1164	2024	919	1439	798	1271	1110	1481	1427	1637	894	1973	2840	1051	1042	871	2066	962	1453	534	798	920	1266	2281	1119	198	862	1288	255	1042	867	336	1190	1255	511	2786	654	1440	1643	1333	1162	1019	1940	923	307	260	862	921	1515	1106	713	930	1408	918	1037	1843	1074	2492	1451	204	1151	2454	1182	1448	775	1422	1408	1133	1563	845	922	1181	623	1281	1287	873	1033	739	1859	1298	880	223	572	945	1439	198	120	818	1639	584	1441	595	923	813	2949	905	981	645	1037	1109	308	1368	265	1155	1895	1360	1034	1418	788	1287	1030	937	1563	1109	1335	854
24	28	116	377	429	163	444	140	648	109	404	1000	1217	69	933	1272	342	404	500	347	1726	537	2307	549	985	0	420	2592	1236	145	1553	1873	838	1698	162	1119	1258	173	140	509	608	2219	473	1872	2085	1870	591	885	338	1144	119	226	591	1993	275	185	1701	398	417	1151	973	275	200	1702	1450	1085	1589	800	879	607	933	1238	653	1101	296	216	127	712	380	46	1884	2079	533	1105	759	2230	525	1616	89	203	479	180	259	300	720	383	113	479	317	1446	537	597	422	461	324	987	2951	404	1750	1464	417	1018	1647	112	99	383	185	239	126	3031	1455	549	1107	407	206	762	1367	201	483	355	767	891	1008	372	1238	262	101	63	2658	310	221	397	801	1204	854	239	586	404	420	1375	2023	665	645	158	992	922	466	569	1215	621	46	847	349	430	1384	624	427	972	407	1592	889	167	630	1099	659	493	1041	299	372	483	343	194	2704	1027	651	275	346	133	1760	2316	2174	993	1042	1855	123	80	1569	1163	200	475	1450	275	277	341	3198	202	789	217	396	1196	80	167	836	520	427	478	1969	1639	1656	1616	359	2138	99	959	589	834	1237	217	517	542	121	997	637	606	508	96	1971	1227	1510	1506	973	302	3399	197	544	221	611	579	180	1639	177	1127	202	915	396	355	952	1114	1724	894	321	1085	761	428	186	651	801	1073	1281	665	1505	2418	470	589	1035	1985	560	211	373	113	130	1000	387	1197	173	1998	536	232	479	213	355	215	541	1639	203	354	239
397	448	394	729	609	330	195	382	1023	498	645	1419	805	462	528	899	717	645	554	655	1392	593	1888	304	640	420	0	2178	916	563	1237	1612	1146	1292	500	705	909	256	316	554	1025	1884	348	1456	1754	1452	814	669	642	724	390	210	413	1573	695	478	2063	653	308	755	577	167	495	2077	1048	714	1294	441	481	250	1305	839	268	732	515	595	387	723	796	431	2298	1768	580	1051	424	1838	577	1363	406	485	896	551	627	516	518	728	500	788	735	1025	592	439	613	771	672	1407	2534	645	1330	1863	308	639	1389	463	358	251	317	223	547	2614	1858	304	1052	666	558	1149	1041	496	900	167	588	1228	589	725	839	525	453	453	2244	614	207	660	447	1013	724	223	618	645	603	1795	1737	425	360	262	595	1169	348	904	837	965	435	434	657	603	1798	730	612	569	666	1173	1179	393	233	719	269	490	737	122	722	315	755	561	2293	680	803	167	642	518	1412	1900	1779	644	1463	2235	528	497	1148	1583	331	888	1048	167	280	637	2783	497	446	236	651	811	497	393	624	563	615	259	2379	1275	1322	1363	777	1752	416	1326	374	426	869	236	336	958	537	600	406	770	329	504	1675	887	1909	1217	577	514	2991	602	960	207	783	768	599	1349	245	762	584	508	644	658	605	786	1367	1232	739	716	428	281	318	803	442	748	1180	1079	1103	2078	51	374	656	2315	345	348	70	514	519	763	765	809	563	1712	720	580	787	210	658	567	360	1349	485	767	223
2567	2617	2534	2898	2711	2505	2168	2513	3193	2676	2774	3590	1374	2619	1659	1668	2824	2774	2582	2813	1772	2604	353	2098	1675	2592	2178	0	1901	2737	1878	2199	3263	900	2625	1473	1780	2435	2495	2575	3200	1060	2355	725	1110	736	2898	1954	2799	1466	2529	2388	2298	661	2867	2649	4201	2787	2254	1451	1625	2342	2666	4046	1151	1775	1980	1817	1715	1994	3468	1364	2015	1537	2659	2773	2523	2619	2971	2608	4476	1965	2589	2284	1875	533	2593	2176	2585	2654	3071	2729	2803	2659	2045	2895	2679	2934	2909	1189	2603	2148	2720	2919	2761	3571	376	2774	891	4038	2254	1598	2161	2642	2537	2254	2489	2396	2717	457	4035	2098	2282	2801	2676	3323	1849	2666	3075	2247	2058	3366	1591	2895	1364	2684	2597	2630	895	2774	2370	2798	1974	1911	2116	2396	2592	2774	2707	3939	2112	2207	2004	2436	1740	3219	2362	2928	1419	3120	2612	1745	2815	2702	3976	2731	2715	1620	2801	1108	3276	2509	2016	1730	1934	2503	1997	2300	2891	2311	2932	2739	975	1878	2826	2342	2797	2697	1684	294	1224	1889	3624	4393	2682	2662	1120	3728	2499	3065	1151	2342	2428	2792	607	2667	1843	2412	2786	1425	2662	2509	1980	2577	2719	2158	4462	1114	1773	2176	2951	648	2594	3484	2251	1758	1421	2412	2296	3134	2712	1740	2224	2814	2299	2663	2033	1823	4085	2002	1625	2656	823	2780	3102	2370	2831	2835	2761	2007	2423	1774	2762	1767	2776	2814	1909	1904	1089	3369	2913	1780	1874	2226	2490	2826	1817	1643	2174	3256	1097	1017	2127	2251	1775	4403	2255	2511	2218	2668	2698	1863	2941	1419	2742	2096	2794	2690	2934	2378	2814	2683	2295	2007	2654	2944	2396
1221	1263	1267	1342	1071	1076	1082	1264	1594	1252	1155	2107	907	1300	886	244	1576	1155	908	1242	490	907	1551	1141	1146	1236	916	1901	0	1339	321	719	1543	1242	1370	853	124	1074	1096	897	1726	2088	778	1248	1991	1217	1194	1395	1230	738	1265	1023	664	1243	1455	1162	2448	1175	1212	1004	946	981	1168	2936	1116	272	382	1031	914	994	1816	1027	655	1114	1100	1298	1264	836	1523	1218	2896	852	896	1864	1080	1785	904	497	1170	1154	1612	1262	1303	1096	1306	1332	1252	1312	1483	814	907	1287	1085	1303	1548	2120	2183	1155	1039	2396	1212	1036	513	1205	1139	1161	1054	1001	1343	2251	2411	1141	1864	1185	1427	1726	131	1168	1615	1083	1375	1668	765	1343	1027	1146	1311	1230	1611	1219	1089	1188	470	1686	1523	1001	871	1155	1072	2526	825	575	1128	1107	439	1436	786	1792	1131	1486	1222	828	1244	1061	2420	988	1077	903	1185	812	1530	1283	696	308	928	849	196	991	1336	757	1473	1265	1634	245	1080	981	1222	1261	532	1610	1039	279	2177	2670	1360	1314	809	2323	1046	1589	1116	981	961	1219	2442	1169	1073	1023	1175	1090	1314	1283	1367	893	1081	1134	3161	1476	421	497	1516	1752	1170	1817	652	859	1191	1023	724	1662	1312	433	604	1088	733	1332	759	88	2442	313	946	1092	2708	1341	1754	1089	1105	1125	1405	439	1080	226	1295	529	1163	1237	316	130	1574	1670	1481	266	1084	1180	1053	1080	1032	1256	1937	1757	1148	2241	897	652	333	2585	678	1043	986	1348	1264	1431	1409	1075	1292	799	1102	1452	1311	1083	1237	1436	703	439	1154	1488	1001
170	121	231	271	416	268	587	257	516	87	365	856	1362	138	1078	1393	280	365	529	277	1830	560	2451	688	1127	145	563	2737	1339	0	1652	1951	731	1844	205	1264	1370	309	260	539	463	2356	563	2017	2221	2014	536	1009	273	1288	236	361	680	2137	131	194	1567	352	548	1297	1118	410	197	1599	1596	1206	1681	944	1024	752	798	1383	785	1245	298	119	244	733	234	134	1738	2173	560	1188	901	2374	550	1693	173	208	334	113	160	303	847	281	88	390	172	1588	560	722	405	373	293	845	3096	365	1893	1320	548	1163	1726	134	214	520	290	366	36	3176	1311	688	1190	357	211	623	1471	197	338	499	888	770	1152	265	1383	249	179	115	2793	252	367	346	921	1318	963	366	612	365	408	1237	2107	764	785	302	1123	839	554	517	1360	504	130	992	278	420	1238	617	412	1118	357	1732	788	276	765	1224	804	543	1143	441	267	582	199	121	2838	1142	622	410	284	85	1868	2461	2300	1108	900	1715	109	89	1709	1025	295	329	1596	410	380	281	3343	197	931	345	350	1341	89	276	962	550	412	617	1841	1781	1761	1693	214	2282	170	826	687	979	1381	345	615	396	27	1127	735	576	606	104	2061	1338	1366	1596	1118	306	3545	67	417	367	577	541	76	1729	318	1246	106	1049	354	287	1069	1222	1865	773	176	1206	904	562	290	622	945	1212	1372	519	1651	2555	613	687	1159	1859	661	296	518	116	80	1127	262	1342	81	2084	505	229	390	358	287	215	636	1729	208	209	366
