NAME : VRPTW_INSTANCE_65.txt
COMMENT : Bangkok Supermarket
TYPE : VRPTW
DIMENSION : 258
DAYS : Monday
EDGE_WEIGHT_TYPE : EXPLICIT
VEHICLES : 37
EDGE_WEIGHT_FORMAT : FULL_MATRIX
CAPACITY : 1000
EDGE_WEIGHT_SECTION
0	464	97	413	349	582	91	532	1727	170	830	428	90	482	358	102	409	1849	368	1429	481	504	703	369	671	213	1213	410	547	206	635	300	502	347	118	603	358	401	135	236	582	1008	347	987	830	428	382	1117	1606	224	3349	201	255	306	1029	1606	563	190	1595	351	152	1840	91	177	264	538	125	241	2043	350	367	637	102	2545	1061	621	210	428	124	193	860	941	1158	306	281	1115	1120	215	975	501	1121	826	1915	737	402	1109	379	207	307	1321	157	379	401	431	582	25	589	2041	127	300	352	412	1019	208	547	197	650	24	193	312	737	3883	609	4063	1585	383	990	101	210	637	2355	46	92	192	1844	1126	212	300	537	408	465	127	325	407	661	2760	374	419	89	309	1027	371	1221	221	172	306	985	1855	152	1010	283	199	212	367	405	113	465	428	1079	54	201	411	1129	255	2752	449	425	646	367	89	1022	413	418	2515	1907	1036	394	352	183	192	23	2070	1185	406	186	503	428	582	436	650	1185	1352	248	474	890	88	1413	666	25	1213	132	1213	1994	454	365	149	284	258	1672	381	198	367	844	492	363	213	221	122	582	592	1017	474	534	371	140	528	459	124	190	903	996	404	167	135	474	368	474	185	358	408	1009	2714	145	412	352	113	525	661
464	0	501	240	710	163	435	676	1264	633	563	106	447	854	806	446	738	2285	743	1027	857	884	1167	830	481	604	757	255	808	291	269	194	966	712	436	442	724	811	576	679	163	544	712	1444	563	106	844	763	1385	661	2898	263	251	163	689	1385	420	560	2049	709	435	2290	440	403	347	678	572	677	1597	715	743	273	443	2139	1459	405	637	59	574	275	1180	1289	1468	748	708	761	794	656	863	408	767	557	1480	331	744	753	756	635	590	1062	494	743	811	111	163	487	1031	1648	573	194	721	245	566	569	808	626	947	483	616	604	331	3420	227	3609	2018	844	614	507	660	993	2735	455	484	417	1389	672	381	194	674	732	457	396	292	731	890	2296	751	158	501	192	638	206	924	612	413	748	662	1463	435	691	188	320	381	743	812	566	457	106	720	509	263	242	1593	251	2289	401	755	1021	743	501	697	240	733	2078	1509	706	754	716	636	417	488	1628	843	729	642	876	239	163	434	947	843	888	361	376	452	536	1861	446	487	757	568	757	1696	215	797	613	191	210	2012	757	640	824	426	917	739	604	613	439	163	974	676	932	670	206	587	662	892	342	560	635	659	674	630	332	932	826	376	336	724	843	691	2265	598	747	716	566	242	890
97	501	0	490	255	636	66	443	1750	156	914	484	187	393	381	199	313	1789	278	1419	393	417	688	334	630	286	1258	489	450	215	634	363	474	254	215	561	266	322	77	274	636	1037	254	943	914	484	349	1096	1549	159	3399	247	263	338	1007	1549	521	93	1547	257	250	1788	188	133	230	450	179	286	2095	258	277	636	200	2613	1097	589	137	475	176	251	767	998	1221	338	209	1094	1199	154	909	455	1100	909	1916	742	476	1089	289	134	211	1275	68	286	322	488	636	105	530	2112	183	363	259	490	1066	111	450	125	554	77	116	215	742	3907	614	4111	1522	350	977	189	245	547	2392	143	17	138	1890	1173	306	363	449	311	407	109	303	311	564	2795	284	484	9	373	1018	443	1185	294	124	338	959	1926	250	983	336	194	306	277	325	163	407	484	1061	62	247	488	1105	263	2789	401	329	560	277	9	996	490	321	2572	1976	1010	301	259	217	138	88	2125	1263	309	215	415	504	636	380	554	1263	1381	211	433	901	154	1359	751	105	1258	67	1258	1951	527	298	147	339	310	1584	291	138	325	848	421	273	286	293	219	636	645	995	479	446	443	190	441	491	168	93	867	973	307	183	176	479	328	433	177	266	343	1089	2722	187	317	259	164	598	564
413	240	490	0	740	231	435	806	1412	574	427	133	353	882	687	345	787	2259	767	1246	883	908	1069	772	704	468	845	15	895	345	509	145	892	740	328	656	752	812	548	568	231	703	740	1385	427	133	783	999	1624	637	2958	264	337	250	927	1624	626	575	1994	741	309	2243	346	450	446	810	480	558	1651	744	766	513	342	2133	1276	630	622	182	483	245	1246	1084	1248	628	694	997	708	629	1081	597	1004	422	1673	564	562	989	779	619	652	1302	516	773	812	128	231	427	1001	1628	480	145	747	5	653	590	895	609	1021	437	603	663	564	3551	467	3674	1996	783	848	406	556	1034	2531	382	476	471	1465	758	234	145	807	784	622	415	429	783	995	2402	773	81	486	135	868	56	1164	473	458	628	902	1442	309	931	189	377	234	766	815	480	622	133	955	468	264	3	1497	337	2388	573	805	1050	766	486	936	0	790	2113	1494	945	787	745	539	471	436	1674	772	781	549	904	14	231	594	1021	772	1031	450	563	663	452	1818	271	427	845	544	845	1935	50	779	550	180	207	2072	780	612	774	651	905	762	468	475	329	231	794	914	820	803	56	493	795	751	328	575	874	899	750	551	324	820	774	563	386	752	822	598	2437	507	794	745	480	115	995
349	710	255	740	0	860	305	321	1906	277	1166	715	437	145	466	449	71	1583	38	1505	147	174	628	290	671	485	1460	740	229	422	770	605	413	7	466	609	15	127	227	417	860	1212	7	791	1166	715	307	1164	1502	172	3600	483	458	552	1074	1502	574	165	1372	5	500	1602	439	308	371	329	377	437	2304	8	37	771	450	2845	1150	658	161	697	372	495	511	1107	1344	453	132	1162	1448	184	847	508	1168	1161	2021	881	655	1159	49	164	137	1268	225	33	127	720	860	348	365	2348	380	605	15	740	1273	150	229	172	304	326	167	123	881	4054	762	4307	1315	308	1070	421	392	294	2425	393	267	292	2089	1378	561	605	331	74	431	328	443	74	346	2969	44	724	262	615	1118	690	1208	491	297	453	1020	2162	500	1038	571	391	561	37	126	363	431	715	1136	299	483	738	1000	458	2968	458	82	314	38	262	1054	740	89	2788	2211	1070	46	7	374	292	333	2337	1509	73	365	167	753	860	418	304	1509	1551	353	503	1048	372	1174	1005	348	1460	224	1460	1940	773	167	293	576	546	1331	50	191	268	983	235	34	485	489	469	860	763	1063	501	330	690	379	328	575	412	165	906	1041	137	329	416	501	271	503	376	15	199	1338	2838	367	68	7	364	843	346
582	163	636	231	860	0	571	840	1183	752	417	154	545	1006	898	540	893	2425	893	1030	1008	1034	1273	952	616	683	633	246	970	438	365	283	1082	862	526	586	874	954	706	774	0	471	862	1570	417	154	965	810	1475	794	2766	389	404	307	748	1475	569	704	2177	860	515	2422	537	552	507	842	675	767	1461	866	892	369	537	1984	1507	540	773	163	677	390	1340	1315	1473	839	845	808	631	788	996	565	815	410	1443	381	792	799	905	770	747	1143	639	894	954	152	0	602	1166	1490	675	283	870	236	439	715	970	761	1107	604	753	760	381	3328	324	3480	2159	965	657	603	758	1148	2761	563	619	569	1262	546	447	283	838	887	618	537	455	887	1053	2187	900	174	634	275	668	236	994	690	562	839	733	1304	515	761	301	469	447	892	956	671	618	154	766	632	389	235	1701	404	2176	562	911	1174	892	634	764	231	890	1936	1352	770	905	867	737	569	606	1489	680	885	745	1028	221	0	597	1107	680	802	519	534	447	641	1994	327	602	633	700	633	1749	182	934	730	299	326	2172	906	771	949	450	1057	888	683	691	528	0	1024	736	1029	834	236	689	826	971	469	704	732	723	834	740	460	1029	951	534	484	874	979	530	2206	702	902	866	671	155	1053
91	435	66	435	305	571	0	447	1685	214	861	420	170	447	430	181	356	1853	332	1362	448	473	750	399	586	303	1192	434	481	150	573	302	539	305	193	518	317	384	142	314	571	971	305	1009	861	420	414	1043	1516	225	3333	183	198	272	954	1516	478	140	1613	306	227	1854	168	87	180	453	208	322	2030	309	331	575	181	2551	1141	540	202	410	206	191	814	1029	1248	382	273	1041	1143	220	884	414	1047	856	1855	679	493	1035	344	199	234	1235	84	338	384	424	571	112	596	2051	211	302	312	434	1000	155	481	191	594	87	181	242	679	3842	551	4045	1587	415	921	192	286	599	2436	131	48	101	1824	1107	270	302	451	353	375	46	248	352	591	2729	339	423	66	312	960	385	1139	312	81	382	908	1864	227	932	272	131	270	331	386	193	375	420	1006	95	183	432	1169	198	2723	361	373	616	331	66	945	435	361	2507	1915	959	352	310	258	101	99	2060	1205	351	258	470	448	571	346	594	1205	1315	162	388	838	174	1425	700	112	1192	133	1192	1909	468	363	200	276	247	1637	346	204	391	786	485	327	303	311	198	571	679	942	535	448	385	221	442	536	107	140	821	921	334	231	113	535	393	388	114	317	408	1033	2660	223	361	310	194	539	591
532	676	443	806	321	840	447	0	1721	550	1220	729	617	381	769	628	270	1761	350	1253	389	408	944	611	426	728	1358	812	192	464	618	661	732	328	640	380	330	436	470	693	840	1077	328	1059	1220	729	627	906	1182	463	3466	551	469	562	819	1182	359	369	1599	315	673	1810	615	381	359	8	618	710	2195	328	349	616	628	2786	1469	444	439	691	614	579	548	1411	1643	744	444	904	1469	472	528	314	909	1214	1778	720	916	903	354	441	241	960	376	329	436	735	840	546	653	2308	622	661	335	808	1187	353	192	444	327	518	432	244	720	3840	627	4162	1497	628	840	631	665	438	2746	576	442	359	1965	1283	708	661	10	261	236	433	388	261	224	2796	352	758	452	671	891	750	916	736	379	744	762	2125	673	775	616	434	708	350	433	602	236	729	884	505	551	805	1292	469	2802	291	274	488	350	452	792	806	248	2689	2168	808	325	327	640	359	530	2235	1520	261	634	393	816	840	249	327	1520	1393	357	332	882	597	1395	1075	546	1358	461	1358	1626	820	487	557	625	599	1362	354	471	589	806	525	348	728	734	645	840	1060	810	819	12	750	626	17	881	517	369	636	788	183	597	514	819	592	332	430	330	515	1365	2597	619	281	327	603	881	224
1727	1264	1750	1412	1906	1183	1685	1721	0	1893	1284	1325	1711	2038	2070	1709	1908	3476	1944	628	2043	2069	2430	2084	1298	1862	615	1425	1908	1535	1136	1450	2224	1911	1697	1340	1922	2027	1827	1943	1183	720	1911	2687	1284	1325	2099	893	1396	1905	1783	1526	1487	1420	955	1396	1364	1788	3278	1904	1692	3507	1704	1629	1544	1717	1837	1940	695	1914	1944	1135	1705	1391	2686	1277	1878	1308	1838	1540	2266	2480	2611	2011	1943	893	1146	1902	1457	1419	891	1280	460	1025	1974	889	1956	1876	1770	1166	1725	1936	2027	1325	1183	1751	2262	1120	1838	1450	1921	1417	778	1791	1908	1869	2048	1744	1857	1784	1025	2156	1146	2457	3209	2100	895	1771	1924	2145	3914	1720	1733	1636	472	690	1628	1450	1712	1900	1502	1641	1468	1900	1937	1075	1951	1356	1752	1444	843	1419	1039	1869	1641	2011	1010	1027	1692	1010	1452	1556	1628	1944	2027	1831	1502	1325	891	1768	1526	1416	2854	1487	1085	1460	1923	2187	1944	1752	994	1412	1895	1143	1018	979	1943	1914	1900	1636	1750	758	1100	1898	1907	2057	1401	1183	1504	2048	1100	381	1564	1414	858	1801	3081	1358	1751	615	1818	615	1299	1361	2030	1875	1454	1474	3043	1957	1887	2076	925	2137	1940	1862	1870	1700	1183	2206	959	2196	1709	1419	1852	1704	2150	1603	1788	1139	976	1820	1894	1592	2196	2078	1414	1573	1922	2076	1169	1042	1863	1920	1914	1831	1312	1937
170	633	156	574	277	752	214	550	1893	0	978	598	222	377	230	231	348	1685	279	1575	373	392	537	200	785	210	1383	568	505	361	788	469	332	272	249	716	280	276	88	143	752	1176	272	817	978	598	212	1253	1693	106	3519	370	410	473	1164	1693	676	186	1426	281	276	1672	228	290	387	558	113	161	2212	275	279	790	234	2707	946	745	118	599	108	363	760	863	1093	194	160	1251	1272	93	1046	609	1257	974	2070	894	378	1246	287	115	309	1427	212	297	276	600	752	149	428	2201	115	469	272	572	1190	200	505	109	576	150	119	306	894	4050	765	4232	1422	213	1134	179	116	528	2240	192	172	295	2014	1297	352	469	559	351	556	260	460	350	622	2930	283	587	151	478	1174	536	1339	215	281	194	1116	2015	276	1139	453	345	352	278	281	104	556	598	1218	125	370	571	960	410	2922	555	360	526	278	151	1153	574	365	2682	2068	1167	312	277	97	295	146	2239	1339	349	88	395	588	752	530	576	1339	1520	368	589	1051	126	1245	812	149	1383	99	1383	2103	617	221	24	454	428	1547	288	86	200	1000	346	276	210	214	250	752	510	1152	322	556	536	109	552	342	291	186	1023	1130	384	51	302	322	201	589	329	280	258	1162	2874	94	346	276	104	688	622
830	563	914	427	1166	417	861	1220	1284	978	0	491	757	1307	1040	747	1215	2652	1192	1321	1307	1332	1421	1168	1033	826	668	426	1321	769	778	569	1272	1166	729	1002	1178	1232	966	938	417	695	1166	1763	0	491	1176	1172	1865	1054	2639	691	753	657	1124	1865	982	1001	2367	1167	701	2620	752	877	864	1222	872	923	1348	1170	1191	782	744	1750	1485	957	1041	533	876	673	1673	1249	1345	984	1112	1170	298	1044	1413	972	1175	6	1640	773	842	1160	1204	1038	1079	1531	943	1199	1232	485	417	840	1405	1240	871	569	1172	427	528	1016	1321	1028	1448	854	1023	1090	773	3338	738	3357	2393	1176	1021	800	934	1460	2648	793	901	898	1203	597	626	569	1219	1211	1015	842	832	1210	1418	2159	1198	461	908	559	1018	480	1373	829	884	984	1120	1057	701	1147	610	801	626	1191	1235	876	1015	491	1128	884	691	429	1838	753	2133	961	1232	1474	1191	908	1147	427	1217	1774	1114	1150	1213	1171	924	898	851	1359	370	1209	935	1329	414	417	990	1448	370	928	870	939	782	851	2202	165	840	668	963	668	2095	402	1193	953	603	632	2498	1205	1028	1173	815	1320	1187	826	830	727	417	1049	1113	1171	1215	480	882	1207	1073	755	1001	1138	1104	1176	946	751	1171	1174	939	812	1178	1234	191	2325	898	1221	1171	876	339	1418
428	106	484	133	715	154	420	729	1325	598	491	0	392	861	748	388	753	2273	746	1123	862	888	1120	797	580	536	786	148	841	295	376	129	928	716	375	535	729	804	553	623	154	607	717	1415	491	0	810	867	1492	642	2921	237	269	170	794	1492	509	556	2023	715	367	2268	385	409	378	731	521	617	1615	720	746	380	385	2131	1377	504	621	50	524	235	1206	1197	1370	689	693	865	746	635	960	488	872	485	1563	433	659	857	759	618	609	1168	492	749	804	6	154	448	1013	1633	522	129	724	138	593	568	841	609	975	449	601	621	433	3475	334	3634	2007	811	717	451	606	1007	2645	409	468	427	1416	700	303	129	728	748	525	388	341	747	932	2339	753	51	482	121	739	105	1030	543	419	689	769	1447	367	797	148	327	303	746	807	518	525	0	824	478	237	135	1548	269	2329	472	770	1029	746	482	803	133	751	2089	1496	812	761	721	584	427	452	1643	802	745	592	883	133	154	498	975	802	945	387	454	542	488	1840	358	448	786	546	786	1802	111	782	575	145	173	2037	760	618	795	524	906	741	536	544	377	154	891	781	878	724	105	536	716	825	316	556	741	766	701	586	308	878	797	454	341	729	827	639	2339	549	761	721	518	154	932
90	447	187	353	437	545	170	617	1711	222	757	392	0	566	358	12	498	1907	454	1446	564	587	728	419	720	166	1178	347	638	238	651	263	540	434	29	654	446	480	215	232	545	991	434	1033	757	392	429	1145	1663	299	3306	196	281	303	1059	1663	614	280	1642	439	63	1890	7	247	321	623	129	229	1999	438	453	653	13	2485	1032	664	291	403	132	174	947	894	1102	300	358	1143	1050	289	1042	556	1149	752	1920	746	343	1136	465	287	396	1370	245	466	480	394	545	88	650	1979	130	263	439	350	984	298	638	277	739	111	276	402	746	3865	620	4021	1644	430	1011	59	214	721	2323	44	182	266	1806	1091	131	263	622	497	531	193	369	497	752	2732	460	373	179	270	1045	318	1262	175	246	300	1018	1793	63	1044	259	243	131	453	483	128	531	392	1105	137	196	350	1156	281	2721	507	514	728	453	179	1055	353	508	2465	1846	1068	481	440	192	266	103	2024	1117	495	200	587	367	545	500	739	1117	1333	308	526	890	99	1465	591	88	1178	215	1178	2039	398	436	198	257	238	1754	466	273	421	851	563	449	166	175	32	545	553	1046	486	619	318	144	612	446	143	280	945	1026	494	198	154	486	422	526	234	446	477	940	2712	157	501	439	127	467	752
482	854	393	882	145	1006	447	381	2038	377	1307	861	566	0	517	578	130	1443	115	1615	8	31	581	306	778	587	1603	882	218	567	903	749	387	144	595	720	131	109	350	500	1006	1351	143	682	1307	861	318	1270	1552	274	3741	627	603	698	1181	1552	688	307	1244	145	628	1469	569	453	513	388	487	521	2447	140	116	903	579	2990	1148	775	276	842	482	639	383	1138	1379	519	216	1269	1591	286	902	626	1274	1302	2136	1013	738	1266	103	279	271	1341	369	112	109	865	1006	477	272	2494	490	749	136	882	1416	294	218	289	215	458	290	256	1013	4180	897	4447	1176	318	1187	542	481	155	2397	524	406	437	2231	1521	694	749	392	138	544	473	583	138	311	3104	108	869	399	759	1235	833	1296	591	443	519	1125	2308	628	1142	715	536	694	116	104	475	544	861	1245	429	627	880	911	603	3105	580	116	168	116	399	1158	882	145	2932	2357	1174	100	139	469	437	464	2480	1653	140	458	22	896	1006	537	215	1653	1687	496	626	1180	490	1044	1145	477	1603	351	1603	2004	916	180	397	721	691	1191	102	299	282	1113	151	120	587	589	598	1006	809	1171	514	392	833	485	394	614	555	307	1005	1149	223	426	560	514	285	626	521	131	178	1481	2954	471	117	139	476	986	311
358	806	381	687	466	898	430	769	2070	230	1040	748	358	517	0	361	536	1620	454	1788	511	519	383	218	1012	220	1529	677	693	565	994	620	250	460	373	943	464	408	318	126	898	1350	460	725	1040	748	212	1473	1923	306	3644	549	614	657	1384	1923	903	414	1327	471	382	1581	366	513	609	777	236	130	2338	462	453	996	364	2790	716	970	330	761	236	532	874	642	878	59	334	1471	1338	297	1275	837	1477	1037	2272	1095	254	1465	457	329	531	1656	442	475	408	749	898	333	433	2280	235	620	456	684	1336	426	693	327	732	349	339	525	1095	4223	967	4361	1366	212	1348	299	148	646	2010	354	395	520	2153	1442	454	620	778	541	785	475	678	540	807	3086	455	724	375	626	1386	664	1566	215	505	59	1339	2096	382	1362	618	556	454	453	413	246	785	748	1436	335	549	684	809	614	3073	783	543	625	452	375	1375	687	556	2793	2152	1389	488	463	175	520	339	2359	1410	540	172	529	701	898	760	732	1410	1692	590	815	1245	274	1165	879	333	1529	329	1529	2332	737	337	234	616	596	1595	458	299	240	1201	419	452	220	214	371	898	296	1372	133	776	664	221	773	112	479	414	1249	1351	592	199	491	133	237	815	541	464	346	1231	3069	213	530	463	246	801	807
102	446	199	345	449	540	181	628	1709	231	747	388	12	578	361	0	511	1915	466	1448	576	598	732	427	727	164	1173	339	650	244	653	260	547	446	17	661	457	491	227	235	540	989	446	1040	747	388	437	1148	1670	310	3300	198	286	304	1063	1670	621	292	1649	451	51	1897	13	257	330	635	135	231	1993	450	465	656	3	2476	1030	670	302	400	138	175	958	889	1095	302	370	1146	1040	299	1051	563	1153	742	1920	748	337	1139	476	299	408	1376	257	477	491	389	540	100	660	1970	135	260	450	343	979	310	650	289	751	123	288	414	748	3862	622	4015	1653	438	1014	63	218	733	2319	56	194	277	1801	1086	120	260	633	510	539	203	376	509	764	2728	472	368	191	266	1047	312	1267	172	256	302	1023	1784	51	1049	258	251	120	465	495	135	539	388	1109	149	198	342	1161	286	2716	515	526	739	465	191	1059	345	520	2458	1838	1072	493	452	197	277	115	2017	1108	507	206	599	359	540	509	751	1108	1330	317	533	891	106	1472	581	100	1173	227	1173	2045	391	447	207	255	237	1765	478	284	430	852	573	461	164	172	20	540	549	1050	489	630	312	149	624	446	149	292	951	1030	506	206	160	489	430	533	242	457	487	930	2711	163	513	451	135	460	764
409	738	313	787	71	893	356	270	1908	348	1215	753	498	130	536	511	0	1571	85	1487	135	161	674	351	651	555	1481	789	158	457	774	648	464	77	527	591	72	166	294	488	893	1224	77	808	1215	753	367	1143	1452	243	3616	526	488	586	1054	1452	559	220	1374	66	561	1599	500	343	392	278	446	508	2324	74	85	774	511	2877	1212	645	231	730	441	542	458	1175	1413	523	202	1141	1492	255	798	496	1147	1210	2007	884	726	1138	86	234	147	1228	272	63	166	758	893	411	389	2383	449	648	79	788	1296	203	158	241	240	387	236	133	884	4050	769	4321	1304	368	1057	487	463	255	2480	455	322	325	2106	1399	620	648	280	8	415	372	459	9	275	2976	85	766	321	659	1106	736	1175	561	334	523	998	2198	561	1015	612	425	620	85	163	432	415	753	1117	362	526	786	1029	488	2976	450	17	286	86	321	1031	787	22	2811	2246	1047	55	72	445	325	396	2359	1552	10	436	149	800	893	407	240	1552	1559	376	496	1051	439	1174	1055	411	1481	290	1481	1896	817	222	363	618	588	1285	86	262	328	983	259	85	555	559	531	893	832	1043	564	280	736	449	280	643	460	220	880	1021	95	400	463	564	331	496	412	72	246	1383	2825	437	12	73	432	886	275
1849	2285	1789	2259	1583	2425	1853	1761	3476	1685	2652	2273	1907	1443	1620	1915	1571	0	1546	3005	1439	1413	1260	1488	2187	1827	3041	2254	1570	1994	2345	2148	1380	1579	1932	2139	1568	1474	1719	1714	2425	2795	1579	896	2652	2273	1478	2659	2715	1631	5182	2036	2035	2123	2575	2715	2113	1725	363	1585	1956	200	1913	1883	1954	1766	1783	1730	3883	1576	1547	2345	1918	4392	1595	2200	1651	2264	1779	2038	1237	1809	1980	1672	1580	2658	2950	1638	2168	2056	2662	2649	3531	2455	1854	2657	1534	1654	1715	2620	1791	1551	1474	2276	2425	1833	1260	3885	1784	2148	1570	2257	2852	1716	1570	1663	1435	1826	1672	1700	2455	5601	2341	5890	267	1478	2602	1857	1717	1331	2170	1877	1805	1871	3672	2957	2033	2148	1770	1579	1973	1890	2026	1579	1560	4546	1539	2268	1790	2158	2653	2220	2629	1825	1873	1672	2517	3700	1956	2528	2124	1966	2033	1547	1473	1781	1973	2273	2642	1797	2036	2256	925	2035	4548	2016	1555	1288	1547	1790	2545	2259	1582	4361	3753	2561	1542	1575	1728	1871	1826	3913	3019	1581	1718	1423	2274	2425	1971	1435	3019	3130	1936	2061	2622	1808	458	2488	1833	3041	1726	3041	3200	2303	1490	1709	2127	2099	800	1533	1654	1485	2551	1368	1551	1827	1823	1933	2425	1725	2567	1495	1773	2220	1772	1778	1614	1956	1725	2387	2546	1656	1710	1965	1495	1485	2061	1949	1568	1445	2840	4348	1756	1559	1576	1781	2373	1560
368	743	278	767	38	893	332	350	1944	279	1192	746	454	115	454	466	85	1546	0	1543	116	142	596	266	709	489	1496	766	239	454	808	633	382	33	483	646	23	91	240	414	893	1249	33	753	1192	746	282	1201	1532	173	3636	512	492	585	1111	1532	612	191	1334	41	517	1564	457	341	407	358	384	434	2339	30	0	808	467	2877	1127	696	168	729	379	523	492	1091	1330	444	123	1200	1475	185	878	546	1205	1187	2059	919	653	1196	12	171	175	1302	254	21	91	751	893	365	327	2379	388	633	23	766	1308	178	239	180	296	344	179	161	919	4092	799	4343	1279	283	1108	434	391	269	2397	411	291	326	2125	1413	581	633	360	91	468	358	480	91	353	3007	7	753	284	644	1156	717	1244	495	330	444	1057	2193	517	1075	600	424	581	0	89	371	468	746	1173	317	512	764	963	492	3005	496	89	284	1	284	1091	767	106	2822	2243	1107	34	30	375	326	351	2371	1537	91	365	137	780	893	456	296	1537	1588	389	541	1086	383	1137	1029	365	1496	239	1496	1972	800	138	297	606	576	1306	13	195	243	1021	196	4	489	493	486	893	750	1101	479	359	717	385	358	560	439	191	943	1079	167	330	444	479	246	541	408	23	166	1365	2876	371	76	30	372	871	353
1429	1027	1419	1246	1505	1030	1362	1253	628	1575	1321	1123	1446	1615	1788	1448	1487	3005	1543	0	1622	1646	2101	1740	836	1612	794	1262	1445	1222	795	1219	1882	1511	1442	897	1520	1633	1494	1665	1030	626	1511	2295	1321	1123	1757	347	781	1554	2391	1249	1174	1144	434	781	931	1427	2852	1501	1449	3063	1439	1286	1189	1247	1553	1668	1302	1513	1543	792	1445	1996	2477	848	1525	1085	1553	1274	1770	2316	2493	1735	1577	348	1325	1555	880	997	343	1315	525	702	1768	350	1553	1524	1370	538	1374	1530	1633	1125	1030	1455	1871	1656	1555	1219	1521	1252	821	1425	1445	1519	1573	1439	1506	1383	702	2602	825	3041	2745	1758	441	1502	1640	1692	3761	1439	1403	1285	1061	807	1406	1219	1243	1478	1074	1316	1115	1478	1445	1644	1549	1170	1424	1218	401	1228	426	1620	1296	1735	491	1523	1449	478	1201	1232	1406	1543	1632	1542	1074	1123	370	1456	1249	1250	2501	1174	1668	1049	1499	1741	1543	1424	461	1246	1470	1768	1532	444	1532	1513	1612	1285	1449	1362	1312	1477	1615	1632	1240	1030	1087	1573	1312	558	1210	1006	584	1515	2648	1319	1455	794	1483	794	809	1204	1656	1562	1207	1217	2494	1553	1543	1726	601	1740	1540	1612	1620	1446	1030	1993	444	1897	1241	1228	1568	1237	1887	1310	1427	618	466	1392	1592	1299	1897	1729	1006	1248	1520	1697	1293	1344	1575	1500	1513	1542	1185	1445
481	857	393	883	147	1008	448	389	2043	373	1307	862	564	8	511	576	135	1439	116	1622	0	26	572	299	785	583	1606	882	226	569	908	750	379	145	594	726	133	103	349	495	1008	1355	145	674	1307	862	310	1277	1560	271	3745	628	605	700	1188	1560	695	308	1239	148	627	1464	568	455	516	396	484	517	2450	142	116	908	578	2992	1139	781	274	844	479	639	387	1130	1371	513	213	1276	1591	283	910	632	1281	1302	2142	1018	733	1273	104	277	275	1349	371	114	103	867	1008	476	264	2495	487	750	137	882	1420	295	226	287	221	457	288	260	1018	4186	902	4451	1172	311	1193	539	476	157	2389	523	406	440	2234	1524	693	750	400	144	551	474	587	144	319	3109	109	870	398	760	1242	834	1303	587	445	513	1132	2309	627	1149	717	539	693	116	98	472	551	862	1251	428	628	880	903	605	3109	586	123	167	117	398	1165	883	152	2935	2359	1181	103	140	465	440	462	2483	1654	146	454	22	896	1008	543	221	1654	1692	499	631	1185	487	1039	1145	476	1606	349	1606	2012	917	173	394	722	692	1191	102	296	275	1118	142	121	583	585	597	1008	802	1178	506	400	834	482	402	607	555	308	1012	1156	229	422	561	506	278	631	523	133	171	1481	2961	467	123	141	473	987	319
504	884	417	908	174	1034	473	408	2069	392	1332	888	587	31	519	598	161	1413	142	1646	26	0	562	305	809	601	1633	907	239	596	934	775	375	172	616	751	159	117	371	510	1034	1382	171	652	1332	888	315	1300	1575	291	3772	654	632	726	1211	1575	719	333	1213	175	649	1438	590	482	543	415	503	531	2477	168	142	934	600	3019	1136	806	296	871	498	665	368	1133	1374	525	232	1299	1616	303	926	657	1304	1327	2166	1045	747	1296	129	299	302	1368	397	140	117	893	1034	499	248	2521	506	775	163	907	1446	320	239	309	217	480	311	287	1045	4211	928	4478	1145	315	1218	560	492	136	2380	545	431	466	2261	1551	716	775	419	169	575	500	614	169	325	3135	135	895	423	786	1266	859	1324	604	471	525	1155	2335	649	1172	743	565	716	142	112	492	575	888	1275	451	654	905	885	632	3136	611	147	142	142	423	1188	908	176	2962	2385	1204	130	167	482	466	485	2510	1679	171	471	15	921	1034	568	217	1679	1718	526	657	1212	508	1013	1169	499	1633	372	1633	2029	942	184	413	748	718	1168	128	317	281	1144	133	147	601	603	619	1034	808	1201	508	420	859	501	421	613	581	333	1035	1179	253	440	586	508	284	657	550	159	175	1506	2985	486	148	167	492	1013	325
703	1167	688	1069	628	1273	750	944	2430	537	1421	1120	728	581	383	732	674	1260	596	2101	572	562	0	361	1284	603	1906	1060	799	899	1322	991	220	621	746	1218	617	508	611	501	1273	1712	621	368	1421	1120	344	1770	2127	546	4027	904	948	1009	1680	2127	1180	674	950	633	761	1205	735	818	913	952	598	510	2720	620	596	1324	735	3172	604	1258	576	1128	596	892	803	681	914	442	529	1768	1718	545	1473	1112	1774	1418	2603	1430	596	1763	590	577	749	1897	727	615	508	1122	1273	680	329	2661	597	991	613	1065	1712	678	799	581	765	686	595	737	1430	4587	1302	4743	1017	343	1660	669	514	630	1817	712	705	817	2532	1818	835	991	955	683	1043	796	989	683	887	3460	592	1100	684	998	1703	1042	1832	599	807	442	1628	2478	761	1649	982	882	835	596	511	602	1043	1120	1737	663	904	1065	428	948	3449	1058	671	583	595	684	1664	1069	696	3177	2535	1679	619	621	535	817	680	2742	1791	683	527	578	1082	1273	1024	765	1791	2056	893	1098	1588	632	801	1261	680	1906	621	1906	2568	1118	462	555	981	958	1360	590	558	376	1536	430	597	603	598	745	1273	477	1668	250	955	1042	584	954	356	827	674	1523	1646	763	537	838	250	373	1098	864	617	429	1612	3410	571	663	621	602	1184	887
369	830	334	772	290	952	399	611	2084	200	1168	797	419	306	218	427	351	1488	266	1740	299	305	361	0	924	356	1582	766	501	549	965	669	142	283	444	857	283	200	256	246	952	1369	283	617	1168	797	17	1408	1790	185	3719	568	597	668	1318	1790	819	313	1226	296	468	1472	425	460	553	619	295	266	2412	284	266	966	430	2904	860	897	215	797	291	562	655	832	1073	236	172	1407	1464	185	1136	751	1413	1164	2244	1074	462	1402	265	216	394	1546	367	288	200	800	952	349	241	2397	296	669	277	770	1389	317	501	221	521	348	234	384	1074	4241	946	4432	1226	18	1299	369	240	428	2135	391	351	457	2213	1496	545	669	621	358	684	443	629	358	609	3126	266	787	332	678	1342	735	1475	357	449	236	1268	2211	468	1289	652	528	545	266	205	292	684	797	1376	321	568	769	771	597	3119	697	354	406	265	332	1303	772	373	2882	2265	1318	298	285	245	457	345	2439	1532	358	233	315	786	952	664	521	1532	1714	533	737	1235	320	1046	1003	349	1582	266	1582	2221	816	131	223	653	627	1393	266	199	24	1180	201	266	356	355	444	952	503	1307	213	620	735	285	618	308	487	313	1163	1285	427	222	498	213	21	737	511	283	129	1354	3053	269	342	285	293	886	609
671	481	630	704	671	616	586	426	1298	785	1033	580	720	778	1012	727	651	2187	709	836	785	809	1284	924	0	880	989	717	617	483	271	593	1064	678	729	68	685	799	697	900	616	692	678	1458	1033	580	942	492	946	742	3056	549	446	478	403	946	108	614	2018	667	750	2234	714	500	406	421	794	909	1805	680	708	268	724	2426	1727	76	712	529	792	582	968	1612	1822	967	755	491	1223	745	381	175	496	1026	1357	340	1064	488	718	712	539	650	572	695	799	585	616	696	1036	1970	797	593	687	709	841	608	617	709	753	673	695	552	340	3414	303	3747	1923	943	414	765	872	861	3022	697	617	491	1569	924	739	593	417	642	241	545	350	641	638	2374	714	628	637	599	465	656	554	889	508	967	348	1793	750	366	553	477	739	709	798	780	241	580	466	680	549	706	1671	446	2382	229	662	909	709	637	382	704	633	2302	1829	398	697	679	844	491	685	1849	1259	640	843	795	708	616	260	753	1259	984	424	197	482	759	1815	927	696	989	686	989	1323	691	828	777	563	553	1758	718	735	907	403	905	706	880	889	734	616	1264	392	1103	414	656	808	409	1121	577	614	239	370	556	813	567	1103	911	197	488	685	867	1132	2177	810	663	679	781	724	638
213	604	286	468	485	683	303	728	1862	210	826	536	166	587	220	164	555	1827	489	1612	583	601	603	356	880	0	1311	458	709	402	817	412	446	480	170	813	489	484	265	112	683	1143	480	937	826	536	361	1311	1818	316	3424	362	447	468	1226	1818	773	362	1542	489	170	1795	173	390	476	735	111	97	2117	483	489	820	167	2574	866	827	324	555	115	338	969	731	945	161	371	1309	1124	304	1188	712	1316	823	2082	911	190	1303	498	321	490	1531	355	507	484	537	683	191	597	2064	107	412	481	464	1119	379	709	313	786	218	319	491	911	4011	786	4141	1569	361	1178	115	116	737	2156	183	291	405	1933	1224	236	412	735	556	678	339	531	556	826	2869	494	508	277	417	1211	447	1426	9	385	161	1185	1880	170	1210	417	404	236	489	489	126	678	536	1272	224	362	464	1030	447	2855	661	568	731	488	277	1221	468	570	2573	1936	1234	522	485	119	405	205	2139	1195	555	130	605	481	683	649	786	1195	1482	460	684	1052	132	1375	663	191	1311	272	1311	2202	518	423	192	414	398	1744	499	294	368	1016	540	486	0	8	166	683	386	1213	353	732	447	106	727	288	308	362	1109	1193	578	160	320	353	367	684	392	489	453	1016	2870	118	554	485	126	582	826
1213	757	1258	845	1460	633	1192	1358	615	1383	668	786	1178	1603	1529	1173	1481	3041	1496	794	1606	1633	1906	1582	989	1311	0	856	1523	1048	742	916	1714	1463	1159	1003	1475	1567	1332	1406	633	301	1464	2199	668	786	1596	814	1507	1418	2141	1015	1006	920	818	1507	1010	1317	2805	1459	1146	3047	1171	1157	1090	1357	1308	1399	843	1467	1495	744	1170	1437	2098	937	1395	785	1310	1020	1899	1881	2001	1469	1465	813	561	1413	1285	1044	815	665	994	650	1399	804	1508	1392	1333	1192	1251	1493	1567	784	633	1234	1789	989	1308	916	1472	849	193	1325	1523	1384	1667	1233	1374	1348	650	2711	730	2852	2774	1596	711	1236	1391	1734	3305	1196	1241	1170	631	87	1075	916	1352	1474	1121	1153	1021	1473	1583	1557	1503	805	1258	908	675	864	1027	1318	1168	1469	849	820	1146	867	930	1076	1075	1495	1568	1304	1121	786	782	1261	1015	848	2334	1006	1544	1068	1497	1767	1495	1258	857	845	1473	1333	850	850	1503	1468	1370	1170	1237	879	532	1471	1378	1625	832	633	1112	1667	532	278	1107	1026	515	1274	2618	750	1234	0	1324	0	1604	794	1555	1362	929	955	2721	1509	1396	1579	594	1673	1491	1311	1318	1160	633	1628	813	1661	1348	864	1322	1341	1596	1095	1317	941	818	1406	1373	1086	1661	1580	1026	1092	1475	1600	563	1657	1335	1491	1467	1304	735	1583
410	255	489	15	740	246	434	812	1425	568	426	148	347	882	677	339	789	2254	766	1262	882	907	1060	766	717	458	856	0	898	350	525	151	884	740	322	668	752	810	545	559	246	717	740	1378	426	148	776	1015	1639	634	2967	267	344	259	943	1639	638	575	1987	741	301	2236	340	453	453	816	473	549	1660	744	765	528	336	2138	1261	643	619	197	476	247	1247	1069	1232	618	691	1013	710	625	1094	608	1019	421	1688	580	548	1004	778	616	654	1317	516	773	810	144	246	423	996	1632	472	151	746	10	665	590	898	606	1023	434	601	665	580	3564	483	3683	1991	777	864	398	548	1034	2516	378	475	474	1476	769	225	151	813	785	632	416	437	784	999	2414	773	97	484	141	883	64	1179	463	460	618	918	1446	301	946	196	382	225	765	813	474	632	148	971	464	267	12	1487	344	2399	583	806	1050	765	484	952	15	791	2121	1499	961	787	745	532	474	432	1683	775	783	541	904	24	246	603	1023	775	1044	456	573	678	445	1811	267	423	856	541	856	1951	64	775	544	187	213	2072	780	609	768	667	902	761	458	464	322	246	780	930	811	809	64	485	801	740	329	575	888	914	752	545	325	811	769	573	390	752	818	600	2452	500	795	745	473	123	999
547	808	450	895	229	970	481	192	1908	505	1321	841	638	218	693	650	158	1570	239	1445	226	239	799	501	617	709	1523	898	0	552	791	751	601	235	665	568	230	304	444	646	970	1251	235	877	1321	841	516	1098	1336	401	3644	631	572	671	1011	1336	544	358	1407	225	700	1618	638	445	464	197	599	666	2365	233	240	791	650	2941	1358	631	387	811	594	652	375	1331	1570	682	361	1097	1587	413	689	492	1102	1315	1970	898	883	1095	237	390	247	1136	397	218	304	847	970	553	487	2455	602	751	238	896	1346	340	0	397	143	527	390	238	898	4032	796	4343	1306	516	1031	633	621	246	2615	594	456	424	2139	1446	751	751	202	155	409	486	516	155	117	2982	238	862	459	762	1082	841	1102	715	438	682	954	2270	700	967	710	519	751	240	299	584	409	841	1077	506	631	894	1119	572	2987	458	150	298	241	459	984	895	140	2857	2316	1000	206	231	602	424	537	2403	1643	156	593	223	907	970	413	143	1643	1574	454	502	1062	588	1203	1166	553	1523	439	1523	1793	919	369	519	718	689	1205	236	419	477	988	369	241	709	714	669	970	990	1002	714	204	841	603	208	800	576	358	827	980	147	556	576	714	481	502	509	230	384	1480	2789	591	163	232	585	985	117
206	291	215	345	422	438	150	464	1535	361	769	295	238	567	565	244	457	1994	454	1222	569	596	899	549	483	402	1048	350	552	0	429	200	689	423	245	417	436	519	292	442	438	821	424	1158	769	295	564	911	1428	373	3190	88	49	130	825	1428	379	269	1760	421	267	1999	232	114	108	468	331	446	1888	427	454	431	242	2423	1264	425	348	274	330	119	911	1132	1340	512	417	910	1037	369	819	324	916	763	1710	533	582	903	467	345	314	1132	203	455	519	300	438	232	741	1927	333	200	432	347	858	278	552	337	682	217	327	326	533	3691	404	3900	1727	565	783	287	417	712	2557	220	198	132	1680	963	269	200	465	452	314	106	133	452	649	2580	461	311	217	210	820	290	1023	411	124	512	782	1741	267	807	158	32	269	454	521	319	314	295	873	237	88	344	1319	49	2575	280	475	736	454	217	819	345	456	2369	1789	832	467	428	389	132	226	1920	1096	450	392	589	357	438	283	682	1096	1165	107	292	689	293	1570	617	232	1048	283	1048	1800	367	507	345	166	138	1742	468	353	541	639	625	449	402	411	250	438	789	812	678	461	290	346	454	666	94	269	707	792	408	371	84	678	543	292	46	436	552	929	2512	352	466	428	320	433	649
635	269	634	509	770	365	573	618	1136	788	778	376	651	903	994	653	774	2345	808	795	908	934	1322	965	271	817	742	525	791	429	0	441	1107	774	648	266	785	891	711	870	365	459	775	1554	778	376	981	502	1119	781	2852	454	380	351	423	1119	268	658	2142	767	658	2372	644	505	413	616	758	873	1577	778	808	3	650	2176	1683	204	753	328	758	481	1164	1532	1721	940	813	500	954	780	638	303	507	771	1281	111	979	492	819	751	634	793	599	800	891	381	365	661	1128	1710	760	441	784	515	580	660	791	745	934	647	732	648	111	3285	42	3553	2077	982	361	707	845	1017	2971	644	618	508	1348	671	621	441	611	766	383	527	336	765	842	2201	814	428	638	442	394	474	654	826	516	940	394	1531	658	422	415	442	621	808	891	748	383	376	460	665	454	512	1736	380	2203	333	789	1056	808	638	429	509	762	2071	1569	438	807	778	818	508	656	1617	988	764	822	923	509	365	378	934	988	786	433	288	278	721	1945	690	661	742	701	742	1429	482	899	773	422	427	1979	820	766	954	215	1001	804	817	826	652	365	1201	410	1107	607	474	774	601	1092	515	658	370	393	689	800	503	1107	956	288	459	785	943	865	2088	781	786	778	748	497	842
300	194	363	145	605	283	302	661	1450	469	569	129	263	749	620	260	648	2148	633	1219	750	775	991	669	593	412	916	151	751	200	441	0	799	605	247	538	618	686	429	495	283	730	605	1287	569	129	682	943	1531	518	3049	122	193	116	864	1531	505	441	1895	605	242	2141	256	307	301	665	392	490	1743	609	633	444	256	2250	1265	522	499	142	395	111	1106	1097	1281	562	571	941	843	510	961	468	947	564	1674	519	549	933	646	496	509	1217	379	638	686	131	283	319	888	1748	393	0	612	147	722	455	751	487	879	322	479	521	519	3602	402	3763	1883	683	798	322	477	898	2542	280	347	328	1545	829	187	0	662	644	485	276	289	643	850	2468	640	121	360	10	825	89	1089	420	315	562	832	1562	242	859	45	232	187	633	688	388	485	129	901	352	122	144	1419	193	2458	438	666	918	633	360	867	145	649	2214	1613	878	651	610	456	328	324	1769	904	642	463	771	156	283	455	879	904	1071	305	433	646	358	1713	416	319	916	423	916	1867	169	659	447	36	62	1934	647	494	668	618	784	628	412	420	250	283	779	851	749	658	89	407	650	701	195	441	785	833	606	457	189	749	669	433	242	618	704	734	2458	420	655	610	388	238	850
502	966	474	892	413	1082	539	732	2224	332	1272	928	540	387	250	547	464	1380	382	1882	379	375	220	142	1064	446	1714	884	601	689	1107	799	0	406	563	997	402	299	397	334	1082	1508	405	493	1272	928	125	1550	1915	327	3847	702	737	805	1459	1915	959	455	1102	418	583	1352	547	602	696	740	411	349	2540	405	382	1109	550	3017	760	1038	357	930	408	694	680	770	1012	295	309	1548	1570	327	1260	891	1554	1269	2386	1216	503	1543	378	358	529	1679	509	403	299	930	1082	480	200	2508	412	799	398	889	1521	458	601	363	591	482	376	518	1216	4380	1088	4561	1123	125	1441	486	338	473	2016	518	492	600	2344	1627	660	799	743	472	823	583	772	472	699	3262	380	913	472	807	1484	859	1612	444	591	295	1408	2323	583	1429	785	669	660	382	303	412	823	928	1517	457	702	888	630	737	3254	838	463	436	381	472	1444	892	487	3005	2378	1459	409	406	352	600	478	2565	1640	472	342	390	906	1082	804	591	1640	1852	675	878	1376	442	930	1108	480	1714	407	1714	2352	938	245	352	785	760	1354	379	341	156	1322	245	384	446	443	563	1082	476	1448	160	742	859	399	741	292	623	455	1303	1426	549	342	634	160	153	878	652	402	219	1461	3196	384	454	406	412	1007	699
347	712	254	740	7	862	305	328	1911	272	1166	716	434	144	460	446	77	1579	33	1511	145	172	621	283	678	480	1463	740	235	423	774	605	406	0	463	614	12	121	223	411	862	1216	0	786	1166	716	300	1170	1509	166	3603	483	460	554	1080	1509	580	164	1367	12	497	1598	436	309	374	336	373	431	2306	3	33	775	447	2846	1143	664	156	698	368	495	513	1100	1338	446	126	1168	1448	179	855	514	1174	1161	2027	886	649	1165	45	159	142	1275	225	32	121	721	862	346	360	2350	376	605	9	740	1275	150	235	167	308	324	163	128	886	4059	766	4310	1312	300	1076	418	387	294	2418	391	266	294	2092	1380	559	605	338	81	437	329	447	80	352	2973	40	725	260	615	1123	690	1215	486	299	446	1026	2163	497	1044	571	393	559	33	120	359	437	716	1141	297	483	738	993	460	2972	464	87	313	33	260	1060	740	96	2790	2213	1076	47	5	369	294	331	2339	1510	79	360	166	753	862	424	308	1510	1555	356	508	1052	368	1170	1004	346	1463	221	1463	1947	773	160	288	577	547	1332	46	186	261	987	229	29	480	484	467	862	756	1069	494	337	690	374	336	568	412	164	912	1047	144	323	416	494	264	508	377	12	193	1338	2843	362	73	5	359	843	352
118	436	215	328	466	526	193	640	1697	249	729	375	29	595	373	17	527	1932	483	1442	594	616	746	444	729	170	1159	322	665	245	648	247	563	463	0	663	475	509	244	247	526	977	463	1056	729	375	454	1145	1673	328	3284	194	285	298	1060	1673	624	308	1665	468	34	1914	27	266	335	646	151	242	1977	467	482	651	16	2459	1035	670	320	389	154	168	976	890	1094	314	387	1143	1022	317	1057	567	1149	725	1912	741	337	1136	494	316	423	1378	271	495	509	376	526	117	677	1953	151	247	468	326	965	326	665	307	768	139	305	428	741	3850	616	4000	1670	455	1009	77	231	750	2323	72	209	286	1786	1072	103	247	645	526	546	212	378	525	779	2714	489	353	207	253	1042	297	1267	178	266	314	1021	1767	34	1047	248	254	103	482	512	151	546	375	1105	166	194	325	1175	285	2703	520	543	757	482	207	1057	328	536	2442	1821	1070	510	469	212	286	132	2002	1090	524	221	616	343	526	515	768	1090	1319	323	537	882	124	1489	564	117	1159	244	1159	2045	375	465	224	245	228	1783	495	302	447	845	591	478	170	178	5	526	553	1047	502	642	297	164	635	455	152	308	951	1028	521	222	162	502	448	537	246	475	505	912	2702	179	530	468	151	444	779
603	442	561	656	609	586	518	380	1340	716	1002	535	654	720	943	661	591	2139	646	897	726	751	1218	857	68	813	1003	668	568	417	266	538	997	614	663	0	623	736	629	832	586	711	615	1398	1002	535	875	555	1010	674	3089	487	382	422	465	1010	40	546	1963	604	685	2181	648	432	338	376	726	841	1828	617	646	264	658	2439	1658	66	644	485	724	520	927	1544	1756	898	688	554	1205	677	425	107	559	995	1415	353	997	550	656	644	474	718	504	633	736	541	586	628	974	1976	729	538	624	660	846	541	568	641	707	605	627	488	353	3466	291	3783	1873	875	467	697	804	809	2954	630	549	423	1595	934	677	538	372	582	177	477	284	582	599	2415	652	582	568	544	517	605	623	822	439	898	412	1797	685	431	497	410	677	646	735	712	177	535	527	612	487	657	1607	382	2422	161	603	855	646	568	446	656	574	2324	1836	462	635	616	775	423	616	1871	1244	581	775	737	660	586	193	707	1244	1016	356	129	507	691	1760	888	628	1003	618	1003	1391	646	763	709	506	495	1728	656	667	841	429	843	643	813	822	668	586	1196	454	1035	369	605	740	363	1053	511	546	307	432	497	744	501	1035	844	129	421	623	803	1111	2234	741	604	616	712	684	599
