NAME : VRPTW_INSTANCE_10.txt
COMMENT : Bangkok Supermarket
TYPE : VRPTW
DIMENSION : 199
DAYS : Tuesday
EDGE_WEIGHT_TYPE : EXPLICIT
VEHICLES : 30
EDGE_WEIGHT_FORMAT : FULL_MATRIX
CAPACITY : 1000
EDGE_WEIGHT_SECTION
0	204	1120	1085	620	201	539	217	215	203	79	174	215	586	109	202	540	1095	152	978	782	371	152	419	807	523	1155	1642	118	1321	147	222	182	212	376	993	153	546	281	109	606	367	350	850	815	402	410	581	211	280	812	1577	215	1974	199	218	1213	225	374	534	3085	402	835	410	281	246	444	243	314	284	990	208	426	90	437	965	1127	479	310	394	198	410	978	348	454	254	170	1421	334	246	437	208	521	1229	2358	246	1005	534	428	494	1943	584	439	212	1014	593	106	1606	891	737	447	1001	358	312	1606	1003	382	404	437	1821	1606	1065	428	447	867	204	264	394	1135	310	207	1382	309	1098	1697	1534	1022	30	1115	1714	189	210	432	1109	436	2073	358	333	69	317	359	534	140	135	739	309	3419	390	203	391	502	1932	196	1321	517	667	1213	1927	258	680	891	400	1067	255	51	371	404	529	328	204	439	890	119	867	397	634	1697	383	915	225	830	1777	525	1310	531	428	1221	584	126
204	0	1323	1274	440	378	449	321	36	100	278	243	11	626	193	191	447	1171	347	1047	978	570	347	613	1012	440	1161	1766	314	1340	58	425	242	414	355	1175	54	457	79	193	427	173	164	1052	977	227	206	611	98	429	624	1772	108	1769	318	98	1389	21	177	720	3281	252	1007	239	79	346	474	46	187	470	1080	101	253	285	298	1059	1322	277	354	204	31	206	1047	163	654	353	115	1254	186	348	296	101	441	1235	2331	293	1069	450	606	293	1782	605	492	414	1079	726	136	1597	922	857	474	873	166	194	1597	1076	362	199	474	2021	1597	873	606	314	879	105	335	190	963	189	3	1584	393	1302	1827	1581	1090	175	1249	1684	366	6	290	1183	297	2259	330	510	214	312	561	446	213	145	895	502	3551	592	97	187	302	1727	378	1340	437	602	1389	1986	441	884	922	196	1146	387	227	570	199	443	141	314	305	1091	205	1039	599	526	1759	255	1102	34	1035	1868	725	1347	445	606	1262	436	326
1120	1323	0	601	1685	962	1460	1134	1335	1291	1054	1143	1334	1178	1177	1264	1466	1201	999	1183	383	755	999	722	325	1438	1550	1222	1025	1604	1268	910	1151	923	1345	427	1274	1464	1402	1177	1668	1472	1448	273	644	1484	1529	1209	1299	1026	1881	516	1298	3092	1065	1307	528	1344	1481	655	1988	1497	554	1486	1402	1136	1184	1363	1369	870	1087	1295	1501	1052	1469	1059	232	1589	1229	1491	1319	1529	1183	1445	672	1136	1274	2482	1436	1134	1471	1295	1431	1599	2897	1155	1222	1446	770	1602	2973	1230	1133	923	1219	856	1198	1935	1307	895	1191	1998	1460	1360	1935	1173	1347	1522	1167	715	1935	2132	770	1467	1539	1288	1117	1514	2214	1362	1327	422	1081	41	1218	1614	1209	1150	863	2338	973	1330	1468	1213	1468	1065	1346	917	1133	1298	761	1453	1183	1207	698	830	2723	731	1293	1511	1610	3049	957	1604	1429	1598	528	1846	900	464	1307	1519	1173	1008	1110	755	1523	1446	1429	1127	1461	418	1174	546	724	1559	1652	1464	398	1346	306	1540	602	1509	1448	770	1439	1596	1010
1085	1274	601	0	1706	1022	1578	982	1270	1288	1006	1193	1285	1416	1085	1137	1581	1636	933	1580	735	837	933	850	508	1557	1915	1798	967	2014	1217	871	1203	878	1134	945	1220	1583	1341	1085	1692	1447	1433	611	1061	1488	1469	1437	1296	860	1897	1058	1300	2985	1138	1304	1108	1294	1452	879	2377	1353	985	1496	1341	968	1355	1300	1395	956	1510	1293	1511	996	1516	1478	820	1549	1029	1476	1257	1469	1580	1431	786	965	1183	2211	1311	966	1517	1293	1552	1977	2341	1238	1620	1567	946	1566	2650	1454	1315	878	1621	1147	1189	2347	1640	1252	1362	1700	1439	1391	2347	1581	1133	1462	1340	1161	2347	2148	946	1523	1122	1288	1217	1448	1980	1390	1277	456	1209	560	1804	2091	1616	1109	1370	1824	1027	1280	1512	1650	1515	1599	1146	766	1060	1109	818	1571	1074	1212	1073	911	3315	792	1289	1446	1575	2945	1010	2014	1550	1305	1108	2376	979	520	1640	1457	1604	1113	1050	837	1460	1565	1410	982	1515	276	1076	994	795	1680	2165	1309	874	1283	492	2095	749	1941	1567	946	1859	1661	958
620	440	1685	1706	0	727	314	760	454	418	700	543	431	680	633	615	305	1198	773	1074	1312	938	773	963	1394	329	1039	1866	738	1229	494	839	535	830	733	1455	492	316	391	633	16	269	276	1411	1214	218	293	648	410	869	197	2085	407	1438	620	402	1640	422	267	1037	3582	509	1271	210	391	783	571	427	319	817	1147	413	194	710	217	1138	1640	208	773	236	464	293	1074	277	1018	789	548	1188	496	785	215	413	337	1105	2572	530	1080	329	918	191	1715	630	618	830	1092	933	518	1411	887	1016	566	980	273	327	1411	1109	739	298	584	2351	1411	450	918	223	1226	418	571	316	908	326	438	1987	616	1670	1939	1513	1108	597	1400	1934	718	435	217	1207	218	2526	708	946	650	711	940	319	653	498	1128	859	3635	971	417	317	185	1395	734	1229	336	878	1640	1926	787	1279	887	306	1182	677	656	938	304	323	299	754	227	1505	645	1300	974	288	1714	550	1398	442	1418	1884	1085	1275	323	918	1204	140	747
201	378	962	1022	727	0	556	367	399	329	185	184	388	468	303	401	560	928	206	817	603	210	206	241	667	535	1040	1447	194	1193	330	186	193	190	564	798	337	562	456	303	711	511	486	689	614	521	576	475	338	367	924	1396	336	2132	117	346	1015	397	521	341	2905	601	635	524	456	392	357	423	409	93	815	333	539	196	517	789	946	628	479	529	382	576	817	483	291	399	370	1620	532	392	518	333	530	1112	2520	217	848	545	230	641	2143	485	331	190	856	400	243	1495	763	549	364	1201	498	400	1495	839	570	569	345	1649	1495	1178	230	519	1020	327	196	564	1332	401	381	1262	201	945	1500	1381	862	228	918	1881	12	384	514	942	516	1881	549	358	254	504	214	549	328	246	538	132	3220	245	331	561	648	2089	13	1193	527	859	1015	1764	63	555	763	568	898	105	225	210	571	543	468	353	512	792	309	667	247	658	1533	584	723	406	691	1596	360	1166	545	230	1077	655	181
539	449	1460	1578	314	556	0	740	482	366	610	389	447	370	605	637	8	885	680	760	1078	753	680	761	1197	22	762	1552	647	950	478	717	380	713	804	1184	481	7	454	605	301	360	337	1192	933	286	446	337	363	819	473	1821	353	1730	439	358	1355	444	368	805	3304	646	998	271	454	768	285	469	262	628	833	362	271	624	179	823	1385	406	798	335	481	446	760	333	823	776	560	1486	601	769	182	362	29	832	2758	339	768	16	693	400	2017	317	336	713	779	651	438	1172	579	716	278	1220	350	255	1172	795	811	445	301	2094	1172	700	693	159	1328	362	363	458	1199	260	450	1800	384	1451	1625	1222	795	530	1092	2112	550	449	188	894	180	2239	779	865	596	762	765	6	635	406	847	674	3322	795	367	457	401	1687	567	950	30	1028	1355	1635	603	1101	579	452	868	472	589	753	452	13	349	729	164	1345	619	1025	794	102	1417	671	1137	473	1222	1575	883	983	11	693	907	176	649
217	321	1134	982	760	367	740	0	305	377	184	392	329	800	135	155	739	1293	174	1180	844	452	174	513	809	725	1371	1805	175	1536	273	255	399	241	221	1088	272	747	372	135	748	490	485	880	950	549	494	797	382	122	937	1623	390	2012	408	388	1316	338	493	642	3121	378	952	561	372	29	660	333	491	418	1182	382	574	171	612	1156	1184	579	115	523	296	494	1180	485	522	36	212	1351	330	29	611	382	725	1445	2154	464	1210	737	560	597	1854	800	654	241	1217	766	304	1823	1105	916	664	886	486	493	1823	1203	225	487	653	1848	1823	1182	560	625	657	380	480	472	1079	490	322	1333	520	1105	1855	1741	1224	215	1274	1514	358	326	604	1307	611	2143	216	227	149	167	426	735	108	336	883	422	3568	447	377	470	606	1971	357	1536	721	510	1316	2129	403	670	1105	481	1264	452	167	452	484	730	462	14	617	833	121	983	458	828	1898	338	1002	318	829	1963	585	1520	733	560	1431	755	189
215	36	1335	1270	454	399	482	305	0	136	284	274	35	662	184	165	479	1206	349	1083	995	585	349	631	1021	473	1197	1798	317	1377	69	432	274	420	322	1198	62	489	71	184	442	185	182	1065	1003	247	201	647	134	418	633	1790	144	1760	346	134	1413	38	187	740	3299	218	1032	260	71	328	510	29	219	489	1114	138	273	289	325	1093	1340	279	328	218	16	201	1083	182	669	335	93	1226	152	330	324	138	475	1271	2295	327	1104	483	629	296	1754	642	527	420	1114	756	163	1633	959	889	510	840	181	227	1633	1111	329	194	510	2036	1633	880	629	343	846	141	368	182	936	222	33	1588	426	1313	1859	1617	1125	184	1280	1648	387	34	317	1219	324	2280	297	504	213	281	575	479	200	176	922	520	3582	605	133	180	305	1718	398	1377	471	565	1413	2022	461	891	959	189	1181	416	230	585	193	476	159	300	334	1093	194	1064	612	555	1794	220	1123	12	1044	1902	740	1384	478	629	1298	460	331
203	100	1291	1288	418	329	366	377	136	0	282	164	103	527	242	272	364	1073	356	949	933	535	356	571	988	353	1062	1676	321	1241	112	420	160	412	447	1114	116	373	154	242	404	182	157	1017	904	201	252	511	8	469	612	1723	13	1802	246	16	1322	106	191	666	3231	348	941	208	154	405	374	140	114	423	984	5	223	293	237	964	1273	299	432	201	128	252	949	154	618	412	196	1334	285	406	237	5	354	1136	2430	202	970	364	548	311	1865	505	394	412	980	644	99	1500	822	769	375	969	169	115	1500	978	454	246	376	1978	1500	866	548	249	971	5	246	243	1042	112	102	1574	304	1272	1739	1481	991	182	1163	1783	318	102	231	1085	236	2199	423	534	243	400	532	362	270	83	820	461	3461	564	2	241	319	1759	333	1241	350	701	1322	1886	393	867	822	246	1048	315	243	535	249	358	138	368	241	1087	255	972	568	451	1659	355	1045	133	1011	1771	688	1247	360	548	1162	383	329
79	278	1054	1006	700	185	610	184	284	282	0	230	289	621	130	228	611	1109	73	996	727	316	73	370	738	593	1195	1631	38	1356	220	148	239	136	380	950	225	617	353	130	685	445	429	787	788	481	483	621	290	216	891	1520	294	2044	229	298	1173	299	451	493	3027	450	799	490	353	211	488	313	392	250	999	287	505	14	515	973	1072	555	294	472	268	483	996	426	397	217	221	1465	385	210	515	287	590	1268	2338	298	1025	604	396	570	1982	626	476	136	1033	586	184	1648	925	735	492	1028	436	390	1648	1018	385	476	479	1760	1648	1144	396	524	841	283	306	465	1183	388	281	1306	341	1031	1683	1557	1040	104	1101	1698	176	284	510	1123	514	2023	366	256	81	320	299	605	149	211	715	265	3401	328	283	463	579	2002	176	1356	587	675	1173	1945	229	607	925	472	1080	268	56	316	476	599	406	170	516	813	132	831	336	707	1714	425	869	295	760	1781	467	1337	601	396	1248	662	48
174	243	1143	1193	543	184	389	392	274	164	230	0	251	417	273	349	392	943	295	822	777	395	295	421	851	370	982	1524	264	1151	216	327	9	324	532	951	224	396	313	273	527	341	313	870	739	340	416	409	172	446	740	1564	167	1956	82	179	1157	258	351	506	3071	493	776	342	313	421	270	289	225	274	846	167	357	245	332	824	1114	457	481	354	260	416	822	309	474	428	289	1495	425	421	334	167	367	1056	2522	72	847	381	388	467	2025	411	272	324	857	483	118	1431	722	614	274	1113	327	216	1431	849	539	410	265	1822	1431	993	388	335	1038	160	98	408	1204	218	246	1447	153	1127	1584	1371	866	180	1005	1877	175	248	330	957	331	2035	511	478	243	476	398	383	306	98	656	316	3308	430	167	406	475	1913	192	1151	364	812	1157	1770	244	738	722	410	916	151	225	395	414	377	297	378	328	973	286	808	432	490	1540	489	883	277	875	1635	542	1143	380	388	1056	472	263
215	11	1334	1285	431	388	447	329	35	103	289	251	0	631	202	196	444	1176	357	1052	989	581	357	624	1023	438	1163	1774	325	1343	68	436	250	425	357	1185	64	454	68	202	418	163	156	1063	986	219	195	614	100	438	614	1783	111	1758	327	100	1398	10	167	730	3292	246	1017	232	68	354	478	38	185	480	1086	104	245	295	292	1066	1333	266	360	195	35	195	1052	155	665	360	121	1245	181	355	291	104	440	1236	2330	300	1074	448	616	282	1774	609	497	425	1083	735	146	1598	926	865	478	867	157	192	1598	1081	364	188	479	2032	1598	863	616	309	881	109	342	179	954	187	8	1595	400	1313	1835	1584	1095	186	1257	1683	376	4	284	1189	292	2269	332	520	225	315	572	444	222	154	904	513	3558	603	101	176	291	1716	389	1343	436	599	1398	1990	452	895	926	185	1151	397	237	581	188	441	132	323	301	1101	214	1049	610	522	1763	251	1112	29	1046	1873	736	1350	443	616	1265	429	337
586	626	1178	1416	680	468	370	800	662	527	621	417	631	0	690	765	379	550	667	425	798	588	667	566	965	353	573	1192	645	735	619	654	412	659	948	849	626	370	674	690	666	634	603	929	589	583	727	34	530	829	844	1486	521	2098	392	532	1000	634	645	552	2949	874	665	573	674	829	152	667	491	488	476	526	580	636	496	463	1067	722	896	624	652	727	425	598	630	836	700	1818	812	829	499	526	344	647	2939	347	443	354	470	722	2351	57	146	659	454	324	530	1028	305	351	152	1491	620	477	1028	456	955	724	153	1764	1028	1062	470	479	1453	521	321	731	1526	483	629	1557	280	1177	1263	956	466	596	721	2293	471	630	501	562	495	1878	927	827	656	892	615	365	722	502	508	527	2972	635	530	729	726	2056	482	735	345	1223	1000	1359	477	901	305	728	528	364	633	588	730	359	602	786	480	1155	702	689	629	440	1132	882	817	660	988	1251	669	727	360	470	639	546	637
109	193	1177	1085	633	303	605	135	184	242	130	273	202	690	0	98	604	1204	177	1086	856	447	177	501	857	591	1255	1749	152	1424	140	267	279	254	267	1081	141	612	255	0	620	366	357	912	914	419	383	683	247	235	816	1648	255	1932	308	253	1304	211	370	623	3154	321	929	430	255	163	544	214	356	377	1099	247	444	128	477	1075	1202	464	207	397	172	383	1086	356	526	170	100	1334	258	164	476	247	590	1329	2251	345	1114	602	524	481	1851	684	544	254	1122	700	172	1703	995	846	547	900	360	358	1703	1112	273	377	539	1886	1703	1065	524	490	764	245	369	363	1052	354	195	1411	416	1152	1803	1641	1130	94	1220	1606	292	198	470	1218	476	2154	249	319	50	207	428	601	32	205	840	395	3524	456	241	361	490	1891	296	1424	586	559	1304	2036	355	723	995	371	1176	364	78	447	375	596	334	125	482	913	13	960	465	693	1806	295	1000	197	879	1886	596	1416	598	524	1327	621	169
202	191	1264	1137	615	401	637	155	165	272	228	349	196	765	98	0	635	1290	266	1171	951	543	266	598	941	626	1322	1845	246	1495	160	357	353	343	183	1179	156	644	224	98	604	347	347	1002	1013	412	340	755	275	277	787	1741	284	1861	396	278	1402	202	348	721	3245	233	1027	426	224	173	616	189	376	476	1188	276	438	224	489	1164	1296	427	163	381	161	340	1171	347	621	178	76	1238	177	175	487	276	626	1396	2174	418	1196	636	623	445	1753	754	621	343	1205	795	235	1766	1069	940	618	801	345	382	1766	1197	190	334	612	1975	1766	1029	623	505	700	277	447	318	958	377	191	1482	499	1238	1900	1721	1214	180	1317	1528	389	193	481	1304	488	2250	162	377	149	129	523	633	82	265	938	494	3621	550	271	316	454	1820	395	1495	622	467	1402	2119	453	805	1069	327	1263	456	177	543	330	629	324	155	497	982	95	1059	559	716	1889	201	1097	177	962	1977	690	1492	632	623	1405	625	263
540	447	1466	1581	305	560	8	739	479	364	611	392	444	379	604	635	0	894	682	769	1084	758	682	766	1203	29	769	1560	649	957	476	719	382	716	801	1192	479	12	450	604	292	354	332	1199	941	280	440	346	361	820	465	1829	352	1721	442	356	1363	441	363	811	3312	641	1005	265	450	768	293	466	259	633	841	360	264	625	174	832	1393	399	796	329	478	440	769	328	828	775	558	1478	596	769	176	360	37	839	2753	342	777	24	699	393	2009	326	344	716	788	659	438	1177	587	724	286	1213	345	253	1177	804	808	439	308	2102	1177	692	699	153	1325	361	367	453	1191	258	448	1806	390	1457	1634	1229	804	530	1101	2107	554	446	182	903	174	2247	776	866	597	759	770	14	634	406	855	679	3331	799	366	452	394	1679	571	957	37	1023	1363	1643	607	1105	587	446	877	476	589	758	447	20	345	729	159	1350	618	1033	799	98	1425	666	1144	470	1227	1584	888	990	19	699	915	167	651
1095	1171	1201	1636	1198	928	885	1293	1206	1073	1109	943	1176	550	1204	1290	894	0	1133	126	904	944	1133	893	1129	873	399	684	1122	404	1157	1089	940	1099	1470	777	1164	882	1223	1204	1185	1184	1153	1039	579	1130	1278	574	1077	1290	1332	1310	1068	2552	895	1079	795	1180	1195	799	2637	1422	663	1119	1223	1319	700	1213	1042	900	127	1072	1125	1122	1037	159	1006	1268	1401	1173	1194	1278	126	1149	938	1326	1232	2363	1357	1319	1040	1072	865	424	3448	880	118	871	797	1267	2896	586	679	1099	107	554	1061	734	322	409	701	2041	1170	1028	734	94	1477	1274	697	1588	734	1511	797	1019	1948	1067	844	1282	2073	1034	1174	1623	791	1219	764	469	89	1112	388	2807	936	1174	1043	15	1036	1561	1451	1254	1162	1412	978	881	1235	1037	564	919	2437	984	1076	1280	1270	2511	939	404	867	1756	795	836	905	1133	322	1279	32	842	1136	944	1281	878	1153	1279	1021	1360	1214	663	973	921	605	1426	807	1205	1146	700	936	309	878	797	238	1058	1109
152	347	999	933	773	206	680	174	349	356	73	295	357	667	177	266	682	1133	0	1024	685	282	0	341	679	662	1241	1631	34	1397	288	90	304	76	391	920	293	687	419	177	759	516	501	735	775	555	550	669	363	162	964	1474	368	2107	279	371	1146	367	522	469	2978	498	779	563	419	195	541	378	466	245	1019	361	578	63	589	992	1029	624	290	544	334	550	1024	498	357	200	276	1503	436	193	589	361	659	1313	2316	360	1055	673	385	640	2014	676	524	76	1063	596	258	1695	966	748	546	1052	507	463	1695	1045	396	543	531	1709	1695	1216	385	598	816	356	361	531	1225	462	349	1239	388	974	1680	1588	1068	176	1100	1679	200	353	584	1148	588	1985	382	184	136	333	259	675	184	284	708	247	3393	284	356	529	649	2066	194	1397	656	684	1146	1970	232	546	966	539	1103	304	119	282	542	669	478	161	589	744	174	810	294	778	1739	468	836	361	701	1795	424	1373	671	385	1283	736	31
978	1047	1183	1580	1074	817	760	1180	1083	949	996	822	1052	425	1086	1171	769	126	1024	0	860	851	1024	803	1078	748	370	799	1010	434	1035	985	819	994	1352	770	1042	758	1098	1086	1061	1058	1027	997	543	1004	1152	448	953	1183	1212	1342	943	2440	778	955	824	1056	1069	721	2710	1297	631	993	1098	1207	575	1089	916	797	114	948	999	1009	911	132	1003	1142	1286	1047	1071	1152	0	1023	854	1213	1111	2237	1234	1206	914	948	740	415	3334	758	40	746	705	1141	2770	460	555	994	41	462	940	768	212	331	576	1916	1044	902	768	35	1358	1148	573	1623	768	1397	705	893	1837	943	724	1156	1947	908	1050	1601	671	1197	877	565	44	993	435	2692	824	1051	917	137	910	1631	1332	1152	1046	1294	885	756	1118	915	510	819	2561	893	952	1154	1144	2398	829	434	742	1635	824	949	799	1068	212	1153	108	728	1020	851	1155	753	1027	1166	895	1304	1097	637	882	800	719	1303	785	1082	1097	825	859	368	753	705	281	934	999
782	978	383	735	1312	603	1078	844	995	933	727	777	989	798	856	951	1084	904	685	860	0	411	685	364	227	1056	1213	1121	704	1293	926	595	784	609	1065	272	933	1082	1057	856	1296	1115	1089	138	326	1118	1179	828	941	757	1507	794	939	2734	696	949	497	998	1124	275	2303	1177	250	1119	1057	854	800	1021	1002	510	780	937	1134	728	1095	749	345	1232	952	1131	978	1179	860	1085	329	856	947	2188	1112	852	1097	937	1048	1269	2816	781	900	1063	393	1243	2698	849	750	609	899	480	846	1627	953	543	808	1730	1101	991	1627	857	1068	1173	784	1045	1627	1756	393	1092	1366	930	741	1166	1909	994	981	764	701	379	1145	1355	892	812	644	2215	615	984	1095	918	1094	1299	1060	659	808	1011	427	1071	869	850	350	475	2793	401	935	1164	1251	2691	601	1293	1047	1344	497	1648	539	282	953	1171	873	635	782	411	1174	1064	1071	834	1087	462	856	262	391	1176	1433	1151	181	1004	242	1383	260	1212	1066	393	1133	1217	687
371	570	755	837	938	210	753	452	585	535	316	395	581	588	447	543	758	944	282	851	411	0	282	62	456	731	1131	1375	297	1263	517	196	403	211	672	638	523	758	649	447	922	717	693	482	507	731	774	606	544	391	1135	1205	543	2336	322	552	864	591	725	192	2713	767	500	734	649	467	517	612	619	124	821	540	749	318	727	790	757	833	566	736	569	774	851	689	83	471	536	1781	701	466	728	540	726	1200	2544	420	888	741	146	846	2295	621	478	211	893	390	442	1583	849	536	525	1334	704	610	1583	865	676	768	502	1450	1583	1388	146	728	1051	533	390	760	1499	612	574	1053	373	736	1418	1413	894	402	846	1918	220	577	724	959	726	1707	664	322	398	615	34	746	461	451	450	79	3122	46	537	758	854	2294	203	1263	724	962	864	1771	152	348	849	766	912	281	371	0	769	739	674	440	721	593	447	531	42	856	1542	742	554	595	480	1566	154	1217	742	146	1128	863	279
152	347	999	933	773	206	680	174	349	356	73	295	357	667	177	266	682	1133	0	1024	685	282	0	341	679	662	1241	1631	34	1397	288	90	304	76	391	920	293	687	419	177	759	516	501	735	775	555	550	669	363	162	964	1474	368	2107	279	371	1146	367	522	469	2978	498	779	563	419	195	541	378	466	245	1019	361	578	63	589	992	1029	624	290	544	334	550	1024	498	357	200	276	1503	436	193	589	361	659	1313	2316	360	1055	673	385	640	2014	676	524	76	1063	596	258	1695	966	748	546	1052	507	463	1695	1045	396	543	531	1709	1695	1216	385	598	816	356	361	531	1225	462	349	1239	388	974	1680	1588	1068	176	1100	1679	200	353	584	1148	588	1985	382	184	136	333	259	675	184	284	708	247	3393	284	356	529	649	2066	194	1397	656	684	1146	1970	232	546	966	539	1103	304	119	282	542	669	478	161	589	744	174	810	294	778	1739	468	836	361	701	1795	424	1373	671	385	1283	736	31
419	613	722	850	963	241	761	513	631	571	370	421	624	566	501	598	766	893	341	803	364	62	341	0	437	739	1095	1313	353	1220	562	258	429	272	732	580	569	766	692	501	947	753	728	448	444	761	815	586	579	454	1160	1158	578	2373	343	587	805	634	762	130	2667	819	439	763	692	529	510	657	647	148	768	575	778	373	749	737	709	870	627	770	614	815	803	724	64	533	587	1835	752	527	751	575	733	1162	2605	437	841	748	101	882	2351	603	467	272	845	341	481	1543	813	483	518	1393	740	637	1543	816	737	808	494	1408	1543	1412	101	748	1113	568	402	802	1552	639	617	1039	376	706	1356	1362	845	449	784	1979	252	620	747	908	748	1654	724	383	451	675	94	754	517	487	388	111	3059	91	573	799	890	2330	237	1220	731	1023	805	1716	177	344	813	807	860	292	424	62	810	747	709	500	742	596	502	470	80	863	1487	795	498	640	461	1507	123	1171	749	101	1082	881	336
807	1012	325	508	1394	667	1197	809	1021	988	738	851	1023	965	857	941	1203	1129	679	1078	227	456	679	437	0	1175	1423	1329	707	1512	955	591	859	604	1020	466	961	1202	1089	857	1378	1167	1145	121	553	1186	1218	991	997	701	1591	828	997	2782	777	1005	667	1033	1176	412	2313	1175	477	1190	1089	811	937	1050	1075	579	1003	992	1205	734	1183	972	428	1283	904	1189	1005	1218	1078	1142	377	811	956	2157	1115	809	1184	992	1169	1481	2648	873	1118	1185	509	1297	2649	1010	890	604	1118	665	892	1846	1155	753	945	1675	1156	1067	1846	1077	1022	1211	921	1040	1846	1844	509	1183	1239	986	840	1202	1889	1068	1015	603	813	296	1346	1583	1112	837	869	2065	676	1018	1181	1143	1182	1369	1021	593	814	973	455	1191	861	904	568	535	2954	424	990	1199	1305	2740	659	1512	1167	1276	667	1874	607	139	1155	1208	1097	729	793	456	1212	1184	1125	802	1177	234	853	488	420	1299	1660	1141	383	1032	24	1604	314	1435	1186	509	1354	1317	692
523	440	1438	1557	329	535	22	725	473	353	593	370	438	353	591	626	29	873	662	748	1056	731	662	739	1175	0	759	1537	629	947	466	697	361	694	795	1163	469	26	448	591	315	358	334	1170	912	286	446	320	351	803	492	1800	341	1749	418	347	1334	435	367	782	3283	642	976	272	448	754	264	462	253	607	818	349	272	607	180	808	1364	411	786	335	471	446	748	330	801	761	549	1496	595	755	183	349	8	830	2754	318	756	11	670	406	2027	301	315	694	768	630	423	1174	570	696	257	1222	347	245	1174	782	802	445	279	2072	1174	721	670	159	1319	349	341	458	1208	250	441	1778	362	1429	1610	1216	783	514	1074	2108	530	439	189	882	180	2218	770	847	581	751	744	15	621	390	826	653	3309	773	355	457	407	1706	546	947	8	1023	1334	1629	581	1079	570	452	856	450	572	731	452	8	345	714	164	1324	604	1004	772	124	1410	666	1115	465	1200	1565	861	977	10	670	900	193	631
1155	1161	1550	1915	1039	1040	762	1371	1197	1062	1195	982	1163	573	1255	1322	769	399	1241	370	1213	1131	1241	1095	1423	759	0	1017	1219	189	1167	1224	976	1230	1504	1140	1173	756	1191	1255	1030	1116	1089	1352	906	1046	1205	574	1063	1403	1124	1704	1053	2268	966	1062	1187	1163	1125	1038	3028	1392	996	1032	1191	1400	711	1195	992	1049	478	1060	1032	1209	940	501	1374	1168	1463	1094	1190	1205	370	1085	1153	1407	1251	2227	1338	1400	943	1060	754	73	3493	910	334	752	993	1162	2750	571	718	1230	339	769	1088	455	282	670	708	1982	1104	980	455	387	1511	1204	717	1984	455	1253	993	919	2019	1057	891	1216	1947	987	1164	1965	854	1562	1102	482	353	1162	785	2845	1044	1163	949	393	940	1956	1481	1397	1225	1452	1162	761	1288	1057	863	1082	2676	1177	1065	1215	1162	2229	1053	189	758	1763	1187	890	1042	1396	282	1211	415	937	1204	1131	1211	761	1097	1358	924	1641	1268	1004	1168	752	690	1409	1152	1193	1443	907	1173	256	760	993	220	905	1211
1642	1766	1222	1798	1866	1447	1552	1805	1798	1676	1631	1524	1774	1192	1749	1845	1560	684	1631	799	1121	1375	1631	1313	1329	1537	1017	0	1631	910	1739	1562	1524	1575	2011	863	1747	1550	1830	1749	1852	1815	1784	1209	870	1772	1907	1221	1682	1764	2011	1040	1674	3236	1457	1686	694	1779	1826	1186	2070	2017	900	1763	1830	1826	1327	1812	1670	1386	719	1677	1771	1641	1688	729	989	1911	1920	1810	1784	1907	799	1779	1330	1831	1802	3003	1949	1825	1691	1677	1529	1004	3912	1474	802	1536	1247	1913	3536	1238	1292	1575	790	1049	1640	1126	1006	909	1330	2636	1800	1656	1126	764	2017	1902	1319	1263	1126	2195	1247	1672	2426	1671	1431	1907	2711	1662	1770	1604	1373	1257	85	694	772	1666	531	3292	1458	1771	1693	679	1687	1049	1997	1695	1701	1951	1407	1547	1776	1622	926	1386	1785	1398	1679	1904	1917	3195	1455	910	1531	2307	694	700	1403	1403	1006	1906	692	1391	1672	1375	1908	1543	1779	1791	1672	1550	1756	876	1386	1598	588	2012	947	1801	1335	357	1293	790	1543	1247	796	1728	1616
118	314	1025	967	738	194	647	175	317	321	38	264	325	645	152	246	649	1122	34	1010	704	297	34	353	707	629	1219	1631	0	1378	256	115	273	103	384	934	260	654	387	152	724	482	467	759	781	520	518	646	329	185	930	1495	333	2077	254	337	1159	335	489	479	3001	474	788	528	387	199	515	347	431	245	1009	326	544	29	554	983	1049	591	289	510	302	518	1010	464	375	205	249	1484	411	198	554	326	627	1292	2326	330	1041	641	389	607	1998	652	501	103	1049	591	223	1673	946	741	520	1040	473	428	1673	1032	389	511	506	1733	1673	1182	389	563	826	322	335	500	1204	427	316	1271	365	1001	1682	1574	1055	141	1100	1687	186	320	549	1136	553	2003	373	218	107	325	277	642	164	250	711	253	3397	304	322	497	615	2036	183	1378	624	678	1159	1958	228	575	946	507	1092	285	87	297	511	636	444	161	555	776	151	820	313	745	1727	446	851	329	729	1788	444	1356	638	389	1267	701	17
1321	1340	1604	2014	1229	1193	950	1536	1377	1241	1356	1151	1343	735	1424	1495	957	404	1397	434	1293	1263	1397	1220	1512	947	189	910	1378	0	1343	1373	1145	1380	1678	1181	1349	945	1373	1424	1220	1302	1274	1430	972	1233	1392	741	1242	1559	1310	1700	1232	2435	1127	1242	1192	1343	1311	1149	2960	1575	1059	1219	1373	1564	880	1375	1175	1191	517	1239	1220	1370	1127	547	1410	1356	1632	1281	1369	1392	434	1270	1275	1571	1427	2417	1519	1564	1131	1239	941	128	3669	1079	394	940	1119	1350	2939	741	882	1380	393	883	1260	334	431	763	878	2169	1290	1163	334	436	1685	1390	885	1974	334	1431	1119	1107	2188	1235	1056	1402	2137	1169	1343	2025	1015	1620	996	301	400	1331	782	3022	1198	1342	1136	393	1127	1900	1656	1545	1391	1624	1295	949	1457	1231	943	1220	2510	1307	1243	1401	1350	2396	1206	0	945	1942	1192	703	1188	1500	431	1397	431	1092	1369	1263	1398	948	1282	1522	1112	1738	1436	1061	1297	942	512	1591	1207	1372	1531	750	1287	122	947	1119	166	1094	1369
147	58	1268	1217	494	330	478	273	69	112	220	216	68	619	140	160	476	1157	288	1035	926	517	288	562	955	466	1167	1739	256	1343	0	368	217	356	338	1129	7	485	133	140	481	229	218	998	937	278	263	607	115	375	680	1721	124	1826	283	120	1344	78	235	672	3230	279	964	289	133	299	468	95	220	420	1062	116	304	226	339	1040	1271	335	320	259	52	263	1035	217	600	306	84	1293	210	300	338	116	467	1241	2325	276	1058	477	560	351	1819	604	479	356	1068	694	99	1608	920	829	469	897	222	224	1608	1063	345	256	466	1968	1608	930	560	353	860	117	313	246	1004	220	60	1526	370	1246	1798	1576	1078	118	1218	1678	318	64	332	1170	338	2211	314	453	157	288	507	474	164	119	856	451	3522	537	111	244	360	1784	330	1343	463	603	1344	1979	392	827	920	253	1131	351	169	517	256	470	195	265	345	1032	153	996	544	560	1750	273	1054	78	978	1851	671	1345	472	560	1258	481	268
222	425	910	871	839	186	717	255	432	420	148	327	436	654	267	357	719	1089	90	985	595	196	90	258	591	697	1224	1562	115	1373	368	0	337	14	476	833	373	723	501	267	824	590	572	645	699	622	631	662	428	205	1033	1383	431	2192	288	436	1060	446	597	387	2887	588	697	629	501	271	543	461	524	189	971	425	644	143	645	943	939	701	369	616	416	631	985	569	268	275	365	1593	526	269	645	425	694	1296	2370	382	1018	708	315	717	2103	671	518	14	1025	541	320	1679	945	693	549	1139	580	519	1679	1003	480	624	531	1618	1679	1286	315	651	871	420	373	614	1315	519	428	1159	386	885	1608	1550	1029	250	1031	1737	185	432	640	1104	643	1895	469	173	223	419	170	711	275	341	636	177	3316	194	421	611	725	2150	173	1373	690	765	1060	1924	186	459	945	620	1058	292	202	196	624	704	550	243	643	668	265	728	204	817	1693	559	748	443	613	1737	334	1341	707	315	1252	790	100
182	242	1151	1203	535	193	380	399	274	160	239	9	250	412	279	353	382	940	304	819	784	403	304	429	859	361	976	1524	273	1145	217	337	0	333	536	956	225	386	311	279	519	335	307	878	743	333	412	404	168	454	732	1570	163	1949	88	174	1161	256	345	513	3077	493	781	335	311	428	264	288	218	282	844	163	349	253	323	822	1121	451	487	348	260	412	819	303	483	436	292	1493	425	429	325	163	357	1049	2527	65	844	372	394	461	2023	404	267	333	853	485	121	1425	716	615	268	1113	321	208	1425	847	543	406	260	1829	1425	985	394	326	1043	156	96	404	1202	210	245	1455	152	1135	1585	1367	863	186	1007	1882	184	247	321	954	322	2040	515	487	250	480	407	374	312	98	659	324	3308	438	163	402	469	1907	201	1145	354	816	1161	1766	252	747	716	406	914	155	233	403	410	368	292	386	319	982	292	812	440	480	1536	490	888	276	884	1633	550	1139	370	394	1051	463	272
212	414	923	878	830	190	713	241	420	412	136	324	425	659	254	343	716	1099	76	994	609	211	76	272	604	694	1230	1575	103	1380	356	14	333	0	461	848	361	720	489	254	816	580	563	659	713	613	620	666	420	193	1024	1397	423	2180	288	428	1075	435	587	402	2902	574	711	620	489	256	545	449	517	199	981	417	636	131	638	953	953	691	355	606	404	620	994	560	283	260	352	1579	512	255	638	417	691	1302	2358	380	1027	705	327	706	2089	675	521	0	1033	552	312	1685	952	704	551	1124	570	513	1685	1013	465	613	533	1632	1685	1277	327	645	859	412	373	602	1301	512	417	1170	388	899	1621	1559	1038	240	1044	1725	188	421	633	1114	637	1909	454	168	210	405	185	708	261	334	649	189	3330	209	413	600	715	2138	177	1380	688	751	1075	1934	194	472	952	609	1068	295	190	211	613	701	540	229	637	677	251	742	219	814	1703	544	762	431	626	1749	349	1349	704	327	1260	784	88
376	355	1345	1134	733	564	804	221	322	447	380	532	357	948	267	183	801	1470	391	1352	1065	672	391	732	1020	795	1504	2011	384	1678	338	476	536	461	0	1309	332	811	359	267	725	479	488	1097	1165	553	440	939	448	318	882	1840	458	1852	575	451	1537	360	476	861	3334	245	1170	568	359	211	799	336	542	628	1366	451	578	371	643	1342	1404	528	116	513	324	440	1352	490	743	210	253	1136	237	213	642	451	797	1578	1991	601	1378	805	773	546	1634	937	804	461	1387	964	418	1946	1252	1111	801	664	481	549	1946	1378	6	435	795	2060	1946	1107	773	662	524	452	630	417	873	544	354	1517	680	1315	2064	1904	1396	358	1481	1345	554	355	635	1484	643	2363	25	428	312	60	647	801	237	448	1095	637	3781	669	445	416	554	1812	556	1678	793	295	1537	2301	609	880	1252	427	1442	631	340	672	429	798	469	232	654	1020	258	1202	680	876	2071	198	1224	331	1039	2153	807	1675	800	773	1588	769	400
993	1175	427	945	1455	798	1184	1088	1198	1114	950	951	1185	849	1081	1179	1192	777	920	770	272	638	920	580	466	1163	1140	863	934	1181	1129	833	956	848	1309	0	1136	1186	1253	1081	1438	1291	1262	346	262	1281	1366	883	1122	1012	1643	638	1118	2892	868	1129	229	1194	1302	458	2127	1396	186	1279	1253	1101	899	1221	1163	710	668	1117	1292	954	1239	641	234	1407	1200	1302	1181	1366	770	1258	566	1104	1163	2414	1328	1100	1241	1117	1155	1184	3089	936	807	1169	569	1416	2932	906	848	848	803	533	1039	1511	916	518	905	1972	1277	1151	1511	756	1313	1360	883	914	1511	1882	569	1232	1636	1110	891	1356	2129	1155	1179	849	841	449	880	1188	791	1023	439	2488	810	1182	1240	789	1238	1084	1302	920	1031	1253	662	1178	1098	1036	341	686	2521	641	1117	1354	1423	2849	799	1181	1154	1596	229	1437	736	551	916	1360	750	800	1003	638	1363	1171	1248	1077	1228	688	1083	160	629	1273	1234	1374	91	1205	471	1149	506	1084	1172	569	1015	1343	917
153	54	1274	1220	492	337	481	272	62	116	225	224	64	626	141	156	479	1164	293	1042	933	523	293	569	961	469	1173	1747	260	1349	7	373	225	361	332	1136	0	488	128	141	479	226	216	1004	944	277	258	613	118	376	678	1728	128	1820	291	123	1352	74	231	679	3236	271	971	289	128	299	474	89	223	428	1069	120	303	231	340	1047	1278	331	317	257	45	258	1042	215	607	305	80	1285	202	300	339	120	470	1247	2319	283	1065	480	567	347	1811	610	486	361	1075	701	107	1614	927	837	476	889	220	227	1614	1070	339	251	473	1974	1614	927	567	355	855	121	321	241	996	223	56	1531	377	1252	1806	1583	1085	123	1226	1672	325	60	333	1177	339	2219	309	456	160	284	513	478	164	127	864	458	3530	543	114	238	356	1778	337	1349	466	596	1352	1986	400	832	927	247	1138	359	173	523	251	474	193	265	346	1037	153	1003	550	563	1757	265	1061	71	983	1858	678	1351	476	567	1265	482	273
546	457	1464	1583	316	562	7	747	489	373	617	396	454	370	612	644	12	882	687	758	1082	758	687	766	1202	26	756	1550	654	945	485	723	386	720	811	1186	488	0	461	612	303	366	343	1197	934	292	452	337	370	826	473	1824	360	1729	445	365	1356	451	374	809	3306	652	1000	277	461	775	288	476	269	634	831	369	276	631	185	822	1388	411	805	341	488	452	758	340	828	783	567	1490	607	776	188	369	33	827	2765	345	765	18	697	405	2021	317	339	720	777	653	445	1165	575	716	281	1225	356	262	1165	792	818	451	303	2097	1165	698	697	165	1335	369	368	465	1203	267	458	1805	389	1455	1624	1217	793	537	1092	2119	556	456	194	891	186	2240	786	872	604	769	771	12	642	413	849	680	3320	800	374	464	406	1687	573	945	35	1034	1356	1630	608	1106	575	458	866	477	596	758	459	18	356	736	171	1351	626	1027	799	97	1413	677	1140	480	1227	1572	887	978	16	697	902	177	656
281	79	1402	1341	391	456	454	372	71	154	353	313	68	674	255	224	450	1223	419	1098	1057	649	419	692	1089	448	1191	1830	387	1373	133	501	311	489	359	1253	128	461	0	255	380	123	129	1131	1051	194	130	655	148	487	565	1851	157	1692	391	145	1465	58	123	798	3360	202	1084	209	0	394	523	41	199	548	1137	153	219	358	285	1117	1401	209	383	157	85	130	1098	130	733	400	160	1182	147	395	283	153	451	1264	2307	356	1118	458	684	226	1712	648	546	489	1128	796	214	1619	963	923	522	817	123	210	1619	1128	366	123	525	2100	1619	811	684	305	878	159	399	112	891	204	75	1659	458	1380	1893	1622	1140	252	1317	1660	444	72	277	1235	285	2337	334	575	284	327	640	453	269	218	969	581	3616	671	151	110	235	1650	457	1373	447	575	1465	2030	520	960	963	119	1199	461	300	649	123	450	109	367	297	1163	265	1116	677	518	1804	218	1180	58	1112	1922	804	1387	452	684	1303	410	401
109	193	1177	1085	633	303	605	135	184	242	130	273	202	690	0	98	604	1204	177	1086	856	447	177	501	857	591	1255	1749	152	1424	140	267	279	254	267	1081	141	612	255	0	620	366	357	912	914	419	383	683	247	235	816	1648	255	1932	308	253	1304	211	370	623	3154	321	929	430	255	163	544	214	356	377	1099	247	444	128	477	1075	1202	464	207	397	172	383	1086	356	526	170	100	1334	258	164	476	247	590	1329	2251	345	1114	602	524	481	1851	684	544	254	1122	700	172	1703	995	846	547	900	360	358	1703	1112	273	377	539	1886	1703	1065	524	490	764	245	369	363	1052	354	195	1411	416	1152	1803	1641	1130	94	1220	1606	292	198	470	1218	476	2154	249	319	50	207	428	601	32	205	840	395	3524	456	241	361	490	1891	296	1424	586	559	1304	2036	355	723	995	371	1176	364	78	447	375	596	334	125	482	913	13	960	465	693	1806	295	1000	197	879	1886	596	1416	598	524	1327	621	169
606	427	1668	1692	16	711	301	748	442	404	685	527	418	666	620	604	292	1185	759	1061	1296	922	759	947	1378	315	1030	1852	724	1220	481	824	519	816	725	1438	479	303	380	620	0	258	263	1395	1198	204	286	634	396	856	212	2069	392	1454	604	388	1624	410	256	1021	3566	503	1254	195	380	771	555	416	303	801	1133	399	180	695	201	1124	1623	202	763	224	452	286	1061	264	1002	778	536	1198	488	773	199	399	323	1096	2572	514	1068	316	902	186	1725	615	603	816	1079	917	503	1405	875	1001	550	983	261	311	1405	1096	731	290	568	2335	1405	466	902	206	1221	404	555	308	916	310	426	1972	600	1654	1926	1503	1095	583	1386	1933	702	423	201	1194	202	2510	700	933	637	702	924	305	641	483	1112	844	3623	956	403	309	180	1411	719	1220	321	874	1624	1916	771	1263	875	298	1169	660	643	922	297	309	286	742	211	1490	632	1284	958	278	1704	543	1381	430	1402	1872	1069	1265	309	902	1194	128	733
367	173	1472	1447	269	511	360	490	185	182	445	341	163	634	366	347	354	1184	516	1058	1115	717	516	753	1167	358	1116	1815	482	1302	229	590	335	580	479	1291	226	366	123	366	258	0	31	1199	1073	77	93	610	173	601	451	1904	175	1620	423	165	1495	154	11	846	3412	288	1115	93	123	514	489	158	144	605	1108	178	100	453	181	1092	1454	117	507	34	195	93	1058	36	800	520	278	1188	251	515	178	178	363	1187	2399	360	1074	367	728	129	1721	599	522	580	1085	805	275	1532	905	918	487	869	15	158	1532	1090	485	90	496	2160	1532	701	728	202	992	184	406	100	895	153	171	1749	463	1453	1881	1562	1098	341	1314	1754	500	167	172	1196	181	2375	453	683	387	450	712	359	384	265	988	643	3600	744	179	99	137	1577	515	1302	359	671	1495	1973	575	1044	905	96	1163	491	397	717	97	358	43	485	195	1258	377	1146	749	410	1750	317	1224	172	1191	1884	870	1324	360	728	1243	290	493
350	164	1448	1433	276	486	337	485	182	157	429	313	156	603	357	347	332	1153	501	1027	1089	693	501	728	1145	334	1089	1784	467	1274	218	572	307	563	488	1262	216	343	129	357	263	31	0	1175	1043	65	124	579	149	593	463	1877	149	1645	395	141	1465	147	42	819	3384	309	1086	80	129	510	458	158	113	580	1077	153	91	438	160	1060	1427	144	509	43	190	124	1027	4	776	516	275	1219	267	511	158	153	338	1161	2421	330	1044	342	701	154	1752	568	491	563	1054	774	254	1508	876	887	456	898	16	127	1508	1059	495	121	464	2134	1508	715	701	181	1005	159	376	129	927	121	163	1729	432	1430	1850	1533	1068	325	1282	1775	475	160	151	1165	160	2346	463	671	375	456	690	336	378	241	958	618	3568	721	155	128	162	1602	491	1274	334	691	1465	1944	550	1023	876	125	1132	462	383	693	127	334	23	479	173	1240	369	1117	726	392	1721	336	1196	170	1169	1853	846	1296	336	701	1214	281	477
850	1052	273	611	1411	689	1192	880	1065	1017	787	870	1063	929	912	1002	1199	1039	735	997	138	482	735	448	121	1170	1352	1209	759	1430	998	645	878	659	1097	346	1004	1197	1131	912	1395	1199	1175	0	460	1210	1257	957	1026	780	1608	743	1025	2819	791	1034	546	1073	1208	388	2243	1233	378	1212	1131	885	920	1093	1096	596	915	1022	1227	785	1196	885	319	1316	981	1218	1049	1257	997	1171	399	886	1008	2231	1171	883	1198	1022	1163	1407	2766	882	1037	1179	500	1329	2731	978	871	659	1037	615	925	1764	1092	682	928	1757	1187	1086	1764	994	1099	1250	904	973	1764	1859	500	1195	1347	1015	845	1242	1957	1088	1055	629	810	259	1225	1485	1029	881	759	2179	699	1059	1195	1053	1195	1273	1095	674	866	1046	490	1186	920	934	489	556	2835	460	1019	1240	1337	2777	684	1430	1162	1363	546	1765	626	235	1092	1248	1008	736	843	482	1251	1179	1156	871	1189	345	910	384	453	1292	1554	1203	266	1075	125	1489	329	1348	1181	500	1269	1324	743
815	977	644	1061	1214	614	933	950	1003	904	788	739	986	589	914	1013	941	579	775	543	326	507	775	444	553	912	906	870	781	972	937	699	743	713	1165	262	944	934	1051	914	1198	1073	1043	460	0	1054	1155	623	912	898	1398	896	906	2653	660	918	425	994	1084	316	2371	1213	89	1050	1051	968	649	1023	938	537	456	906	1063	795	1002	425	489	1186	1066	1080	987	1155	543	1039	459	973	984	2230	1144	967	1004	906	903	957	3042	713	582	917	392	1193	2755	646	599	713	580	282	840	1306	665	258	655	1815	1059	925	1306	536	1170	1149	634	1175	1306	1633	392	993	1556	899	667	1148	1940	929	980	1059	612	655	912	1029	572	843	350	2421	626	983	1004	592	1001	1311	1153	825	864	1106	538	926	937	832	86	528	2617	528	907	1145	1200	2610	619	972	903	1459	425	1335	559	576	665	1150	548	590	835	507	1153	920	1031	937	989	786	919	103	515	1018	1115	1198	248	1009	569	1090	425	888	921	392	810	1097	764
402	227	1484	1488	218	521	286	549	247	201	481	340	219	583	419	412	280	1130	555	1004	1118	731	555	761	1186	286	1046	1772	520	1233	278	622	333	613	553	1281	277	292	194	419	204	77	65	1210	1054	0	159	557	193	654	410	1902	191	1616	422	185	1479	211	83	846	3407	365	1101	15	194	573	445	224	117	613	1059	196	25	491	106	1045	1453	139	575	48	254	159	1004	65	812	580	340	1234	328	575	103	196	292	1117	2475	344	1018	294	727	142	1768	544	483	613	1029	780	301	1458	844	884	442	936	71	129	1458	1037	560	158	453	2162	1458	664	727	127	1068	202	389	172	943	126	226	1775	442	1467	1840	1497	1043	379	1279	1830	511	223	98	1141	106	2362	528	729	433	521	730	286	441	283	968	654	3554	762	200	171	147	1573	527	1233	288	749	1479	1910	583	1067	844	165	1110	485	438	731	166	286	87	542	121	1289	431	1132	765	333	1688	395	1218	235	1210	1829	882	1259	287	727	1180	216	529
