NAME : VRPTW_INSTANCE_311.txt
COMMENT : Bangkok Supermarket
TYPE : VRPTW
DIMENSION : 256
DAYS : Tuesday
EDGE_WEIGHT_TYPE : EXPLICIT
VEHICLES : 35
EDGE_WEIGHT_FORMAT : FULL_MATRIX
CAPACITY : 1000
EDGE_WEIGHT_SECTION
0	1480	173	308	1994	308	206	113	1740	986	611	268	1083	211	1817	228	1737	1571	201	178	268	258	1119	298	253	308	496	1109	301	2184	19	1171	1010	1784	495	147	1028	407	737	1025	165	128	830	499	1356	676	133	288	1727	388	46	154	428	94	413	1005	352	202	830	1065	1145	102	1927	428	595	219	153	629	288	469	1606	638	309	287	1058	2075	481	1933	1912	444	957	176	1606	124	497	185	352	1279	351	810	1054	1109	606	192	193	517	309	401	22	25	379	288	322	382	865	341	632	522	2880	46	576	92	314	135	283	153	1001	1067	111	367	258	532	1178	1275	189	90	941	1086	1491	388	473	185	419	124	771	978	153	1676	840	3478	2074	400	358	1146	676	1022	123	1606	60	892	239	255	1190	202	584	1321	839	309	221	866	454	86	395	496	264	109	978	609	818	202	398	404	212	1329	347	982	451	428	23	146	133	1022	1172	228	382	935	1185	613	101	948	978	126	865	621	215	1150	582	326	731	2064	207	581	153	24	538	582	935	1322	1187	3336	93	211	298	2010	185	402	499	1111	820	1221	485	2013	177	1461	584	283	368	388	366	1221	1761	1524	14	372	79	306	1558	1213	810	382	207	948	82	437	935	479	391	1190	201	1321	642	197	436	1994	223	91
1480	0	1485	1701	2167	1699	1376	1540	2043	1357	1479	1254	612	1687	337	1483	2047	511	1312	1489	1259	1248	557	1688	1634	1703	1956	1375	1781	2130	1498	511	1403	1528	1954	1627	476	1073	1143	625	1485	1534	675	1959	1303	957	1358	1766	1005	1848	1448	1633	1105	1539	1888	1414	1800	1630	675	2423	537	1406	927	1080	1471	1658	1401	2079	1688	1350	1397	1873	1410	1751	443	983	1941	1893	3384	1495	1348	1489	2084	1387	1956	1421	1803	203	1799	692	486	1375	2077	1508	1302	1748	1181	1877	1502	1494	1828	1688	1727	1842	732	1603	1910	1767	1647	1448	1478	1538	1781	1614	1224	1571	2466	1342	1541	1832	1248	1779	819	1229	1434	1415	1381	2549	2943	1848	1708	1664	1071	1387	712	531	1401	3075	745	2443	790	1828	1715	501	2041	1395	1382	2084	1540	587	1505	1506	470	1308	1520	1766	742	1410	1401	783	1027	1413	1089	1956	1731	1542	1379	1181	1813	1308	1874	1823	1652	491	1796	788	1863	1105	1502	1620	1358	1395	2628	1269	1716	1399	306	1919	1463	1397	531	1373	732	1412	1502	465	944	1730	1854	2254	1680	1518	1633	1504	1780	1496	2386	1476	704	1949	1555	1687	1688	2175	1421	1877	1959	986	678	531	1945	3435	1490	318	1520	1224	1837	1864	1823	1601	2107	2979	1493	1834	1416	1698	1273	577	692	1842	1684	736	1415	1479	1372	1848	1868	470	1681	1766	1173	1636	1531	2167	1699	1494
173	1485	0	217	1825	215	110	278	1569	832	441	382	1028	248	1823	54	1566	1518	181	5	386	241	1071	204	411	219	474	956	341	2021	180	1125	853	1641	472	218	1017	443	613	1093	8	297	871	477	1215	603	169	322	1628	482	208	221	385	116	421	847	318	350	871	1180	1207	253	1848	405	426	182	91	594	203	629	1467	496	152	280	1086	2001	460	1773	1950	271	804	3	1432	131	474	64	322	1289	317	851	1096	956	599	27	202	366	313	415	178	196	345	203	242	477	816	512	784	375	2809	208	406	117	407	208	264	314	1057	915	276	458	241	386	1279	1139	53	243	785	1064	1552	482	320	238	418	131	775	1013	91	1764	794	3374	2025	342	512	1203	803	865	265	1432	183	901	413	429	1150	324	411	1151	793	152	92	804	471	236	447	474	367	273	822	486	648	324	411	338	176	1278	314	905	380	385	184	262	169	865	1234	328	539	776	1204	491	274	790	1013	261	816	458	389	1115	548	467	572	1894	236	408	224	172	392	410	901	1167	1112	3289	140	248	204	1841	64	413	477	1000	858	1169	463	2086	5	1429	411	264	452	403	343	1055	1589	1582	180	466	228	215	1427	1154	851	477	249	884	231	265	779	380	408	1150	266	1151	518	163	262	1825	258	84
308	1701	217	0	1840	3	325	360	1575	919	495	568	1225	186	2038	219	1571	1713	397	213	571	458	1270	12	446	4	273	1041	228	2065	300	1326	929	1739	271	221	1230	658	761	1305	219	382	1087	275	1322	797	373	212	1786	401	354	218	597	214	252	921	128	378	1087	1081	1421	410	2023	620	484	101	306	382	20	770	1571	344	311	139	1303	2180	261	1828	1763	331	893	213	1412	336	273	280	136	1505	127	1067	1312	1041	401	193	416	246	530	253	295	316	150	20	28	398	1018	571	767	242	2987	354	462	216	342	223	481	376	893	1007	357	377	458	249	1478	1255	267	398	866	852	1385	401	214	203	635	336	991	1230	306	1621	997	3521	2220	130	521	1417	738	944	430	1412	270	1118	510	525	1353	505	446	1166	997	311	299	1000	688	393	660	273	325	354	903	643	577	505	248	122	106	1475	126	1090	163	597	300	283	373	944	1072	521	553	853	1421	305	399	867	1230	431	1018	539	488	1320	759	458	461	1902	175	445	223	289	257	458	686	1242	1295	3483	217	186	12	1856	280	247	275	1153	1074	1366	263	1927	212	1634	446	481	364	245	157	1098	1586	1412	304	388	386	2	1547	1348	1067	398	192	1078	389	337	862	172	250	1353	226	1166	671	116	299	1840	187	239
1994	2167	1825	1840	0	1837	1800	2103	269	1053	1383	2080	1622	2014	2365	1770	275	1729	1856	1821	2089	1844	1664	1838	2235	1843	2016	950	2068	333	2004	1690	1015	709	2014	2019	1880	1947	1373	2330	1833	2122	2093	2017	877	1594	1916	2052	1299	2241	2018	2020	1756	1937	2061	1015	1947	2171	2093	2898	2370	2045	1588	1802	1399	1918	1850	2020	1853	2375	782	1591	1686	1979	2118	1714	2014	338	3256	1555	1080	1824	485	1895	2015	1810	1955	2108	1946	2082	2196	950	2108	1813	1887	1613	1869	2069	2002	2019	1954	1853	1857	2238	1662	2335	2598	1627	2256	2018	1419	1939	2180	2014	1837	2139	2608	997	2101	2217	1844	1626	2627	964	1805	2039	1081	2287	3032	2241	1632	2021	1854	1895	1904	2126	1850	3338	1673	2315	1987	1902	2332	2335	2578	1008	2044	485	2008	1953	2228	2243	1728	2058	1416	676	1678	1686	1776	1594	1902	2031	1985	2016	2156	2098	1051	1470	1296	2058	2065	1885	1919	1676	1947	1493	1874	1756	2008	2076	1916	1008	2771	2031	2361	1081	2119	1691	2086	1070	2126	2035	1662	1375	2205	1755	1749	2279	1443	87	2001	1419	2025	1996	1618	1415	2144	756	1481	2910	1959	2014	1838	16	1810	2062	2017	1236	2072	1649	2012	3564	1823	1865	1416	1837	2204	2066	1972	779	284	3046	2003	2228	2025	1840	908	1604	2082	2238	2019	1576	2027	1559	1089	1794	2071	1728	2049	676	1442	1917	1572	0	2019	1909
308	1699	215	3	1837	0	323	361	1572	916	492	568	1222	189	2036	217	1568	1711	396	211	571	457	1268	11	448	7	275	1038	231	2062	301	1324	926	1736	273	222	1228	657	758	1304	217	384	1086	278	1319	795	372	215	1783	404	355	220	595	215	255	918	131	380	1086	1084	1420	410	2021	619	481	102	305	384	22	771	1568	342	309	142	1301	2177	263	1825	1765	328	889	212	1409	335	275	278	139	1504	130	1066	1311	1038	404	191	415	244	528	256	296	317	152	22	31	401	1016	573	770	240	2984	355	459	216	345	225	480	378	896	1004	358	380	457	247	1478	1251	265	398	862	854	1388	404	211	205	633	335	990	1229	305	1624	995	3518	2217	132	523	1416	741	941	430	1409	271	1116	511	526	1350	505	443	1162	995	309	297	997	687	394	659	275	327	355	900	640	575	505	251	124	108	1472	129	1088	164	595	301	285	372	941	1075	520	555	850	1419	305	400	864	1229	431	1016	535	489	1318	757	460	459	1899	177	442	225	290	255	454	688	1239	1293	3480	217	189	11	1853	278	251	278	1150	1073	1363	265	1930	211	1631	443	480	367	248	160	1095	1583	1415	304	391	386	3	1544	1346	1066	401	194	1076	389	334	859	172	254	1350	228	1162	669	117	295	1837	189	238
206	1376	110	325	1800	323	0	319	1550	781	426	326	921	346	1713	115	1548	1412	88	113	332	138	963	312	460	328	584	903	441	1982	221	1017	807	1577	582	304	906	345	533	996	110	334	768	587	1149	499	120	424	1535	570	220	309	274	197	529	802	428	407	768	1262	1108	244	1748	295	409	290	53	704	312	603	1400	573	121	388	979	1900	570	1729	2057	276	752	113	1428	94	584	46	432	1180	427	748	992	903	709	132	119	439	210	522	221	232	455	312	351	564	708	541	839	452	2707	220	393	198	494	292	158	360	1159	861	318	546	138	464	1195	1068	58	238	738	1174	1654	570	393	331	311	94	666	909	53	1858	685	3284	1918	452	565	1102	877	818	246	1428	244	792	428	443	1041	280	409	1132	685	121	36	698	367	230	355	584	449	316	774	404	684	280	518	447	284	1171	424	803	488	274	226	334	120	818	1335	270	589	732	1096	582	287	745	909	238	708	425	406	1005	438	530	629	1872	335	406	311	217	468	402	1010	1117	1010	3182	220	346	312	1816	46	520	587	912	754	1061	573	2186	114	1319	409	158	543	510	453	1023	1575	1685	218	553	224	323	1353	1048	748	564	345	779	226	265	731	482	515	1041	357	1132	437	270	283	1800	357	150
113	1540	278	360	2103	361	319	0	1847	1099	719	292	1173	205	1874	333	1845	1658	305	282	289	356	1207	352	140	359	487	1222	272	2296	100	1258	1123	1896	486	146	1100	471	849	1051	270	22	876	490	1468	777	234	264	1831	308	110	150	525	172	391	1118	364	97	876	963	1173	135	2024	518	704	259	266	621	339	415	1719	703	420	292	1109	2170	472	2045	1844	549	1070	280	1709	233	488	298	361	1337	364	857	1097	1222	581	292	290	592	396	376	101	87	387	339	366	302	955	233	519	593	2973	110	684	171	241	139	379	40	927	1180	2	291	356	602	1177	1387	301	128	1054	1059	1412	308	551	178	501	233	839	1026	266	1583	930	3582	2159	422	246	1178	570	1135	158	1709	99	956	150	165	1275	232	689	1429	928	420	334	961	526	132	451	487	191	5	1091	721	907	232	374	430	253	1417	360	1081	476	525	96	98	234	1135	1093	271	269	1048	1240	663	76	1061	1026	168	955	733	128	1233	671	220	810	2172	209	687	146	107	609	689	919	1435	1285	3418	156	205	352	2119	298	379	490	1220	869	1310	477	1926	281	1540	689	379	297	363	370	1332	1867	1446	102	293	131	358	1670	1304	857	302	200	1043	132	544	1048	521	365	1275	176	1429	754	244	538	2103	215	193
1740	2043	1569	1575	269	1572	1550	1847	0	829	1128	1840	1466	1751	2270	1514	8	1644	1609	1565	1848	1602	1513	1573	1977	1578	1747	740	1803	565	1748	1546	787	716	1745	1759	1713	1718	1153	2144	1577	1866	1898	1748	740	1384	1668	1788	1264	1976	1766	1759	1525	1679	1793	785	1680	1912	1898	2629	2194	1795	1573	1573	1144	1655	1598	1750	1588	2134	725	1321	1434	1714	1947	1714	1745	442	2996	1298	854	1567	234	1645	1746	1557	1689	1962	1679	1886	2020	740	1838	1556	1641	1346	1632	1802	1746	1764	1686	1588	1591	1973	1477	2080	2336	1359	2332	1766	1163	1681	1916	1754	1596	1882	2338	787	1845	1952	1602	1358	2437	814	1551	1788	849	2023	2765	1976	1365	1759	1625	1645	1708	1946	1598	3069	1486	2481	1961	1634	2072	2162	2312	783	1795	234	1751	1770	1976	1991	1586	1814	1158	418	1491	1434	1524	1409	1677	1780	1755	1747	1893	1842	823	1239	1027	1814	1797	1617	1656	1555	1681	1321	1605	1525	1752	1817	1668	783	2502	1789	2102	846	1962	1421	1834	837	1946	1786	1477	1125	1953	1607	1534	2018	1173	326	1738	1161	1764	1740	1350	1158	1878	575	1341	2976	1700	1751	1573	286	1557	1795	1748	1074	1878	1514	1744	3299	1566	1756	1158	1596	1939	1799	1705	543	72	2779	1747	1963	1774	1575	840	1467	1886	1973	1756	1401	1776	1303	859	1525	1804	1586	1787	418	1214	1655	1313	269	1755	1653
986	1357	832	919	1053	916	781	1099	829	0	425	1034	744	1060	1645	781	829	1102	822	830	1043	802	799	912	1238	923	1163	123	1137	1204	999	848	47	819	1161	1046	947	894	323	1335	839	1114	1082	1165	408	557	888	1118	967	1300	1002	1049	703	949	1169	57	1045	1180	1082	1996	1398	1019	1258	749	435	969	834	1222	925	1328	653	819	681	1053	1163	1422	1155	949	2610	590	28	832	781	874	1162	801	1053	1230	1044	1068	1228	123	1283	828	851	762	820	1172	998	1012	1062	925	943	1296	685	1322	1615	783	2201	1002	457	950	1229	1038	791	1138	1798	88	1097	1275	802	789	1621	357	800	1015	57	1628	2278	1300	756	1059	800	874	893	1147	834	2535	688	2637	1559	1021	1342	1370	1632	46	1014	781	1013	970	1206	1220	888	1018	478	446	692	681	764	618	850	1007	932	1163	1194	1095	26	417	596	1018	1167	1006	967	922	1044	571	1015	703	1004	1094	888	46	1976	987	1367	75	1205	913	1068	63	1147	1004	685	382	1185	892	705	1299	712	1132	1047	478	1053	993	784	463	1457	336	683	2768	972	1060	912	1067	801	1166	1165	406	1061	841	1156	2825	831	1131	478	791	1266	1164	1074	290	872	2302	997	1285	1002	919	643	799	1068	1296	1063	635	1003	587	57	948	1170	888	1088	446	389	961	620	1053	1068	912
611	1479	441	495	1383	492	426	719	1128	425	0	738	906	646	1803	386	1125	1361	496	437	746	504	960	489	852	499	738	546	716	1585	620	1017	434	1245	736	642	1011	673	358	1265	449	738	1009	740	832	526	546	699	1341	884	638	643	495	554	744	426	620	789	1009	1575	1358	669	1606	545	16	552	472	804	502	1026	1079	436	307	631	1167	1768	730	1341	2202	174	400	440	1001	520	737	429	628	1310	619	991	1208	546	860	430	529	349	554	747	618	635	636	502	518	880	746	952	1220	371	2567	638	35	556	816	635	506	755	1373	513	717	859	504	379	1513	771	423	662	371	1233	1856	884	335	649	592	520	846	1120	472	2109	735	3050	1855	596	950	1341	1220	449	672	1001	625	960	848	863	1052	701	55	710	737	307	398	700	655	654	701	738	785	715	409	298	341	701	742	580	551	1140	619	738	592	495	624	696	546	449	1551	683	979	358	1252	516	706	372	1120	664	746	70	824	1034	595	900	378	1452	633	55	647	612	375	37	1059	747	923	3102	576	646	489	1399	429	741	740	716	990	1037	730	2402	439	1330	55	506	849	740	648	616	1151	1881	619	870	648	494	1062	1008	991	880	650	760	650	176	368	528	745	1052	678	710	306	547	198	1383	653	526
268	1254	382	568	2080	568	326	292	1840	1034	738	0	937	473	1586	421	1838	1408	244	387	9	237	963	557	382	569	761	1149	556	2235	282	1009	1068	1778	760	408	828	210	733	762	375	282	585	764	1354	588	214	545	1632	596	224	414	348	356	673	1066	620	377	585	1201	883	170	1797	315	721	486	299	895	549	295	1597	878	444	554	819	1936	746	1976	2130	601	1005	385	1734	252	762	346	619	1050	619	566	805	1149	866	409	210	748	215	659	286	270	646	549	586	590	721	377	707	757	2731	224	707	355	532	397	243	318	1212	1103	293	581	237	768	911	1265	358	181	1000	1346	1690	596	702	446	277	252	565	734	299	1840	696	3376	1900	668	470	887	807	1076	145	1734	322	676	261	267	1021	65	729	1425	693	444	361	742	273	183	178	761	483	294	1032	618	1010	65	656	671	478	1170	615	874	718	348	284	383	214	1076	1374	56	478	999	951	866	215	1010	734	141	721	722	253	976	449	478	949	2156	471	725	412	291	774	719	1199	1362	1067	3152	361	473	557	2095	346	661	764	1057	579	1066	750	2192	387	1274	729	243	588	646	634	1301	1871	1725	277	582	189	566	1530	1067	566	590	469	821	186	589	992	741	649	1021	455	1425	649	464	609	2080	485	330
1083	612	1028	1225	1622	1222	921	1173	1466	744	906	937	0	1265	911	1008	1470	490	885	1030	945	825	56	1213	1299	1228	1496	768	1361	1644	1102	111	791	1067	1494	1215	266	726	552	745	1030	1175	562	1499	745	427	949	1344	728	1471	1065	1221	655	1112	1450	802	1342	1271	562	2130	760	1042	860	656	900	1210	962	1605	1217	1151	904	1328	914	1309	507	999	1483	1388	2978	959	736	1031	1486	966	1496	965	1347	497	1341	561	590	768	1624	1044	890	1214	777	1443	1104	1103	1369	1217	1253	1466	218	1314	1644	1235	1800	1065	911	1113	1397	1203	800	1212	2078	732	1173	1450	825	1246	1043	659	975	1047	769	2071	2571	1471	1180	1247	674	966	420	536	962	2757	243	2447	996	1355	1398	723	1735	783	1022	1486	1138	391	1195	1202	148	969	953	1161	245	914	936	225	663	1042	760	1496	1348	1173	766	619	1226	969	1439	1346	1205	250	1339	177	1379	655	1107	1229	949	783	2252	925	1410	787	497	1389	1105	785	536	1011	218	836	1184	147	502	1390	1285	1709	1255	951	1222	1103	1245	929	1900	892	169	2261	1134	1265	1213	1632	965	1441	1499	392	546	140	1486	3096	1031	424	953	800	1450	1431	1369	995	1526	2603	1097	1455	1042	1223	792	131	561	1465	1264	148	1041	944	760	1346	1436	148	1271	1161	603	1191	998	1622	1277	1064
211	1687	248	186	2014	189	346	205	1751	1060	646	473	1265	0	2024	287	1748	1755	383	248	473	446	1305	184	263	184	288	1184	96	2230	194	1358	1076	1876	286	65	1229	616	859	1234	243	226	1041	291	1453	845	329	80	1876	240	250	59	611	152	202	1069	158	197	1041	938	1354	303	2094	620	633	96	302	422	168	619	1704	525	395	87	1268	2246	273	1988	1716	473	1032	246	1594	304	289	304	155	1486	158	1021	1265	1184	395	241	386	433	508	191	189	203	181	168	181	236	1049	391	585	428	3053	250	611	152	169	76	472	209	814	1146	203	215	446	435	1377	1379	297	292	1009	875	1308	240	400	27	619	304	976	1189	302	1516	1026	3622	2261	218	334	1356	573	1090	327	1594	152	1099	347	360	1380	408	604	1338	1025	395	338	1043	660	290	605	288	141	200	1047	733	763	408	187	227	95	1514	154	1149	273	611	191	111	329	1090	989	438	366	999	1394	471	268	1013	1189	333	1049	678	327	1342	772	272	648	2078	13	602	61	186	443	611	726	1391	1356	3524	133	0	184	2030	304	191	291	1248	1031	1405	277	1840	246	1655	604	472	207	177	164	1261	1764	1339	199	225	285	185	1669	1393	1021	235	6	1124	287	474	1005	325	181	1380	39	1338	765	99	449	2014	12	200
1817	337	1823	2038	2365	2036	1713	1874	2270	1645	1803	1586	911	2024	0	1820	2275	637	1650	1827	1591	1586	855	2026	1965	2041	2294	1648	2118	2287	1835	802	1690	1688	2292	1964	811	1410	1458	911	1823	1867	1003	2297	1532	1286	1695	2103	1113	2182	1784	1970	1442	1876	2225	1702	2138	1963	1003	2743	803	1742	938	1418	1795	1996	1739	2417	2026	1665	1583	2205	1746	2089	768	937	2279	2068	3717	1827	1640	1827	2337	1724	2294	1759	2141	537	2137	1021	798	1648	2415	1846	1640	2081	1519	2215	1839	1830	2166	2026	2065	2176	1058	1929	2228	2101	1460	1784	1804	1876	2116	1951	1562	1904	2799	1620	1875	2166	1586	2112	1038	1470	1772	1751	1675	2887	3273	2182	2042	2001	1409	1724	1050	855	1739	3395	1073	2307	663	2166	2043	775	2365	1680	1717	2337	1877	925	1834	1834	763	1642	1846	2031	1071	1746	1739	1103	1364	1749	1424	2294	2066	1876	1669	1507	2132	1642	2211	2161	1990	731	2134	1089	2201	1442	1839	1956	1695	1680	2959	1603	2043	1694	634	2253	1798	1691	855	1708	1058	1734	1832	772	1281	2061	2180	2452	2018	1844	1970	1840	2113	1822	2724	1722	967	1675	1892	2024	2026	2371	1759	2215	2297	1254	1008	804	2283	3759	1828	521	1846	1562	2172	2202	2161	1869	2338	3309	1830	2168	1752	2036	1457	846	1021	2176	2021	1048	1751	1811	1667	2184	2206	763	2018	2031	1496	1974	1863	2365	2037	1832
228	1483	54	219	1770	217	115	333	1514	781	386	421	1008	287	1820	0	1511	1498	200	50	426	253	1053	207	465	222	488	905	376	1968	235	1108	801	1593	486	265	1011	460	572	1111	62	352	883	491	1168	581	206	357	1592	526	261	268	378	168	446	795	334	403	883	1224	1223	303	1819	404	371	209	121	601	209	678	1419	462	107	307	1092	1973	475	1721	1973	216	753	53	1377	169	488	77	339	1289	333	862	1106	905	616	46	227	329	326	442	233	251	360	209	247	521	800	566	836	340	2781	261	351	170	452	256	273	368	1087	865	331	501	253	352	1307	1093	63	294	733	1071	1582	526	283	281	424	169	776	1022	121	1801	778	3336	2004	349	565	1217	851	814	313	1377	238	902	467	483	1134	366	356	1096	778	107	82	783	481	286	469	488	414	328	770	447	598	366	437	342	205	1258	331	879	380	378	239	313	206	814	1265	366	593	724	1207	467	327	738	1022	308	800	405	444	1101	540	518	528	1839	275	353	271	226	357	356	905	1116	1085	3268	192	287	207	1786	77	439	491	962	869	1149	477	2119	52	1414	356	273	494	431	361	1001	1534	1611	234	510	279	217	1382	1133	862	521	289	862	281	210	728	368	436	1134	310	1096	478	194	207	1770	297	139
1737	2047	1566	1571	275	1568	1548	1845	8	829	1125	1838	1470	1748	2275	1511	0	1649	1608	1562	1847	1601	1516	1569	1974	1574	1742	741	1799	572	1746	1550	787	724	1740	1755	1716	1718	1153	2145	1574	1863	1899	1743	745	1384	1665	1784	1271	1972	1763	1756	1525	1676	1789	785	1676	1909	1899	2624	2196	1792	1580	1573	1142	1651	1596	1745	1584	2133	732	1316	1431	1710	1949	1721	1740	451	2989	1295	854	1564	226	1642	1741	1555	1684	1965	1675	1888	2022	741	1833	1553	1640	1341	1631	1797	1744	1761	1682	1584	1587	1969	1479	2078	2332	1355	2340	1763	1160	1678	1912	1750	1595	1879	2333	788	1842	1948	1601	1353	2438	818	1549	1786	849	2016	2759	1972	1361	1755	1625	1642	1709	1948	1596	3063	1487	2490	1968	1630	2069	2164	2308	783	1793	226	1748	1771	1973	1988	1589	1812	1155	415	1492	1431	1522	1411	1677	1778	1754	1742	1890	1839	823	1238	1022	1812	1793	1612	1652	1560	1676	1324	1601	1525	1750	1813	1665	783	2496	1787	2099	846	1965	1416	1831	836	1948	1784	1479	1123	1950	1610	1534	2014	1168	330	1735	1158	1760	1738	1346	1155	1871	578	1345	2984	1697	1748	1569	291	1555	1790	1743	1077	1879	1517	1739	3292	1563	1761	1155	1595	1935	1794	1700	542	65	2773	1745	1959	1772	1571	846	1471	1888	1969	1752	1403	1774	1300	858	1521	1800	1589	1784	415	1213	1652	1309	275	1752	1651
1571	511	1518	1713	1729	1711	1412	1658	1644	1102	1361	1408	490	1755	637	1498	1649	0	1375	1520	1415	1314	451	1702	1779	1717	1986	1076	1852	1653	1590	400	1141	1052	1984	1705	604	1200	1003	1009	1521	1659	930	1988	914	916	1438	1835	497	1959	1552	1711	1145	1603	1940	1154	1832	1756	930	2608	963	1525	445	1143	1358	1701	1453	2092	1706	1592	947	1794	1402	1799	761	547	1973	1431	3469	1435	1104	1521	1727	1455	1985	1456	1837	576	1831	938	840	1076	2114	1535	1378	1687	1263	1934	1593	1591	1858	1706	1742	1954	706	1785	2113	1709	1324	1552	1372	1603	1885	1693	1288	1696	2568	1057	1658	1938	1314	1719	1267	864	1466	1531	1143	2555	3061	1959	1657	1737	1157	1455	853	834	1453	3241	730	2029	506	1843	1876	922	2214	1128	1504	1727	1627	771	1669	1675	387	1446	1412	1439	731	1402	1426	714	1139	1526	1230	1986	1836	1658	1127	1092	1656	1446	1929	1833	1695	241	1829	629	1865	1145	1595	1718	1438	1128	2742	1402	1886	1163	659	1862	1588	1157	834	1493	706	1290	1660	433	988	1873	1735	1815	1745	1411	1712	1592	1717	1388	2383	1114	438	1770	1624	1755	1702	1735	1456	1932	1988	695	921	350	1975	3584	1522	206	1412	1288	1939	1922	1859	1283	1713	3093	1585	1943	1527	1712	821	365	938	1953	1754	635	1526	1421	1136	1829	1927	387	1761	1439	1071	1681	1474	1729	1767	1554
201	1312	181	397	1856	396	88	305	1609	822	496	244	885	383	1650	200	1608	1375	0	185	251	63	924	385	444	399	644	942	480	2026	219	976	851	1601	642	330	848	262	549	913	178	314	690	647	1174	475	71	463	1526	587	195	336	230	230	578	848	488	401	690	1266	1026	198	1727	237	479	346	90	769	382	530	1422	661	201	439	906	1875	629	1771	2099	357	793	185	1495	80	644	123	491	1114	487	669	915	942	765	207	33	527	132	569	221	224	516	382	422	582	668	506	819	540	2681	195	464	230	512	318	89	346	1193	898	304	565	63	551	1107	1090	137	196	783	1238	1686	587	481	363	241	80	600	833	90	1876	644	3278	1879	520	549	1021	875	862	192	1495	253	725	386	400	998	205	485	1193	643	201	125	666	291	189	269	644	464	303	817	423	769	205	565	516	339	1133	484	781	560	230	224	345	71	862	1366	188	570	779	1026	667	254	791	833	181	668	486	366	959	389	525	717	1929	374	481	337	219	556	475	1077	1157	986	3143	250	383	385	1871	123	569	647	914	677	1025	632	2211	186	1272	485	89	565	557	510	1077	1637	1718	215	571	185	395	1369	1015	669	581	381	748	186	345	776	561	561	998	386	1193	456	324	368	1856	395	183
178	1489	5	213	1821	211	113	282	1565	830	437	387	1030	248	1827	50	1562	1520	185	0	392	245	1073	200	414	215	471	953	340	2018	184	1128	850	1640	469	219	1020	448	612	1098	13	301	875	474	1214	605	175	322	1628	483	213	222	388	119	420	844	315	353	875	1181	1212	258	1849	408	422	180	96	590	199	635	1465	490	150	279	1090	2002	457	1770	1948	267	801	2	1428	136	471	67	319	1293	314	855	1100	953	597	22	207	361	317	414	182	201	342	199	238	478	818	516	787	369	2810	213	402	120	408	209	268	317	1056	913	280	459	245	381	1284	1137	55	248	782	1061	1551	483	314	238	422	136	779	1018	96	1764	796	3374	2027	339	515	1207	805	863	270	1428	187	905	418	433	1152	329	407	1147	796	150	94	806	475	241	452	471	368	277	819	485	643	329	409	334	175	1280	311	906	376	388	188	264	175	863	1233	334	542	774	1208	486	278	787	1018	266	818	455	394	1117	551	469	566	1890	236	404	226	176	386	407	897	1165	1113	3291	142	248	200	1837	67	411	474	1000	862	1171	460	2086	1	1431	407	268	453	402	340	1052	1585	1581	184	467	233	210	1426	1156	855	478	249	886	236	261	776	375	407	1152	267	1147	517	161	257	1821	258	88
268	1259	386	571	2089	571	332	289	1848	1043	746	9	945	473	1591	426	1847	1415	251	392	0	246	971	560	376	571	761	1158	554	2244	282	1017	1077	1787	760	407	835	218	743	763	380	279	589	764	1364	597	219	544	1641	592	224	414	357	358	672	1075	620	372	589	1194	885	169	1805	325	729	487	305	895	551	286	1606	882	451	554	823	1944	746	1985	2125	608	1014	390	1742	257	762	351	620	1055	620	571	808	1158	865	413	217	753	224	658	287	270	647	551	588	586	730	370	699	761	2738	224	715	357	529	396	252	315	1208	1112	290	577	246	772	909	1274	364	181	1009	1345	1685	592	706	445	286	257	572	738	305	1834	704	3385	1907	669	464	889	800	1085	145	1742	322	682	254	259	1028	66	736	1434	701	451	368	751	281	183	185	761	480	292	1041	627	1017	66	655	672	480	1178	616	883	719	357	284	381	219	1085	1369	62	471	1008	956	870	213	1019	738	141	730	731	247	983	457	472	955	2165	471	733	411	291	778	726	1199	1372	1076	3159	362	473	560	2104	351	660	764	1066	583	1074	750	2186	391	1281	736	252	585	645	634	1310	1879	1720	277	578	189	568	1539	1075	571	586	468	829	187	596	1001	743	648	1028	454	1434	658	465	615	2089	484	333
258	1248	241	458	1844	457	138	356	1602	802	504	237	825	446	1586	253	1601	1314	63	245	246	0	862	445	492	460	707	920	543	2006	277	915	834	1567	705	392	785	208	515	858	239	362	631	710	1140	420	125	527	1474	646	246	398	170	294	642	832	552	453	631	1319	970	237	1670	173	487	410	153	832	443	532	1387	708	230	503	844	1817	693	1748	2162	383	773	244	1497	142	708	180	555	1051	551	610	855	920	829	266	65	574	72	633	279	280	579	443	483	641	607	543	863	587	2622	246	475	294	572	380	25	396	1255	874	355	625	0	599	1062	1054	193	238	766	1301	1747	646	527	426	177	142	536	772	153	1934	583	3226	1818	582	596	964	927	843	225	1497	313	662	420	433	935	215	500	1188	582	230	172	607	230	231	220	707	523	355	799	393	796	215	629	578	403	1072	548	725	621	170	282	404	125	843	1428	186	615	764	964	720	297	776	772	213	607	485	402	896	326	576	755	1919	438	497	399	278	603	488	1139	1134	929	3081	313	446	445	1859	180	632	710	869	617	963	696	2271	246	1209	500	25	625	620	574	1065	1633	1780	272	630	229	456	1329	955	610	641	445	689	229	368	758	619	625	935	448	1188	425	388	398	1844	459	247
1119	557	1071	1270	1664	1268	963	1207	1513	799	960	963	56	1305	855	1053	1516	451	924	1073	971	862	0	1258	1330	1274	1541	821	1402	1677	1138	57	846	1094	1539	1254	242	753	607	722	1072	1208	555	1544	787	474	986	1385	726	1508	1100	1260	694	1152	1492	857	1387	1305	555	2161	729	1075	838	691	954	1253	1002	1651	1262	1168	935	1380	960	1351	478	972	1528	1424	3020	1009	791	1073	1537	1004	1541	1008	1391	448	1385	557	563	821	1669	1088	926	1265	812	1485	1141	1139	1413	1262	1298	1502	255	1341	1670	1286	1768	1100	965	1152	1434	1242	837	1245	2117	786	1207	1487	862	1297	1018	702	1018	1080	825	2118	2610	1508	1231	1287	706	1004	429	515	1002	2791	279	2430	955	1400	1428	691	1766	837	1054	1537	1176	384	1223	1230	92	998	1007	1213	280	960	979	272	691	1075	785	1541	1384	1207	822	672	1281	998	1481	1392	1247	209	1383	233	1426	694	1143	1266	986	837	2290	954	1439	843	456	1440	1138	840	515	1043	255	890	1213	94	537	1423	1339	1751	1295	1005	1261	1141	1296	983	1948	939	192	2219	1173	1305	1258	1674	1008	1483	1544	440	541	103	1530	3132	1074	371	1007	837	1488	1473	1413	1047	1574	2642	1133	1492	1076	1269	820	111	557	1502	1304	200	1075	995	816	1394	1478	92	1310	1213	656	1233	1048	1664	1317	1104
298	1688	204	12	1838	11	312	352	1573	912	489	557	1213	184	2026	207	1569	1702	385	200	560	445	1258	0	441	15	284	1034	231	2061	290	1314	923	1732	282	215	1217	646	751	1292	206	375	1075	287	1314	785	361	215	1776	404	344	213	584	204	260	915	137	374	1075	1086	1408	400	2013	608	477	95	294	394	15	761	1564	351	300	143	1290	2169	272	1824	1774	324	886	200	1412	324	284	267	144	1493	136	1054	1300	1034	413	180	403	249	517	261	286	307	160	15	40	400	1006	566	767	246	2976	344	455	205	343	217	468	370	902	1000	349	379	445	254	1467	1247	254	387	859	864	1394	404	215	199	622	324	978	1218	294	1630	985	3512	2208	142	518	1405	741	938	419	1412	261	1105	503	518	1340	494	441	1163	985	300	286	988	675	383	647	284	324	346	897	632	579	494	256	135	99	1463	135	1079	175	584	290	277	361	938	1081	509	550	847	1408	315	390	861	1218	420	1006	531	480	1308	747	456	465	1900	172	439	217	280	261	452	698	1236	1284	3471	207	184	0	1854	267	255	287	1143	1062	1354	274	1936	199	1621	441	468	367	252	166	1094	1584	1422	294	390	375	10	1539	1336	1054	400	189	1066	378	329	856	183	258	1340	223	1163	661	108	292	1838	185	227
253	1634	411	446	2235	448	460	140	1977	1238	852	382	1299	263	1965	465	1974	1779	444	414	376	492	1330	441	0	444	496	1361	283	2433	239	1379	1261	2037	496	228	1209	582	990	1113	403	129	962	499	1609	911	372	284	1966	233	248	229	658	298	393	1256	410	68	962	832	1235	258	2154	646	837	347	406	625	426	401	1860	788	558	341	1196	2298	483	2183	1752	680	1210	412	1832	374	498	437	404	1431	410	944	1176	1361	565	422	427	690	524	375	240	228	427	426	444	228	1080	129	378	688	3099	248	816	296	193	229	514	100	835	1320	142	226	492	695	1206	1528	438	255	1193	1026	1309	233	653	243	624	374	946	1111	406	1462	1055	3717	2276	473	105	1245	437	1273	276	1832	227	1058	138	143	1394	334	819	1560	1053	558	474	1090	641	261	556	496	160	144	1229	862	1016	334	375	485	343	1539	406	1214	527	658	234	166	372	1273	993	378	129	1186	1331	733	195	1199	1111	288	1080	869	134	1350	798	96	907	2303	272	816	224	245	703	820	902	1574	1416	3532	276	263	441	2251	437	381	499	1358	957	1433	488	1811	413	1653	819	514	240	365	406	1467	1995	1344	242	223	262	444	1810	1430	944	228	257	1172	262	676	1187	586	365	1394	223	1560	895	338	664	2235	266	328
308	1703	219	4	1843	7	328	359	1578	923	499	569	1228	184	2041	222	1574	1717	399	215	571	460	1274	15	444	0	269	1045	225	2069	300	1329	933	1743	267	219	1233	660	765	1307	221	381	1089	272	1326	801	375	209	1790	398	354	216	599	215	248	925	124	376	1089	1077	1422	410	2027	623	488	99	309	379	20	769	1575	346	315	136	1305	2184	257	1832	1759	335	897	215	1415	338	269	282	132	1508	123	1069	1314	1045	398	195	418	249	532	249	295	316	146	20	24	395	1022	569	764	244	2991	354	466	216	339	221	483	375	889	1011	356	374	460	251	1479	1259	269	398	870	849	1381	398	217	201	637	338	994	1233	309	1617	1000	3525	2223	126	518	1419	734	948	430	1415	270	1120	509	524	1356	505	450	1169	1001	315	302	1003	690	394	661	269	322	353	907	647	580	505	244	119	105	1478	122	1094	160	599	300	281	375	948	1068	522	550	857	1423	306	399	871	1233	432	1022	543	487	1323	762	455	464	1905	172	449	221	289	259	462	683	1246	1299	3486	216	184	15	1860	282	243	272	1156	1077	1369	259	1923	214	1637	450	483	360	241	153	1102	1589	1408	304	385	386	5	1551	1352	1069	394	189	1082	389	341	866	171	246	1356	223	1169	675	115	303	1843	184	240
496	1956	474	273	2016	275	584	487	1747	1163	738	761	1496	288	2294	488	1742	1986	644	471	761	707	1541	284	496	269	0	1282	218	2264	480	1597	1168	1980	2	353	1490	893	1031	1522	473	505	1322	2	1571	1069	602	223	2055	318	538	347	859	421	104	1158	156	446	1322	882	1641	591	2296	877	730	297	554	134	279	889	1817	429	585	209	1546	2453	15	2038	1489	591	1138	471	1563	571	1	538	152	1758	157	1302	1547	1282	128	454	655	413	775	121	476	491	128	279	244	319	1288	621	692	396	3260	538	709	422	311	364	732	480	634	1252	485	305	707	394	1663	1509	527	580	1108	594	1120	318	410	315	885	571	1244	1469	554	1372	1266	3784	2492	147	521	1642	603	1183	615	1563	439	1369	613	624	1622	696	685	1354	1266	585	563	1272	932	578	887	0	336	482	1145	915	720	696	121	160	304	1747	159	1363	149	859	478	389	602	1183	812	724	551	1093	1669	334	554	1107	1469	621	1288	792	597	1588	1022	453	576	2071	290	685	349	472	402	701	439	1473	1568	3756	409	288	284	2033	538	115	2	1421	1311	1637	11	1665	470	1902	685	732	287	131	133	1310	1748	1146	486	315	572	274	1801	1620	1302	319	292	1350	575	600	1106	224	131	1622	310	1354	943	319	554	2016	276	463
1109	1375	956	1041	950	1038	903	1222	740	123	546	1149	768	1184	1648	905	741	1076	942	953	1158	920	821	1034	1361	1045	1282	0	1259	1086	1122	864	115	698	1280	1170	993	1001	424	1406	963	1237	1158	1284	297	645	1009	1241	889	1424	1124	1173	812	1072	1290	126	1166	1304	1158	2119	1461	1139	1191	857	557	1092	956	1337	1047	1442	535	926	805	1175	1218	1354	1274	829	2719	712	152	956	722	995	1281	924	1174	1263	1165	1146	1288	0	1400	952	970	877	934	1293	1121	1134	1182	1047	1065	1420	743	1444	1738	897	2119	1124	579	1074	1353	1162	908	1261	1916	47	1220	1399	920	903	1697	264	923	1136	175	1734	2394	1424	873	1182	908	995	968	1211	956	2654	749	2530	1511	1141	1465	1431	1755	98	1134	722	1136	1034	1327	1341	905	1135	597	393	754	805	887	674	954	1128	1040	1282	1318	1218	137	530	684	1135	1288	1125	1090	918	1165	604	1134	812	1127	1218	1009	98	2093	1103	1490	188	1248	1022	1189	174	1211	1124	743	505	1306	915	799	1423	810	1031	1170	598	1176	1116	897	584	1563	214	681	2700	1096	1184	1034	963	924	1288	1284	394	1137	848	1274	2941	955	1128	597	908	1390	1286	1195	226	789	2417	1119	1409	1123	1040	536	804	1146	1419	1187	677	1124	710	179	1065	1292	905	1212	393	500	1084	742	950	1191	1035
301	1781	341	228	2068	231	441	272	1803	1137	716	556	1361	96	2118	376	1799	1852	480	340	554	543	1402	231	283	225	218	1259	0	2293	283	1455	1150	1955	217	154	1325	708	948	1318	337	289	1131	220	1534	941	425	18	1968	173	338	148	708	249	119	1142	138	228	1131	859	1439	387	2189	716	704	169	399	351	217	671	1784	536	483	89	1360	2341	204	2055	1619	547	1109	339	1638	400	219	399	131	1580	139	1111	1355	1259	310	331	482	465	604	104	279	290	148	217	212	170	1146	411	547	456	3149	338	682	249	121	166	568	262	717	1223	270	149	543	460	1449	1462	391	376	1084	790	1212	173	439	117	715	400	1070	1279	399	1424	1123	3713	2357	200	326	1442	509	1164	412	1638	241	1193	395	406	1477	492	671	1394	1122	483	432	1139	754	376	696	218	125	268	1122	823	797	492	101	215	172	1611	136	1245	252	708	280	174	425	1164	893	524	358	1073	1487	466	343	1087	1279	418	1146	754	379	1439	869	257	671	2130	106	669	148	277	468	680	646	1464	1451	3621	229	96	231	2085	399	107	220	1338	1122	1501	208	1745	338	1752	671	568	135	91	126	1325	1813	1243	289	160	371	228	1753	1489	1111	169	98	1220	373	550	1080	321	93	1477	101	1394	855	182	518	2068	84	297
2184	2130	2021	2065	333	2062	1982	2296	565	1204	1585	2235	1644	2230	2287	1968	572	1653	2026	2018	2244	2006	1677	2061	2433	2069	2264	1086	2293	0	2195	1693	1175	603	2262	2227	1910	2080	1505	2381	2029	2312	2161	2265	921	1701	2092	2276	1179	2465	2202	2229	1895	2137	2299	1179	2180	2371	2161	3140	2404	2222	1433	1938	1599	2134	2034	2282	2076	2527	743	1848	1875	2205	2151	1537	2261	262	3558	1759	1232	2021	797	2075	2263	1998	2188	2102	2179	2154	2233	1086	2364	2013	2055	1853	2020	2306	2194	2209	2190	2076	2085	2461	1725	2523	2805	1869	1994	2202	1620	2138	2399	2220	1994	2334	2874	1132	2294	2440	2006	1870	2681	1016	1995	2218	1244	2579	3314	2465	1865	2233	1987	2075	1978	2172	2034	3610	1741	1992	1832	2140	2533	2367	2802	1164	2218	797	2205	2008	2409	2423	1727	2221	1625	910	1746	1875	1962	1662	2028	2210	2119	2264	2370	2291	1209	1616	1554	2221	2301	2123	2134	1647	2180	1543	2118	1895	2200	2280	2092	1164	3042	2189	2561	1249	2130	1950	2269	1236	2172	2208	1725	1563	2387	1762	1861	2485	1702	356	2217	1627	2233	2189	1862	1619	2430	872	1486	2652	2160	2230	2061	320	1998	2299	2265	1284	2142	1643	2259	3852	2020	1816	1625	1994	2428	2301	2206	969	602	3330	2193	2451	2204	2065	863	1599	2154	2461	2234	1628	2206	1761	1251	2040	2306	1727	2263	910	1586	2131	1781	333	2236	2104
19	1498	180	300	2004	301	221	100	1748	999	620	282	1102	194	1835	235	1746	1590	219	184	282	277	1138	290	239	300	480	1122	283	2195	0	1190	1022	1798	479	130	1047	425	753	1041	172	118	847	483	1370	694	152	270	1745	369	58	136	447	88	396	1017	338	186	847	1048	1160	113	1946	447	604	208	167	614	279	473	1621	634	320	272	1076	2094	465	1945	1893	451	970	182	1612	141	481	197	337	1297	337	827	1071	1122	590	197	212	515	328	384	4	17	364	279	313	364	884	332	618	519	2899	58	585	87	295	118	302	139	981	1080	98	348	277	529	1191	1290	200	101	954	1070	1472	369	472	168	438	141	789	996	167	1657	859	3496	2093	388	344	1162	659	1034	136	1612	42	911	234	250	1209	216	591	1330	858	320	234	885	473	98	412	480	246	96	990	625	819	216	381	392	201	1348	334	1001	439	447	5	127	152	1034	1152	243	368	947	1203	606	102	960	996	140	884	632	211	1169	601	310	730	2073	190	588	135	10	535	590	919	1335	1206	3355	83	194	290	2019	197	385	483	1128	838	1240	469	1994	183	1480	591	302	349	371	352	1231	1769	1505	5	353	92	298	1574	1232	827	363	190	966	95	445	948	470	374	1209	183	1330	658	187	441	2004	206	95
1171	511	1125	1326	1690	1324	1017	1258	1546	848	1017	1009	111	1358	802	1108	1550	400	976	1128	1017	915	57	1314	1379	1329	1597	864	1455	1693	1190	0	894	1104	1595	1307	251	800	663	725	1127	1258	576	1599	814	530	1038	1438	707	1559	1151	1313	747	1206	1547	905	1442	1355	576	2208	723	1124	800	743	1011	1307	1056	1707	1318	1206	950	1437	1016	1406	475	930	1583	1442	3074	1067	841	1128	1577	1057	1597	1062	1447	417	1441	580	561	864	1724	1143	978	1322	863	1540	1193	1191	1468	1318	1354	1554	309	1387	1715	1343	1721	1151	1022	1206	1485	1295	889	1295	2170	831	1257	1539	915	1354	1017	733	1072	1130	875	2175	2662	1559	1288	1340	756	1057	465	521	1056	2840	332	2394	902	1456	1476	683	1814	885	1103	1577	1228	406	1270	1276	40	1046	1064	1256	333	1016	1034	329	738	1125	831	1597	1436	1257	871	729	1337	1046	1535	1448	1302	161	1438	287	1482	747	1195	1318	1038	885	2343	1002	1486	893	437	1497	1187	890	521	1092	309	947	1260	70	588	1472	1396	1778	1349	1062	1314	1193	1353	1040	2004	974	209	2166	1226	1358	1314	1699	1062	1538	1599	478	563	66	1586	3183	1129	314	1064	889	1540	1527	1468	1090	1608	2695	1185	1543	1126	1324	832	97	580	1553	1357	257	1125	1052	866	1451	1532	40	1363	1256	713	1287	1105	1690	1371	1157
1010	1403	853	929	1015	926	807	1123	787	47	434	1068	791	1076	1690	801	787	1141	851	850	1077	834	846	923	1261	933	1168	115	1150	1175	1022	894	0	812	1165	1065	995	933	366	1382	860	1139	1128	1169	411	602	916	1132	989	1316	1028	1067	741	969	1178	14	1054	1202	1128	2009	1446	1047	1285	788	445	983	859	1221	936	1362	650	811	703	1065	1211	1449	1160	922	2604	603	68	852	734	900	1167	825	1062	1277	1053	1115	1275	115	1285	847	881	762	855	1181	1022	1036	1070	936	953	1311	733	1348	1637	782	2222	1028	467	970	1245	1057	825	1162	1802	97	1121	1291	834	788	1667	370	822	1042	68	1620	2279	1316	758	1076	839	900	939	1195	859	2540	736	2644	1592	1028	1364	1418	1649	16	1043	734	1035	1017	1234	1248	934	1049	484	399	740	703	788	666	890	1034	970	1168	1211	1119	36	454	575	1049	1176	1012	982	965	1053	618	1019	741	1027	1114	916	16	1979	1020	1390	76	1253	907	1094	63	1195	1033	733	397	1212	938	748	1320	698	1093	1062	485	1071	1016	782	471	1449	315	726	2795	993	1076	923	1029	825	1175	1169	446	1108	885	1160	2826	852	1175	484	825	1281	1174	1083	245	828	2302	1020	1301	1029	929	650	844	1115	1311	1079	683	1031	601	75	950	1180	934	1105	399	428	976	632	1015	1083	934
1784	1528	1641	1739	709	1736	1577	1896	716	819	1245	1778	1067	1876	1688	1593	724	1052	1601	1640	1787	1567	1094	1732	2037	1743	1980	698	1955	603	1798	1104	812	0	1977	1859	1333	1598	1052	1812	1648	1909	1609	1981	428	1203	1672	1937	593	2117	1792	1862	1430	1757	1989	821	1865	1984	1609	2814	1824	1800	879	1465	1255	1787	1631	2030	1745	2058	181	1609	1489	1872	1572	1009	1972	384	3397	1409	846	1642	894	1664	1978	1603	1873	1507	1864	1604	1657	698	2096	1640	1625	1572	1565	1992	1798	1809	1881	1745	1763	2113	1179	2108	2416	1592	1623	1792	1277	1758	2045	1849	1551	1937	2613	732	1895	2092	1567	1596	2110	513	1604	1798	873	2407	3088	2117	1570	1873	1510	1664	1435	1602	1631	3352	1198	1879	1278	1840	2142	1786	2445	796	1791	894	1817	1447	1987	2000	1136	1777	1296	768	1203	1489	1566	1122	1540	1791	1638	1980	2007	1893	836	1178	1341	1777	1987	1824	1785	1047	1864	992	1831	1430	1803	1903	1672	796	2790	1740	2166	887	1541	1709	1855	873	1602	1780	1179	1201	1967	1174	1361	2105	1481	789	1863	1297	1865	1794	1590	1282	2240	513	902	2262	1781	1876	1732	711	1603	1986	1981	745	1591	1050	1972	3634	1641	1213	1296	1551	2084	1984	1894	713	788	3110	1795	2101	1787	1738	275	1008	1604	2112	1879	1074	1788	1405	876	1761	1990	1136	1903	768	1145	1778	1440	709	1885	1717
495	1954	472	271	2014	273	582	486	1745	1161	736	760	1494	286	2292	486	1740	1984	642	469	760	705	1539	282	496	267	2	1280	217	2262	479	1595	1165	1977	0	352	1488	892	1029	1520	472	504	1321	4	1568	1067	600	222	2053	319	537	346	857	419	104	1155	154	445	1321	884	1640	590	2294	875	728	295	552	135	277	888	1815	427	582	207	1544	2451	13	2036	1492	589	1136	469	1561	569	2	536	150	1756	155	1300	1546	1280	130	452	653	411	773	121	474	490	127	277	242	320	1286	620	693	394	3258	537	707	420	311	363	730	479	637	1249	484	306	705	392	1662	1506	525	578	1105	596	1122	319	407	314	883	569	1242	1467	552	1374	1264	3782	2490	144	521	1641	605	1181	614	1561	438	1368	612	624	1620	695	683	1352	1264	582	561	1269	930	577	885	2	335	481	1143	913	718	695	121	158	302	1745	158	1361	146	857	476	388	600	1181	815	723	551	1091	1667	333	553	1105	1467	619	1286	789	596	1586	1021	453	575	2069	288	682	348	471	400	699	440	1471	1566	3754	407	286	282	2031	536	115	4	1419	1310	1635	9	1667	468	1900	683	730	287	131	131	1308	1746	1148	484	316	571	272	1798	1618	1300	319	291	1348	574	597	1103	222	131	1620	309	1352	941	318	552	2014	275	462
