NAME : VRPTW_INSTANCE_218.txt
COMMENT : Bangkok Supermarket
TYPE : VRPTW
DIMENSION : 316
DAYS : Sunday
EDGE_WEIGHT_TYPE : EXPLICIT
VEHICLES : 37
EDGE_WEIGHT_FORMAT : FULL_MATRIX
CAPACITY : 1000
EDGE_WEIGHT_SECTION
0	612	581	166	170	963	148	1524	116	124	3543	1805	113	1739	675	330	1005	288	965	135	1585	305	462	403	553	1123	509	262	456	204	829	399	1902	67	855	284	404	23	666	541	131	88	1053	396	390	1452	369	399	300	1655	2631	1535	1132	405	404	1768	325	389	431	356	431	1484	371	2163	887	1291	118	566	968	404	1686	309	1420	1336	1116	1481	101	173	193	644	1057	153	672	1068	1541	968	1346	201	135	582	719	1029	770	329	977	2089	135	1194	231	1606	284	524	786	1013	1417	736	1640	376	221	1250	2150	1702	371	102	1807	1753	400	620	133	309	404	439	306	127	2291	650	366	281	76	369	533	307	719	1077	218	104	2205	963	1109	691	332	633	101	1011	904	88	503	1935	1132	2753	395	91	133	1077	350	497	726	1079	1627	350	1409	202	196	211	119	410	589	802	195	359	525	2400	1974	110	910	798	350	1142	2014	367	155	155	386	1499	584	1067	1300	284	258	401	1627	404	1727	657	1119	900	283	193	1104	372	206	737	636	1142	721	101	1627	223	2222	280	85	422	372	2014	300	211	193	1067	910	1172	212	419	1080	715	196	223	311	213	556	1921	535	596	83	229	1109	589	865	582	1139	606	586	210	428	395	337	103	459	183	170	309	1016	993	85	216	441	104	395	264	936	2691	225	1406	248	1988	112	393	314	417	206	203	556	419	411	404	2044	46	1633	4117	85	314	255	2232	449	366	1051	272	124	1179	2189	932	606	201	196	637	653	155	283	313	745	985	2125	283	413	221	379	512	491	1105	101	171	261	2511	193	309	202	1412
612	0	1172	493	486	1500	656	918	496	487	3997	2380	499	2329	740	876	1615	750	1554	742	1309	764	456	607	463	1502	1118	832	549	578	1393	605	1487	603	1260	852	765	588	1186	1021	573	525	1150	222	871	1851	408	544	851	2149	3230	1105	1652	608	367	2309	934	735	850	679	850	2064	881	2708	1477	1421	607	359	1577	611	2292	917	1012	1891	738	2007	638	581	589	990	569	765	609	1649	2101	1580	1277	795	581	1118	1263	1641	321	654	1333	2649	683	1569	551	2176	852	125	1305	1624	840	1122	2208	237	833	1813	2641	1090	881	598	2413	2339	749	1055	681	305	876	799	767	585	2890	461	674	388	582	399	1128	905	1261	1690	677	603	2809	1500	1721	1002	599	1075	513	1624	1257	525	716	1400	1652	3204	892	687	723	1690	418	960	1273	1692	2215	699	1959	419	576	675	493	613	1183	1411	421	852	1003	2791	1842	688	1518	309	928	1754	2596	673	766	766	885	2111	1176	1679	1799	852	836	607	2215	876	2299	740	1634	1379	328	773	1479	400	819	1344	1225	1754	1333	513	1106	430	2822	880	599	858	400	2586	851	675	589	1679	1518	1683	671	193	1693	1061	786	579	320	439	1152	2491	339	600	594	817	1200	1132	1393	1176	564	896	444	679	907	892	948	597	326	544	606	856	1628	688	605	673	995	603	848	867	366	3231	549	1963	848	2537	653	591	430	965	819	776	1152	928	890	766	2526	602	2231	4658	599	745	867	2844	1040	426	499	720	586	628	2580	1286	967	419	786	809	1182	766	856	299	1096	1587	2662	856	614	833	674	226	1087	1489	513	554	406	2963	779	856	646	835
581	1172	0	679	686	825	517	2054	691	699	3362	1224	688	1159	877	548	470	458	384	486	1827	451	860	696	1109	1219	298	511	789	607	658	695	2235	572	987	507	534	604	251	329	599	668	1428	949	659	1467	821	745	540	1496	2185	1904	992	697	870	1503	272	803	452	589	451	1141	612	1867	601	1608	648	1008	539	694	1123	283	1783	1079	1496	1275	534	706	593	562	1513	447	974	775	1248	502	1445	479	592	610	220	507	1351	799	1136	1760	489	1281	641	1025	507	1066	317	480	1914	934	1061	937	374	985	1957	2258	612	644	1245	1172	549	417	491	869	674	811	448	670	1718	1041	602	792	640	827	52	274	223	589	511	643	1638	825	592	623	834	407	668	525	1086	668	692	2375	992	2597	636	494	524	589	803	365	217	569	1046	563	1157	754	606	509	695	697	20	278	754	637	700	2346	2052	557	513	1380	468	616	1433	604	458	458	631	1003	6	560	1176	507	493	695	1046	674	1387	854	995	902	849	512	1211	828	404	397	54	616	244	668	2066	804	1650	419	634	429	828	1433	540	509	593	560	513	1045	669	983	592	968	492	612	890	793	37	1580	1111	893	579	480	1481	597	776	14	1646	624	983	505	669	636	269	646	931	634	687	547	497	1347	629	514	531	643	697	317	1452	2384	640	1136	333	1691	519	703	775	543	404	396	37	619	665	533	1875	610	1217	3785	634	481	373	1687	132	808	1632	486	586	1666	2147	1107	532	781	492	763	227	458	497	879	982	418	1850	497	699	374	614	1019	92	1199	668	622	841	2365	395	547	683	1910
166	493	679	0	7	1129	162	1385	105	104	3708	1889	105	1835	540	496	1129	275	1060	297	1424	291	299	275	563	1276	659	428	307	109	994	271	1736	123	1009	450	342	148	707	554	80	126	1148	270	547	1610	203	253	466	1821	2783	1369	1298	277	239	1933	452	512	403	269	403	1644	533	2327	1047	1399	248	400	1113	277	1800	435	1254	1500	950	1647	147	278	112	594	896	304	517	1229	1704	1107	1208	365	87	748	777	1157	707	438	1125	2251	190	1347	108	1686	450	388	828	1137	1266	885	1718	260	360	1414	2316	1580	533	230	1922	1846	332	611	188	195	560	571	294	242	2397	484	273	121	196	202	635	415	776	1214	195	235	2316	1129	1239	629	420	628	88	1147	1050	126	392	1775	1298	2917	556	208	299	1214	184	498	786	1211	1721	275	1574	84	103	191	109	283	690	924	92	518	685	2559	1832	275	1059	727	515	1270	2103	274	312	312	546	1638	682	1199	1466	450	424	274	1721	560	1888	525	1285	1063	181	359	1256	206	355	887	732	1270	851	88	1466	221	2329	441	218	403	206	2096	466	191	112	1199	1059	1338	350	308	1217	856	362	121	248	215	660	2083	510	445	108	394	1205	756	1031	683	990	532	420	194	586	556	468	230	295	67	289	474	1144	828	221	191	607	235	547	380	789	2855	102	1571	361	2152	161	261	148	583	355	283	660	581	568	344	2210	189	1786	4281	218	283	404	2357	548	200	967	247	93	1025	2348	1079	561	162	362	526	700	312	449	209	888	1095	2291	449	286	360	282	357	595	1258	88	70	252	2676	289	474	333	1261
170	486	686	7	0	1133	170	1378	104	102	3712	1897	104	1843	542	499	1136	282	1068	302	1422	298	297	277	558	1278	665	433	307	115	998	273	1732	129	1011	454	348	152	714	561	87	126	1146	263	549	1612	200	254	469	1825	2789	1364	1302	279	234	1937	459	512	410	273	409	1650	536	2332	1052	1398	249	396	1119	279	1807	441	1250	1505	946	1651	154	277	119	600	891	309	516	1234	1709	1113	1208	370	95	752	784	1164	700	437	1126	2257	197	1348	112	1693	454	381	835	1144	1260	886	1726	253	366	1419	2319	1573	536	231	1929	1854	337	617	196	187	562	571	301	242	2404	481	278	115	198	199	643	423	783	1220	202	236	2324	1133	1246	634	418	634	89	1154	1051	126	395	1769	1302	2921	558	214	303	1220	181	505	793	1218	1729	280	1579	76	109	198	108	286	697	932	86	520	688	2562	1832	279	1065	719	520	1277	2111	278	318	318	549	1644	690	1206	1470	454	428	276	1729	562	1893	527	1289	1066	174	363	1258	202	361	894	739	1277	858	89	1460	217	2336	446	219	410	202	2103	469	198	119	1206	1065	1342	352	300	1224	856	367	127	242	210	667	2088	503	445	115	399	1202	760	1035	690	984	536	417	201	588	558	475	231	290	73	289	478	1151	824	223	198	611	236	548	387	783	2860	106	1576	368	2157	168	263	145	587	361	290	667	584	571	349	2214	192	1793	4286	219	289	410	2364	555	197	960	254	100	1018	2350	1080	566	157	367	528	708	318	453	201	888	1102	2295	453	288	366	287	351	602	1260	89	77	248	2679	296	478	333	1255
963	1500	825	1129	1133	0	1037	2407	1058	1066	2595	1562	1056	1421	1572	639	725	1093	922	835	2525	1100	1420	1319	1167	503	563	701	1394	1138	167	1315	2865	1014	423	679	1222	982	1076	1124	1079	1026	1018	1322	629	657	1332	1337	667	703	1783	2498	175	1321	1368	810	776	783	1176	1231	1175	601	620	1208	273	1068	912	1529	491	1318	1244	790	2384	394	2080	517	1013	924	1123	1351	2012	840	1613	259	606	561	2213	765	1078	386	1029	698	1502	856	524	1150	997	542	1174	1431	679	1449	1123	722	2340	504	1470	1293	812	327	1192	2527	620	926	1335	1458	1230	1224	997	1236	624	728	1097	930	1826	1611	1245	1242	953	1332	803	842	1033	627	1087	921	1708	0	708	1413	913	1219	1056	608	530	1026	1377	2884	175	1812	607	942	830	627	1313	1137	1021	680	1346	1210	459	1154	1132	1080	1058	1324	806	681	1142	647	501	1523	2837	856	442	1551	615	745	1703	1247	826	826	615	874	820	669	358	679	705	1317	1346	624	813	1551	172	217	1207	770	508	1335	798	442	833	745	628	1056	2579	1076	1761	698	931	1154	1335	1753	667	1080	1123	669	442	224	832	1323	628	588	767	1155	1184	1068	796	998	1251	1531	1031	735	1050	375	108	810	2062	1383	1547	1076	594	607	756	927	1421	1134	900	660	687	1954	926	1087	522	921	654	843	1859	1734	1169	467	859	1037	1008	1315	1277	548	798	944	796	572	609	1222	1093	947	821	3162	931	1130	756	1631	833	1328	1797	1106	1067	2115	1322	530	1314	1104	767	1488	1052	826	680	1230	569	829	1166	680	1326	812	1259	1463	804	486	1056	1120	1094	1573	920	660	857	2334
148	656	517	162	170	1037	0	1541	205	211	3630	1727	202	1672	553	433	972	141	898	214	1489	159	391	285	682	1244	527	359	357	105	890	282	1833	89	977	377	256	155	552	409	82	198	1201	433	513	1565	322	300	403	1738	2644	1476	1210	287	368	1828	306	535	285	217	284	1521	486	2218	924	1438	266	522	970	285	1639	288	1358	1392	1056	1551	46	321	90	496	1029	198	575	1110	1591	959	1220	284	75	670	617	1002	862	478	1105	2135	40	1315	143	1523	377	549	673	981	1413	864	1556	423	230	1303	2229	1741	486	250	1762	1683	253	480	40	357	529	582	160	275	2234	584	229	275	223	326	475	260	616	1063	71	253	2155	1037	1084	543	480	494	178	997	1034	198	369	1906	1210	2843	513	101	239	1063	303	359	626	1057	1558	207	1468	242	101	62	210	291	529	768	246	482	640	2508	1849	235	920	884	426	1114	1941	230	215	215	503	1487	521	1046	1385	377	348	284	1558	529	1767	533	1201	1000	340	292	1227	328	239	752	570	1114	698	178	1595	338	2167	339	234	277	328	1934	403	62	90	1046	920	1254	357	470	1067	851	287	119	397	328	499	1963	648	494	83	313	1258	674	945	522	1140	459	520	61	548	513	324	251	429	119	318	413	990	922	233	68	528	253	525	230	942	2746	139	1461	210	2042	38	280	270	510	239	124	499	530	533	257	2128	194	1651	4168	234	166	283	2199	387	312	1128	124	70	1168	2298	1062	458	294	287	500	543	215	373	369	879	934	2186	373	294	230	243	507	435	1226	178	106	375	2602	136	413	349	1409
1524	918	2054	1385	1378	2407	1541	0	1408	1400	4826	3218	1411	3188	1362	1792	2513	1602	2424	1656	1220	1612	1214	1391	1270	2339	2033	1750	1302	1446	2307	1391	1052	1505	2123	1770	1569	1500	2015	1839	1463	1439	1844	1127	1779	2681	1234	1331	1769	3027	4148	792	2551	1391	1185	3210	1838	1626	1662	1491	1662	2980	1794	3608	2395	2094	1525	1062	2492	1394	3176	1820	808	2800	815	2903	1533	1497	1460	1728	625	1676	1204	2565	3012	2490	1523	1712	1469	2029	2103	2543	941	1551	2168	3557	1574	2399	1412	3010	1770	1000	2123	2522	242	1988	3038	1148	1741	2725	3511	303	1794	1517	3299	3192	1551	1840	1573	1215	1783	1686	1615	1503	3760	1070	1481	1266	1499	1228	2015	1801	2100	2599	1543	1521	3687	2407	2625	1713	1494	1862	1423	2532	2096	1439	1454	671	2551	4040	1802	1591	1640	2599	1251	1777	2115	2597	3072	1516	2866	1323	1447	1544	1406	1393	2067	2310	1328	1763	1905	3587	1845	1606	2434	888	1847	2655	3439	1479	1679	1679	1795	3022	2058	2584	2685	1770	1754	1392	3072	1783	3213	1376	2530	2267	1241	1691	2314	1226	1730	2260	2104	2655	2237	1423	526	1347	3693	1797	1517	1677	1226	3416	1769	1544	1460	2584	2434	2577	1586	1108	2602	1915	1703	1441	1238	1356	2039	3402	1167	1258	1493	1735	1878	2045	2299	2060	420	1621	1111	1548	1813	1802	1853	1515	1124	1422	1523	1773	2530	935	1523	1540	1911	1521	1752	1766	602	4127	1413	2873	1746	3440	1547	1379	1278	1881	1730	1666	2039	1840	1798	1570	3392	1517	3149	5549	1517	1586	1779	3740	1927	1248	702	1572	1476	440	3380	2123	1720	1336	1703	1482	2017	1679	1774	1213	1948	2472	3558	1774	1393	1741	1474	1035	1976	2329	1423	1435	1322	3802	1674	1773	1561	239
116	496	691	105	104	1058	205	1408	0	8	3625	1913	3	1850	646	419	1121	341	1075	248	1518	359	394	380	480	1179	624	359	411	200	931	376	1816	123	913	381	432	92	754	615	138	32	1043	282	456	1516	292	358	390	1742	2744	1444	1224	382	318	1866	440	408	481	365	480	1592	448	2263	997	1294	152	477	1083	382	1801	423	1332	1437	1028	1575	167	174	197	682	954	269	617	1175	1644	1084	1312	307	146	673	815	1145	664	333	1025	2192	214	1250	209	1712	381	410	875	1129	1305	787	1746	260	337	1353	2237	1586	448	136	1922	1863	423	683	212	193	469	468	361	142	2404	571	371	188	106	289	643	417	815	1193	261	141	2319	1058	1225	722	315	698	27	1127	950	32	496	1831	1224	2833	468	197	236	1193	274	564	823	1195	1737	367	1509	95	192	255	5	388	699	917	84	429	596	2467	1936	205	1025	690	452	1258	2123	372	270	270	459	1615	694	1183	1387	381	358	379	1737	469	1833	631	1209	978	167	293	1159	292	322	851	745	1258	837	27	1523	133	2336	391	127	477	292	2121	390	255	197	1183	1025	1261	253	303	1196	754	301	216	200	124	667	2027	443	548	123	333	1100	683	956	693	1027	627	509	257	495	468	453	135	366	161	187	398	1132	913	132	258	536	141	452	376	823	2790	203	1508	359	2089	183	367	240	510	322	300	667	497	478	433	2130	112	1745	4217	127	358	371	2348	558	293	940	318	142	1070	2255	979	647	91	301	630	744	270	381	197	787	1098	2223	381	391	337	382	406	602	1162	27	157	169	2591	296	398	233	1300
124	487	699	104	102	1066	211	1400	8	0	3632	1920	11	1858	644	426	1129	346	1083	256	1513	364	389	379	475	1184	633	367	408	201	939	375	1809	130	919	389	434	100	761	620	141	40	1044	273	463	1522	286	356	398	1749	2753	1437	1231	381	312	1874	448	412	485	366	484	1600	455	2271	1005	1295	159	470	1092	381	1809	432	1325	1445	1021	1583	174	178	200	685	947	277	613	1183	1652	1092	1309	316	150	680	822	1154	657	335	1030	2200	220	1255	209	1719	389	402	882	1137	1297	792	1753	252	346	1361	2244	1578	455	142	1930	1871	425	687	219	185	475	472	365	147	2412	565	372	181	113	283	651	425	821	1202	266	148	2327	1066	1233	724	316	703	33	1136	954	40	496	1823	1231	2840	475	205	244	1202	269	569	830	1204	1745	369	1517	88	194	260	7	388	707	925	76	436	603	2472	1933	213	1033	683	460	1266	2131	373	279	279	465	1624	702	1191	1394	389	366	378	1745	475	1841	629	1216	985	159	301	1164	287	331	860	753	1266	845	33	1515	129	2344	399	134	481	287	2129	398	260	200	1191	1033	1269	258	294	1205	759	309	218	192	120	675	2035	437	544	129	341	1101	690	964	701	1018	629	503	261	502	475	461	142	359	162	192	405	1141	907	139	262	543	148	458	385	815	2798	203	1516	367	2097	190	365	236	517	331	308	675	504	484	435	2137	120	1754	4225	134	362	379	2357	566	288	933	322	147	1061	2260	983	650	84	309	629	751	279	389	188	791	1107	2231	389	390	346	383	398	610	1167	33	159	164	2598	304	405	238	1292
3543	3997	3362	3708	3712	2595	3630	4826	3625	3632	0	3340	3624	3177	4168	3213	3029	3688	3270	3423	5120	3694	4005	3913	3568	2497	3147	3282	3987	3729	2751	3910	5441	3599	2738	3261	3815	3560	3597	3686	3666	3594	3006	3861	3169	2149	3912	3929	3243	1892	1897	5066	2420	3915	3943	1865	3368	3268	3763	3826	3762	2255	3177	1552	2765	2792	3473	4102	2846	3913	2941	3384	4956	2282	4653	2093	3603	3468	3715	3919	4552	3432	4206	2586	2123	2905	4798	3351	3666	2962	3523	2981	3886	3353	2667	1697	3590	2432	3764	3371	3261	3978	3602	3019	4820	2875	3395	3828	3408	2376	1407	4858	3177	3489	2909	3222	3824	3779	3590	3782	3158	3203	3692	3487	3062	4193	3840	3813	3519	3910	3355	3434	3528	2868	3682	3484	2956	2595	2920	3982	3403	3769	3628	2911	2742	3594	3972	5395	2420	793	3156	3533	3411	2868	3893	3710	3512	2919	3202	3806	2205	3719	3722	3675	3624	3919	3341	3127	3705	3196	3029	1258	5413	3433	2856	3939	3204	2926	3297	3842	3416	3416	3166	2632	3356	2919	2244	3261	3289	3912	3202	3158	2033	4146	2429	2646	3753	3352	2521	3914	3392	2968	3351	2926	3123	3628	5103	3611	3046	3291	3497	3740	3914	3401	3243	3675	3715	2919	2856	2376	3378	3848	2866	2935	3352	3746	3710	3606	3342	1872	3683	4125	3617	3322	2983	2957	2685	3347	4554	3966	4129	3671	3130	3156	3348	3489	3991	3721	3447	3234	2982	4537	3493	3682	3105	3484	3179	3437	4362	1155	3758	2226	3454	1711	3599	3910	3857	3126	3392	3539	3342	3128	3148	3815	1502	3520	2294	1177	3497	3725	3352	2703	3405	3909	4135	3701	3655	4624	1454	2715	3886	3653	3352	4080	3574	3416	3264	3772	2901	3153	1543	3264	3921	3408	3855	4015	3367	2509	3628	3708	3619	1035	3515	3234	3401	4813
1805	2380	1224	1889	1897	1562	1727	3218	1913	1920	3340	0	1910	170	1892	1714	890	1633	842	1707	2675	1620	2004	1827	2324	2066	1401	1701	1915	1802	1471	1827	3155	1791	1942	1691	1649	1827	1204	1379	1809	1892	2507	2158	1808	2139	1997	1888	1717	1875	1612	2898	1629	1827	2045	1665	1491	1981	1556	1730	1556	1306	1765	1827	1313	2613	1869	2156	1087	1824	413	1504	2780	1470	2539	1660	1751	1925	1791	1507	2626	1669	2037	1319	1466	1028	2183	1688	1802	1642	1120	897	2575	1996	2071	1670	1705	2100	1831	207	1691	2266	1094	888	3046	1960	183	2150	1595	1420	2132	3449	1765	1867	431	124	1667	1380	1706	2084	1819	1970	1617	1892	599	2153	1739	1993	1864	2004	1273	1498	1122	940	1703	1865	587	1562	861	1536	2040	1358	1889	973	2057	1892	1767	3423	1629	2725	1780	1717	1742	940	1982	1441	1109	893	215	1705	1510	1969	1804	1705	1917	1825	1217	1055	1971	1796	1787	2714	2629	1776	1150	2603	1629	823	223	1740	1679	1679	1779	813	1221	906	1745	1691	1686	1826	215	1819	1421	1873	1653	1762	2066	1720	2071	2005	1623	1260	1169	823	1149	1889	3128	2028	546	1614	1857	1542	2005	209	1717	1705	1791	906	1150	1672	1877	2197	939	2025	1701	1802	2113	2017	1251	1520	2334	1971	1797	1682	2551	1621	1604	1223	2799	1612	2107	1701	1803	1780	1484	1868	2104	1836	1904	1721	910	2385	1852	1707	1646	1865	1850	1541	2620	2193	1832	1467	1557	1707	1736	1839	1961	1671	1623	1613	1251	1751	1806	1648	2117	1834	1132	3361	1857	1643	1586	787	1356	1981	2853	1663	1798	2799	2573	2065	1507	2003	1701	1763	1204	1679	1682	2095	2024	849	1864	1682	1825	1595	1744	2202	1315	2048	1889	1826	2065	2552	1616	1721	1894	3044
113	499	688	105	104	1056	202	1411	3	11	3624	1910	0	1847	646	417	1118	339	1072	245	1519	357	395	379	482	1179	621	357	410	198	928	375	1817	120	912	379	430	89	752	612	135	30	1044	284	455	1515	292	358	388	1741	2741	1445	1222	382	319	1864	437	408	478	363	478	1590	446	2261	994	1295	151	478	1080	381	1798	420	1333	1435	1030	1573	164	174	196	680	956	266	617	1173	1642	1081	1312	305	144	671	812	1142	667	333	1025	2190	211	1249	208	1709	379	413	873	1126	1308	786	1743	263	334	1351	2236	1589	446	135	1919	1860	421	680	209	196	467	468	358	141	2401	572	370	189	104	290	640	414	812	1190	259	140	2316	1056	1222	720	316	695	25	1124	949	30	495	1833	1222	2832	467	193	234	1190	275	561	820	1192	1734	365	1507	97	190	253	7	388	696	914	86	428	595	2466	1936	203	1022	693	450	1255	2120	371	267	267	458	1612	691	1180	1386	379	356	378	1734	467	1831	630	1207	977	170	290	1158	293	319	849	742	1255	834	25	1525	136	2333	388	126	474	293	2118	388	253	196	1180	1022	1260	252	306	1193	754	298	215	203	126	664	2025	445	548	120	331	1101	681	955	690	1029	626	510	254	494	467	450	134	367	160	187	396	1129	914	131	255	534	140	451	373	826	2788	202	1506	356	2087	180	366	241	508	319	297	664	496	477	431	2128	110	1743	4215	126	356	368	2345	555	293	943	316	140	1072	2254	978	645	94	298	629	742	267	379	199	786	1095	2222	379	391	334	380	408	599	1161	25	156	172	2590	293	396	232	1303
1739	2329	1159	1835	1843	1421	1672	3188	1850	1858	3177	170	1847	0	1887	1621	780	1590	775	1633	2709	1579	1974	1798	2242	1923	1306	1614	1888	1755	1340	1797	3181	1731	1812	1602	1620	1762	1174	1350	1755	1827	2386	2106	1709	1982	1957	1856	1626	1708	1478	2909	1478	1798	2006	1495	1418	1887	1526	1696	1526	1139	1667	1658	1181	2481	1794	2126	958	1795	243	1433	2789	1309	2537	1495	1693	1848	1742	1500	2609	1597	2025	1173	1298	904	2227	1607	1748	1529	1084	780	2507	1908	1937	1502	1647	1954	1785	245	1602	2218	1073	777	3026	1838	249	2095	1523	1263	1962	3408	1667	1793	275	46	1637	1364	1649	2028	1719	1870	1575	1817	576	2132	1707	1944	1793	1964	1206	1432	1087	809	1656	1791	528	1421	734	1536	1954	1343	1827	849	1926	1827	1748	3425	1478	2556	1681	1653	1666	809	1941	1412	1072	766	116	1671	1347	1912	1755	1656	1854	1796	1150	962	1913	1700	1677	2544	2701	1701	1024	2537	1537	694	289	1708	1605	1605	1681	646	1156	780	1588	1602	1600	1796	116	1719	1251	1866	1504	1626	2009	1639	1929	1965	1549	1148	1105	694	1054	1827	3126	1959	513	1530	1784	1510	1965	332	1626	1656	1742	780	1024	1520	1793	2142	807	1906	1620	1756	2049	1949	1183	1350	2260	1955	1739	1599	2429	1507	1469	1157	2771	1604	2083	1652	1701	1681	1409	1795	2066	1786	1826	1629	794	2382	1779	1659	1544	1791	1751	1474	2586	2033	1786	1303	1491	1537	1678	1809	1918	1571	1549	1554	1183	1649	1705	1619	1947	1765	961	3226	1784	1603	1508	685	1292	1942	2790	1620	1743	2777	2405	1933	1496	1939	1620	1757	1171	1605	1594	2038	1904	760	1695	1594	1796	1523	1714	2161	1248	1906	1827	1775	1996	2381	1554	1629	1812	3023
675	740	877	540	542	1572	553	1362	646	644	4168	1892	646	1887	0	986	1336	479	1174	768	960	474	303	272	1046	1796	1025	912	241	471	1416	276	1358	609	1528	930	356	668	733	568	544	666	1682	611	1063	2118	398	288	957	2275	3060	1038	1748	270	412	2340	800	1052	426	343	427	2003	1038	2720	1422	1938	782	385	1412	271	1921	784	917	1904	650	2078	590	818	482	386	745	749	158	1608	2093	1379	670	837	540	1219	830	1377	1055	979	1653	2624	590	1867	446	1685	930	621	817	1346	1167	1412	1709	633	762	1812	2762	1627	1038	764	2042	1884	345	526	590	615	1078	1109	476	780	2463	312	329	501	730	406	862	735	826	1466	492	768	2407	1572	1462	357	959	547	628	1402	1580	666	196	1540	1748	3384	1065	654	791	1466	405	517	843	1442	1771	362	1982	584	479	500	650	265	897	1155	600	1032	1193	3060	1298	781	1376	1048	975	1482	2116	327	767	767	1055	1873	883	1434	1927	930	901	274	1771	1078	2251	23	1741	1551	629	845	1778	403	781	1228	912	1482	1116	628	1238	743	2399	884	749	449	403	2081	957	500	482	1434	1376	1794	884	664	1469	1390	840	452	715	740	882	2445	955	139	592	866	1739	1221	1487	889	945	283	302	503	1099	1065	820	764	426	496	827	967	1368	496	751	492	1078	768	1070	730	802	3244	452	1969	713	2543	589	282	427	1062	781	629	882	1083	1083	357	2665	714	2094	4655	749	443	818	2502	791	386	1220	467	551	926	2851	1608	391	680	840	129	744	767	926	637	1421	1255	2695	926	262	762	314	514	837	1777	628	506	764	3145	654	967	869	1165
330	876	548	496	499	639	433	1792	419	426	3213	1714	417	1621	986	0	845	532	885	218	1914	544	792	717	633	814	314	74	781	523	518	714	2231	388	547	59	667	347	741	688	455	387	884	686	112	1131	699	723	30	1325	2357	1862	804	719	732	1448	305	266	655	648	654	1188	67	1845	606	1083	274	893	738	718	1526	306	1749	1021	1445	1156	398	294	509	866	1373	241	999	773	1230	759	1652	150	457	254	753	855	939	291	682	1779	396	884	555	1530	59	814	843	850	1709	447	1568	658	258	940	1820	1940	67	287	1641	1643	669	788	396	598	128	263	543	294	2139	980	660	605	313	698	497	353	755	872	496	282	2041	639	922	923	342	793	418	811	615	387	800	2247	804	2422	95	332	199	872	680	669	754	890	1516	633	1092	515	516	488	419	724	544	660	503	88	209	2075	2282	220	673	980	85	960	1907	662	221	221	88	1275	548	876	970	59	88	716	1516	128	1424	967	790	570	569	141	797	702	225	504	595	960	567	418	1941	446	2071	141	292	637	702	1924	30	488	509	876	673	843	207	691	875	452	146	541	555	437	512	1617	679	921	406	123	939	263	537	541	1431	860	916	486	133	95	296	288	784	510	269	21	841	1324	287	496	119	282	148	323	1227	2372	549	1093	328	1672	397	710	644	91	225	380	512	99	123	667	1714	309	1360	3800	292	568	214	2036	452	696	1237	533	445	1480	1865	642	826	467	146	927	721	221	67	594	475	865	1805	67	727	258	675	824	465	794	418	497	470	2181	354	21	232	1704
1005	1615	470	1129	1136	725	972	2513	1121	1129	3029	890	1118	780	1336	845	0	928	242	885	2269	922	1329	1167	1473	1221	532	845	1260	1069	602	1165	2693	1012	1064	831	1002	1029	623	769	1050	1094	1618	1395	930	1367	1286	1215	852	1248	1724	2370	840	1168	1334	1169	681	1108	916	1060	916	774	888	1492	454	1736	1041	1477	239	1165	685	698	2249	799	1964	1013	981	1090	1054	987	1983	855	1442	535	912	165	1854	848	1044	752	532	48	1756	1134	1201	1367	939	1266	1104	728	831	1517	591	10	2381	1072	768	1378	783	716	1653	2706	888	1043	804	806	1018	833	941	1310	939	1090	918	1065	1297	1512	1073	1247	1049	1291	502	713	537	161	975	1040	1204	725	126	1043	1183	816	1102	129	1178	1094	1158	2846	840	2297	901	928	913	161	1268	818	518	114	682	1034	868	1196	1067	973	1124	1168	453	204	1194	921	898	2128	2433	949	283	1791	762	146	1069	1075	858	858	901	536	465	111	1000	831	832	1165	682	939	1003	1313	857	900	1287	878	1222	1293	802	370	427	146	286	1102	2536	1216	1229	766	1037	895	1293	1096	852	973	1054	111	283	892	1027	1423	163	1135	861	1076	1314	1205	478	1184	1502	1361	1023	836	1663	731	741	461	2111	1068	1453	969	921	901	668	1045	1396	1091	1066	854	48	1815	1031	978	764	1040	971	749	1914	1989	1103	835	768	1323	967	1173	1238	790	802	847	478	869	925	1001	1591	1023	787	3362	1037	952	757	1228	589	1273	2048	955	1037	2134	1949	1189	965	1205	861	1215	606	858	823	1317	1136	125	1489	823	1169	783	1084	1479	539	1202	1102	1079	1250	2079	840	854	1047	2377
288	750	458	275	282	1093	141	1602	341	346	3688	1633	339	1590	479	532	928	0	822	321	1436	17	401	245	821	1345	548	458	336	173	937	243	1809	230	1080	473	135	296	437	279	206	337	1337	531	625	1655	368	288	504	1796	2630	1464	1269	247	417	1864	322	668	143	142	142	1537	592	2248	948	1570	405	550	961	244	1575	306	1344	1428	1049	1599	187	461	164	357	1055	291	539	1135	1620	939	1128	382	197	748	513	963	982	616	1214	2156	156	1415	198	1427	473	633	556	937	1456	976	1459	528	287	1336	2283	1818	592	390	1697	1597	139	341	157	466	642	711	19	415	2159	586	157	362	363	374	426	258	511	1037	81	392	2085	1093	1047	406	620	356	314	970	1145	337	283	1921	1269	2906	620	220	356	1037	351	224	523	1023	1474	119	1505	359	176	86	347	248	474	729	367	593	742	2590	1757	360	917	1000	506	1073	1851	158	312	312	611	1457	463	1012	1449	473	443	244	1474	642	1785	457	1262	1082	455	399	1329	375	312	760	506	1073	673	314	1611	475	2092	414	373	136	375	1837	504	86	164	1012	917	1315	490	575	1040	970	388	170	522	466	450	1980	780	455	223	409	1394	748	1009	466	1190	331	526	84	658	620	342	391	478	211	457	515	952	905	372	84	610	392	643	251	999	2773	200	1494	234	2071	175	249	328	597	312	154	450	631	643	135	2186	334	1647	4190	373	37	343	2144	342	353	1237	30	199	1208	2382	1173	318	426	388	400	432	312	467	482	997	873	2220	467	250	287	170	571	392	1326	314	205	511	2667	180	515	485	1452
965	1554	384	1060	1068	922	898	2424	1075	1083	3270	842	1072	775	1174	885	242	822	0	865	2080	812	1215	1043	1483	1398	579	865	1136	982	778	1042	2521	956	1211	856	868	988	441	609	980	1053	1726	1331	986	1576	1190	1098	884	1485	1912	2213	1054	1043	1239	1411	649	1151	776	938	775	1015	941	1729	650	1873	1027	1367	462	1040	756	662	2092	1038	1818	1251	918	1083	969	803	1863	827	1296	762	1155	390	1645	847	973	861	344	289	1735	1159	1355	1601	872	1449	1014	648	856	1445	378	251	2273	1195	685	1320	753	952	1895	2637	941	1024	878	788	885	652	874	1252	999	1147	808	1049	1338	1385	949	1170	1022	1196	432	658	349	403	884	1022	1263	922	352	853	1201	632	1052	368	1322	1053	1011	2707	1054	2539	960	878	900	403	1173	666	331	351	662	912	1108	1137	982	884	1079	1042	376	256	1138	971	989	2365	2210	934	488	1764	800	353	1048	951	836	836	957	728	381	351	1223	856	849	1042	662	999	1241	1152	1068	1071	1233	880	1396	1197	781	505	330	353	341	1052	2401	1187	1270	776	1015	757	1197	1051	884	884	969	351	488	1107	1037	1367	404	1247	860	985	1275	1176	409	1418	1492	1220	963	842	1776	842	917	382	2011	895	1332	880	987	960	642	1026	1300	1012	1062	889	290	1666	1010	887	832	1022	1027	700	1821	2220	1014	1076	717	1562	902	1052	1148	854	781	779	409	934	987	867	1833	993	1012	3580	1015	838	744	1333	517	1175	2016	851	967	2024	2182	1337	787	1165	860	1048	430	836	847	1263	1253	117	1729	847	1043	753	958	1392	474	1378	1052	1001	1224	2321	779	889	1053	2269
135	742	486	297	302	835	214	1656	248	256	3423	1707	245	1633	768	218	885	321	865	0	1699	335	584	499	622	1031	376	144	565	306	697	495	2029	178	763	163	454	158	615	521	243	217	1034	530	304	1350	498	507	189	1532	2496	1664	1006	501	536	1636	215	365	454	430	453	1349	273	2030	752	1256	162	697	836	499	1569	203	1548	1203	1245	1352	181	219	292	669	1192	43	784	933	1407	838	1434	71	243	460	653	906	875	332	895	1955	178	1101	340	1511	163	658	730	892	1552	655	1547	508	113	1117	2025	1830	273	160	1689	1649	455	614	177	441	320	398	335	184	2177	775	442	415	164	498	435	221	653	949	278	158	2088	835	984	724	357	622	236	883	825	217	582	2070	1006	2634	301	113	42	949	478	490	657	954	1522	416	1277	338	300	270	250	505	490	683	330	272	426	2294	2064	70	777	908	220	1018	1912	444	28	28	291	1369	488	941	1178	163	134	497	1522	320	1592	748	995	786	415	79	1014	501	84	603	540	1018	598	236	1761	330	2108	145	152	439	501	1916	189	270	292	941	777	1048	197	549	952	648	72	324	430	320	456	1787	627	704	195	101	1090	465	739	485	1274	652	711	268	337	301	223	162	592	298	200	199	893	1118	146	278	317	158	321	178	1071	2558	335	1274	169	1855	179	492	442	297	84	180	456	316	322	455	1922	140	1498	3984	152	356	127	2108	360	492	1164	318	232	1314	2084	852	630	324	72	710	599	28	160	443	675	874	1994	160	508	113	457	648	394	1012	236	285	365	2393	156	199	204	1547
1585	1309	1827	1424	1422	2525	1489	1220	1518	1513	5120	2675	1519	2709	960	1914	2269	1436	2080	1699	0	1433	1125	1206	1761	2698	1985	1842	1134	1392	2372	1209	496	1525	2432	1862	1317	1571	1647	1504	1458	1546	2451	1341	1972	3035	1226	1191	1883	3227	3991	440	2699	1204	1204	3300	1759	1915	1383	1296	1384	2962	1956	3680	2382	2721	1670	1059	2366	1206	2791	1742	414	2864	579	3035	1518	1689	1406	1282	807	1688	914	2569	3053	2329	506	1770	1456	2159	1742	2314	1590	1832	2541	3583	1529	2768	1359	2480	1862	1259	1703	2280	982	2305	2495	1374	1712	2772	3717	1519	1956	1653	2906	2696	1306	1436	1529	1398	1985	1979	1435	1661	3272	951	1281	1334	1620	1230	1817	1695	1737	2410	1438	1658	3238	2525	2396	1228	1795	1454	1510	2348	2465	1546	1156	928	2699	4333	1980	1587	1714	2410	1244	1462	1755	2380	2600	1318	2942	1430	1399	1445	1520	1200	1847	2101	1446	1943	2110	3984	626	1696	2333	1553	1916	2412	2893	1280	1704	1704	1970	2801	1833	2373	2875	1862	1833	1207	2600	1985	3210	983	2690	2484	1424	1772	2677	1226	1727	2188	1857	2412	2070	1510	758	1568	3214	1829	1642	1406	1226	2836	1883	1445	1406	2373	2333	2743	1772	1374	2413	2267	1771	1374	1491	1569	1836	3404	1640	995	1507	1800	2503	2163	2435	1840	998	1204	1011	1448	2010	1980	1779	1653	1169	1403	1705	1893	2306	628	1645	1437	2016	1658	1970	1687	1053	4204	1364	2930	1669	3504	1521	1210	1278	1997	1727	1582	1836	2004	1993	1317	3617	1614	3043	5612	1642	1401	1768	3369	1749	1226	1572	1421	1468	905	3773	2494	1305	1513	1771	1065	1664	1704	1859	1415	2300	2175	3655	1859	1198	1712	1267	1181	1794	2681	1510	1416	1573	4092	1605	1893	1751	986
305	764	451	291	298	1100	159	1612	359	364	3694	1620	357	1579	474	544	922	17	812	335	1433	0	408	248	839	1357	552	470	340	188	942	246	1809	248	1092	485	124	314	422	263	223	355	1354	546	639	1666	378	293	517	1803	2627	1466	1275	249	427	1867	326	684	126	142	125	1538	605	2250	951	1586	422	557	959	246	1566	310	1345	1431	1051	1604	205	478	180	340	1061	304	538	1137	1622	936	1119	395	214	758	500	957	998	632	1227	2157	172	1427	212	1414	485	646	541	931	1464	989	1446	543	297	1340	2288	1830	605	407	1688	1586	130	323	174	482	655	727	3	432	2148	590	156	376	381	385	421	262	498	1033	98	409	2075	1100	1042	391	637	339	332	967	1159	355	278	1925	1275	2912	633	236	370	1033	362	207	511	1018	1463	117	1509	375	191	103	364	250	468	724	383	607	754	2599	1748	376	917	1016	516	1068	1838	158	325	325	624	1452	457	1008	1456	485	456	246	1463	655	1786	451	1269	1091	471	413	1341	386	323	761	498	1068	670	332	1615	493	2081	424	391	118	386	1825	517	103	180	1008	917	1322	506	591	1036	984	402	184	539	483	444	1981	797	455	241	421	1411	757	1017	460	1199	317	531	102	671	633	346	408	488	227	474	527	946	907	389	102	620	409	657	257	1009	2775	214	1497	241	2073	193	252	340	608	323	165	444	644	657	124	2192	351	1645	4191	391	32	353	2136	338	363	1252	44	216	1216	2391	1186	302	443	402	391	418	325	479	498	1011	865	2223	479	251	297	170	582	388	1338	332	221	529	2673	191	527	502	1460
462	456	860	299	297	1420	391	1214	394	389	4005	2004	395	1974	303	792	1329	401	1215	584	1125	408	0	176	746	1574	917	723	96	285	1277	176	1445	406	1307	744	354	446	800	625	340	421	1398	307	846	1909	106	117	762	2116	3026	1085	1591	177	109	2217	693	799	448	277	448	1912	832	2608	1315	1659	545	152	1353	180	1971	675	967	1782	665	1936	408	567	301	545	653	581	226	1501	1982	1336	936	655	341	1043	889	1364	760	719	1420	2526	431	1644	248	1796	744	331	910	1339	1057	1181	1825	330	621	1693	2609	1448	832	528	2094	1978	337	633	430	318	859	861	411	536	2547	193	266	218	495	112	828	639	886	1436	361	532	2477	1420	1448	550	690	655	385	1369	1344	421	264	1522	1591	3215	855	478	593	1436	120	563	901	1424	1858	303	1857	312	290	366	396	179	876	1130	328	817	985	2859	1551	573	1305	758	804	1475	2225	265	594	594	845	1858	865	1413	1761	744	717	178	1858	859	2158	297	1579	1362	335	653	1553	108	627	1140	906	1475	1070	385	1212	464	2480	723	516	463	108	2204	762	366	301	1413	1305	1632	647	361	1439	1148	654	271	418	463	851	2354	652	172	388	685	1454	1049	1324	868	797	446	129	370	885	855	712	527	130	285	582	771	1353	534	520	359	900	532	845	617	615	3136	252	1851	596	2432	415	165	153	878	627	506	851	880	868	355	2506	488	2037	4559	516	379	673	2543	742	101	952	374	352	809	2647	1373	527	403	654	354	802	594	742	338	1180	1273	2575	742	180	621	260	231	792	1556	385	299	479	2974	524	771	627	1054
403	607	696	275	277	1319	285	1391	380	379	3913	1827	379	1798	272	717	1167	245	1043	499	1206	248	176	0	817	1524	788	643	93	198	1168	3	1565	336	1256	662	178	396	623	448	271	397	1423	420	790	1849	199	63	687	2021	2875	1218	1493	2	240	2101	561	782	271	106	271	1781	767	2488	1189	1674	510	329	1206	3	1799	543	1098	1665	803	1830	319	549	210	382	820	483	296	1375	1860	1184	943	569	267	956	713	1203	891	711	1380	2399	324	1595	174	1619	662	481	733	1177	1230	1139	1648	432	506	1574	2511	1625	767	492	1922	1801	160	458	324	393	805	837	251	509	2372	345	94	269	459	209	669	500	710	1280	232	496	2304	1319	1288	398	695	480	360	1214	1307	397	123	1678	1493	3127	793	385	519	1280	194	386	725	1265	1682	133	1742	332	206	238	384	8	713	971	347	759	922	2793	1571	508	1163	896	711	1313	2048	92	501	501	784	1699	702	1255	1669	662	633	1	1682	805	2028	255	1484	1285	398	576	1506	207	521	1004	741	1313	918	360	1369	490	2305	623	477	287	207	2027	687	238	210	1255	1163	1537	612	473	1284	1118	571	179	484	485	691	2224	742	213	319	599	1480	959	1229	706	973	293	288	242	827	793	580	492	289	224	557	697	1193	660	479	231	813	496	798	486	792	3014	181	1732	467	2311	319	17	197	795	521	378	691	812	811	179	2411	441	1892	4433	477	216	562	2374	586	182	1107	223	278	981	2583	1335	360	427	571	252	626	501	658	414	1148	1105	2458	658	11	506	84	393	636	1506	360	234	516	2887	400	697	597	1227
553	463	1109	563	558	1167	682	1270	480	475	3568	2324	482	2242	1046	633	1473	821	1483	622	1761	839	746	817	0	1072	941	628	809	672	1097	813	1949	595	852	642	906	536	1219	1091	617	485	690	447	573	1419	648	773	622	1757	2945	1568	1297	819	637	1952	836	393	960	832	960	1762	604	2349	1217	961	462	732	1370	820	2157	825	1476	1560	1197	1643	640	403	673	1158	1030	663	961	1363	1771	1393	1670	636	626	818	1269	1486	337	343	902	2308	683	1135	670	2131	642	503	1338	1479	1251	718	2167	418	735	1494	2240	1363	604	468	2274	2261	896	1162	681	431	570	440	841	441	2771	848	835	550	480	640	1057	841	1268	1505	741	469	2674	1167	1556	1193	291	1177	507	1445	828	485	940	1830	1297	2778	601	643	584	1505	642	1042	1274	1523	2134	839	1621	489	665	735	474	825	1112	1281	475	570	672	2346	2265	551	1303	388	712	1593	2525	836	650	650	597	1904	1110	1509	1420	642	642	816	2134	570	1980	1038	1273	1006	420	603	1048	643	704	1138	1162	1593	1189	507	1548	346	2702	711	481	957	643	2534	622	735	673	1509	1303	1318	448	400	1508	644	622	685	334	355	1078	2163	123	919	599	642	742	837	1059	1107	990	1094	805	737	597	601	841	467	641	630	422	621	1472	1133	485	738	734	469	536	798	809	2863	664	1633	785	2185	655	800	626	704	704	756	1078	639	586	907	2121	513	1960	4281	481	838	738	2668	982	661	630	798	622	1068	2136	855	1124	401	622	1067	1206	650	650	410	677	1481	2295	650	828	735	843	592	1017	1061	507	630	312	2538	743	621	430	1245
1123	1502	1219	1276	1278	503	1244	2339	1179	1184	2497	2066	1179	1923	1796	814	1221	1345	1398	1031	2698	1357	1574	1524	1072	0	922	889	1579	1326	621	1520	2969	1188	268	872	1480	1134	1464	1464	1254	1152	638	1382	733	348	1471	1522	842	727	2082	2589	467	1526	1493	989	1074	788	1463	1461	1462	972	758	1357	766	599	1028	1645	991	1525	1738	1082	2484	729	2186	695	1206	1009	1314	1666	2064	1055	1793	751	898	1059	2465	965	1258	621	1439	1197	1397	873	170	1356	1209	70	1355	1934	872	1493	1535	1218	2323	393	1974	1349	1063	720	1183	2400	758	1046	1822	1960	1483	1567	1209	1311	719	723	1356	1037	2304	1747	1473	1363	1079	1468	1183	1136	1442	1130	1310	1041	2181	503	1212	1726	918	1567	1189	1109	245	1152	1613	2898	467	1705	731	1143	1005	1130	1454	1459	1433	1183	1850	1447	751	1267	1318	1302	1177	1532	1205	1145	1251	764	604	1294	3094	1015	938	1450	845	1248	2202	1475	1035	1035	741	1350	1215	1171	462	872	902	1523	1850	719	1108	1777	438	327	1283	952	25	1472	1034	895	1243	1248	1074	1189	2608	1138	2240	936	1058	1443	1472	2255	842	1302	1314	1171	938	443	926	1363	1131	442	960	1345	1229	1134	1185	1253	1186	1719	1205	937	650	630	481	1206	2057	1671	1687	1299	696	731	1058	1046	1533	1306	992	832	1186	2085	1055	1309	743	1041	729	1118	1866	1841	1349	784	1128	1215	1207	1516	1420	750	1034	1192	1185	715	713	1481	1061	1089	1222	3236	1058	1382	1010	2079	1183	1472	1663	1347	1246	2128	1082	217	1627	1187	960	1741	1440	1035	878	1297	407	1315	1290	878	1534	1063	1488	1542	1170	20	1189	1295	1140	1465	1166	832	946	2316
509	1118	298	659	665	563	527	2033	624	633	3147	1401	621	1306	1025	314	532	548	579	376	1985	552	917	788	941	922	0	313	873	632	399	785	2353	536	689	298	669	533	541	563	590	594	1154	906	409	1182	847	818	320	1260	2124	2001	738	790	890	1315	227	580	616	691	615	995	364	1699	400	1319	521	1048	459	787	1217	244	1882	879	1582	1055	518	564	617	787	1553	357	1085	587	1072	464	1652	327	586	312	519	546	1230	602	837	1611	487	985	670	1218	298	1034	616	538	1924	641	1257	885	300	787	1740	2205	364	525	1334	1328	679	665	488	818	420	570	549	544	1829	1110	705	781	537	849	260	290	522	576	560	522	1734	563	618	850	650	661	610	512	789	594	829	2431	738	2370	381	451	396	576	827	574	515	586	1202	668	956	711	628	554	626	792	285	346	705	395	416	2084	2274	432	401	1268	230	654	1593	707	354	354	379	993	295	573	921	298	301	786	1202	420	1242	1003	735	609	792	353	913	852	304	228	329	654	252	610	2121	700	1761	241	522	593	852	1610	320	554	617	573	401	788	496	926	579	681	337	645	804	689	263	1437	974	1001	550	309	1205	298	497	286	1647	821	1047	550	408	381	207	527	950	641	540	322	532	1444	516	561	254	522	450	302	1445	2226	666	945	322	1523	507	788	793	274	304	412	263	355	408	669	1647	516	1127	3645	522	583	255	1740	272	838	1525	566	576	1684	1881	809	750	700	337	932	517	354	291	820	692	551	1671	291	794	300	719	1016	250	902	610	627	732	2133	393	322	517	1920
262	832	511	428	433	701	359	1750	359	367	3282	1701	357	1614	912	74	845	458	865	144	1842	470	723	643	628	889	313	0	708	450	571	640	2165	317	622	21	592	281	687	623	384	327	938	633	174	1206	632	651	46	1393	2397	1797	869	645	667	1507	251	292	583	573	582	1236	135	1904	645	1145	224	828	759	644	1530	249	1683	1077	1379	1218	325	257	436	794	1314	166	927	819	1284	773	1577	76	385	320	707	859	919	295	756	1833	322	959	483	1513	21	762	794	851	1659	519	1550	607	189	994	1887	1906	135	234	1647	1634	595	722	321	545	191	304	469	246	2142	912	586	541	256	631	459	291	708	886	422	229	2047	701	931	851	339	727	355	823	688	327	725	2190	869	2492	164	258	129	886	613	601	709	899	1507	558	1150	454	443	414	360	650	509	652	444	144	284	2149	2207	155	696	957	96	967	1898	587	146	146	155	1297	511	885	1038	21	18	642	1507	191	1475	892	857	642	516	69	872	635	155	523	561	967	561	355	1883	403	2074	91	236	565	635	1911	46	414	436	885	696	909	182	643	888	520	72	468	511	393	476	1668	661	848	335	49	993	327	602	505	1381	786	848	411	202	164	247	235	720	439	232	57	845	1256	230	421	178	229	202	258	1177	2431	477	1149	260	1729	323	637	577	155	155	307	476	173	189	593	1782	247	1399	3858	236	494	152	2051	403	628	1215	458	373	1427	1939	715	755	416	72	852	668	146	24	543	545	854	1865	24	653	189	600	766	423	869	355	426	431	2251	281	57	204	1654
