NAME : VRPTW_INSTANCE_170.txt
COMMENT : Bangkok Supermarket
TYPE : VRPTW
DIMENSION : 311
DAYS : Monday
EDGE_WEIGHT_TYPE : EXPLICIT
VEHICLES : 37
EDGE_WEIGHT_FORMAT : FULL_MATRIX
CAPACITY : 1000
EDGE_WEIGHT_SECTION
0	1005	540	344	101	1750	255	152	1011	712	172	202	1010	532	196	309	284	1321	1934	432	1248	994	1213	675	418	463	607	255	840	347	409	1041	239	78	378	454	724	943	481	194	481	608	133	535	367	825	1228	464	300	463	279	1201	350	211	402	382	153	386	119	1704	193	215	826	1055	367	1029	376	2160	255	367	217	170	539	935	2740	495	153	637	26	594	971	97	309	2004	205	189	345	1142	2178	408	283	494	929	1851	1122	1380	1308	26	206	1138	170	994	379	199	135	503	1010	176	221	629	205	1423	202	160	457	617	97	309	2125	2457	213	666	189	1508	948	1097	814	1771	2041	22	732	584	1533	212	931	88	265	524	192	101	314	171	593	285	358	165	59	830	54	810	502	358	223	835	245	2012	1034	124	1057	437	399	474	202	127	496	379	203	1096	405	2525	94	255	650	196	305	461	495	248	1207	426	206	2113	599	1221	757	1727	886	830	1003	185	495	307	525	874	1913	404	1066	1055	1004	1562	954	996	379	101	447	97	381	1005	1025	166	332	582	211	171	552	639	499	119	366	195	155	1276	353	1158	1011	97	929	1328	986	101	891	382	364	1173	236	529	131	39	725	152	199	1010	221	202	830	208	780	91	172	451	1124	196	1027	140	529	830	1243	481	251	210	283	258	366	984	890	283	576	948	288	700	755	1054	83	691	663	388	609	255	1905	185	461	189	165	664	79	309	300	312	1727	170	524	261	610	639	1079	495	210	374	412	439	488	1497	534	283	350	430	474	202	484	464	463
1005	0	1277	1107	1078	945	1151	1027	63	308	875	1205	179	878	836	981	787	553	2924	1012	715	21	664	1623	1074	648	508	1225	584	912	1227	44	1144	1002	1148	805	1552	1936	1477	1200	1227	503	895	878	1309	1828	393	613	801	648	1277	1283	1106	1014	1092	1339	852	828	1123	782	851	1109	989	61	1138	155	1344	1336	750	1059	1193	1153	552	175	2121	1234	1158	1311	1032	1022	350	958	713	2656	1103	834	1105	204	1377	1081	1289	1232	620	1171	2009	1139	314	1032	1106	1085	1153	21	642	1133	1068	577	179	877	788	1138	1008	2089	1009	1157	1287	497	1102	1078	1250	1495	1017	409	842	2291	515	1714	1625	766	1396	1020	1041	556	2443	1015	203	1091	1023	1259	865	1106	1271	1105	1339	806	1364	871	1019	993	1032	981	1238	1364	1199	638	1147	1413	510	1129	1487	1009	1226	1475	1009	893	1235	1127	877	150	1226	3509	980	750	1205	836	980	1433	592	790	655	1090	798	1478	491	388	1600	849	1886	995	1905	825	594	741	485	1103	1004	1226	115	61	992	1202	362	17	1085	1078	650	1102	1149	192	1989	1146	792	643	1014	1105	704	1411	1238	1125	1136	1200	851	276	1308	1324	63	1102	1023	1116	137	1078	367	1339	1133	2050	1143	879	1072	1030	948	1027	1133	995	1197	1009	993	1009	1764	939	875	621	1076	836	24	1144	1175	993	1112	1024	1245	1184	781	795	1137	1032	614	781	528	515	1168	939	286	1123	1038	1010	1089	893	403	1224	1106	825	1325	834	871	1661	1010	713	801	977	851	1153	1259	1230	1130	995	134	592	1107	1144	1102	617	580	1497	870	1289	1097	998	1475	1205	1227	613	1431
540	1277	0	208	595	1760	295	684	1256	1055	507	480	1205	426	694	317	783	1382	1730	265	1709	1274	1667	449	203	630	771	659	1313	885	140	1299	311	617	166	978	279	1050	501	502	61	775	648	427	304	779	1597	918	811	630	597	1741	204	351	190	337	601	912	531	1806	701	326	1363	1309	178	1235	363	2565	667	229	633	425	725	1144	3222	48	517	104	535	326	1088	481	631	1481	336	679	209	1341	2593	198	543	50	1405	2301	738	1901	1527	535	336	1671	425	1274	806	356	406	702	1205	501	610	246	359	896	739	460	919	782	532	834	2153	2772	348	868	540	1031	1397	557	348	2001	2506	519	1272	724	1173	350	1127	542	800	18	501	506	338	376	63	795	544	520	481	1367	487	1347	42	544	638	810	305	2488	1474	532	1576	268	151	526	739	536	46	175	477	1311	144	2549	466	667	204	694	320	398	686	560	1660	187	631	2582	786	1342	329	2098	802	1368	644	585	684	581	829	1414	2270	145	1292	1309	1535	2072	1067	1274	203	595	630	532	164	1195	786	422	844	1069	351	376	588	134	44	526	180	495	620	1549	330	1698	1256	532	1465	1850	1202	595	1012	337	182	775	313	424	411	503	1262	684	356	1541	635	739	1367	356	641	509	507	663	1657	694	1292	534	119	1367	1772	262	605	636	778	754	179	1519	1367	778	749	1397	262	1237	991	1592	457	419	324	925	960	660	1895	585	170	679	520	813	615	631	811	319	2099	425	18	664	235	386	1299	686	331	170	178	673	701	2037	433	543	210	279	526	480	58	918	386
344	1107	208	0	415	1679	141	495	1093	865	298	340	1054	331	486	125	575	1278	1844	157	1504	1101	1463	532	99	461	614	510	1106	683	120	1133	152	423	44	771	454	1033	475	359	147	617	442	334	258	810	1408	711	603	461	470	1540	6	144	72	297	392	706	362	1694	494	149	1159	1144	32	1082	316	2372	459	65	479	269	558	988	3016	160	359	296	344	309	958	275	430	1690	156	471	3	1191	2397	84	426	158	1198	2099	904	1693	1374	344	157	1464	269	1101	599	191	217	530	1054	292	403	304	151	1105	547	304	763	625	358	650	2069	2601	140	705	332	1231	1193	762	536	1850	2302	325	1072	570	1337	142	974	365	609	190	294	332	254	200	269	587	456	312	285	1163	294	1143	166	456	484	719	148	2282	1271	365	1398	163	120	491	547	327	162	34	270	1156	119	2584	262	459	311	486	126	390	515	356	1456	98	422	2378	623	1217	499	1911	850	1164	798	376	514	384	641	1214	2086	119	1135	1144	1328	1863	937	1103	52	415	456	358	46	1045	896	263	636	861	144	200	456	331	164	357	30	353	412	1382	272	1501	1093	358	1261	1642	1045	415	878	297	27	947	154	329	225	311	1058	495	191	1335	481	547	1163	148	702	303	298	485	1450	486	1124	371	186	1163	1564	193	467	479	570	545	31	1313	1160	570	587	1193	123	1034	823	1389	263	418	357	722	766	511	1823	376	220	471	312	769	422	430	603	129	1911	269	190	516	285	369	1143	515	153	40	77	491	526	1836	337	426	14	165	491	340	150	711	382
101	1078	595	415	0	1845	300	99	1088	778	273	169	1094	631	245	399	317	1415	1882	520	1268	1065	1236	659	498	561	702	157	861	325	457	1115	284	76	442	452	747	860	439	150	539	703	183	634	373	768	1278	507	322	561	199	1159	421	295	479	379	236	384	75	1792	233	270	796	1131	433	1112	366	2193	333	448	120	179	633	1019	2744	553	108	696	83	685	1063	198	400	2034	262	244	416	1224	2208	487	220	553	946	1870	1117	1365	1385	83	261	1114	179	1065	439	239	197	598	1094	277	309	711	291	1458	155	151	360	711	65	239	2219	2510	297	756	287	1521	976	1147	838	1844	2054	106	690	681	1515	296	1016	53	210	581	294	90	318	219	643	310	299	266	143	800	128	780	560	299	126	936	290	2020	1065	77	984	526	446	426	155	225	555	448	305	1176	453	2439	191	333	726	245	396	441	591	345	1231	504	287	2124	692	1311	774	1771	833	800	996	276	591	404	605	832	1960	452	1145	1131	982	1554	1047	1068	456	0	545	65	445	1090	993	179	349	603	295	219	653	680	557	80	432	155	232	1345	354	1109	1088	65	899	1312	1068	0	984	379	431	1170	281	628	190	113	697	99	239	989	124	155	800	294	741	192	273	547	1100	245	1101	87	601	800	1222	569	166	112	319	297	432	956	907	319	671	976	333	673	839	1020	156	785	751	369	677	156	2002	276	491	244	266	583	68	400	322	403	1771	179	581	163	692	733	1159	591	266	439	488	534	582	1455	633	220	423	520	426	169	543	507	446
1750	945	1760	1679	1845	0	1785	1830	892	1204	1581	1918	818	1352	1639	1575	1625	433	3489	1530	1567	966	1522	2198	1600	1289	1142	2002	1528	1784	1784	902	1786	1779	1706	1705	2023	2679	2144	1922	1736	1142	1682	1349	1933	2489	1175	1493	1650	1289	2025	2221	1675	1658	1628	1972	1611	1709	1863	301	1658	1757	1933	885	1700	819	1987	1744	1525	1615	1965	1847	1211	887	2656	1735	1890	1737	1775	1434	787	1669	1446	2770	1755	1631	1676	740	1811	1613	2015	1733	1556	1801	2460	2026	710	1775	1758	2016	1847	966	1474	1796	1752	1246	818	1579	1537	1530	1656	2299	1831	1866	2136	1134	1843	1926	393	1539	1660	1097	1560	2588	1447	1961	2064	768	2010	1756	1978	1166	2880	1658	876	1837	1864	1747	1563	1836	1916	1777	1806	1649	2077	1585	1736	1937	1754	1925	1736	2077	1972	960	1785	2064	1421	1868	2428	1524	1789	2153	1831	1623	1736	1681	1561	795	1785	4255	1686	1525	1594	1639	1577	2067	1254	1501	1515	1612	1564	2087	1153	572	2075	1329	2529	1939	2387	1569	1254	1442	1269	2047	1356	1786	830	885	1932	2036	801	962	1635	1845	1303	1843	1706	814	2547	1840	1653	1566	1658	1777	1233	1874	1738	1862	1699	1920	1619	869	1944	2267	892	1843	1968	2013	861	1845	863	1972	1697	2483	1786	1354	1760	1759	1888	1830	1796	1935	1969	1831	1937	1654	2379	1662	1581	1298	2008	1639	922	1884	1641	1937	2028	1511	2001	1958	1616	1621	1700	1975	1555	1616	1174	1447	1786	1877	1045	2065	1745	1351	1453	1777	1265	2002	163	1569	1883	1631	1585	2401	1787	1446	1650	1570	1332	1847	1747	2008	1534	1376	811	1254	1757	1704	1633	1311	1263	2414	1345	2015	1665	1518	2153	1918	1734	1493	2060
255	1151	295	141	300	1785	0	391	1145	885	285	200	1119	453	433	210	524	1374	1776	291	1482	1143	1444	472	240	524	682	375	1076	601	157	1181	16	328	152	707	473	907	358	220	240	685	377	457	158	707	1423	686	547	524	329	1453	147	138	213	192	353	639	237	1781	435	45	1080	1194	146	1144	203	2375	442	199	346	133	620	1049	2984	254	226	397	245	449	1041	223	443	1749	54	421	143	1256	2397	225	285	254	1167	2082	892	1634	1434	245	52	1393	133	1143	584	60	120	588	1119	282	389	443	143	1168	447	169	632	693	237	540	2172	2635	134	765	321	1259	1175	847	562	1908	2279	232	983	644	1315	137	1038	247	507	281	290	211	131	84	342	531	318	294	198	1084	200	1065	261	318	351	829	10	2253	1258	238	1282	297	146	369	447	290	256	165	275	1217	153	2471	202	442	442	433	208	289	575	365	1438	239	397	2352	685	1300	508	1926	754	1085	777	354	573	410	669	1125	2107	152	1192	1194	1259	1813	1021	1145	193	300	516	237	155	1112	837	130	579	822	138	84	552	384	257	231	145	214	368	1427	162	1407	1145	237	1184	1581	1104	300	960	192	145	940	18	451	123	216	980	391	60	1265	347	447	1084	142	618	251	285	537	1379	433	1171	242	315	1084	1498	332	328	347	521	496	145	1238	1128	521	653	1175	33	955	876	1308	172	557	498	643	783	376	1932	354	209	421	294	637	325	443	547	215	1926	133	281	381	424	508	1202	575	48	150	217	537	579	1749	459	285	154	297	369	200	244	686	285
152	1027	684	495	99	1830	391	0	1043	722	297	266	1058	673	194	460	245	1397	1961	584	1177	1013	1146	756	571	563	691	201	772	226	549	1066	375	75	526	357	846	910	529	247	627	691	147	677	473	846	1204	435	242	563	270	1063	501	363	555	478	226	290	174	1761	177	357	697	1082	516	1073	464	2107	304	520	174	276	623	982	2647	641	206	784	150	744	1043	244	388	2132	348	200	496	1183	2120	560	305	640	855	1778	1215	1266	1338	150	348	1015	276	1013	384	331	279	589	1058	302	298	782	358	1555	56	250	324	699	163	157	2197	2437	366	733	299	1621	890	1239	936	1789	1960	169	593	676	1610	364	982	150	115	670	317	187	417	308	734	232	382	285	210	701	200	682	648	382	178	946	381	1924	979	176	905	589	538	514	56	243	642	529	335	1134	544	2482	245	304	802	194	456	538	585	351	1142	578	267	2029	677	1283	873	1692	913	701	1094	272	585	405	570	735	1883	543	1102	1082	883	1455	1028	1016	532	99	546	163	529	1055	1084	276	265	515	363	308	671	775	644	179	515	252	213	1288	453	1015	1043	163	801	1213	1028	99	966	478	513	1269	373	671	273	183	598	0	331	889	178	56	701	361	830	227	297	540	1001	194	1051	184	681	701	1123	633	235	164	249	232	515	857	816	249	660	890	425	573	804	922	231	839	815	271	624	200	1988	272	588	200	285	640	73	388	242	463	1692	276	670	205	763	787	1117	585	353	523	564	524	571	1359	674	305	501	581	514	266	630	435	543
1011	63	1256	1093	1088	892	1145	1043	0	334	874	1209	116	850	849	968	806	493	2920	990	779	83	727	1614	1055	632	484	1238	640	940	1213	48	1139	1013	1133	839	1533	1948	1477	1205	1208	481	907	849	1303	1830	449	640	823	632	1286	1341	1092	1007	1074	1335	858	857	1130	743	865	1104	1040	53	1123	91	1341	1380	757	1042	1205	1154	534	125	2176	1214	1164	1286	1038	992	291	959	712	2618	1098	847	1090	155	1422	1062	1295	1212	679	1227	1992	1203	296	1038	1101	1145	1154	83	658	1130	1066	562	116	875	791	1107	1001	2054	1028	1160	1312	473	1109	1102	1207	1516	1010	388	842	2263	577	1679	1604	764	1452	1025	1088	532	2426	1008	151	1098	1045	1238	862	1111	1267	1103	1318	826	1369	871	1021	1044	1036	1032	1218	1369	1211	589	1141	1471	574	1136	1536	987	1213	1476	1028	895	1216	1111	872	100	1212	3525	980	757	1176	849	967	1430	577	787	719	1070	805	1534	471	329	1582	891	1886	1047	1890	828	578	736	487	1154	1040	1212	64	53	1050	1265	304	79	1068	1088	636	1109	1134	129	1981	1147	817	683	1007	1103	676	1390	1218	1131	1122	1205	858	293	1303	1380	0	1109	1078	1179	78	1088	314	1335	1119	2031	1138	850	1071	1034	996	1043	1130	1053	1209	1028	1044	1002	1761	941	874	609	1136	849	55	1151	1151	1044	1174	1000	1255	1196	800	812	1122	1089	672	800	507	577	1160	986	269	1180	1039	973	1056	923	420	1237	1055	828	1312	847	871	1672	1021	712	823	963	893	1154	1238	1243	1100	962	82	577	1102	1129	1084	608	568	1559	842	1295	1082	977	1476	1209	1208	640	1427
712	308	1055	865	778	1204	885	722	334	0	601	915	386	705	533	742	480	781	2644	800	709	292	659	1356	853	438	354	921	408	606	983	349	876	702	908	506	1319	1632	1191	907	999	349	595	706	1039	1538	542	306	493	438	977	1095	866	753	865	1066	561	523	828	1076	547	841	753	366	897	389	1068	1510	459	827	891	869	360	318	2210	1008	864	1107	738	853	464	677	442	2496	834	534	863	486	1539	856	993	1007	481	1267	1767	1046	622	738	836	922	869	292	339	859	790	370	386	604	503	962	746	1916	702	869	980	347	807	770	1536	1751	757	273	566	2085	414	1545	1399	1067	1483	729	778	397	2197	754	332	796	715	1036	594	813	996	830	1119	498	1070	594	733	757	745	742	1014	1070	896	611	879	1479	464	834	1231	799	980	1186	702	609	1010	890	611	432	980	3202	699	459	1024	533	740	1157	385	520	651	868	508	1562	325	632	1364	1045	1599	759	1657	540	387	481	225	864	1223	981	397	366	805	1158	461	295	853	778	433	807	910	389	1719	863	484	362	753	830	543	1188	1013	830	896	908	556	566	1035	1117	334	807	809	1010	344	778	421	1066	892	1812	875	705	793	740	693	722	859	810	894	702	757	747	1485	655	601	397	910	533	332	849	967	757	977	824	944	881	474	489	896	832	457	474	356	414	907	679	204	926	754	871	930	589	103	921	1368	540	1075	534	594	1359	710	442	493	739	1046	869	1036	926	950	843	414	385	839	904	876	383	364	1346	698	993	857	787	1186	915	1000	306	1156
172	875	507	298	273	1581	285	297	874	601	0	343	861	379	201	205	284	1155	2049	321	1208	866	1168	755	334	292	442	427	808	420	402	907	275	226	341	484	742	1103	603	343	446	443	179	382	438	956	1137	413	315	292	443	1266	302	161	330	466	103	423	281	1545	214	241	879	921	329	883	469	2091	162	289	389	281	374	787	2719	458	309	587	196	467	808	88	162	1988	233	184	298	995	2114	329	436	456	900	1806	1175	1398	1168	196	235	1176	281	866	304	258	192	339	861	6	106	527	154	1403	330	291	620	452	262	446	1960	2352	165	509	36	1525	898	1054	828	1638	2007	175	806	415	1600	162	780	256	389	488	20	254	396	230	568	299	505	15	155	884	172	863	464	505	396	662	279	1985	979	287	1176	325	396	603	330	54	460	331	41	952	399	2684	108	162	563	201	201	558	330	86	1162	347	124	2081	437	1062	782	1640	1012	884	1062	78	329	142	390	945	1822	399	925	921	1040	1566	790	868	310	273	278	262	344	855	1118	274	347	562	161	230	380	628	462	280	328	342	125	1150	434	1236	874	262	978	1348	841	273	727	466	325	1222	274	376	197	177	780	297	258	1046	393	330	884	156	889	81	0	286	1162	201	896	302	459	884	1273	367	419	383	277	254	328	1029	861	277	411	898	309	755	609	1109	168	553	544	452	498	427	1736	78	485	184	15	823	231	162	315	205	1641	281	488	434	509	502	937	330	238	337	342	278	325	1560	379	436	296	314	603	343	448	413	557
202	1205	480	340	169	1918	200	266	1209	915	343	0	1202	627	395	378	476	1495	1731	481	1435	1194	1402	490	438	631	784	179	1027	493	340	1240	188	235	353	621	592	762	279	23	432	785	330	631	215	623	1430	663	486	631	130	1314	347	275	412	213	354	553	95	1888	387	196	959	1254	347	1223	198	2356	456	393	155	76	716	1128	2913	445	60	584	177	644	1150	254	499	1878	192	389	343	1336	2372	424	98	445	1114	2037	948	1532	1505	177	190	1278	76	1194	582	150	168	682	1202	343	418	643	274	1308	321	52	439	794	114	385	2299	2659	274	852	370	1357	1140	1013	682	1971	2223	185	848	754	1346	275	1122	127	370	469	358	101	160	154	517	473	162	342	188	962	173	944	452	162	159	979	192	2189	1228	92	1104	487	328	271	321	314	447	366	357	1291	336	2342	234	456	642	395	375	272	672	428	1397	438	407	2293	780	1405	614	1927	684	962	827	380	671	485	722	988	2115	334	1262	1254	1148	1722	1132	1197	391	169	618	114	355	1196	828	84	515	769	275	154	693	543	448	91	346	16	358	1477	192	1258	1209	114	1062	1479	1180	169	1069	213	346	1002	186	625	160	175	861	266	150	1154	156	321	962	276	580	268	343	629	1264	395	1227	82	515	962	1387	525	127	159	477	453	346	1119	1074	477	753	1140	227	837	949	1180	174	751	697	538	811	180	2071	380	347	389	342	483	228	499	486	383	1927	76	469	184	625	700	1275	672	193	351	417	621	668	1608	632	98	352	484	271	0	436	663	277
1010	179	1205	1054	1094	818	1119	1058	116	386	861	1202	0	788	864	931	832	399	2894	940	895	197	843	1583	1007	596	440	1248	736	979	1174	159	1115	1021	1093	890	1484	1953	1463	1200	1160	437	916	787	1278	1816	563	682	853	596	1289	1439	1053	981	1029	1312	859	900	1129	703	881	1081	1124	155	1083	34	1320	1477	761	1000	1213	1142	499	76	2286	1166	1162	1227	1037	924	179	949	703	2534	1076	859	1052	137	1522	1016	1292	1164	782	1339	1943	1315	321	1037	1079	1247	1142	197	681	1111	1051	531	0	861	788	1039	977	1977	1049	1152	1344	429	1108	1133	1154	1581	985	354	832	2196	683	1602	1551	796	1565	1022	1161	484	2379	982	81	1099	1073	1188	847	1107	1246	1085	1265	854	1364	860	1013	1128	1029	1115	1169	1364	1220	492	1116	1585	686	1135	1613	936	1174	1464	1049	889	1167	1070	854	108	1173	3534	969	761	1109	864	931	1408	544	774	835	1022	807	1646	434	245	1534	987	1869	1131	1845	825	545	719	489	1237	1127	1174	103	155	1147	1381	194	193	1025	1094	603	1108	1094	14	1949	1135	851	748	981	1085	618	1338	1169	1130	1082	1200	862	370	1280	1473	116	1108	1169	1290	47	1094	217	1312	1079	1980	1114	789	1057	1029	1073	1058	1111	1151	1217	1049	1128	977	1738	934	861	582	1237	864	171	1150	1096	1128	1281	945	1259	1205	825	834	1082	1183	772	825	467	683	1132	1061	255	1275	1029	895	983	967	454	1248	981	825	1275	859	860	1675	1029	703	853	926	989	1142	1188	1254	1034	889	100	544	1080	1089	1038	585	541	1664	780	1292	1043	926	1464	1202	1160	682	1404
532	878	426	331	631	1352	453	673	850	705	379	627	788	0	562	249	625	960	2151	178	1405	878	1358	848	248	271	373	768	1043	786	432	895	459	599	354	820	703	1360	805	640	390	377	555	3	589	1141	1229	676	661	271	754	1603	326	353	276	628	473	770	610	1382	579	437	1214	903	349	819	646	2199	469	265	731	550	345	731	2915	392	623	438	548	148	662	434	382	1793	439	546	328	922	2233	261	724	390	1132	1973	1161	1677	1108	548	441	1486	550	878	565	482	464	335	788	373	428	260	355	1217	709	580	990	383	596	825	1743	2366	354	472	387	1413	1097	843	765	1580	2188	524	1160	324	1596	353	712	597	768	410	359	577	580	474	482	647	769	392	488	1219	505	1198	394	769	738	392	457	2182	1161	614	1551	172	437	819	709	433	393	329	339	895	433	2916	439	469	327	562	252	721	320	357	1350	260	464	2267	394	916	755	1720	1178	1220	1070	430	318	331	492	1293	1882	434	880	903	1351	1822	641	878	284	631	280	596	354	777	1203	543	688	840	353	474	173	554	396	606	349	635	493	1143	602	1584	850	596	1306	1632	789	631	588	628	346	1196	460	2	473	518	1119	673	482	1357	734	709	1219	353	1027	447	379	318	1472	562	891	626	310	1219	1571	164	741	728	616	599	349	1351	1098	616	358	1097	447	1095	595	1438	483	188	225	812	627	769	1493	430	532	546	392	1091	603	382	661	244	1721	550	410	775	251	146	884	320	439	352	281	338	343	1891	8	724	316	167	819	627	389	676	713
196	836	694	486	245	1639	433	194	849	533	201	395	864	562	0	405	91	1206	2124	522	1053	822	1017	872	534	395	507	389	646	223	576	874	419	168	527	285	906	1100	674	383	633	506	64	565	561	1012	1036	268	117	395	444	1064	491	342	527	579	97	222	302	1566	20	389	678	890	515	879	573	1964	119	487	357	367	442	788	2551	646	339	781	219	664	852	214	214	2174	380	16	486	989	1981	528	464	645	735	1655	1316	1207	1146	219	381	978	367	822	194	386	314	409	863	208	137	728	335	1589	192	356	500	514	282	296	2003	2267	346	541	179	1692	751	1248	995	1600	1848	218	605	498	1729	343	788	269	233	677	215	293	509	355	753	101	542	186	239	683	244	662	653	542	362	779	424	1820	837	307	988	526	568	665	192	159	648	520	241	940	572	2675	232	119	764	0	402	658	407	206	1011	545	100	1921	490	1089	942	1532	1075	683	1198	133	407	247	375	744	1720	572	908	890	842	1382	837	825	506	245	377	282	530	861	1221	362	150	389	342	355	519	807	650	305	514	385	76	1100	549	1035	849	282	778	1156	834	245	776	579	511	1367	417	560	314	233	578	194	386	849	361	192	683	337	975	185	201	364	964	0	859	321	657	683	1078	568	411	348	88	62	514	829	696	88	478	751	464	554	609	908	265	745	743	252	433	388	1799	133	643	16	186	826	176	214	117	406	1532	367	677	394	710	695	922	407	385	523	539	345	390	1359	561	464	487	515	665	395	636	268	660
309	981	317	125	399	1575	210	460	968	742	205	378	931	249	405	0	489	1167	1964	123	1392	976	1350	652	129	336	490	525	999	619	246	1007	213	385	167	690	577	1116	568	391	259	493	374	253	359	914	1285	605	521	336	505	1470	125	107	130	397	308	628	367	1579	417	188	1084	1019	156	958	411	2251	356	89	489	301	433	864	2906	269	376	388	318	285	840	217	313	1792	189	389	123	1068	2277	126	474	267	1091	1984	1029	1600	1250	318	192	1381	301	976	491	233	217	405	931	198	301	326	110	1207	506	331	760	502	356	617	1964	2475	106	581	233	1348	1080	852	657	1726	2189	296	1008	448	1462	106	851	359	568	298	194	335	341	224	381	505	520	220	256	1089	271	1068	275	520	496	619	211	2172	1156	371	1362	128	244	579	506	248	271	148	168	1032	244	2681	214	356	358	405	4	493	390	244	1343	143	326	2266	498	1099	623	1787	958	1089	923	281	389	264	517	1148	1962	244	1010	1019	1245	1765	820	977	114	399	331	356	169	922	1018	294	553	761	107	224	344	447	273	363	155	386	329	1257	368	1438	968	356	1184	1551	921	399	760	397	152	1072	213	247	226	286	984	460	233	1251	492	506	1089	107	816	240	205	360	1367	405	999	382	254	1089	1477	172	494	487	482	459	155	1234	1053	482	463	1080	211	960	698	1314	244	385	354	654	645	526	1722	281	344	389	220	843	387	313	521	5	1788	301	298	532	308	333	1019	390	190	163	142	366	400	1765	254	474	116	120	579	378	260	605	487
284	787	783	575	317	1625	524	245	806	480	284	476	832	625	91	489	0	1191	2200	602	964	772	929	959	618	426	515	446	556	175	667	827	510	242	617	201	998	1154	754	462	722	513	150	628	650	1085	961	191	36	426	511	986	580	432	613	667	183	145	381	1536	91	480	597	844	605	844	660	1879	157	573	418	454	454	756	2460	735	418	869	305	737	839	305	252	2264	471	104	575	952	1896	613	538	734	645	1566	1406	1117	1100	305	472	892	454	772	151	476	405	425	832	290	199	807	424	1679	221	441	513	520	362	301	1982	2194	435	532	257	1784	664	1336	1087	1546	1758	306	534	515	1817	433	760	349	241	766	295	377	598	446	843	25	616	269	329	602	333	582	742	616	423	802	515	1730	752	386	937	605	659	743	221	247	737	609	321	900	663	2722	324	157	846	91	485	744	426	270	923	630	166	1830	494	1066	1033	1454	1150	603	1287	209	427	297	356	670	1643	663	867	844	756	1291	826	775	593	317	408	362	619	831	1304	450	64	299	432	446	560	898	740	385	603	465	163	1044	637	961	806	362	695	1066	799	317	767	667	601	1456	508	623	404	321	499	245	476	762	422	221	602	427	1056	276	284	387	878	91	811	399	742	602	989	647	477	409	9	29	604	745	606	9	487	664	555	474	583	826	356	811	817	191	386	445	1786	209	734	104	269	885	250	252	36	489	1454	454	766	450	790	763	883	426	476	613	625	365	405	1278	623	538	575	594	743	476	725	191	746
1321	553	1382	1278	1415	433	1374	1397	493	781	1155	1495	399	960	1206	1167	1191	0	3111	1136	1241	574	1192	1806	1207	864	713	1572	1132	1351	1389	515	1373	1348	1308	1275	1655	2257	1731	1498	1351	713	1250	958	1527	2081	865	1062	1217	864	1599	1835	1274	1242	1234	1564	1180	1277	1436	427	1225	1343	1524	501	1302	408	1577	1634	1092	1215	1536	1427	782	463	2508	1352	1465	1374	1347	1063	353	1244	1015	2541	1340	1198	1275	359	1692	1219	1591	1350	1173	1590	2106	1684	424	1347	1343	1638	1427	574	1041	1380	1332	818	399	1154	1106	1169	1240	2024	1398	1443	1702	704	1416	1492	804	1587	1245	664	1133	2286	1068	1664	1706	749	1813	1328	1559	741	2535	1243	449	1409	1430	1367	1138	1410	1505	1359	1434	1215	1656	1159	1311	1528	1328	1515	1354	1656	1542	572	1373	1850	1058	1442	2011	1131	1393	1739	1398	1195	1353	1284	1138	406	1389	3837	1262	1092	1237	1206	1168	1661	826	1073	1183	1220	1132	1893	723	166	1707	1163	2126	1531	2022	1139	826	1015	835	1637	1251	1390	438	501	1542	1726	369	570	1237	1415	878	1416	1309	394	2164	1419	1220	1143	1242	1359	823	1505	1355	1436	1301	1496	1188	576	1535	1872	493	1416	1568	1663	446	1415	431	1564	1298	2135	1373	962	1339	1333	1472	1397	1380	1546	1540	1398	1528	1239	1980	1235	1155	870	1629	1206	534	1457	1264	1528	1664	1124	1573	1528	1183	1188	1301	1581	1165	1183	745	1068	1378	1459	613	1672	1321	996	1096	1344	835	1572	595	1139	1490	1198	1159	1978	1356	1015	1217	1162	1166	1427	1367	1579	1170	1010	419	826	1342	1306	1240	882	833	2050	953	1591	1264	1124	1739	1495	1350	1062	1654
1934	2924	1730	1844	1882	3489	1776	1961	2920	2644	2049	1731	2894	2151	2124	1964	2200	3111	0	1977	3122	2916	3097	1312	1906	2297	2454	1766	2726	2163	1727	2956	1781	1958	1809	2304	1466	1153	1453	1741	1760	2457	2060	2153	1617	1115	3160	2390	2203	2297	1690	2761	1846	1914	1880	1585	2083	2243	1822	3533	2115	1816	2525	2969	1817	2919	1580	4064	2185	1903	1787	1774	2394	2824	4510	1759	1785	1752	1908	2055	2802	1968	2212	1590	1822	2120	1846	3031	4072	1895	1661	1761	2804	3713	1053	3099	3211	1908	1819	2823	1774	2916	2314	1791	1857	2363	2894	2047	2141	1959	1919	1496	2002	1775	1859	2465	1842	1995	3882	4391	1910	2540	2083	1178	2850	1655	1431	3684	3874	1916	2390	2413	720	1913	2813	1855	2022	1744	2059	1833	1653	1819	1682	2191	1583	2054	1910	2527	1899	2513	1757	1583	1784	2540	1779	3824	2939	1817	2359	1982	1725	1459	2002	2035	1758	1833	2048	2993	1728	1164	1946	2185	1896	2124	1964	1491	2349	2134	3093	1892	2136	3935	2460	3060	1414	3653	1049	2525	1107	2103	2348	2184	2440	2496	3843	1727	2968	2969	2720	3306	2781	2918	1879	1882	2290	1842	1808	2886	948	1781	2227	2475	1914	1819	2298	1614	1756	1819	1818	1739	2089	3200	1617	2669	2920	1842	2615	3044	2880	1882	2723	1585	1821	1046	1782	2149	1853	1904	2449	1961	1791	2725	1784	2002	2527	1918	1160	1989	2049	2313	2812	2124	2945	1803	1850	2527	2937	1987	1726	1797	2202	2180	1818	2671	2766	2202	2426	2850	1762	2431	2652	2694	1889	2137	2036	2204	2540	1768	3619	2103	1625	2120	2054	1354	1950	2212	2203	1969	3653	1774	1744	1764	1954	2112	2978	2349	1818	1812	1873	2313	2355	3006	2158	1661	1856	1989	1459	1731	1761	2390	1493
432	1012	265	157	520	1530	291	584	990	800	321	481	940	178	522	123	602	1136	1977	0	1474	1009	1430	671	70	367	505	639	1090	739	254	1033	299	508	176	803	544	1190	633	497	221	509	495	180	414	964	1339	701	635	367	611	1587	151	225	98	454	425	744	483	1556	535	284	1199	1043	172	969	473	2309	459	92	604	405	460	878	2989	225	488	307	441	165	828	341	399	1706	288	505	154	1076	2339	83	573	223	1181	2059	1003	1704	1262	441	291	1491	405	1009	586	330	331	439	940	314	407	206	229	1122	629	438	880	516	473	741	1921	2506	223	603	345	1287	1162	758	614	1736	2268	418	1127	458	1438	224	861	477	691	248	307	451	411	329	327	619	609	336	378	1204	392	1184	229	609	611	570	296	2255	1234	487	1485	6	259	648	629	368	227	152	281	1045	255	2739	338	459	246	522	127	545	423	342	1423	84	436	2346	520	1085	593	1838	1001	1205	906	393	421	346	575	1267	2007	256	1027	1043	1355	1863	807	1009	107	520	368	473	176	930	1028	399	666	861	225	329	325	399	229	479	171	491	446	1283	430	1557	990	473	1298	1655	936	520	751	454	169	1041	300	176	340	408	1100	584	330	1361	607	629	1204	226	849	363	321	403	1477	522	1027	496	167	1204	1585	48	603	603	595	573	172	1347	1145	595	483	1162	278	1076	725	1428	364	270	231	773	709	640	1671	393	354	505	336	925	510	399	635	121	1839	405	248	646	187	219	1033	423	287	174	104	416	439	1880	185	573	142	13	648	481	220	701	537
1248	715	1709	1504	1268	1567	1482	1177	779	709	1208	1435	895	1405	1053	1392	964	1241	3122	1474	0	697	51	1922	1516	1134	1063	1361	407	962	1611	742	1469	1200	1548	822	1950	2005	1706	1418	1649	1058	1115	1406	1615	2014	392	796	949	1134	1443	748	1507	1370	1522	1631	1128	887	1339	1323	1055	1436	668	752	1536	870	1624	945	1046	1481	1345	1418	1066	875	1515	1660	1375	1777	1268	1551	1059	1259	1079	3181	1427	1063	1503	883	949	1516	1482	1659	321	602	2370	461	858	1268	1429	537	1418	697	904	1438	1366	1071	895	1214	1102	1654	1362	2596	1129	1404	1279	1056	1321	1127	1782	1378	1374	978	1173	2734	312	2232	2036	1038	798	1270	793	1106	2780	1371	903	1308	1102	1690	1211	1338	1562	1407	1772	964	1559	1196	1292	669	1297	672	1667	1559	1347	1299	1473	780	244	1343	1117	1475	1605	1691	1129	1192	1662	1535	1233	843	1608	3474	1279	1046	1712	1053	1389	1706	1086	1149	60	1531	1087	873	1034	1077	1989	619	2084	671	2252	1132	1087	1131	913	754	809	1608	817	752	528	487	1067	701	1506	1268	1125	1321	1551	908	2261	1414	920	666	1370	1407	1250	1835	1665	1343	1535	1422	1114	698	1602	829	779	1321	623	456	851	1268	1056	1631	1532	2420	1467	1404	1366	1286	708	1177	1438	527	1347	1129	669	1365	2008	1230	1208	1087	535	1053	726	1354	1639	669	500	1506	1408	1335	965	990	1535	590	360	965	1065	312	1510	720	880	644	1318	1578	1631	920	777	1359	1716	1132	1689	1063	1196	1771	1206	1079	949	1390	617	1418	1690	1363	1641	1547	833	1086	1433	1544	1534	1070	1062	868	1399	1482	1500	1462	1691	1435	1651	796	1709
994	21	1274	1101	1065	966	1143	1013	83	292	866	1194	197	878	822	976	772	574	2916	1009	697	0	646	1615	1071	644	506	1212	562	895	1222	64	1136	989	1143	786	1548	1923	1467	1188	1223	502	882	878	1301	1817	382	597	786	644	1264	1261	1101	1006	1088	1331	841	810	1112	802	837	1101	968	82	1133	174	1335	1331	738	1054	1180	1143	548	186	2111	1230	1147	1310	1020	1023	365	948	703	2659	1095	821	1099	225	1371	1077	1277	1228	598	1160	2004	1119	331	1020	1098	1064	1143	0	629	1124	1058	572	197	868	777	1138	1001	2091	994	1147	1271	496	1090	1062	1270	1499	1010	407	833	2290	494	1715	1622	778	1385	1009	1020	555	2438	1007	215	1079	1007	1255	856	1094	1262	1096	1336	790	1352	862	1008	971	1022	960	1235	1352	1185	647	1139	1400	490	1117	1466	1006	1220	1464	994	883	1232	1122	868	172	1220	3494	970	738	1206	822	975	1425	588	781	637	1086	787	1467	488	409	1596	846	1876	974	1900	815	589	733	475	1082	1003	1221	137	82	970	1183	376	4	1081	1065	646	1090	1144	210	1981	1136	776	623	1006	1096	704	1408	1234	1113	1131	1189	839	284	1299	1302	83	1090	1002	1095	154	1065	378	1331	1128	2046	1135	878	1063	1019	927	1013	1124	974	1184	994	971	1002	1755	929	866	616	1054	822	44	1132	1173	971	1091	1022	1232	1171	766	781	1131	1011	592	766	526	494	1161	918	284	1101	1028	1013	1091	875	389	1211	1128	815	1319	821	862	1648	997	703	786	972	847	1143	1255	1216	1130	997	156	588	1099	1139	1098	611	575	1476	871	1277	1092	995	1464	1194	1224	597	1423
1213	664	1667	1463	1236	1522	1444	1146	727	659	1168	1402	843	1358	1017	1350	929	1192	3097	1430	51	646	0	1888	1473	1087	1013	1333	374	935	1571	691	1431	1166	1507	794	1910	1986	1675	1386	1607	1008	1079	1359	1579	1986	349	757	916	1087	1414	772	1465	1330	1479	1596	1090	857	1306	1281	1020	1398	665	701	1495	818	1589	967	1006	1439	1316	1383	1018	823	1559	1618	1343	1734	1234	1504	1007	1220	1036	3136	1389	1027	1462	833	975	1474	1452	1617	293	638	2333	504	812	1234	1391	559	1383	646	864	1401	1329	1023	844	1173	1062	1608	1322	2552	1100	1370	1260	1006	1288	1102	1743	1381	1334	927	1133	2693	270	2187	1996	1009	839	1235	786	1057	2746	1331	851	1274	1075	1648	1170	1305	1527	1370	1730	930	1529	1157	1256	666	1261	668	1625	1529	1318	1247	1435	825	197	1310	1127	1430	1565	1661	1100	1153	1620	1493	1192	792	1568	3465	1241	1006	1667	1017	1347	1672	1038	1107	8	1488	1048	916	984	1027	1950	617	2056	668	2216	1092	1040	1087	866	756	810	1568	766	701	538	538	1015	650	1464	1236	1079	1288	1509	856	2229	1379	887	633	1330	1370	1201	1794	1623	1310	1493	1390	1076	653	1566	849	727	1288	627	495	799	1236	1004	1596	1490	2383	1429	1357	1329	1250	698	1146	1401	537	1318	1100	666	1325	1977	1192	1168	1041	556	1017	675	1322	1595	666	531	1461	1379	1306	930	955	1494	599	331	930	1016	270	1472	708	829	659	1282	1530	1584	893	730	1332	1672	1092	1651	1027	1157	1747	1173	1036	916	1348	615	1383	1648	1335	1595	1499	782	1038	1395	1503	1491	1023	1014	905	1352	1452	1458	1418	1661	1402	1609	757	1675
675	1623	449	532	659	2198	472	756	1614	1356	755	490	1583	848	872	652	959	1806	1312	671	1922	1615	1888	0	600	987	1143	611	1514	983	417	1652	480	723	498	1112	275	655	256	509	464	1145	808	850	317	347	1891	1138	973	987	521	1774	534	608	572	293	809	1044	586	2225	868	515	1437	1664	506	1609	298	2834	905	592	611	505	1084	1515	3403	466	550	508	654	772	1490	682	915	1450	522	863	535	1720	2853	587	466	467	1602	2525	462	2018	1901	654	520	1758	505	1615	1044	498	570	1053	1583	752	855	695	614	918	810	518	832	1154	602	856	2591	3107	605	1231	791	896	1623	725	327	2376	2713	654	1319	1101	857	607	1502	616	854	459	762	584	364	528	420	958	405	762	636	1441	629	1423	466	405	611	1240	477	2680	1709	582	1502	676	414	284	810	752	465	523	747	1683	417	2101	660	905	646	872	652	218	1039	837	1883	587	858	2783	1149	1749	251	2393	357	1440	340	819	1038	882	1142	1454	2576	416	1660	1664	1631	2210	1470	1617	569	659	980	602	498	1574	366	509	1002	1256	608	528	987	372	463	581	507	504	819	1899	324	1708	1614	602	1540	1963	1571	659	1411	293	510	517	481	846	567	638	1342	756	498	1637	610	810	1441	613	193	708	755	1005	1744	872	1642	572	565	1441	1869	687	551	619	958	933	507	1598	1563	958	1115	1623	454	1319	1345	1653	612	868	774	1027	1253	613	2337	819	316	863	762	487	717	915	973	657	2393	505	459	613	685	833	1669	1039	517	501	566	1006	1046	2063	855	466	545	683	284	490	466	1138	213
418	1074	203	99	498	1600	240	571	1055	853	334	438	1007	248	534	129	618	1207	1906	70	1516	1071	1473	600	0	426	570	604	1126	744	184	1097	251	497	109	818	478	1128	569	456	153	574	499	251	350	896	1394	733	649	426	568	1597	93	207	30	390	436	756	453	1627	544	243	1212	1107	107	1036	410	2363	485	50	572	365	522	944	3031	159	453	261	423	209	898	336	437	1666	249	517	96	1144	2392	15	526	157	1218	2105	937	1730	1329	423	251	1511	365	1071	619	288	303	498	1007	328	430	212	213	1080	620	399	853	581	446	728	1992	2570	205	666	363	1232	1204	723	551	1804	2312	402	1133	524	1372	206	928	451	682	185	324	421	352	292	266	633	556	349	360	1217	373	1196	164	556	577	640	247	2296	1278	455	1476	76	189	586	620	375	161	85	298	1112	185	2672	328	485	233	534	133	479	483	372	1466	15	456	2389	584	1155	527	1895	931	1217	838	411	481	385	627	1274	2066	186	1092	1107	1374	1894	877	1071	47	498	426	446	108	997	958	359	682	890	207	292	394	337	163	448	106	450	457	1347	367	1563	1055	446	1312	1680	1002	498	820	390	104	976	253	246	311	389	1112	571	288	1380	574	620	1217	210	779	361	334	460	1497	534	1090	463	125	1217	1607	96	563	571	612	589	106	1363	1181	612	547	1204	222	1087	788	1442	343	318	259	780	759	606	1741	411	283	517	349	867	497	437	649	130	1895	365	185	611	193	270	1099	483	247	107	33	470	497	1892	255	526	86	83	586	438	153	733	470
463	648	630	461	561	1289	524	563	632	438	292	631	596	271	395	336	426	864	2297	367	1134	644	1087	987	426	0	157	718	774	602	581	672	521	502	501	600	904	1393	875	634	579	160	418	272	683	1228	973	425	462	0	736	1365	460	387	444	717	337	563	574	1261	415	488	979	683	491	622	727	1944	278	410	680	563	97	528	2645	586	601	673	487	417	520	380	181	2057	484	382	458	733	1975	433	727	584	863	1705	1361	1413	914	487	487	1234	563	644	324	521	468	72	596	290	266	523	383	1477	580	579	886	168	555	690	1668	2144	390	244	274	1653	826	1106	978	1390	1919	467	943	123	1795	388	515	549	628	611	274	547	653	498	693	452	792	297	447	984	465	965	590	792	687	384	522	1912	890	580	1363	365	581	879	580	336	587	479	273	696	580	2973	397	278	585	395	335	814	56	216	1080	442	300	1998	162	778	952	1471	1278	986	1257	291	54	158	221	1069	1640	580	674	683	1101	1554	501	645	437	561	18	555	502	588	1353	555	482	586	387	498	139	764	590	573	489	632	351	922	686	1356	632	555	1066	1369	584	561	439	717	486	1401	520	270	475	470	889	563	521	1107	684	580	984	383	1143	374	292	49	1220	395	665	595	533	984	1314	386	712	673	417	408	490	1107	830	417	128	826	536	867	363	1197	457	450	496	617	356	718	1443	291	681	382	297	1114	509	181	462	331	1472	563	611	724	511	414	682	56	487	497	454	72	74	1646	265	727	450	353	879	631	579	425	810
607	508	771	614	702	1142	682	691	484	354	442	784	440	373	507	490	515	713	2454	505	1063	506	1013	1143	570	157	0	860	739	689	734	527	679	638	652	656	1049	1545	1032	786	724	5	544	372	840	1386	858	453	547	157	885	1382	612	545	590	875	469	634	723	1105	527	646	1007	537	643	467	885	1827	389	560	823	718	69	374	2559	730	751	803	633	519	365	531	304	2163	642	497	611	577	1862	578	879	728	822	1612	1507	1384	760	633	645	1231	718	506	381	679	624	104	440	441	395	633	541	1589	699	733	1008	11	702	803	1518	2001	548	99	419	1783	766	1214	1119	1236	1831	614	991	49	1943	546	360	695	740	753	426	696	811	655	833	541	946	445	598	1012	615	993	734	946	829	300	680	1830	818	728	1429	503	734	1036	699	481	731	630	427	543	732	3126	550	389	700	507	490	972	112	360	1005	586	424	1911	31	621	1098	1347	1436	1013	1407	426	113	301	195	1106	1510	733	522	537	1104	1508	347	507	586	702	168	702	653	431	1509	711	560	598	545	655	200	905	734	722	642	784	479	778	844	1384	484	702	1084	1344	432	702	284	875	639	1546	678	373	631	619	925	691	679	1109	826	699	1012	541	1301	522	442	156	1218	507	522	743	667	1012	1300	516	859	815	506	503	642	1118	793	506	31	766	693	905	222	1211	610	523	591	696	303	859	1299	426	834	497	445	1266	645	304	547	486	1348	718	753	866	624	500	529	112	645	649	600	168	120	1652	365	879	602	492	1036	784	724	453	967
255	1225	659	510	157	2002	375	201	1238	921	427	179	1248	768	389	525	446	1572	1766	639	1361	1212	1333	611	604	718	860	0	960	399	519	1263	361	226	527	539	755	710	363	156	610	860	332	771	383	653	1404	636	443	718	90	1164	517	418	581	372	392	476	158	1947	374	361	828	1279	520	1265	350	2298	486	556	37	241	791	1172	2809	624	151	763	231	804	1220	346	557	2036	355	391	512	1376	2308	591	146	624	1040	1959	1073	1411	1535	231	353	1148	241	1212	583	318	308	755	1248	430	466	814	415	1473	236	206	260	868	172	248	2375	2637	418	912	443	1501	1083	1188	844	1989	2134	253	707	838	1448	419	1170	173	259	648	447	190	333	312	695	433	209	420	282	831	265	814	630	209	31	1089	366	2094	1173	154	930	645	507	341	236	381	625	539	456	1328	515	2287	334	486	817	389	522	401	748	502	1329	607	443	2201	849	1467	772	1890	722	831	951	433	748	560	758	843	2081	513	1296	1279	1023	1608	1204	1215	558	157	702	172	530	1244	911	246	464	708	418	312	805	718	627	161	520	163	387	1488	358	1102	1238	172	930	1356	1220	157	1141	372	519	1128	358	766	299	254	735	201	318	1029	34	236	831	418	654	345	427	704	1134	389	1248	143	690	831	1260	686	61	44	450	433	520	988	1002	450	828	1083	403	712	993	1041	285	909	863	441	822	1	2159	433	522	391	420	438	218	557	443	529	1889	241	648	6	796	857	1310	748	358	525	587	691	739	1456	771	146	521	641	341	179	614	636	410
840	584	1313	1106	861	1528	1076	772	640	408	808	1027	736	1043	646	999	556	1132	2726	1090	407	562	374	1514	1126	774	739	960	0	563	1210	626	1063	792	1149	422	1547	1626	1300	1011	1253	734	707	1044	1207	1614	510	394	541	774	1040	703	1109	968	1129	1223	724	484	931	1343	647	1031	417	642	1137	724	1216	1337	646	1088	942	1010	724	685	1910	1264	968	1386	861	1184	856	853	690	2792	1022	656	1105	788	1348	1125	1077	1263	92	1010	1962	645	851	861	1024	517	1010	562	507	1031	959	720	736	813	703	1280	961	2206	726	996	906	735	914	734	1816	1709	972	673	773	2332	133	1848	1634	1193	1202	862	499	775	2372	970	707	900	703	1294	812	930	1154	1001	1375	556	1154	795	885	421	889	413	1271	1154	945	1016	1068	1177	220	935	922	1091	1203	1286	726	788	1266	1137	835	734	1206	3136	873	646	1333	646	996	1298	733	754	369	1140	685	1275	708	969	1584	947	1683	423	1844	730	735	743	560	531	1141	1206	699	642	410	779	856	567	1112	861	763	914	1152	744	1855	1006	512	258	968	1001	904	1436	1269	935	1136	1015	708	726	1194	740	640	914	440	605	688	861	824	1223	1133	2013	1061	1041	959	878	402	772	1031	414	945	726	421	963	1602	825	808	725	506	646	605	947	1250	421	568	1125	1005	932	558	583	1136	448	55	558	733	133	1106	402	611	540	911	1225	1265	523	436	959	1689	730	1285	656	795	1380	799	690	541	997	946	1010	1294	962	1265	1188	718	733	1027	1145	1141	705	707	940	1037	1077	1103	1079	1286	1027	1255	394	1301
