NAME : VRPTW_INSTANCE_225.txt
COMMENT : Bangkok Supermarket
TYPE : VRPTW
DIMENSION : 314
DAYS : Sunday
EDGE_WEIGHT_TYPE : EXPLICIT
VEHICLES : 34
EDGE_WEIGHT_FORMAT : FULL_MATRIX
CAPACITY : 1000
EDGE_WEIGHT_SECTION
0	500	1003	929	815	1057	196	962	401	439	97	437	677	935	2153	996	412	712	208	1489	1014	847	1076	824	1775	859	698	443	2233	409	365	960	892	1707	1606	402	238	562	1124	1650	698	969	511	672	322	400	437	346	1032	236	2127	437	1294	328	1680	1146	1072	389	309	850	1162	213	1183	1897	1861	532	411	373	193	288	629	401	705	650	2054	731	1028	2530	153	1734	264	1296	483	199	1537	1097	403	635	576	368	609	984	202	1126	1718	97	250	1151	403	616	408	1645	364	1448	155	409	977	1745	830	383	665	587	35	442	413	641	436	373	212	3448	165	666	812	288	2033	894	150	1026	59	1010	711	231	404	2177	371	461	1947	236	1086	1082	373	584	644	1010	399	227	155	910	737	1092	1371	308	407	606	230	941	935	923	404	1231	622	710	30	250	432	371	939	1815	1806	97	1802	191	1617	25	367	1116	1068	534	935	2196	425	820	1022	1601	418	1065	119	170	303	121	124	1003	1074	729	1863	386	589	392	1462	477	196	1993	131	223	1113	255	385	369	753	85	355	124	1321	612	1120	1714	1166	210	599	1041	519	1126	835	1190	359	398	113	412	505	908	1914	91	874	776	978	1637	210	411	140	1694	216	388	451	1005	487	78	203	991	301	1035	787	90	500	1448	1014	642	283	1190	2211	199	584	221	482	609	432	3715	1907	33	1747	379	1795	283	420	178	373	1426	1213	300	921	21	1390	216	97	283	1941	440	1149	503	152	217	1273	2194	1480	343	448	2337	124	679	891	365	651	661	556	2696	97	350	22	982	255	990	945	212	1568	359
500	0	1185	1364	1203	1165	653	1131	116	257	495	234	193	1100	2177	1155	183	983	315	1112	1177	701	1288	1085	2207	385	522	916	2353	107	305	1420	1125	2074	1568	116	737	161	1603	1662	1152	1196	880	277	251	154	241	305	812	276	2504	478	1496	547	1237	1646	743	215	277	712	897	289	1027	1449	1959	401	158	134	310	285	131	116	550	215	2455	237	1495	2559	559	1236	536	1532	774	480	1209	1507	115	692	716	136	810	1478	447	1544	2054	495	465	1488	839	980	899	1632	141	1108	579	153	1472	1749	975	318	799	857	467	545	898	143	561	134	712	3830	479	648	343	285	2021	1355	619	700	440	1164	1155	281	167	2417	854	263	2410	276	1525	1352	718	723	775	1164	121	333	579	1023	1037	1584	1731	282	898	424	607	450	1100	1422	896	1657	225	981	472	504	234	854	1163	1719	1893	495	1896	464	1898	495	137	1607	585	422	1100	2283	243	1316	1190	1685	168	582	495	661	261	499	490	1185	1573	722	1489	871	254	133	1399	679	653	2098	368	403	1430	625	869	135	1250	581	625	575	1360	978	804	2094	1488	695	752	1266	24	1544	1266	1628	849	122	489	884	656	1188	1824	468	1035	1227	1152	1451	292	164	498	1760	287	316	627	819	578	577	317	1131	220	937	1183	583	2	1711	1435	172	737	1628	2238	318	704	569	23	809	237	4096	1883	468	1845	134	1900	737	185	476	134	1843	1626	770	1365	510	1872	303	434	514	1608	922	1332	644	645	599	1759	2665	1118	628	216	2371	620	184	984	139	205	320	700	3058	495	304	479	1416	625	1210	1198	712	1805	849
1003	1185	0	742	536	171	850	57	1181	928	1100	951	1357	88	1194	57	1002	317	978	2292	44	1805	114	228	1320	1277	773	823	1230	1181	1291	878	1858	1027	770	1182	975	1083	1091	738	757	104	1435	1462	959	1036	944	1273	1962	1115	1444	709	2254	700	2370	1361	1927	973	937	1810	2067	1079	2148	2565	865	803	1234	1086	1077	941	1236	1181	741	1127	1449	1373	955	3529	851	2194	751	356	523	827	2394	717	1183	1635	473	1091	400	1145	1197	764	951	1100	799	491	1279	1522	908	767	1086	2294	853	1034	1156	831	212	1313	1667	1562	1021	1439	876	1291	636	1086	1013	2736	856	570	1242	941	1114	850	890	1882	1011	65	718	1112	1021	1232	865	1347	1626	1115	835	258	1343	465	410	65	1183	1166	853	198	337	1191	720	932	909	819	1215	1385	88	1338	914	864	1074	317	1019	776	951	865	105	2807	817	1100	809	1189	739	1028	1091	1195	1432	781	88	1200	942	1073	35	622	1017	1432	1122	1055	959	1124	1127	0	1423	1722	2666	878	1419	1188	2458	541	850	993	1024	1203	408	751	872	1092	1244	1024	1354	890	436	1519	1986	1073	455	900	438	120	1209	764	693	892	899	1183	1116	823	540	238	2909	928	1867	761	35	2595	1080	1023	1143	722	1082	1317	583	1951	608	1011	981	100	1153	595	559	1031	1183	546	721	1351	808	892	1246	1110	481	781	1162	1604	948	2997	1010	1018	754	1077	798	808	1264	847	1086	967	801	834	779	1021	1295	988	1081	1286	2794	858	2124	550	1045	1203	1246	1901	2301	660	1308	1365	1029	1329	247	1092	1389	1003	491	1950	1100	1276	1015	757	751	90	170	1013	622	899
929	1364	742	0	223	909	735	761	1296	1169	1000	1185	1556	763	1830	789	1205	552	1055	2418	785	1751	701	551	848	1629	1212	495	1718	1301	1294	136	1512	820	1505	1297	736	1346	351	1447	237	638	1103	1588	1117	1219	1180	1276	1946	1151	1217	974	1860	837	2594	629	2001	1170	1091	1751	2083	1120	2069	2809	1446	1132	1323	1231	1104	1080	1471	1296	1192	1425	1130	1599	213	3196	814	2571	831	752	637	883	2463	192	1297	1484	817	1230	714	424	1114	206	876	1000	902	418	948	1150	562	1489	1225	2376	799	1223	438	1533	787	1312	1456	1276	963	1319	542	1505	882	1231	783	2527	887	1021	1583	1080	1796	129	779	1955	976	803	217	1146	1211	1455	573	1389	1053	1151	161	564	1095	816	815	803	1295	1155	799	857	482	452	525	1087	564	1192	1030	1733	763	678	569	303	1377	553	958	862	1181	573	639	2633	1423	1000	1405	1096	886	949	1230	454	1829	1115	763	1749	1171	412	778	1274	1218	1827	1018	852	1104	1017	1025	742	721	1592	2792	566	1511	1292	2277	767	735	1540	1034	1146	454	738	564	1231	651	885	1167	815	1173	1147	2048	811	467	723	791	659	1387	206	97	264	597	1294	1016	524	823	504	2724	915	1583	162	753	2517	1118	1217	1033	1376	1122	1317	814	1911	904	878	1054	824	1213	1250	219	889	1363	792	99	1531	647	264	1872	1121	842	794	1341	1362	1180	2794	1713	960	1356	1229	1380	647	1338	889	1231	499	293	629	42	933	584	1067	1026	1161	2866	510	1769	837	855	1023	512	1318	2409	750	1372	1971	861	1546	888	1228	1551	1354	816	1792	1000	1279	951	53	738	656	572	783	938	597
815	1203	536	223	0	698	619	548	1148	989	899	1007	1396	547	1676	578	1034	329	906	2287	577	1660	514	331	1010	1439	1002	435	1611	1152	1175	350	1514	892	1306	1149	665	1167	572	1262	248	435	1090	1446	952	1052	1002	1156	1848	1018	1314	781	1886	660	2441	824	1879	999	926	1661	1977	984	1990	2652	1305	935	1182	1073	971	918	1301	1148	980	1241	1253	1434	433	3209	681	2385	667	622	443	729	2347	307	1150	1417	604	1074	498	609	1013	348	908	899	738	356	928	1154	520	1298	1069	2256	669	1056	619	1351	563	1195	1409	1251	847	1238	491	1340	688	1073	713	2639	740	806	1394	918	1624	315	666	1832	853	593	206	1013	1043	1423	507	1263	1250	1018	362	405	1050	602	597	593	1148	1035	669	636	258	658	557	921	522	990	959	1545	547	817	527	464	1191	330	843	699	1004	507	431	2589	1274	899	1259	998	846	838	1074	664	1634	917	547	1624	993	546	572	1108	1048	1632	919	777	942	919	926	536	890	1521	2664	508	1375	1147	2233	567	619	1412	902	1038	348	590	504	1075	747	790	1102	693	972	1151	1929	901	386	627	576	470	1227	348	157	452	538	1147	916	454	618	300	2685	783	1564	230	543	2443	983	1048	937	1211	986	1200	617	1819	702	780	907	611	1076	1026	34	795	1202	711	251	1374	536	452	1722	993	629	644	1180	1323	1002	2906	1532	844	1207	1070	1238	536	1202	739	1073	641	425	533	254	824	807	919	912	1075	2752	462	1779	633	775	950	735	1520	2282	576	1239	1829	774	1382	665	1073	1399	1160	605	1882	899	1160	836	257	590	456	370	713	852	538
1057	1165	171	909	698	0	927	150	1178	908	1153	931	1324	157	1100	120	987	435	998	2255	126	1819	259	373	1480	1205	702	942	1196	1176	1309	1044	1935	1166	620	1179	1065	1045	1260	613	907	275	1520	1443	960	1024	924	1293	1964	1135	1573	704	2335	735	2309	1522	1908	962	940	1826	2060	1101	2161	2496	811	767	1235	1080	1102	948	1199	1178	670	1077	1590	1332	1122	3586	910	2096	794	459	600	867	2369	889	1179	1676	488	1087	450	1305	1240	936	1076	1153	830	656	1369	1613	1022	629	1082	2267	916	1021	1315	709	227	1331	1720	1634	1070	1479	991	1256	649	1080	1098	2844	899	521	1174	948	997	1013	962	1865	1055	106	869	1133	1008	1280	974	1354	1791	1135	1006	419	1414	480	419	106	1180	1194	916	148	475	1356	875	935	1023	767	1280	1311	157	1486	1028	1035	1026	435	1069	815	932	974	270	2833	752	1153	750	1236	839	1082	1086	1360	1343	745	157	1145	924	1224	137	545	1001	1343	1174	1132	963	1177	1179	171	1577	1756	2624	989	1410	1187	2490	580	927	947	1057	1240	573	817	983	1087	1381	1090	1412	954	290	1609	1969	1218	617	985	460	282	1188	936	856	1063	1006	1180	1167	937	560	405	2936	974	1931	918	156	2602	1102	1008	1195	636	1103	1335	611	1959	611	1077	1002	88	1165	450	718	1098	1163	649	892	1323	898	1063	1156	1137	488	837	1143	1665	929	3102	883	1067	696	1071	747	898	1267	888	1080	1133	971	931	946	1077	1466	1007	1125	1334	2763	977	2198	566	1120	1267	1415	2066	2268	715	1311	1281	1101	1292	181	1088	1364	944	508	2058	1153	1295	1066	926	817	261	340	1098	694	1006
196	653	850	735	619	927	0	816	570	520	282	527	840	792	2027	851	524	543	337	1683	867	1042	913	654	1583	978	712	263	2077	576	561	774	1009	1510	1509	571	156	677	951	1535	508	804	594	856	428	524	525	542	1229	417	1930	424	1408	267	1863	1010	1267	492	405	1044	1359	387	1375	2080	1716	562	590	519	370	388	774	570	710	764	1858	890	846	2680	97	1887	208	1122	329	202	1733	901	571	814	478	516	478	829	395	931	1523	282	250	958	447	689	255	1539	511	1644	76	532	825	1631	700	579	827	711	229	626	248	796	381	519	177	3252	186	621	930	388	1920	708	47	1221	240	867	519	412	523	1995	203	654	1765	417	894	902	492	484	538	867	568	421	76	787	559	934	1175	403	254	638	369	1070	792	818	254	1037	726	542	225	220	522	203	776	1995	1665	282	1658	380	1429	219	515	956	1187	557	792	2051	513	670	873	1464	534	1185	302	205	411	303	309	850	962	913	2057	222	776	564	1640	369	0	1844	300	419	924	119	219	517	655	180	512	80	1206	685	1316	1517	975	71	490	874	674	931	640	998	206	567	298	231	416	730	2093	185	1017	586	829	1828	385	529	321	1560	389	584	364	1200	433	168	335	853	480	983	590	187	652	1266	818	810	88	998	2083	386	493	137	631	756	522	3518	1799	227	1603	520	1649	88	604	194	519	1231	1017	117	729	205	1219	349	294	464	2137	270	1274	420	194	357	1106	2016	1675	229	636	2206	179	836	776	513	825	741	459	2499	282	545	218	788	119	826	773	177	1390	206
962	1131	57	761	548	150	816	0	1129	874	1060	897	1301	31	1217	36	948	296	930	2237	51	1756	172	224	1367	1219	715	806	1271	1129	1243	895	1825	1081	767	1130	946	1026	1112	748	758	138	1405	1408	907	983	890	1225	1911	1067	1500	655	2223	654	2313	1372	1873	920	885	1762	2015	1031	2099	2507	900	747	1183	1033	1030	890	1180	1129	683	1070	1503	1316	974	3491	811	2136	707	414	487	783	2340	750	1130	1592	421	1039	355	1155	1154	797	1008	1060	752	537	1250	1494	888	771	1034	2239	814	981	1165	843	156	1265	1628	1528	979	1396	857	1235	585	1033	982	2793	812	513	1184	890	1128	863	855	1829	968	52	720	1064	967	1287	843	1297	1669	1067	863	307	1308	413	356	52	1131	1120	814	142	328	1206	770	880	889	762	1178	1327	31	1338	895	900	1017	296	977	731	896	843	124	2762	848	1060	842	1147	797	988	1038	1211	1374	724	31	1235	888	1075	60	649	963	1374	1081	1022	908	1084	1086	57	1427	1678	2610	857	1366	1136	2414	494	816	1030	979	1158	453	713	851	1039	1237	987	1315	852	434	1491	1933	1127	503	869	387	172	1154	797	706	924	876	1131	1075	803	489	259	2863	886	1830	768	22	2546	1032	969	1102	747	1034	1268	535	1901	556	973	933	63	1103	546	568	995	1129	604	747	1296	778	924	1271	1063	428	740	1108	1566	894	3054	1020	976	787	1025	833	778	1213	803	1033	1011	838	807	797	981	1323	939	1038	1244	2739	841	2091	499	1011	1166	1269	1944	2246	619	1257	1392	994	1273	190	1039	1334	945	440	2008	1060	1228	974	780	713	131	197	982	679	876
401	116	1181	1296	1148	1178	570	1129	0	282	385	261	275	1098	2218	1156	200	954	242	1143	1178	650	1278	1061	2143	502	580	832	2373	9	198	1344	1018	2030	1618	0	639	254	1519	1702	1077	1181	763	298	221	159	267	194	785	168	2458	475	1395	508	1297	1547	751	218	245	659	886	187	987	1512	1982	436	61	97	207	244	246	0	604	324	2402	330	1416	2490	482	1333	484	1520	734	418	1222	1448	1	598	708	90	792	1385	331	1483	2019	385	416	1449	724	864	807	1677	95	1125	499	166	1379	1792	975	214	698	745	367	438	809	244	545	97	610	3784	410	674	459	244	2069	1278	532	705	343	1166	1083	173	177	2409	766	186	2334	168	1457	1329	602	716	772	1166	4	218	499	1032	1002	1493	1688	250	806	476	492	564	1098	1316	804	1593	324	952	372	452	258	766	1149	1672	1918	385	1919	349	1876	393	91	1516	701	454	1098	2310	263	1222	1189	1710	188	697	383	556	223	387	378	1181	1469	640	1521	782	238	17	1342	654	570	2120	273	287	1396	560	780	90	1145	478	509	490	1392	861	808	2046	1453	605	743	1253	126	1483	1199	1560	758	5	378	800	642	1160	1776	384	935	1153	1149	1424	190	178	386	1789	185	214	605	782	573	476	242	1136	106	991	1126	480	117	1693	1372	241	657	1560	2278	209	700	504	109	701	261	4051	1932	368	1868	108	1921	657	95	409	97	1783	1567	686	1294	408	1787	229	326	398	1626	835	1232	631	541	484	1671	2586	1143	581	138	2410	517	279	997	89	255	409	690	3018	385	194	380	1348	560	1197	1177	610	1794	758
439	257	928	1169	989	908	520	874	282	0	484	23	432	842	1936	897	82	741	236	1365	920	932	1032	839	2000	465	308	769	2099	278	456	1242	1243	1840	1337	282	646	177	1441	1420	976	942	922	535	121	122	16	445	1061	318	2271	226	1634	332	1469	1529	1001	70	130	941	1152	300	1268	1675	1706	154	343	187	315	151	319	282	328	255	2231	456	1323	2767	423	1401	345	1277	548	319	1466	1297	283	861	462	196	561	1342	497	1336	1812	484	280	1251	837	1028	775	1395	192	1365	444	116	1340	1510	717	476	945	949	418	681	766	367	315	187	637	3595	335	395	418	151	1786	1179	502	957	387	906	972	320	105	2161	721	467	2223	318	1330	1103	765	469	519	906	285	396	444	766	800	1443	1498	130	774	203	628	565	842	1335	774	1452	210	739	421	318	24	721	909	1954	1641	484	1643	506	1646	447	195	1464	672	172	842	2032	20	1186	933	1432	95	670	495	607	140	500	494	928	1481	914	1740	741	503	295	1624	438	520	1845	329	468	1189	452	737	196	1169	523	700	458	1112	1024	1061	1865	1247	581	499	1011	281	1336	1072	1430	726	286	488	739	407	943	2058	366	1181	1047	895	1700	303	103	509	1510	300	478	385	1061	325	514	241	873	310	712	974	528	255	1459	1232	423	590	1430	1996	347	449	401	235	929	21	3860	1651	417	1592	175	1646	590	377	325	187	1631	1415	631	1176	457	1709	232	422	590	1865	783	1476	394	589	617	1603	2485	1372	419	420	2128	560	408	727	198	460	224	447	2819	484	446	426	1219	452	956	948	637	1549	726
97	495	1100	1000	899	1153	282	1060	385	484	0	479	656	1033	2249	1093	443	808	249	1424	1112	760	1174	921	1843	871	764	507	2330	394	303	1022	802	1790	1697	386	277	583	1174	1744	766	1067	440	629	363	422	480	285	949	219	2207	518	1204	422	1630	1170	1003	426	356	762	1083	210	1093	1849	1958	596	380	381	189	335	627	385	775	669	2129	715	1086	2433	250	1714	360	1393	581	291	1463	1174	386	538	671	374	707	1021	114	1201	1805	0	338	1240	355	546	458	1738	372	1377	251	432	1012	1839	927	317	567	498	85	346	469	629	526	381	239	3525	257	750	825	335	2127	956	234	958	109	1108	783	214	430	2272	431	405	2003	219	1155	1177	290	679	739	1108	382	177	251	1007	833	1130	1456	357	457	667	147	944	1033	932	453	1303	648	807	85	342	473	431	1037	1718	1903	0	1899	98	1710	72	374	1155	1077	601	1033	2294	468	857	1120	1699	446	1074	21	175	344	24	27	1100	1085	633	1795	442	540	372	1365	573	282	2090	155	146	1205	352	442	375	761	115	260	217	1416	543	1048	1795	1257	277	695	1138	510	1201	909	1259	413	381	16	477	600	1004	1818	180	779	844	1076	1546	206	437	42	1790	211	322	546	919	576	121	243	1088	279	1117	870	113	495	1543	1089	619	363	1259	2307	176	678	319	480	513	475	3792	2000	88	1845	390	1893	363	381	269	381	1499	1288	372	989	80	1437	252	64	186	1865	499	1057	596	163	135	1317	2244	1412	441	401	2434	146	664	987	371	620	700	651	2778	0	289	87	1054	352	1087	1042	239	1664	413
437	234	951	1185	1007	931	527	897	261	23	479	0	409	865	1957	920	61	762	232	1343	943	911	1055	860	2017	453	325	779	2122	257	438	1257	1230	1861	1357	261	650	160	1454	1442	990	965	915	512	116	101	6	428	1038	305	2292	248	1620	348	1448	1538	978	55	129	920	1129	289	1246	1655	1728	175	322	167	305	149	298	260	347	242	2250	435	1336	2748	430	1386	358	1300	567	327	1443	1314	262	843	484	176	583	1352	486	1354	1833	479	291	1272	833	1020	783	1416	173	1342	451	94	1349	1531	740	458	929	938	415	665	774	346	336	167	639	3615	341	417	405	149	1808	1193	507	934	385	929	987	307	84	2184	730	446	2239	305	1346	1124	757	491	542	929	264	383	451	789	821	1454	1518	130	782	220	621	551	865	1340	782	1469	199	760	419	330	5	730	932	1933	1663	479	1666	496	1669	445	176	1474	661	194	865	2055	15	1196	956	1455	72	659	489	607	135	493	487	951	1487	895	1718	749	480	274	1603	458	527	1867	323	456	1210	464	746	176	1173	522	689	463	1134	1017	1038	1885	1268	587	521	1034	258	1354	1088	1446	734	264	481	749	429	964	2037	368	1165	1061	918	1678	292	82	502	1532	289	459	406	1039	348	514	237	897	293	732	991	528	232	1481	1249	400	600	1446	2018	335	471	411	212	915	5	3881	1671	414	1614	155	1669	600	356	333	167	1649	1433	640	1192	455	1722	227	416	578	1842	793	1461	416	589	610	1615	2500	1350	435	399	2150	560	386	750	179	437	224	469	2840	479	428	424	1235	464	978	970	639	1572	734
677	193	1357	1556	1396	1324	840	1301	275	432	656	409	0	1270	2298	1323	368	1170	504	935	1346	641	1463	1270	2400	321	645	1104	2499	267	403	1611	1180	2264	1680	274	914	278	1791	1787	1343	1374	996	164	443	344	416	411	708	442	2695	657	1525	738	1045	1822	594	402	470	654	767	463	936	1256	2103	557	278	325	483	478	127	275	676	267	2647	63	1686	2503	749	1058	729	1708	965	673	1045	1700	274	719	894	326	992	1660	586	1737	2241	656	658	1677	980	1090	1082	1750	331	943	768	342	1654	1871	1145	405	841	942	642	615	1083	67	745	325	885	4020	670	803	297	478	2133	1545	804	554	618	1332	1347	447	355	2589	1039	316	2601	442	1718	1534	839	901	950	1332	278	481	768	1187	1226	1768	1921	474	1081	560	748	339	1270	1589	1079	1850	310	1168	647	697	411	1039	1341	1629	2035	656	2039	606	2078	668	327	1791	479	579	1270	2421	421	1497	1359	1829	353	476	652	829	454	655	646	1357	1741	719	1309	1056	213	285	1329	865	840	2243	548	540	1618	818	1054	326	1417	753	734	762	1499	1088	657	2286	1676	879	931	1443	169	1737	1459	1821	1032	278	648	1072	839	1373	1733	655	1068	1418	1323	1333	466	351	651	1898	460	401	813	728	758	751	506	1297	378	1050	1376	754	194	1890	1628	42	926	1821	2360	483	880	762	216	874	413	4286	1994	643	1990	327	2046	926	285	668	325	2036	1819	957	1557	684	2059	492	600	632	1439	1108	1359	826	815	742	1945	2856	944	820	286	2493	791	41	1145	328	77	407	879	3247	656	408	655	1608	818	1388	1380	885	1979	1032
935	1100	88	763	547	157	792	31	1098	842	1033	865	1270	0	1239	60	917	280	900	2206	80	1726	201	218	1385	1189	685	789	1299	1098	1213	896	1801	1106	777	1099	923	995	1114	764	750	155	1382	1377	877	952	859	1196	1881	1037	1526	624	2199	625	2282	1369	1842	889	854	1732	1984	1002	2069	2477	926	716	1152	1003	1000	859	1149	1098	654	1039	1526	1285	976	3465	785	2108	678	444	462	754	2309	759	1100	1564	391	1008	326	1152	1126	807	1035	1033	723	555	1228	1472	870	784	1003	2208	788	950	1161	859	125	1235	1601	1503	952	1368	839	1204	555	1003	959	2821	784	482	1154	859	1146	862	829	1798	940	75	713	1035	936	1318	824	1266	1685	1037	869	329	1283	383	326	75	1100	1090	788	118	318	1205	791	850	871	731	1152	1298	0	1329	876	912	986	280	950	703	865	824	135	2733	873	1033	867	1119	826	961	1007	1211	1346	693	0	1262	857	1068	91	672	932	1345	1054	997	877	1057	1059	87	1421	1649	2579	838	1335	1106	2385	465	792	1057	950	1130	472	687	833	1009	1224	961	1289	826	446	1468	1902	1150	523	845	357	197	1123	807	704	933	857	1100	1048	785	459	265	2834	858	1804	763	52	2516	1003	938	1075	769	1004	1239	505	1871	525	948	903	68	1073	528	565	969	1098	634	753	1265	756	933	1293	1034	398	713	1077	1540	863	3083	1036	948	813	994	860	756	1183	774	1003	1027	851	786	798	954	1330	909	1010	1217	2708	824	2066	469	986	1140	1273	1960	2215	591	1227	1415	969	1242	165	1009	1303	915	409	2036	1033	1198	946	784	687	152	209	959	710	857
2153	2177	1194	1830	1676	1100	2027	1217	2218	1936	2249	1957	2298	1239	0	1181	2018	1511	2073	3177	1168	2868	1171	1419	1986	2083	1657	2017	456	2214	2375	1962	3036	1555	625	2218	2162	2030	2136	515	1920	1270	2620	2443	2014	2058	1951	2360	2989	2207	1764	1767	3436	1827	3144	2453	2892	2000	1999	2877	3064	2174	3203	3295	399	1782	2278	2121	2179	2011	2172	2218	1628	2031	1886	2287	2019	4677	2009	2783	1889	1080	1699	1959	3322	1715	2219	2759	1578	2129	1551	2254	2330	1750	1391	2249	1918	1429	2467	2711	2102	548	2125	3218	2016	2052	2269	427	1327	2396	2813	2734	2164	2565	2071	2233	1731	2121	2198	2681	1992	1546	2069	2011	204	1958	2063	2853	2147	1165	1879	2206	2041	1011	2060	2402	2331	2207	1855	1273	2514	1570	1509	1165	2221	2273	2016	1243	1529	2270	1485	1994	2104	1752	2379	2169	1239	2492	2109	1798	1988	1512	2164	1907	1960	2060	1289	3890	408	2249	428	2327	1136	2178	2129	2264	2140	1763	1239	290	1955	2220	1165	573	2030	2142	2270	2233	2022	2273	2274	1194	2551	2832	3520	2072	2431	2230	3557	1677	2027	369	2142	2325	1378	1918	2067	2130	2420	2190	2509	2054	834	2708	2955	1630	1376	2084	1554	1216	2196	1750	1818	1859	2093	2221	2263	2018	1650	1391	3994	2069	3028	1905	1208	3626	2177	2039	2290	472	2177	2399	1703	2995	1685	2177	2078	1175	2226	1248	1707	2198	2174	1099	1768	2310	1995	1859	62	2214	1573	1936	2159	2763	1957	2896	331	2161	475	2110	458	1995	2312	1981	2121	1779	1734	2025	1873	2174	2255	2080	2216	2426	3691	2052	3299	1654	2221	2366	2255	2570	3201	1814	2356	195	2202	2260	1262	2131	2355	1891	1598	1987	2249	2362	2161	1822	1918	1247	1325	2198	974	2093
996	1155	57	789	578	120	851	36	1156	897	1093	920	1323	60	1181	0	973	333	959	2259	22	1786	167	258	1377	1233	728	842	1238	1155	1273	923	1861	1082	733	1157	982	1047	1139	712	791	157	1441	1432	934	1008	913	1255	1939	1097	1497	681	2259	685	2330	1403	1898	945	912	1792	2042	1061	2129	2523	865	767	1210	1060	1060	918	1201	1156	696	1088	1505	1337	1002	3525	845	2145	739	401	522	815	2364	771	1157	1624	449	1065	387	1186	1187	818	1004	1093	783	548	1286	1530	925	735	1060	2263	849	1005	1196	807	180	1295	1661	1563	1012	1428	893	1257	614	1060	1018	2785	844	530	1199	918	1092	893	889	1854	1000	16	753	1094	992	1265	879	1325	1683	1097	887	315	1343	441	383	16	1158	1150	849	148	363	1236	776	908	926	779	1213	1341	60	1372	931	919	1036	333	1011	763	920	879	149	2793	813	1093	807	1180	785	1021	1065	1240	1385	745	60	1201	912	1109	37	613	987	1384	1115	1057	935	1117	1120	56	1460	1709	2631	893	1392	1163	2445	526	851	997	1010	1190	465	748	888	1066	1272	1022	1349	887	399	1527	1958	1129	512	905	416	177	1178	818	736	945	913	1158	1108	840	519	285	2895	918	1865	800	35	2575	1062	994	1136	711	1064	1298	565	1930	582	1008	963	43	1132	538	599	1029	1153	592	772	1319	814	945	1235	1094	455	774	1132	1601	917	3046	984	1009	752	1051	799	814	1241	835	1060	1024	856	843	825	1015	1347	969	1071	1277	2762	877	2126	528	1046	1200	1295	1958	2268	652	1285	1356	1029	1294	196	1066	1358	962	468	1999	1093	1258	1007	806	748	145	220	1018	660	913
412	183	1002	1205	1034	987	524	948	200	82	443	61	368	917	2018	973	0	802	204	1296	995	850	1104	903	2042	454	385	782	2180	196	379	1270	1177	1896	1418	200	636	153	1463	1502	1002	1012	873	459	95	40	67	369	979	255	2327	294	1565	373	1412	1533	925	34	118	859	1072	243	1186	1621	1787	236	261	106	261	135	267	200	407	241	2282	400	1349	2687	426	1371	373	1349	598	330	1391	1340	201	784	532	115	626	1353	439	1378	1873	443	303	1309	799	978	778	1477	112	1291	447	33	1349	1592	793	398	873	888	387	609	772	307	378	106	620	3652	339	476	406	135	1868	1206	498	880	356	982	1002	257	23	2234	727	385	2256	255	1366	1169	713	539	592	982	203	332	447	844	858	1457	1553	121	777	279	581	546	917	1328	777	1493	209	800	391	343	58	727	979	1872	1722	443	1724	451	1714	417	115	1478	664	254	917	2114	63	1194	1008	1514	14	662	451	583	113	455	449	1002	1476	835	1672	746	422	213	1542	497	524	1926	290	406	1250	473	743	116	1159	498	640	454	1194	975	984	1918	1307	578	569	1082	207	1378	1107	1467	729	203	444	750	473	1006	1976	353	1109	1075	969	1619	247	21	462	1591	243	399	445	979	395	491	209	950	237	793	1016	502	181	1528	1272	354	601	1467	2079	289	521	418	160	862	61	3918	1732	386	1673	94	1727	601	295	332	106	1675	1459	639	1209	428	1731	197	379	528	1792	793	1405	460	565	571	1622	2516	1301	458	338	2211	537	349	806	118	388	257	516	2878	443	370	397	1255	473	1026	1015	620	1622	729
712	983	317	552	329	435	543	296	954	741	808	762	1170	280	1511	333	802	0	727	2094	343	1542	369	112	1298	1161	692	509	1534	956	1032	673	1545	1100	1055	955	660	914	896	1044	486	260	1121	1248	737	829	756	1013	1712	858	1532	517	1939	446	2211	1119	1705	768	711	1546	1828	822	1884	2416	1180	654	1000	866	815	710	1061	954	668	977	1499	1198	758	3224	559	2106	482	585	230	558	2177	610	955	1347	299	869	189	901	912	656	1071	808	543	511	963	1206	592	1064	863	2080	557	829	909	1139	249	1053	1369	1253	734	1153	560	1108	425	866	699	2853	581	488	1119	710	1425	628	586	1659	729	349	453	855	816	1471	548	1101	1562	858	688	377	1034	295	276	349	955	898	557	333	72	967	759	707	593	698	912	1270	280	1056	598	771	925	1	732	512	760	548	233	2526	1133	808	1124	902	924	737	868	976	1344	633	280	1513	750	802	346	939	816	1343	830	745	732	832	836	317	1157	1440	2471	561	1192	957	2174	304	543	1304	755	924	448	456	556	869	946	722	1054	593	726	1202	1761	1128	506	588	265	330	1008	656	474	772	582	954	824	507	336	206	2626	647	1560	513	303	2336	822	819	850	1039	825	1057	356	1694	422	709	729	349	905	701	335	729	981	745	573	1155	493	772	1564	845	322	495	959	1300	758	3119	1316	731	1069	859	1112	493	1026	575	866	926	721	518	579	728	1136	738	798	995	2581	544	1811	350	736	900	1062	1835	2096	384	1068	1683	723	1148	352	868	1187	877	307	2077	808	1016	727	586	456	282	233	699	858	582
208	315	978	1055	906	998	337	930	242	236	249	232	504	900	2073	959	204	727	0	1382	980	826	1068	837	1901	654	521	601	2193	246	313	1106	1027	1791	1497	243	434	354	1288	1561	838	966	688	539	116	194	232	295	987	137	2218	306	1424	282	1539	1339	982	181	107	832	1101	102	1169	1753	1809	353	277	181	105	86	436	242	534	443	2160	552	1181	2605	244	1549	247	1304	501	177	1453	1206	243	687	511	178	579	1165	276	1240	1783	249	183	1213	601	794	587	1546	173	1358	263	203	1160	1654	782	335	752	727	183	494	584	458	348	181	417	3544	168	537	607	86	1938	1041	305	935	153	972	843	135	196	2194	540	374	2097	137	1216	1104	533	520	580	972	241	199	263	850	770	1271	1449	108	586	421	394	740	900	1126	584	1352	413	725	187	215	226	540	934	1835	1749	249	1748	281	1651	213	178	1293	864	360	900	2142	220	1004	991	1541	210	861	260	378	96	265	260	978	1276	759	1760	557	471	240	1492	438	337	1945	93	258	1163	318	555	179	956	293	478	261	1239	790	1036	1806	1219	383	543	1039	337	1240	958	1319	537	240	253	569	441	933	1938	155	981	914	948	1617	104	203	275	1627	104	338	394	973	389	286	5	945	178	895	884	298	314	1472	1130	476	422	1319	2132	141	510	262	294	720	227	3811	1806	183	1695	183	1746	422	300	167	181	1541	1325	455	1054	224	1556	12	188	374	1858	607	1270	433	361	382	1444	2351	1380	346	341	2262	332	499	821	176	496	455	492	2779	249	298	193	1107	318	984	956	417	1579	537
1489	1112	2292	2418	2287	2255	1683	2237	1143	1365	1424	1343	935	2206	3177	2259	1296	2094	1382	0	2281	767	2398	2197	3265	1094	1562	1930	3415	1140	1124	2447	1450	3173	2552	1142	1701	1211	2594	2677	2188	2308	1545	846	1356	1266	1349	1143	576	1270	3600	1590	1597	1650	351	2541	424	1327	1382	775	434	1303	662	531	3017	1491	1105	1228	1317	1384	1057	1143	1594	1179	3538	923	2510	2030	1608	855	1628	2643	1877	1560	197	2581	1142	1080	1827	1225	1922	2425	1315	2613	3162	1424	1559	2593	1621	1594	1882	2631	1231	138	1622	1266	2414	2755	2081	1108	1188	1396	1454	1161	1894	1001	1673	1228	1659	4926	1547	1735	1110	1384	2998	2381	1638	468	1442	2266	2201	1275	1279	3524	1856	1028	3426	1270	2576	2464	1442	1834	1885	2266	1143	1262	1622	2121	2145	2535	2831	1387	1881	1487	1436	1010	2206	2270	1877	2720	1230	2092	1459	1596	1343	1856	2275	1088	2947	1424	2954	1335	3010	1470	1226	2562	1061	1514	2206	3326	1353	2263	2295	2744	1281	1058	1410	1590	1362	1411	1402	2292	2419	983	377	1867	912	1142	976	1790	1683	3157	1386	1278	2539	1697	1867	1224	2111	1540	1335	1604	2411	1593	391	3188	2596	1698	1864	2377	1088	2613	2324	2680	1838	1144	1410	1900	1769	2299	1172	1506	1287	2265	2258	704	1304	1276	1398	2806	1300	1103	1739	641	1690	1545	1381	2232	1211	1941	2263	1538	1114	2824	2501	942	1771	2680	3239	1297	1815	1643	1136	1285	1346	5193	2858	1457	2907	1234	2964	1771	1085	1548	1228	2913	2699	1790	2410	1486	2852	1370	1393	1293	514	1923	1463	1757	1582	1438	2729	3661	55	1725	1048	3372	1570	964	2078	1226	907	1317	1812	4162	1424	1139	1467	2471	1697	2322	2311	1659	2915	1838
1014	1177	44	785	577	126	867	51	1178	920	1112	943	1346	80	1168	22	995	343	980	2281	0	1806	147	262	1361	1256	751	852	1219	1177	1293	920	1876	1062	730	1178	996	1070	1135	704	795	149	1456	1455	956	1030	936	1276	1961	1117	1477	703	2274	705	2353	1402	1920	967	934	1812	2064	1082	2149	2546	848	790	1232	1082	1080	939	1224	1178	719	1111	1485	1360	998	3543	863	2167	758	378	538	834	2386	762	1179	1644	471	1087	406	1186	1206	809	983	1112	803	534	1300	1544	936	730	1082	2285	866	1028	1197	798	202	1315	1679	1579	1031	1447	904	1280	635	1082	1033	2763	863	553	1222	939	1082	892	906	1876	1019	22	756	1115	1015	1242	891	1346	1669	1117	880	299	1359	463	405	22	1179	1171	866	170	370	1234	759	929	937	802	1230	1364	80	1376	942	909	1059	344	1029	783	943	891	146	2813	797	1112	790	1199	762	1040	1087	1238	1407	768	80	1184	934	1111	15	599	1010	1407	1133	1073	957	1136	1138	44	1462	1729	2654	905	1414	1185	2465	546	867	979	1030	1210	450	765	899	1088	1278	1039	1367	904	396	1541	1980	1110	497	920	437	160	1201	809	735	936	925	1179	1127	850	539	281	2915	937	1882	801	40	2596	1083	1016	1154	697	1084	1319	585	1951	604	1025	983	62	1153	555	599	1046	1175	570	766	1342	828	936	1221	1114	477	792	1155	1618	940	3024	976	1028	736	1073	782	828	1262	854	1082	1010	845	857	822	1033	1340	990	1090	1296	2784	887	2142	549	1062	1217	1290	1944	2291	670	1306	1342	1045	1317	218	1088	1380	985	489	1978	1112	1279	1025	801	765	134	214	1033	637	925
847	701	1805	1751	1660	1819	1042	1756	650	932	760	911	641	1726	2868	1786	850	1542	826	767	1806	0	1893	1654	2582	956	1223	1255	3016	654	513	1756	714	2550	2267	650	1015	860	1878	2353	1514	1790	783	477	860	810	917	531	203	689	2964	1115	963	1106	1064	1792	373	868	879	14	351	725	343	1275	2628	1086	590	747	729	871	747	650	1249	888	2881	685	1811	1864	993	1370	1061	2126	1312	984	745	1931	649	314	1336	739	1406	1694	647	1955	2566	760	1007	1999	875	827	1192	2327	744	678	1000	816	1682	2442	1607	491	422	629	818	434	1210	691	1172	747	968	4279	960	1324	937	871	2718	1693	994	345	818	1797	1535	692	827	3013	1178	467	2710	689	1901	1919	697	1345	1404	1797	647	644	1000	1671	1577	1804	2217	883	1190	1121	724	944	1726	1516	1186	2053	916	1541	822	1033	908	1178	1758	1022	2565	760	2565	662	2460	823	740	1831	1073	1105	1726	2958	913	1537	1817	2356	838	1069	741	899	856	740	734	1804	1662	216	1102	1185	452	638	697	1264	1042	2765	787	624	1960	1094	1187	739	1362	871	599	971	2042	827	382	2553	2013	1035	1369	1862	686	1955	1663	2004	1154	647	744	1228	1267	1745	1126	897	559	1591	1775	793	724	829	723	2438	723	488	1221	159	1208	880	823	1770	654	1637	1631	867	704	2287	1843	611	1124	2004	2929	697	1333	1049	716	518	911	4545	2581	821	2513	758	2566	1124	556	967	747	2250	2043	1130	1736	836	2126	816	752	590	1132	1241	803	1258	896	730	2001	2933	736	1158	512	3061	891	682	1639	737	566	1016	1317	3537	760	528	828	1804	1094	1808	1775	968	2400	1154
1076	1288	114	701	514	259	913	172	1278	1032	1174	1055	1463	201	1171	167	1104	369	1068	2398	147	1893	0	260	1220	1390	886	854	1166	1279	1379	838	1912	915	805	1279	1026	1190	1043	748	752	108	1486	1563	1057	1137	1048	1361	2055	1204	1330	810	2304	787	2481	1329	2027	1074	1033	1898	2163	1167	2236	2677	819	912	1330	1184	1164	1036	1343	1278	855	1237	1338	1480	910	3593	923	2309	833	246	592	910	2496	650	1280	1711	572	1189	488	1117	1274	695	837	1174	886	400	1327	1569	941	788	1184	2396	923	1136	1129	837	322	1401	1737	1621	1097	1516	909	1397	733	1184	1067	2621	937	683	1354	1036	1110	818	955	1982	1089	169	711	1201	1122	1130	904	1440	1533	1204	776	163	1403	565	512	169	1280	1251	923	313	367	1154	615	1028	942	930	1281	1499	201	1331	948	788	1184	370	1095	860	1054	904	137	2888	778	1174	767	1266	625	1102	1189	1155	1547	889	201	1150	1045	1061	132	598	1119	1546	1195	1114	1055	1198	1201	115	1404	1802	2772	914	1517	1284	2537	629	913	940	1108	1283	317	822	909	1190	1249	1090	1422	960	476	1565	2086	964	358	957	536	45	1312	695	666	822	938	1280	1189	858	635	220	2989	1007	1929	745	150	2685	1168	1124	1216	701	1170	1405	675	2041	709	1077	1071	209	1245	702	542	1097	1286	433	667	1456	861	822	1220	1196	583	856	1265	1669	1052	2882	1017	1094	713	1176	751	861	1359	929	1184	875	722	883	741	1093	1231	1078	1159	1360	2897	888	2179	647	1105	1269	1191	1808	2405	739	1402	1333	1092	1436	361	1190	1492	1115	589	1835	1174	1364	1090	709	822	86	153	1067	517	938
824	1085	228	551	331	373	654	224	1061	839	921	860	1270	218	1419	258	903	112	837	2197	262	1654	260	0	1239	1244	760	599	1427	1062	1143	681	1651	1013	991	1062	765	1009	902	966	533	153	1225	1354	842	931	854	1125	1823	969	1443	613	2043	555	2307	1151	1812	870	817	1659	1938	933	1996	2510	1078	741	1108	971	927	817	1158	1061	733	1067	1420	1295	763	3333	671	2184	594	472	343	670	2284	572	1062	1460	383	975	278	933	1025	619	973	921	653	427	1066	1308	684	993	969	2186	669	932	943	1059	241	1164	1481	1361	847	1266	653	1206	525	971	806	2761	694	551	1203	817	1342	645	698	1767	842	274	496	966	918	1359	645	1211	1518	969	669	268	1143	377	343	274	1062	1010	669	306	110	988	676	812	686	778	1023	1353	218	1114	691	731	1015	114	844	623	859	645	130	2639	1034	921	1024	1015	815	850	974	995	1420	719	218	1410	848	851	261	845	918	1419	942	854	838	944	948	228	1203	1553	2574	656	1299	1065	2286	407	654	1200	867	1037	355	569	651	975	1016	833	1165	705	658	1305	1869	1046	413	696	346	220	1110	619	487	742	679	1061	937	600	431	104	2739	760	1670	545	224	2448	933	921	963	946	936	1169	458	1806	515	820	839	285	1015	707	347	840	1083	634	552	1257	600	742	1470	957	402	608	1062	1411	856	3025	1238	844	969	964	1010	600	1135	687	971	870	675	622	584	840	1126	848	910	1108	2687	633	1918	444	846	1011	1063	1793	2201	496	1177	1586	833	1247	339	974	1290	961	394	1982	921	1128	839	576	569	176	121	806	746	679
1775	2207	1320	848	1010	1480	1583	1367	2143	2000	1843	2017	2400	1385	1986	1377	2042	1298	1901	3265	1361	2582	1220	1239	0	2448	1991	1336	1684	2148	2141	825	2242	432	1922	2144	1572	2178	738	1797	1077	1230	1876	2437	1958	2059	2012	2122	2781	1999	515	1791	2534	1670	3441	987	2846	2008	1932	2581	2921	1968	2888	3655	1596	1942	2171	2075	1952	1922	2310	2143	1966	2251	355	2440	775	3860	1662	3395	1671	1077	1453	1728	3306	703	2145	2299	1596	2075	1486	952	1955	664	598	1843	1742	830	1737	1896	1392	1868	2070	3220	1647	2063	969	1855	1467	2157	2254	2055	1810	2148	1376	2346	1696	2075	1616	1715	1733	1785	2404	1922	2039	889	1627	2801	1823	1384	1064	1994	2051	1181	1412	2237	345	1999	689	1062	1902	1593	1573	1384	2142	2002	1647	1503	1228	864	607	1927	1393	1992	1858	2555	1385	1231	1397	550	2201	1300	1805	1703	2014	1412	1252	3406	1615	1843	1588	1937	854	1794	2075	837	2639	1922	1385	1789	2003	1079	1347	1566	2056	2637	1859	1686	1946	1859	1867	1320	1160	2410	3638	1402	2359	2140	3056	1574	1583	1623	1882	1989	913	1583	1401	2076	1313	1728	1987	1663	1645	1894	2892	357	864	1567	1563	1200	2231	664	944	584	1432	2141	1859	1366	1621	1143	3491	1764	2343	999	1348	3328	1966	2056	1873	1645	1970	2163	1625	2742	1707	1722	1901	1420	2061	1913	1026	1730	2206	947	771	2376	1495	584	2004	1969	1620	1640	2184	2153	2012	1978	2011	1808	1558	2073	1550	1495	2187	1735	2075	372	584	1475	854	1779	579	1914	1872	1994	3706	1346	2476	1636	1691	1852	685	603	3255	1584	2220	2057	1700	2388	1548	2073	2397	2167	1601	1047	1843	2125	1798	795	1583	1235	1181	1616	1034	1432
859	385	1277	1629	1439	1205	978	1219	502	465	871	453	321	1189	2083	1233	454	1161	654	1094	1256	956	1390	1244	2448	0	505	1233	2328	493	682	1706	1490	2257	1458	501	1089	301	1907	1583	1441	1318	1265	481	550	460	457	685	998	655	2687	657	1843	793	1105	1988	841	485	572	969	1031	661	1231	1291	1931	507	537	490	682	589	260	502	537	213	2661	271	1787	2809	880	946	811	1634	997	780	1242	1746	501	1036	862	496	972	1805	832	1788	2211	871	745	1669	1222	1366	1233	1536	499	1138	901	451	1802	1660	1069	691	1154	1236	830	914	1226	291	751	490	1071	4001	792	708	47	589	1906	1643	953	809	801	1238	1436	660	458	2485	1181	615	2683	655	1788	1492	1104	867	901	1238	506	718	901	1087	1227	1908	1919	574	1232	466	991	109	1189	1781	1231	1904	254	1159	835	784	458	1181	1286	1917	1860	871	1868	849	2016	859	497	1928	210	527	1189	2234	468	1648	1271	1661	445	207	873	1027	568	878	869	1277	1930	1040	1445	1200	533	518	1633	874	978	2071	730	789	1600	918	1197	496	1611	944	1009	909	1327	1363	903	2289	1658	1033	898	1380	378	1788	1532	1887	1183	507	867	1202	828	1348	2020	807	1385	1511	1242	1598	665	451	879	1717	659	689	822	1028	742	938	658	1199	604	850	1427	947	384	1824	1686	358	1053	1887	2145	697	842	865	395	1178	459	4265	1765	830	1823	482	1880	1053	558	784	490	2076	1864	1092	1638	873	2174	645	808	899	1608	1245	1678	813	1011	983	2069	2947	1118	880	576	2278	983	283	1040	500	398	283	854	3218	871	683	841	1677	918	1326	1339	1071	1892	1183
698	522	773	1212	1002	702	712	715	580	308	764	325	645	685	1657	728	385	692	521	1562	751	1223	886	760	1991	505	0	914	1856	575	764	1311	1546	1769	1045	581	862	373	1527	1143	1063	819	1205	786	419	425	320	753	1333	624	2196	287	1940	451	1606	1673	1240	378	417	1233	1408	602	1550	1796	1459	168	642	492	615	436	518	580	32	383	2180	642	1396	3071	627	1428	503	1129	581	523	1686	1299	581	1169	398	501	506	1468	795	1344	1713	764	469	1187	1101	1310	946	1110	498	1583	647	416	1469	1229	566	783	1253	1248	687	989	929	579	354	492	866	3503	552	209	472	436	1498	1253	711	1199	658	732	1047	625	408	1982	888	766	2250	624	1363	995	1054	400	418	732	584	701	647	581	763	1559	1436	415	946	105	912	613	685	1517	948	1460	336	691	689	492	329	888	788	2242	1390	764	1396	802	1512	713	500	1575	664	163	685	1776	328	1327	766	1185	394	663	779	854	435	783	779	772	1653	1220	1926	908	777	595	1919	450	712	1599	613	771	1112	608	904	501	1361	775	999	674	854	1307	1303	1805	1170	782	428	878	540	1344	1120	1454	903	585	771	888	390	862	2346	611	1488	1121	737	1969	605	404	795	1252	603	785	410	1341	317	763	527	694	619	414	996	782	520	1319	1253	654	756	1454	1718	649	373	574	506	1235	327	3766	1360	685	1347	479	1403	756	676	539	492	1619	1413	801	1229	719	1786	522	707	891	2073	937	1782	377	836	900	1694	2521	1577	522	718	1851	808	609	534	504	699	245	396	2719	764	754	692	1254	608	826	845	866	1387	903
443	916	823	495	435	942	263	806	832	769	507	779	1104	789	2017	842	782	509	601	1930	852	1255	854	599	1336	1233	914	0	2009	839	806	517	1083	1302	1557	833	241	934	687	1553	259	750	657	1114	687	785	776	787	1451	675	1710	631	1464	467	2122	765	1510	749	663	1255	1587	647	1576	2340	1673	785	850	782	630	648	1036	832	905	1020	1626	1153	585	2778	358	2149	429	1023	384	452	1970	676	834	994	590	780	539	572	619	700	1335	507	489	791	494	727	88	1571	775	1884	338	792	570	1648	732	822	977	816	478	824	57	1060	560	782	288	3023	443	778	1185	648	1934	451	300	1464	495	858	280	670	782	1856	77	904	1504	675	648	797	616	594	631	858	830	669	338	823	489	674	980	660	90	858	537	1328	789	609	95	798	979	509	473	452	774	77	729	2158	1632	507	1621	601	1281	460	779	695	1441	774	789	2003	764	419	854	1444	793	1439	523	356	670	523	531	823	740	1101	2302	73	1032	826	1801	491	263	1792	560	653	777	319	70	780	466	391	677	342	1232	724	1556	1300	819	232	586	810	938	700	408	752	105	830	522	31	552	641	2252	449	1129	337	812	2025	645	789	538	1545	650	827	514	1415	603	385	599	857	740	1110	401	394	915	1137	587	1073	180	752	2069	641	613	368	895	889	774	3290	1824	476	1567	784	1605	180	862	449	782	995	787	146	482	444	955	613	538	665	2371	35	1349	562	359	529	842	1753	1919	391	891	2185	365	1100	828	777	1087	984	578	2284	507	791	465	549	319	773	701	288	1273	105
