NAME : VRPTW_INSTANCE_284.txt
COMMENT : Bangkok Supermarket
TYPE : VRPTW
DIMENSION : 327
DAYS : Wednesday
EDGE_WEIGHT_TYPE : EXPLICIT
VEHICLES : 41
EDGE_WEIGHT_FORMAT : FULL_MATRIX
CAPACITY : 1000
EDGE_WEIGHT_SECTION
0	525	614	170	1149	202	613	438	1724	152	1691	404	418	1627	283	111	152	706	154	837	73	891	1019	585	201	401	716	863	189	119	398	111	420	601	1916	411	394	428	169	819	203	957	1001	258	379	264	127	85	33	463	358	54	348	2580	172	382	328	330	1343	612	118	946	644	201	1550	242	996	394	835	204	861	185	1080	403	373	941	650	210	133	717	654	214	111	495	288	1994	306	625	23	402	207	2716	1378	97	193	358	368	236	427	620	390	1002	1213	373	737	1011	218	609	486	212	83	654	1374	896	611	530	113	1606	201	437	248	568	639	133	120	288	417	344	333	1826	407	459	101	344	1231	291	172	24	620	1447	976	850	219	841	408	282	2263	539	1725	193	314	193	208	523	1606	548	155	441	506	385	401	309	434	330	705	481	404	79	153	622	103	79	1497	192	88	201	647	1936	530	235	978	1868	351	403	101	788	1480	178	2011	125	383	528	599	583	411	1123	363	637	264	25	824	819	484	1526	484	474	307	839	1210	972	206	355	165	1065	405	1929	1115	210	2997	1126	856	216	539	349	1750	1096	153	658	407	97	97	609	920	557	1727	702	1058	428	1072	135	190	611	242	532	438	152	1856	876	2709	941	140	891	1706	1506	1126	975	835	496	976	491	89	135	1213	223	309	91	258	1095	101	153	172	807	165	215	368	939	284	3006	400	355	338	1028	437	399	1426	414	24	85	436	213	306	217	438	371	707	2065	132	172	135	1954	258	258	373	172	221	467	1620	631	25	1221	1582	328	435	1702	2211	118	394	1710	1028	37	220	133	194	525	84	348	243
525	0	1061	688	893	690	568	874	2249	424	2207	841	887	1580	275	597	424	201	677	801	475	894	1023	699	722	920	200	372	370	595	918	595	109	1000	1912	118	915	887	505	300	688	1211	790	298	861	525	595	465	557	651	855	579	842	2111	552	814	562	209	903	987	444	759	1145	360	2055	595	502	866	365	729	1371	562	890	882	878	835	1115	576	402	932	483	735	595	634	810	1902	742	988	548	921	724	2190	1286	567	347	801	886	760	400	987	910	1524	735	874	529	835	723	454	991	349	607	896	852	724	693	1038	595	1615	360	726	532	1013	718	604	441	810	109	841	826	2343	125	601	521	841	739	537	552	549	987	1420	754	343	705	990	124	285	1738	883	1216	347	778	716	729	861	1615	887	430	168	1013	140	920	758	721	209	998	986	130	583	677	1108	454	583	1411	543	566	360	956	2397	871	759	859	1784	843	922	521	1262	1001	544	1915	595	890	868	117	891	888	605	866	749	525	540	1337	327	612	1408	612	935	744	365	830	747	433	852	537	1570	923	1534	960	696	2599	604	1326	736	648	845	1698	936	451	670	303	580	580	454	1438	81	1312	1225	546	200	1584	605	679	960	595	639	869	424	1330	1401	2254	835	608	894	1578	2001	601	486	1344	1001	754	631	498	659	735	743	498	539	298	936	521	630	552	314	537	736	889	1439	268	2609	641	788	490	505	726	918	947	850	549	465	868	582	742	582	869	154	1188	1984	654	552	426	1623	782	782	874	552	464	630	1101	1015	540	1141	1317	827	877	2027	1785	444	889	2234	505	543	741	402	671	0	475	842	596
614	1061	0	558	1289	629	770	187	1341	767	1432	220	197	1438	786	638	767	1191	492	846	688	829	904	593	449	329	1261	1430	697	650	335	640	953	918	1647	969	344	186	559	1359	411	1352	1133	765	241	541	661	700	585	514	278	570	282	2876	513	758	523	853	1662	178	732	1070	690	706	1368	788	1428	222	1263	472	405	502	1166	217	283	983	73	767	686	476	899	437	640	567	404	1818	726	203	603	329	434	3192	1282	528	727	732	527	443	740	195	341	791	1598	273	969	1102	587	869	230	821	544	421	1843	1023	633	234	643	1354	706	393	531	48	642	488	735	404	957	289	293	1553	969	1034	696	289	1637	873	513	594	195	1263	1127	1317	395	620	969	776	2739	260	2137	727	300	458	444	276	1354	265	638	916	231	933	329	312	397	853	347	227	969	535	496	136	718	535	1373	519	649	706	1059	1875	269	443	1018	1694	277	329	696	211	1846	519	1838	657	581	271	1162	1018	209	1660	284	600	541	619	731	1385	580	1436	580	740	727	1269	1820	1126	628	280	528	557	324	2135	1152	404	3159	1605	931	437	597	283	1551	1144	617	723	804	643	643	869	763	1118	1975	413	1606	888	923	487	424	233	788	599	192	767	2348	614	2974	983	660	829	1602	952	1638	1402	760	224	1127	566	697	504	1598	431	582	551	765	1142	696	648	513	1372	528	436	508	426	794	3166	945	746	937	1517	393	331	1794	212	602	700	193	766	726	479	192	916	800	1869	500	513	650	2072	432	431	273	513	597	543	2063	158	619	1146	1657	305	185	1921	2447	732	248	1386	1517	579	434	686	648	1061	698	282	789
170	688	558	0	1301	76	752	412	1565	276	1522	384	365	1729	453	100	276	873	85	960	212	1002	1124	691	112	276	873	1009	358	108	271	102	585	472	2003	571	265	382	303	976	196	868	1150	428	318	387	115	223	144	563	280	125	275	2750	281	257	441	499	1512	605	249	1092	474	370	1379	231	1165	342	1005	86	733	288	1224	341	280	1074	576	213	303	776	810	122	102	606	164	2103	194	624	146	276	129	2877	1495	194	363	230	199	116	583	617	263	836	1383	287	894	1154	57	765	379	352	109	708	1539	1041	723	417	104	1693	370	502	368	517	749	196	252	164	581	269	265	1657	565	476	179	269	1401	321	281	150	617	1548	1127	1018	202	915	567	452	2425	560	1893	363	289	104	115	549	1693	569	318	611	396	548	276	301	501	499	733	376	562	155	80	530	236	155	1610	305	126	370	556	1770	554	116	1111	1975	281	277	179	699	1651	291	2120	113	214	552	752	500	350	1277	276	737	387	149	654	966	599	1647	599	322	196	1009	1317	1123	361	278	283	939	281	2094	1251	198	3160	1291	691	122	651	275	1851	1233	309	783	574	114	114	765	752	712	1893	556	1209	599	902	197	186	620	231	646	415	276	2016	716	2878	1074	109	1002	1826	1387	1286	1144	664	389	1127	602	196	88	1383	127	441	214	428	1232	179	92	281	956	283	123	201	820	454	3169	387	233	392	1193	502	273	1596	392	145	223	415	211	194	310	415	536	541	2169	99	281	302	2110	132	132	287	281	366	574	1787	617	149	1339	1731	252	404	1572	2378	249	312	1546	1193	169	124	303	91	688	214	275	231
1149	893	1289	1301	0	1351	559	1167	2630	1161	2704	1155	1232	798	912	1260	1161	762	1237	451	1155	504	521	700	1254	1383	932	1063	973	1267	1384	1260	900	1748	1141	956	1388	1215	998	937	1162	2055	158	928	1243	921	1274	1154	1165	805	1272	1179	1258	1605	1026	1531	881	911	513	1120	1155	221	1755	964	2610	1351	655	1226	622	1283	1694	1022	143	1249	1305	320	1363	1321	1034	849	496	1260	1260	749	1323	1050	1453	1101	1170	1384	1244	2131	501	1107	987	1508	1473	1296	722	1106	1381	2027	609	1291	414	191	1357	540	1383	1115	1192	883	959	271	659	1425	1262	898	964	923	941	1257	647	1115	1154	1323	915	1263	1246	2830	966	1454	1218	1263	676	1338	1026	1162	1106	692	174	722	1171	757	964	905	1712	1028	1051	987	1168	1254	1259	1013	898	1024	994	804	1403	937	1383	1138	919	911	991	1376	972	1146	1240	1409	1156	1146	608	1001	1234	964	1764	3056	1020	1294	291	945	1253	1384	1218	1486	731	1015	1060	1272	1506	1019	974	1697	1248	1059	1291	688	921	1175	1897	1042	745	570	745	1622	1455	629	1560	178	943	1269	1021	1836	1382	846	217	1167	1882	847	1989	1262	709	1262	897	203	997	571	758	1245	1245	540	1969	961	701	1650	1072	792	2134	1114	1163	1066	1351	710	1158	1161	1409	1861	1691	320	1287	504	718	2165	962	636	1916	1388	174	752	1191	1223	609	1266	863	1087	928	206	1218	1302	1026	1033	1021	1261	1465	1709	917	1890	1461	1503	1322	836	923	1382	696	1157	1170	1154	1157	1326	1453	1009	1158	934	1836	1137	1213	1026	1017	810	1312	1312	1291	1026	935	781	1057	1148	1175	421	437	1259	1180	2841	1160	1155	1288	2673	836	1136	1265	1034	1344	893	1165	1258	1351
202	690	629	76	1351	0	808	488	1578	266	1517	460	438	1799	477	97	266	882	161	1023	220	1069	1192	758	188	331	866	993	389	95	326	98	593	406	2076	571	318	456	358	969	272	793	1202	453	390	447	95	228	186	631	351	173	347	2774	343	188	505	515	1540	681	246	1145	456	401	1365	170	1179	415	1023	159	776	351	1278	414	347	1134	642	159	330	851	856	197	98	672	227	2171	119	701	181	331	206	2871	1561	254	387	162	206	186	629	694	317	838	1402	356	940	1209	46	811	438	343	168	783	1542	1095	789	472	97	1766	401	576	428	589	815	263	249	227	587	340	338	1653	565	411	169	340	1417	265	343	189	694	1618	1177	1028	279	989	567	478	2421	637	1904	387	366	181	191	626	1766	646	358	631	454	553	331	378	575	515	810	437	561	214	156	591	236	214	1677	366	127	401	481	1736	631	186	1171	2044	354	332	169	760	1670	352	2188	95	201	629	743	424	422	1266	344	806	447	177	647	951	663	1712	663	271	121	1026	1275	1173	407	349	342	983	336	2131	1309	274	3199	1294	656	196	716	346	1921	1291	354	845	609	114	114	811	750	706	1927	589	1196	623	893	265	262	697	170	711	492	266	2010	732	2905	1134	82	1069	1891	1431	1282	1159	654	448	1177	668	193	162	1402	201	499	268	453	1290	169	60	343	941	342	198	214	868	476	3208	317	162	341	1195	576	328	1615	468	180	228	491	156	119	376	492	543	509	2239	172	343	338	2156	197	197	356	343	418	641	1792	693	177	1405	1783	324	480	1509	2411	246	381	1550	1195	215	199	330	23	690	217	347	170
613	568	770	752	559	808	0	624	2103	660	2155	607	683	1052	435	724	660	574	683	247	634	330	462	194	697	825	719	897	460	732	826	724	510	1213	1369	563	829	668	451	784	604	1558	402	441	689	366	741	636	623	259	715	635	701	2109	472	994	322	466	892	621	646	342	1196	453	2054	837	714	674	565	726	1166	467	471	697	749	330	842	806	517	430	144	702	724	203	764	1403	918	608	631	826	686	2457	780	557	484	969	916	738	210	611	822	1472	846	735	200	401	809	136	832	635	644	425	1132	291	164	876	726	1064	453	381	386	731	177	561	645	764	525	706	689	2284	571	990	695	706	893	847	472	621	611	880	385	650	612	440	571	423	2010	515	1383	484	611	697	702	496	1064	513	463	409	853	529	825	581	377	466	544	825	576	597	686	876	643	597	903	448	701	453	1253	2497	505	736	365	1279	697	827	695	978	1082	461	1419	738	951	503	684	1188	697	1041	734	222	366	639	1338	858	193	922	193	1075	920	574	1390	381	408	712	469	1327	824	1388	501	609	2439	917	1433	705	174	705	1174	482	461	105	293	711	711	136	1412	650	1213	1101	1012	381	1577	560	605	573	837	170	615	660	1639	1310	2214	330	753	330	1102	1700	985	687	1357	838	385	205	670	670	846	708	310	540	441	481	695	765	472	846	469	703	907	1196	443	2447	971	967	851	848	381	824	1031	610	631	636	614	810	918	452	615	518	1281	1479	660	472	490	1369	753	753	735	472	391	231	1326	651	639	624	980	701	635	2315	1692	646	734	2134	848	594	707	517	805	568	646	701	838
438	874	187	412	1167	488	624	0	1480	590	1536	34	76	1417	599	478	590	1008	335	743	511	747	843	469	299	264	1074	1243	510	490	268	480	765	831	1658	782	276	53	371	1172	238	1257	1009	577	114	357	502	523	412	366	161	399	156	2733	326	644	346	666	1507	194	555	946	669	519	1448	634	1252	86	1086	329	546	314	1055	102	187	877	243	610	501	429	743	290	480	422	286	1798	598	215	429	264	283	3015	1227	347	540	617	442	308	566	208	269	864	1431	170	818	988	453	709	222	639	376	362	1665	897	509	259	483	1354	519	244	345	138	524	307	557	286	770	164	157	1663	782	877	527	164	1467	712	326	420	208	1237	999	1136	224	581	782	589	2562	182	1968	540	127	307	297	183	1354	191	451	731	239	745	264	129	248	666	344	215	781	359	339	256	541	359	1329	331	484	519	951	1926	182	307	914	1671	148	265	527	390	1684	332	1817	498	494	182	975	902	97	1474	178	491	357	446	760	1197	430	1382	430	655	599	1092	1636	997	440	161	341	722	261	2009	1053	232	3049	1424	918	291	459	158	1535	1042	429	596	623	480	480	709	816	931	1838	483	1420	704	981	306	251	218	634	459	9	590	2168	694	2838	877	503	747	1555	1133	1454	1226	785	224	999	420	524	343	1431	287	402	369	577	1040	527	495	326	1185	341	290	424	589	606	3056	796	627	771	1335	244	265	1631	25	428	523	10	610	598	291	9	729	773	1856	337	326	464	1967	304	304	170	326	410	393	1889	205	446	1081	1559	175	13	1888	2316	555	152	1509	1335	402	289	501	504	874	523	156	635
1724	2249	1341	1565	2630	1578	2103	1480	0	1840	365	1501	1429	2648	1993	1661	1840	2425	1572	2184	1777	2157	2210	1934	1529	1337	2438	2572	1892	1666	1339	1663	2143	1465	2758	2134	1340	1441	1778	2541	1580	1728	2474	1967	1434	1808	1669	1788	1692	1845	1423	1670	1437	4213	1733	1526	1817	2050	2987	1510	1814	2412	1162	1904	556	1722	2701	1443	2535	1520	937	1728	2505	1421	1394	2320	1267	1726	1850	1795	2223	1517	1663	1900	1441	3005	1571	1531	1701	1336	1529	4440	2564	1691	1908	1523	1372	1489	2033	1525	1346	751	2899	1403	2299	2442	1538	2188	1289	1916	1643	1752	3095	2364	1974	1242	1664	2520	1904	1722	1791	1375	1983	1660	1817	1441	2141	1436	1453	374	2130	1896	1741	1436	2928	1815	1733	1700	1525	2494	2468	2566	1565	1922	2131	1988	3987	1601	3429	1908	1521	1535	1522	1617	2520	1606	1836	2149	1267	2109	1337	1549	1726	2050	1654	1296	2127	1669	1572	1227	1801	1669	2633	1751	1690	1904	1634	1034	1610	1491	2355	2893	1439	1335	1741	1146	3158	1744	3026	1668	1381	1612	2317	1653	1419	2842	1408	1941	1808	1709	959	2529	1910	2710	1910	1405	1571	2541	2808	2467	1856	1427	1745	802	1335	3476	2484	1573	4490	2848	1117	1515	1933	1434	2742	2478	1819	2063	2070	1677	1677	2188	848	2278	3315	1030	2773	2129	757	1660	1587	1565	1722	1935	1489	1840	3580	848	4315	2320	1658	2157	2857	678	2850	2678	965	1282	2468	1898	1760	1591	2899	1509	1863	1720	1967	2476	1741	1636	1733	2519	1745	1516	1366	922	1996	4497	1792	1542	1892	2751	1722	1339	3104	1496	1700	1788	1490	1721	1571	1722	1489	2095	1177	3035	1596	1733	1833	3402	1468	1468	1403	1733	1838	1873	3336	1483	1709	2447	2984	1447	1470	1675	3788	1814	1395	179	2751	1707	1511	1850	1600	2249	1779	1437	1722
152	424	767	276	1161	266	660	590	1840	0	1784	556	571	1703	249	179	0	620	294	900	79	966	1098	674	343	541	600	733	200	174	536	176	332	601	2005	306	531	581	273	703	356	900	1022	232	532	361	172	67	182	563	509	200	498	2522	297	398	427	267	1295	759	34	972	721	206	1630	192	919	547	767	338	1002	311	1109	556	521	990	802	164	147	837	669	357	176	585	425	2062	323	771	166	541	352	2605	1440	244	177	382	468	373	455	766	528	1104	1146	522	748	1043	302	624	632	76	228	778	1275	924	694	675	176	1695	206	562	351	720	722	282	32	425	324	495	484	1920	299	341	99	495	1157	186	297	173	766	1526	993	765	371	950	300	256	2154	680	1640	177	467	335	350	662	1695	688	213	387	652	291	541	460	559	267	841	628	295	232	292	772	49	232	1562	309	150	206	603	1983	670	371	1024	1937	502	542	99	939	1414	298	2078	173	468	668	477	536	563	1002	512	729	361	151	914	689	569	1583	569	514	324	770	1059	988	267	505	285	1207	544	1903	1155	363	2973	1028	906	358	623	500	1826	1134	226	725	402	163	163	624	1017	439	1692	832	933	385	1160	284	343	754	192	615	589	0	1744	992	2658	990	184	966	1762	1652	1015	901	920	642	993	581	81	277	1146	365	388	227	232	1133	99	206	297	679	285	358	473	1083	245	2982	310	371	207	928	562	538	1360	565	167	67	588	170	323	344	589	282	765	2136	278	297	185	1951	393	393	522	297	298	560	1526	780	151	1283	1598	478	587	1681	2174	34	544	1816	928	188	362	147	247	424	69	498	192
1691	2207	1432	1522	2704	1517	2155	1536	365	1784	0	1550	1473	2823	1972	1610	1784	2396	1549	2273	1732	2261	2333	2005	1513	1341	2383	2497	1873	1612	1341	1611	2108	1315	2969	2089	1340	1489	1778	2485	1583	1500	2546	1947	1466	1825	1612	1742	1661	1900	1444	1640	1458	4249	1736	1424	1846	2021	3011	1610	1763	2483	1066	1885	228	1638	2687	1481	2525	1496	1033	1734	2590	1458	1411	2409	1360	1648	1823	1906	2260	1503	1611	1956	1428	3193	1483	1634	1667	1340	1517	4384	2704	1679	1883	1428	1323	1470	2052	1626	1347	691	2899	1424	2341	2524	1484	2221	1323	1861	1616	1853	3059	2434	2046	1280	1612	2710	1885	1781	1807	1456	2059	1654	1766	1428	2103	1455	1472	136	2083	1774	1686	1454	2921	1723	1736	1668	1626	2659	2535	2541	1570	2045	2084	1969	3936	1685	3416	1883	1547	1517	1507	1697	2710	1691	1823	2131	1302	2069	1341	1577	1784	2021	1771	1330	2079	1650	1548	1302	1752	1650	2786	1757	1640	1885	1466	672	1692	1472	2446	3075	1462	1339	1686	1266	3165	1747	3214	1612	1316	1693	2259	1498	1458	2776	1426	2022	1825	1672	870	2458	1963	2856	1963	1298	1482	2529	2673	2533	1852	1447	1746	964	1340	3544	2582	1576	4585	2812	947	1501	1995	1454	2926	2573	1809	2133	2072	1626	1626	2221	770	2223	3366	1054	2703	2115	625	1654	1587	1665	1638	1995	1546	1784	3524	845	4365	2409	1600	2261	3014	984	2798	2665	864	1317	2535	1954	1709	1567	2899	1495	1883	1707	1947	2571	1686	1578	1736	2449	1746	1502	1322	1055	1974	4592	1676	1445	1796	2712	1781	1342	3110	1547	1666	1742	1547	1642	1483	1735	1546	2057	1047	3231	1575	1736	1814	3500	1450	1450	1424	1736	1842	1926	3309	1587	1672	2575	3088	1462	1524	1333	3847	1763	1422	186	2712	1682	1497	1823	1537	2207	1732	1458	1638
404	841	220	384	1155	460	607	34	1501	556	1550	0	77	1424	566	446	556	977	305	736	477	744	844	459	271	256	1041	1209	477	459	260	448	732	811	1670	748	267	60	338	1140	205	1234	996	544	103	327	470	489	378	350	146	365	139	2714	292	620	320	633	1485	221	521	934	662	485	1457	603	1224	77	1058	302	569	281	1045	98	176	869	274	578	466	438	722	263	448	406	265	1805	572	240	396	257	254	2987	1228	313	506	592	425	282	540	234	260	873	1406	160	798	977	426	687	229	605	343	369	1636	884	499	270	451	1365	485	231	315	172	516	273	523	265	737	147	137	1677	748	845	494	147	1441	679	292	386	234	1244	985	1107	192	588	748	556	2534	194	1942	506	95	279	269	191	1365	203	417	700	248	712	256	95	235	633	362	222	748	325	309	281	507	325	1332	298	452	485	927	1929	192	281	906	1678	131	258	494	421	1661	299	1824	467	477	191	941	877	95	1442	166	484	327	412	762	1164	413	1383	413	636	573	1064	1602	983	408	146	307	749	253	1994	1046	199	3037	1395	911	264	445	142	1543	1034	396	584	594	448	448	687	821	897	1820	495	1387	673	987	272	218	240	603	445	33	556	2138	706	2821	869	472	744	1558	1164	1424	1199	786	233	985	404	491	312	1406	260	373	334	544	1032	494	465	292	1152	307	262	408	616	573	3044	765	602	737	1305	231	257	1607	9	395	489	32	578	572	259	33	696	764	1864	305	292	430	1957	280	280	160	292	378	376	1862	234	412	1080	1551	155	36	1875	2300	521	146	1527	1305	368	262	466	475	841	489	139	604
418	887	197	365	1232	438	683	76	1429	571	1473	77	0	1493	612	441	571	1032	295	813	491	820	918	536	253	188	1087	1251	517	453	192	443	777	763	1733	788	201	23	382	1187	215	1192	1073	589	47	386	464	503	388	426	92	373	92	2787	334	583	387	677	1557	258	536	1011	592	527	1380	593	1287	24	1120	279	502	325	1123	28	113	946	233	571	499	506	795	242	443	483	222	1874	542	282	406	189	238	3046	1302	336	544	556	371	253	606	274	194	796	1473	98	872	1055	399	759	151	627	346	438	1695	961	577	193	446	1430	527	309	372	153	593	295	538	222	780	99	99	1601	787	838	498	99	1506	676	334	397	274	1313	1062	1164	199	657	788	603	2593	258	2008	544	109	262	249	259	1430	268	457	753	171	753	188	129	312	677	417	144	786	339	299	222	522	339	1405	345	451	527	889	1852	259	252	984	1748	85	189	498	376	1729	343	1893	460	424	259	982	842	21	1491	107	561	386	421	686	1205	489	1458	489	586	543	1126	1627	1059	456	93	349	689	185	2071	1124	208	3114	1452	841	242	522	93	1612	1112	436	661	654	446	446	759	744	938	1895	419	1433	728	910	294	228	290	593	522	85	571	2195	628	2896	946	463	820	1631	1113	1476	1262	710	156	1062	481	499	307	1473	237	437	361	589	1110	498	453	334	1193	349	241	353	556	618	3122	752	567	739	1361	309	189	1676	76	404	503	85	570	542	309	85	737	697	1932	302	334	466	2034	245	245	98	334	430	453	1924	263	421	1155	1628	114	62	1813	2375	536	77	1452	1361	384	240	499	456	887	502	92	594
1627	1580	1438	1729	798	1799	1052	1417	2648	1703	2823	1424	1493	0	1487	1731	1703	1503	1646	806	1665	737	608	1042	1640	1680	1674	1828	1504	1741	1684	1732	1547	2200	343	1604	1692	1470	1457	1701	1540	2584	820	1493	1527	1362	1752	1668	1627	1168	1571	1633	1562	2019	1460	1986	1299	1516	1261	1267	1684	833	2086	1499	2792	1866	1450	1500	1393	1674	1801	1450	723	1519	1601	745	1500	1834	1556	987	1100	1639	1732	1131	1674	381	1917	1240	1639	1681	1624	2790	303	1548	1531	1959	1840	1671	1262	1249	1685	2226	1399	1584	1052	759	1785	1134	1628	1686	1632	1055	1747	860	1015	1653	1734	171	1499	1232	1379	1432	987	1535	1684	1674	1563	1569	1557	2930	1613	2040	1721	1569	1466	1889	1460	1628	1249	181	858	1497	1541	836	1611	1476	2411	1234	1765	1531	1487	1644	1642	1234	171	1225	1494	1443	1640	1573	1680	1462	1232	1516	1093	1622	1618	1587	1650	1575	1679	1587	190	1438	1714	1499	2273	3312	1234	1669	721	256	1555	1682	1721	1565	1465	1452	400	1749	1888	1234	1684	2210	1514	1854	1590	992	1362	1651	2164	1800	1143	253	1143	2038	1919	1401	2334	865	1438	1569	1464	1863	1677	1242	637	1542	1992	1645	2335	1641	1088	1565	122	662	1486	978	1342	1721	1721	1134	2201	1660	1241	1851	1862	1420	2361	1534	1548	1219	1866	1095	1408	1703	2162	2049	2034	745	1762	737	257	2044	1760	1429	2191	1628	858	1135	1699	1640	1399	1642	1321	1540	1493	660	1721	1769	1460	1789	1464	1639	1825	1768	1496	1994	2012	1961	1901	1631	1232	1681	1444	1421	1639	1668	1408	1838	1917	1422	1408	1564	2189	441	1629	1460	1522	1004	1678	1678	1584	1460	1412	1160	1807	1280	1651	439	685	1574	1430	3292	1534	1684	1569	2740	1631	1599	1642	1556	1802	1580	1678	1562	1867
283	275	786	453	912	477	435	599	1993	249	1972	566	612	1487	0	380	249	432	424	681	259	758	892	498	464	657	475	644	100	382	654	379	166	848	1801	188	653	612	230	575	418	1144	776	25	587	257	386	254	311	417	584	331	570	2298	277	637	304	67	1062	720	248	727	927	89	1833	441	714	591	553	477	1100	287	865	608	608	757	840	412	149	706	422	475	379	416	552	1837	560	724	307	657	463	2450	1213	301	90	618	651	505	225	722	647	1282	930	603	499	800	499	379	720	205	356	660	1102	681	506	768	379	1494	89	468	261	738	534	335	246	552	171	570	554	2107	191	558	319	570	949	427	277	304	722	1315	746	573	434	791	191	13	1997	620	1444	90	503	458	471	598	1494	625	158	158	743	149	657	482	463	67	750	715	192	324	424	833	252	324	1336	267	349	89	852	2213	608	503	789	1713	571	658	319	986	1197	269	1852	385	666	605	377	785	613	879	596	553	257	304	1107	599	396	1352	396	744	562	557	1067	740	158	580	262	1297	659	1659	916	426	2729	855	1133	478	444	573	1609	894	177	516	155	363	363	379	1202	333	1452	964	821	146	1355	335	409	698	441	435	594	249	1593	1148	2428	757	400	758	1530	1726	868	693	1118	730	746	413	292	405	930	484	242	272	25	893	319	419	277	586	262	477	650	1166	9	2738	550	610	420	759	468	655	1142	575	308	254	593	418	560	307	594	133	986	1913	398	277	160	1702	526	526	603	277	191	402	1343	747	304	1058	1349	556	602	1931	1935	248	617	1987	759	290	482	149	463	275	265	570	441
111	597	638	100	1260	97	724	478	1661	179	1610	446	441	1731	380	0	179	788	145	946	124	997	1123	689	190	374	778	911	293	12	369	2	498	490	2016	479	363	455	277	881	243	853	1113	356	396	370	24	132	104	564	364	99	356	2677	271	271	432	418	1443	664	154	1057	551	305	1461	158	1083	417	926	174	832	281	1192	420	369	1052	662	132	233	803	765	203	2	600	259	2100	194	681	93	374	204	2783	1486	184	290	247	289	208	538	675	361	927	1305	373	848	1123	125	720	473	255	109	737	1449	1007	716	513	5	1705	305	523	353	594	744	205	156	259	493	351	344	1745	473	399	80	351	1320	235	271	103	675	1551	1087	933	254	934	475	381	2332	606	1809	290	351	181	195	592	1705	615	266	534	492	459	374	355	522	418	777	470	470	147	141	621	142	147	1604	293	31	305	541	1833	598	207	1088	1974	361	375	80	790	1574	278	2117	20	293	596	656	480	428	1181	362	739	370	85	739	868	589	1635	589	366	196	929	1218	1083	318	361	267	1039	378	2035	1226	247	3104	1202	752	203	644	357	1854	1207	264	767	514	17	17	720	840	617	1831	656	1112	525	987	207	230	672	158	637	479	179	1922	813	2808	1052	31	997	1815	1486	1193	1063	747	483	1087	596	100	134	1305	210	418	190	356	1206	80	41	271	858	267	204	294	918	379	3113	321	243	300	1102	523	371	1519	455	93	132	478	132	194	311	479	448	606	2170	140	271	244	2064	227	227	373	271	332	570	1699	680	85	1329	1694	334	472	1591	2315	154	397	1638	1102	132	207	233	84	597	122	356	158
152	424	767	276	1161	266	660	590	1840	0	1784	556	571	1703	249	179	0	620	294	900	79	966	1098	674	343	541	600	733	200	174	536	176	332	601	2005	306	531	581	273	703	356	900	1022	232	532	361	172	67	182	563	509	200	498	2522	297	398	427	267	1295	759	34	972	721	206	1630	192	919	547	767	338	1002	311	1109	556	521	990	802	164	147	837	669	357	176	585	425	2062	323	771	166	541	352	2605	1440	244	177	382	468	373	455	766	528	1104	1146	522	748	1043	302	624	632	76	228	778	1275	924	694	675	176	1695	206	562	351	720	722	282	32	425	324	495	484	1920	299	341	99	495	1157	186	297	173	766	1526	993	765	371	950	300	256	2154	680	1640	177	467	335	350	662	1695	688	213	387	652	291	541	460	559	267	841	628	295	232	292	772	49	232	1562	309	150	206	603	1983	670	371	1024	1937	502	542	99	939	1414	298	2078	173	468	668	477	536	563	1002	512	729	361	151	914	689	569	1583	569	514	324	770	1059	988	267	505	285	1207	544	1903	1155	363	2973	1028	906	358	623	500	1826	1134	226	725	402	163	163	624	1017	439	1692	832	933	385	1160	284	343	754	192	615	589	0	1744	992	2658	990	184	966	1762	1652	1015	901	920	642	993	581	81	277	1146	365	388	227	232	1133	99	206	297	679	285	358	473	1083	245	2982	310	371	207	928	562	538	1360	565	167	67	588	170	323	344	589	282	765	2136	278	297	185	1951	393	393	522	297	298	560	1526	780	151	1283	1598	478	587	1681	2174	34	544	1816	928	188	362	147	247	424	69	498	192
706	201	1191	873	762	882	574	1008	2425	620	2396	977	1032	1503	432	788	620	0	854	772	664	871	990	743	895	1089	172	332	532	787	1087	786	289	1201	1842	316	1085	1029	654	212	848	1403	687	457	1013	650	787	655	736	729	1013	758	999	1910	702	1013	671	376	707	1094	636	669	1339	521	2248	795	301	1013	171	906	1528	709	787	1031	1039	773	1251	775	576	986	451	907	786	697	984	1800	941	1091	730	1089	895	2019	1202	734	517	1000	1073	936	468	1091	1079	1709	534	1032	466	743	912	440	1150	546	784	963	670	646	726	1197	786	1558	521	825	662	1144	746	766	633	984	295	999	983	2531	324	796	714	999	539	738	702	729	1091	1355	648	145	865	1014	323	437	1565	985	1021	517	926	890	902	963	1558	987	589	279	1172	329	1089	903	820	376	1075	1144	329	755	854	1254	646	755	1324	687	756	521	1155	2598	973	934	790	1688	999	1090	714	1399	800	692	1812	787	1081	970	226	1090	1036	479	1026	785	650	724	1527	299	677	1309	677	1133	942	170	838	642	577	1009	688	1721	1091	1343	868	856	2404	423	1524	909	699	1002	1616	842	607	680	389	771	771	440	1625	231	1119	1396	440	304	1774	767	841	1059	795	691	1001	620	1164	1579	2053	773	801	871	1471	2141	447	285	1535	1159	648	695	689	835	534	916	610	704	457	844	714	822	702	288	688	908	1074	1589	428	2415	841	987	690	329	825	1087	746	985	731	655	1000	781	941	723	1001	339	1385	1885	829	702	592	1447	957	957	1032	702	602	703	913	1123	724	1067	1166	986	1013	2221	1588	636	1045	2416	329	719	913	576	865	201	665	999	796
154	677	492	85	1237	161	683	335	1572	294	1549	305	295	1646	424	145	294	854	0	883	218	922	1042	611	48	248	870	1017	324	157	244	148	571	554	1918	564	240	310	241	973	111	953	1083	398	250	316	168	230	121	482	219	99	211	2709	210	341	365	478	1470	525	262	1024	523	336	1416	299	1138	271	975	53	708	215	1154	275	228	1000	518	276	278	690	749	62	148	527	134	2020	280	543	133	248	59	2868	1415	133	336	314	239	83	525	537	236	858	1350	231	833	1084	139	706	337	363	71	622	1523	973	643	380	150	1608	336	417	296	448	669	121	264	134	569	206	199	1683	560	543	209	206	1372	380	210	129	537	1464	1062	996	117	829	562	420	2415	476	1868	336	209	40	55	464	1608	485	274	582	357	537	248	218	416	478	649	333	558	100	4	480	247	100	1530	235	158	336	642	1825	469	81	1037	1893	216	249	209	649	1616	221	2038	165	269	468	753	586	283	1277	220	656	316	145	689	973	521	1568	521	397	281	980	1352	1058	309	216	215	913	251	2039	1178	113	3103	1276	752	63	572	212	1768	1161	261	707	527	151	151	706	780	711	1844	548	1212	566	936	122	101	537	299	568	337	294	2008	725	2833	1000	168	922	1747	1357	1279	1116	702	347	1062	523	216	18	1350	70	373	159	398	1160	209	160	210	961	215	63	234	788	426	3112	460	319	445	1178	417	245	1561	313	131	230	336	275	280	233	337	523	599	2087	25	210	264	2047	104	104	231	210	306	495	1767	539	145	1260	1663	189	328	1652	2329	262	254	1563	1178	135	67	278	173	677	225	211	300
837	801	846	960	451	1023	247	743	2184	900	2273	736	813	806	681	946	900	772	883	0	867	99	221	280	888	981	932	1104	700	955	983	946	753	1430	1122	807	989	793	669	984	789	1791	304	687	832	576	965	870	842	405	867	851	855	2056	680	1211	519	713	901	673	883	247	1375	694	2191	1070	840	811	719	920	1252	672	321	833	901	136	919	1038	754	398	324	891	946	356	942	1161	1138	653	852	982	875	2516	541	769	726	1185	1103	926	456	658	981	1607	914	885	312	260	1018	347	964	880	855	432	1238	214	242	1002	948	818	694	507	594	818	221	764	882	942	768	861	846	2396	816	1234	926	861	972	1087	680	842	658	633	312	817	794	321	815	669	2079	588	1428	726	768	890	892	575	818	582	695	650	982	774	981	739	504	713	540	957	820	809	887	971	879	809	661	656	926	694	1484	2662	581	924	172	1036	849	983	926	1038	1112	671	1177	962	1144	580	914	1419	831	1210	887	252	576	862	1495	1069	361	689	361	1281	1140	728	1607	313	639	865	681	1386	980	1295	310	792	2313	1052	1619	893	311	859	928	300	690	178	539	934	934	347	1558	883	1151	1225	1193	623	1724	762	794	618	1070	315	733	900	1733	1436	2142	136	976	99	869	1715	1139	814	1518	968	312	359	903	874	914	895	528	756	687	297	926	986	680	1056	681	891	1092	1262	690	2320	1210	1185	1096	1000	507	981	1067	736	852	870	733	1042	1138	650	733	764	1467	1235	862	680	723	1227	938	938	885	680	617	388	1399	700	862	384	816	861	756	2532	1611	883	878	2233	1000	813	895	754	1023	801	880	855	1071
73	475	688	212	1155	220	634	511	1777	79	1732	477	491	1665	259	124	79	664	218	867	0	927	1057	627	267	466	660	801	182	124	462	122	375	593	1960	358	457	501	214	764	276	924	1011	237	452	308	127	12	103	510	430	121	419	2554	230	379	373	294	1321	683	44	958	675	192	1585	203	959	467	802	265	927	243	1094	476	443	965	723	171	120	775	659	280	122	537	351	2028	302	695	87	466	275	2664	1408	167	172	359	410	299	437	691	454	1048	1182	444	741	1026	248	615	555	144	150	713	1327	909	650	598	122	1650	192	497	294	641	678	205	47	351	370	416	405	1868	353	398	62	416	1196	232	230	94	691	1486	984	809	292	894	354	261	2212	607	1685	172	388	259	273	590	1650	615	171	411	575	336	466	382	494	294	771	551	350	152	217	694	30	152	1529	245	93	192	619	1954	598	297	1000	1902	423	467	62	860	1450	233	2045	126	417	596	540	553	484	1066	434	680	308	73	862	757	523	1555	523	485	303	805	1138	979	228	426	220	1132	470	1918	1134	283	2987	1079	874	282	578	421	1788	1114	178	690	401	107	107	615	962	500	1711	762	998	404	1110	206	264	681	203	571	510	79	1803	928	2686	965	141	927	1734	1575	1074	939	871	565	984	533	36	201	1182	289	343	153	237	1114	62	161	230	746	220	282	413	1007	257	2997	349	352	271	980	497	463	1395	487	88	12	509	175	302	276	510	325	729	2100	200	230	144	1954	320	320	444	230	252	511	1576	703	73	1252	1591	399	509	1687	2195	44	465	1758	980	109	286	120	205	475	13	419	203
891	894	829	1002	504	1069	330	747	2157	966	2261	744	820	737	758	997	966	871	922	99	927	0	133	311	922	997	1029	1203	767	1007	999	998	840	1474	1043	894	1005	799	721	1083	822	1848	371	761	845	626	1017	931	893	439	883	900	872	2107	727	1257	565	795	978	652	946	322	1397	763	2190	1129	938	821	819	955	1233	718	364	843	915	186	902	1097	819	361	422	924	998	397	968	1103	1186	629	905	997	908	2598	493	816	795	1231	1133	957	534	636	998	1606	1004	899	412	314	1060	442	969	952	901	408	1332	299	280	1003	1000	735	763	524	644	806	253	807	946	968	855	878	864	2382	902	1304	984	878	1063	1152	727	894	636	560	386	917	825	253	901	746	2165	579	1511	795	788	925	925	570	735	572	757	739	985	860	997	760	523	795	502	962	907	855	926	960	941	855	608	704	979	763	1538	2673	574	955	212	976	865	998	984	1011	1192	719	1120	1014	1177	573	1008	1475	839	1310	903	268	626	916	1506	1167	407	647	407	1319	1188	828	1704	389	701	881	730	1355	995	1335	328	825	2334	1150	1644	926	353	875	860	325	749	243	623	987	987	442	1562	976	1205	1223	1293	711	1728	805	828	597	1129	359	737	966	1824	1433	2187	186	1028	0	825	1664	1238	911	1530	971	386	401	962	914	1004	927	584	806	761	322	984	1036	727	1155	730	924	1120	1234	767	2340	1274	1232	1166	1099	524	997	1149	743	904	931	737	1101	1186	692	737	849	1493	1173	903	727	785	1245	967	967	899	727	675	428	1487	676	916	339	829	879	760	2574	1654	946	890	2213	1099	864	927	819	1071	894	940	872	1130
1019	1023	904	1124	521	1192	462	843	2210	1098	2333	844	918	608	892	1123	1098	990	1042	221	1057	133	0	434	1039	1100	1151	1322	900	1133	1103	1124	972	1596	909	1026	1110	896	849	1200	939	1976	419	895	946	754	1144	1061	1019	561	987	1025	977	2102	852	1380	691	928	1024	725	1077	385	1504	895	2272	1258	1032	921	924	1073	1300	843	379	942	1019	243	975	1226	950	428	545	1040	1124	523	1080	978	1311	701	1031	1101	1024	2647	383	941	928	1353	1246	1073	667	708	1103	1692	1074	1003	525	351	1181	569	1063	1084	1025	487	1412	378	407	1094	1126	602	895	634	771	886	379	929	1077	1080	987	983	970	2451	1034	1437	1113	984	1136	1283	852	1020	708	429	444	1025	941	289	1033	879	2221	667	1562	928	896	1043	1042	661	602	659	887	870	1078	992	1100	869	634	928	562	1056	1039	980	1046	1039	1072	980	490	830	1106	895	1665	2767	663	1071	250	851	970	1101	1113	1072	1241	844	996	1141	1291	663	1135	1602	938	1415	1007	386	754	1043	1603	1287	535	539	535	1437	1312	933	1826	448	831	985	856	1407	1097	1317	314	941	2284	1244	1752	1042	480	980	731	321	879	376	755	1113	1113	569	1653	1105	1207	1309	1402	843	1818	927	946	672	1258	487	833	1098	1894	1516	2170	243	1154	133	713	1688	1338	1006	1628	1064	444	527	1091	1035	1074	1043	714	932	895	318	1113	1161	852	1275	856	1040	1232	1292	900	2290	1405	1355	1298	1199	634	1101	1201	842	1031	1061	833	1230	1311	816	833	981	1602	1046	1024	852	915	1198	1081	1082	1003	852	805	552	1550	747	1043	241	780	986	856	2693	1637	1077	990	2276	1199	991	1043	950	1195	1023	1070	977	1259
585	699	593	691	700	758	194	469	1934	674	2005	459	536	1042	498	689	674	743	611	280	627	311	434	0	612	701	871	1052	483	699	703	690	619	1163	1332	665	708	518	416	947	512	1542	542	494	553	321	710	632	585	128	587	591	575	2283	418	946	257	549	1079	434	651	479	1094	481	1916	826	906	533	753	645	996	408	586	555	620	410	666	794	527	243	338	614	690	90	662	1412	876	419	597	702	598	2652	804	506	514	920	825	648	299	423	701	1332	1040	605	392	519	748	323	688	671	591	231	1325	431	40	728	692	1022	481	227	337	559	59	496	651	662	631	581	565	2131	671	1016	682	581	1088	857	418	586	423	862	534	833	516	294	670	485	2205	333	1576	514	487	615	615	316	1022	330	461	530	707	627	701	458	225	549	350	681	674	545	615	709	644	545	919	395	672	481	1230	2382	324	646	448	1285	569	702	682	797	1273	410	1430	706	867	322	817	1168	553	1218	607	55	321	609	1216	1011	105	957	105	1008	878	762	1529	533	407	585	421	1148	699	1544	589	515	2579	1107	1340	616	53	578	1165	576	450	129	397	679	679	323	1280	778	1381	953	1184	499	1446	494	518	383	826	62	459	674	1832	1163	2381	410	720	311	1136	1510	1169	879	1238	692	534	94	661	603	1040	618	286	498	494	574	682	727	418	998	421	614	813	1018	508	2587	977	921	879	1034	227	701	1223	460	597	632	458	797	876	381	459	612	1188	1481	592	418	489	1498	659	659	605	418	377	118	1521	464	609	649	1092	580	481	2263	1854	651	599	1973	1034	557	617	527	761	699	641	575	827
201	722	449	112	1254	188	697	299	1529	343	1513	271	253	1640	464	190	343	895	48	888	267	922	1039	612	0	200	915	1064	363	201	197	192	614	562	1907	610	193	270	267	1018	100	972	1099	438	207	333	212	279	168	484	173	147	166	2741	231	356	376	520	1501	492	310	1040	500	375	1385	339	1177	230	1013	34	660	233	1167	231	180	1009	472	318	320	674	772	13	192	532	88	2017	302	512	181	201	17	2911	1416	165	378	329	218	43	550	505	189	821	1386	183	856	1097	157	729	288	411	117	606	1565	988	647	331	195	1598	375	408	313	406	671	143	313	88	613	160	155	1647	606	584	257	160	1409	424	231	176	505	1459	1080	1037	99	817	607	459	2458	451	1907	378	178	8	7	441	1598	461	310	621	308	581	200	192	408	520	624	285	604	139	51	433	296	139	1529	255	206	375	661	1803	446	41	1046	1889	172	201	257	601	1651	242	2034	209	256	444	799	608	240	1323	173	655	333	193	658	1020	528	1569	528	397	303	1018	1400	1076	340	170	238	865	203	2064	1188	98	3126	1318	736	15	577	166	1762	1171	295	714	560	197	197	729	746	758	1871	503	1258	603	904	143	94	508	339	573	303	343	2052	684	2863	1009	210	922	1748	1308	1323	1154	673	299	1080	528	264	66	1386	22	391	193	438	1170	257	199	231	1008	238	14	210	740	467	3135	498	336	491	1221	408	198	1597	279	179	279	302	317	302	245	303	567	583	2081	68	231	304	2065	63	63	183	231	333	499	1808	504	193	1262	1677	144	292	1653	2356	310	207	1523	1221	178	19	320	204	722	274	166	340
401	920	329	276	1383	331	825	264	1337	541	1341	256	188	1680	657	374	541	1089	248	981	466	997	1100	701	200	0	1115	1265	556	383	5	376	812	589	1921	810	15	212	442	1218	245	1023	1225	632	153	484	391	478	368	581	114	347	126	2908	398	432	508	716	1670	441	509	1163	405	568	1229	501	1364	180	1199	202	461	395	1282	161	81	1111	324	487	518	693	921	187	376	636	115	2061	410	466	381	0	196	3107	1484	355	574	408	198	168	711	457	13	651	1567	97	1002	1213	285	881	110	610	318	625	1759	1112	740	141	378	1618	568	475	465	301	760	323	511	115	811	120	136	1473	806	742	449	120	1593	595	398	377	457	1500	1210	1229	230	844	807	651	2654	447	2094	574	215	207	193	446	1618	456	499	812	123	780	0	245	477	716	604	109	804	336	249	263	495	336	1589	418	396	568	730	1681	446	169	1149	1935	132	1	449	430	1830	409	2080	389	251	446	1000	690	167	1523	94	732	484	393	515	1220	638	1639	638	411	410	1204	1592	1207	519	116	410	666	5	2211	1290	237	3265	1512	654	185	679	122	1799	1277	482	820	737	385	385	881	586	958	2027	306	1459	792	751	323	250	477	501	677	273	541	2249	499	3024	1111	386	997	1814	1112	1521	1341	536	119	1210	633	460	266	1567	178	542	384	632	1275	449	368	398	1209	410	186	179	544	661	3272	644	422	668	1416	475	2	1775	259	380	478	272	484	410	394	273	766	508	2120	269	398	497	2191	147	147	97	398	504	604	1999	441	393	1335	1791	123	251	1625	2510	509	111	1339	1416	378	181	518	354	920	472	126	501
716	200	1261	873	932	866	719	1074	2438	600	2383	1041	1087	1674	475	778	600	172	870	932	660	1029	1151	871	915	1115	0	181	570	774	1112	776	309	1139	2013	305	1109	1087	705	103	886	1293	859	498	1061	724	772	649	749	837	1054	770	1041	1990	752	971	757	409	829	1183	624	841	1317	559	2223	751	400	1065	322	920	1569	762	959	1082	1076	941	1315	737	598	1111	607	928	776	814	1003	1973	904	1184	738	1115	919	2004	1374	765	545	962	1068	953	579	1183	1104	1705	634	1072	632	915	903	590	1189	523	799	1080	683	816	860	1236	775	1727	559	920	731	1213	883	802	621	1003	307	1039	1025	2519	309	701	699	1039	622	678	752	740	1183	1525	821	247	903	1154	308	485	1554	1078	1065	545	978	909	922	1056	1727	1082	630	355	1211	335	1115	958	914	409	1186	1184	311	778	869	1308	636	778	1496	743	748	559	1069	2541	1066	951	959	1860	1041	1116	699	1462	886	744	1984	773	1068	1063	124	1007	1087	407	1064	918	724	729	1513	139	793	1481	793	1095	905	317	674	814	633	1050	737	1768	1118	1471	1040	894	2521	441	1482	930	824	1043	1788	1015	650	824	487	762	762	590	1617	160	1242	1418	346	386	1757	803	877	1155	751	815	1069	600	1143	1589	2142	941	785	1029	1644	2200	415	394	1518	1199	821	812	678	851	634	937	694	736	498	1016	699	807	752	127	737	929	1072	1638	468	2532	764	947	617	342	920	1113	835	1050	739	649	1068	743	904	782	1069	351	1350	2058	847	752	624	1595	974	974	1072	752	664	814	938	1212	729	1238	1330	1025	1077	2115	1698	624	1088	2416	342	737	934	598	846	200	658	1041	751
863	372	1430	1009	1063	993	897	1243	2572	733	2497	1209	1251	1828	644	911	733	332	1017	1104	801	1203	1322	1052	1064	1265	181	0	733	906	1261	909	478	1220	2169	462	1257	1253	871	126	1045	1317	1007	665	1222	897	902	789	896	1018	1211	917	1199	1966	918	1074	934	577	876	1359	761	996	1432	724	2328	860	456	1228	441	1065	1723	928	1106	1244	1231	1104	1481	850	754	1292	781	1077	909	995	1151	2112	1014	1360	884	1265	1069	1888	1525	921	706	1069	1199	1099	760	1359	1253	1830	666	1228	798	1068	1033	766	1345	658	946	1261	617	975	1041	1390	908	1888	724	1097	904	1381	1063	960	758	1151	473	1197	1183	2634	463	760	831	1197	636	775	918	887	1359	1684	969	342	1062	1334	463	654	1443	1255	1015	706	1141	1057	1071	1233	1888	1259	793	534	1366	497	1265	1123	1092	577	1366	1340	464	931	1016	1470	774	931	1645	911	883	724	1127	2615	1243	1097	1120	2003	1200	1266	831	1627	890	910	2123	903	1192	1240	268	1070	1250	282	1220	1099	897	873	1632	45	974	1625	974	1200	1015	434	507	963	802	1208	903	1925	1268	1513	1190	1053	2540	408	1577	1079	1005	1201	1938	1165	814	1003	667	896	896	766	1739	312	1281	1563	205	566	1872	961	1034	1332	860	996	1238	733	1030	1724	2127	1104	913	1203	1781	2362	333	462	1635	1354	969	993	813	998	666	1086	870	894	665	1167	831	935	918	57	903	1079	1205	1797	636	2551	840	1052	705	325	1097	1262	844	1218	885	789	1237	856	1014	951	1238	513	1454	2198	995	918	785	1666	1120	1120	1228	918	835	995	873	1387	873	1395	1438	1182	1245	2135	1714	761	1246	2541	325	887	1083	754	971	372	797	1199	860
