NAME : VRPTW_INSTANCE_72.txt
COMMENT : Bangkok Supermarket
TYPE : VRPTW
DIMENSION : 227
DAYS : Monday
EDGE_WEIGHT_TYPE : EXPLICIT
VEHICLES : 32
EDGE_WEIGHT_FORMAT : FULL_MATRIX
CAPACITY : 1000
EDGE_WEIGHT_SECTION
0	358	474	39	155	1480	88	306	1002	978	620	3162	1100	1028	1092	195	97	334	3450	409	309	193	265	1117	385	2546	590	503	1727	199	241	135	376	351	651	222	79	306	1054	576	154	465	1663	624	89	94	932	996	46	298	352	978	228	255	155	147	1010	807	373	1303	412	2131	1116	348	192	1570	614	2849	283	401	330	485	434	125	1627	1738	1207	3363	228	1994	1122	737	1606	153	295	322	616	104	463	217	202	83	764	404	308	1634	102	192	152	193	221	37	517	410	497	581	412	216	454	481	154	25	428	343	747	34	396	314	410	721	621	977	214	1142	221	576	1149	202	24	101	206	218	172	1687	212	1910	491	1994	202	349	1190	1067	929	485	830	438	441	438	347	279	201	83	351	940	21	344	921	1994	122	219	502	441	97	85	814	946	413	309	563	186	248	2334	431	367	1129	1116	1056	362	135	124	1080	403	807	215	410	978	202	1606	491	221	237	541	1077	981	1727	400	109	1121	436	214	253	977	496	2083	620	423	1128	745	206	351	253	521	418	207	2438	1999	942	103	300	202	1930	119	334	221	727	1064	245
358	0	133	335	514	1797	274	520	1361	1332	708	3490	1258	1299	1308	164	366	213	3767	597	517	532	576	836	29	2791	932	844	2070	556	212	491	464	473	929	213	376	521	1249	915	417	785	2016	963	349	396	1139	1349	354	518	456	1332	187	614	514	314	1362	1021	463	1658	560	2453	1460	465	325	1928	964	3100	618	401	647	514	731	236	1970	2066	1524	3687	565	2332	865	1095	1923	205	82	502	261	396	386	538	429	330	1078	683	524	1993	385	528	382	532	578	343	768	677	522	917	697	332	737	511	417	333	761	546	879	346	47	504	537	1077	970	1286	333	1497	578	915	1504	162	343	299	565	572	505	2007	454	2255	829	2332	429	121	1489	1085	1237	514	1040	622	766	622	464	237	549	373	462	1298	337	77	1263	2332	236	426	529	453	262	358	663	1034	687	517	485	172	590	2674	616	453	784	1334	1415	467	491	479	1438	529	1021	300	415	1332	429	1923	830	304	211	546	1435	732	2070	526	249	1477	760	328	105	1186	522	2403	711	607	783	1036	565	463	105	772	556	226	2095	1728	1301	360	620	162	2267	239	213	578	476	1421	314
474	133	0	445	630	1929	395	579	1472	1434	707	3620	1383	1433	1439	279	494	229	3899	640	575	656	706	705	123	2923	1024	937	2196	665	345	609	489	508	1063	347	477	581	1379	1006	548	869	2138	1054	447	496	1270	1448	476	580	488	1434	266	727	630	399	1461	1153	488	1759	594	2585	1551	500	397	2042	1087	3232	744	404	777	509	806	359	2058	2143	1655	3819	663	2415	738	1211	1993	325	216	553	146	493	358	631	562	431	1153	816	584	2103	482	628	514	656	687	453	823	811	514	1006	830	396	870	506	548	449	889	599	1005	457	130	557	565	1181	1067	1419	398	1599	687	1006	1606	271	456	426	678	679	603	2138	587	2381	921	2415	562	238	1623	1041	1369	509	1172	662	895	662	499	280	671	474	495	1408	454	132	1390	2415	354	496	522	573	383	485	573	1151	820	575	584	290	690	2758	657	479	656	1466	1524	497	609	598	1546	558	1153	365	417	1434	562	1993	922	367	344	528	1543	608	2196	555	368	1580	846	392	231	1318	515	2535	710	648	655	1169	678	497	231	827	586	360	2020	1596	1412	489	749	271	2349	360	229	687	359	1526	368
39	335	445	0	185	1518	81	283	1028	997	590	3197	1137	1067	1131	170	128	296	3487	386	286	230	305	1080	362	2585	602	515	1760	221	242	168	341	319	691	222	59	284	1092	587	190	470	1694	635	57	79	971	1014	77	276	318	997	193	281	185	109	1028	846	339	1323	384	2168	1130	315	154	1596	646	2888	320	363	369	449	432	111	1641	1747	1244	3399	236	2007	1084	765	1612	132	277	295	589	87	424	218	236	45	768	443	286	1659	80	199	183	230	243	8	506	449	461	591	451	178	493	445	190	32	465	320	781	11	375	288	380	742	637	1015	177	1162	243	587	1169	175	14	113	232	237	177	1723	248	1942	502	2007	236	338	1229	1034	967	449	868	414	478	415	314	240	236	61	318	964	34	314	955	2007	101	191	467	461	84	116	775	978	453	286	577	162	259	2347	407	333	1098	1154	1080	329	168	157	1103	373	846	176	372	997	236	1612	502	182	237	505	1100	943	1760	370	91	1142	441	176	231	1015	461	2120	590	400	1097	784	232	318	231	510	389	208	2422	1961	967	133	339	175	1942	103	296	243	690	1086	207
155	514	630	185	0	1342	240	325	848	829	658	3015	1048	918	1010	351	180	475	3309	422	331	89	178	1258	540	2437	458	376	1575	67	374	28	447	412	548	357	173	324	984	448	185	362	1508	494	203	165	860	849	165	315	421	829	377	101	0	268	863	736	444	1154	447	1988	976	412	303	1414	461	2737	158	502	221	562	359	278	1486	1607	1069	3218	141	1857	1257	581	1483	308	447	358	772	175	578	163	230	211	652	320	325	1480	183	122	213	89	84	178	471	335	574	456	321	323	361	558	185	181	293	360	724	175	550	348	457	572	481	846	321	992	84	448	999	358	174	232	56	91	125	1546	222	1757	367	1857	230	494	1063	1111	799	562	759	447	312	447	412	415	70	178	418	785	176	499	772	1857	277	276	578	507	251	179	926	933	333	331	647	342	144	2194	440	442	1283	1032	902	429	28	38	927	452	736	335	507	829	230	1483	366	339	370	621	924	1116	1575	449	264	971	331	324	408	902	574	1942	657	436	1282	629	56	417	408	474	457	340	2583	2133	788	189	192	358	1793	274	475	84	867	912	360
1480	1797	1929	1518	1342	0	1543	1605	822	993	1890	1697	968	565	744	1658	1438	1814	1971	1663	1613	1287	1225	2598	1815	1234	1228	1265	430	1339	1593	1352	1758	1718	879	1587	1516	1603	839	1250	1381	1366	571	1236	1545	1507	851	1022	1464	1595	1733	993	1709	1270	1342	1611	1029	901	1756	986	1715	657	1143	1721	1645	755	906	1495	1197	1833	1155	1869	1448	1576	1322	1557	273	1891	1394	1610	2600	882	1595	1611	1715	1648	2052	1516	1916	1438	1368	1552	1362	1115	1602	885	1525	1411	1414	1287	1325	1512	1569	1123	1881	1268	1100	1664	1061	1866	1381	1502	1052	1626	1145	1509	1817	1637	1739	1048	1167	510	1662	962	1325	1250	966	1670	1504	1504	1313	1339	1431	212	1343	599	1281	1610	1368	1722	329	2298	560	1869	896	1676	1040	1676	1721	1756	1282	1521	1729	868	1496	1810	601	1610	1587	1599	1882	1474	1556	1447	2258	1213	1112	1613	1585	1647	1367	1820	1671	1756	2578	724	842	1738	1352	1362	867	1737	901	1678	1837	993	1368	1595	1278	1681	1593	1927	868	2458	430	1736	1572	949	1359	1665	1698	819	1879	606	1887	1673	2578	767	1313	1727	1698	1568	1729	1572	3607	3475	857	1442	1184	1670	1577	1578	1814	1325	2208	916	1702
88	274	395	81	240	1543	0	356	1088	1066	648	3229	1108	1072	1117	116	108	287	3514	457	358	261	318	1059	299	2584	678	591	1801	288	161	217	392	375	695	141	139	357	1072	664	172	549	1743	712	128	160	953	1084	80	350	371	1066	174	341	240	153	1098	829	389	1392	449	2196	1204	371	197	1654	691	2889	349	394	387	491	513	37	1716	1825	1269	3429	314	2082	1071	821	1691	70	207	362	534	166	440	298	207	109	848	444	359	1720	159	277	150	261	310	88	585	445	503	669	455	220	497	487	172	63	495	392	743	90	309	357	440	810	710	1035	219	1230	310	664	1237	127	81	53	293	307	256	1750	225	1985	579	2082	207	261	1245	1084	986	491	851	485	504	485	370	242	276	140	372	1026	67	269	994	2082	44	260	509	394	14	97	786	932	452	358	502	105	335	2422	478	382	1052	1142	1143	382	217	205	1167	432	829	206	405	1066	207	1691	579	213	156	544	1164	931	1801	429	29	1209	520	217	168	999	502	2147	648	470	1051	794	293	373	168	589	451	128	2349	1947	1029	106	358	127	2018	36	287	310	673	1152	238
306	520	579	283	325	1605	356	0	979	903	332	3242	1373	1228	1334	385	402	354	3552	103	7	413	503	1053	549	2742	484	403	1785	291	511	336	158	117	867	492	227	2	1310	461	452	313	1685	505	229	212	1186	911	352	10	136	903	332	352	325	219	922	1062	156	1221	122	2233	992	122	195	1547	698	3037	479	253	545	264	235	374	1491	1565	1339	3450	217	1840	1032	760	1413	375	498	44	722	201	347	175	502	247	577	646	4	1589	204	212	457	413	297	278	247	661	275	456	647	187	686	261	452	314	595	37	1038	278	567	33	137	669	538	1132	186	1066	297	461	1072	377	292	397	323	281	201	1799	507	1957	385	1840	502	574	1351	785	1087	264	1085	131	620	131	122	299	395	223	130	911	315	461	1010	1840	352	99	277	745	354	391	658	1242	659	7	859	384	241	2184	124	159	1166	1355	1020	138	336	334	1034	133	1062	219	251	903	502	1413	387	216	506	321	1031	894	1785	131	352	1050	298	192	444	1227	274	2191	331	117	1165	939	323	128	444	251	133	482	2599	1891	917	409	517	377	1775	361	354	297	677	1005	211
1002	1361	1472	1028	848	822	1088	979	0	171	1188	2300	1249	821	1063	1198	1014	1288	2632	999	986	847	841	2033	1388	2056	505	577	846	807	1210	871	1136	1095	757	1195	996	977	1114	529	986	676	713	495	1026	978	1028	202	1012	972	1116	171	1209	747	848	1081	212	970	1135	350	1060	1342	349	1101	1098	572	444	2314	777	1233	782	1229	763	1126	744	935	646	2513	817	1116	2010	277	894	1156	1295	1022	1617	982	1325	855	1005	1042	566	829	975	631	994	849	1023	847	785	1020	852	853	1238	541	810	1109	798	1226	986	1028	667	986	1156	1016	1398	1012	1091	311	445	612	1106	213	785	529	221	1203	1018	1075	796	793	874	960	982	1000	595	1116	1005	1338	747	1541	610	1229	984	1001	682	1001	1102	1225	822	999	1109	68	1024	1340	360	1116	1125	1017	1237	1240	1099	1017	1624	1338	837	986	1386	1189	788	1427	999	1138	2116	1064	64	1116	871	883	100	1092	970	1133	1231	171	1005	894	593	1134	1207	1278	98	1873	846	1092	1112	189	684	1111	1256	1035	1236	1312	1184	1004	2115	696	796	1107	1256	850	1075	1178	3414	2857	61	1022	796	1203	1059	1122	1288	785	1653	125	1146
978	1332	1434	997	829	993	1066	903	171	0	1074	2433	1374	966	1200	1168	1005	1234	2773	906	910	846	858	1951	1360	2228	419	503	992	778	1202	855	1054	1015	850	1185	958	901	1243	441	988	590	838	398	987	938	1149	35	994	897	1037	0	1167	728	829	1035	50	1078	1054	326	969	1497	202	1022	1045	657	501	2484	789	1156	809	1138	673	1103	674	837	815	2648	770	1051	1921	331	768	1129	1273	944	1580	940	1249	804	1014	1004	422	875	899	686	952	806	1024	846	756	989	742	900	1146	448	857	1052	854	1136	988	1003	705	904	1243	986	1373	935	1002	256	368	762	1050	165	756	441	171	1171	990	1061	774	760	830	1127	994	1134	520	1051	1014	1324	911	1401	753	1138	1094	904	727	905	1023	1171	817	960	1030	143	999	1302	508	1051	1098	955	1144	1269	1076	1007	1527	1436	885	910	1417	1160	743	1378	903	1059	2062	1205	160	1036	855	867	152	1004	1078	1080	1152	0	1014	768	519	1080	1199	1183	150	1788	992	1004	1086	147	605	1055	1229	1161	1144	1470	1070	909	2061	806	774	1028	1229	740	984	1168	3412	2753	153	1014	817	1171	990	1097	1234	756	1580	109	1088
620	708	707	590	658	1890	648	332	1188	1074	0	3485	1705	1549	1665	630	717	496	3808	240	326	746	835	927	733	3055	686	630	2026	620	781	668	258	272	1196	763	542	333	1642	662	773	528	1901	692	533	532	1518	1071	666	342	277	1074	548	677	658	494	1078	1394	261	1363	211	2498	1106	276	452	1731	991	3347	810	308	876	197	443	652	1560	1586	1633	3697	541	1876	877	1016	1411	640	722	303	821	520	353	503	823	546	670	978	332	1751	519	542	773	746	623	587	336	993	193	648	979	430	1018	200	773	622	918	298	1365	588	753	312	209	883	749	1439	430	1224	623	662	1228	615	602	697	652	607	533	2076	830	2187	613	1876	823	801	1657	452	1397	197	1417	221	945	221	278	476	727	537	275	1120	625	633	1289	1876	627	402	185	1040	640	705	475	1566	991	326	1135	634	559	2217	227	269	1141	1686	1215	266	668	666	1221	217	1394	451	293	1074	823	1411	616	445	776	188	1219	758	2026	220	633	1213	532	434	673	1559	192	2460	4	228	1139	1262	652	275	673	337	203	757	2664	1679	1129	722	849	615	1810	640	496	623	621	1183	423
3162	3490	3620	3197	3015	1697	3229	3242	2300	2433	3485	0	2541	2241	2353	3346	3127	3491	385	3281	3249	2970	2914	4272	3509	1358	2798	2859	1459	3002	3288	3029	3400	3359	2576	3282	3188	3240	2446	2822	3072	2961	1595	2793	3218	3176	2498	2445	3149	3233	3377	2433	3390	2933	3015	3283	2443	2573	3398	2217	3339	1039	2478	3363	3313	1810	2559	1239	2880	3486	2843	3504	3049	3264	2288	2471	1967	217	3044	2303	4265	2482	2623	3299	3409	3286	3747	3184	3574	3088	3062	3227	2856	2810	3238	1846	3195	3068	3107	2970	2985	3191	3149	2819	3514	2836	2795	3330	2757	3501	3072	3184	2734	3256	2808	3187	3511	3275	3368	2601	2736	2206	3327	2311	2985	2822	2309	3357	3184	3194	2979	2998	3090	1485	3037	1299	2877	2303	3062	3418	2018	3835	2256	3504	2564	3287	2725	3288	3363	3431	2960	3193	3371	2366	3179	3498	2244	2303	3273	3254	3514	3167	3243	3136	3900	2826	2808	3249	3271	3335	3016	2241	3284	3400	4273	2327	2280	3380	3029	3040	2281	3367	2573	3347	3487	2433	3062	2623	2874	3350	3288	3558	2283	4125	1459	3366	3258	2314	2963	3331	3389	2456	3513	1093	3481	3288	4272	2464	2979	3369	3389	3147	3354	3267	5244	5133	2357	3131	2871	3357	2322	3265	3491	2985	3882	2325	3368
1100	1258	1383	1137	1048	968	1108	1373	1249	1374	1705	2541	0	466	227	1190	1010	1384	2742	1471	1379	960	870	2086	1261	1583	1290	1260	1390	1094	1054	1037	1475	1446	567	1061	1173	1372	142	1299	947	1318	1478	1321	1190	1179	226	1409	1059	1363	1450	1374	1273	1051	1048	1246	1425	327	1472	1579	1493	1540	1577	1445	1291	1567	921	1896	905	1499	838	1586	1360	1123	1979	2183	801	2708	1178	2337	2122	1060	2139	1152	1181	1403	1457	1191	1548	1209	903	1183	1510	730	1373	1689	1194	1168	959	960	1096	1137	1492	713	1598	1318	733	1315	698	1581	947	1107	837	1408	378	1135	1253	1393	1499	1226	1259	664	1314	1462	1096	1299	1469	1206	1123	1054	1063	1111	1174	1151	889	1567	1265	2337	903	1144	676	2158	649	1586	305	1495	805	1496	1444	1348	981	1179	1449	1238	1103	1308	895	2337	1145	1309	1603	811	1120	1023	1889	292	717	1379	848	1179	1167	2616	1489	1467	1942	244	1308	1460	1037	1039	1346	1493	327	1310	1509	1374	903	2139	1262	1316	1057	1642	1344	1990	1390	1491	1133	1438	1292	1313	1194	213	1597	1480	1704	1485	1942	573	1063	1448	1194	1494	1502	1054	2703	2971	1230	1008	862	1206	2286	1132	1384	1096	1734	1374	1341
1028	1299	1433	1067	918	565	1072	1228	821	966	1549	2241	466	0	250	1180	963	1358	2489	1309	1235	843	762	2128	1313	1519	991	989	958	938	1088	919	1363	1327	377	1085	1081	1226	323	1007	900	1073	1022	1014	1107	1078	295	1002	1000	1217	1338	966	1246	875	918	1172	1016	336	1361	1133	1349	1205	1165	1328	1213	1100	601	1821	759	1418	701	1479	1138	1100	1529	1741	346	2427	1011	1880	2143	690	1715	1134	1216	1267	1543	1089	1489	1052	875	1108	1191	627	1226	1222	1097	1016	928	843	930	1064	1271	627	1491	1027	617	1235	575	1475	900	1044	633	1257	579	1061	1311	1255	1365	873	945	210	1233	1029	930	1007	1036	1195	1053	1026	906	946	1031	772	852	1143	1000	1880	875	1209	238	1992	213	1479	330	1328	608	1328	1328	1306	848	1087	1334	824	1039	1326	461	1880	1116	1193	1495	930	1086	975	1840	663	620	1235	1030	1169	990	2152	1322	1359	2064	246	875	1345	919	926	912	1360	336	1241	1425	966	875	1715	997	1246	1088	1538	911	2003	958	1358	1101	1007	1054	1235	1209	272	1490	1149	1547	1321	2064	288	906	1333	1209	1272	1361	1073	3041	3018	814	965	731	1195	1832	1105	1358	930	1745	946	1269
1092	1308	1439	1131	1010	744	1117	1334	1063	1200	1665	2353	227	250	0	1214	1012	1403	2571	1425	1341	925	837	2144	1316	1484	1173	1157	1163	1045	1096	1005	1454	1421	473	1099	1157	1333	96	1186	947	1229	1251	1201	1178	1159	169	1236	1057	1324	1428	1200	1290	991	1010	1240	1251	288	1452	1381	1457	1336	1401	1421	1284	1345	788	1795	855	1493	789	1569	1283	1139	1778	1989	575	2527	1125	2130	2171	904	1957	1172	1227	1369	1531	1170	1554	1162	910	1175	1386	692	1333	1469	1176	1123	967	925	1042	1129	1417	683	1581	1206	689	1307	649	1565	947	1103	756	1367	471	1126	1311	1358	1467	1081	1135	458	1306	1273	1042	1186	1281	1230	1116	1066	1012	1058	1133	933	891	1342	1166	2130	910	1204	448	2116	452	1569	268	1448	726	1448	1420	1359	940	1163	1426	1060	1099	1348	703	2130	1159	1284	1585	888	1130	1024	1903	478	681	1341	958	1203	1109	2401	1441	1448	2037	27	1119	1437	1005	1009	1156	1462	288	1307	1502	1200	910	1957	1163	1313	1098	1627	1155	2035	1163	1460	1145	1251	1207	1306	1230	121	1580	1277	1664	1438	2037	436	1012	1425	1230	1419	1467	1089	2895	3036	1051	1012	817	1230	2082	1147	1403	1042	1775	1188	1338
195	164	279	170	351	1658	116	385	1198	1168	630	3346	1190	1180	1214	0	220	194	3629	475	384	377	433	947	192	2688	769	681	1917	392	155	330	371	367	805	141	213	386	1164	753	281	627	1858	801	188	234	1048	1184	197	381	356	1168	88	450	351	166	1198	925	369	1494	451	2312	1298	360	192	1765	807	2994	466	343	503	452	578	82	1808	1909	1384	3546	402	2172	963	933	1769	47	115	377	420	235	367	377	306	168	923	554	388	1829	224	365	252	377	413	178	630	553	462	756	566	208	608	448	281	170	612	416	817	182	205	376	434	912	806	1150	208	1333	413	753	1339	16	179	155	402	408	342	1866	328	2101	668	2172	306	189	1358	1045	1101	452	946	502	620	502	359	168	392	211	359	1134	175	152	1111	2172	74	286	469	427	103	210	699	994	561	384	507	11	427	2513	496	360	935	1239	1250	367	330	318	1274	426	925	181	356	1168	306	1769	668	187	151	497	1271	824	1917	423	88	1313	600	203	63	1094	462	2263	631	487	935	906	402	360	63	634	450	141	2256	1837	1137	217	474	16	2107	80	194	413	565	1257	206
97	366	494	128	180	1438	108	402	1014	1005	717	3127	1010	963	1012	220	0	395	3409	506	405	168	212	1167	388	2476	638	555	1704	243	196	152	470	447	587	181	176	402	970	627	65	532	1652	674	184	189	850	1026	51	394	447	1005	282	278	180	235	1041	725	468	1328	510	2092	1156	444	281	1574	601	2781	252	488	283	577	512	138	1666	1787	1164	3326	295	2037	1179	741	1662	173	289	419	627	201	542	295	108	174	827	336	403	1645	199	262	55	168	263	130	605	337	589	635	347	305	389	573	65	97	395	439	653	128	394	411	507	749	662	929	303	1167	263	627	1174	233	116	67	236	265	248	1646	122	1889	545	2037	108	324	1138	1163	880	577	747	534	401	534	443	347	191	181	447	954	93	372	897	2037	152	316	595	350	122	12	890	849	343	405	480	209	309	2374	527	461	1149	1036	1070	457	152	141	1097	500	725	299	498	1005	108	1662	544	305	193	633	1094	1039	1704	497	137	1145	501	303	262	895	589	2043	717	520	1149	687	236	447	262	609	515	164	2407	2055	956	8	255	233	1973	142	395	263	782	1085	330
334	213	229	296	475	1814	287	354	1288	1234	496	3491	1384	1358	1403	194	395	0	3783	411	350	527	598	783	237	2871	818	731	2049	493	342	462	262	279	981	330	304	356	1356	798	460	655	1973	844	273	317	1238	1245	357	356	259	1234	113	562	475	210	1258	1115	260	1558	365	2463	1339	271	189	1860	935	3177	617	188	665	301	586	264	1842	1920	1541	3694	471	2194	788	1039	1766	232	243	325	368	310	181	433	493	264	931	730	358	1912	299	439	436	527	513	302	594	733	308	795	740	181	783	297	460	315	762	371	1012	305	257	330	337	986	865	1312	183	1399	513	798	1405	177	310	337	514	502	415	2020	512	2229	715	2194	493	317	1525	877	1263	301	1136	432	775	433	269	63	532	299	265	1221	320	136	1247	2194	244	280	316	614	273	383	504	1187	738	350	676	204	499	2538	428	251	829	1428	1335	268	462	452	1355	330	1115	154	202	1234	493	1766	716	154	338	334	1352	647	2049	327	258	1381	634	178	205	1285	309	2416	499	418	828	1078	514	268	205	598	358	333	2246	1664	1226	394	635	177	2129	256	0	513	393	1331	147
3450	3767	3899	3487	3309	1971	3514	3552	2632	2773	3808	385	2742	2489	2571	3629	3409	3783	0	3597	3559	3257	3196	4567	3784	1378	3122	3179	1785	3301	3561	3321	3708	3668	2841	3555	3482	3550	2661	3146	3351	3282	1940	3120	3512	3472	2727	2788	3435	3543	3685	2773	3679	3231	3309	3578	2787	2813	3707	2574	3654	1320	2830	3672	3610	2167	2859	1179	3167	3791	3126	3816	3368	3547	2663	2851	2244	197	3348	2687	4565	2796	3000	3582	3685	3596	4020	3481	3877	3392	3337	3520	3194	3084	3549	2211	3491	3370	3385	3257	3285	3481	3474	3090	3826	3161	3069	3628	3030	3813	3351	3472	3022	3569	3038	3478	3785	3584	3681	2927	3060	2480	3626	2658	3285	3146	2658	3641	3474	3475	3276	3299	3391	1763	3312	1640	3196	2687	3337	3688	2279	4173	2529	3816	2801	3605	3010	3605	3672	3724	3251	3488	3680	2696	3467	3781	2545	2687	3558	3557	3827	3419	3527	3418	4210	3033	3080	3559	3514	3618	3321	2626	3602	3708	4545	2544	2617	3688	3321	3331	2621	3680	2813	3644	3793	2773	3337	3000	3194	3647	3561	3871	2623	4424	1785	3679	3543	2660	3281	3629	3669	2682	3825	1366	3805	3605	4545	2732	3276	3678	3669	3473	3669	3541	5438	5438	2687	3412	3155	3641	2706	3549	3783	3285	4176	2667	3666
409	597	640	386	422	1663	457	103	999	906	240	3281	1471	1309	1425	475	506	411	3597	0	100	511	600	1045	626	2817	494	423	1822	380	609	435	162	133	955	590	330	104	1404	470	555	323	1711	509	331	316	1280	910	456	112	154	906	412	436	422	313	919	1156	162	1216	63	2282	975	141	282	1559	759	3110	571	266	637	231	235	472	1462	1522	1401	3491	300	1803	1014	800	1362	470	585	97	778	305	355	263	606	348	545	742	102	1593	307	303	561	511	383	381	189	757	239	460	741	268	779	229	555	417	677	66	1140	382	645	100	96	688	553	1202	267	1066	383	470	1071	465	395	499	412	367	297	1853	610	1989	405	1803	606	662	1421	691	1159	231	1180	28	704	28	142	364	490	327	147	930	419	532	1063	1803	449	197	238	848	453	495	625	1345	754	100	959	476	319	2147	21	170	1191	1446	1034	148	435	434	1045	99	1156	299	258	906	606	1362	408	294	604	279	1042	881	1822	100	450	1052	318	273	531	1320	238	2241	239	14	1189	1021	412	145	531	193	77	580	2655	1858	938	512	611	465	1737	459	411	383	684	1012	282
309	517	575	286	331	1613	358	7	986	910	326	3249	1379	1235	1341	384	405	350	3559	100	0	419	509	1046	547	2749	490	410	1792	297	512	341	150	109	874	493	230	9	1316	468	456	319	1692	512	231	215	1192	917	355	17	129	910	330	360	331	219	928	1068	149	1228	115	2241	998	115	194	1554	706	3045	485	246	551	256	241	375	1496	1570	1347	3458	225	1845	1025	767	1417	375	497	36	718	204	340	183	507	249	582	652	11	1596	207	219	461	419	304	281	250	667	267	462	653	185	692	253	456	317	602	34	1043	281	565	25	129	676	545	1139	183	1073	304	468	1079	376	295	399	330	288	208	1807	511	1964	392	1845	507	573	1358	779	1095	256	1091	128	627	128	115	295	401	226	123	918	318	458	1017	1845	352	99	269	747	355	395	651	1247	665	0	860	384	248	2189	121	152	1160	1362	1027	130	341	339	1041	126	1068	217	244	910	507	1417	394	213	507	313	1038	887	1792	124	353	1057	305	189	443	1233	266	2199	325	114	1159	946	330	121	443	254	126	483	2595	1883	924	412	523	376	1779	362	350	304	670	1012	208
193	532	656	230	89	1287	261	413	847	846	746	2970	960	843	925	377	168	527	3257	511	419	0	89	1310	555	2362	504	429	1540	145	362	79	528	496	469	348	238	412	897	498	141	432	1484	541	264	236	773	869	180	403	503	846	421	139	89	330	884	649	526	1167	535	1939	1006	495	370	1405	433	2664	90	575	141	643	439	297	1514	1645	1014	3171	227	1887	1315	573	1528	331	457	445	793	247	647	252	173	267	711	233	413	1477	254	211	177	0	156	225	556	247	656	509	236	392	277	639	141	214	236	448	635	222	562	434	543	592	518	784	390	1006	156	498	1013	387	216	233	119	167	214	1494	157	1724	423	1887	173	492	998	1199	736	643	672	536	248	536	494	471	33	244	500	788	209	530	733	1887	304	358	660	448	274	174	997	846	245	419	592	366	224	2221	529	522	1313	948	904	511	79	84	932	537	649	399	583	846	173	1528	421	404	360	702	929	1174	1540	535	289	984	400	392	427	815	655	1891	745	525	1312	556	119	499	427	559	544	331	2569	2191	790	175	111	387	1824	297	527	156	920	922	427
265	576	706	305	178	1225	318	503	841	858	835	2914	870	762	837	433	212	598	3196	600	509	89	0	1377	597	2280	550	482	1495	228	386	168	616	584	386	376	322	502	808	546	160	499	1451	587	345	322	684	884	241	493	591	858	488	203	178	410	899	559	614	1172	624	1879	1029	583	452	1387	407	2583	70	659	70	731	516	351	1532	1673	951	3113	312	1907	1386	563	1565	386	497	534	836	333	727	340	165	346	766	144	503	1466	339	299	197	89	235	301	638	157	743	560	148	475	190	727	160	283	188	538	551	298	602	524	632	610	554	717	473	1013	235	546	1020	445	290	279	198	248	303	1433	141	1681	479	1907	165	519	928	1288	668	731	583	625	190	625	583	544	111	327	589	786	278	585	690	1907	362	446	748	412	332	222	1078	763	156	509	560	421	305	2237	618	610	1360	860	901	600	168	172	931	627	559	479	667	858	165	1565	477	484	385	789	928	1245	1495	624	347	990	469	474	474	726	742	1830	834	614	1360	479	198	588	474	641	634	360	2573	2262	786	217	46	445	1845	353	598	235	989	926	508
1117	836	705	1080	1258	2598	1059	1053	2033	1951	927	4272	2086	2128	2144	947	1167	783	4567	1045	1046	1310	1377	0	828	3627	1534	1456	2824	1270	1048	1246	898	938	1752	1047	1084	1056	2084	1511	1229	1362	2736	1553	1054	1095	1975	1956	1136	1061	917	1951	889	1339	1258	989	1965	1858	899	2261	982	3247	2016	932	959	2601	1713	3936	1400	800	1445	815	1278	1029	2485	2512	2324	4476	1232	2803	98	1804	2334	994	918	1010	634	1088	707	1190	1252	1046	1580	1502	1057	2638	1077	1206	1199	1310	1287	1085	1222	1501	808	1504	1514	943	1556	817	1229	1096	1545	1048	1708	1088	834	1021	949	1722	1591	2094	945	2112	1287	1511	2117	934	1093	1103	1293	1275	1183	2803	1275	3002	1439	2803	1252	943	2305	938	2045	815	1877	1050	1558	1050	931	842	1316	1079	923	1965	1101	802	2027	2803	1015	1023	811	1274	1045	1156	455	1842	1509	1046	1259	959	1261	3144	1050	894	373	2171	2073	917	1246	1235	2087	947	1858	925	802	1951	1252	2334	1440	922	1047	775	2084	169	2824	947	1030	2097	1351	941	919	2023	810	3200	932	1043	371	1854	1293	926	919	1225	968	1058	1895	891	1971	1164	1416	934	2738	1025	783	1287	390	2056	904
385	29	123	362	540	1815	299	549	1388	1360	733	3509	1261	1313	1316	192	388	237	3784	626	547	555	597	828	0	2800	960	872	2092	583	225	517	492	501	944	228	404	551	1256	944	437	815	2040	992	377	425	1147	1377	378	548	484	1360	217	640	540	344	1390	1030	490	1686	589	2471	1489	493	355	1954	988	3109	640	425	668	538	760	262	1999	2096	1542	3706	594	2361	861	1121	1952	232	99	532	239	425	406	567	446	358	1108	700	553	2019	414	557	401	555	605	371	797	693	545	946	714	361	754	535	437	359	783	575	883	374	19	533	564	1104	998	1304	363	1525	605	944	1532	190	370	321	592	600	533	2025	472	2277	858	2361	446	117	1506	1104	1255	538	1049	650	787	651	492	264	573	402	490	1325	363	100	1285	2361	263	456	553	453	288	381	672	1032	704	547	475	200	619	2703	645	480	764	1343	1441	494	517	505	1465	557	1030	330	440	1360	446	1952	859	334	224	569	1462	729	2092	554	275	1505	789	357	131	1194	546	2421	736	635	763	1052	592	491	131	801	584	242	2066	1719	1328	382	641	190	2296	265	237	605	476	1448	343
2546	2791	2923	2585	2437	1234	2584	2742	2056	2228	3055	1358	1583	1519	1484	2688	2476	2871	1378	2817	2749	2362	2280	3627	2800	0	2432	2455	1393	2454	2578	2438	2881	2844	1894	2579	2601	2740	1552	2452	2411	2550	1614	2445	2626	2598	1654	2256	2516	2731	2855	2228	2758	2389	2437	2691	2263	1769	2879	2190	2861	965	2373	2846	2732	1869	2069	312	2279	2937	2220	2997	2625	2610	2470	2704	1446	1432	2524	2681	3650	2088	2778	2643	2709	2782	3016	2609	3008	2566	2381	2626	2587	2142	2740	1980	2616	2532	2436	2362	2445	2582	2754	2138	3009	2471	2134	2754	2091	2993	2411	2561	2148	2769	1943	2579	2795	2770	2879	2265	2374	1617	2753	2189	2445	2452	2192	2703	2570	2535	2423	2461	2548	1128	2360	1398	2469	2681	2381	2688	1400	3487	1658	2997	1750	2834	2126	2834	2845	2822	2368	2606	2852	2101	2556	2827	1800	2681	2627	2712	3012	2371	2598	2488	3359	1869	2133	2749	2428	2676	2501	2795	2829	2877	3517	1457	2076	2862	2438	2445	2099	2875	1769	2760	2944	2228	2381	2778	2466	2765	2580	3056	2100	3512	1393	2873	2613	2178	2537	2754	2709	1606	3008	941	3052	2828	3518	1807	2423	2851	2709	2755	2873	2569	4179	4519	2089	2477	2250	2703	2666	2616	2871	2445	3253	2149	2788
590	932	1024	602	458	1228	678	484	505	419	686	2798	1290	991	1173	769	638	818	3122	494	490	504	550	1534	960	2432	0	87	1339	396	828	486	636	597	722	809	556	481	1185	24	638	172	1219	37	582	535	1068	428	616	477	618	419	758	367	458	625	440	963	636	740	556	1816	528	603	631	1066	390	2711	480	737	527	724	258	713	1039	1149	986	3010	367	1404	1508	346	1025	735	880	525	1171	535	830	394	677	601	225	626	479	1105	546	404	670	504	375	594	351	651	733	40	613	636	630	722	638	614	469	486	1053	591	974	516	588	196	62	831	634	583	375	24	589	770	598	684	402	374	427	1402	661	1502	102	1404	677	939	1037	1071	799	724	985	495	500	495	604	756	471	558	612	437	611	894	633	1404	704	537	732	952	685	636	1119	1264	639	490	1097	763	343	1744	493	640	1644	1187	540	617	486	496	552	589	963	665	733	419	677	1025	102	664	824	773	549	1372	1339	589	694	566	185	639	832	1096	732	1779	682	499	1643	737	402	609	832	350	571	793	3025	2351	445	647	521	770	1339	705	818	375	1161	522	671
503	844	937	515	376	1265	591	403	577	503	630	2859	1260	989	1157	681	555	731	3179	423	410	429	482	1456	872	2455	87	0	1400	312	742	404	558	518	695	724	468	401	1162	72	559	102	1288	120	495	447	1042	514	531	396	539	503	670	290	376	537	526	932	557	826	484	1867	616	524	544	1144	391	2739	415	657	468	651	189	626	1126	1234	1015	3070	279	1491	1432	386	1106	648	792	446	1084	447	750	306	599	514	284	572	399	1187	458	316	589	429	292	507	303	596	661	80	561	550	582	649	559	528	426	408	1003	504	887	435	514	266	135	843	547	668	292	72	674	682	511	598	321	290	339	1446	586	1566	17	1491	599	852	1055	1035	807	651	954	428	458	428	525	669	395	470	532	509	525	806	665	1491	616	452	660	877	598	553	1048	1216	585	410	1020	675	256	1831	425	561	1559	1173	616	539	404	414	631	514	932	578	654	503	599	1106	15	577	738	702	628	1296	1400	514	607	650	106	553	745	1073	659	1829	627	429	1558	723	321	530	745	303	498	708	2937	2282	516	564	458	682	1426	618	731	292	1079	603	585
1727	2070	2196	1760	1575	430	1801	1785	846	992	2026	1459	1390	958	1163	1917	1704	2049	1785	1822	1792	1540	1495	2824	2092	1393	1339	1400	0	1556	1880	1592	1943	1902	1206	1870	1745	1783	1256	1363	1655	1502	221	1335	1776	1732	1253	1010	1720	1776	1921	992	1953	1487	1575	1839	1010	1283	1942	844	1881	516	1075	1907	1866	479	1114	1594	1452	2032	1424	2046	1589	1837	1079	1312	616	1670	1592	1299	2813	1025	1396	1871	1992	1829	2331	1739	2121	1635	1653	1787	1411	1412	1781	587	1750	1618	1692	1540	1538	1753	1691	1425	2056	1378	1394	1882	1361	2043	1655	1750	1308	1798	1527	1750	2097	1818	1909	1143	1277	840	1879	893	1538	1363	894	1927	1748	1771	1535	1550	1641	325	1628	190	1417	1299	1653	2013	722	2388	885	2046	1281	1828	1305	1828	1907	1987	1526	1750	1915	911	1745	2069	806	1299	1843	1802	2056	1806	1814	1711	2443	1620	1412	1792	1931	1907	1564	1458	1825	1944	2853	1145	834	1923	1592	1603	841	1908	1283	1901	2032	992	1653	1396	1415	1903	1879	2099	843	2673	0	1908	1829	891	1504	1883	1966	1225	2054	501	2022	1829	2852	1095	1535	1913	1966	1689	1895	1855	3979	3676	901	1709	1450	1927	1278	1837	2049	1538	2435	889	1920
199	556	665	221	67	1339	288	291	807	778	620	3002	1094	938	1045	392	243	493	3301	380	297	145	228	1270	583	2454	396	312	1556	0	432	94	427	390	576	414	191	289	1024	384	252	295	1480	431	222	176	900	796	220	280	401	778	405	70	67	283	810	777	425	1103	413	1980	918	391	310	1376	443	2752	190	494	257	542	294	325	1429	1545	1069	3207	83	1798	1264	548	1419	352	495	328	810	183	577	116	297	236	586	364	289	1437	194	78	279	145	21	213	411	382	554	392	362	327	399	539	252	225	305	322	779	210	595	317	427	521	423	852	325	942	21	384	949	396	213	288	32	24	93	1540	288	1736	302	1798	297	547	1070	1071	806	542	800	403	329	403	391	431	117	196	398	743	221	533	758	1798	320	261	557	574	297	240	919	990	377	297	713	383	79	2136	396	424	1314	1066	859	408	94	103	882	422	777	345	498	778	297	1419	302	347	428	601	879	1123	1556	420	308	921	264	328	452	940	553	1935	618	393	1313	649	32	396	452	413	424	397	2637	2137	746	251	232	396	1734	319	493	21	879	865	365
241	212	345	242	374	1593	161	511	1210	1202	781	3288	1054	1088	1096	155	196	342	3561	609	512	362	386	1048	225	2578	828	742	1880	432	0	347	522	513	720	19	300	512	1040	815	228	707	1838	862	287	321	928	1222	211	506	504	1202	244	474	374	296	1237	809	519	1525	593	2250	1349	507	332	1767	790	2887	439	498	456	607	674	137	1861	1977	1321	3484	470	2230	1075	935	1847	141	130	512	459	327	520	458	227	267	1006	477	514	1840	320	433	190	362	453	249	745	470	617	821	493	352	531	602	228	220	575	546	678	251	224	508	580	945	855	1082	352	1364	453	815	1371	171	240	144	430	453	414	1804	252	2067	731	2230	227	132	1282	1201	1033	607	829	637	575	637	506	323	387	301	507	1150	222	254	1076	2230	160	412	624	272	159	195	841	846	481	512	355	148	489	2568	630	511	985	1123	1267	516	347	335	1294	572	809	329	511	1202	227	1847	731	335	4	653	1291	939	1880	569	159	1342	677	348	140	975	617	2199	782	622	984	828	430	508	140	749	594	34	2210	1940	1152	188	432	171	2166	149	342	453	681	1282	357
135	491	609	168	28	1352	217	336	871	855	668	3029	1037	919	1005	330	152	462	3321	435	341	79	168	1246	517	2438	486	404	1592	94	347	0	449	416	547	330	164	335	976	476	157	389	1528	522	193	159	852	875	140	325	424	855	361	127	28	259	890	728	447	1180	456	2001	1003	416	296	1437	478	2739	160	499	218	565	383	255	1514	1635	1079	3231	164	1884	1247	603	1511	286	423	366	750	170	573	181	204	199	680	312	336	1503	178	141	185	79	113	161	493	325	577	484	315	317	356	561	157	160	301	371	707	158	527	356	464	599	509	853	315	1018	113	476	1025	338	156	205	84	118	139	1557	197	1774	395	1884	204	469	1069	1121	806	565	751	460	317	460	415	403	71	170	421	810	155	479	787	1884	256	279	581	480	229	152	922	915	324	341	619	320	169	2221	453	444	1264	1027	926	432	0	11	952	459	728	327	505	855	204	1511	394	331	343	623	949	1106	1592	456	242	997	358	317	386	895	576	1954	667	449	1263	632	84	420	386	496	466	313	2556	2123	812	161	189	338	1820	252	462	113	855	938	353
376	464	489	341	447	1758	392	158	1136	1054	258	3400	1475	1363	1454	371	470	262	3708	162	150	528	616	898	492	2881	636	558	1943	427	522	449	0	40	995	504	301	160	1423	613	530	464	1843	656	286	296	1299	1060	419	166	25	1054	292	494	447	239	1071	1174	2	1369	106	2389	1133	36	195	1702	852	3179	605	105	667	115	381	394	1623	1684	1490	3607	364	1965	874	918	1524	381	469	114	622	284	196	320	578	296	706	761	161	1741	280	350	525	528	438	340	351	772	127	606	764	172	806	111	530	373	732	150	1123	342	511	125	75	825	693	1278	173	1216	438	613	1222	358	354	442	458	422	333	1954	588	2115	540	1965	578	548	1497	693	1233	115	1197	178	755	178	36	227	517	295	29	1067	376	393	1165	1965	369	170	131	783	384	458	501	1319	772	150	877	376	390	2309	175	11	1029	1476	1175	20	449	444	1189	68	1174	192	98	1054	578	1524	542	186	517	174	1186	737	1943	66	376	1201	452	176	417	1342	127	2347	260	166	1028	1075	458	31	417	355	96	499	2497	1733	1074	474	638	358	1899	382	262	438	527	1158	165
351	473	508	319	412	1718	375	117	1095	1015	272	3359	1446	1327	1421	367	447	279	3668	133	109	496	584	938	501	2844	597	518	1902	390	513	416	40	0	960	495	274	119	1392	574	505	425	1802	617	262	267	1268	1022	396	125	22	1015	294	456	412	222	1032	1143	39	1331	87	2349	1097	8	181	1662	812	3142	570	141	633	152	343	382	1589	1654	1451	3567	325	1933	915	877	1495	372	470	73	645	255	234	281	554	274	672	729	120	1702	252	312	502	496	400	317	321	741	164	567	732	161	773	149	505	351	695	111	1099	318	521	84	66	784	653	1240	161	1178	400	574	1183	355	331	424	421	384	296	1914	563	2074	500	1933	554	549	1458	716	1194	152	1166	153	718	153	9	237	482	269	15	1027	354	405	1124	1933	357	138	167	769	369	435	542	1297	740	109	868	370	350	2277	149	43	1064	1444	1135	21	416	412	1149	58	1143	186	136	1015	554	1495	502	180	508	211	1146	778	1902	55	362	1162	412	165	418	1311	163	2306	272	139	1062	1038	421	12	418	325	83	488	2522	1774	1034	452	604	355	1867	369	279	400	565	1119	163
651	929	1063	691	548	879	695	867	757	850	1196	2576	567	377	473	805	587	981	2841	955	874	469	386	1752	944	1894	722	695	1206	576	720	547	995	960	0	716	707	866	467	732	524	760	1208	754	732	705	346	884	623	857	969	850	869	519	548	797	900	242	993	1106	989	1536	1050	961	838	1208	363	2197	390	1045	328	1111	811	724	1501	1684	612	2769	654	1873	1767	521	1616	758	846	904	1179	717	1114	693	501	732	944	250	866	1311	723	655	553	469	572	687	945	252	1123	751	240	861	198	1107	524	667	283	899	399	684	945	893	1002	669	692	372	859	966	572	732	974	819	676	649	544	588	667	1091	477	1396	702	1873	501	846	562	1645	324	1111	263	977	253	977	960	929	478	713	967	729	662	952	462	1873	739	824	1127	601	709	598	1465	585	243	874	725	793	637	2180	970	990	1703	492	821	977	547	553	858	998	242	865	1052	850	501	1616	699	871	720	1170	856	1626	1206	995	724	942	736	860	836	378	1122	1484	1194	968	1703	112	544	965	836	946	1001	703	2779	2642	723	589	357	819	1817	729	981	572	1369	874	894
222	213	347	222	357	1587	141	492	1195	1185	763	3282	1061	1085	1099	141	181	330	3555	590	493	348	376	1047	228	2579	809	724	1870	414	19	330	504	495	716	0	280	492	1043	796	216	688	1826	844	267	301	930	1205	193	486	486	1185	230	457	357	277	1220	811	502	1509	574	2244	1332	489	314	1753	778	2888	427	483	446	591	654	118	1843	1958	1314	3478	451	2212	1072	921	1828	123	130	493	465	308	507	438	219	247	986	471	495	1826	300	414	179	348	435	229	726	465	601	802	486	334	525	586	216	200	564	526	685	231	229	489	561	929	837	1076	334	1347	435	796	1354	157	221	125	413	435	395	1797	244	2057	713	2212	219	144	1277	1185	1027	591	831	618	565	618	488	309	372	281	489	1135	202	249	1066	2212	140	393	608	286	140	178	832	856	475	493	373	133	470	2550	611	493	991	1125	1251	498	330	318	1278	554	811	311	496	1185	219	1828	712	318	15	638	1275	936	1870	550	140	1326	658	330	133	978	601	2193	764	602	990	823	413	490	133	729	575	16	2226	1939	1137	173	422	157	2148	130	330	435	677	1266	340
79	376	477	59	173	1516	139	227	996	958	542	3188	1173	1081	1157	213	176	304	3482	330	230	238	322	1084	404	2601	556	468	1745	191	300	164	301	274	707	280	0	227	1123	539	231	416	1672	587	30	21	1000	973	125	219	276	958	213	258	173	95	987	875	299	1284	333	2162	1084	272	132	1566	631	2902	324	337	380	413	374	167	1595	1696	1243	3391	189	1958	1084	739	1559	182	326	242	623	27	408	164	281	46	714	465	229	1625	23	152	232	238	211	52	447	474	425	542	470	153	513	409	231	88	465	264	824	52	418	235	332	703	594	1018	151	1123	211	539	1129	214	65	172	210	203	128	1719	289	1926	454	1958	281	391	1234	990	970	413	898	359	482	359	271	242	236	5	276	931	88	345	943	1958	152	140	430	518	141	165	758	1024	475	230	636	207	214	2299	352	293	1122	1180	1046	286	164	156	1068	325	875	162	345	958	281	1559	454	166	296	471	1065	942	1745	322	145	1103	388	153	277	1044	425	2115	542	344	1121	795	210	275	277	450	339	267	2469	1959	935	182	350	214	1893	157	304	211	694	1049	188
306	521	581	284	324	1603	357	2	977	901	333	3240	1372	1226	1333	386	402	356	3550	104	9	412	502	1056	551	2740	481	401	1783	289	512	335	160	119	866	492	227	0	1309	459	451	311	1683	503	229	212	1185	908	352	9	139	901	333	351	324	220	919	1061	159	1219	123	2231	990	124	197	1545	696	3036	477	256	543	266	233	374	1489	1564	1337	3448	215	1838	1034	758	1411	375	499	46	724	201	349	174	502	247	575	645	2	1587	204	210	457	412	295	278	246	659	277	454	646	189	685	263	451	314	593	37	1037	278	569	35	138	666	536	1130	187	1064	295	459	1070	378	292	397	321	279	200	1797	506	1955	383	1838	502	575	1349	786	1086	266	1084	131	618	132	124	301	394	223	132	909	315	463	1008	1838	352	100	279	745	354	391	661	1242	657	9	859	385	239	2182	124	161	1168	1354	1017	140	335	333	1032	135	1061	221	253	901	502	1411	385	217	507	323	1029	896	1783	133	352	1048	296	193	445	1226	276	2189	332	118	1167	938	321	130	445	250	134	482	2601	1893	915	408	516	378	1773	362	356	295	679	1003	213
1054	1249	1379	1092	984	839	1072	1310	1114	1243	1642	2446	142	323	96	1164	970	1356	2661	1404	1316	897	808	2084	1256	1552	1185	1162	1256	1024	1040	976	1423	1392	467	1043	1123	1309	0	1196	905	1227	1338	1214	1142	1126	124	1279	1016	1300	1397	1243	1243	974	984	1202	1294	248	1420	1441	1432	1432	1446	1391	1246	1424	806	1864	833	1456	766	1536	1276	1092	1840	2046	661	2619	1106	2196	2115	936	2007	1123	1169	1343	1465	1138	1512	1141	865	1137	1402	664	1310	1546	1142	1101	922	897	1023	1091	1409	651	1548	1215	663	1270	625	1532	905	1064	747	1344	392	1089	1250	1332	1441	1107	1150	522	1269	1326	1023	1196	1334	1180	1078	1020	992	1039	1109	1029	848	1435	1169	2196	865	1142	538	2095	509	1536	225	1428	716	1428	1390	1315	915	1128	1396	1106	1059	1293	757	2196	1113	1253	1553	819	1085	982	1859	382	652	1316	879	1153	1092	2473	1421	1416	1965	120	1172	1406	976	980	1210	1435	248	1268	1465	1243	865	2007	1166	1274	1042	1594	1208	1979	1256	1433	1100	1303	1203	1269	1176	88	1548	1372	1641	1418	1965	453	992	1395	1176	1411	1442	1035	2800	2974	1098	969	793	1180	2146	1100	1356	1023	1721	1239	1299
576	915	1006	587	448	1250	664	461	529	441	662	2822	1299	1007	1186	753	627	798	3146	470	468	498	546	1511	944	2452	24	72	1363	384	815	476	613	574	732	796	539	459	1196	0	630	149	1243	48	566	519	1078	449	603	455	596	441	740	359	448	606	461	972	613	761	532	1840	546	581	611	1090	405	2733	478	714	527	701	234	698	1055	1161	1008	3034	351	1419	1484	368	1035	720	864	503	1153	518	808	377	669	585	222	628	457	1127	529	388	660	498	364	579	327	653	710	19	615	616	633	699	630	600	474	463	1057	576	958	493	564	221	86	850	614	605	364	0	610	753	583	671	393	362	411	1425	655	1526	85	1419	669	925	1056	1048	817	701	994	471	506	471	581	736	464	541	589	461	597	876	655	1419	688	517	708	946	671	625	1095	1268	641	468	1089	747	328	1759	469	617	1624	1200	564	595	476	486	576	565	972	645	711	441	669	1035	85	644	811	749	573	1349	1363	565	679	588	164	620	816	1107	708	1803	658	475	1622	750	393	586	816	326	547	781	3009	2327	469	636	520	753	1354	690	798	364	1138	544	651
