NAME : VRPTW_INSTANCE_343.txt
COMMENT : Bangkok Supermarket
TYPE : VRPTW
DIMENSION : 269
DAYS : Saturday
EDGE_WEIGHT_TYPE : EXPLICIT
VEHICLES : 33
EDGE_WEIGHT_FORMAT : FULL_MATRIX
CAPACITY : 1000
EDGE_WEIGHT_SECTION
0	696	97	412	1052	3351	645	379	524	1126	404	673	988	978	1115	307	382	185	217	218	1480	503	1492	330	258	508	199	683	1703	1142	951	533	102	359	1738	1098	221	546	215	504	403	717	2285	482	381	1221	772	83	388	215	307	241	1431	214	104	88	501	1003	716	477	364	1029	79	199	1061	214	124	696	1259	437	778	246	1069	153	1171	149	205	1745	383	165	2239	3589	1661	189	777	402	2073	300	346	844	207	101	395	97	1923	1443	611	399	211	641	1256	632	394	1226	953	1391	123	3299	581	381	185	2315	402	237	2186	193	1535	613	1743	1783	249	213	778	1190	1120	1237	195	733	1377	438	1389	102	1001	540	243	428	882	538	177	119	2008	367	2274	358	401	409	155	2268	170	306	908	548	258	202	496	1742	539	1161	2026	1307	428	1651	891	364	228	842	240	193	60	477	556	411	447	112	1088	255	1617	784	309	1768	395	1627	202	382	541	449	185	668	264	211	207	1866	127	413	358	868	223	402	132	885	1426	1022	1213	382	349	1942	76	1701	215	283	1928	616	806	226	1733	443	2038	1065	698	78	2625	2690	97	101	586	495	207	1001	439	206	111	1926	891	474	832	958	33	1077	1065	244	128	1213	780	3432	1567	220	901	484	1459	833	1751	373	148	217	410	1926	22	510	1026	350	583	328	310	932	309	404	1559	649	541
696	0	612	649	1705	4025	550	601	556	1813	750	1361	363	1615	1756	724	373	855	816	596	2168	1099	2183	1013	951	1148	872	1329	2381	1780	655	1133	730	1015	2286	1754	892	1172	563	547	493	522	1794	566	576	1819	622	637	328	535	723	593	2126	660	705	626	881	1645	1216	554	578	1668	727	872	620	838	819	1011	1826	1042	1459	863	1724	557	1850	547	663	2349	318	531	2792	4257	2347	885	225	654	2742	985	602	1490	671	675	314	612	2463	2133	904	486	662	560	1901	1316	482	1920	1628	2016	747	3981	1173	576	855	3010	317	592	2824	885	896	892	2279	2370	757	600	1175	1866	1717	1728	510	318	943	758	726	726	1630	549	591	1121	1483	938	705	590	2513	582	2840	605	1078	660	586	2895	529	438	1588	192	951	498	558	2329	1143	1722	2660	1941	1121	2202	1479	586	854	161	558	570	647	554	1157	1061	673	686	1762	939	1032	1465	719	1075	1027	2312	806	333	941	539	855	54	903	825	606	2404	787	1064	594	1552	595	317	611	1567	2113	1652	1900	378	401	2445	699	2379	565	975	2544	1073	1500	535	1049	1135	2712	371	348	734	3309	3384	612	598	1192	813	671	1669	776	890	685	1491	1479	248	1503	1463	673	1734	371	528	592	1900	276	4094	2247	561	281	558	886	1432	2296	589	672	597	1055	1491	675	939	1615	619	570	602	719	1517	424	1049	2189	1001	440
97	612	0	433	1150	3421	553	390	519	1201	448	767	920	1076	1213	356	285	283	303	136	1556	597	1584	401	340	556	297	736	1774	1240	857	627	123	413	1833	1196	319	589	210	498	386	694	2189	480	386	1318	681	107	322	194	355	159	1519	251	175	14	560	1100	801	474	370	1127	115	297	964	305	217	753	1291	531	849	337	1128	57	1242	89	244	1842	310	85	2335	3656	1755	277	713	425	2140	372	358	942	249	156	326	0	2017	1535	661	381	249	629	1354	727	375	1307	1049	1441	144	3372	675	386	283	2402	337	155	2284	274	1470	660	1837	1880	314	132	850	1259	1159	1249	103	635	1280	480	1318	120	1099	532	160	509	979	603	236	23	2100	374	2370	371	468	432	152	2320	114	208	1004	478	340	114	492	1839	633	1255	2124	1405	509	1746	987	372	320	754	236	189	90	474	651	462	470	172	1156	352	1562	855	356	1681	437	1702	220	317	606	443	283	588	360	301	128	1960	222	466	367	941	141	337	144	981	1502	1120	1288	285	251	2034	89	1772	212	363	2026	693	887	208	1656	536	2107	979	652	121	2718	2771	0	26	681	446	249	1098	484	304	170	1898	987	383	929	970	94	1175	979	227	30	1288	721	3497	1639	215	807	481	1362	929	1845	381	196	135	459	1898	75	578	1062	367	577	341	357	966	212	453	1657	710	513
412	649	433	0	1115	3630	897	55	159	1410	108	859	795	1014	1154	147	556	420	320	557	1749	505	1653	684	595	888	434	1047	1993	1175	1156	538	514	742	1638	1167	442	933	225	148	156	371	2422	117	76	1188	1022	337	359	252	146	577	1628	200	321	439	232	1047	571	123	82	1066	491	434	1203	354	466	379	1649	465	1092	357	1409	436	1470	362	209	1715	394	393	2143	3878	1795	523	599	12	2371	655	77	903	209	312	378	433	1814	1599	272	163	203	273	1299	803	167	1472	1074	1747	536	3559	567	76	420	2499	362	572	2203	548	1299	264	1630	1729	227	554	530	1496	1499	1644	430	851	1536	109	1190	513	1022	178	577	739	863	289	252	433	1865	77	2193	65	756	12	280	2610	346	519	1046	456	595	417	134	1688	550	1080	2037	1327	739	1554	852	75	363	808	203	245	362	123	560	792	38	305	1400	497	1331	1096	142	1671	788	1902	615	358	292	119	420	598	402	339	552	1755	379	794	73	1169	561	362	291	1030	1695	1044	1491	562	539	1796	483	1988	224	619	1913	426	1074	239	1550	676	2328	992	445	491	2739	2912	433	408	594	878	209	1101	128	466	305	1556	852	555	949	1367	381	1149	992	224	450	1491	572	3728	1854	222	923	125	1529	812	1648	67	266	555	795	1556	414	293	1411	66	209	93	140	1322	505	790	1569	358	254
1052	1705	1150	1115	0	2664	1667	1144	1269	717	1008	430	1910	112	83	996	1434	868	889	1248	899	613	589	855	855	926	853	888	1157	113	1980	579	1076	924	814	52	831	961	1141	1262	1248	1466	3321	1231	1167	294	1786	1084	1376	1170	997	1268	630	1045	1009	1139	916	77	620	1238	1159	78	1063	853	2109	870	936	936	1336	665	712	843	922	1205	803	1181	1042	723	1390	1208	1266	2929	694	889	1708	1106	1515	867	1130	215	1034	1039	1391	1150	991	533	985	1252	1043	1363	205	445	1253	638	166	1217	1072	2562	548	1167	868	1421	1387	1265	1134	908	2409	1001	843	785	949	1242	789	844	1171	1504	1245	1785	2414	1018	2306	1079	131	1286	1270	743	292	871	1000	1172	1128	1156	1282	1132	842	1103	1123	1881	1193	1358	220	1524	855	1249	1248	748	568	389	975	269	743	733	324	1152	854	1863	1147	1135	1082	1238	556	921	1111	1026	813	798	2416	708	1001	2771	970	1038	1071	1371	870	1234	868	1664	806	881	1235	945	935	918	1142	685	1253	1387	1100	242	860	118	747	1434	1401	1075	1088	1146	1139	843	889	747	568	1169	2666	639	1454	2073	1561	1055	1624	1868	1150	1151	522	1379	1034	101	998	845	1027	2507	324	1516	236	1327	1063	37	2073	1176	1179	747	1686	2799	1033	1143	1942	1239	2512	330	830	1152	1035	1247	934	2507	1075	847	1154	1115	1304	1124	1002	1130	1360	936	515	894	1369
3351	4025	3421	3630	2664	0	3679	3635	3788	2228	3539	2775	4339	2775	2679	3484	3658	3236	3319	3430	1881	3161	2079	3022	3095	2878	3219	2697	1648	2679	3923	3134	3299	3011	2922	2618	3206	2857	3542	3774	3712	4001	5037	3743	3652	2817	3736	3426	3740	3555	3485	3436	2043	3476	3380	3407	3495	2741	3265	3746	3638	2740	3305	3219	4118	3287	3237	3570	2316	3181	2573	3277	2303	3473	2180	3499	3469	2624	3731	3506	2898	273	2028	3168	4129	3618	1283	3051	3609	2824	3464	3406	3746	3421	2951	2133	3594	3712	3473	3903	2584	2832	3709	2158	2619	2049	3281	203	3128	3652	3236	1349	3754	3437	2296	3159	4886	3609	2979	2718	3409	3426	3445	2161	2363	2527	3520	3931	4295	3562	4740	3302	2795	3807	3438	2926	2952	3465	3417	3442	3121	3637	2821	3616	2953	3619	3494	1259	3521	3588	2627	3898	3095	3533	3761	2727	3122	2976	2364	2620	2926	2916	2987	3633	3275	4149	3561	3525	3408	3746	3120	2964	3642	3401	2264	3150	4953	2567	3489	5052	2999	1729	3219	3734	3465	3729	3236	4008	3231	3302	3420	2963	3297	2961	3623	2483	3432	3754	3467	2637	1935	2779	2143	3654	3628	3127	3332	1650	3541	3069	2514	3368	2560	3562	5075	2957	1313	4375	4035	3299	1609	876	3421	3439	3093	3300	3464	2622	3545	3192	3402	5145	2987	3780	2729	2696	3380	2627	4376	3578	3437	2143	4130	231	1784	3546	4158	3750	4546	2983	2934	3637	3431	3430	2970	5145	3368	3432	2465	3600	3839	3595	3491	2557	3602	2976	2532	3520	3855
645	550	553	897	1667	3679	0	842	901	1550	955	1253	905	1605	1737	878	342	826	856	428	1895	1148	2028	828	812	863	838	1024	2069	1765	313	1177	595	781	2382	1709	859	864	690	882	773	978	1653	882	826	1860	128	652	569	656	877	406	1936	774	727	558	1083	1627	1352	871	816	1655	611	838	465	858	741	1266	1393	1082	1204	890	1395	511	1564	570	770	2377	529	535	2882	3893	2213	780	769	894	2403	809	821	1470	777	704	552	553	2567	1985	1163	765	773	968	1873	1226	758	1691	1546	1632	596	3657	1226	826	826	2799	574	410	2797	759	1399	1158	2388	2421	857	434	1387	1569	1318	1250	491	284	748	981	1214	592	1632	904	404	948	1524	1133	778	536	2653	821	2915	832	864	903	660	2488	575	382	1495	599	812	498	885	2380	1183	1806	2641	1931	948	2295	1534	822	873	577	706	678	641	871	1200	808	934	720	1468	879	1563	1211	876	1384	760	2023	599	567	1136	841	826	578	909	854	440	2511	772	812	823	1298	423	574	668	1470	1842	1652	1635	336	358	2587	589	2070	692	827	2554	1237	1292	668	1481	1029	2384	768	838	619	3169	3120	553	563	1230	380	777	1603	991	836	719	2041	1534	390	1436	1011	647	1688	769	679	522	1635	813	3724	1947	692	517	878	897	1476	2395	830	736	429	797	2041	623	1115	1215	837	943	809	877	1122	394	793	2182	1232	823
379	601	390	55	1144	3635	842	0	157	1410	148	869	766	1045	1186	153	501	409	316	509	1753	531	1672	667	579	868	424	1031	1994	1207	1101	565	479	720	1684	1196	435	911	179	140	109	369	2369	112	24	1227	967	300	305	203	152	529	1643	175	295	397	280	1077	615	112	27	1098	457	424	1149	349	444	433	1627	485	1086	357	1399	388	1468	314	184	1755	339	344	2190	3881	1819	505	564	55	2371	638	32	930	186	281	324	390	1861	1619	327	115	178	276	1330	815	118	1479	1096	1735	501	3567	597	24	409	2517	309	524	2240	528	1280	319	1677	1772	225	507	582	1493	1481	1615	380	797	1482	158	1164	477	1055	175	529	730	898	337	232	388	1914	21	2239	20	740	63	237	2602	297	465	1065	409	579	366	128	1731	576	1123	2074	1362	730	1600	890	20	360	761	155	200	325	112	587	771	92	276	1396	491	1321	1091	148	1635	764	1905	581	304	340	94	409	552	403	334	506	1802	361	773	22	1166	514	309	251	1048	1699	1077	1493	507	484	1846	446	1989	178	604	1952	471	1075	189	1524	677	2330	950	419	457	2767	2925	390	364	621	832	186	1126	175	455	277	1567	890	501	970	1337	347	1177	950	173	405	1493	542	3729	1855	175	874	117	1479	847	1694	12	238	508	773	1567	378	337	1391	34	214	50	147	1300	451	767	1605	411	228
524	556	519	159	1269	3788	901	157	0	1566	261	1018	650	1165	1304	303	562	567	473	623	1907	662	1812	823	736	1022	582	1187	2149	1324	1129	695	621	873	1756	1321	592	1064	312	21	137	213	2350	45	146	1326	1018	442	332	324	303	640	1788	331	448	529	363	1199	703	47	163	1217	601	582	1150	506	600	458	1780	624	1243	512	1557	505	1625	434	339	1849	372	458	2259	4036	1952	662	464	171	2527	794	187	1057	342	432	349	519	1928	1757	354	144	334	119	1448	963	152	1631	1232	1892	643	3719	721	146	567	2658	329	636	2344	684	1142	340	1744	1858	380	622	629	1650	1636	1761	485	804	1482	251	1038	619	1171	18	640	888	1008	417	389	513	1968	161	2312	177	896	171	373	2760	413	545	1205	372	736	469	28	1817	707	1210	2177	1473	888	1674	995	165	516	709	286	334	467	47	715	925	157	429	1553	648	1171	1248	298	1536	916	2060	724	333	419	76	567	503	558	491	622	1869	518	927	174	1323	627	329	393	1189	1853	1193	1648	568	553	1899	586	2145	311	761	2048	555	1231	310	1399	833	2485	873	297	602	2893	3071	519	493	749	947	342	1258	270	613	429	1410	995	525	1108	1482	492	1303	873	291	528	1648	431	3885	2010	307	838	40	1443	959	1765	158	391	622	926	1411	520	430	1544	192	59	204	297	1453	528	921	1711	456	119
1126	1813	1201	1410	717	2228	1550	1410	1566	0	1326	582	2114	784	787	1263	1456	1008	1094	1229	355	977	585	800	868	690	991	527	583	810	1840	957	1083	802	1467	705	978	686	1313	1551	1484	1779	3123	1521	1426	1004	1638	1199	1515	1327	1263	1238	443	1249	1151	1187	1301	765	1147	1522	1412	784	1086	991	2014	1061	1009	1414	665	982	355	1053	260	1256	86	1275	1241	1279	1509	1285	1836	2471	777	941	1903	1398	961	829	1383	749	1236	1178	1522	1201	1623	567	1413	1484	1246	1683	814	639	1481	172	573	500	1066	2172	965	1426	1008	1252	1529	1238	1493	933	2659	1427	1507	1372	1185	1224	1330	127	523	881	1303	1765	2261	1352	2516	1086	823	1585	1241	699	914	1282	1189	1223	1783	1412	1825	1391	735	1399	1265	1237	1297	1382	542	1675	868	1315	1538	1344	946	1104	1377	895	699	1398	954	1407	1050	1947	1332	1296	1182	1522	949	761	1425	1173	128	922	2726	348	1268	2869	803	501	1013	1509	1282	1504	1008	1790	1008	1076	1218	1588	1068	758	1397	260	1231	1529	1239	536	300	821	87	1454	1424	1740	1113	579	1312	843	1372	1212	335	1334	2858	733	919	2174	1806	1079	1664	1579	1201	1218	930	1179	1236	621	1336	963	1173	2953	954	1573	622	800	1154	696	2174	1349	1220	87	1902	2319	444	1317	1976	1527	2448	919	1484	1412	1202	1228	769	2953	1144	1245	551	1376	1619	1369	1269	579	1394	775	1050	1357	1627
404	750	448	108	1008	3539	955	148	261	1326	0	765	904	906	1046	97	620	364	259	582	1661	400	1550	633	544	842	375	991	1907	1066	1228	433	507	699	1536	1060	378	889	264	253	258	468	2511	223	173	1080	1082	343	446	298	97	604	1529	196	302	452	135	939	467	230	171	958	482	375	1286	291	429	311	1600	364	1019	285	1339	465	1389	394	204	1608	477	428	2042	3790	1690	477	707	99	2287	606	150	796	200	304	465	448	1713	1496	213	264	199	366	1190	708	267	1381	971	1682	526	3466	460	173	364	2396	451	599	2095	506	1404	212	1529	1623	172	578	442	1417	1446	1611	470	934	1619	34	1297	506	914	280	604	673	754	192	227	454	1768	167	2090	145	702	95	304	2538	384	572	945	557	544	460	239	1582	445	974	1929	1219	673	1452	744	163	296	910	248	279	365	230	454	748	105	292	1324	432	1429	1023	95	1779	751	1814	601	444	194	228	364	700	327	277	575	1654	339	750	156	1092	587	451	305	928	1607	936	1406	625	598	1700	480	1902	262	566	1805	323	991	286	1658	596	2242	1098	552	480	2632	2813	448	426	487	893	200	996	36	408	293	1629	744	636	846	1337	378	1042	1098	277	471	1406	681	3641	1768	262	1021	231	1625	704	1546	160	257	580	752	1629	412	188	1361	132	303	155	94	1275	561	748	1461	278	362
673	1361	767	859	430	2775	1253	869	1018	582	765	0	1616	403	509	716	1051	506	564	847	899	395	822	429	443	500	489	496	1152	540	1566	374	675	494	1226	465	470	540	811	1006	958	1230	2904	975	889	685	1368	724	1038	834	717	865	775	728	657	755	724	412	576	978	876	442	666	489	1705	535	550	831	1044	406	373	518	675	824	657	816	722	1154	1044	837	1693	3027	988	491	1406	847	1532	444	847	285	715	687	1050	767	1408	771	832	960	725	1130	631	57	958	617	293	1018	668	2701	384	889	506	1656	1051	863	1545	503	2146	846	1248	1214	647	841	756	691	873	1163	869	1397	2001	787	2020	678	442	1037	867	314	429	701	673	790	1532	875	1712	852	412	847	777	1818	833	974	241	1196	443	876	992	1176	363	705	1391	699	314	1141	464	871	521	1513	824	800	715	978	367	490	868	677	614	422	2189	372	721	2437	539	1053	654	1033	701	964	506	1328	473	550	834	1358	575	488	860	400	851	1051	751	217	847	455	655	1051	1017	1474	694	1146	810	427	1316	629	269	837	2375	231	1484	1733	1284	659	1951	2055	767	774	349	950	715	352	770	471	678	2379	464	1148	195	948	691	444	1733	848	794	655	1395	2880	1013	814	1574	982	2120	409	1241	874	697	846	503	2379	695	665	827	836	1066	835	723	778	979	505	942	775	1096
988	363	920	795	1910	4339	905	766	650	2114	904	1616	0	1810	1950	916	724	1117	1052	935	2467	1297	2432	1317	1245	1474	1134	1655	2691	1970	948	1331	1043	1334	2393	1962	1151	1503	807	653	664	493	1875	682	743	1977	961	915	600	789	915	935	2392	888	968	934	1013	1843	1352	674	752	1862	1036	1134	851	1080	1104	1085	2177	1250	1766	1098	2049	871	2159	840	893	2498	610	835	2891	4576	2583	1173	211	805	3060	1288	781	1696	900	939	594	920	2560	2379	990	661	890	583	2094	1565	661	2206	1859	2354	1063	4286	1362	743	1117	3272	585	933	2994	1180	549	975	2378	2504	974	937	1264	2178	2062	2088	825	643	1128	898	404	1040	1818	634	933	1415	1657	1067	943	900	2586	754	2948	779	1387	808	850	3235	818	779	1826	442	1245	811	667	2463	1343	1858	2828	2122	1415	2313	1645	759	1095	349	792	822	931	674	1353	1382	804	946	2075	1204	669	1772	911	892	1354	2615	1132	605	1069	676	1117	356	1143	1066	942	2501	1052	1386	769	1856	934	585	877	1807	2412	1840	2200	730	748	2518	1009	2689	808	1270	2698	1205	1789	784	759	1403	3026	323	352	1041	3533	3667	920	901	1387	1174	900	1891	918	1158	946	1146	1645	600	1733	1821	959	1943	323	770	907	2200	223	4417	2555	804	480	674	962	1608	2401	758	921	934	1379	1146	971	1080	1961	795	628	789	910	1863	762	1372	2362	1095	541
978	1615	1076	1014	112	2775	1605	1045	1165	784	906	403	1810	0	141	900	1357	792	804	1181	993	517	701	809	799	904	778	889	1254	165	1918	483	1010	885	823	163	756	943	1052	1159	1151	1360	3257	1129	1069	281	1727	1004	1287	1082	901	1202	737	954	927	1066	810	35	508	1137	1061	53	995	778	2039	787	867	824	1377	573	729	758	970	1129	871	1101	952	772	1303	1129	1296	3039	805	824	1610	1005	1616	817	1033	135	944	957	1302	1076	1005	645	875	1155	953	1257	286	403	1156	724	211	1280	1009	2674	448	1069	792	1533	1297	1199	1212	846	2304	891	844	822	857	1175	677	911	1208	1529	1168	1709	2349	914	2204	1013	41	1183	1203	705	179	763	912	1097	1129	1058	1320	1034	806	1001	1038	1973	1111	1283	249	1431	799	1171	1145	783	472	327	1050	329	705	738	212	1054	770	1774	1057	1048	1003	1137	459	887	1008	943	869	728	2308	726	905	2676	934	1136	1014	1283	762	1133	792	1573	724	797	1168	955	857	885	1044	716	1186	1297	1016	263	952	51	824	1358	1325	1071	1020	1243	1050	789	950	637	590	1081	2564	587	1556	1982	1459	988	1728	1981	1076	1075	425	1334	944	169	895	774	944	2394	212	1434	215	1337	986	150	1981	1086	1106	824	1587	2908	1126	1054	1859	1137	2435	218	838	1054	949	1180	900	2394	1000	741	1182	1017	1199	1027	905	1149	1284	902	581	782	1268
1115	1756	1213	1154	83	2679	1737	1186	1304	787	1046	509	1950	141	0	1041	1496	930	944	1315	948	659	600	930	927	1007	915	972	1203	30	2050	624	1143	1002	731	83	893	1043	1193	1299	1292	1497	3390	1269	1210	217	1857	1143	1428	1224	1042	1336	661	1096	1067	1203	947	112	634	1276	1202	88	1130	915	2175	927	1002	950	1415	714	795	898	1000	1267	873	1240	1093	646	1444	1268	1184	2946	683	957	1751	1145	1554	941	1174	270	1085	1096	1443	1213	908	546	1007	1296	1094	1394	145	520	1297	698	249	1288	1141	2571	589	1210	930	1415	1439	1333	1072	977	2441	1023	760	705	999	1309	794	914	1251	1585	1306	1848	2483	1053	2343	1146	134	1322	1337	821	303	899	1053	1235	1045	1199	1202	1175	920	1141	1179	1930	1251	1420	303	1573	927	1309	1285	667	614	331	911	194	821	650	328	1195	910	1915	1198	1189	1142	1276	601	1000	1148	1083	887	863	2441	791	1046	2818	1048	1083	1143	1424	897	1274	930	1714	863	937	1303	861	995	997	1185	766	1320	1439	1156	325	913	113	813	1496	1463	992	1154	1192	1192	916	817	769	650	1222	2704	712	1490	2123	1599	1122	1591	1870	1213	1213	566	1455	1085	183	1034	910	1084	2511	328	1574	314	1411	1124	91	2123	1228	1243	813	1727	2820	1083	1195	1999	1277	2574	349	747	1195	1090	1314	1013	2511	1138	878	1236	1158	1337	1169	1047	1213	1422	1015	445	911	1409
307	724	356	147	996	3484	878	153	303	1263	97	716	916	900	1041	0	551	277	174	491	1603	383	1519	544	455	752	290	906	1846	1063	1160	417	409	607	1570	1048	296	798	191	290	252	517	2459	259	174	1095	1006	249	404	226	0	514	1489	105	205	358	206	931	502	262	164	953	385	290	1230	208	334	397	1511	334	945	210	1263	377	1323	309	112	1625	429	345	2077	3732	1667	385	711	135	2224	517	134	781	106	207	422	356	1750	1465	306	256	107	419	1186	661	256	1327	943	1602	429	3415	453	174	277	2363	412	509	2102	413	1433	306	1567	1647	81	487	509	1349	1359	1517	388	879	1561	131	1316	409	912	322	514	594	760	255	130	364	1814	162	2122	138	615	137	219	2464	302	496	912	535	455	379	276	1606	428	1000	1937	1221	594	1485	755	157	216	885	182	200	270	262	440	657	167	195	1253	351	1473	950	5	1776	658	1756	504	401	258	248	277	678	255	193	484	1692	245	658	147	1022	496	412	216	894	1549	934	1345	555	526	1746	383	1841	189	478	1820	369	927	217	1675	529	2182	1084	572	383	2617	2771	356	335	475	798	106	974	131	322	196	1702	755	583	817	1242	282	1028	1084	213	380	1345	692	3581	1707	190	985	266	1584	709	1581	159	162	490	661	1702	316	239	1273	121	355	127	6	1186	487	656	1467	357	382
382	373	285	556	1434	3658	342	501	562	1456	620	1051	724	1357	1496	551	0	565	564	228	1811	865	1865	664	616	780	580	960	2017	1522	609	897	383	654	2098	1480	602	801	359	543	432	662	1920	541	484	1593	465	356	235	324	550	221	1794	452	434	296	752	1383	1043	530	474	1409	387	580	690	575	502	929	1454	800	1101	606	1354	229	1489	261	449	2120	195	229	2602	3887	2038	560	538	554	2374	638	482	1225	457	407	221	285	2281	1816	825	424	452	638	1637	1012	417	1574	1334	1643	395	3618	943	484	565	2675	243	221	2567	552	1267	819	2099	2154	544	232	1059	1502	1343	1366	189	352	1015	644	1100	379	1379	567	219	780	1252	805	469	262	2355	480	2641	492	723	563	341	2521	257	77	1289	316	616	188	545	2113	905	1521	2407	1687	780	2011	1257	481	591	492	372	351	354	530	921	697	593	422	1399	637	1391	1108	548	1412	660	1952	443	232	808	500	565	369	635	567	239	2223	500	700	483	1196	226	243	356	1266	1757	1400	1544	7	33	2287	359	2016	362	637	2306	918	1155	334	1420	820	2346	719	549	394	3002	3034	285	282	953	459	457	1384	656	589	421	1801	1257	126	1214	1097	371	1459	719	342	257	1544	566	3723	1885	361	526	537	1078	1202	2110	489	427	228	690	1801	359	790	1241	497	608	470	549	1144	73	684	1939	898	494
185	855	283	420	868	3236	826	409	567	1008	364	506	1117	792	930	277	565	0	105	398	1356	325	1328	268	180	478	17	628	1591	957	1135	352	240	338	1556	915	37	525	309	550	476	777	2471	521	422	1036	952	219	532	329	277	420	1277	241	151	274	413	818	556	521	407	844	219	17	1247	75	97	601	1235	260	677	96	990	337	1062	314	233	1559	537	339	2055	3480	1492	116	906	408	1967	242	380	659	228	181	543	283	1740	1277	537	476	238	686	1072	460	473	1090	776	1327	248	3175	402	422	0	2160	545	416	2002	149	1656	543	1562	1598	195	392	647	1086	1082	1251	376	917	1562	397	1521	242	816	585	422	320	698	434	181	304	1829	408	2089	389	338	412	271	2192	329	490	734	690	180	380	538	1557	357	979	1841	1122	320	1468	708	403	77	1008	326	295	214	521	375	385	444	171	988	87	1717	682	281	1930	392	1507	294	527	437	499	0	821	88	87	386	1684	68	386	394	759	403	545	245	712	1302	836	1092	566	532	1764	238	1587	308	202	1742	478	676	333	1873	286	1927	1227	798	212	2454	2549	283	282	403	631	228	822	389	46	172	1975	708	649	653	979	194	895	1227	346	313	1092	900	3326	1453	313	1077	526	1643	649	1569	409	196	397	390	1975	208	399	997	375	623	364	282	911	492	386	1374	546	619
217	816	303	320	889	3319	856	316	473	1094	259	564	1052	804	944	174	564	105	0	434	1438	300	1381	374	285	583	116	732	1677	969	1158	332	301	443	1534	939	121	631	253	457	395	685	2484	427	332	1029	984	209	487	280	175	458	1340	163	131	298	312	832	499	429	318	856	277	116	1255	33	183	504	1341	236	771	47	1088	347	1152	303	158	1558	500	335	2038	3565	1537	220	842	308	2055	348	289	675	151	157	501	303	1718	1328	434	397	161	591	1088	513	395	1165	814	1428	316	3253	378	332	105	2220	499	453	2016	252	1583	440	1537	1590	93	429	566	1177	1187	1356	377	914	1577	291	1456	302	822	491	459	419	688	339	111	320	1797	318	2076	297	443	311	234	2290	310	495	778	639	285	376	445	1549	340	957	1853	1132	419	1447	692	313	44	973	263	245	216	429	356	491	342	142	1080	177	1635	776	179	1887	497	1589	376	482	341	410	105	777	91	18	424	1661	101	492	303	850	439	499	212	758	1383	844	1177	566	534	1731	288	1673	251	307	1746	401	759	281	1811	361	2013	1186	721	272	2495	2618	303	293	389	703	151	854	283	149	143	1876	692	631	689	1084	209	919	1186	289	333	1177	831	3413	1538	255	1055	433	1636	638	1546	318	145	433	496	1877	235	306	1102	282	527	276	180	1016	492	491	1383	451	536
218	596	136	557	1248	3430	428	509	623	1229	582	847	935	1181	1315	491	228	398	434	0	1584	720	1650	442	404	552	410	733	1788	1343	738	749	172	426	1954	1292	431	575	331	602	486	778	2076	589	502	1432	554	244	365	306	491	23	1574	386	310	137	696	1204	933	581	487	1232	185	410	860	432	314	889	1245	655	873	465	1127	121	1261	195	379	1952	339	166	2453	3660	1827	359	736	550	2147	418	480	1046	385	293	362	136	2139	1603	795	480	384	726	1454	814	473	1348	1136	1421	179	3389	798	502	398	2453	378	19	2382	344	1482	793	1960	1994	451	5	987	1274	1127	1179	140	552	1168	613	1320	169	1207	634	24	560	1095	740	373	127	2226	491	2487	493	498	558	279	2301	213	158	1088	501	404	156	599	1953	755	1377	2224	1509	560	1867	1106	490	446	720	354	311	226	581	772	469	595	308	1170	453	1594	880	491	1639	432	1724	216	360	743	549	398	584	481	430	12	2083	345	472	487	968	5	378	276	1064	1529	1227	1316	224	197	2160	161	1787	332	423	2132	828	932	321	1646	617	2118	947	707	193	2790	2807	136	155	801	324	385	1190	618	408	307	1966	1106	350	1021	903	226	1271	947	338	110	1316	755	3497	1657	335	749	588	1272	1047	1967	500	333	1	462	1966	198	715	1026	491	679	463	492	929	173	456	1760	846	597
1480	2168	1556	1749	899	1881	1895	1753	1907	355	1661	899	2467	993	948	1603	1811	1356	1438	1584	0	1292	489	1155	1222	1041	1339	871	261	962	2177	1268	1438	1157	1518	868	1325	1032	1664	1893	1831	2120	3438	1862	1770	1148	1977	1552	1869	1679	1604	1593	339	1596	1502	1543	1624	965	1430	1865	1756	976	1441	1339	2356	1405	1362	1718	808	1306	710	1396	521	1611	330	1629	1589	1277	1864	1639	1804	2129	636	1294	2256	1737	636	1184	1727	1000	1583	1529	1876	1556	1647	508	1729	1832	1593	2022	920	957	1829	285	798	527	1421	1819	1268	1770	1356	930	1883	1593	1363	1287	3011	1744	1566	1380	1528	1579	1615	329	724	1059	1658	2116	2593	1684	2870	1441	1025	1926	1595	1052	1153	1599	1537	1578	1821	1756	1776	1735	1090	1738	1618	982	1651	1737	789	2029	1222	1670	1880	1361	1256	1279	1280	991	1052	1464	1192	1752	1394	2302	1682	1648	1535	1865	1257	1115	1762	1523	427	1270	3073	703	1608	3223	1156	153	1368	1863	1599	1847	1356	2145	1350	1421	1572	1623	1419	1112	1741	616	1586	1883	1591	793	54	1016	268	1808	1779	1789	1469	252	1663	1197	1318	1514	680	1685	3213	1076	585	2529	2155	1435	1387	1227	1556	1573	1233	1519	1583	824	1668	1313	1524	3278	1192	1929	886	1060	1508	868	2529	1700	1576	268	2254	1981	135	1668	2330	1869	2791	1171	1534	1756	1552	1583	1123	3279	1499	1564	793	1719	1958	1714	1610	851	1749	1129	1067	1664	1974
503	1099	597	505	613	3161	1148	531	662	977	400	395	1297	517	659	383	865	325	300	720	1292	0	1150	485	424	672	316	764	1546	681	1454	34	565	573	1236	664	296	723	538	653	635	867	2783	622	554	729	1275	509	772	570	384	743	1135	439	430	590	334	548	254	629	546	570	544	316	1555	291	419	440	1370	65	720	259	1042	645	1049	603	437	1259	790	635	1738	3415	1290	406	1094	495	1926	474	517	398	429	457	788	597	1420	1095	437	639	438	764	804	337	639	1007	570	1390	572	3080	78	554	325	1997	782	739	1725	439	1804	452	1240	1290	341	715	398	1082	1202	1439	677	1214	1876	415	1695	567	531	680	745	448	389	307	402	616	1505	543	1776	518	527	493	531	2211	610	794	546	914	424	677	639	1249	45	658	1561	841	448	1149	392	538	276	1259	541	536	514	629	58	604	505	442	999	299	1827	722	388	2159	633	1445	607	768	307	622	325	1056	239	298	709	1363	376	604	528	773	726	782	511	532	1240	553	1050	867	834	1439	562	1540	537	430	1449	245	652	567	2055	315	1877	1464	949	537	2235	2418	597	590	92	948	429	596	396	328	444	1987	392	928	447	1187	502	646	1464	571	627	1050	1073	3271	1408	540	1349	630	1935	338	1248	539	441	719	614	1987	524	272	1136	502	703	510	389	1066	792	612	1090	382	758
1492	2183	1584	1653	589	2079	2028	1672	1812	585	1550	822	2432	701	600	1519	1865	1328	1381	1650	489	1150	0	1210	1248	1178	1311	1053	693	601	2334	1119	1483	1247	1041	541	1292	1191	1631	1802	1768	2018	3651	1771	1694	753	2132	1546	1860	1655	1520	1665	158	1544	1479	1571	1476	666	1204	1776	1683	663	1477	1311	2491	1354	1368	1518	1225	1188	849	1334	843	1641	636	1637	1540	789	1866	1657	1315	2345	194	1306	2223	1642	995	1232	1653	770	1532	1509	1872	1584	1161	55	1558	1771	1542	1915	514	869	1770	413	580	987	1472	1973	1100	1694	1328	846	1873	1664	912	1312	2952	1575	1092	893	1458	1645	1378	665	1100	1457	1686	2203	2766	1566	2835	1486	718	1830	1667	1090	880	1437	1491	1607	1338	1681	1290	1657	1165	1641	1599	1412	1654	1787	607	2017	1248	1695	1788	876	1107	907	808	566	1090	995	913	1677	1339	2334	1643	1621	1536	1776	1100	1220	1656	1499	712	1244	2977	842	1525	3259	1270	573	1442	1855	1436	1766	1328	2150	1290	1368	1638	1141	1397	1217	1666	765	1654	1873	1573	625	484	701	539	1863	1831	1309	1505	679	1630	1228	832	1323	738	1658	3191	1049	927	2555	2092	1470	1141	1281	1584	1593	1069	1681	1532	563	1547	1293	1500	3094	913	1966	704	1384	1512	551	2555	1668	1609	539	2209	2221	611	1634	2391	1778	2917	915	1057	1679	1518	1649	1232	3094	1514	1409	1136	1641	1854	1644	1525	1162	1794	1236	587	1473	1901
330	1013	401	684	855	3022	828	667	823	800	633	429	1317	809	930	544	664	268	374	442	1155	485	1210	0	88	210	257	364	1374	960	1139	497	284	88	1623	893	258	259	533	805	717	1028	2475	778	677	1083	940	408	717	541	545	456	1131	492	377	387	673	825	739	776	660	855	286	257	1285	342	225	852	967	435	448	354	741	456	841	477	483	1577	710	485	2106	3259	1389	161	1108	672	1743	30	635	677	481	398	724	401	1808	1164	799	715	489	943	1059	410	711	909	722	1069	269	2971	542	677	268	2011	732	455	1974	141	1865	806	1639	1631	463	437	867	860	815	988	503	994	1574	666	1718	287	843	841	458	120	772	686	434	423	1918	662	2129	646	73	676	479	1943	499	588	669	876	88	515	794	1592	495	1066	1821	1123	120	1537	795	658	340	1151	556	514	389	776	512	123	711	397	758	214	1946	454	548	2076	148	1300	232	712	688	752	268	990	323	355	430	1755	305	123	649	540	446	732	453	645	1100	860	887	662	631	1856	313	1371	533	67	1744	699	491	550	2058	224	1708	1377	1025	279	2350	2372	401	418	526	525	481	782	657	225	397	2234	795	777	619	721	360	872	1377	567	421	887	1111	3101	1238	538	1190	782	1707	732	1638	665	433	442	131	2234	346	648	728	633	881	618	549	642	598	128	1370	794	860
258	951	340	595	855	3095	812	579	736	868	544	443	1245	799	927	455	616	180	285	404	1222	424	1248	88	0	298	169	452	1447	956	1126	441	234	162	1601	897	172	346	452	718	633	942	2465	691	590	1065	930	331	646	461	456	421	1179	405	292	326	588	818	676	690	574	847	229	169	1261	254	142	769	1056	368	522	268	824	396	915	407	396	1571	642	420	2091	3334	1423	75	1034	584	1818	62	548	664	393	315	654	340	1786	1201	713	631	402	856	1061	413	627	968	735	1155	225	3041	488	590	180	2062	660	419	1984	65	1791	720	1614	1621	374	398	794	935	904	1073	443	956	1560	577	1647	237	829	754	423	170	742	603	347	362	1890	575	2118	559	160	588	400	2027	428	538	685	806	0	453	707	1581	441	1035	1829	1121	170	1514	761	571	253	1094	473	433	313	690	458	206	622	313	834	133	1867	528	459	2021	220	1369	215	641	605	665	180	925	240	267	391	1733	218	207	562	611	408	660	373	661	1167	848	955	615	582	1827	257	1444	451	25	1744	625	548	470	1991	216	1782	1319	945	222	2387	2433	340	353	477	543	393	790	569	138	313	2147	761	722	623	804	286	875	1319	486	363	955	1035	3177	1310	456	1143	695	1677	700	1616	578	348	403	213	2147	277	566	817	546	794	531	461	731	546	209	1370	713	776
508	1148	556	888	926	2878	863	868	1022	690	842	500	1474	904	1007	752	780	478	583	552	1041	672	1178	210	298	0	467	181	1237	1037	1160	679	433	149	1727	955	468	50	721	1003	908	1222	2473	977	875	1185	958	590	879	723	752	558	1076	692	573	542	883	912	924	975	859	943	444	467	1328	552	423	1059	760	630	341	565	576	603	713	642	683	1646	864	641	2192	3108	1367	366	1268	877	1594	235	836	781	682	591	882	556	1909	1139	1009	906	689	1141	1120	505	901	827	772	884	412	2838	719	875	478	1936	893	559	2003	340	2024	1016	1748	1711	671	548	1065	724	613	779	649	1075	1590	875	1868	436	942	1039	560	228	904	894	637	575	2032	861	2207	847	147	882	663	1764	666	709	716	1033	298	663	993	1674	675	1193	1858	1192	228	1642	932	857	550	1272	745	700	568	975	690	97	917	593	620	423	2119	348	756	2185	120	1177	343	873	896	949	478	1132	533	565	542	1859	509	95	849	435	554	893	639	691	987	956	776	776	749	1973	468	1237	721	277	1798	899	440	734	2198	370	1566	1498	1204	440	2313	2268	556	578	698	503	682	838	867	435	592	2431	932	902	694	516	540	935	1498	752	568	776	1278	2946	1107	726	1290	981	1760	872	1742	865	630	552	97	2431	519	856	522	835	1081	818	757	433	724	103	1427	1001	1049
199	872	297	434	853	3219	838	424	582	991	375	489	1134	778	915	290	580	17	116	410	1339	316	1311	257	169	467	0	616	1575	942	1147	342	248	330	1544	900	21	516	327	565	492	793	2484	536	438	1023	964	236	549	346	290	432	1260	257	168	288	420	803	551	537	423	830	229	0	1261	84	103	605	1224	251	661	100	975	352	1046	331	250	1545	554	355	2043	3463	1475	111	923	422	1950	232	395	644	245	198	561	297	1729	1260	544	492	254	701	1057	443	489	1072	759	1313	255	3158	392	438	17	2143	562	428	1987	145	1673	551	1551	1585	208	404	646	1070	1070	1243	392	932	1575	408	1539	251	801	600	433	305	685	439	198	319	1819	423	2077	404	326	425	288	2177	345	505	717	707	169	396	553	1544	347	968	1826	1107	305	1457	696	419	83	1025	343	313	230	537	365	376	458	189	972	70	1734	666	294	1948	385	1490	297	544	441	515	17	839	84	98	397	1673	85	377	409	743	415	562	262	695	1285	822	1076	581	547	1754	248	1571	326	190	1728	477	659	351	1890	268	1911	1244	815	221	2437	2532	297	298	392	636	245	805	399	32	190	1990	696	665	637	972	210	879	1244	364	327	1076	917	3310	1436	330	1093	542	1658	637	1557	425	213	408	382	1990	222	403	985	390	638	380	296	900	507	377	1359	550	636
683	1329	736	1047	888	2697	1024	1031	1187	527	991	496	1655	889	972	906	960	628	732	733	871	764	1053	364	452	181	616	0	1059	1002	1312	763	612	324	1702	908	612	162	893	1169	1079	1391	2605	1142	1041	1168	1111	764	1059	897	906	738	938	856	740	722	1016	890	1005	1140	1024	920	623	616	1487	700	588	1180	613	734	205	707	394	784	541	820	847	1591	1045	821	2147	2927	1246	525	1449	1035	1414	393	1000	781	845	760	1062	736	1880	1019	1141	1077	853	1307	1068	521	1072	677	724	708	592	2659	796	1041	628	1779	1073	739	1912	504	2205	1150	1729	1665	824	729	1163	548	454	680	830	1248	1735	1023	2049	615	929	1205	740	326	925	1020	799	755	2014	1026	2155	1010	291	1040	836	1585	844	890	669	1213	452	844	1158	1630	757	1201	1775	1145	326	1620	958	1022	695	1452	916	873	743	1140	769	273	1073	760	446	560	2297	212	910	2362	302	1003	524	1053	1021	1115	628	1314	669	714	723	1833	669	270	1013	289	734	1073	811	646	818	940	611	956	930	1959	647	1059	893	428	1730	1005	340	907	2379	449	1386	1678	1380	618	2176	2097	736	757	769	651	845	792	1013	583	760	2598	958	1083	673	451	715	890	1678	926	748	611	1457	2765	931	898	1467	1146	1921	901	1718	1029	797	733	276	2598	695	981	375	997	1245	983	911	301	905	282	1366	1121	1221
1703	2381	1774	1993	1157	1648	2069	1994	2149	583	1907	1152	2691	1254	1203	1846	2017	1591	1677	1788	261	1546	693	1374	1447	1237	1575	1059	0	1216	2338	1524	1653	1365	1735	1125	1562	1221	1895	2134	2067	2362	3559	2104	2010	1397	2141	1778	2092	1908	1847	1796	564	1832	1733	1760	1876	1225	1691	2106	1996	1235	1658	1575	2524	1644	1589	1976	839	1558	925	1637	673	1826	532	1851	1825	1477	2084	1858	1978	1888	797	1520	2481	1981	379	1403	1967	1262	1820	1759	2098	1774	1851	725	1984	2067	1829	2266	1165	1210	2064	545	1060	529	1634	1600	1526	2010	1591	864	2106	1796	1488	1511	3238	1999	1785	1582	1769	1784	1875	515	807	1094	1873	2306	2740	1932	3092	1656	1285	2168	1798	1279	1415	1854	1773	1795	2029	1996	1941	1975	1305	1982	1846	729	1873	1945	1051	2251	1447	1886	2122	1567	1512	1533	1429	1231	1279	1687	1454	1991	1633	2509	1914	1878	1760	2106	1513	1320	2008	1755	618	1505	3309	919	1851	3422	1357	122	1575	2086	1854	2087	1591	2361	1591	1660	1778	1833	1651	1317	1981	836	1790	2106	1819	1054	308	1275	501	2013	1985	2001	1685	14	1894	1422	1492	1772	918	1915	3430	1316	336	2736	2389	1652	1374	1067	1774	1792	1491	1689	1820	1085	1917	1546	1755	3531	1454	2137	1147	1158	1732	1125	2736	1931	1791	501	2482	1735	139	1899	2526	2110	2958	1432	1751	1996	1785	1788	1326	3531	1720	1818	896	1959	2202	1953	1852	973	1958	1332	1280	1922	2211
1142	1780	1240	1175	113	2679	1765	1207	1324	810	1066	540	1970	165	30	1063	1522	957	969	1343	962	681	601	960	956	1037	942	1002	1216	0	2078	647	1171	1032	701	105	920	1073	1217	1318	1313	1515	3419	1288	1231	194	1886	1169	1452	1248	1064	1364	668	1119	1092	1230	965	139	648	1296	1224	112	1157	942	2202	952	1030	962	1442	738	824	924	1026	1294	896	1266	1117	616	1468	1294	1154	2947	676	985	1772	1165	1563	970	1195	297	1109	1122	1467	1240	878	548	1022	1318	1118	1412	124	550	1319	716	279	1311	1169	2570	610	1231	957	1408	1463	1360	1046	1006	2459	1038	730	674	1022	1337	804	937	1278	1614	1333	1874	2511	1073	2362	1174	152	1341	1365	851	318	916	1078	1261	1015	1221	1172	1196	950	1162	1204	1944	1277	1447	333	1596	956	1336	1304	636	636	317	884	165	851	621	340	1216	936	1939	1222	1213	1168	1296	623	1030	1167	1108	912	891	2456	820	1068	2840	1078	1095	1172	1448	914	1294	957	1738	889	962	1330	831	1022	1027	1207	794	1348	1463	1181	355	928	130	833	1523	1489	963	1182	1204	1216	945	788	785	680	1246	2723	741	1499	2146	1619	1150	1574	1866	1240	1240	589	1485	1109	212	1053	937	1109	2519	340	1599	345	1440	1151	118	2146	1252	1270	833	1747	2822	1098	1219	2024	1297	2600	365	717	1216	1114	1342	1043	2519	1165	896	1264	1180	1355	1190	1069	1241	1449	1045	417	925	1429
951	655	857	1156	1980	3923	313	1101	1129	1840	1228	1566	948	1918	2050	1160	609	1135	1158	738	2177	1454	2334	1139	1126	1160	1147	1312	2338	2078	0	1484	907	1089	2690	2022	1169	1156	969	1113	1017	1159	1340	1120	1081	2170	202	950	803	934	1159	716	2237	1060	1027	863	1361	1940	1648	1108	1074	1968	923	1147	201	1162	1052	1534	1612	1388	1500	1194	1667	810	1848	862	1057	2690	765	827	3191	4128	2520	1093	876	1156	2657	1122	1085	1783	1065	1002	785	857	2874	2292	1428	1008	1060	1173	2186	1539	1002	1986	1859	1875	909	3911	1532	1081	1135	3092	804	720	3110	1073	1357	1421	2694	2732	1149	744	1668	1849	1560	1436	783	339	435	1250	1167	905	1945	1129	715	1259	1833	1414	1072	838	2955	1079	3225	1094	1173	1164	947	2707	862	668	1808	778	1126	787	1119	2691	1490	2112	2955	2244	1259	2603	1843	1081	1177	600	981	959	941	1108	1507	1113	1192	1018	1750	1191	1553	1508	1157	1201	1064	2299	912	803	1417	1082	1135	701	1216	1157	750	2817	1078	1117	1084	1594	733	804	960	1783	2126	1964	1923	605	634	2889	900	2340	971	1140	2867	1526	1596	943	1371	1342	2644	713	995	930	3473	3397	857	864	1537	660	1065	1916	1263	1147	1017	2090	1843	606	1749	1229	951	2001	713	951	826	1923	929	3955	2221	970	474	1114	623	1785	2702	1089	1030	739	1102	2090	929	1399	1460	1102	1163	1075	1158	1372	674	1097	2495	1506	1033
533	1133	627	538	579	3134	1177	565	695	957	433	374	1331	483	624	417	897	352	332	749	1268	34	1119	497	441	679	342	763	1524	647	1484	0	591	586	1205	630	322	729	572	686	669	899	2815	655	588	696	1304	541	806	604	418	772	1106	473	462	620	361	514	245	662	580	536	571	342	1587	323	445	456	1365	96	710	291	1031	676	1031	636	472	1226	824	667	1707	3390	1257	428	1128	528	1904	488	551	365	463	490	822	627	1390	1064	461	673	472	795	769	318	673	983	539	1378	597	3053	49	588	352	1966	816	768	1690	460	1837	475	1211	1257	375	744	401	1065	1197	1441	709	1247	1907	446	1728	593	496	713	773	452	356	331	436	647	1477	577	1744	552	536	526	564	2193	643	826	516	948	441	709	672	1216	12	628	1526	807	452	1118	360	572	307	1293	576	570	545	662	24	615	537	475	983	321	1858	712	422	2193	646	1422	630	802	330	656	352	1090	268	329	738	1333	406	614	562	759	755	816	544	502	1217	518	1029	899	866	1411	590	1517	571	445	1416	257	636	601	2088	315	1854	1499	983	564	2201	2389	627	621	58	971	463	563	427	352	476	2011	360	962	416	1191	533	612	1499	606	658	1029	1107	3246	1386	574	1382	663	1969	305	1218	573	475	748	625	2012	554	297	1133	536	734	545	423	1065	824	623	1056	400	791
102	730	123	514	1076	3299	595	479	621	1083	507	675	1043	1010	1143	409	383	240	301	172	1438	565	1483	284	234	433	248	612	1653	1171	907	591	0	290	1791	1119	269	466	308	600	494	806	2247	579	480	1265	719	179	446	301	409	192	1411	316	204	109	599	1032	793	574	463	1060	24	248	1033	290	147	794	1172	500	729	321	1005	173	1121	209	308	1782	433	208	2288	3534	1658	187	836	505	2018	256	446	875	310	204	449	123	1976	1435	712	490	313	735	1281	641	484	1193	964	1317	22	3252	641	480	240	2293	460	189	2209	172	1593	714	1799	1825	347	167	868	1138	1038	1140	220	722	1339	541	1440	3	1037	635	194	397	930	634	279	143	2068	466	2320	459	348	511	247	2197	234	305	915	601	234	234	593	1785	596	1216	2051	1337	397	1704	943	464	302	866	334	286	154	574	613	339	549	214	1034	283	1686	735	411	1792	314	1582	103	440	637	544	240	708	328	292	160	1920	201	342	457	822	177	460	228	892	1383	1057	1170	381	349	2003	36	1651	309	254	1960	702	774	314	1777	445	1986	1093	773	29	2621	2656	123	145	640	401	310	1017	541	242	213	2014	943	493	848	861	132	1098	1093	333	138	1170	845	3374	1518	313	909	581	1444	883	1804	473	251	171	336	2014	100	604	941	451	680	428	412	846	315	330	1588	745	628
