NAME : VRPTW_INSTANCE_305.txt
COMMENT : Bangkok Supermarket
TYPE : VRPTW
DIMENSION : 213
DAYS : Wednesday
EDGE_WEIGHT_TYPE : EXPLICIT
VEHICLES : 32
EDGE_WEIGHT_FORMAT : FULL_MATRIX
CAPACITY : 1000
EDGE_WEIGHT_SECTION
0	196	202	1158	190	853	490	66	395	941	197	928	154	1028	557	538	365	202	939	1126	223	344	506	2140	503	623	366	968	1627	996	744	1100	1606	2560	891	264	214	60	404	240	382	1213	221	394	415	1142	39	193	963	474	404	964	91	165	363	3385	631	1011	449	359	1486	91	1110	581	978	394	210	240	24	203	394	530	485	992	932	1616	307	1781	177	221	221	243	410	322	842	309	17	118	434	1270	508	122	1068	214	217	34	2386	365	385	239	1629	219	940	119	46	610	385	681	1414	1868	85	212	412	503	1001	135	1589	402	191	190	302	212	1426	196	191	978	1031	622	368	401	177	154	25	494	1727	300	202	359	239	298	193	436	79	383	546	438	88	481	650	547	244	1190	1014	255	1079	214	2025	404	90	2082	766	378	173	1056	500	2067	485	39	113	152	139	1896	206	461	1134	379	590	584	530	213	662	24	178	156	290	362	78	166	1885	1747	153	312	371	309	525	135	946	1743	365	517	1157	1388	630	1973	153	355	1321	150	891	205	408	532	441
196	0	395	976	379	1048	389	246	259	795	373	1121	159	846	541	567	561	395	819	931	394	486	416	1943	654	707	514	794	1512	825	597	972	1509	2363	776	208	348	241	573	411	561	1017	137	563	600	989	233	20	767	665	254	768	185	186	505	3193	716	849	374	206	1290	179	980	495	829	534	385	411	216	333	534	556	636	799	784	1805	402	1646	194	137	137	423	530	428	693	214	214	183	420	1076	620	311	905	347	237	224	2207	513	219	376	1823	350	773	302	188	710	566	503	1217	2022	180	177	524	420	831	250	1414	598	380	379	499	177	1231	371	380	829	905	754	564	569	205	159	219	645	1532	117	395	206	376	390	370	381	236	580	573	523	269	633	764	582	411	998	867	119	922	347	1874	493	187	1889	962	188	189	889	682	1874	636	233	298	194	313	2051	100	658	937	528	484	493	556	387	849	217	194	197	221	558	168	295	2077	1935	97	406	203	127	355	314	779	1937	513	539	962	1234	490	1777	337	497	1206	347	705	337	528	562	529
202	395	0	1324	22	677	672	185	543	1134	186	759	295	1195	687	635	203	0	1041	1315	207	340	682	2333	454	655	346	1169	1799	1197	938	1282	1766	2754	1069	447	274	186	330	216	190	1402	418	322	294	1336	175	387	1154	271	561	1153	268	342	355	3587	661	1209	622	523	1676	231	1219	752	1171	381	193	216	189	272	381	631	436	1177	1064	1413	379	1965	351	418	418	189	426	377	1036	499	185	246	575	1455	518	83	1267	273	376	186	2543	346	553	168	1454	279	1139	96	207	625	190	883	1610	1682	228	343	439	676	1202	265	1790	233	20	22	110	343	1613	185	20	1171	1213	591	206	330	345	295	177	445	1927	486	0	523	168	376	181	599	214	201	644	492	127	432	642	637	224	1372	1206	456	1275	273	2216	460	224	2264	568	565	350	1255	301	2246	436	174	97	266	98	1795	407	275	1326	354	770	757	631	197	518	189	353	327	474	196	235	171	1714	1587	354	383	543	494	690	168	1145	1568	346	622	1345	1582	763	2170	156	349	1495	61	1094	271	424	627	491
1158	976	1324	0	1303	2001	1084	1217	781	1039	1348	2082	1029	129	1333	1424	1518	1324	534	290	1370	1457	1120	1111	1625	1617	1487	841	1678	879	976	1233	1772	1535	1188	1104	1321	1212	1550	1387	1432	315	1058	1540	1573	1087	1197	972	353	1560	762	338	1162	1145	1475	2496	1626	958	1135	802	491	1096	475	1159	1041	1503	1360	1387	1181	1306	1503	1411	1608	263	371	2631	1354	1658	1149	1058	1058	1397	1488	1385	990	1060	1175	1078	1259	279	1566	1246	966	1320	1179	1191	1231	1485	774	1216	2779	1323	897	1229	1130	1638	1439	794	536	2635	1100	981	1476	1135	887	1224	1148	1552	1304	1303	1435	981	403	1347	1304	1041	1204	1710	1521	1545	1162	1029	1174	1616	899	861	1324	802	1216	1342	1345	1175	1211	1525	1426	1454	1201	1605	1704	1445	1388	188	1070	1002	1026	1320	1734	1431	1102	963	1874	787	1145	935	1545	939	1608	1197	1230	1057	1226	3013	1035	1600	358	1501	1102	1145	1411	1363	1821	1181	1148	1161	1094	1513	1096	1164	3038	2905	1065	1358	787	851	634	1288	902	2892	1485	1392	274	1220	589	1010	1309	1467	1446	1294	706	1310	1486	1424	1462
190	379	22	1303	0	698	667	180	522	1127	197	781	274	1174	691	643	225	22	1018	1297	219	355	679	2315	473	669	362	1158	1797	1187	931	1278	1766	2737	1066	442	281	180	350	229	194	1384	409	341	316	1328	166	371	1136	285	540	1135	262	337	370	3572	675	1200	619	503	1657	213	1196	749	1164	397	205	229	180	278	397	638	456	1158	1041	1427	387	1960	346	409	409	205	440	387	1029	492	174	226	577	1436	533	68	1258	280	374	177	2521	362	534	148	1475	286	1129	78	191	640	196	871	1592	1686	209	322	452	673	1192	264	1780	255	2	0	131	322	1594	196	2	1164	1209	610	229	350	341	274	165	464	1912	468	22	503	148	384	192	598	210	222	651	503	110	451	659	645	238	1352	1199	445	1267	280	2210	471	205	2244	586	547	344	1246	309	2226	456	165	80	245	76	1818	397	296	1308	371	766	754	638	209	540	179	348	322	468	219	217	148	1735	1609	343	391	523	475	669	172	1136	1589	362	629	1326	1575	741	2153	163	364	1493	62	1081	278	438	635	502
853	1048	677	2001	698	0	1191	803	1221	1648	687	93	972	1872	1067	952	487	677	1692	1979	673	658	1182	2988	551	803	628	1742	2179	1760	1475	1739	2098	3404	1526	1011	753	807	532	659	605	2065	1018	539	463	1847	815	1046	1815	477	1239	1816	876	923	649	4190	801	1751	1123	1200	2338	906	1871	1225	1686	638	677	659	832	765	638	957	555	1846	1733	928	788	2393	925	1018	1018	636	695	759	1565	1070	835	923	1012	2124	699	756	1809	753	920	823	3219	629	1229	804	777	754	1697	772	874	743	597	1481	2260	1460	902	1021	720	1169	1763	828	2342	451	697	698	567	1021	2279	688	697	1686	1674	609	484	538	914	972	833	554	2555	1153	677	1200	804	797	688	1083	817	476	959	789	800	555	688	937	662	2043	1713	1071	1801	753	2680	782	899	2936	234	1231	927	1806	528	2920	555	815	772	944	775	1245	1024	402	1984	617	1268	1237	957	676	244	831	927	904	1034	491	907	842	1036	915	978	787	1217	1162	1367	738	1701	891	630	963	2010	2082	1437	2815	714	653	1903	709	1700	761	695	944	781
490	389	672	1084	667	1191	0	487	593	469	539	1242	540	967	249	351	755	672	1104	931	542	533	37	1863	668	558	563	554	1137	569	284	610	1124	2261	401	226	451	486	658	550	861	1006	275	651	733	672	503	408	774	929	571	783	406	330	543	3001	567	561	69	533	1253	534	1237	109	506	558	544	550	492	442	558	338	657	843	1018	2051	402	1293	320	275	275	582	512	432	377	184	502	549	201	1083	554	604	620	451	298	492	2283	562	523	726	1925	449	506	607	516	594	862	331	1144	2354	532	566	490	51	572	411	1153	791	667	667	743	566	1218	539	667	506	541	700	757	652	326	540	515	662	1390	435	672	533	725	393	541	113	458	796	350	438	578	656	668	373	545	1036	539	270	617	451	1545	429	540	1877	1177	441	322	615	971	1873	657	504	600	571	629	1971	303	865	909	575	100	105	338	543	954	493	319	345	199	756	518	647	2161	1993	349	403	509	442	603	516	510	2036	562	320	967	916	775	1672	536	538	831	611	537	445	511	352	446
66	246	185	1217	180	803	487	0	460	948	132	875	220	1087	524	493	317	185	1005	1176	158	278	498	2186	437	563	300	989	1617	1015	753	1097	1589	2604	885	262	152	5	339	175	374	1262	235	329	356	1150	34	246	1012	451	468	1013	84	156	297	3417	571	1025	438	422	1534	155	1176	569	985	328	146	175	42	142	328	486	419	1045	997	1590	251	1780	166	235	235	180	347	263	851	314	56	182	404	1322	444	121	1083	151	195	32	2447	299	446	269	1577	157	957	129	110	548	376	706	1459	1867	149	279	350	493	1020	90	1609	355	180	180	270	279	1477	131	180	985	1028	556	320	336	160	220	66	428	1764	356	185	422	268	243	129	418	30	342	501	380	111	415	586	499	178	1244	1020	279	1090	151	2030	346	153	2135	730	433	164	1072	486	2120	419	35	121	216	155	1831	230	419	1181	313	585	574	486	148	604	42	167	141	288	315	144	207	1831	1690	179	255	432	366	586	71	962	1691	299	474	1208	1396	695	2016	91	289	1313	125	921	143	344	486	382
395	259	543	781	522	1221	593	460	0	906	592	1302	251	653	785	823	740	543	560	803	618	729	628	1823	894	966	754	842	1649	881	721	1106	1669	2249	936	460	591	454	799	635	656	890	391	789	806	1078	433	245	654	781	34	649	427	444	748	3131	975	926	600	60	1162	320	723	702	934	778	606	635	419	577	778	812	876	657	537	1886	658	1750	453	391	391	638	782	682	806	450	409	300	670	933	875	467	974	590	497	429	2000	754	75	439	1997	594	843	449	360	968	663	567	1117	2006	325	199	778	635	889	494	1437	774	523	522	654	199	1093	591	523	934	1043	1003	743	796	464	251	406	884	1462	162	543	60	439	646	589	617	462	744	829	781	424	872	1019	839	638	843	974	354	1007	590	1947	751	326	1730	1094	161	447	952	773	1710	876	433	451	276	445	2290	355	818	827	768	675	696	812	608	1050	419	452	453	467	735	324	382	2257	2129	356	662	86	153	155	530	850	2111	753	794	829	1312	236	1675	549	740	1348	517	718	580	779	819	787
941	795	1134	1039	1127	1648	469	948	906	0	1009	1693	954	961	601	727	1224	1134	1274	789	1011	991	469	1531	1108	930	1020	213	745	190	198	211	785	1898	186	687	920	947	1117	1019	1322	832	720	1111	1197	203	961	812	686	1396	874	702	865	792	999	2563	937	128	531	855	1011	967	1356	423	37	1010	1013	1019	948	911	1010	717	1100	777	1136	2519	862	852	784	720	720	1051	956	890	102	635	956	976	636	918	974	1061	176	920	766	949	2103	1019	830	1165	2359	917	146	1061	959	981	1323	346	872	2809	966	961	932	481	185	878	697	1260	1127	1127	1210	961	1007	1008	1127	37	166	1108	1226	1111	791	954	967	1103	1021	786	1134	855	1165	855	1010	567	921	1265	722	867	1030	1100	1056	747	1013	915	72	693	153	920	1083	869	974	1615	1645	747	785	187	1435	1622	1100	962	1055	990	1080	2290	738	1334	737	1030	381	411	717	1012	1407	949	782	808	660	1226	952	1084	2584	2405	790	862	822	788	835	983	143	2467	1019	706	821	448	997	1325	1004	995	453	1074	332	914	955	732	876
197	373	186	1348	197	687	539	132	592	1009	0	754	349	1218	513	452	216	186	1134	1298	27	164	542	2302	309	474	179	1072	1641	1095	820	1139	1599	2717	923	332	96	138	206	43	358	1384	331	196	228	1212	159	375	1133	397	601	1135	191	237	181	3513	480	1097	480	555	1654	281	1307	604	1046	211	13	43	173	100	211	448	291	1170	1130	1512	196	1819	240	331	331	51	246	191	916	390	184	307	409	1445	341	180	1155	96	245	163	2578	178	578	334	1456	100	1034	199	237	448	356	800	1573	1837	275	407	256	533	1099	142	1686	254	195	197	212	407	1599	1	195	1046	1070	436	219	203	230	349	189	300	1869	487	186	555	333	194	5	450	136	256	460	306	202	287	475	452	49	1370	1079	383	1156	96	2081	274	277	2259	640	561	242	1147	449	2246	291	160	192	339	223	1699	337	327	1300	190	631	611	448	16	477	173	242	218	358	218	273	298	1708	1563	293	199	564	496	719	62	1039	1569	178	441	1330	1456	828	2128	47	174	1341	139	1017	98	243	444	305
928	1121	759	2082	781	93	1242	875	1302	1693	754	0	1052	1952	1103	984	564	759	1781	2052	738	709	1231	3057	586	821	679	1796	2200	1812	1525	1775	2113	3471	1564	1072	814	880	585	724	696	2137	1084	593	527	1891	890	1120	1887	568	1319	1889	945	988	698	4244	819	1800	1174	1279	2409	985	1960	1270	1731	685	744	724	906	827	685	991	593	1920	1819	929	840	2419	990	1084	1084	703	737	810	1613	1130	911	1003	1058	2197	730	836	1857	814	981	898	3303	680	1308	891	701	815	1748	853	952	762	687	1541	2328	1500	981	1103	761	1218	1815	894	2389	529	779	781	649	1103	2352	756	779	1731	1711	625	561	591	978	1052	909	590	2617	1229	759	1279	891	849	756	1133	888	558	991	828	880	593	700	968	726	2119	1757	1137	1846	814	2711	824	979	3011	321	1307	992	1855	621	2995	593	889	852	1026	857	1155	1092	486	2055	667	1315	1282	991	743	288	906	991	970	1094	568	985	926	957	829	1047	839	1296	1238	1447	808	1753	815	680	999	2083	2122	1521	2881	785	703	1930	787	1759	823	738	978	819
154	159	295	1029	274	972	540	220	251	954	349	1052	0	900	662	665	489	295	785	1025	376	499	565	2045	657	769	521	945	1670	979	756	1131	1664	2469	933	336	367	215	555	393	432	1112	270	545	556	1147	190	141	867	548	267	865	216	267	518	3321	778	1005	517	228	1386	69	957	644	988	548	363	393	178	355	548	655	639	884	784	1677	453	1805	279	270	270	391	563	471	852	358	166	48	538	1163	660	216	1060	366	326	188	2252	520	259	228	1749	371	928	199	112	761	437	654	1326	1868	75	58	564	566	985	278	1564	523	276	274	405	58	1322	348	276	988	1063	777	492	552	285	0	159	648	1655	205	295	228	227	442	345	516	231	495	672	583	172	635	803	676	397	1078	1026	271	1080	366	2032	550	74	1969	857	281	274	1044	552	1952	639	189	200	38	198	2048	237	570	1040	534	638	643	655	366	798	178	280	267	355	484	76	151	2008	1878	200	457	249	210	395	287	935	1863	520	640	1054	1391	481	1887	303	510	1363	265	848	357	561	659	587
1028	846	1195	129	1174	1872	967	1087	653	961	1218	1952	900	0	1215	1303	1388	1195	469	288	1240	1328	1004	1214	1496	1493	1358	773	1631	814	879	1162	1715	1641	1099	978	1191	1082	1420	1257	1305	345	930	1410	1443	1029	1067	843	284	1433	633	267	1032	1017	1346	2584	1502	891	1016	672	572	966	453	1046	966	1374	1230	1257	1051	1177	1374	1290	1479	194	295	2511	1227	1631	1021	930	930	1267	1360	1257	903	934	1045	949	1138	340	1439	1116	906	1191	1052	1061	1360	1356	644	1089	2649	1193	824	1099	1000	1513	1313	691	587	2535	971	852	1349	1018	822	1095	1148	1423	1175	1174	1305	852	488	1217	1175	966	1127	1583	1391	1416	1034	900	1044	1487	958	731	1195	672	1089	1214	1215	1054	1081	1395	1305	1328	1072	1476	1578	1324	1258	238	998	875	964	1191	1730	1305	973	1084	1746	658	1017	875	1419	1062	1479	1067	1100	928	1097	2886	906	1470	351	1372	991	1033	1290	1233	1691	1051	1020	1032	968	1383	966	1035	2908	2775	936	1230	657	721	505	1158	830	2763	1356	1271	288	1184	468	1099	1179	1338	1384	1164	630	1181	1358	1302	1336
557	541	687	1333	691	1067	249	524	785	601	513	1103	662	1215	0	125	701	687	1325	1176	503	431	214	2082	517	334	454	744	1138	749	465	672	1087	2470	460	332	417	526	551	504	871	1248	404	547	642	792	553	560	1021	905	770	1030	466	398	433	3165	341	719	202	726	1489	630	1468	199	638	435	512	504	548	416	435	115	511	1091	1252	1970	322	1334	386	404	404	539	374	339	536	335	562	653	124	1328	375	644	774	418	341	543	2530	453	724	792	1758	413	684	653	597	381	869	569	1373	2347	626	704	349	198	749	434	1297	731	690	691	725	704	1458	513	690	638	607	506	702	545	383	662	576	513	1593	623	687	726	792	321	517	171	494	751	121	278	634	512	456	146	496	1283	660	431	754	418	1614	289	634	2113	1100	651	391	778	962	2110	511	553	645	683	680	1736	440	807	1151	462	259	214	115	509	822	549	385	403	320	705	614	724	1982	1804	464	320	708	633	825	519	687	1866	453	105	1212	1018	992	1885	532	432	846	629	760	418	374	130	285
538	567	635	1424	643	952	351	493	823	727	452	984	665	1303	125	0	616	635	1376	1282	436	339	320	2203	400	211	357	868	1237	874	589	790	1174	2593	582	363	361	496	450	433	809	1357	432	448	545	916	525	584	1124	827	812	1132	453	398	337	3291	219	845	290	766	1603	621	1527	320	763	333	447	433	525	364	333	13	397	1190	1317	1863	255	1442	386	432	432	467	269	262	662	385	540	646	166	1434	254	605	900	362	339	518	2633	356	770	760	1633	356	809	618	582	255	806	680	1490	2265	617	713	244	304	874	405	1422	643	641	643	655	713	1568	451	641	763	727	381	617	444	379	665	553	398	1717	665	635	766	760	259	456	249	466	668	9	171	604	398	331	22	424	1385	784	472	879	362	1728	192	623	2226	999	705	392	904	890	2223	397	526	610	679	645	1621	468	717	1260	362	379	335	13	444	707	526	386	397	359	622	605	700	1857	1678	478	252	753	675	883	471	812	1741	356	31	1318	1140	1043	2007	480	337	953	581	878	365	269	8	177
365	561	203	1518	225	487	755	317	740	1224	216	564	489	1388	701	616	0	203	1244	1492	212	277	755	2503	314	569	264	1289	1838	1312	1036	1347	1787	2922	1131	549	304	321	194	205	246	1578	543	190	114	1427	328	558	1328	215	756	1329	395	451	282	3728	573	1313	693	715	1851	421	1422	813	1261	295	211	205	344	312	295	616	301	1358	1266	1296	380	2025	456	543	543	172	357	361	1132	607	348	440	610	1636	426	273	1372	304	461	336	2741	264	744	360	1264	307	1251	291	387	525	239	1015	1776	1649	417	541	379	745	1316	356	1903	38	224	225	106	541	1792	217	224	1261	1279	453	3	198	445	489	346	308	2080	665	203	715	360	383	216	660	335	53	625	448	316	297	520	611	211	1556	1293	592	1372	304	2292	424	415	2448	423	744	457	1364	286	2432	301	327	289	465	299	1596	545	110	1498	263	844	822	616	211	314	344	457	433	575	9	421	374	1521	1388	495	381	731	674	883	257	1256	1378	264	613	1523	1670	965	2334	233	280	1543	223	1231	309	356	608	444
202	395	0	1324	22	677	672	185	543	1134	186	759	295	1195	687	635	203	0	1041	1315	207	340	682	2333	454	655	346	1169	1799	1197	938	1282	1766	2754	1069	447	274	186	330	216	190	1402	418	322	294	1336	175	387	1154	271	561	1153	268	342	355	3587	661	1209	622	523	1676	231	1219	752	1171	381	193	216	189	272	381	631	436	1177	1064	1413	379	1965	351	418	418	189	426	377	1036	499	185	246	575	1455	518	83	1267	273	376	186	2543	346	553	168	1454	279	1139	96	207	625	190	883	1610	1682	228	343	439	676	1202	265	1790	233	20	22	110	343	1613	185	20	1171	1213	591	206	330	345	295	177	445	1927	486	0	523	168	376	181	599	214	201	644	492	127	432	642	637	224	1372	1206	456	1275	273	2216	460	224	2264	568	565	350	1255	301	2246	436	174	97	266	98	1795	407	275	1326	354	770	757	631	197	518	189	353	327	474	196	235	171	1714	1587	354	383	543	494	690	168	1145	1568	346	622	1345	1582	763	2170	156	349	1495	61	1094	271	424	627	491
939	819	1041	534	1018	1692	1104	1005	560	1274	1134	1781	785	469	1325	1376	1244	1041	0	753	1161	1282	1141	1635	1442	1526	1305	1128	2000	1172	1134	1485	2059	2054	1366	1013	1146	999	1338	1178	1087	814	947	1328	1329	1393	975	805	699	1218	566	683	984	1004	1301	3028	1535	1241	1128	613	1025	853	179	1207	1290	1331	1147	1178	963	1132	1331	1364	1424	630	174	2190	1217	2039	1013	947	947	1174	1339	1241	1191	994	951	827	1217	803	1433	981	1271	1145	1056	973	1576	1304	606	891	2449	1149	1161	961	897	1528	1096	941	1055	2123	858	726	1336	1152	1181	1050	1595	1272	1020	1018	1143	726	938	1133	1020	1290	1436	1558	1247	1336	1024	785	944	1433	1425	712	1041	613	891	1205	1130	1153	1013	1233	1381	1341	943	1420	1578	1393	1182	702	1328	904	1322	1145	2168	1311	856	1449	1521	674	1007	1242	1182	1416	1424	974	965	796	947	2830	912	1298	813	1318	1165	1197	1364	1151	1559	962	1012	1013	1017	1237	861	870	2713	2607	916	1222	623	702	501	1072	1168	2560	1304	1346	756	1585	333	1544	1088	1292	1724	1034	979	1135	1337	1373	1347
1126	931	1315	290	1297	1979	931	1176	803	789	1298	2052	1025	288	1176	1282	1492	1315	753	0	1317	1380	963	1020	1542	1487	1411	580	1392	614	763	970	1492	1445	954	1008	1252	1172	1487	1332	1454	87	978	1478	1527	810	1164	933	165	1573	775	162	1107	1072	1396	2344	1496	693	993	802	361	1083	739	986	784	1421	1309	1332	1147	1238	1421	1269	1527	149	579	2690	1263	1368	1073	978	978	1349	1394	1294	757	955	1144	1072	1125	152	1460	1232	693	1251	1094	1155	1355	1410	769	1239	2754	1252	642	1218	1109	1518	1460	608	323	2770	1087	988	1378	979	621	1162	864	1529	1298	1297	1424	988	300	1297	1298	784	948	1608	1495	1482	1086	1025	1147	1534	690	829	1315	802	1239	1251	1296	1036	1164	1509	1282	1344	1187	1525	1589	1304	1331	127	809	922	754	1251	1448	1326	1091	963	1882	750	1070	662	1573	953	1527	1164	1217	1059	1222	2900	963	1586	67	1425	925	971	1269	1311	1775	1148	1072	1090	992	1489	1079	1174	3006	2859	1005	1266	777	821	648	1243	647	2867	1410	1251	35	931	681	873	1266	1389	1170	1274	464	1241	1392	1283	1352
223	394	207	1370	219	673	542	158	618	1011	27	738	376	1240	503	436	212	207	1161	1317	0	138	543	2318	282	449	152	1080	1635	1102	824	1137	1590	2732	921	341	92	163	181	16	373	1402	345	171	211	1214	186	397	1151	403	625	1154	210	250	155	3523	456	1102	481	579	1672	308	1333	602	1049	184	15	16	199	100	184	433	264	1190	1156	1508	182	1816	252	345	345	40	221	174	919	400	210	334	403	1464	316	207	1160	91	251	188	2601	151	602	359	1439	95	1040	226	263	423	370	810	1589	1845	302	434	233	533	1105	156	1692	248	218	219	221	434	1617	28	218	1049	1068	409	214	177	241	376	216	273	1882	509	207	579	359	182	32	449	159	256	445	285	229	260	448	435	21	1390	1081	399	1159	91	2081	254	305	2279	635	583	254	1153	459	2265	264	186	219	367	250	1673	354	323	1317	163	632	610	433	11	458	199	254	231	366	214	299	325	1690	1543	311	185	588	519	742	88	1045	1552	151	427	1349	1457	853	2143	74	148	1337	164	1028	96	218	428	284
344	486	340	1457	355	658	533	278	729	991	164	709	499	1328	431	339	277	340	1282	1380	138	0	524	2364	167	315	31	1086	1569	1103	816	1094	1512	2773	878	374	138	284	126	125	489	1463	403	120	211	1191	311	494	1214	491	732	1218	303	312	19	3534	321	1093	465	685	1728	434	1451	569	1029	49	153	125	321	152	49	339	150	1261	1265	1541	130	1764	309	403	403	151	86	101	907	430	334	460	357	1530	178	345	1151	139	286	311	2688	30	704	497	1398	136	1039	364	388	285	484	835	1636	1926	428	557	104	511	1105	236	1684	304	353	355	329	557	1679	165	353	1029	1027	277	278	120	296	499	343	158	1911	603	340	685	497	139	169	425	268	330	348	171	365	147	311	333	117	1462	1057	459	1143	139	2040	147	431	2343	669	672	312	1147	557	2332	150	311	356	495	388	1565	422	378	1374	45	610	580	339	149	421	321	310	296	393	284	423	462	1641	1483	392	129	688	614	841	217	1043	1510	30	338	1413	1429	966	2182	210	10	1278	302	1053	149	84	331	167
506	416	682	1120	679	1182	37	498	628	469	542	1231	565	1004	214	320	755	682	1141	963	543	524	0	1887	653	530	553	568	1120	582	293	600	1102	2283	387	241	451	498	650	550	872	1037	297	643	727	672	517	436	807	935	606	816	420	343	533	3013	538	569	62	567	1282	555	1275	78	507	546	545	550	507	443	546	308	643	877	1056	2050	393	1282	333	297	297	583	497	422	383	206	517	571	179	1115	534	618	626	451	306	506	2316	552	559	744	1910	448	517	621	534	568	873	359	1170	2365	552	593	475	16	584	419	1160	791	678	679	749	593	1248	541	678	507	531	678	757	644	337	565	530	647	1410	469	682	567	744	386	544	98	468	798	319	418	594	642	643	343	544	1069	538	297	620	451	1539	413	560	1906	1176	477	335	623	979	1902	643	518	614	595	644	1942	327	866	940	565	89	78	308	544	943	508	331	357	216	757	539	666	2144	1974	370	394	544	476	640	522	521	2020	552	290	999	914	812	1695	542	529	815	621	561	446	496	322	427
2140	1943	2333	1111	2315	2988	1863	2186	1823	1531	2302	3057	2045	1214	2082	2203	2503	2333	1635	1020	2318	2364	1887	0	2519	2414	2396	1345	1739	1350	1618	1609	1900	427	1717	1991	2245	2182	2480	2332	2474	933	1973	2471	2529	1414	2176	1947	1179	2594	1795	1180	2112	2069	2379	1408	2422	1402	1931	1823	660	2102	1530	1883	1504	2400	2312	2332	2160	2232	2400	2190	2506	1165	1481	3708	2239	1557	2068	1973	1973	2353	2365	2271	1561	1934	2158	2091	2064	892	2417	2249	1361	2245	2081	2167	898	2395	1790	2260	3757	2245	1411	2236	2126	2455	2481	1535	728	3746	2105	2009	2346	1903	1352	2162	1026	2541	2316	2315	2440	2009	733	2301	2316	1504	1630	2563	2506	2474	2080	2045	2162	2512	522	1846	2333	1823	2260	2228	2301	1976	2171	2524	2200	2299	2205	2504	2530	2225	2331	988	1504	1919	1407	2245	1418	2288	2109	334	2901	1768	2065	1344	2594	383	2506	2177	2235	2080	2241	3812	1964	2601	1006	2410	1824	1867	2190	2313	2774	2160	2066	2087	1971	2501	2097	2194	4005	3847	2010	2242	1798	1839	1668	2250	1410	3870	2395	2175	993	1336	1677	213	2274	2373	1685	2289	1326	2236	2363	2206	2308
503	654	454	1625	473	551	668	437	894	1108	309	586	657	1496	517	400	314	454	1442	1542	282	167	653	2519	0	276	139	1222	1632	1235	946	1189	1559	2924	977	534	306	443	125	266	559	1625	568	133	204	1304	467	661	1377	521	898	1382	470	479	149	3666	278	1218	599	851	1888	590	1613	685	1146	122	296	266	479	320	122	406	18	1426	1431	1467	280	1842	475	568	568	276	156	248	1031	588	491	616	475	1694	150	481	1275	306	449	469	2856	140	871	621	1256	303	1170	501	545	223	553	985	1793	1910	584	716	178	639	1237	404	1805	323	471	473	403	716	1841	310	471	1146	1124	140	314	124	462	657	498	9	2057	771	454	851	621	292	314	556	431	365	408	241	510	22	205	386	261	1627	1171	625	1261	306	2128	240	587	2505	617	839	479	1274	596	2495	18	468	495	649	522	1398	589	381	1535	125	734	698	406	293	306	479	476	463	551	324	581	601	1493	1328	560	277	855	781	1009	370	1174	1367	140	412	1576	1535	1130	2334	356	157	1352	432	1200	317	157	393	232
623	707	655	1617	669	803	558	563	966	930	474	821	769	1493	334	211	569	655	1526	1487	449	315	530	2414	276	0	314	1078	1378	1083	799	973	1295	2804	774	523	411	568	376	439	799	1563	583	379	470	1113	597	721	1327	783	960	1335	553	522	302	3491	9	1051	494	912	1812	713	1685	531	965	279	464	439	603	421	279	223	282	1390	1483	1730	316	1599	513	583	583	467	229	300	870	560	618	740	362	1640	142	652	1105	412	469	594	2833	314	923	808	1442	406	1018	669	669	59	794	889	1700	2187	707	824	217	514	1083	491	1620	586	667	669	639	824	1776	474	667	965	914	196	569	372	502	769	629	279	1928	816	655	912	807	326	479	451	543	623	214	186	665	286	128	189	431	1587	984	633	1080	412	1895	219	713	2435	892	868	518	1110	856	2431	282	598	661	775	695	1413	616	651	1467	310	590	546	223	460	565	603	513	514	528	577	699	764	1658	1475	610	312	906	827	1048	517	1021	1547	314	239	1522	1328	1196	2218	515	307	1111	613	1089	419	231	208	182
366	514	346	1487	362	628	563	300	754	1020	179	679	521	1358	454	357	264	346	1305	1411	152	31	553	2396	139	314	0	1117	1591	1133	846	1120	1532	2804	905	405	166	306	98	137	485	1494	433	93	188	1220	332	521	1245	479	759	1250	330	342	21	3565	319	1122	495	711	1760	455	1475	597	1058	35	166	137	343	181	35	359	122	1291	1291	1516	161	1788	339	433	433	157	93	131	936	462	356	481	385	1561	173	358	1180	167	317	332	2718	1	731	507	1367	164	1069	377	410	279	480	867	1668	1909	449	579	115	541	1136	264	1713	288	360	362	324	579	1711	180	360	1058	1054	257	264	92	326	521	363	130	1943	632	346	711	507	171	184	455	292	317	366	186	381	118	297	350	130	1493	1086	490	1172	167	2065	167	452	2374	645	701	343	1177	547	2364	122	332	370	515	401	1537	453	360	1405	14	639	608	359	163	390	343	340	325	425	271	445	477	1609	1451	421	159	716	642	869	236	1074	1479	1	359	1444	1457	991	2214	226	24	1301	312	1084	177	91	349	181
968	794	1169	841	1158	1742	554	989	842	213	1072	1796	945	773	744	868	1289	1169	1128	580	1080	1086	568	1345	1222	1078	1117	0	872	43	279	392	944	1726	393	739	993	987	1211	1091	1349	619	753	1203	1280	264	994	808	491	1440	808	507	905	839	1097	2448	1086	118	623	801	800	973	1191	548	204	1112	1079	1091	979	982	1112	857	1211	583	977	2579	955	923	834	753	753	1119	1065	985	216	682	984	976	747	705	1101	1090	142	993	828	983	1890	1115	771	1170	2479	991	69	1085	975	1124	1353	291	664	2813	974	940	1043	583	52	933	621	1326	1159	1158	1259	940	794	1071	1159	204	368	1242	1291	1205	843	945	994	1216	849	754	1169	801	1170	946	1073	665	964	1324	865	986	1053	1210	1200	890	1086	707	229	713	194	993	1105	982	981	1410	1712	697	833	114	1468	1415	1211	995	1080	983	1101	2467	762	1398	526	1129	492	533	857	1079	1507	980	832	857	714	1289	961	1089	2713	2541	815	957	767	753	741	1036	70	2589	1115	842	611	474	884	1144	1059	1092	611	1112	149	985	1064	872	995
1627	1512	1799	1678	1797	2179	1137	1617	1649	745	1641	2200	1670	1631	1138	1237	1838	1799	2000	1392	1635	1569	1120	1739	1632	1378	1591	872	0	829	928	543	171	1987	737	1362	1545	1618	1686	1638	1988	1399	1412	1683	1780	608	1637	1531	1346	2038	1618	1364	1540	1464	1570	2349	1381	759	1179	1597	1463	1670	2062	1047	721	1569	1641	1638	1627	1540	1569	1234	1631	1436	1850	3099	1458	263	1453	1412	1412	1673	1506	1477	843	1321	1638	1684	1232	1477	1482	1738	731	1545	1422	1626	2514	1590	1573	1863	2785	1541	840	1742	1653	1438	1988	1091	1315	3478	1668	1686	1481	1124	820	1534	716	1870	1796	1797	1853	1686	1500	1641	1796	721	608	1575	1840	1681	1457	1670	1651	1631	1241	1521	1799	1597	1863	1455	1644	1199	1587	1888	1229	1408	1714	1632	1500	1249	1630	1514	681	1399	678	1545	576	1424	1676	1945	2236	1489	1456	761	2090	1969	1631	1638	1735	1703	1765	2469	1438	1945	1327	1598	1037	1043	1234	1639	1937	1628	1452	1477	1336	1843	1655	1784	2972	2772	1486	1457	1564	1524	1580	1634	833	2882	1590	1232	1416	469	1739	1530	1651	1569	306	1738	1022	1543	1506	1245	1415
996	825	1197	879	1187	1760	569	1015	881	190	1095	1812	979	814	749	874	1312	1197	1172	614	1102	1103	582	1350	1235	1083	1133	43	829	0	289	356	902	1726	375	762	1013	1013	1228	1112	1378	650	779	1221	1300	221	1021	840	530	1466	847	547	931	864	1113	2432	1090	79	638	839	820	1005	1234	555	175	1128	1101	1112	1007	1003	1128	863	1225	622	1020	2604	972	881	858	779	779	1141	1079	1002	214	705	1012	1008	759	736	1111	1118	99	1013	850	1010	1913	1132	810	1202	2492	1012	64	1114	1005	1130	1381	325	681	2847	1005	974	1057	596	8	956	593	1349	1187	1187	1284	974	818	1094	1187	175	336	1251	1314	1222	867	979	1022	1229	847	789	1197	839	1202	963	1095	680	990	1348	870	998	1082	1224	1206	895	1107	741	195	741	151	1013	1066	994	1012	1425	1735	735	857	72	1496	1431	1225	1022	1109	1016	1131	2464	789	1421	558	1145	502	541	863	1101	1524	1008	856	882	737	1312	992	1121	2724	2550	843	973	805	789	782	1060	61	2602	1132	849	645	433	927	1146	1083	1108	570	1139	193	1006	1078	878	1007
744	597	938	976	931	1475	284	753	721	198	820	1525	756	879	465	589	1036	938	1134	763	824	816	293	1618	946	799	846	279	928	289	0	385	950	2004	232	493	734	752	942	833	1125	823	522	935	1017	397	764	614	629	1203	691	643	669	597	826	2720	807	277	351	668	1043	768	1235	268	234	840	825	833	751	724	840	577	936	714	1011	2332	686	1049	590	522	522	864	790	715	98	439	759	777	470	908	822	864	335	734	575	753	2113	845	645	967	2203	732	224	863	760	844	1127	195	918	2611	767	764	768	307	290	686	869	1073	931	931	1018	764	1022	819	931	234	322	963	1039	936	597	756	770	940	1128	593	938	668	966	677	821	392	726	1076	586	709	832	935	920	611	828	883	271	494	337	734	1282	705	775	1663	1459	560	590	330	1239	1664	936	765	857	791	883	2195	540	1147	725	858	213	254	577	824	1237	752	588	614	466	1038	754	885	2435	2262	592	687	636	596	667	791	228	2313	845	563	798	644	836	1420	813	822	626	878	309	728	789	593	718
1100	972	1282	1233	1278	1739	610	1097	1106	211	1139	1775	1131	1162	672	790	1347	1282	1485	970	1137	1094	600	1609	1189	973	1120	392	543	356	385	0	574	1948	216	836	1045	1097	1218	1142	1472	1002	880	1213	1305	195	1114	991	882	1534	1075	899	1017	941	1099	2535	978	276	661	1053	1150	1136	1566	535	197	1104	1141	1142	1103	1038	1104	783	1183	974	1346	2635	971	682	931	880	880	1176	1045	995	302	791	1112	1148	739	1088	1044	1215	283	1045	906	1103	2245	1119	1030	1332	2415	1041	338	1217	1123	1029	1473	554	1004	2965	1135	1144	1020	607	348	1019	671	1381	1277	1278	1348	1144	1158	1138	1277	197	69	1164	1349	1212	936	1131	1125	1185	1087	977	1282	1053	1332	966	1141	688	1068	1393	783	950	1188	1184	1101	807	1135	1097	164	862	223	1045	945	958	1142	1729	1762	945	933	311	1580	1741	1183	1115	1210	1165	1239	2263	904	1457	913	1129	512	527	783	1139	1494	1104	930	955	810	1350	1121	1252	2628	2441	954	971	1021	980	1043	1122	332	2520	1119	776	1000	357	1207	1397	1142	1096	243	1221	531	1041	1044	797	958
1606	1509	1766	1772	1766	2098	1124	1589	1669	785	1599	2113	1664	1715	1087	1174	1787	1766	2059	1492	1590	1512	1102	1900	1559	1295	1532	944	171	902	950	574	0	2156	735	1342	1503	1590	1624	1592	1953	1507	1399	1622	1719	686	1612	1528	1431	1993	1639	1448	1516	1440	1511	2515	1297	826	1156	1614	1593	1657	2133	1025	768	1507	1598	1592	1604	1500	1507	1173	1560	1522	1916	3024	1410	427	1429	1399	1399	1627	1443	1426	875	1308	1615	1673	1191	1588	1409	1711	808	1503	1394	1601	2658	1531	1593	1845	2675	1498	901	1717	1636	1355	1952	1128	1444	3435	1655	1685	1418	1103	893	1502	874	1816	1765	1766	1811	1685	1624	1599	1765	768	629	1489	1788	1618	1431	1664	1629	1559	1396	1531	1766	1614	1845	1408	1603	1171	1559	1838	1165	1346	1691	1562	1412	1183	1583	1617	730	1392	750	1503	734	1365	1663	2096	2172	1507	1432	839	2049	2119	1560	1613	1709	1695	1741	2322	1428	1891	1429	1537	1025	1023	1173	1596	1859	1605	1428	1451	1318	1792	1641	1768	2853	2651	1473	1408	1583	1535	1615	1598	894	2769	1531	1174	1518	598	1781	1689	1614	1511	334	1705	1091	1502	1443	1182	1352
2560	2363	2754	1535	2737	3404	2261	2604	2249	1898	2717	3471	2469	1641	2470	2593	2922	2754	2054	1445	2732	2773	2283	427	2924	2804	2804	1726	1987	1726	2004	1948	2156	0	2080	2401	2657	2600	2891	2746	2899	1358	2387	2882	2943	1758	2596	2368	1602	3017	2221	1604	2528	2482	2787	1032	2812	1770	2331	2248	1086	2524	1941	2273	1868	2807	2727	2746	2579	2644	2807	2582	2912	1591	1904	4135	2646	1770	2481	2387	2387	2768	2769	2678	1940	2343	2578	2514	2462	1319	2816	2671	1723	2657	2491	2586	1041	2803	2214	2685	4170	2657	1789	2658	2547	2848	2905	1939	1145	4170	2527	2433	2749	2299	1727	2576	1310	2959	2738	2737	2861	2433	1160	2716	2738	1868	1978	2961	2925	2885	2493	2469	2582	2917	878	2268	2754	2248	2685	2635	2716	2375	2588	2944	2590	2699	2627	2910	2924	2615	2744	1416	1862	2334	1763	2657	1566	2690	2532	648	3323	2190	2479	1710	3018	694	2912	2596	2657	2503	2664	4188	2380	3021	1428	2818	2215	2257	2582	2728	3187	2579	2479	2501	2380	2919	2519	2618	4414	4253	2427	2648	2222	2261	2094	2667	1787	4282	2803	2567	1419	1639	2104	590	2690	2781	1987	2710	1724	2648	2767	2597	2708
891	776	1069	1188	1066	1526	401	885	936	186	923	1564	933	1099	460	582	1131	1069	1366	954	921	878	387	1717	977	774	905	393	737	375	232	216	735	2080	0	626	829	885	1003	926	1259	1004	675	998	1089	340	903	795	836	1319	907	851	806	730	884	2719	780	314	447	879	1194	933	1466	319	212	890	925	926	893	822	890	574	971	925	1242	2419	755	896	720	675	675	960	831	779	198	584	903	946	523	1090	835	1004	356	829	692	892	2283	904	860	1126	2214	825	324	1007	916	828	1260	427	1057	2752	931	952	806	392	371	805	848	1165	1065	1066	1133	952	1186	922	1065	212	148	960	1133	997	724	933	916	973	1205	795	1069	879	1126	750	925	473	855	1177	575	737	979	972	902	600	919	1079	218	662	318	829	1162	744	939	1801	1545	774	722	372	1365	1807	971	904	1000	966	1030	2110	701	1241	907	914	301	312	574	923	1282	894	718	744	600	1134	917	1047	2432	2248	749	755	849	800	894	908	322	2320	904	565	988	558	1065	1510	927	881	431	1008	490	825	831	588	745
264	208	447	1104	442	1011	226	262	460	687	332	1072	336	978	332	363	549	447	1013	1008	341	374	241	1991	534	523	405	739	1362	762	493	836	1342	2401	626	0	258	261	489	353	637	1090	71	480	547	889	277	227	843	710	449	848	180	105	389	3182	532	767	186	402	1354	316	1167	317	724	413	339	353	266	246	413	351	519	893	961	1841	255	1519	97	71	71	380	387	286	590	58	276	335	211	1159	462	378	825	258	91	266	2331	404	407	502	1768	257	702	381	293	537	638	470	1262	2128	313	373	373	239	766	194	1355	587	442	442	525	373	1306	331	442	724	767	606	552	484	105	336	289	526	1544	301	447	402	502	243	333	180	234	585	368	351	352	517	600	380	349	1094	758	110	830	258	1768	327	321	1970	972	346	98	816	748	1961	519	278	374	361	403	1909	108	658	1000	419	325	319	351	339	786	267	95	121	26	550	300	425	2014	1857	135	258	390	311	525	298	707	1881	404	333	1042	1135	681	1811	321	382	1056	387	688	249	385	359	358
214	348	274	1321	281	753	451	152	591	920	96	814	367	1191	417	361	304	274	1146	1252	92	138	451	2245	306	411	166	993	1545	1013	734	1045	1503	2657	829	258	0	157	235	99	453	1336	273	226	289	1123	186	355	1086	493	594	1089	164	179	157	3439	419	1012	389	546	1604	305	1314	510	957	187	96	99	193	14	187	357	288	1129	1127	1599	107	1724	178	273	273	131	196	112	829	316	208	332	313	1401	293	247	1070	0	167	183	2552	165	565	404	1512	5	951	263	260	396	452	728	1516	1934	300	424	198	441	1017	98	1603	340	280	281	309	424	1552	96	280	957	976	412	306	230	165	367	218	297	1802	465	274	546	404	102	99	357	135	348	370	230	255	285	436	364	93	1330	989	329	1069	0	1989	197	304	2215	726	534	181	1063	546	2203	288	187	255	367	289	1703	289	414	1249	180	540	518	357	94	529	194	179	161	281	306	293	354	1759	1607	255	110	549	475	703	111	956	1625	165	348	1285	1365	828	2067	118	149	1246	219	946	11	193	354	232
60	241	186	1212	180	807	486	5	454	947	138	880	215	1082	526	496	321	186	999	1172	163	284	498	2182	443	568	306	987	1618	1013	752	1097	1590	2600	885	261	157	0	345	180	375	1258	233	334	361	1149	29	241	1008	453	462	1009	82	156	303	3414	576	1024	439	417	1530	149	1171	570	984	333	151	180	37	147	333	489	424	1040	992	1592	255	1780	165	233	233	185	352	268	850	312	50	176	407	1317	450	120	1081	156	196	26	2441	305	440	266	1582	162	955	127	104	553	376	704	1455	1867	144	273	355	493	1018	92	1607	359	180	180	272	273	1472	137	180	984	1028	562	324	341	161	215	61	433	1761	351	186	417	265	247	135	419	32	346	505	385	107	420	591	503	184	1239	1019	277	1089	156	2030	351	148	2130	733	428	164	1071	487	2116	424	30	119	211	153	1836	228	423	1177	319	585	574	489	154	609	37	167	141	288	319	139	203	1836	1695	176	260	426	361	581	76	961	1695	305	478	1203	1395	690	2012	97	295	1313	126	918	148	350	489	387
404	573	330	1550	350	532	658	339	799	1117	206	585	555	1420	551	450	194	330	1338	1487	181	126	650	2480	125	376	98	1211	1686	1228	942	1218	1624	2891	1003	489	235	345	0	164	435	1571	509	10	96	1318	366	578	1322	407	807	1325	388	414	119	3659	380	1219	591	761	1839	486	1512	695	1155	117	193	164	380	249	117	452	109	1364	1337	1418	256	1885	413	509	509	163	181	227	1033	547	390	511	483	1636	235	365	1277	236	399	369	2781	99	784	499	1279	235	1164	385	442	330	429	956	1751	1822	480	613	205	637	1231	327	1810	209	348	350	278	613	1788	207	348	1155	1152	265	194	6	401	555	395	117	2032	689	330	761	498	265	210	551	340	247	459	278	397	105	327	441	162	1564	1183	565	1269	236	2163	262	482	2450	549	762	417	1273	480	2438	109	366	380	542	404	1493	524	276	1484	89	736	706	452	190	297	380	415	396	510	203	478	484	1524	1371	486	255	769	699	924	268	1169	1391	99	454	1520	1555	1034	2300	251	122	1398	313	1174	245	180	442	272
240	411	216	1387	229	659	550	175	635	1019	43	724	393	1257	504	433	205	216	1178	1332	16	125	550	2332	266	439	137	1091	1638	1112	833	1142	1592	2746	926	353	99	180	164	0	376	1417	359	154	197	1222	203	414	1167	401	642	1169	226	264	141	3535	446	1111	488	596	1687	324	1350	608	1057	170	30	0	216	109	170	430	248	1205	1172	1500	182	1821	266	359	359	35	210	170	928	411	227	350	407	1480	304	220	1169	99	263	205	2618	136	619	371	1424	101	1050	240	280	411	373	823	1604	1843	319	451	223	540	1115	170	1702	240	228	229	222	451	1633	44	228	1057	1074	394	207	161	254	393	233	257	1895	526	216	596	371	183	48	455	175	250	442	279	244	243	435	432	9	1406	1088	413	1168	99	2087	248	321	2294	626	599	268	1162	459	2281	248	203	233	383	263	1656	369	315	1332	148	639	617	430	26	443	216	267	245	377	208	316	339	1675	1527	327	184	605	535	759	105	1055	1538	136	425	1364	1465	870	2157	90	135	1340	176	1041	105	208	425	277
382	561	190	1432	194	605	861	374	656	1322	358	696	432	1305	871	809	246	190	1087	1454	373	489	872	2474	559	799	485	1349	1988	1378	1125	1472	1953	2899	1259	637	453	375	435	376	0	1541	603	430	361	1523	360	551	1297	131	681	1295	456	531	499	3751	804	1394	812	651	1814	384	1267	942	1358	519	362	376	374	454	519	806	544	1310	1138	1246	555	2154	541	603	603	343	575	547	1223	687	367	389	761	1588	657	261	1451	453	566	372	2632	485	684	216	1364	458	1322	264	375	760	8	1061	1758	1492	382	465	593	866	1384	454	1971	249	194	194	160	465	1747	359	194	1358	1403	699	248	437	535	432	356	552	2086	636	190	651	216	553	354	789	404	202	818	654	296	540	762	808	385	1499	1394	637	1461	453	2405	625	376	2387	442	713	539	1439	121	2366	544	360	269	396	248	1802	589	235	1471	488	960	947	806	365	513	373	542	516	663	237	393	280	1628	1519	535	557	676	642	811	355	1328	1477	485	799	1481	1769	850	2319	339	495	1685	251	1267	453	573	801	652
1213	1017	1402	315	1384	2065	1006	1262	890	832	1384	2137	1112	345	1248	1357	1578	1402	814	87	1402	1463	1037	933	1625	1563	1494	619	1399	650	823	1002	1507	1358	1004	1090	1336	1258	1571	1417	1541	0	1062	1562	1612	833	1250	1020	250	1661	862	249	1192	1157	1479	2262	1572	727	1068	890	273	1171	784	1055	824	1503	1395	1417	1233	1322	1503	1344	1610	234	640	2776	1345	1358	1157	1062	1062	1435	1475	1376	809	1036	1231	1159	1201	86	1540	1319	721	1335	1177	1242	1289	1493	856	1326	2839	1336	685	1305	1196	1595	1547	679	245	2851	1174	1075	1459	1053	657	1247	834	1615	1385	1384	1511	1075	216	1382	1385	824	986	1687	1581	1566	1170	1112	1234	1617	615	916	1402	890	1326	1333	1382	1112	1249	1596	1356	1423	1274	1607	1667	1379	1416	127	845	1006	782	1335	1420	1406	1178	880	1969	837	1154	691	1660	871	1610	1251	1304	1146	1309	2976	1048	1673	98	1508	995	1040	1344	1396	1860	1234	1156	1174	1073	1575	1166	1261	3092	2943	1090	1348	864	908	735	1329	688	2953	1493	1326	63	932	762	788	1352	1472	1192	1361	517	1325	1474	1358	1431
221	137	418	1058	409	1018	275	235	391	720	331	1084	270	930	404	432	543	418	947	978	345	403	297	1973	568	583	433	753	1412	779	522	880	1399	2387	675	71	273	233	509	359	603	1062	0	499	556	920	243	156	812	687	381	816	152	95	420	3185	593	791	247	334	1330	258	1102	375	756	446	340	359	229	259	446	420	552	857	899	1825	296	1561	95	0	0	381	429	326	620	91	236	274	283	1128	511	342	849	273	121	231	2288	432	340	451	1783	274	721	340	242	593	605	472	1244	2089	256	304	418	297	784	189	1373	581	409	409	505	304	1278	330	409	756	812	652	546	504	108	270	247	560	1538	234	418	334	451	284	331	247	211	574	437	405	310	550	653	448	357	1059	792	56	858	273	1803	378	264	1941	963	285	92	837	718	1930	552	243	335	298	360	1956	36	650	975	448	375	375	420	341	801	230	94	113	86	542	242	372	2032	1881	74	300	324	244	464	286	727	1897	432	403	1011	1166	615	1797	310	412	1106	359	688	263	427	428	412
