NAME : VRPTW_INSTANCE_166.txt
COMMENT : Bangkok Supermarket
TYPE : VRPTW
DIMENSION : 208
DAYS : Thursday
EDGE_WEIGHT_TYPE : EXPLICIT
VEHICLES : 31
EDGE_WEIGHT_FORMAT : FULL_MATRIX
CAPACITY : 1000
EDGE_WEIGHT_SECTION
0	221	2176	639	503	23	374	1385	310	486	176	1067	925	964	101	328	399	522	948	404	909	1627	225	202	135	248	172	350	386	1005	1005	1193	443	336	308	170	1733	349	1606	206	1028	193	1321	672	59	540	3914	102	202	439	413	91	3163	101	193	206	652	1096	120	307	839	910	175	897	283	562	371	496	207	1936	376	1098	349	122	1251	1422	123	409	2421	133	215	541	438	965	422	284	351	1419	213	1663	408	523	1740	1426	524	242	330	63	404	1067	903	1026	133	83	504	373	978	373	2078	681	172	255	979	956	390	155	334	119	358	1139	1218	131	373	444	379	63	551	441	306	119	1126	1321	527	309	1213	215	258	2201	283	348	258	374	154	438	413	1658	397	118	1484	404	188	563	1154	322	1521	88	777	440	392	170	1014	1727	1477	88	139	371	426	629	521	1137	378	420	529	741	840	992	1137	347	1444	366	1079	1129	1596	223	1042	547	773	193	835	1994	207	443	350	582	1528	792	399	355	111	1815	530	239	374	1994	1028	1073	1570	405
221	0	2395	703	297	199	178	1537	216	280	275	1180	1030	1065	177	409	181	458	1076	248	1096	1670	30	174	176	346	264	167	606	1135	805	1307	660	129	214	103	1894	309	1626	371	1246	34	1371	650	166	329	4100	307	174	524	250	223	3352	177	404	371	720	1306	326	213	1046	1056	310	744	264	375	591	289	46	2150	186	1217	172	209	1456	1345	332	294	2611	345	30	475	320	1092	317	494	180	1209	126	1879	629	465	1932	1627	315	334	545	160	186	1180	750	854	345	139	294	193	1080	193	2132	700	264	417	1081	833	611	339	154	198	171	1360	1333	90	183	506	193	160	693	318	496	198	1330	1371	450	525	1416	28	465	2232	491	166	465	185	369	320	196	1857	618	325	1701	625	180	635	934	198	1724	213	576	439	172	103	1066	1903	1265	213	348	591	263	423	353	1241	591	639	468	670	1047	1201	1027	365	1226	175	1190	1234	1668	29	1261	404	763	404	904	2047	313	660	172	792	1334	795	181	174	193	1865	469	332	185	2047	1246	1195	1457	246
2176	2395	0	2086	2642	2199	2515	1448	2375	2625	2165	1796	1869	1880	2251	2124	2564	2405	1746	2495	1427	2319	2393	2336	2243	2130	2176	2518	1790	1712	3162	1770	1734	2512	2375	2339	1313	2406	2460	2052	1148	2364	2183	2347	2229	2683	2150	2109	2336	2078	2509	2181	1459	2251	1991	2052	2073	1323	2091	2374	1377	1660	2172	2974	2358	2659	1804	2636	2371	357	2510	1753	2477	2240	1018	3192	2085	2445	959	2049	2383	2416	2463	1746	2436	1904	2473	3587	2337	538	1768	2393	877	923	2665	2217	1850	2234	2569	1796	2981	3129	2049	2255	2648	2538	1875	2538	2439	2424	2176	2018	1876	2958	1788	2066	2503	2248	2492	1080	1768	2304	2508	2129	2508	2234	1864	2471	1921	2248	1138	2183	2554	1870	1073	2383	1933	2689	1908	2481	1933	2507	2043	2463	2576	796	1781	2092	953	1776	2275	2078	3329	2410	838	2216	2940	2265	2559	2339	2122	1106	3647	2216	2047	1804	2516	2754	2592	1842	1806	1756	2401	2678	1378	1226	3074	2330	3621	2536	1812	1836	2108	2391	1221	2570	2542	1991	2046	2405	2204	1734	2479	1613	3661	2293	2563	2485	2246	2348	2403	2216	2507	2405	1148	1748	3445	2498
639	703	2086	0	755	652	679	913	517	745	467	501	347	376	728	312	762	381	430	597	658	987	677	815	551	391	473	868	661	490	1436	624	637	817	519	749	1276	972	972	455	1026	674	682	262	629	793	3522	698	815	200	611	553	2793	728	558	455	18	1379	702	519	751	463	806	1441	910	710	642	754	657	1775	664	545	637	758	1068	2042	701	516	2070	575	673	382	515	442	492	544	626	1782	577	1547	677	365	1425	1191	775	879	581	634	764	501	1446	1533	575	641	769	893	390	893	1440	1319	473	420	391	1537	688	510	856	753	654	1251	649	661	664	199	655	634	262	523	459	753	947	682	1140	582	1014	675	533	1562	534	646	533	661	691	515	763	1394	682	700	1661	703	526	76	1435	555	1288	727	1220	287	767	749	374	1334	1825	727	563	642	609	817	637	549	570	644	371	1361	749	880	1731	985	1736	872	506	543	966	677	1229	578	1411	558	201	1356	843	637	640	616	1962	239	760	643	744	1176	372	876	661	1356	1026	527	2161	602
503	297	2642	755	0	485	130	1657	274	17	476	1257	1103	1132	474	544	128	395	1177	163	1284	1632	282	454	404	518	465	313	873	1238	684	1380	918	260	273	395	2021	543	1559	590	1496	314	1352	596	444	41	4257	599	454	632	148	470	3518	474	661	590	774	1599	618	274	1271	1184	606	751	522	107	856	7	297	2378	133	1301	165	506	1671	1434	623	240	2783	609	291	403	241	1191	263	743	169	1031	308	2116	897	409	2114	1830	23	623	801	440	123	1257	756	809	609	420	15	322	1146	322	2098	924	465	625	1146	885	883	580	316	495	151	1633	1404	376	135	593	134	440	842	233	720	495	1543	1352	618	782	1625	292	713	2166	738	162	713	135	658	241	112	2055	888	616	1987	899	367	706	705	235	1929	510	480	470	141	395	1066	2058	1078	510	608	856	147	126	145	1302	840	899	406	812	1271	1426	1083	623	1007	299	1261	1297	1669	284	1543	223	959	661	940	2014	605	918	162	1028	1206	754	127	157	490	1831	406	621	135	2014	1496	1281	1489	158
23	199	2199	652	485	0	357	1406	302	468	185	1085	942	981	80	340	378	520	967	392	932	1639	205	181	131	260	181	326	408	1025	981	1211	466	312	300	146	1756	330	1616	226	1051	173	1334	676	45	521	3938	115	181	453	400	99	3187	80	217	226	665	1113	134	299	863	931	172	874	265	547	394	478	188	1960	359	1117	333	106	1275	1405	138	401	2445	157	195	539	429	985	415	308	336	1395	201	1687	431	522	1763	1449	506	234	354	47	384	1085	881	1002	157	65	485	349	995	349	2092	670	181	275	996	934	412	177	310	102	341	1160	1237	110	356	455	362	47	571	432	329	102	1150	1334	507	333	1237	195	282	2212	307	332	282	357	172	429	393	1681	419	132	1503	426	184	576	1131	311	1545	75	753	445	371	146	1027	1750	1453	75	163	394	412	611	508	1155	402	443	528	723	864	1016	1117	333	1421	342	1097	1147	1611	203	1062	537	759	217	849	2008	200	466	335	606	1504	799	378	339	93	1828	529	231	357	2008	1051	1092	1549	392
374	178	2515	679	130	357	0	1564	167	112	351	1177	1023	1055	352	435	84	355	1088	100	1169	1601	158	348	274	399	340	250	743	1149	761	1302	788	190	165	281	1926	461	1540	464	1368	189	1311	561	315	169	4155	471	348	534	93	340	3413	352	531	464	697	1470	490	166	1148	1086	487	775	428	196	725	123	170	2255	16	1219	43	387	1550	1429	495	178	2676	478	166	368	194	1103	206	614	54	1132	178	1991	767	367	2003	1713	152	512	671	311	85	1177	780	856	478	292	133	268	1069	268	2066	852	340	501	1070	892	752	451	247	375	26	1502	1327	249	16	500	28	311	735	189	594	375	1422	1311	567	652	1506	167	584	2148	609	37	584	19	529	194	83	1939	757	489	1857	768	240	622	822	126	1811	387	541	392	92	281	1015	1955	1183	387	478	725	105	254	181	1229	711	769	367	778	1148	1303	1090	531	1122	243	1184	1222	1621	160	1412	243	901	531	873	1981	491	788	41	902	1290	716	81	36	370	1798	367	510	19	1981	1368	1198	1510	96
1385	1537	1448	913	1657	1406	1564	0	1397	1645	1262	439	577	562	1486	1134	1642	1294	482	1495	547	878	1518	1587	1361	1190	1273	1703	1135	422	2324	357	1064	1664	1398	1543	363	1728	1013	1181	875	1502	743	1146	1407	1697	2609	1386	1587	1030	1510	1329	1886	1486	1211	1181	894	1435	1379	1398	739	480	1497	2276	1663	1621	1131	1655	1494	1093	1551	389	1520	1501	608	2782	1374	1418	1178	1263	1511	1295	1421	470	1397	1134	1510	2689	1424	976	1130	1279	608	569	1679	1572	1119	1413	1645	439	2282	2391	1263	1428	1670	1728	551	1728	1097	1977	1273	1132	551	2340	1156	1229	1688	1501	1538	1126	346	1467	1550	1065	1543	1413	843	1430	1084	1501	592	743	1908	1136	568	1512	1149	1327	1130	1528	1149	1548	1342	1421	1646	652	1145	1378	1478	1159	1360	952	2347	1437	626	1466	2099	1189	1644	1543	760	446	2734	1466	1254	1131	1509	1728	1547	445	1072	1091	1285	2113	734	694	2519	1702	2648	1713	445	443	677	1516	1217	1492	2092	1211	770	1040	1541	1064	1523	911	2855	1029	1640	1528	1494	939	1286	1569	1548	1040	875	399	2951	1500
310	216	2375	517	274	302	167	1397	0	258	216	1012	859	891	336	270	246	242	921	120	1009	1462	186	378	177	245	206	363	630	982	928	1138	664	307	2	301	1759	524	1413	328	1233	199	1167	433	257	316	3989	412	378	366	134	241	3248	336	418	328	535	1384	429	3	1000	919	466	925	475	286	610	270	175	2106	154	1053	123	374	1397	1554	432	99	2512	376	187	260	127	936	114	490	113	1298	107	1845	654	249	1840	1555	297	514	549	256	249	1012	931	1015	376	245	283	387	905	387	1926	912	206	357	906	1030	644	330	354	364	141	1384	1163	227	153	334	147	256	570	130	455	364	1269	1167	665	532	1351	189	461	2020	484	131	461	151	456	127	249	1780	647	427	1754	660	125	457	980	40	1654	360	706	235	250	301	865	1789	1347	360	371	610	141	379	227	1066	583	649	252	885	1000	1154	1227	572	1281	364	1019	1059	1471	187	1306	239	979	418	714	1841	485	664	126	762	1457	582	244	130	356	1658	253	511	151	1841	1233	1032	1653	123
486	280	2625	745	17	468	112	1645	258	0	459	1246	1092	1121	457	529	114	388	1164	149	1268	1628	265	438	386	502	448	301	855	1226	693	1369	900	248	258	379	2008	530	1557	573	1479	297	1347	590	426	58	4243	581	438	618	135	452	3504	457	644	573	763	1581	601	259	1255	1171	589	753	508	115	838	11	280	2362	115	1289	147	489	1654	1432	605	228	2769	591	274	396	231	1179	252	726	152	1044	290	2099	879	402	2099	1814	40	607	783	422	110	1246	757	814	591	403	25	312	1135	312	2094	913	448	608	1136	884	865	562	303	478	133	1615	1393	358	117	580	117	422	828	223	703	478	1526	1347	609	764	1609	274	696	2164	720	144	696	118	640	231	98	2039	870	599	1969	881	350	694	721	219	1913	493	487	458	127	379	1059	2044	1092	493	590	838	136	144	144	1292	822	882	399	806	1255	1409	1083	609	1022	288	1251	1286	1662	267	1525	222	950	644	930	2009	589	900	145	1011	1217	748	112	140	473	1827	399	605	118	2009	1479	1270	1491	145
176	275	2165	467	476	185	351	1262	216	459	0	917	770	807	260	155	409	371	806	334	827	1454	258	350	99	78	11	440	414	865	1076	1044	448	403	215	290	1619	506	1430	113	1020	240	1149	501	162	518	3827	256	350	270	348	86	3081	260	206	113	481	1175	267	214	796	782	350	1015	443	502	395	471	234	1904	344	951	311	291	1200	1580	268	305	2341	173	250	390	330	823	308	274	307	1471	176	1639	439	369	1663	1365	499	418	333	167	413	917	1021	1129	173	176	482	465	821	465	1908	856	11	150	822	1092	430	117	425	286	327	1168	1069	207	342	269	342	167	419	336	244	286	1073	1149	678	317	1157	252	244	2027	267	315	244	341	277	330	419	1594	432	265	1540	447	111	392	1173	247	1464	261	848	270	408	290	841	1629	1524	261	166	395	357	590	443	983	367	433	376	898	797	951	1281	518	1472	450	928	975	1430	257	1090	446	944	206	666	1824	383	448	314	551	1607	616	408	319	276	1644	378	415	341	1824	1020	928	1713	338
1067	1180	1796	501	1257	1085	1177	439	1012	1246	917	0	153	127	1166	770	1259	876	138	1097	506	699	1157	1263	1013	839	926	1348	921	114	1937	127	863	1302	1014	1207	792	1416	771	861	944	1148	440	713	1075	1294	3040	1095	1263	656	1112	995	2323	1166	925	861	482	1446	1093	1014	703	237	1209	1925	1351	1209	909	1255	1135	1454	1163	50	1134	1189	819	2490	1089	1017	1617	965	1152	875	1016	121	993	867	1123	2281	1058	1279	924	861	1020	874	1277	1286	873	1081	1261	0	1931	2026	965	1092	1270	1373	114	1373	1080	1719	926	814	114	2009	947	915	1334	1187	1152	1207	152	1123	1162	680	1153	1081	521	1024	796	1187	735	440	1592	886	764	1153	873	1258	861	1143	873	1159	1065	1016	1261	1029	937	1091	1609	956	1000	555	1930	1051	959	1155	1718	787	1263	1207	332	884	2324	1155	954	909	1110	1315	1136	86	837	883	866	1808	698	752	2198	1408	2229	1355	20	75	581	1156	1248	1074	1824	925	334	1002	1252	863	1137	747	2463	590	1256	1141	1178	844	867	1283	1159	1002	944	48	2630	1102
925	1030	1869	347	1103	942	1023	577	859	1092	770	153	0	41	1022	621	1105	724	123	944	500	771	1006	1118	864	692	778	1197	812	166	1783	279	760	1150	861	1060	936	1272	812	720	934	997	480	568	930	1141	3185	959	1118	505	958	850	2463	1022	792	720	329	1400	958	860	672	219	1073	1774	1207	1056	798	1101	984	1537	1009	198	980	1047	866	2347	955	863	1750	829	1001	724	862	124	840	743	969	2129	907	1341	818	709	1131	948	1123	1149	756	935	1107	153	1780	1873	829	946	1116	1222	54	1222	1185	1586	778	674	55	1860	839	775	1184	1044	998	1191	304	975	1008	527	1000	935	390	871	667	1044	765	480	1447	766	810	1002	745	1345	735	989	745	1005	934	862	1107	1124	830	956	1601	849	849	401	1779	898	1039	1013	1565	634	1110	1060	264	1013	2171	1013	817	798	956	1163	983	213	724	778	714	1665	668	751	2050	1269	2079	1203	160	205	689	1005	1213	923	1689	792	195	1104	1115	760	983	664	2309	457	1103	987	1035	936	715	1146	1005	1104	934	181	2482	949
964	1065	1880	376	1132	981	1055	562	891	1121	807	127	41	0	1061	657	1137	749	138	973	526	730	1041	1156	901	729	816	1232	853	168	1813	248	801	1185	893	1097	918	1311	775	760	963	1033	441	586	968	1169	3166	999	1156	541	987	888	2448	1061	833	760	358	1436	998	892	704	243	1113	1809	1246	1082	840	1130	1019	1544	1040	175	1012	1086	882	2386	995	892	1739	869	1036	748	890	134	868	784	1001	2155	942	1354	860	734	1129	957	1151	1189	797	973	1139	127	1814	1906	869	984	1145	1258	14	1258	1143	1626	816	714	15	1897	880	815	1219	1083	1030	1222	272	1012	1039	561	1031	973	432	899	708	1083	785	441	1485	807	826	1038	786	1304	776	1021	786	1037	974	890	1138	1127	871	997	1631	891	885	434	1803	930	1047	1052	1596	663	1142	1097	245	1003	2197	1052	858	840	985	1188	1009	176	765	819	739	1703	700	778	2087	1308	2102	1238	130	168	647	1040	1247	947	1729	833	208	1063	1155	801	1015	703	2338	467	1135	1019	1074	894	740	1186	1037	1063	963	163	2519	978
101	177	2251	728	474	80	352	1486	336	457	260	1166	1022	1061	0	416	356	569	1048	406	1007	1714	194	101	188	337	254	267	462	1106	918	1292	526	265	334	89	1834	249	1688	307	1106	163	1410	736	99	506	4011	142	101	530	412	175	3259	0	287	307	742	1132	161	332	929	1011	136	798	185	548	451	467	185	2020	358	1198	338	38	1341	1324	167	431	2517	229	186	587	459	1065	449	377	344	1337	228	1744	484	572	1835	1518	493	178	418	95	361	1166	804	929	229	96	472	287	1075	287	2168	600	254	356	1076	854	462	256	251	29	342	1201	1317	111	356	529	364	95	652	461	405	29	1218	1410	426	397	1305	185	353	2286	377	334	353	357	208	459	371	1750	471	160	1531	475	233	653	1087	335	1613	37	692	507	346	89	1102	1826	1396	37	236	451	425	600	519	1235	467	501	577	642	930	1081	1036	259	1372	284	1178	1227	1690	192	1096	559	685	287	926	2084	148	526	339	672	1437	866	356	342	20	1904	578	175	357	2084	1106	1173	1469	406
328	409	2124	312	544	340	435	1134	270	529	155	770	621	657	416	0	509	306	667	383	740	1299	387	505	244	80	162	577	457	727	1190	898	467	533	272	441	1495	662	1278	168	994	377	994	379	318	586	3719	395	505	116	398	241	2977	416	286	168	326	1224	403	271	747	654	498	1154	599	539	436	540	364	1846	424	807	392	446	1133	1734	402	323	2241	283	381	322	338	683	312	313	383	1568	290	1591	479	298	1570	1288	567	569	368	322	512	770	1160	1260	283	330	554	603	671	603	1752	1009	162	156	673	1239	479	215	564	441	409	1172	923	355	422	116	417	322	300	347	244	441	1006	994	832	359	1086	383	290	1872	304	398	290	420	400	338	515	1511	478	400	1562	496	229	237	1250	311	1387	415	965	170	511	441	686	1519	1618	415	273	436	402	640	470	833	384	460	306	1052	746	898	1430	673	1552	585	780	826	1275	386	1113	446	1100	286	510	1668	534	467	394	526	1721	475	507	399	432	1488	308	566	420	1668	994	785	1862	388
399	181	2564	762	128	378	84	1642	246	114	409	1259	1105	1137	356	509	0	438	1167	182	1235	1684	174	327	322	466	398	189	780	1228	682	1385	831	133	245	272	2003	415	1623	519	1415	205	1396	644	341	153	4228	488	327	612	172	383	3484	356	573	519	780	1487	508	245	1204	1163	484	691	393	228	764	121	194	2311	100	1300	125	385	1610	1350	513	262	2746	516	183	451	277	1182	289	660	136	1063	232	2043	804	450	2070	1775	142	497	714	336	5	1259	696	772	516	316	121	202	1152	202	2150	800	398	560	1152	810	787	498	190	374	108	1537	1409	268	100	581	111	336	808	271	649	374	1482	1396	502	694	1567	184	630	2231	656	116	630	103	550	277	16	2003	793	506	1882	802	298	704	766	207	1873	393	459	476	12	272	1099	2028	1115	393	518	764	182	250	237	1312	757	810	450	706	1204	1359	1008	495	1063	177	1266	1305	1706	176	1441	309	841	573	957	2065	480	831	122	953	1212	800	3	119	370	1882	450	495	103	2065	1415	1279	1426	177
522	458	2405	381	395	520	355	1294	242	388	371	876	724	749	569	306	438	0	811	256	992	1246	428	620	388	345	368	593	758	871	1079	996	773	534	244	543	1657	766	1185	452	1291	441	960	205	479	428	3903	618	620	327	267	436	3173	569	568	452	399	1527	632	245	1033	837	692	1129	717	333	738	395	417	2113	339	923	322	607	1398	1783	634	177	2447	544	428	19	161	823	150	613	310	1405	346	1868	781	15	1794	1539	412	746	670	480	438	876	1134	1200	544	474	410	615	763	615	1712	1154	368	456	763	1248	779	482	586	598	336	1477	1019	464	339	276	327	480	542	168	550	598	1272	960	903	659	1347	431	587	1793	604	332	587	336	648	161	433	1752	779	630	1869	796	337	350	1055	261	1638	587	875	142	447	543	671	1713	1447	587	536	738	259	439	262	915	690	765	11	1121	1031	1179	1446	813	1355	590	879	910	1274	428	1420	198	1221	568	550	1627	715	773	325	828	1596	362	435	326	589	1444	12	744	336	1627	1291	905	1865	261
948	1076	1746	430	1177	967	1088	482	921	1164	806	138	123	138	1048	667	1167	811	0	1015	391	831	1054	1147	904	730	816	1243	784	61	1849	251	725	1200	923	1094	846	1297	893	741	830	1042	559	671	961	1216	3092	970	1147	556	1029	881	2364	1048	797	741	412	1317	966	922	578	109	1084	1820	1232	1138	773	1174	1031	1414	1074	153	1044	1069	744	2369	963	937	1644	840	1048	813	939	17	915	736	1034	2207	957	1218	787	796	1015	825	1198	1160	739	966	1170	138	1826	1927	840	979	1189	1269	138	1269	1218	1590	816	693	139	1898	810	794	1229	1068	1062	1091	276	1013	1073	587	1066	966	397	948	668	1068	647	559	1475	752	688	1049	743	1395	730	1052	743	1071	937	939	1171	1004	800	965	1498	818	896	470	1865	961	917	1035	1627	707	1171	1094	383	907	2252	1035	830	773	1029	1245	1065	224	701	746	802	1689	573	643	2084	1285	2166	1251	157	213	720	1053	1123	1009	1697	797	310	1140	1127	725	1047	609	2378	572	1165	1051	1059	981	803	1158	1071	1140	830	127	2516	1020
404	248	2495	597	163	392	100	1495	120	149	334	1097	944	973	406	383	182	256	1015	0	1124	1503	221	422	282	365	324	348	746	1076	839	1222	783	288	120	349	1858	549	1441	447	1353	246	1215	462	347	203	4094	506	422	469	15	349	3355	406	533	447	615	1493	524	121	1120	1021	542	872	510	167	727	160	222	2225	84	1141	78	444	1515	1530	528	82	2621	487	226	269	94	1029	109	608	68	1194	191	1965	770	269	1952	1672	185	578	667	344	181	1097	877	947	487	329	174	368	988	368	1968	942	324	477	988	992	759	447	344	433	86	1502	1246	296	85	430	72	344	680	88	575	433	1387	1215	665	650	1468	228	579	2049	602	86	579	81	557	94	177	1895	762	522	1869	775	234	545	866	88	1771	437	626	310	191	349	921	1895	1241	437	484	727	22	259	116	1145	702	767	268	877	1119	1274	1190	612	1169	343	1103	1140	1527	222	1421	156	996	533	785	1884	553	783	79	882	1365	619	179	78	426	1701	268	575	81	1884	1353	1121	1608	5
909	1096	1427	658	1284	932	1169	547	1009	1268	827	506	500	526	1007	740	1235	992	391	1124	0	1200	1083	1108	922	769	838	1252	604	392	1901	568	530	1225	1010	1077	853	1234	1277	725	439	1061	945	920	944	1325	3006	888	1108	670	1139	874	2256	1007	720	725	646	950	877	1009	207	283	992	1805	1171	1277	603	1279	1059	1122	1159	490	1126	1014	409	2259	872	1061	1515	777	1075	1000	1073	401	1047	633	1119	2298	1003	888	595	978	836	549	1306	1062	604	950	1239	506	1811	1935	777	969	1293	1276	528	1276	1542	1445	838	679	530	1849	622	761	1237	1017	1143	701	585	1014	1157	718	1154	950	451	1082	604	1017	288	945	1412	624	357	1076	654	1742	631	1132	654	1156	835	1073	1243	771	611	877	1106	622	937	653	1989	1048	648	981	1672	856	1234	1077	764	820	2350	981	770	603	1143	1380	1206	587	554	558	986	1604	203	251	2018	1194	2291	1265	526	577	1056	1082	745	1171	1563	720	642	1471	1035	530	1129	371	2430	873	1233	1134	1011	1328	987	1060	1156	1471	439	468	2444	1128
1627	1670	2319	987	1632	1639	1601	878	1462	1628	1454	699	771	730	1714	1299	1684	1246	831	1503	1200	0	1642	1799	1534	1379	1460	1826	1579	812	2300	635	1530	1770	1465	1729	1055	1956	171	1438	1631	1644	306	1040	1616	1659	3087	1683	1799	1187	1513	1540	2455	1714	1531	1438	975	2146	1686	1465	1401	936	1792	2375	1895	1548	1564	1633	1624	1962	1584	710	1565	1746	1448	3016	1684	1422	1863	1556	1639	1234	1408	817	1394	1496	1552	2562	1544	1854	1587	1234	1453	1444	1646	1866	1516	1620	1684	699	2380	2441	1556	1625	1648	1849	721	1849	466	2307	1460	1399	719	2491	1606	1494	1816	1740	1580	1896	623	1641	1584	1185	1573	1620	1146	1415	1415	1740	1392	306	2117	1524	1399	1641	1493	578	1487	1574	1493	1581	1670	1408	1680	1523	1597	1684	2288	1618	1502	1063	2187	1493	1505	1714	2112	1231	1693	1729	613	1241	2589	1714	1545	1564	1506	1640	1489	614	1489	1547	1234	2339	1396	1436	2689	1973	2457	1826	678	625	218	1642	1945	1411	2399	1531	795	381	1831	1530	1567	1433	2790	884	1681	1569	1731	198	1234	1863	1581	381	1631	732	3111	1507
225	30	2393	677	282	205	158	1518	186	265	258	1157	1006	1041	194	387	174	428	1054	221	1083	1642	0	202	161	327	247	190	607	1114	818	1284	659	146	184	128	1876	339	1597	359	1244	32	1343	620	167	316	4086	317	202	501	224	215	3339	194	401	359	694	1317	336	183	1039	1037	329	767	294	354	591	275	24	2144	164	1195	147	229	1448	1373	341	264	2598	344	9	445	290	1070	287	489	154	1217	100	1875	630	435	1920	1617	302	358	543	162	179	1157	773	874	344	142	281	216	1056	216	2104	730	247	404	1057	859	613	332	178	217	148	1363	1309	94	162	481	170	162	675	289	486	217	1322	1343	479	522	1407	10	461	2203	486	142	461	163	377	290	188	1847	619	335	1709	628	158	610	935	168	1715	228	589	410	167	128	1039	1888	1272	228	346	591	237	409	329	1217	587	638	438	700	1040	1194	1054	394	1229	197	1166	1210	1641	2	1267	377	793	401	878	2019	335	659	147	786	1348	766	173	150	212	1837	439	356	163	2019	1244	1172	1483	219
202	174	2336	815	454	181	348	1587	378	438	350	1263	1118	1156	101	505	327	620	1147	422	1108	1799	202	0	265	428	343	191	553	1205	828	1390	619	210	376	76	1936	157	1766	407	1195	181	1495	801	188	480	4111	230	0	621	424	268	3359	101	387	407	830	1186	247	375	1026	1112	173	696	98	542	543	447	206	2111	358	1296	346	97	1438	1230	253	465	2616	330	198	638	492	1164	487	476	355	1251	274	1834	573	626	1934	1615	469	170	515	183	332	1263	703	830	330	174	448	206	1171	206	2255	534	343	456	1172	753	550	358	177	91	345	1277	1415	160	356	616	366	183	752	491	507	91	1315	1495	328	494	1402	196	453	2367	477	340	453	358	295	492	343	1848	559	246	1593	561	300	742	1017	367	1710	127	604	578	315	76	1188	1927	1311	127	338	543	438	577	527	1331	565	593	629	547	1027	1177	936	193	1295	210	1275	1323	1780	201	1165	578	607	387	1015	2171	157	619	346	769	1342	938	328	349	97	1990	631	168	358	2171	1195	1272	1369	421
135	176	2243	551	404	131	274	1361	177	386	99	1013	864	901	188	244	322	388	904	282	922	1534	161	265	0	173	88	341	469	963	980	1140	513	305	176	197	1718	422	1502	198	1095	141	1231	548	91	444	3924	235	265	361	293	67	3177	188	257	198	566	1211	252	174	882	881	303	916	361	446	451	398	137	1988	271	1048	240	224	1289	1491	255	277	2436	206	153	408	304	920	288	340	239	1378	96	1721	493	390	1758	1457	426	361	396	93	326	1013	922	1030	206	93	408	366	915	366	1991	787	88	242	916	996	480	177	327	216	252	1228	1165	111	269	351	271	93	518	308	327	216	1162	1231	588	377	1247	154	310	2103	335	242	310	268	278	304	333	1686	484	250	1589	496	53	478	1088	195	1554	200	751	319	318	197	923	1727	1432	200	205	451	304	525	397	1077	437	495	396	809	882	1037	1186	445	1385	351	1023	1069	1517	160	1142	417	869	257	752	1906	329	513	242	631	1510	678	321	247	207	1725	398	358	268	1906	1095	1025	1618	284
248	346	2130	391	518	260	399	1190	245	502	78	839	692	729	337	80	466	345	730	365	769	1379	327	428	173	0	86	513	415	790	1141	966	436	474	246	368	1548	584	1358	107	990	313	1073	447	240	560	3763	317	428	193	379	162	3018	337	224	107	404	1183	325	244	755	709	418	1090	521	529	394	513	303	1860	390	874	357	367	1152	1659	325	319	2279	211	320	363	339	746	314	270	350	1529	236	1600	438	340	1604	1313	541	489	328	245	469	839	1096	1201	211	254	526	539	743	539	1831	929	86	118	744	1169	434	144	499	362	374	1153	992	284	388	196	386	245	347	347	217	362	1024	1073	756	315	1107	322	243	1952	261	363	243	387	326	339	474	1539	435	323	1534	452	171	315	1221	282	1412	335	914	223	466	368	766	1564	1581	335	201	394	386	624	464	905	353	426	348	976	754	909	1358	594	1522	522	850	897	1352	326	1085	454	1020	224	589	1747	454	436	360	519	1672	552	464	365	353	1567	349	486	387	1747	990	851	1791	369
172	264	2176	473	465	181	340	1273	206	448	11	926	778	816	254	162	398	368	816	324	838	1460	247	343	88	86	0	429	423	875	1065	1053	458	392	206	281	1629	499	1435	124	1031	229	1155	501	155	507	3838	256	343	278	338	81	3092	254	214	124	488	1183	268	204	808	793	347	1005	436	492	404	460	223	1915	333	961	300	286	1212	1573	269	297	2352	179	239	387	322	832	300	284	296	1459	165	1650	447	366	1675	1377	488	414	343	160	402	926	1011	1118	179	168	471	455	830	455	1914	851	0	162	831	1083	438	125	415	280	315	1178	1078	197	331	275	331	160	429	327	255	280	1084	1155	670	326	1168	241	254	2032	277	304	254	330	280	322	407	1605	441	266	1548	455	100	399	1161	237	1475	256	836	270	396	281	847	1641	1513	256	172	404	347	580	434	991	377	443	373	890	808	963	1272	513	1460	439	937	983	1437	246	1099	438	939	214	673	1830	380	458	303	562	1596	619	396	308	271	1650	375	412	330	1830	1031	937	1704	327
350	167	2518	868	313	326	250	1703	363	301	440	1348	1197	1232	267	577	189	593	1243	348	1252	1826	190	191	341	513	429	0	729	1303	655	1475	791	60	361	181	2059	232	1775	529	1373	200	1530	794	308	327	4258	409	191	691	343	379	3508	267	543	529	885	1377	427	360	1189	1222	364	577	224	416	717	306	212	2285	266	1385	273	280	1601	1191	433	417	2767	483	196	608	438	1259	444	634	285	1071	291	2010	751	603	2086	1775	322	352	680	302	193	1348	583	689	483	283	302	25	1247	25	2289	612	429	577	1248	669	730	491	15	271	262	1465	1500	238	264	672	277	302	859	434	648	271	1476	1530	317	659	1563	194	608	2382	633	264	608	267	475	438	203	2007	738	426	1785	742	347	801	826	334	1871	302	426	596	176	181	1226	2064	1129	302	488	717	356	423	424	1408	729	767	604	529	1191	1343	865	319	1107	19	1357	1401	1830	191	1355	492	653	543	1068	2204	346	791	271	933	1179	945	191	271	272	2022	605	351	267	2204	1373	1362	1293	345
386	606	1790	661	873	408	743	1135	630	855	414	921	812	853	462	457	780	758	784	746	604	1579	607	553	469	415	423	729	0	828	1380	1034	73	721	629	548	1457	653	1599	310	644	576	1278	824	440	912	3576	322	553	498	758	403	2822	462	212	310	665	768	306	627	482	708	406	1234	595	913	20	867	586	1557	740	936	710	456	890	1655	300	720	2080	264	597	776	744	801	721	145	708	1800	565	1281	24	752	1399	1071	895	470	88	445	785	921	1241	1377	264	466	876	750	865	750	1995	842	423	302	866	1261	27	299	714	462	722	759	1057	516	738	538	741	445	436	750	216	462	771	1278	825	99	858	597	172	2156	154	711	172	738	258	744	794	1304	21	306	1125	42	511	595	1540	657	1163	428	1154	627	774	548	993	1417	1859	428	264	20	768	994	857	1004	91	45	760	1006	484	628	1422	600	1830	746	938	994	1498	605	676	861	960	212	807	1916	446	73	712	234	1895	886	780	717	459	1748	762	468	738	1916	644	910	1844	748
1005	1135	1712	490	1238	1025	1149	422	982	1226	865	114	166	168	1106	727	1228	871	61	1076	392	812	1114	1205	963	790	875	1303	828	0	1910	205	767	1260	984	1153	785	1354	885	798	830	1102	553	728	1019	1277	3032	1024	1205	617	1090	939	2305	1106	851	798	472	1333	1020	983	589	126	1138	1880	1289	1199	818	1235	1091	1375	1135	109	1105	1126	719	2424	1016	998	1588	895	1108	873	1000	47	976	787	1095	2268	1017	1188	830	856	965	789	1259	1215	787	1024	1231	114	1886	1988	895	1038	1250	1328	163	1328	1184	1642	875	750	164	1956	854	851	1289	1125	1123	1093	229	1072	1134	648	1127	1024	454	1009	721	1125	629	553	1532	801	664	1109	795	1368	781	1113	795	1132	990	1000	1232	959	843	1019	1496	861	956	531	1925	1022	878	1091	1688	768	1232	1153	411	851	2313	1091	885	818	1090	1306	1125	198	748	789	862	1745	584	639	2142	1340	2226	1311	134	187	687	1113	1134	1069	1750	851	360	1108	1181	767	1108	643	2439	623	1226	1112	1116	953	863	1212	1132	1108	830	84	2574	1081
1005	805	3162	1436	684	981	761	2324	928	693	1076	1937	1783	1813	918	1190	682	1079	1849	839	1901	2300	818	828	980	1141	1065	655	1380	1910	0	2061	1444	677	926	835	2685	764	2213	1176	2023	839	2030	1277	962	651	4904	1058	828	1294	825	1028	4157	918	1198	1176	1455	1961	1075	927	1845	1845	990	326	806	754	1369	685	842	2938	775	1979	804	924	2256	968	1081	921	3416	1138	826	1086	925	1864	946	1289	815	430	904	2662	1401	1093	2737	2430	667	950	1335	955	679	1937	323	225	1138	936	670	632	1827	632	2764	927	1065	1222	1828	482	1379	1143	670	918	786	2096	2086	889	775	1262	783	955	1488	917	1300	918	2131	2030	651	1314	2218	825	1263	2813	1288	796	1263	778	1123	925	678	2661	1387	1074	2382	1390	970	1382	362	887	2526	952	229	1149	679	835	1750	2705	494	952	1143	1369	829	660	820	1985	1384	1419	1090	656	1846	1998	617	850	526	639	1942	1979	2350	820	1974	894	871	1198	1624	2681	959	1444	801	1588	531	1434	684	797	921	2499	1090	950	778	2681	2023	1959	916	834
1193	1307	1770	624	1380	1211	1302	357	1138	1369	1044	127	279	248	1292	898	1385	996	251	1222	568	635	1284	1390	1140	966	1053	1475	1034	205	2061	0	973	1429	1140	1334	691	1542	732	986	995	1275	419	826	1202	1417	2933	1219	1390	783	1236	1122	2223	1292	1047	986	606	1519	1216	1139	774	330	1333	2052	1477	1329	1023	1378	1262	1421	1288	97	1260	1315	828	2615	1212	1140	1528	1089	1279	994	1139	233	1116	988	1249	2402	1185	1267	1036	981	960	856	1400	1409	991	1207	1386	127	2058	2153	1089	1219	1393	1500	234	1500	982	1841	1053	939	233	2136	1059	1040	1462	1313	1277	1260	25	1250	1287	806	1278	1207	645	1147	918	1313	760	419	1718	1004	775	1280	994	1174	981	1268	994	1284	1187	1139	1386	986	1049	1215	1653	1067	1127	680	2048	1177	932	1280	1844	912	1389	1334	405	803	2443	1280	1078	1023	1233	1435	1257	90	952	995	986	1934	769	801	2325	1533	2346	1482	118	90	489	1283	1314	1194	1947	1047	448	908	1376	973	1262	848	2587	694	1382	1266	1304	759	986	1407	1284	908	995	124	2757	1227
443	660	1734	637	918	466	788	1064	664	900	448	863	760	801	526	467	831	773	725	783	530	1530	659	619	513	436	458	791	73	767	1444	973	0	779	664	610	1384	724	1557	338	585	630	1232	820	494	958	3504	388	619	490	796	449	2750	526	258	338	639	760	373	663	410	645	477	1304	665	950	77	911	637	1494	784	875	753	522	820	1729	367	750	2008	315	649	789	773	742	749	174	750	1862	609	1220	65	765	1327	1000	940	542	116	500	836	863	1311	1446	315	521	922	812	812	812	1940	915	458	319	814	1333	92	338	775	527	766	719	996	570	782	535	784	500	397	780	222	527	700	1232	897	136	787	649	204	2105	180	755	204	782	326	773	843	1233	80	373	1098	95	552	576	1594	695	1093	493	1217	636	826	610	954	1344	1920	493	313	77	805	1036	892	947	83	27	773	1079	412	558	1495	673	1887	807	880	937	1442	657	648	889	1033	258	770	1861	518	0	755	160	1961	869	830	760	524	1696	775	540	782	1861	585	849	1918	786
336	129	2512	817	260	312	190	1664	307	248	403	1302	1150	1185	265	533	133	534	1200	288	1225	1770	146	210	305	474	392	60	721	1260	677	1429	779	0	305	176	2022	282	1717	499	1364	163	1475	736	287	279	4229	408	210	646	283	351	3481	265	526	499	834	1392	427	305	1171	1184	379	623	263	361	707	253	170	2272	205	1340	213	286	1582	1249	432	358	2740	466	153	549	378	1216	384	617	225	1084	243	1999	743	544	2060	1754	272	379	666	281	138	1302	629	727	466	261	252	80	1199	80	2234	668	392	546	1200	723	724	466	57	276	202	1467	1454	212	204	624	217	281	821	374	623	276	1456	1475	377	645	1542	152	589	2325	614	204	589	207	473	378	149	1985	731	425	1796	737	304	752	822	276	1851	303	447	542	120	176	1172	2033	1141	303	470	707	295	376	365	1361	713	756	545	589	1172	1325	919	363	1109	56	1311	1354	1777	147	1361	433	712	526	1017	2149	368	779	211	916	1205	887	135	210	275	1966	546	377	207	2149	1364	1318	1346	285
308	214	2375	519	273	300	165	1398	2	258	215	1014	861	893	334	272	245	244	923	120	1010	1465	184	376	176	246	206	361	629	984	926	1140	664	305	0	299	1761	522	1415	328	1233	196	1169	436	255	315	3990	410	376	368	134	240	3249	334	418	328	537	1383	427	1	1001	921	464	923	472	286	610	269	172	2106	153	1055	121	372	1397	1552	430	101	2513	375	184	262	129	938	116	490	112	1297	105	1846	653	251	1841	1556	296	512	549	254	247	1014	929	1014	375	243	282	384	907	384	1928	909	206	357	908	1028	643	330	351	362	139	1384	1165	225	151	335	146	254	571	132	455	362	1270	1169	663	532	1352	186	460	2022	483	129	460	149	455	129	248	1781	646	425	1754	660	123	459	979	39	1655	358	704	237	249	299	867	1790	1346	358	371	610	141	379	228	1068	583	649	254	882	1000	1155	1225	570	1280	362	1021	1061	1473	184	1305	241	977	418	716	1843	482	664	124	762	1456	584	242	129	354	1661	255	509	149	1843	1233	1034	1650	123
170	103	2339	749	395	146	281	1543	301	379	290	1207	1060	1097	89	441	272	543	1094	349	1077	1729	128	76	197	368	281	181	548	1153	835	1334	610	176	299	0	1895	228	1693	361	1193	104	1427	725	136	425	4083	231	76	558	352	214	3333	89	363	361	764	1219	250	298	1009	1065	211	733	174	477	536	388	129	2104	289	1241	275	113	1421	1293	256	388	2591	303	123	561	415	1111	410	454	282	1252	197	1829	570	549	1909	1596	413	231	499	130	278	1207	739	857	303	115	392	203	1111	203	2187	610	281	410	1112	803	550	318	165	102	275	1290	1359	87	287	549	297	130	702	415	473	102	1297	1427	391	478	1383	121	428	2296	453	269	428	289	297	415	289	1828	557	249	1620	562	227	676	998	291	1692	126	607	504	262	0	1119	1893	1310	126	309	536	366	521	456	1273	548	585	553	612	1010	1162	991	270	1284	197	1218	1265	1715	127	1185	505	682	363	950	2103	210	610	275	752	1358	864	273	278	100	1921	554	229	289	2103	1193	1217	1423	348
1733	1894	1313	1276	2021	1756	1926	363	1759	2008	1619	792	936	918	1834	1495	2003	1657	846	1858	853	1055	1876	1936	1718	1548	1629	2059	1457	785	2685	691	1384	2022	1761	1895	0	2073	1216	1533	1075	1859	1011	1504	1759	2060	2248	1728	1936	1392	1873	1682	1531	1834	1554	1533	1257	1627	1719	1760	1015	840	1836	2629	2008	1984	1455	2018	1852	961	1913	742	1882	1847	746	3112	1714	1781	846	1608	1868	1658	1784	833	1760	1473	1873	3052	1783	943	1448	1641	440	616	2042	1909	1451	1765	2006	792	2635	2748	1608	1781	2033	2084	906	2084	1125	2299	1629	1484	906	2687	1475	1579	2044	1848	1900	1291	674	1821	1912	1428	1906	1765	1200	1793	1429	1848	791	1011	2252	1470	730	1870	1490	1375	1470	1890	1490	1910	1679	1784	2008	559	1464	1718	1578	1476	1719	1315	2711	1799	617	1813	2460	1552	2005	1895	1095	208	3097	1813	1599	1455	1873	2091	1911	781	1402	1411	1647	2452	1011	926	2862	2040	3012	2069	795	782	837	1874	1410	1854	2417	1554	1126	1092	1879	1384	1885	1225	3216	1382	2001	1890	1841	1049	1648	1907	1910	1092	1075	756	3291	1863
349	309	2406	972	543	330	461	1728	524	530	506	1416	1272	1311	249	662	415	766	1297	549	1234	1956	339	157	422	584	499	232	653	1354	764	1542	724	282	522	228	2073	0	1922	555	1279	325	1653	953	344	559	4228	346	157	777	548	423	3474	249	518	555	987	1202	357	521	1135	1258	246	581	65	643	647	536	349	2198	474	1447	471	228	1543	1075	362	603	2732	465	338	784	628	1314	627	601	481	1193	424	1918	670	773	2051	1725	553	190	631	339	420	1416	588	727	465	331	534	230	1325	230	2413	392	499	604	1326	615	645	503	227	229	465	1334	1567	315	472	773	484	339	900	626	644	229	1424	1653	179	611	1511	335	582	2524	604	463	582	475	401	628	431	1958	655	357	1620	653	455	899	1002	507	1817	263	556	733	403	228	1345	2055	1257	263	474	647	561	655	642	1485	682	697	777	392	1137	1281	791	94	1262	249	1428	1477	1937	339	1210	703	455	518	1172	2328	207	724	470	881	1255	1093	418	471	237	2147	778	190	475	2328	1279	1422	1222	547
1606	1626	2460	972	1559	1616	1540	1013	1413	1557	1430	771	812	775	1688	1278	1623	1185	893	1441	1277	171	1597	1766	1502	1358	1435	1775	1599	885	2213	732	1557	1717	1415	1693	1216	1922	0	1428	1715	1603	334	981	1588	1583	3257	1670	1766	1172	1450	1516	2626	1688	1528	1428	962	2210	1675	1416	1471	1002	1776	2309	1863	1469	1583	1561	1581	2104	1524	792	1508	1721	1559	2967	1673	1362	2031	1547	1596	1171	1346	881	1335	1503	1495	2454	1502	1982	1609	1174	1602	1570	1571	1847	1530	1592	1622	771	2314	2365	1547	1595	1575	1798	768	1798	564	2286	1435	1392	766	2433	1626	1483	1766	1715	1522	1979	724	1606	1524	1162	1512	1592	1163	1352	1420	1715	1492	334	2076	1535	1507	1598	1497	608	1494	1517	1497	1521	1664	1346	1617	1664	1619	1673	2379	1639	1466	1049	2078	1441	1636	1691	2034	1189	1632	1693	607	1396	2478	1691	1536	1583	1441	1554	1414	692	1507	1571	1173	2297	1466	1522	2631	1947	2340	1774	750	702	383	1597	2016	1336	2372	1528	794	485	1812	1557	1510	1475	2690	831	1619	1511	1705	321	1173	1845	1521	485	1715	810	3047	1445
206	371	2052	455	590	226	464	1181	328	573	113	861	720	760	307	168	519	452	741	447	725	1438	359	407	198	107	124	529	310	798	1176	986	338	499	328	361	1533	555	1428	0	906	336	1132	547	225	631	3729	244	407	256	461	150	2981	307	119	0	465	1078	247	326	685	705	356	1095	490	614	290	584	335	1792	458	891	425	328	1091	1629	246	412	2240	120	350	470	435	758	412	166	421	1577	287	1526	334	447	1561	1258	613	431	225	231	523	861	1101	1217	120	248	596	554	774	554	1884	871	124	49	775	1160	329	56	514	326	440	1057	1012	290	455	276	455	231	344	442	130	326	963	1132	734	210	1048	351	138	2015	158	428	138	455	237	435	529	1487	329	245	1433	346	223	379	1284	360	1356	293	947	329	516	361	827	1535	1631	293	108	290	469	704	554	932	255	324	455	947	685	840	1343	548	1582	541	873	924	1397	357	984	552	970	119	643	1800	396	338	427	438	1705	640	517	432	318	1623	456	428	455	1800	906	867	1776	450
1028	1246	1148	1026	1496	1051	1368	875	1233	1479	1020	944	934	963	1106	994	1415	1291	830	1353	439	1631	1244	1195	1095	990	1031	1373	644	830	2023	995	585	1364	1233	1193	1075	1279	1715	906	0	1215	1384	1272	1080	1537	2997	965	1195	968	1367	1032	2242	1106	843	906	1017	561	948	1231	275	721	1037	1858	1226	1519	657	1490	1222	918	1363	924	1331	1098	341	2185	942	1309	1513	900	1234	1304	1328	840	1303	755	1327	2444	1190	639	622	1280	860	518	1519	1090	701	1086	1420	944	1865	2007	900	1106	1501	1394	966	1394	1946	1371	1031	875	968	1864	644	918	1358	1105	1345	264	1009	1156	1361	1019	1362	1086	773	1336	777	1105	288	1384	1440	721	345	1235	785	2158	759	1334	785	1360	900	1328	1427	733	636	949	667	633	1129	997	2180	1267	589	1072	1798	1148	1410	1193	1196	958	2503	1072	898	657	1374	1611	1455	1023	658	608	1288	1592	278	194	2005	1212	2472	1390	964	1013	1474	1242	342	1440	1494	843	1057	1880	1073	585	1333	470	2532	1259	1414	1338	1102	1748	1290	1089	1360	1880	0	904	2408	1356
193	34	2364	674	314	173	189	1502	199	297	240	1148	997	1033	163	377	205	441	1042	246	1061	1644	32	181	141	313	229	200	576	1102	839	1275	630	163	196	104	1859	325	1603	336	1215	0	1344	628	136	349	4065	285	181	492	251	189	3317	163	372	336	690	1285	304	196	1013	1022	299	778	276	385	561	307	24	2117	195	1185	175	199	1423	1372	309	283	2577	314	23	459	311	1058	305	462	181	1242	100	1847	600	447	1897	1593	334	331	514	131	210	1148	784	888	314	110	313	226	1048	226	2105	713	229	382	1049	864	583	306	187	188	178	1332	1300	62	192	475	200	131	659	310	462	188	1296	1344	474	493	1382	22	433	2207	458	171	433	194	345	311	220	1823	589	302	1677	597	148	604	964	186	1690	197	610	413	198	104	1038	1869	1298	197	317	561	264	441	357	1210	559	608	451	695	1014	1168	1057	374	1257	210	1157	1202	1639	30	1235	402	780	372	875	2020	306	630	176	759	1369	772	205	179	181	1838	452	328	194	2020	1215	1162	1487	246
1321	1371	2183	682	1352	1334	1311	743	1167	1347	1149	440	480	441	1410	994	1396	960	559	1215	945	306	1343	1495	1231	1073	1155	1530	1278	553	2030	419	1232	1475	1169	1427	1011	1653	334	1132	1384	1344	0	756	1311	1382	3177	1376	1495	882	1227	1235	2504	1410	1225	1132	669	1875	1379	1169	1137	667	1486	2087	1591	1275	1263	1353	1325	1831	1295	465	1274	1441	1245	2717	1377	1133	1854	1250	1341	950	1121	547	1106	1191	1261	2315	1245	1686	1287	947	1350	1274	1367	1560	1213	1315	1396	440	2092	2160	1250	1321	1368	1554	434	1554	760	2001	1155	1092	432	2198	1305	1188	1519	1436	1290	1646	417	1339	1295	880	1284	1315	843	1128	1109	1436	1170	0	1816	1220	1192	1343	1188	884	1183	1283	1188	1292	1363	1121	1392	1393	1297	1378	2049	1317	1200	758	1944	1199	1348	1409	1833	933	1403	1427	307	1166	2347	1409	1238	1263	1220	1371	1211	365	1187	1248	948	2038	1132	1192	2394	1668	2225	1531	419	374	324	1343	1682	1136	2094	1225	488	676	1525	1232	1276	1143	2532	598	1393	1279	1426	494	948	1557	1292	676	1384	482	2819	1220
