NAME : VRPTW_INSTANCE_172.txt
COMMENT : Bangkok Supermarket
TYPE : VRPTW
DIMENSION : 229
DAYS : Wednesday
EDGE_WEIGHT_TYPE : EXPLICIT
VEHICLES : 33
EDGE_WEIGHT_FORMAT : FULL_MATRIX
CAPACITY : 1000
EDGE_WEIGHT_SECTION
0	595	223	530	254	153	582	267	152	118	395	215	46	221	420	349	149	102	978	420	474	603	1144	230	196	374	121	365	309	33	540	1424	847	412	76	867	210	1424	815	165	481	401	1074	529	451	603	2005	1068	264	221	212	309	991	412	599	404	1185	215	300	213	199	996	1922	424	474	346	305	101	549	1025	288	489	307	547	202	307	204	373	215	173	154	550	255	54	620	600	193	153	197	1121	1026	372	204	1936	216	2076	723	306	463	2038	418	479	258	1376	97	79	1433	300	24	815	364	207	963	412	111	120	659	622	196	394	156	371	214	120	1033	283	505	1077	437	575	1914	103	118	197	532	22	612	300	404	639	254	1930	893	189	126	1109	124	410	79	372	584	344	366	155	358	493	83	192	1727	1932	206	245	978	3159	386	408	215	254	1092	215	1132	3259	258	201	111	774	193	133	431	92	1095	1539	1111	695	192	1124	1821	101	463	25	206	301	178	546	244	218	307	1435	155	196	135	471	82	307	365	474	339	581	1817	255	1005	1022	242	284	996	119	344	860	610	357	14	672	1575	1059	118	411	246	1013	204
595	0	640	364	675	455	27	511	677	655	685	528	621	381	602	944	701	653	419	602	1027	752	584	819	492	645	713	846	537	597	770	898	268	653	651	353	637	1816	1225	433	722	569	1431	663	589	823	1685	554	330	381	669	682	473	623	18	736	1241	638	531	541	402	505	1839	597	121	829	485	685	686	464	687	106	481	349	684	289	666	857	543	427	645	320	374	604	461	911	512	634	533	582	1142	606	666	2411	638	1856	672	481	830	1443	568	522	487	1892	690	630	1422	531	603	594	636	799	784	579	541	655	305	745	492	736	447	599	541	657	524	489	93	551	161	223	2315	648	655	533	63	617	472	531	491	1212	845	1837	466	482	718	557	608	733	560	644	54	609	638	465	616	723	560	408	1344	1354	409	672	419	2840	617	576	636	845	1184	667	950	3176	487	479	701	954	620	529	491	641	545	1119	974	893	408	1203	1260	689	150	619	409	704	436	710	671	380	892	934	465	633	510	1009	633	481	634	1027	653	43	1343	374	437	454	834	499	505	710	609	1036	628	837	603	1012	1291	1557	655	585	838	1542	796
223	640	0	437	38	314	619	474	365	333	618	112	263	349	636	399	142	315	1055	636	396	389	1221	266	396	161	222	206	520	190	318	1525	908	633	282	830	12	1239	628	254	261	614	1279	327	263	826	2184	1171	346	349	433	532	1090	630	650	180	1407	8	511	98	332	1107	2138	231	526	189	184	192	766	1101	67	538	188	461	420	372	41	217	96	255	375	699	402	169	494	380	399	72	107	1212	1249	590	41	1790	7	2275	543	187	683	2061	237	320	459	1255	218	298	1652	511	200	992	153	333	1155	625	146	335	792	411	396	171	236	589	98	334	1137	484	547	1174	482	694	1735	138	333	107	580	217	481	511	260	587	367	2145	1022	384	222	1191	99	187	160	159	610	142	155	330	154	274	156	269	1887	1994	357	33	1055	3343	605	223	7	367	1315	34	1327	3478	459	395	210	998	31	342	285	309	1179	1685	1313	472	269	1347	1900	278	490	215	357	84	228	766	32	337	315	1549	330	27	160	631	299	188	155	396	120	612	1946	402	1076	1093	357	488	1107	216	142	636	427	198	211	460	1758	923	333	222	362	902	330
530	364	437	0	457	467	336	618	670	637	812	345	573	421	769	826	558	625	757	769	824	398	910	691	556	359	611	613	663	511	436	1237	600	800	605	405	441	1480	913	388	400	736	1563	316	263	1001	2049	907	352	421	703	765	828	780	382	449	1510	440	654	355	428	866	2164	283	320	601	254	577	888	797	452	318	250	25	705	322	477	624	355	380	655	615	461	504	116	586	573	473	361	923	1384	748	477	2100	440	2210	314	251	933	1658	256	179	592	1614	595	600	1719	654	522	924	354	724	1113	749	426	639	647	387	556	455	387	742	355	639	881	609	309	900	291	547	1975	521	637	361	337	543	119	654	189	1017	767	2164	830	540	614	891	465	443	457	359	311	336	356	488	336	396	455	368	1709	1634	457	460	757	3204	763	269	438	767	1438	471	1285	3508	592	545	597	1160	434	550	173	614	882	1482	1298	539	368	1463	1564	629	259	544	457	465	359	902	459	407	749	1283	488	446	397	1001	603	250	351	824	386	321	1695	461	765	780	755	618	866	606	336	674	263	606	529	687	1650	1275	637	277	760	1285	720
254	675	38	457	0	352	653	510	391	359	649	147	291	388	670	393	153	341	1091	670	369	372	1257	265	433	151	237	171	556	221	295	1562	943	666	308	855	48	1200	589	293	241	649	1297	317	263	857	2223	1208	385	388	461	562	1127	664	685	151	1439	44	546	133	371	1145	2173	230	562	154	208	210	801	1137	34	574	212	481	447	409	52	182	131	294	403	738	441	200	506	346	435	100	144	1248	1280	624	52	1752	44	2313	540	212	708	2090	240	328	495	1219	237	325	1686	546	230	1031	145	344	1193	660	184	362	830	396	433	140	275	623	133	361	1175	521	582	1211	517	732	1696	161	359	144	616	245	492	546	274	561	374	2180	1061	420	236	1227	131	159	196	149	644	141	146	367	151	255	192	308	1926	2027	396	9	1091	3381	638	226	45	374	1346	40	1365	3512	495	432	226	1028	69	377	298	336	1215	1724	1350	446	308	1379	1935	300	524	244	396	47	267	799	9	376	306	1586	367	61	199	641	327	212	147	369	107	646	1984	441	1111	1128	364	524	1145	231	141	609	425	162	242	423	1796	886	359	223	369	867	340
153	455	314	467	352	0	446	174	226	201	356	247	168	74	341	497	292	197	826	341	625	644	992	383	97	430	273	495	223	168	601	1271	699	355	196	754	304	1550	938	88	540	313	1095	558	470	558	1873	915	135	74	240	298	838	342	457	486	1117	308	213	254	53	843	1833	451	336	476	304	253	472	874	382	352	304	479	247	179	313	504	256	95	200	401	102	184	573	690	110	263	235	968	969	304	313	2080	308	1961	716	303	466	1895	436	471	153	1524	250	174	1353	213	169	681	419	345	840	326	167	201	508	657	97	479	99	301	255	203	880	177	370	924	305	422	2044	239	201	235	393	175	569	213	396	792	391	1838	742	81	279	956	229	490	161	428	451	392	421	21	406	550	164	101	1585	1781	53	345	826	3030	320	431	307	391	1031	322	1013	3176	153	90	264	727	283	85	420	186	942	1392	999	757	101	1061	1669	236	337	178	53	399	126	477	344	77	459	1283	21	292	159	565	177	304	418	625	406	447	1666	102	855	871	380	183	843	272	392	923	612	487	164	774	1445	1204	201	436	384	1162	342
582	27	619	336	653	446	0	511	669	646	688	507	610	372	609	930	684	643	443	609	1008	724	607	804	488	620	699	825	539	582	744	923	290	659	640	344	617	1790	1200	419	696	575	1438	636	563	832	1713	580	317	372	665	682	500	629	46	711	1260	617	532	521	392	533	1864	571	109	808	461	670	697	488	664	94	457	322	679	275	646	836	522	413	639	338	369	589	433	885	508	616	513	607	1158	610	646	2387	617	1883	644	458	833	1457	542	495	487	1870	677	620	1443	532	589	618	611	788	808	586	524	646	330	718	488	712	432	603	521	648	551	490	77	577	145	244	2288	632	646	513	55	604	444	532	465	1194	834	1861	494	477	704	581	590	708	544	620	28	585	614	456	592	696	545	393	1372	1374	402	651	443	2868	622	550	616	834	1201	647	975	3202	487	474	686	967	600	522	465	632	569	1146	998	866	393	1221	1282	678	129	606	402	682	420	720	650	370	877	961	456	613	493	1003	623	457	609	1008	629	16	1370	369	460	477	823	500	533	696	585	1008	600	816	590	986	1318	1534	646	559	827	1521	784
267	511	474	618	510	174	511	0	225	225	194	420	250	198	166	547	415	236	815	166	724	819	974	465	79	602	364	633	49	296	773	1221	711	183	259	848	463	1691	1082	261	712	140	951	733	645	387	1742	874	266	198	180	170	802	168	506	652	943	467	38	426	194	795	1664	626	409	614	478	359	297	862	542	424	478	627	202	300	465	640	428	267	187	334	160	317	730	854	75	413	407	937	795	131	465	2194	467	1809	885	477	326	1908	611	643	26	1625	344	229	1181	38	291	556	591	387	697	152	330	223	453	832	79	644	274	127	427	226	837	25	445	888	394	395	2181	370	225	407	456	285	728	38	568	869	425	1670	676	94	370	934	379	657	314	600	525	565	593	154	579	722	318	269	1473	1761	163	501	815	2893	147	605	466	425	856	475	865	3005	26	83	361	554	442	134	591	230	919	1295	844	929	269	886	1635	298	434	287	163	558	300	302	501	212	538	1220	154	449	329	512	230	478	591	724	575	518	1585	160	848	864	417	19	795	366	565	1095	785	625	281	933	1310	1317	225	611	419	1260	385
152	677	365	670	391	226	669	225	0	34	276	368	106	298	332	322	252	51	1024	332	514	752	1186	255	194	523	175	465	247	182	684	1444	908	306	83	980	353	1508	909	285	627	325	921	681	603	476	1949	1094	361	298	76	180	1020	316	677	542	1064	357	242	366	279	1016	1814	576	560	448	456	187	449	1071	425	575	458	686	56	405	338	470	368	293	38	556	304	200	766	730	177	293	350	1154	898	279	338	1983	358	1995	876	457	317	2107	571	631	232	1408	163	73	1318	242	171	775	513	163	901	332	263	32	674	772	194	531	283	282	367	32	1057	249	594	1106	531	606	1989	229	34	350	615	150	759	242	556	647	200	1823	901	200	179	1148	270	550	232	521	676	495	515	213	509	640	235	309	1692	1976	267	381	1024	3094	290	560	358	200	967	350	1062	3143	232	206	179	645	338	147	583	59	1133	1519	1032	837	309	1001	1854	99	563	151	267	436	310	439	381	303	321	1445	213	338	284	339	70	458	514	514	485	672	1810	304	1055	1072	192	245	1016	179	495	1000	763	458	160	792	1516	1109	34	563	193	1044	161
118	655	333	637	359	201	646	225	34	0	300	333	72	274	347	323	224	17	1010	347	502	719	1174	242	183	489	152	440	253	148	651	1437	891	326	51	952	320	1489	887	254	594	336	956	646	569	503	1960	1085	335	274	103	206	1010	333	656	511	1090	325	247	332	254	1008	1837	541	537	423	421	160	468	1058	393	552	424	653	87	379	307	446	333	262	48	550	285	166	732	700	168	260	315	1144	926	295	307	1973	325	2011	841	422	349	2090	536	596	228	1401	137	38	1343	247	137	781	479	163	912	345	228	2	666	738	183	500	251	297	332	2	1049	248	571	1097	506	594	1973	198	0	315	593	116	725	247	521	643	205	1846	895	186	157	1136	236	518	197	487	652	460	481	190	475	607	201	278	1697	1963	245	349	1010	3107	307	526	325	205	994	319	1075	3168	228	194	154	673	305	128	548	25	1122	1521	1047	805	278	1028	1844	77	537	117	245	405	278	460	349	277	313	1440	190	306	250	369	36	424	481	502	452	648	1809	285	1041	1057	195	245	1008	156	460	968	728	433	125	765	1527	1097	0	529	198	1036	161
395	685	618	812	649	356	688	194	276	300	0	587	360	391	106	565	524	317	934	106	781	988	1082	527	259	763	451	740	153	428	932	1294	853	48	350	1030	606	1783	1185	444	872	128	758	906	821	208	1697	964	460	391	199	97	901	78	677	799	791	610	162	590	385	881	1538	799	592	723	657	460	179	979	683	607	658	821	222	494	599	746	592	450	251	442	354	449	923	995	245	549	572	1035	630	79	599	2242	611	1724	1072	656	147	2032	787	827	220	1660	437	327	1043	162	419	561	752	421	654	124	486	297	556	1003	259	789	453	86	591	299	927	207	628	983	583	529	2262	492	300	572	635	404	920	162	751	893	444	1546	751	276	455	1040	519	805	462	761	706	729	754	334	743	883	466	456	1462	1856	355	640	934	2831	70	779	610	444	697	610	804	2868	220	269	454	380	588	288	775	319	1025	1309	766	1088	456	730	1718	375	623	406	355	696	481	164	640	405	587	1279	334	591	494	418	326	658	753	781	731	697	1615	354	971	986	440	197	881	455	729	1253	968	733	407	1063	1264	1373	300	784	440	1299	421
215	528	112	345	147	247	507	420	368	333	587	0	261	262	586	481	212	317	943	586	506	401	1110	345	341	183	270	318	468	187	353	1415	796	594	289	726	110	1333	725	169	292	560	1289	320	237	795	2094	1062	245	262	423	511	981	585	538	246	1363	111	458	13	250	999	2079	212	415	301	95	236	718	990	163	426	98	367	416	265	142	329	15	166	366	604	318	173	419	449	349	128	17	1101	1212	546	142	1897	111	2198	508	97	673	1950	204	265	400	1366	257	294	1600	458	199	906	171	385	1075	572	105	335	691	416	341	241	152	543	13	335	1028	424	435	1064	370	591	1831	178	333	17	468	221	408	458	192	696	425	2084	919	326	272	1080	121	248	135	181	498	145	174	266	159	302	132	176	1789	1881	279	144	943	3254	561	195	109	425	1275	141	1250	3423	400	336	256	965	96	299	219	308	1068	1584	1241	509	176	1305	1788	302	377	221	279	181	134	721	143	248	406	1441	266	109	92	674	297	98	171	506	162	500	1840	318	964	981	414	430	999	264	145	675	395	309	209	539	1671	1033	333	198	419	1014	381
46	621	263	573	291	168	610	250	106	72	360	261	0	242	393	329	168	56	994	393	476	647	1160	222	188	417	115	387	288	76	581	1433	868	380	32	903	250	1443	837	200	523	378	1028	574	496	566	1992	1079	293	242	170	270	1003	383	624	442	1151	254	280	259	220	1005	1893	469	501	369	351	108	520	1042	325	516	353	591	158	336	239	394	261	208	112	553	267	94	665	635	180	191	243	1134	989	343	239	1944	255	2055	769	352	420	2063	464	525	246	1379	94	35	1401	280	64	805	407	177	947	387	157	74	665	666	188	432	194	344	260	74	1043	269	534	1089	466	585	1931	132	72	243	558	45	657	280	451	632	223	1901	898	184	121	1124	165	449	125	415	613	388	410	165	402	535	129	226	1720	1949	220	281	994	3143	357	453	255	223	1057	251	1114	3227	246	195	110	737	234	124	478	47	1110	1536	1090	735	226	1090	1835	67	494	47	220	338	218	515	281	241	298	1442	165	235	180	427	37	353	409	476	381	610	1819	267	1023	1040	212	268	1005	116	388	899	656	380	53	704	1561	1067	72	456	216	1014	174
221	381	349	421	388	74	372	198	298	274	391	262	242	0	356	569	352	271	756	356	687	643	922	452	137	442	343	543	244	231	610	1205	626	381	270	685	340	1589	977	95	550	325	1143	553	464	584	1835	850	71	0	304	348	771	363	383	509	1124	344	234	272	21	779	1824	449	262	524	297	319	483	804	414	278	296	430	314	111	356	553	275	96	270	350	56	244	532	712	156	310	255	900	984	329	356	2132	344	1935	690	295	514	1821	430	451	172	1582	319	248	1353	234	235	644	431	419	812	338	208	274	449	652	137	503	113	324	273	276	814	191	296	857	232	358	2085	297	274	255	319	244	530	234	378	859	465	1828	683	121	348	887	276	511	211	441	378	403	433	84	416	558	214	87	1538	1710	36	382	756	2994	344	427	343	465	1042	363	987	3170	172	125	332	748	319	152	400	260	873	1340	979	764	87	1070	1600	309	266	247	36	432	128	493	381	16	528	1220	84	330	189	636	251	296	430	687	424	374	1609	56	783	800	454	199	779	341	403	928	593	534	232	801	1410	1258	274	434	458	1221	416
420	602	636	769	670	341	609	166	332	347	106	586	393	356	0	643	562	362	831	0	847	985	977	587	245	768	499	781	117	451	939	1189	754	59	392	953	624	1836	1231	428	878	34	829	900	811	232	1618	858	420	356	261	176	795	27	593	815	776	628	128	592	357	775	1503	793	520	763	644	501	131	875	703	533	644	775	286	446	623	788	594	433	300	340	309	473	883	1016	238	571	573	929	629	53	623	2315	629	1664	1047	643	248	1928	777	806	188	1737	481	365	1016	128	444	462	757	491	571	23	494	345	452	998	245	807	440	50	593	347	821	166	554	877	517	432	2320	522	347	573	557	434	883	128	732	972	520	1509	645	260	504	934	539	820	475	766	628	731	759	320	746	889	479	434	1372	1750	324	661	831	2761	45	772	628	520	689	633	729	2842	188	250	498	392	604	294	755	361	919	1212	699	1095	434	719	1612	425	558	436	324	718	466	136	661	372	654	1175	320	610	495	522	365	644	757	847	740	619	1515	309	868	882	514	159	775	502	731	1262	949	774	433	1092	1185	1441	347	778	515	1374	490
349	944	399	826	393	497	930	547	322	323	565	481	329	569	643	0	268	316	1324	643	240	742	1489	135	505	540	231	330	569	348	649	1759	1196	605	304	1199	391	1249	688	511	609	641	1001	703	656	732	2260	1406	613	569	384	471	1330	622	948	504	1306	394	565	471	547	1330	2071	623	823	323	573	262	744	1371	415	838	577	848	358	655	357	326	471	518	360	873	595	344	892	624	491	353	466	1463	1130	590	357	1677	394	2286	931	576	535	2388	633	719	552	1095	253	331	1568	565	341	1096	536	160	1214	647	416	325	989	770	505	491	499	594	471	322	1370	571	853	1417	785	913	1713	310	323	466	881	327	880	565	658	328	123	2082	1219	506	227	1452	363	514	391	539	930	534	537	494	544	623	391	537	2012	2278	549	386	1324	3397	598	619	396	123	1202	365	1369	3376	552	515	244	883	394	445	684	325	1438	1841	1331	773	537	1239	2163	263	808	324	549	412	515	727	387	567	91	1764	494	384	449	313	329	577	539	240	497	929	2132	595	1352	1369	130	567	1330	235	534	914	816	329	340	647	1827	812	323	617	129	734	162
149	701	142	558	153	292	684	415	252	224	524	212	168	352	562	268	0	207	1101	562	334	526	1268	132	346	302	85	219	455	125	447	1557	962	548	174	933	132	1276	668	272	394	546	1145	468	406	728	2155	1201	377	352	327	431	1122	551	708	299	1315	136	447	202	331	1132	2060	374	581	200	305	64	688	1148	185	595	309	580	309	414	103	225	202	276	272	694	394	108	627	478	342	84	197	1250	1150	512	103	1788	136	2223	686	307	566	2141	379	459	407	1232	89	198	1567	447	127	964	295	191	1112	556	159	227	800	550	346	287	255	512	203	226	1166	432	608	1208	539	710	1765	54	224	197	638	130	615	447	394	512	224	2068	1034	338	83	1235	97	308	143	300	680	285	296	299	297	408	141	295	1875	2051	345	144	1101	3308	525	365	137	224	1219	115	1280	3393	407	350	76	897	130	282	420	205	1221	1684	1258	594	295	1252	1947	155	557	127	345	192	264	682	144	344	196	1573	299	121	191	489	199	309	297	334	259	680	1959	394	1126	1143	214	432	1132	79	285	754	570	211	135	540	1724	912	224	365	219	870	188
102	653	315	625	341	197	643	236	51	17	317	317	56	271	362	316	207	0	1013	362	489	701	1177	229	188	472	136	423	266	131	634	1442	891	343	33	946	302	1473	870	245	576	351	972	630	552	521	1973	1090	330	271	120	224	1015	349	654	493	1108	307	260	316	251	1014	1854	525	533	406	407	142	484	1060	375	549	409	642	105	373	289	429	317	253	65	556	286	149	719	682	175	242	300	1148	944	310	289	1960	307	2027	825	408	367	2090	520	581	237	1389	120	25	1360	260	120	792	462	157	926	359	213	20	672	721	188	482	241	312	316	19	1054	258	567	1101	502	598	1957	180	17	300	590	99	711	260	506	633	200	1863	902	190	141	1139	219	500	181	470	648	443	464	188	457	589	185	270	1709	1966	244	331	1013	3121	323	510	307	200	1012	301	1090	3185	237	198	137	691	288	130	533	11	1125	1531	1062	787	270	1045	1849	63	532	100	244	387	267	476	331	273	301	1447	188	288	235	378	22	409	463	489	434	644	1818	286	1043	1059	190	255	1014	140	443	950	713	416	109	747	1540	1084	17	512	193	1024	154
978	419	1055	757	1091	826	443	815	1024	1010	934	943	994	756	831	1324	1101	1013	0	831	1434	1155	167	1208	829	1064	1099	1261	819	986	1183	481	156	890	1020	504	1051	2231	1644	829	1137	806	1596	1070	1002	995	1358	167	724	756	994	970	112	857	407	1155	1224	1052	817	957	778	175	1667	1013	528	1244	904	1075	855	47	1104	517	901	737	1014	689	1078	1272	959	824	988	492	728	997	830	1327	846	1042	948	166	1182	859	1078	2831	1052	1588	1036	901	1079	1098	984	929	799	2310	1076	994	1334	817	990	543	1055	1168	688	810	944	1010	378	1144	829	1156	845	851	957	1012	156	789	509	150	573	419	2728	1047	1010	948	475	1000	844	817	906	1612	1213	1658	266	824	1104	137	1013	1152	958	1063	460	1029	1058	829	1035	1137	959	806	992	954	774	1088	0	2490	864	992	1050	1213	1200	1080	805	2961	799	817	1088	1072	1032	882	904	1003	126	753	860	1297	806	1207	846	1061	569	1003	774	1122	840	885	1086	760	1284	526	829	1045	915	1326	997	901	1053	1434	1072	454	939	728	40	51	1203	797	175	1097	1029	1428	1016	1253	988	1429	1014	1975	1010	1001	1206	1957	1166
420	602	636	769	670	341	609	166	332	347	106	586	393	356	0	643	562	362	831	0	847	985	977	587	245	768	499	781	117	451	939	1189	754	59	392	953	624	1836	1231	428	878	34	829	900	811	232	1618	858	420	356	261	176	795	27	593	815	776	628	128	592	357	775	1503	793	520	763	644	501	131	875	703	533	644	775	286	446	623	788	594	433	300	340	309	473	883	1016	238	571	573	929	629	53	623	2315	629	1664	1047	643	248	1928	777	806	188	1737	481	365	1016	128	444	462	757	491	571	23	494	345	452	998	245	807	440	50	593	347	821	166	554	877	517	432	2320	522	347	573	557	434	883	128	732	972	520	1509	645	260	504	934	539	820	475	766	628	731	759	320	746	889	479	434	1372	1750	324	661	831	2761	45	772	628	520	689	633	729	2842	188	250	498	392	604	294	755	361	919	1212	699	1095	434	719	1612	425	558	436	324	718	466	136	661	372	654	1175	320	610	495	522	365	644	757	847	740	619	1515	309	868	882	514	159	775	502	731	1262	949	774	433	1092	1185	1441	347	778	515	1374	490
474	1027	396	824	369	625	1008	724	514	502	781	506	476	687	847	240	334	489	1434	847	0	625	1601	260	665	479	360	215	756	457	526	1892	1292	817	465	1224	396	1012	451	605	505	839	1231	615	597	962	2463	1536	710	687	587	684	1457	829	1035	407	1542	396	749	493	665	1466	2305	566	909	224	577	373	959	1481	372	922	582	849	562	745	364	205	492	609	548	1025	727	442	860	452	656	393	497	1584	1367	794	364	1470	396	2506	844	581	769	2457	586	677	722	902	383	494	1803	749	456	1281	480	360	1415	846	489	505	1133	655	665	396	588	796	493	502	1501	744	934	1543	866	1045	1482	389	502	497	966	452	845	749	636	192	342	2315	1367	660	355	1568	420	417	477	478	1002	491	479	630	495	518	475	628	2196	2381	678	368	1434	3608	804	571	398	342	1439	365	1577	3615	722	671	366	1118	410	600	657	493	1555	2013	1545	615	628	1475	2280	426	879	449	678	359	593	946	369	679	194	1907	630	397	518	547	493	582	483	0	443	1003	2291	727	1458	1474	343	743	1466	360	491	733	737	221	461	447	2030	594	502	565	345	538	360
603	752	389	398	372	644	724	819	752	719	988	401	647	643	985	742	526	701	1155	985	625	0	1308	628	740	229	610	424	868	571	98	1635	998	995	669	766	402	1085	546	559	134	958	1668	92	181	1196	2422	1303	600	643	816	910	1223	986	769	238	1761	397	857	397	636	1258	2467	193	679	424	345	581	1116	1195	341	683	346	419	806	597	424	431	395	554	758	945	698	552	349	225	749	462	416	1321	1612	947	424	1718	397	2558	232	347	1067	2014	213	230	797	1266	608	682	1995	857	582	1259	239	716	1440	970	501	721	1005	30	740	250	545	944	396	721	1275	821	680	1297	639	900	1578	527	719	416	713	602	332	857	278	800	743	2470	1209	725	609	1289	482	227	528	231	702	259	237	664	245	119	524	557	2092	2019	668	382	1155	3581	962	215	396	743	1675	412	1615	3813	797	735	598	1366	414	700	268	694	1280	1870	1615	142	557	1705	1957	668	621	601	668	337	521	1121	381	627	650	1680	664	416	493	1012	684	346	238	625	269	710	2092	698	1163	1179	734	827	1258	603	259	292	158	422	594	316	2011	931	719	208	740	968	713
1144	584	1221	910	1257	992	607	974	1186	1174	1082	1110	1160	922	977	1489	1268	1177	167	977	1601	1308	0	1375	992	1227	1265	1428	975	1153	1341	329	317	1037	1185	614	1218	2389	1806	996	1297	954	1713	1226	1161	1125	1273	153	891	922	1153	1124	185	1004	572	1319	1289	1219	974	1123	944	226	1658	1173	695	1411	1069	1242	988	120	1270	683	1065	889	1175	856	1245	1439	1125	992	1150	645	893	1164	975	1487	1009	1209	1114	76	1269	1009	1245	2994	1219	1533	1176	1065	1224	953	1144	1086	959	2476	1242	1159	1370	974	1157	636	1218	1333	750	958	1111	1173	527	1296	992	1320	1013	1001	1124	1176	179	948	675	123	739	580	2885	1214	1174	1114	641	1167	990	974	1067	1779	1378	1646	358	988	1271	44	1180	1315	1125	1227	622	1192	1221	994	1199	1296	1126	973	897	789	939	1254	167	2381	1013	1153	1217	1378	1278	1247	837	2921	959	980	1255	1185	1199	1047	1063	1167	58	655	903	1450	973	1281	679	1226	734	1170	939	1288	1007	1019	1253	927	1451	391	994	1212	1083	1482	1162	1065	1216	1601	1237	617	800	893	147	130	1367	955	226	1264	1192	1576	1166	1419	1155	1589	966	2141	1174	1162	1371	2124	1330
230	819	266	691	265	383	804	465	255	242	527	345	222	452	587	135	132	229	1208	587	260	628	1375	0	410	416	109	246	496	222	540	1654	1075	560	207	1064	258	1257	666	385	494	579	1067	581	528	716	2203	1299	489	452	329	430	1221	571	824	391	1303	261	490	335	430	1226	2060	495	697	233	437	133	702	1256	291	712	441	712	305	529	224	246	335	391	288	775	485	214	758	539	400	217	330	1352	1132	535	224	1730	261	2249	806	440	533	2262	503	587	464	1159	133	236	1561	490	217	1022	410	114	1155	586	283	244	887	654	410	379	371	537	336	242	1263	486	727	1308	658	805	1735	175	242	330	755	208	745	490	524	410	121	2070	1120	407	104	1339	228	401	260	414	802	405	411	384	416	509	260	410	1938	2162	437	257	1208	3348	545	489	263	121	1202	234	1317	3381	464	417	119	879	260	346	550	234	1326	1758	1287	676	410	1237	2052	167	679	205	437	291	384	691	258	448	76	1664	384	250	316	388	235	441	413	260	372	801	2041	485	1235	1252	115	484	1226	110	405	827	690	242	219	581	1770	854	242	487	119	795	112
196	492	396	556	433	97	488	79	194	183	259	341	188	137	245	505	346	188	829	245	665	740	992	410	0	523	304	561	127	223	694	1254	714	257	204	814	385	1619	1009	186	633	219	1006	655	568	460	1808	902	208	137	177	211	827	245	490	573	1021	389	117	347	128	825	1743	548	380	542	402	293	376	877	464	396	402	567	192	247	388	569	349	192	159	368	119	244	665	776	20	337	328	961	872	207	388	2131	389	1883	813	401	377	1914	534	569	62	1567	282	175	1260	117	219	619	512	345	767	231	251	182	483	754	0	565	197	203	348	184	865	88	416	914	358	412	2110	298	183	328	433	216	662	117	493	819	388	1749	714	16	309	954	303	578	236	521	498	486	514	76	500	643	240	196	1532	1781	100	424	829	2962	222	528	389	388	934	398	937	3084	62	13	298	629	365	64	517	180	939	1348	918	850	196	964	1661	245	395	219	100	480	223	380	424	149	485	1258	76	371	250	516	177	402	512	665	496	492	1632	119	861	877	378	91	825	305	486	1016	710	553	210	856	1378	1254	183	533	381	1203	343
374	645	161	359	151	430	620	602	523	489	763	183	417	442	768	540	302	472	1064	768	479	229	1227	416	523	0	383	263	651	342	170	1544	910	773	440	765	173	1177	579	351	109	743	1440	166	119	972	2264	1196	414	442	587	682	1115	766	659	92	1544	169	640	176	431	1140	2263	87	547	255	165	354	900	1109	125	555	168	384	576	424	198	274	173	348	529	773	499	323	382	276	530	233	195	1227	1391	727	198	1766	168	2377	390	168	838	2016	107	198	583	1261	380	452	1783	640	353	1081	11	493	1254	755	276	492	851	250	523	96	334	724	175	491	1165	608	559	1195	502	748	1676	298	489	195	593	372	366	640	171	670	524	2267	1072	508	383	1202	253	88	301	2	605	40	8	449	29	120	297	355	1951	1978	461	159	1064	3425	742	93	168	524	1455	187	1429	3606	583	519	371	1143	185	478	186	464	1190	1739	1422	327	355	1486	1897	439	497	371	461	129	314	902	158	427	451	1577	449	187	273	791	454	168	12	479	43	610	1983	499	1080	1096	515	613	1140	377	40	493	275	257	364	373	1844	923	489	87	520	926	490
121	713	222	611	237	273	699	364	175	152	451	270	115	343	499	231	85	136	1099	499	360	610	1265	109	304	383	0	289	399	116	532	1544	967	479	107	971	210	1336	734	279	478	486	1060	549	483	651	2106	1189	382	343	252	356	1112	485	718	384	1239	215	392	263	321	1116	1989	451	591	272	365	34	621	1147	270	606	369	632	231	423	185	294	263	286	201	667	375	113	689	561	295	154	253	1242	1073	447	185	1829	215	2163	763	367	484	2156	454	529	361	1263	23	135	1494	392	110	921	376	115	1060	495	188	155	778	633	304	372	267	448	263	153	1153	384	622	1198	553	695	1821	92	152	253	649	98	679	392	460	519	155	1998	1012	300	5	1230	149	393	161	381	699	363	377	275	376	492	161	305	1836	2053	327	227	1099	3256	459	441	216	155	1142	197	1225	3318	361	311	14	819	203	239	487	137	1216	1652	1198	679	305	1176	1942	76	576	95	327	277	283	612	228	339	185	1555	275	198	221	410	135	369	377	360	341	697	1934	375	1126	1143	144	383	1116	6	363	839	647	283	110	619	1674	952	152	441	149	899	111
365	846	206	613	171	495	825	633	465	440	740	318	387	543	781	330	219	423	1261	781	215	424	1428	246	561	263	289	0	674	337	327	1731	1114	766	391	1016	211	1058	449	451	297	765	1312	404	382	941	2368	1376	549	543	541	645	1296	770	856	194	1529	209	665	304	524	1312	2278	350	733	19	375	281	907	1308	164	744	379	638	521	577	188	11	302	453	489	893	592	317	645	296	558	233	313	1418	1362	731	188	1589	209	2442	634	378	769	2258	371	462	623	1048	303	417	1783	665	341	1175	265	357	1328	775	334	443	991	453	561	183	433	731	304	441	1343	648	754	1380	688	896	1550	263	440	313	787	348	629	665	424	406	367	2286	1224	551	285	1398	267	205	335	262	815	277	264	507	280	311	331	469	2080	2199	545	173	1261	3523	744	356	211	367	1431	183	1498	3608	623	564	286	1109	230	499	444	422	1385	1883	1476	443	469	1466	2106	366	695	346	545	149	430	900	175	532	239	1754	507	217	356	628	417	379	268	215	229	817	2148	592	1282	1299	361	649	1312	285	277	586	525	8	351	336	1938	718	440	350	365	696	354
309	537	520	663	556	223	539	49	247	253	153	468	288	244	117	569	455	266	819	117	756	868	975	496	127	651	399	674	0	339	821	1213	724	137	292	879	509	1732	1124	311	760	93	911	782	694	339	1707	869	311	244	189	151	800	119	531	699	894	513	10	474	242	789	1617	675	441	655	527	397	249	865	588	455	528	671	214	343	509	681	477	316	210	330	203	361	776	901	121	458	455	935	745	84	509	2226	514	1767	933	526	293	1916	660	691	72	1654	380	263	1133	10	333	528	639	410	660	104	377	251	450	881	127	691	323	79	475	254	832	54	476	885	430	403	2219	412	253	455	485	325	774	10	617	894	446	1624	666	143	404	934	425	704	360	648	555	614	642	203	628	771	364	318	1444	1759	210	547	819	2856	99	654	513	446	807	520	826	2958	72	132	397	505	489	179	640	262	919	1272	802	978	318	837	1630	329	470	328	210	604	349	253	546	259	567	1208	203	495	377	506	264	528	639	756	623	547	1566	203	854	870	438	45	789	402	614	1144	833	666	323	979	1274	1350	253	660	440	1290	409
33	597	190	511	221	168	582	296	182	148	428	187	76	231	451	348	125	131	986	451	457	571	1153	222	223	342	116	337	339	0	507	1437	852	445	102	858	177	1396	786	163	448	432	1104	498	421	636	2031	1081	266	231	245	342	1003	444	601	371	1218	182	330	184	210	1010	1954	393	475	318	279	89	581	1034	255	490	281	529	234	307	172	345	186	169	187	569	270	21	598	567	221	120	169	1132	1059	404	172	1914	183	2105	695	280	496	2040	388	452	286	1356	94	110	1465	330	11	840	332	216	991	443	86	150	676	590	223	361	150	403	185	150	1046	311	505	1089	437	588	1887	74	148	169	533	33	589	330	378	627	262	1961	910	214	121	1118	91	377	53	340	582	312	334	174	326	461	56	189	1749	1939	221	212	986	3186	418	378	182	262	1125	183	1160	3291	286	226	104	807	160	161	405	123	1105	1559	1140	662	189	1157	1831	118	460	34	221	269	168	578	211	226	298	1450	174	163	114	492	112	281	333	457	306	580	1835	270	1013	1030	250	312	1010	113	312	827	581	329	22	640	1601	1037	148	380	255	994	213
540	770	318	436	295	601	744	773	684	651	932	353	581	610	939	649	447	634	1183	939	526	98	1341	540	694	170	532	327	821	507	0	1664	1026	943	601	825	331	1048	479	520	61	914	1592	124	180	1141	2419	1325	576	610	752	849	1244	937	786	149	1715	326	811	347	600	1274	2433	175	685	328	320	506	1070	1225	262	691	322	459	739	581	348	333	344	517	694	932	667	487	411	151	701	391	366	1349	1561	897	348	1664	326	2541	326	322	1001	2079	203	256	754	1192	532	616	1954	811	517	1243	182	633	1419	926	446	654	1002	129	694	161	504	895	346	653	1295	778	691	1321	642	898	1545	455	651	366	725	535	393	811	280	701	658	2438	1216	679	530	1319	416	139	469	172	724	208	179	620	194	52	465	523	2099	2069	631	305	1183	3580	912	198	326	658	1626	336	1595	3777	754	690	521	1312	346	648	279	627	1309	1881	1589	156	523	1657	2000	595	630	534	631	255	483	1073	304	595	557	1705	620	345	444	927	618	322	182	526	201	731	2114	667	1195	1210	650	783	1274	526	208	322	235	325	529	251	2003	855	651	189	655	883	630
1424	898	1525	1237	1562	1271	923	1221	1444	1437	1294	1415	1433	1205	1189	1759	1557	1442	481	1189	1892	1635	329	1654	1254	1544	1544	1731	1213	1437	1664	0	638	1247	1455	939	1520	2713	2124	1287	1619	1172	1831	1551	1484	1290	1008	355	1184	1205	1400	1353	435	1216	884	1634	1308	1522	1214	1428	1227	428	1517	1494	1001	1713	1382	1524	1167	440	1578	991	1379	1216	1423	1154	1544	1741	1431	1284	1406	888	1169	1450	1304	1808	1268	1505	1418	316	1332	1229	1544	3309	1522	1312	1506	1379	1425	860	1465	1410	1211	2780	1521	1427	1323	1214	1439	766	1534	1599	804	1173	1405	1436	770	1624	1254	1634	1305	1222	1429	1438	391	1196	985	350	1046	849	3209	1503	1437	1418	951	1446	1320	1214	1387	2063	1642	1500	546	1253	1550	345	1474	1631	1415	1543	941	1507	1537	1269	1515	1618	1417	1266	628	583	1217	1558	481	2076	1230	1473	1520	1642	1324	1548	824	2708	1211	1244	1535	1310	1501	1314	1386	1434	355	400	902	1777	1266	1317	427	1497	1047	1449	1217	1596	1303	1198	1557	1212	1730	97	1269	1513	1378	1710	1430	1379	1532	1892	1550	935	473	1169	472	457	1632	1202	428	1543	1507	1905	1494	1722	1435	1910	783	2448	1437	1482	1635	2423	1597
847	268	908	600	943	699	290	711	908	891	853	796	868	626	754	1196	962	891	156	754	1292	998	317	1075	714	910	967	1114	724	852	1026	638	0	813	895	379	904	2075	1489	691	981	726	1555	913	846	944	1494	313	586	626	886	875	239	780	257	1002	1247	906	720	809	648	290	1751	857	383	1097	752	941	801	198	955	370	748	580	905	548	933	1125	811	686	873	416	605	862	675	1171	733	899	801	323	1183	775	933	2677	906	1705	882	748	1000	1199	828	772	692	2160	944	871	1385	720	857	558	901	1044	729	733	804	890	321	987	714	1003	707	767	809	893	291	687	360	302	426	323	2571	909	891	801	327	869	689	720	751	1474	1090	1744	320	707	972	292	872	998	820	910	305	875	904	704	882	981	821	667	1135	1089	648	940	156	2634	782	837	904	1090	1210	934	869	3064	692	701	956	1042	887	762	748	881	282	899	913	1140	667	1222	992	935	419	872	648	973	699	830	939	628	1150	683	704	900	774	1224	874	748	899	1292	920	300	1095	605	169	186	1079	695	290	965	875	1272	860	1105	856	1273	1131	1825	891	846	1083	1810	1041
412	653	633	800	666	355	659	183	306	326	48	594	380	381	59	605	548	343	890	59	817	995	1037	560	257	773	479	766	137	445	943	1247	813	0	374	1002	621	1814	1213	443	883	87	781	911	824	203	1655	917	448	381	230	134	855	32	645	814	773	625	147	598	378	834	1512	804	566	748	659	484	142	934	699	580	659	808	255	479	617	772	600	449	277	399	339	466	913	1012	246	566	579	989	618	52	617	2281	626	1689	1069	658	188	1988	790	826	209	1701	463	349	1020	147	437	513	762	458	610	80	497	323	512	1009	257	805	454	58	599	325	881	191	601	936	560	489	2296	512	326	579	606	424	911	147	750	934	483	1520	704	273	483	994	535	820	475	771	677	738	764	333	752	894	479	452	1417	1809	347	657	890	2793	38	784	626	483	682	628	763	2847	209	265	480	372	602	295	774	343	979	1262	728	1099	452	713	1670	403	601	426	347	714	481	134	656	396	623	1231	333	607	501	466	349	659	762	817	743	668	1567	339	928	942	479	182	834	482	738	1266	967	759	425	1084	1222	1410	326	789	479	1339	457
76	651	282	605	308	196	640	259	83	51	350	289	32	270	392	304	174	33	1020	392	465	669	1185	207	204	440	107	391	292	102	601	1455	895	374	0	935	269	1443	839	232	543	379	1002	599	523	554	1999	1101	323	270	154	257	1025	380	653	459	1141	274	285	287	248	1026	1887	494	530	373	380	110	515	1067	342	546	383	623	138	367	255	397	288	240	98	571	291	118	696	648	192	209	271	1158	977	341	255	1935	275	2056	797	382	400	2091	491	554	257	1366	89	29	1393	285	90	815	430	149	953	388	186	54	685	689	204	448	226	342	288	53	1065	279	564	1112	497	608	1928	146	51	271	588	69	688	285	480	615	195	1895	917	202	112	1148	187	467	154	438	644	412	432	190	426	556	157	258	1731	1974	246	298	1020	3148	353	480	275	195	1045	267	1118	3219	257	212	106	724	255	141	507	31	1134	1551	1091	754	258	1079	1858	42	525	69	246	353	250	509	298	270	281	1461	190	255	211	395	28	383	431	465	402	640	1836	291	1049	1065	184	278	1026	109	412	917	684	384	80	714	1567	1058	51	482	188	1002	146
867	353	830	405	855	754	344	848	980	952	1030	726	903	685	953	1199	933	946	504	953	1224	766	614	1064	814	765	971	1016	879	858	825	939	379	1002	935	0	832	1846	1305	702	798	919	1782	701	664	1176	1863	671	618	685	988	1017	609	973	365	855	1576	831	872	738	702	666	2124	687	438	1003	646	938	1039	527	853	424	642	380	999	574	866	1027	739	695	954	666	696	858	416	976	834	853	739	654	1487	953	866	2484	831	2084	589	643	1173	1255	660	578	822	2015	951	921	1738	872	867	901	760	1074	1085	930	782	953	622	746	814	861	710	946	738	954	658	828	402	653	455	564	2332	888	952	739	396	885	434	872	595	1416	1119	2119	695	801	974	611	836	848	809	765	324	741	761	769	742	792	809	677	1496	1256	719	856	504	2991	965	674	829	1119	1525	863	1237	3443	822	801	957	1307	821	837	579	934	607	1256	1274	899	677	1542	1207	968	419	887	719	867	689	1063	855	678	1130	1006	769	834	750	1319	924	642	757	1224	791	334	1413	696	492	503	1108	838	666	966	741	1000	609	1009	871	1076	1509	1676	952	682	1112	1690	1070
210	637	12	441	48	304	617	463	353	320	606	110	250	340	624	391	132	302	1051	624	396	402	1218	258	385	173	210	211	509	177	331	1520	904	621	269	832	0	1248	637	246	274	602	1266	338	273	814	2175	1165	339	340	421	520	1085	618	647	193	1395	4	499	97	323	1101	2127	242	522	193	187	180	754	1097	79	534	191	465	408	366	35	221	95	247	363	690	393	156	501	392	387	60	103	1207	1236	578	35	1797	5	2265	554	190	670	2060	247	328	447	1260	206	285	1640	499	187	983	165	322	1144	613	136	323	784	424	385	183	227	577	97	322	1132	473	544	1169	478	687	1744	125	320	103	577	204	488	499	267	587	357	2133	1015	372	211	1187	86	199	149	171	608	153	166	319	165	287	144	261	1878	1991	348	41	1051	3333	593	233	5	357	1302	31	1317	3466	447	384	198	985	21	330	293	296	1174	1678	1302	485	261	1334	1896	266	487	203	348	95	220	753	40	328	309	1543	319	14	151	620	287	191	167	396	133	610	1939	393	1072	1089	346	476	1101	204	153	649	438	202	199	471	1748	929	320	233	352	906	319
1424	1816	1239	1480	1200	1550	1790	1691	1508	1489	1783	1333	1443	1589	1836	1249	1276	1473	2231	1836	1012	1085	2389	1257	1619	1177	1336	1058	1732	1396	1048	2713	2075	1814	1443	1846	1248	0	611	1493	1094	1822	2195	1164	1228	1972	3423	2371	1579	1589	1584	1686	2289	1822	1831	1092	2554	1245	1723	1321	1572	2317	3316	1219	1724	1077	1342	1335	1957	2273	1174	1732	1345	1503	1561	1596	1236	1051	1319	1493	1537	1937	1642	1375	1432	905	1617	1286	1337	2397	2379	1784	1236	673	1244	3499	1263	1346	1781	3073	1248	1303	1682	528	1354	1470	2815	1723	1400	2231	1187	1366	2387	1831	1383	1491	2024	1101	1619	1095	1475	1785	1321	1489	2340	1707	1734	2368	1680	1922	498	1321	1489	1337	1768	1406	1415	1723	1325	972	1353	3326	2249	1610	1332	2367	1321	1093	1389	1178	1772	1216	1185	1563	1206	1094	1385	1506	3123	3102	1596	1207	2231	4580	1796	1240	1246	1353	2451	1228	2556	4626	1682	1622	1337	2130	1269	1557	1326	1474	2357	2915	2534	947	1506	2487	3042	1411	1672	1404	1596	1156	1465	1947	1208	1576	1203	2751	1563	1259	1399	1541	1470	1345	1189	1012	1179	1778	3159	1642	2243	2258	1354	1708	2317	1333	1216	857	1238	1066	1410	805	2995	498	1489	1231	1356	633	1366
815	1225	628	913	589	938	1200	1082	909	887	1185	725	837	977	1231	688	668	870	1644	1231	451	546	1806	666	1009	579	734	449	1124	786	479	2124	1489	1213	839	1305	637	611	0	882	513	1215	1682	604	650	1381	2811	1776	970	977	985	1089	1694	1219	1239	490	1968	633	1115	712	960	1718	2723	634	1125	468	742	730	1355	1688	564	1134	745	937	964	989	624	443	710	883	936	1326	1030	765	890	328	1007	675	727	1807	1798	1180	624	1188	633	2891	766	746	1199	2558	663	733	1072	720	750	865	2226	1115	791	1619	589	779	1776	1225	772	890	1416	571	1009	491	864	1181	712	888	1744	1097	1139	1775	1080	1315	1107	712	887	727	1173	798	872	1115	740	501	774	2732	1643	999	730	1781	709	492	778	580	1184	616	586	951	608	516	774	896	2514	2547	984	595	1644	3969	1193	653	634	774	1868	616	1947	4047	1072	1011	733	1545	658	948	746	870	1770	2309	1926	437	896	1903	2473	810	1077	795	984	546	854	1347	596	965	623	2157	951	648	788	998	866	745	591	451	575	1189	2560	1030	1659	1675	773	1098	1718	730	616	448	704	457	801	230	2384	390	887	645	775	456	778
165	433	254	388	293	88	419	261	285	254	444	169	200	95	428	511	272	245	829	428	605	559	996	385	186	351	279	451	311	163	520	1287	691	443	232	702	246	1493	882	0	459	399	1179	472	383	647	1930	932	105	95	315	383	852	430	439	414	1202	249	300	178	81	864	1912	365	312	432	216	251	558	876	319	327	216	402	317	144	263	461	180	8	267	444	150	170	490	618	198	219	160	979	1056	392	263	2040	249	2029	628	215	551	1877	349	383	239	1495	257	220	1436	300	170	740	339	373	907	412	117	255	540	571	186	408	18	389	179	256	897	262	342	937	273	445	1990	218	254	160	370	186	485	300	307	783	419	1917	772	169	284	963	187	417	128	349	419	312	342	109	325	468	130	26	1632	1780	110	287	829	3089	408	344	248	419	1117	269	1081	3257	239	178	267	815	225	164	331	234	949	1432	1071	675	26	1147	1675	266	297	188	110	337	38	564	286	82	459	1306	109	236	95	623	223	216	339	605	330	417	1697	150	854	871	408	269	864	277	312	841	524	442	172	706	1505	1168	254	350	412	1136	369
481	722	261	400	241	540	696	712	627	594	872	292	523	550	878	609	394	576	1137	878	505	134	1297	494	633	109	478	297	760	448	61	1619	981	883	543	798	274	1094	513	459	0	853	1538	112	137	1081	2363	1276	517	550	693	790	1195	876	737	105	1654	269	750	286	539	1224	2372	124	633	295	261	451	1010	1180	208	639	263	424	681	523	293	305	283	456	635	874	606	428	390	189	640	334	305	1303	1501	836	293	1701	268	2482	338	264	943	2053	153	220	693	1217	477	558	1893	750	459	1184	121	583	1360	865	386	596	946	160	633	117	443	834	285	595	1246	717	640	1273	589	842	1592	399	594	305	674	477	372	750	231	688	610	2377	1163	618	477	1274	357	94	409	112	677	147	118	559	134	14	405	462	2044	2033	570	250	1137	3523	852	146	268	610	1565	281	1535	3716	693	629	467	1252	288	587	234	569	1263	1829	1529	217	462	1596	1960	539	579	476	570	204	423	1012	250	534	517	1657	559	288	383	878	560	263	121	505	142	684	2065	606	1150	1166	601	722	1224	472	147	383	234	293	470	291	1945	878	594	137	606	897	580
