NAME : VRPTW_INSTANCE_52.txt
COMMENT : Bangkok Supermarket
TYPE : VRPTW
DIMENSION : 297
DAYS : Tuesday
EDGE_WEIGHT_TYPE : EXPLICIT
VEHICLES : 40
EDGE_WEIGHT_FORMAT : FULL_MATRIX
CAPACITY : 1000
EDGE_WEIGHT_SECTION
0	125	1727	404	499	1636	1026	1289	624	634	2417	330	2155	306	17	609	101	1108	212	30	96	1420	304	410	1119	562	1994	985	412	882	212	124	444	961	641	281	1060	404	982	1688	438	91	1150	1159	819	2552	437	430	1007	1056	172	972	351	418	305	248	1780	46	408	503	1727	152	792	1706	383	1576	1190	582	692	404	101	358	540	347	322	1221	215	1000	97	33	221	1048	163	606	557	558	83	815	366	46	793	315	288	869	1947	347	776	169	208	101	76	309	54	1083	214	235	1013	537	373	213	148	223	1954	1221	111	494	2083	203	367	978	779	1121	393	111	652	506	102	525	836	495	412	2298	1789	738	1307	1606	1213	534	1192	586	373	868	46	927	197	582	225	172	482	201	1010	1850	546	283	35	155	1946	111	103	1907	103	737	404	424	1727	394	83	379	499	248	172	609	443	248	736	650	214	1028	1999	152	477	365	1221	309	1008	992	404	464	219	213	807	19	239	240	195	236	576	650	532	437	153	436	996	437	135	1421	522	199	915	1322	231	1480	124	203	411	435	1074	368	650	528	358	773	1907	608	223	976	639	152	492	283	298	106	168	365	239	118	676	1685	1083	199	1027	1221	215	255	133	255	350	999	395	1994	1121	1147	2080	1221	1151	2939	309	201	641	425	86	538	60	1606	1213	625	491	1075	637	256	330	791	527	186	815	22	22	529	155	341	995	26	568	932	34	807	358	24	539	190	172	489	215	133	214	133	1020
125	0	1837	467	501	1522	1116	1193	746	715	2535	421	2280	374	111	731	74	1226	249	113	178	1512	372	450	1210	681	2117	1111	446	1007	249	159	564	1032	633	271	1183	439	955	1628	500	208	1275	1281	861	2654	543	492	1131	1180	289	1096	462	460	372	370	1893	117	478	626	1837	173	814	1773	305	1701	1276	675	780	439	74	378	537	373	376	1345	269	895	27	121	116	1169	279	640	536	589	167	922	297	117	693	378	355	979	1854	373	668	182	315	74	107	433	119	1177	144	110	1139	625	387	269	218	228	1860	1345	195	497	2181	307	294	1103	851	1033	344	18	775	508	138	595	715	617	477	2422	1889	847	1430	1724	1308	622	1244	706	392	793	117	1036	259	675	214	289	485	189	1136	1938	634	385	112	278	2055	20	141	1849	141	859	391	317	1837	436	167	401	501	370	289	731	550	370	718	680	324	1100	1878	173	480	292	1345	433	1117	1082	391	572	275	219	851	113	134	246	82	225	698	680	654	495	277	497	1121	543	227	1533	609	325	793	1436	160	1576	243	313	448	492	1154	384	680	631	383	696	1785	731	228	1099	761	173	497	385	368	194	284	241	228	151	801	1783	1177	325	1151	1345	201	379	158	150	279	879	449	2117	1246	1171	2144	1345	1070	3010	433	209	633	486	133	625	135	1724	1308	702	613	1200	640	151	421	898	404	70	922	115	102	618	278	254	1119	98	689	974	122	851	236	109	627	75	289	605	221	241	332	241	917
1727	1837	0	1431	2057	3359	812	3007	1335	1771	762	1424	1091	1785	1744	1146	1771	659	1628	1753	1751	513	1785	1901	726	1424	1299	1010	1920	1010	1628	1691	1466	997	2186	1943	1182	1910	1777	3296	1828	1685	1068	1201	1285	865	1594	1825	848	834	1641	1114	1590	1895	1786	1564	111	1720	1406	1400	0	1692	2168	904	2100	951	722	1183	1727	1910	1771	1928	2099	1911	1829	1039	1804	2728	1814	1749	1870	754	1563	2012	2160	2001	1750	916	2076	1720	2518	1802	1785	1495	3656	1911	2503	1694	1522	1771	1731	1486	1768	728	1938	1932	993	1712	1954	1801	1767	1887	3665	1039	1746	2051	501	1675	2081	992	1113	2829	1786	1830	1317	2065	1705	1312	2398	1417	1417	942	291	1517	1110	1396	615	1709	1102	1396	1942	2557	1720	801	1786	1183	1907	1641	2045	1892	989	570	1714	1452	1757	1575	225	1831	1703	3497	1703	1025	2031	2151	0	1886	1750	1936	2057	1564	1641	1146	1586	1564	2291	2048	1514	958	3693	1692	2042	2080	1039	1486	719	836	2031	1264	1802	1880	1283	1745	1880	1895	1917	1914	1363	2048	1379	1845	1585	1833	1010	1594	1727	307	1713	1556	2487	415	1817	430	1603	1654	1909	1849	860	1944	2048	1606	1920	2472	3589	1337	1887	849	1334	1692	2047	1452	1776	1740	1558	2068	1916	1697	1124	321	728	1556	847	1039	1902	1487	1821	1888	2064	2707	1462	1299	891	1385	1092	1039	2843	1601	1486	1871	2186	1828	1706	1713	1761	1396	615	1794	1415	888	2145	1889	1424	1533	2233	1907	916	1746	1747	1704	1575	2065	848	1751	1396	1253	1750	1283	2070	1750	1715	1912	1641	1493	1881	1597	1607	1597	2747
404	467	1431	0	894	1948	662	1653	687	914	2163	128	2040	656	420	484	392	887	219	434	484	1060	654	782	758	677	1952	919	790	794	219	307	579	565	1039	685	1070	779	710	2090	778	429	1119	1175	419	2216	661	770	862	918	455	951	579	786	655	452	1500	372	31	595	1431	295	1164	1306	771	1496	818	250	946	779	392	748	937	734	687	1180	595	1345	453	437	458	862	291	972	960	931	474	527	759	372	1152	670	642	1009	2315	735	1118	290	243	392	365	434	458	731	603	534	943	809	767	592	529	626	2321	1180	491	889	1735	511	758	902	384	1499	363	468	707	902	330	130	975	599	14	2124	1448	899	1286	1639	862	805	788	684	764	1259	372	645	574	250	630	455	878	605	938	1477	817	192	440	330	1640	470	327	2309	327	582	807	777	1431	764	474	767	895	452	455	484	662	452	1138	1018	249	633	2264	295	873	756	1180	434	722	630	807	256	597	616	408	422	465	642	547	641	652	1018	612	783	352	778	931	661	496	1137	796	377	1064	1055	396	1129	323	495	785	783	690	761	1018	750	746	1163	2158	670	626	820	703	295	887	192	645	484	292	663	644	316	586	1339	731	377	888	1180	619	340	536	469	742	1286	34	1952	1021	763	1679	1180	1537	2543	434	604	1039	767	339	810	462	1639	862	915	592	967	1029	471	128	954	821	535	527	427	415	798	330	721	846	417	665	533	438	408	671	428	812	540	455	646	618	289	461	289	1371
499	501	2057	894	0	1452	1458	1006	750	426	2677	797	2257	277	487	917	557	1401	711	471	411	1834	277	156	1544	657	2017	1143	136	1083	711	619	593	1427	145	230	1117	147	1456	1249	242	466	1240	1193	1313	2914	473	242	1240	1275	462	1082	467	163	276	516	2089	540	893	662	2057	644	321	2172	320	1673	1625	1025	507	147	557	147	44	163	233	1311	301	809	495	466	602	1315	611	187	108	141	421	1199	293	540	606	259	281	803	1618	163	646	660	663	557	561	587	446	1499	374	536	1169	406	127	304	365	279	1630	1311	403	6	2468	412	307	1147	1248	812	844	487	775	8	595	1005	1037	645	900	2465	2170	688	1362	1563	1623	407	1679	688	131	531	540	1293	322	1025	287	462	16	313	1169	2271	410	734	466	576	2282	485	597	1460	597	1033	117	446	2057	171	421	131	0	516	462	917	481	516	249	211	661	1493	1884	644	21	308	1311	587	1371	1423	117	874	300	288	1302	483	615	261	463	276	711	211	686	224	557	236	1150	473	400	1752	397	556	1087	1642	659	1882	573	433	148	219	1525	134	211	494	151	469	1822	742	279	1225	756	644	10	734	287	410	612	550	273	611	934	2074	1499	556	1251	1311	300	622	367	628	306	941	890	2017	1292	1646	2547	1311	804	3389	587	301	145	238	580	406	438	1563	1623	399	646	1261	139	628	797	717	612	470	1199	478	495	409	576	360	1235	495	682	1427	464	1302	523	479	405	467	462	577	287	605	480	605	808
1636	1522	3359	1948	1452	0	2610	502	2167	1874	4051	1936	3705	1662	1618	2240	1587	2742	1737	1611	1625	3007	1661	1590	2706	2079	3468	2563	1569	2481	1737	1669	1987	2489	1392	1464	2565	1576	2020	1025	1687	1688	2684	2645	2247	4164	1894	1685	2624	2668	1747	2517	1855	1602	1660	1832	3415	1639	1969	2059	3359	1669	1582	3178	1282	3119	2761	2184	1955	1576	1587	1525	1427	1541	1622	2756	1604	652	1545	1616	1493	2677	1798	1602	1347	1575	1624	2442	1311	1639	866	1648	1654	2255	612	1541	863	1669	1837	1587	1627	1910	1599	2680	1431	1427	2591	1858	1502	1607	1622	1510	600	2756	1634	1457	3683	1727	1303	2563	2319	685	1629	1530	2195	1447	1653	2076	1114	2044	1961	3896	3396	2140	2812	3007	2811	1858	2620	2110	1518	938	1639	2558	1617	2184	1484	1747	1457	1493	2590	3414	1862	1907	1608	1790	3576	1529	1656	1157	1656	2368	1417	1211	3359	1598	1624	1528	1452	1832	1747	2240	1903	1832	1327	1596	1846	2554	473	1669	1456	1304	2756	1910	2639	2578	1417	2094	1608	1514	2241	1618	1485	1506	1442	1479	2122	1596	2087	1669	1783	1681	2572	1894	1659	3055	1847	1820	1044	2958	1552	3077	1760	1745	1582	1664	2626	1512	1596	1937	1536	984	475	2156	1510	2599	2177	1669	1461	1907	1667	1639	1803	1291	1478	1662	2294	3288	2680	1820	2641	2756	1485	1885	1557	1479	1319	665	1921	3468	2710	2439	3525	2756	744	4408	1910	1520	1392	1679	1652	1857	1608	3007	2811	1846	2044	2672	1451	1477	1936	2170	1128	1452	2442	1617	1614	1859	1790	1306	2615	1610	2099	2343	1615	2241	1289	1613	1856	1448	1747	1994	1513	1763	1788	1763	645
1026	1116	812	662	1458	2610	0	2309	900	1308	1572	697	1654	1184	1044	604	1043	509	878	1056	1080	397	1183	1315	96	959	1689	824	1330	724	878	957	935	199	1602	1287	1046	1318	985	2700	1271	1014	1012	1128	477	1555	1066	1265	653	695	997	919	1022	1314	1184	943	900	1006	643	895	812	951	1660	740	1409	1223	166	444	1300	1318	1043	1313	1502	1296	1226	1040	1165	2006	1097	1056	1120	570	871	1475	1545	1447	1074	297	1393	1006	1808	1201	1177	1196	2970	1296	1778	948	821	1043	1009	877	1076	86	1240	1194	832	1218	1336	1162	1111	1227	2976	1040	1080	1452	1072	1046	1394	798	304	2147	996	1113	898	1466	977	534	1599	910	649	1642	788	1146	1155	1535	204	1214	443	943	1328	1894	1006	285	1145	444	1239	997	1442	1219	825	823	1223	745	1061	897	1003	1114	974	2914	974	553	1398	1432	812	1297	1074	1327	1458	943	997	604	1062	943	1707	1519	817	190	2914	951	1439	1392	1040	877	280	34	1398	584	1165	1218	474	1046	1127	1240	1198	1249	900	1519	889	1284	913	1274	834	1066	1071	561	1212	903	1688	524	1058	467	913	1025	1321	1286	118	1328	1519	1120	1307	1800	2804	892	1227	612	909	951	1448	745	1174	1073	868	1325	1251	965	659	678	86	903	677	1040	1232	835	1145	1132	1377	1947	689	1689	827	668	1110	1040	2178	1931	877	1207	1602	1266	982	1219	1074	1535	204	1323	905	779	1575	1134	697	1188	1484	1186	297	1049	1043	1208	897	1365	637	1046	932	467	1057	474	1332	1051	1222	1191	997	990	1220	894	977	894	2031
1289	1193	3007	1653	1006	502	2309	0	1748	1414	3666	1613	3260	1246	1271	1865	1266	2367	1434	1261	1256	2706	1246	1155	2403	1657	3004	2145	1133	2075	1434	1351	1577	2217	923	1067	2122	1142	1894	680	1248	1322	2246	2194	2009	3842	1470	1247	2227	2266	1367	2087	1445	1165	1245	1447	3052	1304	1668	1650	3007	1359	1094	2943	908	2677	2469	1867	1492	1142	1266	1103	974	1120	1204	2317	1208	326	1212	1263	1199	2291	1452	1135	897	1115	1258	2103	931	1304	501	1231	1242	1797	661	1120	542	1363	1497	1266	1300	1526	1243	2369	1074	1119	2172	1411	1078	1211	1240	1121	667	2317	1261	1011	3372	1337	926	2147	2037	196	1390	1196	1774	1000	1331	1783	1032	1633	1665	3471	3078	1689	2364	2534	2500	1412	2395	1688	1093	474	1304	2212	1224	1867	1100	1367	1013	1115	2171	3130	1415	1572	1256	1435	3230	1194	1334	874	1334	1991	994	876	3007	1166	1258	1101	1005	1447	1367	1865	1479	1447	847	1123	1503	2284	974	1359	1013	928	2317	1526	2294	2275	994	1753	1211	1127	2001	1270	1195	1114	1111	1093	1706	1123	1676	1229	1424	1241	2152	1470	1280	2700	1402	1451	996	2596	1267	2768	1410	1357	1146	1224	2344	1088	1123	1500	1113	544	959	1739	1121	2207	1756	1359	1016	1572	1253	1267	1455	997	1091	1343	1905	2974	2369	1451	2241	2317	1104	1520	1186	1194	943	539	1631	3004	2293	2258	3307	2317	242	4184	1526	1136	923	1242	1326	1411	1249	2534	2500	1386	1634	2260	981	1193	1613	1714	856	1122	2103	1268	1270	1414	1435	947	2220	1267	1680	2115	1262	2001	984	1264	1409	1117	1367	1574	1126	1422	1403	1422	291
624	746	1335	687	750	2167	900	1748	0	440	1928	564	1551	505	635	302	718	677	698	633	583	1207	506	595	961	92	1371	397	616	335	698	683	186	963	865	705	436	607	1396	1964	509	538	532	536	1008	2200	277	507	496	526	459	356	313	586	507	376	1356	650	660	120	1335	706	833	1637	892	965	1053	602	411	607	718	645	787	629	546	604	568	1515	719	625	842	581	518	678	857	672	589	602	861	650	1301	519	513	331	2368	629	1312	721	523	718	680	319	632	907	771	856	424	377	670	565	567	665	2380	604	568	744	1781	458	871	398	831	1557	943	730	28	756	680	702	1460	130	680	1729	1487	249	684	989	1007	374	1265	62	655	1277	650	652	559	602	693	459	740	690	423	1635	378	517	634	494	1559	729	678	2162	678	357	755	988	1335	582	589	646	750	376	459	302	269	376	967	713	509	1014	2569	706	739	870	604	319	714	870	755	460	564	663	995	633	860	665	801	695	48	713	92	526	484	514	405	277	538	1038	378	431	1539	924	835	1236	532	444	603	531	1002	660	713	270	635	1204	2490	16	665	487	16	706	739	517	500	566	512	976	696	684	244	1404	907	431	504	604	695	403	640	875	856	1577	712	1371	545	1359	2002	604	1554	2781	319	659	865	512	667	377	617	989	1007	461	133	512	818	876	564	296	1126	795	602	631	645	369	494	881	492	649	68	1098	624	995	963	637	380	798	459	174	663	558	415	558	1523
634	715	1771	914	426	1874	1308	1414	440	0	2328	788	1847	342	634	707	732	1115	814	623	544	1640	343	318	1379	359	1594	788	336	761	814	749	376	1337	491	520	717	334	1593	1545	229	551	846	782	1311	2636	258	236	924	946	485	707	335	305	343	463	1785	679	899	414	1771	778	400	2048	694	1269	1469	938	81	334	732	404	447	396	350	915	447	1235	694	613	832	1016	640	280	527	299	557	1017	661	679	1032	340	361	382	1995	396	1069	796	678	732	711	485	605	1327	654	801	811	105	418	447	497	519	2009	915	528	421	2221	437	675	798	1179	1218	1027	696	455	429	732	984	1387	398	914	2074	1927	282	952	1137	1435	108	1626	383	403	942	679	1082	455	938	547	485	424	561	813	2071	96	722	620	600	1994	694	732	1736	732	790	493	817	1771	320	557	390	426	463	485	707	260	463	579	301	669	1396	2310	778	426	675	915	485	1148	1277	493	774	441	523	1298	630	850	507	726	541	421	301	422	242	579	234	792	258	500	1476	118	541	1450	1362	862	1672	624	444	325	246	1400	412	301	188	394	890	2248	441	519	921	438	778	417	722	347	531	637	874	540	745	677	1843	1327	541	928	915	556	574	559	866	666	1361	925	1594	932	1667	2419	915	1196	3215	485	528	491	243	715	104	589	1137	1435	28	403	913	434	866	788	300	982	726	1017	626	647	115	600	712	923	649	388	1417	612	1298	851	630	102	726	485	318	523	662	463	662	1233
2417	2535	762	2163	2677	4051	1572	3666	1928	2328	0	2139	875	2420	2434	1811	2474	1309	2346	2441	2426	1263	2421	2522	1487	2020	1247	1542	2542	1594	2346	2399	2089	1759	2791	2600	1636	2532	2539	3873	2437	2363	1504	1609	2047	711	2204	2435	1439	1402	2306	1622	2221	2513	2421	2223	672	2418	2136	2018	762	2404	2725	1548	2773	1169	1484	1912	2268	2532	2474	2564	2715	2547	2463	1446	2459	3407	2510	2436	2582	1376	2256	2596	2784	2596	2427	1637	2746	2418	3194	2436	2424	1987	4296	2547	3189	2409	2221	2474	2433	2145	2452	1486	2620	2637	1517	2294	2590	2456	2433	2549	4307	1446	2418	2671	837	2332	2753	1535	1869	3479	2524	2525	1903	2684	2411	2052	3138	2035	2149	532	913	2050	1460	1582	1377	2292	1852	1989	2576	3200	2418	1518	2444	1912	2573	2306	2667	2562	1516	1138	2293	2157	2444	2262	617	2526	2409	4059	2409	1683	2672	2840	762	2508	2427	2568	2677	2223	2306	1811	2195	2223	2891	2626	2211	1720	4410	2404	2666	2752	1446	2145	1440	1594	2672	1969	2456	2544	2044	2434	2594	2555	2612	2579	1966	2626	1993	2454	2268	2442	1537	2204	2395	1028	2298	2231	3227	1108	2536	1177	2294	2312	2530	2459	1622	2580	2626	2192	2555	3122	4312	1935	2549	1458	1922	2404	2667	2157	2413	2413	2251	2774	2580	2405	1762	1008	1486	2231	1426	1446	2571	2166	2495	2604	2736	3414	2196	1247	1396	2137	1596	1446	3481	1725	2145	2537	2791	2440	2409	2294	2443	1582	1377	2355	2034	1419	2742	2605	2139	2049	2938	2602	1637	2435	2439	2288	2262	2745	1446	2443	1995	2015	2436	2044	2772	2439	2296	2607	2306	2100	2545	2294	2267	2294	3422
330	421	1424	128	797	1936	697	1613	564	788	2139	0	1967	545	348	392	350	842	207	360	394	1092	544	674	790	550	1860	824	684	702	207	267	450	634	943	602	961	673	837	2016	661	332	1019	1066	531	2234	533	654	789	843	343	847	453	677	544	328	1486	309	110	468	1424	267	1052	1381	712	1410	860	254	818	673	350	649	841	634	579	1083	495	1315	401	360	445	803	186	860	871	821	386	508	696	309	1114	560	532	883	2273	634	1088	270	134	350	313	306	382	756	543	508	850	683	670	492	433	541	2280	1083	397	791	1760	398	697	809	453	1450	422	417	585	805	284	209	1017	472	126	2069	1468	771	1185	1530	887	679	883	558	665	1198	309	625	474	254	549	343	781	527	845	1520	691	67	365	221	1640	418	281	2233	281	504	719	739	1424	656	386	667	797	328	343	392	534	328	1044	906	135	701	2272	267	776	695	1083	306	705	663	719	176	497	532	519	349	456	556	503	560	527	906	486	668	241	662	836	533	396	1123	670	257	1105	1032	396	1155	225	380	678	669	744	663	906	621	646	1104	2172	547	541	750	581	267	789	67	534	390	185	644	563	274	489	1361	756	257	813	1083	541	214	455	465	680	1282	148	1860	937	882	1755	1083	1481	2610	306	520	943	651	287	683	382	1530	887	790	465	884	927	466	0	826	808	492	508	353	346	672	221	667	774	349	539	642	362	519	647	355	686	497	343	517	533	199	342	199	1338
2155	2280	1091	2040	2257	3705	1654	3260	1551	1847	875	1967	0	2049	2169	1577	2238	1185	2162	2170	2129	1533	2049	2115	1607	1633	392	1169	2136	1277	2162	2183	1737	1851	2339	2253	1140	2129	2612	3328	2019	2077	1023	1065	2099	1550	1814	2020	1179	1123	2003	1195	1864	2103	2050	1917	987	2172	2009	1667	1091	2198	2208	1988	2442	586	1654	1812	1771	2129	2238	2180	2286	2165	2086	950	2119	3055	2253	2162	2361	1184	2016	2127	2364	2144	2134	1557	2411	2172	2843	2061	2059	1466	3836	2165	2860	2208	1999	2238	2197	1847	2172	1576	2321	2390	1141	1850	2203	2116	2117	2216	3850	950	2116	2252	1478	2008	2421	1177	1881	3064	2389	2265	1522	2262	2186	1967	2973	1679	2027	357	1374	1570	895	829	1526	1849	2064	1604	2187	2786	2172	1457	2110	1812	2244	2003	2251	2241	1144	1655	1846	1957	2171	2006	1136	2265	2184	3488	2184	1463	2289	2539	1091	2107	2134	2177	2257	1917	2003	1577	1805	1917	2424	2145	1986	1842	4119	2198	2251	2421	950	1847	1407	1659	2289	1793	2114	2214	2092	2167	2377	2216	2343	2246	1598	2145	1638	2037	2004	2025	1159	1814	2086	1142	1859	1955	3057	1138	2336	1468	2044	1993	2123	2042	1752	2194	2145	1767	2169	2726	4041	1564	2216	1220	1539	2198	2247	1957	2044	2113	2010	2518	2247	2186	1489	1411	1576	1955	1154	950	2246	1905	2190	2390	2407	3128	2075	392	1036	2319	2176	950	3044	2527	1847	2210	2339	2026	2178	1850	2159	829	1526	1875	1682	1086	2282	2392	1967	1547	2674	2336	1557	2166	2177	1848	2006	2432	1194	2181	1616	2115	2162	2092	2507	2172	1851	2339	2003	1719	2214	2059	1959	2059	3060
306	374	1785	656	277	1662	1184	1246	505	342	2420	545	2049	0	302	641	397	1131	507	289	210	1557	1	132	1269	417	1840	902	145	829	507	428	331	1163	418	207	913	134	1286	1526	132	236	1025	1001	1074	2639	234	123	981	1020	201	856	199	133	1	241	1820	352	649	403	1785	457	508	1905	397	1462	1351	757	411	134	397	144	320	126	44	1098	105	1010	354	280	490	1050	364	316	375	276	223	922	365	352	796	17	18	647	1878	127	811	475	414	397	382	310	268	1223	319	459	930	259	170	104	160	186	1888	1098	195	271	2191	146	377	903	987	1058	697	355	533	285	408	754	1053	387	659	2234	1893	517	1163	1413	1346	257	1426	448	156	780	352	1016	114	757	215	201	263	224	929	1994	267	479	285	325	2010	353	409	1737	409	760	252	508	1785	113	223	151	277	241	201	641	243	241	524	362	409	1228	2070	457	260	376	1098	310	1094	1150	252	602	99	188	1062	298	508	179	385	213	461	362	429	132	304	130	911	234	173	1478	243	291	1121	1370	524	1605	334	165	137	131	1255	160	362	295	135	702	1995	495	186	963	515	457	267	479	10	199	364	540	213	423	665	1797	1223	291	994	1098	223	352	216	524	364	1086	657	1840	1050	1419	2280	1098	1062	3116	310	191	418	118	391	259	254	1413	1346	328	387	1014	391	524	545	561	665	384	922	293	314	253	325	398	974	316	437	1186	278	1062	520	297	260	385	201	332	188	371	209	371	1017
17	111	1744	420	487	1618	1044	1271	635	634	2434	348	2169	302	0	626	97	1125	224	15	92	1438	301	403	1137	572	2006	999	404	897	224	133	454	977	628	267	1072	396	988	1672	434	99	1163	1171	833	2570	443	426	1023	1072	181	985	358	411	301	259	1797	54	424	515	1744	160	783	1723	365	1589	1208	600	694	396	97	347	528	337	316	1234	208	983	83	22	212	1065	181	598	543	550	79	833	348	54	775	311	284	876	1929	337	759	177	225	97	79	322	40	1100	197	222	1027	539	362	206	143	209	1936	1234	107	482	2101	207	349	992	795	1103	395	96	664	495	110	541	825	506	428	2313	1807	745	1319	1615	1231	536	1208	596	363	850	54	945	191	600	210	181	470	186	1025	1868	548	300	21	172	1964	96	111	1890	111	754	391	407	1744	387	79	369	487	259	181	626	449	259	723	642	232	1045	1982	160	465	348	1234	322	1026	1010	391	482	212	200	822	4	231	227	179	222	588	642	543	432	168	432	1010	443	134	1438	523	214	903	1340	228	1498	141	209	403	431	1091	357	642	533	348	756	1891	620	210	993	650	160	481	300	295	103	186	350	224	126	692	1703	1100	214	1043	1234	199	271	119	247	332	983	409	2006	1136	1160	2096	1234	1133	2956	322	187	628	421	94	539	50	1615	1231	624	502	1090	625	247	348	797	511	170	833	9	12	530	172	323	1012	15	579	946	24	822	342	8	541	174	181	497	202	151	223	151	1003
609	731	1146	484	917	2240	604	1865	302	707	1811	392	1577	641	626	0	677	503	585	631	615	937	641	763	672	355	1470	435	781	310	585	612	343	661	1052	798	596	770	1163	2165	701	551	635	699	728	1997	476	696	404	457	498	471	452	759	642	418	1187	615	453	293	1146	624	1074	1344	963	1018	762	324	695	770	677	784	960	766	686	696	658	1597	705	626	795	438	453	898	1017	878	616	310	937	615	1384	659	640	622	2510	766	1377	633	427	677	635	340	641	619	809	837	459	621	809	655	625	743	2519	696	608	911	1552	529	944	418	537	1684	814	719	306	925	619	454	1397	310	473	1695	1254	551	803	1161	730	618	964	339	797	1411	615	382	641	324	765	498	904	752	454	1373	626	379	634	453	1370	720	617	2372	617	128	885	1029	1146	746	616	793	917	418	498	0	470	418	1158	939	415	712	2608	624	901	942	696	340	456	573	885	227	656	737	716	625	810	751	805	772	297	939	285	715	458	705	447	476	586	838	617	420	1483	732	762	977	488	509	770	719	702	800	939	520	776	1327	2516	291	743	370	313	624	907	379	632	602	448	972	774	616	104	1161	619	420	426	696	762	355	685	822	927	1609	516	1470	545	1072	1712	696	1697	2512	340	729	1052	698	614	622	632	1161	730	723	305	492	1016	823	392	597	1136	796	310	626	632	611	453	934	391	636	328	811	626	716	967	630	625	800	498	390	739	494	462	494	1612
101	74	1771	392	557	1587	1043	1266	718	732	2474	350	2238	397	97	677	0	1167	175	109	188	1440	395	489	1138	660	2086	1070	488	962	175	85	541	958	693	328	1154	481	903	1702	528	192	1241	1254	788	2584	539	520	1080	1131	273	1062	452	498	396	345	1829	67	404	598	1771	99	863	1698	379	1662	1203	603	792	481	0	426	595	418	407	1311	298	965	65	118	124	1114	224	683	600	633	175	855	370	67	765	404	378	970	1927	418	738	109	253	0	42	400	128	1105	215	162	1098	637	437	297	237	278	1933	1311	204	553	2110	304	368	1061	776	1107	301	77	746	564	66	521	742	591	403	2372	1818	840	1399	1703	1236	634	1170	683	440	867	67	970	284	603	270	273	541	244	1094	1864	646	319	112	232	1988	80	68	1922	68	804	451	389	1771	474	175	448	557	345	273	677	545	345	782	726	264	1026	1936	99	536	366	1311	400	1051	1009	451	507	303	269	778	102	141	296	155	281	671	726	626	525	236	526	1081	539	232	1467	621	288	823	1373	130	1504	194	305	488	523	1080	434	726	630	428	770	1840	702	278	1047	734	99	552	319	390	201	230	299	284	77	752	1712	1105	288	1101	1311	257	333	195	156	352	939	375	2086	1202	1102	2069	1311	1145	2936	400	257	693	514	65	637	143	1703	1236	721	587	1155	696	158	350	893	464	143	855	106	85	628	232	328	1068	83	665	902	119	778	299	101	638	148	273	588	270	183	314	183	988
1108	1226	659	887	1401	2742	509	2367	677	1115	1309	842	1185	1131	1125	503	1167	0	1049	1131	1118	618	1131	1244	500	765	1183	400	1264	362	1049	1094	808	690	1528	1299	614	1253	1428	2636	1169	1054	544	674	918	1524	934	1167	212	226	1001	510	934	1238	1132	919	689	1109	857	741	659	1102	1510	1114	1466	715	579	643	1075	1253	1167	1276	1441	1258	1175	555	1158	2100	1201	1126	1278	105	947	1352	1505	1341	1118	374	1440	1109	1887	1148	1132	870	3008	1258	1880	1108	914	1167	1126	841	1143	451	1311	1329	395	1053	1301	1155	1128	1245	3018	555	1111	1394	1110	1030	1447	377	697	2184	1248	1216	659	1408	1105	796	1857	758	873	1237	821	873	664	1038	472	1050	952	737	1288	1909	1109	272	1142	643	1268	1001	1388	1255	388	1005	1055	852	1134	952	884	1217	1102	2837	1102	376	1380	1530	659	1229	1118	1282	1401	919	1001	503	927	919	1632	1389	903	698	3103	1102	1387	1445	555	841	233	504	1380	667	1156	1240	909	1124	1291	1253	1303	1274	704	1389	720	1186	958	1175	405	934	1089	361	1053	922	1945	247	1236	617	984	1009	1252	1190	624	1291	1389	946	1267	1826	3007	678	1246	197	677	1102	1390	852	1123	1105	942	1466	1276	1100	467	749	451	922	223	555	1265	857	1188	1302	1430	2105	921	1183	344	1171	1442	555	2193	2149	841	1232	1528	1170	1102	1054	1134	1038	472	1137	756	308	1485	1303	842	896	1630	1293	374	1125	1130	1045	952	1437	205	1133	737	944	1126	909	1463	1130	1056	1298	1001	833	1241	985	963	985	2116
212	249	1628	219	711	1737	878	1434	698	814	2346	207	2162	507	224	585	175	1049	0	240	306	1276	505	620	973	661	2039	1007	623	889	0	94	545	784	852	489	1122	614	781	1877	638	270	1193	1225	614	2427	584	629	988	1041	328	1016	495	627	506	366	1691	170	234	586	1628	76	1003	1523	555	1598	1035	447	861	614	175	570	752	559	529	1260	425	1128	239	245	244	1007	187	816	765	769	294	713	546	170	933	518	490	990	2096	560	900	70	176	175	154	388	265	944	390	316	1033	711	586	423	357	433	2101	1260	318	706	1949	378	543	994	603	1280	244	253	724	719	118	349	813	583	230	2273	1660	866	1357	1685	1075	708	995	677	586	1043	170	830	406	447	431	328	695	406	1029	1696	720	205	245	222	1841	255	116	2098	116	704	613	558	1628	603	294	591	711	366	328	585	588	366	946	860	189	852	2067	76	690	541	1260	388	910	845	613	381	428	424	604	228	253	451	328	443	655	860	610	639	240	637	1018	584	334	1328	696	288	900	1239	189	1343	191	369	621	638	909	581	860	678	571	945	1965	682	433	950	715	76	705	205	498	312	192	447	446	103	675	1552	944	288	1011	1260	420	295	343	260	528	1079	199	2039	1128	936	1894	1260	1319	2761	388	411	852	625	131	712	273	1685	1075	809	578	1077	849	261	207	921	609	317	713	232	216	701	222	503	974	217	658	728	246	604	454	232	714	322	328	605	425	154	354	154	1153
30	113	1753	434	471	1611	1056	1261	633	623	2441	360	2170	289	15	631	109	1131	240	0	78	1450	287	388	1149	568	2004	1000	388	899	240	149	451	991	613	252	1069	380	1003	1657	420	95	1162	1168	848	2580	435	412	1027	1075	176	984	351	396	288	257	1805	69	439	513	1753	176	767	1737	354	1589	1220	612	683	380	109	331	512	321	301	1233	193	974	85	9	219	1070	191	583	528	535	65	843	336	69	766	297	270	869	1918	322	751	192	236	109	94	322	25	1112	186	223	1028	528	346	192	129	194	1925	1233	95	466	2112	198	338	993	809	1092	408	96	662	479	126	556	828	504	442	2316	1817	738	1317	1611	1242	525	1223	593	347	838	69	954	177	612	195	176	455	171	1026	1880	537	312	5	179	1973	95	127	1876	127	759	375	399	1753	372	65	353	471	257	176	631	441	257	707	627	242	1058	1978	176	450	336	1233	322	1035	1022	375	492	197	184	837	12	238	211	175	206	585	627	541	418	173	418	1011	435	123	1447	512	216	906	1347	239	1510	150	202	388	416	1104	341	627	525	333	743	1888	618	194	997	648	176	465	312	281	91	195	348	209	141	696	1714	1112	216	1046	1233	184	276	104	254	320	978	425	2004	1138	1176	2111	1233	1121	2969	322	171	613	407	110	528	35	1611	1242	612	500	1092	609	254	360	790	507	166	843	7	25	519	179	313	1016	27	576	962	10	837	339	8	530	170	176	492	186	162	219	162	993
96	178	1751	484	411	1625	1080	1256	583	544	2426	394	2129	210	92	615	188	1118	306	78	0	1469	209	314	1171	511	1952	961	317	866	306	221	397	1028	555	208	1017	308	1079	1623	342	67	1114	1113	902	2588	365	334	1001	1047	125	937	286	321	209	212	1799	143	484	463	1751	249	697	1775	348	1545	1245	637	606	308	188	266	453	254	225	1186	118	981	153	70	292	1051	210	510	478	463	13	850	325	143	769	219	192	801	1908	254	762	266	261	188	171	286	61	1131	196	281	989	450	284	116	51	147	1916	1186	16	406	2125	130	330	956	847	1081	487	159	611	419	199	598	890	452	490	2286	1828	669	1266	1550	1260	448	1271	538	282	817	143	957	100	637	159	125	394	141	987	1902	459	337	75	183	1973	158	200	1839	200	743	325	417	1751	297	13	286	411	212	125	615	372	212	654	554	263	1095	2004	249	389	328	1186	286	1038	1045	325	503	122	138	891	87	310	161	219	169	535	554	492	340	169	340	971	365	48	1444	435	196	964	1342	317	1525	169	139	315	339	1135	278	554	453	266	726	1918	568	147	974	597	249	404	337	202	16	212	393	171	214	670	1727	1131	196	1019	1186	153	264	69	326	312	1006	478	1952	1102	1237	2150	1186	1103	3002	286	127	555	328	183	451	45	1550	1260	533	449	1059	547	327	394	720	545	213	850	83	103	442	183	319	991	105	522	1016	68	891	380	86	452	216	125	432	140	196	169	196	997
1420	1512	513	1060	1834	3007	397	2706	1207	1640	1263	1092	1533	1557	1438	937	1440	618	1276	1450	1469	0	1557	1686	302	1281	1660	1014	1702	951	1276	1355	1281	536	1975	1675	1232	1691	1284	3081	1633	1402	1159	1291	819	1162	1414	1628	824	844	1379	1123	1382	1683	1558	1317	620	1402	1041	1229	513	1349	2012	506	1804	1231	250	838	1618	1691	1440	1691	1877	1674	1600	1162	1548	2404	1494	1448	1518	718	1262	1833	1925	1810	1464	635	1786	1402	2205	1574	1552	1461	3366	1674	2176	1346	1213	1440	1405	1247	1469	338	1635	1592	1011	1558	1716	1544	1497	1614	3372	1162	1468	1827	676	1424	1788	990	691	2542	1387	1509	1199	1842	1374	931	1982	1246	1047	1439	402	1439	1265	1622	210	1555	590	1259	1706	2286	1402	557	1528	838	1628	1379	1819	1609	1005	437	1562	1137	1454	1285	656	1511	1371	3294	1371	851	1781	1830	513	1668	1464	1704	1834	1317	1379	937	1408	1317	2081	1876	1209	483	3304	1349	1816	1786	1162	1247	493	431	1781	967	1547	1606	819	1439	1525	1627	1595	1638	1219	1876	1218	1647	1300	1637	1020	1414	1457	402	1554	1286	2070	455	1456	85	1304	1403	1692	1649	393	1707	1876	1455	1685	2193	3192	1203	1615	798	1213	1349	1824	1137	1547	1461	1259	1723	1640	1363	964	289	338	1286	839	1162	1622	1216	1536	1530	1770	2343	1086	1660	958	875	824	1162	2571	1575	1247	1595	1975	1629	1379	1559	1466	1622	210	1657	1242	926	1944	1531	1092	1471	1882	1583	635	1442	1438	1548	1285	1760	814	1441	1252	767	1449	819	1730	1445	1562	1588	1379	1327	1608	1287	1355	1287	2428
304	372	1785	654	277	1661	1183	1246	506	343	2421	544	2049	1	301	641	395	1131	505	287	209	1557	0	133	1268	418	1841	903	146	829	505	427	331	1162	418	206	914	135	1285	1527	133	235	1026	1002	1073	2639	235	125	982	1020	200	857	199	134	0	240	1821	351	648	403	1785	456	509	1904	396	1463	1350	757	412	135	395	144	321	126	44	1099	103	1009	352	279	489	1050	363	317	375	277	222	922	364	351	795	17	17	648	1878	126	810	473	413	395	380	309	267	1223	317	458	931	260	170	103	158	184	1888	1099	193	271	2191	145	376	904	987	1058	696	353	534	285	407	753	1052	387	658	2235	1893	518	1164	1414	1346	258	1426	449	156	779	351	1016	112	757	214	200	263	223	930	1994	269	478	283	324	2010	351	407	1737	407	760	251	507	1785	114	222	151	277	240	200	641	244	240	524	363	408	1227	2069	456	260	375	1099	309	1094	1149	251	601	97	187	1061	296	507	177	383	212	462	363	430	133	303	132	911	235	172	1478	245	290	1119	1370	523	1605	333	164	137	132	1254	160	363	296	135	702	1994	495	184	963	516	456	267	478	9	198	363	539	211	421	665	1797	1223	290	995	1099	221	352	215	522	363	1085	656	1841	1051	1418	2279	1099	1062	3115	309	189	418	120	390	260	252	1414	1346	329	387	1015	392	523	544	562	664	383	922	292	312	255	324	397	975	314	438	1185	277	1061	518	295	261	383	200	332	186	370	208	370	1017
410	450	1901	782	156	1590	1315	1155	595	318	2522	674	2115	132	403	763	489	1244	620	388	314	1686	133	0	1399	503	1887	990	21	927	620	535	436	1295	289	209	975	15	1391	1401	97	355	1094	1055	1202	2759	317	95	1084	1119	332	932	311	13	132	372	1933	456	777	506	1901	563	383	2037	375	1529	1482	890	398	15	489	87	197	83	95	1166	195	941	436	380	563	1159	492	195	262	149	327	1050	342	456	732	115	142	676	1774	83	760	580	542	489	482	439	364	1353	356	515	1017	271	99	197	263	226	1785	1166	302	150	2315	277	357	993	1119	963	790	433	621	163	513	884	1077	488	786	2316	2017	553	1222	1443	1475	271	1557	534	84	682	456	1142	214	890	248	332	145	269	1017	2123	277	609	383	454	2126	430	514	1610	514	878	179	499	1901	18	327	71	156	372	332	763	326	372	395	239	539	1360	2013	563	143	357	1166	439	1218	1281	179	734	192	233	1190	399	579	210	438	240	555	239	529	80	433	91	997	317	289	1596	259	422	1137	1486	609	1733	459	297	8	75	1387	93	239	347	77	613	1945	587	225	1069	602	563	146	609	142	308	491	567	238	528	778	1923	1353	422	1096	1166	260	485	295	594	348	1048	782	1887	1139	1544	2412	1166	959	3247	439	242	289	88	496	271	352	1443	1475	296	490	1107	259	595	674	589	665	441	1050	394	413	271	454	395	1079	414	527	1314	379	1190	543	396	271	440	332	422	232	494	341	494	944
1119	1210	726	758	1544	2706	96	2403	961	1379	1487	790	1607	1269	1137	672	1138	500	973	1149	1171	302	1268	1399	0	1025	1664	848	1414	757	973	1052	1009	272	1687	1378	1071	1403	1058	2788	1352	1104	1026	1147	559	1459	1142	1346	667	704	1085	948	1102	1397	1269	1028	817	1100	739	965	726	1046	1738	677	1503	1203	92	537	1366	1403	1138	1399	1588	1382	1311	1047	1253	2101	1192	1148	1216	575	962	1555	1633	1529	1165	362	1485	1100	1903	1286	1262	1246	3064	1383	1874	1044	913	1138	1103	960	1169	56	1333	1289	852	1292	1424	1250	1201	1317	3070	1047	1170	1538	976	1132	1487	822	398	2240	1092	1207	957	1552	1072	630	1693	981	745	1578	692	1204	1160	1537	111	1288	462	1007	1415	1986	1100	319	1233	537	1330	1085	1529	1310	845	731	1296	837	1154	987	912	1209	1069	3002	1069	607	1486	1527	726	1381	1165	1413	1544	1028	1085	672	1137	1028	1792	1598	909	242	3010	1046	1525	1485	1047	960	289	128	1486	671	1253	1309	556	1138	1223	1330	1292	1340	965	1598	957	1365	1002	1355	856	1142	1161	490	1286	991	1782	469	1155	371	1004	1111	1405	1367	146	1415	1598	1192	1394	1893	2899	954	1317	629	969	1046	1534	837	1258	1163	959	1421	1342	1060	717	582	56	991	689	1047	1323	923	1237	1228	1470	2043	785	1664	834	712	1041	1047	2270	1848	960	1298	1687	1347	1076	1292	1166	1537	111	1394	976	789	1658	1230	790	1243	1580	1281	362	1141	1137	1281	987	1458	653	1139	997	535	1149	556	1428	1144	1295	1286	1085	1061	1310	986	1063	986	2126
562	681	1424	677	657	2079	959	1657	92	359	2020	550	1633	417	572	355	660	765	661	568	511	1281	418	503	1025	0	1441	487	524	427	661	634	119	1007	772	620	506	515	1388	1874	416	473	611	601	1026	2289	186	415	588	619	392	439	232	494	419	314	1447	593	654	83	1424	659	746	1699	808	1047	1116	627	341	515	660	555	695	539	457	684	486	1427	654	560	783	671	475	587	765	580	519	663	777	593	1213	430	426	333	2276	539	1227	675	488	660	624	272	564	972	695	790	514	288	580	483	491	583	2287	684	496	651	1865	383	788	490	864	1466	904	664	117	664	628	710	1397	79	672	1817	1570	222	757	1043	1077	285	1305	31	564	1185	593	723	478	627	611	392	648	610	514	1712	290	496	568	446	1649	663	626	2072	626	430	665	908	1424	491	519	555	658	314	392	355	177	314	875	623	475	1061	2485	659	647	787	684	272	789	928	665	474	481	581	1014	569	801	582	731	613	62	623	73	434	433	422	495	186	464	1125	288	380	1474	1012	782	1313	483	372	511	438	1056	570	623	181	545	1114	2407	87	583	578	99	659	647	496	412	495	469	905	614	634	318	1485	972	380	597	684	614	366	565	817	773	1496	699	1441	636	1381	2067	684	1462	2856	272	578	772	419	614	289	549	1043	1077	378	85	603	726	818	550	276	1051	725	663	567	583	280	446	800	584	587	28	1123	559	1014	890	572	291	728	392	85	581	513	349	513	1435
1994	2117	1299	1952	2017	3468	1689	3004	1371	1594	1247	1860	392	1840	2006	1470	2086	1183	2039	2004	1952	1660	1841	1887	1664	1441	0	1035	1908	1159	2039	2043	1555	1874	2081	2048	935	1902	2588	3014	1789	1909	847	841	2089	1889	1609	1792	1108	1052	1830	1025	1672	1874	1842	1747	1210	2018	1921	1491	1299	2062	1925	2151	2238	470	1728	1749	1514	1902	2086	1961	2041	1947	1873	779	1923	2826	2090	1996	2211	1148	1874	1869	2121	1893	1960	1527	2205	2018	2618	1850	1853	1213	3550	1947	2646	2075	1866	2086	2046	1686	2003	1622	2136	2228	1010	1615	1981	1921	1932	2019	3566	779	1938	2012	1748	1825	2217	1051	1866	2807	2278	2101	1342	2021	2042	1902	2829	1501	1941	747	1590	1333	687	485	1604	1615	2126	1414	1965	2535	2018	1447	1917	1749	2048	1830	2013	2049	1015	1868	1610	1837	2005	1857	1399	2100	2040	3163	2040	1373	2065	2346	1299	1881	1960	1954	2017	1747	1830	1470	1601	1747	2158	1880	1853	1880	3900	2062	2015	2217	779	1686	1417	1686	2065	1696	1918	2018	2080	2004	2228	2016	2172	2049	1419	1880	1462	1806	1850	1795	1023	1609	1906	1258	1627	1798	2909	1218	2197	1610	1895	1813	1895	1811	1800	1973	1880	1547	1949	2484	3831	1386	2019	1153	1356	2062	2008	1837	1838	1936	1868	2346	2049	2045	1370	1602	1622	1798	1081	779	2052	1759	2007	2243	2204	2927	1985	0	934	2355	2387	779	2778	2832	1686	2017	2081	1798	2032	1615	1988	485	1604	1622	1504	990	2022	2244	1860	1299	2493	2166	1527	2002	2016	1615	1857	2236	1125	2020	1430	2126	1996	2080	2332	2008	1616	2168	1830	1524	2018	1916	1786	1916	2826
985	1111	1010	919	1143	2563	824	2145	397	788	1542	824	1169	902	999	435	1070	400	1007	1000	961	1014	903	990	848	487	1035	0	1011	127	1007	1018	577	962	1251	1100	222	1002	1582	2333	900	908	207	305	1112	1871	674	900	190	180	835	109	708	980	904	749	1010	1003	888	505	1010	1035	1187	1501	1285	593	937	733	732	1002	1070	1043	1178	1026	943	261	961	1911	1083	993	1193	297	850	1053	1251	1055	966	568	1255	1003	1697	916	910	484	2760	1026	1706	1047	837	1070	1029	678	1003	793	1155	1221	28	752	1067	958	953	1057	2772	261	949	1137	1489	844	1264	26	896	1953	1243	1096	370	1149	1020	879	1809	519	908	1332	1209	516	372	745	849	749	1257	456	1052	1673	1003	539	950	733	1084	835	1134	1079	26	1405	750	803	1002	838	1227	1096	1018	2523	1018	352	1152	1375	1010	978	966	1043	1143	749	835	435	665	749	1349	1083	824	992	2961	1035	1133	1264	261	678	558	806	1152	662	957	1054	1101	997	1210	1059	1174	1088	441	1083	476	918	835	906	11	674	920	740	756	785	1892	629	1172	1017	876	828	998	923	942	1057	1083	651	1032	1601	2878	407	1057	220	388	1035	1132	803	897	945	844	1349	1088	1021	335	1145	793	785	177	261	1085	737	1024	1223	1249	1965	951	1035	148	1427	1839	261	1948	2546	678	1049	1251	905	1011	752	990	745	849	814	520	125	1200	1225	824	526	1505	1167	568	997	1008	746	838	1270	200	1012	465	1173	993	1101	1339	1002	754	1170	835	571	1055	893	791	893	1920
412	446	1920	790	136	1569	1330	1133	616	336	2542	684	2136	145	404	781	488	1264	623	388	317	1702	146	21	1414	524	1908	1011	0	948	623	537	456	1307	273	197	996	11	1391	1384	118	361	1116	1076	1209	2777	338	116	1105	1140	342	954	330	33	145	386	1953	457	785	526	1920	564	379	2050	358	1551	1496	902	417	11	488	73	178	73	105	1188	198	920	433	381	558	1179	500	195	242	146	329	1067	325	457	710	128	154	696	1753	73	739	581	551	488	483	454	364	1368	346	507	1038	292	82	200	266	219	1764	1188	305	130	2333	288	339	1014	1130	941	787	429	642	144	514	893	1063	509	794	2337	2035	575	1243	1463	1491	292	1567	555	67	661	457	1159	218	902	240	342	124	261	1038	2139	298	619	384	463	2145	426	515	1593	515	896	158	483	1920	34	329	55	137	386	342	781	347	386	379	238	548	1372	1992	564	123	340	1188	454	1236	1295	158	747	195	227	1197	400	574	203	430	231	576	238	550	101	442	112	1018	338	294	1615	280	434	1121	1505	605	1749	466	308	13	96	1400	77	238	369	65	592	1924	608	219	1089	623	564	126	619	156	312	500	555	229	530	797	1940	1368	434	1116	1188	252	497	292	588	332	1028	788	1908	1160	1550	2425	1188	938	3262	454	237	273	110	498	292	353	1463	1491	313	510	1128	246	588	684	610	649	433	1067	395	414	292	463	380	1099	415	548	1322	380	1197	530	397	291	432	342	442	225	500	354	500	923
882	1007	1010	794	1083	2481	724	2075	335	761	1594	702	1277	829	897	310	962	362	889	899	866	951	829	927	757	427	1159	127	948	0	889	906	498	849	1200	1018	327	938	1455	2298	843	809	333	421	988	1876	609	842	163	192	740	197	630	919	830	653	1025	896	763	425	1010	921	1160	1424	1199	709	849	606	717	938	962	972	1121	955	871	389	877	1831	979	892	1084	259	739	1012	1190	1007	869	453	1170	896	1616	844	834	512	2701	955	1621	932	723	962	920	579	904	701	1061	1116	149	709	997	874	862	971	2712	389	854	1077	1472	755	1179	108	774	1886	1122	993	312	1090	909	752	1696	442	782	1420	1184	510	499	870	772	707	1148	397	983	1607	896	440	864	606	997	740	1072	990	144	1360	710	684	901	730	1233	993	907	2493	907	225	1081	1283	1010	914	869	975	1083	653	740	310	601	653	1302	1045	709	883	2870	921	1071	1178	389	579	473	703	1081	537	873	968	976	895	1100	975	1074	1002	372	1045	399	861	729	849	139	609	827	722	712	682	1780	608	1059	964	768	737	935	865	840	987	1045	604	962	1531	2784	341	971	164	331	921	1072	684	822	850	733	1247	1003	909	214	1110	701	682	169	389	997	629	931	1113	1163	1872	826	1159	240	1307	1771	389	1886	2506	579	962	1200	846	901	710	892	870	772	785	441	193	1153	1114	702	533	1406	1066	453	894	904	702	730	1180	162	908	401	1052	892	976	1238	900	712	1069	740	505	968	782	697	782	1842
