NAME : VRPTW_INSTANCE_222.txt
COMMENT : Bangkok Supermarket
TYPE : VRPTW
DIMENSION : 328
DAYS : Thursday
EDGE_WEIGHT_TYPE : EXPLICIT
VEHICLES : 41
EDGE_WEIGHT_FORMAT : FULL_MATRIX
CAPACITY : 1000
EDGE_WEIGHT_SECTION
0	1205	1636	996	440	1109	124	840	474	650	106	404	431	595	1627	735	758	990	437	1035	865	155	420	897	202	932	403	422	1013	588	1003	1627	379	356	309	1600	193	1919	394	213	1432	199	73	91	215	977	225	199	582	788	574	372	283	1007	268	407	517	747	404	172	19	1126	1076	650	705	101	118	155	220	155	355	3142	207	86	877	411	482	312	1055	102	379	197	103	215	124	283	1521	761	431	1158	981	477	419	1390	425	606	548	539	283	34	464	365	119	851	979	620	264	877	383	3572	1944	155	345	59	1142	25	185	367	308	304	312	371	1089	1795	990	97	205	155	580	348	634	502	696	1815	102	309	490	503	390	93	284	648	359	409	345	103	132	423	1814	586	695	97	111	977	152	402	419	101	1007	1190	402	1123	193	1080	1958	1190	747	972	172	815	386	1734	932	308	358	962	334	135	300	317	288	630	1967	288	1606	1973	651	391	124	404	1129	548	152	413	152	1583	963	92	394	359	560	484	217	650	88	225	984	434	17	264	1075	1642	405	311	1645	379	525	284	1025	811	306	1017	1076	541	199	386	344	985	1060	309	525	356	243	1960	1958	837	79	347	219	2419	472	1939	607	212	255	1073	391	383	110	201	477	214	305	165	991	410	904	1056	371	511	405	167	1590	1028	395	1011	358	1111	679	1738	308	97	119	82	611	214	154	419	910	418	146	439	377	1727	537	1114	23	1601	239	152	492	392	2967	995	359	1013	965	172	495	118	903	458	244	244	624	540	1452	1727	1024	101	538	1658	510	383	581	116	309	288	84	639	211	1822	309	362	652	1916	304	1090
1205	0	2784	2032	1335	2148	1101	2046	808	959	1169	1008	1636	1596	2458	1939	1951	2068	1107	339	2070	1342	799	749	1348	2076	802	1129	2034	630	2045	2458	972	1561	1415	740	1048	2868	1032	1151	2571	1351	1244	1227	1006	2124	1016	1351	1788	1510	1318	1568	1488	2102	1146	1020	1366	934	1589	1262	1186	2331	2281	959	1373	1197	1274	1342	1020	1342	954	4309	1029	1254	1863	1022	1083	1121	2134	1261	972	1037	1257	1097	1115	1488	2726	1828	1108	589	1654	1591	1622	2311	1103	976	1269	1262	1488	1176	1662	964	1123	354	2012	1220	1357	1969	823	4766	2717	1342	996	1162	2122	1186	1333	962	1126	1122	1121	1569	644	2721	2068	1138	1111	1258	1541	863	815	865	778	2655	1258	1415	866	1522	880	1207	1489	1721	1551	1011	996	1263	1094	1102	2802	1594	1854	1138	1123	2183	1294	1008	933	1118	377	2396	875	2276	1398	2151	755	2396	1882	2082	1262	2010	850	2903	2076	1121	937	1991	1382	1086	1506	984	1120	1835	1048	953	2363	3128	1034	875	1322	1105	2078	1269	1294	1603	1294	2625	2167	1258	968	1551	1765	1511	1148	959	1152	1000	2135	1340	1188	1357	2126	2544	876	1126	2754	972	1668	1489	2054	1804	1122	2054	2281	829	1351	1580	994	2008	306	1122	1718	1043	986	3165	775	2040	1169	995	1099	3532	784	862	1598	1103	1421	2146	875	822	1156	1402	875	1295	1121	1272	2069	1019	2047	2138	1569	1349	1020	1052	475	2223	1570	2082	937	2150	1784	962	1124	1138	1118	1254	1605	1099	1323	1622	1893	1028	1059	1485	1575	2901	1263	2273	1181	410	990	1294	875	873	4152	2095	1551	2034	821	1262	1505	1274	1749	1350	1010	1010	1015	1254	2622	2901	312	1197	1259	2861	1259	822	1551	1121	1415	1120	1243	1621	1029	617	1415	843	708	2657	1122	2134
1636	2784	0	1583	1809	1581	1759	940	1976	2228	1714	2001	1237	1666	2179	1060	1128	1477	1978	2665	930	1549	2050	2514	1455	709	2009	1953	1616	2156	1567	2179	1994	1304	1589	2939	1827	2092	1983	1635	1294	1579	1577	1657	1851	663	1860	1579	1124	2016	1521	1270	1392	1430	1637	1998	1447	2325	1232	1669	1654	803	714	2228	2043	1610	1539	1549	1855	1549	1829	1526	1843	1565	1678	2000	1727	1874	1476	1554	1994	1833	1556	1823	1693	1392	740	1526	1972	2518	2123	1505	1238	1911	1971	2182	1966	1964	1392	1670	1288	1987	1684	2446	1587	2069	1628	1450	1987	2029	2457	1549	1960	1693	1722	1648	1592	1989	1869	1869	1874	1272	2718	2080	1477	1675	1808	1662	1725	1975	2011	2126	2318	2262	1556	1589	2116	1655	2025	1603	1386	1531	1278	2004	1960	1552	1768	1970	1939	1656	942	1675	1688	838	1511	1999	1853	1699	2492	676	2037	513	1466	1500	3534	676	903	1388	1669	1085	1937	176	709	1872	1846	1597	1659	1771	1356	1799	1858	1114	3261	1924	2289	1402	2199	2027	1550	1953	1781	1966	1511	1224	1511	1691	906	1559	2008	1278	1173	1647	1638	2228	1662	1861	654	1799	1651	1628	1551	2055	2039	1871	192	1994	1422	1386	1599	1664	1870	1581	714	2168	1579	1254	1960	1611	2687	1872	1118	1742	1879	861	3469	998	1700	1962	1824	1886	1999	3355	1680	1817	1521	1493	2027	1988	1725	1478	2103	1662	1870	1654	1478	2001	739	1466	1272	1863	1997	1757	3209	665	1241	1496	1846	1582	1455	3365	1871	1675	1691	1567	1675	1821	1491	1238	963	2003	1772	1631	1354	1166	1961	1188	1658	3141	1875	1511	2116	2028	1393	1416	1278	1616	2568	1669	1668	1539	1899	1448	1877	1877	2182	1970	221	1166	2533	1610	1965	813	1560	1988	1712	1688	1589	1858	1574	1689	1846	3393	1589	1969	2099	2493	1869	1568
996	2032	1583	0	698	117	1032	708	1453	1111	959	1025	789	439	710	635	534	107	924	1753	705	847	1271	1409	1031	1155	1315	902	34	1510	19	710	1065	815	690	2561	1052	924	1001	1193	597	796	1018	921	1102	1166	1075	796	723	616	1472	873	805	157	1244	1012	1381	1176	916	849	1009	781	876	1111	724	1079	1028	847	1073	847	1349	2829	1070	1019	179	1009	1462	922	137	1028	1065	1066	1032	978	1120	805	1031	235	923	2132	621	520	817	433	928	1080	774	780	805	1005	659	1076	1115	1697	19	849	743	165	1303	3103	1034	847	1046	1001	174	1022	811	1078	918	923	922	866	1625	808	107	1094	968	862	490	1230	1628	1166	1282	870	1030	690	1165	522	1168	1066	813	348	899	1021	1046	1026	1035	929	817	443	1027	1094	1107	762	1041	1025	1415	1094	1941	908	1170	1221	863	135	2728	908	1107	194	849	547	1354	1578	1155	923	1351	41	688	1046	833	1312	929	673	2929	1124	761	1144	1044	1174	885	926	208	774	1041	899	1041	599	688	1021	1067	899	678	538	1198	1111	1084	1101	1156	693	1011	743	96	673	1167	918	1701	1065	494	813	30	229	923	22	876	1203	796	879	1048	34	1788	922	871	1349	1108	1412	2806	636	976	1047	975	1503	1440	2854	435	973	746	135	1174	1302	970	834	1156	806	924	848	106	1013	1145	146	866	683	1012	1152	2289	968	948	93	1351	119	330	2180	920	1094	1116	1015	428	977	1005	817	1452	1004	1103	575	705	976	778	428	1013	2442	1106	1041	1156	1176	2588	169	899	34	1408	849	537	1028	391	1325	1071	1071	1050	788	1362	976	1941	1079	783	1109	1432	1302	481	1112	690	929	1029	410	1067	2608	690	1283	1632	1034	923	102
440	1335	1809	698	0	815	406	889	806	459	352	327	599	261	1231	765	728	734	232	1068	907	367	582	769	594	1163	640	207	702	827	711	1231	367	553	233	1879	397	1576	303	650	1247	303	500	349	444	1199	410	303	686	347	1014	612	473	770	705	314	950	546	666	270	442	1134	1141	459	280	542	535	367	410	367	738	3248	411	510	536	312	910	231	800	525	367	410	528	315	540	473	1504	496	229	1462	540	319	610	1024	234	418	157	154	473	427	522	380	539	999	678	260	220	639	631	3612	1537	367	351	409	804	459	302	382	229	235	231	606	988	1439	734	521	309	288	207	552	999	470	608	1426	526	233	468	197	474	534	483	397	621	323	351	525	405	234	1492	260	939	521	528	1019	566	327	804	507	1253	1234	474	1322	448	816	2044	1234	1012	755	270	786	705	1871	1163	233	733	657	161	416	519	707	245	696	2245	445	1189	1806	409	480	397	229	770	157	566	662	566	1295	974	515	369	621	635	192	654	459	518	439	1199	10	446	220	791	1273	471	228	1861	367	407	483	722	473	234	720	1141	509	303	627	354	675	1101	232	731	774	442	1937	2110	850	379	352	310	2197	785	2158	263	311	325	811	480	630	357	417	459	236	235	281	735	315	1139	804	606	73	315	543	1618	1148	679	748	733	817	471	1603	230	521	536	504	270	313	546	610	1265	307	480	187	467	1597	151	969	445	1745	440	566	460	482	3042	765	621	702	795	270	179	535	487	891	399	399	402	161	1600	1597	1248	542	155	1622	951	630	216	533	233	245	514	287	406	1920	233	613	979	1502	235	800
1109	2148	1581	117	815	0	1148	749	1568	1224	1075	1142	879	557	647	692	591	142	1041	1868	743	958	1389	1520	1135	1203	1433	1019	116	1627	107	647	1182	911	805	2679	1169	817	1118	1303	507	909	1128	1035	1219	1210	1192	909	799	716	1572	967	908	166	1353	1129	1479	1287	1006	964	1122	778	888	1224	830	1189	1136	958	1191	958	1463	2778	1187	1129	289	1127	1571	1040	108	1137	1182	1182	1141	1096	1233	908	987	347	1040	2248	699	631	908	363	1045	1194	888	894	908	1118	753	1194	1228	1814	136	960	858	248	1420	3032	965	958	1164	1115	141	1134	924	1196	1036	1041	1040	959	1734	709	142	1207	1085	977	608	1348	1741	1283	1397	792	1139	805	1282	640	1286	1177	915	462	993	1138	1164	1134	1151	1046	705	560	1093	1207	1220	783	1148	1142	1528	1207	2058	905	1288	1251	970	81	2843	905	1171	218	964	592	1470	1564	1203	1041	1465	157	805	1162	933	1426	1047	744	3046	1241	722	1041	1155	1292	995	1043	207	888	1148	989	1148	482	708	1130	1185	993	758	655	1307	1224	1197	1218	1198	811	1124	858	40	586	1285	1036	1710	1182	598	915	94	345	1040	95	888	1319	909	971	1166	141	1903	1040	951	1460	1226	1346	2923	677	1091	1165	1092	1388	1556	2972	552	1090	857	89	1292	1419	1086	942	1273	921	1042	963	141	1130	1195	117	959	800	1130	1266	2401	993	1040	116	1465	1	435	2279	1038	1207	1228	1124	546	1094	1111	908	1521	1121	1218	691	804	889	893	398	1127	2558	1223	1148	1273	1294	2530	183	993	116	1515	964	655	1136	479	1424	1188	1188	1163	903	1363	889	2058	1189	897	1052	1534	1419	598	1225	805	1047	1139	528	1184	2723	805	1400	1747	974	1041	20
124	1101	1759	1032	406	1148	0	948	420	536	74	291	545	608	1629	838	851	1038	343	916	972	241	305	774	323	1057	305	334	1046	499	1041	1629	259	470	346	1536	69	1946	285	267	1503	257	192	127	95	1101	100	257	692	744	644	492	391	1061	318	296	601	631	527	183	108	1232	1189	536	645	189	236	241	95	241	333	3263	83	205	897	300	508	223	1105	220	259	73	219	114	147	391	1626	801	337	1101	939	527	536	1406	330	493	483	473	391	89	561	244	149	746	1014	540	290	927	287	3687	1940	241	227	66	1167	118	239	246	221	216	223	491	964	1817	1038	138	110	172	580	237	602	378	572	1821	219	346	366	517	265	189	394	687	482	297	227	222	8	329	1848	601	819	138	137	1086	270	289	400	115	928	1301	278	1247	304	1127	1850	1301	871	1030	183	910	322	1856	1057	219	329	995	345	15	415	301	199	736	1904	164	1594	2052	544	267	223	311	1146	483	270	536	270	1628	1067	212	274	482	665	499	270	536	142	104	1108	403	111	290	1117	1657	280	224	1769	259	589	394	1060	830	218	1053	1189	417	257	507	225	1017	942	221	646	369	120	2065	1861	939	68	228	119	2486	408	1858	618	113	325	1121	267	287	62	303	354	226	216	187	1039	300	1028	1106	491	470	294	136	1473	1146	519	1058	329	1150	730	1614	221	138	143	202	622	114	277	536	1026	309	74	458	474	1812	472	1191	105	1501	117	270	369	268	3086	1051	482	1046	844	183	505	236	890	546	119	119	515	472	1574	1812	939	189	472	1760	574	287	583	142	346	199	200	648	86	1715	346	266	599	1906	216	1130
840	2046	940	708	889	749	948	0	1286	1333	884	1130	413	726	1396	124	191	615	1084	1857	25	708	1253	1635	726	454	1244	1058	742	1426	697	1396	1137	487	690	2389	1006	1478	1109	937	754	714	807	825	1043	460	1040	714	258	1075	1043	493	558	583	966	1124	944	1427	491	808	859	287	252	1333	1106	861	784	708	1036	708	1143	2360	1025	799	762	1125	1145	999	642	795	1137	1016	799	976	939	558	682	597	1079	1943	1188	574	430	1112	1079	1289	1042	1041	558	870	394	1135	931	1692	706	1146	739	551	1223	2748	1711	708	1105	885	874	860	730	1137	993	995	999	490	1850	1407	615	914	961	807	786	1184	1397	1271	1451	1530	798	690	1262	720	1196	849	556	591	516	1131	1105	792	955	1079	1335	716	395	914	929	138	772	1129	1191	930	1831	356	1205	516	647	672	2798	356	459	531	808	161	1214	984	454	997	1154	710	752	962	541	1105	988	212	2748	1106	1466	1216	1294	1200	725	1064	917	1042	772	473	772	1065	133	795	1149	516	283	714	942	1333	900	1051	448	879	858	739	711	1318	1206	995	1025	1137	488	556	732	737	995	714	252	1314	714	484	1106	729	1885	997	368	1090	1067	1120	2795	72	880	1107	975	1707	1294	2757	739	970	646	664	1200	1224	897	644	1250	788	996	795	617	1127	448	634	490	936	1123	998	2417	278	521	640	1154	750	517	2484	995	914	935	798	735	974	738	430	807	1126	987	705	478	946	1038	458	864	2441	1063	772	1259	1201	2161	566	516	742	1676	808	735	784	970	906	1051	1051	1282	1049	723	946	1855	861	1043	821	1037	1224	772	932	690	988	810	749	1026	2663	690	1203	1450	1723	995	731
474	808	1976	1453	806	1568	420	1286	0	726	493	557	874	1027	2038	1192	1226	1456	661	748	1311	630	300	816	562	1270	202	666	1466	197	1461	2038	501	801	764	1126	410	2366	570	353	1907	665	485	535	362	1318	396	665	1029	1117	545	794	744	1477	340	570	572	791	805	603	458	1573	1505	726	998	426	502	630	396	630	148	3502	395	491	1317	575	307	583	1523	493	501	397	488	492	355	744	1967	1221	657	684	1308	943	855	1823	649	701	839	830	744	457	932	479	363	483	1435	860	710	1344	198	3968	2343	630	494	455	1587	449	649	479	584	578	583	796	932	2235	1456	383	499	591	995	278	199	518	646	2232	489	764	507	937	401	439	743	1107	772	564	494	495	418	648	2269	1020	1052	383	367	1419	514	556	129	373	545	1623	411	1470	656	1546	1559	1623	1076	1443	603	1281	101	2098	1270	580	133	1416	766	407	749	183	565	1084	1492	372	1993	2446	774	396	598	636	1564	839	514	820	514	2047	1415	493	511	772	1017	919	350	726	395	366	1329	806	457	710	1537	2074	416	586	1947	501	997	743	1481	1250	579	1474	1505	528	665	804	491	1438	761	582	935	235	365	2401	1518	1293	477	494	496	2894	40	1472	1036	495	727	1539	396	198	482	671	502	647	578	605	1457	572	1240	1524	796	859	569	307	1250	1433	781	1476	133	1570	1147	1544	583	383	360	493	1041	493	548	855	1097	586	350	879	847	2196	829	1588	453	1174	367	514	518	394	3349	1466	772	1466	911	603	924	502	1294	548	409	409	741	825	1818	2196	572	426	827	2107	476	198	1000	364	764	565	479	1066	400	1418	764	208	179	2305	578	1550
650	959	2228	1111	459	1224	536	1333	726	0	548	246	991	703	1500	1210	1182	1167	250	651	1352	688	426	310	853	1548	524	275	1108	633	1127	1500	279	927	644	1603	472	1910	257	786	1688	649	723	594	482	1589	450	649	1107	551	1153	971	840	1208	828	243	1126	98	1018	563	638	1589	1586	0	415	726	768	688	455	688	746	3693	467	736	934	240	966	357	1229	752	279	475	752	435	670	840	1963	939	255	1239	699	774	993	1354	257	45	338	334	840	618	947	298	675	673	1092	266	600	1082	532	4069	1768	688	309	592	1179	652	638	297	362	363	357	968	530	1762	1167	669	446	573	638	463	918	208	181	1698	751	644	219	654	337	726	846	850	970	240	309	753	529	257	1849	706	1312	669	664	1466	802	247	797	644	986	1684	324	1725	776	1240	1620	1684	1375	1199	563	1241	645	2303	1548	360	732	1070	580	531	879	736	376	1129	1956	415	1412	2246	74	340	696	274	1129	338	802	1021	802	1687	1426	743	264	970	1063	651	788	0	676	469	1592	468	642	600	1207	1584	318	360	2260	279	862	846	1130	882	362	1132	1586	202	649	987	311	1083	686	359	1115	830	455	2396	1721	1300	572	308	432	2612	689	1816	700	439	706	1237	340	531	541	757	226	565	362	578	1167	239	1521	1235	968	440	244	627	1178	1578	1019	1176	732	1225	927	1150	361	669	668	732	707	436	803	993	1560	233	571	644	875	2048	336	1424	636	1360	456	802	209	342	3493	1205	970	1108	342	563	637	768	794	1074	427	427	60	325	2026	2048	960	726	331	2081	1079	531	651	669	644	376	733	715	461	1504	644	528	849	1713	363	1212
106	1169	1714	959	352	1075	74	884	493	548	0	303	488	539	1564	772	781	964	331	974	908	176	370	806	305	1017	378	316	973	573	968	1564	284	415	272	1610	122	1875	291	300	1430	184	179	59	163	1060	155	184	631	697	673	444	332	986	354	305	620	646	484	110	99	1166	1128	548	607	201	223	176	151	176	397	3211	140	191	827	308	558	205	1031	208	284	132	209	113	188	332	1560	728	324	1175	891	452	481	1337	318	503	447	438	332	81	494	273	186	814	941	515	217	853	361	3628	1877	176	249	58	1096	116	166	275	201	198	205	442	1004	1747	964	169	101	98	514	306	671	413	606	1755	208	272	402	447	315	196	336	613	437	307	249	209	78	317	1776	531	779	169	175	1022	258	301	465	155	1002	1239	326	1203	249	1054	1916	1239	835	956	110	840	395	1806	1017	202	396	923	274	89	360	363	181	672	1978	221	1534	1978	546	318	165	298	1077	447	258	490	258	1554	1001	198	298	437	601	429	304	548	167	168	1065	347	103	217	1043	1589	327	204	1730	284	515	336	988	760	199	981	1128	454	184	459	249	945	1001	203	596	423	183	1999	1932	873	28	251	116	2412	482	1931	549	109	253	1047	318	360	13	243	389	153	199	113	965	308	988	1032	442	420	303	198	1533	1091	480	984	396	1077	656	1653	202	169	183	187	554	112	255	481	1013	315	143	387	408	1740	436	1118	100	1571	179	258	403	319	3030	976	437	973	870	110	436	223	829	562	167	167	520	438	1524	1740	1013	201	437	1693	606	360	517	181	272	181	190	580	141	1782	272	339	672	1846	198	1057
404	1008	2001	1025	327	1142	291	1130	557	246	303	0	763	588	1521	1009	996	1060	112	752	1151	452	280	513	606	1312	361	127	1029	526	1038	1521	56	696	443	1567	229	1891	24	548	1568	423	476	351	248	1354	212	423	891	573	921	735	608	1095	593	14	887	343	779	331	391	1398	1381	246	446	481	521	452	216	452	540	3482	227	489	860	18	752	131	1126	506	56	235	506	189	429	608	1783	820	110	1164	757	602	762	1335	103	202	296	286	608	371	736	77	433	672	1005	303	391	962	360	3877	1813	452	70	345	1125	405	409	77	136	135	131	732	722	1750	1060	426	201	338	534	279	756	148	321	1718	505	443	143	516	165	480	615	716	731	7	70	507	284	102	1812	586	1075	426	423	1266	556	1	599	401	939	1485	160	1493	538	1142	1724	1485	1135	1076	331	1056	461	2083	1312	132	528	984	393	287	645	522	143	920	1931	195	1458	2127	255	171	456	99	1087	296	556	784	556	1621	1233	496	48	731	851	506	550	246	432	236	1358	332	396	391	1119	1579	156	135	2026	56	686	615	1048	799	134	1047	1381	190	423	751	73	1002	784	132	883	612	224	2221	1783	1105	325	69	186	2524	526	1833	590	193	486	1138	171	360	295	523	133	343	134	346	1061	15	1284	1130	732	350	13	392	1309	1361	779	1074	528	1144	783	1365	134	426	427	486	597	190	557	762	1314	29	332	484	657	1910	286	1280	390	1418	225	556	137	173	3291	1089	731	1029	570	331	498	521	779	833	189	189	225	280	1804	1910	930	481	284	1908	849	360	544	427	443	143	486	614	221	1598	443	349	710	1768	135	1127
431	1636	1237	789	599	879	545	413	874	991	488	763	0	555	1492	320	371	739	742	1461	438	314	849	1277	319	565	833	718	817	1013	788	1492	760	75	366	1985	608	1689	745	529	1080	341	394	428	640	603	641	341	155	884	705	94	156	736	563	760	608	1089	126	431	450	701	645	991	866	448	371	314	637	314	732	2724	625	386	745	762	758	637	795	382	760	615	386	590	526	156	1095	577	736	1538	1046	360	28	1222	734	945	755	751	156	462	131	754	517	1282	777	856	396	632	813	3142	1818	314	726	479	961	449	354	756	631	631	637	88	1484	1588	739	501	575	425	589	778	994	893	1082	1659	385	366	883	498	803	436	152	495	121	766	726	379	552	734	1564	542	340	501	516	548	361	762	784	518	1418	760	814	734	240	825	2389	760	416	688	431	420	800	1321	565	634	743	769	439	558	130	694	621	211	2346	707	1517	1593	966	806	323	716	975	755	361	109	361	1307	541	382	773	121	151	483	533	991	487	649	604	589	448	396	840	1462	815	633	1272	760	323	152	819	690	632	805	645	936	341	94	726	793	1487	634	132	686	665	1532	2382	420	479	728	591	2065	881	2346	571	584	286	817	806	813	500	245	871	425	632	417	741	763	540	792	88	664	759	586	2018	603	160	765	743	881	470	2129	633	501	522	384	570	588	325	28	709	765	577	450	135	1334	748	757	454	2028	662	361	882	807	2542	720	121	817	1330	431	505	371	878	557	655	655	947	756	1041	1334	1442	448	752	1234	679	813	580	518	366	621	397	596	627	2253	366	792	1040	1810	631	859
595	1596	1666	439	261	557	608	726	1027	703	539	588	555	0	1032	606	543	473	492	1328	738	465	832	1012	684	1078	880	469	447	1072	451	1032	626	540	290	2125	620	1339	564	805	988	402	633	510	670	1106	641	402	582	352	1132	606	489	509	859	576	1053	782	660	431	604	934	967	703	386	689	655	465	639	465	936	3055	637	638	289	574	1077	483	538	650	626	634	654	543	715	489	1283	236	491	1700	493	194	576	798	495	667	367	370	489	596	437	637	711	1258	420	461	330	380	868	3394	1350	465	607	587	560	619	413	639	479	484	483	599	1232	1208	473	690	533	446	67	794	1210	732	864	1219	653	290	730	92	729	678	499	152	625	585	607	649	610	496	1245	12	880	690	701	841	677	588	1003	685	1503	1046	731	1209	512	554	2305	1046	961	497	431	594	927	1707	1078	484	935	399	264	621	531	901	490	568	2492	687	1018	1547	644	735	503	491	537	367	677	649	677	1038	784	641	629	625	526	111	810	703	683	668	1103	256	607	330	531	1050	728	479	1741	626	253	499	464	222	483	461	967	770	402	618	609	419	1362	483	678	951	674	1707	2371	672	560	608	539	1936	1011	2415	16	538	374	549	735	867	548	479	721	387	485	433	473	577	1058	542	599	263	576	736	1875	1001	685	486	935	558	234	1827	481	690	710	633	16	541	645	576	1264	568	681	155	425	1344	368	722	608	2007	671	677	722	737	2838	505	625	447	1027	431	103	655	332	993	634	634	644	379	1449	1344	1502	689	373	1392	1080	867	53	707	290	490	647	45	633	2181	290	849	1205	1326	484	541
1627	2458	2179	710	1231	647	1629	1396	2038	1500	1564	1521	1492	1032	0	1338	1237	786	1408	2137	1388	1494	1798	1736	1704	1850	1867	1394	679	2046	715	0	1573	1510	1321	3085	1627	476	1500	1837	924	1433	1665	1540	1676	1856	1642	1433	1433	957	2152	1572	1487	813	1891	1506	2066	1526	1618	1460	1635	1392	1517	1500	1093	1721	1684	1494	1642	1494	1961	3211	1642	1669	761	1502	2109	1458	753	1680	1573	1641	1684	1546	1745	1487	1505	917	1410	2684	805	1182	1520	283	1417	1488	1225	1234	1487	1626	1361	1590	1742	2166	719	1249	1362	874	1860	3362	325	1494	1566	1616	535	1651	1445	1592	1457	1463	1458	1564	1920	325	786	1721	1539	1476	1050	1779	2229	1634	1681	198	1683	1321	1637	1123	1685	1710	1496	1013	1597	1515	1566	1679	1629	1419	503	1041	1735	1721	1732	1421	1703	1521	2028	1714	2458	1514	1681	1891	1531	723	3068	1514	1815	865	1460	1240	1936	2136	1850	1461	1959	725	1293	1640	1521	1928	1474	1383	3445	1674	171	1253	1426	1690	1533	1424	517	1225	1703	1601	1703	571	1346	1672	1569	1597	1387	1143	1842	1500	1714	1671	1844	1232	1638	1362	686	176	1677	1455	2324	1573	1180	1496	681	825	1462	698	1516	1659	1433	1579	1569	701	2173	1459	1580	1982	1673	1765	3207	1324	1587	1567	1541	1370	2016	3317	1019	1542	1399	732	1690	1859	1572	1499	1633	1416	1463	1464	784	1506	1842	761	1564	1182	1507	1762	2605	1631	1649	759	1959	646	1023	2329	1458	1721	1740	1664	1015	1544	1670	1520	2162	1493	1703	1187	1395	1241	1234	1001	1639	2853	1671	1703	1626	1693	2940	830	1597	679	1695	1460	1131	1684	745	2008	1630	1630	1447	1241	1968	1241	2442	1721	1237	1523	2105	1859	1047	1737	1321	1474	1678	987	1637	2967	1321	1843	2210	327	1463	665
735	1939	1060	635	765	692	838	124	1192	1210	772	1009	320	606	1338	0	101	552	961	1742	142	596	1142	1513	640	522	1138	935	668	1324	626	1338	1019	391	568	2305	894	1458	988	849	781	598	708	713	933	537	927	598	168	957	994	409	452	528	883	1003	894	1304	419	691	754	394	376	1210	984	765	689	596	923	596	1052	2483	913	701	666	1004	1073	878	590	699	1019	904	703	860	840	452	787	495	956	1859	1076	450	342	1055	956	1166	918	917	452	763	278	1017	832	1584	630	1022	618	472	1118	2868	1658	596	987	777	807	757	614	1020	873	874	878	404	1728	1376	552	814	845	691	665	1075	1314	1151	1330	1483	702	568	1143	597	1081	753	452	477	434	1011	987	696	845	956	1321	596	404	814	830	257	681	1009	1104	829	1736	475	1090	615	542	621	2688	475	480	476	691	116	1115	1108	522	877	1062	630	629	853	442	1014	868	108	2666	993	1396	1276	1170	1085	616	942	843	918	681	399	681	1054	229	698	1029	434	175	591	854	1210	800	940	529	755	753	618	653	1274	1090	874	1138	1019	365	452	662	635	875	643	376	1195	598	403	988	652	1770	877	311	1006	955	1227	2693	101	770	988	859	1756	1197	2664	620	853	529	612	1085	1118	785	536	1131	669	875	679	553	1006	510	583	404	812	1003	897	2302	395	451	578	1062	694	406	2361	875	814	836	699	616	858	645	342	831	1005	881	580	364	1014	914	464	759	2336	951	681	1140	1086	2283	511	434	668	1552	691	612	689	864	851	937	937	1158	924	844	1014	1757	765	919	922	979	1118	652	832	568	868	713	631	913	2554	568	1097	1360	1665	874	673
758	1951	1128	534	728	591	851	191	1226	1182	781	996	371	543	1237	101	0	450	937	1739	198	610	1151	1489	687	621	1155	911	568	1346	525	1237	1011	434	552	2347	902	1363	973	893	709	600	740	724	944	634	935	600	238	889	1067	465	481	427	931	988	968	1273	484	691	776	406	424	1182	928	800	727	610	931	610	1090	2521	921	735	573	988	1130	865	489	735	1011	913	739	859	870	481	787	406	933	1901	997	409	397	954	934	1140	876	876	481	783	294	1011	863	1596	530	978	607	372	1137	2886	1557	610	980	793	706	781	617	1013	860	862	865	459	1707	1278	450	843	845	693	605	1088	1359	1141	1313	1382	738	552	1134	547	1082	787	482	403	492	996	980	732	857	934	1228	534	504	843	859	297	723	995	1146	856	1765	507	1089	704	569	520	2696	507	580	375	691	59	1143	1164	621	864	1099	531	606	866	480	1051	858	174	2710	999	1296	1224	1137	1086	635	921	742	876	723	465	723	963	246	733	1020	492	220	544	897	1182	830	950	625	719	776	607	551	1174	1089	861	1216	1011	321	482	561	547	862	542	423	1184	600	462	981	552	1769	864	391	1052	964	1225	2712	130	783	981	858	1693	1228	2696	555	853	530	511	1086	1137	795	557	1122	663	863	680	452	991	610	483	459	768	988	924	2299	469	518	477	1099	592	327	2332	862	843	866	732	550	857	685	397	931	988	901	541	380	971	873	387	781	2353	961	723	1130	1087	2313	410	492	568	1523	691	563	727	779	921	942	942	1128	884	909	971	1783	800	878	915	1047	1137	592	862	552	858	746	563	921	2563	552	1115	1398	1563	862	572
990	2068	1477	107	734	142	1038	615	1456	1167	964	1060	739	473	786	552	450	0	965	1801	610	836	1293	1470	1003	1066	1331	942	139	1526	90	786	1096	774	692	2574	1065	952	1036	1178	523	792	1004	921	1114	1075	1090	792	657	697	1436	828	775	52	1226	1048	1342	1238	866	854	1004	674	772	1167	795	1066	1009	836	1088	836	1345	2726	1083	1004	259	1046	1443	950	67	1011	1096	1078	1015	995	1114	775	927	241	963	2139	719	513	768	503	968	1133	828	833	775	1002	614	1106	1108	1728	115	910	748	113	1317	3007	1106	836	1075	1001	259	1015	808	1108	946	950	950	821	1688	848	0	1087	984	866	532	1248	1624	1205	1333	934	1014	692	1203	546	1196	1053	782	353	855	1057	1075	1008	1042	969	833	474	951	1087	1101	661	1019	1060	1409	1089	1959	801	1198	1123	842	90	2777	801	1030	88	854	456	1360	1471	1066	950	1348	131	701	1052	798	1307	954	602	2942	1143	851	1079	1102	1201	873	964	307	828	1019	848	1019	593	586	1005	1100	855	615	559	1182	1167	1077	1114	1064	728	1005	748	102	729	1196	945	1597	1096	470	782	122	292	950	104	772	1243	792	832	1077	138	1834	949	809	1337	1123	1315	2844	542	979	1076	992	1464	1446	2879	472	990	735	83	1201	1316	976	815	1193	812	951	851	1	1049	1058	69	821	730	1048	1151	2343	868	900	26	1348	144	310	2256	947	1087	1110	1000	465	994	982	768	1379	1041	1106	590	670	895	831	323	1009	2479	1120	1019	1195	1203	2487	62	855	139	1475	854	563	1009	486	1288	1088	1088	1106	841	1256	895	1962	1066	835	1009	1400	1316	520	1106	692	954	1015	453	1080	2654	692	1296	1636	1113	950	122
437	1107	1978	924	232	1041	343	1084	661	250	331	112	742	492	1408	961	937	965	0	836	1104	446	392	552	633	1303	470	26	927	639	938	1408	166	681	394	1679	296	1781	93	610	1479	403	510	366	328	1343	290	403	857	461	988	728	593	1002	660	98	944	347	777	321	429	1343	1337	250	337	527	554	446	292	446	631	3443	300	522	756	93	835	125	1030	539	166	305	540	229	490	593	1721	728	6	1276	647	532	746	1224	13	205	183	174	593	409	697	185	492	778	905	203	350	871	467	3824	1701	446	167	384	1019	445	392	186	129	132	125	724	770	1639	965	481	236	333	434	385	860	242	379	1606	539	394	241	428	277	524	601	628	728	106	167	540	338	14	1704	492	1068	481	481	1218	588	112	693	459	1051	1436	273	1477	535	1045	1812	1436	1134	987	321	996	563	2052	1303	128	621	883	332	345	634	609	149	879	2042	291	1346	2038	225	283	459	32	979	183	588	778	588	1518	1180	529	161	728	813	421	613	250	485	317	1346	239	433	350	1019	1467	269	126	2013	166	619	601	947	696	131	946	1336	278	403	743	170	900	869	127	868	694	310	2157	1882	1053	358	167	225	2427	632	1940	493	231	457	1041	283	467	327	514	234	318	132	336	966	97	1276	1035	724	243	99	465	1387	1328	781	978	621	1043	701	1400	128	481	487	518	500	229	582	746	1339	85	400	406	624	1828	174	1199	429	1517	310	588	232	285	3245	997	728	927	592	321	410	554	667	888	269	269	205	168	1776	1828	1040	527	171	1843	917	467	445	486	394	149	522	515	294	1688	394	454	819	1656	132	1027
1035	339	2665	1753	1068	1868	916	1857	748	651	974	752	1461	1328	2137	1742	1739	1801	836	0	1880	1150	615	411	1210	1956	658	860	1753	552	1768	2137	729	1387	1188	1067	853	2559	776	1040	2315	1144	1089	1034	821	2002	819	1144	1605	1200	1294	1407	1306	1838	1051	762	1318	611	1438	1051	1017	2135	2103	651	1065	1054	1126	1150	824	1150	873	4178	835	1100	1580	763	1055	878	1865	1111	729	845	1108	882	972	1306	2525	1564	838	828	1332	1354	1452	2004	835	675	980	974	1306	1002	1464	727	980	291	1734	917	1132	1708	680	4603	2387	1150	759	982	1829	1021	1127	725	883	880	878	1407	317	2409	1801	989	896	1050	1268	690	837	603	472	2333	1109	1188	609	1264	660	1062	1309	1464	1395	753	759	1113	908	834	2500	1328	1722	989	976	1995	1153	752	877	966	562	2213	651	2152	1220	1878	976	2213	1764	1824	1051	1799	750	2769	1956	878	854	1712	1144	903	1332	893	882	1644	1387	753	2035	2875	724	657	1138	841	1780	980	1153	1449	1153	2336	1970	1106	721	1395	1574	1255	1039	651	1003	812	2011	1075	1019	1132	1849	2230	651	882	2658	729	1436	1309	1774	1524	880	1775	2102	562	1144	1421	758	1727	35	879	1561	974	795	2965	1072	1841	981	758	882	3257	713	1197	1328	888	1213	1875	657	680	961	1217	620	1075	879	1063	1801	760	1927	1870	1407	1071	762	908	560	2063	1425	1812	854	1870	1534	807	881	989	974	1099	1335	883	1174	1452	1837	766	894	1236	1379	2662	975	2032	1012	715	799	1153	615	656	4002	1834	1395	1753	481	1051	1246	1126	1445	1288	807	807	710	965	2486	2662	503	1054	971	2654	1225	680	1280	977	1188	882	1091	1348	834	855	1188	697	725	2325	880	1855
865	2070	930	705	907	743	972	25	1311	1352	908	1151	438	738	1388	142	198	610	1104	1880	0	731	1277	1655	751	464	1268	1078	740	1451	693	1388	1159	512	710	2415	1030	1463	1129	963	733	736	832	848	1067	467	1063	736	283	1086	1068	518	582	576	992	1145	968	1446	517	830	884	262	234	1352	1120	886	809	731	1059	731	1168	2341	1048	824	765	1146	1171	1020	635	820	1159	1039	824	998	964	582	657	602	1099	1968	1196	590	456	1105	1099	1308	1059	1058	582	894	416	1157	956	1716	704	1162	760	550	1248	2727	1702	731	1127	909	870	885	753	1160	1014	1016	1020	515	1871	1394	610	939	983	829	799	1208	1423	1292	1472	1520	823	710	1284	735	1219	874	580	601	541	1152	1127	817	979	1099	1319	728	416	939	954	115	797	1150	1217	955	1856	334	1228	516	671	665	2822	334	478	525	830	162	1239	970	464	1018	1180	708	772	986	566	1131	1009	236	2773	1129	1461	1191	1312	1223	749	1084	914	1059	797	499	797	1049	108	820	1170	541	306	730	967	1352	925	1074	455	897	882	760	705	1308	1229	1016	1019	1159	504	580	729	742	1016	710	234	1335	736	510	1128	727	1908	1018	393	1115	1090	1095	2820	71	904	1128	998	1683	1319	2782	751	992	668	656	1223	1248	921	668	1272	810	1017	818	612	1148	460	627	515	952	1144	1023	2440	272	546	635	1180	744	525	2503	1016	939	960	823	746	997	763	456	824	1147	1011	721	501	921	1055	441	888	2465	1086	797	1281	1224	2141	559	541	740	1695	830	750	809	976	931	1074	1074	1301	1066	711	921	1880	886	1060	796	1062	1248	785	956	710	1009	835	760	1049	2687	710	1227	1475	1716	1016	725
155	1342	1549	847	367	958	241	708	630	688	176	452	314	465	1494	596	610	836	446	1150	731	0	545	965	230	860	545	425	866	736	853	1494	446	244	175	1756	298	1771	435	346	1277	67	171	116	336	902	332	67	455	707	670	283	158	852	399	451	596	786	330	125	171	990	952	688	647	232	190	0	327	0	509	3039	316	175	737	453	618	330	902	186	446	307	190	275	279	158	1384	612	440	1314	894	327	311	1250	436	642	505	498	158	175	319	439	272	988	830	594	151	723	526	3452	1815	0	412	183	998	181	65	441	325	324	330	280	1170	1650	836	251	261	115	462	479	788	579	769	1679	188	175	569	376	490	219	163	499	282	456	412	184	248	436	1663	454	624	251	266	846	213	451	573	256	1159	1063	500	1041	89	927	2092	1063	687	816	125	669	540	1635	860	328	514	814	224	256	192	471	312	495	2122	397	1483	1819	672	493	38	417	989	505	213	333	213	1429	826	177	459	282	425	356	351	688	240	343	906	359	172	151	924	1501	501	328	1573	446	369	163	877	671	325	867	952	621	67	299	412	838	1178	328	430	502	358	1824	2102	697	173	413	276	2264	626	2091	479	270	101	920	493	526	189	70	556	137	325	109	837	454	833	902	280	441	449	322	1710	918	334	858	514	960	526	1816	326	251	274	170	481	274	185	311	906	457	291	311	232	1575	496	960	177	1743	355	213	568	495	2855	841	282	866	1022	125	371	190	787	536	343	343	650	501	1355	1575	1174	232	498	1518	615	526	460	270	175	312	184	510	317	1957	175	505	808	1791	324	939
420	799	2050	1271	582	1389	305	1253	300	426	370	280	849	832	1798	1142	1151	1293	392	615	1277	545	0	551	596	1342	98	403	1279	248	1282	1798	226	775	619	1297	248	2158	298	446	1782	551	473	429	209	1388	216	551	998	853	771	792	696	1322	471	294	765	493	822	463	401	1536	1494	426	725	441	511	545	220	545	338	3562	230	485	1116	299	558	350	1360	496	226	238	493	301	361	696	1930	1052	389	885	1037	798	839	1605	381	401	575	566	696	388	865	207	368	446	1252	578	560	1188	110	3992	2093	545	232	369	1385	405	533	206	353	348	350	792	708	2020	1293	376	314	458	786	75	493	218	363	1995	493	619	207	749	114	448	699	941	779	286	232	498	298	380	2073	828	1108	376	363	1391	539	279	379	351	671	1607	120	1537	609	1380	1546	1607	1152	1297	463	1210	223	2153	1342	349	321	1232	594	291	719	338	341	1041	1663	154	1738	2336	475	108	528	374	1352	575	539	833	539	1871	1371	490	231	779	970	735	445	426	389	202	1396	584	404	560	1362	1851	125	354	2049	226	871	699	1297	1052	349	1293	1494	229	551	806	230	1251	640	350	945	433	187	2370	1567	1243	373	232	304	2755	263	1585	838	307	621	1374	108	109	357	609	202	497	347	472	1294	295	1313	1363	792	619	293	298	1170	1449	810	1310	321	1390	997	1350	352	376	362	484	843	303	559	839	1257	309	278	703	778	2104	566	1478	397	1204	190	539	218	106	3388	1314	779	1279	639	463	733	511	1054	723	211	211	442	560	1870	2104	669	441	563	2063	696	109	794	364	619	341	476	864	230	1412	619	112	435	2049	348	1372
897	749	2514	1409	769	1520	774	1635	816	310	806	513	1277	1012	1736	1513	1489	1470	552	411	1655	965	551	0	1097	1822	640	578	1404	658	1426	1736	522	1209	945	1458	704	2168	532	986	1993	936	966	860	696	1865	675	936	1403	821	1322	1247	1122	1513	1017	516	1315	233	1289	845	882	1896	1888	310	693	953	1010	965	680	965	887	3993	693	979	1231	515	1105	641	1531	994	522	703	993	694	883	1122	2272	1246	557	1157	934	1083	1276	1619	556	350	645	641	1122	863	1245	532	890	558	1391	561	897	1389	657	4376	1979	965	556	838	1464	892	922	530	647	646	641	1244	220	2017	1470	890	707	851	946	617	976	395	201	1930	992	945	407	965	518	957	1128	1159	1242	510	556	995	766	556	2119	1014	1585	890	882	1770	1043	514	920	864	886	1989	504	2006	1050	1541	1341	1989	1642	1506	845	1549	764	2596	1822	643	869	1368	885	765	1158	890	656	1429	1790	620	1629	2550	368	518	966	571	1409	645	1043	1295	1043	1972	1732	985	508	1242	1361	961	986	310	901	683	1870	777	885	897	1505	1837	501	645	2536	522	1170	1128	1427	1182	645	1430	1888	356	936	1262	557	1380	446	643	1396	985	666	2705	1472	1605	824	555	692	2903	775	1608	1008	699	998	1538	518	656	796	1036	419	855	645	860	1470	513	1794	1537	1244	749	517	828	886	1873	1286	1478	869	1521	1237	852	645	890	883	976	1014	695	1051	1276	1791	512	786	953	1169	2356	643	1733	879	1123	669	1043	404	519	3797	1511	1242	1404	98	845	947	1010	1070	1270	654	654	368	632	2318	2356	843	953	638	2391	1247	656	959	884	945	656	973	1022	689	1233	945	663	882	1915	646	1509
202	1348	1455	1031	594	1135	323	726	562	853	305	606	319	684	1704	640	687	1003	633	1210	751	230	596	1097	0	746	556	616	1054	718	1034	1704	581	253	400	1665	393	1953	596	211	1391	297	131	268	405	792	422	297	472	937	449	233	228	1010	243	610	368	950	243	330	216	1013	942	853	872	155	87	230	417	230	417	2971	404	118	942	613	446	508	1065	103	581	394	105	417	238	228	1405	799	627	1219	1124	522	297	1450	621	808	723	716	228	236	406	567	229	1000	1016	805	382	890	534	3418	2027	230	548	262	1192	205	294	569	504	501	508	236	1285	1840	1003	220	406	314	688	521	674	702	896	1884	105	400	690	599	584	147	221	693	210	612	548	101	331	620	1837	673	513	220	233	857	56	605	465	244	1107	1060	597	941	173	1093	2104	1060	556	968	330	738	499	1562	746	505	429	1003	454	332	211	380	485	531	2026	481	1701	1912	851	585	197	601	1191	723	56	258	56	1590	857	111	596	210	469	579	215	853	207	417	800	586	212	382	1098	1698	600	507	1453	581	537	221	1061	878	502	1050	942	741	297	242	547	1027	1232	506	373	366	434	1839	2079	739	281	549	421	2379	574	2031	699	414	310	1086	585	534	312	205	677	358	502	317	1005	613	717	1064	236	668	608	302	1756	875	222	1028	429	1137	701	1934	505	220	236	121	701	416	51	297	708	620	320	535	335	1653	713	1068	218	1730	431	56	693	585	2805	997	210	1054	1167	330	596	87	1012	309	443	443	825	718	1280	1653	1134	155	715	1546	402	534	685	233	400	485	124	730	408	1965	400	515	723	2007	501	1115
932	2076	709	1155	1163	1203	1057	454	1270	1548	1017	1312	565	1078	1850	522	621	1066	1303	1956	464	860	1342	1822	746	0	1299	1280	1189	1448	1145	1850	1300	622	932	2278	1126	1920	1296	926	1158	900	871	962	1146	48	1158	900	496	1426	854	577	709	1037	930	1311	768	1647	533	984	950	579	435	1548	1424	902	831	860	1153	860	1122	2232	1140	859	1185	1313	1037	1191	1096	846	1300	1130	849	1128	983	709	870	1012	1297	1843	1569	892	558	1566	1294	1502	1320	1316	709	967	650	1291	975	1736	1151	1421	961	993	1278	2706	2165	860	1266	990	1325	942	911	1292	1185	1185	1191	580	2020	1856	1066	966	1114	975	1126	1267	1319	1430	1623	1984	849	932	1419	1042	1323	894	702	974	580	1316	1266	844	1065	1293	1774	1067	237	966	979	465	803	1311	1149	991	1795	530	1335	200	773	1126	2829	530	193	985	984	610	1228	828	0	1188	1139	1152	1004	1068	669	1091	1173	516	2616	1220	1916	1531	1528	1324	856	1275	1363	1320	803	528	803	1503	530	852	1314	580	552	1029	929	1548	953	1157	61	1153	946	961	1164	1772	1337	1188	713	1300	825	702	1181	1149	1186	1162	435	1471	900	561	1265	1173	1978	1188	435	1039	1175	1245	2774	526	1000	1267	1130	2041	1291	2681	1094	1123	850	1118	1324	1278	1027	790	1406	984	1186	969	1068	1314	29	1088	580	1226	1310	1048	2499	295	537	1092	1139	1204	915	2670	1187	966	982	860	1092	1127	784	558	409	1318	1065	1003	696	1253	1313	896	953	2440	1171	803	1420	1325	2081	1019	580	1189	1882	984	1052	831	1371	758	1176	1176	1508	1322	550	1253	1833	902	1317	1012	880	1278	1115	979	932	1173	867	1113	1143	2688	932	1260	1400	2177	1185	1184
403	802	2009	1315	640	1433	305	1244	202	524	378	361	833	880	1867	1138	1155	1331	470	658	1268	545	98	640	556	1299	0	478	1326	196	1326	1867	305	758	644	1246	266	2215	377	382	1807	562	443	432	217	1346	240	562	986	931	683	768	686	1356	398	375	684	592	792	482	384	1530	1478	524	807	401	476	545	242	545	246	3527	247	453	1168	380	464	409	1398	462	305	253	459	336	318	686	1925	1091	467	822	1118	825	820	1665	459	499	652	642	686	374	864	285	326	449	1297	664	586	1222	21	3969	2166	545	304	362	1438	383	544	284	411	405	409	768	784	2079	1331	338	347	474	839	87	398	316	458	2063	459	644	305	793	200	410	687	977	751	368	304	464	299	457	2125	874	1068	338	324	1381	500	361	282	317	628	1593	210	1497	596	1419	1556	1593	1107	1328	482	1214	125	2118	1299	406	228	1277	629	290	703	252	395	1033	1613	194	1813	2356	571	195	521	448	1409	652	500	804	500	1915	1366	458	314	751	963	777	381	524	352	216	1355	641	385	586	1404	1913	215	412	2000	305	892	687	1342	1102	406	1337	1478	328	562	780	301	1298	679	408	919	345	207	2363	1557	1239	373	304	340	2787	167	1554	887	342	630	1413	195	21	365	601	300	521	405	488	1331	377	1270	1400	768	685	374	253	1200	1424	776	1349	228	1434	1028	1419	409	338	320	453	892	338	525	820	1188	391	256	741	776	2118	642	1496	379	1198	210	500	316	193	3360	1347	751	1326	731	482	778	476	1122	646	245	245	539	637	1836	2118	635	401	640	2060	609	21	846	323	644	395	443	915	250	1419	644	41	349	2124	405	1415
