NAME : VRPTW_INSTANCE_242.txt
COMMENT : Bangkok Supermarket
TYPE : VRPTW
DIMENSION : 206
DAYS : Wednesday
EDGE_WEIGHT_TYPE : EXPLICIT
VEHICLES : 30
EDGE_WEIGHT_FORMAT : FULL_MATRIX
CAPACITY : 1000
EDGE_WEIGHT_SECTION
0	367	1102	104	400	77	204	946	872	145	620	1731	371	214	351	258	355	193	443	152	283	118	420	154	747	1393	1126	1078	379	1152	309	215	440	301	624	236	124	376	1024	991	83	307	152	1036	2199	305	1065	1161	373	371	300	211	394	590	322	533	1157	589	154	365	862	218	206	79	873	394	124	357	104	172	618	174	1101	300	418	976	353	582	903	199	1028	374	2045	408	687	984	402	854	1019	22	474	1437	1729	349	1239	122	625	30	568	155	153	30	1606	848	309	104	281	403	1303	176	456	639	2528	929	590	410	213	123	1994	491	309	1631	662	528	818	25	88	1026	436	210	807	288	215	214	523	101	600	573	1037	395	17	563	430	1267	1183	394	165	912	290	1117	86	371	255	695	3006	816	78	379	35	124	503	821	231	288	482	825	214	977	686	400	1089	21	1003	737	96	786	92	115	199	359	371	764	239	255	1063	307	594	22	1913	1262	258	92	418	495	118	154	206	1001	284	831	581	491	214	397	283	2770
367	0	1336	351	319	422	206	1242	1233	275	475	1422	736	196	275	624	260	559	809	473	649	447	330	495	1084	1027	1375	1444	264	1093	676	366	653	132	858	165	264	253	680	1286	294	364	473	1391	2509	252	1373	797	252	736	668	297	274	242	328	768	1403	232	495	243	572	294	541	332	1003	161	483	21	435	438	624	448	736	668	350	1287	26	811	1217	181	1393	242	2413	335	1013	1330	48	1208	1385	345	237	1653	2071	263	1499	281	632	337	791	505	493	337	1769	1173	355	336	153	175	1474	449	594	605	2887	1296	832	768	293	454	2201	731	676	1927	978	596	1161	349	323	680	428	297	1152	349	173	295	595	373	278	652	1278	747	350	803	423	1634	1550	335	226	1275	566	1393	423	736	588	382	3342	1044	336	264	332	456	292	1050	211	349	275	1058	292	1322	597	319	1370	364	1279	1063	463	418	428	296	181	720	736	1092	165	385	845	375	327	345	1726	1599	624	343	350	732	447	495	203	1265	650	1121	804	730	196	268	649	3137
1102	1336	0	1038	1061	1127	1141	311	1147	1243	1091	2104	1023	1148	1082	953	1099	993	990	1168	947	1150	1061	1133	1291	2140	76	955	1107	2237	982	1312	1426	1205	483	1176	1119	1118	1993	295	1116	974	1168	740	1252	1400	1607	2038	1118	1023	979	1044	1107	1422	1015	576	84	1446	1133	1122	1432	1044	906	1070	448	1223	1001	1342	1148	942	835	936	1976	979	1037	380	1341	529	1480	1179	1163	1129	1728	1047	1316	1349	1384	1221	926	1111	1537	337	1021	1094	194	1218	830	1114	547	963	956	1114	573	482	983	1050	1182	1216	317	935	748	899	1901	950	514	1076	1046	1150	894	616	982	669	524	785	1291	1127	1191	1990	952	1043	1274	987	1177	1045	782	1193	1375	737	1793	1108	1115	543	954	1080	1027	1038	1243	834	813	201	1138	1023	864	1719	2155	292	1181	1107	1115	1148	1191	286	1127	987	1187	279	1048	1357	1788	1060	222	1122	208	522	1045	1670	1140	1215	1179	1055	1023	1342	1175	1349	1352	962	1282	1111	3015	1586	953	1051	1037	613	1150	1133	1144	156	955	342	534	617	1148	1487	947	2416
104	351	1038	0	308	177	152	907	928	211	526	1657	429	163	263	292	271	236	494	253	318	219	327	248	825	1357	1067	1104	295	1238	357	307	545	253	554	192	89	294	1028	951	78	205	253	1041	2169	362	1152	1145	291	429	347	117	309	547	224	462	1097	552	248	285	789	125	190	34	782	334	152	347	206	96	514	104	1084	347	322	945	344	511	990	169	1077	295	2079	313	771	1054	393	919	1045	95	507	1369	1720	264	1185	186	521	93	494	161	146	93	1525	826	207	14	229	340	1223	105	359	536	2537	960	523	478	120	224	1925	421	357	1594	632	425	892	117	172	1029	334	116	880	186	178	120	420	202	545	472	1138	469	104	495	327	1295	1211	299	205	931	229	1068	187	429	237	712	2993	747	168	295	91	224	426	753	166	186	406	758	121	1048	761	307	1042	124	954	715	155	763	194	187	169	425	429	846	194	347	972	203	524	95	1978	1336	292	14	322	424	219	248	154	947	322	788	507	421	163	449	318	2807
400	319	1061	308	0	478	225	1019	1218	427	220	1361	729	221	55	582	63	535	786	553	605	518	19	554	1132	1140	1109	1351	54	1399	652	546	824	200	605	225	288	66	932	1059	326	133	553	1253	2276	511	1461	986	67	729	642	191	48	363	91	527	1134	385	554	75	501	183	452	322	694	170	453	334	505	328	304	339	923	642	30	1077	336	560	1298	261	1358	77	2329	16	1080	1355	364	1217	1292	383	555	1363	1888	64	1236	412	313	377	537	449	429	377	1459	987	124	301	192	161	1169	339	316	290	2738	1219	589	782	188	524	1902	498	652	1687	791	286	1197	402	429	929	112	192	1184	140	245	188	287	477	324	341	1436	775	392	560	109	1543	1459	22	385	1171	404	1146	486	729	484	683	3138	776	434	54	372	525	149	783	191	140	136	792	187	1351	902	0	1128	415	1037	884	463	611	493	423	261	728	729	1154	222	580	663	144	256	383	2044	1640	582	314	30	497	518	554	225	1012	612	897	549	496	221	563	605	3060
77	422	1127	177	478	0	277	951	811	164	698	1804	314	287	428	226	432	161	390	76	248	41	497	79	675	1450	1146	1035	455	1114	262	187	371	371	656	306	198	452	1058	996	157	382	76	1007	2193	312	989	1207	450	314	255	288	471	653	399	567	1177	650	79	442	935	296	220	156	924	465	125	409	29	227	689	226	1149	255	495	975	405	617	828	267	971	451	1995	485	613	915	452	789	977	96	496	1464	1707	426	1255	148	696	103	605	164	171	103	1644	841	385	180	352	475	1342	227	515	713	2493	883	621	346	290	46	2021	526	262	1631	663	595	748	80	103	1061	512	287	738	363	283	291	589	72	668	638	961	327	87	596	505	1222	1139	471	201	874	326	1128	11	314	263	723	2986	846	89	455	108	47	579	850	306	363	558	854	291	908	664	477	1098	65	1014	731	82	837	17	135	267	298	314	690	309	222	1140	381	668	96	1897	1191	226	167	495	531	41	79	279	1018	247	840	618	527	287	404	248	2717
204	206	1141	152	225	277	0	1037	1071	201	440	1527	570	11	170	441	167	381	639	347	466	314	244	356	951	1206	1177	1256	188	1198	502	320	601	101	659	41	79	183	886	1081	121	192	347	1192	2303	301	1266	995	180	570	493	98	204	396	176	568	1206	400	356	171	657	98	342	142	837	190	298	206	300	233	502	243	933	493	250	1081	205	613	1105	42	1224	179	2230	237	890	1188	252	1057	1197	182	398	1465	1866	163	1299	187	510	175	594	313	298	175	1597	967	187	138	79	198	1298	243	413	504	2688	1112	632	613	95	320	2016	530	502	1723	771	443	1023	196	209	886	300	98	1012	173	36	97	440	260	398	496	1219	599	191	603	293	1447	1363	227	161	1083	360	1190	283	570	387	582	3136	849	216	188	170	322	302	855	34	173	281	862	94	1181	705	224	1166	212	1076	857	290	612	290	199	42	561	570	967	42	355	871	200	390	182	1893	1466	441	147	250	531	314	356	2	1064	470	916	607	529	11	370	466	2958
946	1242	311	907	1019	951	1037	0	838	1092	1111	2220	780	1046	1024	745	1042	798	733	976	733	966	1026	938	998	2151	273	650	1056	2031	757	1137	1199	1119	420	1077	995	1064	1921	44	981	906	976	440	1266	1251	1302	2003	1063	780	756	946	1060	1378	952	492	302	1395	938	1065	1464	949	739	935	593	1161	829	1243	967	811	873	802	1940	756	1002	85	1242	462	1182	1068	851	1074	1491	1008	1031	1040	1289	915	618	960	1413	603	887	1035	334	1068	871	965	485	793	793	965	875	174	916	920	1094	1158	628	801	709	942	1762	638	431	824	950	963	1130	522	757	687	289	787	991	972	1033	1920	926	946	973	913	1071	948	782	1022	1343	754	1505	859	962	458	925	790	730	996	1104	522	678	191	960	780	691	1617	2119	315	1021	1056	967	962	1165	308	1032	913	1155	296	951	1048	1612	1019	155	963	105	244	870	1622	961	1062	1068	814	780	1050	1076	1171	1453	893	1267	960	2846	1274	745	918	1002	522	966	938	1040	157	739	122	475	523	1046	1343	733	2202
872	1233	1147	928	1218	811	1071	838	0	965	1416	2579	501	1082	1183	637	1194	692	434	765	613	787	1235	739	261	2261	1111	366	1217	1516	570	916	755	1172	931	1107	993	1218	1836	865	953	1088	765	512	1734	1076	470	2009	1216	501	580	1039	1230	1463	1126	908	1140	1461	739	1211	1714	1047	766	929	1261	1260	776	1221	799	889	1288	878	1952	580	1222	786	1216	933	381	1072	168	1220	1207	1218	345	202	1262	93	334	895	1266	1432	1143	1186	1150	955	1292	902	943	771	790	902	1714	665	1096	939	1150	1267	1459	879	1056	1343	1782	241	903	465	1043	781	1920	894	570	1296	683	1171	200	887	911	1842	1195	1039	189	1078	1087	1043	1163	864	1470	1180	730	489	888	904	1189	494	427	1202	1010	344	840	1010	810	501	739	1496	2376	1011	898	1217	908	779	1351	1009	1092	1078	1331	1002	1044	210	1259	1217	973	871	943	641	781	1647	805	940	1072	513	501	306	1109	924	1857	1079	1452	895	2395	466	637	928	1222	901	787	739	1074	991	607	818	946	897	1082	1154	613	1916
145	275	1243	211	427	164	201	1092	965	0	640	1688	475	206	371	389	368	323	552	200	412	179	445	227	808	1297	1269	1199	388	1028	427	118	404	264	761	210	154	381	893	1136	135	374	200	1170	2344	159	1101	1046	379	475	420	267	404	516	371	669	1299	507	227	370	826	272	352	176	991	359	266	259	168	302	692	307	988	420	452	1122	254	719	943	168	1127	376	2157	438	738	1055	298	936	1141	132	333	1576	1868	365	1383	24	700	129	703	300	298	129	1736	993	372	201	254	371	1434	308	565	701	2658	1046	729	500	267	185	2133	628	427	1777	808	619	886	119	62	897	495	266	877	353	186	268	615	101	542	669	1028	476	130	701	488	1386	1302	428	51	1039	430	1262	161	475	400	559	3146	954	76	388	127	187	490	959	236	353	469	965	267	1047	550	426	1234	129	1147	882	231	681	165	30	168	456	475	816	213	154	1064	379	563	132	1772	1324	389	196	452	632	179	227	201	1145	411	976	716	628	206	251	412	2877
620	475	1091	526	220	698	440	1111	1416	640	0	1171	938	434	272	787	272	746	990	773	810	738	200	773	1345	1050	1150	1519	251	1568	859	759	1041	389	692	431	507	258	963	1147	546	332	773	1400	2337	704	1677	960	261	938	849	410	236	395	303	633	1172	428	773	270	352	402	652	542	671	315	666	495	725	533	256	543	900	849	203	1180	499	652	1515	472	1549	265	2492	213	1296	1562	509	1422	1461	603	707	1362	1997	277	1279	627	261	597	630	658	636	597	1411	1111	326	520	391	301	1139	542	414	197	2863	1397	686	993	407	744	1876	616	859	1748	922	323	1407	622	648	956	222	411	1394	346	454	407	329	697	328	360	1656	989	612	662	227	1710	1627	227	595	1337	581	1210	706	938	677	779	3221	829	653	251	592	745	186	837	406	346	200	848	407	1558	1073	220	1198	635	1109	1016	679	623	713	639	472	940	938	1369	428	791	447	339	220	603	2153	1848	787	533	203	613	738	773	440	1074	817	994	639	613	434	741	810	3223
1731	1422	2104	1657	1361	1804	1527	2220	2579	1688	1171	0	2087	1517	1396	1942	1387	1892	2147	1871	1966	1839	1343	1883	2479	737	2177	2688	1363	2253	2012	1789	2075	1434	1822	1498	1607	1363	1256	2248	1648	1491	1871	2558	3336	1663	2789	1027	1366	2087	2001	1542	1350	1181	1452	1783	2189	1198	1883	1372	869	1534	1813	1662	1660	1339	1808	1441	1826	1689	1361	1700	1026	2001	1357	2298	1447	1790	2629	1539	2718	1362	3657	1361	2417	2711	1416	2576	2631	1710	1538	2272	3100	1394	2297	1687	1361	1702	1769	1809	1789	1702	2178	2254	1483	1647	1451	1329	2007	1700	1573	1294	3980	2568	1826	2135	1538	1846	2657	1773	2012	2770	2077	1467	2549	1724	1723	1242	1393	1543	2537	1500	1522	1539	1474	1777	1146	1484	2697	2125	1718	1806	1398	2878	2796	1376	1637	2507	1751	2271	1809	2087	1842	1411	4251	1909	1734	1363	1697	1847	1231	1916	1500	1500	1251	1929	1537	2706	1859	1361	2269	1739	2190	2169	1811	1125	1816	1702	1539	2083	2087	2495	1495	1807	767	1500	1136	1710	2436	2993	1942	1660	1357	1768	1839	1883	1525	2142	1972	2114	1775	1770	1517	1639	1966	4386
371	736	1023	429	729	314	570	780	501	475	938	2087	0	581	690	152	699	194	77	282	133	297	747	249	411	1763	1021	728	723	1258	79	451	422	671	625	606	491	723	1365	822	452	605	282	727	1958	606	756	1522	720	0	89	544	736	962	638	562	1053	960	249	715	1219	552	290	429	953	760	278	724	307	404	852	395	1463	89	737	778	720	604	595	570	657	724	1681	731	378	626	767	489	671	394	796	1356	1435	692	1110	462	857	402	603	280	301	402	1583	633	612	440	649	767	1290	395	630	896	2193	573	589	64	548	290	1902	530	79	1423	502	739	469	387	417	1369	723	543	456	592	585	547	731	374	969	763	823	86	388	575	717	912	829	716	516	577	394	970	315	0	281	1026	2713	782	403	723	407	288	855	784	592	592	835	783	549	621	880	728	935	371	865	536	280	1152	311	448	570	34	0	442	608	470	1384	598	954	394	2098	910	152	428	737	537	297	249	573	886	124	691	612	533	581	693	133	2402
214	196	1148	163	221	287	11	1046	1082	206	434	1517	581	0	165	452	161	392	649	356	477	323	239	366	961	1195	1185	1267	182	1197	513	325	608	90	666	31	90	176	876	1089	131	195	356	1202	2312	301	1275	984	173	581	503	104	197	385	176	576	1213	389	366	164	648	104	353	153	841	179	309	197	309	243	501	253	923	503	247	1090	196	620	1114	42	1235	171	2241	233	900	1198	243	1068	1208	192	392	1471	1876	158	1307	193	509	185	601	324	309	185	1602	977	189	149	68	188	1303	254	418	502	2699	1123	639	624	101	330	2022	538	513	1731	781	444	1033	206	217	877	298	104	1022	175	31	103	442	268	388	499	1227	609	201	610	292	1458	1374	224	164	1094	369	1198	292	581	398	574	3146	856	224	182	180	331	293	862	31	175	272	869	100	1192	704	220	1175	222	1085	867	301	601	299	206	42	572	581	977	31	359	864	203	380	192	1888	1477	452	158	247	539	323	366	8	1072	481	925	614	537	0	367	477	2969
351	275	1082	263	55	428	170	1024	1183	371	272	1396	690	165	0	546	17	496	750	502	570	468	73	505	1089	1147	1127	1329	35	1346	615	490	770	150	617	169	235	40	911	1065	274	119	502	1239	2286	456	1414	978	39	690	604	146	46	353	73	534	1154	371	505	41	531	138	421	274	730	141	412	288	454	296	353	307	916	604	83	1079	290	571	1252	205	1327	49	2308	68	1035	1316	321	1179	1270	333	508	1390	1886	12	1254	357	361	326	549	412	392	326	1495	983	109	255	139	135	1202	307	334	343	2729	1194	597	741	143	474	1933	502	615	1699	785	321	1156	351	375	909	152	147	1143	118	189	143	321	424	325	377	1384	733	342	568	148	1522	1437	62	330	1151	386	1158	436	690	456	648	3142	793	381	35	322	475	169	800	135	118	151	809	142	1311	850	54	1138	364	1047	877	418	598	443	368	205	688	690	1110	166	525	711	132	274	333	2001	1599	546	268	83	502	468	505	170	1026	576	902	561	500	165	510	570	3038
258	624	953	292	582	226	441	745	637	389	787	1942	152	452	546	0	556	65	204	232	25	228	599	194	563	1646	962	820	579	1289	72	402	474	543	516	480	366	580	1280	790	331	455	232	781	1972	538	907	1420	578	152	62	402	592	837	490	441	994	839	194	573	1077	409	138	299	829	627	142	615	233	254	701	244	1359	62	589	761	611	487	746	448	785	583	1790	583	527	775	660	635	761	280	722	1290	1480	548	1063	369	706	287	483	133	153	287	1497	622	462	305	520	633	1199	244	482	744	2271	672	479	213	406	225	1844	405	72	1417	456	589	621	280	326	1283	571	401	607	443	461	405	581	297	838	615	956	220	276	460	565	1010	926	567	420	653	246	929	232	152	133	947	2759	690	312	579	292	223	713	693	459	443	694	694	407	771	869	581	897	265	818	515	162	1043	231	358	448	162	152	594	481	432	1233	448	814	280	2101	1060	0	294	589	411	228	194	444	829	29	642	493	407	452	630	25	2517
355	260	1099	271	63	432	167	1042	1194	368	272	1387	699	161	17	556	0	504	760	505	580	471	79	510	1096	1131	1145	1343	23	1335	624	487	769	137	634	163	236	25	893	1083	277	136	505	1254	2303	447	1420	961	23	699	614	154	38	336	90	552	1171	353	510	23	520	146	432	279	746	123	421	274	458	308	366	319	898	614	93	1096	276	588	1258	200	1338	32	2322	78	1040	1324	306	1188	1284	336	494	1408	1902	7	1271	355	374	329	566	422	403	329	1511	999	126	262	129	117	1219	319	351	354	2745	1207	615	749	151	478	1950	520	624	1716	802	337	1163	354	375	891	167	155	1151	133	184	151	337	425	308	393	1385	740	345	586	163	1535	1451	75	325	1165	401	1176	439	699	469	631	3159	811	381	23	324	479	157	818	133	133	138	827	150	1319	838	62	1156	368	1065	893	425	580	446	367	200	696	699	1116	159	521	708	149	261	336	1986	1607	556	274	93	519	471	510	167	1043	586	920	579	518	161	499	580	3052
193	559	993	236	535	161	381	798	692	323	746	1892	194	392	496	65	504	0	258	177	90	168	553	141	599	1583	1006	885	528	1244	121	342	444	482	541	419	304	528	1214	843	267	413	177	847	2033	474	936	1354	526	194	111	350	542	776	445	460	1038	777	141	520	1024	357	119	238	841	569	84	550	171	214	679	205	1295	111	544	818	546	508	774	386	843	530	1854	537	554	820	595	683	826	215	656	1331	1545	497	1110	304	685	222	501	89	110	222	1528	682	419	247	460	576	1228	206	470	717	2337	736	504	247	353	165	1887	421	121	1474	509	570	662	214	261	1217	535	349	649	399	399	353	563	233	779	602	963	245	210	483	528	1074	990	522	354	719	241	979	168	194	139	882	2824	723	247	528	227	163	661	726	401	399	641	728	354	815	814	534	948	199	867	573	96	978	167	292	386	194	194	625	420	373	1193	407	760	215	2047	1104	65	236	544	427	168	141	383	875	91	691	512	423	392	566	90	2579
443	809	990	494	786	390	639	733	434	552	990	2147	77	649	750	204	760	258	0	359	180	373	804	326	377	1836	984	651	784	1317	136	528	481	740	621	675	561	784	1442	774	522	659	359	654	1890	683	726	1597	782	77	146	606	797	1032	695	567	1016	1032	326	777	1281	613	338	496	955	827	342	798	383	458	888	448	1539	146	793	725	794	605	569	641	585	787	1605	787	360	572	841	431	594	465	874	1320	1362	753	1066	537	893	473	607	338	358	473	1557	579	666	505	718	834	1268	448	661	936	2116	495	586	92	609	367	1861	539	136	1362	466	773	425	460	493	1447	772	605	410	648	655	609	765	451	1037	792	825	130	460	576	766	835	752	772	592	501	429	924	391	77	319	1104	2639	765	479	784	478	365	917	766	659	648	898	764	611	569	952	785	889	444	823	489	349	1227	387	524	641	105	77	415	677	547	1435	651	1018	465	2165	859	204	494	793	546	373	326	641	849	174	653	615	542	649	770	180	2328
152	473	1168	253	553	76	347	976	765	200	773	1871	282	356	502	232	505	177	359	0	249	34	572	38	613	1497	1183	1010	529	1069	247	173	299	436	706	373	270	525	1083	1020	228	458	0	998	2204	323	919	1244	522	282	242	363	544	710	474	620	1214	704	38	514	1002	371	267	232	986	531	176	458	47	297	764	295	1187	242	571	993	453	670	759	331	928	523	1960	560	547	857	498	736	953	169	514	1506	1703	500	1288	192	771	176	659	213	226	176	1695	855	461	256	419	542	1394	296	585	789	2474	855	670	301	366	29	2062	579	247	1649	687	668	688	151	150	1088	588	363	679	439	349	366	662	99	730	709	885	276	160	646	581	1194	1111	547	246	856	382	1157	66	282	304	744	2982	892	138	529	180	29	649	896	377	439	628	899	366	849	637	552	1126	137	1045	748	134	881	59	176	331	259	282	625	375	200	1214	457	735	169	1870	1129	232	243	571	585	34	38	348	1052	245	869	672	581	356	412	249	2678
283	649	947	318	605	248	466	733	613	412	810	1966	133	477	570	25	580	90	180	249	0	248	623	211	544	1671	954	795	604	1299	54	421	479	568	517	505	391	605	1304	777	356	478	249	758	1954	560	889	1444	603	133	45	426	617	863	514	445	986	865	211	598	1101	434	158	324	835	652	168	640	253	277	719	267	1384	45	612	746	636	491	728	474	759	608	1765	606	510	752	685	612	736	304	744	1284	1459	573	1052	393	724	312	487	158	177	312	1494	606	485	330	545	658	1197	267	498	763	2247	647	480	196	430	244	1837	411	54	1401	444	605	600	304	349	1307	593	426	586	467	487	430	598	319	863	630	946	207	300	463	587	985	901	591	443	629	262	917	254	133	148	971	2738	688	335	604	317	242	738	691	484	467	718	691	432	749	885	605	885	289	808	499	186	1068	252	381	474	147	133	576	507	449	1255	470	839	304	2116	1038	25	319	612	417	248	211	469	820	9	631	497	413	477	652	0	2491
118	447	1150	219	518	41	314	966	787	179	738	1839	297	323	468	228	471	168	373	34	248	0	538	48	642	1473	1167	1023	495	1087	253	173	331	405	684	341	236	491	1069	1010	195	424	34	1003	2200	314	952	1225	488	297	247	329	510	683	440	597	1199	677	48	481	970	337	245	197	959	500	152	433	13	266	730	264	1167	247	536	986	429	647	791	300	949	489	1978	526	577	884	474	761	965	135	502	1488	1706	465	1274	167	737	141	636	190	201	141	1673	850	426	221	387	510	1371	265	554	755	2485	869	648	322	331	6	2045	556	253	1643	677	635	716	117	124	1073	553	328	707	405	317	332	629	77	700	677	919	300	126	624	546	1208	1125	512	222	865	357	1145	31	297	285	732	2986	872	110	495	146	8	616	876	343	405	595	880	332	877	646	517	1114	103	1032	741	108	859	25	153	300	277	297	655	344	205	1180	423	703	135	1880	1158	228	209	536	561	0	48	315	1038	245	857	648	557	323	405	248	2698
420	330	1061	327	19	497	244	1026	1235	445	200	1343	747	239	73	599	79	553	804	572	623	538	0	573	1150	1130	1111	1365	66	1413	670	564	843	215	610	242	307	77	933	1066	346	148	572	1265	2280	527	1480	982	79	747	660	210	56	360	109	534	1136	384	573	88	486	202	469	341	689	177	471	345	524	346	294	356	919	660	24	1085	348	565	1317	279	1375	88	2343	18	1099	1373	374	1235	1307	402	567	1362	1897	81	1239	431	302	396	543	467	446	396	1453	997	140	320	208	166	1164	356	320	276	2748	1234	595	800	207	544	1899	506	670	1692	801	283	1215	421	448	930	109	211	1203	156	263	207	284	497	318	337	1455	794	412	567	108	1557	1473	33	403	1185	418	1150	506	747	500	689	3145	778	453	66	392	544	140	785	209	156	129	795	207	1369	916	20	1132	434	1041	894	482	609	512	442	279	747	747	1173	239	599	644	159	245	402	2053	1658	599	333	24	504	538	573	244	1016	629	904	554	504	239	577	623	3074
154	495	1133	248	554	79	356	938	739	227	773	1883	249	366	505	194	510	141	326	38	211	48	573	0	596	1522	1147	976	533	1104	210	211	320	450	675	385	277	530	1116	983	236	453	38	961	2165	358	910	1274	528	249	205	363	548	730	472	590	1179	725	0	520	1014	371	237	231	961	544	150	482	60	280	752	276	1216	205	570	955	477	639	749	345	900	529	1930	560	534	837	523	713	919	174	548	1471	1666	504	1252	216	758	181	630	185	200	181	1664	817	456	253	432	554	1363	277	565	780	2439	822	638	273	365	42	2027	550	210	1611	649	653	670	159	172	1120	582	362	660	434	362	366	646	125	746	692	890	251	166	615	575	1161	1078	546	271	821	355	1120	74	249	271	778	2945	860	159	533	187	40	657	863	385	434	636	866	366	830	674	553	1089	144	1008	710	112	908	68	201	345	228	249	611	388	238	1217	450	747	174	1907	1112	194	240	570	555	48	0	358	1016	207	832	642	551	366	448	211	2649
747	1084	1291	825	1132	675	951	998	261	808	1345	2479	411	961	1089	563	1096	599	377	613	544	642	1150	596	0	2098	1268	624	1120	1255	490	735	525	1046	984	982	871	1118	1637	1031	830	1013	613	745	1988	892	349	1826	1116	411	501	942	1134	1323	1043	938	1299	1316	596	1109	1609	950	701	817	1321	1140	679	1068	655	813	1262	804	1773	501	1143	962	1063	973	196	942	417	1118	1435	1135	89	252	1105	178	587	768	1076	1601	1402	1089	1326	803	1267	776	978	687	709	776	1864	824	1018	834	1028	1150	1590	804	1037	1308	2036	485	951	352	945	635	2115	913	490	1527	781	1148	84	755	763	1644	1133	941	83	998	959	945	1140	711	1342	1169	509	356	760	944	1127	754	689	1120	857	569	803	1183	670	411	691	1300	2638	1105	751	1120	781	633	1249	1105	978	998	1228	1101	946	242	1021	1131	1146	740	1100	769	670	1481	664	788	942	405	411	53	984	734	1792	1006	1342	768	2135	516	563	821	1143	920	642	596	953	1138	536	949	984	916	961	960	544	2126
1393	1027	2140	1357	1140	1450	1206	2151	2261	1297	1050	737	1763	1195	1147	1646	1131	1583	1836	1497	1671	1473	1130	1522	2098	0	2200	2461	1112	1587	1702	1363	1614	1104	1732	1166	1279	1106	579	2189	1315	1266	1497	2385	3387	1209	2357	331	1108	1763	1693	1265	1105	810	1219	1661	2221	806	1522	1109	709	1259	1545	1347	1707	1029	1503	1040	1461	1426	1304	1437	360	1693	1153	2214	1044	1688	2211	1197	2420	1099	3436	1148	2021	2349	999	2233	2402	1370	1035	2394	3028	1139	2329	1306	1309	1363	1666	1519	1503	1363	2395	2127	1256	1344	1128	1027	2152	1437	1442	1240	3877	2318	1720	1795	1261	1480	2876	1636	1702	2798	1931	1369	2179	1376	1349	565	1225	1265	2171	1265	1184	1262	1374	1398	823	1410	2196	1773	1376	1693	1226	2653	2569	1162	1251	2287	1532	2259	1450	1763	1588	840	4268	1879	1363	1112	1358	1482	990	1886	1192	1265	1003	1898	1259	2340	1270	1140	2246	1392	2156	2023	1488	616	1455	1321	1197	1748	1763	2100	1164	1367	902	1278	885	1370	1698	2609	1646	1353	1153	1634	1473	1522	1203	2123	1673	2031	1676	1634	1195	1151	1671	4163
1126	1375	76	1067	1109	1146	1177	273	1111	1269	1150	2177	1021	1185	1127	962	1145	1006	984	1183	954	1167	1111	1147	1268	2200	0	901	1154	2251	986	1332	1431	1245	518	1214	1150	1164	2038	248	1145	1017	1183	684	1188	1427	1576	2090	1164	1021	984	1081	1154	1472	1058	609	32	1494	1147	1168	1494	1082	926	1099	518	1268	1020	1380	1166	970	895	964	2028	984	1086	331	1380	564	1454	1214	1118	1175	1655	1095	1298	1313	1424	1188	875	1136	1570	336	945	1139	129	1244	891	1140	584	982	977	1140	602	448	1026	1080	1222	1262	371	963	793	960	1825	906	546	1071	1084	1166	883	648	986	602	519	839	1264	1151	1215	2036	1003	1080	1246	1029	1213	1082	836	1214	1426	793	1774	1105	1140	575	1003	1018	969	1086	1272	789	839	130	1156	1021	882	1758	2086	333	1204	1154	1141	1165	1243	326	1165	1029	1237	317	1085	1322	1809	1109	157	1145	169	503	1063	1720	1158	1240	1214	1054	1021	1320	1213	1368	1422	1004	1336	1136	3040	1542	962	1080	1086	646	1167	1147	1180	134	961	330	571	649	1185	1516	954	2341
1078	1444	955	1104	1351	1035	1256	650	366	1199	1519	2688	728	1267	1329	820	1343	885	651	1010	795	1023	1365	976	624	2461	901	0	1364	1870	772	1179	1076	1357	904	1296	1184	1368	2092	660	1150	1217	1010	218	1369	1334	798	2240	1366	728	780	1199	1375	1651	1261	919	924	1656	976	1363	1850	1205	916	1116	1194	1434	961	1435	1032	1038	1338	1026	2180	780	1347	575	1432	924	738	1267	262	1373	978	1346	703	514	1480	458	58	1100	1524	1187	777	1335	903	1183	1339	1107	941	943	957	1107	1487	509	1227	1117	1332	1437	1271	1026	1116	1402	1467	158	889	720	1203	1017	1625	921	772	958	631	1226	566	1098	1139	2096	1299	1198	555	1213	1279	1202	1219	1100	1644	1218	1088	755	1096	901	1295	192	108	1331	1236	181	947	779	1038	728	875	1754	2024	912	1124	1364	1112	1015	1497	908	1268	1213	1480	898	1204	528	1576	1350	747	1083	749	550	981	1863	1034	1170	1267	753	728	671	1297	1195	1934	1206	1603	1100	2745	669	820	1108	1347	926	1023	976	1258	806	794	684	939	924	1267	1421	795	1709
379	264	1107	295	54	455	188	1056	1217	388	251	1363	723	182	35	579	23	528	784	529	604	495	66	533	1120	1112	1154	1364	0	1347	648	507	790	148	646	181	259	11	885	1097	300	153	529	1274	2316	462	1443	947	12	723	638	178	15	322	106	565	1180	341	533	21	497	170	455	303	747	117	444	279	481	331	359	342	884	638	85	1112	282	600	1281	220	1362	22	2343	70	1064	1348	309	1212	1306	359	501	1413	1919	31	1281	376	367	353	578	446	426	353	1512	1017	143	285	143	109	1221	342	360	343	2764	1229	627	773	175	501	1954	534	648	1728	819	339	1187	377	397	882	166	179	1175	153	203	175	339	448	291	394	1407	764	369	599	162	1557	1473	72	344	1186	421	1187	463	723	491	629	3174	821	403	0	348	502	134	827	155	153	115	837	174	1343	849	54	1168	391	1077	911	449	568	470	388	220	720	723	1140	177	540	685	166	238	359	1989	1631	579	298	85	533	495	533	188	1055	609	934	590	532	182	511	604	3074
1152	1093	2237	1238	1399	1114	1198	2031	1516	1028	1568	2253	1258	1197	1346	1289	1335	1244	1317	1069	1299	1087	1413	1104	1255	1587	2251	1870	1347	0	1274	936	836	1198	1771	1182	1179	1336	1010	2074	1164	1390	1069	1946	3200	896	1277	1256	1334	1258	1274	1286	1359	1233	1374	1681	2282	1200	1104	1325	1567	1290	1333	1204	2020	1254	1239	1074	1091	1324	1697	1326	1240	1274	1429	2036	1070	1731	1214	1156	1670	1326	2643	1414	1170	1455	1059	1433	1826	1148	862	2575	2641	1335	2352	1052	1705	1148	1719	1277	1286	1148	2757	1891	1386	1230	1207	1269	2455	1328	1594	1690	3283	1719	1735	1225	1285	1088	3131	1640	1274	2680	1744	1640	1327	1129	1067	1025	1494	1286	1334	1369	1167	1287	1637	1053	1302	1693	966	1187	1142	1710	1488	2009	1943	1409	1048	1774	1439	2217	1103	1258	1373	872	3892	1960	1074	1347	1148	1089	1382	1964	1228	1369	1367	1967	1284	1440	497	1398	2184	1130	2107	1791	1195	1158	1100	1050	1156	1223	1258	1216	1185	897	1887	1397	1391	1148	881	1585	1289	1223	1429	1645	1087	1104	1197	2119	1292	1931	1731	1641	1197	836	1299	3278
309	676	982	357	652	262	502	757	570	427	859	2012	79	513	615	72	624	121	136	247	54	253	670	210	490	1702	986	772	648	1274	0	421	445	604	565	539	425	648	1321	800	387	527	247	750	1962	568	835	1469	646	79	10	470	661	897	561	495	1018	897	210	641	1145	477	210	360	886	690	205	666	261	326	773	316	1409	10	660	764	662	540	673	506	721	651	1736	654	456	703	710	564	714	331	756	1319	1456	617	1081	410	778	339	538	203	223	339	1535	621	534	369	581	697	1239	317	552	817	2231	621	528	141	473	248	1869	462	0	1416	471	660	548	328	366	1324	644	469	535	515	520	473	653	329	901	685	892	153	326	512	638	960	876	638	463	612	316	944	266	79	203	984	2735	730	352	648	344	246	781	733	522	515	762	733	475	699	873	652	911	312	836	518	214	1095	262	398	506	93	79	521	541	446	1306	520	881	331	2100	988	72	357	660	468	253	210	504	852	45	660	547	464	513	658	54	2460
215	366	1312	307	546	187	320	1137	916	118	759	1789	451	325	490	402	487	342	528	173	421	173	564	211	735	1363	1332	1179	507	936	421	0	291	379	837	327	268	500	921	1182	241	488	173	1171	2374	160	1008	1095	498	451	416	381	522	609	488	747	1363	595	211	488	932	387	406	274	1088	471	311	348	171	388	807	390	1039	416	570	1159	342	797	854	287	1082	494	2119	557	658	986	378	877	1122	214	350	1648	1877	483	1442	135	814	214	783	350	355	214	1821	1024	487	301	371	484	1519	391	666	818	2645	1022	802	461	382	177	2205	705	421	1816	849	728	816	193	134	926	611	381	809	467	304	383	724	119	643	777	917	431	207	776	604	1360	1278	547	164	1028	504	1315	177	451	450	580	3156	1028	139	507	215	179	605	1033	354	467	584	1037	382	977	477	545	1285	194	1201	915	269	746	176	126	287	425	451	737	331	39	1179	492	673	214	1710	1246	402	293	570	709	173	211	320	1205	417	1027	796	706	325	242	421	2833
440	653	1426	545	824	371	601	1199	755	404	1041	2075	422	608	770	474	769	444	481	299	479	331	843	320	525	1614	1431	1076	790	836	445	291	0	668	986	614	537	784	1121	1242	500	746	299	1123	2370	416	743	1324	781	422	447	644	806	894	755	904	1463	877	320	772	1222	651	555	518	1281	762	471	634	341	596	1059	594	1273	447	846	1201	628	953	600	572	923	779	1957	834	437	774	658	693	1026	451	578	1763	1827	764	1526	415	1066	456	945	505	521	456	1971	1055	747	544	659	775	1672	595	884	1079	2534	919	949	390	646	327	2315	865	445	1844	916	966	609	430	394	1129	875	644	607	726	590	647	960	348	932	1008	626	352	442	928	868	1239	1163	822	453	957	675	1388	359	422	583	790	3096	1164	390	790	459	327	894	1167	635	726	874	1169	646	762	503	823	1354	421	1281	958	432	1004	353	402	572	387	422	510	617	268	1469	747	964	451	1686	1007	474	533	846	871	331	320	602	1297	470	1105	957	867	608	462	479	2651
301	132	1205	253	200	371	101	1119	1172	264	389	1434	671	90	150	543	137	482	740	436	568	405	215	450	1046	1104	1245	1357	148	1198	604	379	668	0	728	65	179	138	801	1162	219	231	436	1289	2385	315	1355	899	136	671	594	173	161	294	196	640	1273	299	450	127	566	169	441	244	873	95	400	141	391	327	503	338	837	594	231	1167	142	681	1195	104	1325	129	2332	216	983	1285	180	1156	1298	279	359	1521	1959	138	1369	257	511	271	661	414	399	271	1638	1058	223	239	25	107	1342	339	461	491	2786	1213	703	712	169	412	2068	603	604	1802	861	467	1119	290	290	801	302	173	1109	217	87	171	465	343	298	522	1293	696	287	674	297	1548	1464	212	215	1183	448	1265	375	671	486	514	3226	913	299	148	266	413	226	919	90	217	205	928	168	1278	701	200	1243	306	1153	948	391	515	382	272	104	661	671	1060	62	408	800	243	300	279	1855	1562	543	249	231	604	405	450	99	1136	571	997	674	602	90	362	568	3059
624	858	483	554	605	656	659	420	931	761	692	1822	625	666	617	516	634	541	621	706	517	684	610	675	984	1732	518	904	646	1771	565	837	986	728	0	695	635	656	1525	457	633	502	706	744	1670	917	1330	1592	655	625	558	562	648	968	546	92	547	987	675	658	1044	563	439	587	337	757	532	862	680	459	462	454	1529	558	586	487	861	46	1180	696	1014	665	1844	593	980	1121	906	976	853	631	1054	814	1304	628	641	736	461	633	68	494	484	633	989	432	512	566	705	752	688	452	291	531	2173	819	37	688	565	685	1371	133	565	1082	272	369	1012	648	712	1524	508	562	995	513	695	563	363	718	929	340	1445	712	635	60	507	1083	1006	582	760	729	333	541	667	625	403	1240	2537	192	703	646	634	683	749	198	647	513	740	204	567	1124	1309	605	522	644	431	357	576	1215	671	734	696	652	625	1028	695	875	1056	489	849	631	2533	1398	516	568	586	130	684	675	662	409	527	301	56	133	666	1003	517	2569
236	165	1176	192	225	306	41	1077	1107	210	431	1498	606	31	169	480	163	419	675	373	505	341	242	385	982	1166	1214	1296	181	1182	539	327	614	65	695	0	114	173	845	1120	154	216	373	1233	2343	288	1292	954	170	606	530	133	196	357	192	605	1242	360	385	161	629	132	383	180	864	158	337	167	327	274	515	284	892	530	253	1121	166	649	1132	42	1261	166	2270	238	919	1220	212	1091	1237	214	367	1498	1907	160	1336	200	523	206	629	353	338	206	1626	1008	210	178	46	169	1328	285	443	511	2729	1151	669	647	130	348	2049	567	539	1762	812	464	1054	226	229	846	311	133	1044	198	24	131	461	281	363	519	1236	632	222	640	306	1487	1403	231	164	1123	400	1228	311	606	429	544	3177	884	237	181	201	349	281	890	50	198	260	898	128	1213	687	224	1205	242	1115	898	326	571	318	214	42	596	606	996	3	360	854	226	362	214	1864	1498	480	187	253	569	341	385	38	1101	508	956	643	566	31	349	505	2997
124	264	1119	89	288	198	79	995	993	154	507	1607	491	90	235	366	236	304	561	270	391	236	307	277	871	1279	1150	1184	259	1179	425	268	537	179	635	114	0	255	939	1039	41	220	270	1127	2258	289	1188	1060	252	491	415	112	274	472	220	543	1180	473	277	244	737	118	277	68	843	270	223	259	222	183	538	192	999	415	309	1034	256	590	1026	83	1146	253	2156	297	811	1108	305	977	1125	103	420	1447	1809	231	1269	134	546	95	572	241	229	95	1594	915	218	74	158	278	1294	193	416	549	2623	1038	605	533	113	243	2002	502	425	1682	721	465	943	118	142	940	343	112	932	199	95	114	460	189	477	515	1149	519	111	576	336	1375	1290	285	131	1013	316	1155	205	491	325	623	3082	827	146	259	90	244	380	833	107	199	359	839	113	1101	693	287	1129	133	1040	804	211	680	212	142	83	482	491	888	116	306	944	224	470	103	1901	1386	366	79	309	505	236	277	81	1032	394	875	586	502	90	370	391	2883
376	253	1118	294	66	452	183	1064	1218	381	258	1363	723	176	40	580	25	528	784	525	605	491	77	530	1118	1106	1164	1368	11	1336	648	500	784	138	656	173	255	0	874	1106	296	160	525	1280	2325	452	1441	938	2	723	638	178	23	313	114	574	1191	331	530	11	496	171	458	301	759	106	444	268	477	333	371	344	875	638	96	1120	271	610	1279	213	1363	11	2347	82	1062	1348	297	1212	1310	356	489	1424	1927	33	1291	369	379	349	587	447	427	349	1524	1024	150	284	134	98	1233	344	370	354	2770	1233	636	772	175	497	1965	542	648	1738	826	350	1186	373	392	872	177	179	1174	158	195	175	350	442	284	406	1402	763	365	608	174	1561	1477	84	337	1190	427	1197	459	723	494	618	3182	831	398	11	344	498	132	837	149	158	113	847	173	1342	839	66	1178	387	1086	918	448	559	466	382	213	719	723	1138	169	533	689	173	235	356	1977	1630	580	297	96	542	491	530	182	1064	610	942	600	540	176	500	605	3077
1024	680	1993	1028	932	1058	886	1921	1836	893	963	1256	1365	876	911	1280	893	1214	1442	1083	1304	1069	933	1116	1637	579	2038	2092	885	1010	1321	921	1121	801	1525	845	939	874	0	1964	963	1023	1083	2060	3187	761	1855	247	875	1365	1313	974	885	578	980	1439	2065	550	1116	870	756	971	1215	1005	1615	770	1147	681	1060	1118	1200	1128	231	1313	958	1967	684	1479	1720	859	2003	864	3040	947	1553	1890	635	1791	2035	1003	570	2295	2748	899	2165	911	1207	997	1458	1174	1165	997	2370	1853	1013	1014	826	776	2090	1128	1245	1153	3551	1938	1503	1381	970	1075	2827	1404	1321	2604	1658	1215	1721	1001	955	14	1043	974	1716	1012	853	972	1217	992	637	1268	1658	1352	1006	1474	1041	2277	2194	954	860	1932	1246	2066	1054	1365	1264	340	4021	1705	969	885	993	1077	813	1712	889	1012	814	1721	969	1878	710	932	2044	1014	1953	1743	1119	340	1058	923	859	1342	1365	1629	845	912	1073	1035	743	1003	1270	2128	1280	1019	958	1405	1069	1116	883	1935	1303	1799	1470	1403	876	681	1304	3752
991	1286	295	951	1059	996	1081	44	865	1136	1147	2248	822	1089	1065	790	1083	843	774	1020	777	1010	1066	983	1031	2189	248	660	1097	2074	800	1182	1242	1162	457	1120	1039	1106	1964	0	1026	947	1020	446	1223	1296	1331	2044	1105	822	800	990	1101	1419	993	532	275	1437	983	1107	1499	992	784	979	612	1203	874	1287	1011	855	907	846	1981	800	1042	85	1286	501	1214	1112	870	1115	1477	1048	1067	1065	1333	943	630	1005	1457	570	854	1076	296	1112	904	1009	524	837	838	1009	849	207	957	965	1137	1199	612	846	748	976	1732	657	471	865	993	1008	1091	563	800	642	333	823	1022	1016	1078	1963	965	989	1005	955	1115	991	818	1067	1384	789	1540	901	1006	498	964	791	735	1036	1148	541	722	152	1005	822	736	1661	2080	339	1066	1097	1012	1007	1205	333	1075	955	1195	320	995	1074	1657	1059	115	1008	89	285	915	1664	1006	1106	1112	856	822	1084	1120	1216	1482	934	1306	1005	2890	1294	790	963	1042	563	1010	983	1083	148	783	164	513	565	1089	1388	777	2184
83	294	1116	78	326	157	121	981	953	135	546	1648	452	131	274	331	277	267	522	228	356	195	346	236	830	1315	1145	1150	300	1164	387	241	500	219	633	154	41	296	963	1026	0	249	228	1099	2242	284	1146	1091	293	452	378	144	315	509	255	541	1176	509	236	285	779	151	252	46	856	311	189	286	181	175	567	181	1030	378	346	1017	283	589	985	118	1108	294	2121	335	770	1067	332	937	1092	61	431	1447	1785	271	1263	111	574	54	573	211	201	54	1602	895	249	67	198	319	1300	182	430	581	2594	1003	601	493	145	201	2003	500	387	1668	704	487	902	77	109	965	375	143	891	228	133	146	483	152	517	536	1109	478	69	573	368	1341	1257	322	126	981	307	1145	163	452	301	641	3060	826	110	300	48	202	421	831	149	228	401	837	145	1060	684	325	1119	91	1031	784	173	712	170	116	118	442	452	846	156	280	985	251	511	61	1900	1345	331	65	346	503	195	236	123	1025	358	863	586	500	131	370	356	2847
307	364	974	205	133	382	192	906	1088	374	332	1491	605	195	119	455	136	413	659	458	478	424	148	453	1013	1266	1017	1217	153	1390	527	488	746	231	502	216	220	160	1023	947	249	0	458	1122	2169	493	1347	1097	159	605	517	107	161	472	46	417	1044	489	453	160	634	102	322	228	647	255	334	372	411	201	318	211	1034	517	134	960	372	456	1185	235	1227	169	2196	130	965	1230	412	1090	1159	295	583	1289	1766	129	1142	354	326	290	434	325	304	290	1410	863	10	203	211	252	1113	210	230	333	2610	1086	481	661	107	429	1837	384	527	1582	665	250	1075	316	358	1021	129	107	1062	21	226	105	247	399	444	304	1343	658	304	451	122	1410	1326	114	345	1038	271	1043	392	605	351	745	3022	684	359	153	287	430	280	690	166	21	265	699	107	1226	898	132	1022	326	931	757	351	716	399	362	235	607	605	1038	214	526	779	12	387	295	2080	1516	455	215	134	384	424	453	194	912	485	784	447	382	195	563	478	2927
152	473	1168	253	553	76	347	976	765	200	773	1871	282	356	502	232	505	177	359	0	249	34	572	38	613	1497	1183	1010	529	1069	247	173	299	436	706	373	270	525	1083	1020	228	458	0	998	2204	323	919	1244	522	282	242	363	544	710	474	620	1214	704	38	514	1002	371	267	232	986	531	176	458	47	297	764	295	1187	242	571	993	453	670	759	331	928	523	1960	560	547	857	498	736	953	169	514	1506	1703	500	1288	192	771	176	659	213	226	176	1695	855	461	256	419	542	1394	296	585	789	2474	855	670	301	366	29	2062	579	247	1649	687	668	688	151	150	1088	588	363	679	439	349	366	662	99	730	709	885	276	160	646	581	1194	1111	547	246	856	382	1157	66	282	304	744	2982	892	138	529	180	29	649	896	377	439	628	899	366	849	637	552	1126	137	1045	748	134	881	59	176	331	259	282	625	375	200	1214	457	735	169	1870	1129	232	243	571	585	34	38	348	1052	245	869	672	581	356	412	249	2678
1036	1391	740	1041	1253	1007	1192	440	512	1170	1400	2558	727	1202	1239	781	1254	847	654	998	758	1003	1265	961	745	2385	684	218	1274	1946	750	1171	1123	1289	744	1233	1127	1280	2060	446	1099	1122	998	0	1255	1318	975	2187	1278	727	756	1122	1283	1578	1168	775	706	1587	961	1277	1743	1127	850	1059	1007	1357	913	1385	1010	962	1197	951	2125	756	1245	361	1382	771	892	1210	459	1286	1100	1246	809	693	1432	604	201	1056	1503	970	708	1247	686	1151	1198	1063	791	887	898	1063	1269	319	1132	1055	1264	1358	1054	951	987	1264	1496	271	735	739	1126	998	1421	786	750	785	480	1091	705	1059	1108	2062	1186	1121	690	1121	1219	1125	1084	1077	1562	1075	1240	776	1053	752	1183	352	290	1232	1200	176	853	561	1012	727	804	1729	1985	722	1094	1274	1067	997	1402	717	1199	1121	1387	706	1127	705	1606	1252	529	1045	535	389	941	1804	1010	1140	1210	758	727	796	1234	1195	1795	1110	1509	1056	2809	879	781	1048	1245	790	1003	961	1194	593	760	490	786	788	1202	1408	758	1828
2199	2509	1252	2169	2276	2193	2303	1266	1734	2344	2337	3336	1958	2312	2286	1972	2303	2033	1890	2204	1954	2200	2280	2165	1988	3387	1188	1369	2316	3200	1962	2374	2370	2385	1670	2343	2258	2325	3187	1223	2242	2169	2204	1255	0	2502	2151	3262	2324	1958	1965	2213	2319	2638	2214	1751	1169	2657	2165	2327	2682	2216	1994	2197	1698	2424	2078	2509	2204	2075	2083	2066	3200	1965	2256	1224	2508	1716	2108	2333	1620	2335	1295	2264	2059	1874	2555	1827	1401	2215	2672	1071	614	2297	1059	2321	2078	2221	1738	2044	2047	2221	1254	1352	2179	2184	2361	2421	1337	2065	1960	2149	953	1502	1688	1981	2216	2197	925	1785	1962	589	1538	2020	1935	2225	2284	3187	2176	2212	1923	2177	2337	2215	2016	2265	2599	1977	2456	2019	2216	1717	2176	1296	1331	2253	2362	1430	1944	1131	2201	1958	1945	2882	919	1508	2271	2316	2224	2195	2417	1501	2298	2177	2409	1490	2218	1889	2835	2275	1147	2215	1239	1462	2116	2884	2200	2314	2333	1991	1958	2037	2343	2404	2598	2156	2515	2215	4055	1947	1972	2181	2256	1785	2200	2165	2306	1266	1958	1387	1726	1786	2312	2595	1954	1693
