NAME : VRPTW_INSTANCE_304.txt
COMMENT : Bangkok Supermarket
TYPE : VRPTW
DIMENSION : 302
DAYS : Tuesday
EDGE_WEIGHT_TYPE : EXPLICIT
VEHICLES : 38
EDGE_WEIGHT_FORMAT : FULL_MATRIX
CAPACITY : 1000
EDGE_WEIGHT_SECTION
0	203	1792	312	364	376	101	650	135	404	1323	377	308	644	306	1109	307	357	563	344	1627	500	541	726	1028	212	582	978	3256	368	2020	182	401	1213	46	206	85	1052	224	150	961	1885	882	1627	184	447	91	891	546	351	1733	862	334	39	269	1480	1213	585	258	213	307	1001	221	3485	346	363	1119	390	207	2239	1132	882	357	1432	308	668	185	617	995	447	437	379	1065	631	1321	1115	956	19	568	398	176	1115	2196	222	1416	214	46	1221	400	891	434	152	231	958	218	1124	1927	426	527	977	314	985	165	935	404	46	1026	815	359	819	83	306	1723	404	208	101	309	365	910	183	135	298	652	415	268	193	1069	785	268	501	391	1694	1491	111	207	85	278	207	491	1150	491	1126	533	620	510	147	112	146	1074	216	2087	283	178	885	1124	978	436	737	540	1658	239	404	404	379	355	350	283	111	977	839	1152	1297	97	909	454	815	283	308	288	2354	1247	145	358	397	76	1294	288	1082	284	328	1116	832	206	411	525	373	395	185	204	21	310	1247	184	395	897	574	1080	146	189	227	1627	124	1048	417	408	359	1014	516	239	762	440	587	395	437	244	300	1382	365	1657	146	2037	548	412	1172	199	435	283	2957	489	213	367	410	524	530	19	255	484	390	964	349	935	401	1182	221	206	1744	186	482	239	464	978	769	425	640	1149	310	650	170	1962	431	512	1608	529	929	127	1221	1161	2210	464	1737	495	2113	373	1028	150	212	534	1958	330	977	1014	97
203	0	1880	515	178	447	289	448	83	201	1292	195	111	655	110	1085	392	303	503	152	1540	548	563	908	1177	412	712	949	3291	178	1976	160	553	1322	249	131	288	1074	132	311	975	1831	867	1540	163	249	150	1035	373	155	1894	1045	285	176	91	1585	1322	512	150	101	115	1006	380	3541	155	177	1049	237	367	2338	1134	1080	303	1593	111	628	229	415	1002	375	376	187	866	438	1241	1238	940	192	364	243	148	1090	2260	382	1321	12	249	1162	246	822	309	356	134	763	379	1297	1818	223	356	1155	114	925	165	900	202	249	1203	904	532	910	138	391	1807	580	5	101	304	179	934	283	262	106	588	580	209	341	1067	912	229	333	241	1610	1405	93	102	289	247	372	307	1264	307	1238	469	418	344	112	93	175	1133	15	2207	370	132	912	1309	949	236	769	364	1759	137	249	249	187	163	297	418	243	1156	960	1282	1304	244	879	618	904	418	113	91	2330	1413	263	169	568	189	1421	91	1104	423	138	1017	635	275	579	688	185	577	229	368	219	395	1413	152	577	1096	405	1185	148	392	387	1540	257	954	570	206	532	981	336	136	624	310	394	353	236	137	451	1483	180	1690	175	2162	375	212	1291	246	234	418	3103	432	101	313	252	353	357	192	315	678	564	934	424	1133	553	1086	259	275	1662	278	300	136	566	862	951	224	458	1120	113	448	196	1921	568	700	1523	354	1052	285	1162	1077	2273	566	1660	312	2234	185	966	216	412	364	1847	480	791	981	106
1792	1880	0	1701	2040	2129	1824	2178	1811	2005	1054	2061	1891	2416	1887	1080	2062	2146	1495	2012	1482	2255	1333	1296	907	1668	1221	1167	1583	2036	1261	1720	1412	597	1780	1974	1761	904	1987	1882	1004	3676	1163	1482	1717	1940	1762	982	1849	2005	848	1245	2124	1828	1845	342	597	1517	2017	1963	1875	1009	1912	1731	2016	2041	1326	2117	1593	472	2891	1426	2146	837	1890	1380	1655	2060	1006	1589	1573	2039	2532	1981	1388	726	2736	1811	2067	2122	1732	1085	466	1913	3200	1890	1780	1251	2125	1378	1712	1737	1992	2497	1909	1045	3698	2023	1838	1154	1904	1306	1717	1212	2005	1780	1127	979	1483	974	1860	2061	78	1458	1882	1833	1581	2042	1012	1957	1661	1876	1459	1422	1684	1601	998	1030	1660	1826	2121	1481	1442	1826	1959	1766	1641	1898	2153	668	2153	683	1521	2154	1819	1916	1826	1937	767	1895	476	2042	1748	1021	1181	1167	1951	1138	1858	183	1999	2128	2127	2039	2020	2139	1511	1890	1156	970	722	830	1873	1206	1389	979	1511	1888	1887	1261	940	1921	2029	1452	1869	2714	1887	884	1511	2003	2896	2369	1614	1434	1332	2044	1487	1655	1897	1800	2065	940	1728	1487	1445	2264	718	1930	1757	1915	1482	1671	2831	1399	2010	1483	1169	1871	1998	2501	1720	1955	2187	1962	2002	1501	422	2044	519	1937	498	1846	2030	661	1638	1966	1511	1458	1531	1963	2156	2129	1834	1842	1811	1568	1508	1463	1176	2103	1439	1412	2965	1622	1614	1481	1965	2152	1998	1329	1595	1271	2034	1908	1092	1893	2178	1962	1203	1371	1890	1471	1854	890	1876	1251	2950	486	1329	3529	2161	511	2044	1304	1942	1668	1833	3727	1473	2571	1169	1828
312	515	1701	0	669	457	240	961	443	715	1430	680	619	739	616	1215	402	584	762	652	1800	574	648	483	848	124	497	1100	3230	674	2128	454	320	1103	266	491	226	1096	510	261	1026	2003	993	1800	455	757	384	732	840	660	1509	609	563	341	576	1368	1103	794	542	510	616	1075	246	3425	653	668	1285	677	251	2118	1194	589	584	1213	619	833	410	928	1067	675	657	685	1373	937	1495	983	1056	323	880	685	454	1223	2136	246	1598	526	266	1370	687	1069	704	159	517	1261	244	888	2118	737	820	732	625	1146	435	1068	716	266	781	773	236	772	385	400	1638	247	521	413	512	670	965	347	320	608	844	290	526	279	1149	672	514	794	677	1862	1665	422	503	226	515	237	792	1034	792	1017	739	931	801	443	423	409	1061	528	1935	389	464	937	861	1100	747	798	836	1546	525	691	692	685	663	577	312	317	731	733	1004	1352	304	1037	316	773	312	619	599	2427	1021	327	664	257	347	1140	599	1126	304	635	1313	1138	393	276	368	679	215	410	238	296	404	1021	460	215	601	861	985	424	127	246	1800	315	1240	327	719	236	1140	815	525	1015	712	892	602	748	531	282	1279	669	1658	409	1876	841	723	1046	413	747	312	2750	696	510	591	699	816	823	323	418	221	246	1088	436	639	320	1373	428	393	1909	358	782	525	468	1204	525	736	937	1261	621	961	416	2065	371	264	1781	825	810	275	1370	1337	2152	468	1889	794	1957	679	1189	380	124	826	2151	293	1272	1140	409
364	178	2040	669	0	480	431	298	261	90	1389	21	153	612	156	1191	445	260	607	28	1588	547	710	1083	1354	577	888	1054	3421	9	2056	331	731	1490	408	188	447	1209	171	432	1106	1706	984	1588	332	199	327	1212	363	38	2072	1221	253	330	194	1752	1490	605	149	162	170	1132	491	3682	24	2	1121	97	544	2502	1061	1247	260	1771	153	736	403	308	1129	482	491	20	703	368	1298	1411	857	350	244	98	319	1195	2408	492	1174	166	408	1239	100	901	381	513	165	593	490	1475	1660	99	353	1332	140	1008	338	1003	91	408	1380	1069	709	1076	284	444	1966	756	174	269	458	2	1071	374	440	167	682	758	355	518	1186	1087	380	340	103	1659	1456	265	169	446	398	487	129	1435	129	1407	572	270	352	227	265	272	1284	162	2377	429	302	1052	1484	1054	178	914	351	1924	159	101	100	20	20	257	596	364	1332	1133	1456	1426	372	985	796	1069	596	156	154	2423	1591	370	10	745	323	1456	154	1238	601	39	871	468	449	757	866	9	752	403	483	376	447	1591	321	752	1262	229	1353	251	543	496	1588	434	813	748	89	709	1082	320	158	461	378	334	305	168	153	629	1649	6	1824	272	2334	366	75	1463	419	163	596	3279	544	162	266	98	353	353	350	486	848	740	1039	464	1300	731	941	430	449	1712	364	122	158	738	895	1127	88	419	1222	151	298	277	2005	746	821	1571	344	1225	410	1239	940	2421	738	1522	134	2405	9	1046	312	577	363	1688	658	615	1082	274
376	447	2129	457	480	0	311	756	448	565	1697	475	546	287	546	1484	69	242	925	482	1981	127	917	940	1302	461	907	1352	3621	489	2393	536	716	1537	369	323	377	1426	331	250	1337	1553	1258	1981	539	662	450	1181	811	499	1964	1061	237	354	539	1804	1537	942	338	358	556	1378	218	3839	480	477	1481	419	544	2560	766	1012	242	1669	546	1038	560	788	1372	801	795	500	1108	844	1678	1424	607	362	723	426	526	1490	2548	218	1143	449	369	1588	427	1252	755	391	334	976	221	1342	1663	578	796	1185	542	1351	525	1308	566	369	1234	1165	647	1167	351	71	2062	677	452	402	680	479	1285	193	508	546	1013	708	619	545	1446	1102	627	775	416	2050	1845	416	354	371	641	232	548	1470	548	1449	892	733	787	338	417	278	1437	447	2387	92	520	1260	1305	1352	643	1111	801	1983	336	429	432	500	488	241	631	265	1185	1160	1452	1673	279	1283	743	1165	631	548	528	2730	1477	230	481	680	310	980	528	1457	628	469	865	879	583	698	807	488	653	560	232	360	66	1477	534	653	1018	561	1410	303	373	216	1981	496	791	730	566	647	1387	771	338	628	757	807	223	636	340	631	1710	475	2026	278	2329	814	555	1486	575	632	631	3206	850	358	243	440	794	797	362	631	678	670	1338	27	1054	716	922	597	583	2101	191	536	338	819	1310	981	568	885	1523	546	756	253	2335	759	444	1963	792	1244	261	1588	882	2563	819	1432	546	2409	488	1393	244	461	805	1697	658	952	1387	403
101	289	1824	240	431	311	0	726	232	483	1404	440	399	594	397	1189	242	359	658	415	1721	439	615	695	1026	175	603	1061	3309	436	2104	283	414	1236	67	250	65	1117	269	62	1031	1852	962	1721	285	538	192	895	646	424	1716	829	337	113	364	1504	1236	682	301	270	400	1074	124	3529	416	429	1211	436	233	2262	1078	828	359	1416	399	758	276	704	1068	545	534	448	1134	725	1415	1130	912	102	651	445	277	1196	2238	125	1406	298	67	1311	447	984	536	99	276	1020	121	1100	1922	504	626	948	403	1076	266	1020	484	67	997	855	354	857	152	240	1756	392	295	192	400	431	977	134	205	391	746	415	368	233	1144	802	367	601	436	1787	1585	204	262	59	375	109	551	1171	551	1149	628	697	610	203	205	168	1125	300	2099	220	280	951	1088	1061	526	804	639	1682	284	450	451	448	425	352	319	80	948	859	1162	1367	65	993	452	855	319	400	378	2431	1228	101	426	390	107	1197	378	1148	317	398	1111	899	287	407	521	440	375	276	106	79	245	1228	285	375	841	621	1107	183	114	130	1721	194	1041	428	487	354	1098	614	284	785	542	681	387	525	290	322	1408	430	1714	168	2046	647	488	1190	288	523	319	2949	584	270	368	458	623	629	102	333	440	381	1047	284	878	414	1175	309	287	1837	143	541	284	507	1078	739	502	738	1231	401	726	179	2044	452	413	1703	628	946	52	1311	1147	2253	507	1716	553	2123	440	1119	145	175	634	1954	350	1031	1098	189
650	448	2178	961	298	756	726	0	528	247	1397	294	359	820	363	1224	732	516	685	311	1500	798	856	1346	1578	860	1107	1092	3470	292	2015	564	976	1667	695	487	735	1299	469	731	1193	1723	1048	1500	565	251	594	1433	335	301	2302	1484	519	619	411	1916	1667	666	445	459	369	1206	790	3758	310	300	1093	337	806	2648	1201	1527	516	2003	360	806	638	129	1205	591	609	279	420	227	1237	1606	993	638	111	329	557	1225	2509	791	1148	437	695	1216	329	902	468	802	463	333	789	1723	1582	224	343	1588	349	1008	578	1039	246	695	1635	1241	970	1250	575	732	2101	1018	443	549	644	298	1172	671	698	374	733	1012	548	776	1247	1296	574	352	340	1572	1377	542	467	735	590	785	208	1618	208	1589	657	30	360	523	541	571	1411	434	2550	718	540	1159	1746	1092	247	1040	325	2081	456	327	324	279	301	517	840	662	1589	1334	1657	1482	669	1030	1048	1241	840	361	376	2402	1831	668	302	1004	619	1711	376	1325	846	328	863	200	682	1013	1115	289	1019	638	782	665	734	1831	555	1019	1544	245	1529	549	835	795	1500	696	825	993	242	970	1111	308	456	447	459	235	549	239	450	879	1813	300	1898	571	2515	338	238	1651	649	238	840	3483	647	459	518	316	346	339	638	706	1126	1001	1078	744	1581	976	932	653	682	1626	661	221	456	947	817	1389	225	311	1244	357	0	576	1971	980	1119	1485	327	1425	708	1216	956	2520	947	1508	212	2580	289	1039	610	860	349	1606	906	393	1111	554
135	83	1811	443	261	448	232	528	0	281	1261	279	175	683	173	1050	385	348	478	236	1534	560	508	824	1095	334	631	915	3238	262	1951	98	469	1247	180	168	218	1023	178	267	926	1886	828	1534	101	313	67	953	413	239	1811	962	327	120	134	1511	1247	494	206	151	172	960	340	3482	239	261	1033	314	284	2266	1169	999	348	1510	175	596	155	485	956	353	349	271	947	496	1231	1160	980	130	439	321	86	1056	2198	341	1388	96	180	1142	323	805	315	284	183	846	338	1213	1889	304	394	1072	183	905	95	869	282	180	1119	832	448	838	99	383	1739	496	88	46	250	263	881	264	178	164	566	496	172	257	1024	833	184	369	317	1602	1398	32	149	219	200	329	391	1188	391	1162	445	498	378	119	31	170	1070	99	2130	361	75	859	1225	915	304	713	406	1686	188	327	326	271	247	341	335	207	1072	882	1203	1258	202	845	534	832	335	175	156	2297	1330	234	252	484	149	1403	156	1053	340	222	1085	717	198	495	605	269	494	155	325	155	388	1330	93	494	1016	487	1111	148	324	347	1534	173	1020	486	286	448	949	382	187	701	319	451	395	305	191	367	1410	263	1636	170	2085	415	294	1214	172	304	335	3022	405	151	358	330	391	397	130	242	597	480	901	422	1053	469	1153	189	198	1653	261	384	187	489	868	867	306	506	1087	177	528	197	1895	486	646	1515	396	973	242	1142	1141	2211	489	1723	396	2157	269	946	203	334	402	1919	396	875	949	47
404	201	2005	715	90	565	483	247	281	0	1319	103	122	701	126	1125	527	350	545	83	1504	636	672	1103	1352	613	882	988	3363	80	1979	327	738	1468	449	259	489	1157	244	494	1053	1772	924	1504	328	111	348	1208	276	67	2074	1241	342	374	174	1725	1468	540	228	226	136	1075	558	3631	85	92	1043	182	562	2470	1146	1281	350	1774	122	675	401	228	1073	427	439	71	665	279	1216	1396	941	392	169	180	318	1128	2363	559	1229	190	449	1163	182	827	315	556	239	567	557	1486	1704	22	267	1348	109	935	339	936	1	449	1395	1043	727	1051	331	526	1930	775	196	302	431	92	1021	445	454	138	616	771	329	533	1127	1077	355	256	188	1575	1372	295	233	489	373	552	149	1415	149	1387	512	217	269	284	294	338	1243	187	2355	509	301	1004	1504	988	89	871	264	1895	234	183	180	71	77	347	602	425	1348	1120	1444	1366	430	921	808	1043	602	124	135	2349	1598	435	85	762	377	1544	135	1185	608	97	927	436	447	771	877	83	774	401	548	419	529	1598	317	774	1297	262	1330	313	590	564	1504	451	873	755	5	727	1015	232	233	507	310	244	395	79	229	639	1622	95	1770	338	2315	279	26	1445	415	74	602	3270	489	226	356	176	267	266	392	477	879	758	974	548	1334	738	997	422	447	1628	436	150	233	726	810	1146	29	328	1154	119	247	348	1928	747	886	1487	257	1211	470	1163	1003	2375	726	1580	158	2384	83	972	380	613	277	1731	667	605	1015	307
1323	1292	1054	1430	1389	1697	1404	1397	1261	1319	0	1410	1242	1944	1239	215	1630	1596	789	1365	497	1817	792	1313	1141	1329	1001	345	2079	1382	700	1165	1123	902	1338	1421	1344	394	1424	1465	419	3091	442	497	1162	1219	1248	1068	1072	1351	1645	1374	1577	1343	1217	984	902	785	1441	1393	1226	365	1527	2389	1369	1391	323	1486	1201	1494	2427	1557	1596	1442	1242	665	1138	1268	374	918	916	1379	1655	1171	333	978	2232	1335	1303	1487	1176	208	1220	1528	2536	1297	1338	214	1489	497	1008	1363	1426	1661	1524	1389	2980	1328	1071	1374	1254	389	1174	392	1319	1338	1388	773	1205	782	1350	1628	981	1217	1290	1302	1017	1392	484	1504	1199	1232	708	1169	1089	1186	291	963	1076	1073	1491	529	412	1289	1394	1349	1061	1511	1461	921	1461	895	824	1383	1061	1380	1288	1429	564	1301	1525	1606	1185	512	1512	345	1237	634	1084	1063	1430	1491	1489	1379	1369	1590	1123	1433	1377	926	1038	239	1421	415	1162	773	1123	1238	1249	1037	1389	1468	1380	1198	1387	2569	1249	376	1130	1365	2240	1553	1118	1184	1155	1389	1250	1138	1508	1341	1633	1389	1169	1250	1584	1570	845	1409	1404	1533	497	1210	2190	1122	1323	1205	311	1110	1428	1814	1011	1163	1646	1250	1430	1147	912	1395	590	1429	1532	1069	1345	961	1123	1254	1123	2512	860	1393	1605	1487	1069	1074	1335	1071	1353	1208	360	1670	1603	1123	2310	1101	1118	557	1506	1466	1428	965	628	1324	1342	1087	174	1244	1397	1457	640	1072	1691	480	1086	941	1446	214	2321	1224	965	2893	1470	1560	1389	359	1456	1329	1063	3003	1136	1757	311	1300
377	195	2061	680	21	475	440	294	279	103	1410	0	174	598	178	1212	443	249	628	49	1605	537	732	1099	1373	590	907	1075	3442	27	2075	351	749	1511	420	194	459	1230	176	439	1127	1685	1005	1605	352	214	344	1231	379	59	2090	1236	244	342	216	1772	1511	626	151	170	191	1153	496	3704	45	20	1140	79	561	2523	1044	1260	249	1789	175	757	423	312	1150	504	512	32	694	377	1316	1431	839	362	248	79	339	1216	2430	497	1153	184	420	1259	80	921	402	525	169	581	495	1491	1639	108	370	1348	161	1028	358	1024	104	420	1396	1090	725	1096	297	442	1987	772	192	284	479	18	1092	377	457	188	703	775	376	536	1208	1107	401	357	85	1676	1473	281	177	458	419	492	113	1455	113	1428	593	267	370	237	281	279	1305	180	2397	428	322	1073	1499	1075	193	935	367	1945	163	82	80	32	42	247	614	372	1348	1153	1476	1447	380	1006	813	1090	614	178	175	2443	1609	375	31	761	333	1449	175	1259	619	58	849	458	469	773	883	21	767	423	489	388	445	1609	341	767	1275	209	1374	258	553	501	1605	451	791	766	102	725	1103	335	162	439	398	345	293	183	157	646	1670	16	1845	279	2354	382	85	1483	439	178	614	3299	566	170	255	77	370	369	362	506	861	756	1060	460	1312	749	919	450	469	1730	367	105	162	758	912	1142	96	431	1242	172	294	282	2024	764	826	1588	360	1245	417	1259	919	2442	758	1500	118	2425	21	1066	317	590	380	1667	676	600	1103	289
308	111	1891	619	153	546	399	359	175	122	1242	174	0	728	3	1041	495	369	455	126	1461	637	559	986	1230	509	760	904	3268	148	1915	206	618	1348	354	222	392	1055	215	423	952	1858	831	1461	207	139	239	1086	266	115	1952	1124	354	286	52	1607	1348	457	218	187	16	979	492	3529	130	154	982	245	446	2354	1195	1171	369	1652	0	585	280	309	975	330	338	149	780	326	1166	1275	995	300	264	247	197	1045	2256	494	1328	105	354	1098	250	759	236	459	214	687	490	1366	1812	144	250	1229	13	865	219	853	122	354	1276	924	610	932	249	494	1816	658	106	208	312	156	917	392	338	15	534	652	209	416	1034	955	234	229	250	1532	1327	197	192	394	252	483	263	1295	263	1266	421	329	241	220	196	282	1132	104	2235	474	181	898	1386	904	128	761	257	1778	213	252	250	149	132	364	481	355	1230	998	1322	1273	356	835	688	924	481	3	20	2277	1477	374	143	644	300	1524	20	1084	488	123	1024	555	325	653	757	155	660	280	480	326	498	1477	196	660	1188	373	1211	255	498	499	1461	336	966	635	127	610	933	227	212	612	234	283	418	129	211	519	1504	158	1670	282	2194	268	143	1324	293	128	481	3148	391	187	377	250	248	251	300	355	769	641	889	524	1225	618	1094	299	325	1584	386	261	212	604	775	1029	151	348	1073	2	359	301	1862	625	812	1444	247	1089	397	1098	1094	2268	604	1675	270	2264	155	904	325	509	259	1840	547	727	933	211
644	655	2416	739	612	287	594	820	683	701	1944	598	728	0	730	1734	353	359	1158	627	2190	165	1181	1218	1588	749	1194	1599	3900	621	2632	780	1003	1824	645	524	659	1694	523	534	1602	1265	1511	2190	783	811	703	1467	975	644	2237	1335	374	615	739	2092	1824	1168	512	554	742	1639	506	4123	623	610	1705	521	827	2848	488	1267	359	1946	729	1279	818	891	1634	1030	1029	630	1085	970	1893	1712	320	627	826	525	769	1739	2833	505	880	652	645	1818	524	1478	960	678	522	945	508	1617	1400	706	964	1459	720	1581	772	1552	703	645	1507	1449	935	1451	599	355	2349	965	658	643	931	610	1553	465	779	734	1243	996	854	825	1705	1389	868	948	516	2260	2056	655	553	653	884	519	622	1757	622	1737	1123	805	960	563	656	517	1717	649	2673	374	758	1529	1571	1599	790	1380	963	2271	520	524	526	630	628	364	913	536	1458	1448	1739	1937	552	1529	1031	1449	913	732	715	2981	1753	502	618	968	570	910	715	1725	911	619	626	881	847	986	1095	618	940	818	520	631	351	1753	776	940	1270	580	1698	535	661	503	2190	767	553	1017	700	935	1632	932	522	524	960	942	310	781	522	916	1998	606	2301	517	2615	978	683	1774	834	776	913	3482	1085	554	351	533	963	964	627	897	958	957	1584	313	1305	1003	674	855	847	2313	459	611	522	1100	1502	1258	693	1029	1771	727	820	489	2576	1045	671	2173	956	1532	542	1818	622	2847	1100	1152	616	2696	618	1622	496	749	974	1434	943	891	1632	646
306	110	1887	616	156	546	397	363	173	126	1239	178	3	730	0	1038	495	370	452	129	1460	637	555	983	1226	506	756	901	3265	151	1913	202	614	1344	352	223	390	1052	216	421	949	1861	828	1460	203	141	236	1082	266	119	1948	1120	356	284	48	1603	1344	454	219	187	13	975	491	3525	133	158	980	248	443	2350	1197	1167	370	1648	3	582	276	312	972	327	334	153	783	328	1164	1271	997	298	268	251	193	1042	2252	492	1331	104	352	1096	253	756	233	457	215	690	489	1362	1815	148	250	1225	17	862	215	850	126	352	1272	920	606	928	247	494	1812	654	104	206	308	159	914	392	335	11	531	648	205	412	1031	951	230	229	253	1530	1326	195	192	391	248	482	267	1291	267	1263	418	333	240	220	194	282	1128	104	2231	474	177	895	1383	901	131	758	257	1774	214	255	254	153	136	365	477	353	1226	994	1318	1270	354	832	685	920	477	2	19	2275	1473	373	146	641	299	1524	19	1081	484	126	1028	559	321	649	753	159	656	276	478	324	498	1473	192	656	1185	377	1207	255	495	497	1460	333	970	631	131	606	930	228	213	616	232	284	420	132	212	516	1500	162	1667	282	2191	268	147	1320	289	131	477	3144	388	187	379	253	248	251	298	351	766	638	886	524	1222	614	1098	295	321	1583	385	265	213	600	773	1025	155	348	1070	6	363	301	1860	622	810	1442	247	1086	396	1096	1097	2264	600	1678	274	2260	159	901	324	506	259	1843	543	731	930	209
1109	1085	1080	1215	1191	1484	1189	1224	1050	1125	215	1212	1041	1734	1038	0	1416	1389	586	1166	647	1604	577	1123	993	1114	799	137	2247	1184	916	954	912	804	1124	1212	1128	246	1217	1250	228	2897	227	647	951	1029	1035	902	891	1153	1564	1194	1370	1130	1013	941	804	585	1235	1186	1025	173	1311	2537	1170	1193	253	1286	986	1543	2218	1371	1389	1333	1041	458	924	1095	183	713	710	1182	1514	1001	393	853	2026	1122	1124	1288	965	9	1320	1313	2350	1091	1124	226	1291	328	811	1148	1219	1506	1309	1239	2806	1136	888	1207	1053	235	963	188	1125	1124	1226	592	993	603	1138	1414	1003	1006	1084	1091	805	1194	289	1290	984	1030	509	959	880	970	115	783	866	886	1292	694	532	1079	1187	1134	850	1296	1271	808	1271	778	620	1207	876	1170	1077	1218	443	1095	1532	1392	975	316	1354	137	1047	424	903	1052	1223	1293	1291	1182	1171	1383	908	1220	1210	754	917	270	1207	206	954	592	908	1038	1047	1247	1256	1254	1182	988	1174	2354	1047	244	915	1165	2051	1391	903	974	951	1191	1040	924	1293	1127	1419	1256	958	1040	1398	1381	720	1198	1189	1317	647	995	1999	911	1130	993	112	926	1221	1627	815	988	1439	1059	1223	933	853	1197	689	1218	1526	888	1151	849	909	1064	908	2520	654	1186	1399	1289	886	891	1122	857	1146	997	152	1457	1419	912	2121	887	903	731	1292	1274	1221	753	518	1137	1150	918	47	1043	1224	1246	855	861	1478	628	903	783	1232	226	2128	1327	753	2705	1280	1566	1191	225	1244	1114	880	2830	922	1597	112	1089
307	392	2062	402	445	69	242	732	385	527	1630	443	495	353	495	1416	0	234	860	444	1919	196	848	885	1242	396	840	1284	3552	454	2326	471	650	1471	299	274	307	1356	285	181	1268	1617	1189	1919	474	618	383	1118	762	460	1911	1010	222	287	484	1739	1471	878	298	310	504	1308	157	3771	443	443	1416	397	475	2495	835	970	234	1615	495	972	492	753	1302	737	731	466	1100	804	1615	1360	673	294	690	404	462	1422	2480	157	1196	395	299	1522	405	1188	696	324	289	971	159	1289	1716	542	746	1133	493	1285	459	1241	528	299	1182	1096	582	1098	287	1	1995	614	397	339	613	444	1215	125	438	495	949	643	554	476	1377	1036	562	724	394	1987	1783	353	304	302	575	169	527	1404	527	1384	828	708	735	280	354	219	1368	394	2324	24	456	1190	1258	1284	600	1042	752	1917	293	408	410	466	451	230	562	196	1133	1094	1388	1604	210	1215	679	1096	562	498	477	2661	1423	162	446	615	244	1029	477	1387	559	429	912	867	514	633	744	454	590	492	169	290	3	1423	469	590	978	554	1344	245	310	156	1919	426	839	663	529	582	1320	722	294	647	699	765	229	594	298	563	1644	441	1956	219	2268	764	519	1421	506	590	562	3152	785	310	237	419	744	747	294	562	623	606	1270	42	1014	650	971	528	514	2038	125	515	294	750	1251	927	533	840	1456	496	732	196	2268	691	424	1901	742	1179	192	1522	935	2495	750	1492	526	2348	454	1328	181	396	755	1749	590	956	1320	339
357	303	2146	584	260	242	359	516	348	350	1596	249	369	359	370	1389	234	0	807	271	1830	288	856	1054	1380	535	940	1253	3586	269	2278	446	757	1570	380	179	409	1371	172	323	1273	1539	1170	1830	449	457	386	1246	618	288	2075	1186	22	319	382	1837	1570	814	155	203	383	1307	348	3828	268	257	1348	182	564	2595	831	1171	0	1776	369	931	498	559	1302	678	679	279	868	627	1535	1473	636	338	494	188	434	1394	2542	349	1058	298	380	1462	189	1122	602	458	170	737	349	1459	1569	358	606	1307	360	1227	442	1204	351	380	1356	1167	708	1171	286	234	2076	749	305	317	598	258	1229	236	485	375	890	767	510	550	1369	1143	528	589	178	1901	1696	326	203	406	545	352	308	1508	308	1484	772	495	602	232	326	210	1415	295	2445	228	421	1207	1443	1253	436	1061	607	2014	166	190	193	279	274	7	640	279	1306	1197	1509	1605	296	1183	805	1167	640	372	356	2633	1587	259	264	745	282	1201	356	1401	641	262	759	637	536	760	875	267	733	498	350	353	234	1587	440	733	1182	321	1437	216	466	350	1830	475	690	773	349	708	1285	575	167	431	601	594	50	427	166	658	1738	254	1984	210	2394	621	334	1530	515	423	640	3307	736	203	10	201	605	606	338	584	796	737	1238	235	1219	757	825	534	536	1954	225	295	167	817	1142	1098	346	679	1424	368	516	188	2224	788	655	1813	599	1286	313	1462	804	2556	817	1383	304	2470	267	1267	216	535	616	1601	687	722	1285	321
563	503	1495	762	607	925	658	685	478	545	789	628	455	1158	452	586	860	807	0	581	1063	1039	222	901	997	640	569	448	2817	600	1474	388	547	1010	590	633	606	616	635	713	511	2313	378	1063	386	459	478	856	354	568	1706	1021	788	575	428	1246	1010	39	652	604	439	530	782	3088	585	608	556	701	511	1966	1638	1140	807	1419	455	129	381	565	528	128	129	599	1046	488	758	972	1442	572	575	703	398	590	1827	783	1775	508	590	663	705	328	230	646	637	1002	779	1194	2245	559	343	1093	468	426	401	398	545	590	1131	596	601	607	573	858	1418	637	501	523	259	609	487	735	462	444	88	601	306	483	581	706	298	332	706	1130	927	509	605	611	286	767	694	971	694	939	34	662	324	596	508	649	728	511	1881	836	404	474	1260	448	474	363	363	1405	640	707	706	599	586	801	463	669	1095	725	1031	820	658	379	619	596	463	452	461	1826	1273	701	597	616	616	1854	461	644	473	579	1473	874	379	612	660	607	661	381	764	584	863	1273	390	661	1164	806	876	627	692	788	1063	472	1418	557	550	601	478	377	639	1052	236	460	856	486	640	505	1142	612	1225	649	1852	351	572	1007	371	490	463	2834	74	604	816	705	339	347	572	345	789	621	434	899	1196	547	1543	350	379	1180	735	696	639	420	444	934	572	421	618	457	685	676	1418	515	1020	1045	359	808	690	663	1546	1838	420	2126	703	1912	607	468	680	640	338	2271	512	1077	478	521
344	152	2012	652	28	482	415	311	236	83	1365	49	126	627	129	1166	444	271	581	0	1569	555	682	1060	1328	557	861	1029	3394	26	2034	303	705	1463	388	179	428	1181	163	420	1079	1732	957	1569	305	186	303	1185	348	17	2047	1198	262	311	166	1724	1463	581	145	149	143	1105	481	3655	4	28	1099	120	520	2474	1081	1227	271	1745	126	710	376	309	1102	456	464	34	721	362	1278	1384	878	330	248	122	292	1170	2381	482	1202	140	388	1217	124	878	357	495	157	613	480	1450	1688	98	337	1308	113	985	312	978	84	388	1356	1041	685	1048	266	443	1938	732	148	246	430	30	1043	366	415	139	657	733	327	494	1160	1060	352	322	126	1640	1436	242	156	427	370	476	154	1407	154	1380	547	282	334	211	242	261	1256	137	2349	426	275	1024	1461	1029	165	886	336	1896	152	126	124	34	10	267	570	351	1308	1106	1429	1400	358	960	771	1041	570	130	126	2399	1566	359	17	721	307	1461	126	1211	575	16	898	487	422	732	841	33	729	376	472	357	446	1566	294	729	1242	257	1325	238	525	486	1569	410	840	722	84	685	1057	304	151	489	354	326	318	157	147	603	1621	32	1797	261	2306	351	77	1435	392	152	570	3252	518	149	277	123	336	336	330	459	827	716	1014	465	1279	705	968	403	422	1693	356	148	151	711	877	1103	91	408	1197	124	311	269	1982	720	810	1552	328	1198	397	1217	967	2393	711	1549	160	2377	33	1023	302	557	347	1716	633	639	1057	251
1627	1540	1482	1800	1588	1981	1721	1500	1534	1504	497	1605	1461	2190	1460	647	1919	1830	1063	1569	0	2088	1154	1767	1631	1686	1433	721	2179	1579	569	1449	1521	1399	1653	1672	1668	877	1670	1777	875	3223	830	0	1447	1393	1540	1548	1229	1552	2136	1841	1816	1637	1453	1465	1399	1042	1678	1639	1447	820	1845	2543	1573	1590	514	1685	1554	1881	2650	2016	1830	1939	1461	969	1445	1380	830	1182	1190	1573	1640	1280	306	1474	2445	1635	1432	1684	1458	637	1536	1847	2640	1542	1653	439	1686	737	1232	1703	1670	1687	1843	1878	3029	1506	1236	1854	1470	653	1464	741	1503	1653	1871	1240	1597	1250	1632	1917	1417	1618	1537	1580	1321	1590	936	1796	1522	1455	975	1571	1365	1531	755	1430	1360	1248	1690	71	136	1566	1642	1674	1349	1831	1624	1418	1624	1392	1094	1496	1235	1645	1564	1703	1058	1544	1958	1895	1463	961	1998	721	1414	1052	1241	1523	1671	1686	1684	1573	1569	1826	1487	1731	1856	1401	1535	728	1721	773	1573	1240	1487	1458	1474	976	1884	1763	1580	1597	1677	2917	1474	864	1496	1574	2363	1608	1438	1586	1580	1584	1649	1445	1828	1648	1922	1884	1450	1649	2043	1718	1340	1679	1748	1852	0	1533	2326	1523	1506	1597	681	1272	1670	1946	1231	1291	1880	1425	1669	1521	1400	1594	970	1703	1977	1225	1527	1458	1433	1430	1487	2931	1137	1639	1839	1680	1236	1237	1635	1399	1765	1606	730	1956	2065	1521	2431	1412	1438	126	1794	1632	1670	1361	694	1782	1520	1202	600	1462	1500	1729	550	1473	2064	19	1247	1425	1754	439	2457	1534	1361	3000	1633	1994	1584	610	1738	1686	1226	3047	1516	1794	681	1579
500	548	2255	574	547	127	439	798	560	636	1817	537	637	165	637	1604	196	288	1039	555	2088	0	1041	1053	1422	587	1034	1471	3748	556	2511	652	843	1662	495	417	504	1551	421	378	1462	1430	1379	2088	655	740	569	1303	897	572	2073	1171	293	475	637	1930	1662	1053	420	451	648	1501	343	3967	552	544	1593	470	672	2685	639	1108	288	1781	637	1155	681	848	1496	913	909	567	1116	914	1787	1548	483	485	782	475	642	1610	2675	342	1039	547	495	1702	475	1364	857	518	422	979	346	1452	1559	645	883	1295	631	1465	642	1426	637	495	1343	1292	772	1294	467	198	2189	801	552	516	799	545	1410	317	633	640	1126	834	732	672	1569	1227	743	865	465	2158	1953	529	448	499	757	357	591	1595	591	1575	1005	778	877	444	530	389	1564	545	2508	219	634	1385	1409	1471	720	1237	886	2108	423	477	479	567	559	290	758	389	1294	1286	1574	1798	404	1402	868	1292	758	640	621	2851	1588	355	550	805	431	913	621	1582	756	544	773	896	706	823	930	554	775	681	358	484	193	1588	649	775	1112	579	1537	411	498	340	2088	621	699	856	636	772	1506	855	424	593	858	881	249	712	426	759	1836	541	2153	389	2450	900	622	1610	697	707	758	3317	965	451	284	487	882	884	485	755	793	794	1457	154	1147	843	825	718	706	2210	313	578	424	946	1410	1093	634	963	1643	636	798	362	2453	886	519	2070	878	1369	388	1702	779	2691	946	1317	586	2530	554	1506	360	587	893	1594	785	942	1506	518
541	563	1333	648	710	917	615	856	508	672	792	732	559	1181	555	577	848	856	222	682	1154	1041	0	694	775	539	353	454	2730	706	1493	409	373	812	551	676	553	515	685	676	421	2393	350	1154	407	610	477	634	546	674	1488	809	835	566	516	1060	812	260	710	657	542	460	736	2977	686	711	641	793	410	1799	1669	941	856	1199	559	210	363	747	454	267	246	708	1242	685	851	761	1486	556	744	798	422	584	1699	737	1882	572	551	722	800	437	389	571	689	1185	733	973	2371	690	531	875	573	502	413	420	672	551	912	388	444	398	582	846	1258	469	563	541	259	713	373	724	410	544	260	426	357	393	528	484	334	514	798	1215	1021	531	655	559	316	720	820	766	820	736	230	830	509	625	530	664	573	576	1694	824	436	350	1041	454	620	205	552	1226	694	803	802	708	690	849	335	652	876	505	817	756	638	390	435	388	335	556	556	1815	1051	686	700	449	611	1781	556	546	343	675	1578	1053	334	439	463	713	499	363	717	557	851	1051	416	499	965	932	675	648	612	742	1154	422	1517	378	677	444	493	558	693	1171	399	650	903	631	696	366	957	715	1128	664	1659	544	697	801	346	634	335	2633	218	657	866	803	527	535	556	285	621	456	441	890	995	373	1647	325	334	1261	727	819	693	221	622	725	701	627	620	561	856	692	1432	330	912	1135	546	590	659	722	1641	1711	221	2224	828	1724	713	544	684	539	528	2399	362	1249	493	538
726	908	1296	483	1083	940	695	1346	824	1103	1313	1099	986	1218	983	1123	885	1054	901	1060	1767	1053	694	0	394	521	347	1050	2867	1085	1970	782	379	709	688	930	652	925	949	733	897	2475	943	1767	782	1107	757	323	1131	1063	1025	137	1032	764	935	954	709	940	983	939	977	953	729	3026	1062	1083	1281	1116	541	1678	1654	251	1054	729	986	903	711	1280	943	879	855	1095	1766	1257	1483	572	1531	743	1247	1124	789	1133	1752	729	2081	920	688	1329	1126	1113	965	597	956	1670	727	405	2601	1126	1111	252	997	1151	767	1039	1104	688	301	542	376	534	809	884	1243	328	912	815	742	1085	834	821	649	972	954	336	815	570	1024	359	792	1086	1117	1817	1643	818	933	655	781	719	1213	638	1213	632	896	1316	1088	873	818	858	808	923	1474	872	805	807	400	1050	1105	721	1131	1126	964	1130	1130	1095	1071	1047	511	775	252	410	574	1162	760	1007	303	542	511	985	970	2207	537	794	1075	341	787	1423	970	948	503	1045	1796	1540	669	333	245	1091	331	711	720	720	887	537	791	331	277	1300	624	866	589	730	1767	652	1723	364	1108	376	1088	1121	964	1480	975	1213	1078	1110	970	469	879	1085	1367	858	1409	1131	1118	637	701	1110	511	2266	864	939	1063	1136	1107	1115	743	656	262	345	1041	919	304	379	1856	702	669	1855	832	1205	964	480	1316	43	1129	1228	1171	989	1346	873	1903	393	606	1748	1122	446	741	1329	1820	1771	480	2370	1217	1493	1091	1188	840	521	1114	2634	443	1699	1088	810
1028	1177	907	848	1354	1302	1026	1578	1095	1352	1141	1373	1230	1588	1226	993	1242	1380	997	1328	1631	1422	775	394	0	852	470	966	2486	1354	1728	1027	628	345	1000	1232	971	753	1249	1074	773	2852	880	1631	1025	1328	1032	145	1305	1327	723	340	1358	1067	1178	565	345	1034	1283	1233	1217	822	1085	2634	1331	1354	1207	1407	822	1284	2038	530	1380	427	1230	946	952	1488	813	1026	1002	1362	1988	1442	1384	207	1905	1047	1470	1414	1037	1003	1369	1085	2431	1189	1000	1218	1417	1099	1138	928	1256	1912	1083	247	2948	1374	1287	269	1243	1100	1017	976	1353	1000	263	433	672	421	1108	1241	858	633	1180	1099	934	1356	721	1159	919	1214	1017	613	1030	843	879	291	1004	1266	1409	1669	1524	1098	1227	975	988	1073	1482	281	1482	288	1005	1549	1264	1172	1098	1173	579	1193	1087	1226	1054	702	375	966	1331	690	1309	733	1263	1420	1420	1362	1338	1373	759	1102	272	275	187	941	1086	948	575	433	759	1228	1218	1913	281	1127	1345	636	1100	1806	1218	767	755	1315	2137	1778	906	620	505	1361	653	952	1073	1028	1244	281	1036	653	552	1582	313	1174	933	1087	1631	926	2067	611	1358	672	998	1308	1263	1789	1148	1402	1412	1339	1268	731	500	1357	1048	1173	1027	1304	1372	264	938	1341	759	1929	989	1233	1390	1425	1283	1292	1047	875	634	644	963	1279	553	628	2201	930	906	1699	1169	1477	1263	631	1332	366	1381	1394	1036	1233	1578	1193	1660	608	1000	1613	1301	213	1076	1218	2172	1387	631	2734	1488	1108	1361	1127	1164	852	1287	2980	701	1958	998	1094
212	412	1668	124	577	461	175	860	334	613	1329	590	509	749	506	1114	396	535	640	557	1686	587	539	521	852	0	447	994	3174	581	2029	333	257	1075	170	411	132	1010	430	222	934	2014	888	1686	334	645	270	724	720	563	1540	656	512	248	464	1343	1075	671	464	424	505	981	244	3383	559	576	1171	598	132	2099	1223	670	535	1241	509	717	286	819	974	551	533	591	1277	821	1380	964	1069	228	773	607	335	1121	2091	244	1579	423	170	1260	609	952	580	76	438	1170	241	925	2096	636	699	774	517	1032	315	959	614	170	823	713	185	713	294	395	1602	219	417	311	388	578	875	307	197	497	724	247	403	157	1054	640	390	673	600	1749	1550	318	417	134	390	229	704	1008	704	988	617	830	680	356	319	337	994	426	1930	378	346	848	917	994	637	704	716	1521	446	613	613	591	568	528	205	255	774	699	993	1265	239	929	283	713	205	509	490	2338	1052	277	570	219	266	1241	490	1041	199	540	1286	1044	269	237	349	586	199	286	229	202	399	1052	340	199	685	783	949	346	89	247	1686	191	1215	269	618	185	1033	696	446	958	588	776	562	639	451	187	1249	577	1589	337	1875	721	623	1025	288	638	205	2773	573	424	543	620	696	703	228	295	272	210	981	436	722	257	1349	304	269	1796	317	695	446	381	1081	565	636	818	1158	511	860	352	1967	303	380	1666	705	783	224	1260	1320	2107	381	1885	707	1953	586	1075	319	0	705	2128	207	1189	1033	306
582	712	1221	497	888	907	603	1107	631	882	1001	907	760	1194	756	799	840	940	569	861	1433	1034	353	347	470	447	0	712	2733	887	1682	557	190	633	563	779	541	630	794	660	581	2456	604	1433	556	857	571	326	844	859	1194	456	917	620	708	901	633	608	827	775	747	636	691	2936	864	888	939	945	377	1659	1671	598	940	895	759	558	484	1020	627	571	547	894	1519	979	1143	532	1514	601	1000	952	568	808	1645	692	1998	723	563	994	955	765	675	515	801	1441	688	634	2509	904	825	524	772	807	549	697	882	563	563	277	266	275	657	839	1155	250	714	641	465	890	517	737	460	744	613	207	559	390	710	203	533	803	949	1487	1307	638	770	546	518	676	1014	568	1014	546	569	1079	802	719	638	729	567	727	1505	821	585	489	690	712	860	381	847	1079	808	958	958	894	871	933	301	672	525	257	572	883	655	665	182	277	301	757	748	1955	728	702	878	239	658	1612	748	658	299	848	1699	1308	438	221	155	894	284	484	675	587	843	728	567	284	623	1117	503	726	536	694	1433	469	1630	177	887	266	752	843	808	1331	686	938	977	868	812	283	804	890	1163	729	1456	843	902	590	469	870	301	2391	544	775	950	962	821	830	601	404	359	250	703	881	651	190	1765	460	438	1527	745	1009	808	163	970	374	911	936	847	762	1107	752	1617	152	731	1414	839	346	655	994	1743	1661	163	2317	1021	1531	894	844	728	447	826	2540	254	1487	752	636
978	949	1167	1100	1054	1352	1061	1092	915	988	345	1075	904	1599	901	137	1284	1253	448	1029	721	1471	454	1050	966	994	712	0	2381	1047	1042	819	806	824	994	1076	1001	275	1080	1121	202	2760	109	721	817	893	902	860	758	1015	1582	1133	1234	997	876	993	824	448	1098	1050	887	169	1184	2666	1033	1055	241	1149	864	1636	2083	1301	1253	1335	903	321	792	964	175	576	573	1045	1394	871	434	851	1889	990	990	1151	830	141	1435	1185	2214	954	994	281	1153	212	673	1024	1083	1380	1181	1207	2672	999	753	1159	916	148	829	52	988	994	1182	543	885	554	1004	1283	1089	902	947	957	671	1056	245	1159	855	893	372	855	744	846	169	728	730	751	1154	776	594	944	1050	1007	715	1168	1134	816	1134	784	483	1074	741	1035	943	1084	465	958	1605	1260	840	263	1313	0	910	331	769	1120	1086	1155	1153	1045	1033	1247	789	1088	1161	709	916	391	1076	69	854	543	789	900	910	1381	1240	1122	1044	882	1041	2235	910	288	797	1027	1914	1263	774	870	859	1054	934	792	1166	996	1287	1240	823	934	1327	1245	722	1064	1066	1190	721	867	1862	807	992	885	40	792	1085	1490	678	856	1302	923	1086	817	899	1060	810	1084	1593	755	1014	857	778	927	789	2589	517	1050	1262	1152	751	757	990	728	1047	891	14	1325	1351	806	1985	756	774	818	1160	1137	1085	645	433	1068	1013	789	171	905	1092	1111	983	756	1364	701	769	753	1102	281	1991	1444	645	2568	1143	1639	1054	164	1111	994	746	2697	809	1469	40	954
3256	3291	1583	3230	3421	3621	3309	3470	3238	3363	2079	3442	3268	3900	3265	2247	3552	3586	2817	3394	2179	3748	2730	2867	2486	3174	2733	2381	0	3415	1621	3140	2919	2157	3254	3407	3244	2216	3415	3371	2316	5122	2439	2179	3137	3272	3204	2546	3139	3383	2289	2826	3565	3287	3233	1922	2157	2824	3439	3387	3251	2289	3414	424	3399	3423	2398	3512	3077	1348	4387	3010	3586	2385	3268	2687	3090	3342	2292	2938	2930	3415	3730	3246	2316	2295	4212	3273	3371	3515	3152	2245	1118	3415	4592	3299	3254	2278	3518	2569	3047	3235	3419	3740	3411	2627	5053	3376	3135	2737	3281	2465	3143	2433	3363	3254	2711	2461	2999	2461	3308	3550	1627	2983	3291	3270	2989	3424	2357	3435	3120	3255	2750	2941	3082	3076	2236	2564	3062	3132	3517	2126	2244	3261	3385	3249	3044	3398	3511	2229	3511	2237	2850	3454	3122	3355	3260	3390	2184	3303	1640	3530	3166	2379	2760	2381	3289	2525	3150	1765	3424	3520	3519	3415	3400	3579	2990	3363	2740	2503	2299	1996	3347	2446	2913	2461	2990	3264	3270	1234	2514	3397	3411	2973	3331	4290	3270	2186	2993	3391	4290	3632	3056	2954	2866	3422	3015	3090	3397	3269	3555	2514	3146	3015	3029	3623	2256	3377	3263	3418	2179	3132	4234	2908	3368	2999	2359	3173	3423	3869	3053	3235	3633	3301	3426	2993	1988	3427	1602	3390	1726	3135	3389	2230	3073	3306	2990	1960	2876	3387	3596	3518	3132	3138	3273	3007	3058	2984	2395	3594	3023	2919	4361	3053	3056	2085	3440	3514	3423	2802	2700	2846	3389	3163	2226	3270	3470	3417	1630	2871	3445	2183	3150	2437	3360	2278	4362	1099	2802	4943	3520	1648	3422	2437	3405	3174	3127	5077	2969	3836	2359	3267
368	178	2036	674	9	489	436	292	262	80	1382	27	148	621	151	1184	454	269	600	26	1579	556	706	1085	1354	581	887	1047	3415	0	2048	329	731	1488	411	195	451	1203	178	438	1100	1712	977	1579	331	190	329	1211	354	32	2073	1223	262	334	191	1749	1488	599	157	167	165	1126	498	3677	23	11	1113	105	546	2498	1070	1251	269	1771	148	730	402	299	1123	476	485	12	699	358	1289	1410	866	353	236	106	318	1188	2404	499	1180	166	411	1231	108	893	374	517	172	589	497	1476	1664	89	344	1334	134	1001	338	996	81	411	1381	1066	710	1073	289	453	1962	758	174	271	455	11	1065	381	441	162	675	759	352	520	1180	1086	377	331	111	1650	1447	267	175	450	395	493	128	1433	128	1405	566	264	344	232	267	279	1279	163	2375	437	301	1047	1486	1047	168	909	342	1921	166	109	107	12	16	267	596	370	1334	1132	1455	1420	378	978	797	1066	596	151	149	2415	1592	376	10	747	328	1465	149	1232	601	40	876	464	448	758	867	7	754	402	490	380	456	1592	320	754	1266	231	1351	257	547	503	1579	436	819	748	80	710	1075	310	165	465	370	325	314	159	160	629	1646	15	1818	279	2332	357	66	1461	418	154	596	3279	538	167	275	105	344	344	353	485	851	742	1033	472	1303	731	946	429	448	1704	371	122	165	737	886	1129	79	409	1215	146	292	284	1997	746	828	1562	335	1223	416	1231	947	2416	737	1527	134	2403	7	1039	319	581	354	1692	659	613	1075	276
