NAME : VRPTW_INSTANCE_135.txt
COMMENT : Bangkok Supermarket
TYPE : VRPTW
DIMENSION : 271
DAYS : Monday
EDGE_WEIGHT_TYPE : EXPLICIT
VEHICLES : 36
EDGE_WEIGHT_FORMAT : FULL_MATRIX
CAPACITY : 1000
EDGE_WEIGHT_SECTION
0	497	1895	1761	2654	474	1041	495	206	367	484	1028	438	369	283	231	737	830	220	315	1095	362	1190	212	190	153	1658	101	401	685	153	379	3447	893	212	334	62	1325	97	344	860	994	1041	1066	404	124	309	582	437	308	378	29	320	309	1002	447	346	202	404	1016	1018	1190	1716	102	221	481	982	196	93	85	243	414	2959	369	668	127	131	407	643	46	1642	411	374	1323	300	116	358	541	485	125	984	128	111	305	891	359	218	345	211	83	824	1684	941	976	815	491	59	358	891	534	422	428	73	184	467	584	24	1809	411	456	19	784	110	1749	2524	394	1010	215	1972	1395	779	436	91	189	2016	948	2270	284	153	133	410	1221	152	1972	428	346	477	1691	322	2011	563	439	102	451	1187	112	283	385	372	1213	426	493	34	859	149	1316	352	371	127	193	94	385	309	154	165	368	210	538	521	412	39	1337	193	334	1170	37	206	387	221	869	1009	395	609	454	207	873	964	1237	308	371	154	2527	1028	309	33	193	940	394	76	1530	875	1098	206	932	139	1233	368	645	816	220	210	1889	410	90	978	672	402	641	759	104	845	368	725	657	948	124	815	650	622	419	123	207	1017	464	364	829	135	88	369	255	288	1793	401	582	309	408	1027	1083	1027	39	564	603	315	244	379	1003	1087	590	215	196	871
497	0	1402	1747	2905	642	1258	642	306	132	650	1250	230	319	732	608	326	1323	280	257	1270	318	1622	709	323	350	2106	555	117	1181	481	119	3797	1172	709	178	443	1801	493	162	831	1232	1258	1253	892	571	584	1023	470	277	834	514	252	271	1236	252	817	447	160	1186	749	1622	1299	594	601	229	1410	648	410	578	269	237	3416	573	315	502	369	155	936	539	2113	145	129	1473	765	489	149	47	11	500	1474	506	401	273	976	845	548	162	306	419	1321	2071	1107	1223	1197	10	437	523	976	405	132	179	566	466	167	715	477	2189	145	579	481	1279	397	1831	2559	126	1500	285	2358	1872	1169	828	584	633	2013	1361	2676	693	481	603	154	1309	643	1485	859	307	19	2077	244	1535	881	629	594	619	1270	401	732	547	127	1620	820	6	462	1285	410	819	153	849	489	655	422	547	584	651	474	308	306	404	840	134	461	1417	476	309	1439	460	584	747	563	985	1497	888	908	611	291	1361	1377	1723	272	849	651	2884	1490	280	465	307	1168	131	559	1611	995	1299	306	1425	516	1666	308	285	985	280	290	1910	108	580	796	285	145	148	1200	596	1327	308	1183	1000	1126	495	1197	211	220	885	616	598	1186	871	136	1216	576	503	310	627	279	1405	117	1023	584	845	1251	1496	1251	461	882	394	257	266	129	1177	1579	732	307	648	1024
1895	1402	0	2518	4006	1949	2465	1937	1692	1535	1953	2464	1552	1598	2132	1951	1194	2724	1674	1640	2430	1602	2996	2104	1726	1742	3485	1938	1493	2580	1844	1522	5028	2451	2104	1578	1837	3201	1873	1563	1688	2464	2466	2429	2294	1973	1954	2414	1769	1658	2233	1909	1634	1653	2464	1562	2219	1793	1532	2357	1256	2996	693	1986	1947	1519	2785	2050	1811	1971	1654	1574	4796	1918	1386	1873	1764	1527	2256	1934	3509	1520	1531	2565	2167	1863	1549	1355	1414	1871	2876	1876	1803	1657	2109	2247	1938	1563	1707	1820	2718	3392	2289	2465	2550	1409	1836	1783	2109	1628	1505	1527	1959	1860	1443	1975	1873	3500	1520	1882	1878	2662	1799	2757	2928	1501	2902	1679	3671	3271	2529	2209	1977	2034	2750	2729	4005	2087	1844	2005	1525	2352	2033	138	2252	1607	1421	3397	1628	297	2223	1951	1986	1934	2316	1803	2132	1791	1529	2975	2203	1406	1860	2662	1783	620	1554	2252	1890	2057	1824	1791	1954	2046	1870	1591	1708	1624	2086	1513	1857	2424	1868	1617	2677	1858	1979	2047	1954	2147	2899	2289	2235	1922	1688	2731	2744	3125	1654	2252	2046	4146	2885	1660	1862	1701	2401	1501	1950	2577	2158	2482	1692	2826	1883	3040	1591	1387	2199	1674	1684	2713	1484	1973	1427	1260	1525	1255	2588	1988	2729	1591	2578	2344	2128	1866	2550	1311	1360	2286	2008	1950	2356	2256	1538	2572	1978	1884	1592	1963	1667	854	1493	2414	1954	2184	2467	2860	2467	1857	2224	1551	1640	1652	1529	2355	2981	1994	1708	2050	2212
1761	1747	2518	0	1595	1288	911	1266	1799	1713	1278	928	1535	1973	1628	1990	2038	1948	1768	1595	803	1967	1648	1825	1676	1780	1975	1857	1799	1929	1902	1717	2730	1103	1825	1677	1784	2015	1855	1690	2542	976	912	841	1760	1670	1457	1577	1359	1582	1631	1787	1594	1587	964	1511	1680	1929	1621	843	2487	1648	2821	1817	1981	1522	1569	1650	1719	1805	1799	1540	3021	1392	1467	1885	1771	1625	1241	1789	2157	1632	1701	634	1662	1870	1689	1770	1745	1882	1985	1887	1697	1588	874	1739	1547	1687	1669	1720	2025	1613	889	1001	1382	1738	1750	2089	874	1352	1639	1588	1801	1580	1899	1177	1773	1642	1632	1308	1769	2127	1703	345	4265	1803	2000	1768	1772	2060	1410	1483	1807	1642	266	1500	2092	1564	1902	1694	1623	583	1841	2653	1562	1948	1748	1611	1601	2787	1318	1323	1817	1310	606	1696	1628	2118	1715	1531	1490	1740	1760	1538	1855	1983	1696	1706	1634	1670	1698	2118	1457	1808	1597	1964	1669	1352	2275	1645	1771	483	1570	1941	1005	1762	1575	2138	1548	906	1968	1792	1268	1307	1751	2252	1503	2069	1586	1706	1808	1999	1770	1577	1766	1772	984	1811	1818	369	904	851	1799	1992	1899	1670	1964	1491	988	1768	1768	195	1798	1813	2544	2019	1640	1807	1592	1817	1843	1964	1657	1320	2710	1880	1382	1605	1563	1663	1821	1966	842	1504	1708	1397	1659	1848	1966	2014	1600	2974	1799	1577	1457	2099	933	1526	933	1771	1317	1352	1595	1795	1692	859	2059	1173	1659	1650	929
2654	2905	4006	1595	0	2271	1648	2267	2798	2812	2262	1657	2676	2994	2394	2826	3232	2273	2783	2669	1638	2987	1711	2584	2681	2756	1604	2712	2901	2362	2804	2822	1159	1763	2584	2763	2706	1946	2747	2781	3511	1680	1648	1652	2400	2530	2380	2149	2435	2649	2328	2668	2672	2655	1674	2655	2380	2857	2747	1721	3629	1711	4167	2648	2819	2687	1830	2467	2667	2646	2818	2668	1904	2358	2728	2774	2736	2752	2015	2654	1834	2761	2805	1458	2399	2766	2787	2945	2898	2772	2194	2773	2654	2654	1950	2412	2456	2779	2686	2663	2362	1219	1800	1693	1874	2895	2679	3009	1950	2519	2774	2726	2650	2529	3005	2190	2676	1115	2761	2329	2670	2516	2661	1281	5063	2899	2189	2780	1069	1936	1914	2224	2645	2470	1470	1817	1144	2372	2804	2531	2752	1661	2642	4134	2257	2968	2897	1210	2680	4247	2091	2291	2648	2295	1699	2653	2394	3033	2817	1607	2234	2898	2672	1912	2797	3415	2789	2380	2553	2478	2643	3033	2380	2604	2536	2990	2686	2522	3034	2774	2684	1583	2517	2957	1486	2676	2451	2916	2447	1929	2156	2433	2048	2302	2762	2608	1806	2080	2654	2380	2604	745	1948	2645	2677	2771	1742	2906	2670	1434	1919	1606	2798	2242	2780	1691	2990	2741	1919	2783	2778	1419	2904	2652	3622	3188	2764	3020	2024	2647	2158	2990	2093	1998	3487	2773	1874	2852	2799	2318	2638	2804	1722	2206	2807	1867	2519	2735	2991	2841	2657	4294	2901	2149	2380	2797	1656	1718	1656	2684	2091	2567	2669	2816	2800	1729	2193	2173	2678	2467	1883
474	642	1949	1288	2271	0	624	27	548	541	10	614	423	741	389	702	967	938	525	397	653	735	1054	557	423	516	1544	569	629	840	618	551	3157	531	557	491	501	1308	569	509	1299	592	623	630	571	384	171	534	182	377	443	499	400	384	597	407	473	653	482	570	1358	1054	1937	531	693	446	849	380	441	518	560	409	2851	105	564	599	502	487	307	501	1595	496	534	873	433	585	516	685	634	596	1057	601	421	383	417	532	260	507	424	441	977	1451	491	582	603	632	468	815	417	322	510	466	513	297	734	110	487	1564	496	67	483	1012	428	1282	2993	628	1081	523	1735	1377	586	329	521	368	1542	786	2062	315	618	412	487	751	560	2052	408	715	631	1456	408	2126	278	35	531	25	716	420	389	844	546	1026	328	635	475	732	581	1330	518	509	347	400	418	844	171	530	312	735	424	327	988	508	487	867	285	705	797	477	292	852	262	399	1065	592	286	30	505	1130	802	1268	382	509	530	2247	982	373	481	520	529	634	530	1061	406	670	548	1027	612	1098	735	561	363	525	522	1415	633	526	1364	919	497	772	681	532	890	735	696	396	1423	595	603	646	594	496	537	678	570	376	536	626	375	562	737	726	386	2047	629	534	171	828	615	914	615	487	278	405	397	558	530	558	1162	116	415	380	413
1041	1258	2465	911	1648	624	0	619	1162	1164	615	16	1031	1357	822	1244	1585	1037	1143	1021	110	1350	788	1027	1040	1123	1210	1116	1253	1029	1194	1174	2572	196	1027	1115	1086	1145	1139	1133	1898	65	0	76	905	923	745	688	788	1001	790	1060	1024	1008	53	1011	844	1240	1099	125	1983	788	2537	1060	1236	1044	669	875	1038	1053	1178	1021	2441	714	1109	1168	1105	1104	405	1052	1344	1113	1157	312	843	1157	1139	1299	1251	1165	1075	1168	1022	1007	362	896	829	1131	1043	1035	1116	971	177	90	471	1248	1055	1400	362	883	1126	1079	1054	895	1358	542	1061	1060	1113	681	1055	1227	1029	766	3548	1252	1090	1140	1228	1199	500	652	1053	873	1115	597	1571	778	1194	933	1104	348	1067	2581	715	1331	1249	974	1031	2674	490	645	1060	648	345	1021	822	1426	1169	692	661	1251	1054	627	1174	1848	1141	861	927	890	1014	1426	745	1029	904	1352	1043	886	1498	1126	1066	430	882	1320	216	1057	834	1366	822	318	1059	939	439	654	1122	1350	603	1177	1006	861	1029	1680	870	997	1059	1133	101	1258	1074	574	307	64	1162	1080	1177	820	1352	1117	276	1143	1138	968	1257	1060	1984	1540	1116	1378	681	1059	932	1352	748	443	1956	1165	471	1221	1169	807	1055	1220	127	656	1159	486	912	1128	1353	1263	1010	2655	1253	688	745	1286	21	649	21	1066	489	941	1021	1176	1152	119	1152	526	1035	875	253
495	642	1937	1266	2267	27	619	0	562	545	22	610	420	753	417	725	968	964	537	402	643	747	1071	583	436	531	1560	591	634	867	638	555	3160	534	583	496	520	1329	589	514	1313	589	618	621	599	409	196	559	176	383	471	521	405	389	594	402	501	671	482	560	1365	1071	1934	555	715	440	867	407	459	542	572	407	2866	126	551	620	518	487	319	523	1615	496	538	861	461	606	520	685	634	617	1081	621	438	388	398	560	283	512	435	459	1004	1460	480	580	619	632	487	833	398	308	510	465	537	316	739	90	507	1572	496	62	503	1040	445	1266	3012	633	1106	536	1743	1398	603	355	544	395	1521	803	2072	343	638	438	487	734	585	2040	434	727	632	1465	413	2116	295	62	555	44	698	437	417	862	550	1040	354	635	495	751	598	1317	523	537	368	427	436	862	196	555	332	746	435	312	1011	509	507	849	305	717	797	497	317	875	286	383	1090	620	299	41	517	1158	818	1291	388	537	555	2251	1003	378	501	533	526	640	553	1044	390	663	562	1052	633	1114	746	549	353	537	535	1395	638	550	1373	921	498	769	703	556	914	746	720	412	1444	615	619	637	585	523	562	701	559	402	540	641	399	583	748	748	392	2046	634	559	196	854	610	929	610	507	295	389	402	569	533	548	1186	100	426	407	401
206	306	1692	1799	2798	548	1162	562	0	189	558	1150	326	195	478	311	531	1035	36	219	1200	189	1388	411	125	53	1861	250	199	889	180	199	3625	1035	411	177	145	1531	187	179	752	1121	1161	1175	611	310	418	779	440	225	578	217	221	222	1129	343	549	162	260	1117	840	1388	1514	293	302	363	1178	390	141	279	37	306	3164	449	538	197	76	261	785	242	1848	260	200	1421	501	183	191	347	294	194	1189	201	148	220	954	566	345	181	130	149	1026	1871	1039	1107	995	302	151	298	954	478	267	293	267	269	261	651	183	1994	260	506	188	975	141	1826	2465	191	1215	34	2159	1601	961	612	284	378	2061	1139	2463	461	180	332	264	1293	341	1767	620	170	286	1877	218	1804	712	521	293	523	1256	149	478	327	193	1404	603	304	172	1054	106	1123	183	577	254	391	163	327	418	354	263	191	130	480	574	256	167	1408	282	159	1312	169	360	462	356	944	1215	601	752	521	48	1056	1155	1443	222	577	354	2706	1232	229	172	28	1062	190	258	1604	951	1213	0	1137	212	1431	191	511	911	36	32	1943	209	280	823	467	250	443	957	296	1051	191	928	819	936	189	995	487	470	622	316	298	1117	647	188	1011	319	197	192	332	205	1596	199	779	418	543	1150	1275	1150	167	713	523	219	40	208	1105	1292	662	140	390	961
367	132	1535	1713	2812	541	1164	545	189	0	550	1155	180	274	600	500	432	1190	158	144	1185	270	1494	580	191	226	1976	432	90	1049	370	12	3685	1066	580	51	317	1669	373	33	833	1133	1164	1165	760	438	463	892	384	164	702	386	140	157	1139	203	685	346	94	1101	821	1494	1418	466	492	204	1282	515	278	450	157	172	3286	461	359	386	243	92	823	410	1981	87	13	1396	633	372	25	179	121	383	1341	390	269	159	906	712	420	34	173	288	1190	1950	1021	1123	1074	125	308	452	906	360	87	131	437	337	196	626	349	2070	87	483	352	1151	265	1773	2564	91	1367	162	2238	1739	1045	701	455	500	1978	1235	2553	563	370	470	95	1244	516	1618	729	254	114	1956	132	1666	764	523	466	517	1206	268	600	480	5	1495	693	128	333	1157	296	949	23	717	357	522	289	480	463	522	343	263	174	361	753	78	333	1356	347	250	1337	331	454	648	435	908	1364	755	794	510	164	1237	1251	1590	158	717	522	2770	1359	168	336	184	1071	99	433	1551	917	1209	189	1292	401	1538	263	330	897	158	167	1868	92	453	843	379	78	280	1070	468	1194	263	1051	881	1081	378	1074	297	283	753	488	487	1101	743	5	1092	444	382	265	521	159	1516	90	892	463	733	1156	1370	1156	333	764	379	144	153	22	1091	1446	641	175	515	940
484	650	1953	1278	2262	10	615	22	558	550	0	605	430	751	396	712	975	941	535	406	643	744	1052	566	433	526	1542	578	638	845	629	560	3150	524	566	500	511	1308	579	518	1309	583	614	620	577	394	181	536	188	386	448	509	409	393	589	413	479	663	490	560	1368	1052	1944	541	702	452	847	389	451	528	570	416	2847	115	568	609	512	495	302	511	1594	504	543	863	440	595	525	693	642	607	1059	611	431	392	407	539	269	516	433	451	981	1446	481	573	600	640	478	825	407	326	518	474	523	307	743	100	497	1558	504	73	493	1018	438	1272	3003	637	1083	533	1729	1377	583	332	530	377	1532	784	2057	323	629	422	495	741	569	2056	412	725	639	1451	417	2131	275	45	541	35	705	430	396	854	554	1022	332	643	485	730	591	1334	527	515	357	409	428	854	181	539	322	745	434	330	998	516	497	857	295	715	789	487	301	861	272	389	1067	599	282	39	515	1136	799	1269	391	515	539	2240	982	382	491	530	521	643	540	1051	396	661	558	1029	622	1095	745	565	353	535	532	1405	642	536	1373	927	505	779	681	541	892	745	698	393	1433	605	600	651	599	501	547	688	560	379	544	623	384	572	746	735	395	2054	638	536	181	837	606	911	606	497	275	407	406	567	538	548	1164	106	424	389	403
1028	1250	2464	928	1657	614	16	610	1150	1155	605	0	1024	1346	807	1230	1577	1020	1132	1012	126	1339	775	1012	1030	1111	1200	1102	1244	1012	1181	1165	2575	179	1012	1106	1073	1131	1125	1124	1886	48	15	91	889	910	734	671	780	992	775	1047	1015	998	36	1004	829	1228	1091	133	1973	775	2531	1046	1222	1037	654	861	1026	1039	1167	1014	2435	704	1105	1155	1094	1096	391	1039	1332	1105	1148	328	828	1144	1130	1292	1243	1152	1059	1155	1010	997	364	880	817	1122	1033	1023	1099	967	178	73	454	1240	1043	1387	364	877	1118	1072	1040	883	1349	535	1048	1057	1105	673	1043	1210	1017	783	3533	1243	1074	1129	1226	1185	483	637	1039	859	1131	582	1568	764	1181	920	1096	363	1053	2579	700	1320	1241	969	1022	2671	475	635	1046	639	359	1009	807	1414	1160	680	646	1243	1041	611	1162	1846	1132	846	915	876	1002	1414	734	1015	892	1341	1033	881	1483	1118	1053	446	871	1309	214	1045	821	1351	810	319	1043	923	425	645	1111	1333	588	1162	997	846	1015	1682	855	988	1047	1122	88	1249	1060	591	307	81	1150	1064	1164	807	1341	1112	271	1132	1127	985	1247	1047	1973	1531	1108	1371	664	1045	915	1341	731	427	1941	1152	454	1216	1163	791	1041	1206	134	640	1150	469	898	1115	1342	1249	1000	2649	1244	671	734	1271	5	635	5	1053	474	937	1012	1165	1143	125	1136	518	1024	861	251
438	230	1552	1535	2676	423	1031	420	326	180	430	1024	0	452	599	624	555	1208	289	123	1040	448	1444	639	251	340	1933	527	264	1078	495	183	3580	954	639	156	408	1655	480	164	1014	1007	1031	1024	781	463	402	864	244	131	696	464	118	129	1011	23	693	488	86	957	977	1444	1514	541	614	42	1233	527	347	523	306	25	3244	370	229	502	347	89	727	484	1959	97	167	1243	639	485	159	268	224	498	1351	505	327	133	747	733	394	161	231	355	1221	1870	877	999	1005	220	386	617	747	182	105	53	511	326	364	488	428	1985	97	358	430	1205	328	1605	2745	268	1377	292	2155	1725	981	657	528	510	1801	1179	2479	544	495	501	88	1081	590	1647	704	431	224	1875	117	1713	681	415	541	403	1041	326	599	645	181	1431	650	223	410	1110	423	943	167	729	373	540	345	645	402	584	341	442	232	182	899	109	415	1190	330	426	1216	410	440	782	410	755	1370	785	701	393	283	1302	1194	1590	130	729	584	2671	1335	131	415	307	943	276	514	1384	764	1070	326	1308	518	1489	442	208	757	289	295	1693	263	528	1013	516	104	349	1036	543	1194	442	1030	802	1252	494	1005	243	200	751	561	607	956	704	176	1026	464	484	444	647	150	1626	264	864	402	840	1025	1311	1025	415	681	201	123	302	158	948	1458	505	225	527	794
369	319	1598	1973	2994	741	1357	753	195	274	751	1346	452	0	652	353	405	1164	216	377	1394	6	1559	542	317	239	2022	366	209	1013	259	274	3812	1231	542	299	307	1676	304	288	570	1317	1357	1370	757	488	614	951	619	391	747	368	378	386	1325	474	712	201	368	1311	650	1559	1357	427	349	478	1351	565	330	418	181	441	3317	643	621	293	260	366	980	390	1995	361	287	1614	668	289	293	339	312	292	1321	296	341	385	1140	717	539	291	318	335	1142	2053	1232	1303	1180	321	327	209	1140	628	360	405	408	465	175	841	344	2177	361	696	350	1069	334	2012	2296	201	1346	217	2340	1745	1145	798	423	556	2236	1317	2639	645	259	502	369	1480	465	1662	797	26	304	2059	372	1684	906	715	427	716	1443	342	652	230	273	1582	789	321	340	1228	221	1068	285	733	445	562	354	230	614	490	458	11	317	629	532	351	331	1594	477	36	1508	337	550	459	549	1134	1350	741	947	713	236	1133	1333	1578	387	733	490	2893	1389	395	338	223	1258	194	392	1790	1141	1408	195	1265	299	1601	11	592	1105	216	219	2122	216	416	627	339	352	408	1127	429	1195	11	1091	1011	812	288	1180	530	533	785	448	354	1311	830	277	1195	498	317	9	364	374	1427	209	951	614	586	1346	1452	1346	331	907	653	377	184	297	1299	1420	853	327	565	1154
283	732	2132	1628	2394	389	822	417	478	600	396	807	599	652	0	433	1006	609	482	495	893	645	910	205	409	425	1383	319	657	485	419	613	3165	651	205	554	344	1069	363	570	1118	766	821	860	192	168	242	301	468	478	101	287	501	482	777	597	95	477	602	823	1301	910	1992	254	426	639	700	88	338	254	511	575	2690	318	815	386	402	606	417	269	1381	613	602	1123	45	381	583	780	721	385	752	385	339	479	758	147	206	570	426	330	628	1401	757	746	536	725	328	618	758	613	627	612	259	274	737	484	308	1526	613	414	302	636	344	1568	2727	650	778	477	1689	1139	499	173	252	100	1870	665	1987	74	419	149	609	1058	249	2218	146	629	714	1408	506	2266	332	356	254	378	1028	339	0	640	606	930	163	727	312	577	432	1534	579	133	242	90	319	640	242	211	262	651	426	617	676	619	320	1171	268	617	920	315	158	544	191	721	772	207	383	388	463	749	681	995	481	133	211	2245	759	476	314	458	720	653	279	1355	724	883	478	709	390	953	651	800	643	482	473	1734	665	259	1257	944	607	880	479	253	598	651	452	399	1134	387	536	840	799	154	244	410	824	188	596	549	160	349	652	449	467	2074	657	301	242	473	805	800	805	320	333	698	495	512	604	808	859	480	424	88	702
231	608	1951	1990	2826	702	1244	725	311	500	712	1230	624	353	433	0	759	830	344	504	1306	349	1280	248	378	284	1720	133	493	679	130	509	3569	1082	248	486	226	1353	148	490	692	1192	1243	1275	462	326	534	696	665	503	501	203	508	502	1202	638	452	163	568	1230	936	1280	1689	184	10	664	1083	369	295	191	343	602	2997	599	846	123	277	569	839	201	1672	570	511	1535	427	140	502	644	597	126	988	119	319	499	1118	433	443	492	395	290	800	1799	1158	1173	959	606	257	212	1118	749	577	599	193	415	513	813	224	1926	570	687	226	718	315	1969	2307	484	1013	340	2083	1421	920	605	191	371	2244	1062	2363	466	130	311	572	1444	184	2015	569	344	589	1806	508	2035	756	667	184	680	1411	320	433	226	504	1323	595	607	240	968	204	1409	494	460	357	355	310	226	534	222	397	359	395	752	291	566	230	1560	424	335	1353	238	420	160	443	1094	1020	437	805	684	345	779	1077	1246	502	460	222	2651	1087	505	233	321	1142	480	174	1751	1099	1303	311	930	107	1320	359	819	1035	344	337	2115	502	184	861	692	560	732	857	184	877	359	807	832	722	130	959	798	781	521	189	24	1230	619	500	969	337	149	359	24	481	1745	493	696	534	238	1228	1192	1228	230	756	809	504	347	519	1216	1083	817	403	369	1091
737	326	1194	2038	3232	967	1585	968	531	432	975	1577	555	405	1006	759	0	1560	524	574	1596	410	1914	933	605	584	2390	760	355	1411	659	420	4117	1496	933	483	675	2062	695	465	667	1558	1585	1580	1141	838	895	1306	797	594	1107	745	570	588	1563	577	1081	604	486	1513	450	1914	989	815	755	549	1702	919	668	803	496	563	3695	893	571	690	607	481	1256	769	2379	471	436	1797	1032	683	456	287	334	689	1715	694	668	590	1299	1097	845	467	592	676	1543	2381	1433	1549	1503	336	682	590	1299	723	458	506	792	762	270	1042	713	2501	471	905	718	1475	662	2143	2340	360	1741	529	2669	2132	1473	1126	809	906	2305	1659	2981	981	659	863	480	1627	858	1256	1144	417	336	2387	562	1280	1196	952	815	944	1588	668	1006	600	427	1922	1117	333	703	1577	606	696	456	1108	770	921	687	600	895	878	765	399	592	721	903	459	698	1733	773	427	1765	700	874	853	860	1310	1743	1129	1226	936	543	1538	1675	1971	589	1108	878	3202	1764	598	703	548	1494	356	779	1925	1320	1625	531	1662	699	1958	399	547	1312	524	533	2209	348	803	540	66	470	231	1485	818	1582	399	1458	1313	1054	685	1503	434	475	1153	838	759	1512	1165	437	1521	846	708	400	770	591	1084	355	1306	895	990	1578	1795	1578	698	1197	697	574	495	439	1504	1817	1059	597	919	1350
830	1323	2724	1948	2273	938	1037	964	1035	1190	941	1020	1208	1164	609	830	1560	0	1050	1100	1144	1158	568	626	1001	983	919	800	1232	151	904	1203	2842	844	626	1150	889	527	864	1163	1464	971	1036	1107	431	754	836	415	1063	1085	517	817	1106	1089	984	1207	515	962	1206	1109	1764	568	2518	744	831	1249	458	683	913	757	1072	1184	2169	902	1425	871	961	1210	761	793	844	1216	1195	1337	568	877	1177	1369	1311	872	157	868	921	1085	1174	478	816	1164	1020	903	90	1102	1078	947	566	1316	888	1040	1174	1214	1230	1219	768	882	1293	997	852	1229	1216	985	847	242	925	1784	2807	1224	182	1045	1361	592	537	608	751	699	2150	498	1596	671	904	721	1212	1370	701	2802	532	1148	1304	1111	1111	2839	715	913	744	936	1355	922	609	1049	1196	666	609	1319	864	426	953	2137	1172	479	842	672	901	1049	836	682	868	1167	1019	1218	889	1221	868	1464	877	1136	1002	867	768	821	800	1120	190	435	749	949	1036	343	503	415	1087	479	682	1942	330	1083	863	1024	965	1224	780	1608	1117	1099	1035	102	865	595	1167	1409	1016	1050	1041	2002	1241	756	1676	1494	1209	1469	355	742	119	1167	292	656	1286	876	566	1447	1408	460	722	821	1110	562	1187	553	751	851	1168	829	1072	2576	1232	415	836	662	1016	562	1016	868	715	1300	1100	1074	1198	1093	257	985	1020	683	1066
220	280	1674	1768	2783	525	1143	537	36	158	535	1132	289	216	482	344	524	1050	0	183	1178	209	1390	430	102	69	1865	275	181	906	214	168	3618	1021	430	142	163	1542	215	145	779	1104	1142	1154	623	313	403	782	409	191	582	235	185	187	1111	307	557	199	224	1095	851	1390	1511	313	336	326	1179	394	143	298	35	270	3171	428	502	228	89	225	771	259	1857	225	168	1398	508	213	158	323	269	225	1204	232	144	185	927	577	335	147	102	152	1044	1867	1016	1090	990	276	162	333	927	443	233	257	286	255	255	626	199	1990	225	481	203	998	138	1799	2496	173	1230	4	2155	1612	957	608	304	381	2031	1138	2462	459	214	339	228	1266	362	1752	621	189	261	1873	182	1792	701	499	313	500	1229	144	482	362	162	1403	599	278	185	1055	140	1100	149	586	249	396	162	362	403	372	252	209	102	445	610	222	182	1381	268	179	1297	183	355	497	347	918	1229	615	738	497	21	1081	1155	1456	188	586	372	2700	1239	195	187	27	1044	174	279	1577	926	1193	36	1153	243	1434	209	475	889	0	9	1913	190	300	841	462	215	422	960	316	1063	209	934	810	971	220	990	455	436	629	336	331	1095	645	157	1007	321	224	211	366	171	1597	181	782	403	575	1132	1274	1132	182	701	486	183	33	175	1083	1307	638	112	394	938
315	257	1640	1595	2669	397	1021	402	219	144	406	1012	123	377	495	504	574	1100	183	0	1043	372	1368	518	128	223	1854	404	232	966	377	154	3543	922	518	94	285	1561	359	112	947	989	1020	1023	670	348	327	774	246	20	595	341	5	14	995	134	586	376	108	959	963	1368	1555	418	494	165	1156	417	223	400	208	99	3165	319	352	381	227	112	682	361	1869	120	138	1256	532	365	119	304	247	378	1246	385	204	16	771	622	298	110	109	232	1109	1814	879	979	940	247	262	516	771	259	134	118	388	220	337	484	305	1932	120	340	306	1086	204	1641	2672	231	1272	184	2101	1631	912	575	406	401	1858	1106	2419	447	377	384	114	1110	467	1729	611	353	242	1820	12	1786	625	379	418	373	1072	203	495	546	148	1364	567	250	287	1031	308	1039	120	621	259	428	222	546	327	463	232	369	110	261	784	128	292	1223	228	346	1193	286	339	663	314	769	1267	672	653	366	171	1182	1122	1490	15	621	463	2629	1245	24	292	196	927	238	390	1419	778	1066	219	1201	397	1412	369	330	754	183	186	1744	235	405	978	523	116	400	950	420	1093	369	937	743	1154	373	940	347	312	649	438	486	959	619	138	959	350	362	371	528	28	1657	232	774	327	717	1012	1241	1012	292	625	307	0	204	134	949	1353	498	102	417	798
1095	1270	2430	803	1638	653	110	643	1200	1185	643	126	1040	1394	893	1306	1596	1144	1178	1043	0	1387	895	1099	1076	1164	1306	1175	1275	1131	1247	1194	2598	300	1099	1137	1135	1254	1193	1155	1945	173	111	37	991	981	791	784	802	1024	872	1116	1046	1031	161	1019	925	1290	1114	83	2006	895	2532	1122	1297	1049	780	939	1083	1114	1213	1033	2519	750	1095	1222	1148	1118	477	1110	1447	1128	1177	229	918	1211	1160	1309	1264	1220	1185	1223	1065	1030	322	978	878	1152	1077	1081	1221	1046	163	198	579	1260	1104	1451	322	881	1140	1091	1114	938	1381	559	1113	1127	1128	704	1108	1328	1072	677	3613	1275	1200	1176	1293	1307	606	728	1115	936	1013	708	1636	844	1247	995	1118	238	1133	2549	797	1368	1263	1048	1053	2648	562	679	1122	678	236	1064	893	1479	1189	795	737	1263	1104	737	1221	1817	1163	944	976	956	1059	1479	791	1096	949	1388	1077	884	1568	1140	1117	320	925	1357	290	1108	889	1434	873	293	1170	1025	510	681	1158	1453	714	1288	1030	944	1096	1719	981	1020	1110	1171	184	1282	1134	476	282	67	1200	1189	1233	926	1388	1106	289	1178	1174	868	1278	1122	2016	1555	1131	1382	788	1122	1040	1388	854	533	2023	1219	579	1215	1163	893	1120	1282	84	738	1180	594	970	1183	1389	1326	1035	2656	1275	784	791	1364	131	757	131	1117	561	931	1043	1210	1171	94	1263	545	1068	939	246
362	318	1602	1967	2987	735	1350	747	189	270	744	1339	448	6	645	349	410	1158	209	372	1387	0	1552	536	311	232	2016	360	207	1008	253	270	3805	1224	536	294	300	1670	297	284	575	1311	1350	1363	751	481	607	944	613	385	740	361	372	380	1318	470	705	196	364	1305	657	1552	1363	421	344	474	1344	558	323	412	174	436	3311	637	618	287	253	362	973	383	1989	357	283	1608	662	283	288	338	310	286	1315	290	334	379	1134	710	532	287	311	328	1137	2046	1226	1296	1173	320	320	208	1134	623	356	401	402	458	177	835	337	2170	357	689	343	1065	327	2006	2301	199	1341	211	2334	1739	1138	791	416	549	2231	1310	2632	639	253	495	365	1474	459	1666	790	19	302	2052	366	1689	899	708	421	710	1436	335	645	230	269	1575	782	320	333	1222	215	1070	280	727	438	555	347	230	607	484	451	11	311	624	531	347	324	1588	470	30	1501	330	543	456	542	1127	1345	735	940	707	229	1128	1326	1573	381	727	484	2886	1383	389	331	217	1251	191	386	1784	1135	1401	189	1260	293	1595	11	589	1098	209	212	2116	213	410	634	343	348	409	1120	423	1189	11	1084	1004	814	282	1173	528	531	779	442	349	1305	823	273	1188	491	311	10	361	368	1434	207	944	607	583	1339	1445	1339	324	900	649	372	177	293	1293	1415	847	320	558	1147
1190	1622	2996	1648	1711	1054	788	1071	1388	1494	1052	775	1444	1559	910	1280	1914	568	1390	1368	895	1552	0	1035	1310	1335	490	1203	1560	678	1311	1507	2301	656	1035	1445	1253	367	1259	1462	1961	737	787	864	818	1078	1044	609	1230	1348	812	1190	1374	1354	747	1434	847	1372	1475	903	2201	0	2902	1138	1276	1477	212	998	1248	1144	1421	1424	1800	1077	1617	1277	1312	1479	760	1169	566	1487	1494	1014	890	1276	1474	1670	1611	1276	484	1275	1246	1351	1079	850	1074	1461	1324	1240	654	538	915	718	452	1613	1238	1489	1079	1377	1502	1474	1152	1156	1646	1054	1215	667	1487	1120	1209	809	1252	1409	3375	1555	481	1386	811	414	468	793	1140	1010	1801	267	1084	933	1311	1058	1481	1131	1110	3092	769	1537	1606	547	1381	3154	776	1047	1138	1067	1132	1246	910	1506	1500	127	801	1616	1221	337	1337	2380	1471	829	1143	998	1228	1506	1044	1078	1151	1559	1324	1381	1412	1496	1229	1191	1146	1525	644	1224	1041	1318	1059	1021	447	843	773	1079	1371	897	252	441	1353	829	1078	1389	238	1346	1223	1368	769	1558	1170	1281	1013	831	1388	530	1276	44	1559	1612	923	1390	1382	1652	1568	1147	2140	1853	1484	1768	431	1136	459	1559	472	658	1837	1279	452	1684	1636	773	1119	1263	905	750	1489	430	1069	1245	1560	1286	1344	2984	1560	609	1044	1172	770	148	770	1229	776	1460	1368	1421	1493	892	499	1037	1320	998	948
212	709	2104	1825	2584	557	1027	583	411	580	566	1012	639	542	205	248	933	626	430	518	1099	536	1035	0	400	361	1486	175	610	478	283	592	3321	854	0	546	267	1134	239	557	940	971	1026	1066	219	191	388	447	584	508	255	195	524	510	982	645	204	343	614	1028	1169	1035	1899	118	244	682	836	177	303	132	449	614	2775	466	869	249	341	617	622	170	1453	621	587	1328	187	253	571	753	697	249	782	246	318	506	952	185	312	558	420	294	614	1551	961	950	713	704	272	454	952	708	633	635	144	334	667	662	232	1678	621	564	228	571	319	1773	2522	602	807	425	1836	1203	673	376	126	188	2071	814	2120	261	283	154	620	1260	76	2179	327	524	690	1558	527	2213	538	521	118	540	1229	319	205	472	585	1075	366	706	246	719	327	1529	564	211	274	157	298	472	388	58	315	544	419	712	470	623	248	1374	337	512	1120	248	269	340	304	918	810	199	589	548	418	663	829	1038	509	211	58	2402	852	508	244	403	926	602	154	1560	921	1089	411	728	245	1077	544	848	845	430	421	1936	620	131	1105	868	613	852	610	116	653	544	563	599	929	253	713	860	830	272	96	229	1029	381	577	722	197	225	545	260	490	1966	610	447	388	274	1010	944	1010	248	539	785	518	451	591	1013	883	661	423	177	903
190	323	1726	1676	2681	423	1040	436	125	191	433	1030	251	317	409	378	605	1001	102	128	1076	311	1310	400	0	106	1790	276	250	861	254	204	3524	921	400	149	157	1478	231	162	878	1002	1040	1052	569	247	303	704	317	125	511	215	133	124	1009	262	493	262	214	993	950	1310	1594	293	368	293	1098	324	97	276	137	227	3098	326	479	255	104	217	671	236	1790	221	194	1297	441	238	176	370	312	251	1151	258	81	121	828	522	241	163	20	106	1002	1777	914	989	900	316	135	414	828	374	234	237	264	159	341	525	178	1899	221	380	180	971	80	1700	2589	245	1177	100	2065	1549	868	520	281	310	1937	1054	2376	377	254	280	220	1167	343	1809	541	291	305	1784	134	1856	603	397	293	398	1130	81	409	444	196	1317	512	319	160	973	189	1137	171	526	167	331	101	444	303	342	160	311	19	376	661	224	164	1282	171	281	1197	159	269	538	255	818	1173	566	639	396	81	1062	1070	1399	124	526	342	2606	1169	127	165	97	942	248	264	1478	826	1091	125	1102	271	1354	311	456	787	102	98	1818	258	280	943	546	213	471	883	295	1003	311	861	715	1049	247	900	460	431	562	314	359	993	560	187	917	252	234	313	402	103	1685	250	704	303	589	1030	1190	1030	164	604	430	128	135	197	981	1256	537	25	324	837
153	350	1742	1780	2756	516	1123	531	53	226	526	1111	340	239	425	284	584	983	69	223	1164	232	1335	361	106	0	1807	206	249	838	155	237	3575	992	361	204	94	1478	148	210	782	1081	1122	1139	558	257	377	726	422	225	524	166	227	223	1089	355	496	156	284	1083	888	1335	1567	244	275	379	1125	337	91	229	89	318	3110	414	561	164	23	286	741	191	1794	287	235	1388	448	148	223	393	338	161	1137	168	101	220	927	513	299	211	119	97	976	1819	1004	1066	944	345	98	309	927	478	296	315	217	227	314	621	131	1943	287	479	136	928	94	1797	2486	241	1163	64	2108	1549	910	562	235	325	2041	1087	2411	410	155	279	289	1265	293	1819	567	214	330	1826	225	1857	667	486	244	491	1229	102	425	338	231	1352	552	347	119	1001	84	1169	215	523	205	337	114	338	377	303	219	236	118	480	560	285	115	1380	240	202	1269	116	311	441	310	914	1163	549	707	490	62	1011	1103	1391	223	523	303	2656	1179	228	120	42	1023	241	209	1576	921	1175	53	1086	179	1379	236	535	877	69	60	1920	258	231	866	521	277	491	904	246	999	236	875	772	942	156	944	521	500	569	267	268	1083	596	224	960	266	155	237	307	203	1648	249	726	377	509	1111	1223	1111	115	667	530	223	91	242	1070	1241	631	128	337	928
1658	2106	3485	1975	1604	1544	1210	1560	1861	1976	1542	1200	1933	2022	1383	1720	2390	919	1865	1854	1306	2016	490	1486	1790	1807	0	1659	2039	1062	1768	1989	1951	1115	1486	1928	1721	416	1719	1945	2379	1171	1209	1281	1267	1552	1532	1085	1720	1835	1283	1655	1860	1840	1178	1923	1312	1829	1961	1333	2654	490	3375	1596	1718	1966	700	1471	1722	1604	1895	1912	1311	1567	2107	1733	1784	1966	1247	1633	233	1974	1977	1368	1359	1735	1957	2154	2095	1734	777	1731	1722	1837	1536	1305	1558	1944	1805	1714	983	429	1361	1156	941	2098	1710	1932	1536	1867	1989	1961	1613	1639	2121	1541	1683	498	1974	1610	1677	1129	1728	1685	3663	2033	759	1861	544	375	958	1279	1599	1484	2080	758	691	1413	1768	1528	1968	1527	1562	3581	1248	2002	2089	436	1866	3641	1266	1538	1596	1557	1536	1722	1383	1945	1982	534	1287	2101	1690	823	1801	2870	1954	1288	1622	1470	1703	1945	1532	1534	1633	2023	1804	1871	1808	1982	1697	1564	1630	1990	1022	1693	1522	1734	1542	1480	737	1287	1262	1569	1847	1175	742	560	1839	1288	1534	1091	634	1832	1691	1842	1215	2036	1630	1608	1471	1239	1861	838	1731	446	2023	2102	1388	1865	1857	1938	2047	1606	2580	2328	1970	2253	906	1593	846	2023	932	1148	2197	1737	941	2174	2125	1239	1576	1707	1335	1235	1972	918	1544	1705	2024	1723	1829	3450	2039	1085	1532	1577	1195	631	1195	1697	1266	1950	1854	1895	1977	1324	720	1523	1802	1471	1406
101	555	1938	1857	2712	569	1116	591	250	432	578	1102	527	366	319	133	760	800	275	404	1175	360	1203	175	276	206	1659	0	449	650	108	444	3479	959	175	407	120	1310	65	415	799	1065	1115	1145	392	194	400	603	539	399	401	72	409	399	1075	538	358	169	484	1099	998	1203	1723	66	124	569	1000	245	182	65	287	503	2951	465	755	74	190	486	713	67	1628	488	441	1404	322	77	428	597	544	74	956	71	204	396	984	354	309	416	296	175	783	1711	1025	1047	855	551	142	299	984	634	499	511	62	285	496	679	101	1837	488	554	102	726	202	1836	2438	440	982	270	1997	1379	816	487	67	244	2110	972	2287	341	108	183	489	1311	99	2010	462	348	536	1718	410	2040	630	534	66	547	1277	205	319	321	437	1236	477	553	119	880	155	1373	421	374	225	233	190	321	400	125	266	369	295	637	421	488	112	1426	293	337	1233	119	287	286	309	960	985	375	679	550	268	806	988	1213	399	374	125	2559	1026	401	113	248	1014	439	42	1618	965	1175	250	902	73	1245	369	731	902	275	266	1982	458	59	942	694	479	693	774	68	829	369	732	713	856	77	855	726	702	431	83	109	1099	507	431	866	205	53	369	156	378	1791	449	603	400	313	1101	1105	1101	112	631	700	404	290	448	1084	1057	684	302	245	958
401	117	1493	1799	2901	629	1253	634	199	90	638	1244	264	209	657	493	355	1232	181	232	1275	207	1560	610	250	249	2039	449	0	1087	368	83	3766	1150	610	138	343	1721	385	120	752	1221	1253	1255	804	490	542	954	475	251	758	415	229	245	1227	288	736	331	178	1191	731	1560	1344	493	486	281	1348	570	321	478	162	259	3347	546	412	391	270	174	906	440	2036	167	100	1486	686	379	115	150	107	389	1385	395	318	246	997	758	490	122	237	331	1225	2026	1111	1210	1148	117	343	408	997	447	161	212	466	407	105	716	380	2146	167	572	384	1175	313	1863	2483	9	1411	186	2314	1792	1117	771	484	556	2065	1304	2626	627	368	518	176	1335	541	1570	792	194	99	2032	221	1612	844	610	493	605	1296	318	657	432	86	1567	762	117	367	1223	298	924	112	766	417	574	338	432	542	553	410	198	237	447	723	155	364	1446	418	195	1423	364	519	629	504	999	1410	796	876	599	196	1254	1320	1637	246	766	553	2850	1416	256	368	207	1159	15	457	1642	1008	1298	199	1334	404	1604	198	382	986	181	190	1956	9	480	753	298	159	244	1133	495	1243	198	1110	959	1021	384	1148	324	324	807	516	484	1191	811	95	1166	497	396	200	511	244	1438	0	954	542	731	1244	1440	1244	364	844	458	232	159	108	1181	1489	730	242	570	1030
685	1181	2580	1929	2362	840	1029	867	889	1049	845	1012	1078	1013	485	679	1411	151	906	966	1131	1008	678	478	861	838	1062	650	1087	0	754	1062	2971	833	478	1010	744	677	715	1023	1317	964	1028	1094	296	618	722	356	950	951	402	671	972	955	976	1078	389	812	1070	1086	1613	678	2366	597	679	1119	532	551	771	610	926	1053	2320	792	1299	721	816	1074	707	647	995	1079	1055	1338	441	728	1038	1227	1169	722	309	718	781	951	1119	344	691	1024	881	761	143	1217	1045	939	573	1175	744	889	1119	1097	1093	1085	622	752	1145	911	707	1345	1079	881	702	197	784	1791	2704	1079	334	901	1485	743	536	516	604	567	2144	553	1732	552	754	582	1076	1347	552	2657	433	998	1162	1225	977	2691	647	812	597	836	1327	781	485	898	1055	761	515	1177	720	466	805	1998	1032	352	707	538	760	898	722	535	737	1017	880	1102	747	1083	723	1448	748	987	1026	722	642	673	676	1069	341	294	689	848	892	322	562	567	954	352	535	2065	450	951	718	879	947	1079	633	1604	1067	1094	889	251	714	711	1017	1282	968	906	896	1998	1096	609	1526	1345	1072	1327	367	594	222	1017	293	613	1159	727	573	1314	1277	346	574	670	1087	475	1046	565	616	702	1017	678	937	2424	1087	356	722	515	1008	644	1008	723	648	1183	966	929	1058	1070	406	901	882	551	1022
153	481	1844	1902	2804	618	1194	638	180	370	629	1181	495	259	419	130	659	904	214	377	1247	253	1311	283	254	155	1768	108	368	754	0	379	3584	1045	283	356	117	1417	57	359	707	1147	1194	1219	501	274	458	710	556	378	506	136	381	376	1156	510	465	60	437	1168	889	1311	1616	173	122	535	1107	339	184	168	213	474	3059	513	715	34	150	438	796	150	1736	439	381	1475	427	38	372	519	470	35	1061	37	207	373	1036	463	369	361	270	181	884	1817	1093	1129	956	478	151	205	1036	628	447	469	161	322	401	728	134	1943	439	593	139	818	202	1898	2375	359	1087	210	2104	1486	918	582	172	335	2159	1079	2395	432	0	274	442	1369	206	1913	565	243	462	1824	380	1940	716	585	173	595	1334	208	419	232	373	1343	572	480	144	987	74	1290	363	483	273	331	204	232	458	234	306	263	269	630	407	436	132	1485	333	232	1321	141	360	286	373	1017	1091	483	762	596	215	890	1094	1319	376	483	234	2664	1134	381	137	190	1093	356	142	1679	1023	1251	180	1006	39	1354	263	689	967	214	206	2034	377	165	837	592	429	610	881	175	936	263	840	806	809	32	956	668	651	538	192	117	1169	606	369	969	286	70	263	152	356	1682	368	710	458	364	1180	1212	1180	132	716	684	377	217	388	1155	1161	735	279	339	1022
379	119	1522	1717	2822	551	1174	555	199	12	560	1165	183	274	613	509	420	1203	168	154	1194	270	1507	592	204	237	1989	444	83	1062	379	0	3696	1077	592	63	328	1682	384	45	831	1144	1174	1175	772	451	475	905	392	174	715	398	151	168	1149	206	698	354	96	1110	812	1507	1406	478	501	204	1294	528	291	462	166	176	3299	473	354	396	254	93	835	422	1994	87	17	1404	646	382	35	166	108	393	1354	400	281	169	914	725	432	46	186	300	1202	1962	1030	1133	1086	113	320	457	914	364	85	132	449	350	188	635	361	2082	87	493	364	1163	278	1780	2562	85	1380	173	2250	1752	1057	714	467	513	1982	1247	2565	576	379	483	96	1251	527	1605	742	255	101	1968	143	1653	776	534	478	528	1213	281	613	484	7	1508	705	115	345	1169	305	937	35	730	370	535	302	484	475	534	356	263	187	365	760	77	345	1363	360	252	1348	343	467	656	448	916	1377	768	805	521	175	1248	1264	1603	169	730	534	2781	1372	178	348	195	1081	94	444	1558	925	1218	199	1305	411	1551	263	325	906	168	177	1873	84	465	836	368	79	267	1083	480	1207	263	1064	893	1084	388	1086	288	276	766	500	497	1110	756	17	1105	457	392	265	530	170	1505	83	905	475	742	1166	1383	1166	345	776	380	154	161	24	1100	1459	650	188	528	948
3447	3797	5028	2730	1159	3157	2572	3160	3625	3685	3150	2575	3580	3812	3165	3569	4117	2842	3618	3543	2598	3805	2301	3321	3524	3575	1951	3479	3766	2971	3584	3696	0	2626	3321	3633	3506	2367	3528	3652	4258	2583	2572	2601	3109	3325	3224	2876	3336	3523	3078	3453	3548	3529	2581	3563	3122	3642	3637	2674	4463	2301	5094	3412	3565	3600	2487	3250	3484	3415	3652	3567	1369	3224	3680	3549	3554	3642	2861	3434	2117	3651	3681	2470	3156	3546	3661	3841	3788	3549	2715	3548	3477	3527	2920	3136	3283	3650	3533	3478	2917	1770	2745	2587	2632	3787	3485	3774	2920	3449	3666	3624	3422	3364	3864	3099	3471	1642	3651	3222	3465	3069	3483	2399	5614	3762	2700	3614	1489	2324	2667	3013	3412	3257	2625	2507	1260	3166	3584	3314	3643	2687	3392	5148	3019	3788	3785	1763	3555	5245	2922	3168	3412	3178	2721	3476	3165	3793	3690	2246	3023	3790	3472	2601	3596	4416	3661	3110	3371	3255	3461	3793	3224	3357	3366	3810	3533	3453	3712	3663	3483	2633	3352	3776	2369	3476	3264	3619	3270	2886	2674	3137	2891	3187	3597	3124	2492	2512	3528	3110	3357	920	2521	3519	3476	3601	2647	3767	3442	2517	2874	2549	3625	2775	3552	2264	3810	3687	2846	3618	3611	2564	3772	3420	4421	4064	3652	3929	2712	3411	2749	3810	2766	2808	4129	3551	2632	3788	3735	3050	3397	3551	2675	2982	3679	2617	3314	3514	3811	3579	3525	5201	3766	2876	3224	3473	2573	2377	2573	3483	2921	3512	3543	3651	3677	2677	2669	3081	3527	3250	2825
