NAME : VRPTW_INSTANCE_326.txt
COMMENT : Bangkok Supermarket
TYPE : VRPTW
DIMENSION : 239
DAYS : Wednesday
EDGE_WEIGHT_TYPE : EXPLICIT
VEHICLES : 34
EDGE_WEIGHT_FORMAT : FULL_MATRIX
CAPACITY : 1000
EDGE_WEIGHT_SECTION
0	1010	529	1984	2178	536	1058	1648	124	1223	1121	486	212	104	451	355	92	415	841	170	501	1025	502	648	379	1014	1024	586	239	582	309	308	1589	66	215	215	88	309	1758	404	404	101	1045	437	496	493	115	985	165	497	1994	492	189	991	201	1066	426	425	818	1190	1776	305	571	438	244	212	412	1321	218	152	1005	37	248	264	964	1521	192	84	31	573	206	1518	373	218	82	236	307	1211	968	126	190	1423	119	355	583	496	196	672	863	1389	264	696	400	300	196	214	196	1213	1054	208	2284	155	118	146	314	1033	608	582	509	330	178	1039	358	1080	341	422	398	201	438	374	202	1647	189	149	2614	474	78	283	355	850	317	193	1381	350	388	124	1109	147	1022	997	585	1396	964	2228	608	530	661	1014	410	734	428	66	1697	372	191	3735	197	1003	1480	927	348	581	681	1426	437	474	373	431	223	151	190	502	819	474	1350	617	145	868	587	624	621	419	255	1036	359	584	67	202	358	640	248	538	22	503	210	133	404	155	257	609	103	34	1521	2357	359	223	1480	517	178	19	608	1213	264	503	386	118	154	199	1231	317	121	606	430	1492	1098	1026	1056	845	372
1010	0	481	2188	2105	1516	1159	2658	902	371	1228	1495	807	1090	1083	1350	1077	595	1814	1159	1112	1919	1505	1483	1374	1203	1952	1169	1249	547	995	1261	1913	1074	1224	1224	1033	1264	1995	1371	1380	982	1530	1375	1499	1496	1059	1193	1040	1500	2123	1496	872	1236	862	1164	1401	1363	1823	481	1872	1257	637	1376	1252	807	1395	1597	1011	883	1208	1033	1035	1026	503	809	1067	946	1024	632	936	1609	1351	1204	939	1246	1257	1366	269	895	1123	1619	1057	1205	1135	1500	856	1675	153	749	1026	1346	1371	739	1206	1200	1206	599	75	1218	2655	932	910	1144	1271	1077	1137	547	1024	712	1078	1651	1354	566	1305	1401	1408	1210	1441	1375	1145	644	994	1135	2192	1353	937	778	1205	1132	1174	846	1554	1345	1364	929	1213	1158	1216	2007	1154	752	503	1244	1131	1521	1581	1207	1419	1735	685	1074	1306	649	1124	2925	1207	1162	793	311	1345	1147	1533	752	1092	1353	1371	1367	1232	1139	1126	1505	193	1353	733	1140	875	358	1107	1577	1079	613	917	1082	654	1153	1076	1145	1353	884	1035	1379	1032	1506	1220	1143	607	1047	1035	851	1106	1044	809	2775	654	1232	793	1348	1047	1027	1137	599	1026	1506	633	910	863	969	556	1174	1058	1572	1365	516	1148	16	1097	1856	1373
529	481	0	2011	2058	1047	969	2178	426	738	1043	1016	334	608	661	869	596	114	1349	684	701	1484	1024	1059	893	976	1505	774	769	231	545	785	1672	593	744	744	559	787	1796	904	911	510	1240	903	1018	1014	587	956	564	1019	1978	1019	395	985	386	977	923	891	1346	722	1734	780	315	904	771	334	916	1363	560	411	975	551	570	565	548	1076	593	469	545	312	466	1461	881	723	461	766	781	1171	468	419	656	1422	585	762	747	1018	378	1199	338	963	565	947	903	266	725	719	725	780	530	736	2454	455	435	667	794	906	757	231	664	242	602	1315	873	667	838	922	927	729	963	894	678	1123	522	660	2329	910	459	309	762	852	727	367	1364	865	895	449	1028	677	988	1526	762	968	548	1704	753	1041	1116	978	939	1254	264	593	1398	172	658	3284	726	944	1043	468	864	755	1084	989	665	910	890	895	751	663	659	1024	293	910	930	763	399	430	726	1105	717	148	455	911	173	761	595	678	873	571	570	928	551	1025	739	662	126	570	592	529	627	563	1076	2555	173	751	1043	897	572	547	757	780	565	1025	156	435	387	498	779	727	586	1097	893	968	984	497	931	1375	891
1984	2188	2011	0	585	2272	1048	2665	2042	2560	974	2100	2045	1919	1533	1910	1923	1995	2464	2082	1483	2771	1962	2553	1913	1035	2705	1399	2020	1785	1680	1812	419	1973	2026	2026	2071	1814	226	2237	2216	2079	3028	1753	1967	1959	2093	1056	1820	1967	159	2156	1863	1031	1858	1041	1843	1758	2288	1814	344	1811	1695	1753	1979	2045	1865	665	2201	2063	1037	1956	1736	1719	1687	1755	1798	2036	2013	1698	1797	581	2196	1891	2023	2020	1806	841	1922	2034	2152	588	2098	2315	1401	1966	1871	2235	2167	1668	1719	1324	2227	1880	1991	1896	1991	1693	2263	1992	4259	1853	2043	2056	1816	1121	1376	1785	2479	1875	1818	3000	1913	1652	2207	1854	2024	1991	2138	1936	2153	2618	1797	2079	1433	2387	2013	1847	2315	1172	2282	1890	648	1910	2208	1892	989	1998	1023	2250	1399	1671	1687	2659	1377	1898	1679	1033	2074	1999	1777	1973	1210	1930	2151	3092	1992	1067	1720	2404	1917	1402	1540	1707	1547	2387	1925	1750	1984	2076	2149	1962	2142	2387	1647	1368	2034	2397	1399	1768	1373	1905	1758	1117	1955	1400	1974	2153	1911	1448	1736	1576	1990	1964	1992	1987	1975	1833	2242	1491	2029	1983	1755	4321	1955	1984	1720	1574	1809	1992	1376	1693	1719	1964	1937	2043	2029	1792	1759	2282	2100	1811	1751	2244	1046	2200	1099	2194	1935
2178	2105	2058	585	0	2564	1126	3134	2204	2462	1058	2406	2183	2137	1745	2195	2137	2075	2799	2308	1702	3086	2282	2803	2205	1164	3037	1630	2273	1828	1871	2080	868	2184	2272	2272	2267	2083	675	2499	2483	2261	3210	2054	2285	2277	2293	1193	2027	2285	429	2456	2022	1191	2014	1117	2146	2055	2646	1658	465	2077	1755	2054	2235	2183	2165	939	2380	2219	1173	2157	1941	1922	1611	1488	2013	2211	2209	1757	1974	671	2458	2140	2196	2273	2073	970	1837	2196	2363	805	2297	2530	1619	2284	2025	2567	2125	1444	1922	1615	2490	2000	2235	2144	2235	1530	2173	2239	4453	2029	2208	2281	2087	1167	1592	1828	2629	1986	2036	3217	2199	1538	2458	2156	2315	2236	2427	2226	2370	2405	1990	2299	849	2629	2187	1977	2530	1329	2494	2042	825	2194	2473	2067	1071	2229	1156	2650	1624	1445	1611	2295	1590	2226	2036	1164	2364	2367	1872	2184	880	2024	2363	2517	2236	1176	1466	2371	2201	1625	1891	1471	1763	2629	2215	2049	2236	2298	2361	2282	2110	2629	1437	1583	2190	2381	1605	2119	1562	1987	1928	1163	2051	1625	2185	2370	2197	1559	1941	1883	2190	2283	2239	2215	2058	2041	2423	1598	2245	2186	1488	4533	2051	2236	1466	1872	2018	2191	1592	1530	1922	2284	2026	2208	2182	1978	1589	2494	2299	2158	2049	2024	1094	2112	1143	2569	2225
536	1516	1047	2272	2564	0	1489	1169	621	1672	1541	175	713	502	843	369	509	935	304	368	877	527	321	334	361	1423	501	939	324	1119	758	486	1854	485	338	338	488	483	2049	147	136	537	906	519	314	321	459	1393	608	314	2314	118	720	1384	732	1497	428	515	330	1727	2127	489	1102	519	350	713	406	1645	513	636	1411	528	679	699	1498	2056	605	579	513	1104	707	1893	166	444	589	325	493	1601	1501	629	393	1768	461	355	955	316	730	192	1365	1922	699	957	146	837	371	443	371	1748	1551	363	2035	673	612	389	479	1484	982	1119	667	867	581	797	365	1613	211	417	249	369	136	339	371	2137	661	391	3085	257	593	818	355	1260	370	729	1741	370	152	652	1531	404	1428	553	947	1929	1498	2752	986	392	629	1422	200	431	962	485	2190	903	392	4267	370	1424	2014	1376	363	947	747	1959	822	257	350	522	358	388	390	321	1323	257	1883	991	648	1309	975	542	1026	952	754	1487	887	946	483	371	367	1119	679	696	514	320	361	422	928	593	500	1097	433	506	2056	2076	887	358	2014	701	611	517	982	1748	699	320	916	612	661	684	1767	370	460	498	522	2015	1538	1531	1505	411	340
1058	1159	969	1048	1126	1489	0	2285	1079	1529	74	1348	1058	1026	646	1129	1025	967	1754	1197	611	2016	1245	1695	1144	97	1983	559	1178	740	756	1004	755	1069	1173	1173	1145	1008	842	1404	1391	1137	2084	1012	1246	1238	1173	119	914	1247	1009	1391	896	160	888	8	1100	1010	1634	862	765	1001	654	1013	1144	1058	1115	441	1255	1093	112	1039	830	810	675	962	904	1086	1089	657	852	492	1364	1048	1071	1177	998	208	902	1070	1246	464	1177	1412	537	1245	899	1529	1124	828	810	624	1396	876	1136	1050	1136	765	1234	1142	3327	906	1082	1170	1013	85	511	740	1504	865	928	2095	1134	677	1356	1108	1248	1137	1354	1163	1254	1666	873	1186	1603	1520	1062	852	1412	232	1375	916	401	1127	1379	943	58	1123	104	1698	548	834	675	1904	506	1203	1073	101	1294	1388	755	1069	763	909	1246	2950	1137	70	915	1357	1133	547	939	877	666	1520	1152	1006	1141	1185	1244	1245	1096	1520	792	503	1064	1349	514	1136	462	877	804	81	936	549	1071	1254	1132	434	830	867	1071	1247	1142	1107	948	929	1298	474	1131	1068	962	3408	936	1141	915	846	906	1071	511	765	810	1247	913	1082	1056	858	830	1375	1179	1165	1005	1321	58	1172	74	1585	1161
1648	2658	2178	2665	3134	1169	2285	0	1758	2840	2307	1163	1852	1574	1745	1323	1586	2064	918	1502	1751	1041	1166	1362	1299	2193	935	1763	1409	2193	1745	1433	2278	1585	1434	1434	1629	1429	2485	1314	1299	1681	1829	1351	1170	1175	1605	2167	1644	1169	2769	1166	1802	2135	1813	2291	1293	1359	842	2789	2669	1437	2146	1350	1408	1852	1292	2220	1679	1779	2178	1627	1679	1694	2541	3078	1624	1713	1634	2150	1755	2520	1324	1467	1720	1412	1439	2302	2599	1764	1551	2357	1608	1521	1795	1170	1816	990	2510	2935	1694	1661	1312	1933	1453	1470	1453	2779	2701	1441	2533	1743	1749	1515	1422	2319	1816	2193	1819	1963	1607	1640	1318	2641	1375	1290	1251	1448	1221	1294	1528	3292	1697	1526	3835	1398	1721	1902	1521	2065	1539	1822	2363	1327	1314	1738	2303	1501	2191	652	1778	2941	2541	3868	1822	1168	1220	2190	1239	950	2029	1585	3048	2016	1549	5226	1452	2215	3032	2543	1326	1782	1347	2979	1725	1398	1299	1359	1427	1522	1547	1166	2466	1398	2893	1821	1784	2476	1827	1174	1884	2059	1789	2320	2007	1778	1583	1528	1319	2057	1679	1442	1626	1165	1438	1516	2053	1634	1669	2055	1552	1614	3078	2498	2007	1427	3032	1470	1640	1631	1816	2779	1694	1164	2031	1749	1796	1724	2814	1539	1608	1157	1361	3135	2343	2674	2331	803	1296
124	902	426	2042	2204	621	1079	1758	0	1101	1146	595	94	227	516	478	215	314	924	257	567	1079	623	675	502	1045	1090	654	352	519	364	431	1655	189	326	326	132	432	1816	479	485	85	1005	560	616	614	161	1018	257	617	2043	594	182	1029	190	1087	550	547	921	1117	1818	427	527	561	363	94	537	1376	181	29	1038	159	324	336	903	1458	289	44	127	529	245	1553	454	343	42	349	429	1246	882	9	234	1470	160	370	645	617	179	773	752	1331	336	784	477	240	313	338	313	1151	943	325	2249	189	8	242	437	1044	668	519	437	267	281	1022	482	1022	413	546	513	318	538	497	254	1534	257	233	2601	510	46	242	370	886	331	163	1424	474	468	151	1133	263	1054	1109	651	1337	903	2131	667	654	784	1046	519	854	382	189	1676	287	236	3674	314	1029	1419	805	471	646	797	1365	506	510	496	554	342	237	237	623	709	510	1294	676	27	745	643	749	669	338	284	1048	268	649	190	254	482	648	324	650	142	624	328	251	307	251	223	612	206	157	1458	2329	268	342	1419	627	270	137	668	1151	336	624	298	8	40	254	1164	331	161	731	552	1394	1114	917	1068	957	494
1223	371	738	2560	2462	1672	1529	2840	1101	0	1599	1688	1010	1318	1392	1578	1305	837	1952	1346	1428	1999	1725	1565	1601	1571	2052	1494	1452	876	1283	1509	2283	1289	1425	1425	1222	1511	2366	1526	1541	1168	1472	1632	1718	1716	1242	1560	1293	1719	2493	1676	1125	1601	1118	1534	1642	1620	1997	811	2242	1505	972	1634	1465	1010	1631	1966	1160	1076	1575	1253	1307	1303	874	1087	1324	1146	1229	968	1202	1980	1515	1436	1143	1449	1506	1737	638	1097	1289	1991	1238	1329	1463	1719	1108	1850	429	1061	1303	1670	1528	1002	1415	1431	1415	937	297	1427	2484	1184	1109	1337	1517	1448	1468	876	1076	980	1330	1626	1581	927	1464	1640	1613	1420	1622	1598	1312	512	1255	1322	2489	1468	1144	1046	1329	1492	1306	1094	1925	1573	1526	1171	1584	1365	1584	2201	1480	1062	874	1239	1463	1753	1850	1574	1614	1956	987	1289	1639	908	1291	3045	1416	1530	1083	297	1571	1473	1822	1052	1398	1468	1596	1625	1443	1327	1294	1725	469	1468	1054	1472	1078	363	1437	1832	1416	886	1194	1453	903	1479	1290	1312	1581	1232	1307	1666	1243	1726	1430	1353	856	1297	1172	1196	1306	1257	1087	2616	903	1443	1083	1636	1303	1238	1468	937	1303	1726	892	1109	1068	1233	884	1306	1238	1821	1623	630	1520	360	1468	2049	1595
1121	1228	1043	974	1058	1541	74	2307	1146	1599	0	1395	1128	1086	701	1178	1085	1040	1801	1257	663	2068	1288	1755	1191	119	2032	605	1233	815	817	1054	690	1131	1230	1230	1209	1058	769	1460	1447	1202	2152	1055	1290	1282	1237	148	974	1290	934	1440	963	172	956	67	1144	1053	1675	917	692	1052	729	1056	1198	1128	1160	379	1322	1161	132	1101	889	870	740	996	963	1152	1152	731	916	419	1419	1102	1138	1233	1048	137	969	1137	1308	392	1240	1475	585	1289	967	1574	1196	866	870	651	1452	947	1193	1105	1193	815	1303	1198	3395	971	1149	1230	1063	150	558	815	1574	937	986	2160	1182	734	1414	1153	1298	1194	1405	1211	1316	1724	935	1246	1561	1580	1128	922	1475	280	1438	984	328	1176	1434	1008	15	1181	117	1730	595	871	740	1941	555	1244	1102	121	1344	1423	827	1131	748	981	1308	2939	1193	118	949	1430	1182	594	965	914	720	1580	1200	1049	1196	1245	1307	1288	1169	1580	831	550	1132	1423	565	1169	516	950	869	146	1008	595	1132	1316	1180	504	889	904	1134	1290	1198	1166	1021	989	1365	545	1192	1130	996	3475	1008	1196	949	884	966	1134	558	815	870	1290	986	1149	1125	921	881	1438	1242	1201	1049	1375	86	1241	131	1621	1209
486	1495	1016	2100	2406	175	1348	1163	595	1688	1395	0	689	421	707	218	432	902	407	342	737	680	145	501	204	1277	636	791	247	1051	645	345	1683	424	271	271	467	341	1879	223	196	520	1066	352	139	146	445	1247	511	139	2146	57	651	1234	663	1356	260	351	334	1659	1963	348	1020	352	253	689	240	1480	537	616	1264	467	568	587	1420	1975	499	550	471	1023	619	1735	205	332	556	250	352	1448	1449	601	402	1606	449	435	811	140	664	195	1347	1837	587	793	214	779	293	332	293	1667	1538	282	2210	596	587	353	336	1350	837	1051	753	809	478	968	214	1531	256	250	103	289	79	185	380	2130	565	366	2950	388	558	752	435	1116	435	667	1581	220	203	584	1386	339	1281	514	800	1843	1420	2714	841	216	454	1275	76	301	889	424	2067	857	400	4174	292	1281	1931	1390	215	801	572	1876	687	388	195	357	269	361	397	145	1303	388	1796	845	621	1326	833	368	887	902	661	1352	846	800	422	380	215	1001	568	528	464	144	279	355	891	498	538	984	389	452	1975	2252	846	269	1931	535	511	468	837	1667	587	144	871	587	633	591	1693	435	449	324	357	1978	1399	1511	1369	362	187
212	807	334	2045	2183	713	1058	1852	94	1010	1128	689	0	310	540	567	297	223	1015	352	590	1160	715	746	591	1033	1175	677	446	447	388	510	1668	279	420	420	225	511	1821	569	576	175	1030	638	708	706	253	1007	315	709	2039	688	188	1022	190	1066	636	625	1015	1035	1809	506	469	639	455	0	623	1380	241	76	1027	243	366	373	829	1380	348	139	220	470	269	1541	546	428	134	443	508	1235	794	88	322	1467	251	442	663	709	177	868	658	1256	373	820	568	187	406	423	406	1075	848	418	2272	222	103	337	517	1017	684	447	446	207	346	1065	571	949	503	632	607	411	633	587	343	1440	299	327	2552	587	134	205	442	878	405	157	1418	563	560	191	1114	356	1043	1203	671	1262	829	2039	682	743	862	1033	614	946	327	279	1623	208	323	3596	407	1013	1343	715	561	666	864	1288	533	587	586	631	434	331	325	715	614	587	1220	691	68	656	656	831	674	259	295	1021	185	670	280	343	571	624	366	713	232	716	421	343	219	313	280	585	300	246	1380	2358	185	434	1343	688	327	228	684	1075	373	716	217	103	58	288	1084	405	252	816	629	1302	1089	823	1041	1051	585
104	1090	608	1919	2137	502	1026	1574	227	1318	1086	421	310	0	394	261	12	496	802	171	440	1014	415	668	285	974	1001	521	180	629	271	204	1518	56	164	164	166	204	1693	388	381	199	1109	333	409	406	179	945	112	410	1936	438	229	946	241	1035	325	320	756	1238	1725	200	602	334	168	310	314	1261	304	256	965	68	196	216	1002	1558	124	189	117	605	205	1471	350	118	185	178	202	1167	1028	228	232	1368	185	397	524	409	243	615	946	1422	216	614	382	359	132	113	132	1250	1138	142	2341	175	221	143	209	1010	550	629	597	389	102	1086	265	1114	333	322	324	135	386	285	235	1731	161	162	2603	493	181	330	397	809	363	247	1330	257	366	163	1074	100	981	921	523	1429	1002	2295	552	436	557	974	346	645	468	56	1696	442	232	3765	133	967	1516	1024	255	520	578	1461	377	493	282	327	152	160	229	415	901	493	1383	559	246	966	533	522	575	485	252	1013	435	522	56	235	265	627	196	438	93	416	144	83	482	98	338	601	109	79	1558	2409	435	152	1516	419	120	98	550	1250	216	416	457	221	253	183	1274	363	187	505	325	1561	1071	1106	1032	771	282
451	1083	661	1533	1745	843	646	1745	516	1392	701	707	540	394	0	489	395	584	1115	564	50	1369	621	1058	506	585	1339	137	532	537	152	362	1140	444	529	529	539	366	1307	759	746	547	1496	399	620	613	561	556	288	621	1544	747	351	553	350	655	475	393	1013	1067	1330	359	456	400	497	540	485	870	668	540	575	423	203	186	814	1334	270	506	480	461	273	1077	718	401	493	531	355	774	927	510	625	975	566	791	132	620	364	895	970	1190	186	289	751	422	492	404	492	1041	1148	497	2733	327	516	537	371	643	157	537	951	434	292	1480	494	904	714	482	606	493	708	523	629	1715	264	556	2244	884	483	378	791	420	756	384	935	487	733	364	690	484	592	1114	135	1197	814	2173	158	593	542	585	649	801	405	444	1361	507	624	3496	493	583	1288	1129	492	130	460	1235	20	884	513	391	495	554	622	621	926	884	1149	166	514	1089	139	572	185	514	245	645	522	133	445	629	492	313	203	318	458	622	497	470	562	301	708	311	503	451	1334	2802	522	495	1288	286	277	460	157	1041	186	623	521	516	511	262	1081	756	568	587	390	1468	695	1099	663	983	521
355	1350	869	1910	2195	369	1129	1323	478	1578	1178	218	567	261	489	0	274	757	626	279	518	892	157	649	24	1059	853	573	162	870	437	127	1494	289	185	185	376	123	1686	332	309	425	1179	161	152	147	367	1030	321	153	1948	262	481	1018	492	1137	89	154	533	1470	1758	131	828	161	127	567	67	1277	490	505	1047	324	363	381	1226	1775	302	435	353	831	431	1524	293	146	436	164	134	1233	1275	482	365	1399	373	476	592	152	496	407	1207	1636	381	589	321	613	175	149	175	1470	1399	166	2369	421	471	271	117	1131	619	870	761	642	284	1111	4	1333	318	80	120	171	232	34	350	1992	374	295	2731	496	434	579	476	898	458	504	1371	4	303	420	1169	222	1063	671	583	1642	1226	2545	623	175	346	1058	169	384	706	289	1850	701	363	3966	175	1063	1731	1283	9	583	421	1677	468	496	25	162	148	290	359	157	1162	496	1595	627	500	1224	614	286	668	740	467	1134	695	582	288	350	3	786	363	335	336	158	163	230	743	310	508	772	286	321	1775	2420	695	148	1731	336	317	341	619	1470	381	158	716	471	510	401	1500	458	374	259	161	1813	1180	1366	1150	526	31
92	1077	596	1923	2137	509	1025	1586	215	1305	1085	432	297	12	395	274	0	483	810	172	443	1019	427	670	298	974	1008	524	189	619	269	216	1522	50	171	171	158	217	1697	393	387	189	1105	345	422	418	173	945	110	422	1939	448	219	946	230	1034	338	332	767	1228	1726	212	594	346	179	297	326	1264	296	243	965	55	196	215	993	1549	125	177	106	597	198	1472	356	131	173	187	215	1167	1017	216	229	1370	178	395	526	422	232	625	934	1414	215	620	387	347	141	126	141	1241	1125	151	2338	165	209	144	222	1007	552	619	589	377	104	1084	278	1106	337	335	335	145	395	297	233	1719	156	161	2600	494	168	319	395	809	361	236	1331	269	372	152	1074	106	981	933	526	1420	993	2284	553	448	569	974	357	658	458	50	1691	430	229	3757	142	966	1507	1011	268	523	589	1452	379	494	294	339	162	160	227	427	889	494	1374	561	233	953	535	535	575	473	245	1010	423	525	50	233	278	623	196	448	82	428	154	88	470	96	331	597	107	69	1549	2406	423	162	1507	429	119	87	552	1241	215	428	445	209	240	177	1264	361	180	518	337	1549	1069	1094	1030	783	295
415	595	114	1995	2075	935	967	2064	314	837	1040	902	223	496	584	757	483	0	1238	570	628	1380	911	959	781	962	1398	706	654	261	455	676	1642	479	630	630	446	678	1776	793	799	398	1179	796	905	902	475	939	457	906	1972	905	288	964	280	974	813	784	1232	818	1732	671	319	798	657	223	805	1338	456	300	959	438	471	469	625	1168	487	356	431	318	365	1459	768	611	347	652	672	1161	572	306	545	1408	473	659	682	905	271	1085	450	1048	469	873	791	167	611	607	611	865	642	622	2407	347	322	553	685	911	696	261	593	150	494	1240	761	745	726	812	813	615	850	781	567	1235	418	546	2385	806	345	212	659	825	623	258	1352	752	782	339	1025	563	973	1412	696	1054	625	1817	692	929	1013	963	825	1141	218	479	1453	76	547	3380	612	934	1131	555	751	689	988	1077	585	806	778	789	637	550	548	911	405	806	1013	702	286	509	665	997	664	90	361	916	66	695	481	567	760	547	471	832	437	912	625	548	21	462	491	504	513	449	1168	2502	66	637	1131	802	466	433	696	865	469	912	64	322	274	396	870	623	474	989	787	1080	987	611	936	1261	779
841	1814	1349	2464	2799	304	1754	918	924	1952	1801	407	1015	802	1115	626	810	1238	0	672	1145	318	517	447	610	1682	241	1196	621	1423	1047	753	2044	788	638	638	792	749	2247	445	439	839	971	749	514	522	762	1652	903	514	2521	371	1024	1638	1036	1763	657	749	205	2031	2350	756	1404	748	641	1015	641	1865	804	938	1669	832	969	989	1802	2359	897	883	817	1407	1006	2130	470	731	893	623	759	1848	1805	932	693	1995	764	622	1217	515	1034	231	1662	2224	989	1183	446	1141	670	731	670	2051	1846	660	1957	975	915	694	743	1758	1244	1423	904	1171	874	811	621	1916	511	648	509	666	417	592	671	2427	957	695	3357	487	897	1122	622	1523	647	1033	1974	628	455	955	1792	706	1686	402	1207	2231	1802	3053	1248	573	784	1680	469	481	1266	788	2474	1207	691	4568	668	1688	2317	1658	623	1207	923	2262	1095	487	602	754	653	692	690	517	1621	487	2185	1251	951	1590	1240	695	1295	1257	1052	1760	1191	1206	786	671	623	1406	969	916	818	515	658	723	1232	889	784	1387	737	810	2359	1975	1191	653	2317	928	905	822	1244	2051	989	515	1220	915	964	982	2071	647	763	652	754	2317	1807	1829	1777	329	594
170	1159	684	2082	2308	368	1197	1502	257	1346	1257	342	352	171	564	279	172	570	672	0	609	857	395	497	297	1146	854	688	119	752	441	299	1677	131	93	93	126	298	1856	234	234	179	953	413	387	387	103	1116	283	388	2103	336	358	1116	370	1206	366	402	663	1360	1894	298	741	414	151	352	346	1427	213	276	1136	169	368	387	1134	1692	295	214	145	743	361	1642	203	202	223	116	302	1338	1133	264	87	1536	108	233	693	388	367	516	1009	1560	387	766	230	469	109	196	109	1383	1199	115	2177	318	249	27	299	1179	720	752	485	499	272	919	280	1250	172	359	271	112	281	283	76	1790	327	24	2770	322	226	453	233	980	204	363	1499	275	218	291	1246	84	1153	856	691	1566	1134	2388	721	441	622	1145	268	619	599	131	1858	535	85	3905	109	1138	1651	1048	269	688	677	1596	546	322	287	410	132	20	82	395	966	322	1521	728	284	985	703	565	745	584	410	1183	520	690	129	76	281	793	368	558	148	395	118	95	562	268	229	765	70	143	1692	2241	520	132	1651	546	291	151	720	1383	387	395	548	249	297	345	1401	204	108	536	408	1651	1241	1175	1202	704	282
501	1112	701	1483	1702	877	611	1751	567	1428	663	737	590	440	50	518	443	628	1145	609	0	1404	643	1101	534	546	1371	87	572	565	203	393	1089	492	570	570	588	396	1257	799	785	597	1545	415	643	635	610	517	337	643	1496	779	402	511	400	620	497	410	1035	1076	1284	389	480	416	536	590	509	821	718	591	535	472	252	236	823	1333	317	556	529	485	324	1033	758	440	543	572	386	731	948	561	672	927	615	838	83	642	414	922	1004	1189	236	245	790	468	533	443	533	1044	1179	538	2781	378	567	582	401	613	110	565	1001	479	338	1527	523	909	756	504	637	534	742	552	675	1741	314	602	2212	928	534	424	838	382	804	434	889	516	773	415	653	528	552	1127	84	1195	823	2185	111	610	539	545	682	813	441	492	1338	551	672	3482	534	546	1286	1169	522	80	445	1234	63	928	542	408	535	600	670	643	961	928	1147	119	564	1131	97	577	150	555	295	615	567	83	493	675	521	309	252	313	507	644	538	515	606	350	758	314	550	500	1333	2849	567	535	1286	283	326	509	110	1044	236	645	564	567	562	313	1087	804	617	595	407	1485	662	1129	632	999	550
1025	1919	1484	2771	3086	527	2016	1041	1079	1999	2068	680	1160	1014	1369	892	1019	1380	318	857	1404	0	810	437	881	1950	113	1465	843	1598	1279	1013	2351	986	853	853	957	1009	2552	625	632	994	789	1033	806	814	925	1920	1124	806	2822	630	1214	1910	1226	2024	940	1031	520	2196	2643	1016	1595	1033	874	1160	921	2160	924	1086	1938	1026	1200	1220	1982	2538	1125	1045	997	1598	1216	2416	663	970	1058	845	1019	2126	1951	1089	847	2286	924	721	1482	807	1221	536	1766	2410	1220	1473	631	1315	889	968	889	2231	1939	882	1652	1175	1071	883	1005	2010	1509	1598	923	1344	1101	598	888	2100	685	930	772	887	663	860	829	2496	1175	876	3611	574	1064	1305	721	1787	757	1216	2261	894	647	1148	2058	913	1955	682	1474	2416	1982	3162	1512	873	1095	1949	724	799	1451	986	2710	1366	846	4754	888	1951	2499	1718	887	1474	1230	2444	1349	574	871	1038	879	874	845	810	1729	574	2372	1517	1106	1648	1502	1005	1553	1417	1264	2013	1345	1473	984	829	890	1639	1200	1207	1005	808	881	931	1378	1109	892	1615	927	1000	2538	1663	1345	879	2499	1215	1129	1007	1509	2231	1220	808	1376	1071	1118	1196	2243	757	923	961	1037	2433	2065	1932	2031	640	862
502	1505	1024	1962	2282	321	1245	1166	623	1725	1288	145	715	415	621	157	427	911	517	395	643	810	0	645	133	1169	755	685	278	1027	587	272	1544	436	305	305	509	268	1742	351	324	561	1206	233	8	9	495	1140	478	7	2012	203	638	1123	648	1253	145	235	392	1626	1835	276	983	232	260	715	135	1350	607	649	1156	474	516	533	1381	1927	458	579	496	986	588	1613	323	302	581	281	278	1332	1432	627	473	1478	500	545	709	7	653	286	1361	1786	533	666	341	770	310	305	310	1623	1553	299	2356	578	615	396	261	1254	735	1027	853	799	441	1112	152	1486	367	138	129	305	210	130	454	2147	531	416	2848	522	580	737	545	1013	537	660	1457	161	326	576	1280	360	1172	515	697	1793	1381	2702	740	70	308	1167	161	231	863	436	1981	856	471	4112	309	1177	1882	1429	161	699	427	1828	600	522	134	239	281	411	467	0	1316	522	1745	742	647	1368	735	223	791	897	623	1256	850	697	435	454	153	927	516	398	482	1	296	371	897	468	617	916	421	468	1927	2397	850	281	1882	411	474	487	735	1623	533	2	872	615	657	557	1654	537	500	180	239	1970	1299	1521	1272	371	132
648	1483	1059	2553	2803	334	1695	1362	675	1565	1755	501	746	668	1058	649	670	959	447	497	1101	437	645	0	650	1642	488	1176	534	1192	939	741	2140	626	532	532	567	738	2328	317	339	594	573	810	638	644	536	1613	781	638	2583	444	832	1611	843	1704	726	803	593	1778	2382	742	1203	810	575	746	703	1908	505	676	1632	660	865	885	1575	2126	791	648	617	1204	853	2135	357	666	662	535	746	1833	1527	685	458	2023	534	305	1184	639	836	494	1330	2003	885	1229	327	916	568	662	568	1821	1502	565	1720	804	668	525	736	1677	1211	1192	490	942	768	467	647	1695	347	716	545	568	438	627	446	2059	824	510	3262	175	670	914	305	1477	343	827	1989	648	346	771	1743	574	1649	821	1181	2009	1575	2726	1213	716	953	1642	497	761	1057	626	2344	954	457	4340	568	1636	2089	1282	641	1179	1059	2034	1040	175	637	811	571	510	458	645	1294	175	1966	1220	700	1212	1197	868	1241	1006	902	1680	931	1179	625	446	648	1287	865	984	632	644	566	588	960	766	468	1258	564	632	2126	1771	931	571	2089	982	789	632	1211	1821	885	644	963	668	712	841	1829	343	532	826	810	1998	1739	1496	1699	703	627
379	1374	893	1913	2205	361	1144	1299	502	1601	1191	204	591	285	506	24	298	781	610	297	534	881	133	650	0	1073	840	586	178	894	458	146	1497	313	203	203	397	142	1690	334	310	448	1185	161	128	123	388	1043	345	129	1954	251	505	1030	516	1152	78	155	512	1493	1766	150	851	161	147	591	55	1284	509	529	1060	348	386	403	1249	1798	325	459	376	854	455	1534	296	170	460	181	152	1244	1299	505	382	1407	394	487	607	128	520	389	1232	1658	403	596	323	638	196	174	196	1493	1423	186	2370	446	495	291	136	1147	633	894	777	667	308	1113	20	1356	325	68	111	192	225	22	366	2017	398	314	2746	501	457	604	487	912	471	528	1381	28	305	444	1182	244	1077	648	596	1664	1249	2569	637	151	332	1071	161	360	730	313	1868	725	380	3987	195	1077	1753	1306	30	597	414	1699	485	501	12	163	168	309	377	133	1187	501	1617	641	524	1247	630	268	684	765	491	1150	720	596	312	366	20	806	386	337	360	134	183	253	767	335	526	793	307	345	1798	2419	720	168	1753	340	341	364	633	1493	403	134	741	495	533	424	1523	471	394	239	162	1838	1196	1391	1166	502	22
1014	1203	976	1035	1164	1423	97	2193	1045	1571	119	1277	1033	974	585	1059	974	962	1682	1146	546	1950	1169	1642	1073	0	1913	486	1118	752	707	937	712	1020	1115	1115	1102	940	820	1345	1331	1098	2050	936	1171	1163	1129	29	863	1171	1011	1322	862	62	855	102	1025	934	1555	936	776	934	660	936	1082	1033	1041	396	1218	1062	14	993	778	758	735	1054	851	1049	1045	663	810	508	1304	986	1034	1117	930	202	954	1037	1199	446	1133	1366	467	1170	867	1455	1157	918	758	534	1337	857	1078	989	1078	845	1279	1083	3294	866	1048	1118	945	167	440	752	1477	849	874	2053	1064	748	1300	1034	1179	1079	1287	1092	1206	1732	826	1136	1680	1468	1025	828	1366	165	1329	885	390	1058	1319	904	112	1068	12	1612	476	924	735	1993	437	1125	985	3	1226	1304	745	1020	857	899	1199	3046	1079	44	1007	1384	1064	476	848	967	605	1468	1082	929	1081	1134	1197	1169	1126	1468	881	432	1033	1371	449	1051	401	871	765	165	925	477	1022	1206	1062	416	778	784	1025	1171	1083	1053	942	878	1261	458	1082	1022	1054	3370	925	1081	1007	765	854	1026	440	845	758	1171	905	1048	1026	814	909	1329	1135	1082	929	1395	155	1217	165	1502	1090
1024	1952	1505	2705	3037	501	1983	935	1090	2052	2032	636	1175	1001	1339	853	1008	1398	241	854	1371	113	755	488	840	1913	0	1427	825	1604	1259	978	2286	979	838	838	963	974	2488	619	621	1004	893	984	752	760	931	1883	1108	752	2762	592	1212	1870	1224	1991	892	984	431	2208	2590	981	1595	984	851	1175	875	2105	946	1099	1901	1021	1180	1200	1987	2545	1106	1053	997	1597	1206	2368	653	945	1065	826	985	2083	1970	1099	855	2234	932	747	1446	753	1221	472	1799	2414	1200	1422	624	1321	872	944	872	2236	1977	864	1758	1168	1082	878	969	1982	1473	1604	978	1350	1083	706	849	2104	683	883	734	869	631	820	836	2543	1161	875	3583	599	1071	1307	747	1752	779	1217	2212	855	637	1144	2022	902	1917	576	1437	2420	1987	3196	1477	813	1026	1911	689	717	1453	979	2691	1377	854	4759	871	1917	2504	1766	849	1437	1165	2449	1319	599	831	990	859	873	853	755	1760	599	2375	1481	1117	1696	1468	937	1521	1428	1253	1985	1358	1436	977	836	851	1620	1180	1154	1003	754	862	919	1395	1094	918	1599	923	997	2545	1765	1358	859	2504	1166	1112	1005	1473	2236	1200	753	1389	1082	1130	1184	2252	779	930	894	990	2463	2034	1966	2002	546	822
586	1169	774	1399	1630	939	559	1763	654	1494	605	791	677	521	137	573	524	706	1196	688	87	1465	685	1176	586	486	1427	0	643	622	290	452	1003	574	643	643	672	456	1173	869	853	683	1629	453	687	679	694	456	421	687	1414	836	488	444	487	567	540	450	1075	1099	1206	449	532	454	605	677	555	739	803	678	473	556	337	322	848	1338	399	643	614	536	411	960	828	510	630	642	446	662	990	648	754	848	699	919	36	686	500	970	1066	1193	322	177	860	550	607	514	607	1057	1237	610	2863	465	654	661	460	571	52	622	1088	558	419	1607	578	925	829	549	694	607	802	606	756	1790	401	682	2162	1004	621	507	919	327	885	520	813	572	842	502	596	606	490	1151	16	1199	848	2209	59	645	543	484	741	838	511	574	1303	630	753	3464	608	491	1290	1241	578	23	431	1239	148	1004	595	446	606	680	751	685	1024	1004	1151	58	651	1205	70	592	122	630	381	573	647	17	575	756	576	323	337	320	591	687	610	593	684	433	843	339	631	583	1338	2930	647	606	1290	295	409	593	52	1057	322	687	642	654	649	400	1104	885	701	616	446	1521	613	1185	588	1031	604
239	1249	769	2020	2273	324	1178	1409	352	1452	1233	247	446	180	532	162	189	654	621	119	572	843	278	534	178	1118	825	643	0	808	435	210	1610	176	27	27	231	208	1795	226	213	284	1035	307	271	270	216	1088	283	271	2049	258	407	1083	419	1186	250	297	581	1417	1848	211	783	308	42	446	229	1373	332	375	1107	220	357	377	1183	1739	282	307	225	786	385	1603	185	132	312	2	215	1303	1203	357	203	1489	221	320	654	271	419	436	1101	1603	377	697	218	532	48	129	48	1431	1293	39	2243	355	344	117	207	1168	681	808	599	563	258	982	163	1295	187	242	161	45	205	164	188	1885	337	138	2768	367	312	507	320	953	299	421	1456	158	200	339	1223	91	1124	758	649	1610	1183	2466	683	322	508	1117	171	506	648	176	1867	609	201	3946	47	1116	1697	1155	152	647	573	1642	513	367	168	306	37	133	198	278	1057	367	1563	690	377	1093	669	447	717	655	431	1171	598	648	175	188	164	796	357	467	217	278	37	107	644	269	347	774	145	205	1739	2301	598	37	1697	459	287	221	681	1431	377	279	624	344	388	361	1454	299	222	418	304	1731	1225	1265	1190	606	163
582	547	231	1785	1828	1119	740	2193	519	876	815	1051	447	629	537	870	619	261	1423	752	565	1598	1027	1192	894	752	1604	622	808	0	465	762	1456	635	788	788	641	765	1573	986	987	603	1441	861	1022	1017	673	733	549	1023	1749	1067	401	766	389	747	904	850	1386	609	1504	757	98	862	798	447	902	1143	688	515	752	591	519	507	384	941	569	552	607	93	438	1231	955	727	539	806	757	944	408	509	751	1197	673	887	590	1022	389	1244	446	812	507	800	982	283	760	725	760	633	614	771	2668	455	526	729	772	676	594	0	854	254	585	1498	874	503	921	906	952	764	1014	900	769	1179	495	730	2123	1029	533	301	887	639	849	390	1137	866	970	469	799	719	764	1541	608	818	384	1676	588	1028	1053	754	976	1247	163	635	1191	240	752	3156	761	718	901	646	867	601	992	846	547	1029	894	853	782	732	752	1027	406	1029	774	597	493	624	563	1060	540	189	404	680	266	607	637	769	873	363	519	842	604	1028	773	702	250	559	727	324	685	612	941	2764	266	782	901	810	552	601	594	633	507	1028	234	526	481	469	649	849	675	1062	851	951	753	563	700	1395	897
309	995	545	1680	1871	758	756	1745	364	1283	817	645	388	271	152	437	269	455	1047	441	203	1279	587	939	458	707	1259	290	435	465	0	315	1290	314	426	426	397	319	1454	656	646	400	1353	399	585	578	423	678	158	585	1686	676	201	682	201	764	452	388	970	1044	1467	310	404	400	408	388	454	1015	521	388	698	285	78	58	796	1340	153	356	339	408	121	1209	617	315	343	434	309	903	872	358	492	1115	427	659	280	584	214	840	870	1199	58	433	649	288	389	316	389	1036	1055	397	2593	175	365	414	325	738	304	465	800	306	177	1346	442	899	604	455	541	391	630	470	499	1637	119	430	2334	764	333	242	659	542	622	234	1072	433	632	213	805	370	714	1099	286	1206	796	2136	303	576	589	706	578	795	310	314	1432	379	492	3530	390	698	1295	1009	437	281	540	1241	144	764	462	390	400	429	490	587	825	764	1158	312	361	964	280	595	312	396	97	741	390	285	315	499	440	360	78	385	319	588	398	353	434	173	563	340	375	314	1340	2666	390	400	1295	354	151	320	304	1036	58	589	394	365	358	112	1069	622	429	600	389	1416	799	1011	760	958	468
308	1261	785	1812	2080	486	1004	1433	431	1509	1054	345	510	204	362	127	216	676	753	299	393	1013	272	741	146	937	978	452	210	762	315	0	1400	251	221	221	358	3	1587	426	407	399	1244	129	269	263	360	907	221	270	1843	386	390	897	399	1013	141	116	658	1356	1647	4	713	130	168	510	140	1169	490	460	925	272	246	262	1110	1655	195	393	317	717	328	1408	384	100	389	211	6	1114	1170	432	385	1288	366	526	469	269	406	534	1123	1514	262	488	416	521	192	105	192	1352	1314	189	2453	330	425	281	10	1005	496	762	778	549	183	1193	132	1214	396	143	244	190	350	161	376	1906	269	306	2605	577	384	483	526	774	500	418	1258	124	398	338	1045	219	941	785	460	1521	1110	2439	499	265	353	935	289	484	599	251	1723	613	383	3842	192	939	1610	1219	129	460	382	1556	341	577	151	123	177	302	380	272	1078	577	1473	504	448	1163	490	323	543	648	357	1007	612	459	251	376	130	660	246	259	295	273	188	217	660	215	517	647	275	281	1655	2510	612	177	1610	249	214	300	496	1352	262	273	629	425	455	295	1383	500	368	312	121	1711	1055	1278	1024	643	159
1589	1913	1672	419	868	1854	755	2278	1655	2283	690	1683	1668	1518	1140	1494	1522	1642	2044	1677	1089	2351	1544	2140	1497	712	2286	1003	1610	1456	1290	1400	0	1572	1617	1617	1675	1403	209	1823	1802	1686	2628	1337	1549	1541	1694	726	1423	1549	493	1738	1482	690	1478	751	1427	1342	1870	1600	421	1399	1361	1337	1568	1668	1449	316	1807	1678	709	1558	1341	1325	1430	1621	1399	1646	1616	1365	1410	437	1783	1483	1633	1610	1395	553	1658	1648	1750	322	1700	1911	1010	1547	1491	1816	1870	1509	1325	913	1813	1513	1583	1487	1583	1490	1988	1583	3852	1465	1656	1652	1404	839	987	1456	2091	1512	1418	2592	1497	1421	1796	1437	1608	1582	1722	1520	1749	2410	1404	1675	1659	1977	1624	1476	1911	820	1879	1511	387	1495	1795	1504	704	1592	699	1838	1005	1513	1430	2563	988	1479	1260	709	1658	1581	1424	1572	1178	1572	1749	3255	1583	752	1579	2095	1502	1009	1121	1554	1152	1977	1509	1334	1575	1672	1746	1544	1839	1977	1480	978	1650	2080	1012	1349	993	1553	1375	835	1596	1006	1573	1749	1496	1101	1341	1160	1593	1545	1582	1582	1621	1435	1847	1143	1626	1585	1621	3911	1596	1575	1579	1159	1411	1595	987	1490	1325	1545	1581	1656	1646	1402	1557	1879	1702	1392	1335	2053	774	1927	822	1777	1519
66	1074	593	1973	2184	485	1069	1585	189	1289	1131	424	279	56	444	289	50	479	788	131	492	986	436	626	313	1020	979	574	176	635	314	251	1572	0	154	154	111	251	1746	361	357	147	1055	379	430	427	123	991	156	431	1988	433	235	993	247	1078	362	366	757	1244	1775	248	617	380	178	279	348	1313	248	216	1011	44	243	262	1013	1571	174	147	66	619	230	1520	326	156	146	174	251	1214	1026	192	180	1419	129	347	575	430	246	612	928	1437	262	670	355	356	131	151	131	1262	1119	143	2289	189	182	103	255	1050	601	635	541	387	154	1036	292	1128	301	358	333	136	379	308	185	1713	197	116	2639	451	144	334	347	855	312	246	1380	285	341	166	1119	85	1028	933	575	1443	1013	2289	602	465	602	1020	348	667	477	0	1727	433	180	3782	132	1012	1529	994	282	572	630	1474	428	451	307	374	158	116	178	436	884	451	1398	610	211	934	583	562	622	478	279	1053	422	574	1	185	293	662	243	493	47	437	146	68	468	143	282	634	62	32	1571	2358	422	158	1529	474	167	52	601	1262	262	437	447	182	220	214	1283	312	131	542	372	1554	1112	1090	1072	781	306
215	1224	744	2026	2272	338	1173	1434	326	1425	1230	271	420	164	529	185	171	630	638	93	570	853	305	532	203	1115	838	643	27	788	426	221	1617	154	0	0	204	219	1800	231	220	257	1022	325	298	297	189	1085	271	298	2052	279	387	1082	399	1181	273	315	604	1397	1849	221	765	326	59	420	252	1377	306	349	1104	198	347	368	1164	1721	272	281	200	768	369	1603	191	134	286	24	225	1302	1180	331	179	1491	194	305	653	298	398	458	1076	1586	368	704	223	510	37	130	37	1413	1267	33	2235	336	317	91	219	1162	680	788	576	541	248	974	186	1277	185	265	187	36	225	190	165	1860	323	112	2760	362	286	487	305	950	281	399	1457	181	207	319	1219	68	1121	784	649	1592	1164	2443	682	348	530	1114	195	533	628	154	1857	586	177	3929	36	1111	1679	1128	176	647	591	1624	510	362	193	323	44	106	174	305	1032	362	1546	689	351	1066	667	471	714	632	415	1165	575	647	152	165	187	785	347	480	192	305	34	86	619	256	323	762	119	181	1721	2295	575	44	1679	471	275	196	680	1413	368	306	600	317	362	346	1435	281	195	443	322	1707	1220	1240	1183	632	188
215	1224	744	2026	2272	338	1173	1434	326	1425	1230	271	420	164	529	185	171	630	638	93	570	853	305	532	203	1115	838	643	27	788	426	221	1617	154	0	0	204	219	1800	231	220	257	1022	325	298	297	189	1085	271	298	2052	279	387	1082	399	1181	273	315	604	1397	1849	221	765	326	59	420	252	1377	306	349	1104	198	347	368	1164	1721	272	281	200	768	369	1603	191	134	286	24	225	1302	1180	331	179	1491	194	305	653	298	398	458	1076	1586	368	704	223	510	37	130	37	1413	1267	33	2235	336	317	91	219	1162	680	788	576	541	248	974	186	1277	185	265	187	36	225	190	165	1860	323	112	2760	362	286	487	305	950	281	399	1457	181	207	319	1219	68	1121	784	649	1592	1164	2443	682	348	530	1114	195	533	628	154	1857	586	177	3929	36	1111	1679	1128	176	647	591	1624	510	362	193	323	44	106	174	305	1032	362	1546	689	351	1066	667	471	714	632	415	1165	575	647	152	165	187	785	347	480	192	305	34	86	619	256	323	762	119	181	1721	2295	575	44	1679	471	275	196	680	1413	368	306	600	317	362	346	1435	281	195	443	322	1707	1220	1240	1183	632	188
88	1033	559	2071	2267	488	1145	1629	132	1222	1209	467	225	166	539	376	158	446	792	126	588	957	509	567	397	1102	963	672	231	641	397	358	1675	111	204	204	0	358	1845	348	353	53	957	484	502	501	31	1074	251	503	2082	463	265	1079	276	1154	456	472	790	1245	1865	355	640	485	251	225	439	1409	137	150	1094	116	335	352	1026	1582	275	91	58	642	293	1606	322	259	102	229	358	1300	1013	140	110	1512	33	269	671	502	269	642	883	1453	352	777	346	358	201	254	201	1274	1072	211	2196	240	124	115	361	1119	696	641	431	387	258	950	378	1143	282	451	391	206	408	388	127	1663	278	102	2696	395	107	349	269	939	230	261	1470	371	336	205	1197	153	1110	982	672	1459	1026	2264	696	548	705	1102	393	737	495	111	1776	416	111	3798	202	1091	1543	924	367	669	739	1488	524	395	389	479	229	106	111	509	840	395	1415	705	159	861	675	658	710	466	341	1123	399	671	110	127	379	725	335	604	81	510	214	147	439	239	173	693	89	90	1582	2268	399	229	1543	585	263	79	696	1274	352	510	428	124	172	288	1289	230	35	634	477	1527	1185	1049	1143	830	386
309	1264	787	1814	2083	483	1008	1429	432	1511	1058	341	511	204	366	123	217	678	749	298	396	1009	268	738	142	940	974	456	208	765	319	3	1403	251	219	219	358	0	1589	423	404	399	1242	128	265	259	360	910	224	266	1846	382	392	900	402	1016	138	115	654	1359	1650	8	717	129	166	511	137	1172	489	461	928	273	249	265	1113	1659	198	394	318	721	330	1412	381	99	390	209	10	1117	1173	433	383	1291	366	524	473	265	409	530	1126	1518	265	490	413	524	190	105	190	1355	1317	187	2451	332	426	280	6	1009	499	765	777	552	185	1190	128	1217	393	140	240	188	346	157	375	1908	272	305	2609	574	385	486	524	778	499	420	1261	120	394	340	1049	218	945	781	464	1525	1113	2442	503	262	352	939	285	481	603	251	1726	616	382	3845	190	943	1614	1221	125	464	383	1560	345	574	148	122	175	301	379	268	1081	574	1477	508	449	1165	493	321	546	651	361	1011	614	463	251	375	126	664	249	261	296	269	186	216	662	217	516	650	275	281	1659	2507	614	175	1614	251	217	301	499	1355	265	270	631	426	456	298	1387	499	367	310	120	1715	1059	1280	1028	639	155
