NAME : VRPTW_INSTANCE_283.txt
COMMENT : Bangkok Supermarket
TYPE : VRPTW
DIMENSION : 260
DAYS : Tuesday
EDGE_WEIGHT_TYPE : EXPLICIT
VEHICLES : 34
EDGE_WEIGHT_FORMAT : FULL_MATRIX
CAPACITY : 1000
EDGE_WEIGHT_SECTION
0	1121	79	373	1020	1895	1033	1098	155	1532	237	1315	22	935	306	705	33	585	153	952	91	1390	431	308	307	54	1321	193	202	432	1002	399	643	533	308	1727	1217	1026	436	1117	568	2376	479	415	373	84	353	264	184	366	66	1459	202	202	153	437	153	221	437	153	428	486	1092	1749	308	183	577	673	253	239	1145	613	350	145	1965	1005	529	1079	288	481	2257	485	1221	153	1065	1653	826	1133	1606	330	211	443	1963	1112	2306	576	307	756	363	609	689	172	428	404	288	383	807	2995	439	770	281	609	135	412	231	229	284	474	140	474	1526	620	308	407	891	649	1019	1213	401	258	1187	311	388	377	355	211	37	2360	1321	210	1007	1091	1175	197	172	224	239	1109	2079	401	541	437	1240	104	88	482	1479	586	1022	101	355	650	212	1247	566	264	101	1977	258	111	447	431	941	493	371	215	390	196	779	631	1029	2058	963	395	837	298	862	497	1001	83	383	1158	236	86	611	582	504	2118	2783	396	226	873	525	2959	474	996	172	348	1627	322	1137	1033	359	996	171	119	2120	1525	620	394	464	88	1803	193	819	1041	309	413	417	959	451	190	597	1660	305	1994	815	521	21	2009	1995	369	1390	102	221	385	88	176	1068	1438	1028	153	1253	309	79	113	304	503	402	1078
1121	0	1135	1419	2061	2438	557	86	971	992	1339	1822	1134	197	1048	834	1136	595	1273	1207	1047	1292	876	1046	835	1142	379	962	1316	1059	448	1302	1422	630	1047	891	115	1241	1055	4	1131	1336	1287	974	1200	1152	859	870	963	1204	1131	2574	1149	1149	1273	1055	1273	900	1062	1188	827	1492	1251	2542	1050	1303	610	1764	1374	1341	1425	1028	1176	1132	942	132	1204	48	1057	1273	1183	1283	213	1273	2128	1174	1169	14	708	937	1332	929	2854	263	1536	588	1048	1236	1184	545	813	976	872	1134	1057	1505	1433	2000	1039	825	1246	539	997	930	1230	1008	929	676	1261	1580	1296	965	1046	1433	332	488	759	815	1303	1271	151	1045	1295	896	1180	943	1134	3477	379	1100	181	2165	1244	1193	976	1205	1341	15	1277	1303	1327	1049	912	1149	1209	1274	2410	605	117	1202	1475	1230	1128	1270	889	870	1219	2562	1246	1232	1037	1049	185	1282	974	1319	1296	967	947	1006	94	3179	723	1055	622	1044	1317	1290	139	1106	1450	2229	1337	1142	555	815	1304	1002	2240	1067	1228	1864	967	2528	1580	142	976	846	632	1091	810	150	1008	142	1202	1240	3235	2638	965	1193	767	1209	844	984	1169	139	949	1004	735	1472	1142	1308	1535	589	1052	934	608	881	1139	1512	1205	1206	1291	1098	900	736	1209	977	1224	664	1007	1273	200	817	1136	1234	1051	1290	1151	782
79	1135	0	423	1055	1968	1006	1106	167	1491	204	1393	97	954	383	772	109	625	171	882	156	1327	387	385	349	129	1355	251	230	511	984	472	717	570	386	1702	1227	956	514	1130	647	2366	555	357	451	17	324	306	240	444	144	1462	123	123	171	515	171	248	516	225	394	541	1023	1809	386	199	618	696	263	205	1071	689	429	67	1999	1024	609	1091	366	559	2286	562	1247	171	1093	1606	755	1147	1647	285	221	390	2014	1107	2271	612	385	680	442	607	755	230	385	483	366	380	885	2977	516	722	354	609	139	360	302	302	248	510	150	494	1468	694	385	461	923	676	978	1172	474	325	1209	388	461	335	434	268	113	2341	1355	289	1011	1051	1109	271	230	299	206	1122	2048	474	618	515	1193	26	102	559	1528	627	1041	70	360	730	135	1181	514	306	135	2049	328	132	524	509	959	570	315	184	463	175	721	707	1045	2046	924	327	807	375	942	574	1021	163	427	1118	202	8	647	539	580	2136	2730	475	297	920	465	2900	494	1015	230	324	1661	401	1094	1038	298	1015	242	137	2121	1530	694	472	438	102	1841	163	748	1046	263	351	458	880	530	212	658	1686	383	2024	786	590	66	1959	1964	447	1327	181	248	406	102	235	999	1414	971	171	1276	339	1	132	382	580	482	1036
373	1419	423	0	657	1593	1399	1411	515	1905	360	1063	351	1224	389	796	342	834	264	1292	404	1748	803	392	587	325	1554	465	206	447	1360	198	391	792	391	2089	1525	1366	453	1415	508	2716	298	780	283	413	725	559	467	274	326	1169	526	526	264	454	264	553	449	243	801	121	1436	1391	388	245	821	349	224	361	1465	614	291	482	2183	1293	419	1382	375	313	2493	309	1482	264	713	2026	1165	1429	1798	702	242	812	1592	1450	2677	835	390	1076	292	952	792	455	801	367	375	277	592	3348	467	1142	180	950	502	782	189	411	657	743	286	205	1891	656	392	43	1142	931	1393	1586	200	148	1459	394	194	749	291	482	341	2131	1554	319	1331	1001	1525	227	455	214	361	1409	2448	200	335	458	1613	434	322	313	1107	828	1310	370	230	528	546	1598	936	559	287	1662	174	294	474	455	1234	319	738	353	196	569	1144	643	1325	1807	1336	746	1207	390	720	315	1288	339	44	1067	361	423	870	955	311	2392	3153	418	191	500	889	3322	205	1283	455	718	1849	357	1510	1353	721	1283	225	291	1825	1228	656	305	834	322	2002	566	1157	1359	681	774	684	1242	397	229	251	1910	386	2228	1184	628	368	2381	2363	274	1748	339	553	704	322	453	1413	1800	1394	264	1521	617	422	294	386	322	351	1451
1020	2061	1055	657	0	1351	2053	2059	1170	2546	915	1057	1000	1864	1013	1341	992	1467	883	1859	1061	2334	1442	1015	1240	977	2153	1121	825	1020	2018	761	718	1431	1014	2745	2170	1930	1026	2057	1004	3371	796	1403	865	1041	1373	1215	1124	859	981	659	1132	1132	883	1026	883	1210	1019	901	1447	570	2002	933	1011	856	1452	375	798	914	1992	1126	887	1102	2756	1932	909	2027	1004	812	3078	803	2102	883	99	2656	1734	2070	2357	1340	837	1441	1012	2106	3325	1472	1013	1625	881	1610	1347	1112	1440	939	1004	725	848	4005	1042	1774	818	1607	1154	1413	842	1058	1301	1388	904	570	2491	1186	1015	635	1765	1574	2033	2227	760	802	2086	1016	766	1389	883	1137	992	1674	2153	967	1983	986	2100	882	1112	866	914	2051	3100	760	775	1032	2245	1058	952	811	537	1459	1948	990	718	950	1156	2175	1564	1215	924	1365	823	923	1046	1031	1876	807	1364	921	766	1217	1758	1156	1967	1323	1979	1352	1858	1017	1038	798	1926	996	638	1029	917	1052	1506	1593	785	3009	3764	1005	845	227	1505	3906	570	1922	1112	1368	2434	970	2148	2004	1341	1922	883	917	1255	691	1186	875	1485	952	2563	1211	1726	2010	1318	1390	1330	1730	943	843	539	2515	1009	2815	1836	1212	1011	3002	3016	858	2334	997	1210	1360	952	1109	1984	2456	2003	883	2145	1273	1053	922	1010	801	921	2090
1895	2438	1968	1593	1351	0	2721	2483	1975	3272	1954	624	1873	2270	1659	1621	1861	1949	1844	2845	1866	3260	2280	1658	1901	1841	2304	1848	1793	1556	2638	1496	1251	1951	1657	3311	2551	2918	1557	2435	1422	3727	1419	2297	1531	1965	2180	1908	1861	1536	1829	1880	2089	2089	1844	1556	1844	1954	1551	1743	2252	1478	2983	595	1655	1831	1933	1587	1818	1955	3039	1476	1558	2035	2698	2314	1405	2428	1667	1419	3022	1414	2353	1844	1429	3429	2720	2439	2324	2196	1834	2313	953	2614	3954	1971	1657	2649	1545	2245	1647	1856	2275	1532	1667	1837	1110	4403	1566	2601	1614	2236	1978	2281	1666	1755	2138	1950	1864	1685	3375	1526	1658	1549	2110	2070	2800	2976	1494	1646	2374	1656	1507	2229	1553	1851	1858	2793	2304	1708	2463	2331	3060	1697	1856	1670	1955	2436	3699	1494	1355	1560	3033	1988	1884	1418	972	1933	2326	1937	1801	1311	2104	3129	2425	1908	1847	141	1639	1861	1562	1564	2290	1406	2252	1946	1505	2050	2644	1486	2362	2449	2738	2289	2580	1668	1149	1402	2307	1820	1615	2378	1955	1972	1987	2414	1393	3103	4573	1577	1671	1255	2405	4796	1685	2307	1856	2161	2471	1619	2915	2467	2247	2307	1726	1862	2230	1872	1526	1515	2256	1884	2492	2057	2713	2466	2177	2301	1919	2833	1493	1815	1343	2622	1657	2800	2551	1651	1902	3797	3622	1533	3260	1807	1954	2020	1884	1850	2957	3045	2885	1844	2406	1955	1968	1862	1658	1396	1525	2857
1033	557	1006	1399	2053	2721	0	472	884	551	1184	2098	1053	572	1118	1119	1061	775	1176	700	996	736	630	1117	858	1076	937	955	1232	1189	112	1356	1549	770	1119	695	545	718	1187	555	1308	1391	1384	700	1274	1022	682	869	948	1274	1073	2451	959	959	1176	1188	1176	853	1194	1157	612	1503	714	2709	1121	1205	790	1702	1270	1185	896	1245	1245	971	1450	582	1348	519	1117	1376	1635	1384	771	1176	2098	714	699	570	1263	729	1228	653	2968	310	1282	751	1118	798	1257	482	1092	958	630	1237	1117	1378	1630	1976	1174	380	1261	490	899	673	1225	1037	758	774	1157	1501	758	1195	1117	1428	723	659	207	280	1357	1263	708	1118	1346	677	1250	943	1061	3254	937	1118	390	1896	694	1184	958	1205	1185	544	1048	1357	1440	1182	368	1008	1106	1377	2492	791	584	1075	1365	1420	933	715	550	869	1131	2831	1249	1134	1177	1179	553	1388	726	1170	1347	837	487	1235	547	2992	188	776	204	1110	1572	1395	586	1061	1415	1954	1182	1010	740	493	1408	1379	1853	1178	1221	1895	633	2095	1501	582	958	685	1170	1164	255	414	757	582	1176	1141	3103	2522	1195	1278	569	1106	1383	845	701	424	749	724	811	1000	1265	1216	1589	1088	1121	1416	220	1070	1043	1080	964	1276	735	1062	853	730	1106	963	690	409	464	1176	754	812	1007	1135	1120	1398	1250	224
1098	86	1106	1411	2059	2483	472	0	945	911	1309	1864	1112	215	1048	869	1115	601	1251	1129	1028	1206	825	1046	823	1123	465	948	1296	1070	364	1304	1437	630	1048	833	121	1161	1066	84	1151	1321	1295	922	1204	1123	817	854	948	1207	1112	2556	1111	1111	1251	1066	1251	878	1073	1174	779	1489	1169	2569	1051	1281	617	1752	1352	1310	1345	1054	1179	1099	1012	170	1219	59	1056	1283	1241	1292	299	1251	2122	1093	1095	97	792	893	1309	875	2873	178	1479	591	1048	1166	1187	504	846	961	821	1141	1056	1481	1460	1978	1051	751	1240	500	970	879	1221	1001	890	670	1238	1563	1211	992	1046	1426	372	486	675	729	1304	1262	237	1046	1296	849	1182	930	1113	3446	465	1093	109	2123	1160	1183	961	1196	1311	74	1221	1304	1339	1060	826	1119	1185	1283	2423	613	160	1175	1453	1253	1089	1185	827	854	1198	2605	1238	1209	1049	1059	197	1292	925	1290	1297	935	873	1034	122	3153	639	1003	545	1044	1353	1300	177	1089	1439	2187	1307	1113	561	753	1314	1042	2170	1074	1219	1866	907	2454	1563	176	961	805	710	1093	723	77	960	176	1190	1217	3217	2621	992	1199	719	1185	923	950	1095	65	906	951	728	1399	1152	1287	1539	655	1052	998	532	899	1115	1435	1147	1209	1205	1082	878	715	1185	962	1143	593	924	1251	283	799	1107	1211	1051	1300	1158	696
155	971	167	515	1170	1975	884	945	0	1394	370	1378	172	788	324	647	179	461	308	876	116	1288	309	325	194	192	1188	139	358	446	849	500	729	407	326	1575	1065	948	448	966	589	2220	558	324	444	184	216	151	125	440	189	1614	230	230	308	449	308	84	451	275	293	622	1010	1866	327	338	456	827	408	372	1086	603	417	187	1832	858	576	928	312	557	2118	562	1080	308	1218	1522	755	983	1483	221	365	338	2096	956	2162	448	325	706	430	453	626	125	305	446	312	535	869	2841	444	645	390	454	28	306	348	226	163	346	293	630	1415	594	325	545	757	509	884	1076	502	383	1043	328	489	256	422	146	178	2506	1188	267	852	1218	1085	307	125	332	372	958	1932	502	621	446	1109	186	240	557	1615	465	875	232	509	688	222	1154	453	151	256	2065	373	266	452	441	793	569	280	350	490	76	672	615	880	2208	826	334	692	315	892	574	854	178	531	1284	369	175	481	455	584	1971	2659	415	343	1013	430	2847	630	849	125	205	1494	358	1002	879	282	849	294	273	2275	1681	594	459	319	240	1676	89	748	887	203	333	297	932	490	346	720	1519	325	1857	669	474	171	1882	1848	443	1288	183	84	239	240	131	984	1286	918	308	1109	175	168	267	324	579	451	943
1532	992	1491	1905	2546	3272	551	911	1394	0	1643	2649	1554	1077	1656	1668	1563	1325	1662	859	1511	540	1104	1655	1397	1580	1342	1484	1722	1735	641	1884	2089	1321	1657	418	924	826	1733	991	1857	1159	1921	1146	1809	1505	1180	1403	1475	1808	1581	2877	1418	1418	1662	1734	1662	1378	1740	1670	1104	2016	775	3248	1659	1690	1341	2181	1749	1644	938	1796	1780	1444	1699	1065	1893	970	1654	1915	1790	1922	1187	1662	2581	182	937	999	1628	1206	1709	1106	3491	735	790	1302	1657	1064	1792	1029	1640	1484	1106	1778	1654	1840	2178	1612	1721	774	1783	1038	1405	1133	1742	1571	1248	1324	1641	1980	423	1746	1655	1938	1240	1208	513	319	1886	1778	1130	1656	1874	1157	1785	1474	1564	3592	1342	1645	874	2235	687	1702	1484	1725	1644	983	602	1886	1980	1728	314	1487	1594	1915	3010	1342	1061	1555	1836	1969	1393	649	983	1403	1624	3381	1767	1624	1724	1725	1057	1926	1183	1633	1875	1336	813	1786	1021	3362	569	1206	708	1648	2123	1934	1071	1573	1916	2283	1641	1493	1290	952	1946	1473	1302	1722	1738	2406	1050	1554	1980	1068	1484	1189	1495	1701	397	885	1208	1068	1689	1629	3511	2950	1746	1816	1075	1594	1695	1339	942	891	1228	1162	1359	1165	1809	1703	2113	1363	1659	1630	735	1621	1538	533	523	1810	538	1578	1378	1270	1594	1489	768	365	606	1662	1152	1348	1492	1624	1658	1937	1790	455
237	1339	204	360	915	1954	1184	1309	370	1643	0	1412	236	1159	507	930	240	821	136	954	328	1423	554	509	543	247	1556	430	167	624	1170	492	730	768	510	1879	1430	1027	629	1334	742	2557	593	497	514	187	511	500	422	505	267	1270	226	226	136	630	136	449	628	291	574	478	1098	1735	508	133	814	542	137	1	1113	811	502	215	2200	1228	681	1295	488	602	2489	602	1450	136	940	1745	827	1351	1843	455	121	540	1905	1304	2429	811	508	728	511	808	916	410	553	573	488	197	920	3160	635	868	387	810	343	515	340	452	433	709	126	344	1577	829	509	404	1124	879	1133	1325	494	338	1413	512	482	506	505	449	245	2137	1556	401	1212	854	1193	332	410	352	2	1326	2214	494	648	631	1336	190	156	602	1418	822	1245	140	196	803	252	1267	659	500	173	2022	359	151	644	626	1163	612	463	21	484	374	844	833	1249	1844	1083	439	981	501	1014	612	1225	297	343	921	1	197	846	699	615	2340	2849	587	335	814	594	2998	344	1219	410	515	1861	507	1246	1240	436	1219	296	144	1927	1339	829	539	624	156	2039	360	820	1249	435	481	654	882	618	146	611	1890	505	2226	963	744	216	2087	2130	507	1423	315	449	609	156	413	1078	1594	1088	136	1480	540	203	149	505	620	565	1189
1315	1822	1393	1063	1057	624	2098	1864	1378	2649	1412	0	1295	1650	1055	998	1284	1325	1289	2254	1275	2653	1677	1055	1288	1263	1717	1245	1246	945	2013	927	683	1328	1053	2689	1936	2326	945	1820	806	3128	837	1702	943	1392	1575	1298	1259	949	1249	1697	1516	1516	1289	944	1289	1349	939	1169	1645	962	2388	823	1052	1282	1309	1160	1283	1413	2458	853	967	1460	2171	1696	801	1811	1066	834	2502	830	1751	1289	1154	2807	2131	1824	1779	1598	1291	1714	1208	1992	3332	1347	1054	2070	954	1623	1024	1255	1671	931	1066	1332	509	3803	953	1990	1043	1614	1385	1682	1095	1153	1539	1328	1308	1201	2762	902	1055	1021	1492	1446	2181	2354	925	1083	1767	1052	938	1628	962	1247	1279	2696	1717	1117	1841	1946	2461	1122	1255	1095	1414	1820	3077	925	775	948	2413	1415	1319	833	943	1309	1709	1372	1289	697	1528	2528	1821	1298	1282	741	1071	1300	948	952	1670	822	1658	1401	936	1454	2040	862	1744	2342	2118	1702	1960	1064	525	818	1689	1236	1094	2003	1413	1397	1362	1805	812	2545	3950	969	1101	877	1808	4178	1201	1689	1255	1555	1913	1019	2294	1846	1657	1689	1154	1302	2201	1714	902	924	1645	1319	1963	1464	2125	1846	1581	1709	1299	2271	888	1267	831	2052	1054	2264	1930	1028	1326	3175	2999	947	2652	1221	1349	1404	1319	1249	2362	2422	2276	1289	1803	1342	1392	1301	1055	812	926	2237
22	1134	97	351	1000	1873	1053	1112	172	1554	236	1295	0	946	293	700	11	591	139	974	93	1412	453	295	313	32	1328	195	185	419	1021	377	621	539	296	1746	1231	1048	423	1129	552	2393	458	438	354	100	375	272	187	347	46	1444	221	221	139	424	139	234	424	131	450	464	1114	1726	295	169	582	654	240	237	1166	601	332	164	1972	1017	511	1092	275	461	2265	464	1230	139	1046	1675	848	1145	1610	353	198	465	1941	1128	2327	583	294	777	344	626	684	175	450	387	275	372	787	3014	426	792	259	625	154	434	209	221	306	481	129	457	1549	610	295	385	899	659	1041	1235	379	236	1197	298	366	399	336	214	16	2350	1328	194	1022	1088	1198	175	175	203	238	1121	2100	379	521	424	1262	121	81	461	1457	591	1033	106	341	633	232	1269	589	272	85	1955	235	99	434	418	953	473	394	214	368	218	801	620	1041	2046	985	417	858	285	845	476	1012	69	362	1155	235	103	618	604	483	2129	2805	382	203	851	548	2982	457	1007	175	368	1633	306	1159	1047	382	1007	149	107	2105	1510	610	375	485	81	1808	215	840	1055	331	436	424	978	434	175	574	1669	292	2002	836	515	31	2032	2016	349	1412	89	234	397	81	178	1090	1457	1051	139	1263	319	97	101	292	483	385	1100
935	197	954	1224	1864	2270	572	215	788	1077	1159	1650	946	0	850	654	948	397	1086	1141	858	1299	731	848	643	953	446	769	1126	863	461	1104	1227	433	850	1041	310	1184	858	193	938	1530	1090	830	1003	971	699	678	771	1007	940	2382	979	979	1086	859	1086	713	865	994	678	1295	1205	2354	852	1115	412	1570	1186	1160	1369	839	978	957	1071	70	1008	168	859	1076	1338	1086	304	1086	1931	1255	1084	206	777	779	1144	789	2661	353	1687	391	850	1133	986	392	630	784	726	936	859	1318	1245	2191	842	750	1049	384	815	785	1035	812	763	480	1075	1388	1331	777	848	1236	165	292	751	851	1105	1075	257	848	1098	743	982	750	945	3294	446	904	204	1995	1215	998	784	1009	1160	188	1430	1105	1131	852	940	970	1024	1077	2214	407	87	1020	1287	1039	959	1252	770	678	1031	2391	1050	1045	841	852	20	1085	824	1138	1098	792	869	818	104	2993	702	908	569	847	1137	1094	66	915	1255	2060	1157	962	358	697	1107	1183	2359	869	1033	1666	841	2630	1388	60	784	682	741	893	826	200	857	60	1008	1053	3042	2445	777	996	620	1024	944	809	1082	197	788	860	540	1379	945	1120	1338	738	854	1081	547	687	954	1609	1354	1009	1299	906	713	550	1024	785	1177	788	976	1086	325	627	955	1047	853	1093	953	786
306	1048	383	389	1013	1659	1118	1048	324	1656	507	1055	293	850	0	432	284	454	375	1200	236	1601	622	2	259	268	1164	190	378	127	1058	255	433	418	2	1783	1158	1272	131	1044	268	2367	266	648	159	390	521	254	203	160	249	1558	502	502	375	132	375	295	132	222	593	445	1333	1592	3	392	439	738	445	509	1410	307	131	445	1794	918	254	1014	19	258	2104	266	1096	375	1082	1798	1079	1057	1411	543	419	658	1855	1111	2398	459	1	1028	141	639	422	200	617	126	19	574	549	3013	132	944	209	633	335	627	215	98	484	379	381	581	1719	321	2	393	756	562	1159	1344	256	249	1076	5	248	572	136	192	278	2517	1164	106	979	1327	1405	194	200	189	509	1038	2157	256	323	131	1390	410	357	259	1388	446	935	397	529	363	506	1473	767	254	333	1753	219	356	141	125	863	270	604	487	248	401	986	328	954	2195	1097	656	948	9	569	277	913	223	427	1395	507	391	492	756	290	2006	2942	93	216	818	753	3146	581	908	200	502	1460	46	1276	998	606	908	224	362	2213	1616	321	160	600	357	1615	412	1073	1003	526	657	325	1248	166	386	492	1521	3	1838	920	250	324	2163	2074	163	1601	204	295	388	357	193	1306	1496	1226	375	1137	308	384	357	2	280	135	1217
705	834	772	796	1341	1621	1119	869	647	1668	930	998	700	654	432	0	693	350	804	1432	617	1750	849	429	464	683	822	522	810	348	1027	613	636	372	429	1690	950	1496	342	831	338	2164	550	917	514	784	754	501	535	522	663	1941	872	872	804	341	804	572	347	653	800	814	1545	1710	431	822	336	1131	877	932	1661	217	504	820	1415	705	432	818	451	533	1737	541	803	804	1424	1834	1328	838	1018	814	850	905	2033	993	2333	376	431	1312	503	672	28	543	843	430	451	1005	605	2833	328	1092	624	660	671	880	642	478	760	399	806	998	1832	155	429	787	502	460	1232	1389	613	672	804	426	612	818	505	508	688	2924	822	535	842	1759	1594	626	543	618	932	830	2078	613	565	337	1459	799	774	533	1609	333	718	806	960	415	867	1652	976	501	757	1739	641	779	321	340	673	536	881	908	611	710	1174	188	751	2594	1171	957	1009	436	483	544	698	634	838	1827	929	781	381	934	557	1686	2969	378	644	1121	998	3214	998	696	543	729	1093	449	1338	848	898	696	656	786	2583	1993	155	494	774	774	1224	728	1322	847	805	937	403	1555	409	817	804	1185	435	1474	980	185	727	2200	2000	523	1750	615	572	523	774	538	1516	1424	1378	804	853	508	773	781	434	541	447	1284
33	1136	109	342	992	1861	1061	1115	179	1563	240	1284	11	948	284	693	0	591	138	985	92	1423	463	286	313	20	1328	192	181	409	1028	366	610	539	287	1754	1234	1059	414	1132	542	2398	447	449	342	110	383	272	186	335	36	1440	233	233	138	415	138	237	414	119	459	454	1126	1715	286	166	581	648	237	241	1178	592	320	176	1971	1019	500	1095	265	450	2266	453	1231	138	1039	1685	859	1147	1608	363	196	476	1931	1133	2336	583	285	788	333	631	678	173	460	376	265	370	776	3020	417	802	248	630	161	445	197	214	315	481	129	452	1560	602	286	375	899	660	1050	1244	368	225	1198	289	355	408	325	212	5	2349	1328	184	1026	1091	1209	164	173	191	242	1124	2108	368	509	415	1272	132	84	450	1448	590	1035	113	338	622	244	1280	599	272	83	1944	224	99	425	409	955	462	405	218	356	227	812	612	1044	2044	994	428	866	276	835	465	1014	61	354	1158	239	114	618	614	472	2131	2816	373	192	842	559	2993	452	1009	173	376	1633	296	1168	1051	393	1009	137	107	2101	1506	602	363	493	84	1806	224	852	1059	342	447	423	989	424	172	563	1669	283	2002	844	508	42	2042	2024	337	1423	80	237	400	84	175	1101	1465	1061	138	1264	320	108	100	282	471	374	1109
585	595	625	834	1467	1949	775	601	461	1325	821	1325	591	397	454	350	591	0	727	1109	498	1403	554	452	278	591	737	399	758	469	688	707	837	54	453	1381	706	1170	465	591	559	1922	694	639	605	641	474	321	405	609	575	2000	685	685	727	465	727	377	472	615	499	899	1213	1981	456	754	16	1182	822	823	1342	477	581	648	1380	464	620	563	464	681	1676	690	649	727	1536	1488	1015	603	1022	549	784	614	2275	688	2016	26	454	1019	589	323	322	418	548	540	464	958	877	2577	449	751	656	311	489	596	646	424	508	114	720	1008	1481	423	452	844	311	123	882	1040	708	686	624	451	701	536	585	380	587	2935	737	515	544	1675	1256	613	418	620	823	585	1766	708	737	459	1109	646	672	682	1822	16	480	682	921	666	671	1311	661	321	672	2062	659	690	448	458	410	690	612	800	701	494	842	464	501	2624	820	697	659	451	800	699	458	547	867	1742	820	633	40	608	712	1558	2627	473	645	1269	699	2867	1008	454	418	450	1042	496	988	558	637	454	627	698	2658	2061	423	599	459	672	1217	514	1011	562	548	664	167	1269	551	756	940	1083	458	1412	630	308	606	1855	1685	611	1403	534	377	244	672	416	1184	1104	1034	727	687	286	625	691	457	699	557	934
153	1273	171	264	883	1844	1176	1251	308	1662	136	1289	139	1086	375	804	138	727	0	1028	230	1485	558	378	450	136	1465	327	60	490	1149	363	606	676	378	1871	1370	1102	495	1269	606	2527	461	524	379	157	493	410	322	370	152	1306	262	262	0	495	0	373	493	155	565	385	1172	1655	377	30	717	526	100	137	1203	676	365	221	2107	1156	545	1232	356	469	2403	470	1369	0	923	1776	901	1285	1741	456	58	559	1848	1264	2442	720	377	813	375	762	791	309	556	436	356	232	791	3143	501	891	253	762	286	530	204	330	418	618	22	325	1630	696	378	305	1036	798	1149	1343	365	207	1336	381	352	506	368	347	141	2211	1465	269	1160	963	1261	195	309	216	138	1261	2219	365	519	497	1363	175	70	469	1362	726	1173	108	201	668	283	1335	683	410	54	1917	225	42	510	492	1093	480	483	118	354	339	885	699	1181	1906	1095	483	977	370	879	481	1152	181	261	1030	136	168	755	710	484	2269	2896	452	200	753	630	3059	325	1147	309	491	1769	373	1265	1186	463	1147	160	35	1967	1372	696	403	606	70	1940	331	893	1194	434	514	560	989	482	41	511	1807	373	2139	956	619	137	2127	2134	371	1485	197	373	537	70	310	1149	1583	1134	0	1402	458	170	40	373	488	429	1207
952	1207	882	1292	1859	2845	700	1129	876	859	954	2254	974	1141	1200	1432	985	1109	1028	0	979	480	590	1201	995	1006	1573	1011	1086	1318	783	1351	1594	1070	1202	1226	1226	73	1319	1204	1461	1980	1426	551	1315	888	692	973	997	1309	1017	2080	768	768	1028	1320	1028	913	1323	1105	634	1414	144	2683	1203	1048	1117	1484	1086	954	233	1456	1289	817	2137	1182	1453	1161	1188	1426	2335	1431	1411	1028	1871	893	127	1221	1907	657	1056	544	2859	997	1625	1083	1201	237	1302	811	1405	1000	596	1323	1188	1135	1745	2472	1314	391	1234	824	869	575	1183	1102	716	1034	1006	1295	650	1432	1201	1334	1240	1047	505	615	1353	1207	1351	1203	1340	633	1294	1012	989	2738	1573	1138	1026	1388	242	1149	1000	1176	954	1192	1461	1353	1489	1317	561	865	975	1427	2372	1124	1190	923	1147	1563	749	316	455	973	1012	2929	1210	1001	1320	1312	1129	1439	596	953	1342	800	275	1461	1164	2520	512	557	585	1191	1764	1443	1184	1024	1286	1433	952	879	1095	501	1452	2077	1919	1290	1178	1769	448	2047	1295	1177	1000	715	1839	1235	547	1057	597	1177	1123	1003	2691	2155	1432	1331	657	975	2052	790	135	1069	673	544	1030	316	1366	1064	1537	1776	1201	2111	601	1298	946	1188	1383	1312	480	1037	913	910	975	1006	125	1003	269	1028	1407	943	883	1001	1200	1449	1327	524
91	1047	156	404	1061	1866	996	1028	116	1511	328	1275	93	858	236	617	92	498	230	979	0	1401	424	237	220	95	1235	102	268	363	956	384	617	446	238	1685	1146	1052	366	1043	503	2319	447	430	335	167	333	180	94	330	84	1528	268	268	230	367	230	152	368	161	410	507	1116	1749	238	258	489	728	328	330	1183	536	309	211	1878	928	478	1006	220	447	2173	452	1139	230	1112	1639	856	1058	1516	332	287	449	1980	1053	2276	490	237	797	322	551	600	81	420	348	220	462	766	2946	366	762	273	550	113	417	231	147	276	388	221	535	1530	539	237	431	806	569	1000	1192	386	268	1107	240	373	371	314	121	88	2441	1235	158	941	1181	1194	191	81	215	330	1035	2045	386	511	366	1226	182	174	447	1500	498	945	192	429	594	270	1264	567	180	175	1954	256	191	374	360	865	459	385	306	374	185	785	553	954	2135	942	427	807	227	804	464	924	65	423	1248	327	164	526	571	473	2040	2776	329	227	899	539	2962	535	918	81	322	1540	261	1119	965	381	918	179	199	2188	1592	539	352	435	174	1714	191	849	973	312	435	331	1013	394	262	603	1577	235	1909	783	434	113	1999	1961	332	1401	67	152	313	174	85	1091	1396	1032	230	1172	230	156	193	235	470	350	1059
1390	1292	1327	1748	2334	3260	736	1206	1288	540	1423	2653	1412	1299	1601	1750	1423	1403	1485	480	1401	0	980	1601	1366	1443	1671	1411	1544	1707	848	1784	2018	1378	1603	957	1266	415	1707	1290	1847	1695	1847	974	1733	1335	1080	1354	1399	1729	1451	2556	1222	1222	1485	1708	1485	1305	1713	1542	1008	1867	343	3137	1604	1507	1415	1959	1551	1423	447	1819	1705	1266	2138	1316	1855	1255	1592	1845	2273	1851	1505	1485	2349	488	601	1304	1992	1068	1518	952	3328	1035	1209	1376	1602	718	1718	1080	1722	1404	985	1727	1592	1609	2150	2101	1699	665	1668	1092	1287	983	1620	1504	1125	1357	1462	1767	180	1784	1601	1787	1438	1310	548	487	1785	1649	1443	1603	1772	1032	1710	1408	1426	3172	1671	1556	1127	1843	239	1583	1404	1610	1423	1279	1088	1785	1910	1704	389	1314	1426	1845	2841	1419	1319	1377	1619	1955	1201	167	835	1354	1462	3353	1647	1454	1704	1700	1282	1857	1019	1420	1774	1215	616	1819	1283	2973	601	1002	755	1592	2142	1863	1320	1453	1745	1882	1421	1326	1378	847	1873	1974	1438	1684	1615	2235	864	1575	1767	1315	1404	1098	1886	1641	482	1150	1030	1315	1561	1456	3159	2631	1784	1746	1008	1426	2097	1210	608	1161	1088	976	1370	719	1767	1523	1985	1783	1603	2086	783	1649	1388	721	1021	1731	1	1464	1305	1256	1426	1410	355	833	377	1485	1485	1311	1328	1454	1602	1868	1734	514
431	876	387	803	1442	2280	630	825	309	1104	554	1677	453	731	622	849	463	554	558	590	424	980	0	622	405	481	1173	431	617	733	624	809	1038	507	624	1325	945	660	734	871	876	2011	867	98	753	401	102	383	419	749	485	1821	328	328	558	735	558	327	739	575	56	917	716	2173	625	586	558	1081	647	555	814	865	725	344	1802	793	876	828	612	864	2059	871	1035	558	1480	1222	479	889	1497	102	606	61	2394	781	1884	530	623	466	738	339	823	423	6	747	612	749	1171	2606	727	339	697	347	312	54	652	524	148	460	538	879	1105	841	622	838	767	529	591	784	810	684	985	624	798	54	730	429	464	2648	1173	576	718	1305	784	613	423	638	555	861	1663	810	929	731	809	384	490	865	1910	566	808	452	739	980	303	851	145	383	520	2372	678	519	733	727	728	877	102	540	799	239	364	871	799	2373	536	178	426	612	1176	883	792	482	812	1367	552	389	551	152	893	1867	2354	707	647	1304	148	2538	879	785	423	124	1473	660	707	749	136	785	595	524	2475	1892	841	766	111	490	1673	239	474	760	123	128	446	715	788	599	1023	1461	623	1807	409	708	435	1579	1579	751	980	490	327	327	490	430	689	1040	608	558	1051	352	388	520	622	887	754	649
308	1046	385	392	1015	1658	1117	1046	325	1655	509	1055	295	848	2	429	286	452	378	1201	237	1601	622	0	258	271	1161	190	380	126	1056	257	434	416	1	1781	1156	1273	129	1042	266	2365	267	649	160	392	521	254	203	162	251	1561	504	504	378	130	378	295	131	224	593	447	1333	1593	4	394	437	741	448	511	1411	305	133	446	1791	916	254	1012	21	259	2101	267	1094	378	1084	1797	1080	1055	1409	544	421	659	1857	1109	2396	457	2	1029	143	638	419	201	617	126	21	576	549	3012	131	944	212	632	336	627	217	98	484	377	383	584	1718	319	0	396	754	560	1158	1344	258	252	1073	3	250	573	137	192	280	2520	1161	108	977	1330	1405	197	201	192	511	1036	2155	258	324	129	1390	411	359	260	1390	443	933	399	531	362	508	1473	767	254	336	1754	222	358	139	124	861	271	605	489	250	401	986	326	952	2198	1097	657	947	10	568	278	910	225	430	1397	509	393	490	756	291	2004	2942	91	218	820	753	3146	584	906	201	502	1457	47	1276	996	607	906	226	364	2215	1619	319	162	600	359	1612	413	1073	1001	527	658	323	1249	166	388	494	1519	6	1836	920	247	326	2163	2072	164	1601	206	295	387	359	194	1307	1495	1226	378	1135	307	385	360	5	281	135	1216
307	835	349	587	1240	1901	858	823	194	1397	543	1288	313	643	259	464	313	278	450	995	220	1366	405	258	0	314	1015	126	485	344	800	502	692	226	260	1527	939	1065	344	831	481	2130	525	459	415	365	303	43	129	416	300	1739	424	424	450	345	450	111	350	352	364	671	1120	1851	262	478	270	929	547	545	1218	461	387	380	1658	713	499	797	258	517	1952	525	919	450	1300	1541	883	846	1299	353	508	454	2112	866	2139	269	260	855	398	382	441	142	399	381	258	682	792	2769	334	702	422	377	221	426	399	184	297	168	442	745	1474	437	258	605	585	351	904	1087	504	439	888	259	493	364	392	107	309	2661	1015	273	743	1397	1183	360	142	374	545	824	1899	504	582	340	1136	372	394	518	1642	279	730	404	647	590	415	1247	544	43	395	2001	417	412	339	336	651	529	421	522	494	247	758	465	742	2353	842	494	690	251	777	536	708	273	616	1464	542	358	305	519	549	1823	2687	326	396	1059	550	2897	745	703	142	280	1320	305	1021	765	435	703	367	420	2399	1802	437	420	357	394	1496	267	877	771	343	477	110	1094	413	481	740	1357	262	1689	662	305	328	1908	1816	418	1366	263	111	128	394	142	1092	1240	989	450	953	54	350	414	261	539	392	962
54	1142	129	325	977	1841	1076	1123	192	1580	247	1263	32	953	268	683	20	591	136	1006	95	1443	481	271	314	0	1328	191	173	393	1041	345	589	540	271	1768	1241	1080	397	1138	524	2409	426	469	322	130	400	275	185	315	19	1433	253	253	136	398	136	244	398	98	476	436	1146	1696	270	163	581	637	233	249	1199	576	300	196	1971	1023	481	1101	250	429	2267	432	1233	136	1025	1703	880	1153	1606	382	193	496	1913	1144	2352	584	270	809	313	641	668	172	478	357	250	368	755	3033	401	821	227	640	177	464	177	204	333	482	130	442	1579	588	271	357	900	664	1068	1261	347	205	1202	274	334	427	305	210	17	2346	1328	167	1034	1095	1229	143	172	170	250	1130	2123	347	488	398	1290	152	91	429	1430	589	1040	128	334	603	265	1301	618	275	81	1923	203	100	409	393	960	441	425	226	336	244	832	597	1049	2040	1011	449	882	261	815	444	1019	49	339	1162	247	134	619	632	451	2135	2835	356	171	825	579	3012	442	1014	172	392	1633	279	1186	1059	414	1014	117	108	2094	1498	588	343	509	91	1805	242	873	1067	361	468	424	1009	405	166	544	1671	267	2003	859	497	62	2060	2039	317	1444	67	244	407	91	174	1122	1479	1081	136	1267	325	129	102	267	450	355	1127
1321	379	1355	1554	2153	2304	937	465	1188	1342	1556	1717	1328	446	1164	822	1328	737	1465	1573	1235	1671	1173	1161	1015	1328	0	1137	1495	1133	828	1400	1458	789	1162	1166	418	1611	1127	382	1159	1425	1356	1272	1295	1371	1132	1056	1142	1301	1313	2722	1398	1398	1465	1127	1465	1106	1134	1349	1119	1601	1624	2496	1165	1492	747	1903	1560	1557	1795	1039	1276	1369	644	394	1248	419	1178	1340	941	1349	166	1465	2231	1524	1524	367	334	1213	1521	1232	2839	637	1788	745	1163	1578	1280	835	811	1155	1168	1216	1178	1695	1416	2102	1112	1184	1373	826	1216	1227	1372	1155	1191	847	1457	1739	1670	976	1161	1557	431	680	1139	1192	1400	1410	228	1160	1396	1181	1279	1118	1324	3671	0	1242	554	2406	1622	1341	1155	1345	1558	393	1532	1400	1381	1122	1289	1374	1409	1341	2429	739	383	1415	1658	1237	1380	1649	1216	1056	1410	2437	1381	1427	1107	1123	453	1346	1263	1534	1395	1206	1305	1011	408	3356	1100	1348	990	1163	1263	1355	393	1285	1591	2472	1554	1363	710	1143	1368	863	2540	1152	1371	1938	1287	2847	1739	399	1155	1114	306	1199	1189	526	1295	399	1359	1435	3376	2780	976	1281	1062	1409	499	1225	1523	515	1220	1302	904	1822	1209	1493	1614	363	1168	676	972	941	1342	1844	1470	1303	1670	1272	1106	952	1409	1154	1597	991	1384	1465	190	1015	1356	1429	1167	1352	1234	1162
193	962	251	465	1121	1848	955	948	139	1484	430	1245	195	769	190	522	192	399	327	1011	102	1411	431	190	126	191	1137	0	359	307	906	401	613	349	192	1635	1064	1083	309	958	451	2250	442	460	328	264	331	94	14	326	175	1612	350	350	327	310	327	108	313	226	404	555	1143	1764	193	354	390	803	423	432	1224	464	299	298	1779	840	444	923	180	438	2076	444	1045	327	1178	1620	891	972	1415	354	384	468	2012	985	2238	393	191	846	312	491	504	21	426	315	180	558	739	2885	305	757	307	487	156	437	278	92	294	293	321	618	1531	457	190	485	709	478	980	1169	402	318	1015	192	391	382	304	19	188	2536	1137	162	866	1283	1215	238	21	255	432	950	2002	402	503	307	1210	277	276	438	1537	398	856	294	522	552	348	1282	577	94	273	1942	298	291	312	302	778	450	416	408	392	215	796	477	868	2227	920	474	775	181	754	456	835	147	491	1350	429	260	429	568	467	1949	2763	278	275	945	563	2961	618	830	21	313	1441	229	1098	889	421	830	241	299	2272	1675	457	338	416	276	1613	229	885	895	338	471	234	1072	356	356	634	1482	191	1812	749	343	215	1984	1918	328	1411	136	108	239	276	17	1116	1346	1037	327	1080	152	252	293	190	460	322	1039
202	1316	230	206	825	1793	1232	1296	358	1722	167	1246	185	1126	378	810	181	758	60	1086	268	1544	617	380	485	173	1495	359	0	483	1204	325	562	709	380	1927	1415	1160	488	1311	589	2578	427	584	356	217	550	447	356	346	185	1260	321	321	60	489	60	418	486	156	623	327	1230	1596	378	38	748	471	68	168	1259	668	346	282	2136	1196	521	1275	359	437	2435	436	1405	60	865	1836	959	1327	1766	515	47	619	1788	1314	2500	753	379	870	355	811	799	343	615	421	359	201	753	3198	497	951	224	811	338	590	182	347	476	653	82	271	1690	694	380	248	1069	836	1208	1402	327	174	1374	383	315	564	349	379	183	2176	1495	274	1207	950	1320	186	343	200	168	1304	2277	327	481	491	1423	236	127	437	1302	756	1213	169	162	642	343	1394	743	447	101	1865	197	98	505	486	1134	446	543	155	317	395	946	693	1223	1868	1154	543	1034	374	851	446	1192	212	201	1017	168	228	789	769	448	2308	2956	446	178	693	690	3119	271	1187	343	547	1799	367	1324	1232	523	1187	154	93	1920	1325	694	381	663	127	1966	387	951	1240	494	575	594	1040	465	22	455	1841	375	2171	1013	626	190	2187	2192	347	1544	223	418	581	127	343	1208	1639	1195	60	1439	499	229	97	375	454	412	1266
432	1059	511	447	1020	1556	1189	1070	446	1735	624	945	419	863	127	348	409	469	490	1318	363	1707	733	126	344	393	1133	307	483	0	1120	269	370	446	124	1836	1173	1389	5	1055	143	2391	228	767	167	517	631	353	321	175	374	1599	630	630	490	6	490	406	5	334	700	472	1448	1525	125	502	452	785	548	626	1531	186	156	572	1749	927	158	1030	144	214	2065	223	1082	490	1097	1883	1199	1067	1357	661	527	774	1807	1151	2461	481	126	1152	155	707	345	320	728	84	144	669	447	3046	21	1045	279	699	458	743	304	220	601	422	497	651	1819	213	126	439	748	588	1247	1428	269	329	1069	122	267	686	156	305	404	2576	1133	226	1011	1424	1517	297	320	283	626	1051	2216	269	268	11	1480	537	478	215	1353	457	943	521	622	247	634	1584	877	353	452	1656	299	474	27	10	877	222	724	605	266	522	1095	210	966	2248	1185	780	1030	136	446	231	921	349	490	1491	624	518	509	860	244	1988	3029	37	307	811	869	3241	651	917	320	611	1420	116	1363	1027	728	917	331	480	2247	1654	213	149	700	478	1563	535	1192	1031	645	778	378	1374	82	494	483	1495	128	1801	1002	191	450	2250	2133	175	1707	330	406	467	478	314	1421	1553	1331	490	1127	398	511	476	128	230	101	1305
1002	448	984	1360	2018	2638	112	364	849	641	1170	2013	1021	461	1058	1027	1028	688	1149	783	956	848	624	1056	800	1041	828	906	1204	1120	0	1302	1485	688	1058	729	446	807	1117	446	1233	1387	1323	705	1216	1000	660	815	900	1216	1037	2441	949	949	1149	1118	1149	808	1124	1117	597	1459	810	2645	1060	1179	704	1675	1247	1172	989	1163	1188	955	1356	469	1278	408	1058	1314	1554	1322	662	1149	2067	811	767	461	1156	717	1204	656	2913	214	1341	666	1058	856	1198	418	999	911	623	1173	1058	1361	1555	1994	1104	430	1213	424	867	672	1181	983	738	699	1131	1475	870	1111	1056	1386	614	568	311	390	1304	1220	599	1057	1293	666	1192	892	1027	3268	828	1067	278	1916	797	1140	911	1159	1172	435	1099	1304	1377	1112	479	988	1079	1315	2441	704	471	1053	1344	1344	924	821	569	815	1102	2750	1203	1107	1106	1110	442	1325	725	1155	1294	810	547	1152	435	2997	278	785	225	1051	1488	1333	474	1021	1379	1975	1169	988	651	502	1346	1311	1942	1112	1177	1851	653	2193	1475	469	911	659	1068	1104	368	303	758	469	1135	1114	3097	2510	1111	1218	547	1079	1282	820	768	313	735	731	742	1071	1198	1190	1538	995	1061	1328	228	990	1014	1174	1016	1219	847	1021	808	672	1079	914	784	440	562	1149	647	757	985	1109	1060	1335	1187	335
399	1302	472	198	761	1496	1356	1304	500	1884	492	927	377	1104	255	613	366	707	363	1351	384	1784	809	257	502	345	1400	401	325	269	1302	0	246	673	255	2030	1412	1425	275	1298	310	2622	105	810	104	469	716	487	409	98	335	1330	593	593	363	275	363	506	269	247	792	202	1491	1367	252	359	692	517	374	493	1543	420	126	539	2018	1172	221	1269	249	117	2334	115	1342	363	833	2018	1225	1311	1627	715	372	832	1611	1365	2638	714	255	1153	120	884	613	400	805	185	249	463	428	3267	290	1145	118	879	497	800	170	319	661	634	381	402	1914	466	257	178	1004	817	1378	1568	2	155	1325	257	11	755	122	412	362	2310	1400	239	1234	1200	1573	202	400	175	493	1293	2400	2	156	280	1607	492	392	117	1139	698	1188	445	414	332	608	1644	951	487	355	1578	144	372	296	278	1117	125	765	478	9	570	1169	449	1208	1980	1319	794	1176	260	533	123	1166	330	242	1266	492	476	746	955	124	2251	3158	247	175	562	919	3347	402	1162	400	702	1688	210	1497	1253	757	1162	230	374	1978	1385	466	119	812	392	1832	574	1218	1258	695	811	579	1345	205	345	238	1761	251	2069	1150	459	406	2381	2317	97	1784	319	506	630	392	395	1467	1742	1416	363	1385	545	471	373	252	131	168	1437
643	1422	717	391	718	1251	1549	1437	729	2089	730	683	621	1227	433	636	610	837	606	1594	617	2018	1038	434	692	589	1458	613	562	370	1485	246	0	816	432	2205	1537	1667	373	1419	300	2757	171	1048	286	715	941	687	624	289	577	1351	839	839	606	372	606	721	366	492	1016	312	1732	1160	430	599	821	599	603	731	1788	419	314	784	2045	1289	218	1396	436	175	2371	168	1428	606	808	2231	1468	1429	1644	949	608	1066	1438	1521	2827	850	432	1398	301	1069	647	617	1034	312	436	667	203	3415	388	1370	364	1062	731	1034	416	522	893	791	624	562	2143	482	434	351	1102	958	1591	1778	244	400	1421	432	257	986	309	620	606	2358	1458	462	1381	1358	1812	446	617	418	731	1415	2583	244	110	379	1822	738	638	175	987	824	1305	691	621	232	853	1882	1183	687	601	1336	390	617	388	380	1243	163	1003	718	255	803	1402	448	1331	2016	1530	1037	1381	441	359	156	1283	569	427	1422	731	721	878	1180	145	2322	3375	373	421	492	1157	3574	562	1280	617	925	1728	388	1709	1396	997	1280	475	619	1971	1395	482	275	1029	638	1849	809	1461	1399	930	1051	743	1591	288	584	216	1822	430	2109	1354	541	651	2596	2500	286	2018	556	721	820	638	611	1707	1921	1647	606	1475	741	717	618	431	153	299	1650
533	630	570	792	1431	1951	770	630	407	1321	768	1328	539	433	418	372	539	54	676	1070	446	1378	507	416	226	540	789	349	709	446	688	673	816	0	417	1393	739	1133	442	626	547	1950	667	589	573	587	424	268	354	576	525	1955	630	630	676	443	676	322	449	568	452	861	1178	1967	420	703	53	1139	772	770	1302	475	548	593	1432	502	601	596	426	655	1727	664	696	676	1497	1480	973	639	1076	497	733	567	2254	705	2024	44	418	973	556	302	344	367	500	512	426	907	868	2602	427	720	616	291	435	547	603	380	455	60	668	962	1462	426	416	803	360	144	865	1029	674	643	668	415	666	486	552	329	535	2885	789	472	566	1621	1224	568	367	577	770	620	1775	674	713	437	1095	592	620	655	1796	61	518	628	871	657	617	1281	619	268	621	2062	617	638	427	435	445	664	562	747	666	440	806	465	536	2576	803	646	642	414	802	673	496	497	824	1688	767	579	79	569	686	1603	2622	446	601	1236	653	2856	962	492	367	399	1094	462	974	583	586	492	581	646	2614	2016	426	568	416	620	1271	460	969	587	495	614	115	1222	527	705	908	1132	422	1463	612	301	553	1847	1694	578	1377	485	322	191	620	366	1149	1113	1005	676	733	231	571	640	421	673	528	919
