NAME : VRPTW_INSTANCE_38.txt
COMMENT : Bangkok Supermarket
TYPE : VRPTW
DIMENSION : 268
DAYS : Tuesday
EDGE_WEIGHT_TYPE : EXPLICIT
VEHICLES : 35
EDGE_WEIGHT_FORMAT : FULL_MATRIX
CAPACITY : 1000
EDGE_WEIGHT_SECTION
0	330	465	341	625	101	402	413	582	288	802	1442	284	371	371	1969	288	914	358	368	499	30	992	91	1425	28	404	170	2760	306	133	1836	1842	402	703	1001	1157	320	394	192	196	600	2976	25	308	1117	308	1606	1003	404	547	147	133	212	402	1300	1051	1762	410	492	474	1134	1126	875	608	1054	1123	617	1565	300	363	85	201	306	734	331	37	368	1028	629	1142	101	385	194	623	152	148	1351	134	1143	103	617	208	583	153	359	202	475	102	182	93	1535	258	1080	3537	402	199	242	118	1744	209	876	1010	374	213	978	174	879	448	118	525	830	201	1007	1926	108	264	135	482	409	166	422	1327	217	407	843	1007	102	216	1732	1068	609	1133	442	525	585	1628	307	2025	752	463	541	865	826	557	1190	244	206	2065	523	492	371	328	358	388	394	347	672	408	590	1121	510	1994	1028	1530	2175	202	955	153	350	1041	1727	1008	282	350	366	3608	618	203	140	502	454	907	2613	517	527	311	1717	984	239	221	481	193	1025	569	491	167	189	91	154	2418	1006	358	422	211	411	2301	582	812	286	97	402	502	182	1575	908	1707	584	432	494	347	358	206	167	1172	127	368	460	438	438	412	78	206	955	412	284	816	890	418	202	308	948	167	403	382	1010	1190	353	153	369	1002	212	165	46	991	544	363	290
330	0	137	667	790	350	672	123	254	532	985	1341	59	67	67	2300	532	681	647	661	827	360	663	332	1753	359	667	499	2440	128	455	1570	1514	716	542	782	852	566	680	334	146	921	2696	349	546	1445	544	1530	757	110	777	472	199	207	672	973	881	1443	674	463	777	1348	800	611	551	766	820	836	1240	30	658	292	150	545	443	610	366	663	701	920	873	350	307	499	841	267	433	1681	341	1420	281	836	484	536	456	88	521	428	287	341	395	1862	88	875	3210	672	257	458	274	1630	526	693	845	671	532	809	333	733	777	274	209	542	150	789	1811	377	323	218	781	722	496	102	998	442	671	1102	789	284	534	2058	863	392	811	443	209	549	1300	545	1695	544	476	842	537	538	871	872	185	532	1743	227	789	67	368	647	717	680	635	999	672	918	937	648	1860	1349	1799	1854	515	718	241	633	829	1424	836	607	680	696	3285	785	482	435	799	141	1129	2344	656	670	546	1393	686	456	444	779	354	855	869	467	486	161	332	230	2100	1336	164	102	355	123	2083	542	856	77	393	672	799	341	1359	937	1601	905	661	791	635	647	532	486	843	305	663	441	665	661	126	373	225	661	667	59	506	560	677	232	545	622	486	717	662	852	860	635	478	663	782	207	328	309	787	690	651	565
465	137	0	798	906	474	807	93	140	666	1056	1355	194	100	100	2433	666	583	764	798	964	496	535	470	1882	494	801	632	2321	237	592	1493	1388	854	558	748	718	700	817	466	284	1059	2605	483	680	1575	677	1552	707	90	906	608	336	310	807	848	807	1306	808	544	896	1426	677	498	614	640	687	963	1102	167	795	419	287	678	321	746	502	800	563	1056	753	474	394	625	968	382	571	1814	458	1524	405	963	621	604	582	126	658	507	411	474	533	1991	224	846	3083	807	388	564	396	1634	664	620	840	808	669	804	467	744	913	396	82	419	287	756	1812	501	445	356	918	860	629	48	870	551	806	1201	756	408	671	2185	835	391	695	536	82	620	1175	678	1563	467	569	979	415	415	1009	760	310	668	1623	122	926	100	480	764	850	817	772	1136	807	1054	919	763	1852	1475	1896	1735	642	617	377	770	798	1323	763	737	813	830	3164	902	619	560	937	50	1212	2262	770	785	679	1272	556	563	553	916	487	847	1006	550	615	298	470	349	1983	1472	195	48	486	96	2032	612	938	205	531	807	937	474	1315	1011	1609	1043	791	929	772	764	668	615	716	442	800	528	795	791	98	501	355	532	800	194	409	434	811	336	679	503	615	855	776	851	729	751	615	801	748	310	462	440	764	805	788	681
341	667	798	0	690	328	380	734	921	384	653	1673	624	700	700	1635	384	1161	163	306	225	313	1331	383	1085	315	393	172	3102	645	250	2161	2182	246	1003	1314	1455	392	336	466	538	351	3305	319	399	777	403	1812	1327	726	542	234	474	503	380	1640	1239	2071	396	753	181	911	1467	1148	865	1340	1422	609	1886	638	302	379	542	398	1033	332	309	303	1354	476	1409	328	690	181	614	426	318	1017	353	843	394	609	324	838	220	681	221	748	388	451	314	1195	599	1384	3877	379	514	310	405	1975	225	1087	1296	298	218	1267	450	1161	172	405	849	1122	542	1319	2155	301	547	474	349	255	177	752	1665	303	393	579	1319	391	218	1391	1373	934	1475	697	849	834	1968	401	2361	992	706	383	1204	1119	347	1532	576	190	2407	836	361	700	595	163	61	336	315	386	394	309	1414	637	2236	686	1231	2516	160	1202	480	326	1349	2065	1200	60	53	70	3950	682	319	242	364	779	691	2937	642	643	405	2059	1280	309	304	349	453	1314	406	750	182	530	383	453	2759	687	657	752	471	730	2596	833	970	628	320	380	364	451	1876	1068	1933	342	471	359	315	163	190	182	1511	428	303	722	478	482	731	296	532	1248	416	624	1158	1228	409	482	402	1289	182	247	192	1292	1527	178	226	303	1315	503	446	358	1296	653	319	198
625	790	906	690	0	721	311	913	946	347	1336	1060	732	857	857	1905	347	1470	832	386	600	612	1291	543	1461	612	297	624	2870	670	545	1772	2051	466	660	947	1612	321	358	476	668	570	2903	637	326	1184	325	1164	1008	900	171	546	658	809	311	1538	1649	2156	295	422	868	1598	1379	1400	455	1546	1583	145	1926	768	389	708	657	328	1228	361	606	389	1407	403	1659	721	529	715	144	771	486	1333	758	1478	724	145	432	437	703	869	511	453	724	476	538	1573	706	974	3692	312	540	839	737	1353	502	1465	839	395	506	824	485	718	602	737	988	1326	657	948	1525	717	466	617	397	460	617	887	1582	816	297	1259	948	724	505	1775	964	723	1354	397	988	419	1844	326	2273	1324	370	418	1161	1322	498	1380	604	539	2215	1016	390	857	426	832	673	358	375	668	297	629	959	144	1622	1184	1854	2309	701	1508	577	364	958	1794	1605	679	644	639	3718	8	439	709	397	928	1382	2515	136	121	322	1899	1459	837	820	397	461	860	421	415	673	651	543	758	2524	971	914	887	451	912	2080	425	323	713	532	311	397	476	1406	411	1306	556	220	395	375	832	539	673	1445	534	389	418	213	210	915	683	570	1437	274	732	1044	1200	282	809	325	1216	673	466	864	824	1484	840	548	389	949	809	494	670	904	102	371	815
101	350	474	328	721	0	479	406	603	378	708	1537	317	374	374	1963	378	861	299	434	520	109	1009	192	1409	108	483	179	2790	361	195	1897	1861	449	785	1074	1131	409	463	291	245	633	3033	84	399	1103	399	1703	1069	399	633	203	183	175	479	1321	978	1745	489	587	426	1049	1149	834	703	1020	1098	704	1558	322	429	59	254	397	708	408	115	434	1026	689	1099	0	470	150	710	99	237	1346	38	1081	68	704	295	678	108	354	258	568	63	283	183	1517	297	1157	3557	479	288	144	77	1838	267	808	1094	438	269	1061	275	966	466	77	521	800	254	1080	2020	27	361	205	541	457	179	427	1344	120	486	771	1080	66	271	1711	1145	677	1162	539	521	682	1648	398	2036	694	561	597	886	796	600	1223	315	250	2093	508	552	374	425	299	384	463	418	694	487	612	1202	610	2086	1001	1464	2204	169	902	236	423	1115	1771	936	268	352	370	3635	714	289	87	560	452	823	2674	617	626	402	1743	956	141	124	539	294	1109	625	587	147	244	192	125	2450	1013	329	427	312	402	2378	678	914	327	189	479	560	283	1651	1010	1802	619	521	553	418	299	250	147	1190	225	434	555	528	528	403	44	287	926	495	317	854	907	498	155	400	972	147	450	317	1095	1203	288	206	434	1075	175	266	67	1067	643	433	219
402	672	807	380	311	479	0	782	890	141	1030	1336	613	731	731	1737	141	1313	528	74	308	379	1283	350	1242	380	16	340	2976	582	284	1943	2103	160	775	1090	1524	110	48	343	527	323	3088	404	131	946	135	1458	1129	770	167	278	489	613	0	1567	1454	2110	16	502	556	1286	1397	1265	593	1434	1492	237	1897	644	77	487	521	133	1110	71	371	77	1360	251	1532	479	520	431	243	555	256	1133	518	1177	506	237	196	567	429	730	229	515	504	333	309	1356	583	1142	3781	0	422	570	520	1635	219	1278	1028	83	220	1004	340	895	299	520	882	1209	521	1094	1812	466	389	458	136	156	335	774	1603	549	14	947	1094	505	218	1560	1131	769	1387	451	882	556	1889	134	2308	1153	443	191	1150	1205	252	1429	502	250	2297	894	138	731	395	528	361	48	68	424	14	363	1150	286	1901	917	1558	2399	412	1353	430	59	1115	1909	1411	373	333	327	3828	303	200	441	149	812	1070	2707	288	284	133	1962	1357	567	553	134	322	1048	213	497	391	511	350	556	2629	765	749	774	326	780	2315	558	610	602	306	0	149	333	1613	705	1591	306	100	142	68	528	250	391	1455	367	77	479	106	112	783	436	453	1331	39	613	1062	1183	29	605	133	1221	391	161	560	1018	1484	538	277	77	1092	613	345	448	1060	289	60	521
413	123	93	734	913	406	782	0	231	645	964	1430	180	56	56	2369	645	557	687	765	912	444	613	435	1814	442	779	574	2402	250	545	1586	1463	813	630	837	745	680	787	451	256	1014	2696	427	660	1508	658	1624	798	13	895	561	295	234	782	927	760	1348	786	581	820	1334	758	489	663	652	713	956	1154	145	762	355	264	659	328	717	451	767	620	1027	753	406	426	556	961	309	535	1751	386	1438	339	956	590	650	514	54	613	546	345	457	491	1922	207	933	3158	783	377	483	328	1713	620	572	921	774	625	885	448	819	860	328	115	426	264	844	1892	433	446	324	884	819	571	54	946	472	783	1114	844	342	627	2114	922	467	779	565	115	664	1252	659	1632	422	597	945	499	422	968	847	308	620	1704	111	893	56	492	687	788	787	741	1086	784	1004	1004	772	1935	1402	1808	1816	575	595	354	740	886	1412	716	673	754	771	3242	908	587	493	903	50	1121	2354	780	794	661	1352	575	481	473	883	471	929	972	586	551	273	435	280	2066	1415	102	54	474	3	2124	657	976	201	490	782	903	457	1406	1054	1687	998	778	895	741	687	620	551	792	415	767	561	782	779	5	438	345	548	780	180	502	513	790	258	660	587	551	813	697	931	802	673	567	767	837	234	442	382	850	814	757	603
582	254	140	921	946	603	890	231	0	748	1195	1272	299	236	236	2552	748	615	898	891	1074	612	410	571	2006	610	882	752	2187	307	702	1355	1260	955	493	636	667	780	905	547	389	1162	2465	602	759	1699	756	1475	585	229	970	719	449	447	890	718	864	1223	889	549	1029	1565	546	511	594	614	638	1020	1007	283	888	546	389	757	329	835	617	893	470	1141	741	603	417	753	1025	515	670	1933	591	1663	534	1020	714	590	710	266	765	512	540	557	639	2116	326	736	2956	890	469	701	526	1541	770	683	748	902	776	712	551	666	1026	526	155	415	389	644	1717	630	507	460	1009	960	748	187	744	688	887	1341	644	537	778	2312	725	324	559	555	155	608	1046	757	1443	532	586	1070	283	410	1107	622	388	779	1490	210	1016	236	526	898	970	905	863	1244	887	1163	815	802	1749	1603	2036	1601	769	644	472	859	687	1183	822	861	933	948	3032	943	714	689	1027	182	1352	2123	810	825	758	1139	523	700	690	1008	568	752	1096	555	740	401	571	481	1848	1585	334	187	563	235	1903	600	930	300	636	890	1027	557	1191	993	1519	1145	860	1019	863	898	779	740	590	537	893	540	862	858	236	627	438	506	878	299	270	307	890	472	757	369	740	956	911	761	609	885	726	893	636	447	549	563	658	844	878	815
288	532	666	384	347	378	141	645	748	0	1003	1288	473	592	592	1860	0	1183	503	156	395	270	1143	220	1352	271	135	282	2847	441	198	1835	1967	244	664	981	1384	34	162	201	388	442	2982	296	20	1049	21	1427	1012	633	261	200	356	490	141	1429	1336	1969	142	395	565	1291	1259	1131	499	1297	1353	329	1756	504	155	373	382	18	973	94	263	159	1218	392	1397	378	387	371	335	439	141	1251	416	1221	391	329	85	472	356	593	174	401	390	192	196	1465	443	1040	3648	142	280	492	405	1591	166	1157	936	169	172	910	199	801	367	405	742	1072	382	985	1770	371	251	321	267	245	275	634	1465	469	139	964	985	390	171	1668	1028	640	1251	340	742	464	1753	20	2169	1026	340	326	1009	1067	376	1294	360	205	2165	756	272	592	265	503	389	162	126	539	140	467	1057	258	1853	1003	1608	2269	359	1223	291	119	1009	1785	1292	356	351	353	3700	339	91	361	283	673	1068	2605	264	269	24	1828	1218	489	473	265	180	955	350	391	328	372	220	434	2502	885	618	634	185	643	2233	465	590	461	191	141	283	192	1522	688	1549	425	144	275	126	503	205	328	1315	230	159	368	150	150	645	338	312	1192	135	473	925	1042	145	485	22	1082	328	245	535	929	1344	508	203	160	983	490	204	334	955	282	140	474
802	985	1056	653	1336	708	1030	964	1195	1003	0	2245	979	969	969	1764	1003	1071	503	957	828	794	1542	890	1204	795	1042	722	3314	1047	814	2549	2358	898	1488	1762	1460	1021	988	992	935	941	3658	778	1022	971	1024	2406	1742	966	1194	806	882	781	1030	1850	995	2061	1045	1294	494	372	1692	1127	1410	1318	1428	1262	1938	967	953	759	947	1020	1112	974	797	954	1480	1109	1324	708	1178	637	1267	741	887	1224	691	581	757	1262	924	1385	665	936	829	1276	752	981	849	1282	971	1850	4022	1029	997	564	754	2546	838	932	1799	951	833	1765	975	1672	792	754	1056	1162	947	1768	2728	694	1067	911	998	906	729	1011	1857	588	1043	303	1768	755	834	1428	1838	1364	1725	1244	1056	1388	2158	1023	2486	933	1264	1022	1447	1161	968	1798	1017	799	2620	1013	1009	969	1130	503	687	988	963	918	1043	874	1903	1262	2795	805	890	2735	646	1103	945	973	1806	2368	974	657	704	715	4134	1327	917	669	1010	1013	189	3318	1268	1272	1027	2270	1301	567	583	997	990	1812	1041	1294	680	940	890	778	2989	1048	861	1011	1010	960	3067	1384	1590	998	857	1030	1010	981	2341	1688	2509	939	1115	1007	963	503	799	680	1711	929	954	1262	1122	1125	959	723	995	1267	1063	979	1466	1453	1058	757	1024	1536	680	898	471	1801	1705	495	802	954	1762	781	966	776	1761	1285	969	531
1442	1341	1355	1673	1060	1537	1336	1430	1272	1288	2245	0	1318	1391	1391	2915	1288	1874	1773	1403	1644	1451	1310	1355	2512	1450	1319	1543	2193	1236	1447	995	1653	1496	800	681	1774	1285	1384	1253	1331	1629	1989	1467	1275	2243	1271	212	773	1420	1230	1459	1374	1506	1336	1345	2133	2072	1320	950	1852	2567	1281	1759	834	1795	1761	1200	1828	1344	1405	1490	1318	1276	1588	1356	1448	1407	1503	1461	1933	1537	1076	1616	1198	1521	1372	2377	1559	2508	1496	1200	1351	859	1584	1423	1454	969	1500	1264	1401	2623	1314	590	3027	1336	1250	1682	1501	302	1448	1955	526	1416	1455	561	1270	611	1634	1501	1415	1655	1318	674	484	1550	1177	1340	1449	1492	1535	1377	1401	1658	1322	2250	674	1498	1455	2823	596	964	1216	1000	1415	857	1510	1273	1898	1804	982	1477	1250	1650	1556	1179	1243	1486	1683	1469	1443	1391	1114	1773	1677	1384	1382	1728	1322	1685	495	1050	565	2243	2893	1738	1613	1898	1303	1370	633	1222	2092	1639	1640	1641	2989	1066	1357	1577	1451	1404	2340	1596	1047	1051	1269	1492	1704	1679	1662	1448	1256	526	1481	950	1576	1323	1355	1488	1879	2024	1504	1377	1237	1432	1069	860	736	1295	1393	1336	1451	1264	573	651	264	1615	1235	1448	1382	1773	1486	1576	1350	1315	1407	982	1230	1223	1435	1521	1255	1703	1296	1318	1113	1287	1309	1523	1272	1230	1576	1497	1802	511	1406	1773	1465	1407	682	1506	1279	1470	638	1047	1385	1722
284	59	194	624	732	317	613	180	299	473	979	1318	0	124	124	2253	473	737	616	604	776	313	709	276	1709	311	608	454	2478	84	403	1586	1558	661	525	782	911	507	622	274	91	867	2718	305	487	1401	484	1503	765	167	718	420	150	199	613	1016	931	1500	615	419	743	1338	842	669	513	826	879	777	1294	36	601	257	93	485	503	552	318	606	755	861	932	317	263	462	782	245	377	1634	314	1396	249	777	426	496	418	138	468	386	255	282	342	1819	29	872	3253	613	198	437	245	1610	473	744	832	614	479	797	274	715	727	245	268	602	93	788	1792	343	266	163	724	667	450	161	1043	418	613	1081	788	252	481	2016	860	386	850	395	268	508	1344	485	1742	597	426	785	580	597	816	908	128	481	1782	286	731	124	313	616	672	622	578	947	613	866	929	591	1845	1309	1777	1892	476	775	183	575	827	1454	887	565	634	649	3325	727	425	399	742	201	1116	2362	599	613	487	1434	745	435	422	722	294	843	811	422	445	104	276	207	2137	1286	201	161	296	180	2087	501	809	24	339	613	742	282	1361	892	1580	851	601	734	578	616	481	445	888	247	606	395	605	601	182	334	166	720	608	0	537	606	618	221	486	664	445	662	633	838	908	606	428	606	783	199	269	268	783	633	594	536
371	67	100	700	857	374	731	56	236	592	969	1391	124	0	0	2335	592	613	664	716	871	402	635	385	1783	400	726	536	2421	195	501	1580	1487	766	590	812	794	627	736	397	203	969	2698	387	607	1477	605	1583	780	42	841	517	247	211	731	949	814	1392	733	528	796	1336	777	544	613	704	762	901	1194	89	712	320	210	605	380	667	408	717	657	976	808	374	372	525	906	282	486	1717	358	1426	306	901	539	599	483	34	568	493	312	403	444	1892	152	907	3183	731	322	465	297	1677	575	626	887	725	580	851	395	781	819	297	154	479	210	819	1857	402	390	273	835	772	533	52	970	452	731	1104	819	309	582	2085	896	432	794	510	154	612	1275	606	1662	477	543	896	515	475	922	859	252	577	1723	163	844	0	436	664	752	736	691	1044	732	962	974	716	1902	1375	1800	1835	543	651	301	690	861	1419	770	639	717	734	3264	852	537	461	854	83	1120	2351	724	738	607	1372	626	464	454	834	416	896	924	533	517	220	385	249	2083	1377	116	52	419	55	2107	605	922	145	443	731	854	403	1386	1002	1649	953	724	846	691	664	577	517	816	363	717	507	728	724	58	403	290	599	727	124	502	534	737	236	607	603	517	767	676	896	829	651	523	718	813	211	389	344	822	757	707	581
371	67	100	700	857	374	731	56	236	592	969	1391	124	0	0	2335	592	613	664	716	871	402	635	385	1783	400	726	536	2421	195	501	1580	1487	766	590	812	794	627	736	397	203	969	2698	387	607	1477	605	1583	780	42	841	517	247	211	731	949	814	1392	733	528	796	1336	777	544	613	704	762	901	1194	89	712	320	210	605	380	667	408	717	657	976	808	374	372	525	906	282	486	1717	358	1426	306	901	539	599	483	34	568	493	312	403	444	1892	152	907	3183	731	322	465	297	1677	575	626	887	725	580	851	395	781	819	297	154	479	210	819	1857	402	390	273	835	772	533	52	970	452	731	1104	819	309	582	2085	896	432	794	510	154	612	1275	606	1662	477	543	896	515	475	922	859	252	577	1723	163	844	0	436	664	752	736	691	1044	732	962	974	716	1902	1375	1800	1835	543	651	301	690	861	1419	770	639	717	734	3264	852	537	461	854	83	1120	2351	724	738	607	1372	626	464	454	834	416	896	924	533	517	220	385	249	2083	1377	116	52	419	55	2107	605	922	145	443	731	854	403	1386	1002	1649	953	724	846	691	664	577	517	816	363	717	507	728	724	58	403	290	599	727	124	502	534	737	236	607	603	517	767	676	896	829	651	523	718	813	211	389	344	822	757	707	581
1969	2300	2433	1635	1905	1963	1737	2369	2552	1860	1764	2915	2253	2335	2335	0	1860	2737	1700	1704	1483	1940	2962	1986	570	1941	1751	1800	4707	2259	1852	3669	3809	1620	2511	2823	3074	1838	1702	2037	2163	1418	4807	1950	1859	864	1863	2961	2865	2362	1759	1834	2102	2137	1737	3267	2732	3694	1746	2238	1569	1581	3093	2750	2320	2948	3040	1760	3519	2270	1705	2015	2164	1860	2658	1766	1934	1701	2989	1518	2996	1963	2247	1813	1760	2061	1893	618	1985	1223	2030	1760	1862	2295	1854	2317	1792	2252	2024	2024	1916	482	2226	2866	5501	1736	2106	1910	2040	3179	1789	2627	2739	1690	1782	2720	2027	2612	1528	2040	2484	2741	2164	2826	3329	1936	2105	2093	1600	1618	1804	2388	3295	1913	1746	1462	2826	2027	1780	368	2855	2501	3095	2188	2484	2282	3594	1861	3995	2572	2178	1547	2833	2738	1485	3145	2182	1775	4021	2470	1599	2335	2126	1700	1582	1702	1733	1323	1746	1399	2861	1980	3445	996	1180	4127	1794	2776	2088	1741	2844	3645	2704	1696	1619	1603	5559	1900	1860	1876	1588	2415	1596	4420	1978	1966	1863	3678	2898	1911	1913	1602	2018	2760	1530	2232	1818	2152	1986	2089	4362	975	2289	2388	2030	2366	3971	2285	2211	2253	1920	1737	1588	2024	3311	2277	3127	1435	1814	1594	1733	1700	1775	1818	3141	2026	1701	2216	1816	1823	2366	1932	2132	2866	1766	2253	2771	2859	1751	2115	1861	2914	1818	1619	1700	2726	3160	1718	1827	1700	2825	2137	2026	1992	2788	1960	1720	1782
288	532	666	384	347	378	141	645	748	0	1003	1288	473	592	592	1860	0	1183	503	156	395	270	1143	220	1352	271	135	282	2847	441	198	1835	1967	244	664	981	1384	34	162	201	388	442	2982	296	20	1049	21	1427	1012	633	261	200	356	490	141	1429	1336	1969	142	395	565	1291	1259	1131	499	1297	1353	329	1756	504	155	373	382	18	973	94	263	159	1218	392	1397	378	387	371	335	439	141	1251	416	1221	391	329	85	472	356	593	174	401	390	192	196	1465	443	1040	3648	142	280	492	405	1591	166	1157	936	169	172	910	199	801	367	405	742	1072	382	985	1770	371	251	321	267	245	275	634	1465	469	139	964	985	390	171	1668	1028	640	1251	340	742	464	1753	20	2169	1026	340	326	1009	1067	376	1294	360	205	2165	756	272	592	265	503	389	162	126	539	140	467	1057	258	1853	1003	1608	2269	359	1223	291	119	1009	1785	1292	356	351	353	3700	339	91	361	283	673	1068	2605	264	269	24	1828	1218	489	473	265	180	955	350	391	328	372	220	434	2502	885	618	634	185	643	2233	465	590	461	191	141	283	192	1522	688	1549	425	144	275	126	503	205	328	1315	230	159	368	150	150	645	338	312	1192	135	473	925	1042	145	485	22	1082	328	245	535	929	1344	508	203	160	983	490	204	334	955	282	140	474
914	681	583	1161	1470	861	1313	557	615	1183	1071	1874	737	613	613	2737	1183	0	1052	1282	1375	941	675	963	2167	940	1312	1039	2296	806	1045	1756	1345	1309	1109	1209	399	1218	1308	1001	804	1492	2758	918	1200	1878	1199	2081	1135	571	1441	1057	827	701	1313	912	270	989	1318	1127	1176	1420	802	122	1194	255	370	1505	876	701	1278	834	814	1198	287	1243	949	1283	519	1543	259	861	975	984	1510	768	1057	2136	826	1643	815	1505	1116	1185	955	601	1113	1090	818	1004	1005	2264	763	1308	2964	1313	930	853	801	2130	1121	155	1348	1289	1124	1313	995	1278	1320	801	502	226	814	1216	2300	883	1003	864	1396	1317	1039	589	897	858	1316	1327	1216	817	1126	2438	1300	939	861	1117	502	1202	1167	1199	1438	169	1150	1454	661	229	1461	938	865	1109	1623	462	1406	613	1049	1052	1223	1308	1262	1546	1316	1465	1397	1329	2318	1741	1959	1738	1007	41	900	1263	1260	1477	237	1107	1198	1218	3092	1465	1112	934	1416	549	1260	2465	1337	1351	1202	1290	272	854	857	1395	1019	1349	1482	1132	999	821	963	759	1992	1841	564	589	1024	558	2369	1194	1521	758	1007	1313	1416	1004	1704	1593	2113	1479	1323	1408	1262	1052	1109	999	784	954	1283	1110	1327	1325	555	904	900	246	1317	737	775	637	1325	713	1200	720	999	1310	1046	1364	754	1034	1061	1283	1208	701	988	871	1242	1371	1277	978
358	647	764	163	832	299	528	687	898	503	503	1773	616	664	664	1700	503	1052	0	456	380	339	1299	430	1136	340	540	230	3085	657	325	2193	2151	407	1060	1360	1373	519	488	528	542	506	3330	333	521	836	524	1923	1361	683	693	314	478	454	528	1613	1104	1993	543	831	133	794	1442	1053	947	1249	1339	762	1821	620	452	358	549	520	958	471	339	453	1299	640	1307	299	741	164	768	382	400	1090	306	785	367	762	428	921	205	640	329	820	361	515	374	1241	596	1438	3845	527	556	210	373	2075	337	963	1364	451	331	1332	511	1231	331	373	801	1040	549	1366	2257	273	609	491	511	416	237	716	1634	216	540	486	1366	364	332	1429	1427	967	1457	777	801	920	1939	522	2318	884	792	546	1180	1037	509	1520	601	298	2388	779	523	664	667	0	215	488	460	526	541	455	1477	762	2332	718	1171	2499	162	1092	511	470	1399	2070	1068	154	217	233	3928	824	421	221	527	737	568	2970	768	771	526	2036	1197	211	215	511	521	1380	570	829	199	539	430	417	2747	789	597	716	541	684	2658	918	1093	626	381	528	527	515	1933	1191	2036	499	612	522	460	0	298	199	1479	475	453	799	619	622	684	287	565	1165	560	616	1152	1198	556	429	523	1267	199	408	32	1362	1489	19	309	453	1361	454	504	354	1349	783	467	84
368	661	798	306	386	434	74	765	891	156	957	1403	604	716	716	1704	156	1282	456	0	247	341	1291	330	1197	342	89	280	3004	583	240	1988	2120	95	817	1134	1511	137	32	345	515	286	3134	365	156	897	160	1529	1167	754	237	230	470	580	74	1582	1412	2105	90	546	482	1212	1410	1241	643	1415	1478	306	1896	632	4	450	511	157	1092	61	333	3	1358	262	1508	434	543	368	312	516	230	1095	472	1106	468	306	177	617	372	712	176	554	465	334	278	1311	574	1189	3804	73	422	511	483	1704	166	1240	1080	13	166	1055	339	946	231	483	869	1190	511	1137	1881	418	404	443	119	93	276	762	1616	492	88	873	1137	467	163	1515	1178	797	1404	492	869	607	1906	158	2321	1119	488	180	1158	1186	221	1449	502	191	2321	877	127	716	422	456	287	32	29	382	88	313	1202	353	1969	858	1489	2425	349	1323	421	38	1161	1941	1370	302	258	252	3856	378	179	386	138	799	996	2755	356	353	160	1983	1341	509	496	117	325	1100	207	541	331	500	330	522	2658	728	723	762	333	763	2372	609	681	595	277	74	138	334	1666	777	1659	268	172	130	29	456	191	331	1466	356	3	520	178	183	765	389	452	1313	112	604	1078	1190	103	570	159	1233	331	95	488	1072	1492	467	227	4	1135	580	342	411	1106	360	18	454
499	827	964	225	600	520	308	912	1074	395	828	1644	776	871	871	1483	395	1375	380	247	0	468	1483	504	960	470	325	342	3226	776	372	2230	2326	152	1059	1376	1650	382	261	555	685	126	3377	484	399	655	404	1761	1404	903	430	355	627	694	308	1784	1463	2260	323	790	334	1027	1611	1354	890	1541	1617	483	2065	797	247	561	685	400	1227	305	462	244	1527	282	1618	520	771	391	487	619	409	867	552	878	578	483	380	864	420	858	309	796	573	541	435	1073	748	1435	4017	308	622	531	591	1942	305	1307	1328	234	299	1302	544	1193	55	591	1024	1320	685	1380	2118	495	626	613	203	154	343	921	1815	521	322	681	1380	576	297	1276	1423	1025	1611	735	1024	854	2111	402	2517	1207	734	203	1352	1316	140	1662	698	295	2537	1020	211	871	655	380	166	261	274	174	322	91	1449	594	2209	611	1255	2644	368	1416	606	285	1405	2171	1423	271	179	160	4077	592	378	442	207	954	826	3000	597	592	404	2194	1476	530	523	203	536	1347	218	785	376	673	504	638	2881	511	848	921	550	909	2620	856	913	773	438	308	207	541	1914	1007	1897	118	408	208	274	380	295	376	1661	542	244	763	414	420	910	480	648	1446	348	776	1287	1380	335	676	402	1432	376	152	405	1320	1683	398	348	243	1378	694	543	530	1350	596	266	424
30	360	496	313	612	109	379	444	612	270	794	1451	313	402	402	1940	270	941	339	341	468	0	1022	95	1396	1	381	141	2788	332	104	1859	1871	372	720	1021	1187	302	368	197	225	570	3000	25	291	1087	291	1611	1025	434	528	118	162	240	379	1329	1074	1792	387	501	451	1121	1156	904	617	1084	1153	598	1596	330	337	108	228	289	764	307	7	341	1058	602	1171	109	402	175	604	176	129	1321	145	1123	127	598	188	592	136	390	173	486	124	186	74	1506	287	1099	3566	379	216	240	141	1752	181	900	1025	347	184	993	180	894	417	141	556	859	228	1027	1935	108	275	161	455	379	137	453	1356	215	384	825	1027	126	187	1704	1087	631	1162	450	556	593	1657	290	2055	778	469	513	894	855	528	1218	267	176	2094	553	465	402	336	339	359	368	322	642	385	560	1138	502	2004	1000	1510	2203	180	982	173	325	1060	1753	1032	255	320	336	3636	605	183	126	474	485	894	2636	509	517	294	1746	1013	238	220	453	196	1041	541	500	144	217	95	181	2446	976	387	453	215	441	2319	590	810	315	79	379	474	186	1594	907	1715	554	414	466	322	339	176	144	1202	137	341	469	420	420	442	75	227	984	391	313	844	919	396	228	292	977	144	373	364	1025	1220	335	123	342	1022	240	172	69	1009	534	337	275
992	663	535	1331	1291	1009	1283	613	410	1143	1542	1310	709	635	635	2962	1143	675	1299	1291	1483	1022	0	979	2416	1020	1274	1162	1789	709	1111	1084	852	1360	692	631	465	1173	1303	945	799	1567	2132	1012	1151	2108	1148	1522	536	616	1343	1128	859	845	1283	314	943	874	1280	869	1432	1914	149	554	868	511	455	1386	637	692	1288	953	798	1150	456	1233	1027	1293	194	1533	645	1009	776	1160	1389	917	1077	2343	994	2047	941	1386	1117	876	1117	659	1174	837	946	957	1048	2525	736	719	2548	1283	869	1096	932	1528	1178	808	808	1303	1184	780	952	792	1435	932	502	459	798	638	1685	1036	893	869	1408	1364	1158	583	335	1085	1279	1721	638	943	1186	2720	713	573	192	894	502	896	639	1149	1033	696	921	1469	133	457	1510	270	789	1188	1091	535	1414	635	898	1299	1380	1303	1262	1652	1279	1572	814	1152	1686	2010	2410	1204	1177	681	878	1258	676	836	912	1270	1343	1358	2629	1289	1117	1096	1425	563	1713	1815	1159	1174	1149	739	431	1095	1087	1406	966	800	1493	876	1149	810	979	884	1455	1994	710	583	958	616	1694	888	1194	709	1044	1283	1425	957	1044	1231	1519	1550	1241	1417	1262	1299	1188	1149	180	943	1293	872	1243	1237	617	1035	840	443	1267	709	253	102	1280	870	1149	85	1149	1361	1310	829	201	1285	1136	1294	629	845	950	972	680	1191	1278	1215
91	332	470	383	543	192	350	435	571	220	890	1355	276	385	385	1986	220	963	430	330	504	95	979	0	1451	94	348	214	2729	272	136	1779	1822	384	630	936	1180	254	352	102	185	591	2922	112	238	1143	237	1516	945	423	481	154	139	270	350	1280	1117	1776	355	406	535	1216	1107	914	522	1086	1147	548	1571	302	327	166	183	236	762	283	93	332	1032	591	1181	192	313	266	553	227	101	1369	224	1209	181	548	155	497	230	381	194	392	181	91	71	1563	247	1011	3515	350	131	332	193	1657	198	937	934	340	204	902	85	801	458	193	539	860	183	941	1839	198	180	113	450	390	208	432	1310	307	352	916	941	181	206	1763	999	551	1109	355	539	498	1608	237	2013	806	374	511	848	856	539	1161	197	212	2038	546	458	385	241	430	419	352	306	673	353	592	1047	423	1909	1066	1597	2145	268	1004	102	305	973	1685	1073	329	379	391	3579	536	152	221	469	468	989	2555	430	440	240	1692	1010	330	312	448	102	950	538	405	231	172	0	216	2385	1015	399	432	121	432	2229	495	721	271	66	350	469	91	1505	817	1620	574	363	461	306	430	212	231	1157	46	332	374	368	367	434	167	150	983	353	276	786	877	361	268	238	928	231	385	456	932	1179	427	162	332	937	270	76	131	922	458	322	369
1425	1753	1882	1085	1461	1409	1242	1814	2006	1352	1204	2512	1709	1783	1783	570	1352	2167	1136	1197	960	1396	2416	1451	0	1397	1258	1254	4181	1723	1315	3185	3267	1107	2015	2332	2507	1335	1201	1513	1621	919	4330	1404	1354	308	1358	2589	2364	1808	1299	1297	1558	1581	1242	2725	2162	3128	1254	1743	1004	1064	2552	2182	1836	2380	2473	1316	2957	1723	1198	1463	1624	1354	2095	1259	1391	1194	2432	1058	2426	1409	1731	1258	1318	1505	1364	158	1428	701	1477	1316	1340	1810	1300	1763	1260	1752	1471	1499	1380	113	1683	2384	4962	1242	1577	1347	1487	2795	1258	2056	2268	1184	1251	2246	1501	2136	998	1487	1930	2176	1624	2335	2958	1382	1586	1554	1108	1106	1259	1836	2751	1351	1254	900	2335	1474	1250	317	2374	1985	2558	1690	1930	1798	3053	1356	3445	2003	1685	1064	2289	2173	991	2612	1649	1239	3489	1912	1109	1783	1615	1136	1036	1201	1227	817	1254	884	2391	1510	3065	425	794	3597	1240	2205	1553	1236	2357	3131	2134	1145	1075	1061	5031	1455	1338	1322	1099	1862	1045	3950	1510	1500	1358	3142	2332	1347	1351	1110	1495	2289	1051	1738	1267	1612	1451	1535	3837	489	1730	1836	1509	1811	3540	1801	1782	1711	1385	1242	1099	1499	2852	1861	2746	936	1331	1105	1227	1136	1239	1267	2596	1494	1194	1718	1334	1341	1811	1380	1600	2300	1277	1709	2237	2313	1262	1557	1356	2373	1267	1106	1134	2258	2612	1153	1289	1194	2333	1581	1499	1443	2302	1498	1215	1219
28	359	494	315	612	108	380	442	610	271	795	1450	311	400	400	1941	271	940	340	342	470	1	1020	94	1397	0	382	143	2786	331	105	1857	1870	374	719	1020	1185	303	369	197	223	571	2998	25	291	1089	291	1611	1024	433	529	119	161	238	380	1327	1073	1791	388	500	453	1122	1154	902	617	1082	1152	599	1594	329	338	107	227	289	762	308	8	343	1057	603	1169	108	401	176	605	174	129	1323	145	1124	126	599	189	591	137	388	174	485	123	186	74	1508	285	1097	3565	380	215	241	140	1752	182	899	1024	349	186	992	179	893	419	140	554	858	227	1025	1934	108	274	159	456	381	138	451	1354	216	385	826	1025	124	188	1705	1086	630	1160	449	554	593	1655	291	2053	777	468	515	892	854	529	1217	265	177	2092	552	466	400	335	340	360	369	323	644	386	561	1137	502	2004	1002	1511	2201	181	981	172	326	1059	1751	1031	257	322	337	3635	605	183	127	475	483	895	2634	509	518	294	1744	1012	238	220	454	195	1040	543	499	145	215	94	180	2444	977	386	451	214	440	2317	590	810	313	80	380	475	186	1592	907	1714	556	415	468	323	340	177	145	1200	136	343	468	421	421	441	75	225	983	392	311	843	918	397	227	292	975	145	375	366	1023	1219	336	125	343	1021	238	171	68	1008	535	339	276
404	667	801	393	297	483	16	779	882	135	1042	1319	608	726	726	1751	135	1312	540	89	325	381	1274	348	1258	382	0	348	2962	575	288	1928	2091	177	761	1075	1519	102	65	336	523	339	3072	406	123	962	126	1442	1114	766	157	284	486	613	16	1556	1455	2103	7	487	571	1301	1387	1262	577	1431	1487	228	1889	639	92	489	516	124	1107	76	374	92	1352	259	1529	483	508	439	234	556	256	1148	521	1193	507	228	196	552	436	727	236	501	505	327	310	1372	578	1126	3768	17	415	577	522	1618	226	1279	1012	99	228	988	334	879	316	522	877	1205	516	1079	1795	471	380	454	150	173	342	769	1593	555	4	963	1079	506	226	1576	1115	756	1376	437	877	540	1878	125	2297	1152	428	204	1140	1201	267	1417	495	259	2284	889	152	726	383	540	376	65	79	440	5	379	1134	269	1885	934	1575	2387	421	1352	425	69	1100	1895	1413	386	347	342	3815	289	200	447	163	808	1084	2691	271	267	124	1950	1352	574	559	149	315	1032	225	482	399	506	348	556	2616	780	748	769	319	777	2298	543	593	596	307	16	163	327	1597	689	1574	322	84	156	79	540	259	399	1445	363	92	465	90	95	779	440	447	1326	23	608	1051	1174	16	606	124	1211	399	178	572	1002	1474	549	283	93	1077	613	339	449	1044	273	74	531
170	499	632	172	624	179	340	574	752	282	722	1543	454	536	536	1800	282	1039	230	280	342	141	1162	214	1254	143	348	0	2930	473	95	1993	2012	276	843	1150	1308	303	312	305	367	454	3136	149	301	946	303	1693	1159	565	505	84	303	352	340	1470	1146	1920	353	604	322	1024	1297	1013	720	1199	1275	576	1728	469	276	219	370	300	885	272	137	279	1193	521	1278	179	526	91	582	276	170	1182	212	996	236	576	201	693	92	520	113	595	231	292	149	1365	428	1224	3707	340	345	231	249	1846	123	981	1142	281	120	1111	289	1008	288	249	688	978	370	1155	2027	155	387	302	374	285	7	588	1496	212	350	711	1155	234	122	1562	1212	765	1304	550	688	691	1798	302	2194	872	563	427	1035	974	423	1360	405	89	2235	680	386	536	441	230	218	312	272	516	351	433	1257	539	2103	859	1385	2345	76	1080	309	280	1186	1893	1105	115	181	197	3778	616	194	109	393	617	798	2770	546	550	306	1888	1134	229	215	373	296	1159	454	602	51	358	214	297	2587	841	506	588	315	571	2440	689	867	456	156	340	393	292	1717	965	1806	440	407	386	272	230	89	51	1342	260	279	572	414	416	572	138	361	1103	365	454	986	1059	365	333	303	1118	51	277	260	1139	1360	231	80	279	1151	352	283	192	1135	565	284	192
2760	2440	2321	3102	2870	2790	2976	2402	2187	2847	3314	2193	2478	2421	2421	4707	2847	2296	3085	3004	3226	2788	1789	2729	4181	2786	2962	2930	0	2458	2866	1197	956	3087	2216	1924	1901	2871	3008	2671	2563	3290	851	2782	2850	3873	2846	2324	1862	2405	2982	2883	2627	2632	2976	1475	2496	1454	2968	2483	3216	3682	1644	2209	2418	2042	1927	3001	1445	2468	3002	2732	2559	2849	2201	2942	2792	3007	1833	3210	2094	2790	2460	2939	3002	2703	2817	4094	2779	3835	2721	3001	2846	2439	2896	2447	2921	2464	2727	2684	2800	4293	2502	1910	838	2976	2604	2885	2714	2145	2923	2451	2057	3017	2930	2063	2682	2160	3184	2714	2292	2157	2559	1923	2160	2817	2601	2628	3111	3089	2925	2369	1461	2873	2967	3509	1923	2724	2932	4491	1918	2207	1628	2529	2292	2456	1156	2847	878	2399	2543	3167	1905	2157	3224	1569	2532	2941	698	2324	3114	2421	2582	3085	3146	3008	2974	3384	2968	3308	1951	2762	2053	3788	4194	586	2954	2277	2627	2967	1917	1075	2488	3043	3106	3120	852	2871	2848	2875	3125	2351	3491	928	2766	2779	2846	1050	2033	2884	2875	3109	2689	2036	3187	2489	2923	2571	2729	2668	346	3731	2500	2369	2677	2406	1461	2451	2631	2473	2795	2976	3125	2684	1621	2608	2183	3272	2907	3118	2974	3085	2941	2923	1612	2687	3007	2501	2906	2899	2406	2812	2580	2065	2949	2478	1944	1888	2964	2657	2847	1818	2923	3088	3098	2077	1611	3072	2891	3007	1922	2632	2683	2747	1969	2791	2987	3002
306	128	237	645	670	361	582	250	307	441	1047	1236	84	195	195	2259	441	806	657	583	776	332	709	272	1723	331	575	473	2458	0	408	1536	1550	650	446	716	953	473	598	239	116	858	2673	330	452	1415	449	1420	707	236	671	426	179	273	582	1008	1009	1528	582	336	779	1401	835	731	429	877	922	726	1315	116	580	302	107	450	558	527	336	585	777	833	989	361	180	497	731	306	367	1641	366	1442	299	726	408	412	453	216	467	302	304	250	343	1834	78	803	3242	583	161	493	298	1529	470	821	756	594	476	721	243	636	730	298	318	656	107	723	1711	385	208	171	702	655	468	218	1039	473	580	1133	723	301	478	2033	791	318	836	315	318	424	1335	450	1742	672	347	763	577	651	801	889	80	484	1765	347	708	195	244	657	688	598	555	943	580	863	856	527	1766	1332	1826	1874	507	843	170	551	760	1420	965	588	648	662	3307	665	408	436	719	258	1177	2313	534	549	451	1420	793	491	476	700	260	768	788	340	473	118	272	268	2115	1287	285	218	256	250	2022	417	728	59	338	582	719	250	1296	810	1498	841	558	711	555	657	484	473	886	233	585	313	561	556	253	370	130	770	572	84	514	607	583	293	451	656	473	651	677	760	910	649	433	586	717	273	241	303	714	569	571	581
133	455	592	250	545	195	284	545	702	198	814	1447	403	501	501	1852	198	1045	325	240	372	104	1111	136	1315	105	288	95	2866	408	0	1910	1957	268	753	1063	1289	224	268	215	312	468	3055	126	218	1007	219	1598	1076	535	441	17	255	343	284	1414	1172	1893	294	510	414	1119	1241	1008	625	1187	1256	513	1694	425	235	211	313	216	867	212	96	240	1156	498	1275	195	439	177	519	277	74	1234	233	1087	229	513	113	598	158	491	69	502	226	201	65	1427	375	1135	3650	284	265	295	244	1750	76	1000	1050	245	80	1020	200	916	324	244	655	963	313	1068	1931	182	297	241	351	275	88	551	1444	272	291	806	1068	228	82	1626	1123	685	1244	455	655	596	1742	218	2145	881	468	409	981	959	424	1297	333	77	2174	655	361	501	348	325	283	268	223	544	292	462	1166	451	2007	930	1476	2282	168	1086	238	227	1099	1821	1130	201	243	255	3715	537	106	164	370	584	893	2686	457	463	223	1828	1117	292	276	349	204	1067	437	508	134	301	136	285	2522	883	492	551	222	542	2349	595	775	401	71	284	370	201	1627	873	1710	452	334	363	223	325	77	134	1290	180	240	478	340	341	544	151	286	1088	302	403	922	1008	304	331	220	1062	134	269	355	1047	1311	326	25	240	1065	343	195	173	1046	478	238	283
1836	1570	1493	2161	1772	1897	1943	1586	1355	1835	2549	995	1586	1580	1580	3669	1835	1756	2193	1988	2230	1859	1084	1779	3185	1857	1928	1993	1197	1536	1910	0	838	2080	1171	854	1461	1850	1983	1696	1652	2267	1146	1861	1832	2885	1828	1135	834	1582	1910	1927	1715	1777	1943	874	2020	1443	1932	1442	2310	2916	954	1637	1351	1558	1468	1913	1247	1591	1987	1838	1644	1832	1533	1927	1861	1991	1241	2150	1674	1897	1471	2030	1914	1832	1847	3076	1899	2978	1833	1913	1858	1376	1988	1613	1951	1434	1839	1710	1847	3299	1601	803	2033	1944	1647	2024	1830	976	1950	1893	933	2002	1957	949	1711	1057	2199	1830	1502	1543	1644	850	1032	1921	1616	1701	2078	2080	1987	1537	910	2005	1932	2667	850	1835	1958	3503	813	1227	895	1496	1502	1389	802	1830	1053	1778	1500	2127	1134	1541	2195	817	1592	1977	753	1551	2078	1580	1578	2193	2191	1983	1959	2368	1932	2301	813	1689	953	2833	3362	778	2039	1758	1685	1949	828	376	1991	2108	2150	2159	2005	1775	1862	1971	2089	1538	2699	777	1691	1702	1827	714	1496	2022	2008	2077	1711	911	2142	1447	2003	1654	1779	1794	887	2707	1688	1537	1694	1589	644	1386	1494	1572	1840	1943	2089	1710	424	1454	1007	2250	1858	2083	1959	2193	1977	2003	981	1733	1991	1468	1855	1848	1591	1905	1632	1515	1910	1586	1086	1143	1925	1802	1829	1055	2003	2081	2214	948	1022	2185	1935	1992	852	1777	1715	1839	883	1709	1970	2117
1842	1514	1388	2182	2051	1861	2103	1463	1260	1967	2358	1653	1558	1487	1487	3809	1967	1345	2151	2120	2326	1871	852	1822	3267	1870	2091	2012	956	1550	1957	838	0	2196	1394	1156	955	1994	2129	1777	1646	2403	1478	1862	1972	2959	1968	1840	1070	1467	2137	1974	1708	1696	2103	542	1559	658	2098	1637	2284	2726	715	1254	1597	1094	979	2168	541	1543	2118	1805	1644	1971	1245	2060	1876	2123	878	2348	1159	1861	1583	2012	2170	1770	1917	3191	1846	2886	1793	2168	1952	1614	1969	1511	2017	1612	1799	1790	1892	3377	1584	1183	1695	2103	1705	1946	1784	1737	2020	1500	1329	2133	2027	1321	1786	1395	2280	1784	1350	1200	1644	1158	1830	1889	1716	1715	2234	2200	2008	1435	517	1936	2096	2560	1158	1795	2029	3572	1186	1341	716	1676	1350	1632	214	1970	245	1442	1696	2293	977	1201	2342	675	1628	2034	283	1378	2239	1487	1708	2151	2230	2129	2091	2492	2097	2413	1255	1926	1769	2863	3241	395	2029	1328	1720	2085	1170	471	1546	2122	2192	2207	1782	2052	1953	1948	2250	1413	2537	1267	1931	1947	1970	164	1079	1945	1937	2232	1797	1311	2316	1644	2000	1656	1822	1737	647	2837	1557	1435	1787	1467	1443	1626	1870	1556	1888	2103	2250	1790	1131	1873	1755	2386	2047	2242	2091	2151	2034	2000	671	1783	2123	1650	2047	2041	1467	1887	1678	1110	2081	1558	1042	954	2095	1721	1970	894	2000	2197	2161	1352	662	2137	1982	2124	1154	1696	1785	1824	1211	1961	2105	2067
402	716	854	246	466	449	160	813	955	244	898	1496	661	766	766	1620	244	1309	407	95	152	372	1360	384	1107	374	177	276	3087	650	268	2080	2196	0	909	1226	1558	230	112	418	570	207	3226	393	248	805	252	1619	1256	802	304	254	519	611	160	1656	1422	2159	176	638	411	1136	1483	1276	738	1456	1525	367	1956	686	94	476	568	248	1136	153	365	91	1417	246	1543	449	627	354	373	541	284	1008	485	1016	495	367	243	711	368	759	199	646	491	406	322	1221	632	1283	3883	160	491	501	509	1796	192	1257	1175	81	188	1150	410	1041	138	509	921	1232	568	1229	1973	429	485	498	104	9	274	815	1688	485	175	794	1229	493	186	1424	1272	881	1480	584	921	702	1981	250	2392	1144	582	150	1228	1228	155	1527	570	200	2401	923	117	766	508	407	213	112	121	297	175	223	1297	446	2062	763	1397	2506	331	1350	483	132	1253	2027	1381	260	194	182	3939	458	242	386	121	850	923	2848	448	445	252	2061	1385	499	488	103	399	1194	178	634	324	556	384	553	2741	644	760	815	410	810	2468	703	770	655	323	160	121	406	1761	866	1751	190	261	115	121	407	200	324	1536	417	91	612	267	273	812	405	520	1357	200	661	1154	1258	189	597	250	1305	324	0	438	1167	1561	421	249	91	1227	611	410	440	1199	450	113	422
