NAME : VRPTW_INSTANCE_321.txt
COMMENT : Bangkok Supermarket
TYPE : VRPTW
DIMENSION : 327
DAYS : Friday
EDGE_WEIGHT_TYPE : EXPLICIT
VEHICLES : 36
EDGE_WEIGHT_FORMAT : FULL_MATRIX
CAPACITY : 1000
EDGE_WEIGHT_SECTION
0	124	176	503	83	79	1006	1062	119	367	635	2216	419	420	686	1883	365	317	1033	430	923	311	1811	2716	601	224	111	996	1988	1640	2928	621	1028	519	1019	394	651	1312	669	950	1624	1388	917	1507	79	232	3479	171	582	385	346	306	985	165	351	586	1297	124	2053	877	627	367	1021	782	413	2041	300	772	496	977	199	1605	264	954	1858	133	203	1058	367	915	202	208	382	991	576	289	284	111	404	258	397	183	405	1056	125	883	166	344	907	402	413	21	113	763	430	404	258	768	978	1426	1966	221	529	449	505	1089	17	189	182	213	1229	1424	534	1230	372	1805	103	153	408	149	379	412	852	1627	422	216	394	484	192	153	1072	495	1682	84	395	665	368	2699	1142	308	118	755	2467	977	221	392	705	953	371	545	1028	753	221	583	358	834	1778	605	826	239	544	480	1059	996	301	1610	135	617	351	695	1092	448	1642	315	1473	201	264	652	1022	215	97	309	288	2748	942	401	170	439	785	284	464	622	762	284	203	2378	1509	442	189	891	60	1935	97	368	463	514	46	221	1740	213	3285	208	1219	1642	1064	1111	488	216	414	1722	165	766	864	118	411	28	449	779	201	495	1162	1807	288	1589	481	351	394	929	437	547	1126	1909	111	404	199	1435	891	93	213	1812	1131	1781	607	1717	422	21	2236	609	356	448	153	355	154	1779	177	2116	1429	2009	308	192	909	395	102	358	1300	1731	948	989	839	229	1031	643	420	1133	1727	243	801	527	154	399	582	223	589	311	1066	1399	1902	1740	363	1027	438	1065	97	301	2566	272	1050	499	462	941	1480	504	1126	353	1269	422	748
124	0	135	419	186	128	1129	1173	239	438	513	2104	316	447	587	2006	465	436	915	452	871	337	1698	2617	509	318	232	887	1886	1557	2813	700	926	403	902	458	741	1191	546	830	1529	1287	837	1574	156	342	3356	117	469	293	464	182	864	125	412	502	1182	0	1934	813	561	438	1144	709	501	1943	195	700	491	899	103	1502	186	845	1751	172	181	1174	438	809	297	261	314	884	685	343	171	148	456	189	311	289	328	1172	243	769	286	410	805	454	501	143	233	640	452	323	142	691	867	1545	2085	122	515	479	610	975	141	68	143	307	1109	1305	657	1114	444	1699	145	274	456	271	444	462	968	1533	473	309	458	394	288	50	1189	569	1562	145	305	561	485	2577	1255	336	152	643	2349	899	323	484	638	1072	278	604	926	707	317	521	479	715	1658	723	704	339	527	410	992	885	400	1734	234	640	303	797	1009	473	1519	426	1593	306	186	605	911	318	217	213	404	2626	824	298	291	349	672	171	342	660	639	171	259	2256	1576	361	68	795	162	1834	217	485	382	473	128	122	1616	269	3165	261	1095	1766	950	998	567	273	438	1600	125	646	749	152	526	148	568	716	80	409	1069	1688	319	1466	554	416	486	806	463	545	1009	2030	172	323	103	1340	795	170	307	1916	1247	1661	594	1598	449	137	2138	488	424	523	50	235	150	1659	136	2221	1549	1910	336	158	1022	323	149	479	1183	1635	828	866	724	199	1105	646	322	1020	1603	343	900	648	150	490	495	314	500	419	1190	1275	1788	1635	429	909	463	948	168	400	2445	202	1165	574	521	831	1362	581	1009	469	1147	473	624
176	135	0	329	176	230	1116	1227	285	341	513	2058	421	319	520	1983	402	477	891	322	1001	212	1655	2710	430	259	277	837	1978	1464	2877	602	1020	382	967	354	654	1178	556	890	1451	1220	741	1458	136	404	3378	252	551	411	437	244	851	10	308	411	1251	135	1908	939	688	341	1126	831	419	1870	306	822	355	1016	82	1439	97	796	1695	99	48	1126	341	753	243	167	206	828	746	455	274	259	342	85	432	254	454	1124	294	733	283	309	741	340	419	196	279	683	322	447	244	811	821	1501	2045	94	380	604	676	937	185	176	8	250	1091	1281	667	1180	347	1641	254	315	339	279	342	347	920	1454	357	252	354	313	237	95	1143	469	1614	244	423	657	451	2613	1197	213	265	602	2320	1016	275	408	764	1032	395	715	1020	583	397	408	512	776	1636	762	754	286	393	537	1115	840	339	1739	202	509	178	724	1123	344	1520	484	1620	265	97	482	865	273	267	152	453	2619	802	404	290	270	634	274	402	533	683	274	167	2293	1460	268	176	721	165	1925	267	451	505	345	211	94	1645	176	3213	167	1111	1764	914	1073	471	179	309	1642	10	704	821	265	487	180	537	604	185	323	989	1665	199	1499	453	314	408	843	334	410	1073	2055	123	447	82	1442	721	140	249	1839	1196	1709	459	1651	322	197	2065	487	325	426	95	314	277	1707	1	2285	1509	1839	213	23	967	451	256	512	1245	1559	887	904	796	334	997	510	433	978	1629	290	975	678	277	411	410	252	416	482	1179	1288	1746	1576	327	886	334	922	133	339	2487	98	1113	474	632	784	1420	482	1073	434	1140	357	665
503	419	329	0	502	544	1396	1555	615	541	341	1742	539	411	203	2240	656	805	618	401	1151	380	1343	2660	106	542	607	528	1933	1138	2742	753	1018	217	885	533	829	912	399	799	1122	894	417	1491	463	733	3149	517	575	567	728	359	600	339	500	83	1162	419	1612	1068	839	542	1401	945	636	1541	475	941	327	1100	317	1113	239	490	1374	414	319	1358	542	440	533	433	130	512	1076	763	441	567	493	244	594	558	627	1356	624	448	602	511	419	493	636	524	609	579	401	614	425	919	519	1733	2273	297	305	892	1006	641	514	407	325	537	818	996	978	1086	547	1318	564	644	482	603	529	492	1159	1124	498	537	533	38	532	370	1378	635	1467	560	577	698	736	2418	1409	385	571	322	2021	1100	566	638	904	1279	552	1024	1018	340	723	138	838	701	1347	1088	654	571	304	705	1222	538	604	2034	515	510	188	927	1185	419	1271	814	1933	564	239	249	560	566	596	207	783	2345	538	529	609	75	354	441	417	574	579	441	436	2102	1493	60	407	392	493	1880	596	736	657	192	532	297	1446	440	3037	433	903	2051	621	1010	648	441	401	1473	339	633	771	571	762	510	819	310	406	15	659	1378	391	1313	620	510	638	701	416	365	979	2365	443	614	317	1444	392	464	535	1995	1420	1551	356	1508	415	524	1736	323	526	607	370	415	566	1549	328	2614	1747	1509	385	318	1191	635	567	838	1139	1229	794	757	752	596	1082	443	563	676	1425	573	1304	1001	566	637	80	533	88	812	1462	1066	1435	1252	520	615	413	644	456	604	2304	231	1337	639	941	481	1294	652	979	718	885	498	555
83	186	176	502	0	160	952	1053	124	285	677	2235	496	353	696	1826	284	302	1064	364	1006	247	1831	2796	605	141	117	1013	2067	1629	2999	537	1106	552	1089	313	568	1349	715	1016	1623	1395	905	1424	40	242	3534	254	654	465	279	365	1021	169	271	582	1368	186	2083	960	711	285	965	865	330	2043	376	856	442	1060	230	1614	274	973	1872	91	184	988	285	930	118	138	374	1005	576	348	356	190	326	261	478	103	488	986	136	908	108	263	916	325	330	82	119	823	364	486	328	852	998	1359	1900	251	480	513	509	1113	71	254	179	130	1263	1455	493	1300	290	1817	182	147	332	102	297	335	781	1625	344	132	313	489	109	197	1003	412	1748	161	476	743	299	2760	1069	244	197	778	2496	1060	139	309	788	886	451	592	1106	718	251	564	336	901	1809	586	889	157	496	563	1142	1017	219	1568	52	547	331	615	1175	380	1686	317	1443	121	274	621	1042	134	113	327	282	2788	975	478	115	447	809	356	527	547	822	356	132	2439	1425	441	254	894	24	2014	113	299	545	481	125	251	1797	140	3351	138	1269	1596	1089	1184	405	143	347	1784	169	832	935	197	340	56	383	756	266	496	1160	1839	223	1648	398	271	311	988	370	490	1195	1879	60	486	230	1516	894	37	130	1733	1060	1846	555	1784	354	93	2238	651	274	365	197	421	237	1844	177	2113	1364	2012	244	184	836	478	180	336	1369	1730	1014	1048	910	313	948	583	499	1155	1782	161	810	502	237	316	583	140	590	318	1014	1448	1923	1752	282	1059	371	1096	46	219	2629	274	979	416	510	961	1548	421	1195	283	1309	344	806
79	128	230	544	160	0	1036	1047	137	445	633	2231	369	499	716	1916	433	321	1038	507	846	388	1824	2655	636	299	132	1015	1928	1682	2881	696	971	529	978	472	722	1310	660	912	1658	1416	961	1583	158	220	3455	112	539	326	399	291	984	220	430	627	1251	128	2056	802	554	445	1054	711	487	2072	256	700	569	907	228	1630	306	973	1878	209	267	1107	445	937	276	287	431	1013	558	224	248	32	483	304	335	252	339	1106	136	895	220	423	934	482	487	78	132	736	507	340	228	698	994	1471	2008	248	600	376	483	1101	88	174	238	288	1230	1427	555	1187	450	1827	25	171	487	198	457	491	903	1661	501	290	472	520	266	174	1120	572	1644	17	336	612	423	2667	1196	386	38	770	2471	907	292	464	632	1000	315	485	971	814	189	636	368	798	1780	603	795	310	615	410	985	1012	372	1626	210	695	409	760	1023	526	1631	304	1476	270	306	713	1039	285	116	339	285	2740	947	351	222	475	799	248	438	701	736	248	283	2346	1585	484	174	923	139	1876	116	423	397	576	35	248	1714	292	3247	287	1202	1663	1075	1063	564	295	492	1689	220	732	821	38	467	103	499	832	184	534	1197	1809	366	1562	559	430	466	904	516	621	1085	1912	189	340	228	1371	923	172	288	1873	1182	1745	679	1678	501	66	2267	607	434	525	174	326	77	1743	232	2093	1472	2038	386	251	964	327	25	368	1258	1764	911	963	796	154	1107	719	365	1147	1702	313	771	534	77	472	621	298	626	294	1095	1383	1914	1763	442	1032	516	1071	176	372	2531	318	1102	576	401	959	1440	580	1085	409	1265	501	723
1006	1129	1116	1396	952	1036	0	595	900	865	1628	3128	1401	1024	1599	879	740	729	2002	1040	1703	1019	2735	3618	1502	862	905	1924	2909	2401	3904	761	1977	1498	2013	883	674	2292	1668	1949	2447	2261	1727	1224	990	838	4485	1147	1574	1351	678	1312	1966	1111	905	1462	2281	1129	3009	1705	1502	864	38	1657	772	2870	1293	1644	1154	1848	1182	2481	1209	1887	2751	1016	1101	296	864	1835	875	969	1269	1907	649	999	1284	1045	930	1192	1353	861	1345	296	900	1837	845	892	1809	931	772	987	905	1769	1040	1351	1261	1655	1915	495	993	1201	1202	1091	702	2036	988	1195	1115	869	2203	2388	485	2220	860	2692	1039	865	945	858	882	935	321	2448	933	868	883	1397	879	1149	279	815	2680	1022	1359	1636	665	3703	409	1013	1047	1707	3417	1848	842	764	1569	227	1343	989	1977	1455	893	1397	679	1834	2742	527	1831	833	1216	1392	1880	1935	792	646	915	1079	1207	560	1970	1032	2636	772	628	850	1209	1392	1956	843	921	1267	770	3733	1915	1384	839	1363	1739	1284	1470	1008	1768	1284	966	3382	1224	1343	1195	1770	972	2859	921	665	1400	1281	1015	1201	2746	961	4282	969	2222	654	2015	2092	794	959	1031	2725	1111	1769	1855	1047	635	981	580	1546	1207	1397	2004	2772	1006	2595	825	894	764	1936	1029	1163	2119	1016	993	1351	1182	2341	1770	981	870	1044	346	2781	1233	2713	1022	996	3059	1602	878	822	1149	1359	1094	2779	1116	1465	480	2844	1013	1114	358	1327	1034	679	2291	2555	1947	1996	1830	1154	871	1186	1393	2072	2733	830	720	541	1094	766	1472	870	1480	792	66	2401	2827	2625	887	1997	1033	2031	987	792	3568	1201	333	812	977	1877	2475	800	2119	683	2256	933	1754
1062	1173	1227	1555	1053	1047	595	0	944	1128	1678	3278	1339	1290	1747	1197	991	750	2085	1307	1415	1234	2871	3321	1658	1040	952	2058	2655	2671	3708	1158	1806	1576	1916	1159	1091	2352	1700	1872	2675	2448	1952	1802	1092	831	4420	1130	1508	1279	874	1334	2029	1218	1157	1635	2147	1173	3102	1450	1316	1127	632	1445	1060	3096	1266	1433	1420	1609	1262	2666	1323	2017	2921	1142	1236	888	1127	1977	1041	1141	1426	2053	488	890	1274	1037	1206	1313	1269	1007	1246	888	937	1942	955	1141	1968	1205	1060	1040	950	1742	1307	1258	1262	1455	2039	1025	1405	1284	1468	886	564	2148	1048	1221	1231	1041	2275	2473	618	2100	1126	2868	1036	912	1220	952	1150	1214	842	2677	1217	1041	1159	1541	1038	1213	873	1146	2567	1030	1282	1526	881	3602	1004	1228	1036	1816	3517	1609	1012	1038	1362	798	1277	726	1806	1730	858	1607	718	1768	2824	470	1787	1015	1484	1258	1598	2058	1010	757	1043	1420	1379	1002	1725	1309	2658	747	503	1007	1323	1643	2084	1009	964	1371	774	3767	1994	1327	948	1498	1845	1274	1461	1367	1741	1274	1136	3287	1802	1494	1221	1948	1062	2609	964	881	1287	1508	1045	1284	2694	1136	4132	1141	2218	837	2123	1961	1124	1136	1293	2637	1218	1716	1762	1036	881	1049	827	1791	1230	1549	2213	2853	1212	2537	1149	1147	1040	1906	1302	1450	2015	914	1112	1258	1262	2095	1948	1090	1043	1609	941	2674	1524	2594	1289	1043	3290	1653	1134	1129	1213	1352	1067	2672	1228	1062	995	3065	1228	1237	907	1225	1031	718	2174	2782	1872	1961	1738	1094	1399	1508	1321	2194	2687	1013	323	562	1067	1045	1636	1049	1643	754	582	2400	2962	2802	1146	2079	1305	2119	1099	1010	3452	1326	922	1146	766	2004	2357	1137	2015	895	2303	1217	1734
119	239	285	615	124	137	900	944	0	372	753	2335	505	468	803	1779	325	198	1152	480	948	368	1930	2784	715	216	8	1114	2059	1748	3018	601	1104	638	1115	404	614	1430	785	1049	1737	1505	1024	1490	156	119	3589	249	676	461	269	418	1103	276	369	697	1388	239	2172	913	671	372	917	830	391	2156	393	819	565	1027	318	1722	379	1073	1976	214	303	972	372	1033	198	256	490	1108	460	241	384	151	427	371	468	161	469	971	12	1002	104	358	1024	426	391	97	6	870	480	471	361	820	1096	1334	1871	340	604	408	391	1208	104	299	290	208	1347	1542	421	1324	376	1923	144	35	435	79	389	437	770	1740	446	210	404	598	188	272	985	487	1781	124	471	748	294	2803	1064	363	155	874	2586	1027	199	365	747	864	450	472	1104	843	128	686	240	934	1896	486	931	216	620	533	1097	1115	272	1496	147	658	452	640	1146	494	1758	198	1354	177	379	745	1141	192	22	426	169	2865	1061	488	103	555	904	384	571	649	870	384	251	2482	1492	554	299	1006	124	2007	22	294	527	605	115	340	1848	257	3384	256	1332	1530	1183	1200	475	259	464	1825	276	868	958	155	339	105	366	879	310	608	1275	1926	343	1696	476	365	367	1038	485	612	1222	1791	184	471	318	1499	1006	160	209	1745	1047	1881	678	1815	469	102	2351	727	365	442	272	460	204	1880	286	2000	1335	2124	363	298	832	454	138	240	1395	1844	1047	1097	933	275	1009	702	501	1252	1836	219	690	408	204	374	695	220	702	197	959	1513	2021	1858	375	1146	486	1184	168	272	2668	384	969	490	391	1060	1577	492	1222	283	1387	446	856
367	438	341	541	285	445	865	1128	372	0	824	2262	753	166	742	1698	138	450	1159	182	1291	163	1871	3050	645	155	368	1065	2318	1561	3214	262	1359	684	1307	34	313	1453	874	1228	1591	1397	865	1140	293	456	3681	532	892	732	255	584	1135	343	41	600	1591	438	2150	1242	992	1	867	1144	94	2015	632	1134	299	1336	423	1616	406	1029	1886	266	302	817	1	975	175	178	423	1045	709	614	605	476	77	385	749	211	763	816	384	989	274	32	946	77	94	368	370	1017	182	760	575	1128	1058	1194	1736	434	347	781	664	1181	356	500	335	164	1360	1537	511	1519	6	1827	468	370	91	297	21	86	617	1592	90	162	34	549	185	422	838	130	1946	446	744	994	246	2933	875	158	482	861	2556	1336	175	101	1069	737	717	830	1359	610	492	531	453	1115	1888	667	1089	159	363	842	1424	1078	127	1509	237	309	358	394	1448	181	1808	497	1437	195	406	534	1098	182	374	463	456	2887	1076	735	278	522	894	605	743	282	1017	605	179	2614	1142	494	500	905	307	2265	374	246	819	416	410	434	1961	169	3541	178	1421	1519	1162	1414	130	166	171	1969	343	1043	1162	482	252	342	311	688	511	545	1141	1918	158	1820	116	31	100	1171	175	322	1412	1860	269	760	423	1777	905	278	163	1501	882	2039	397	1985	164	379	2206	799	15	85	422	654	522	2037	340	2183	1206	1987	158	325	652	755	465	453	1583	1699	1225	1232	1137	597	667	383	760	1215	1943	158	952	572	522	98	613	152	621	510	932	1592	1962	1760	21	1155	179	1186	277	127	2811	389	798	135	754	1020	1756	142	1412	232	1423	90	997
635	513	513	341	677	633	1628	1678	753	824	0	1611	403	726	276	2496	911	950	409	719	938	663	1203	2320	300	772	745	429	1594	1188	2408	1064	704	139	546	825	1132	677	58	460	1112	846	561	1832	638	853	2865	549	331	459	950	343	351	517	784	352	821	513	1424	843	658	824	1639	718	913	1501	425	717	663	834	446	1045	424	388	1273	613	534	1634	824	378	756	672	414	444	1189	801	409	640	794	444	482	766	516	1632	757	291	785	791	404	793	913	656	747	243	719	501	417	688	400	2011	2554	426	646	877	1113	485	652	458	514	763	597	795	1167	744	830	1227	642	787	785	776	817	795	1429	1118	803	765	825	311	751	484	1652	937	1134	650	463	441	965	2109	1699	668	641	202	1839	834	788	908	703	1543	451	1037	704	639	820	461	993	369	1147	1235	316	800	645	567	968	414	849	2244	712	849	476	1218	900	739	1009	937	2107	778	424	569	442	786	731	366	917	2113	318	405	791	316	215	409	245	909	243	409	673	1790	1835	356	458	435	658	1541	731	965	515	534	641	426	1138	681	2719	672	599	2273	458	674	945	683	715	1148	517	306	445	641	1000	656	1051	561	448	328	687	1176	665	996	921	793	908	361	734	704	638	2544	634	501	446	1121	435	646	762	2314	1702	1222	697	1174	730	650	1693	26	808	901	484	334	611	1220	513	2712	2020	1464	667	518	1472	534	647	993	798	1211	455	418	429	597	1416	785	430	536	1120	803	1388	1161	611	910	325	765	322	927	1691	775	1292	1166	805	402	732	443	640	849	1988	437	1618	941	964	372	956	953	638	947	634	803	218
2216	2104	2058	1742	2235	2231	3128	3278	2335	2262	1611	0	1995	2106	1541	3936	2390	2532	1202	2090	2344	2111	407	2537	1636	2284	2327	1221	2081	909	2123	2411	1873	1702	1624	2245	2499	979	1599	1608	755	870	1410	2806	2195	2446	1855	2157	1860	2056	2471	1950	1270	2066	2223	1670	1614	2104	339	2244	2171	2263	3129	2147	2356	472	2035	2153	1979	2139	2016	657	1961	1262	383	2152	2058	3045	2263	1305	2276	2175	1873	1231	2790	2412	2020	2243	2199	1973	2075	2301	2106	3043	2342	1335	2340	2236	1323	2198	2356	2238	2329	1621	2090	2092	2026	2119	1238	3406	3925	1995	1933	2481	2715	1130	2231	2059	2056	2280	1032	836	2721	1587	2267	445	2244	2368	2185	2338	2246	2194	2861	759	2197	2280	2245	1749	2275	2065	3069	2325	1404	2248	2057	1908	2477	1513	3069	2117	2245	1462	392	2139	2309	2364	2181	2985	2051	2645	1873	1699	2421	1731	2570	1661	545	2820	1610	2313	1920	2136	2268	1220	2343	3772	2255	2092	1930	2612	2118	2100	845	2530	3676	2307	1961	1744	1194	2309	2314	1910	2505	875	1292	2002	2347	1789	1432	2020	1847	2171	1621	2020	2179	1355	2809	1800	2059	1358	2222	2052	2314	2477	2088	1847	2232	1995	1117	2183	2103	2175	1206	3782	1156	1687	2343	2184	2098	1287	2066	1678	1715	2245	2500	2231	2558	1594	2051	1745	1133	530	2126	1192	2312	2234	2363	1493	2102	1979	1587	4108	2180	2092	2016	2034	1358	2199	2278	3519	3095	1363	1916	1429	2108	2235	461	1634	2249	2310	2065	1945	2219	1363	2058	4322	3427	457	2116	2052	2878	2126	2249	2570	1546	671	1603	1461	1727	2208	2592	1983	2020	1084	1090	2316	2998	2737	2219	2361	1663	2276	1655	2524	3195	1074	319	512	2241	1210	2098	1168	2191	2343	1528	1961	3016	2328	2574	1275	1480	2341	1587	2459	1040	2197	1618
419	316	421	539	496	369	1401	1339	505	753	403	1995	0	737	616	2280	780	675	796	739	614	634	1589	2301	579	634	501	833	1571	1582	2512	1015	610	381	612	770	1057	1031	400	550	1515	1250	908	1880	471	566	3104	256	174	61	764	196	724	416	724	604	882	316	1783	537	300	753	1420	420	818	1904	121	413	747	597	343	1448	402	791	1669	487	468	1475	753	777	612	575	502	846	863	449	148	356	762	420	80	600	113	1473	503	694	583	723	795	761	818	432	501	402	739	98	177	397	803	1840	2377	341	757	487	786	883	436	252	429	623	965	1164	917	819	758	1625	362	538	761	564	757	768	1270	1520	778	625	770	501	603	331	1488	883	1279	381	62	246	787	2307	1562	635	353	597	2196	597	636	800	367	1368	62	653	610	878	516	674	724	439	1505	936	448	653	765	172	704	817	715	1973	547	919	529	1111	701	761	1319	641	1801	617	402	781	845	631	485	376	635	2427	709	18	587	467	615	148	158	952	402	148	573	1987	1882	502	252	813	472	1518	485	787	121	678	395	341	1366	583	2880	575	879	2016	856	694	882	586	727	1329	416	379	454	353	831	448	866	845	241	523	1079	1532	621	1211	868	728	802	567	752	801	718	2236	488	98	343	1024	813	486	622	2230	1549	1381	831	1312	741	421	2096	386	738	838	331	126	307	1379	422	2345	1841	1867	635	442	1329	132	368	724	890	1614	550	622	428	253	1417	901	27	935	1356	657	1031	881	307	806	584	630	586	625	1458	1060	1675	1566	742	788	751	830	484	715	2168	426	1469	888	588	775	1073	895	718	773	977	778	396
420	447	319	411	353	499	1024	1290	468	166	726	2106	737	0	603	1842	304	588	1028	16	1318	111	1717	3006	508	271	462	920	2273	1395	3133	341	1323	587	1242	141	418	1322	781	1159	1426	1237	702	1146	341	571	3560	559	852	730	415	549	1012	326	133	458	1525	447	2003	1258	1007	167	1024	1150	253	1850	625	1142	132	1334	394	1456	345	887	1727	290	271	953	167	831	281	214	312	897	858	701	592	531	93	325	751	321	772	952	480	857	388	149	797	93	253	429	464	941	16	766	563	1130	917	1327	1865	397	181	866	806	1041	416	495	311	275	1227	1398	675	1451	169	1668	523	477	79	405	146	88	760	1427	91	273	141	427	288	414	975	225	1860	505	742	965	410	2827	999	112	537	733	2406	1334	298	266	1083	883	714	940	1323	444	596	377	600	1050	1745	826	1016	289	197	856	1434	937	281	1670	320	196	251	519	1439	27	1682	627	1603	312	345	369	955	303	462	391	587	2748	950	721	394	411	765	592	693	214	941	592	220	2510	1148	375	495	752	366	2220	462	410	824	259	467	397	1855	212	3443	214	1311	1676	1023	1357	241	209	11	1874	326	977	1105	537	419	403	477	523	504	418	979	1776	132	1718	211	143	264	1085	17	159	1343	2024	309	766	394	1749	752	328	273	1588	1013	1948	234	1900	3	438	2041	703	157	204	414	623	567	1946	317	2348	1342	1823	113	296	786	769	522	600	1511	1534	1155	1144	1083	635	699	236	751	1071	1835	289	1101	731	567	261	475	263	483	636	1091	1477	1808	1600	145	1025	18	1053	323	281	2711	323	930	230	859	879	1677	242	1343	395	1296	91	919
686	587	520	203	696	716	1599	1747	803	742	276	1541	616	603	0	2440	859	997	426	591	1198	582	1140	2561	97	744	795	324	1842	980	2597	941	979	235	802	731	1021	719	327	717	942	702	294	1624	656	919	2961	668	592	659	931	476	422	528	701	145	1062	587	1409	1107	902	743	1604	981	837	1356	589	979	501	1108	489	919	423	287	1176	610	516	1556	743	237	735	635	332	310	1263	924	560	734	690	434	686	759	721	1554	811	255	799	712	220	689	837	708	797	511	591	707	553	952	316	1930	2469	468	468	1036	1191	439	699	558	516	739	624	795	1179	985	747	1121	733	834	678	798	729	688	1358	946	693	740	731	207	734	541	1577	829	1326	732	667	710	939	2246	1603	587	738	145	1818	1108	768	840	956	1479	647	1180	979	380	902	247	1032	638	1145	1283	578	773	461	788	1241	336	807	2237	714	670	392	1123	1177	607	1081	1001	2134	765	423	333	357	768	783	378	972	2146	355	612	807	249	173	560	465	742	511	560	639	1933	1627	259	558	209	685	1790	783	939	736	355	710	468	1278	643	2872	635	740	2254	420	932	844	644	593	1320	528	580	717	738	965	697	1022	289	553	203	484	1176	593	1153	814	711	840	591	605	526	884	2567	639	707	489	1391	209	659	737	2170	1616	1403	494	1368	607	706	1551	274	727	804	541	509	724	1401	519	2803	1945	1323	587	512	1389	734	737	1032	1029	1048	711	639	703	738	1243	583	643	473	1255	776	1486	1197	724	839	128	736	121	997	1665	891	1232	1055	721	424	602	450	651	807	2138	421	1534	833	1100	278	1169	846	884	921	697	693	487
1883	2006	1983	2240	1826	1916	879	1197	1779	1698	2496	3936	2280	1842	2440	0	1590	1607	2856	1856	2543	1860	3556	4466	2343	1724	1785	2761	3769	3143	4779	1524	2850	2363	2893	1709	1436	3149	2539	2828	3220	3065	2525	1508	1863	1716	5360	2026	2454	2230	1547	2188	2827	1979	1739	2297	3159	2006	3846	2557	2369	1697	862	2519	1603	3633	2172	2507	1961	2706	2053	3280	2073	2727	3554	1883	1963	891	1697	2672	1740	1827	2118	2739	1488	1870	2163	1925	1752	2054	2231	1731	2222	892	1780	2687	1720	1728	2639	1752	1603	1865	1784	2646	1856	2229	2140	2521	2756	538	276	2072	2005	1945	1553	2880	1865	2073	1981	1732	3057	3236	1363	3099	1693	3493	1919	1745	1764	1734	1711	1754	1082	3219	1750	1731	1709	2246	1745	2023	867	1617	3560	1902	2238	2514	1531	4582	873	1854	1927	2559	4247	2706	1707	1602	2432	960	2222	1820	2850	2237	1770	2218	1558	2714	3586	1378	2709	1696	2018	2266	2724	2776	1649	476	1786	1844	2054	1326	2827	1843	3500	1648	768	1718	2073	2192	2796	1709	1800	2131	1648	4586	2772	2264	1715	2216	2591	2163	2348	1766	2646	2163	1825	4261	1506	2191	2073	2593	1847	3720	1800	1531	2277	2101	1894	2072	3623	1818	5161	1827	3094	377	2861	2970	1600	1816	1851	3604	1979	2648	2735	1927	1495	1858	1445	2341	2084	2243	2802	3616	1851	3473	1631	1729	1602	2813	1843	1957	2999	723	1863	2229	2053	3201	2593	1853	1734	830	841	3661	2019	3593	1839	1874	3815	2470	1713	1638	2023	2238	1973	3659	1983	1412	511	3612	1855	1978	1058	2204	1913	1558	3171	3324	2827	2873	2709	2032	1418	1953	2272	2912	3608	1693	1470	1411	1973	1602	2312	1731	2319	1666	823	3271	3646	3425	1719	2852	1846	2883	1858	1649	4447	2062	919	1613	1825	2719	3354	1601	2999	1549	3116	1750	2631
365	465	402	656	284	433	740	991	325	138	911	2390	780	304	859	1590	0	344	1266	320	1272	278	1995	3080	761	147	324	1183	2351	1699	3274	279	1390	775	1363	167	290	1559	957	1288	1725	1527	999	1166	309	377	3776	536	934	749	124	634	1236	401	172	721	1645	465	2269	1233	987	137	745	1144	80	2150	659	1134	436	1340	481	1747	486	1147	2015	308	376	724	137	1095	168	239	530	1166	585	557	637	459	215	467	762	182	770	722	334	1100	221	157	1069	215	80	357	325	1085	320	769	608	1132	1175	1100	1643	496	485	720	547	1297	349	533	399	158	1468	1650	373	1576	135	1957	451	310	229	245	159	223	518	1727	225	156	167	658	177	464	741	184	2015	428	760	1026	111	3016	795	273	465	970	2677	1340	144	52	1065	632	735	744	1390	748	424	660	337	1173	2003	534	1155	126	501	843	1417	1194	65	1382	232	434	467	331	1456	320	1910	399	1302	163	486	670	1216	149	334	545	360	2998	1182	762	221	626	1002	637	797	394	1085	637	237	2696	1167	604	533	1031	308	2298	334	111	828	548	399	496	2047	230	3616	239	1510	1395	1276	1463	167	227	308	2045	401	1102	1212	465	115	336	173	824	545	657	1273	2033	265	1902	180	161	55	1246	314	460	1470	1726	296	769	481	1800	1031	295	159	1450	793	2111	535	2052	302	368	2342	885	147	150	464	698	511	2109	402	2045	1108	2122	273	394	564	759	447	337	1643	1834	1285	1306	1187	587	685	517	783	1332	2030	123	826	440	511	62	732	152	739	415	806	1685	2086	1889	158	1262	317	1295	298	65	2890	474	710	187	674	1137	1820	184	1470	99	1526	225	1067
317	436	477	805	302	321	729	750	198	450	950	2532	675	588	997	1607	344	0	1350	603	1025	508	2127	2909	907	318	205	1311	2192	1928	3176	612	1250	837	1287	484	596	1628	980	1225	1925	1698	1206	1476	341	109	3774	425	849	623	229	612	1300	468	464	885	1552	436	2370	1008	785	449	750	943	424	2346	572	932	705	1139	516	1916	573	1270	2172	392	486	843	449	1229	311	404	677	1304	276	285	569	323	522	563	624	272	616	841	193	1200	211	449	1218	521	424	295	204	1056	603	622	550	939	1294	1188	1715	538	750	422	218	1406	302	493	480	315	1545	1741	244	1492	451	2118	319	164	534	204	471	532	651	1928	538	316	484	790	305	470	851	529	1954	305	631	906	254	2982	946	503	325	1071	2784	1139	290	396	856	727	615	408	1250	1003	165	863	49	1112	2094	288	1114	299	766	666	1189	1312	323	1305	297	758	631	585	1260	612	1953	62	1157	277	573	910	1338	285	219	622	41	3061	1259	658	204	748	1102	569	759	730	1056	569	398	2661	1477	744	493	1197	312	2141	219	254	671	772	309	538	2034	401	3554	404	1523	1343	1381	1363	511	401	587	2004	468	1049	1128	325	289	301	282	1052	504	799	1463	2124	484	1880	523	457	398	1224	603	745	1392	1593	362	622	516	1626	1197	340	317	1640	920	2056	817	1987	588	300	2541	924	449	492	470	647	368	2054	478	1810	1184	2315	503	486	722	598	313	49	1564	2033	1224	1283	1103	425	997	823	665	1449	2022	299	517	212	368	406	885	325	892	83	784	1705	2218	2053	461	1344	606	1383	348	323	2843	576	846	531	347	1257	1748	528	1392	254	1584	538	1044
1033	915	891	618	1064	1038	2002	2085	1152	1159	409	1202	796	1028	426	2856	1266	1350	0	1016	1235	996	795	2247	519	1140	1144	182	1558	897	2209	1367	858	513	612	1151	1446	294	397	548	775	501	521	2023	1024	1257	2535	957	676	855	1324	751	85	897	1117	571	797	915	1019	1133	1004	1159	2010	1018	1253	1127	832	1021	927	1074	836	669	794	183	874	990	901	1976	1159	241	1127	1033	737	226	1596	1210	818	1047	1112	811	876	1144	908	1974	1157	171	1173	1128	297	1111	1253	1054	1146	456	1016	894	825	988	156	2352	2892	814	893	1279	1520	111	1049	864	890	1133	201	390	1557	726	1164	832	1048	1186	1100	1166	1147	1110	1776	782	1116	1134	1151	609	1124	880	1996	1253	960	1055	858	749	1336	1827	2027	1001	1049	297	1434	1074	1160	1253	1030	1895	850	1443	858	760	1226	671	1391	541	745	1637	475	1168	886	945	1213	144	1210	2631	1093	1093	801	1545	1100	1033	654	1341	2506	1154	794	742	154	1159	1130	738	1319	1731	90	801	1179	640	264	818	645	1166	456	818	1035	1518	2027	664	864	366	1048	1509	1130	1336	896	782	1043	814	868	1041	2459	1033	358	2653	89	733	1266	1043	1017	933	897	527	618	1049	1367	1051	1421	645	855	614	455	775	1004	758	1238	1127	1253	395	1030	951	650	2942	1015	894	836	1201	366	1030	1131	2595	2038	1023	914	1003	1031	1049	1314	432	1143	1225	880	742	1020	1021	890	3121	2365	1088	1001	890	1810	927	1054	1391	744	861	542	405	619	1005	1664	1001	821	162	843	1171	1797	1560	1020	1253	553	1132	545	1332	2066	478	883	776	1138	8	1027	34	1023	1210	1726	801	1955	1257	1371	179	839	1269	650	1318	271	1116	445
430	452	322	401	364	507	1040	1307	480	182	719	2090	739	16	591	1856	320	603	1016	0	1323	119	1702	3003	496	285	474	907	2271	1379	3126	351	1322	580	1237	158	430	1310	774	1154	1410	1222	687	1147	351	585	3549	565	851	733	432	549	1001	329	150	446	1521	452	1990	1262	1011	183	1039	1153	269	1834	627	1145	116	1336	396	1441	344	874	1712	298	274	967	183	817	295	225	305	883	873	712	594	540	109	324	755	335	776	965	492	845	402	165	783	109	269	439	476	936	0	770	565	1133	904	1340	1877	398	165	876	821	1028	426	498	314	289	1215	1385	691	1446	185	1653	532	490	95	419	162	104	774	1411	106	288	158	418	302	418	989	239	1853	514	745	965	427	2818	1011	121	546	722	2392	1336	313	282	1087	897	717	952	1322	427	609	362	615	1045	1732	842	1010	304	181	860	1438	924	297	1686	332	189	245	532	1441	22	1670	641	1619	327	344	353	942	318	474	389	601	2735	939	723	408	403	754	594	691	212	936	594	231	2501	1149	366	498	738	377	2217	474	427	827	245	476	398	1845	223	3434	225	1302	1692	1010	1353	255	221	16	1866	329	973	1102	546	435	413	493	507	507	408	964	1762	141	1710	224	160	281	1078	15	143	1338	2041	319	770	396	1748	738	338	287	1597	1026	1941	217	1893	18	448	2025	696	173	219	418	623	575	1939	321	2364	1356	1807	121	300	800	774	532	615	1506	1518	1150	1137	1079	642	703	222	753	1057	1825	304	1117	747	575	277	463	278	470	650	1107	1467	1794	1585	162	1013	13	1041	333	297	2702	321	944	243	871	866	1671	255	1338	412	1285	106	914
923	871	1001	1151	1006	846	1703	1415	948	1291	938	2344	614	1318	1198	2543	1272	1025	1235	1323	0	1208	1960	1922	1180	1145	948	1337	1240	2110	2298	1542	497	970	723	1317	1562	1374	905	736	2008	1734	1492	2430	998	932	3089	762	608	599	1209	807	1151	993	1273	1212	839	871	2072	102	316	1291	1732	221	1332	2356	704	221	1349	230	934	1902	1006	1300	2076	1036	1049	1864	1291	1306	1123	1124	1115	1363	1059	740	740	817	1322	1021	575	1096	549	1862	939	1198	1051	1267	1340	1321	1332	924	947	781	1323	557	766	251	1302	2190	2693	939	1364	614	1001	1343	935	826	1010	1134	1343	1522	1248	822	1296	2044	825	967	1324	1027	1302	1329	1676	2015	1340	1136	1317	1113	1112	905	1869	1418	1248	847	587	500	1236	2253	1970	1207	811	1139	2461	230	1136	1308	247	1746	616	722	497	1491	873	1288	1068	700	1807	1177	762	1154	1374	464	183	1310	1215	2154	1057	1510	1136	1585	323	1344	1546	966	1918	1114	1006	1396	1337	1129	937	988	986	2583	1168	626	1051	1080	1147	740	740	1531	781	740	1120	1952	2432	1117	826	1373	984	1193	937	1236	504	1291	881	939	1449	1130	2739	1124	1138	2220	1317	690	1411	1134	1309	1344	993	707	634	811	1280	949	1293	1451	818	1135	1617	1828	1190	1300	1405	1274	1310	864	1334	1404	780	2320	1026	557	934	682	1373	1013	1135	2665	1940	1354	1440	1265	1321	913	2537	932	1279	1372	905	741	769	1353	1002	2244	2180	2315	1207	1024	1747	549	829	1068	889	2096	741	887	626	694	1953	1505	592	1396	1454	1157	1097	1169	769	1316	1189	1145	1190	944	1745	1286	2036	1995	1286	1227	1334	1267	1015	1215	2093	1030	1869	1422	726	1285	1049	1427	780	1226	1310	1340	795
311	337	212	380	247	388	1019	1234	368	163	663	2111	634	111	582	1860	278	508	996	119	1208	0	1716	2915	484	194	361	906	2183	1437	3061	404	1228	524	1160	161	468	1290	715	1079	1454	1249	727	1246	232	477	3518	448	758	624	368	451	971	218	122	443	1444	337	1991	1150	898	163	1023	1043	257	1878	519	1034	198	1229	292	1469	255	869	1737	179	166	981	163	817	197	111	259	887	783	595	487	421	135	234	644	235	664	979	380	827	299	131	790	133	257	321	363	865	119	658	457	1024	898	1357	1899	297	241	758	726	1021	307	388	205	195	1197	1376	628	1371	168	1679	413	381	130	313	154	138	780	1455	148	194	161	386	202	306	1001	274	1791	395	636	867	370	2772	1038	6	427	699	2398	1229	222	258	975	899	607	839	1228	497	496	384	526	967	1727	764	938	219	258	747	1327	918	234	1660	222	307	195	556	1336	138	1645	540	1575	231	255	408	939	226	360	308	501	2725	913	617	306	359	731	487	602	323	864	487	116	2453	1248	331	388	753	259	2129	360	370	716	276	357	297	1800	111	3382	111	1259	1674	1001	1271	282	109	103	1811	218	895	1019	427	389	294	448	558	397	382	998	1758	24	1660	258	132	258	1015	128	244	1263	2002	200	658	292	1652	753	220	193	1654	1045	1882	312	1830	113	329	2071	639	147	237	306	524	456	1880	211	2296	1369	1849	5	192	815	660	412	526	1433	1562	1075	1075	995	524	788	335	646	1055	1782	220	1025	671	456	257	454	186	461	547	1085	1429	1808	1612	143	992	128	1023	214	234	2652	235	962	279	757	860	1604	290	1263	353	1260	148	844
1811	1698	1655	1343	1831	1824	2735	2871	1930	1871	1203	407	1589	1717	1140	3556	1995	2127	795	1702	1960	1716	0	2387	1236	1885	1922	818	1844	691	2089	2032	1504	1295	1249	1855	2119	586	1192	1224	495	504	1034	2495	1791	2040	2043	1749	1457	1649	2072	1542	864	1662	1830	1273	1278	1698	333	1859	1773	1872	2738	1757	1965	493	1628	1763	1594	1764	1611	326	1557	858	167	1749	1656	2664	1872	904	1876	1776	1473	830	2383	2004	1612	1836	1809	1570	1669	1899	1701	2663	1936	928	1937	1843	926	1809	1965	1832	1923	1220	1702	1686	1618	1729	833	3031	3557	1589	1550	2074	2308	723	1825	1652	1652	1880	630	439	2319	1240	1875	191	1836	1963	1796	1934	1855	1806	2477	502	1809	1881	1855	1348	1875	1659	2688	1939	1147	1841	1651	1510	2079	1536	2695	1722	1838	1055	695	1764	1909	1971	1787	2600	1645	2238	1504	1328	2013	1340	2166	1268	258	2415	1214	1914	1537	1732	1896	814	1946	3376	1853	1719	1532	2230	1752	1714	552	2124	3274	1906	1557	1363	789	1909	1909	1505	2099	1104	885	1595	1944	1387	1026	1612	1440	1797	1221	1612	1780	1305	2498	1400	1652	965	1818	1808	1909	2079	1684	1458	1826	1589	881	1783	2169	1776	831	3390	748	1325	1957	1785	1709	1044	1662	1280	1327	1838	2104	1826	2161	1218	1643	1344	764	267	1730	911	1926	1841	1971	1100	1715	1599	1225	3708	1777	1686	1611	1711	965	1795	1878	3178	2718	1134	1539	1180	1720	1829	624	1226	1857	1922	1659	1537	1811	1133	1654	3914	3050	453	1721	1649	2497	1720	1841	2166	1210	461	1219	1073	1337	1800	2241	1611	1614	677	849	1917	2590	2333	1811	1969	1264	1877	1257	2117	2801	725	91	219	1849	802	1711	760	1787	1946	1506	1558	2638	1943	2166	870	1176	1956	1225	2061	649	1809	1216
2716	2617	2710	2660	2796	2655	3618	3321	2784	3050	2320	2537	2301	3006	2561	4466	3080	2909	2247	3003	1922	2915	2387	0	2614	2935	2781	2430	732	2976	749	3312	1691	2446	1775	3064	3358	2086	2262	1861	2783	2587	2760	4145	2772	2805	1885	2546	2158	2331	3053	2466	2196	2707	3018	2670	1500	2617	2206	1912	2123	3050	3645	1965	3119	2874	2422	1977	2972	1771	2627	2594	2661	2425	2555	2786	2752	3750	3050	2476	2913	2872	2709	2474	2980	2626	2447	2634	3049	2682	2320	2899	2316	3749	2779	2366	2875	3019	2533	3048	3119	2727	2781	2081	3003	2314	2476	1970	2402	4096	4611	2619	2961	2527	2918	2330	2733	2552	2716	2924	2152	2163	3147	1577	3056	2572	2641	2812	3045	2853	3052	3054	3552	2792	3064	2926	3064	2628	2904	2628	3760	3179	1308	2663	2321	2056	3078	1255	3847	2918	2629	2423	2344	1771	2936	3102	2053	3636	2345	2645	1691	2942	2746	2780	2957	1962	2128	3095	2006	2954	2962	2251	1741	2392	3016	4071	2848	3159	2761	3412	1649	3025	1861	2857	3823	2917	2661	2885	2400	2931	2767	2614	2868	2078	2264	2319	2877	2624	2403	2447	2314	3210	2081	2447	2871	1226	4147	2666	2552	2600	2772	785	2767	3078	2257	2852	2686	2619	1519	2881	1259	2872	1892	4140	2322	1652	3180	2884	2995	1378	2707	2033	1901	2629	3122	2745	3150	2844	2540	2647	2679	2121	2907	1546	3164	3024	3103	1970	3018	3018	1682	4203	2790	2314	2627	1284	2600	2787	2924	4528	3826	1280	3017	1266	3009	2715	2964	2337	3035	3135	2628	2395	2581	1282	2711	3996	4089	2836	2917	2727	3616	2329	2647	2957	1531	2804	1866	1921	1923	2508	3704	3103	2297	2354	1552	2957	3012	3077	2581	3108	2643	2932	2639	2836	3662	1831	2394	2575	3037	2243	3016	2251	2786	3016	1132	2683	3750	3184	2644	2418	1408	3192	1682	3064	2051	3064	2105
601	509	430	106	605	636	1502	1658	715	645	300	1636	579	508	97	2343	761	907	519	496	1180	484	1236	2614	0	648	707	421	1891	1049	2671	847	1001	211	844	634	926	813	357	758	1023	790	337	1552	566	833	3054	598	584	616	835	419	509	439	603	57	1114	509	1507	1092	874	645	1507	967	739	1440	535	964	410	1108	408	1009	336	385	1268	518	423	1459	645	333	640	539	236	406	1176	850	503	657	593	344	643	664	677	1457	724	348	707	615	313	593	739	622	709	543	496	664	492	940	413	1834	2373	387	380	970	1106	536	613	487	426	643	719	892	1084	1037	650	1213	654	746	581	707	632	592	1261	1026	597	644	634	117	639	461	1480	733	1398	652	625	706	842	2332	1507	490	660	228	1915	1108	672	742	934	1382	603	1109	1001	339	819	168	941	670	1243	1192	615	677	375	750	1236	433	710	2141	620	585	295	1027	1185	513	1174	914	2039	670	336	270	454	673	696	296	884	2243	444	572	714	161	259	503	439	654	543	503	543	2017	1555	164	487	290	595	1838	696	842	700	266	627	387	1362	546	2955	539	821	2157	517	973	747	548	498	1397	439	605	745	660	868	610	925	273	484	108	561	1273	496	1233	718	614	742	645	510	440	933	2472	547	664	408	1421	290	568	641	2082	1520	1478	416	1439	511	621	1635	289	630	707	461	462	651	1476	429	2716	1848	1408	490	421	1292	689	658	941	1085	1130	753	697	728	672	1159	505	606	570	1340	680	1402	1105	651	741	33	640	26	911	1568	977	1328	1147	623	517	507	544	559	710	2222	331	1437	738	1027	376	1233	750	933	824	789	597	519
224	318	259	542	141	299	862	1040	216	155	772	2284	634	271	744	1724	147	318	1140	285	1145	194	1885	2935	648	0	213	1069	2205	1630	3127	397	1244	638	1216	187	426	1430	816	1141	1642	1430	916	1285	162	305	3637	395	786	605	186	487	1105	257	155	614	1497	318	2150	1101	852	155	870	1007	188	2065	513	997	388	1202	335	1650	349	1030	1914	162	239	867	155	981	22	109	412	1055	590	458	490	328	214	330	619	55	629	866	228	976	121	142	961	213	188	220	214	939	285	628	461	993	1057	1242	1785	352	434	625	536	1177	211	386	257	11	1341	1527	440	1428	159	1858	319	216	224	142	172	224	661	1644	232	8	187	538	32	316	884	274	1869	297	616	879	196	2872	942	188	334	846	2561	1202	28	168	930	772	591	679	1244	692	338	571	333	1026	1881	570	1008	28	450	705	1283	1077	82	1494	89	450	354	478	1316	295	1776	356	1392	42	349	603	1100	32	218	407	316	2871	1053	616	126	502	878	490	650	434	939	490	105	2552	1287	485	386	929	165	2152	218	196	687	468	264	352	1905	101	3470	109	1370	1514	1155	1315	266	100	269	1900	257	955	1064	334	228	197	281	750	397	540	1183	1911	172	1759	262	150	169	1101	286	427	1322	1824	149	628	335	1656	929	148	11	1598	938	1965	499	1906	271	232	2259	746	148	228	316	550	376	1963	259	2102	1250	2036	189	254	710	619	316	333	1495	1750	1138	1162	1040	453	808	506	638	1215	1889	31	833	477	376	175	621	8	628	366	926	1547	1977	1791	159	1135	288	1169	150	82	2745	339	855	278	601	1019	1672	282	1322	178	1394	232	921
111	232	277	607	117	132	905	952	8	368	745	2327	501	462	795	1785	324	205	1144	474	948	361	1922	2781	707	213	0	1106	2056	1740	3013	599	1101	631	1110	400	614	1423	778	1043	1729	1497	1016	1488	148	127	3582	244	671	458	271	411	1095	268	364	689	1383	232	2164	912	670	368	922	828	389	2148	388	818	558	1026	310	1714	371	1065	1968	206	295	976	368	1025	193	250	482	1100	468	245	378	148	423	362	465	157	466	974	18	994	103	353	1015	421	389	89	2	864	474	468	355	818	1089	1339	1875	332	597	413	399	1200	96	293	282	203	1340	1535	427	1319	372	1915	140	42	430	78	385	432	773	1732	441	206	400	590	184	264	988	484	1776	120	467	744	296	2797	1067	357	152	866	2578	1026	196	363	746	868	446	478	1101	836	135	678	247	929	1889	493	925	214	613	531	1096	1107	270	1503	141	653	444	641	1144	488	1751	207	1362	174	371	737	1133	189	15	418	177	2858	1054	483	102	546	896	378	565	644	863	378	244	2476	1490	546	293	998	116	2004	15	296	524	598	109	332	1842	251	3379	250	1325	1536	1175	1196	473	253	457	1819	268	863	953	152	341	97	369	871	304	600	1267	1918	336	1690	473	361	365	1031	479	605	1217	1798	176	468	310	1497	998	153	205	1747	1051	1876	671	1810	463	95	2343	719	361	439	264	454	200	1874	278	2008	1340	2116	357	290	835	452	135	247	1390	1836	1042	1091	928	273	1008	695	497	1244	1830	216	698	416	200	372	687	216	694	205	965	1506	2013	1850	371	1138	480	1177	161	270	2662	376	972	487	397	1052	1572	490	1217	284	1379	441	850
