NAME : VRPTW_INSTANCE_127.txt
COMMENT : Bangkok Supermarket
TYPE : VRPTW
DIMENSION : 255
DAYS : Sunday
EDGE_WEIGHT_TYPE : EXPLICIT
VEHICLES : 30
EDGE_WEIGHT_FORMAT : FULL_MATRIX
CAPACITY : 1000
EDGE_WEIGHT_SECTION
0	59	547	601	1271	102	734	686	803	212	265	1647	1024	1925	3200	1376	63	543	583	189	852	982	501	410	178	379	202	79	248	334	1192	3831	346	737	671	2378	2281	469	805	426	692	2007	537	145	709	524	264	1028	236	330	236	907	1658	309	201	1163	757	113	527	358	2126	36	395	891	2769	136	246	1606	408	727	97	1915	252	1213	622	1007	382	607	189	112	205	609	193	94	1606	17	1968	1153	1356	1003	227	863	386	506	587	385	465	481	255	825	650	631	807	1037	589	51	221	1727	2756	1551	847	1002	759	1563	39	613	1126	1406	204	2078	335	101	417	1006	264	1145	185	393	1132	422	1934	1116	394	532	891	1618	91	976	382	196	3879	640	221	1120	1009	133	1651	2382	1145	1648	388	2205	1741	1116	781	212	135	673	362	441	1232	1182	2834	148	820	677	382	409	464	227	978	1167	1624	638	891	669	1167	288	1073	595	240	610	1221	1050	948	818	505	703	527	300	404	381	1309	940	1500	214	217	1533	1814	274	362	86	438	2114	73	612	506	322	935	1410	532	97	1228	431	931	1172	264	452	309	631	362	135	1041	985	300	233	687	402	307	603	210	1504	595	807	214	819	154	408	437	373	1411	760	1606	2040	145	120	526	407	248	358	214	977	948	412	1038
59	0	504	595	1331	160	792	697	853	272	255	1620	989	1926	3242	1413	4	535	633	230	856	1021	492	353	178	319	186	138	242	291	1180	3875	287	780	661	2415	2318	461	771	368	703	1950	496	145	681	483	261	1081	180	381	263	875	1718	312	242	1216	766	118	515	298	2160	90	453	885	2809	189	234	1590	464	785	69	1962	278	1257	565	975	421	601	230	63	147	631	240	53	1590	49	2005	1154	1372	1011	253	921	441	466	583	349	448	421	281	884	592	582	866	1048	609	95	248	1760	2777	1507	787	1019	811	1585	28	563	1171	1465	231	2126	276	142	469	974	261	1099	128	425	1087	372	1969	1073	336	490	885	1599	82	1029	375	138	3913	596	233	1177	977	75	1703	2411	1150	1590	346	2205	1742	1156	821	272	171	625	370	388	1173	1180	2864	100	878	618	341	350	460	253	984	1197	1614	660	885	610	1213	230	1088	612	181	554	1219	1072	934	759	497	644	575	350	346	353	1368	954	1555	202	202	1486	1870	282	320	143	386	2162	130	558	498	266	940	1469	590	47	1274	379	954	1219	261	409	312	582	370	77	1055	1044	350	181	628	360	255	551	154	1539	589	856	157	877	214	464	428	314	1405	706	1590	2089	204	177	468	348	242	299	156	1035	992	354	1098
547	504	0	405	1701	644	1144	1154	1078	727	356	1848	1188	1627	3274	1453	502	363	897	567	664	1118	341	254	424	325	635	619	379	591	818	3922	332	947	1045	2422	2309	336	1001	253	616	1772	32	630	263	46	382	1329	464	706	762	404	2071	407	573	1443	633	613	910	337	2138	584	842	606	2829	603	356	1187	817	1139	450	2089	777	1384	251	1202	650	397	567	440	445	654	601	454	1187	547	2009	891	1218	824	753	1277	794	721	412	670	263	378	780	1237	304	113	1220	882	1091	596	748	1745	2620	1580	561	904	1072	1468	532	117	1310	1885	733	2269	380	645	784	1203	382	1173	460	606	1171	153	1958	1185	443	26	606	1887	463	1275	806	450	3859	92	450	1495	1205	474	1896	2331	928	1414	629	1883	1437	1252	951	727	534	141	434	164	881	891	2788	516	1228	508	627	426	373	753	789	1181	1246	677	606	391	1362	448	947	1090	429	228	931	998	577	444	347	496	826	684	434	714	1798	837	1818	377	367	1517	2138	758	613	628	159	2294	616	629	348	271	736	1890	959	457	1416	163	908	1375	382	654	407	113	434	474	917	1474	684	327	495	633	260	143	363	1549	401	1079	363	1233	677	817	329	338	1771	713	1187	2229	673	660	499	435	379	326	441	1376	1144	275	1515
601	595	405	0	1440	656	907	1288	757	674	339	2162	1506	1334	2869	1051	597	61	628	487	281	735	105	581	422	632	779	636	353	825	595	3516	619	608	1251	2017	1905	134	1299	589	213	2176	372	739	269	361	336	1001	676	541	834	451	1784	296	484	1099	229	709	1105	630	1735	629	689	290	2424	561	361	1013	638	904	526	1696	850	1001	654	1508	432	14	487	546	640	289	517	545	1013	613	1604	563	835	445	826	1029	622	993	21	902	176	726	852	990	707	505	976	496	1187	649	820	1340	2249	1951	966	504	773	1077	613	518	933	1667	801	1878	658	695	582	1507	336	1538	641	375	1533	474	1554	1538	742	380	290	2168	516	950	969	639	3463	434	387	1203	1510	620	1525	1936	572	1819	877	1610	1148	864	592	674	498	513	256	506	1278	585	2394	668	979	894	874	735	137	826	413	776	1023	304	290	791	987	692	554	1194	647	632	625	594	361	847	99	889	563	535	740	926	1596	436	1479	393	393	1898	1795	874	854	644	498	1901	639	971	97	530	363	1672	763	559	1037	496	503	1002	336	925	296	505	256	620	523	1287	535	509	885	887	493	548	543	1144	5	756	548	988	651	638	167	640	1996	1082	1013	1837	655	664	841	741	353	620	642	1108	780	603	1310
1271	1331	1701	1440	0	1179	557	1415	705	1061	1349	2565	2101	2207	2405	1075	1335	1431	816	1154	1446	907	1422	1665	1300	1646	1381	1196	1327	1558	1863	2956	1614	860	1609	1763	1725	1407	1906	1680	1296	3262	1676	1321	1701	1659	1321	521	1504	999	1230	1892	388	1294	1145	535	1354	1304	1531	1626	1647	1247	883	1587	2053	1151	1354	2233	891	562	1337	1110	1229	816	1864	2057	1053	1454	1154	1369	1477	1165	1125	1348	2233	1284	1469	1656	1523	1466	1235	423	915	1687	1420	1568	1469	1752	1227	464	1902	1811	481	1438	1287	1250	1234	1371	2489	2674	2117	1338	670	1535	1308	1805	787	300	1231	1185	1607	1228	917	2054	1321	2312	1456	1102	2295	1637	1485	2259	1663	1676	1587	2432	1310	551	1427	1467	3229	1779	1258	271	2057	1404	759	1987	1577	2908	1598	2480	2087	895	906	1061	1203	1843	1274	1666	2501	1719	2347	1408	473	1949	1593	1679	1370	1235	1475	1159	2160	1160	1587	1935	758	1556	1400	1309	1511	1848	1735	1266	1727	2073	1419	1975	886	1025	1674	1529	312	1335	471	1342	1353	2693	672	1319	1577	1193	1660	1240	1205	1859	1418	1570	1479	305	751	1360	777	1653	1206	738	1321	1660	1294	1811	1274	1406	1387	373	1025	1478	1959	1612	1542	1811	1468	1196	1439	709	1473	468	1119	891	1398	1642	2091	2008	2233	1165	1129	1162	1792	1677	1327	1625	1485	332	792	1672	296
102	160	644	656	1179	0	650	645	749	118	337	1664	1059	1962	3161	1349	163	602	530	187	889	951	561	513	247	479	234	24	315	397	1251	3787	446	701	667	2346	2254	531	841	528	718	2090	633	166	791	618	328	962	325	284	187	992	1567	360	195	1100	789	138	528	457	2103	70	314	943	2734	108	321	1668	340	643	196	1863	202	1170	725	1037	364	664	187	214	299	619	172	196	1668	110	1941	1194	1370	1032	181	776	319	556	640	432	538	578	203	740	752	732	722	1061	534	71	175	1705	2756	1601	944	1018	698	1565	133	714	1083	1306	157	2021	432	66	362	1035	328	1202	278	390	1188	524	1910	1167	484	628	943	1620	181	912	381	289	3855	737	269	1038	1038	228	1589	2368	1177	1733	446	2245	1781	1082	752	118	158	773	404	543	1330	1227	2817	229	736	770	440	501	518	181	1010	1156	1678	646	943	769	1120	377	1091	543	334	713	1265	1055	1012	919	565	798	482	256	495	414	1208	958	1425	290	296	1591	1736	256	421	17	540	2060	29	689	566	425	971	1310	450	200	1182	533	935	1124	328	511	360	732	404	230	1059	885	256	336	782	460	409	705	313	1480	650	753	316	733	63	340	500	473	1393	839	1668	1985	50	17	613	498	315	459	308	892	906	514	940
734	792	1144	907	557	650	0	1055	296	533	792	2201	1660	1888	2615	929	796	890	280	600	966	588	876	1113	745	1100	872	664	770	1045	1395	3220	1068	406	1195	1853	1781	859	1449	1129	795	2740	1119	807	1158	1103	764	367	970	443	745	1355	934	737	591	502	862	785	1088	1081	1655	714	339	1094	2211	606	797	1794	337	8	790	1288	748	679	1309	1625	499	921	600	824	939	653	573	803	1794	748	1478	1224	1202	1028	746	133	361	1193	886	1069	917	1209	747	93	1348	1254	76	1017	916	721	744	1292	2421	2222	1571	927	218	1302	772	1248	602	760	736	1426	1066	708	360	1623	764	1836	920	550	1821	1081	1467	1793	1128	1120	1094	2108	762	332	960	930	3371	1224	701	387	1626	867	977	1966	1160	2382	1091	2174	1738	662	474	533	652	1286	720	1111	1952	1281	2386	877	86	1409	1086	1142	823	746	1027	867	1747	656	1094	1386	614	1022	1001	936	974	1292	1305	891	1224	1519	874	1432	343	469	1138	1039	690	902	781	786	797	2224	1087	838	1067	662	1105	1470	674	1340	873	1018	1017	765	202	816	669	1098	795	607	764	1156	737	1254	720	869	979	398	469	927	1418	1105	989	1254	921	1071	904	302	926	88	588	337	847	1097	1809	1490	1794	1393	600	635	1260	1141	770	1079	948	243	479	1122	407
686	697	1154	1288	1415	645	1055	0	1275	682	950	1157	726	2607	3670	1923	695	1229	1082	832	1533	1531	1187	923	865	854	525	661	934	583	1877	4274	835	1279	243	2895	2814	1156	578	932	1364	2017	1157	551	1369	1148	951	1422	690	888	458	1551	1780	994	840	1557	1434	579	283	835	2675	659	827	1578	3262	753	929	2287	885	1046	766	2343	443	1705	1101	671	994	1294	832	754	709	1261	813	750	2287	675	2504	1837	2009	1678	465	1133	876	547	1274	516	1145	877	441	1112	1099	1199	1099	1706	139	639	471	2289	3376	1290	1158	1660	1203	2192	676	1172	1620	1403	490	2477	790	595	937	667	951	986	696	1029	965	1002	2483	915	762	1149	1578	1053	773	1383	348	705	4413	1241	905	1392	670	693	2025	2963	1823	1701	567	2889	2425	1647	1342	682	800	1243	1044	1000	1500	1868	3402	646	1116	970	566	786	1150	465	1656	1768	2310	1286	1578	1057	1646	713	1734	119	725	1103	1906	1689	1631	1218	1192	1013	1062	869	776	459	1292	1602	1797	897	898	1333	2070	414	570	654	1003	2523	655	774	1192	883	1616	1405	914	738	1705	997	1569	1643	951	582	994	1199	1044	693	1703	1043	869	837	995	570	896	1145	799	2062	1282	1281	797	1104	674	885	1123	841	769	879	2287	2446	665	642	811	777	934	845	713	1243	1459	909	1119
803	853	1078	757	705	749	296	1275	0	648	760	2390	1807	1597	2418	655	858	760	220	626	741	292	760	1115	746	1120	983	754	744	1137	1161	3040	1091	155	1378	1621	1539	753	1590	1129	594	2781	1049	916	1025	1032	730	250	1031	473	894	1204	1029	686	614	371	649	887	1253	1105	1401	796	459	881	1997	667	773	1542	413	301	826	1114	902	432	1284	1781	454	771	626	864	993	471	612	845	1542	821	1229	965	909	771	893	353	431	1304	738	1180	822	1234	902	327	1330	1191	322	750	1137	809	889	1022	2140	2350	1575	655	79	1007	842	1192	345	968	876	1274	1102	815	387	1779	730	1948	977	481	1935	1054	1209	1916	1177	1052	881	2319	797	197	1113	985	3139	1143	686	450	1782	926	852	1698	893	2419	1190	1883	1453	380	203	648	685	1215	646	1088	1940	1026	2130	951	313	1437	1184	1186	714	893	776	571	1482	462	881	1385	376	1078	725	1156	1024	1264	1046	605	1022	1497	756	1452	279	503	1185	1164	921	641	740	774	785	2336	1060	984	1164	755	1081	1311	764	1410	755	1023	776	973	362	861	437	1074	521	376	730	1255	686	1191	646	928	706	670	503	940	1440	1204	987	1207	946	797	756	6	952	330	689	413	752	1121	2042	1556	1542	1237	702	738	1310	1187	744	1100	1001	384	190	1128	660
212	272	727	674	1061	118	533	682	648	0	390	1748	1159	1944	3065	1266	276	626	432	188	880	869	590	620	306	591	343	135	366	512	1266	3688	559	616	740	2259	2169	561	942	636	701	2209	711	277	843	696	373	852	443	207	250	1049	1448	388	190	990	775	252	609	570	2022	186	199	952	2641	126	380	1685	234	525	292	1760	260	1075	830	1133	313	685	188	319	416	585	157	298	1685	224	1856	1185	1329	1013	247	658	217	667	656	542	583	693	260	621	860	821	604	1035	556	190	243	1628	2697	1708	1060	982	591	1510	248	806	988	1194	229	1915	548	175	269	1130	373	1312	395	353	1298	619	1829	1275	602	708	952	1691	270	803	465	406	3771	818	304	920	1134	343	1479	2296	1159	1852	560	2230	1767	995	672	0	197	861	418	642	1445	1224	2741	347	618	888	554	618	541	247	994	1090	1685	609	952	882	1023	495	1058	570	451	817	1260	1007	1035	1029	593	915	394	187	613	519	1098	926	1309	354	362	1701	1619	337	536	131	638	1955	144	807	593	529	959	1197	333	306	1084	630	887	1025	373	625	388	821	418	346	1026	773	187	437	899	574	509	801	419	1401	669	653	423	614	58	234	533	586	1445	957	1685	1880	68	102	731	615	366	571	425	774	814	623	826
265	255	356	339	1349	337	792	950	760	390	0	1848	1201	1672	3075	1237	258	280	561	215	605	862	236	357	89	376	440	313	24	503	926	3715	351	650	913	2235	2132	205	988	371	465	2027	334	400	455	318	29	1007	357	351	502	659	1724	82	219	1131	521	370	767	365	1968	297	486	629	2636	264	23	1340	461	787	186	1831	518	1118	526	1196	310	345	215	208	317	422	249	205	1340	276	1821	900	1135	763	493	926	438	677	327	576	201	488	520	886	570	463	868	804	855	315	487	1568	2548	1685	815	785	741	1359	274	455	1036	1529	469	2004	376	364	432	1195	29	1270	313	279	1262	295	1780	1258	461	333	629	1841	177	954	630	314	3716	441	95	1153	1198	284	1604	2201	900	1664	558	1949	1486	1000	672	390	193	497	141	328	1181	925	2658	332	877	687	553	462	205	493	735	996	1359	451	629	625	1084	385	849	861	333	507	964	850	682	739	242	697	490	328	463	593	1443	718	1497	53	55	1648	1817	536	533	322	321	2035	314	703	242	271	688	1533	604	221	1143	314	737	1094	29	612	82	463	141	285	817	1119	328	206	687	569	232	461	230	1353	333	762	236	881	350	461	173	379	1658	835	1340	1965	349	348	583	465	24	358	321	1028	860	373	1159
1647	1620	1848	2162	2565	1664	2201	1157	2390	1748	1848	0	660	3473	4807	3013	1616	2101	2180	1834	2442	2615	2059	1604	1792	1541	1445	1667	1844	1345	2667	5420	1548	2363	1012	4007	3917	2032	862	1601	2313	1455	1870	1507	2111	1871	1864	2564	1491	1947	1498	2222	2920	1922	1846	2701	2367	1540	1139	1538	3767	1639	1931	2430	4388	1766	1825	3020	1979	2192	1678	3487	1489	2821	1648	654	2025	2162	1834	1647	1531	2252	1830	1656	3020	1630	3604	2717	2984	2605	1501	2288	1964	1171	2156	1274	1987	1470	1490	2265	1608	1820	2251	2650	1293	1620	1505	3370	4396	563	1457	2633	2326	3204	1616	1790	2734	2520	1520	3627	1506	1599	2018	654	1864	754	1534	2040	744	1716	3574	703	1424	1859	2430	241	1700	2521	1284	1534	5519	1897	1852	2549	651	1569	3177	4029	2734	1319	1290	3732	3283	2743	2416	1748	1783	1851	1982	1692	1555	2728	4480	1525	2268	1379	1294	1435	2046	1501	2575	2814	3091	2281	2430	1518	2766	1470	2698	1271	1518	1665	2768	2692	2424	1603	2066	1410	2142	1921	1429	1267	2410	2567	2955	1800	1794	694	3227	1412	1315	1664	1699	3672	1658	1220	2067	1635	2525	2521	2040	1639	2827	1698	2575	2767	1864	1238	1922	1820	1982	1567	2665	2192	1921	1655	1402	1279	1670	1751	1623	3145	2156	2396	1618	2257	1716	1979	2002	1531	585	1162	3020	3595	1704	1671	1349	1428	1844	1549	1527	2399	2562	1581	2269
1024	989	1188	1506	2101	1059	1660	726	1807	1159	1201	660	0	2812	4220	2401	985	1446	1589	1213	1787	2006	1404	943	1152	881	828	1058	1200	702	2006	4847	889	1758	497	3402	3306	1378	218	940	1665	1322	1210	894	1451	1210	1220	2006	844	1343	919	1566	2480	1278	1225	2145	1716	925	574	879	3150	1022	1354	1771	3792	1153	1178	2365	1393	1651	1041	2919	913	2230	995	65	1406	1506	1213	1007	884	1614	1215	1019	2365	1006	2993	2058	2334	1951	918	1765	1375	525	1501	640	1330	810	915	1736	958	1164	1720	1998	829	1005	922	2750	3749	573	841	1986	1750	2561	989	1133	2143	2120	933	3073	848	993	1422	69	1220	289	890	1414	266	1056	2958	206	765	1199	1771	718	1065	1958	700	888	4903	1239	1215	2034	68	930	2631	3398	2078	1042	646	3071	2623	2139	1805	1159	1158	1196	1338	1031	1037	2068	3852	890	1736	733	651	775	1394	918	1920	2185	2433	1644	1771	871	2180	818	2048	807	868	1010	2108	2051	1763	975	1411	768	1542	1314	769	646	2009	1919	2438	1155	1149	607	2732	826	672	1056	1039	3113	1048	561	1412	977	1870	2122	1478	1001	2241	1038	1936	2183	1220	589	1278	1164	1338	928	2016	1740	1314	1002	757	634	1013	1094	972	2528	1500	1811	967	1728	1117	1393	1349	871	731	521	2365	3038	1105	1069	688	768	1200	889	880	1882	1966	921	1813
1925	1926	1627	1334	2207	1962	1888	2607	1597	1944	1672	3473	2812	0	2223	1170	1929	1395	1662	1776	1073	1323	1439	1869	1749	1932	2112	1945	1684	2156	814	2840	1928	1485	2585	1472	1351	1469	2616	1872	1244	3164	1603	2068	1364	1602	1665	1694	2007	1754	2148	1289	2387	1616	1769	1676	1173	2037	2439	1937	1200	1949	1868	1049	1817	1856	1695	594	1803	1891	1858	1655	2163	1399	1848	2822	1636	1331	1776	1880	1972	1362	1798	1878	594	1939	1219	772	691	931	2141	1947	1801	2316	1345	2234	1500	2003	2165	1924	1895	1669	1920	912	2494	1969	2135	1053	1159	3189	2112	980	1670	706	1942	1698	1420	2505	2116	1814	1972	2011	1740	2822	1665	2793	1974	1591	2792	1756	1147	2810	2050	1614	1049	3496	1845	1677	2302	1972	2523	1588	1703	1940	2824	1954	1764	1139	785	2850	2206	288	189	1312	1415	1944	1806	1646	1563	1780	2273	750	1505	2003	1911	2122	2202	2038	1466	2141	951	1051	452	1340	1049	1990	1452	2018	902	2505	1976	1828	710	997	1049	1961	1433	2101	1641	1765	2045	2260	2484	1026	1937	1725	1727	3111	2139	2200	2184	1953	1773	1794	1951	2255	1432	1843	991	2509	1865	1893	1444	1774	1101	1473	1665	2248	1616	1669	1563	1955	930	2267	1765	1838	2104	2215	1810	1737	1874	1094	1340	1591	1879	1928	1939	1803	1501	1943	3330	2335	594	1778	1947	1965	2125	2046	1684	1926	1973	1950	1443	1891	2249
3200	3242	3274	2869	2405	3161	2615	3670	2418	3065	3075	4807	4220	2223	0	1837	3246	2914	2633	3012	2625	2221	2944	3419	3098	3449	3392	3162	3068	3533	2730	650	3426	2463	3794	854	973	2957	4002	3430	2660	5042	3241	3326	3077	3230	3049	2248	3408	2877	3313	3138	2209	2992	3000	2113	2641	3295	3672	3440	1149	3200	2876	2729	446	3068	3095	2756	2831	2624	3200	1331	3321	1991	3523	4198	2821	2877	3012	3237	3368	2657	3008	3221	2756	3218	1265	2508	2120	2483	3311	2548	2848	3707	2862	3585	3027	3559	3320	2564	3576	3370	2575	2419	3531	3215	3307	1530	1256	4749	3835	2376	2481	1863	3237	3386	2078	2614	3294	1221	3450	3227	2799	4195	3049	4338	3356	2821	4327	3325	1318	4315	3534	3250	2729	4723	3173	2288	3531	3361	878	3293	3033	2312	4199	3309	1668	1085	2430	4687	3588	2261	2307	2085	2420	3065	3070	3372	2935	3360	4132	2548	785	3343	2558	3748	3582	3537	2927	3311	2518	2094	2601	2628	2729	3657	2042	3448	2347	3552	3393	3501	2521	2277	2838	3714	2937	3750	2678	2906	3538	3575	2685	2441	1938	3109	3118	4721	1777	3402	3562	3164	3351	1168	3172	3776	2935	3343	2568	2616	2766	3239	1981	3348	2367	2041	3049	3651	2992	3370	2934	3311	2372	2739	2906	3280	3743	3602	3303	3417	3298	1727	2873	2413	3304	2572	3103	2831	2977	3454	4421	3910	2756	1244	3116	3151	3658	3540	3068	3432	3374	2449	2254	3438	2669
1376	1413	1453	1051	1075	1349	929	1923	655	1266	1237	3013	2401	1170	1837	0	1418	1090	841	1187	845	397	1115	1583	1263	1612	1574	1347	1231	1704	1108	2479	1588	650	2007	1002	905	1126	2182	1595	837	3225	1420	1509	1287	1408	1212	612	1574	1065	1516	1393	1217	1155	1175	543	832	1477	1874	1602	755	1379	1097	977	1399	1249	1258	1356	1041	936	1367	669	1527	267	1698	2383	994	1060	1187	1403	1534	820	1186	1389	1356	1394	592	856	546	741	1513	928	1054	1880	1041	1761	1198	1722	1526	921	1750	1556	925	680	1786	1396	1509	367	1492	2916	2010	603	732	469	1411	1568	330	1375	1494	856	1613	1414	997	2381	1212	2503	1523	989	2493	1492	562	2484	1697	1428	977	2957	1341	619	1728	1528	2506	1484	1198	826	2384	1477	625	1043	761	2866	1760	1426	1084	276	596	1266	1243	1564	1097	1527	2329	917	1478	1514	910	1913	1754	1700	1095	1513	771	286	1241	792	977	1827	333	1612	608	1804	1558	1676	911	491	1112	1897	1109	1916	871	1092	1701	1756	1374	655	766	1272	1281	2884	991	1601	1733	1350	1518	869	1356	1939	1107	1505	812	1380	1015	1407	300	1514	551	349	1212	1822	1155	1556	1097	1479	621	1228	1092	1443	1909	1773	1465	1596	1462	142	1054	649	1468	928	1296	1041	1144	1616	2693	2073	1356	814	1308	1342	1821	1703	1231	1595	1540	884	466	1601	1187
63	4	502	597	1335	163	796	695	858	276	258	1616	985	1929	3246	1418	0	538	638	234	859	1026	494	350	181	316	183	141	245	286	1182	3879	283	785	658	2420	2322	463	766	365	707	1945	495	143	681	483	264	1086	175	385	263	875	1722	315	247	1220	769	117	512	294	2165	93	457	887	2814	194	236	1592	469	789	71	1967	278	1262	562	971	425	603	234	63	142	635	245	54	1592	53	2009	1157	1376	1014	253	926	445	461	585	345	449	417	281	888	589	581	870	1051	608	98	248	1765	2781	1503	783	1022	816	1589	31	561	1176	1469	232	2131	272	144	474	970	264	1094	123	429	1083	370	1974	1069	331	489	887	1595	85	1034	372	133	3918	595	237	1182	973	70	1708	2415	1153	1586	341	2207	1744	1161	826	276	176	623	373	386	1169	1183	2869	96	883	614	336	346	463	253	987	1201	1616	664	887	606	1218	226	1091	612	177	551	1222	1076	935	756	499	639	580	355	342	350	1372	958	1560	204	204	1481	1875	280	315	147	384	2167	134	554	500	264	942	1473	594	46	1279	376	958	1223	264	404	315	581	373	72	1058	1048	355	179	624	355	253	548	152	1543	591	861	154	881	218	469	430	310	1402	701	1592	2093	208	181	464	344	245	295	151	1040	997	351	1102
543	535	363	61	1431	602	890	1229	760	626	280	2101	1446	1395	2914	1090	538	0	615	438	341	761	43	525	364	573	719	581	295	764	649	3561	559	615	1190	2064	1953	74	1239	533	253	2135	330	680	269	317	278	1007	615	505	777	465	1782	242	436	1110	281	650	1044	571	1783	572	654	349	2470	510	301	1066	606	887	466	1728	793	1028	609	1447	403	65	438	485	578	302	469	485	1066	554	1650	624	893	505	769	1016	589	931	56	841	118	669	795	976	662	468	961	554	1131	591	763	1387	2308	1894	921	557	770	1133	554	479	956	1650	745	1909	598	638	553	1447	278	1481	579	346	1475	419	1601	1479	682	337	349	2107	457	955	909	577	3516	403	332	1200	1449	558	1547	1990	633	1776	816	1671	1209	893	607	626	445	481	208	453	1242	646	2448	607	965	842	812	676	84	769	473	820	1080	322	349	742	1009	631	610	1138	585	586	686	643	410	807	38	839	547	496	680	865	1576	489	1490	333	333	1844	1807	815	793	589	444	1933	584	913	37	471	424	1655	737	499	1062	441	547	1024	278	864	242	468	209	559	579	1263	496	447	834	826	433	506	482	1188	55	759	486	974	600	606	107	581	1935	1026	1066	1868	603	610	784	682	295	561	580	1099	798	546	1290
583	633	897	628	816	530	280	1082	220	432	561	2180	1589	1662	2633	841	638	615	0	408	692	449	605	908	536	909	763	534	542	917	1120	3257	878	200	1169	1827	1740	591	1371	923	516	2569	870	696	885	853	531	452	812	253	681	1079	1175	493	397	584	586	667	1041	892	1596	576	255	815	2209	447	571	1525	200	279	609	1334	690	642	1087	1565	251	642	408	647	775	373	393	627	1525	601	1428	963	994	768	679	401	216	1084	607	960	655	1022	690	362	1131	1010	347	765	947	589	675	1207	2302	2130	1370	684	182	1135	622	1007	555	1039	662	1494	887	596	167	1562	531	1727	759	291	1715	856	1403	1696	961	872	815	2116	580	399	898	767	3342	970	479	597	1566	707	1069	1880	907	2207	970	1951	1502	567	268	432	468	1038	464	889	1741	1017	2320	731	350	1225	964	970	554	679	763	699	1487	378	815	1181	591	860	761	964	806	1068	1044	670	943	1300	603	1242	71	283	968	945	971	649	938	567	578	2116	1257	770	944	535	882	1531	544	1192	602	815	748	1044	203	644	652	875	560	593	531	1035	493	1010	464	709	735	674	283	729	1230	984	780	1018	732	979	626	224	738	360	471	200	584	908	1852	1338	1525	1457	484	519	1093	971	542	888	783	485	382	920	688
189	230	567	487	1154	187	600	832	626	188	215	1834	1213	1776	3012	1187	234	438	408	0	705	793	402	513	147	505	389	174	190	520	1080	3644	474	550	848	2188	2092	373	995	529	532	2162	548	327	659	532	193	860	405	161	375	865	1535	201	12	992	603	294	706	487	1937	195	276	767	2581	79	211	1499	263	594	201	1733	389	1027	710	1197	192	497	0	238	367	433	34	219	1499	207	1779	1010	1183	846	368	733	239	694	469	574	398	617	390	694	748	671	676	874	718	214	362	1538	2575	1737	973	831	589	1382	224	660	941	1321	344	1898	479	244	251	1195	193	1329	351	207	1317	484	1745	1303	552	546	767	1799	172	807	559	359	3690	655	121	976	1198	301	1478	2194	991	1801	575	2060	1596	927	592	188	59	707	230	512	1352	1046	2646	330	686	820	570	562	353	368	824	980	1502	460	767	787	983	451	904	728	398	693	1083	871	847	919	404	840	347	132	560	570	1232	771	1341	192	202	1716	1659	440	549	180	506	1933	182	784	404	419	786	1325	403	235	1044	499	751	989	193	639	201	671	230	303	872	907	132	328	826	589	388	661	326	1314	482	629	332	688	165	263	345	504	1579	929	1499	1860	171	189	684	562	190	484	375	841	762	523	950
852	856	664	281	1446	889	966	1533	741	880	605	2442	1787	1073	2625	845	859	341	692	705	0	610	383	861	678	913	1042	872	614	1102	428	3275	901	587	1517	1771	1655	410	1580	868	185	2417	633	995	452	624	595	953	954	705	1075	549	1753	544	699	1021	110	964	1371	912	1482	876	838	147	2179	784	628	836	777	966	788	1511	1090	858	915	1788	585	283	705	813	916	325	729	809	836	866	1362	305	556	164	1068	1070	768	1272	286	1178	458	1005	1092	1035	968	751	1024	218	1423	896	1062	1096	1968	2230	1223	250	784	804	870	770	807	1705	1043	1697	940	938	713	1788	595	1818	915	533	1813	752	1307	1819	1024	642	147	2444	774	910	1231	914	3194	671	630	1186	1791	889	1388	1666	295	2064	1155	1355	891	716	541	880	733	749	490	783	1506	344	2123	937	1022	1167	1151	1017	400	1068	132	559	812	314	147	1056	862	972	283	1433	925	892	379	357	293	1093	376	1159	645	710	1021	1198	1649	190	1394	657	660	2174	1696	1127	1132	880	775	1713	877	1252	375	812	83	1710	873	825	901	773	306	881	595	1204	544	751	490	890	254	1364	710	788	1156	1166	775	804	821	917	287	737	826	1035	870	777	441	922	2261	1360	836	1655	877	894	1122	1023	614	902	918	1123	693	883	1372
982	1021	1118	735	907	951	588	1531	292	869	862	2615	2006	1323	2221	397	1026	761	449	793	610	0	777	1216	878	1238	1178	950	853	1312	987	2857	1213	253	1610	1396	1302	782	1787	1229	528	2878	1086	1113	996	1071	835	386	1186	668	1119	1142	1166	780	781	419	552	1081	1476	1227	1152	984	704	758	1788	853	881	1331	646	593	978	973	1129	266	1352	1987	600	747	793	1015	1146	464	790	999	1331	1000	989	760	631	581	1116	628	658	1487	721	1367	856	1351	1129	608	1403	1227	606	542	1396	1000	1111	759	1857	2527	1660	441	371	714	1017	1235	200	1195	1096	1152	1234	1017	600	1985	835	2116	1134	600	2106	1134	959	2094	1317	1092	758	2560	951	359	1331	1140	2903	1164	813	636	1988	1087	791	1431	675	2516	1367	1605	1188	138	200	869	850	1242	726	1169	2000	824	1873	1122	595	1547	1362	1321	746	1116	597	280	1252	440	758	1473	255	1227	496	1413	1172	1330	836	359	904	1559	772	1555	474	695	1321	1360	1165	454	784	892	901	2500	1085	1203	1341	953	1161	1178	959	1558	770	1133	616	1200	634	1017	302	1156	319	272	835	1430	780	1227	725	1089	487	947	695	1064	1546	1381	1094	1259	1080	532	737	285	1086	613	899	646	794	1241	2301	1695	1331	1111	911	944	1443	1323	853	1220	1153	627	119	1234	926
501	492	341	105	1422	561	876	1187	760	590	236	2059	1404	1439	2944	1115	494	43	605	402	383	777	0	487	322	534	675	540	252	720	691	3590	519	619	1146	2094	1985	31	1196	497	284	2110	308	637	282	294	236	1009	572	479	735	484	1777	203	400	1116	318	607	1000	531	1816	530	627	393	2500	472	258	1107	583	872	422	1748	751	1044	582	1404	382	108	402	441	534	314	434	441	1107	512	1680	668	933	546	727	1004	564	888	97	797	83	632	754	964	634	449	948	595	1089	549	721	1419	2348	1856	894	594	765	1170	511	458	970	1635	703	1928	557	597	532	1404	236	1442	536	327	1437	385	1633	1440	641	314	393	2063	414	956	865	533	3551	389	293	1195	1407	515	1559	2027	676	1750	773	1715	1253	911	616	590	406	466	176	418	1222	690	2484	564	953	808	769	636	54	727	516	849	1123	337	393	713	1023	588	649	1096	542	560	730	677	450	784	7	807	536	468	640	821	1559	526	1494	290	290	1807	1813	772	750	548	410	1953	543	874	8	430	466	1640	716	455	1077	407	577	1037	236	821	203	449	176	515	618	1243	468	404	801	783	392	483	438	1216	99	760	443	961	562	583	63	542	1891	989	1107	1888	564	571	745	641	252	521	537	1090	808	509	1272
410	353	254	581	1665	513	1113	923	1115	620	357	1604	943	1869	3419	1583	350	525	908	513	861	1216	487	0	373	72	426	490	371	345	1067	4062	88	1007	796	2574	2466	468	750	15	769	1669	270	441	512	269	386	1359	240	674	578	656	2047	438	523	1486	806	434	666	87	2299	443	781	830	2977	514	342	1442	776	1107	329	2187	591	1475	212	953	661	578	513	301	238	762	540	321	1442	403	2159	1118	1417	1025	569	1246	752	466	581	422	406	144	594	1207	240	276	1189	1078	875	447	565	1900	2830	1369	462	1082	1090	1658	381	248	1393	1814	554	2361	133	489	762	954	386	956	258	636	951	112	2114	958	188	260	830	1635	355	1306	575	246	4038	327	428	1489	956	294	1961	2514	1143	1306	378	2130	1679	1354	1029	620	461	319	490	90	838	1125	2972	320	1200	331	376	172	494	569	992	1328	1498	790	830	273	1442	210	1135	871	210	203	1165	1163	821	409	494	339	839	646	179	471	1718	1014	1846	341	330	1319	2166	551	365	496	96	2391	483	392	496	94	940	1817	914	314	1500	95	1060	1451	386	400	438	276	490	293	1104	1393	646	186	329	381	128	222	200	1692	576	1117	196	1201	563	776	444	85	1517	501	1442	2322	555	530	261	180	371	78	231	1355	1218	22	1445
178	178	424	422	1300	247	745	865	746	306	89	1792	1152	1749	3098	1263	181	364	536	147	678	878	322	373	0	374	364	223	69	450	1013	3735	345	650	839	2264	2163	291	936	388	526	2035	406	318	544	390	86	988	312	303	414	747	1680	134	155	1117	588	287	693	359	2003	208	424	712	2662	180	75	1428	409	739	113	1837	429	1126	563	1143	293	429	147	145	271	462	179	135	1428	190	1851	977	1196	832	405	879	385	627	408	517	291	488	432	839	603	524	821	870	767	227	399	1602	2604	1653	835	843	718	1412	192	513	1042	1468	381	2007	359	275	390	1142	86	1240	262	278	1230	336	1813	1222	439	403	712	1776	96	934	552	266	3754	513	64	1117	1145	223	1597	2245	972	1673	506	2029	1565	1015	681	306	110	562	192	365	1210	1005	2700	267	831	691	501	445	285	405	806	1034	1445	491	712	646	1087	349	911	773	294	547	1044	900	770	774	326	706	468	276	444	528	1378	778	1474	47	56	1622	1793	452	480	232	359	2040	225	679	327	279	761	1472	550	153	1147	352	784	1095	86	564	134	524	192	224	878	1053	276	194	694	518	245	513	203	1384	416	749	209	834	262	409	258	374	1583	819	1428	1968	261	259	569	447	69	354	277	985	863	384	1097
379	319	325	632	1646	479	1100	854	1120	591	376	1541	881	1932	3449	1612	316	573	909	505	913	1238	534	72	374	0	366	457	386	273	1134	4091	32	1021	724	2607	2502	512	684	78	811	1660	340	388	580	337	403	1362	181	667	525	728	2031	458	516	1491	852	386	594	22	2336	408	764	890	3009	495	357	1512	765	1093	310	2206	537	1493	263	889	667	630	505	276	187	793	528	297	1512	369	2193	1177	1467	1077	516	1232	741	395	630	350	455	114	540	1193	279	347	1175	1128	809	410	512	1936	2882	1323	471	1127	1091	1704	345	319	1410	1785	502	2378	64	448	757	889	403	909	209	647	903	178	2149	906	118	329	890	1568	338	1308	507	196	4079	400	435	1481	892	253	1971	2558	1199	1298	305	2196	1743	1377	1047	591	449	390	515	161	854	1186	3015	269	1187	316	304	105	534	516	1045	1364	1566	821	890	290	1457	143	1184	805	155	258	1227	1205	887	441	541	334	842	638	112	399	1687	1059	1846	349	339	1278	2164	490	293	463	166	2409	450	340	542	106	994	1789	899	286	1517	163	1098	1466	403	328	458	347	515	251	1152	1364	638	179	321	309	147	291	179	1725	626	1123	174	1187	533	765	485	12	1445	462	1512	2338	524	496	212	113	386	20	179	1343	1233	55	1417
202	186	635	779	1381	234	872	525	983	343	440	1445	828	2112	3392	1574	183	719	763	389	1042	1178	675	426	364	366	0	230	428	177	1359	4020	339	930	474	2574	2480	645	609	438	889	1881	636	67	844	625	447	1195	186	515	168	1028	1770	499	401	1332	952	97	328	345	2326	194	543	1069	2964	325	418	1766	573	864	254	2097	177	1402	629	808	581	784	389	234	192	811	387	234	1766	185	2167	1340	1556	1197	160	993	553	323	768	198	626	432	180	959	642	693	941	1234	455	177	158	1927	2958	1367	786	1203	931	1765	175	668	1315	1479	155	2255	304	169	596	807	447	969	175	595	955	487	2134	933	318	627	1069	1416	268	1145	190	185	4079	725	418	1259	810	168	1822	2584	1337	1528	219	2390	1927	1310	978	343	338	737	556	491	1168	1365	3036	121	956	598	213	340	646	160	1171	1369	1795	840	1069	632	1353	227	1272	454	216	625	1405	1253	1111	794	681	633	714	486	332	182	1376	1139	1652	387	386	1358	1960	125	196	228	492	2294	220	478	682	367	1126	1482	676	220	1415	486	1134	1357	447	283	499	693	556	168	1240	1061	486	313	615	233	375	647	274	1703	774	987	273	951	295	573	612	356	1218	627	1766	2219	282	245	428	334	428	352	197	1110	1138	417	1123
79	138	619	636	1196	24	664	661	754	135	313	1667	1058	1945	3162	1347	141	581	534	174	872	950	540	490	223	457	230	0	292	387	1230	3790	425	700	674	2346	2252	509	839	505	704	2076	608	163	767	593	306	971	307	285	202	968	1584	339	184	1108	773	132	534	436	2100	50	327	923	2734	99	298	1647	348	657	171	1868	217	1172	701	1037	358	644	174	190	280	607	163	171	1647	88	1939	1177	1358	1017	195	791	327	550	620	426	515	558	219	755	730	707	737	1047	552	57	189	1702	2748	1596	924	1006	704	1556	112	689	1085	1327	171	2027	412	70	366	1035	306	1194	259	380	1181	499	1907	1162	466	603	923	1627	156	920	387	270	3853	712	248	1051	1038	208	1596	2363	1161	1718	437	2228	1764	1081	750	135	139	748	385	519	1310	1209	2813	213	750	752	432	482	498	195	994	1150	1659	635	923	748	1123	360	1079	561	315	690	1247	1045	991	897	544	779	484	256	478	412	1230	945	1436	266	272	1583	1749	265	412	8	516	2065	9	676	545	401	954	1331	463	176	1185	508	925	1127	306	503	339	707	385	210	1046	906	256	312	763	452	385	680	289	1477	630	758	293	748	77	348	478	451	1404	825	1647	1991	67	41	596	480	292	437	289	907	908	492	960
248	242	379	353	1327	315	770	934	744	366	24	1844	1200	1684	3068	1231	245	295	542	190	614	853	252	371	69	386	428	292	0	499	944	3707	360	636	902	2230	2127	221	985	386	469	2041	358	385	478	342	20	990	355	328	484	683	1702	78	195	1115	527	355	756	374	1965	278	462	644	2630	240	29	1358	438	765	174	1820	499	1107	545	1193	291	360	190	199	315	418	224	194	1358	259	1816	911	1140	771	475	904	415	675	340	570	222	499	502	864	589	486	846	810	837	297	469	1564	2551	1688	831	788	723	1361	259	477	1024	1506	451	1992	382	345	410	1192	20	1274	309	264	1266	314	1776	1260	466	357	644	1834	162	936	618	311	3714	466	71	1133	1195	277	1590	2200	909	1678	554	1962	1499	991	661	366	169	520	139	347	1199	938	2656	324	855	699	550	469	217	475	743	993	1376	447	644	641	1072	386	854	843	333	527	977	851	700	758	257	711	472	305	469	586	1419	722	1479	44	50	1653	1799	520	529	301	340	2023	294	708	258	282	698	1510	581	211	1131	333	737	1081	20	610	78	486	139	278	821	1095	305	212	700	566	244	483	232	1348	348	746	238	859	326	438	189	388	1647	843	1358	1953	326	326	591	472	0	367	319	1007	848	386	1135
334	291	591	825	1558	397	1045	583	1137	512	503	1345	702	2156	3533	1704	286	764	917	520	1102	1312	720	345	450	273	177	387	499	0	1374	4165	259	1071	454	2706	2608	692	486	352	968	1703	600	238	832	594	520	1358	148	665	339	995	1947	577	532	1494	1023	259	321	257	2450	342	711	1106	3100	470	479	1766	735	1037	339	2250	345	1547	518	693	712	827	520	305	186	912	527	317	1766	317	2295	1388	1639	1263	333	1168	714	176	817	80	655	297	348	1133	519	621	1115	1306	552	330	332	2049	3051	1216	625	1288	1091	1861	296	592	1461	1655	331	2412	212	337	750	692	520	810	189	715	798	437	2259	782	179	590	1106	1342	364	1307	243	189	4202	671	513	1432	695	228	1983	2696	1396	1350	55	2426	1968	1448	1112	512	462	664	638	429	1003	1405	3150	190	1129	434	50	203	703	333	1234	1483	1810	941	1106	489	1502	143	1353	545	179	519	1445	1349	1125	653	727	472	862	635	194	126	1551	1221	1822	455	449	1198	2132	269	30	387	433	2449	377	301	728	325	1186	1658	846	299	1563	428	1234	1507	520	118	577	621	638	226	1320	1238	635	317	454	68	351	563	282	1829	819	1141	277	1125	460	735	661	260	1188	450	1766	2375	447	411	262	195	499	267	183	1285	1282	328	1300
1192	1180	818	595	1863	1251	1395	1877	1161	1266	926	2667	2006	814	2730	1108	1182	649	1120	1080	428	987	691	1067	1013	1134	1359	1230	944	1374	0	3378	1132	1010	1820	1887	1763	722	1817	1068	607	2399	797	1325	555	797	928	1357	1230	1111	1427	479	2152	891	1076	1407	535	1297	1677	1140	1587	1222	1252	316	2288	1155	947	419	1193	1395	1110	1768	1443	1201	1033	2020	993	586	1080	1125	1198	750	1109	1128	419	1203	1509	252	625	405	1419	1497	1182	1526	611	1455	733	1196	1445	1463	1080	855	1451	450	1781	1241	1413	1252	1884	2374	1300	549	1209	872	1201	883	1169	2129	1394	1955	1179	1288	1131	2020	928	1978	1204	938	1978	955	1443	1997	1252	808	316	2702	1104	1318	1548	1199	3196	774	982	1598	2023	1193	1712	1689	347	2068	1421	1065	627	1064	958	1266	1093	831	850	977	1490	194	2129	1242	1449	1308	1418	1238	732	1419	391	839	436	742	316	1175	1221	1232	512	1787	1196	1014	212	650	249	1150	687	1286	1071	1112	1245	1488	2075	534	1765	979	978	2298	2050	1462	1401	1239	970	1960	1234	1447	686	1052	384	2134	1297	1140	1248	971	669	1241	928	1457	891	855	850	1193	510	1793	1112	1062	1289	1428	1023	923	1100	1133	600	1157	1104	1463	1245	1193	754	1145	2562	1522	419	1913	1249	1259	1318	1246	944	1129	1198	1545	1087	1089	1800
3831	3875	3922	3516	2956	3787	3220	4274	3040	3688	3715	5420	4847	2840	650	2479	3879	3561	3257	3644	3275	2857	3590	4062	3735	4091	4020	3790	3707	4165	3378	0	4067	3094	4409	1504	1623	3603	4629	4074	3307	5691	3889	3953	3727	3877	3689	2856	4043	3505	3933	3788	2712	3632	3632	2718	3289	3923	4291	4080	1800	3829	3496	3379	1096	3698	3735	3389	3453	3228	3835	1933	3940	2618	4170	4821	3454	3525	3644	3872	4003	3299	3638	3856	3389	3849	1913	3157	2770	3133	3932	3142	3471	4337	3509	4215	3673	4201	3939	3161	4223	4019	3174	3070	4135	3844	3928	2179	1788	5382	4482	3026	3099	2512	3869	4035	2705	3134	3916	1798	4090	3853	3424	4819	3689	4973	3991	3457	4962	3970	1967	4948	4173	3897	3379	5326	3807	2899	4152	3997	784	3943	3670	2894	4822	3943	2251	1714	3080	5335	4220	2851	2937	2720	3055	3688	3703	4022	3576	4005	4782	3197	1348	3975	3157	4392	4214	4177	3572	3932	3168	2740	3234	3271	3379	4303	2666	4084	2997	4156	4029	4148	3169	2925	3488	4362	3583	4394	3306	3534	4177	4202	3216	3090	2503	3748	3757	5358	2298	4024	4193	3792	3996	1750	3800	4415	3581	3984	3219	3136	3381	3874	2605	3992	3014	2663	3689	4284	3632	4019	3575	3945	3023	3307	3534	3920	4387	4234	3944	4065	3937	2373	3520	3035	3943	3170	3729	3453	3622	4095	5012	4550	3389	1828	3741	3777	4299	4179	3707	4073	4010	3038	2883	4081	3234
346	287	332	619	1614	446	1068	835	1091	559	351	1548	889	1928	3426	1588	283	559	878	474	901	1213	519	88	345	32	339	425	360	259	1132	4067	0	993	713	2585	2480	496	688	99	793	1690	344	359	581	339	377	1331	153	635	495	736	1999	434	485	1461	837	355	580	14	2315	376	731	882	2986	462	331	1515	733	1061	277	2179	508	1466	291	895	638	618	474	244	156	770	496	265	1515	336	2171	1169	1452	1065	486	1199	709	393	616	338	442	143	511	1161	310	364	1143	1114	786	378	483	1915	2868	1341	503	1111	1060	1688	312	337	1383	1752	472	2350	47	416	725	895	377	927	178	620	920	180	2128	921	123	334	882	1570	305	1278	487	165	4060	411	406	1449	897	220	1942	2540	1189	1329	296	2193	1739	1351	1020	559	417	407	491	169	887	1180	2997	239	1154	346	294	116	516	486	1033	1343	1566	799	882	323	1430	121	1168	783	125	285	1221	1186	885	474	526	365	812	606	120	384	1655	1043	1815	322	312	1299	2133	464	281	430	174	2382	417	357	528	88	982	1756	866	254	1489	169	1078	1438	377	325	434	364	491	218	1136	1331	606	150	352	301	127	311	147	1703	613	1093	142	1154	501	733	468	29	1440	484	1515	2311	491	464	232	122	360	12	148	1311	1206	77	1385
737	780	947	608	860	701	406	1279	155	616	650	2363	1758	1485	2463	650	785	615	200	550	587	253	619	1007	650	1021	930	700	636	1071	1010	3094	993	0	1356	1645	1554	615	1540	1021	439	2677	916	864	877	901	621	393	951	416	866	1052	1182	570	538	496	494	832	1224	1007	1405	736	453	727	2033	605	666	1397	394	409	743	1187	876	477	1164	1738	361	622	550	781	912	319	544	763	1397	755	1241	823	807	627	863	490	405	1243	589	1122	687	1135	876	459	1212	1060	450	612	1145	752	858	1012	2102	2288	1463	520	200	937	774	1063	392	1119	843	1356	1009	767	347	1736	621	1879	898	373	1868	937	1212	1853	1089	921	727	2307	715	342	1079	905	3156	1007	587	605	1739	849	955	1684	755	2314	1125	1773	1332	380	71	616	609	1081	524	972	1819	881	2126	881	445	1336	1120	1096	577	863	629	500	1343	308	727	1274	437	995	594	1162	940	1143	904	488	867	1376	615	1347	221	444	1095	1112	1067	498	875	671	681	2265	1193	951	1099	703	964	1389	710	1328	613	919	626	1124	397	781	497	958	389	445	621	1189	570	1060	524	851	572	800	444	843	1337	1139	881	1081	854	786	608	152	860	461	647	394	618	1023	2049	1469	1397	1317	659	693	1219	1097	636	1002	919	536	213	1023	797
671	661	1045	1251	1609	667	1195	243	1378	740	913	1012	497	2585	3794	2007	658	1190	1169	848	1517	1610	1146	796	839	724	474	674	902	454	1820	4409	713	1356	0	2997	2909	1116	335	802	1363	1774	1055	526	1284	1048	922	1554	592	943	490	1449	1984	973	858	1692	1427	559	145	710	2762	655	919	1539	3376	774	890	2218	969	1187	728	2476	480	1809	946	449	1032	1255	848	705	622	1279	838	707	2218	656	2597	1813	2028	1671	494	1290	954	356	1240	374	1090	719	480	1264	934	1070	1249	1708	331	635	498	2368	3423	1070	954	1674	1313	2230	648	1040	1723	1622	514	2620	665	604	1009	445	922	746	616	1055	725	892	2569	677	615	1045	1539	953	743	1510	289	620	4511	1124	891	1557	448	631	2172	3034	1811	1458	418	2861	2399	1735	1412	740	803	1112	1030	882	1278	1836	3481	582	1266	774	419	637	1119	494	1645	1823	2256	1307	1539	879	1754	597	1745	309	626	952	1876	1719	1571	1032	1152	818	1135	919	628	333	1512	1611	1963	860	858	1102	2249	410	432	669	887	2664	666	568	1153	779	1600	1624	1028	692	1815	882	1600	1754	922	409	973	1070	1030	630	1713	1244	919	758	800	416	802	1008	719	2141	1245	1384	716	1256	713	969	1083	711	745	655	2218	2587	702	671	631	628	902	720	622	1405	1552	778	1318
