NAME : VRPTW_INSTANCE_364.txt
COMMENT : Bangkok Supermarket
TYPE : VRPTW
DIMENSION : 281
DAYS : Saturday
EDGE_WEIGHT_TYPE : EXPLICIT
VEHICLES : 32
EDGE_WEIGHT_FORMAT : FULL_MATRIX
CAPACITY : 1000
EDGE_WEIGHT_SECTION
0	317	693	528	193	1234	246	719	93	475	1108	894	1711	1345	978	121	1105	140	537	539	106	289	1727	582	314	771	583	584	1658	911	793	101	1928	640	395	83	609	1151	1028	328	101	582	404	257	221	1669	502	317	212	1885	978	343	1333	309	555	358	2474	409	358	1126	437	123	1605	819	63	2185	608	1402	1221	968	995	1958	200	525	495	993	2055	2502	523	411	502	101	2671	185	991	118	1132	97	239	631	212	84	211	747	1667	428	385	24	1239	941	587	1005	577	621	438	1627	314	2058	1411	1779	1727	1153	46	1381	399	612	1002	1380	413	846	322	1480	4064	246	623	101	436	1951	396	3556	559	2198	214	2443	582	844	418	1727	439	1058	254	699	198	1101	255	1308	228	642	374	525	4330	1185	497	273	124	2324	221	1944	681	1213	101	1176	218	1024	1429	122	401	1213	454	279	1141	210	654	1025	363	239	716	306	1419	179	185	258	1916	470	355	353	957	104	346	741	368	833	118	104	584	1028	352	2548	145	231	437	103	440	412	830	977	223	320	688	1616	1033	1310	492	908	412	406	214	2222	387	210	437	346	1672	582	737	893	1220	165	288	1989	255	2206	415	686	692	202	2300	310	479	1495	428	1760	1436	838	160	93	1001	170	1390	181	1076	495	182	113	351	1223	1409	608	872	894	522	948	322	2096	1069	2010	221	364	930	668	149	193	474	78	1343	183	593	1742	177	306	1122
317	0	914	321	487	1482	162	669	340	399	1282	1212	2021	1636	1140	196	826	423	840	857	363	74	2022	886	597	993	887	886	1926	1203	1110	252	1624	946	228	302	924	1448	1250	380	252	849	633	139	290	1972	534	0	405	2175	1294	654	1192	499	835	459	2791	422	49	1392	607	328	1890	982	309	2499	913	1654	1532	1285	1312	1714	461	752	799	1310	1979	2736	721	634	537	252	2973	501	1304	325	1395	219	162	769	405	305	402	836	1978	651	702	308	1364	923	895	1321	880	933	248	1460	2	1742	1105	2080	2022	1020	309	1691	406	800	1305	1690	425	1163	488	1256	4313	164	757	218	728	2246	86	3851	657	2510	401	2133	849	526	549	2022	748	1375	161	420	281	1372	572	1626	530	802	449	215	4621	1466	530	138	436	2642	538	2237	410	1480	218	971	167	752	1744	196	413	1480	617	140	1283	405	615	774	448	300	989	612	1633	305	501	304	2214	788	38	229	1179	374	448	994	452	1143	325	318	663	1250	450	2842	356	296	603	312	707	525	992	1237	165	502	861	1845	1350	1353	530	1217	552	533	317	2500	696	313	606	229	1982	849	1052	1210	1325	170	484	2288	572	2517	652	464	712	129	2576	503	636	1788	651	2059	1713	1156	181	340	1316	204	1578	488	1394	529	480	204	542	1454	1104	914	595	1030	745	1224	474	2395	1295	2291	538	449	1225	981	204	485	183	328	1128	272	852	2054	473	501	1419
693	914	0	1203	514	1497	923	676	613	1169	1560	769	1581	1411	1467	775	1739	740	375	581	592	929	1720	382	772	1187	390	371	1795	446	643	793	2260	414	798	646	691	662	1393	1011	793	944	926	926	624	1182	511	914	861	1323	738	663	1248	415	888	476	2172	570	929	1342	315	803	1031	1329	652	1768	403	1629	838	823	872	2060	786	1004	389	828	1735	2707	1050	939	507	793	2564	577	695	799	1358	759	916	257	861	773	517	1353	1242	948	530	681	1754	706	424	737	380	475	829	1556	913	2564	1785	1731	1720	1094	736	975	584	140	1053	977	572	754	426	1575	4175	924	270	741	351	1407	954	3466	372	1754	516	2988	944	1370	389	1720	430	843	930	1334	632	1303	603	1064	501	1191	502	1044	4252	1330	511	786	669	2012	570	1940	1323	1411	741	1277	896	1323	1262	761	576	1411	310	786	1639	514	640	1269	495	616	223	690	1751	610	577	618	1876	579	938	754	1334	590	484	1087	492	534	799	788	403	1393	484	2499	812	620	320	789	278	421	1341	1244	901	411	153	1890	878	1914	504	582	380	404	596	2273	451	600	316	748	1554	944	762	777	1763	755	431	1464	603	1762	920	977	529	790	2360	411	300	1528	948	1242	1558	689	743	613	731	713	1783	544	887	510	528	765	945	1534	1780	409	1218	1431	172	1161	961	2035	1416	2059	570	494	1055	495	720	725	973	758	1435	642	972	1327	529	413	1189
528	321	1203	0	722	1444	283	979	593	199	1162	1359	2106	1671	1016	428	592	562	1060	1021	616	279	2060	1104	693	952	1104	1107	1909	1436	1278	428	1636	1158	538	558	1058	1674	1189	337	428	884	655	276	596	2183	855	321	473	2409	1465	794	1449	791	891	772	2917	743	335	1388	909	459	2131	873	555	2674	1127	1616	1725	1429	1447	1855	565	747	1017	1458	2259	2652	688	649	858	428	3018	701	1489	459	1386	446	290	1082	473	467	686	671	2168	662	886	533	1190	1235	1103	1497	1099	1130	547	1691	320	1615	1129	2132	2060	1286	495	1884	727	1100	1381	1883	746	1307	787	1436	4241	282	1070	462	964	2472	339	3873	975	2695	687	1966	884	499	859	2060	959	1531	275	217	582	1377	745	1772	756	713	765	380	4628	1484	851	458	610	2774	732	2263	189	1473	462	1183	311	892	1858	441	734	1473	921	461	1131	688	929	945	763	609	1245	743	1545	597	701	616	2256	952	318	548	1123	621	760	995	767	1344	459	463	983	1189	763	2865	470	603	907	459	966	838	881	1231	306	797	1167	1770	1490	1111	851	1417	861	843	618	2493	906	614	909	549	2065	884	1177	1355	1134	450	773	2506	745	2702	677	704	1032	421	2562	794	943	1825	662	2279	1718	1317	463	594	1494	496	1461	708	1540	850	711	438	548	1395	1129	1126	743	888	1031	1245	468	2438	1237	2293	732	764	1283	1175	485	618	412	489	1323	569	876	2239	705	791	1475
193	487	514	722	0	1212	439	699	148	660	1155	749	1589	1265	1038	303	1296	229	352	398	125	473	1635	398	318	792	400	398	1604	720	637	294	2055	458	494	185	491	963	1037	497	294	568	458	449	272	1485	460	487	348	1695	816	269	1336	199	525	307	2324	402	521	1085	310	290	1413	885	178	2013	426	1372	1045	823	856	2024	282	563	311	845	2006	2478	587	469	459	294	2564	86	820	286	1094	281	432	500	348	264	162	862	1491	483	239	189	1315	885	408	840	392	449	537	1641	485	2227	1543	1678	1635	1157	230	1204	401	452	906	1203	407	706	229	1537	4020	439	496	273	244	1762	557	3457	464	2023	168	2621	568	1008	325	1635	262	903	447	887	260	1054	164	1155	45	723	337	678	4237	1123	455	403	158	2171	108	1856	871	1169	273	1227	411	1128	1294	296	398	1169	329	407	1208	158	635	1112	322	282	523	260	1425	226	86	299	1818	336	522	444	969	113	298	730	325	656	286	277	497	1037	304	2454	298	278	313	278	249	334	897	948	416	213	533	1605	889	1430	449	730	313	318	246	2151	212	245	310	436	1552	568	616	750	1309	318	180	1802	164	2030	460	772	632	359	2233	196	354	1409	483	1574	1374	685	308	147	835	296	1418	39	927	453	14	293	448	1217	1541	427	985	975	348	899	451	1995	1072	1937	108	323	852	497	287	229	618	247	1396	255	587	1568	16	191	1035
1234	1482	1497	1444	1212	0	1326	1911	1292	1247	429	821	898	399	521	1320	1948	1094	1123	920	1284	1416	707	1114	922	495	1106	1126	469	1252	906	1246	3074	1092	1627	1308	807	1316	265	1133	1246	653	849	1350	1445	1536	1672	1482	1078	1843	947	942	2548	1405	688	1519	1747	1610	1531	164	1487	1163	1686	601	1287	1736	1096	173	1162	816	775	3188	1039	729	1116	837	3195	1269	768	847	1671	1246	1626	1131	1022	1168	144	1302	1324	1641	1078	1197	1369	841	1412	830	1021	1257	644	2084	1073	981	1116	1026	1668	2850	1479	3020	2560	808	707	2368	1213	1244	1606	1538	511	1240	1615	803	1438	2714	2833	1324	1643	1321	1182	1845	1568	2443	1652	1803	1375	3312	653	1934	1526	707	1093	896	1329	1658	1425	206	1047	948	1179	734	1549	1691	3187	257	1667	1498	1122	1643	1104	867	1629	141	1321	2411	1315	2234	842	1333	1605	141	1504	1504	562	1365	1847	2249	1535	1461	1312	955	278	1398	1131	1480	894	940	1518	1588	323	1269	1510	493	1537	1065	1168	1179	1690	265	1517	1447	1133	1454	1492	1184	1280	1542	597	264	1317	1419	1612	397	811	995	1661	1077	1513	1523	1429	1052	1097	1426	1487	1581	858	653	743	809	726	1387	1389	1826	1047	1807	831	1917	1835	1415	1119	1401	1525	508	830	1658	329	880	1386	1292	986	1403	386	1177	854	1665	1203	1318	941	106	2559	1090	2077	646	1420	336	1014	1065	217	861	1104	1535	456	1015	1381	1043	1664	1181	2577	1411	641	1435	1211	1396	424
246	162	923	283	439	1326	0	793	311	276	1120	1112	1898	1496	978	148	860	305	782	763	333	90	1884	827	466	835	827	829	1775	1157	1020	148	1764	883	369	277	815	1397	1090	219	148	704	481	24	338	1911	624	162	256	2131	1207	544	1345	515	695	515	2686	513	210	1242	638	200	1851	820	272	2417	851	1498	1459	1184	1207	1875	328	597	740	1211	2120	2577	561	481	626	148	2839	425	1225	199	1244	164	6	821	256	195	410	679	1904	497	618	250	1205	1041	829	1237	822	860	398	1619	159	1837	1246	1947	1884	1171	216	1618	498	827	1176	1617	516	1062	516	1418	4156	2	810	182	682	2196	244	3711	724	2434	411	2211	704	641	597	1884	682	1280	7	456	320	1223	479	1527	474	640	516	364	4478	1321	620	245	340	2539	458	2096	437	1329	182	1132	28	911	1632	163	504	1329	652	250	1122	412	734	935	511	355	962	497	1472	328	425	366	2078	693	194	354	1020	338	503	843	515	1073	199	197	739	1090	507	2701	222	347	637	192	683	580	830	1086	22	523	897	1685	1247	1209	618	1148	596	582	355	2352	629	350	638	351	1858	704	940	1109	1168	187	496	2232	479	2441	501	625	813	173	2427	518	675	1649	497	2004	1566	1063	199	311	1233	235	1416	427	1294	618	428	157	385	1295	1244	851	754	869	751	1078	314	2259	1136	2145	458	512	1090	906	218	367	343	219	1290	305	704	1977	423	515	1284
719	669	676	979	699	1911	793	0	639	1063	1826	1352	2201	1940	1697	691	1343	854	895	1047	641	732	2293	931	1002	1479	938	923	2295	1116	1224	761	1598	988	442	636	1157	1339	1730	994	761	1264	1119	778	499	1855	240	669	927	1974	1365	968	639	510	1224	391	2843	310	645	1782	460	830	1684	1538	656	2445	962	2070	1507	1420	1463	1394	916	1237	876	1433	1338	3177	1242	1127	241	761	3188	780	1338	824	1792	696	789	419	927	788	544	1450	1919	1143	907	695	1956	256	965	1374	926	1022	433	948	670	1977	1149	2322	2293	463	757	1650	319	541	1574	1651	306	1321	475	904	4710	795	405	670	789	2064	641	4090	315	2429	538	2421	1264	887	398	2293	868	1468	797	999	522	1750	863	1708	732	1361	362	645	4875	1813	244	549	806	2684	807	2516	1004	1865	670	601	779	684	1888	672	317	1865	447	543	1860	548	64	613	376	481	877	957	2120	539	780	462	2466	1001	663	442	1660	654	400	1427	373	1164	824	811	278	1730	394	3101	858	489	453	807	698	375	1550	1647	782	496	533	2304	1483	1999	251	1226	413	397	505	2827	843	508	459	443	2169	1264	1271	1357	1933	623	523	2127	863	2437	1128	399	153	623	2910	514	436	2077	1143	1909	2061	1275	615	638	1367	583	2103	734	1505	246	708	687	1070	1915	1144	967	617	1611	602	1595	1033	2637	1767	2611	807	376	1536	1062	607	890	586	793	763	539	1281	2004	700	519	1709
93	340	613	593	148	1292	311	639	0	560	1188	891	1723	1379	1060	165	1156	215	499	537	23	332	1756	545	370	842	547	545	1704	864	782	182	1916	606	360	37	620	1108	1096	420	182	639	480	317	153	1632	415	340	303	1837	962	370	1262	218	606	268	2469	328	373	1177	346	216	1554	902	38	2161	573	1457	1193	965	996	1912	278	598	459	988	1971	2561	604	488	415	182	2693	183	968	211	1184	147	304	538	303	177	117	838	1639	504	377	73	1325	854	556	987	540	597	404	1560	338	2079	1402	1803	1756	1082	139	1352	321	524	1027	1351	333	846	229	1430	4116	312	530	132	388	1906	409	3582	466	2171	121	2474	639	860	325	1756	410	1048	318	747	134	1149	268	1300	192	728	286	530	4360	1227	410	258	170	2317	220	1975	732	1262	132	1122	283	996	1433	154	321	1262	362	262	1225	117	574	988	274	168	656	343	1487	105	183	188	1942	471	374	312	1026	35	255	801	278	804	211	197	491	1096	261	2576	237	162	346	196	375	320	913	1032	289	228	599	1679	1030	1403	405	878	319	313	137	2262	359	134	346	305	1686	639	748	891	1309	170	196	1948	268	2178	489	647	603	212	2342	219	387	1527	504	1719	1478	829	160	0	982	149	1465	156	1071	407	142	155	437	1287	1399	575	849	980	441	994	414	2120	1135	2048	220	275	963	645	139	253	471	171	1290	123	653	1716	134	215	1152
475	399	1169	199	660	1247	276	1063	560	0	965	1216	1932	1485	819	413	746	458	969	896	578	331	1873	1009	551	756	1008	1014	1713	1344	1147	377	1835	1058	627	532	916	1573	990	183	377	707	483	287	613	2066	901	399	346	2307	1332	666	1586	776	722	789	2754	790	434	1195	902	371	2037	675	522	2533	1029	1419	1602	1284	1297	2040	441	563	926	1314	2378	2454	498	475	903	377	2830	618	1364	374	1192	422	281	1090	346	396	671	478	2038	486	778	489	1003	1314	1002	1366	1005	1020	648	1844	398	1797	1328	1948	1873	1416	432	1759	774	1085	1209	1757	793	1164	781	1609	4042	275	1080	446	887	2364	454	3680	998	2560	673	2131	707	698	867	1873	865	1390	271	410	594	1186	640	1624	685	514	791	534	4433	1296	896	515	521	2614	641	2073	381	1280	446	1342	297	1072	1695	431	781	1280	918	520	938	672	1006	1117	786	630	1175	616	1346	599	618	642	2069	830	415	621	925	579	776	807	790	1231	374	383	1014	990	781	2674	370	623	901	381	910	853	683	1038	293	785	1158	1571	1342	957	894	1303	866	853	628	2297	814	623	902	619	1890	707	1028	1211	953	463	755	2392	640	2567	506	845	1089	449	2366	778	941	1638	486	2167	1526	1182	474	560	1364	510	1264	637	1395	894	647	422	379	1196	1328	1027	918	693	998	1059	304	2250	1038	2098	641	787	1107	1062	492	503	546	413	1490	578	696	2106	644	774	1296
1108	1282	1560	1162	1155	429	1120	1826	1188	965	0	1047	1322	817	146	1161	1597	972	1195	994	1187	1210	1135	1203	837	373	1196	1214	861	1432	1087	1085	2793	1203	1469	1191	903	1557	232	903	1085	616	707	1143	1330	1871	1600	1282	910	2171	1191	912	2438	1354	672	1447	2174	1516	1330	507	1461	1006	1978	300	1170	2136	1196	560	1448	1069	1042	2990	910	592	1173	1098	3156	1492	585	699	1600	1085	2034	1069	1260	1012	488	1149	1120	1642	910	1047	1289	497	1767	683	1033	1133	242	2036	1166	1230	1203	1134	1505	2726	1280	2668	2291	1237	1135	2259	1074	1560	1507	1563	794	1556	1520	1010	1382	2539	3082	1118	1641	1172	1213	2187	1362	2817	1619	2197	1295	2931	616	1662	1479	1135	1130	1171	1120	1361	1307	534	1001	1290	1136	480	1471	1472	3540	640	1595	1335	1023	2068	1053	1283	1332	547	1172	2251	1118	2022	1227	1178	1509	547	1480	1342	137	1286	1762	2054	1458	1348	1420	902	396	1287	1069	1367	1318	983	1314	1439	254	1175	1436	480	1461	1246	1012	1025	1653	232	1442	1842	976	1340	1465	1030	1301	1486	290	442	1118	1368	1644	627	1088	572	1589	1281	1469	1472	1322	1423	1114	1318	1462	1434	1281	616	899	1035	308	1232	1334	2179	1001	2202	700	1744	1783	1249	1479	1351	1504	937	683	1992	758	1080	1236	1188	1232	1261	299	1116	1141	1593	1143	1162	762	330	2292	1190	1865	277	1442	546	815	1485	253	1252	1053	1458	692	1142	1237	939	1462	1038	2410	1291	589	1802	1149	1346	767
894	1212	769	1359	749	821	1112	1352	891	1216	1047	0	851	648	1016	1015	1951	806	457	355	871	1177	954	422	667	738	415	430	1038	435	129	970	2805	369	1243	925	301	511	824	1035	970	573	748	1131	1021	883	1124	1212	886	1163	146	568	1978	872	531	998	1579	1112	1253	657	892	912	940	943	912	1316	392	917	422	73	111	2738	794	723	479	99	2504	1952	801	760	1122	970	1837	713	213	913	678	992	1106	981	886	919	899	1099	829	754	514	905	1283	1453	387	186	427	330	1286	2289	1209	2948	2293	973	954	1810	906	564	1116	857	316	561	1116	52	907	2246	3406	1111	989	994	568	1198	1291	2737	1044	1344	904	3321	573	1738	960	954	502	173	1118	1562	1010	615	640	415	704	905	1034	1418	3522	602	1121	1150	777	1429	675	1175	1539	705	994	1936	1087	1874	546	1016	1111	705	905	1154	1166	894	1297	1852	1019	1028	551	617	1098	976	713	1043	1118	424	1250	1193	792	857	995	607	1020	256	913	914	1083	824	1000	1749	894	1025	899	919	654	988	951	622	1092	883	912	1187	139	1555	1113	255	945	965	993	1504	543	993	893	1185	818	573	194	12	1329	1053	867	1210	640	1350	727	1515	1232	1093	1591	867	917	759	754	997	804	79	1045	891	187	1040	1177	735	182	1120	751	1007	843	890	2290	386	1734	1051	761	516	913	1285	825	1290	675	1019	372	290	1027	746	1362	895	2104	1005	599	892	760	864	440
1711	2021	1581	2106	1589	898	1898	2201	1723	1932	1322	851	0	506	1388	1827	2677	1599	1308	1191	1705	1975	310	1270	1431	1233	1264	1278	652	1158	978	1770	3638	1213	2082	1754	1103	1041	1115	1769	1770	1224	1452	1920	1862	915	1975	2021	1648	1195	844	1367	2819	1723	1215	1850	856	1963	2066	827	1742	1700	1168	1415	1739	880	1239	823	815	782	740	3589	1570	1371	1331	768	3284	1392	1441	1458	1973	1770	987	1540	887	1703	843	1804	1893	1816	1648	1717	1744	1644	747	1446	1350	1725	1542	2284	1237	843	1275	1181	2125	3130	2019	3722	3122	228	310	2655	1712	769	1967	1689	725	764	1968	888	1758	3098	2653	1897	1825	1812	1420	1156	2105	1889	1889	963	1749	4063	1224	2539	1811	310	1352	739	1904	2321	1849	813	1458	531	1544	1481	1885	2234	2675	695	1972	1978	1587	745	1503	443	2295	775	1812	2788	1878	2717	319	1832	1962	775	1754	1983	1457	1740	2148	2700	1871	1871	1358	1409	1089	1815	1540	1887	342	1253	2060	2033	1142	1690	1847	1141	1871	1049	1703	1707	1929	1115	1852	921	1676	1867	1749	1713	1505	1839	1416	952	1882	1734	1733	999	718	1892	1965	999	1796	1817	1835	790	1390	1835	1744	2025	42	1224	975	848	1624	1875	1718	1105	1458	965	1429	2360	2076	1913	875	1718	1765	394	1446	1018	588	927	1868	1723	850	1869	1245	1569	698	1971	1588	1821	1558	1004	3120	1234	2573	1493	1603	893	1638	465	1079	616	1503	1871	824	1139	1853	1536	2185	1694	2955	1842	1236	722	1598	1715	639
1345	1636	1411	1671	1265	399	1496	1940	1379	1485	817	648	506	0	883	1451	2221	1216	1066	893	1364	1580	389	1041	1039	750	1034	1052	391	1070	768	1385	3259	999	1737	1404	783	1064	610	1337	1385	794	1022	1519	1529	1183	1701	1636	1239	1490	729	1008	2578	1434	801	1558	1362	1664	1684	323	1486	1307	1367	919	1385	1337	1015	370	871	609	559	3289	1175	923	1074	616	3146	1305	986	1026	1700	1385	1347	1198	800	1311	337	1430	1492	1605	1239	1332	1427	1154	1044	1011	1035	1363	1042	2072	1001	753	1045	945	1780	2888	1633	3282	2741	464	389	2403	1336	918	1664	1486	367	914	1669	656	1469	2802	2775	1494	1611	1443	1157	1480	1722	2215	1647	1407	1433	3603	794	2133	1542	389	1073	645	1500	1888	1512	314	1111	610	1223	1004	1592	1851	2986	195	1698	1618	1222	1251	1164	600	1860	270	1443	2492	1479	2369	460	1460	1661	270	1501	1624	953	1423	1880	2367	1577	1541	1198	1039	629	1480	1198	1560	585	939	1674	1691	640	1349	1552	677	1579	902	1311	1318	1687	610	1558	1205	1280	1536	1492	1324	1253	1564	919	461	1482	1446	1548	615	573	1388	1690	886	1527	1543	1506	887	1096	1505	1487	1683	464	794	671	639	1121	1509	1423	1453	1111	1410	1001	2026	1837	1544	970	1429	1517	153	1011	1303	169	725	1505	1379	759	1513	770	1237	596	1696	1260	1446	1127	506	2739	1009	2217	991	1379	426	1207	766	572	672	1164	1577	415	917	1494	1156	1812	1311	2661	1502	797	1058	1269	1425	231
978	1140	1467	1016	1038	521	978	1697	1060	819	146	1016	1388	883	0	1024	1460	845	1110	916	1061	1067	1226	1123	721	291	1117	1134	976	1376	1040	949	2648	1130	1331	1061	835	1520	273	760	949	527	583	1001	1199	1869	1474	1140	775	2164	1162	808	2303	1235	585	1323	2245	1387	1187	561	1347	872	1956	160	1041	2173	1119	671	1431	1048	1027	2846	782	475	1085	1078	3032	1637	456	573	1474	949	2145	952	1228	878	545	1013	978	1532	775	913	1166	353	1777	558	937	1002	287	1913	1089	1202	1122	1063	1366	2588	1137	2532	2145	1324	1226	2124	942	1553	1378	1459	797	1549	1392	975	1262	2396	3227	976	1530	1037	1116	2187	1219	2943	1502	2229	1171	2804	527	1516	1360	1226	1037	1156	978	1216	1176	578	890	1300	1022	341	1345	1327	3673	694	1469	1197	900	2131	940	1388	1186	617	1037	2110	977	1877	1262	1042	1380	617	1366	1204	172	1163	1633	1910	1333	1217	1342	792	536	1158	952	1236	1415	896	1171	1302	254	1049	1312	417	1337	1195	878	891	1534	273	1318	1960	842	1209	1350	895	1200	1365	149	457	977	1250	1541	766	1075	545	1464	1237	1350	1352	1192	1548	1016	1189	1348	1297	1346	527	852	1005	314	1096	1215	2185	890	2233	578	1603	1660	1111	1607	1233	1391	1015	558	1989	848	1040	1100	1061	1204	1127	445	999	1131	1467	1025	1026	629	434	2146	1113	1720	135	1340	550	677	1586	312	1370	940	1334	687	1075	1102	817	1318	905	2268	1160	497	1818	1030	1228	796
121	196	775	428	303	1320	148	691	165	413	1161	1015	1827	1451	1024	0	993	234	653	661	188	170	1836	699	413	843	700	700	1754	1024	915	76	1814	758	311	129	728	1266	1101	305	76	675	474	151	204	1786	499	196	252	1998	1099	459	1279	367	654	377	2595	392	239	1221	492	158	1716	864	128	2306	725	1490	1341	1088	1116	1867	282	596	612	1114	2028	2584	580	478	500	76	2783	306	1111	152	1225	23	141	676	252	122	262	759	1787	495	506	115	1271	929	705	1126	693	741	350	1565	193	1937	1296	1891	1836	1100	115	1500	379	679	1114	1500	396	967	369	1396	4153	149	666	34	547	2065	278	3665	586	2319	263	2323	675	723	454	1836	558	1179	155	584	183	1198	375	1429	342	683	381	407	4438	1286	494	178	240	2445	343	2052	568	1308	34	1097	121	921	1548	19	383	1308	506	184	1180	263	629	929	374	222	821	418	1490	185	306	237	2026	591	234	278	1030	195	364	827	379	952	152	141	603	1101	368	2656	188	214	490	136	540	439	875	1068	126	376	749	1695	1153	1310	491	1027	452	439	215	2323	505	210	491	272	1788	675	856	1013	1244	71	348	2105	375	2326	490	597	691	94	2400	370	529	1603	495	1876	1536	960	76	165	1122	108	1450	298	1197	492	294	9	399	1301	1294	726	766	928	603	1046	348	2207	1144	2112	343	376	1038	788	85	295	360	141	1261	167	681	1862	287	367	1231
1105	826	1739	592	1296	1948	860	1343	1156	746	1597	1951	2677	2221	1460	993	0	1153	1643	1614	1179	824	2606	1688	1284	1477	1688	1690	2417	2016	1870	1009	1286	1744	966	1118	1650	2257	1683	919	1009	1454	1230	848	1114	2771	1307	826	1065	2991	2057	1386	1604	1325	1468	1272	3501	1206	809	1919	1427	1049	2709	1348	1120	3266	1712	2114	2316	2020	2037	1719	1157	1306	1601	2049	2433	3074	1238	1222	1310	1009	3559	1286	2081	1049	1913	1014	867	1573	1065	1053	1228	1111	2760	1233	1476	1106	1547	1585	1690	2089	1682	1719	950	1762	828	1073	871	2685	2606	1482	1077	2475	1189	1620	1956	2474	1206	1899	1312	1422	4658	861	1559	1024	1540	3057	786	4391	1449	3287	1227	1385	1454	475	1363	2606	1543	2123	853	408	1107	1914	1335	2363	1333	1223	1254	718	5131	2028	1304	953	1199	3360	1318	2798	424	2000	1024	1273	888	911	2441	1001	1198	2000	1436	953	1526	1231	1313	1006	1257	1122	1812	1336	1993	1131	1286	1122	2802	1544	801	1001	1626	1187	1262	1544	1261	1933	1049	1052	1445	1683	1263	3393	1062	1118	1423	1047	1530	1335	1353	1766	883	1328	1674	2225	2081	1339	1306	2007	1368	1347	1142	2998	1490	1139	1427	1005	2636	1454	1767	1946	1469	992	1311	3093	1335	3294	1253	959	1445	954	3062	1329	1453	2373	1233	2865	2248	1909	1004	1156	2086	1030	1879	1287	2132	1303	1286	1002	1125	1881	874	1712	831	1325	1572	1797	1048	2982	1732	2809	1318	1258	1853	1765	1027	1210	788	1077	1355	1099	1441	2831	1280	1328	2040
140	423	740	562	229	1094	305	854	215	458	972	806	1599	1216	845	234	1153	0	510	460	216	376	1601	551	178	631	550	556	1521	886	718	171	2046	602	533	220	510	1118	887	281	171	443	265	325	360	1621	629	423	121	1853	904	239	1472	404	420	479	2381	543	469	989	528	105	1580	687	199	2115	572	1263	1163	878	901	2095	62	385	468	906	2186	2362	388	273	629	171	2550	165	927	106	994	214	299	722	121	117	323	638	1606	289	325	164	1112	1068	546	936	547	569	575	1768	420	2143	1528	1658	1601	1292	120	1322	535	681	882	1320	548	756	426	1620	3925	304	716	228	431	1913	508	3431	668	2134	328	2515	443	941	525	1601	406	976	311	757	337	965	184	1222	239	515	500	638	4203	1052	624	406	70	2234	184	1817	735	1076	228	1316	282	1155	1328	244	536	1076	546	412	1010	320	789	1160	488	377	720	192	1278	315	165	396	1792	391	461	493	816	205	468	601	492	782	106	108	697	887	474	2421	92	370	530	114	466	526	698	838	286	418	762	1475	942	1206	619	856	517	515	349	2089	355	346	528	486	1560	443	635	803	1098	295	383	1945	184	2141	276	824	816	328	2167	404	572	1368	289	1719	1302	759	293	215	932	309	1251	195	989	622	214	230	227	1082	1526	570	1001	767	576	813	222	1973	928	1878	184	489	803	613	286	62	595	94	1483	323	453	1677	215	399	997
537	840	375	1060	352	1123	782	895	499	969	1195	457	1308	1066	1110	653	1643	510	0	206	476	824	1403	46	467	825	49	46	1440	376	329	634	2377	108	821	537	316	614	1020	790	634	584	613	795	600	1133	667	840	626	1349	486	341	1523	425	525	548	1996	663	873	971	435	605	1072	983	530	1665	76	1259	695	525	568	2281	533	667	42	540	2088	2347	725	627	665	634	2294	358	478	604	986	631	776	539	626	593	471	1042	1140	632	202	538	1398	1007	70	504	40	126	862	1835	838	2577	1872	1428	1403	1353	566	854	669	422	700	853	667	427	458	1790	3841	782	544	625	119	1413	907	3195	588	1672	475	2973	584	1358	503	1403	104	584	790	1236	594	932	330	833	311	864	583	1026	3979	967	664	749	452	1841	329	1625	1218	1042	625	1480	755	1437	997	648	663	1042	448	752	1282	467	840	1408	569	603	236	383	1376	561	358	616	1572	214	874	770	962	465	546	717	569	307	604	599	628	1020	551	2206	601	602	442	602	197	532	994	869	760	433	491	1518	589	1587	657	381	488	509	570	1945	155	571	436	763	1275	584	398	461	1415	670	423	1451	330	1680	602	1076	778	711	2030	419	460	1194	632	1223	1203	380	659	499	499	644	1410	356	616	663	360	644	662	1159	1869	78	1304	1088	313	787	702	1741	1042	1729	329	569	689	168	638	469	962	571	1647	593	612	1219	367	416	837
539	857	581	1021	398	920	763	1047	537	896	994	355	1191	893	916	661	1614	460	206	0	517	824	1249	209	349	627	202	220	1256	488	257	618	2452	215	892	570	114	690	814	713	618	391	471	781	671	1169	809	857	553	1417	444	229	1684	544	333	670	1935	780	898	770	593	566	1157	797	557	1654	203	1060	706	428	459	2411	459	497	196	453	2281	2156	565	485	807	618	2168	357	468	566	785	637	757	727	553	568	554	884	1146	485	159	550	1203	1185	172	475	209	151	935	1995	854	2596	1939	1286	1249	1510	553	864	782	618	526	862	785	309	579	1921	3666	763	730	639	267	1469	935	3064	756	1673	559	2974	391	1384	648	1249	181	518	770	1217	658	733	286	768	353	697	705	1062	3845	777	806	795	424	1784	320	1472	1196	845	639	1610	738	1526	896	661	778	845	608	799	1086	549	987	1509	690	680	426	281	1170	625	357	696	1428	70	895	843	757	502	665	514	691	341	566	566	796	814	671	2064	551	676	599	571	366	672	807	663	742	556	691	1316	494	1411	798	409	634	650	644	1780	205	644	594	835	1154	391	224	354	1226	697	535	1496	286	1680	455	1169	945	738	1863	539	626	1030	485	1272	1020	300	689	537	472	685	1203	381	536	804	398	653	544	953	1937	197	1383	905	502	585	602	1603	835	1564	320	690	497	179	672	403	1007	544	1779	653	421	1217	407	535	662
106	363	592	616	125	1284	333	641	23	578	1187	871	1705	1364	1061	188	1179	216	476	517	0	355	1740	522	364	838	524	522	1693	840	761	201	1935	583	377	61	602	1084	1091	434	201	631	479	339	164	1608	413	363	312	1814	940	356	1267	203	596	263	2448	331	396	1166	331	228	1530	903	60	2139	550	1448	1170	944	976	1925	279	596	436	967	1970	2553	604	488	413	201	2676	166	946	223	1174	169	326	525	312	190	108	846	1616	504	357	89	1328	852	533	965	517	575	421	1567	362	2102	1422	1787	1740	1087	152	1329	325	506	1011	1329	336	826	217	1442	4105	333	517	155	365	1883	431	3566	457	2148	112	2497	631	883	315	1740	387	1027	340	770	147	1138	253	1279	170	731	284	552	4344	1214	408	279	165	2295	203	1960	755	1252	155	1134	305	1013	1414	178	325	1252	348	283	1227	106	576	1003	271	178	633	331	1482	116	166	197	1926	451	397	329	1021	15	251	793	275	781	223	210	484	1091	257	2560	247	172	331	209	352	312	915	1022	310	214	582	1672	1010	1412	403	856	308	303	145	2248	337	143	331	321	1668	631	730	871	1313	193	181	1924	253	2155	487	662	600	235	2328	203	373	1512	504	1696	1466	808	183	23	960	170	1462	135	1050	406	121	178	441	1280	1419	552	867	983	420	983	422	2104	1129	2034	203	272	949	622	162	249	493	182	1302	138	646	1693	112	199	1137
289	74	929	279	473	1416	90	732	332	331	1210	1177	1975	1580	1067	170	824	376	824	824	355	0	1968	870	545	926	871	871	1863	1194	1080	207	1679	928	296	294	884	1437	1181	307	207	790	570	66	316	1957	583	74	343	2168	1265	613	1265	514	779	492	2755	470	120	1330	630	275	1885	909	296	2474	896	1588	1510	1249	1275	1784	407	686	782	1276	2049	2667	652	570	585	207	2921	474	1280	272	1332	193	92	802	343	259	412	762	1957	586	673	285	1290	984	876	1294	864	911	319	1534	71	1772	1160	2028	1968	1092	271	1670	454	822	1255	1669	473	1127	509	1329	4246	92	791	200	717	2236	153	3796	696	2488	412	2154	790	565	579	1968	728	1343	89	415	302	1311	538	1592	513	730	486	275	4564	1407	579	187	399	2606	510	2180	400	1418	200	1045	101	820	1703	177	461	1418	642	191	1209	415	676	845	484	330	988	568	1563	320	474	337	2161	754	104	290	1111	363	480	931	488	1122	272	268	706	1181	483	2786	301	323	628	262	706	558	920	1174	99	520	888	1776	1314	1281	578	1197	581	563	339	2440	675	335	630	289	1936	790	1011	1174	1251	173	497	2276	538	2495	589	538	766	141	2515	518	663	1733	586	2047	1653	1124	186	332	1290	217	1506	468	1359	577	464	180	475	1386	1159	896	663	956	758	1165	404	2342	1226	2232	510	485	1172	958	209	439	252	283	1201	290	791	2031	458	516	1366
1727	2022	1720	2060	1635	707	1884	2293	1756	1873	1135	954	310	389	1226	1836	2606	1601	1403	1249	1740	1968	0	1372	1425	1130	1365	1381	357	1330	1082	1771	3646	1322	2115	1782	1146	1260	958	1727	1771	1183	1412	1907	1903	1211	2058	2022	1628	1499	992	1386	2926	1794	1189	1920	1066	2029	2070	690	1834	1694	1451	1285	1765	1179	1343	589	1039	897	848	3659	1561	1312	1417	893	3450	1104	1374	1416	2056	1771	957	1573	1051	1697	698	1814	1880	1935	1628	1717	1797	1524	1047	1401	1400	1744	1334	2406	1334	1003	1377	1277	2159	3237	2020	3669	3128	111	0	2755	1720	1027	2030	1812	729	1022	2034	977	1829	3170	2458	1883	1943	1826	1504	1464	2109	1829	1991	1266	1802	3985	1183	2522	1895	0	1425	891	1889	2277	1887	691	1487	745	1592	1384	1955	2238	2604	577	2054	2000	1603	985	1538	222	2249	615	1826	2859	1867	2750	526	1843	2027	615	1848	2006	1264	1792	2235	2744	1940	1915	1499	1420	842	1855	1573	1933	196	1303	2061	2069	1001	1725	1915	1065	1941	1189	1697	1704	2031	958	1921	820	1667	1910	1840	1710	1597	1920	1284	840	1870	1806	1866	716	843	1689	2047	1155	1881	1898	1879	556	1454	1878	1835	2061	294	1183	1025	947	1421	1891	1785	1415	1487	1267	1390	2403	2181	1927	643	1789	1862	235	1401	1319	377	1034	1887	1756	1010	1893	1004	1609	843	2053	1632	1830	1517	805	3126	1337	2599	1345	1713	814	1597	377	914	350	1538	1940	797	1242	1875	1540	2196	1696	3028	1878	1187	1028	1641	1785	604
582	886	382	1104	398	1114	827	931	545	1009	1203	422	1270	1041	1123	699	1688	551	46	209	522	870	1372	0	498	835	8	11	1420	334	293	678	2421	62	866	583	311	570	1022	829	678	597	641	840	646	1087	706	886	665	1305	443	371	1556	468	538	590	1952	705	919	959	472	648	1029	1000	576	1619	31	1246	649	488	532	2320	572	688	87	502	2107	2329	750	655	703	678	2257	402	433	646	975	677	820	564	665	637	517	1068	1094	660	236	584	1411	1034	41	460	5	96	907	1867	884	2623	1917	1395	1372	1387	610	808	711	444	678	807	709	395	500	1829	3815	827	571	670	164	1368	954	3158	621	1626	521	3019	597	1404	542	1372	145	542	834	1281	640	920	369	790	356	887	625	1072	3943	949	703	795	494	1796	372	1594	1263	1029	670	1519	799	1481	958	694	705	1029	484	798	1294	512	877	1451	612	649	218	415	1372	607	402	661	1539	231	920	816	966	511	589	723	612	261	646	642	661	1022	593	2172	642	648	479	645	235	572	1010	864	804	476	508	1507	551	1608	695	335	527	549	615	1917	198	617	473	808	1238	597	380	427	1431	716	467	1406	369	1633	629	1120	810	757	2003	462	495	1167	660	1178	1182	344	705	545	455	691	1410	401	576	702	405	689	695	1154	1914	36	1349	1106	340	778	738	1707	1041	1702	372	611	673	131	684	508	1008	614	1686	639	626	1172	413	460	815
314	597	772	693	318	922	466	1002	370	551	837	667	1431	1039	721	413	1284	178	467	349	364	545	1425	498	0	477	495	506	1344	823	596	346	2222	535	709	385	366	1038	727	369	346	269	153	488	523	1517	769	597	221	1766	780	127	1632	516	242	615	2226	695	645	812	626	270	1504	571	365	1984	510	1089	1051	736	753	2272	138	246	429	765	2322	2191	279	166	768	346	2376	231	813	273	818	392	462	811	221	293	458	582	1486	176	264	335	1001	1201	480	815	495	486	752	1931	595	2298	1703	1483	1425	1452	298	1208	689	745	710	1206	700	615	545	1794	3750	465	808	406	427	1819	683	3254	782	2009	464	2659	269	1108	642	1425	368	840	472	901	502	787	172	1079	301	420	641	813	4025	874	764	584	200	2082	218	1640	877	899	406	1489	446	1333	1169	422	689	899	644	590	892	455	938	1338	627	539	699	84	1118	476	231	558	1616	287	636	667	657	350	605	430	631	689	273	279	815	727	611	2244	245	532	629	285	495	650	583	663	450	531	827	1308	797	1142	758	758	631	635	508	1910	329	505	626	660	1392	269	483	662	1000	473	497	1844	172	2015	148	1000	947	506	1988	514	669	1191	176	1620	1123	630	471	371	812	484	1103	279	847	762	305	408	198	916	1702	507	1179	665	628	635	253	1797	765	1699	218	628	627	523	462	121	772	272	1656	489	282	1554	311	509	822
771	993	1187	952	792	495	835	1479	842	756	373	738	1233	750	291	843	1477	631	825	627	838	926	1130	835	477	0	828	846	957	1085	752	767	2579	840	1154	851	544	1235	258	638	767	243	369	859	990	1609	1246	993	594	1898	884	541	2103	992	300	1092	2084	1169	1043	442	1095	685	1678	208	830	1956	830	668	1159	778	763	2706	571	247	801	809	2799	1743	274	365	1246	767	2082	707	948	690	437	827	833	1272	594	722	936	413	1529	347	660	795	576	1678	800	924	834	772	1193	2399	991	2544	2065	1213	1130	1923	743	1289	1163	1190	562	1286	1174	694	1021	2239	3320	833	1271	848	839	1926	1078	2924	1255	2004	941	2855	243	1439	1118	1130	757	888	837	1167	969	438	634	1058	770	254	1118	1199	3676	554	1241	1021	673	1958	688	1322	1138	524	848	1941	826	1746	1054	858	1163	524	1113	1028	459	932	1414	1765	1105	1008	1053	535	648	945	707	1027	1326	611	1029	1118	187	825	1082	131	1108	905	690	702	1290	258	1088	1919	654	1000	1099	707	928	1127	214	289	828	1006	1271	852	812	817	1235	949	1106	1111	979	1540	741	976	1095	1112	1190	243	565	728	605	913	973	1930	634	2009	356	1439	1424	936	1610	989	1137	899	347	1726	772	755	914	842	926	935	625	754	869	1239	781	842	451	460	2064	824	1589	313	1070	340	521	1506	301	1342	688	1105	447	784	911	589	1176	709	2105	954	216	1577	788	984	600
583	887	390	1104	400	1106	827	938	547	1008	1196	415	1264	1034	1117	700	1688	550	49	202	524	871	1365	8	495	828	0	19	1412	336	286	678	2425	59	870	585	303	570	1014	827	678	590	637	840	649	1086	712	887	663	1305	438	367	1563	473	532	595	1947	710	921	951	478	647	1030	993	578	1616	27	1238	646	481	526	2326	570	683	88	496	2115	2321	744	651	709	678	2251	402	429	646	967	678	820	572	663	636	520	1063	1092	655	233	585	1404	1042	33	456	11	88	911	1874	885	2626	1921	1388	1365	1394	610	805	716	452	670	805	714	388	505	1835	3807	827	579	672	168	1368	956	3152	628	1624	524	3021	590	1406	548	1365	145	537	834	1282	643	912	367	785	357	882	630	1074	3937	941	709	797	494	1792	371	1587	1264	1021	672	1525	800	1486	952	695	710	1021	490	801	1287	516	883	1456	617	653	225	412	1364	610	402	665	1532	225	922	819	959	513	594	716	617	258	646	641	668	1014	598	2165	641	651	485	645	241	578	1004	856	805	481	516	1499	545	1603	702	332	533	555	619	1910	198	620	479	812	1231	590	372	420	1424	718	472	1405	367	1631	624	1124	817	759	1995	467	502	1159	655	1177	1174	337	707	547	450	693	1403	402	570	708	407	691	692	1146	1918	30	1353	1100	348	770	735	1700	1034	1694	371	616	665	124	686	506	1011	614	1692	642	619	1170	414	464	807
584	886	371	1107	398	1126	829	923	545	1014	1214	430	1278	1052	1134	700	1690	556	46	220	522	871	1381	11	506	846	19	0	1430	330	301	680	2417	67	863	583	322	567	1033	834	680	607	649	842	643	1086	699	886	670	1302	449	379	1547	463	549	585	1956	700	918	971	465	651	1025	1010	576	1621	38	1257	650	496	541	2313	577	698	89	509	2097	2340	758	663	697	680	2265	405	437	650	986	678	822	555	670	639	514	1077	1095	668	242	585	1421	1025	52	465	11	106	904	1859	884	2623	1914	1403	1381	1379	612	809	706	434	688	808	704	404	496	1822	3825	829	561	671	161	1367	953	3166	613	1627	518	3019	607	1403	536	1381	149	549	836	1283	638	931	374	796	357	896	620	1070	3951	960	696	793	498	1801	375	1603	1265	1040	671	1512	801	1477	965	694	700	1040	476	796	1304	510	870	1445	606	646	208	422	1383	605	405	658	1548	240	920	813	977	511	584	734	606	264	650	645	653	1033	588	2180	646	645	471	648	229	565	1020	875	806	471	497	1518	559	1618	689	337	521	542	613	1927	201	614	466	805	1246	607	391	435	1441	716	463	1405	374	1634	637	1115	802	757	2012	457	487	1177	668	1176	1193	352	705	545	459	690	1421	402	583	695	406	690	702	1165	1911	44	1345	1116	331	790	744	1716	1053	1711	375	606	684	140	684	513	1007	617	1679	638	636	1174	413	455	825
1658	1926	1795	1909	1604	469	1775	2295	1704	1713	861	1038	652	391	976	1754	2417	1521	1440	1256	1693	1863	357	1420	1344	957	1412	1430	0	1461	1155	1682	3533	1381	2053	1725	1142	1447	733	1591	1682	1079	1293	1799	1857	1502	2054	1926	1521	1801	1120	1338	2934	1785	1102	1907	1414	2007	1975	533	1848	1601	1714	1069	1705	1531	1395	305	1245	1000	950	3615	1472	1179	1445	1008	3527	914	1226	1294	2053	1682	1173	1531	1190	1605	531	1734	1772	1979	1521	1631	1767	1309	1346	1277	1387	1678	1029	2441	1378	1143	1423	1324	2096	3243	1923	3490	3017	467	357	2758	1642	1271	2005	1863	742	1266	2012	1043	1820	3134	2415	1773	1984	1750	1523	1777	2013	1974	2012	1615	1772	3777	1079	2395	1899	357	1437	1034	1778	2124	1838	556	1444	965	1566	1202	1939	2139	2720	481	2050	1928	1539	1340	1499	434	2095	446	1750	2827	1762	2674	774	1765	2003	446	1864	1934	977	1762	2233	2682	1924	1871	1585	1361	514	1809	1531	1890	494	1295	1963	2011	792	1677	1899	932	1926	1293	1605	1614	2052	733	1905	983	1571	1865	1854	1620	1622	1919	1065	689	1764	1798	1928	360	964	1383	2043	1278	1885	1899	1837	583	1454	1835	1849	2003	625	1079	1042	1028	1121	1817	1772	1736	1444	1617	1274	2344	2201	1848	653	1780	1882	328	1277	1616	237	1114	1815	1704	1149	1828	677	1573	984	2049	1598	1750	1391	542	3016	1388	2519	1107	1752	710	1468	639	685	394	1499	1925	760	1299	1807	1465	2107	1612	2995	1827	1074	1341	1607	1776	605
911	1203	446	1436	720	1252	1157	1116	864	1344	1432	435	1158	1070	1376	1024	2016	886	376	488	840	1194	1330	334	823	1085	336	330	1461	0	350	1009	2677	288	1153	902	543	245	1224	1163	1009	866	957	1169	942	776	925	1203	999	974	342	695	1693	740	810	846	1727	957	1232	1088	696	982	695	1272	898	1341	316	1352	392	461	511	2505	906	984	419	453	2127	2373	1053	971	922	1009	2131	735	279	980	1108	1002	1150	700	999	969	814	1373	811	973	568	910	1658	1149	344	327	339	339	1191	2000	1201	2927	2187	1326	1330	1540	941	534	967	575	751	535	960	449	767	2018	3787	1157	713	993	476	1042	1265	3032	803	1336	816	3332	866	1710	775	1330	480	439	1164	1608	941	1046	704	630	682	1184	879	1376	3818	1037	924	1100	828	1568	706	1543	1591	1139	993	1718	1129	1735	839	1017	959	1139	700	1102	1539	809	1074	1691	867	941	241	743	1527	910	735	950	1469	538	1236	1103	1181	831	849	959	866	188	980	975	838	1224	851	2079	977	942	702	978	503	808	1282	1035	1134	744	598	1622	498	1890	916	183	762	786	911	1887	532	913	697	1096	1134	866	534	446	1690	1033	747	1085	704	1343	942	1377	972	1074	1974	735	700	1163	973	857	1232	372	1022	863	320	1002	1595	729	488	923	730	1014	1021	1315	2183	318	1615	1381	529	933	1069	1619	1233	1678	706	867	797	310	999	842	1310	947	1878	943	896	894	736	734	873
793	1110	643	1278	637	906	1020	1224	782	1147	1087	129	978	768	1040	915	1870	718	329	257	761	1080	1082	293	596	752	286	301	1155	350	0	875	2690	240	1128	817	241	485	875	964	875	555	698	1038	905	923	997	1110	808	1184	186	484	1849	749	504	874	1687	989	1149	743	765	823	940	949	805	1396	263	1015	456	195	239	2611	714	693	354	212	2379	2069	769	711	995	875	1964	609	219	824	762	891	1014	853	808	825	781	1080	891	708	408	802	1317	1324	259	219	298	203	1171	2160	1108	2852	2180	1102	1082	1681	809	611	993	729	419	609	993	112	783	2120	3533	1020	860	892	443	1230	1187	2865	915	1416	785	3231	555	1637	833	1082	382	266	1027	1475	895	701	542	518	591	886	910	1312	3650	704	994	1040	681	1534	572	1304	1453	799	892	1810	995	1756	669	914	988	799	777	1044	1199	776	1170	1731	895	912	430	535	1178	862	609	926	1247	327	1147	1078	834	747	872	622	896	162	824	823	954	875	877	1878	808	909	771	828	527	862	958	684	1000	759	785	1284	260	1568	987	197	818	839	876	1631	426	877	766	1070	945	555	188	135	1355	947	745	1251	542	1423	679	1395	1103	988	1718	743	788	884	708	1030	919	51	939	782	216	931	1245	626	291	993	640	906	784	966	2177	257	1618	1059	632	583	848	1414	882	1417	572	895	449	162	920	660	1254	801	1977	892	584	960	649	740	551
101	252	793	428	294	1246	148	761	182	377	1085	970	1770	1385	949	76	1009	171	634	618	201	207	1771	678	346	767	678	680	1682	1009	875	0	1876	734	387	156	677	1248	1026	245	0	603	399	163	266	1762	560	252	175	1983	1061	406	1354	399	585	428	2548	457	299	1149	527	82	1704	788	144	2271	703	1416	1311	1043	1068	1941	211	521	591	1069	2099	2509	503	402	561	0	2721	276	1078	77	1153	65	142	717	175	53	295	690	1756	420	470	111	1198	995	680	1090	673	711	426	1641	249	1978	1357	1829	1771	1175	67	1470	445	707	1053	1469	461	921	407	1471	4079	148	708	90	535	2047	337	3600	636	2286	298	2356	603	771	498	1771	534	1137	156	605	243	1127	333	1385	327	608	438	467	4371	1217	555	254	194	2399	309	1986	586	1236	90	1174	121	991	1497	92	449	1236	543	260	1105	296	698	1002	429	284	818	361	1414	237	276	301	1962	548	290	354	954	202	416	754	434	925	77	68	657	1026	421	2591	113	276	526	62	542	488	800	995	126	409	781	1619	1107	1245	552	999	495	485	270	2253	480	266	527	348	1731	603	804	967	1172	147	378	2083	333	2294	415	672	753	169	2330	401	567	1537	420	1856	1466	918	151	183	1086	179	1374	280	1153	553	283	76	323	1226	1356	702	836	854	621	976	273	2143	1068	2043	309	430	973	758	155	233	426	76	1337	226	609	1830	278	397	1168
