NAME : VRPTW_INSTANCE_3.txt
COMMENT : Bangkok Supermarket
TYPE : VRPTW
DIMENSION : 278
DAYS : Tuesday
EDGE_WEIGHT_TYPE : EXPLICIT
VEHICLES : 39
EDGE_WEIGHT_FORMAT : FULL_MATRIX
CAPACITY : 1000
EDGE_WEIGHT_SECTION
0	408	202	441	1066	1615	215	172	97	334	79	1080	451	1606	650	97	418	992	358	1963	330	1994	1001	116	193	155	495	582	541	185	97	213	22	964	193	1426	815	539	2149	350	474	178	185	208	402	508	690	367	129	444	1028	284	767	308	379	404	975	390	83	96	484	215	391	239	529	413	177	982	862	128	46	358	89	597	124	104	534	193	382	101	978	211	496	193	1149	174	1311	115	436	1010	986	578	394	403	239	633	400	547	929	364	409	2055	672	124	1807	863	379	155	245	1116	873	1027	309	535	189	133	993	347	617	202	589	705	441	400	404	258	1149	778	309	404	724	26	132	1300	309	1957	379	745	102	248	1109	904	712	404	581	300	441	178	993	1698	193	399	207	202	904	351	399	123	499	330	190	1642	437	290	306	173	1426	1686	244	88	216	599	1073	596	541	620	732	1190	193	154	809	1125	582	153	358	449	369	170	212	547	1079	413	155	521	1113	422	86	346	935	437	309	1815	154	576	2307	172	623	1429	369	35	747	46	737	155	1300	1429	1014	328	1052	414	982	394	284	2476	629	309	288	1076	359	1010	525	510	210	1055	645	1126	381	203	444	388	443	1727	287	221	202	481	2150	201	351	239	365	212	120	413	383	397	115	1420	371	358	30	601	708	1603	124	437	368	614	502	1606	185	1627	1363	1436	481	155	437	530
408	0	424	750	1101	1917	195	329	433	342	487	1130	43	1431	242	433	15	1279	541	1789	672	1887	1000	435	321	281	489	549	918	513	433	231	391	1233	538	1677	1049	272	2042	71	571	338	407	201	15	479	331	92	280	435	1358	613	625	125	70	404	805	763	335	312	146	193	186	577	271	173	499	1268	1246	454	453	77	321	605	456	512	280	248	573	409	1355	197	150	237	1158	340	1539	434	398	1384	1010	219	63	789	577	309	785	887	1217	89	171	2159	484	533	1749	1244	70	281	232	1353	844	1097	437	264	512	491	1277	81	589	610	557	431	750	180	404	583	1158	1077	654	780	596	412	290	1562	654	2044	70	1134	502	370	1130	1284	822	780	531	644	91	306	1051	1502	538	178	224	424	1284	79	582	531	157	672	432	1596	81	400	130	343	1084	1414	199	439	192	402	1126	872	272	778	1128	1480	538	561	1060	1471	547	439	541	141	358	351	618	155	1108	173	451	278	1268	113	494	86	941	89	437	2154	561	554	2557	329	226	1754	92	381	1152	453	876	333	1562	1275	1017	736	1460	87	1268	185	613	2622	254	437	140	1127	732	1006	882	857	233	1114	562	1392	93	294	94	376	788	1900	210	561	610	111	2395	240	68	577	91	618	528	9	266	767	434	1771	732	541	385	581	995	1432	456	92	338	754	155	1443	407	1506	1246	1349	144	507	317	269
202	424	0	631	1262	1787	284	343	114	177	230	1278	465	1762	642	114	438	1177	162	1775	515	2171	1192	95	359	161	672	757	689	385	114	195	185	1153	387	1615	1013	637	2327	352	271	352	380	276	412	679	749	347	204	616	1195	476	591	376	366	226	1126	550	168	218	436	273	316	168	629	343	378	1167	990	97	207	351	187	781	326	236	636	181	190	101	1111	275	448	196	1342	349	1506	95	599	1145	1180	634	381	394	168	711	389	720	1114	346	340	1865	518	254	1993	993	366	161	192	1311	1057	1227	499	631	389	330	1179	344	794	321	764	810	631	327	226	453	1342	962	494	561	546	177	172	1488	494	2159	366	870	199	428	1304	1034	913	561	752	486	491	337	1191	1517	387	327	206	0	1034	347	205	251	448	515	18	1439	483	474	377	350	1311	1530	224	127	275	457	1272	457	638	822	843	1372	387	295	1004	1280	756	60	162	396	206	76	343	578	1275	343	358	626	1316	487	229	339	1126	487	499	1969	295	753	2494	343	650	1594	347	177	835	207	940	327	1488	1590	1205	401	1097	468	1167	318	476	2296	577	499	359	1274	523	1200	690	436	193	1254	461	1315	355	357	494	219	619	1927	224	156	321	525	2339	188	355	168	346	343	247	424	266	559	95	1569	543	162	180	779	897	1416	326	489	214	815	454	1766	380	1799	1534	1615	432	351	576	629
441	750	631	0	781	1181	575	422	517	775	402	778	784	1482	974	517	753	552	766	2404	119	1777	762	536	429	583	465	521	243	260	517	633	463	523	248	985	388	723	1927	718	895	412	344	573	752	492	911	751	536	459	608	157	1209	624	753	845	923	167	515	494	870	585	806	575	709	822	271	542	540	537	424	733	510	481	326	401	710	616	782	533	630	578	879	610	878	411	874	535	488	655	724	825	765	559	575	830	561	148	488	746	817	2396	1109	386	1550	534	753	583	670	679	692	713	340	724	258	307	553	721	529	350	523	832	0	812	845	183	878	339	139	175	1165	462	557	858	139	1578	753	452	439	385	831	570	423	175	538	145	732	445	695	2139	248	810	620	631	570	726	799	389	885	119	615	2061	735	370	620	408	1828	2118	655	504	585	1033	770	887	725	307	478	751	248	350	374	722	523	573	766	842	810	611	325	839	798	822	312	694	719	700	403	723	702	730	340	1405	350	506	1866	422	906	1007	752	475	551	424	407	421	858	1297	768	399	901	708	542	808	157	2778	1002	340	610	774	164	772	168	722	630	748	1086	685	765	455	734	829	89	1305	709	564	350	769	1709	621	718	575	748	325	393	758	816	156	535	1021	130	766	470	514	267	2044	326	728	809	327	886	1468	344	1443	1197	1232	867	285	564	712
1066	1101	1262	781	0	1224	1044	925	1164	1333	1077	47	1106	799	1204	1164	1092	754	1423	2889	873	1001	124	1182	912	1135	620	551	981	911	1164	1151	1079	679	924	876	542	872	1148	1124	1528	914	882	1049	1113	625	997	1165	1078	678	946	867	1718	1013	1152	1413	537	948	1097	1051	1246	1060	1259	1283	864	1259	911	745	1143	1194	1080	1142	1081	501	952	1091	857	1147	1448	1165	1161	1054	1248	1132	99	917	713	1182	709	1164	91	1000	1155	1328	1283	926	1330	849	735	1160	1255	3121	1582	1087	769	1130	1152	1135	1188	630	275	96	764	879	905	964	743	1133	511	1088	544	817	781	1259	1413	872	99	737	886	956	1683	1093	1112	827	886	945	1152	1118	1124	838	51	1144	366	956	569	885	1023	936	87	2599	924	1257	1134	1262	1144	1136	1465	1090	1256	873	1253	2671	1032	792	1008	916	2078	2476	1152	1154	1059	1499	51	1631	873	478	1173	864	924	1065	591	1079	553	1219	1423	1241	1365	1206	1066	1072	19	1259	914	851	361	991	1083	1138	164	1024	764	1557	1065	547	1639	925	1094	1178	1166	1086	1270	1080	374	939	827	628	105	1171	1600	1016	745	1260	867	3530	1313	764	1014	47	944	124	900	1487	1150	65	1631	737	1175	922	1021	1387	863	886	1208	1267	1088	1034	1476	1146	1122	1283	1163	1066	1092	1110	1315	937	1182	1301	909	1423	1084	520	693	2532	952	1020	1354	469	1253	769	882	698	496	482	1245	948	784	868
1615	1917	1787	1181	1224	0	1754	1599	1677	1947	1561	1178	1947	1968	2123	1677	1918	638	1894	3557	1284	1943	1327	1693	1602	1763	1505	1504	1107	1440	1677	1814	1637	690	1425	356	888	1821	2040	1895	2028	1588	1521	1753	1922	1530	2001	1929	1717	1536	594	1335	2378	1793	1929	2011	1725	1237	1693	1675	2047	1765	1987	1684	1807	2003	1452	649	882	1690	1590	1911	1690	1434	1506	1552	1805	1797	1900	1697	768	1758	2055	1791	1285	1588	513	1693	1574	735	1267	1945	1941	1549	1683	1917	1555	1068	700	1924	1998	3298	2287	1532	1664	871	1929	1763	1851	620	1415	1138	1482	1824	1439	1484	641	1898	1481	1469	1500	1864	1181	1994	2011	1363	1285	843	1305	1226	2333	1632	1737	401	1305	1168	1929	986	1587	1547	1255	838	1197	1226	1529	1314	1884	1622	1178	3304	1425	1992	1802	1787	838	1903	1916	1536	2061	1284	1769	3148	1888	1518	1788	1585	3001	3299	1837	1663	1765	2212	1173	1881	1823	1180	1044	438	1425	1492	865	539	1506	1727	1894	2021	1981	1782	1445	1981	1238	2003	1494	1791	862	1849	1560	1901	1323	1882	1482	346	1492	1489	760	1599	2037	223	1930	1650	1121	1590	1126	1600	401	1822	1314	1432	1216	1862	649	1989	1335	3572	2172	1482	1781	1177	1264	1332	1097	1686	1811	1160	2248	542	1943	1627	1884	1999	1172	706	1890	1680	1469	1916	637	1802	1894	1683	1927	1445	1540	1927	1995	1227	1693	369	1246	1894	1645	1476	922	3201	1506	1880	1982	1213	2062	1926	1521	1799	1684	1615	2044	1462	1668	1812
215	195	284	575	1044	1754	0	156	257	291	294	1067	237	1484	437	257	204	1119	434	1882	487	1908	959	263	156	123	427	506	727	326	257	110	200	1079	349	1533	906	353	2064	146	506	167	233	8	191	428	483	175	94	368	1183	430	686	97	179	370	848	573	151	118	295	15	239	411	345	251	312	1108	1055	283	261	159	133	545	265	320	352	112	465	236	1165	10	305	96	1114	167	1404	263	342	1195	957	368	193	608	412	434	605	706	1056	171	246	2121	563	339	1744	1054	179	123	144	1213	813	1024	303	348	326	299	1118	146	546	416	514	526	575	243	370	400	1114	911	468	589	647	222	117	1413	468	1973	179	941	313	225	1080	1094	724	589	496	458	228	134	983	1603	349	241	93	284	1094	151	478	338	310	487	286	1626	223	268	96	170	1253	1551	107	260	14	480	1062	741	355	659	934	1320	349	366	911	1291	505	279	434	266	322	208	423	332	1054	251	266	342	1161	214	301	148	895	224	303	1979	366	506	2417	156	408	1583	176	191	957	261	768	154	1413	1316	974	543	1267	201	1108	241	430	2565	432	303	78	1063	541	966	696	695	110	1047	588	1241	190	135	231	344	604	1789	164	393	416	267	2256	108	146	412	173	423	335	201	275	577	263	1590	543	434	195	534	832	1520	265	224	309	641	312	1490	233	1531	1267	1356	292	316	299	345
172	329	343	422	925	1599	156	0	262	415	230	944	366	1434	563	262	334	963	505	2031	343	1830	850	277	21	211	330	416	592	187	262	239	175	922	214	1377	750	385	1986	296	603	11	78	156	330	339	553	330	154	275	1031	284	832	206	331	494	803	438	175	125	448	168	395	412	373	407	172	952	920	294	209	312	156	438	140	256	377	229	532	254	1026	161	457	217	1002	11	1249	276	264	1055	841	447	343	564	412	486	562	558	900	325	402	2208	715	269	1650	918	331	211	279	1057	714	896	162	382	184	179	962	299	452	330	423	543	422	399	494	254	1002	755	326	455	792	196	187	1257	326	1839	331	811	268	86	964	957	587	455	412	315	327	23	857	1755	214	397	223	343	957	304	548	269	463	343	336	1753	327	133	201	14	1406	1708	252	256	168	633	937	767	387	512	811	1164	214	280	755	1142	415	309	505	421	449	281	328	438	937	407	125	363	1014	300	238	301	784	325	162	1827	280	411	2261	0	511	1429	331	176	846	209	624	17	1257	1259	864	463	1171	301	952	396	284	2637	580	162	189	940	407	858	552	681	238	921	725	1084	344	41	330	471	458	1641	309	393	330	367	2101	231	296	412	327	328	268	338	422	441	276	1441	404	505	176	437	676	1669	140	324	440	497	464	1435	78	1460	1196	1273	445	189	267	374
97	433	114	517	1164	1677	257	262	0	273	116	1178	477	1696	669	0	446	1064	262	1888	401	2090	1099	19	281	152	590	677	584	273	0	209	87	1039	274	1502	899	604	2245	367	383	269	283	249	425	601	740	374	162	537	1086	362	700	355	390	334	1063	441	107	153	481	251	372	156	595	398	267	1054	894	32	94	371	127	693	217	125	601	189	285	26	1013	249	493	197	1247	266	1392	18	526	1046	1084	625	405	355	157	690	351	609	1000	372	394	1957	618	146	1904	896	390	152	227	1197	970	1124	406	599	277	217	1065	361	712	220	683	775	517	383	334	340	1247	848	380	453	655	71	144	1374	380	2052	390	774	93	342	1207	937	809	453	674	372	483	262	1091	1628	274	382	210	114	937	365	302	143	495	401	98	1551	477	386	354	265	1396	1633	243	14	252	551	1171	506	606	715	752	1259	274	186	890	1175	676	57	262	443	306	114	239	583	1177	398	251	589	1205	471	116	358	1033	480	406	1865	186	671	2380	262	658	1486	375	85	754	94	833	245	1374	1521	1112	320	1038	457	1054	375	362	2379	627	406	335	1174	413	1108	580	439	206	1153	572	1201	386	286	486	322	507	1814	268	138	220	521	2225	197	369	157	372	239	138	437	344	450	18	1466	431	262	85	696	783	1529	217	480	310	710	499	1697	283	1721	1457	1532	478	238	518	595
334	342	177	775	1333	1947	291	415	273	0	387	1355	376	1757	519	273	358	1327	213	1630	665	2194	1250	259	425	205	718	798	858	517	273	182	312	1298	527	1760	1144	601	2350	276	229	426	476	286	328	720	672	251	261	660	1358	618	433	351	273	79	1124	714	264	297	300	276	178	339	597	205	508	1317	1165	268	357	266	273	835	452	399	605	187	243	251	1286	281	312	201	1405	425	1642	259	634	1319	1247	561	284	564	339	652	558	878	1263	253	203	1836	344	420	2035	1168	273	205	147	1448	1104	1309	577	593	520	468	1328	265	838	493	805	769	775	189	79	592	1405	1112	643	726	389	315	231	1634	643	2254	273	1045	366	499	1370	1209	1002	726	787	635	429	400	1269	1363	527	190	200	177	1209	265	248	417	310	665	195	1339	419	545	354	427	1133	1359	186	287	277	280	1349	549	601	925	1020	1525	527	460	1141	1449	797	232	213	263	35	165	512	490	1344	205	475	598	1427	437	388	259	1186	425	577	2138	460	798	2642	415	552	1758	251	300	1012	357	1039	404	1634	1594	1265	579	1270	413	1317	180	618	2288	428	577	341	1351	685	1258	853	579	183	1333	313	1461	253	412	432	55	775	2049	141	330	493	454	2485	187	279	339	251	512	412	339	104	722	259	1740	701	213	305	825	1043	1269	452	428	37	912	316	1766	476	1816	1552	1645	297	489	585	595
79	487	230	402	1077	1561	294	230	116	387	0	1088	530	1649	730	116	498	947	368	2005	285	2024	1021	134	251	228	534	621	474	169	116	288	97	923	163	1385	786	610	2179	429	494	233	218	287	482	550	766	445	208	487	971	248	816	386	457	450	1024	327	158	176	561	294	464	205	599	487	166	937	790	135	35	437	168	627	128	26	604	267	387	135	908	290	573	269	1164	229	1277	134	484	940	1001	654	472	334	206	706	331	492	883	443	482	2044	730	45	1828	791	457	228	316	1081	901	1032	339	606	174	113	949	426	652	123	626	772	402	473	450	228	1164	732	263	340	772	81	208	1258	263	1949	457	672	46	292	1122	833	716	340	622	256	519	241	1001	1745	163	472	283	230	833	430	404	43	576	285	213	1662	515	329	384	227	1497	1746	319	102	295	660	1081	562	612	616	656	1142	163	77	776	1062	620	171	368	525	420	222	135	626	1091	487	167	590	1098	499	8	425	954	516	339	1753	77	612	2263	230	701	1371	447	109	669	35	734	214	1258	1471	1032	248	972	492	937	466	248	2454	706	339	366	1084	298	1029	465	455	285	1062	689	1085	459	267	522	437	390	1702	358	189	123	559	2108	275	430	206	444	135	40	493	448	335	134	1356	315	368	104	636	667	1646	128	515	423	615	579	1647	218	1661	1399	1466	558	132	497	600
1080	1130	1278	778	47	1178	1067	944	1178	1355	1088	0	1138	834	1240	1178	1123	719	1438	2920	875	1015	170	1196	931	1155	646	581	970	920	1178	1173	1094	645	932	830	517	907	1159	1151	1546	933	898	1072	1142	653	1036	1192	1098	704	912	872	1744	1039	1180	1434	584	945	1115	1069	1276	1083	1286	1292	899	1287	921	711	1120	1207	1092	1169	1098	527	963	1101	892	1168	1463	1180	1133	1076	1278	1153	124	935	666	1196	736	1135	128	1036	1183	1330	1293	964	1332	838	704	1187	1282	3132	1610	1096	774	1106	1180	1155	1210	588	316	68	782	914	914	974	708	1160	541	1093	574	858	778	1286	1434	878	124	713	888	952	1709	1107	1131	782	888	914	1180	1099	1134	857	81	1119	372	952	600	887	1054	956	87	2631	932	1284	1155	1278	1119	1164	1479	1098	1286	875	1268	2693	1063	811	1034	934	2118	2512	1175	1167	1082	1526	8	1638	908	481	1155	823	932	1072	566	1044	583	1233	1438	1270	1387	1224	1071	1107	60	1287	927	885	316	1022	1093	1166	204	1055	782	1512	1072	576	1592	944	1130	1135	1193	1101	1255	1092	370	957	782	666	152	1172	1581	1046	711	1287	872	3537	1347	782	1040	3	942	171	890	1490	1172	31	1655	697	1203	942	1053	1409	858	841	1231	1277	1093	1067	1429	1167	1149	1293	1190	1071	1101	1140	1340	934	1196	1261	907	1438	1099	549	674	2563	963	1052	1376	475	1284	803	898	723	533	509	1275	958	813	903
451	43	465	784	1106	1947	237	366	477	376	530	1138	0	1412	200	477	33	1309	578	1782	710	1874	1003	478	356	325	502	556	957	552	477	273	434	1261	577	1702	1075	258	2028	112	602	375	443	243	53	489	295	125	324	450	1391	651	631	160	103	433	791	803	379	354	142	236	209	620	260	192	537	1297	1285	498	497	115	365	615	496	556	268	291	610	452	1393	240	142	280	1160	376	1562	477	412	1422	1015	187	91	832	620	282	828	924	1247	123	191	2180	488	576	1741	1283	103	325	273	1378	845	1107	465	250	550	532	1306	121	596	653	564	409	784	202	433	621	1160	1109	692	819	604	455	334	1588	692	2052	103	1174	545	402	1134	1323	838	819	537	682	84	343	1060	1493	577	200	268	465	1323	118	618	574	150	710	474	1604	74	429	165	380	1055	1395	241	483	235	407	1133	911	258	800	1169	1509	577	603	1087	1506	554	482	578	149	389	393	660	115	1113	192	490	269	1285	115	537	125	945	82	465	2188	603	563	2581	366	184	1786	125	424	1194	497	895	372	1588	1259	1020	779	1503	92	1297	209	651	2646	226	465	177	1134	771	1009	919	900	276	1122	576	1419	122	330	85	405	825	1916	248	604	653	86	2418	283	110	620	125	660	571	40	292	806	477	1806	770	578	428	589	1026	1426	496	86	368	775	147	1425	443	1492	1234	1340	141	547	326	257
1606	1431	1762	1482	799	1968	1484	1434	1696	1757	1649	834	1412	0	1392	1696	1417	1553	1918	3051	1540	521	750	1710	1414	1604	1115	1029	1714	1511	1696	1591	1609	1478	1534	1611	1332	1160	659	1487	1984	1427	1431	1491	1446	1099	1154	1521	1557	1162	1745	1512	2026	1407	1500	1828	636	1640	1599	1548	1544	1498	1617	1845	1162	1603	1504	1545	1924	1728	1637	1501	1578	1034	1524	1671	1154	1596	1948	1686	1953	1494	1539	1580	711	1431	1458	1710	1170	1958	806	1233	1494	1962	1845	1135	1961	1587	1534	1517	1601	3590	1880	1676	554	1911	1500	1604	1617	1416	789	895	1311	1168	1504	1551	1542	1498	1000	1707	1023	1003	1482	1611	1828	1504	711	1523	1545	1652	2006	1630	1590	1591	1545	1226	1500	1883	1693	1358	753	1930	1072	1652	1027	1540	1339	1433	876	2756	1534	1609	1575	1762	1930	1499	1962	1677	1547	1540	1759	2993	1350	1320	1405	1432	2075	2534	1575	1691	1496	1807	842	2202	1160	1183	1930	1652	1534	1668	1381	1878	1029	1739	1918	1560	1780	1688	1691	1319	780	1603	1486	1159	1135	1324	1657	1505	797	1342	1311	2312	1668	1038	2210	1434	1292	1956	1521	1610	2020	1637	1116	1451	1591	184	752	1820	2363	1350	1545	1617	1512	4046	1534	1311	1420	836	1625	740	1632	2102	1591	861	1987	1527	1524	1409	1336	1800	1571	1444	1616	1827	1707	1325	2062	1591	1484	1845	1519	1691	1678	1437	1696	1631	1710	2091	1594	1918	1610	1017	1467	2726	1524	1339	1762	1158	1541	51	1431	223	303	352	1545	1543	1186	1164
650	242	642	974	1204	2123	437	563	669	519	730	1240	200	1392	0	669	233	1485	732	1707	906	1880	1091	669	552	517	639	674	1155	750	669	461	633	1433	776	1863	1241	334	2032	302	726	571	638	443	247	620	239	297	522	596	1578	846	641	358	279	556	808	1001	575	554	219	435	340	805	343	313	735	1474	1484	687	695	298	563	740	696	754	349	480	762	644	1590	440	207	472	1244	573	1718	668	557	1618	1113	203	264	1023	805	285	1019	1117	1425	298	315	2238	497	775	1775	1481	279	517	451	1539	931	1218	644	327	748	732	1482	308	710	853	681	415	974	329	556	817	1244	1291	889	1018	627	653	529	1754	889	2147	279	1373	742	589	1224	1521	978	1018	651	879	242	540	1169	1413	776	328	458	642	1521	304	768	773	211	906	654	1601	239	609	362	576	894	1272	427	676	434	435	1237	1068	332	957	1369	1684	776	803	1258	1696	672	668	732	255	521	576	860	143	1207	313	688	358	1422	275	736	310	1039	244	644	2373	803	684	2735	563	111	1969	296	622	1395	695	1040	569	1754	1256	1109	977	1701	266	1474	338	846	2719	143	644	376	1237	970	1095	1115	1078	463	1229	628	1589	287	525	240	531	1020	2048	417	790	853	207	2572	472	301	805	298	860	770	236	418	1004	668	1996	968	732	627	707	1207	1362	696	246	500	928	204	1412	638	1500	1254	1371	221	747	463	339
97	433	114	517	1164	1677	257	262	0	273	116	1178	477	1696	669	0	446	1064	262	1888	401	2090	1099	19	281	152	590	677	584	273	0	209	87	1039	274	1502	899	604	2245	367	383	269	283	249	425	601	740	374	162	537	1086	362	700	355	390	334	1063	441	107	153	481	251	372	156	595	398	267	1054	894	32	94	371	127	693	217	125	601	189	285	26	1013	249	493	197	1247	266	1392	18	526	1046	1084	625	405	355	157	690	351	609	1000	372	394	1957	618	146	1904	896	390	152	227	1197	970	1124	406	599	277	217	1065	361	712	220	683	775	517	383	334	340	1247	848	380	453	655	71	144	1374	380	2052	390	774	93	342	1207	937	809	453	674	372	483	262	1091	1628	274	382	210	114	937	365	302	143	495	401	98	1551	477	386	354	265	1396	1633	243	14	252	551	1171	506	606	715	752	1259	274	186	890	1175	676	57	262	443	306	114	239	583	1177	398	251	589	1205	471	116	358	1033	480	406	1865	186	671	2380	262	658	1486	375	85	754	94	833	245	1374	1521	1112	320	1038	457	1054	375	362	2379	627	406	335	1174	413	1108	580	439	206	1153	572	1201	386	286	486	322	507	1814	268	138	220	521	2225	197	369	157	372	239	138	437	344	450	18	1466	431	262	85	696	783	1529	217	480	310	710	499	1697	283	1721	1457	1532	478	238	518	595
418	15	438	753	1092	1918	204	334	446	358	498	1123	33	1417	233	446	0	1280	556	1796	677	1874	991	448	325	294	483	541	924	519	446	244	402	1233	544	1676	1048	258	2029	86	586	343	411	210	30	472	316	107	291	430	1361	618	636	128	85	419	792	770	346	321	153	203	200	590	259	186	505	1269	1252	467	464	92	332	598	463	523	267	262	588	421	1360	207	156	250	1149	344	1537	447	393	1389	1002	204	77	801	591	294	797	892	1218	104	184	2173	495	543	1737	1251	85	294	247	1352	834	1090	437	251	517	499	1278	96	581	620	549	417	753	194	419	589	1149	1079	660	786	608	423	302	1561	660	2037	85	1141	513	372	1121	1290	817	786	523	649	78	311	1044	1509	544	192	238	438	1290	94	597	541	164	677	446	1608	68	400	133	348	1083	1417	213	451	202	413	1118	887	258	776	1136	1481	544	570	1060	1475	539	453	556	152	373	365	627	140	1099	186	457	265	1264	102	504	101	932	76	437	2157	570	547	2555	334	213	1756	107	391	1161	464	872	339	1561	1261	1008	746	1470	76	1269	199	618	2636	253	437	145	1119	738	997	887	871	247	1107	574	1392	108	298	81	391	793	1895	225	574	620	96	2393	253	83	591	106	627	538	20	280	773	447	1774	737	556	396	574	997	1440	463	79	353	751	161	1430	411	1493	1234	1337	152	514	309	256
992	1279	1177	552	754	638	1119	963	1064	1327	947	719	1309	1553	1485	1064	1280	0	1299	2952	663	1686	821	1081	966	1135	877	885	539	812	1064	1184	1014	75	800	445	269	1188	1816	1258	1432	952	885	1118	1283	902	1372	1293	1087	903	194	709	1760	1155	1292	1395	1169	637	1067	1045	1409	1131	1354	1095	1175	1369	823	11	482	1080	972	1274	1062	818	878	941	1173	1168	1310	1081	448	1123	1418	1161	843	952	373	1081	941	439	760	1310	1303	1004	1095	1288	1009	461	63	1288	1364	2836	1662	924	1418	466	1292	1135	1222	210	860	657	844	1192	810	859	11	1261	868	870	882	1246	552	1360	1395	736	843	215	684	630	1716	1012	1109	314	684	1206	1292	522	978	909	800	462	597	630	910	692	1245	985	680	2690	800	1358	1171	1177	462	1266	1327	927	1424	663	1160	2584	1250	880	1150	949	2363	2669	1205	1050	1130	1584	711	1349	1191	555	590	201	800	884	235	324	888	1117	1299	1384	1362	1162	845	1343	772	1369	862	1159	451	1211	947	1264	793	1244	844	903	884	870	1316	963	1401	495	1294	1027	694	972	526	965	314	1381	814	862	951	1224	11	1356	709	3171	1533	844	1143	717	659	829	502	1159	1182	691	1635	149	1307	990	1246	1380	558	836	1260	1088	870	1278	1162	1173	1257	1095	1290	845	932	1288	1368	626	1081	572	635	1299	1022	860	287	2593	878	1242	1361	591	1424	1522	885	1436	1250	1225	1406	837	1033	1179
358	541	162	766	1423	1894	434	505	262	213	368	1438	578	1918	732	262	556	1299	0	1663	647	2332	1354	243	521	314	833	919	786	534	262	331	344	1282	532	1742	1153	779	2488	470	133	514	541	426	527	841	872	453	363	777	1299	616	516	518	475	201	1281	662	330	380	513	421	391	211	773	418	529	1290	1063	235	354	464	349	943	479	365	780	323	32	258	1187	424	526	339	1504	511	1640	244	760	1222	1342	759	488	404	211	843	397	838	1237	454	416	1703	483	380	2155	1069	475	314	314	1445	1219	1386	660	772	539	478	1302	460	956	429	926	951	766	402	201	596	1504	1085	626	671	471	332	329	1613	626	2314	475	944	328	590	1465	1109	1071	671	913	620	620	498	1351	1416	532	403	346	162	1109	462	44	377	523	647	170	1295	611	636	520	512	1292	1464	353	274	423	444	1432	336	780	978	907	1489	532	417	1141	1374	918	205	0	476	218	230	454	693	1436	418	514	772	1466	621	365	455	1288	616	660	2055	417	915	2614	505	759	1693	453	337	881	354	1095	489	1613	1748	1367	469	1102	600	1290	393	616	2135	640	660	503	1434	640	1362	801	380	330	1414	379	1442	458	519	623	215	741	2070	331	214	429	650	2462	329	473	211	453	454	372	539	316	673	244	1654	664	0	339	941	1027	1308	479	618	237	972	529	1923	541	1959	1694	1776	511	498	731	772
1963	1789	1775	2404	2889	3557	1882	2031	1888	1630	2005	2920	1782	3051	1707	1888	1796	2952	1663	0	2290	3562	2784	1871	2036	1831	2277	2338	2450	2148	1888	1792	1942	2927	2156	3389	2775	2024	3708	1774	1530	2043	2100	1879	1778	2268	1942	1733	1885	2222	2963	2247	1200	1888	1743	1558	2512	2322	1894	1924	1643	1867	1646	1874	2030	1641	2138	2943	2715	1872	1980	1756	1902	2394	2083	2011	2037	1804	1658	1871	2839	1874	1641	1815	2940	2042	3273	1871	2187	2875	2798	1904	1739	2032	1874	1992	2026	2495	2889	1738	1645	1378	1319	2029	3478	2722	1743	1831	1753	3078	2625	2886	2185	2016	2151	2097	2954	1766	2378	2089	2345	2122	2404	1644	1558	2222	2940	2737	2268	2332	1242	1942	1858	3263	2268	3834	1743	2598	1974	2107	2915	2762	2602	2332	2319	2261	1866	2012	2841	295	2156	1646	1808	1775	2762	1762	1643	2026	1633	2290	1793	626	1856	2150	1893	2044	1042	591	1779	1902	1868	1402	2915	1745	2023	2541	2554	3147	2156	2069	2772	3036	2336	1835	1663	1651	1595	1793	2113	1824	2895	1641	2106	2042	3042	1897	2005	1761	2727	1865	2185	3710	2069	2344	4269	2031	1818	3356	1732	1930	2508	1980	2649	2023	3263	2939	2801	2130	2635	1873	2943	1644	2247	1843	1582	2185	1891	2916	2297	2789	2462	1927	1794	2904	1318	3089	1721	2017	1867	1575	2395	3671	1721	1877	2089	1856	4114	1802	1776	1874	1735	2113	2021	1779	1608	2332	1871	3310	2318	1663	1934	2371	2671	361	2083	1868	1599	2523	1635	3080	2100	3189	2953	3075	1645	2119	2106	2026
330	672	515	119	873	1284	487	343	401	665	285	875	710	1540	906	401	677	663	647	2290	0	1860	843	419	354	479	471	541	254	161	401	532	353	638	141	1100	508	686	2011	633	777	335	268	484	672	496	869	662	436	450	701	59	1097	549	667	732	956	112	408	394	782	495	708	456	672	727	175	653	580	420	309	647	406	514	225	282	674	514	662	418	684	489	792	509	968	333	993	419	471	712	809	775	680	455	456	793	457	220	599	658	722	2282	1003	267	1641	577	667	479	568	798	755	812	306	685	161	199	664	634	558	232	544	814	119	716	732	88	968	448	21	128	1053	349	453	973	21	1693	667	475	320	328	922	615	508	128	553	30	667	366	789	2027	141	714	521	515	615	639	679	270	797	0	498	1942	668	327	545	330	1739	2015	557	387	496	928	867	774	688	394	485	860	141	230	493	805	542	456	647	752	699	499	207	777	890	727	221	658	835	637	286	635	779	665	306	1493	230	527	1979	343	847	1102	663	365	539	309	504	338	973	1356	850	297	884	641	653	711	59	2669	920	306	532	871	88	852	209	616	529	846	972	800	677	380	669	717	116	1424	608	445	232	706	1823	520	633	456	660	207	274	680	711	109	419	1103	67	647	360	541	382	1930	225	663	699	406	799	1530	268	1516	1264	1309	779	178	533	675
1994	1887	2171	1777	1001	1943	1908	1830	2090	2194	2024	1015	1874	521	1880	2090	1874	1686	2332	3562	1860	0	1017	2106	1812	2021	1500	1414	1983	1868	2090	2018	2002	1619	1887	1602	1527	1616	155	1935	2415	1822	1810	1915	1902	1491	1641	1973	1969	1555	1880	1845	2501	1843	1954	2269	1083	1944	2003	1952	2013	1923	2071	2228	1615	2061	1865	1681	2127	2122	2018	1951	1984	1398	1895	2042	1607	2020	2361	2084	2126	1918	2009	2004	902	1825	1478	2106	1572	2123	1053	1706	1950	2308	2228	1609	2309	1850	1687	1969	2058	4029	2356	2043	280	2112	1954	2021	2048	1505	1123	1084	1686	1624	1862	1916	1675	1947	1378	2058	1407	1474	1777	2066	2269	1844	902	1722	1869	1952	2477	2020	2003	1624	1869	941	1954	2113	2070	1747	950	2122	1354	1952	1419	1867	1796	1834	1089	3266	1887	2065	2001	2171	2122	1948	2376	2045	2017	1860	2166	3474	1806	1704	1840	1825	2595	3053	2008	2082	1921	2279	1024	2586	1616	1470	2170	1728	1887	2027	1575	1997	1415	2139	2332	2023	2221	2103	2039	1793	983	2061	1857	1609	1235	1775	2031	1953	1081	1798	1686	2287	2027	1419	1999	1830	1775	1991	1973	2005	2270	2018	1373	1846	1624	624	1010	2155	2593	1802	1681	2071	1845	4467	2020	1686	1853	1018	1936	1007	1902	2461	2018	1046	2449	1615	1978	1813	1793	2241	1861	1299	2054	2211	2058	1788	1872	2017	1933	2228	1971	2039	2046	1894	2145	1933	2106	2151	1902	2332	2004	1393	1688	3231	1895	1795	2204	1454	2012	485	1810	381	641	558	2012	1904	1609	1618
1001	1000	1192	762	124	1327	959	850	1099	1250	1021	170	1003	750	1091	1099	991	821	1354	2784	843	1017	0	1117	835	1057	531	455	980	859	1099	1068	1012	745	875	985	585	762	1169	1028	1453	840	816	964	1013	532	879	1069	1001	590	1008	828	1622	919	1055	1329	415	928	1025	976	1144	975	1165	1226	755	1163	857	812	1174	1130	1020	1046	1007	414	893	1037	748	1065	1381	1098	1204	969	1145	1049	157	843	821	1116	618	1210	61	887	1056	1292	1227	810	1293	849	795	1064	1159	3056	1484	1035	807	1161	1055	1057	1103	721	159	190	694	769	852	909	811	1038	415	1044	448	698	762	1164	1329	829	157	773	852	938	1589	1028	1035	927	852	1056	1055	1136	1067	764	133	1180	339	938	470	850	919	859	149	2493	875	1162	1050	1192	1180	1041	1397	1037	1153	843	1184	2582	929	718	915	842	1960	2362	1066	1090	973	1401	171	1581	763	455	1186	950	875	1016	633	1144	457	1152	1354	1142	1281	1131	1024	962	121	1163	854	742	467	889	1027	1043	66	920	694	1655	1016	454	1762	850	980	1268	1070	1018	1280	1020	370	865	927	570	18	1138	1618	914	812	1166	828	3475	1204	694	922	168	919	9	898	1447	1067	175	1541	823	1079	842	917	1303	849	1010	1120	1210	1044	928	1599	1063	1026	1227	1067	1024	1039	1009	1225	918	1116	1382	886	1354	1016	426	718	2429	893	917	1268	437	1150	727	816	682	449	469	1143	895	685	759
116	435	95	536	1182	1693	263	277	19	259	134	1196	478	1710	669	19	448	1081	243	1871	419	2106	1117	0	296	153	606	693	598	292	19	207	104	1057	293	1519	918	613	2262	367	364	285	301	255	426	617	746	372	170	552	1101	381	684	361	389	318	1077	456	116	165	477	256	366	148	604	392	286	1071	906	20	112	370	137	710	236	141	611	188	266	27	1026	255	489	197	1265	281	1410	0	541	1059	1102	630	404	354	148	698	350	625	1018	370	388	1939	604	161	1921	908	389	153	222	1215	987	1143	423	608	296	236	1083	361	728	233	699	784	536	376	318	358	1265	866	398	469	639	89	148	1392	398	2071	389	787	107	359	1225	950	828	469	690	390	488	277	1109	1611	293	375	210	95	950	365	283	158	491	419	79	1532	482	403	360	281	1385	1619	241	32	258	538	1189	492	615	734	763	1276	293	201	909	1190	692	38	243	438	292	104	253	586	1195	392	270	599	1224	477	133	358	1050	484	423	1879	201	687	2398	277	660	1501	373	101	763	112	851	260	1392	1536	1129	328	1042	462	1071	368	381	2362	622	423	341	1192	429	1125	596	431	205	1171	555	1219	383	300	491	307	524	1833	263	130	233	526	2243	197	369	148	371	253	153	438	333	466	0	1480	448	243	101	713	801	1512	236	485	296	729	495	1712	301	1737	1473	1549	473	257	531	605
193	321	359	429	912	1602	156	21	281	425	251	931	356	1414	552	281	325	966	521	2036	354	1812	835	296	0	223	312	398	605	201	281	247	195	924	229	1377	749	365	1968	292	618	21	86	157	322	321	535	327	166	256	1037	294	838	196	326	504	782	452	191	141	444	170	396	432	353	407	186	954	933	313	230	308	172	422	158	277	357	238	549	273	1038	162	452	225	987	24	1247	296	244	1066	827	431	338	585	432	467	583	567	903	322	402	2224	718	289	1633	930	326	223	286	1056	698	884	152	362	198	197	964	295	434	350	405	522	429	400	504	265	987	759	338	469	798	216	200	1257	338	1829	326	824	289	74	950	969	577	469	393	327	314	25	845	1759	229	398	230	359	969	300	565	290	458	354	353	1764	314	120	191	27	1400	1707	257	276	169	636	925	787	367	505	826	1167	229	300	755	1150	397	327	521	418	459	296	348	424	923	407	139	343	1008	285	259	298	769	311	152	1834	300	393	2260	21	496	1435	328	195	862	230	616	37	1257	1239	849	483	1189	287	954	398	294	2655	573	152	180	927	421	843	563	702	245	909	733	1085	341	26	316	480	468	1635	315	413	350	353	2100	239	291	432	324	348	289	329	427	454	296	1449	416	521	196	420	679	1675	158	310	449	489	459	1415	86	1441	1177	1255	441	206	245	355
155	281	161	583	1135	1763	123	211	152	205	228	1155	325	1604	517	152	294	1135	314	1831	479	2021	1057	153	223	0	528	611	697	323	152	59	133	1103	338	1563	943	476	2177	214	397	222	271	114	272	532	596	222	57	470	1180	428	631	216	237	283	967	545	72	93	334	111	236	297	468	258	312	1125	1017	173	193	218	73	642	257	249	475	39	344	127	1134	113	346	44	1210	221	1442	152	449	1165	1050	480	253	507	297	553	503	698	1072	220	254	2009	526	271	1850	1018	237	0	89	1248	916	1107	374	470	325	279	1136	208	650	351	618	648	583	245	283	400	1210	922	458	559	589	147	26	1439	458	2050	237	900	230	297	1173	1059	798	559	603	449	337	198	1069	1560	338	244	58	161	1059	212	358	269	349	479	164	1542	331	343	216	222	1270	1536	92	159	113	449	1148	618	477	720	885	1335	338	306	942	1279	610	160	314	297	239	85	364	433	1146	258	275	465	1222	329	233	206	991	334	374	1969	306	609	2446	211	507	1581	223	120	895	193	834	199	1439	1434	1071	466	1188	313	1125	238	428	2448	480	374	198	1151	514	1064	679	580	56	1132	518	1265	235	214	341	260	594	1845	131	280	351	374	2288	47	216	297	221	364	265	284	232	551	152	1575	524	314	125	636	849	1470	257	335	233	707	352	1609	271	1646	1382	1467	331	300	417	468
495	489	672	465	620	1505	427	330	590	718	534	646	502	1115	639	590	483	877	833	2277	471	1500	531	606	312	528	0	86	704	401	590	536	502	817	427	1229	617	316	1656	505	925	321	316	432	500	27	495	546	473	58	1001	426	1098	393	535	797	497	582	504	453	635	443	640	733	304	640	393	865	1003	622	524	523	484	118	409	556	300	534	862	584	1083	437	639	518	687	324	1080	605	90	1104	531	445	539	850	733	411	849	610	821	541	636	2536	964	561	1322	995	535	528	572	906	387	609	196	321	395	437	872	514	122	596	93	377	465	639	797	411	687	707	468	598	1063	521	507	1124	468	1558	535	917	579	247	654	1029	339	598	88	460	421	334	564	1991	427	637	519	672	1029	517	877	562	647	471	666	2052	429	206	388	324	1534	1895	534	583	441	880	641	1091	318	326	941	1069	427	555	642	1132	86	639	833	626	749	606	583	496	629	640	371	287	786	387	542	519	467	421	196	1780	555	81	2097	330	540	1371	547	505	1006	524	401	346	1124	936	546	717	1353	409	865	641	426	2967	722	196	394	642	559	539	634	987	536	628	1011	964	557	315	421	771	545	1416	589	715	596	442	1933	532	503	733	544	583	563	499	695	578	605	1424	536	833	504	108	622	1919	409	418	736	294	644	1112	316	1131	867	943	634	431	178	308
582	549	757	521	551	1504	506	416	677	798	621	581	556	1029	674	677	541	885	919	2338	541	1414	455	693	398	611	86	0	764	484	677	616	589	821	508	1213	619	341	1569	573	1008	408	402	512	561	78	504	614	557	141	1023	500	1167	463	600	876	417	651	589	538	695	522	710	820	330	708	476	874	1051	709	610	591	570	70	495	642	325	615	947	670	1125	516	697	599	613	411	1060	692	163	1144	461	473	603	934	820	422	933	661	833	609	704	2620	1031	646	1239	1043	600	611	651	894	306	550	281	347	477	522	880	582	40	680	7	360	521	708	876	487	613	731	540	666	1134	608	591	1115	540	1495	600	971	665	334	582	1074	313	666	24	533	473	420	503	2050	508	706	599	757	1074	585	962	648	705	541	751	2127	482	293	459	411	1567	1941	612	670	520	947	577	1178	343	330	1000	1072	508	639	650	1157	2	725	919	689	828	690	666	535	559	708	457	315	749	441	628	588	393	474	281	1789	639	16	2071	416	569	1381	615	591	1070	610	382	432	1115	850	471	798	1418	465	874	710	500	3053	770	281	466	578	629	462	690	1073	616	566	1085	961	624	400	472	850	605	1374	665	802	680	488	1907	613	571	820	612	666	649	558	769	645	692	1444	604	919	591	33	648	1981	495	471	814	294	702	1026	402	1044	780	857	693	515	232	335
541	918	689	243	981	1107	727	592	584	858	474	970	957	1714	1155	584	924	539	786	2450	254	1983	980	598	605	697	704	764	0	405	584	754	563	544	380	983	496	939	2129	873	920	585	520	723	917	731	1124	899	663	693	513	313	1280	797	906	915	1166	154	624	622	1019	734	933	576	926	954	420	533	328	592	507	886	627	724	462	459	927	735	792	607	438	727	1029	733	1080	583	907	599	717	469	935	1029	920	464	576	1047	469	132	483	895	949	2303	1203	438	1744	326	906	697	786	722	925	902	557	939	407	428	545	873	772	367	765	1062	243	941	915	341	1080	345	268	138	1235	552	673	852	268	1691	906	221	491	583	1033	366	643	138	780	278	919	615	893	2200	380	940	746	689	366	878	808	441	1033	254	670	2052	919	580	793	579	1967	2218	783	570	734	1134	962	809	942	530	237	714	380	398	460	591	765	629	786	985	890	695	345	1030	999	954	467	912	845	890	471	874	923	917	557	1280	398	748	1837	592	1101	907	900	577	309	507	612	586	852	1529	983	327	658	893	533	935	313	2654	1160	557	779	967	186	990	82	620	751	939	1148	689	913	631	921	906	158	1365	828	572	367	958	1688	742	874	576	897	345	446	925	922	151	599	882	188	786	571	757	326	2095	462	915	895	556	1036	1697	520	1663	1423	1449	1015	411	785	929
185	513	385	260	911	1440	326	187	273	517	169	920	552	1511	750	273	519	812	534	2148	161	1868	859	292	201	323	401	484	405	0	273	373	206	780	29	1242	629	555	2022	472	656	180	120	323	512	421	732	501	277	364	861	105	950	392	506	589	898	251	255	235	621	334	548	372	542	566	14	802	733	298	179	486	250	478	66	180	545	356	554	283	841	327	631	350	999	178	1125	291	372	870	836	630	519	450	372	660	450	381	748	497	561	2212	849	176	1666	731	506	323	410	931	746	863	207	553	6	56	812	473	510	196	488	699	260	555	589	76	999	599	142	268	907	209	297	1117	142	1781	506	624	214	195	956	771	548	268	489	132	514	209	833	1881	29	554	361	385	771	478	571	179	636	161	370	1824	514	212	387	174	1577	1859	397	260	334	773	913	722	557	447	625	1011	29	159	624	966	484	330	534	590	552	355	182	625	925	566	61	529	932	486	174	474	793	512	207	1654	159	473	2124	187	697	1262	502	218	664	179	565	180	1117	1330	869	317	996	488	802	551	105	2619	759	207	374	916	220	868	370	594	371	894	830	943	515	226	517	572	278	1542	449	356	196	554	1967	362	472	372	498	182	181	521	556	254	291	1264	218	534	213	493	526	1787	66	511	550	446	638	1506	120	1510	1250	1311	618	37	413	544
97	433	114	517	1164	1677	257	262	0	273	116	1178	477	1696	669	0	446	1064	262	1888	401	2090	1099	19	281	152	590	677	584	273	0	209	87	1039	274	1502	899	604	2245	367	383	269	283	249	425	601	740	374	162	537	1086	362	700	355	390	334	1063	441	107	153	481	251	372	156	595	398	267	1054	894	32	94	371	127	693	217	125	601	189	285	26	1013	249	493	197	1247	266	1392	18	526	1046	1084	625	405	355	157	690	351	609	1000	372	394	1957	618	146	1904	896	390	152	227	1197	970	1124	406	599	277	217	1065	361	712	220	683	775	517	383	334	340	1247	848	380	453	655	71	144	1374	380	2052	390	774	93	342	1207	937	809	453	674	372	483	262	1091	1628	274	382	210	114	937	365	302	143	495	401	98	1551	477	386	354	265	1396	1633	243	14	252	551	1171	506	606	715	752	1259	274	186	890	1175	676	57	262	443	306	114	239	583	1177	398	251	589	1205	471	116	358	1033	480	406	1865	186	671	2380	262	658	1486	375	85	754	94	833	245	1374	1521	1112	320	1038	457	1054	375	362	2379	627	406	335	1174	413	1108	580	439	206	1153	572	1201	386	286	486	322	507	1814	268	138	220	521	2225	197	369	157	372	239	138	437	344	450	18	1466	431	262	85	696	783	1529	217	480	310	710	499	1697	283	1721	1457	1532	478	238	518	595
213	231	195	633	1151	1814	110	239	209	182	288	1173	273	1591	461	209	244	1184	331	1792	532	2018	1068	207	247	59	536	616	754	373	209	0	192	1149	390	1607	985	447	2174	161	396	251	308	104	220	538	554	164	96	478	1233	479	592	187	181	261	955	602	130	138	274	95	178	346	441	200	361	1173	1076	226	253	163	127	653	307	309	449	20	363	183	1192	100	286	23	1223	250	1483	207	453	1223	1064	438	196	562	347	517	557	752	1120	163	195	2010	480	331	1855	1077	181	59	39	1291	923	1128	399	441	375	333	1184	153	656	410	624	620	633	187	261	450	1223	972	511	616	552	207	81	1485	511	2075	181	959	289	321	1188	1117	824	616	606	502	296	222	1088	1518	390	185	17	195	1117	157	375	329	289	532	202	1520	288	366	188	252	1213	1485	33	217	97	400	1167	651	448	752	944	1384	390	365	985	1334	615	208	331	237	214	120	424	385	1162	200	321	440	1254	293	293	150	1003	292	399	2024	365	616	2491	239	457	1634	165	179	955	253	864	231	1485	1424	1083	525	1247	273	1173	180	479	2456	420	399	172	1169	571	1075	734	626	2	1152	486	1312	176	232	299	236	648	1880	76	330	410	330	2332	12	163	347	163	424	325	232	185	608	207	1631	580	331	184	643	897	1431	307	293	203	736	293	1598	308	1641	1377	1466	271	353	409	440
22	391	185	463	1079	1637	200	175	87	312	97	1094	434	1609	633	87	402	1014	344	1942	353	2002	1012	104	195	133	502	589	563	206	87	192	0	985	215	1447	836	532	2157	331	457	182	197	193	385	513	679	348	111	449	1051	306	745	295	359	383	978	412	61	83	464	198	369	237	522	392	197	1004	884	119	63	339	70	606	143	121	528	172	369	85	1000	195	475	172	1161	178	1332	104	439	1032	998	566	375	412	238	623	408	569	951	345	387	2043	650	142	1817	885	359	133	222	1137	883	1042	319	528	209	155	1015	328	624	221	595	700	463	378	383	280	1161	800	331	427	702	23	111	1322	331	1974	359	767	112	254	1121	926	727	427	586	323	427	177	1007	1676	215	377	186	185	926	333	385	140	478	353	174	1623	423	298	293	178	1404	1664	222	81	200	576	1087	592	534	637	752	1213	215	174	830	1148	588	139	344	428	347	148	232	533	1092	392	172	515	1132	410	103	327	946	424	319	1838	174	583	2329	175	608	1452	349	13	767	63	754	158	1322	1434	1025	344	1068	400	1004	372	306	2466	609	319	275	1090	382	1021	548	513	189	1070	623	1148	361	202	430	366	465	1746	264	219	221	467	2172	179	333	238	346	232	137	396	361	419	104	1443	394	344	7	608	730	1581	143	424	346	630	482	1610	197	1633	1369	1444	460	177	435	523
