NAME : VRPTW_INSTANCE_82.txt
COMMENT : Bangkok Supermarket
TYPE : VRPTW
DIMENSION : 285
DAYS : Thursday
EDGE_WEIGHT_TYPE : EXPLICIT
VEHICLES : 36
EDGE_WEIGHT_FORMAT : FULL_MATRIX
CAPACITY : 1000
EDGE_WEIGHT_SECTION
0	1743	309	437	153	1447	119	1201	595	172	110	609	449	371	436	124	639	2835	347	202	525	215	213	2738	420	372	3761	2026	1026	3309	978	916	1185	371	358	322	60	628	642	1169	428	1606	89	508	348	1031	3508	523	1627	3552	1128	441	119	1606	464	755	819	454	284	1700	202	193	244	135	208	400	124	618	502	290	992	349	349	2040	2370	747	978	2960	135	201	235	885	525	582	889	431	546	815	832	1381	1022	1149	1067	412	604	404	1041	449	309	173	1122	448	314	315	1866	525	206	104	369	118	1531	993	264	972	30	662	1343	1936	771	1059	140	3005	1561	185	416	1096	543	155	135	103	177	1887	402	473	1962	372	2112	182	1017	207	518	308	172	186	255	496	218	356	993	527	566	697	781	447	412	1889	208	124	236	177	828	2104	1033	236	982	309	364	309	118	850	400	496	979	308	737	155	306	25	97	602	264	152	629	2066	949	224	411	451	496	2419	32	350	152	1503	409	258	93	362	737	2549	3333	546	83	531	815	438	435	73	302	436	1928	1134	820	309	397	978	239	346	1005	244	221	613	1065	904	586	612	62	595	459	431	1083	201	1760	307	135	224	304	394	373	1225	309	402	411	1726	360	172	1642	248	191	408	300	983	2215	30	26	463	1137	1300	2019	1426	215	1950	2836	348	589	204	428	437	130	46	200	395	1975	874	221	638	166	2380	86	1120	582	374	345	1126	1850
1743	0	1441	1516	1606	2504	1856	1536	1150	1574	1683	1269	1730	1697	1505	1804	1105	1965	1662	1909	1719	1780	1955	2688	1682	1705	3089	2068	2017	2620	860	1076	2029	1697	2067	1576	1751	1901	1101	1225	1736	162	1821	1235	1657	879	2761	1327	147	2906	2697	1578	1854	162	1496	1057	1944	1709	1625	1211	1829	1656	1772	1749	1635	1613	1653	1329	1715	1454	1583	1660	2066	2032	1384	1957	2682	3052	1643	1623	1772	1967	1719	1573	1250	1608	1319	1385	939	2544	823	746	837	1618	2321	1752	915	1294	1441	1570	2436	2154	1586	1570	3582	1719	1746	1676	1948	1805	2754	2565	1478	951	1750	2014	1403	573	2307	2595	1792	2042	1276	1563	1369	807	1200	1615	1643	1804	1570	162	1612	1835	3112	1687	2119	1563	839	1728	2255	1561	1574	1906	1521	1718	1645	1675	927	2223	2114	2016	1420	1484	1618	3292	1643	1859	1774	1570	2267	637	927	1774	1576	1654	1683	1568	1805	1953	1777	1719	859	1561	1191	1615	1542	1767	1836	2345	1478	1826	1714	2447	1472	1774	1738	1581	1719	1432	1775	1662	1826	2437	1515	1620	1699	1664	1191	2764	3082	1319	1700	1325	1385	1505	1521	1784	1849	2153	3075	1476	971	1441	1732	860	1981	1668	821	1772	1532	1809	1533	1987	1157	1348	1729	1150	1332	1502	1537	1623	3246	1436	1643	1774	1563	1784	1949	1193	1441	1967	1593	1899	1401	1574	3174	1495	1908	1598	1651	781	1638	1750	1768	1281	760	1583	516	2726	1636	675	1965	1656	1980	1641	1560	1508	1858	1771	1569	1783	2615	2217	1526	2335	1830	1578	1789	2028	1573	1674	1662	1539	1915
309	1441	0	406	165	1597	427	1024	290	162	283	340	553	373	398	364	335	2578	430	499	498	426	516	2592	397	379	3542	1866	1011	3082	671	636	1142	373	660	340	332	771	340	928	438	1308	380	215	427	730	3277	362	1321	3335	1404	340	427	1308	303	451	825	439	252	1441	400	234	437	360	217	441	213	486	587	37	844	431	653	1873	2092	779	1283	2844	203	201	432	885	498	465	648	352	389	612	523	1454	715	843	764	454	910	434	745	154	0	152	1327	751	341	327	2175	498	396	271	614	365	1728	1267	58	676	322	842	1129	1629	1027	1324	355	2742	1317	123	234	792	242	175	203	363	161	1588	442	531	2155	468	1951	152	711	382	814	311	162	488	97	584	315	447	695	828	815	869	590	393	454	2137	305	432	434	161	1055	1797	738	434	832	297	459	319	365	963	544	585	673	311	465	175	181	334	406	905	58	388	691	1974	770	426	429	465	585	2142	340	433	388	1514	377	230	292	444	465	2444	3168	389	290	373	612	400	408	343	520	741	2119	946	512	0	415	671	542	434	698	437	91	720	896	907	290	489	311	290	267	390	914	201	2025	54	203	426	309	543	617	977	0	644	436	1572	61	162	1917	78	492	437	288	675	1973	322	335	181	832	1125	1710	1639	303	1646	2579	427	776	299	429	401	434	332	197	450	2052	1072	133	905	435	2120	348	1089	465	460	429	955	1684
437	1516	406	0	431	1217	487	1424	510	327	326	715	219	731	12	560	533	2910	154	483	877	319	606	2994	768	735	3909	2267	1397	3443	923	973	1538	731	611	115	396	423	525	1297	797	1362	521	416	149	1008	3633	192	1425	3702	1184	735	483	1362	708	741	1200	810	609	1782	635	541	296	340	539	96	464	213	221	371	1250	151	618	2271	2393	1140	1184	3250	465	521	301	1263	877	868	1027	741	196	1011	746	1800	960	1086	1029	101	848	783	1039	397	406	340	997	684	124	121	2079	877	293	332	445	554	1381	1051	361	973	418	524	1513	1828	793	1086	571	3063	1675	399	217	1051	461	452	465	540	323	1640	95	870	1797	172	2351	328	964	278	890	130	327	496	466	222	222	163	986	740	598	537	992	32	101	1845	231	485	302	323	770	1984	1035	302	1238	652	170	128	554	577	260	223	923	130	825	452	565	444	477	945	361	589	294	2381	1173	308	783	74	223	2444	460	153	589	1893	30	579	345	151	825	2851	3564	196	354	192	1011	11	5	510	353	695	1760	1344	763	406	768	923	628	159	935	296	413	348	1300	1284	465	200	381	510	227	18	1317	521	1764	353	465	308	133	268	445	1340	406	459	77	1974	456	327	1677	349	494	81	642	856	2327	418	445	373	1079	1525	1882	1310	223	1866	2910	148	475	234	44	8	475	483	268	786	1646	749	307	1047	402	2449	523	1481	868	159	154	1357	2084
153	1606	165	431	0	1546	271	1078	455	103	174	458	513	301	426	201	500	2690	394	354	451	323	352	2631	341	304	3628	1912	969	3173	826	764	1117	301	511	331	191	717	505	1026	366	1473	216	377	393	878	3370	458	1486	3419	1276	329	272	1473	333	603	769	382	183	1553	247	110	344	244	108	429	50	571	559	156	878	395	502	1924	2219	709	1130	2865	43	90	336	833	451	472	744	327	484	681	685	1371	871	997	914	442	756	352	888	316	165	91	1244	601	327	319	2017	451	300	159	501	201	1651	1140	135	819	173	769	1208	1785	911	1203	194	2858	1418	47	334	943	406	21	43	198	108	1753	430	440	2081	428	1999	104	865	292	649	306	103	339	102	554	257	408	840	680	702	801	650	430	442	2029	244	277	338	108	957	1954	880	338	867	223	419	311	201	928	482	554	828	306	586	21	170	178	250	741	135	226	678	1981	824	327	352	469	554	2268	181	398	226	1462	400	153	172	409	586	2459	3219	484	166	468	681	428	431	178	419	589	2046	1007	670	165	337	826	377	395	855	344	74	684	944	854	453	569	176	455	375	420	962	90	1905	179	43	327	303	479	504	1080	165	533	432	1614	210	103	1790	126	343	431	213	838	2073	173	179	337	985	1178	1870	1551	247	1798	2690	393	698	238	438	428	283	168	163	356	2043	991	133	744	304	2234	183	1057	472	425	392	1005	1734
1447	2504	1597	1217	1546	0	1386	2618	1722	1462	1374	1928	1044	1818	1229	1543	1737	4116	1167	1298	1972	1233	1440	4178	1867	1819	5127	3457	2458	4660	2117	2190	2625	1818	1242	1258	1387	830	1727	2514	1873	2341	1476	1632	1170	2209	4849	1372	2459	4920	847	1875	1381	2341	1876	1954	2249	1901	1722	2996	1617	1633	1207	1315	1642	1159	1550	1291	1011	1560	2424	1167	1264	3467	3583	2169	1223	4407	1558	1630	1216	2316	1972	2018	2240	1870	1359	2209	1940	2722	2150	2268	2225	1146	1232	1849	2245	1614	1597	1477	415	1212	1256	1270	1761	1972	1249	1388	1096	1535	306	843	1542	2182	1416	785	2725	2939	825	769	1568	4263	2892	1539	1435	2242	1676	1563	1558	1518	1460	2581	1158	1905	609	1130	3543	1469	2157	1255	1509	1287	1462	1325	1625	1014	1295	1151	2193	1172	941	749	2185	1242	1146	888	1306	1379	1214	1460	692	3075	2243	1214	2414	1753	1139	1279	1535	640	1064	1013	2117	1286	2041	1563	1715	1431	1397	1462	1542	1561	924	3513	2363	1226	1856	1146	1013	3635	1444	1164	1561	2905	1241	1693	1380	1153	2041	3996	4763	1359	1388	1366	2209	1227	1213	1499	1145	1248	572	2543	1966	1597	1843	2117	1440	1164	2122	1207	1569	878	2487	2333	1672	1273	1392	1722	1439	1236	2505	1630	954	1549	1558	1226	1288	1067	1091	2557	1597	1064	1167	3160	1655	1462	979	1524	1318	1166	1744	2020	3543	1416	1432	1590	2263	2719	2961	383	1306	2997	4117	1170	858	1313	1182	1225	1364	1477	1409	1835	668	596	1471	1702	1288	3657	1510	2557	2018	1137	1169	2547	3278
119	1856	427	487	271	1386	0	1295	711	281	182	726	443	447	489	160	754	2945	366	95	595	194	119	2816	498	446	3859	2109	1072	3410	1097	1033	1239	447	241	374	107	589	756	1278	494	1716	92	621	368	1150	3610	604	1741	3651	1018	536	5	1716	569	874	863	526	381	1811	231	294	227	147	312	429	238	686	500	406	1081	368	230	2126	2485	785	858	3027	250	309	218	930	595	673	999	521	626	919	950	1389	1141	1268	1186	438	485	467	1160	563	427	285	1043	330	363	370	1748	595	205	185	290	151	1451	884	380	1091	105	603	1445	2055	672	954	186	3117	1670	304	510	1215	658	273	250	135	285	1998	431	518	1882	381	2197	292	1136	215	418	367	281	73	373	493	267	370	1112	409	475	641	883	504	438	1787	260	7	219	285	742	2223	1151	219	1071	398	375	366	151	815	381	492	1098	367	854	273	416	93	21	493	380	174	627	2129	1045	207	477	483	492	2533	91	369	174	1534	464	359	163	379	854	2614	3416	626	159	612	919	491	484	124	252	317	1848	1230	939	427	464	1097	142	363	1124	227	340	591	1158	947	699	677	128	711	553	486	1175	309	1652	421	250	207	364	372	295	1335	427	323	443	1810	479	281	1532	363	78	440	390	1100	2321	105	92	574	1257	1392	2138	1339	268	2069	2945	369	530	259	468	489	22	113	294	450	1940	801	329	560	109	2491	132	1170	673	386	364	1219	1937
1201	1536	1024	1424	1078	2618	1295	0	990	1156	1252	717	1574	854	1414	1140	1000	1716	1451	1391	725	1401	1301	1570	803	856	2566	843	602	2124	811	581	536	854	1518	1364	1257	1788	1015	311	822	1497	1205	1048	1448	732	2327	1321	1390	2358	2300	760	1299	1497	745	798	665	784	917	676	1090	1008	1423	1320	994	1465	1083	1438	1611	1061	225	1451	1501	849	1366	736	2054	1840	1074	1003	1415	641	725	621	431	773	1343	412	902	1082	822	828	762	1478	1709	852	680	1041	1024	1142	2321	1596	1365	1351	2843	725	1379	1238	1570	1148	2729	2171	1077	686	1230	1847	216	1330	1967	2245	1114	1904	500	1080	1219	781	1014	1064	1074	1162	1158	1694	1466	852	3159	1488	927	1149	801	1371	1466	1335	1156	1367	994	1607	1324	1467	699	1673	1767	1878	433	1406	1478	3080	1312	1302	1417	1158	2030	1490	670	1417	232	897	1479	1342	1148	1986	1555	1608	813	1335	636	1064	908	1222	1277	1576	1077	1136	1714	1022	255	1406	838	1487	1608	1404	1214	1454	1136	914	1396	943	1250	1465	636	1456	2145	1343	1243	1330	412	1416	1427	1170	1496	1570	3125	83	849	1024	847	811	1316	1454	844	1423	1049	1743	137	649	1044	1450	1246	990	1230	1406	120	1003	2936	1074	1074	1406	1333	1553	1574	346	1024	1604	1460	552	969	1156	2807	1094	1374	1461	904	970	1073	1230	1222	1074	817	101	1470	2627	1312	1276	1717	1448	1776	1305	1451	1417	1315	1185	1208	880	3066	2069	1147	1408	1367	1292	1163	563	621	1482	1449	76	660
595	1150	290	510	455	1722	711	990	0	431	548	289	716	599	498	654	45	2399	608	774	678	670	805	2547	602	606	3408	1820	1142	2939	419	473	1241	599	935	508	609	931	54	811	654	1018	670	100	603	499	3127	353	1032	3202	1644	511	710	1018	437	232	986	640	499	1274	684	512	671	621	492	587	503	458	730	304	861	607	931	1817	1884	961	1559	2829	493	479	669	1036	678	582	563	535	370	594	250	1632	460	588	523	598	1189	660	528	149	290	426	1505	1025	515	498	2455	678	636	539	855	655	1891	1507	330	462	605	1024	1040	1361	1257	1556	643	2552	1175	413	296	547	55	465	493	654	428	1297	587	755	2307	643	1901	420	461	620	1105	483	431	767	374	730	539	625	475	1099	1047	1042	593	482	598	2344	533	715	671	428	1260	1525	524	671	849	537	636	492	655	1083	733	730	420	484	354	465	414	619	690	1195	330	677	799	1997	760	667	650	584	730	1935	627	610	677	1642	491	487	562	617	354	2445	3098	370	562	361	594	499	515	633	755	1019	2270	906	256	290	639	419	831	613	437	671	381	859	884	1058	54	472	588	0	283	491	900	479	2250	289	493	667	484	736	857	847	290	881	574	1539	254	431	2151	348	769	576	531	390	1822	605	621	150	580	1087	1434	1818	528	1386	2400	603	967	529	550	502	716	621	439	685	2098	1254	386	1192	701	1939	638	1202	582	632	607	934	1635
172	1574	162	327	103	1462	281	1156	431	0	121	498	421	404	322	269	473	2738	299	343	552	264	385	2716	443	408	3692	1995	1072	3234	830	798	1217	404	505	229	178	632	475	1082	470	1435	258	339	298	892	3430	366	1460	3484	1241	422	280	1435	413	611	873	484	284	1600	330	214	278	198	212	328	140	474	464	133	963	300	499	2004	2254	813	1129	2956	139	193	272	936	552	562	800	423	391	750	675	1474	874	1002	925	342	757	455	908	282	162	14	1175	595	226	217	2024	552	235	110	452	266	1579	1104	106	838	176	694	1275	1785	865	1162	271	2903	1472	78	249	952	377	125	139	257	4	1716	330	543	2008	335	2080	10	870	223	690	203	0	335	162	460	167	314	857	670	653	723	723	327	342	1978	156	285	274	4	897	1952	901	274	952	326	326	208	266	837	399	460	831	203	624	125	255	194	262	773	106	297	580	2076	901	265	456	366	460	2304	205	303	297	1566	297	254	132	314	624	2552	3300	391	131	375	750	325	327	230	360	588	1973	1082	668	162	441	830	412	301	855	278	106	592	1024	957	417	471	156	431	292	316	1042	193	1864	142	139	265	200	397	455	1133	162	483	330	1697	222	0	1754	86	338	329	315	822	2129	176	196	292	991	1257	1863	1486	156	1805	2738	297	625	149	335	325	285	209	59	459	1947	920	48	806	274	2280	239	1158	562	330	298	1084	1815
110	1683	283	326	174	1374	182	1252	548	121	0	615	352	453	326	235	589	2854	242	226	608	149	298	2804	499	455	3800	2086	1118	3344	951	917	1273	453	387	212	76	546	590	1194	515	1541	195	453	242	1013	3541	424	1572	3592	1120	501	179	1541	507	733	914	537	348	1717	312	261	170	76	268	292	177	512	402	254	1051	244	383	2098	2374	845	1010	3035	184	255	162	979	608	644	912	496	446	854	794	1488	995	1123	1046	304	641	494	1029	398	283	131	1070	477	203	204	1907	608	126	14	334	228	1476	984	228	959	93	595	1381	1906	747	1043	248	3020	1586	179	328	1074	493	189	184	213	123	1823	293	571	1907	270	2172	132	991	119	600	198	121	223	266	397	108	252	979	551	536	627	824	337	304	1862	97	183	164	123	785	2072	1022	164	1041	382	262	199	228	762	313	397	952	198	742	189	344	118	166	674	228	263	527	2146	998	154	499	341	397	2424	134	245	263	1602	299	319	19	257	742	2627	3393	446	27	431	854	328	325	184	246	472	1872	1181	789	283	484	951	323	241	975	170	215	520	1118	999	529	505	56	548	370	321	1136	255	1745	262	184	154	194	308	337	1247	283	365	301	1787	343	121	1634	208	224	298	372	939	2241	93	120	404	1113	1352	1982	1378	104	1926	2854	242	524	93	317	327	179	157	114	490	1884	817	161	736	153	2396	196	1210	644	270	240	1179	1908
609	1269	340	715	458	1928	726	717	289	498	615	0	887	432	705	612	313	2239	766	811	454	762	786	2285	413	440	3204	1557	867	2743	418	307	955	432	967	671	648	1107	328	589	466	1161	655	332	763	443	2937	603	1134	2997	1733	309	728	1161	227	213	728	439	386	1102	607	448	776	691	426	768	488	722	916	376	573	766	956	1559	1761	718	1579	2556	476	423	770	771	454	324	312	339	626	310	344	1371	461	575	484	781	1206	484	442	325	340	486	1667	1057	674	659	2453	454	734	601	949	616	2067	1597	398	376	631	1182	798	1357	1362	1658	591	2405	977	437	504	515	302	453	476	623	498	1427	769	565	2492	804	1640	488	450	721	1053	642	498	796	355	914	656	783	399	1136	1151	1208	304	694	781	2476	646	732	772	498	1395	1529	432	772	561	403	795	650	616	1289	883	915	420	643	128	453	318	635	705	1156	398	624	1009	1712	477	764	470	783	915	1811	634	769	624	1361	689	393	620	779	128	2166	2850	626	616	613	310	706	719	615	858	1041	2457	635	301	340	464	418	810	770	455	776	400	1050	603	793	339	733	631	289	513	697	619	423	2360	382	476	764	641	883	952	637	340	980	760	1269	279	498	2247	418	800	762	402	494	1633	631	636	356	562	817	1455	1979	644	1360	2240	762	1116	640	747	708	739	615	537	516	2351	1412	473	1093	759	1781	614	920	324	795	765	656	1373
449	1730	553	219	513	1044	443	1574	716	421	352	887	0	805	230	568	743	3109	123	396	959	248	547	3138	850	807	4092	2415	1471	3629	1133	1165	1625	805	476	216	391	219	736	1476	867	1575	510	617	125	1215	3822	410	1642	3885	967	842	437	1575	835	942	1265	888	695	1976	648	611	215	316	617	129	527	406	57	516	1384	122	489	2423	2600	1195	993	3378	533	601	225	1331	959	983	1199	841	413	1165	958	1826	1173	1299	1239	119	684	847	1243	588	553	436	789	531	213	229	1879	959	245	364	276	560	1182	835	497	1176	421	308	1682	2046	577	868	588	3266	1861	499	420	1261	664	532	533	543	419	1851	129	921	1605	86	2500	427	1175	242	787	245	421	418	583	50	256	107	1190	572	390	326	1140	251	119	1630	268	438	224	419	552	2203	1239	224	1373	732	95	237	560	415	72	49	1134	244	1006	532	676	443	443	820	497	593	184	2494	1319	236	851	149	49	2651	459	119	593	1952	228	665	363	109	1006	2972	3719	413	373	410	1165	230	214	517	216	550	1569	1498	972	553	836	1133	563	120	1148	215	526	170	1444	1350	674	389	387	716	439	235	1462	601	1546	506	533	236	246	83	273	1523	553	277	144	2118	612	421	1458	480	413	141	722	1073	2516	421	444	570	1292	1675	2101	1103	266	2083	3110	126	256	275	174	227	423	490	366	841	1532	537	426	966	334	2648	529	1562	983	92	124	1504	2234
371	1697	373	731	301	1818	447	854	599	404	453	432	805	0	726	288	642	2534	690	543	154	585	447	2370	50	7	3420	1662	668	2976	851	705	820	0	664	632	431	997	653	878	66	1583	355	562	689	870	3178	731	1564	3212	1446	130	452	1583	206	640	468	83	124	1415	236	194	614	504	192	729	278	852	854	394	635	692	647	1679	2106	411	1222	2588	273	210	604	532	154	236	616	102	758	507	760	1083	894	1006	912	742	863	62	861	509	373	391	1489	743	628	621	2064	154	573	440	733	297	1897	1317	390	799	402	1033	1017	1779	1117	1391	262	2713	1261	331	603	944	569	280	273	312	408	1854	731	159	2328	722	1749	403	882	570	655	607	404	518	281	849	552	703	824	820	923	1069	465	728	742	2227	540	455	606	408	1189	1952	850	606	626	79	713	612	297	1216	765	849	853	608	536	280	195	387	431	764	390	282	976	1695	610	594	55	770	849	2152	376	694	282	1161	700	152	444	706	536	2178	2968	758	435	742	507	728	731	325	673	718	2295	794	725	373	42	851	464	691	888	614	324	974	716	553	623	854	427	599	638	719	733	210	2082	421	273	594	604	760	738	939	373	767	733	1363	367	404	1955	394	524	732	89	917	1901	402	387	543	992	949	1883	1787	543	1774	2535	690	960	533	739	728	468	344	464	86	2338	1243	425	666	533	2088	315	757	236	720	688	777	1490
436	1505	398	12	426	1229	489	1414	498	322	326	705	230	726	0	559	520	2898	162	488	871	324	608	2984	762	730	3898	2257	1390	3431	910	961	1531	726	617	115	396	435	513	1286	792	1352	521	404	157	996	3621	180	1414	3691	1195	727	485	1352	700	729	1194	804	603	1770	633	537	302	342	534	107	460	206	233	362	1241	160	624	2261	2380	1135	1193	3241	461	516	307	1257	871	860	1016	734	186	1001	734	1796	948	1074	1017	112	856	778	1027	385	398	335	1010	692	125	121	2088	871	298	332	454	553	1393	1062	353	961	418	536	1502	1816	804	1098	570	3051	1663	394	206	1038	449	448	461	539	318	1630	106	866	1809	182	2341	322	952	282	895	128	322	500	459	234	223	172	974	748	608	549	983	21	112	1857	231	488	308	318	782	1972	1023	308	1229	647	179	127	553	588	271	235	911	128	814	448	558	444	479	950	353	588	305	2372	1163	314	778	86	235	2432	460	161	588	1887	26	574	345	160	814	2842	3554	186	353	181	1001	2	16	509	361	702	1772	1334	751	398	763	910	631	168	923	302	407	360	1290	1278	453	194	381	498	215	7	1307	516	1776	344	461	314	132	278	453	1329	398	468	88	1965	447	322	1688	342	498	92	636	844	2315	418	445	361	1067	1515	1870	1322	223	1854	2898	156	487	234	56	3	478	483	264	782	1655	762	301	1049	406	2437	522	1474	860	169	162	1347	2074
124	1804	364	560	201	1543	160	1140	654	269	235	612	568	288	559	0	700	2804	471	254	435	326	175	2656	339	287	3706	1950	917	3260	1007	916	1082	288	380	446	177	736	705	1139	334	1672	68	578	471	1050	3461	633	1682	3498	1164	386	164	1672	430	783	709	367	239	1675	79	163	358	252	185	525	151	735	623	357	924	473	364	1968	2356	633	969	2868	161	190	348	775	435	519	864	369	658	774	876	1258	1052	1175	1088	537	599	307	1054	517	364	264	1203	463	438	438	1841	435	323	227	450	8	1611	1032	336	986	149	759	1296	1963	828	1104	26	2979	1529	247	518	1119	606	189	161	26	274	1952	527	362	2042	494	2038	276	1044	326	453	430	269	229	284	617	343	479	1009	542	634	796	736	569	537	1940	332	167	349	274	902	2133	1044	349	914	246	487	432	8	961	515	616	1009	430	737	189	293	125	146	550	336	29	750	1970	893	336	317	576	616	2404	109	474	29	1387	532	223	217	486	737	2455	3256	658	208	642	774	561	559	52	402	441	2009	1078	857	364	304	1007	197	469	1038	358	274	728	1002	793	654	729	185	654	561	554	1020	190	1799	380	161	336	427	508	454	1198	364	483	535	1651	403	269	1675	324	236	533	240	1032	2176	149	124	538	1163	1236	2053	1499	339	1970	2805	472	686	328	552	560	181	79	310	291	2087	960	314	543	256	2353	39	1014	519	497	469	1064	1779
639	1105	335	533	500	1737	754	1000	45	473	589	313	743	642	520	700	0	2380	638	815	718	707	849	2552	644	649	3396	1825	1174	2926	390	466	1269	642	977	538	652	956	15	808	696	972	715	137	633	475	3113	365	987	3191	1679	551	753	972	476	222	1022	681	544	1259	730	558	707	661	538	613	548	462	753	349	880	637	972	1821	1860	999	1600	2838	538	524	705	1070	718	616	570	576	380	611	216	1668	430	557	496	623	1231	703	508	191	335	468	1530	1066	546	529	2497	718	674	580	891	700	1913	1542	374	444	648	1051	1041	1323	1290	1589	689	2531	1165	457	323	518	96	510	538	699	470	1252	613	798	2326	672	1905	463	432	657	1150	515	473	809	420	754	575	654	455	1140	1081	1068	614	503	623	2372	570	758	707	470	1290	1487	505	707	868	582	665	523	700	1101	763	755	391	515	363	510	459	663	734	1240	374	722	817	2012	776	704	693	607	755	1911	671	640	722	1672	516	533	603	646	363	2456	3098	380	603	372	611	521	537	678	791	1061	2289	916	231	335	682	390	876	643	405	707	426	881	899	1093	68	477	630	45	305	514	915	524	2282	332	538	704	516	767	893	842	335	917	599	1547	300	473	2185	391	812	602	575	350	1809	648	665	187	549	1097	1394	1843	564	1351	2381	633	996	566	574	524	759	666	478	728	2101	1280	428	1237	741	1920	683	1231	616	661	637	947	1640
2835	1965	2578	2910	2690	4116	2945	1716	2399	2738	2854	2239	3109	2534	2898	2804	2380	0	2993	3037	2427	3002	2976	1285	2487	2539	1125	1250	2255	666	1999	1945	2116	2534	3182	2894	2881	3327	2390	1666	2516	2074	2862	2494	2989	1907	796	2745	1903	950	3963	2419	2947	2074	2376	2168	2370	2476	2566	1137	2768	2651	3015	2929	2632	2982	2711	2827	3128	2613	1940	2993	3168	1192	583	2447	3755	1648	2700	2636	3010	2334	2427	2298	1946	2440	2756	2030	2176	2585	1968	1855	1891	2994	3397	2546	1872	2521	2578	2725	3898	3267	2899	2882	4560	2427	2973	2840	3188	2811	4290	3828	2637	1937	2860	3413	1523	1392	3600	3893	2779	200	1275	2675	2693	1875	2448	2682	2700	2822	2738	2024	2982	2560	4706	3030	1205	2728	1959	2960	3174	2866	2738	3017	2590	3127	2893	3010	1924	3346	3390	3435	2070	2882	2994	4716	2884	2952	3012	2738	3634	1366	1875	3012	1946	2559	3022	2875	2811	3481	3115	3128	1999	2867	2113	2682	2529	2859	2924	3285	2637	2806	3197	1693	1930	3004	2531	2983	3128	533	2856	2995	2806	2297	2890	2586	2858	3004	2113	1622	1337	2756	2853	2750	2030	2899	2914	2823	3098	3246	4670	1756	2150	2578	2537	1999	2995	2997	1997	3015	2638	3258	1847	2337	2446	2844	2866	2399	2682	2891	1832	2636	4595	2616	2700	3004	2866	3116	3191	1609	2578	3219	2970	1422	2517	2738	4477	2657	3023	2972	2564	2108	643	2860	2860	2539	1858	1642	1475	4211	2881	1290	0	2988	3350	2878	2949	2901	2961	2831	2776	2577	4413	3644	2712	3125	2994	460	2818	2177	2298	3020	2992	1791	1296
347	1662	430	154	394	1167	366	1451	608	299	242	766	123	690	162	471	638	2993	0	344	843	179	480	3015	733	693	3971	2292	1358	3509	1027	1048	1510	690	460	100	294	340	633	1355	754	1510	419	508	5	1106	3702	335	1567	3764	1048	721	361	1510	712	830	1154	773	577	1859	550	496	150	223	500	67	412	367	164	393	1262	2	468	2300	2489	1087	1031	3256	417	484	158	1220	843	862	1077	721	345	1042	855	1729	1068	1196	1131	73	694	735	1132	473	430	314	904	531	94	111	1927	843	161	253	291	463	1301	913	374	1063	322	419	1560	1954	657	955	487	3152	1741	378	316	1155	554	413	417	447	297	1789	68	813	1725	37	2377	305	1069	150	750	126	299	360	460	160	138	16	1079	586	454	442	1017	183	73	1736	150	363	158	297	652	2113	1127	158	1251	616	28	118	463	537	125	160	1028	126	886	413	554	346	361	798	374	498	286	2375	1196	167	738	121	160	2540	363	3	498	1844	147	547	256	15	886	2851	3596	345	266	337	1042	163	149	419	200	543	1690	1375	865	430	723	1027	500	5	1044	150	404	292	1321	1240	570	352	285	608	342	163	1339	484	1643	384	417	167	126	129	291	1403	430	307	85	1995	489	299	1549	357	357	81	605	977	2397	322	347	459	1187	1552	2014	1218	147	1986	2994	5	359	157	117	160	350	391	243	731	1649	650	303	916	267	2533	432	1448	862	30	1	1381	2111
202	1909	499	483	354	1298	95	1391	774	343	226	811	396	543	488	254	815	3037	344	0	690	165	156	2911	593	541	3955	2205	1160	3505	1171	1118	1328	543	162	377	167	515	816	1371	589	1766	187	679	347	1228	3705	626	1799	3746	926	631	91	1766	663	949	951	621	476	1902	321	387	193	162	405	411	326	693	454	474	1177	346	157	2222	2572	871	786	3120	338	401	186	1018	690	769	1091	617	644	1013	1018	1458	1214	1342	1263	417	415	561	1240	624	499	350	949	252	366	376	1681	690	190	235	201	246	1356	791	447	1171	180	518	1539	2128	576	859	281	3208	1763	380	546	1291	719	358	338	230	345	2047	412	608	1787	350	2292	353	1210	206	407	378	343	27	456	447	278	343	1191	328	380	558	978	505	417	1692	276	88	186	345	647	2295	1232	186	1167	494	345	375	246	742	327	446	1172	378	940	358	507	177	114	464	447	266	577	2220	1141	177	571	465	446	2621	181	346	266	1614	465	453	212	354	940	2707	3511	644	212	632	1013	489	480	220	186	245	1754	1326	1010	499	559	1171	168	339	1196	193	418	529	1253	1034	756	681	187	774	587	486	1271	401	1559	485	338	177	375	318	206	1427	499	233	428	1906	555	343	1440	428	20	424	486	1164	2415	180	177	631	1331	1488	2206	1244	284	2145	3037	348	446	277	456	487	76	207	340	543	1863	709	387	573	84	2582	228	1259	769	358	343	1315	2033
525	1719	498	877	451	1972	595	725	678	552	608	454	959	154	871	435	718	2427	843	690	0	740	582	2221	109	153	3289	1517	519	2850	859	678	666	154	801	781	585	1151	731	791	101	1615	503	661	842	860	3053	861	1580	3081	1578	168	600	1615	242	668	327	71	268	1322	373	347	768	659	343	880	431	984	1008	525	502	845	783	1536	2020	285	1330	2435	426	360	759	387	0	155	554	148	887	425	798	961	899	999	904	893	983	130	842	615	498	539	1638	875	778	770	2146	0	727	594	884	444	2046	1451	525	787	556	1187	903	1750	1260	1527	409	2609	1161	477	733	936	659	430	426	460	556	1878	882	140	2477	875	1604	550	884	724	747	756	552	664	415	1003	705	856	812	950	1070	1223	381	871	893	2363	692	603	760	556	1338	1923	830	760	493	227	866	761	444	1370	920	1002	861	756	529	430	318	540	580	858	525	424	1129	1541	496	748	118	919	1002	2064	528	847	424	1018	846	298	598	859	529	2024	2822	887	589	871	425	873	877	475	827	847	2444	673	756	498	130	859	594	844	898	768	464	1128	588	409	711	987	582	678	765	864	605	360	2213	550	426	748	753	915	889	854	498	917	883	1218	477	552	2082	532	671	882	238	949	1788	556	540	651	985	816	1862	1934	696	1735	2427	842	1114	686	887	873	617	496	612	155	2492	1394	569	720	685	1987	465	605	155	873	841	648	1347
215	1780	426	319	323	1233	194	1401	670	264	149	762	248	585	324	326	707	3002	179	165	740	0	304	2948	633	586	3950	2232	1240	3494	1082	1062	1400	585	297	218	154	413	706	1343	643	1633	264	571	182	1150	3691	473	1676	3742	980	645	189	1633	656	869	1032	669	489	1865	405	399	33	81	410	245	319	531	305	393	1197	181	301	2244	2518	959	902	3173	327	399	23	1098	740	788	1061	638	489	1003	920	1579	1125	1254	1181	252	545	619	1168	521	426	276	921	378	207	219	1801	740	33	164	188	317	1328	843	368	1099	184	450	1530	2031	601	899	347	3167	1735	329	410	1207	614	336	327	300	264	1914	247	686	1758	188	2318	274	1124	51	572	224	264	181	415	298	134	180	1117	443	389	484	973	343	252	1713	138	190	24	264	635	2195	1162	24	1187	520	183	219	317	636	190	298	1083	224	889	336	493	203	194	625	368	349	432	2281	1146	12	626	300	298	2568	218	181	349	1713	302	461	150	190	889	2763	3539	489	157	478	1003	326	316	275	96	383	1724	1330	919	426	612	1082	322	175	1104	33	364	403	1266	1117	643	518	158	670	448	323	1284	399	1599	396	327	12	221	182	191	1396	426	218	262	1933	486	264	1492	347	177	258	510	1057	2391	184	204	520	1244	1500	2102	1229	144	2055	3003	183	378	141	291	324	176	250	234	609	1762	668	295	737	89	2544	288	1334	788	195	178	1327	2055
213	1955	516	606	352	1440	119	1301	805	385	298	786	547	447	608	175	849	2976	480	156	582	304	0	2795	497	444	3867	2098	1023	3424	1175	1091	1195	447	220	493	222	671	853	1313	481	1818	135	720	483	1222	3626	722	1837	3659	999	556	123	1818	604	951	815	518	414	1849	211	338	336	265	359	545	308	805	605	501	1081	483	201	2118	2531	732	794	2993	320	362	327	881	582	683	1039	537	744	945	1037	1304	1220	1344	1259	554	424	452	1227	660	516	387	1077	295	482	489	1669	582	319	299	350	170	1481	870	476	1159	212	668	1464	2133	682	946	198	3152	1701	392	623	1289	754	346	320	163	389	2099	547	481	1910	492	2185	395	1213	331	305	486	385	130	447	598	386	483	1181	372	505	708	906	623	554	1782	379	120	327	389	772	2302	1218	327	1072	417	487	485	170	897	481	597	1176	486	911	346	468	191	132	390	476	170	730	2091	1058	316	464	599	597	2579	180	483	170	1466	583	398	278	493	911	2578	3400	744	273	729	945	610	603	175	341	270	1878	1242	1021	516	454	1175	26	477	1205	336	425	685	1163	897	798	796	242	805	667	605	1180	362	1635	519	320	316	483	471	355	1371	516	379	560	1799	562	385	1507	460	136	556	412	1190	2346	212	189	676	1333	1395	2220	1362	388	2142	2977	484	597	378	585	608	131	183	406	427	2016	846	434	441	215	2526	173	1124	683	499	479	1224	1929
2738	2688	2592	2994	2631	4178	2816	1570	2547	2716	2804	2285	3138	2370	2984	2656	2552	1285	3015	2911	2221	2948	2795	0	2320	2371	1334	728	1808	1093	2277	2095	1630	2370	3015	2931	2797	3348	2566	1751	2322	2731	2724	2613	3012	2178	1274	2888	2572	1164	3769	2303	2821	2731	2303	2335	2000	2290	2458	1486	2592	2548	2973	2866	2537	3032	2629	3003	3177	2628	1753	3016	2995	731	1550	2088	3455	385	2620	2549	2964	1940	2221	2160	1985	2309	2909	1983	2414	1873	2268	2211	2189	3046	3159	2350	2125	2610	2592	2702	3859	3080	2931	2918	4096	2221	2930	2790	3104	2665	4267	3650	2644	2163	2769	3398	1513	2200	3478	3732	2630	1445	1472	2639	2789	2193	2577	2615	2620	2681	2719	2808	3034	2314	4698	3051	646	2710	2250	2923	2878	2902	2716	2885	2554	3173	2884	3030	2166	3150	3291	3431	2001	2976	3046	4562	2872	2824	2966	2719	3559	2268	2120	2966	1764	2429	3042	2909	2665	3552	3114	3173	2278	2902	2194	2615	2463	2756	2801	2978	2644	2645	3283	783	1821	2954	2339	3056	3173	1534	2746	3018	2645	1563	2966	2486	2799	3029	2194	412	619	2909	2791	2897	1983	2986	2997	2695	3040	3049	4665	1650	2367	2592	2351	2277	2804	3017	2297	2973	2611	3308	1695	1930	2602	3015	2790	2547	2799	2976	1677	2549	4393	2643	2620	2954	2900	3110	3108	1731	2592	3137	3029	1019	2538	2716	4251	2660	2892	3029	2438	2432	1100	2769	2756	2642	2206	1469	2335	4155	2873	2094	1285	3012	3326	2865	3021	2987	2838	2714	2771	2370	4636	3613	2712	2755	2903	1294	2685	1705	2160	3046	3013	1636	912
420	1682	397	768	341	1867	498	803	602	443	499	413	850	50	762	339	644	2487	733	593	109	633	497	2320	0	53	3370	1611	629	2926	831	674	776	50	714	672	479	1044	656	834	53	1571	406	573	732	844	3128	758	1547	3162	1496	104	502	1571	186	625	433	42	159	1370	286	238	661	552	233	770	322	880	898	421	585	735	697	1628	2062	382	1268	2539	316	250	652	495	109	188	576	74	785	462	749	1057	873	981	887	784	911	72	833	523	397	429	1539	792	668	660	2105	109	620	486	783	347	1947	1367	420	772	450	1082	968	1749	1168	1441	313	2666	1215	368	630	919	577	320	316	363	447	1840	772	155	2378	766	1698	441	860	616	697	646	443	569	309	893	595	746	797	869	973	1117	420	763	784	2277	583	505	654	447	1240	1922	821	654	575	117	757	652	347	1262	812	893	832	647	510	320	216	436	481	806	420	332	1019	1648	561	641	57	810	893	2108	425	737	332	1125	737	188	490	749	510	2130	2918	785	481	769	462	764	768	375	722	767	2345	744	711	397	55	831	513	734	868	661	356	1019	665	516	630	883	475	602	664	755	683	250	2132	446	316	641	643	807	788	895	397	817	773	1312	383	443	2004	426	575	772	128	904	1853	450	436	558	967	898	1855	1837	586	1741	2488	732	1009	576	778	764	518	393	503	106	2382	1292	460	698	582	2042	366	715	188	764	732	727	1439
372	1705	379	735	304	1819	446	856	606	408	455	440	807	7	730	287	649	2539	693	541	153	586	444	2371	53	0	3423	1663	665	2979	859	712	818	7	661	635	432	998	660	883	62	1590	354	568	692	877	3181	737	1572	3215	1443	137	450	1590	214	648	465	82	130	1420	233	197	615	505	196	732	280	857	856	400	638	694	644	1681	2111	406	1217	2588	276	214	605	529	153	240	622	109	764	512	768	1077	901	1013	920	745	859	55	868	515	379	395	1488	739	631	624	2058	153	574	442	733	295	1896	1314	396	806	402	1033	1021	1786	1115	1388	260	2717	1266	336	608	952	576	283	276	311	412	1861	734	152	2327	724	1750	407	889	571	649	611	408	516	287	851	554	705	831	817	921	1069	470	732	745	2224	542	453	607	412	1188	1959	857	607	628	84	715	616	295	1217	767	851	860	611	544	283	201	387	430	758	396	279	979	1694	614	595	50	773	851	2157	376	696	279	1158	704	157	445	708	544	2177	2969	764	436	747	512	732	735	324	674	714	2294	797	733	379	35	859	460	693	895	615	329	976	719	549	630	859	428	606	644	723	736	214	2079	426	276	595	608	762	737	944	379	766	736	1364	373	408	1952	399	523	735	94	924	1905	402	387	549	999	951	1890	1786	546	1781	2539	692	961	536	743	732	467	343	467	79	2340	1242	430	659	533	2093	314	755	240	723	691	780	1491
3761	3089	3542	3909	3628	5127	3859	2566	3408	3692	3800	3204	4092	3420	3898	3706	3396	1125	3971	3955	3289	3950	3867	1334	3370	3423	0	1823	2982	476	3037	2937	2813	3420	4085	3875	3813	4312	3408	2615	3387	3194	3770	3495	3968	2939	337	3761	3023	208	4866	3323	3863	3194	3297	3176	3146	3350	3479	2140	3656	3569	3968	3872	3553	3971	3639	3856	4119	3579	2787	3971	4067	1787	1705	3232	4603	1490	3629	3560	3961	3095	3289	3187	2894	3338	3776	2947	3207	3156	3011	2911	2931	3983	4270	3417	2896	3512	3542	3679	4868	4162	3879	3863	5326	3289	3925	3786	4127	3714	5271	4737	3600	2955	3789	4385	2419	2517	4531	4811	3680	1085	2234	3622	3692	2920	3452	3616	3629	3728	3693	3150	3972	3407	5697	4009	1742	3684	3000	3914	4013	3847	3692	3932	3534	4117	3857	3988	2947	4239	4327	4412	2979	3884	3983	5646	3846	3867	3963	3693	4585	2490	2897	3963	2795	3461	4000	3855	3714	4487	4087	4118	3037	3847	3087	3616	3459	3783	3841	4121	3600	3702	4203	2081	2813	3954	3404	3981	4118	1657	3776	3974	3702	2844	3886	3503	3800	3984	3087	1740	857	3776	3794	3768	2947	3899	3913	3734	4046	4136	5662	2628	3174	3542	3413	3037	3882	3975	3041	3968	3587	4252	2704	3091	3459	3872	3801	3408	3688	3890	2687	3560	5502	3587	3629	3954	3846	4086	4131	2570	3542	4160	3962	2102	3482	3692	5371	3619	3938	3963	3468	3163	1589	3789	3783	3536	2912	2472	2600	5178	3845	2414	1124	3967	4317	3840	3945	3901	3878	3747	3738	3444	5476	4613	3674	3924	3926	1534	3727	2886	3187	4000	3970	2643	1964
2026	2068	1866	2267	1912	3457	2109	843	1820	1995	2086	1557	2415	1662	2257	1950	1825	1250	2292	2205	1517	2232	2098	728	1611	1663	1823	0	1160	1433	1563	1371	990	1662	2318	2206	2083	2627	1839	1030	1618	2086	2017	1885	2289	1467	1641	2159	1938	1621	3086	1586	2114	2086	1581	1610	1332	1584	1743	863	1890	1833	2255	2150	1821	2307	1913	2274	2452	1903	1034	2292	2299	59	1210	1420	2797	1027	1904	1832	2247	1278	1517	1444	1256	1595	2181	1255	1693	1371	1558	1513	1482	2321	2480	1647	1413	1882	1866	1980	3148	2388	2207	2193	3502	1517	2212	2072	2394	1959	3557	2963	1919	1446	2055	2681	790	1650	2778	3042	1924	1449	798	1918	2061	1489	1849	1897	1904	1974	1997	2203	2308	1621	3988	2328	87	1988	1540	2205	2210	2177	1995	2180	1832	2449	2162	2307	1450	2461	2585	2713	1275	2248	2321	3876	2150	2117	2249	1997	2851	1756	1407	2249	1045	1716	2319	2184	1959	2828	2393	2449	1564	2177	1466	1897	1743	2045	2093	2315	1919	1941	2557	478	1095	2238	1635	2330	2449	1219	2035	2295	1941	1068	2239	1770	2082	2306	1466	696	1307	2181	2074	2168	1255	2259	2269	1986	2325	2359	3954	922	1645	1866	1647	1563	2109	2294	1586	2255	1888	2584	970	1272	1874	2287	2075	1820	2070	2249	953	1832	3717	1917	1904	2238	2175	2390	2398	1015	1866	2427	2303	299	1812	1995	3580	1936	2187	2303	1725	1721	724	2055	2045	1914	1507	741	1796	3449	2151	1554	1250	2289	2609	2144	2294	2260	2130	2004	2048	1670	3908	2899	1988	2107	2191	998	1977	1063	1444	2322	2290	911	184
1026	2017	1011	1397	969	2458	1072	602	1142	1072	1118	867	1471	668	1390	917	1174	2255	1358	1160	519	1240	1023	1808	629	665	2982	1160	0	2576	1182	947	178	668	1236	1300	1085	1653	1189	852	604	1945	984	1148	1357	1141	2784	1373	1871	2779	1965	671	1078	1945	722	1054	208	587	788	1277	841	863	1270	1161	861	1398	946	1497	1521	1041	449	1360	1215	1195	1957	291	1647	1977	942	878	1260	142	519	563	768	660	1399	639	1188	527	1211	1271	1183	1411	1356	623	1103	1111	1011	1058	2100	1291	1296	1289	2345	519	1232	1106	1361	926	2503	1850	1043	1073	1055	1675	818	1903	1698	1935	894	2451	1100	997	1246	1211	1137	948	942	943	1076	2180	1399	555	2931	1389	1244	1070	1192	1231	1070	1275	1072	1133	933	1516	1220	1370	1095	1356	1529	1713	611	1391	1411	2758	1208	1079	1262	1076	1796	2069	1090	1262	453	745	1380	1280	926	1876	1426	1516	1184	1276	877	948	835	1036	1062	1170	1043	898	1644	1072	550	1249	620	1438	1516	1993	1022	1362	898	503	1366	817	1107	1374	877	1560	2424	1399	1098	1383	639	1393	1397	965	1319	1258	2899	613	1136	1011	634	1182	1027	1358	1222	1270	984	1638	526	126	1185	1501	1086	1142	1276	1383	530	878	2585	1065	942	1249	1272	1420	1366	907	1011	1393	1402	883	983	1072	2442	1051	1139	1400	756	1314	1616	1055	1036	1148	1257	640	2037	2381	1212	1860	2256	1358	1602	1201	1407	1393	1094	989	1132	630	3001	1868	1089	950	1174	1859	953	103	563	1388	1356	551	1022
3309	2620	3082	3443	3173	4660	3410	2124	2939	3234	3344	2743	3629	2976	3431	3260	2926	666	3509	3505	2850	3494	3424	1093	2926	2979	476	1433	2576	0	2564	2470	2413	2976	3639	3412	3360	3849	2938	2154	2946	2722	3322	3028	3506	2466	208	3292	2551	285	4423	2874	3414	2722	2844	2707	2727	2908	3029	1668	3213	3118	3511	3417	3101	3507	3187	3385	3655	3118	2348	3509	3623	1390	1237	2812	4173	1357	3176	3108	3505	2680	2850	2741	2434	2890	3307	2493	2735	2797	2537	2435	2457	3519	3833	2977	2424	3047	3082	3221	4409	3719	3416	3400	4921	2850	3468	3330	3674	3267	4810	4292	3140	2484	3337	3925	1966	2049	4080	4364	3233	668	1768	3165	3225	2446	2984	3162	3176	3281	3235	2687	3507	2973	5235	3547	1358	3226	2526	3457	3584	3384	3234	3483	3078	3653	3397	3526	2475	3796	3874	3951	2528	3418	3519	5197	3387	3418	3507	3235	4130	2031	2425	3507	2356	3014	3538	3392	3267	4020	3626	3654	2564	3385	2623	3162	3005	3332	3391	3692	3140	3257	3736	1759	2366	3497	2963	3515	3654	1190	3326	3512	3257	2488	3420	3052	3345	3521	2623	1502	840	3307	3339	3299	2493	3433	3447	3286	3591	3694	5199	2182	2702	3082	2971	2564	3440	3513	2567	3511	3130	3788	2262	2678	2990	3401	3347	2939	3220	3424	2245	3108	5059	3125	3176	3497	3383	3626	3677	2106	3082	3707	3497	1693	3022	3234	4931	3160	3489	3499	3020	2688	1117	3337	3332	3070	2436	2033	2139	4721	3385	1945	665	3505	3858	3380	3479	3435	3429	3298	3279	3005	5002	4154	3215	3504	3473	1058	3279	2483	2741	3538	3508	2201	1554
978	860	671	923	826	2117	1097	811	419	830	951	418	1133	851	910	1007	390	1999	1027	1171	859	1082	1175	2277	831	859	3037	1563	1182	2564	0	242	1224	851	1332	927	1003	1346	397	538	883	768	1040	520	1023	100	2746	748	721	2833	2061	727	1097	768	645	224	1089	854	797	897	1014	846	1086	1027	825	1004	867	827	1144	697	780	1027	1325	1549	1471	1098	1955	2590	855	817	1083	1117	859	712	423	756	758	543	177	1708	44	171	108	1014	1582	902	151	562	671	822	1920	1423	935	917	2843	859	1050	940	1270	1010	2301	1924	724	125	993	1442	776	958	1675	1975	990	2146	830	792	713	128	473	829	855	1014	828	1021	1004	980	2711	1062	1637	819	41	1034	1458	903	830	1160	728	1144	955	1044	114	1499	1465	1459	572	893	1014	2763	948	1102	1085	828	1680	1127	156	1085	771	819	1055	911	1010	1485	1152	1145	1	903	331	829	721	1003	1076	1558	724	1024	1202	1826	663	1080	887	997	1145	1522	1007	1029	1024	1640	906	799	962	1036	331	2233	2791	758	960	753	543	911	927	1000	1171	1413	2674	733	163	671	882	0	1200	1033	40	1086	756	1270	757	1138	459	844	983	419	695	904	766	817	2670	689	855	1080	904	1156	1272	547	671	1297	990	1312	617	830	2570	743	1164	992	817	160	1448	993	1005	569	161	891	1046	2233	943	974	2000	1022	1386	943	965	914	1106	994	848	934	2440	1671	790	1509	1104	1540	1002	1208	712	1051	1026	784	1382
