NAME : VRPTW_INSTANCE_281.txt
COMMENT : Bangkok Supermarket
TYPE : VRPTW
DIMENSION : 255
DAYS : Sunday
EDGE_WEIGHT_TYPE : EXPLICIT
VEHICLES : 34
EDGE_WEIGHT_FORMAT : FULL_MATRIX
CAPACITY : 1000
EDGE_WEIGHT_SECTION
0	474	481	1003	23	506	550	842	1427	576	320	1994	580	111	1781	583	541	504	111	155	352	839	355	264	256	254	160	192	350	977	311	1172	91	604	815	358	1635	582	1002	437	147	991	1771	126	815	1132	1708	199	964	91	206	113	407	155	59	84	491	403	79	961	890	940	540	379	1431	544	623	1055	177	963	1107	556	609	411	217	847	848	816	481	700	502	1727	1057	745	849	127	446	1606	403	1933	97	1190	525	474	1321	457	233	525	451	257	639	221	90	1570	127	883	1520	103	1480	1632	350	85	82	1073	280	1357	120	423	101	428	309	382	1056	1862	346	978	432	410	835	239	216	1883	14	935	993	908	86	398	623	496	976	1261	402	1145	1606	283	410	207	401	991	562	539	617	406	1727	496	159	933	495	2322	216	634	390	1111	21	438	407	157	395	931	391	379	285	1192	79	305	402	130	453	88	240	891	133	942	1211	364	611	3760	79	506	203	210	2702	366	310	1343	420	380	537	155	419	2661	1190	1731	629	2739	154	96	1149	264	481	235	213	1771	189	1898	1121	362	1505	2039	112	224	481	152	352	529	996	227	1727	1627	1319	1028	355	525	1117	1557	347	771	1112	351	248	78	1213	86	206	394	454	212	496	309	745	231	44	383	185
474	0	514	1461	453	935	1025	524	1895	564	573	2415	1016	367	2253	1011	528	508	500	630	488	1284	496	710	280	342	317	616	496	1419	586	1612	535	1049	1281	133	2109	1008	1475	655	399	1437	2231	519	1281	1587	2170	665	1419	535	366	366	570	630	453	479	519	558	494	618	1331	1408	526	501	1810	973	783	1318	613	1378	793	986	1083	829	398	1316	1243	1280	506	236	522	2196	1515	911	1243	374	920	1993	523	2319	383	1623	935	0	1739	887	613	935	884	319	1066	687	486	1959	374	1188	1964	489	1929	2107	174	491	493	1539	221	1729	502	648	426	889	575	131	681	1466	488	1434	651	565	1163	344	492	2300	461	1391	1459	1382	491	406	783	511	1448	1581	198	1553	1993	744	572	395	411	1457	657	830	779	95	2196	515	332	609	925	2787	396	1089	796	1545	461	655	809	365	179	545	396	501	222	1652	494	578	198	346	665	395	401	1319	414	540	1526	480	1074	4216	494	517	597	396	3075	479	767	1806	847	854	829	630	855	3114	1623	1538	615	3150	548	477	1604	710	514	368	353	1364	648	2354	737	497	1923	2410	569	394	682	514	496	826	1466	599	2196	2038	1745	1433	494	935	1575	2027	494	1245	693	495	690	409	1661	491	678	570	870	495	515	756	1204	345	437	161	649
481	514	0	1161	463	634	868	1037	1611	94	234	2003	1016	473	2071	693	65	31	589	557	135	1248	135	512	312	614	412	436	140	1385	258	1576	447	755	1179	517	1909	687	1314	215	339	1108	2119	606	1179	1510	2050	536	1114	447	292	476	138	557	422	558	9	128	559	1133	1302	1151	64	111	1885	990	275	1537	452	995	1307	676	897	874	268	1070	845	1186	9	603	21	2037	1208	399	845	516	782	1551	826	2376	480	1604	986	514	1340	599	380	986	602	600	738	546	566	2017	516	1364	1604	578	1862	1906	358	563	561	1263	522	1815	597	218	541	841	249	548	725	1499	142	1128	214	128	706	603	281	1886	471	1089	1189	1163	564	115	275	19	1206	1738	316	1585	1551	715	136	279	110	1186	143	390	271	536	2037	17	501	569	627	2466	270	1038	860	1525	492	215	877	541	336	1056	126	111	530	1556	559	256	316	462	215	489	245	962	351	1047	1689	119	827	4100	559	28	392	275	3148	117	746	1694	876	740	391	557	868	3014	1604	1254	147	3156	636	392	1283	512	0	262	587	1426	509	2013	792	128	1928	2492	581	262	216	628	138	393	1216	708	2037	1622	1360	1473	134	986	1269	1753	143	1039	1187	138	495	497	1602	564	567	151	916	287	17	758	926	597	488	357	521
1003	1461	1161	0	1020	538	507	1826	449	1220	951	1038	765	1114	962	470	1216	1193	1030	853	1069	702	1063	751	1191	1236	1147	844	1059	748	930	837	928	417	536	1358	789	475	417	947	1063	100	1100	1020	536	707	1028	803	48	928	1105	1116	1025	853	1010	1034	1167	1036	1017	1949	732	131	1216	1077	1286	802	1000	1388	848	296	2077	491	433	870	1081	193	405	555	1169	1663	1177	958	55	997	407	1126	596	770	1280	1633	1100	892	867	1461	436	582	856	867	583	1247	423	781	1031	1344	1126	1205	530	1036	965	788	1304	1024	1020	116	1283	1260	1034	943	1084	718	941	1384	1887	2646	1064	35	948	1035	632	1223	988	939	1013	72	89	238	1024	1183	1000	1180	173	1371	1327	995	770	808	1026	1079	1181	89	1093	795	999	1405	958	1177	1162	1730	547	1326	1082	658	904	843	1021	948	909	1151	1331	1930	1186	1077	1288	690	1017	936	1327	1131	950	1091	1087	246	1047	1944	1354	1087	391	3002	1017	1187	868	1080	2356	1090	804	748	843	662	793	853	816	1957	892	2190	1236	2245	1008	983	150	751	1161	1113	1199	2581	816	895	1954	1068	1161	1782	940	1087	957	1045	1061	787	151	1012	958	715	397	955	1065	867	114	592	1059	307	2115	1062	770	1079	801	1024	798	1014	864	983	1177	836	257	1216	1046	1332	818
23	453	463	1020	0	519	572	830	1446	557	311	2008	604	93	1803	596	523	485	125	177	335	863	339	278	232	246	137	200	334	1001	303	1196	99	619	839	339	1657	595	1024	429	127	1007	1795	143	839	1156	1732	217	981	99	184	96	394	177	44	96	473	390	95	949	914	959	521	362	1454	568	613	1073	187	975	1096	569	630	434	197	867	858	840	462	677	484	1750	1075	737	859	116	467	1616	407	1956	81	1214	548	453	1334	470	235	548	464	248	652	239	103	1594	116	902	1536	115	1504	1655	326	99	97	1092	263	1379	134	415	100	452	301	363	1033	1838	330	995	424	397	838	232	204	1896	9	952	1012	929	100	377	613	477	996	1282	378	1169	1616	307	397	187	380	1010	548	538	607	386	1750	478	144	910	508	2341	196	658	412	1135	28	429	429	148	371	916	371	362	268	1216	95	297	378	110	444	75	220	905	113	927	1232	347	629	3784	95	488	206	190	2725	349	334	1367	443	402	536	177	443	2684	1214	1711	611	2763	172	88	1166	278	463	213	206	1747	205	1916	1097	346	1529	2062	135	204	472	166	336	528	1016	245	1750	1639	1332	1051	339	548	1134	1577	331	792	1096	336	260	68	1237	100	226	381	477	200	478	333	763	223	36	360	202
506	935	634	538	519	0	317	1348	985	703	414	1490	597	611	1440	77	693	666	567	382	532	736	527	241	659	758	630	323	523	857	392	1030	420	122	617	844	1275	76	702	427	536	503	1507	565	617	938	1436	317	493	420	572	614	496	382	498	561	641	506	545	1468	789	517	693	542	1412	601	530	1259	333	457	1613	50	307	572	545	437	349	629	641	1128	651	1410	589	579	351	633	292	1102	861	1862	600	1069	640	935	815	48	322	640	55	764	133	297	560	1520	633	1062	1028	569	1278	1273	772	552	548	633	778	1357	573	420	602	439	403	872	1357	2132	528	507	427	505	412	744	451	1378	514	466	556	533	553	645	530	653	572	1362	791	1096	1102	425	497	545	644	554	590	318	527	888	1410	651	663	1203	10	1862	547	554	590	994	527	428	603	663	796	1433	648	542	784	968	545	398	791	625	433	594	550	387	522	1442	1326	551	202	3475	545	661	338	545	2628	553	442	1091	554	312	316	382	529	2398	1069	1773	728	2590	565	463	673	241	634	577	718	2060	319	1421	1424	532	1390	1994	480	551	447	595	524	306	582	599	1410	1120	815	1004	529	640	651	1126	523	419	1609	526	258	585	1037	553	327	483	594	447	651	476	292	736	550	798	326
550	1025	868	507	572	317	0	1334	891	952	634	1544	310	659	1235	331	933	900	549	395	743	419	740	360	783	754	709	449	735	544	610	724	499	275	314	907	1086	338	458	690	652	533	1253	535	314	644	1186	368	481	499	707	661	736	395	577	560	877	743	543	1457	473	412	932	762	1095	330	827	981	442	601	1578	319	74	366	694	322	565	323	873	1248	889	1188	562	891	568	661	104	1232	775	1550	644	759	386	1025	908	317	493	386	308	769	352	350	555	1204	661	785	1037	557	994	1083	890	548	545	549	823	1040	551	679	613	212	619	928	1560	2357	737	492	688	745	704	743	617	1442	563	454	471	362	549	844	827	888	437	1055	931	779	1232	308	738	688	844	469	861	625	823	954	1188	886	701	1418	315	1789	694	242	399	682	564	691	405	681	929	1448	843	762	827	687	543	613	931	679	700	632	708	507	634	1466	1021	762	179	3240	543	897	488	690	2319	765	300	826	340	172	622	395	312	2149	759	2069	988	2298	518	565	657	360	868	724	720	2275	391	1384	1627	747	1083	1680	464	701	721	556	737	611	461	511	1188	1207	885	686	742	386	614	1015	734	227	1638	738	379	619	740	549	349	721	367	612	886	330	286	736	589	922	386
842	524	1037	1826	830	1348	1334	0	2225	1089	1057	2835	1203	738	2480	1425	1053	1033	796	979	994	1456	1002	1107	764	593	735	1029	1001	1572	1064	1746	929	1444	1511	539	2359	1424	1732	1155	844	1825	2396	805	1511	1761	2344	1037	1791	929	836	735	1078	979	854	795	1042	1066	812	122	1490	1746	1051	1011	1816	1153	1301	1218	1016	1805	273	1398	1404	1023	873	1654	1686	1504	1029	564	1046	2406	1882	1430	1687	714	1235	2445	581	2313	748	1740	1094	524	2163	1299	1051	1094	1293	585	1481	1058	797	1972	714	1161	2353	791	2068	2356	682	804	809	1883	581	1731	792	1146	748	1144	1056	507	1015	1669	992	1805	1151	1073	1644	606	957	2725	834	1763	1803	1693	804	926	1301	1035	1771	1519	721	1628	2445	1025	1080	867	931	1801	1179	1318	1296	508	2406	1039	686	1016	1338	3122	871	1305	984	1672	821	1156	989	684	701	159	915	1011	573	1838	812	1056	721	727	1167	754	884	1733	852	200	1463	989	1437	4332	812	1041	1026	868	3022	988	1035	1995	1049	1167	1316	979	1069	3234	1740	1965	1139	3164	818	895	1976	1107	1037	850	632	1552	1030	2717	1047	1004	1994	2373	887	872	1188	781	1001	1311	1795	824	2406	2469	2159	1514	1000	1094	1938	2344	998	1560	347	999	1090	763	1812	804	1035	1074	1051	958	1039	1008	1574	614	798	680	1025
1427	1895	1611	449	1446	985	891	2225	0	1669	1400	807	1071	1538	596	919	1665	1642	1439	1272	1518	903	1512	1187	1630	1645	1578	1282	1508	878	1378	865	1359	864	770	1785	429	925	551	1397	1500	511	823	1426	770	739	758	1230	496	1359	1546	1540	1475	1272	1441	1448	1617	1486	1430	2347	908	487	1666	1526	1289	1117	1442	1582	1283	677	2463	939	823	1220	1523	579	819	785	1618	2103	1626	632	403	1427	821	1545	993	777	1657	1504	1524	920	1184	1895	534	1028	1300	1184	1028	1659	873	1208	1444	1295	1545	1427	337	1446	830	429	1743	1436	1433	355	1706	1294	1441	1392	1500	1084	1389	1809	2337	3092	1513	482	1397	1484	1039	1633	1432	747	1438	522	435	532	1437	1631	1442	1629	454	1478	1770	1069	777	1199	1475	1521	1629	437	1540	1241	1441	1832	632	1627	1583	2179	994	898	1524	958	1258	908	1443	1397	1258	1568	1773	2339	1634	1526	1710	677	1430	1384	1770	1557	1399	1513	1530	669	1484	2357	1478	1536	821	2596	1430	1636	1309	1522	2149	1538	1189	633	1193	1062	1239	1272	1168	1594	920	2598	1683	1972	1410	1418	341	1187	1611	1555	1610	3028	1246	513	2403	1517	1084	1660	1352	1529	1406	1447	1509	1234	431	1400	632	637	470	1079	1514	1184	343	144	1508	664	2529	1511	1207	1501	796	1437	1220	1463	1203	1427	1627	1216	697	1626	1468	1772	1246
576	564	94	1220	557	703	952	1089	1669	0	320	2028	1109	563	2143	757	39	73	682	650	229	1338	229	599	393	699	500	527	234	1475	343	1665	541	822	1264	585	1978	751	1393	275	433	1162	2199	700	1264	1596	2130	627	1173	541	383	566	216	650	516	652	84	209	653	1179	1392	1218	41	204	1978	1083	272	1631	544	1037	1355	742	977	969	361	1140	885	1272	94	618	73	2112	1265	378	884	605	868	1567	913	2468	571	1693	1080	564	1373	671	468	1080	676	683	798	636	659	2109	605	1458	1645	671	1946	1976	423	657	655	1325	599	1908	690	283	633	933	335	614	673	1429	236	1187	276	207	727	689	376	1910	565	1148	1253	1236	657	194	272	80	1274	1833	370	1677	1567	808	213	372	190	1251	139	432	270	598	2112	79	588	512	697	2513	363	1128	955	1614	586	275	972	630	392	1096	204	204	608	1640	653	342	370	551	271	581	338	1011	444	1083	1784	214	900	4176	653	69	483	368	3240	211	840	1775	970	829	433	650	962	3093	1693	1159	56	3245	730	487	1337	599	94	353	674	1360	601	2056	738	221	2017	2584	676	355	263	721	232	437	1283	802	2112	1647	1397	1565	228	1080	1326	1812	236	1115	1214	232	583	589	1689	657	659	231	1010	381	79	853	992	682	581	415	613
320	573	234	951	311	414	634	1057	1400	320	0	1850	795	364	1843	481	299	265	432	346	117	1018	112	279	297	530	334	213	108	1155	24	1345	254	537	945	519	1682	476	1082	117	225	908	1885	445	945	1277	1817	313	905	254	221	367	106	346	267	405	242	110	399	1168	1073	930	298	130	1665	773	302	1355	232	819	1331	460	663	668	184	846	677	952	239	733	254	1806	1001	425	677	405	549	1420	716	2150	363	1374	776	573	1177	375	150	776	377	523	531	320	411	1793	405	1173	1421	423	1628	1680	399	405	402	1047	483	1597	440	103	409	617	15	551	944	1729	113	920	112	114	591	517	111	1734	315	879	971	935	406	231	302	253	982	1536	398	1361	1420	501	109	191	229	969	257	260	296	554	1806	252	409	794	406	2270	186	809	660	1294	338	118	677	437	409	1110	234	130	492	1322	399	22	398	364	132	367	175	772	224	1110	1489	136	599	3867	399	263	168	189	2923	139	532	1460	666	509	259	346	654	2781	1374	1467	361	2924	468	224	1081	279	234	208	494	1653	287	1823	1011	118	1697	2269	396	186	160	473	110	254	994	537	1806	1471	1189	1250	114	776	1063	1541	108	808	1267	111	263	368	1369	406	345	91	707	113	252	549	707	508	345	418	300
1994	2415	2003	1038	2008	1490	1544	2835	807	2028	1850	0	1796	2101	1213	1412	2040	2029	2042	1857	1955	1678	1948	1730	2134	2242	2119	1813	1946	1674	1834	1673	1909	1391	1527	2332	1108	1414	1329	1798	2019	1017	1510	2035	1527	1546	1461	1798	1063	1909	2048	2104	1887	1857	1988	2041	2006	1900	2024	2956	1692	1150	2041	1954	2093	1835	1759	2371	1823	1037	3095	1439	1470	1908	2017	1230	1173	1544	2012	2583	2012	1299	984	1684	1172	2121	1627	485	2310	2256	2090	1728	1902	2415	676	1538	1804	1902	1544	2250	1356	1776	2039	2088	2121	2204	519	2046	1610	1110	2244	2031	2027	1024	2268	2101	2046	1800	2086	1756	1845	2361	2687	3343	1953	1051	1801	1896	1301	2228	1922	118	2003	1089	1089	1239	2032	2065	1759	2018	1153	2284	2249	1876	485	1837	1887	2019	2061	1091	1889	1616	1760	2375	1299	2015	2152	2524	1500	735	2018	1685	1942	1714	2015	1798	1947	2150	2259	2924	2071	1954	2274	1485	2024	1842	2249	2115	1793	2082	2016	1103	2007	2932	2282	1970	1407	2844	2024	2021	1824	2018	2816	1972	1837	1431	1881	1691	1615	1857	1854	2045	1728	2658	2020	2564	2027	1952	891	1730	2003	2047	2203	3305	1805	436	2748	1950	1873	2410	1951	2021	1788	2062	1947	1615	1124	2040	1299	381	675	1880	1950	1902	939	803	1947	1341	3098	1948	1747	2073	1604	2032	1800	1881	1902	1919	2015	1869	1272	2220	2038	2266	1810
580	1016	1016	765	604	597	310	1203	1071	1109	795	1796	0	664	1278	629	1082	1045	519	462	881	268	881	527	837	689	732	582	876	402	773	596	577	582	312	884	1156	636	539	883	721	814	1220	499	312	574	1162	482	751	577	781	664	902	462	630	544	1026	905	531	1323	314	646	1080	905	869	49	1048	671	565	906	1417	612	370	189	783	571	876	303	1019	1253	1038	1207	815	1135	878	645	305	1522	622	1360	648	611	114	1016	1191	581	645	114	570	709	658	475	536	1000	645	475	1278	531	912	1153	924	533	532	773	796	801	516	869	593	179	780	896	1637	2443	875	760	879	909	1003	682	736	1701	594	728	706	559	533	959	1048	1034	645	768	981	570	1522	304	905	774	960	705	1049	868	1043	929	1207	1034	687	1513	593	1950	782	113	226	532	583	883	217	651	973	1338	955	905	796	645	531	773	981	685	896	634	803	812	704	1364	729	898	489	3200	531	1045	627	777	2132	901	273	802	169	304	866	462	162	2097	611	2263	1155	2159	469	641	907	527	1016	807	667	2351	508	1583	1701	888	924	1475	469	791	921	502	877	854	673	420	1207	1480	1160	456	882	114	857	1172	873	458	1535	878	538	620	644	533	450	886	154	731	1034	271	585	679	602	958	496
111	367	473	1114	93	611	659	738	1538	563	364	2101	664	0	1886	688	526	490	148	266	358	928	364	371	191	167	73	290	360	1065	361	1259	191	713	915	247	1742	687	1107	479	143	1100	1869	168	915	1226	1806	310	1074	191	180	3	430	266	116	120	482	423	132	857	977	1051	524	385	1496	623	658	1079	278	1067	1007	661	719	484	208	959	948	915	470	597	492	1830	1168	787	949	43	554	1706	358	2001	15	1275	595	367	1427	562	316	595	557	164	745	332	128	1639	43	918	1630	135	1572	1739	261	130	132	1185	169	1419	153	467	77	524	356	271	978	1782	354	1089	474	430	919	153	252	1989	100	1046	1104	1018	131	372	658	484	1087	1305	322	1220	1706	379	433	197	375	1102	577	608	653	295	1830	485	52	864	601	2434	206	727	456	1196	95	480	471	73	311	823	363	385	174	1289	132	354	322	21	494	29	230	998	140	833	1253	366	722	3856	132	494	289	201	2767	368	403	1442	497	487	606	266	501	2755	1275	1701	619	2817	200	159	1260	371	473	210	129	1688	298	2009	1041	370	1584	2103	203	213	521	176	361	599	1107	267	1830	1732	1426	1101	363	595	1228	1668	357	882	1002	361	353	43	1304	131	318	419	526	251	485	395	856	145	70	295	296
1781	2253	2071	962	1803	1440	1235	2480	596	2143	1843	1213	1278	1886	0	1390	2132	2103	1758	1628	1959	1026	1954	1587	2019	1952	1941	1681	1950	924	1819	788	1735	1321	979	2129	173	1397	779	1867	1888	1050	306	1741	979	731	275	1604	1009	1735	1942	1887	1933	1628	1812	1776	2078	1943	1760	2600	998	930	2132	1973	1055	1328	1948	1556	1675	1239	2683	1402	1188	1463	1927	1003	1366	983	2077	2481	2089	109	935	1956	1368	1881	1338	1340	1900	1069	1870	820	1386	2253	1129	1472	1716	1386	1468	1970	1355	1585	1770	989	1881	1460	889	1769	538	175	2125	1764	1762	846	2042	1097	1758	1860	1830	1369	1830	2146	2786	3571	1953	997	1867	1943	1593	1943	1846	1201	1794	1027	905	907	1765	2067	1948	2090	870	1348	2167	979	1340	1510	1935	1923	2066	907	2027	1737	1946	2176	109	2088	1922	2637	1446	872	1927	1182	1502	861	1792	1868	1495	1895	2165	2617	2067	1973	2044	650	1760	1823	2167	1907	1873	1857	1940	1208	1870	2642	1371	1978	1244	2041	1760	2099	1717	1924	1608	1980	1490	498	1439	1401	1735	1628	1423	1002	820	3153	2167	1391	1717	1800	905	1587	2071	1958	1924	3496	1627	784	2853	1960	786	1219	1684	1935	1885	1754	1951	1727	865	1684	109	1180	1066	1053	1956	1386	886	486	1949	1035	2813	1953	1607	1844	708	1765	1585	1920	1432	1841	2088	1506	1153	1938	1816	2158	1622
583	1011	693	470	596	77	331	1425	919	757	481	1412	629	688	1390	0	750	724	642	456	598	742	592	318	734	834	707	401	589	856	460	1020	497	72	610	921	1223	8	670	481	612	429	1470	639	610	921	1399	392	424	497	648	691	556	456	576	636	699	567	620	1545	793	461	750	607	1417	639	564	1298	410	380	1689	27	303	624	620	387	279	624	700	1201	709	1365	519	597	281	710	330	1027	933	1855	678	1062	683	1011	738	126	398	683	132	840	56	371	636	1518	710	1101	952	644	1254	1221	846	628	623	570	855	1366	648	475	678	483	471	949	1418	2186	594	438	482	565	374	820	525	1300	591	397	496	490	628	712	564	712	519	1386	864	1101	1027	487	557	620	710	493	637	350	561	965	1365	709	740	1263	87	1791	621	573	645	990	604	482	657	740	870	1511	715	607	861	945	620	466	864	703	486	671	623	309	598	1519	1351	616	179	3428	620	719	414	620	2617	619	501	1060	604	362	348	456	578	2358	1062	1799	778	2567	638	541	601	318	693	651	794	2117	395	1348	1485	597	1380	1990	554	625	496	668	590	339	526	668	1365	1043	738	1014	594	683	581	1061	589	387	1687	591	335	662	1021	628	401	544	642	521	709	535	236	812	627	872	402
541	528	65	1216	523	693	933	1053	1665	39	299	2040	1082	526	2132	750	0	37	647	621	200	1314	200	577	354	660	462	502	205	1451	323	1642	511	814	1244	546	1969	744	1378	268	397	1160	2183	665	1244	1576	2114	601	1169	511	347	528	199	621	482	616	56	191	618	1144	1368	1210	1	176	1950	1055	291	1596	518	1041	1320	734	960	938	325	1130	890	1251	62	590	44	2099	1262	404	889	568	847	1582	874	2441	534	1670	1050	528	1381	659	445	1050	663	644	793	611	624	2082	568	1425	1650	636	1927	1967	384	622	620	1320	560	1880	655	274	597	907	313	575	672	1438	206	1183	268	190	739	650	346	1922	531	1144	1246	1224	622	156	291	47	1265	1801	333	1651	1582	780	197	336	151	1244	155	435	288	560	2099	47	550	513	686	2515	327	1104	923	1590	551	268	940	592	354	1062	165	176	568	1621	618	320	333	513	266	544	302	1012	409	1050	1751	183	888	4162	618	36	458	333	3214	180	811	1758	940	805	436	621	932	3078	1670	1191	95	3222	695	454	1336	577	65	316	635	1367	575	2060	738	193	1993	2557	643	319	262	686	204	439	1275	768	2099	1659	1404	1538	199	1050	1323	1808	208	1101	1183	203	561	553	1668	622	632	213	979	351	47	823	984	644	546	377	586
504	508	31	1193	485	666	900	1033	1642	73	265	2029	1045	490	2103	724	37	0	610	584	163	1278	164	543	322	626	427	466	169	1416	290	1607	473	787	1210	519	1940	718	1346	245	360	1139	2151	628	1210	1542	2082	565	1145	473	310	492	169	584	445	579	25	160	580	1126	1332	1183	36	140	1913	1018	292	1559	482	1024	1301	707	928	901	288	1102	874	1217	26	585	17	2069	1239	411	873	532	813	1575	840	2405	498	1634	1013	508	1368	631	410	1013	634	611	769	575	587	2045	532	1387	1633	599	1893	1938	358	584	582	1294	529	1843	618	249	560	871	280	549	694	1467	170	1159	244	160	731	616	309	1912	493	1120	1220	1195	585	122	292	12	1238	1763	311	1614	1575	743	168	299	118	1218	156	418	288	535	2069	15	515	538	659	2496	290	1068	886	1555	514	245	903	557	332	1047	132	140	538	1587	580	287	311	478	245	508	265	992	372	1037	1714	146	859	4132	580	8	422	296	3177	143	774	1725	903	770	419	584	895	3046	1634	1228	129	3187	658	417	1314	543	31	280	601	1394	538	2042	761	157	1957	2520	606	282	244	649	167	421	1248	731	2069	1648	1388	1501	163	1013	1300	1785	171	1071	1173	167	526	516	1633	585	596	183	942	314	15	786	958	610	509	354	550
111	500	589	1030	125	567	549	796	1439	682	432	2042	519	148	1758	642	647	610	0	186	461	785	465	330	334	206	220	280	460	921	421	1115	187	652	782	371	1619	642	983	548	250	1029	1731	20	782	1086	1669	250	994	187	303	147	519	186	169	30	598	515	32	918	833	955	645	488	1348	477	733	948	261	1021	1053	614	615	336	321	862	916	781	587	735	609	1699	1085	855	917	126	446	1669	305	1853	133	1129	447	500	1374	520	332	447	512	219	696	270	23	1491	126	780	1556	12	1430	1616	408	26	29	1091	284	1271	8	534	74	390	420	388	1126	1930	456	1008	543	522	923	194	327	1933	119	966	1011	911	25	499	733	602	985	1164	470	1072	1669	248	522	310	502	1009	674	641	728	418	1699	603	168	1011	557	2337	319	588	308	1050	97	549	323	137	459	901	492	488	285	1151	32	415	470	169	563	119	344	943	237	917	1112	473	640	3716	32	613	302	314	2620	475	269	1305	350	377	639	186	356	2614	1129	1834	736	2670	52	208	1179	330	589	334	171	1836	251	1923	1189	472	1437	1956	90	328	592	41	462	630	1007	122	1699	1680	1367	953	465	447	1143	1564	457	775	1090	462	318	106	1161	25	242	506	378	323	603	255	777	187	102	443	242
155	630	557	853	177	382	395	979	1272	650	346	1857	462	266	1628	456	621	584	186	0	421	707	421	151	396	386	313	140	416	846	328	1040	116	466	669	514	1480	456	849	450	268	846	1626	183	669	991	1561	67	815	116	327	267	451	0	185	184	566	452	167	1100	760	785	620	446	1329	433	631	1013	118	834	1238	428	453	321	324	693	731	671	558	853	578	1575	908	740	732	273	290	1483	481	1822	251	1063	430	630	1188	335	206	430	327	395	510	84	182	1462	273	828	1375	189	1342	1478	498	174	170	920	433	1258	192	436	232	293	331	537	1190	1995	415	829	446	457	752	372	275	1747	168	787	840	752	175	497	631	574	821	1189	544	1032	1483	158	454	316	499	837	604	498	626	561	1575	574	311	1059	371	2169	323	498	313	983	171	451	331	298	540	1077	493	446	438	1048	167	325	544	285	465	240	343	757	251	1090	1142	438	461	3616	167	584	180	319	2594	440	189	1197	320	226	496	0	311	2518	1063	1809	698	2616	185	183	1001	151	557	350	347	1907	78	1748	1256	429	1382	1936	98	332	492	213	418	486	841	231	1575	1494	1181	918	422	430	966	1402	413	616	1262	418	144	228	1076	175	56	435	361	270	574	203	597	364	195	531	65
352	488	135	1069	335	532	743	994	1518	229	117	1955	881	358	1959	598	200	163	461	421	0	1115	8	383	232	513	308	303	9	1253	140	1445	312	655	1051	456	1799	593	1194	166	217	1024	1996	478	1051	1382	1928	401	1023	312	183	361	84	421	292	432	145	72	430	1098	1169	1048	199	27	1750	854	313	1406	318	929	1267	578	776	739	150	963	784	1057	137	628	157	1921	1118	444	784	402	653	1517	717	2241	363	1471	850	488	1284	492	250	850	494	502	647	412	439	1881	402	1231	1534	451	1733	1796	315	435	433	1165	440	1679	469	160	421	707	129	488	827	1616	6	1037	162	80	678	501	146	1839	342	996	1089	1052	436	114	313	152	1099	1604	300	1450	1517	579	86	161	111	1086	218	346	308	485	1921	152	394	678	524	2386	153	905	725	1392	364	167	742	431	314	1033	118	27	448	1429	430	135	300	351	176	371	129	886	226	1029	1555	19	716	3981	430	163	260	157	3013	22	611	1570	740	608	345	421	732	2892	1471	1389	280	3024	506	259	1198	383	135	157	482	1538	375	1938	894	11	1794	2356	448	146	195	502	8	343	1111	578	1921	1575	1298	1338	6	850	1180	1658	9	924	1180	7	366	377	1472	436	432	81	780	151	152	623	824	494	363	327	386
839	1284	1248	702	863	736	419	1456	903	1338	1018	1678	268	928	1026	742	1314	1278	785	707	1115	0	1114	740	1095	957	994	812	1109	138	995	333	824	677	166	1152	916	750	353	1092	974	777	953	765	166	307	896	714	704	824	1034	928	1125	707	885	809	1258	1129	796	1574	54	570	1313	1137	676	314	1241	694	797	919	1657	733	439	457	1032	527	933	147	1252	1520	1270	949	741	1310	935	912	476	1471	878	1136	912	356	365	1284	1137	736	869	365	727	978	751	702	801	786	912	526	1160	797	644	914	1187	798	796	669	1064	624	782	1079	859	414	1003	1164	1895	2701	1109	709	1089	1133	1105	951	975	1595	853	689	622	465	797	1202	1241	1267	542	677	1241	359	1471	557	1127	1024	1204	621	1262	1043	1237	1197	949	1266	953	1766	735	1747	1031	210	493	276	844	1092	483	918	1234	1596	1199	1137	1064	381	796	996	1241	950	1103	898	1050	828	956	1623	655	1134	568	2932	796	1277	856	1027	1908	1136	528	539	437	509	1040	707	428	1829	356	2477	1379	1909	736	891	819	740	1248	1058	936	2611	740	1414	1960	1121	679	1262	729	1040	1126	770	1111	1029	572	688	949	1401	1094	275	1115	365	766	982	1107	428	1793	1111	755	884	376	797	685	1109	420	969	1266	532	609	947	864	1221	730
355	496	135	1063	339	527	740	1002	1512	229	112	1948	881	364	1954	592	200	164	465	421	8	1114	0	381	240	519	314	302	5	1251	135	1443	313	649	1048	464	1794	587	1191	158	222	1018	1993	482	1048	1379	1925	401	1017	313	189	367	76	421	296	435	145	65	434	1106	1168	1043	199	24	1750	855	306	1409	317	922	1275	572	772	740	156	958	777	1055	137	635	157	1917	1112	437	777	407	651	1509	722	2241	368	1470	851	496	1277	487	247	851	489	508	641	411	442	1881	407	1234	1527	455	1731	1792	323	439	436	1160	447	1680	473	152	425	706	124	496	832	1619	10	1031	154	72	670	507	147	1831	346	990	1084	1047	439	120	306	153	1095	1605	308	1450	1509	579	78	166	118	1081	213	338	300	493	1917	152	400	682	519	2380	158	904	727	1391	368	159	744	436	322	1041	125	24	456	1427	434	131	308	357	168	376	136	879	230	1037	1557	24	712	3977	434	163	258	163	3013	26	611	1567	741	606	337	421	733	2889	1470	1388	278	3023	510	262	1192	381	135	164	488	1542	374	1931	899	7	1793	2356	450	152	186	505	3	336	1106	582	1917	1567	1291	1337	2	851	1174	1653	8	920	1188	3	363	381	1470	439	431	73	781	152	152	624	819	500	367	335	385
264	710	512	751	278	241	360	1107	1187	599	279	1730	527	371	1587	318	577	543	330	151	383	740	381	0	444	516	397	95	376	875	255	1065	180	342	667	609	1432	317	815	356	313	731	1614	330	667	998	1546	84	709	180	361	374	385	151	261	321	521	390	306	1226	794	702	576	403	1393	510	523	1133	97	698	1371	291	398	428	342	612	586	674	516	917	533	1544	805	619	587	392	269	1342	631	1874	360	1094	525	710	1056	193	133	525	186	522	374	71	321	1517	392	942	1260	331	1350	1429	556	313	309	831	539	1327	337	343	361	347	264	637	1201	1997	377	724	353	393	601	502	259	1618	272	681	751	688	314	484	523	531	746	1285	587	1085	1342	257	387	338	484	749	524	363	518	655	1544	530	422	1057	231	2077	342	531	431	1015	285	357	448	422	588	1194	483	403	545	1045	306	257	587	386	369	352	353	626	297	1204	1241	403	365	3600	306	541	129	339	2646	405	285	1186	420	231	360	151	402	2509	1094	1740	640	2645	336	232	894	0	512	373	476	1916	79	1645	1268	388	1418	1994	248	349	394	361	378	349	762	381	1544	1362	1054	978	382	525	865	1322	374	554	1373	379	20	343	1090	314	108	369	463	253	530	311	493	494	308	585	88
256	280	312	1191	232	659	783	764	1630	393	297	2134	837	191	2019	734	354	322	334	396	232	1095	240	444	0	305	118	348	238	1233	307	1428	284	775	1065	225	1868	731	1241	391	131	1162	2022	355	1065	1386	1957	414	1147	284	86	192	316	396	211	305	320	305	312	872	1146	1146	352	252	1682	800	545	1269	349	1097	1038	709	834	664	117	1056	962	1067	307	473	328	1970	1243	676	962	227	681	1713	521	2186	203	1447	778	280	1458	611	336	778	609	289	788	434	313	1823	227	1110	1687	322	1735	1866	113	313	313	1274	211	1606	340	382	268	683	297	257	800	1606	230	1162	386	312	888	296	212	2019	242	1120	1195	1129	314	199	545	318	1190	1496	148	1400	1713	538	318	115	203	1192	438	557	540	257	1970	321	201	678	649	2518	115	888	640	1367	254	391	656	246	146	813	189	252	220	1444	312	299	148	173	403	216	122	1040	149	813	1444	230	809	4012	312	327	322	115	2953	231	566	1593	675	620	556	396	675	2913	1447	1513	450	2996	387	218	1330	444	312	88	282	1515	393	2080	865	243	1761	2290	368	113	424	367	238	551	1206	456	1970	1757	1465	1282	238	778	1305	1766	235	994	972	237	423	229	1468	314	434	311	707	215	321	565	935	290	237	141	397
254	342	614	1236	246	758	754	593	1645	699	530	2242	689	167	1952	834	660	626	206	386	513	957	519	516	305	0	205	446	516	1089	528	1280	344	851	973	209	1817	834	1181	644	306	1232	1910	218	973	1264	1851	444	1200	344	330	164	589	386	280	201	623	581	219	714	1001	1161	658	538	1467	643	820	994	431	1215	855	807	821	500	364	1069	1101	970	610	577	632	1889	1291	950	1103	131	652	1859	216	1977	171	1288	600	342	1571	710	480	600	703	22	890	465	204	1616	131	852	1760	199	1600	1814	319	212	216	1297	129	1387	203	632	156	584	523	213	1013	1806	509	1213	640	589	1084	14	419	2132	248	1171	1218	1117	211	504	820	622	1191	1245	389	1213	1859	450	592	354	508	1215	731	776	815	248	1889	624	121	921	747	2543	361	773	464	1211	232	645	475	98	371	695	494	538	125	1333	219	521	389	166	659	172	383	1140	306	711	1190	518	845	3888	219	632	452	357	2734	519	466	1489	520	583	774	386	533	2785	1288	1805	755	2808	238	325	1385	516	614	357	40	1705	438	2129	1072	525	1584	2069	295	367	685	200	517	766	1214	270	1889	1877	1566	1092	519	600	1349	1770	513	981	883	516	501	177	1333	211	442	580	538	418	624	446	982	22	211	348	432
160	317	412	1147	137	630	709	735	1578	500	334	2119	732	73	1941	707	462	427	220	313	308	994	314	397	118	205	0	307	311	1132	336	1327	218	739	975	213	1794	705	1162	445	110	1128	1931	240	975	1290	1868	348	1106	218	125	74	385	313	136	191	421	376	201	850	1044	1091	460	333	1568	693	617	1151	300	1082	1007	681	765	554	159	999	956	976	409	540	431	1887	1201	747	957	109	604	1714	413	2074	86	1343	667	317	1443	582	318	667	577	194	763	369	199	1711	109	991	1656	207	1637	1792	192	201	201	1223	154	1491	225	433	151	587	329	241	907	1712	304	1120	440	384	910	193	226	2006	146	1078	1143	1064	201	306	617	422	1130	1378	250	1291	1714	441	388	149	310	1140	525	589	611	258	1887	424	88	791	620	2471	156	791	528	1264	151	445	543	130	241	806	297	333	162	1351	201	328	250	54	459	100	178	1017	117	813	1326	313	758	3919	201	432	295	152	2840	314	467	1503	566	539	587	313	569	2819	1343	1630	556	2888	273	166	1291	397	412	152	175	1619	331	2042	970	319	1654	2176	265	161	484	250	312	581	1149	340	1887	1747	1445	1172	313	667	1261	1710	308	927	979	311	377	113	1370	201	361	376	597	226	424	462	889	186	130	226	332
192	616	436	844	200	323	449	1029	1282	527	213	1813	582	290	1681	401	502	466	280	140	303	812	302	95	348	446	307	0	297	949	192	1141	101	432	750	520	1526	399	907	310	218	821	1702	286	750	1080	1635	100	802	101	265	293	319	140	175	264	446	322	251	1147	866	798	501	325	1452	560	491	1154	22	778	1297	374	492	458	246	707	657	756	440	821	458	1636	898	600	658	316	353	1416	585	1940	280	1168	564	616	1138	274	66	564	270	448	457	109	266	1581	316	968	1350	277	1432	1524	460	259	254	926	454	1384	288	296	294	405	197	548	1110	1908	297	817	306	326	644	431	168	1701	197	774	846	783	260	396	491	455	842	1325	491	1149	1416	288	322	243	397	844	469	365	486	565	1636	454	342	969	313	2171	247	601	452	1088	214	311	470	348	492	1110	395	325	461	1130	251	190	491	303	325	275	259	710	202	1118	1279	322	460	3690	251	465	44	244	2712	324	319	1274	454	305	363	140	442	2597	1168	1680	572	2721	300	140	987	95	436	278	405	1826	74	1737	1177	309	1491	2057	214	254	353	317	299	353	858	359	1636	1442	1139	1038	303	564	959	1417	295	649	1286	299	75	268	1170	260	132	303	496	162	454	338	588	423	234	490	87
350	496	140	1059	334	523	735	1001	1508	234	108	1946	876	360	1950	589	205	169	460	416	9	1109	5	376	238	516	311	297	0	1246	131	1438	308	645	1043	463	1790	584	1186	158	218	1014	1988	477	1043	1374	1920	395	1013	308	186	363	77	416	291	431	150	67	429	1106	1163	1038	204	29	1744	849	308	1404	312	919	1274	568	768	735	152	954	775	1050	143	637	162	1912	1108	439	775	403	646	1508	719	2235	364	1465	846	496	1274	483	242	846	485	505	638	406	438	1876	403	1229	1524	450	1726	1787	323	434	431	1156	445	1674	469	152	421	701	120	495	836	1624	8	1027	154	74	669	504	142	1829	341	986	1080	1043	435	123	308	158	1090	1600	309	1445	1508	574	80	163	121	1077	217	337	303	492	1912	158	397	687	515	2377	155	898	721	1385	363	158	739	433	322	1041	128	29	453	1422	429	126	309	353	168	372	132	876	226	1037	1552	28	707	3972	429	169	253	160	3008	30	606	1562	736	601	336	416	728	2884	1465	1393	283	3018	505	257	1188	376	140	161	484	1546	369	1928	903	12	1788	2351	445	149	187	501	1	334	1102	577	1912	1565	1289	1332	6	846	1170	1649	3	915	1189	2	358	377	1465	435	426	74	776	147	158	618	815	496	363	336	380
977	1419	1385	748	1001	857	544	1572	878	1475	1155	1674	402	1065	924	856	1451	1416	921	846	1253	138	1251	875	1233	1089	1132	949	1246	0	1131	194	963	788	248	1286	830	864	351	1225	1113	834	827	901	248	193	773	852	760	963	1173	1065	1260	846	1024	945	1395	1265	933	1688	88	618	1450	1275	565	446	1371	704	935	994	1763	850	553	590	1170	594	1024	232	1389	1655	1407	840	780	1435	1027	1048	609	1506	998	1006	1049	218	491	1419	1175	862	1006	491	852	1110	860	840	938	662	1048	562	1163	933	510	827	1324	934	933	695	1198	524	918	1213	995	552	1139	1298	2034	2839	1247	762	1223	1269	1209	1083	1113	1598	991	749	662	512	934	1341	1371	1404	578	626	1380	254	1506	695	1263	1163	1342	662	1396	1169	1366	1331	840	1403	1089	1905	857	1684	1170	348	624	139	982	1226	613	1054	1372	1715	1338	1275	1198	274	933	1132	1380	1087	1237	1035	1189	906	1095	1744	615	1271	678	2798	933	1414	993	1165	1776	1274	666	427	572	645	1166	846	564	1695	218	2610	1515	1771	871	1029	848	875	1385	1197	1069	2749	878	1379	2099	1259	543	1136	867	1178	1259	904	1248	1156	605	821	840	1421	1127	210	1253	491	795	938	1244	510	1912	1249	891	1021	244	934	823	1245	551	1108	1403	670	699	1079	1002	1358	868
311	586	258	930	303	392	610	1064	1378	343	24	1834	773	361	1819	460	323	290	421	328	140	995	135	255	307	528	336	192	131	1131	0	1321	240	514	921	526	1658	455	1057	127	225	887	1861	433	921	1253	1793	292	884	240	228	364	129	328	260	395	267	134	388	1175	1049	907	322	154	1643	751	313	1338	211	801	1337	438	639	649	192	823	661	928	263	751	278	1782	979	434	661	401	525	1406	709	2127	360	1350	756	586	1160	352	127	756	353	523	510	297	400	1770	401	1156	1402	413	1604	1656	412	395	391	1025	487	1575	429	113	402	595	11	558	968	1754	135	898	122	137	581	514	110	1718	306	857	948	911	396	253	313	277	959	1516	415	1338	1406	480	132	197	251	946	277	253	307	563	1782	276	408	818	384	2250	194	786	641	1271	329	128	658	434	424	1120	256	154	496	1298	388	8	415	362	143	362	185	753	222	1121	1470	159	576	3843	388	287	148	196	2900	162	511	1435	646	486	252	328	634	2756	1350	1489	384	2901	456	215	1061	255	258	218	491	1677	266	1803	1035	141	1674	2246	381	194	171	462	133	247	971	524	1782	1455	1171	1228	137	756	1041	1518	131	784	1279	134	240	363	1345	396	324	113	688	110	276	529	684	506	338	432	279
1172	1612	1576	837	1196	1030	724	1746	865	1665	1345	1673	596	1259	788	1020	1642	1607	1115	1040	1445	333	1443	1065	1428	1280	1327	1141	1438	194	1321	0	1157	949	413	1479	723	1028	420	1411	1307	932	650	1095	413	133	603	1045	858	1157	1367	1260	1450	1040	1219	1140	1586	1455	1127	1860	282	716	1641	1466	450	639	1551	775	1127	1109	1926	1017	722	782	1365	714	1160	401	1580	1849	1598	694	858	1609	1162	1242	797	1561	1179	835	1244	56	680	1612	1240	1038	1197	680	1030	1301	1017	1032	1132	512	1242	672	1179	1127	323	720	1519	1129	1127	761	1391	436	1112	1400	1190	747	1329	1490	2228	3034	1438	857	1409	1458	1359	1274	1306	1609	1186	853	748	616	1129	1534	1551	1595	664	617	1575	209	1561	890	1452	1357	1535	748	1582	1346	1547	1523	694	1594	1283	2099	1030	1599	1364	542	816	75	1177	1412	804	1247	1567	1893	1531	1466	1391	189	1127	1322	1575	1281	1422	1230	1383	1028	1290	1923	623	1463	841	2608	1127	1605	1185	1360	1598	1466	861	297	765	836	1343	1040	758	1505	56	2793	1704	1579	1065	1224	911	1065	1576	1391	1261	2944	1071	1340	2294	1450	360	973	1062	1373	1444	1098	1440	1333	686	1013	694	1458	1187	264	1444	680	859	896	1436	650	2089	1440	1081	1216	81	1129	1016	1434	742	1301	1594	864	840	1271	1197	1553	1061
91	535	447	928	99	420	499	929	1359	541	254	1909	577	191	1735	497	511	473	187	116	312	824	313	180	284	344	218	101	308	963	240	1157	0	523	783	430	1584	496	956	368	154	911	1740	197	783	1107	1675	131	888	0	212	194	352	116	82	167	457	351	156	1048	877	872	509	338	1442	547	553	1102	87	876	1196	470	551	427	207	781	758	786	448	751	469	1685	982	671	759	215	396	1516	489	1937	180	1179	539	535	1235	371	145	539	365	347	553	152	170	1576	215	922	1440	182	1458	1582	391	163	159	1004	359	1370	196	353	192	410	241	456	1074	1878	305	902	363	357	744	330	166	1798	95	859	924	849	164	382	553	463	913	1292	433	1147	1516	272	355	199	383	922	508	454	548	476	1685	464	243	942	409	2252	206	615	413	1100	113	369	430	247	430	1014	377	338	365	1163	156	236	433	206	383	174	226	806	136	1023	1243	327	539	3729	156	474	115	202	2709	330	303	1311	429	336	451	116	423	2632	1179	1701	591	2733	216	67	1073	180	447	234	304	1791	113	1823	1140	321	1499	2049	141	215	411	227	310	442	931	283	1685	1540	1234	1032	314	539	1043	1492	305	712	1192	310	162	167	1192	164	150	337	468	160	464	312	671	321	133	423	114
604	1049	755	417	619	122	275	1444	864	822	537	1391	582	713	1321	72	814	787	652	466	655	677	649	342	775	851	739	432	645	788	514	949	523	0	541	952	1156	80	597	546	649	389	1398	646	541	849	1326	407	373	523	689	716	617	466	604	650	762	628	633	1565	728	396	814	665	1351	596	636	1253	438	373	1705	81	238	596	663	318	300	556	762	1246	772	1295	469	670	302	731	293	1023	934	1785	701	992	644	1049	722	164	439	644	166	859	76	385	648	1450	731	1056	917	655	1181	1154	888	640	636	510	882	1301	657	540	695	448	526	979	1479	2252	650	387	546	627	430	837	570	1281	613	345	434	418	641	768	636	774	452	1329	910	1035	1023	473	618	663	766	432	705	422	633	997	1295	772	764	1325	130	1743	664	517	620	921	624	547	631	760	914	1536	770	665	887	872	633	520	910	729	551	693	669	291	634	1546	1296	673	109	3359	633	782	452	663	2546	676	483	987	574	337	420	466	547	2286	992	1872	845	2494	642	573	555	342	755	695	812	2181	415	1305	1546	654	1309	1921	562	669	564	675	647	411	460	665	1295	1028	715	951	651	644	530	1004	645	314	1715	648	361	683	949	641	410	605	610	566	772	518	170	829	648	915	419
815	1281	1179	536	839	617	314	1511	770	1264	945	1527	312	915	979	610	1244	1210	782	669	1051	166	1048	667	1065	973	975	750	1043	248	921	413	783	541	0	1153	848	618	227	1004	937	611	957	764	0	331	893	660	538	783	995	916	1048	669	853	801	1188	1054	786	1632	203	405	1243	1070	814	361	1139	854	739	756	1729	605	310	487	987	362	778	19	1183	1513	1200	916	576	1196	780	906	397	1306	930	1246	899	452	425	1281	972	625	800	425	617	991	611	644	795	909	906	678	1008	793	682	846	1165	790	787	509	1066	770	781	993	855	392	930	1170	1856	2658	1045	543	1002	1057	961	964	919	1440	829	523	458	300	790	1147	1139	1198	381	842	1213	500	1306	536	1050	980	1147	457	1175	933	1135	1200	916	1197	948	1719	617	1640	986	205	526	380	824	1005	522	919	1209	1642	1145	1070	1068	380	786	923	1213	937	1014	886	1003	665	919	1666	821	1070	431	2947	786	1208	792	983	2011	1072	513	528	462	448	930	669	444	1849	452	2382	1301	1984	738	850	657	667	1179	1016	946	2573	685	1284	1923	1055	773	1380	712	994	1035	775	1045	920	410	705	916	1240	930	433	1050	425	604	864	1042	266	1838	1046	684	872	425	790	634	1033	459	913	1197	528	452	959	847	1198	677
358	133	517	1358	339	844	907	539	1785	585	519	2332	884	247	2129	921	546	519	371	514	456	1152	464	609	225	209	213	520	463	1286	526	1479	430	952	1153	0	1987	919	1351	616	314	1341	2101	389	1153	1456	2041	556	1318	430	298	246	540	514	348	352	524	529	368	648	1198	1298	544	475	1677	840	767	1195	513	1295	813	894	967	697	334	1206	1167	1152	511	370	529	2070	1413	898	1167	248	802	1923	402	2186	262	1489	801	133	1656	795	529	801	791	186	977	578	358	1826	248	1060	1870	360	1797	1984	162	364	366	1432	88	1596	372	607	299	761	517	32	806	1597	455	1332	612	537	1108	211	422	2219	347	1290	1351	1266	364	402	767	519	1335	1452	224	1419	1923	618	543	329	407	1349	653	779	762	47	2070	522	206	722	833	2681	332	959	663	1412	343	617	676	234	202	596	391	475	88	1522	368	518	224	228	628	274	344	1231	325	601	1397	453	968	4084	368	527	508	330	2943	453	640	1677	714	734	778	514	724	2982	1489	1630	640	3016	417	380	1503	609	517	311	219	1496	542	2254	864	467	1790	2278	445	333	650	382	463	773	1355	465	2070	1959	1659	1299	463	801	1473	1916	460	1130	766	462	590	287	1529	364	565	536	737	424	522	626	1101	212	318	177	541
