NAME : VRPTW_INSTANCE_273.txt
COMMENT : Bangkok Supermarket
TYPE : VRPTW
DIMENSION : 258
DAYS : Saturday
EDGE_WEIGHT_TYPE : EXPLICIT
VEHICLES : 34
EDGE_WEIGHT_FORMAT : FULL_MATRIX
CAPACITY : 1000
EDGE_WEIGHT_SECTION
0	689	372	404	153	103	205	512	1190	258	305	395	202	1010	650	34	133	1231	995	17	404	300	351	203	204	641	194	404	365	2736	190	965	153	298	1895	155	401	309	204	927	854	976	1213	1114	283	1648	165	564	133	86	37	399	984	1156	922	431	334	165	1116	1017	390	215	2568	948	244	1432	97	132	620	432	346	283	432	187	599	532	358	1268	1606	563	217	753	309	288	697	300	213	1756	843	744	212	258	101	1643	395	111	197	589	434	37	358	574	214	412	981	178	133	255	1131	694	213	624	2340	1606	1213	2011	726	193	177	437	392	331	504	1197	579	155	193	1994	434	206	488	775	72	577	119	281	942	1300	185	404	1793	231	1727	1685	857	422	587	447	521	255	103	1627	996	170	849	382	1119	585	2319	297	197	280	1068	288	405	226	1629	1182	836	1187	197	990	775	1121	155	141	189	121	826	97	1058	355	349	457	356	728	1486	254	650	82	196	165	207	1354	1055	84	583	1727	376	821	996	745	564	101	393	215	1024	124	1994	2067	365	1014	155	344	221	582	475	300	39	201	586	540	400	1765	406	508	154	1144	399	1498	1211	197	373	1607	248	862	404	1075	1671	3532	193	661	1746	294	484	203	215	372	2128	366	873	51	1271	288	611	413	395	411
689	0	816	488	587	774	553	1149	1311	674	458	871	834	574	526	676	672	1313	711	695	872	729	539	550	545	709	495	872	829	2853	825	661	806	456	1752	534	665	448	679	552	962	1170	1263	1167	684	1604	527	1246	653	755	678	673	1358	1667	1209	766	544	527	1458	616	670	679	2344	1019	627	826	615	650	512	407	559	684	404	543	343	281	973	980	957	270	472	788	460	665	935	729	642	1997	1436	385	826	674	790	2085	891	775	552	245	254	678	973	602	481	511	996	514	654	667	1217	1158	551	257	2152	957	1263	1381	928	676	513	400	598	846	958	1570	1025	534	676	1396	254	558	901	939	677	221	784	662	659	1346	540	409	1533	670	1559	1649	961	783	284	285	1208	542	704	1015	595	746	428	850	1219	232	1873	393	679	460	719	472	492	671	2012	1256	458	1308	647	578	1210	708	604	710	528	790	1238	765	1537	799	975	459	755	869	1744	939	526	750	646	527	894	1257	492	761	761	1559	569	454	569	1197	542	614	678	901	1389	788	1396	1994	455	589	604	555	522	241	703	729	686	679	1249	453	506	1692	490	253	787	1226	666	1069	820	552	569	2078	460	1283	663	691	1373	3457	676	394	1211	669	301	552	539	580	1797	576	1175	740	730	665	306	665	891	499
372	816	0	730	304	311	542	762	830	628	609	756	233	903	971	405	249	877	811	388	55	94	693	538	536	999	423	55	731	2365	521	798	481	599	2254	401	767	607	576	807	519	611	867	773	138	2016	392	567	502	313	408	766	623	1448	1288	109	677	392	751	889	757	586	2263	614	608	1385	445	500	941	728	693	138	728	513	871	557	661	1044	1590	583	441	468	615	657	1070	94	581	1386	1099	1012	208	629	373	1952	79	298	532	614	602	408	661	920	411	745	664	400	502	625	780	1033	551	633	2027	1590	867	1959	1098	197	412	731	237	689	860	1541	931	401	197	1910	602	295	118	1146	444	621	449	650	769	951	336	699	1521	602	1423	1344	523	794	589	531	651	287	473	1572	873	535	775	746	766	620	2116	479	568	373	903	596	733	596	1959	832	744	827	565	874	1118	981	283	230	350	445	471	308	741	725	644	388	63	402	1115	467	971	314	564	392	438	1044	1017	325	281	1423	725	727	887	405	897	450	761	448	1374	453	1910	1726	676	900	283	691	329	613	842	94	411	572	784	446	731	1431	732	568	247	794	765	1326	1047	532	723	1905	399	512	769	928	1421	3180	197	944	1622	664	522	540	546	724	1874	718	501	371	1189	657	870	779	79	740
404	488	730	0	425	506	198	713	1474	228	124	395	606	1002	247	372	486	1501	1073	396	775	639	67	201	201	296	313	775	356	3044	435	1029	436	135	1532	328	177	128	262	948	1115	1281	1468	1366	602	1314	339	933	288	490	371	185	1352	1179	744	747	81	339	1478	1030	182	256	2719	1199	197	1314	307	287	217	81	85	602	84	221	230	524	540	1359	1442	545	300	970	117	206	471	639	226	2098	965	363	613	228	483	1601	774	515	207	552	315	371	540	197	334	26	1208	333	288	224	1398	670	190	590	2508	1442	1468	1868	476	533	320	89	628	386	473	1093	537	328	533	1885	315	447	846	503	345	524	432	206	1016	1556	401	82	1914	239	1895	1916	1116	296	576	427	832	477	347	1504	1008	348	836	375	1392	540	2333	308	266	414	1115	135	4	243	1538	1446	846	1471	240	995	722	1134	446	516	389	441	1201	501	1454	324	548	586	690	993	1829	587	247	486	241	339	552	1547	967	487	847	1895	83	834	992	1129	167	302	190	554	911	434	1885	2287	60	1013	446	83	422	543	220	639	375	264	828	647	17	1980	3	474	556	1410	178	1513	1241	207	83	1591	365	1241	175	1102	1768	3764	533	274	1690	207	490	200	190	94	2214	92	1214	441	1205	206	258	176	774	13
153	587	304	425	0	199	246	663	1079	358	304	530	247	860	666	168	85	1114	843	168	352	213	392	241	238	703	120	352	495	2639	343	812	306	294	1955	97	481	303	313	776	730	873	1090	990	177	1724	88	662	238	182	171	483	927	1307	1043	327	378	88	1052	865	473	323	2425	822	327	1292	168	235	636	425	395	177	424	214	574	393	511	1116	1473	424	142	614	310	382	801	213	305	1678	996	718	240	359	236	1791	356	196	235	452	340	171	511	618	116	442	848	97	238	353	1012	837	254	484	2200	1473	1090	1873	824	110	108	428	250	470	640	1335	716	97	110	1850	340	53	420	868	200	444	272	375	789	1178	47	396	1645	333	1585	1557	733	532	445	320	652	102	239	1486	845	309	701	515	1002	450	2166	201	307	138	915	291	429	329	1771	1063	686	1075	293	838	916	969	21	123	59	274	776	189	1038	480	502	304	265	604	1408	391	666	177	292	88	345	1215	914	191	456	1585	427	670	845	707	593	173	478	355	1159	277	1850	1937	372	863	21	392	74	446	557	213	180	311	732	387	428	1633	428	377	200	1025	480	1345	1059	235	425	1757	126	817	483	923	1520	3408	110	645	1596	389	346	243	247	428	1977	421	792	193	1125	382	577	492	356	436
103	774	311	506	199	0	309	488	1141	344	408	446	105	1050	752	134	132	1187	1015	110	333	261	452	306	307	734	280	333	423	2672	210	989	170	401	1984	241	490	412	289	963	819	923	1174	1077	259	1731	247	472	227	19	135	488	902	1159	978	390	435	247	1036	1052	479	300	2552	914	338	1491	200	227	723	535	446	259	536	291	702	592	360	1278	1672	623	304	737	412	376	770	261	306	1683	827	847	120	344	62	1656	317	13	301	651	521	135	360	673	293	514	956	260	227	342	1089	724	316	683	2320	1672	1174	2071	802	176	262	541	394	379	549	1231	620	241	176	2046	521	246	422	853	165	643	138	370	964	1259	243	507	1789	318	1710	1649	823	495	644	517	454	288	180	1684	1032	231	895	437	1076	649	2340	381	282	337	1094	391	508	312	1654	1140	878	1138	289	1027	808	1154	190	110	252	134	742	9	963	420	345	489	312	696	1412	199	752	23	288	247	155	1333	1112	19	557	1710	474	861	1035	658	664	204	481	166	1063	142	2046	2032	468	1052	190	444	273	645	563	261	132	286	543	571	502	1734	508	575	65	1102	489	1525	1239	301	472	1614	319	777	494	1106	1674	3491	176	765	1787	382	545	307	318	470	2131	465	806	70	1320	376	713	504	317	513
205	553	542	198	246	309	0	596	1322	144	108	348	407	977	445	175	294	1354	1008	199	584	456	151	5	11	457	159	584	307	2885	277	970	265	105	1711	155	238	115	129	908	969	1119	1328	1226	423	1478	171	751	106	292	174	240	1165	1158	818	574	135	171	1294	995	231	131	2631	1058	98	1351	108	103	415	230	150	423	231	32	400	480	420	1292	1504	508	161	840	111	154	564	456	96	1923	892	543	415	144	290	1617	582	317	10	526	313	174	420	378	189	208	1078	170	106	137	1252	659	8	564	2411	1504	1328	1922	583	346	157	236	479	306	453	1135	528	155	346	1921	313	280	660	625	152	504	251	148	952	1416	235	204	1837	129	1796	1788	971	309	537	380	672	321	164	1545	974	194	810	328	1243	517	2309	218	127	284	1066	91	200	127	1578	1302	809	1318	96	963	728	1101	265	321	226	260	1011	302	1257	282	421	479	510	844	1653	412	445	288	95	171	371	1434	983	289	695	1796	182	795	965	936	361	104	237	376	954	255	1921	2166	160	985	265	148	265	517	313	456	179	128	697	554	195	1860	200	440	358	1265	237	1484	1202	10	180	1594	232	1050	240	1062	1702	3640	346	459	1698	161	435	3	14	182	2155	175	1037	245	1214	154	417	248	582	206
512	1149	762	713	663	488	596	0	1571	488	694	345	531	1522	893	506	616	1626	1501	498	760	738	647	599	604	759	688	760	373	3035	332	1473	362	695	1859	654	570	704	471	1440	1280	1347	1622	1531	745	1565	668	431	498	498	503	562	1234	688	707	860	635	668	1370	1529	558	473	3025	1376	529	1934	550	502	871	784	628	745	787	608	943	1038	176	1766	2096	1070	706	1218	694	507	635	738	510	2020	340	1066	556	488	433	1196	731	497	597	1093	905	503	176	768	714	702	1426	679	498	494	1533	376	598	1130	2789	2096	1622	2510	680	664	673	792	882	329	346	839	363	654	664	2501	905	717	848	737	489	1078	394	508	1450	1703	698	768	2273	485	2184	2099	1285	471	1095	947	233	764	455	2129	1508	403	1360	360	1517	1088	2826	786	471	791	1578	679	712	483	1222	1585	1349	1568	503	1502	455	1633	662	598	700	390	1078	496	1195	402	174	967	783	1163	1758	296	893	501	503	668	334	1806	1560	486	1033	2184	636	1333	1508	982	798	549	553	323	704	388	2501	2480	717	1526	662	630	734	1086	596	738	494	471	125	1050	698	2190	713	1009	534	1547	568	2009	1722	597	634	1145	754	1098	574	1586	2162	3918	664	976	2257	505	991	597	610	624	2618	624	1198	470	1781	507	971	580	731	710
1190	1311	830	1474	1079	1141	1322	1571	0	1436	1351	1584	1060	957	1684	1221	1058	74	741	1208	818	890	1458	1316	1312	1768	1169	818	1556	1570	1352	779	1311	1340	2996	1166	1560	1346	1387	888	361	224	127	163	910	2789	1151	1257	1311	1142	1224	1561	484	2259	2113	759	1446	1151	434	905	1552	1397	1510	291	1406	1386	1245	1309	1657	1443	1465	910	1441	1289	1533	1048	1489	719	1617	1049	1177	526	1358	1460	1880	890	1383	698	1897	1648	1035	1436	1203	2768	843	1129	1311	1068	1224	1224	1489	1672	1144	1496	324	1153	1311	1430	100	1864	1329	1053	1263	1617	127	1842	1903	998	1166	1442	846	1517	1689	2371	1762	1166	998	1728	1224	1041	727	1946	1260	1096	1279	1453	758	157	1086	1417	904	1410	722	539	361	1608	1029	1105	1412	1002	1294	1514	908	1360	971	1572	92	1082	1621	1169	1380	1060	820	1344	1478	1405	2785	90	925	3	1370	924	1949	917	1063	1050	1097	1275	567	1138	739	1546	1471	907	835	481	477	1288	1684	1143	1369	1151	1263	407	1158	1154	628	722	1497	918	945	650	1634	1249	1557	1273	2205	1283	1728	914	1414	940	1063	1462	1059	1074	1635	890	1229	1384	1567	875	1482	641	1478	1094	1078	97	1558	1041	889	1311	1495	2714	1110	578	1562	874	888	2351	998	1609	1393	1468	1052	1318	1320	1500	1267	1493	392	1198	1171	1460	1516	1570	843	1487
258	674	628	228	358	344	144	488	1436	0	215	205	449	1121	445	224	382	1472	1152	243	662	551	161	149	155	391	297	662	163	2990	214	1114	225	219	1640	283	147	226	54	1052	1089	1226	1449	1348	526	1390	300	719	126	333	221	144	1242	1015	685	678	148	300	1374	1140	135	44	2770	1180	48	1485	191	128	418	296	144	526	299	172	459	623	312	1435	1631	652	302	969	213	32	444	551	53	2014	762	590	464	0	301	1473	653	356	151	668	447	221	312	343	328	221	1205	303	126	7	1371	515	141	707	2548	1631	1449	2052	470	440	291	304	605	171	308	993	383	283	440	2056	447	403	746	517	185	646	232	28	1096	1537	361	280	1978	26	1933	1915	1092	174	681	523	605	448	163	1678	1118	132	953	185	1361	659	2454	363	62	423	1210	203	228	32	1435	1421	953	1432	65	1108	584	1246	373	398	354	240	1083	342	1307	137	320	620	607	963	1744	372	445	330	66	300	343	1568	1121	325	815	1933	160	939	1109	1001	349	186	137	343	813	232	2056	2294	229	1129	373	145	395	659	218	551	219	58	600	696	215	1990	229	582	406	1384	145	1629	1346	151	158	1450	372	1119	150	1206	1844	3766	440	501	1839	37	579	147	154	151	2298	148	1130	274	1354	32	485	160	653	228
305	458	609	124	304	408	108	694	1351	215	0	416	501	923	362	277	370	1378	975	301	655	517	116	108	105	417	189	655	375	2920	383	934	373	10	1657	207	246	10	222	861	992	1157	1347	1245	479	1437	216	859	215	390	277	251	1231	1224	836	623	110	216	1355	946	244	221	2614	1077	168	1271	208	212	332	127	130	479	128	117	294	431	518	1262	1415	456	176	850	7	210	568	517	184	1974	977	439	506	215	396	1668	657	415	112	468	237	277	518	322	209	145	1089	209	215	208	1276	717	103	507	2400	1415	1347	1836	580	413	197	132	504	387	512	1172	584	207	413	1842	237	323	724	613	259	443	360	205	919	1435	277	99	1813	211	1786	1798	994	347	487	330	780	353	273	1463	924	298	755	396	1269	458	2257	191	223	291	1025	17	128	212	1617	1324	760	1348	191	912	780	1052	325	402	264	368	1080	401	1338	345	521	471	568	870	1705	521	362	385	191	216	480	1433	910	389	723	1786	157	747	912	1010	290	204	252	485	989	363	1842	2171	67	932	325	126	297	459	310	517	283	223	800	536	130	1865	127	384	451	1288	245	1434	1156	112	155	1651	241	1121	246	1016	1672	3648	413	357	1630	215	392	109	95	164	2121	157	1090	349	1145	210	309	251	657	136
395	871	756	395	530	446	348	345	1584	205	416	0	541	1326	549	368	529	1626	1350	378	779	694	335	353	359	417	493	779	41	3118	241	1314	279	421	1591	472	232	427	226	1256	1250	1367	1609	1510	678	1318	489	685	295	443	364	223	1339	810	532	825	328	489	1475	1343	222	220	2955	1343	253	1688	366	298	529	474	315	678	477	374	618	828	202	1632	1828	856	501	1144	413	206	347	694	252	2125	569	730	562	205	387	1272	762	459	354	873	652	364	202	423	523	378	1376	495	295	212	1526	312	345	912	2730	1828	1609	2252	386	588	484	482	780	67	109	805	186	472	588	2259	652	580	868	443	331	851	308	210	1295	1695	543	465	2170	219	2115	2081	1253	126	886	728	526	628	294	1880	1322	225	1158	20	1514	864	2657	566	231	617	1412	406	393	221	1242	1578	1157	1580	256	1312	387	1449	540	533	539	313	1178	448	1366	71	221	813	749	1124	1855	371	549	442	257	489	366	1745	1326	431	978	2115	313	1143	1314	1089	456	362	215	361	629	304	2259	2462	416	1333	540	318	580	864	251	694	358	228	469	892	379	2160	394	787	512	1540	230	1832	1549	354	312	1246	568	1209	235	1409	2040	3928	588	642	2044	201	783	350	359	301	2495	303	1252	386	1559	206	650	240	762	389
202	834	233	606	247	105	407	531	1060	449	501	541	0	1054	853	236	162	1109	997	212	243	211	554	404	405	839	352	243	521	2578	300	975	262	494	2089	316	595	504	394	962	752	838	1100	1006	228	1835	317	421	331	118	237	593	800	1216	1072	328	537	317	935	1050	584	405	2494	847	443	1511	298	331	823	629	548	228	630	387	792	624	429	1249	1701	655	376	688	507	481	872	211	411	1584	870	938	25	449	155	1719	222	93	399	684	586	237	429	777	358	615	895	330	331	447	1013	804	416	713	2259	1701	1100	2091	905	173	335	634	375	474	640	1311	708	316	173	2058	586	280	333	957	269	681	235	475	949	1184	294	601	1744	423	1653	1577	755	597	671	562	448	310	285	1704	1031	333	906	534	998	685	2317	446	387	379	1082	485	608	418	1726	1065	884	1057	394	1028	890	1149	230	124	306	229	640	108	858	520	411	496	252	633	1314	235	853	121	393	317	204	1275	1134	124	502	1653	578	867	1038	554	766	303	586	214	1147	238	2058	1960	564	1054	230	547	314	680	668	211	236	391	564	573	602	1665	608	616	51	1027	594	1511	1227	399	575	1672	373	673	599	1098	1637	3411	173	858	1788	487	579	405	416	574	2092	568	712	175	1331	481	802	609	222	613
1010	574	903	1002	860	1050	977	1522	957	1121	923	1326	1054	0	1095	1017	918	930	217	1024	947	859	1032	972	967	1265	844	947	1285	2389	1194	178	1161	916	2307	873	1166	913	1102	97	701	907	867	794	830	2174	858	1461	1046	1036	1020	1172	1202	2135	1747	802	1031	858	1255	55	1166	1107	1772	704	1073	494	983	1043	1078	929	1050	830	927	952	911	497	1362	421	717	469	830	558	928	1126	1472	859	1074	1650	1849	957	1033	1121	1095	2591	979	1044	971	455	689	1020	1362	1155	814	1028	642	848	1047	1114	856	1636	980	416	1587	717	867	1057	1473	884	856	924	682	1281	1429	2093	1503	873	884	1007	689	807	919	1492	1038	480	1128	1120	201	933	824	920	963	1107	1010	1153	697	1271	440	597	1499	763	1076	673	49	1139	168	1306	868	465	1334	759	1099	731	166	929	1006	1105	2539	878	173	955	1071	35	1702	134	863	946	821	1132	1141	1041	1445	1258	1355	561	846	681	1433	1249	1095	1032	1070	858	1203	763	202	1047	674	1010	1071	189	16	1146	1098	985	1174	1213	1911	1134	1007	1466	952	19	863	1046	788	464	1221	859	1029	1101	1592	481	1018	1176	1005	539	1025	860	1166	511	246	971	1070	2571	772	1183	1165	122	800	2907	884	967	736	1132	542	975	966	1080	1225	1074	1001	1053	286	1126	876	1169	979	1015
650	526	971	247	666	752	445	893	1684	445	362	549	853	1095	0	618	732	1704	1205	642	1018	879	301	448	448	204	549	1018	520	3254	659	1158	668	372	1311	569	324	363	490	1060	1322	1501	1667	1565	840	1117	578	1164	530	736	617	332	1592	1238	709	980	318	578	1715	1132	337	482	2854	1401	427	1322	554	529	30	246	310	840	247	468	184	672	732	1486	1412	685	533	1167	356	415	448	879	459	2326	1090	206	860	445	726	1604	1019	761	454	681	468	617	732	130	565	238	1401	571	530	442	1602	748	437	713	2653	1412	1667	1841	429	776	559	245	848	566	589	1078	630	569	776	1880	468	682	1086	427	589	650	669	417	1150	1754	638	274	2043	463	2048	2098	1323	425	714	591	1045	706	586	1500	1111	576	939	532	1598	666	2397	519	496	633	1230	376	244	468	1512	1649	960	1681	475	1095	776	1230	688	763	624	678	1443	747	1700	491	744	779	929	1205	2059	817	0	732	476	578	785	1717	1015	733	1064	2048	286	952	1088	1373	96	549	341	786	905	670	1880	2461	295	1109	688	311	653	672	301	879	620	493	1015	825	250	2155	244	620	803	1614	326	1595	1341	454	289	1609	589	1484	320	1207	1888	3935	776	140	1725	412	651	447	437	294	2320	297	1447	686	1251	415	219	313	1019	239
34	676	405	372	168	134	175	506	1221	224	277	368	236	1017	618	0	162	1261	1009	24	438	331	318	173	174	606	186	438	336	2769	177	978	144	271	1860	150	366	282	170	936	882	1008	1242	1142	312	1614	162	585	98	118	3	365	1018	1139	892	461	301	162	1150	1025	355	181	2591	975	209	1432	69	98	588	403	312	312	404	160	572	533	346	1284	1601	564	208	777	281	253	664	331	179	1790	833	716	246	224	119	1623	429	143	167	588	422	3	346	541	210	380	1007	174	98	220	1160	670	183	624	2364	1601	1242	2010	693	222	170	409	414	305	477	1172	553	150	222	1996	422	221	522	741	39	575	113	247	956	1329	194	376	1813	197	1750	1712	885	389	589	445	531	270	74	1626	1005	143	854	354	1149	584	2331	289	163	285	1080	260	374	191	1605	1211	843	1218	163	997	750	1130	175	174	195	118	860	128	1092	325	338	469	387	756	1520	263	618	114	161	162	217	1378	1055	114	610	1750	342	828	1003	780	531	72	358	225	997	118	1996	2094	335	1021	175	311	231	581	441	331	12	167	587	552	367	1792	374	506	188	1173	364	1509	1223	167	339	1589	248	897	369	1085	1688	3561	222	633	1751	260	485	173	185	338	2145	332	907	71	1275	253	586	379	429	379
133	672	249	486	85	132	294	616	1058	382	370	529	162	918	732	162	0	1098	884	151	289	169	445	290	288	750	199	289	499	2608	315	858	274	361	2005	167	517	371	330	831	720	845	1079	980	149	1767	164	580	255	119	166	517	871	1278	1054	298	430	164	1000	920	508	341	2439	814	359	1363	195	253	702	495	445	149	495	266	650	468	478	1151	1547	499	222	622	376	409	825	169	332	1634	954	795	154	382	183	1770	288	125	284	528	425	166	478	673	200	500	849	175	255	377	998	825	303	558	2209	1547	1079	1943	852	59	184	499	268	464	637	1330	712	167	59	1916	425	120	367	899	201	522	239	402	833	1166	132	466	1668	355	1597	1551	723	551	517	401	583	157	236	1556	900	303	764	516	986	527	2209	286	323	217	963	356	489	350	1760	1049	746	1055	317	895	907	1022	68	38	144	239	716	122	968	488	465	357	225	595	1364	331	732	115	316	164	287	1223	985	130	450	1597	476	730	903	642	653	200	512	297	1157	244	1916	1933	437	920	68	442	152	522	593	169	171	327	675	439	487	1632	489	456	117	1011	516	1394	1107	284	474	1732	211	755	520	974	1550	3399	59	720	1655	416	422	292	299	475	2007	469	749	153	1190	409	656	529	288	496
1231	1313	877	1501	1114	1187	1354	1626	74	1472	1378	1626	1109	930	1704	1261	1098	0	712	1249	868	932	1488	1349	1345	1796	1199	868	1597	1551	1398	754	1357	1368	3015	1199	1593	1373	1425	867	386	283	67	145	949	2814	1183	1321	1348	1187	1264	1595	559	2314	2153	801	1476	1183	508	877	1586	1435	1441	303	1441	1345	1281	1346	1678	1465	1495	949	1464	1321	1549	1057	1539	666	1574	1056	1206	539	1385	1496	1915	932	1420	719	1955	1659	1084	1472	1249	2822	895	1174	1344	1073	1241	1264	1539	1698	1173	1523	317	1185	1349	1467	102	1911	1362	1056	1195	1574	67	1787	1937	1038	1198	1464	876	1561	1733	2418	1806	1199	1038	1669	1241	1074	779	1979	1299	1102	1324	1489	735	84	1119	1441	829	1447	648	476	384	1645	1034	1120	1472	1033	1334	1466	881	1401	957	1614	111	1088	1548	1193	1418	1087	786	1372	1505	1442	2836	57	912	76	1407	898	1995	881	1099	1093	1128	1320	638	1183	814	1586	1521	925	877	510	517	1339	1704	1187	1405	1183	1313	336	1132	1199	659	648	1527	906	919	719	1657	1286	1591	1323	2250	1328	1669	855	1440	913	1099	1492	1090	1080	1668	932	1270	1422	1626	887	1509	574	1504	1105	1124	90	1592	983	845	1344	1525	2770	1137	651	1595	841	817	2303	1038	1624	1334	1503	1065	1351	1352	1530	1192	1523	459	1241	1131	1496	1530	1603	895	1514
995	711	811	1073	843	1015	1008	1501	741	1152	975	1350	997	217	1205	1009	884	712	0	1012	846	788	1090	1002	997	1355	857	846	1311	2184	1186	50	1149	967	2463	880	1221	966	1123	170	509	705	649	577	769	2310	863	1379	1058	1003	1013	1227	1015	2148	1812	703	1086	863	1056	164	1219	1130	1650	498	1106	672	989	1055	1185	1009	1106	769	1006	979	1025	549	1354	286	902	528	849	393	981	1162	1542	788	1100	1432	1837	1095	974	1152	1068	2622	880	1006	1000	527	759	1013	1354	1246	827	1099	430	856	1058	1144	640	1663	1012	492	1448	902	649	1200	1549	839	866	1005	622	1298	1458	2143	1534	880	839	1125	759	789	801	1575	1037	557	1114	1156	56	715	816	994	842	1133	848	955	505	1315	498	646	1445	740	1077	830	169	1145	287	1332	653	540	1325	792	1119	734	100	978	1077	1130	2586	660	253	739	1094	186	1736	198	841	905	817	1116	971	1006	1267	1288	1344	540	762	514	1217	1213	1205	1000	1093	863	1170	561	420	1015	547	848	1131	257	207	989	1192	992	1227	1181	1961	1120	1125	1286	1017	200	841	1102	779	536	1285	788	1021	1121	1556	459	1087	988	1076	599	978	643	1221	515	237	1000	1130	2594	782	1011	1221	145	696	2745	839	1090	818	1169	584	1005	999	1139	1147	1132	816	1032	452	1162	994	1227	880	1087
17	695	388	396	168	110	199	498	1208	243	301	378	212	1024	642	24	151	1249	1012	0	420	318	342	197	198	628	202	420	348	2753	174	981	137	295	1881	164	387	306	189	942	871	994	1231	1132	300	1634	175	563	119	94	25	385	998	1139	904	448	325	175	1131	1031	376	199	2586	965	231	1444	93	119	612	427	336	300	428	184	596	543	342	1285	1615	575	224	770	305	273	681	318	200	1772	828	740	224	243	97	1626	409	119	191	600	440	25	342	564	223	404	999	187	119	240	1149	676	207	635	2358	1615	1231	2023	710	210	185	433	410	313	486	1179	561	164	210	2006	440	222	504	759	58	588	104	267	958	1317	199	400	1810	216	1744	1703	875	405	599	458	514	271	85	1638	1011	152	862	365	1137	596	2334	305	181	293	1084	284	398	211	1611	1200	850	1205	184	1004	757	1136	172	158	202	107	840	105	1070	338	333	472	373	746	1502	245	642	91	182	175	199	1372	1067	90	601	1744	365	835	1010	759	554	96	379	207	1006	109	2006	2084	359	1028	172	334	236	593	461	318	24	186	575	555	392	1783	398	519	166	1162	385	1514	1227	191	363	1590	259	876	390	1090	1688	3550	210	657	1759	280	496	197	209	361	2145	356	889	48	1284	273	609	400	409	403
404	872	55	775	352	333	584	760	818	662	655	779	243	947	1018	438	289	868	846	420	0	147	735	580	578	1039	471	0	756	2339	540	836	501	645	2295	448	803	654	609	850	522	596	862	770	192	2052	440	535	536	338	441	803	581	1449	1311	145	720	440	712	931	793	619	2269	618	645	1432	483	535	988	777	735	192	776	556	922	612	671	1072	1639	637	491	490	662	692	1100	147	616	1352	1095	1064	219	663	392	1955	34	320	574	668	656	441	671	963	461	790	673	449	536	659	774	1047	593	687	2031	1639	862	2004	1130	242	460	780	290	712	881	1554	950	448	242	1952	656	346	90	1179	477	676	471	685	807	944	386	748	1536	636	1431	1339	527	824	643	586	634	340	504	1618	916	562	823	770	758	674	2143	532	601	427	941	642	778	630	1967	825	791	814	601	917	1133	1021	330	266	400	466	426	331	689	752	653	441	117	412	1082	471	1018	339	599	440	445	1052	1066	348	306	1431	766	774	931	355	942	489	797	455	1390	475	1952	1721	723	943	330	732	381	667	879	147	443	605	774	497	775	1429	777	624	267	787	802	1359	1084	574	764	1905	452	466	806	967	1441	3169	242	995	1661	699	577	581	589	765	1892	759	472	397	1233	692	922	816	34	785
300	729	94	639	213	261	456	738	890	551	517	694	211	859	879	331	169	932	788	318	147	0	604	451	448	913	329	147	665	2438	468	769	427	506	2167	310	685	515	500	765	559	676	916	818	45	1933	300	601	424	258	335	685	713	1418	1222	131	590	300	839	851	676	510	2292	654	527	1331	363	423	849	635	606	45	634	425	776	478	620	1037	1531	505	348	479	523	578	995	0	501	1468	1079	918	187	551	322	1916	162	249	445	537	509	335	620	831	316	655	694	307	425	547	832	983	464	558	2059	1531	916	1908	1022	111	319	638	177	628	801	1489	874	310	111	1867	509	200	207	1068	370	541	393	571	742	1002	242	606	1534	525	1450	1390	562	720	515	444	657	193	403	1521	833	469	721	682	820	541	2107	385	493	280	876	504	642	520	1914	884	694	886	487	832	1066	947	192	161	256	391	564	255	835	656	605	318	55	435	1197	442	879	257	485	300	405	1073	958	270	296	1450	638	677	843	499	806	368	680	416	1319	398	1867	1772	584	858	192	603	234	534	761	0	339	497	776	386	641	1473	642	485	205	845	684	1304	1021	445	636	1874	305	605	687	895	1425	3234	111	850	1588	585	440	453	458	638	1881	632	582	309	1142	578	775	697	162	650
351	539	693	67	392	452	151	647	1458	161	116	335	554	1032	301	318	445	1488	1090	342	735	604	0	155	157	311	289	735	295	3025	369	1049	372	125	1562	297	133	124	196	973	1101	1260	1458	1356	570	1334	310	869	229	437	317	140	1316	1129	721	719	16	310	1444	1057	135	189	2731	1188	131	1362	257	227	272	139	20	570	142	179	297	544	473	1377	1495	568	281	963	109	140	452	604	161	2070	904	429	563	161	424	1562	733	462	161	578	343	317	473	227	314	64	1202	306	229	157	1385	620	142	617	2516	1495	1458	1920	464	496	293	147	612	322	419	1061	487	297	496	1933	343	421	810	498	288	552	370	139	1034	1546	374	129	1929	172	1902	1911	1103	245	599	444	766	456	286	1552	1035	282	864	315	1378	567	2366	307	201	402	1138	118	66	176	1506	1434	871	1455	176	1023	677	1162	412	472	363	378	1162	447	1407	263	481	586	658	978	1801	523	301	433	177	310	488	1548	1008	433	830	1902	40	859	1022	1087	212	252	143	490	879	371	1933	2286	84	1042	412	17	400	569	194	604	319	198	761	652	54	1979	67	496	505	1397	134	1543	1267	161	39	1548	350	1201	133	1128	1787	3762	496	340	1731	141	506	153	146	48	2235	42	1185	385	1245	140	324	137	733	67
203	550	538	201	241	306	5	599	1316	149	108	353	404	972	448	173	290	1349	1002	197	580	451	155	0	5	462	153	580	312	2879	278	964	266	104	1716	150	244	115	133	903	963	1113	1322	1220	418	1483	165	750	107	289	172	246	1161	1163	824	568	139	165	1289	990	237	136	2625	1052	104	1347	106	104	418	231	155	418	232	27	401	474	423	1286	1500	503	155	834	111	160	570	451	101	1918	896	544	412	150	289	1623	577	315	5	521	309	172	423	382	183	212	1072	164	107	142	1246	664	13	559	2405	1500	1322	1918	589	341	152	237	474	311	458	1141	533	150	341	1917	309	275	655	630	151	500	252	154	946	1410	229	205	1831	134	1790	1782	965	315	532	375	673	315	165	1540	968	196	804	334	1238	512	2304	213	132	278	1060	91	203	132	1584	1296	803	1313	100	958	734	1096	259	317	220	260	1007	300	1253	287	424	473	505	838	1648	412	448	285	100	165	372	1428	979	287	689	1790	187	789	960	932	365	101	243	376	960	255	1917	2160	162	980	259	152	259	512	319	451	177	132	699	548	199	1854	203	435	355	1259	243	1479	1196	5	185	1600	226	1045	246	1057	1696	3634	341	460	1693	167	430	2	13	187	2149	181	1032	243	1209	160	417	254	577	209
204	545	536	201	238	307	11	604	1312	155	105	359	405	967	448	174	288	1345	997	198	578	448	157	5	0	465	149	578	318	2876	283	959	269	101	1719	146	248	112	139	897	959	1110	1318	1216	415	1486	161	753	111	290	173	250	1159	1168	829	565	141	161	1287	985	241	141	2620	1048	109	1341	106	108	418	229	158	415	230	23	399	469	428	1281	1495	498	150	829	108	166	574	448	106	1915	901	542	412	155	291	1628	576	315	7	515	303	173	428	384	178	213	1067	160	111	148	1242	670	17	554	2400	1495	1318	1913	593	339	147	235	469	316	464	1146	539	146	339	1911	303	271	653	634	154	494	255	159	941	1406	226	203	1826	139	1785	1778	961	320	527	369	677	311	168	1535	963	201	799	339	1234	507	2298	207	137	273	1055	88	204	138	1589	1292	798	1309	106	953	740	1091	257	316	216	263	1005	301	1253	292	429	468	502	834	1645	416	448	286	105	161	374	1424	973	288	685	1785	190	784	955	930	366	102	248	379	966	258	1911	2155	161	974	257	155	255	506	323	448	179	138	704	543	199	1850	204	429	355	1255	247	1473	1191	7	187	1605	221	1044	250	1051	1690	3630	339	459	1687	173	424	8	11	190	2144	183	1029	245	1203	166	415	258	576	210
641	709	999	296	703	734	457	759	1768	391	417	417	839	1265	204	606	750	1796	1355	628	1039	913	311	462	465	0	600	1039	399	3336	590	1310	610	428	1255	608	244	423	446	1221	1410	1571	1764	1662	880	1022	622	1086	508	721	604	248	1621	1038	506	1030	325	622	1750	1298	257	435	3005	1495	397	1520	555	508	205	347	307	880	350	488	369	808	617	1641	1616	827	591	1267	410	359	244	913	428	2381	914	410	852	391	693	1400	1034	745	468	829	597	604	617	109	624	273	1505	618	508	392	1693	560	449	865	2797	1616	1764	2045	225	803	605	351	921	455	426	875	453	608	803	2081	597	732	1117	230	570	799	622	364	1299	1853	686	366	2197	416	2186	2212	1411	294	857	716	941	767	554	1701	1276	520	1103	405	1687	816	2582	605	453	709	1390	424	292	422	1311	1742	1119	1765	445	1262	579	1399	722	774	674	631	1465	731	1698	377	634	883	968	1287	2111	747	204	718	446	622	726	1842	1201	715	1140	2186	275	1109	1257	1386	167	550	256	724	700	622	2081	2583	357	1277	722	310	711	819	180	913	604	449	884	942	287	2276	293	757	794	1706	246	1772	1509	468	277	1405	658	1502	241	1372	2047	4060	803	343	1918	354	779	460	455	275	2487	281	1495	664	1439	359	408	231	1034	283
194	495	423	313	120	280	159	688	1169	297	189	493	352	844	549	186	199	1199	857	202	471	329	289	153	149	600	0	471	453	2736	356	822	327	178	1846	38	396	186	266	768	813	971	1171	1069	290	1623	35	752	203	261	189	399	1043	1295	978	434	277	35	1166	857	390	272	2472	901	255	1246	139	199	519	305	296	290	305	127	453	351	521	1139	1415	382	24	681	196	312	723	329	244	1785	1007	597	350	297	295	1765	476	282	150	405	241	189	521	509	30	332	919	23	203	290	1097	805	166	441	2252	1415	1171	1824	741	231	17	308	323	441	601	1290	677	38	231	1812	241	133	536	781	198	389	299	306	802	1259	88	276	1681	277	1637	1629	815	467	408	259	716	166	234	1441	835	295	678	475	1089	399	2169	103	261	126	920	178	317	273	1732	1146	671	1166	237	827	879	963	142	236	75	305	894	271	1159	432	516	322	379	689	1516	447	549	256	236	35	401	1275	871	266	541	1637	327	657	830	827	479	141	396	409	1110	304	1812	2007	256	849	142	292	110	397	470	329	198	264	773	400	317	1701	316	321	302	1109	395	1344	1059	150	325	1738	75	935	397	920	1548	3481	231	524	1574	320	304	156	154	330	2003	323	901	245	1094	312	457	405	476	325
404	872	55	775	352	333	584	760	818	662	655	779	243	947	1018	438	289	868	846	420	0	147	735	580	578	1039	471	0	756	2339	540	836	501	645	2295	448	803	654	609	850	522	596	862	770	192	2052	440	535	536	338	441	803	581	1449	1311	145	720	440	712	931	793	619	2269	618	645	1432	483	535	988	777	735	192	776	556	922	612	671	1072	1639	637	491	490	662	692	1100	147	616	1352	1095	1064	219	663	392	1955	34	320	574	668	656	441	671	963	461	790	673	449	536	659	774	1047	593	687	2031	1639	862	2004	1130	242	460	780	290	712	881	1554	950	448	242	1952	656	346	90	1179	477	676	471	685	807	944	386	748	1536	636	1431	1339	527	824	643	586	634	340	504	1618	916	562	823	770	758	674	2143	532	601	427	941	642	778	630	1967	825	791	814	601	917	1133	1021	330	266	400	466	426	331	689	752	653	441	117	412	1082	471	1018	339	599	440	445	1052	1066	348	306	1431	766	774	931	355	942	489	797	455	1390	475	1952	1721	723	943	330	732	381	667	879	147	443	605	774	497	775	1429	777	624	267	787	802	1359	1084	574	764	1905	452	466	806	967	1441	3169	242	995	1661	699	577	581	589	765	1892	759	472	397	1233	692	922	816	34	785
365	829	731	356	495	423	307	373	1556	163	375	41	521	1285	520	336	499	1597	1311	348	756	665	295	312	318	399	453	756	0	3095	225	1274	260	379	1595	434	198	385	188	1215	1219	1340	1578	1479	648	1326	451	692	258	418	333	189	1321	852	557	796	287	451	1457	1303	187	181	2919	1312	211	1646	329	262	498	434	274	648	437	333	581	787	218	1593	1787	815	461	1110	372	164	355	665	211	2105	609	696	541	163	366	1311	740	436	313	832	610	333	218	396	484	340	1343	456	258	171	1497	352	304	870	2695	1787	1578	2210	392	558	445	442	746	57	147	840	223	434	558	2217	610	545	844	447	299	810	286	169	1255	1665	507	424	2133	178	2080	2049	1222	105	844	687	541	592	263	1838	1281	196	1117	21	1485	823	2616	525	193	579	1372	364	354	181	1279	1548	1116	1552	216	1271	425	1409	507	505	502	292	1161	424	1356	31	234	775	721	1093	1835	367	520	417	217	451	357	1711	1284	407	946	2080	274	1102	1273	1073	425	326	181	352	663	283	2217	2430	375	1292	507	277	543	823	226	665	327	190	495	853	340	2128	355	746	489	1510	196	1792	1509	313	273	1287	529	1192	201	1369	2002	3898	558	607	2002	160	742	309	318	262	2457	264	1229	360	1517	164	612	207	740	350
2736	2853	2365	3044	2639	2672	2885	3035	1570	2990	2920	3118	2578	2389	3254	2769	2608	1551	2184	2753	2339	2438	3025	2879	2876	3336	2736	2339	3095	0	2878	2233	2839	2909	4565	2730	3121	2915	2938	2354	1931	1766	1593	1693	2464	4358	2716	2642	2863	2676	2772	3122	1801	3695	3650	2313	3012	2716	1665	2333	3112	2949	1346	1854	2964	2664	2801	2861	3227	3013	3031	2464	3011	2852	3100	2607	2993	1998	2861	2604	2745	2090	2927	3017	3434	2438	2939	1020	3325	3209	2556	2990	2731	4201	2356	2659	2874	2619	2792	2772	2993	3242	2711	3065	1862	2719	2863	2985	1652	3372	2893	2599	1240	2861	1593	2890	3460	2550	2732	3012	2415	3051	3218	3870	3285	2730	2550	2726	2792	2605	2250	3506	2808	2649	2810	3010	2224	1508	2651	2988	1647	2963	1465	1238	1931	3158	2580	2671	2833	2569	2839	2706	2345	2900	2463	3109	1656	2634	2163	2739	2931	2630	2224	2912	3048	2958	4253	1607	2422	1573	2925	2364	3458	2295	2621	2594	2662	2805	1958	2670	1881	3090	2972	2476	2382	2051	1276	2783	3254	2678	2924	2716	2770	1626	2584	2687	2196	1465	3063	2420	2383	2053	3204	2806	3117	2778	3717	2813	2726	1012	2984	2370	2621	3028	2625	2626	3197	2438	2775	2935	2997	2438	3051	1237	3047	2655	2606	1641	3119	2178	2213	2874	3061	4131	2679	1937	3123	2274	1797	1122	2550	3176	2443	3024	2615	2881	2884	3065	1754	3058	1866	2735	2493	3017	3081	3132	2356	3057
190	825	521	435	343	210	277	332	1352	214	383	241	300	1194	659	177	315	1398	1186	174	540	468	369	278	283	590	356	540	225	2878	0	1155	41	381	1816	322	350	391	173	1114	1027	1133	1384	1286	460	1551	337	505	172	210	174	345	1097	965	772	599	354	337	1233	1203	337	179	2754	1123	238	1602	218	176	632	492	354	460	494	282	661	707	168	1459	1766	738	374	937	384	244	581	468	209	1883	655	798	322	214	148	1455	522	223	275	761	577	174	168	555	383	432	1161	347	172	217	1299	514	281	798	2524	1766	1384	2179	617	371	341	500	581	174	340	1021	410	322	371	2168	577	397	630	671	157	746	75	242	1133	1469	372	471	1982	197	1912	1859	1031	315	763	615	399	445	123	1797	1182	87	1031	236	1286	756	2508	454	168	462	1258	366	435	193	1446	1351	1021	1349	197	1175	598	1308	346	309	373	77	936	214	1131	231	161	646	521	904	1614	158	659	211	196	337	135	1537	1228	198	762	1912	374	1005	1180	847	564	217	336	133	853	70	2168	2241	421	1199	346	355	409	753	410	468	165	171	423	729	424	1942	436	677	274	1312	348	1687	1400	275	372	1418	423	967	354	1263	1861	3701	371	709	1928	248	659	277	291	365	2318	362	1012	161	1450	244	683	363	522	436
965	661	798	1029	812	989	970	1473	779	1114	934	1314	975	178	1158	978	858	754	50	981	836	769	1049	964	959	1310	822	836	1274	2233	1155	0	1118	926	2413	845	1180	925	1087	120	530	731	691	616	747	2261	829	1364	1024	977	981	1186	1034	2114	1770	691	1044	829	1081	130	1179	1093	1696	527	1068	652	955	1020	1138	964	1064	747	962	941	977	505	1324	330	881	484	813	400	940	1124	1499	769	1063	1473	1808	1045	953	1114	1040	2586	869	981	962	481	714	981	1324	1200	791	1055	463	821	1024	1107	678	1627	974	446	1496	881	691	1192	1505	815	831	960	600	1263	1422	2103	1497	845	815	1124	714	758	795	1531	1005	511	1084	1117	29	760	784	950	887	1096	897	1005	526	1275	453	604	1424	710	1044	817	129	1111	236	1296	689	494	1353	753	1083	699	106	937	1034	1093	2548	701	203	777	1058	145	1699	189	811	880	784	1086	983	980	1283	1251	1314	508	746	523	1254	1188	1158	974	1057	829	1144	611	379	989	542	897	1089	207	166	996	1146	958	1186	1155	1922	1090	1124	1337	974	162	811	1060	747	490	1243	769	990	1085	1531	426	1044	1038	1033	555	954	682	1180	536	251	962	1088	2560	746	1024	1180	134	738	2795	815	1041	825	1130	542	967	960	1097	1187	1091	834	1004	434	1124	946	1186	869	1043
153	806	481	436	306	170	265	362	1311	225	373	279	262	1161	668	144	274	1357	1149	137	501	427	372	266	269	610	327	501	260	2839	41	1118	0	370	1844	292	367	381	177	1079	986	1093	1343	1245	419	1582	306	497	158	170	141	363	1061	1004	810	558	356	306	1197	1169	354	185	2713	1082	241	1574	192	161	640	488	359	419	490	266	658	676	205	1421	1741	708	347	896	375	257	613	427	210	1846	690	798	283	225	108	1495	483	182	262	732	555	141	205	568	353	436	1120	317	158	226	1258	555	270	768	2483	1741	1343	2152	648	331	312	495	541	211	379	1062	450	292	331	2139	555	360	591	702	130	717	35	253	1096	1428	337	465	1942	204	1871	1818	990	344	733	587	407	408	102	1769	1148	92	998	271	1245	727	2472	428	171	429	1221	356	437	200	1487	1310	987	1308	195	1141	639	1273	308	268	339	36	901	173	1101	262	196	610	480	863	1576	150	668	170	195	306	117	1496	1199	157	721	1871	381	972	1147	813	573	193	355	118	893	30	2139	2200	417	1165	308	359	373	724	432	427	132	175	446	693	427	1901	437	648	234	1272	365	1651	1364	262	379	1458	392	932	371	1228	1822	3660	331	710	1895	261	629	265	279	373	2279	370	973	120	1419	257	678	381	483	439
298	456	599	135	294	401	105	695	1340	219	10	421	494	916	372	271	361	1368	967	295	645	506	125	104	101	428	178	645	379	2909	381	926	370	0	1668	197	254	11	223	854	982	1146	1336	1234	468	1448	206	854	211	383	271	260	1220	1229	845	612	119	206	1345	939	252	222	2605	1066	171	1267	202	208	342	135	139	468	136	111	301	423	518	1253	1412	448	165	840	17	215	578	506	185	1963	980	446	498	219	390	1675	647	408	108	461	231	271	518	332	199	156	1079	199	212	211	1265	723	100	500	2390	1412	1336	1833	589	403	187	140	494	390	518	1179	590	197	403	1838	231	312	714	623	254	436	356	210	910	1425	267	107	1804	213	1776	1787	983	354	479	322	778	342	269	1459	917	297	748	400	1258	451	2250	181	223	281	1017	15	139	214	1625	1314	752	1337	191	905	786	1044	315	393	254	364	1070	394	1329	350	521	460	557	859	1694	517	372	378	191	206	476	1423	905	382	713	1776	166	739	905	1001	301	198	260	480	997	359	1838	2161	78	925	315	135	286	452	319	506	277	223	799	526	141	1854	138	377	443	1277	254	1426	1148	108	165	1657	230	1111	254	1008	1663	3637	403	364	1625	220	383	105	91	173	2113	166	1080	342	1139	215	314	260	647	147
1895	1752	2254	1532	1955	1984	1711	1859	2996	1640	1657	1591	2089	2307	1311	1860	2005	3015	2463	1881	2295	2167	1562	1716	1719	1255	1846	2295	1595	4565	1816	2413	1844	1668	0	1859	1494	1661	1695	2301	2634	2811	2975	2874	2132	319	1871	2268	1762	1973	1858	1496	2876	1652	1171	2280	1577	1871	3006	2356	1505	1684	4073	2711	1651	2344	1811	1762	1339	1555	1561	2132	1556	1742	1467	1967	1783	2726	2322	1974	1833	2476	1650	1608	1245	2167	1681	3631	1812	1372	2104	1640	1938	1612	2289	1996	1722	1963	1774	1858	1783	1336	1866	1513	2708	1865	1762	1642	2913	1500	1703	1990	3895	2322	2975	2693	1204	2058	1853	1555	2157	1651	1532	1288	1498	1859	2058	2798	1774	1980	2372	1148	1823	1933	1862	1614	2411	3062	1934	1581	3269	1666	3310	3393	2635	1501	2000	1896	2086	2010	1803	2469	2337	1759	2178	1590	2909	1949	3470	1829	1702	1941	2465	1667	1529	1671	1417	2959	2210	2993	1697	2318	1440	2437	1975	2029	1921	1870	2720	1982	2945	1585	1804	2089	2220	2516	3362	1962	1311	1970	1698	1871	1951	3005	2165	1965	2374	3310	1529	2206	2306	2641	1367	1806	1503	1947	1278	1861	2798	3746	1590	2325	1975	1563	1954	1955	1421	2167	1857	1698	1971	2130	1528	3442	1529	1917	2046	2924	1496	2752	2546	1722	1531	1691	1895	2757	1491	2429	3102	5209	2058	1393	2767	1602	1953	1714	1709	1529	3493	1536	2747	1914	2369	1608	1490	1481	2289	1520
