NAME : VRPTW_INSTANCE_74.txt
COMMENT : Bangkok Supermarket
TYPE : VRPTW
DIMENSION : 320
DAYS : Wednesday
EDGE_WEIGHT_TYPE : EXPLICIT
VEHICLES : 41
EDGE_WEIGHT_FORMAT : FULL_MATRIX
CAPACITY : 1000
EDGE_WEIGHT_SECTION
0	135	1749	1838	14	103	372	192	506	400	312	590	300	256	308	589	153	1430	510	402	239	839	759	67	401	978	847	1190	2784	1092	67	404	993	826	842	258	83	335	124	85	504	46	190	152	1221	348	843	520	1025	1079	431	539	1728	1088	618	996	51	607	546	514	153	34	650	1606	1516	1190	1851	623	668	418	531	301	402	405	620	212	474	283	1121	1329	1083	382	2078	422	289	248	195	1813	550	413	534	118	1447	1735	1810	493	24	309	119	410	1903	213	351	3174	150	283	121	217	677	394	944	486	820	589	221	177	1469	344	447	153	1041	1005	1118	2049	155	920	190	1036	88	1594	404	23	761	172	2128	258	1571	820	153	309	534	208	400	661	400	223	362	1213	436	891	1262	893	621	1113	869	216	225	970	369	367	671	568	191	119	420	145	356	1036	210	97	891	535	474	3197	359	1032	268	1221	1087	309	194	2034	447	1116	993	241	367	620	442	382	371	464	348	640	221	135	211	495	608	153	155	202	223	1490	257	541	272	266	118	244	1213	1630	304	674	411	212	982	404	97	91	133	425	341	330	1065	373	128	1183	1144	489	1574	431	97	1627	189	815	206	486	308	1066	345	264	91	255	212	1056	405	1190	371	118	1347	1818	540	624	399	1064	120	262	408	641	1079	358	957	118	620	428	818	650	402	248	578	96	491	200	133	631	311	193	300	379	586	131	1092	2064	624	24	22	1727	419	97	1430	1056	101	1862	202	539	595	306	1251	1330	288	548	255	589	436	586	650	609	258	255	113	546	525	1231	1386	33	527	609	236	359
135	0	1759	1971	123	230	505	222	374	283	227	458	429	304	223	610	153	1425	456	266	104	891	884	70	266	1027	977	1315	2893	1228	70	268	1056	961	913	123	53	444	237	213	371	174	101	277	1252	225	888	654	924	1134	339	564	1743	1213	541	1046	158	630	673	401	244	101	531	1605	1553	1315	1723	521	589	307	473	166	286	269	543	345	407	405	1020	1195	1203	272	2204	305	377	284	167	1861	641	278	669	244	1527	1769	1682	362	113	438	147	297	1779	265	230	3285	104	405	148	223	675	269	943	621	956	610	291	208	1509	220	315	244	1106	1073	1252	2174	256	798	101	1102	145	1472	539	128	812	198	2230	123	1693	956	244	360	477	72	265	561	292	274	238	1332	342	914	1397	1022	660	1244	745	81	90	1004	240	239	569	585	165	148	552	276	326	1082	266	77	914	473	407	3331	350	1006	297	1347	1223	221	171	2084	532	1251	1116	291	239	503	462	272	504	576	226	571	86	246	116	519	633	153	256	162	274	1505	295	408	391	290	244	109	1332	1636	220	742	298	345	1105	291	139	142	250	308	243	459	972	246	161	1062	1194	515	1706	556	139	1640	306	925	292	427	224	1123	222	304	142	340	345	1113	269	1315	504	244	1375	1866	477	647	263	942	247	310	543	507	1134	231	1010	244	543	547	929	531	286	284	598	76	515	333	259	496	227	318	429	253	614	4	1228	2189	647	111	113	1827	549	117	1294	1086	194	1859	332	564	621	413	1372	1377	202	488	303	459	344	600	571	691	380	340	140	486	660	1366	1414	102	469	691	101	494
1749	1759	0	2206	1757	1803	1699	1559	1745	1631	1573	1973	1647	2002	1575	1160	1890	369	1346	1791	1786	972	1575	1739	1791	848	2125	1629	2170	2000	1739	1797	909	1926	1054	1794	1745	1987	1657	1792	1754	1776	1665	1828	567	1674	947	1713	2546	804	1520	1210	76	1614	1351	837	1797	1141	1594	1581	1610	1748	1599	200	400	1629	2964	1479	2310	1603	1343	1803	1630	1787	1352	1811	2154	1614	2630	2387	1508	1973	2073	1631	1997	1501	1920	526	1334	1790	1841	1808	933	306	2933	1733	1761	1651	1863	1615	3080	1960	1664	2511	1857	1614	1865	1543	2425	1679	2693	1804	1910	1160	1536	1574	451	1681	1738	1610	894	938	1882	2045	1618	2308	1665	902	1836	2849	1745	1772	1037	1581	1546	1794	1695	1910	1610	1445	1336	1759	1795	1458	1995	1971	1681	1512	1524	861	2271	2180	1138	1761	2256	1758	1787	803	1704	1703	2233	1181	1917	1863	1675	1800	2084	790	1957	1699	861	1352	2154	3373	2101	817	1481	2473	2041	1581	1922	660	1380	1999	1546	1988	1704	1595	1307	1973	1692	1489	1673	1306	1787	1646	1658	1253	1142	1890	1618	1918	1971	262	2006	1763	1602	2015	1808	1785	1512	128	1577	1158	1612	1811	1550	1614	1843	1662	1838	1629	1974	1644	2623	1695	1875	2526	728	1260	1986	1600	1843	127	1629	1365	1562	1381	1572	823	1678	1484	1662	1523	1811	834	1787	1629	1692	1808	443	526	1350	1125	1794	2416	1808	2009	1739	1801	804	1692	880	1808	1352	1547	1376	1599	1630	1501	2326	1701	1257	1702	1681	1825	1570	1656	1647	1683	1164	1760	2000	2054	1125	1755	1755	1319	1647	1669	2313	713	1844	205	1829	1210	1154	1541	1559	589	1590	1335	2001	2001	1518	1164	2293	1261	1619	1523	1856	1338	1764	2049	417	1754	1346	1261	1787	1724
1838	1971	2206	0	1851	1765	1466	1828	2314	2169	2042	2429	1543	1878	2040	1783	1937	2178	2056	2230	2075	1588	1105	1900	2229	1598	1167	715	1350	788	1900	2233	1484	1053	1452	2094	1918	1671	1738	1777	2314	1809	1982	1730	1779	2140	1633	1318	2790	1546	2130	1768	2133	800	2193	1591	1835	1773	1306	2250	1749	1871	2384	2235	1807	715	3683	2292	2403	2171	2081	2137	2171	2231	2197	1653	2220	1572	2881	3166	862	2207	442	2190	1765	1799	1981	1797	1468	2240	1331	1753	1273	1942	3642	2298	1862	1533	1904	2170	3725	1870	2139	1666	1970	1572	1905	1862	2150	2186	2294	1368	1052	1783	1741	1833	1760	2141	2257	1749	1460	1436	723	434	1730	2745	1982	1453	1877	3412	1437	1851	1601	1843	1067	2094	511	1052	1749	1739	2077	2040	2229	2317	2222	1874	2157	777	2137	1781	794	1165	1697	730	2697	2047	2062	1712	2173	2171	2464	1803	1977	1903	1418	1717	2066	1619	1865	1907	1781	2096	2220	1371	2026	2150	1809	1105	816	2045	1976	1876	1559	761	909	1875	2171	2355	1798	2207	1466	1437	2140	2178	2058	1731	1998	1781	1761	1937	1730	1996	1874	2028	1901	2350	1589	1928	1753	2080	777	2176	2037	1528	2169	1653	916	2163	1891	1845	1765	2192	2157	1513	2800	2174	1899	3001	1594	1769	275	1421	1891	2106	1673	1167	1718	2065	2036	1532	2140	1785	1845	1685	1653	1527	2231	715	1466	1753	1845	1800	2100	1768	2227	2888	1750	1879	1433	2451	1546	2158	1570	1753	2197	1444	1157	2384	2171	1799	2024	1907	1781	1638	1712	2448	2038	1655	1543	2174	1753	1967	788	444	1768	1863	1861	965	1422	1874	3253	1755	1829	2410	1675	1768	1761	1588	722	1649	2029	2093	1878	2427	2133	1814	2390	1476	1597	1685	1904	2095	1318	653	1847	1872	2079	1476	2073	1479
14	123	1757	1851	0	111	385	198	496	392	307	577	314	250	303	596	141	1436	510	390	226	850	773	57	390	988	856	1204	2798	1104	57	392	1004	838	854	245	72	340	137	93	493	53	184	160	1230	339	853	534	1011	1090	427	546	1735	1102	616	1007	49	615	560	507	164	24	642	1612	1526	1204	1837	617	654	411	531	289	395	393	618	222	461	297	1107	1316	1097	368	2092	415	289	255	183	1824	563	401	546	125	1460	1745	1796	483	10	323	108	403	1889	207	342	3188	137	297	110	221	668	385	936	498	832	596	232	183	1479	335	436	164	1053	1017	1131	2063	168	906	184	1048	79	1580	417	15	771	177	2142	245	1585	832	164	318	534	196	388	656	386	218	353	1227	432	899	1273	902	630	1127	855	204	212	980	359	358	657	575	178	108	433	154	344	1046	206	92	899	534	461	3210	349	1036	275	1229	1099	304	182	2045	460	1128	1007	236	357	613	449	368	385	478	339	639	208	148	204	503	616	141	168	189	218	1498	251	531	286	258	125	232	1227	1637	300	686	403	222	996	396	87	95	138	417	327	344	1051	364	119	1169	1155	497	1588	445	87	1635	203	829	218	486	303	1077	336	272	95	267	222	1067	393	1204	385	125	1356	1828	539	632	387	1050	127	257	421	630	1090	348	968	125	618	442	832	642	395	255	571	91	499	213	147	619	306	207	314	369	594	119	1104	2078	632	11	10	1740	433	98	1418	1065	99	1868	211	546	603	319	1265	1340	283	547	249	575	432	593	637	622	272	267	102	546	538	1243	1395	21	526	622	224	373
103	230	1803	1765	111	0	305	268	605	503	415	670	254	207	411	646	176	1494	604	495	330	869	705	168	495	1008	747	1135	2747	1007	168	496	1012	738	856	348	182	235	145	18	602	57	294	49	1263	450	879	449	1063	1104	534	594	1777	1032	717	1026	73	663	494	618	193	135	753	1666	1552	1135	1918	726	691	522	626	391	506	498	719	116	495	252	1159	1410	1036	443	2020	526	202	314	223	1839	551	507	445	14	1446	1773	1877	592	118	260	141	514	1965	169	454	3136	205	252	142	301	639	495	901	400	733	646	267	255	1503	446	545	193	1058	1019	1042	1991	184	982	294	1052	112	1654	327	102	792	254	2101	348	1519	733	193	358	628	303	493	765	458	179	464	1167	539	941	1168	792	666	1046	933	311	315	1012	469	468	715	628	218	140	357	48	356	1067	165	201	941	631	495	3117	344	1110	337	1118	999	412	219	2057	458	1031	943	194	467	724	504	443	306	440	450	737	311	156	314	554	662	176	184	236	179	1542	218	639	249	236	14	335	1167	1686	407	694	514	116	931	507	126	181	37	528	394	281	1095	474	139	1242	1172	545	1505	383	126	1679	184	786	240	582	410	1089	447	327	181	281	116	1078	498	1135	306	14	1390	1843	636	678	492	1126	17	213	332	737	1104	459	985	14	719	394	788	753	506	314	528	200	550	148	125	725	413	169	254	480	639	226	1007	2007	678	122	120	1703	362	196	1518	1100	68	1924	101	594	649	299	1202	1359	391	643	206	664	539	647	675	617	231	281	140	642	446	1147	1428	131	622	617	327	287
372	505	1699	1466	385	305	0	401	862	731	614	962	94	468	611	614	481	1433	721	768	609	728	402	434	767	859	548	830	2451	728	434	770	831	471	670	629	452	329	280	315	861	343	528	279	1136	692	752	149	1366	934	723	566	1662	727	857	873	371	623	196	831	304	405	971	1590	1398	830	2220	911	988	741	747	672	734	770	860	208	794	138	1461	1701	736	746	1715	754	387	399	528	1655	366	779	200	295	1207	1621	2179	847	396	84	446	737	2269	444	693	2839	507	138	447	441	867	739	1107	146	463	614	329	400	1345	691	803	304	868	825	746	1686	283	1286	528	862	416	1959	55	385	662	408	1817	628	1215	463	304	379	747	575	767	944	762	452	708	867	730	856	923	602	590	743	1236	583	596	896	720	719	1020	611	523	445	53	260	647	919	439	445	856	758	794	2826	622	1116	419	942	729	615	523	1864	328	751	640	460	719	941	517	746	7	214	692	862	592	276	546	543	616	481	283	541	452	1437	487	898	159	512	295	615	867	1593	608	541	736	208	628	730	430	387	313	756	699	73	1394	723	444	1546	1009	530	1203	109	430	1572	223	512	295	713	608	917	691	396	387	287	208	905	770	830	7	295	1264	1659	763	633	765	1430	292	472	53	999	934	707	830	295	860	154	511	971	734	399	740	445	540	172	249	993	611	197	94	725	594	501	728	1701	633	396	394	1423	67	416	1797	986	373	1845	233	566	606	201	900	1192	596	764	468	961	727	630	972	440	157	287	445	764	162	865	1297	405	743	440	607	27
192	222	1559	1828	198	268	401	0	487	341	216	638	307	448	214	400	331	1238	344	418	298	669	724	182	418	806	937	1146	2691	1123	182	423	833	872	690	315	192	497	144	252	488	226	170	309	1038	314	668	541	1142	912	321	351	1539	1047	470	825	242	419	522	432	101	188	572	1414	1337	1146	1902	510	812	345	369	350	343	419	473	335	628	267	1237	1352	1023	490	2031	363	469	62	365	1641	430	427	596	278	1307	1554	1862	470	201	318	303	343	1967	405	312	3083	306	267	305	41	865	359	1133	543	863	400	87	15	1292	315	432	101	883	850	1123	2000	122	996	170	879	277	1666	450	213	590	24	2021	315	1513	863	101	137	370	260	419	545	511	415	331	1149	328	704	1324	989	441	1097	942	264	291	789	348	347	787	378	361	304	434	287	531	862	402	148	704	376	628	3197	543	843	78	1326	1127	219	366	1864	319	1144	944	433	347	542	252	490	397	395	314	483	288	141	181	307	421	331	122	366	415	1301	449	524	247	456	278	301	1149	1439	211	519	342	335	934	336	283	102	304	364	466	334	1193	348	315	1260	973	301	1557	411	283	1438	179	730	110	328	211	900	314	82	102	144	335	890	419	1146	397	278	1163	1645	381	436	417	1139	279	454	451	623	912	333	788	278	473	384	735	572	343	62	769	150	303	256	182	622	213	211	307	347	400	222	1123	2015	436	196	196	1618	421	112	1425	873	291	1670	339	351	408	239	1192	1156	201	385	447	647	326	395	794	474	245	144	296	385	563	1256	1202	195	364	474	297	402
506	374	1745	2314	496	605	862	487	0	157	282	227	776	634	284	719	489	1384	420	123	280	1035	1211	439	123	1153	1352	1633	3148	1591	439	124	1215	1329	1101	264	423	810	581	587	8	548	334	652	1317	173	1017	1010	801	1269	249	693	1746	1534	395	1173	532	741	1007	164	565	472	209	1567	1622	1633	1432	283	606	171	415	227	156	118	394	719	517	743	887	868	1507	323	2515	142	732	524	469	1951	897	111	1039	619	1713	1819	1392	17	487	786	502	164	1507	606	174	3541	433	743	502	455	876	128	1119	989	1322	719	574	481	1587	172	59	565	1268	1245	1603	2485	584	582	334	1266	512	1218	902	503	964	471	2466	264	1996	1322	565	595	422	302	127	316	336	611	156	1631	243	985	1769	1397	801	1583	526	294	294	1095	141	143	499	689	471	503	904	650	550	1198	608	419	985	403	517	3681	600	933	519	1719	1589	277	476	2175	788	1613	1430	625	143	191	607	323	860	882	173	440	298	587	316	654	749	489	584	454	611	1513	617	36	725	600	619	274	1631	1618	285	938	167	719	1421	170	502	474	624	142	364	805	877	140	514	831	1313	659	2043	893	502	1640	644	1208	595	387	288	1263	173	541	474	631	719	1254	118	1633	860	619	1425	1954	403	756	127	711	622	639	905	137	1269	156	1147	619	394	870	1214	209	156	524	847	419	652	693	613	135	287	666	776	139	738	378	1591	2500	756	484	486	2065	896	446	939	1159	564	1806	706	693	739	726	1676	1479	290	419	633	256	249	695	592	925	718	631	497	416	1023	1727	1466	474	413	925	283	855
400	283	1631	2169	392	503	731	341	157	0	127	363	641	580	129	567	427	1276	286	160	221	883	1064	334	159	1004	1243	1482	2991	1459	334	165	1062	1202	945	215	322	727	452	485	161	445	211	552	1180	62	866	876	929	1119	110	539	1627	1383	305	1023	436	589	863	118	428	367	250	1459	1485	1482	1589	245	684	31	288	200	2	156	305	610	555	605	1019	1024	1354	358	2362	23	661	372	422	1811	741	159	917	517	1559	1688	1550	140	385	652	428	18	1664	544	54	3384	370	605	429	306	892	48	1150	865	1194	567	427	337	1448	70	118	428	1114	1090	1464	2331	448	728	211	1112	428	1374	775	402	810	328	2309	215	1842	1194	428	440	295	223	164	285	378	552	58	1477	107	843	1649	1291	646	1438	672	216	232	951	76	75	602	537	422	429	769	545	544	1050	546	304	843	279	555	3538	586	831	365	1621	1460	123	428	2036	633	1481	1279	568	77	220	450	358	728	733	61	345	235	455	190	498	597	427	448	410	552	1391	567	192	586	556	517	217	1477	1504	131	781	20	610	1270	17	422	347	528	25	378	669	999	67	443	983	1165	503	1897	751	422	1521	509	1052	451	251	133	1112	67	387	347	483	610	1103	156	1482	728	517	1292	1815	281	605	163	862	520	585	777	287	1119	69	995	517	305	724	1059	250	2	372	840	304	496	568	487	291	131	534	641	54	585	288	1459	2346	605	381	382	1907	759	321	1086	1019	477	1704	602	539	587	580	1523	1335	139	296	578	385	113	545	669	767	581	483	422	293	893	1594	1332	371	285	767	224	728
312	227	1573	2042	307	415	614	216	282	127	0	469	522	530	3	465	380	1228	237	248	215	776	937	255	247	902	1139	1354	2868	1339	255	253	953	1086	829	221	248	647	339	396	285	358	128	463	1096	122	763	756	1019	1016	119	431	1563	1256	314	922	356	487	738	217	309	284	357	1409	1401	1354	1713	311	738	129	250	231	129	246	316	513	583	484	1111	1151	1226	400	2234	148	593	244	390	1722	614	252	805	428	1446	1610	1674	265	303	532	371	127	1786	490	116	3261	329	484	373	180	891	157	1156	752	1077	465	301	215	1362	127	235	309	1005	979	1340	2203	330	836	128	1002	362	1492	661	320	701	206	2188	221	1715	1077	309	312	256	195	250	350	422	500	137	1349	124	756	1536	1188	538	1312	780	192	220	859	160	158	677	436	389	372	649	451	538	952	491	215	756	249	583	3412	570	795	237	1522	1342	7	395	1947	505	1360	1151	517	159	327	336	400	610	605	122	344	220	341	110	388	494	380	330	382	500	1325	522	318	464	517	428	214	1349	1448	7	662	126	513	1142	120	360	242	445	149	402	549	1082	156	386	1095	1066	390	1770	628	360	1458	391	925	327	205	5	1007	125	260	242	356	513	999	246	1354	610	428	1213	1726	253	504	249	974	430	536	662	415	1016	144	891	428	316	599	932	357	129	244	821	216	385	456	376	417	4	419	522	149	479	230	1339	2219	504	298	299	1786	637	220	1214	932	403	1660	508	431	483	455	1395	1241	24	264	529	486	124	446	721	643	461	356	364	262	776	1472	1253	290	246	643	217	613
590	458	1973	2429	577	670	962	638	227	363	469	0	887	625	469	929	511	1611	643	223	355	1243	1342	529	223	1366	1396	1772	3328	1677	529	218	1421	1408	1298	336	511	830	695	656	219	621	467	710	1541	346	1228	1111	573	1481	468	898	1974	1670	622	1386	597	951	1131	392	693	557	403	1794	1846	1772	1267	503	416	385	640	294	363	224	621	785	389	863	660	740	1655	252	2660	355	739	688	474	2173	1067	217	1115	683	1915	2045	1226	241	566	897	538	376	1328	610	353	3720	467	863	537	616	749	319	965	1070	1403	929	723	628	1810	342	245	693	1474	1448	1708	2630	709	367	467	1471	560	1028	993	578	1169	617	2653	336	2146	1403	693	765	647	392	221	532	249	612	332	1783	463	1206	1828	1434	1006	1703	311	385	368	1314	309	310	288	900	478	539	1010	718	483	1413	615	527	1206	629	389	3787	538	1160	689	1738	1669	462	481	2398	956	1702	1572	620	309	395	805	252	962	1026	347	667	372	703	456	856	959	511	709	457	612	1741	603	212	848	580	683	351	1783	1845	469	1131	378	785	1561	379	547	592	677	357	309	918	650	314	546	626	1528	859	2164	1014	547	1868	762	1368	735	610	473	1474	343	707	592	778	785	1465	224	1772	962	683	1651	2177	630	968	223	505	685	628	997	213	1481	325	1358	683	621	1002	1373	403	363	688	752	526	854	790	718	183	473	776	887	322	946	462	1677	2645	968	566	568	2250	1008	563	857	1381	612	2031	767	898	948	863	1825	1698	467	645	624	34	469	908	405	1104	837	778	536	642	1114	1817	1691	557	638	1104	357	950
300	429	1647	1543	314	254	94	307	776	641	522	887	0	443	519	537	427	1369	627	686	532	682	458	358	686	817	641	890	2493	817	358	689	802	564	641	551	376	346	195	259	775	280	441	242	1089	604	702	235	1316	901	629	487	1614	787	763	833	309	547	245	739	213	331	879	1531	1362	890	2151	816	945	649	653	594	644	688	766	187	749	45	1411	1623	785	682	1778	664	383	305	474	1630	330	697	294	247	1207	1584	2110	761	325	10	390	646	2203	412	604	2883	445	45	392	348	862	651	1113	240	555	537	234	307	1310	603	718	213	843	801	828	1748	192	1221	441	837	358	1895	147	317	611	315	1848	551	1271	555	213	288	653	497	685	850	699	421	621	916	636	795	1016	695	522	815	1169	504	519	844	634	632	965	530	469	390	128	217	609	878	407	363	795	664	749	2907	591	1036	325	1035	820	523	471	1844	267	839	694	432	633	849	430	682	89	194	604	768	515	189	459	460	542	427	192	486	421	1385	459	812	65	481	247	537	916	1538	516	496	645	187	682	639	372	302	272	666	638	30	1349	636	391	1483	974	448	1277	131	372	1521	132	533	200	618	516	885	604	301	302	193	187	873	688	890	89	247	1218	1635	669	558	684	1365	245	448	146	913	901	620	790	247	766	142	534	879	644	305	740	364	457	105	169	908	519	111	0	638	519	425	817	1764	558	325	323	1450	121	331	1713	934	322	1787	211	487	531	116	952	1159	504	670	443	888	634	550	929	402	62	193	388	670	255	952	1252	333	649	402	530	102
256	304	2002	1878	250	207	468	448	634	580	530	625	443	0	526	842	153	1686	752	511	363	1076	867	285	511	1215	780	1288	2919	1098	285	511	1219	827	1062	374	286	213	349	213	628	225	402	201	1467	518	1085	593	914	1311	644	791	1979	1186	845	1233	205	860	664	697	393	265	819	1861	1758	1288	1816	823	530	606	771	408	582	516	847	261	342	451	1007	1346	1202	373	2162	599	118	503	164	2046	756	523	548	206	1648	1979	1775	626	249	447	159	595	1850	43	525	3305	209	451	157	472	432	555	695	517	827	842	467	433	1710	511	580	393	1265	1226	1156	2135	387	880	402	1259	175	1536	471	235	999	428	2285	374	1675	827	393	558	775	356	508	863	379	32	527	1333	647	1142	1218	814	869	1180	837	363	349	1217	522	522	587	823	162	158	521	229	188	1274	45	328	1142	773	342	3210	154	1287	524	1113	1081	525	157	2265	666	1124	1105	14	521	791	697	373	472	636	518	873	346	360	419	749	860	153	387	180	32	1742	23	662	451	50	206	368	1333	1884	523	901	596	261	1093	589	173	346	176	602	316	466	934	530	144	1128	1379	742	1628	564	173	1879	392	974	443	725	527	1297	514	518	346	487	261	1286	516	1288	472	206	1595	2051	777	876	507	1019	207	6	477	749	1311	518	1192	206	847	585	974	819	582	503	324	327	745	345	332	730	530	374	443	540	838	300	1098	2150	876	254	254	1889	533	347	1480	1304	158	2118	236	791	847	504	1364	1566	506	787	1	610	648	840	515	823	433	487	166	785	576	1239	1632	258	766	823	359	444
308	223	1575	2040	303	411	611	214	284	129	3	469	519	526	0	466	377	1230	240	248	212	776	934	251	247	903	1135	1352	2867	1336	251	253	953	1082	829	218	244	643	336	392	287	354	124	459	1098	122	764	753	1018	1017	123	431	1566	1254	318	923	352	488	736	220	306	280	360	1412	1403	1352	1714	315	736	131	254	229	131	246	320	509	580	481	1110	1152	1224	398	2232	150	589	242	386	1723	613	252	801	425	1446	1611	1675	267	299	529	367	130	1786	486	116	3260	325	481	369	177	888	157	1153	749	1074	466	299	212	1363	127	236	306	1005	979	1337	2202	327	836	124	1003	358	1492	657	317	701	203	2188	218	1713	1074	306	311	259	192	250	354	420	496	137	1348	128	758	1533	1185	538	1309	780	189	217	860	160	159	675	437	385	368	646	447	534	953	487	211	758	252	580	3410	566	798	235	1518	1339	6	391	1948	504	1357	1149	513	159	330	336	398	607	603	122	347	217	338	106	388	495	377	327	378	496	1328	518	320	461	514	425	211	1348	1450	3	662	129	509	1140	123	356	238	441	151	399	546	1081	156	382	1095	1067	391	1768	625	356	1461	387	924	324	208	4	1008	125	258	238	354	509	999	246	1352	607	425	1215	1727	256	505	248	974	427	533	659	416	1017	144	892	425	320	596	930	360	131	242	818	212	385	453	373	419	5	415	519	150	480	226	1336	2217	505	294	295	1786	634	216	1216	934	399	1663	504	431	483	452	1393	1242	20	268	525	486	128	448	719	642	458	354	360	266	773	1470	1255	286	250	642	214	609
589	610	1160	1783	596	646	614	400	719	567	465	929	537	842	466	0	732	849	320	713	656	316	726	581	712	437	1142	1068	2454	1202	581	718	496	1006	397	668	590	847	500	634	725	617	525	675	642	586	298	693	1484	551	471	51	1139	985	434	457	637	22	605	581	452	588	681	1020	945	1068	2136	561	1189	549	338	689	568	710	438	670	1015	494	1577	1555	923	853	1900	578	845	340	764	1259	338	716	801	652	996	1159	2098	703	601	543	703	556	2220	800	578	2846	703	494	705	387	1265	610	1533	751	992	0	378	415	902	592	686	452	549	528	1152	1869	462	1296	525	547	676	1936	668	611	247	423	1764	668	1381	992	452	287	332	623	715	573	875	811	598	1026	478	304	1449	1199	92	1083	1240	624	654	397	622	621	1140	30	761	704	612	648	930	486	797	544	304	353	1015	3146	943	501	321	1534	1222	473	766	1484	298	1216	876	828	622	659	148	853	607	450	585	408	653	490	523	93	30	732	462	764	811	901	846	750	478	855	652	657	1026	1041	467	261	554	670	871	552	683	502	682	577	842	544	1547	616	715	1550	600	100	1508	546	683	1038	482	616	407	345	462	544	589	324	502	374	670	535	710	1068	607	652	765	1263	356	38	714	1429	652	849	665	829	551	607	428	652	438	491	626	681	568	340	1166	545	97	563	528	842	461	513	537	608	30	610	1202	1883	38	596	595	1367	586	511	1577	476	684	1277	684	51	23	420	1078	776	474	344	841	949	471	31	1171	310	491	374	697	347	737	1313	804	595	337	310	657	632
153	153	1890	1937	141	176	481	331	489	427	380	511	427	153	377	732	0	1564	608	368	212	991	881	151	368	1129	885	1311	2921	1172	151	368	1146	901	995	225	147	325	274	168	484	150	254	206	1369	365	994	624	888	1232	492	683	1871	1209	695	1148	120	751	670	545	306	144	668	1741	1666	1311	1746	669	520	453	625	262	429	373	696	283	325	419	984	1248	1212	271	2196	447	243	392	47	1965	701	380	610	186	1599	1884	1705	480	134	434	37	442	1790	118	372	3310	57	419	35	347	535	403	803	569	897	732	373	316	1620	359	433	306	1194	1158	1213	2168	308	808	254	1189	70	1478	501	129	912	309	2271	225	1696	897	306	458	630	203	365	710	285	125	375	1343	495	1036	1317	925	770	1221	760	210	198	1119	371	370	539	709	42	37	533	221	203	1187	120	192	1036	626	325	3285	211	1153	410	1238	1161	375	43	2186	600	1197	1119	141	370	640	584	271	483	606	366	724	195	286	270	639	753	0	308	60	125	1633	142	519	412	137	186	217	1343	1769	373	827	443	283	1107	436	57	230	172	450	220	456	922	379	37	1066	1296	633	1679	558	57	1769	335	956	360	579	378	1219	361	410	230	408	283	1208	373	1311	483	186	1494	1970	630	768	364	952	188	158	506	610	1232	366	1109	186	696	565	958	668	429	392	448	191	635	321	274	594	381	331	427	388	731	150	1172	2183	768	139	139	1871	538	221	1367	1204	108	1997	262	683	740	453	1378	1481	356	641	151	502	497	726	504	762	396	408	40	639	619	1312	1533	138	621	762	209	463
1430	1425	369	2178	1436	1494	1433	1238	1384	1276	1228	1611	1369	1686	1230	849	1564	0	995	1436	1442	734	1383	1412	1435	643	1907	1531	2360	1843	1412	1441	737	1726	848	1449	1417	1695	1349	1482	1392	1462	1328	1524	401	1322	698	1472	2183	649	1166	901	389	1493	989	640	1480	833	1359	1219	1300	1425	1232	182	474	1531	2600	1113	1959	1247	989	1455	1275	1432	990	1518	1811	1331	2266	2020	1392	1625	2120	1274	1694	1183	1590	762	1081	1434	1595	1501	960	552	2568	1372	1439	1374	1539	1259	2714	1643	1312	2723	1527	1331	1541	1217	2099	1324	2367	1553	1710	849	1227	1253	490	1330	1379	1300	743	779	1744	2090	1311	1941	1328	751	1515	2480	1483	1452	783	1258	1693	1449	1679	1710	1300	1136	983	1418	1440	1092	1646	1654	1328	1428	1169	576	2114	1964	847	1633	1889	1416	1445	558	1350	1349	1876	865	1587	1540	1417	1497	1752	598	1641	1371	576	997	1811	3432	1773	451	1162	2278	1879	1235	1593	951	1104	1847	1407	1672	1350	1229	990	1625	1425	1233	1321	944	1445	1339	1319	940	836	1564	1311	1587	1654	219	1688	1400	1317	1694	1501	1442	1428	241	1232	908	1256	1518	1409	1259	1520	1340	1531	1272	1630	1370	2261	1341	1552	2158	589	949	1933	1343	1520	289	1330	1186	1257	1030	1227	667	1327	1168	1340	1223	1518	674	1432	1531	1425	1501	343	764	995	819	1439	2048	1501	1693	1478	1434	649	1339	676	1501	990	1288	1198	1232	1275	1183	2008	1372	944	1409	1377	1459	1225	1360	1369	1329	859	1427	1843	2101	819	1434	1434	1393	1389	1344	1952	478	1529	433	1533	901	848	1256	1480	544	1246	980	1685	1640	1163	847	1943	1013	1332	1223	1532	983	1521	1915	353	1431	992	1013	1444	1455
510	456	1346	2056	510	604	721	344	420	286	237	643	627	752	240	320	608	995	0	446	452	632	962	467	445	741	1268	1347	2774	1410	467	451	812	1178	717	457	465	838	488	587	427	553	355	648	897	327	608	844	1214	857	176	310	1341	1256	140	760	560	340	792	267	443	491	360	1178	1202	1347	1818	244	964	259	26	460	286	442	143	680	818	582	1303	1235	1208	629	2203	289	799	324	623	1530	588	445	921	616	1313	1402	1780	404	509	637	593	270	1904	710	317	3166	560	582	595	306	1128	334	1393	867	1167	320	395	353	1167	334	399	443	865	847	1386	2172	463	1002	355	864	578	1625	775	525	567	352	2084	457	1682	1167	443	346	25	433	449	262	650	720	334	1320	180	565	1633	1322	410	1336	947	430	457	676	357	356	888	291	621	594	742	629	775	782	710	424	565	39	818	3426	805	558	303	1661	1421	244	627	1755	499	1428	1148	738	357	339	258	629	716	639	326	141	458	485	341	283	350	608	463	616	720	1105	747	446	561	745	616	451	1320	1220	243	570	268	680	1141	269	578	423	639	287	637	648	1285	349	608	1248	896	293	1781	698	578	1235	514	897	431	34	238	852	331	325	423	434	680	844	442	1347	716	616	1007	1534	44	353	448	1129	617	759	774	516	857	345	737	616	143	654	907	360	286	324	1054	425	282	597	527	531	235	548	627	337	345	459	1410	2186	353	503	504	1687	723	412	1258	739	610	1426	683	310	343	527	1370	1059	258	42	751	668	174	292	948	590	566	434	586	42	876	1535	1048	497	22	590	454	728
402	266	1791	2230	390	495	768	418	123	160	248	223	686	511	248	713	368	1436	446	0	165	1024	1133	335	0	1150	1241	1561	3106	1493	335	5	1201	1228	1076	148	318	691	491	478	117	440	251	541	1335	126	1011	917	774	1264	270	679	1787	1460	458	1170	421	735	925	238	483	367	324	1619	1641	1561	1483	372	526	189	448	106	160	5	458	611	411	657	865	938	1441	213	2447	162	612	466	347	1965	845	12	936	509	1694	1845	1443	117	380	696	383	176	1549	484	134	3498	313	657	384	394	764	112	1013	888	1222	713	505	409	1603	121	76	483	1254	1227	1514	2417	500	589	251	1251	396	1250	805	395	949	398	2430	148	1931	1222	483	542	455	194	4	409	229	489	114	1567	267	997	1663	1284	786	1500	533	186	180	1102	91	92	442	683	349	385	812	542	430	1198	487	323	997	439	411	3593	479	990	466	1603	1489	241	354	2190	734	1517	1359	502	91	301	584	213	766	811	127	500	184	498	237	636	741	368	500	331	489	1551	494	150	641	477	509	159	1567	1664	247	908	179	611	1349	177	385	384	511	164	246	716	841	98	395	850	1313	639	1962	809	385	1681	556	1149	520	411	252	1256	123	485	384	561	611	1247	5	1561	766	509	1449	1969	441	751	4	728	512	516	808	243	1264	105	1140	509	458	792	1154	324	160	466	728	322	634	596	519	230	252	575	686	108	727	270	1493	2432	751	378	380	2027	807	355	1029	1173	449	1864	597	679	730	650	1610	1486	244	456	510	238	273	692	511	881	632	561	379	453	926	1631	1490	368	445	881	168	759
239	104	1786	2075	226	330	609	298	280	221	215	355	532	363	212	656	212	1442	452	165	0	952	986	174	165	1085	1075	1416	2985	1331	174	166	1122	1064	985	19	157	530	339	313	276	276	133	375	1296	158	945	758	845	1195	304	614	1774	1315	512	1104	256	678	775	337	339	205	456	1624	1600	1416	1622	466	532	250	464	62	223	169	513	446	368	507	940	1091	1302	197	2304	239	454	355	202	1915	727	177	772	344	1603	1812	1581	269	216	541	222	237	1680	330	166	3377	155	507	222	287	681	192	943	725	1059	656	377	285	1559	151	222	339	1174	1143	1356	2275	354	702	133	1170	232	1375	643	230	874	274	2318	19	1792	1059	339	434	469	38	163	507	219	337	165	1430	305	956	1498	1119	716	1348	649	33	14	1053	159	159	491	629	202	223	656	377	328	1138	333	172	956	461	368	3435	366	1011	363	1439	1326	208	208	2139	616	1355	1217	352	158	428	513	197	608	673	159	547	18	347	132	569	682	212	354	189	337	1536	348	312	492	336	344	5	1430	1661	210	814	239	446	1206	233	222	237	345	242	189	562	899	167	235	966	1252	568	1809	658	222	1670	406	1019	384	419	215	1185	154	376	237	430	446	1175	169	1416	608	344	1416	1919	464	695	162	846	346	368	647	408	1195	156	1070	344	513	647	1023	456	223	355	621	170	566	437	362	396	218	420	532	177	664	108	1331	2290	695	215	217	1915	653	209	1191	1131	284	1875	431	614	670	510	1471	1431	196	477	361	358	309	642	515	772	481	430	217	474	764	1470	1456	205	460	772	3	598
839	891	972	1588	850	869	728	669	1035	883	776	1243	682	1076	776	316	991	734	632	1024	952	0	653	849	1024	138	1173	883	2150	1126	849	1029	180	992	137	966	861	1027	728	862	1041	856	819	885	407	898	45	745	1792	243	787	345	934	820	731	156	881	295	628	897	688	848	990	875	683	883	2450	866	1479	865	647	992	883	1022	735	857	1297	653	1885	1867	734	1150	1649	894	1050	607	1030	974	362	1028	871	872	680	905	2412	1019	857	685	958	872	2535	1036	891	2541	973	653	960	669	1508	925	1771	833	976	316	617	684	633	903	1001	688	233	216	1042	1618	690	1610	819	231	927	2252	773	863	78	693	1457	966	1141	976	688	534	640	917	1027	873	1172	1047	911	811	794	196	1393	1230	238	946	1555	919	948	176	935	934	1442	346	1026	958	703	856	1194	198	1032	818	196	662	1297	2927	1198	564	594	1543	1158	783	1030	1195	418	1133	720	1063	934	970	442	1150	720	517	897	698	946	716	820	388	286	991	690	1033	1047	710	1085	1066	644	1099	872	954	811	870	777	187	870	857	718	868	937	764	902	893	1132	675	1850	929	968	1866	304	386	1319	628	937	844	686	471	635	659	772	233	901	587	764	589	857	223	1022	883	720	872	536	978	664	279	1025	1745	871	1082	767	1145	243	919	118	872	735	575	483	990	883	607	1397	819	391	749	744	1158	772	708	682	921	297	890	1126	1631	279	852	851	1065	675	780	1880	263	922	1125	877	345	296	584	866	490	782	651	1075	1262	788	341	1462	289	662	589	952	654	795	1213	570	854	647	289	952	753
759	884	1575	1105	773	705	402	724	1211	1064	937	1342	458	867	934	726	881	1383	962	1133	986	653	0	814	1133	742	558	431	2051	481	814	1137	665	351	535	1005	832	700	647	713	1212	738	883	682	1016	1038	695	279	1768	770	1024	698	1523	329	1102	749	766	722	212	1144	650	789	1279	1510	1217	431	2608	1192	1391	1065	988	1047	1066	1135	1105	610	1196	479	1863	2072	334	1140	1319	1085	776	693	928	1414	388	1143	373	696	898	1429	2567	1195	784	450	845	1064	2662	846	1036	2438	903	479	847	757	1244	1083	1465	374	335	726	637	729	1160	1038	1155	650	681	637	427	1290	633	1679	883	673	814	2353	397	776	624	740	1428	1005	814	335	650	634	985	949	1133	1218	1157	853	1055	465	1032	840	742	611	655	376	1628	956	974	826	1071	1070	1421	740	923	844	349	662	1049	794	840	814	840	1002	1196	2476	1022	1182	704	899	508	940	924	1603	462	492	238	860	1070	1250	708	1140	400	332	1038	1092	970	638	898	701	711	881	633	941	853	1325	887	1248	493	913	696	991	465	1490	932	510	1063	610	226	1057	828	750	716	1086	1096	428	1796	1071	845	1941	846	688	833	328	828	1449	579	211	616	967	931	751	1038	680	750	580	610	740	1135	431	400	696	1132	1418	1007	723	1131	1824	694	871	390	1348	770	1056	709	696	1105	341	202	1279	1066	693	1113	815	700	562	626	1346	933	567	458	1071	696	881	481	1305	723	783	781	1043	343	779	2149	905	774	1749	635	698	707	485	497	1004	924	1002	867	1344	1028	754	1375	423	504	580	844	1003	311	587	1157	791	985	423	984	424
67	70	1739	1900	57	168	434	182	439	334	255	529	358	285	251	581	151	1412	467	335	174	849	814	0	335	987	914	1246	2829	1158	0	338	1010	892	863	194	17	394	168	150	437	110	128	217	1221	281	850	583	984	1092	373	533	1720	1143	567	1005	102	601	602	450	181	33	585	1590	1520	1246	1793	562	638	354	487	237	337	338	569	280	450	335	1080	1266	1134	334	2134	357	338	244	182	1823	582	347	600	183	1474	1737	1752	426	50	367	128	346	1848	243	285	3220	123	335	130	196	686	327	955	552	886	581	237	167	1474	277	380	181	1059	1025	1181	2104	191	867	128	1054	110	1541	469	67	770	159	2168	194	1624	886	181	315	490	141	334	602	354	253	295	1264	378	886	1330	960	623	1174	814	149	161	971	301	300	629	558	179	129	481	212	348	1043	242	43	886	489	450	3260	362	1004	261	1287	1153	251	184	2045	475	1181	1047	271	300	555	433	334	433	510	281	592	157	178	148	489	603	151	191	184	253	1482	281	474	322	283	183	180	1264	1618	247	693	346	280	1036	339	111	85	194	360	299	388	1029	306	142	1130	1154	484	1635	486	111	1618	237	859	232	441	251	1079	279	263	85	281	280	1069	338	1246	433	183	1346	1827	494	618	332	1011	185	291	472	574	1092	290	968	183	569	479	863	585	337	244	597	42	485	262	188	564	254	247	358	312	582	67	1158	2120	618	46	47	1766	478	70	1364	1055	148	1845	269	533	590	348	1303	1338	230	503	284	530	378	575	621	636	310	281	121	501	590	1296	1384	36	482	636	172	424
401	266	1791	2229	390	495	767	418	123	159	247	223	686	511	247	712	368	1435	445	0	165	1024	1133	335	0	1149	1240	1560	3105	1493	335	6	1200	1227	1075	147	318	691	490	478	117	440	250	541	1335	126	1010	916	774	1263	270	679	1786	1459	458	1169	421	734	924	238	482	367	324	1618	1640	1560	1484	372	527	188	447	106	160	5	457	610	411	657	866	938	1440	213	2447	161	611	465	347	1964	844	12	935	509	1693	1845	1443	117	380	696	383	176	1550	484	134	3498	313	657	383	394	764	111	1014	887	1222	712	504	409	1603	120	76	482	1253	1226	1513	2416	499	589	250	1250	396	1251	804	394	949	398	2429	147	1931	1222	482	542	454	193	4	409	230	489	114	1567	266	997	1663	1284	786	1500	534	185	179	1102	90	91	442	682	349	384	812	542	430	1198	487	322	997	439	411	3593	479	990	466	1603	1489	240	354	2189	734	1516	1359	502	90	301	583	213	766	811	127	500	184	497	237	636	741	368	499	331	489	1550	494	150	640	477	509	159	1567	1664	247	907	178	610	1348	177	385	384	511	164	247	716	842	97	395	850	1313	638	1961	808	385	1680	556	1148	519	410	251	1255	122	484	384	560	610	1246	5	1560	766	509	1449	1968	441	751	4	729	511	516	807	244	1263	105	1139	509	457	792	1154	324	160	465	728	322	633	596	518	230	252	574	686	108	727	270	1493	2432	751	378	380	2027	807	355	1029	1173	449	1863	596	679	730	649	1610	1486	244	456	510	238	272	692	511	881	632	560	379	453	925	1631	1489	368	444	881	168	758
978	1027	848	1598	988	1008	859	806	1153	1004	902	1366	817	1215	903	437	1129	643	741	1150	1085	138	742	987	1149	0	1281	911	2069	1200	987	1155	114	1090	208	1098	998	1164	867	1001	1159	994	952	1024	281	1023	139	865	1921	116	904	472	806	861	827	19	1020	415	745	1008	826	986	1092	768	545	911	2555	965	1614	984	753	1122	1004	1148	830	994	1434	789	2014	1969	766	1283	1621	1014	1188	743	1168	836	492	1153	992	1010	582	767	2518	1137	995	819	1097	992	2644	1175	1015	2457	1111	789	1099	804	1647	1047	1909	957	1074	437	756	821	495	1029	1122	826	151	163	1103	1590	829	1732	952	155	1066	2366	902	1001	217	830	1373	1098	1128	1074	826	671	746	1050	1152	967	1305	1186	1036	824	910	212	1470	1337	368	997	1677	1052	1082	115	1060	1058	1574	466	1164	1097	831	995	1332	60	1171	954	212	768	1434	2915	1337	563	729	1641	1236	910	1168	1058	556	1205	770	1202	1059	1074	572	1283	851	645	1022	789	1080	855	952	517	408	1129	829	1171	1186	590	1224	1183	781	1238	1010	1086	824	753	904	321	990	994	771	988	1076	902	1041	1013	1267	809	1981	1054	1106	1985	167	517	1336	756	1076	721	824	543	774	770	899	112	1026	724	902	728	994	106	1148	911	851	1010	407	840	769	398	1151	1865	1010	1221	896	1257	116	1044	33	1010	830	705	554	1092	1004	743	1535	956	520	887	882	1272	898	846	817	1045	423	1026	1200	1603	398	990	990	992	803	917	1971	167	1061	1012	1014	472	419	721	878	351	910	755	1214	1386	904	459	1597	418	799	728	1091	758	915	1275	438	992	753	418	1085	885
847	977	2125	1167	856	747	548	937	1352	1243	1139	1396	641	780	1135	1142	885	1907	1268	1241	1075	1173	558	914	1240	1281	0	774	2376	391	914	1242	1216	220	1073	1093	929	568	800	764	1349	804	1032	700	1561	1194	1209	449	1656	1322	1254	1099	2077	699	1403	1290	820	1147	551	1353	836	880	1492	2047	1774	774	2589	1446	1274	1258	1294	1135	1246	1244	1406	634	1108	686	1742	2126	778	1148	1523	1266	662	944	921	1969	834	1252	348	732	1436	1988	2548	1339	865	631	862	1252	2613	787	1197	2741	934	686	862	978	986	1240	1129	401	235	1142	873	933	1718	1191	1293	836	1236	1191	511	1500	815	1658	1032	1228	845	2300	494	849	1126	939	1837	1093	1118	235	836	928	1294	1050	1238	1482	1157	787	1209	878	1260	1340	439	57	1100	603	1616	1058	1060	1350	1215	1214	1358	1144	917	861	535	701	958	1337	782	940	1340	1304	1108	2450	909	1641	965	394	354	1138	914	2152	845	418	687	782	1214	1462	1061	1148	554	695	1194	1410	1056	799	1052	1081	1139	885	815	938	787	1871	803	1386	707	829	732	1081	878	2034	1132	1001	1252	634	676	1245	856	897	729	1269	1092	622	1655	1220	852	1898	1399	1068	957	596	856	1998	758	770	838	1258	1133	1303	1192	942	897	834	634	1292	1244	774	554	732	1681	1973	1310	1155	1237	1794	730	779	495	1484	1322	1205	1248	732	1406	651	761	1492	1246	944	863	940	1079	683	762	1471	1136	726	641	1225	1118	973	391	1515	1155	868	866	1493	559	922	2253	1435	792	2293	645	1099	1130	748	879	1562	1117	1311	781	1384	1259	1162	1262	897	702	834	865	1311	406	516	1708	878	1290	897	1072	539
1190	1315	1629	715	1204	1135	830	1146	1633	1482	1354	1772	890	1288	1352	1068	1311	1531	1347	1561	1416	883	431	1246	1560	911	774	0	1644	448	1246	1564	802	567	746	1436	1264	1105	1078	1144	1634	1169	1310	1110	1131	1461	929	694	2196	881	1433	1054	1564	102	1483	908	1198	1057	644	1554	1079	1221	1684	1617	1233	0	3039	1587	1816	1481	1372	1477	1484	1562	1486	1035	1623	910	2291	2498	148	1572	888	1502	1189	1110	1358	1331	759	1570	756	1126	764	1414	2998	1616	1215	881	1276	1481	3093	1270	1458	2025	1334	910	1277	1177	1639	1504	1838	775	556	1068	1059	1153	1180	1462	1579	1079	788	756	302	858	1063	2111	1310	781	1245	2785	818	1207	890	1164	1065	1436	386	556	1079	1044	1367	1380	1561	1609	1589	1276	1478	127	1440	1079	689	806	982	178	2059	1386	1405	1021	1495	1494	1851	1089	1353	1275	778	1091	1473	943	1264	1245	1079	1387	1623	2079	1443	1447	1117	970	499	1358	1354	1478	857	434	202	1282	1494	1657	1089	1572	829	750	1460	1465	1401	1069	1324	1069	1046	1311	1063	1372	1276	1414	1309	1670	924	1335	1126	1421	127	1573	1350	813	1480	1035	212	1474	1259	1179	1144	1504	1527	860	2221	1495	1275	2373	942	1057	441	759	1259	1514	1010	452	1041	1358	1348	864	1461	1094	1179	1002	1035	858	1562	0	829	1126	1219	1335	1391	1053	1559	2255	1123	1290	811	1768	881	1479	881	1126	1486	769	442	1684	1484	1110	1507	1245	1069	993	1058	1769	1350	998	890	1493	1038	1312	448	873	1053	1215	1213	722	773	1208	2568	1076	1203	1826	1060	1054	1046	910	107	1042	1344	1383	1288	1775	1436	1099	1800	762	935	1002	1275	1385	714	441	1231	1223	1369	762	1415	850
