NAME : VRPTW_INSTANCE_136.txt
COMMENT : Bangkok Supermarket
TYPE : VRPTW
DIMENSION : 251
DAYS : Tuesday
EDGE_WEIGHT_TYPE : EXPLICIT
VEHICLES : 33
EDGE_WEIGHT_FORMAT : FULL_MATRIX
CAPACITY : 1000
EDGE_WEIGHT_SECTION
0	566	1489	1011	91	508	223	3926	404	878	215	1685	223	228	631	853	731	1152	400	1294	1185	654	206	183	1321	589	1727	193	584	78	432	231	124	86	449	3418	1191	404	559	951	152	1022	1504	506	527	1016	373	448	555	358	359	193	449	328	83	404	1056	207	444	231	322	60	590	67	443	428	373	891	1027	464	288	191	890	399	239	1096	3865	1606	941	199	185	1895	1120	202	1935	1190	388	347	153	2136	21	193	488	255	539	1095	118	54	1116	225	529	33	1168	1126	481	2288	766	430	90	367	981	477	1183	978	828	173	359	530	264	525	88	1089	194	373	116	379	390	185	55	332	170	1010	469	101	215	2070	166	819	410	2283	532	88	106	2033	1221	401	314	1184	307	521	215	192	317	968	1150	202	646	104	1116	263	1291	639	223	1098	912	447	1524	399	101	2439	1967	893	830	415	77	438	1117	214	438	428	525	288	414	25	300	1760	391	1662	760	890	754	1359	422	183	264	1530	154	1031	962	474	1402	210	533	935	705	422	1069	193	59	802	2063	128	3847	314	1192	419	17	409	133	1121	264	221	208	185	154	607	94	264	83	89	2070	565	284	504	50	149	359	408	1420	161	382	243	154	124	411	581	405	1727	1976	440	482
566	0	1636	654	633	134	544	3827	742	1424	780	1421	544	343	408	641	164	1205	784	1854	698	1029	427	576	801	826	1527	531	175	616	345	573	508	630	162	3134	805	742	837	1413	682	599	1714	159	1022	616	498	954	391	868	700	546	731	481	510	742	712	545	163	523	398	541	803	540	698	634	498	402	1359	560	377	712	947	596	573	701	3619	1055	537	407	410	1365	1349	711	1499	1223	766	476	691	2100	588	373	188	411	169	1013	654	557	1383	574	179	563	1270	1115	569	2215	410	335	637	505	500	569	1182	915	837	394	700	184	322	789	647	698	718	498	664	488	598	410	576	724	638	594	822	638	542	2055	631	781	437	2377	196	647	483	1496	739	603	705	646	368	1087	450	546	841	678	1705	711	1203	475	1345	378	1653	192	537	733	440	892	1964	596	667	2960	2194	949	1122	713	618	344	713	352	334	589	854	377	340	587	599	1221	603	1396	898	947	507	1094	441	714	322	1726	658	988	552	940	1403	445	884	521	215	447	724	531	542	406	1650	681	3716	374	1040	939	573	594	542	740	322	391	545	550	658	180	488	322	550	530	1927	628	563	896	593	637	700	428	1585	421	895	575	658	508	436	133	593	1527	1725	134	569
1489	1636	0	1279	1420	1503	1708	2562	1085	1916	1515	1138	1708	1488	1981	2233	1708	454	1867	2063	1590	902	1381	1672	1753	2076	980	1676	1475	1422	1809	1720	1394	1424	1493	2448	1339	1085	929	991	1375	1407	191	1478	1854	1362	1834	1787	1245	1728	1129	1310	1937	1787	1553	1085	1248	1693	1496	1711	1742	1545	2079	1552	1052	1086	1834	1531	2441	1110	1694	1621	689	1882	1727	1351	2767	2070	1372	1413	1427	2134	396	1641	1774	459	1859	1802	1582	816	1487	1513	1450	1352	1468	735	1399	1543	2564	1714	1766	1522	368	586	1948	1010	1333	1800	1425	1831	1528	1945	529	778	804	1495	1129	1770	1455	964	1523	1342	1620	1834	1551	1835	1874	1427	1543	1162	1648	1393	1938	1560	1700	723	1646	868	1840	797	1781	1523	1559	2283	1588	1885	1791	1762	1707	1567	1664	1678	1680	1165	2020	1641	1714	1546	399	1667	654	1490	1707	1289	1501	1862	2738	1882	1474	3274	3399	2377	690	1074	1426	1813	1373	1519	1807	1109	971	1694	1790	1503	1199	2099	1876	1134	756	689	1191	1069	1852	1604	1455	2993	1351	709	1382	1860	419	1657	974	1390	1850	1855	1249	1676	1544	1378	1773	1546	2532	1719	835	1742	1505	1891	1366	1323	1455	1406	1693	1672	1351	1482	1547	1455	1571	1571	1010	1020	1225	1948	1530	1624	1129	1834	78	1568	1735	1731	1351	1394	1840	1516	1887	980	1236	1626	1949
1011	654	1279	0	1027	584	1107	3203	892	1869	1204	770	1107	815	1058	1273	607	829	1356	2244	320	1082	805	1116	493	1451	893	1083	500	1013	988	1135	895	1027	628	2482	180	892	870	1491	1043	129	1416	569	1537	83	1119	1460	459	1369	881	865	1337	1090	1002	892	59	1101	634	1092	1008	1024	1433	1027	799	743	1119	314	1973	640	970	1200	672	1213	1139	100	2964	826	128	813	828	998	1137	1209	926	820	1339	1091	1164	1538	1029	861	568	757	534	545	1032	1036	2017	1133	834	1028	932	693	1208	1624	258	977	1034	1124	267	1207	751	510	566	867	881	838	767	835	1098	90	1205	1119	1127	1111	1211	828	1051	935	1154	116	1410	1111	1102	1511	1147	492	1072	1905	850	1098	984	1151	329	1219	1267	482	969	1475	1013	1095	1329	118	2118	1209	1625	970	1134	959	1552	464	1102	87	271	1439	2529	1213	1088	3436	2842	1603	1047	844	1017	988	127	848	978	700	930	970	979	1037	823	907	1217	745	742	672	269	450	1078	1194	767	2376	1005	573	124	1476	930	1006	969	149	800	1084	70	1083	1023	247	1051	1138	3081	979	487	1431	1027	1213	907	111	767	791	1102	1096	1005	484	980	767	1045	1029	1306	598	806	1472	1058	1142	881	1062	1255	938	1393	1141	1005	895	1071	533	1212	893	1073	748	1208
91	633	1420	1027	0	560	307	3879	334	845	177	1673	307	290	721	944	796	1099	451	1245	1221	569	232	261	1364	656	1704	279	630	16	523	311	137	5	502	3401	1207	334	491	860	61	1048	1427	555	531	1039	462	452	567	366	294	167	517	417	174	334	1068	291	498	317	413	149	661	156	387	385	462	933	1065	440	378	214	843	481	319	1115	3841	1657	967	238	229	1937	1044	231	1953	1140	442	436	172	2086	77	263	533	274	585	1063	27	139	1164	304	611	119	1108	1083	568	2242	791	520	7	455	1020	564	1138	947	791	240	294	612	316	461	105	1108	215	462	136	468	471	229	132	257	228	1036	522	140	299	2017	226	790	501	2216	615	105	196	2078	1255	483	372	1233	397	467	306	275	319	973	1107	231	605	192	1040	353	1202	685	308	1112	951	475	1529	481	67	2411	2013	972	752	353	15	528	1138	284	528	395	450	378	504	91	256	1807	473	1650	705	843	763	1351	513	199	316	1585	69	996	988	493	1353	301	454	962	785	513	1081	279	148	831	2075	136	3804	404	1170	416	99	491	119	1138	316	258	291	268	69	654	184	316	168	178	2036	535	250	545	115	204	294	499	1350	247	385	322	69	137	502	632	487	1704	1959	513	569
508	134	1503	584	560	0	540	3722	624	1384	723	1339	540	280	515	759	260	1074	789	1802	689	906	336	560	816	868	1431	521	86	544	407	569	426	558	58	3064	750	624	709	1298	602	554	1579	25	1003	562	535	930	260	841	584	448	757	507	468	624	640	537	64	522	424	497	849	498	572	507	535	390	1393	428	390	676	814	629	571	647	3540	1098	482	323	331	1388	1215	679	1472	1094	771	508	648	1982	529	321	54	309	50	893	578	512	1433	568	282	513	1137	988	625	2102	327	396	566	540	484	623	1054	790	705	337	584	286	244	661	595	642	682	535	617	527	629	331	531	613	612	546	837	594	537	1935	605	652	488	2247	298	595	444	1526	728	636	703	676	387	1026	444	534	808	587	1658	679	1154	433	1211	381	1524	137	534	668	417	886	1972	629	605	2937	2260	1032	991	591	547	408	663	302	399	460	730	390	397	532	485	1252	634	1314	763	814	397	1008	495	675	244	1795	573	862	500	929	1277	437	762	469	350	501	652	521	497	340	1614	632	3616	396	929	909	519	630	456	682	244	304	537	536	573	107	445	244	512	492	1823	493	450	905	543	606	584	479	1451	387	867	574	573	426	488	72	628	1431	1642	166	625
223	544	1708	1107	307	540	0	4119	626	895	335	1826	0	297	461	655	700	1356	249	1339	1227	876	357	55	1343	383	1887	31	626	299	282	28	316	302	487	3562	1281	626	780	1152	365	1093	1726	549	479	1096	163	415	677	334	580	399	248	126	154	626	1158	15	480	23	169	163	379	156	657	632	163	927	871	647	170	212	1090	176	31	1180	4022	1597	1017	332	315	1910	1342	201	2012	1393	232	145	216	2335	231	252	543	402	584	1273	332	169	937	29	438	190	1380	1320	261	2481	850	284	303	155	1023	258	1379	1157	1017	255	580	437	346	743	226	1174	218	163	216	172	167	315	174	555	127	1083	303	192	7	2272	121	998	222	2500	434	226	153	2040	1267	178	163	1190	183	613	96	31	319	1085	1183	201	695	168	1338	166	1509	677	6	1194	957	348	1431	176	278	2416	1784	671	1053	634	296	287	1198	262	292	623	748	170	268	215	511	1766	169	1802	969	1090	873	1495	232	224	346	1336	375	1216	1036	396	1602	102	756	1006	617	230	1171	31	164	874	2151	232	4033	182	1356	407	209	185	342	1212	346	349	15	38	375	648	164	346	140	136	2247	750	487	365	192	142	580	223	1640	174	362	34	375	316	223	608	181	1887	2124	410	263
3926	3827	2562	3203	3879	3722	4119	0	3555	4477	4010	2456	4119	3840	4234	4467	3810	2781	4326	4612	3352	3441	3761	4098	3417	4502	2310	4087	3655	3876	4117	4138	3809	3882	3743	1381	3106	3555	3406	3544	3849	3302	2659	3699	4371	3267	4202	4298	3486	4227	3589	3733	4366	4160	3969	3555	3144	4106	3749	4114	4093	3972	4496	3978	3491	3498	4202	3515	4942	3471	4046	4092	3036	4276	4145	3196	1055	3560	3332	3788	3805	3345	2952	4110	2801	2739	4314	4170	4050	1795	3931	3879	3684	3718	3673	2850	3865	3975	5042	4133	4001	3957	2787	2800	4311	1638	3420	4107	3886	4203	3447	4309	2742	2964	3101	3870	3589	4006	3795	3425	3984	3194	4093	4202	4015	4198	4271	3805	3981	3636	4096	3299	4395	4015	4111	1870	4092	3123	4181	1858	4018	3984	3965	3411	3319	4281	4240	3543	4053	4114	4048	4093	4178	3154	4579	4110	4267	3950	2954	4024	3145	3637	4115	3143	3471	4351	5296	4276	3942	5790	5892	4742	3229	3528	3880	4119	3198	3877	4111	3499	3465	4046	4103	3946	3626	3441	4275	2480	3174	3036	3324	2754	4190	4077	3795	5454	3817	2903	3325	4361	2525	4040	3480	3352	3999	4195	3135	4087	3971	3434	2639	4015	243	4064	2792	4255	3943	4281	3792	3151	3795	3773	4107	4090	3817	3647	3955	3795	3999	3993	1901	3368	3642	4424	3974	4074	3589	4172	2640	3951	4239	4149	3817	3809	4181	3695	4278	2310	2172	3885	4312
404	742	1085	892	334	624	626	3555	0	1037	455	1429	626	461	969	1213	884	774	785	1367	1153	289	346	587	1317	990	1431	595	656	336	776	636	323	339	581	3133	1065	0	156	675	295	953	1100	606	821	930	764	746	480	671	48	242	851	717	474	0	918	610	579	631	687	462	993	469	95	150	764	907	1386	256	642	542	531	802	644	991	3555	1639	874	377	386	1873	716	561	1798	818	776	734	501	1760	401	469	575	340	621	781	316	458	1494	630	798	438	776	775	877	1922	713	770	341	760	973	873	824	669	505	446	48	801	449	130	439	982	542	764	469	767	793	386	458	81	562	938	856	475	618	1689	560	526	785	1881	808	439	484	2023	1180	805	707	1219	658	632	595	595	622	808	1254	561	794	472	712	614	929	703	625	969	909	796	1796	802	392	2585	2340	1297	431	48	340	781	1017	482	778	198	126	642	756	417	147	1762	795	1408	382	531	627	1126	796	526	449	1917	267	705	895	805	1031	588	146	876	942	799	930	595	461	765	1899	465	3488	669	907	703	420	811	289	1002	449	381	611	589	267	677	471	449	487	489	1736	301	183	874	445	538	48	780	1016	505	684	647	267	323	785	679	807	1431	1699	666	878
878	1424	1916	1869	845	1384	895	4477	1037	0	669	2467	896	1104	1317	1430	1586	1750	713	452	2063	1050	1075	853	2200	863	2463	900	1462	859	1170	869	981	845	1326	4162	2049	1037	1148	974	826	1894	1842	1384	434	1884	1013	483	1411	561	1027	1003	829	1000	918	1037	1908	890	1320	918	1063	887	896	887	1130	1163	1013	1770	761	1250	1064	711	1548	940	871	1960	4569	2477	1812	1075	1063	2773	1524	712	2796	1800	728	1015	736	2698	858	1063	1367	1120	1417	1814	837	872	933	866	1334	871	1714	1787	1037	2877	1637	1174	838	1003	1860	1034	1825	1705	1540	1047	1027	1333	1143	1150	790	1952	706	1013	767	1026	931	1063	853	969	787	1881	723	790	895	2614	794	1564	1089	2679	1330	790	943	2910	2098	934	758	2059	1079	405	981	886	583	1808	291	712	245	953	1522	1055	1418	1517	902	1954	1791	587	823	940	788	1566	1612	1169	1255	1081	856	1175	1982	1083	1181	1194	1077	1064	1159	854	1056	2637	926	2445	1391	1548	1602	2160	1095	710	1143	1324	864	1735	1833	531	2006	984	1050	1808	1512	1090	1921	900	887	1676	2912	752	4436	1078	1944	488	866	950	964	1981	1143	1097	890	880	864	1486	940	1143	875	896	2740	1327	1067	645	840	787	1027	1094	1838	1004	533	871	864	981	1090	1457	947	2463	2735	1290	1038
215	780	1515	1204	177	723	335	4010	455	669	0	1842	335	444	794	989	945	1229	367	1078	1394	625	406	279	1534	595	1865	320	797	190	605	323	311	177	664	3565	1384	455	604	835	173	1225	1502	720	368	1216	498	291	745	217	425	342	468	461	275	455	1245	321	659	354	488	242	609	245	528	540	498	1103	933	608	467	135	984	481	330	1293	3999	1821	1143	407	395	2108	1127	155	2131	1273	364	481	118	2215	194	408	701	450	752	1220	173	226	1049	317	729	218	1226	1228	583	2377	967	604	170	489	1192	579	1278	1105	944	389	425	729	479	585	134	1285	131	498	125	507	470	395	208	374	211	1212	436	153	330	2142	215	950	557	2312	730	134	302	2247	1429	480	314	1399	486	306	382	309	167	1150	935	155	432	307	1123	448	1222	853	339	1290	1123	347	1360	481	119	2234	1890	937	829	486	187	610	1315	429	613	559	549	467	588	193	416	1975	469	1820	837	984	940	1523	567	119	479	1478	211	1149	1164	350	1487	381	541	1138	908	565	1258	320	242	1006	2252	107	3943	490	1333	251	207	493	297	1315	479	428	322	301	211	821	295	479	241	261	2186	698	417	434	189	192	425	557	1441	364	229	332	211	311	557	796	488	1865	2125	652	584
1685	1421	1138	770	1673	1339	1826	2456	1429	2467	1842	0	1826	1529	1828	2042	1375	861	2067	2775	897	1488	1485	1824	980	2192	210	1799	1260	1664	1747	1852	1562	1675	1374	1735	652	1429	1331	1823	1669	854	1326	1320	2204	823	1865	2125	1149	2038	1440	1506	2069	1831	1699	1429	710	1818	1381	1815	1752	1713	2178	1718	1337	1308	1865	1070	2697	1234	1710	1875	949	1954	1857	745	2202	1193	894	1503	1520	1116	1250	1888	655	814	2052	1835	1835	948	1698	1574	1313	1436	1288	669	1670	1722	2758	1849	1601	1710	962	750	1962	965	1014	1735	1681	1868	995	1960	748	767	930	1573	1440	1605	1480	1321	1765	745	1878	1865	1796	1858	1951	1520	1735	1498	1847	852	2128	1786	1821	963	1841	903	1825	1447	1618	1765	1686	1245	866	1960	1977	1091	1712	2061	1739	1809	1992	751	2675	1888	2223	1671	1249	1694	1684	1229	1822	698	1025	2132	3202	1954	1740	4006	3595	2369	1345	1385	1668	1747	745	1565	1738	1284	1402	1710	1736	1710	1427	1139	1956	25	1101	949	956	332	1833	1865	1480	3133	1631	752	884	2160	726	1731	1436	913	1568	1839	699	1799	1713	1015	635	1803	2322	1723	525	2089	1703	1956	1560	702	1480	1483	1818	1808	1631	1247	1680	1480	1738	1725	602	1146	1425	2180	1735	1830	1440	1816	1163	1652	2059	1860	1631	1562	1825	1296	1954	210	303	1505	1962
223	544	1708	1107	307	540	0	4119	626	896	335	1826	0	297	461	655	700	1356	249	1339	1227	876	357	56	1343	383	1887	31	626	299	282	28	316	302	487	3562	1281	626	780	1152	365	1093	1727	549	479	1096	163	415	677	334	580	399	248	125	154	626	1158	16	480	22	168	164	379	157	657	632	163	927	871	647	170	212	1090	175	31	1180	4022	1597	1017	332	315	1910	1342	201	2012	1393	232	145	216	2335	231	252	543	402	584	1273	333	169	937	29	438	190	1380	1320	261	2481	850	284	303	155	1023	257	1379	1157	1017	255	580	437	346	744	227	1174	218	163	216	172	167	315	174	556	127	1083	303	192	7	2272	121	998	222	2500	434	227	153	2040	1267	178	163	1190	183	613	96	31	319	1085	1183	201	695	168	1338	166	1509	677	6	1194	957	348	1431	175	278	2417	1784	671	1054	634	296	287	1198	262	291	623	748	170	268	215	511	1765	168	1802	969	1090	873	1495	231	224	346	1336	375	1216	1036	396	1602	102	756	1006	616	230	1171	31	165	874	2151	232	4033	182	1356	407	210	185	342	1212	346	349	15	38	375	648	164	346	140	136	2247	750	488	365	192	142	580	223	1640	174	362	34	375	316	222	608	181	1887	2124	410	263
228	343	1488	815	290	280	297	3840	461	1104	444	1529	297	0	510	758	506	1102	542	1522	964	747	115	301	1096	670	1592	270	359	273	323	323	169	287	221	3264	992	461	592	1102	340	811	1531	280	730	811	362	655	379	565	413	227	541	320	191	461	865	289	216	285	258	218	660	219	451	404	362	667	1168	384	209	398	833	436	328	893	3725	1377	733	83	77	1669	1150	403	1730	1134	526	330	368	2066	249	45	265	136	314	990	310	232	1232	320	344	232	1141	1050	475	2205	561	315	294	362	759	472	1112	876	747	56	413	346	49	547	314	887	403	362	336	360	432	77	250	419	341	801	600	314	291	2008	334	718	354	2267	352	314	170	1806	1001	442	452	956	221	749	211	281	530	788	1377	403	873	157	1145	185	1390	414	292	902	691	624	1714	436	327	2659	2076	910	884	447	275	328	912	36	323	378	585	209	304	251	315	1533	436	1505	732	833	576	1197	365	396	49	1623	318	939	753	663	1337	203	607	724	506	369	878	270	218	591	1864	351	3749	232	1064	632	238	441	206	922	49	82	289	281	318	382	168	49	235	216	1959	484	281	657	263	331	413	347	1426	123	591	331	318	169	354	353	438	1592	1827	227	476
631	408	1981	1058	721	515	461	4234	969	1317	794	1828	461	510	0	252	473	1571	605	1769	1051	1252	625	516	1114	534	1935	474	579	707	198	479	654	716	503	3531	1200	969	1102	1581	783	991	2036	538	883	1013	310	837	767	773	921	729	500	336	547	969	1117	474	499	440	310	576	503	570	961	911	310	780	1051	871	343	674	1305	377	474	1097	4021	1297	937	593	584	1639	1657	661	1857	1596	589	317	676	2497	648	500	558	642	562	1407	748	589	1040	484	233	607	1624	1496	288	2617	818	203	721	320	872	290	1562	1302	1203	524	921	228	532	1057	672	1095	680	310	670	298	386	584	603	920	588	988	609	644	465	2448	583	1157	239	2746	216	672	525	1750	1093	383	563	945	324	1073	419	485	769	1086	1608	661	1141	529	1652	369	1896	601	456	1134	822	731	1701	377	717	2767	1814	556	1394	958	707	193	1105	487	194	878	1095	343	218	637	825	1482	391	1803	1226	1305	910	1502	231	685	532	1344	778	1373	950	787	1786	422	1115	919	292	234	1129	474	577	812	2017	687	4124	316	1444	842	626	368	692	1138	532	593	473	493	778	588	537	532	565	549	2334	961	791	692	624	603	921	237	1923	479	799	473	778	654	239	539	370	1935	2131	361	287
853	641	2233	1273	944	759	655	4467	1213	1430	989	2042	655	758	252	0	668	1822	727	1881	1222	1492	872	711	1256	577	2161	675	816	931	436	665	893	939	752	3724	1401	1213	1350	1803	1005	1193	2287	783	1000	1220	491	970	1015	923	1165	971	603	531	769	1213	1333	670	748	638	533	794	543	788	1209	1161	491	977	1022	1123	574	858	1556	520	659	1301	4223	1386	1147	839	829	1738	1907	843	2015	1846	715	511	870	2740	868	744	805	891	804	1652	971	806	970	671	477	825	1876	1745	414	2856	1046	443	942	500	1062	418	1811	1549	1454	766	1165	473	783	1305	880	1300	864	491	872	483	531	829	817	1159	778	1192	707	847	661	2694	774	1407	442	2997	461	880	750	1834	1263	523	713	1086	556	1242	638	684	931	1313	1717	843	1285	757	1902	601	2135	830	652	1344	1021	849	1691	520	929	2795	1672	435	1641	1204	930	431	1306	732	435	1129	1339	574	456	855	1071	1578	533	2017	1478	1556	1148	1722	431	873	783	1206	1005	1620	1158	903	2035	643	1357	1128	474	430	1344	675	795	1034	2181	888	4352	547	1681	985	845	508	930	1344	783	840	670	692	1005	821	763	783	779	766	2565	1213	1038	784	838	796	1165	444	2175	712	946	657	1005	893	442	775	512	2161	2345	611	412
731	164	1708	607	796	260	700	3810	884	1586	945	1375	700	506	473	668	0	1264	933	2018	580	1165	585	735	661	952	1499	690	242	780	471	728	669	794	308	3062	734	884	964	1558	844	525	1800	277	1180	552	635	1113	474	1028	844	702	869	625	674	884	667	702	311	678	545	706	926	705	829	763	635	309	1485	677	530	875	1020	732	728	633	3556	896	480	567	572	1216	1448	874	1387	1276	915	617	855	2113	753	537	309	564	267	1043	817	722	1496	730	287	728	1340	1160	689	2215	403	462	801	643	399	690	1227	956	904	559	844	290	483	916	812	632	881	635	828	624	735	572	741	873	800	524	966	803	699	2076	792	840	567	2424	299	812	647	1342	622	739	858	498	519	1252	608	704	1003	659	1868	874	1367	640	1443	535	1776	218	693	676	353	1046	2105	732	832	3117	2287	1029	1240	851	782	469	638	516	460	715	988	530	472	752	744	1068	741	1350	993	1020	530	1058	568	878	483	1817	819	1030	490	1096	1441	604	1021	461	193	574	677	690	706	378	1545	845	3689	523	1045	1100	738	728	702	675	483	550	702	709	819	230	652	483	714	694	1910	729	710	1043	757	799	844	558	1663	585	1056	730	819	669	566	209	728	1499	1677	296	689
1152	1205	454	829	1099	1074	1356	2781	774	1750	1229	861	1356	1102	1571	1822	1264	0	1549	1990	1144	704	1007	1330	1311	1738	773	1325	1038	1097	1413	1373	1041	1102	1072	2431	903	774	627	976	1067	955	589	1049	1593	911	1462	1519	814	1446	808	960	1599	1417	1203	774	801	1342	1075	1355	1361	1201	1735	1208	711	724	1462	1077	2160	718	1312	1312	269	1524	1380	905	2820	1634	918	1037	1053	1729	391	1330	1433	51	1538	1430	1270	987	1155	1134	1023	969	1035	294	1084	1203	2264	1368	1347	1184	112	143	1576	1148	881	1403	1106	1461	1074	1573	114	323	369	1120	808	1351	1064	644	1204	896	1312	1462	1235	1461	1517	1053	1207	855	1320	941	1619	1237	1349	918	1317	424	1457	1175	1363	1204	1203	1881	1145	1528	1465	1310	1324	1361	1297	1329	1396	713	1914	1330	1520	1188	389	1287	832	1047	1354	845	1046	1569	2548	1524	1161	3227	3112	2011	518	746	1101	1416	928	1137	1409	734	690	1312	1395	1170	851	1678	1520	848	393	269	740	688	1468	1296	1064	2682	1036	255	928	1579	259	1290	709	936	1416	1472	803	1325	1201	925	1467	1234	2715	1335	423	1476	1169	1531	1020	880	1064	1026	1343	1324	1036	1042	1192	1064	1228	1224	991	618	870	1644	1198	1297	808	1449	426	1199	1458	1384	1036	1041	1457	1079	1527	773	1056	1211	1577
400	784	1867	1356	451	789	249	4326	785	713	367	2067	249	542	605	727	933	1549	0	1165	1474	989	584	243	1585	231	2120	273	876	452	476	221	520	447	736	3803	1531	785	941	1189	491	1342	1864	798	278	1346	310	243	920	208	745	593	126	309	369	785	1407	254	730	267	387	359	249	354	838	828	310	1174	631	863	407	246	1289	228	218	1430	4257	1828	1267	565	547	2148	1485	225	2261	1589	18	320	285	2535	395	497	792	632	834	1494	469	354	716	223	656	370	1560	1527	324	2688	1099	483	445	301	1271	321	1584	1377	1229	495	745	654	591	913	346	1424	247	310	316	323	220	547	345	706	230	1333	71	312	254	2468	234	1218	387	2664	648	346	381	2275	1514	222	90	1429	416	533	345	261	234	1331	1004	225	557	396	1481	410	1588	925	255	1443	1205	125	1183	228	393	2188	1566	579	1188	805	448	480	1448	509	488	829	895	407	470	379	699	2001	215	2043	1156	1289	1118	1737	390	263	591	1133	517	1432	1286	181	1801	352	893	1256	824	385	1420	273	360	1124	2401	320	4248	410	1586	261	383	237	534	1461	591	584	254	261	517	897	388	591	333	343	2470	964	684	115	351	252	745	393	1795	419	226	215	517	520	388	856	235	2120	2363	652	325
1294	1854	2063	2244	1245	1802	1339	4612	1367	452	1078	2775	1339	1522	1769	1881	2018	1990	1165	0	2464	1295	1477	1294	2610	1311	2743	1341	1875	1261	1617	1314	1383	1247	1743	4422	2422	1367	1445	1072	1214	2283	1952	1799	887	2269	1463	933	1794	1005	1370	1390	1282	1448	1344	1367	2277	1332	1738	1362	1508	1312	1344	1313	1463	1509	1463	2179	1114	1607	1505	1144	1829	1392	1316	2339	4798	2900	2201	1483	1472	3182	1697	1148	3163	2042	1181	1464	1163	2874	1272	1485	1778	1518	1830	2108	1232	1296	1283	1310	1776	1292	1933	2054	1489	3064	2027	1621	1239	1453	2265	1486	2081	2008	1846	1467	1370	1776	1557	1460	1209	2331	1138	1463	1190	1476	1383	1472	1277	1313	1224	2270	1175	1215	1338	2784	1231	1883	1539	2770	1773	1209	1370	3324	2498	1386	1207	2478	1521	778	1420	1327	1021	2170	164	1148	650	1378	1695	1494	1473	1930	1345	2326	2196	1040	879	1392	1196	1236	1808	1601	1473	1415	1258	1622	2363	1506	1628	1548	1374	1505	1605	1271	1420	3052	1378	2755	1675	1829	1975	2487	1545	1140	1557	1617	1249	2025	2223	984	2233	1422	1340	2199	1956	1541	2289	1341	1312	2071	3267	1173	4594	1521	2250	933	1284	1402	1360	2356	1557	1504	1332	1321	1249	1899	1366	1557	1303	1324	2976	1669	1438	1097	1262	1221	1370	1544	1986	1433	978	1316	1249	1383	1540	1874	1399	2743	3023	1722	1491
1185	698	1590	320	1221	689	1227	3352	1153	2063	1394	897	1227	964	1051	1222	580	1144	1474	2464	0	1373	989	1250	174	1523	1066	1209	606	1206	1041	1256	1084	1220	746	2507	275	1153	1157	1786	1250	209	1733	685	1693	246	1196	1619	679	1529	1133	1075	1429	1178	1155	1153	342	1226	752	1208	1095	1182	1499	1184	1066	1004	1196	300	2057	897	1068	1363	992	1294	1258	239	3014	508	282	987	1000	722	1458	1367	806	1132	1456	1174	1332	1770	1205	1007	699	947	650	855	1233	1197	2075	1256	861	1194	1249	1005	1264	1831	443	1031	1227	1204	204	1264	1061	830	884	1020	1133	865	922	1117	1274	248	1368	1196	1298	1186	1296	1000	1215	1182	1301	226	1518	1277	1224	1755	1294	809	1134	2179	875	1274	1132	870	41	1301	1391	198	1061	1686	1131	1223	1494	438	2328	1367	1826	1120	1454	1064	1869	552	1221	301	273	1575	2658	1294	1275	3623	2866	1607	1357	1107	1209	1039	217	990	1030	955	1210	1068	1038	1210	1059	609	1302	873	1054	992	536	642	1138	1360	922	2396	1215	890	262	1619	1223	1125	1250	277	761	1144	341	1209	1182	395	965	1312	3211	1068	772	1596	1198	1292	1104	269	922	966	1226	1226	1215	583	1132	922	1199	1180	1486	878	1035	1589	1225	1294	1133	1125	1570	1076	1555	1261	1215	1084	1134	619	1292	1066	1181	824	1263
654	1029	902	1082	569	906	876	3441	289	1050	625	1488	876	747	1252	1492	1165	704	989	1295	1373	0	633	829	1543	1211	1448	847	931	577	1057	880	599	574	866	3132	1241	289	217	413	513	1165	877	887	952	1135	1026	886	731	832	335	523	1076	980	733	289	1096	860	865	885	960	714	1220	721	336	403	1026	1154	1540	501	917	744	538	1050	888	1183	3524	1873	1091	664	671	2080	507	765	1940	755	984	999	709	1652	645	752	856	630	899	819	544	707	1668	873	1087	686	664	759	1135	1829	947	1051	573	1021	1209	1132	788	728	576	728	335	1090	737	260	662	1173	743	1026	685	1031	1041	671	702	332	788	1149	1059	700	868	1571	788	629	1056	1695	1097	662	748	2232	1395	1052	924	1463	935	673	861	844	785	981	1211	765	828	738	504	890	644	974	877	1149	1150	969	1858	1050	609	2531	2497	1539	213	315	579	1062	1209	767	1059	453	177	917	1037	660	436	1981	1042	1470	389	538	837	1220	1068	727	737	2099	500	736	1110	963	957	855	144	1097	1231	1069	1106	847	713	1001	2021	676	3391	945	967	842	666	1061	561	1184	737	669	860	837	500	949	735	737	736	743	1695	495	472	1059	684	764	335	1052	826	779	836	891	500	599	1056	957	1057	1448	1729	955	1137
206	427	1381	805	232	336	357	3761	346	1075	406	1485	357	115	625	872	585	1007	584	1477	989	633	0	343	1132	741	1535	327	400	217	436	378	94	231	280	3220	984	346	478	995	267	819	1420	327	734	812	455	655	348	565	299	119	605	410	215	346	849	345	276	352	360	228	735	232	338	295	455	701	1216	291	312	397	738	517	385	890	3672	1428	738	32	46	1705	1037	407	1729	1041	570	423	360	1980	223	131	303	49	356	916	245	237	1292	374	455	226	1039	963	570	2124	562	428	238	454	787	567	1024	799	660	114	299	457	108	433	293	883	401	455	322	455	511	46	250	307	361	807	649	307	350	1919	355	640	459	2165	464	293	206	1846	1023	522	494	1003	326	699	290	334	524	762	1339	407	837	190	1033	285	1275	455	354	891	718	647	1730	517	287	2640	2141	1004	769	332	220	440	911	140	436	274	470	312	416	232	200	1575	515	1461	629	738	548	1157	470	389	108	1694	237	858	759	678	1248	282	492	732	609	473	862	327	227	600	1856	333	3675	337	1002	626	222	524	120	915	108	36	346	331	237	424	197	108	252	241	1890	394	166	695	254	345	299	452	1318	192	589	388	237	94	459	406	521	1535	1779	329	571
183	576	1672	1116	261	560	55	4098	587	853	279	1824	56	301	516	711	735	1330	243	1294	1250	829	343	0	1370	408	1878	47	645	254	333	50	289	256	505	3559	1292	587	742	1098	317	1108	1686	567	446	1109	219	377	676	293	543	369	269	181	129	587	1166	42	498	76	218	128	408	121	624	605	219	950	873	628	211	158	1065	221	58	1192	4015	1631	1031	322	304	1940	1302	149	2027	1367	227	201	160	2312	187	255	558	391	602	1258	285	129	949	43	482	149	1349	1298	313	2460	861	335	256	210	1045	309	1357	1141	997	251	543	482	349	708	174	1186	164	219	161	228	211	304	129	514	73	1098	305	138	50	2247	67	981	277	2466	480	174	138	2072	1289	222	152	1220	227	560	128	33	272	1088	1139	149	647	153	1298	201	1459	697	60	1203	978	326	1415	221	226	2384	1799	711	1011	598	251	339	1211	268	343	599	707	211	319	171	480	1797	212	1800	940	1065	875	1494	287	169	349	1356	330	1198	1051	369	1578	131	714	1021	662	286	1179	47	129	888	2164	177	4016	227	1346	365	167	231	310	1222	349	341	43	27	330	667	146	349	101	105	2233	731	459	357	145	86	543	279	1603	178	320	61	330	289	278	630	227	1878	2120	441	314
1321	801	1753	493	1364	816	1343	3417	1317	2200	1534	980	1343	1096	1114	1256	661	1311	1585	2610	174	1543	1132	1370	0	1613	1166	1328	737	1348	1133	1372	1227	1363	874	2510	418	1317	1327	1957	1397	383	1900	815	1816	420	1295	1745	839	1656	1295	1225	1529	1282	1285	1317	510	1343	880	1323	1199	1313	1587	1314	1232	1168	1295	431	2147	1062	1178	1493	1165	1393	1373	406	3026	334	453	1127	1139	573	1630	1495	761	1296	1567	1275	1465	1888	1342	1137	833	1092	782	1019	1378	1328	2152	1372	948	1328	1417	1170	1351	1935	604	1124	1370	1303	348	1351	1223	1000	1058	1152	1295	951	1056	1287	1409	415	1498	1295	1432	1284	1395	1139	1347	1342	1427	399	1623	1410	1341	1880	1419	983	1228	2318	960	1409	1260	714	166	1400	1505	170	1169	1831	1247	1342	1624	611	2470	1495	1966	1250	1627	1177	2043	682	1337	465	416	1692	2764	1393	1415	3753	2921	1663	1531	1272	1352	1130	382	1118	1121	1119	1379	1178	1132	1346	1217	446	1401	958	1228	1165	706	765	1230	1492	1056	2452	1363	1058	434	1739	1376	1242	1418	446	822	1236	507	1328	1314	553	932	1447	3266	1175	926	1725	1333	1389	1250	430	1056	1106	1343	1345	1363	713	1262	1056	1328	1308	1580	1048	1191	1698	1359	1422	1295	1219	1735	1202	1683	1375	1363	1227	1227	743	1389	1166	1245	933	1350
589	826	2076	1451	656	868	383	4502	990	863	595	2192	383	670	534	577	952	1738	231	1311	1523	1211	741	408	1613	0	2262	414	953	653	482	365	697	651	824	3925	1618	990	1146	1420	704	1418	2082	882	450	1428	332	445	1046	433	947	777	139	362	535	990	1506	396	817	388	443	536	34	530	1032	1013	332	1229	533	1031	482	467	1472	239	358	1514	4393	1823	1348	715	698	2158	1700	446	2326	1775	231	360	502	2718	589	628	884	785	917	1656	677	536	566	370	665	556	1757	1703	262	2865	1193	492	650	327	1326	262	1763	1540	1401	634	947	662	718	1114	554	1510	469	332	528	341	241	698	533	914	428	1411	172	517	390	2655	430	1381	388	2871	653	554	537	2275	1564	232	287	1448	482	753	458	409	464	1444	1147	446	752	552	1696	498	1817	996	386	1536	1265	315	1168	239	605	2238	1406	350	1405	1004	650	484	1529	633	493	1006	1106	482	485	573	888	2005	236	2168	1348	1472	1236	1860	385	485	718	953	725	1600	1366	361	1985	466	1108	1335	805	379	1519	414	537	1208	2475	535	4416	472	1735	474	572	238	718	1550	718	731	396	413	725	971	547	718	509	513	2629	1134	867	227	545	452	947	398	2006	553	447	354	725	697	389	925	239	2262	2493	709	263
1727	1527	980	893	1704	1431	1887	2310	1431	2463	1865	210	1887	1592	1935	2161	1499	773	2120	2743	1066	1448	1535	1878	1166	2262	0	1857	1358	1696	1836	1910	1603	1706	1460	1701	805	1431	1315	1750	1692	994	1171	1410	2233	957	1942	2154	1217	2070	1449	1540	2133	1904	1750	1431	834	1876	1466	1877	1829	1761	2250	1766	1344	1325	1942	1205	2751	1264	1785	1912	917	2026	1916	888	2138	1396	1021	1556	1573	1326	1146	1927	855	722	2105	1911	1871	740	1737	1635	1399	1487	1381	649	1697	1768	2824	1907	1704	1754	860	690	2044	769	1117	1825	1711	1944	1140	2042	669	762	925	1631	1449	1709	1544	1312	1801	886	1915	1942	1833	1936	2022	1573	1779	1505	1893	989	2184	1826	1880	752	1888	914	1909	1238	1721	1801	1740	1455	1039	2032	2029	1264	1789	2060	1804	1866	2022	849	2654	1927	2222	1725	1145	1766	1566	1334	1882	833	1160	2173	3224	2026	1771	3980	3669	2463	1284	1390	1701	1838	893	1629	1828	1308	1386	1785	1824	1751	1450	1348	2027	223	1074	917	1036	443	1917	1900	1544	3212	1655	727	1014	2196	589	1796	1416	1041	1690	1923	824	1857	1760	1127	815	1838	2190	1800	534	2116	1744	2029	1597	844	1544	1538	1877	1864	1655	1348	1732	1544	1787	1776	419	1168	1454	2229	1777	1875	1449	1900	1015	1712	2088	1919	1655	1603	1909	1396	2027	0	283	1597	2045
193	531	1676	1083	279	521	31	4087	595	900	320	1799	31	270	474	675	690	1325	273	1341	1209	847	327	47	1328	414	1857	0	606	270	288	52	285	274	466	3534	1258	595	749	1129	338	1071	1696	528	490	1074	185	423	649	339	549	367	278	143	123	595	1134	19	460	38	172	133	410	126	625	601	185	909	898	616	164	204	1058	206	58	1157	3993	1586	995	302	285	1896	1312	196	1991	1361	256	163	202	2304	202	225	521	372	563	1243	305	140	966	50	435	161	1348	1288	288	2450	827	289	276	178	1005	284	1348	1127	986	226	549	434	319	712	204	1151	210	185	197	193	197	285	146	525	119	1062	329	172	24	2241	112	967	237	2469	432	204	122	2027	1248	209	184	1176	180	606	81	14	320	1059	1186	196	694	137	1307	155	1482	657	30	1170	938	365	1452	206	254	2429	1814	702	1023	603	268	293	1175	236	297	592	718	164	273	187	479	1753	200	1774	938	1058	846	1468	247	214	319	1367	347	1185	1014	410	1570	85	727	985	614	246	1147	0	134	852	2129	214	4002	180	1327	412	181	215	310	1188	319	319	19	20	347	628	133	319	111	105	2217	719	456	388	166	130	549	237	1609	147	367	62	347	285	238	590	211	1857	2096	397	290
584	175	1475	500	630	86	626	3655	656	1462	797	1260	626	359	579	816	242	1038	876	1875	606	931	400	645	737	953	1358	606	0	614	488	655	493	628	140	2981	664	656	726	1332	668	468	1562	79	1087	475	620	1013	233	923	621	504	844	594	549	656	556	623	147	609	511	577	934	578	594	527	620	308	1479	437	476	757	786	715	658	561	3460	1027	395	392	402	1310	1206	761	1385	1054	858	594	728	1925	605	401	96	366	45	839	645	592	1518	654	347	591	1108	944	708	2040	245	477	636	626	401	707	1010	742	672	416	621	351	319	678	672	556	763	620	695	612	715	402	610	656	695	459	924	673	623	1881	688	613	571	2207	363	672	526	1449	643	722	789	603	473	1097	530	619	889	510	1733	761	1229	515	1201	468	1535	55	620	584	333	971	2058	715	679	3018	2342	1109	998	620	617	488	576	384	479	478	754	476	478	608	526	1177	720	1235	751	786	332	930	578	755	319	1877	637	815	413	1014	1230	524	788	383	377	584	569	606	577	254	1528	710	3545	482	865	991	596	715	520	596	319	371	623	622	637	23	527	319	593	574	1754	486	493	991	622	688	621	562	1427	471	949	660	637	493	571	42	714	1358	1563	247	708
78	616	1422	1013	16	544	299	3876	336	859	190	1664	299	273	707	931	780	1097	452	1261	1206	577	217	254	1348	653	1696	270	614	0	509	304	122	14	486	3392	1194	336	492	873	75	1034	1432	539	540	1025	452	461	554	374	294	157	514	406	162	336	1055	283	481	308	400	139	657	145	385	380	452	917	1069	432	364	218	839	474	312	1102	3833	1641	952	221	212	1921	1049	235	1940	1137	442	426	176	2083	68	247	517	260	569	1057	41	130	1166	298	595	109	1108	1079	559	2239	777	505	21	445	1004	555	1134	941	786	223	294	596	300	461	107	1094	220	452	139	457	464	212	125	261	226	1021	522	140	291	2015	223	783	489	2218	599	107	182	2062	1240	476	371	1217	383	483	293	267	328	961	1122	235	620	178	1045	339	1212	669	299	1099	935	480	1539	474	76	2425	2016	966	757	353	4	514	1124	268	514	388	454	364	490	83	251	1791	466	1641	703	839	750	1341	501	205	300	1586	76	990	973	500	1350	288	459	948	768	501	1068	270	138	816	2062	142	3801	391	1162	426	89	484	107	1124	300	242	283	260	76	638	170	300	159	168	2031	528	242	548	109	202	294	487	1352	232	394	315	76	122	490	616	480	1696	1951	496	560
432	345	1809	988	523	407	282	4117	776	1170	605	1747	282	323	198	436	471	1413	476	1617	1041	1057	436	333	1133	482	1836	288	488	509	0	304	458	518	376	3470	1147	776	914	1382	584	943	1855	427	742	957	167	686	631	612	728	535	399	170	349	776	1045	292	370	259	116	379	458	374	774	728	167	748	1016	700	144	492	1144	262	301	1043	3948	1357	877	403	392	1685	1473	483	1845	1441	458	156	490	2360	450	307	437	459	458	1272	550	393	1038	308	185	410	1458	1349	223	2489	733	11	523	176	845	223	1413	1163	1049	329	728	182	353	869	478	1039	498	167	479	154	266	392	408	724	407	937	500	452	284	2306	400	1011	95	2584	175	478	326	1807	1082	269	413	970	125	894	224	301	600	995	1459	483	976	331	1469	170	1700	525	276	1070	785	597	1634	262	521	2664	1854	627	1204	767	508	5	1055	296	11	700	902	144	19	440	634	1534	272	1722	1053	1144	800	1415	97	502	353	1388	579	1230	894	651	1639	226	921	863	348	103	1057	288	380	740	1996	497	4016	118	1326	683	428	257	495	1080	353	406	291	308	579	503	338	353	370	353	2223	795	601	580	429	418	728	86	1748	281	639	301	579	458	94	455	257	1836	2050	241	223
231	573	1720	1135	311	569	28	4138	636	869	323	1852	28	323	479	665	728	1373	221	1314	1256	880	378	50	1372	365	1910	52	655	304	304	0	332	306	515	3587	1309	636	790	1147	367	1121	1735	577	451	1124	174	388	702	309	591	413	227	142	170	636	1186	33	509	50	193	174	362	167	670	648	174	956	845	667	198	195	1107	170	8	1208	4046	1625	1045	355	337	1939	1351	182	2040	1410	204	161	204	2353	236	278	571	424	613	1294	336	177	914	6	465	197	1395	1339	263	2500	878	307	307	165	1052	260	1398	1178	1036	279	591	464	372	755	223	1202	201	174	209	184	160	337	179	563	112	1112	277	187	32	2290	108	1019	239	2513	460	223	172	2068	1295	172	134	1219	211	594	125	44	296	1112	1157	182	671	188	1347	194	1510	705	35	1221	986	320	1403	170	276	2388	1762	662	1061	646	301	310	1226	288	315	641	757	198	292	220	525	1794	161	1827	984	1107	899	1520	248	208	372	1316	380	1236	1064	367	1620	131	763	1035	642	245	1199	52	175	902	2179	224	4054	209	1379	381	216	181	355	1239	372	372	33	48	380	676	182	372	148	149	2269	770	503	337	195	131	591	241	1651	199	336	11	380	332	239	637	177	1910	2149	439	265
124	508	1394	895	137	426	316	3809	323	981	311	1562	316	169	654	893	669	1041	520	1383	1084	599	94	289	1227	697	1603	285	493	122	458	332	0	136	369	3294	1075	323	471	937	176	913	1420	419	648	904	442	569	437	479	275	84	558	395	162	323	938	302	364	317	363	162	695	168	342	316	442	795	1150	342	319	313	776	488	339	982	3741	1521	831	103	97	1799	1036	326	1821	1078	507	412	274	2022	137	158	397	138	449	973	152	166	1235	326	510	151	1063	1009	556	2171	656	452	143	438	882	552	1067	857	709	133	275	512	186	431	205	975	317	442	236	444	480	97	176	266	291	900	588	224	309	1958	286	697	461	2185	517	205	165	1941	1118	492	432	1097	336	604	272	288	436	847	1244	326	742	152	1032	292	1242	548	314	981	813	571	1646	488	194	2546	2085	983	755	323	125	463	1004	176	460	310	449	319	438	148	195	1669	483	1538	653	776	635	1235	473	304	186	1645	150	911	852	598	1288	265	465	826	675	475	951	285	161	694	1946	245	3728	346	1069	537	141	496	38	1006	186	122	302	283	150	517	153	186	189	183	1949	444	171	627	174	271	275	456	1328	182	502	343	150	0	461	497	493	1603	1852	397	557
86	630	1424	1027	5	558	302	3882	339	845	177	1675	302	287	716	939	794	1102	447	1247	1220	574	231	256	1363	651	1706	274	628	14	518	306	136	0	500	3403	1207	339	495	865	66	1048	1432	553	529	1039	457	450	568	364	298	168	513	412	170	339	1068	286	495	312	408	144	656	151	391	388	457	932	1061	442	373	210	846	476	314	1115	3843	1655	966	236	226	1936	1049	228	1953	1143	437	431	168	2089	72	260	531	274	583	1066	31	134	1161	299	607	114	1112	1087	563	2245	791	515	7	450	1018	559	1141	950	794	236	298	608	314	465	101	1108	212	457	132	463	466	226	127	262	223	1035	518	136	294	2021	221	792	496	2220	611	101	191	2077	1255	478	367	1232	392	469	301	270	317	974	1108	228	606	187	1045	348	1207	683	303	1113	949	472	1527	476	65	2411	2009	967	756	357	11	524	1138	281	523	398	454	373	499	86	259	1805	468	1652	709	846	763	1352	508	196	314	1581	74	999	987	491	1356	296	459	962	781	508	1081	274	143	830	2076	133	3808	400	1172	414	94	486	120	1138	314	257	286	263	74	652	179	314	163	173	2039	537	252	542	110	199	298	494	1354	242	383	317	74	136	497	630	482	1706	1961	510	564
449	162	1493	628	502	58	487	3743	581	1326	664	1374	487	221	503	752	308	1072	736	1743	746	866	280	505	874	824	1460	466	140	486	376	515	369	500	0	3103	797	581	675	1253	545	606	1563	62	946	610	492	873	263	783	539	394	709	462	410	581	682	483	6	469	380	439	806	439	535	472	492	447	1345	401	342	618	808	584	518	695	3577	1156	531	266	273	1447	1194	622	1524	1094	719	464	590	1995	470	262	61	256	97	905	520	453	1390	514	275	454	1130	993	587	2119	369	365	507	496	541	585	1059	799	703	278	539	279	186	626	536	690	623	492	558	485	583	273	472	565	555	597	786	535	483	1945	548	654	451	2247	291	536	386	1584	784	591	649	735	341	967	390	479	750	623	1599	622	1095	375	1190	331	1491	193	481	713	473	831	1918	584	546	2879	2221	1003	961	551	488	377	712	244	368	427	691	342	363	473	438	1311	588	1350	746	808	424	1042	458	617	186	1758	517	869	550	873	1283	384	721	520	373	464	695	466	439	388	1665	573	3640	351	950	851	460	586	399	729	186	247	483	481	517	163	387	186	454	434	1847	476	403	852	485	548	539	441	1439	330	810	521	517	369	450	131	584	1460	1677	142	587
3418	3134	2448	2482	3401	3064	3562	1381	3133	4162	3565	1735	3562	3264	3531	3724	3062	2431	3803	4422	2507	3132	3220	3559	2510	3925	1701	3534	2981	3392	3470	3587	3294	3403	3103	0	2331	3133	3014	3385	3392	2539	2616	3046	3931	2518	3595	3852	2884	3767	3151	3235	3803	3563	3434	3133	2424	3553	3109	3550	3483	3448	3909	3452	3046	3026	3595	2752	4432	2960	3442	3606	2614	3686	3592	2434	535	2545	2596	3238	3255	2254	2751	3620	1771	2379	3787	3566	3565	1674	3430	3309	3042	3171	3013	2351	3396	3456	4492	3584	3313	3443	2492	2377	3689	1481	2737	3459	3408	3599	2663	3688	2343	2464	2627	3308	3151	3317	3215	3013	3495	2436	3609	3595	3527	3588	3684	3255	3468	3207	3581	2542	3864	3518	3556	1771	3575	2615	3552	2099	3329	3495	3421	2277	2467	3692	3712	2668	3444	3760	3473	3544	3720	2481	4343	3620	3923	3406	2751	3427	3102	2946	3557	2401	2709	3865	4925	3686	3468	5658	5324	4083	2949	3092	3397	3470	2425	3300	3460	3007	3084	3442	3460	3442	3149	2385	3689	1759	2771	2614	2690	2066	3559	3595	3215	4858	3354	2428	2582	3891	2192	3466	3112	2613	3253	3565	2412	3534	3447	2729	1593	3533	1142	3454	2232	3815	3435	3688	3290	2394	3215	3218	3553	3543	3354	2966	3415	3215	3473	3460	1454	2867	3151	3915	3468	3564	3151	3543	2513	3387	3786	3595	3354	3294	3552	3015	3686	1701	1441	3229	3689
