NAME : VRPTW_INSTANCE_306.txt
COMMENT : Bangkok Supermarket
TYPE : VRPTW
DIMENSION : 266
DAYS : Thursday
EDGE_WEIGHT_TYPE : EXPLICIT
VEHICLES : 34
EDGE_WEIGHT_FORMAT : FULL_MATRIX
CAPACITY : 1000
EDGE_WEIGHT_SECTION
0	353	207	193	961	2905	284	492	510	1004	640	246	400	760	1117	224	453	938	1185	155	193	382	439	641	368	1025	208	101	214	368	618	495	133	885	533	907	395	488	903	1320	863	1418	288	1119	807	365	2039	739	558	374	428	135	1937	170	544	121	62	300	782	1406	961	355	258	21	437	408	418	992	964	89	352	206	206	412	424	672	373	815	1058	216	1301	2087	1221	1067	89	353	1386	1188	1054	1004	185	964	120	400	130	366	1244	1524	584	154	133	1173	404	556	153	790	1847	587	1247	400	355	1095	133	213	1877	133	331	217	502	1994	46	449	411	608	1141	400	996	201	497	502	166	135	118	629	170	356	474	155	1423	386	1036	368	492	382	981	650	258	124	910	133	3124	964	1005	290	402	214	307	441	3232	287	412	1168	201	351	1030	89	154	1901	78	1685	174	190	102	93	1376	437	646	428	23	390	133	1377	202	434	1138	1026	1926	257	113	150	221	391	1132	418	535	37	369	217	481	1144	1381	977	404	1054	268	1245	1024	430	414	1033	110	332	524	1434	1624	577	78	135	373	185	775	193	60	1316	124	1299	219	91	284	503	255	311	882	1708	359	379	133	101	3004	1857	91	935	1116	652	207	1078	133	1653	718	996	440	148	504	808	193	405	2857	2290	101	464	1907	413	1113	217	1374	179
353	0	211	344	1313	3125	606	537	767	1262	868	578	226	419	1468	313	100	1288	1392	507	522	229	781	634	253	1376	430	253	426	253	273	831	469	1077	869	585	220	829	583	971	1051	1634	508	1414	1004	467	2318	1090	327	476	750	425	1614	231	790	232	346	609	430	1118	1313	473	586	331	623	675	566	1285	1269	348	681	537	559	570	568	544	473	1142	1257	338	1004	2393	1565	1419	373	0	1716	850	1231	1215	536	1269	361	226	223	464	1533	1172	918	317	327	939	657	893	506	1085	2170	928	1460	226	473	1447	469	337	2160	469	462	201	543	2332	345	782	547	483	987	536	1349	541	536	543	262	320	361	655	231	465	813	507	1309	658	1386	236	830	29	1333	590	586	472	1262	469	3438	1269	1358	633	241	428	536	434	3457	341	540	1453	300	481	707	348	405	1685	279	2028	509	167	384	372	1039	629	610	750	334	648	469	1602	160	733	890	1218	1812	169	239	277	311	405	1484	566	779	335	234	537	524	1495	1045	1273	424	1231	474	1533	722	623	350	1386	326	163	553	1779	1966	930	365	484	473	536	482	522	345	1655	368	1586	431	427	606	543	608	532	1075	1845	626	468	469	253	3257	2204	427	1286	1317	990	334	1379	469	1381	947	1349	736	401	534	1127	522	269	3091	2631	288	796	1625	673	849	340	1498	330
207	211	0	317	1133	2922	407	596	706	1051	829	454	373	628	1305	316	299	1102	1190	340	331	364	643	726	370	1216	376	148	377	370	482	701	287	876	738	797	366	692	795	1137	851	1431	463	1203	801	488	2107	907	511	498	548	329	1825	210	738	111	238	405	626	1328	1133	485	391	188	605	463	568	1074	1059	255	483	414	396	566	573	693	496	938	1055	327	1094	2182	1420	1252	273	211	1511	1058	1035	1011	386	1059	162	373	129	487	1322	1364	790	273	267	1136	445	760	345	874	1962	790	1257	373	485	1282	287	325	1948	287	466	11	605	2196	177	656	555	627	1156	544	1171	356	598	605	56	263	163	730	210	482	678	340	1464	447	1227	360	697	239	1154	707	391	302	1078	287	3228	1059	1181	495	383	379	487	288	3254	372	552	1241	292	487	829	255	200	1879	132	1831	382	141	287	274	1247	608	716	548	200	437	287	1396	157	640	1091	1018	1970	55	123	238	313	470	1321	568	728	211	359	424	583	1333	1184	1062	487	1035	434	1322	933	601	452	1211	131	127	622	1582	1824	764	180	313	496	386	690	331	236	1518	168	1374	383	298	407	605	440	487	874	1664	415	497	287	148	3049	2051	298	1126	1115	856	319	1168	287	1589	739	1171	645	325	601	920	331	400	2886	2489	109	597	1835	461	1053	330	1320	299
193	344	317	0	1052	3090	456	300	423	1186	528	278	273	686	1175	48	434	1042	1376	298	367	251	477	447	224	1079	89	172	82	224	557	517	310	1078	554	804	270	521	797	1296	1056	1607	164	1286	1001	177	2208	841	422	186	592	130	1817	119	446	207	132	479	734	1265	1052	171	427	191	292	597	250	1161	1126	105	513	243	327	249	255	491	185	961	1250	25	1348	2240	1248	1131	119	344	1522	1096	1248	1195	285	1126	307	273	188	177	1412	1459	598	45	61	1009	595	578	283	960	1988	617	1437	273	171	1156	310	23	2045	310	149	321	310	2004	234	466	238	429	955	226	1081	364	304	310	306	61	305	437	119	169	504	298	1231	574	1086	232	518	367	1069	459	427	285	1009	310	3269	1126	1088	344	267	85	192	597	3416	99	235	1339	45	171	1051	105	347	1726	210	1799	227	201	114	114	1279	296	453	592	174	580	310	1565	196	395	980	1218	1733	344	196	80	47	200	1189	250	436	157	234	231	288	1199	1385	1145	210	1248	130	1414	899	289	237	1112	286	410	331	1548	1644	658	270	292	185	285	655	367	133	1331	313	1467	87	181	456	311	372	188	1075	1902	549	189	310	172	3180	1891	181	990	1307	674	19	1241	310	1500	909	1081	397	90	311	962	367	258	3040	2307	254	616	1758	603	964	25	1567	18
961	1313	1133	1052	0	2397	735	1205	833	755	908	774	1324	1719	239	1101	1413	76	1029	806	802	1303	588	1338	1276	217	976	1062	986	1276	1579	570	848	947	543	1854	1321	554	1848	2270	953	1139	954	619	915	1105	1385	225	1475	1105	616	926	2869	1113	860	1081	979	748	1744	2307	0	1085	744	982	992	772	1052	583	507	988	660	808	755	1037	1058	1490	1107	364	994	1075	2172	1315	447	183	962	1313	567	2142	1062	931	784	507	971	1324	1091	1110	715	2485	527	1048	1028	2024	803	523	809	556	1016	481	1042	1324	1085	214	848	1073	1228	848	1067	1145	1213	1171	969	616	1067	1441	1896	1067	46	777	1214	1213	1077	1035	970	1288	1113	1095	571	806	2082	770	237	1285	565	1343	24	1406	744	841	64	848	2280	507	63	707	1320	983	935	1189	2688	1136	1079	698	1092	1070	1948	988	939	2684	1034	759	828	1151	957	965	2328	980	1377	616	981	797	848	1083	1162	741	2007	1000	2529	1189	1074	1074	1100	1200	258	1052	865	983	1286	821	1203	272	2307	565	1198	1062	980	721	1951	978	1272	95	1002	1256	1237	514	798	394	955	829	1107	784	1707	802	980	568	966	759	985	898	735	1215	706	947	945	1615	796	1122	848	1062	2376	967	898	202	1015	461	1071	564	848	2525	805	46	748	963	1227	419	802	1310	2306	1427	1031	557	2786	784	2002	1074	1407	1054
2905	3125	2922	3090	2397	0	2636	3364	3113	1905	3230	2895	3284	3498	2532	3127	3188	2340	1732	2798	2722	3271	2813	3518	3265	2581	3061	2977	3071	3265	3366	2836	2779	2047	2829	3685	3278	2810	3686	3724	2073	1491	3096	1855	2121	3235	1036	2461	3432	3241	2511	2976	4658	3065	3152	2966	2961	2611	3448	4234	2397	3218	2665	2915	3207	2496	3237	1962	2018	2986	2587	2903	2786	3224	3244	3577	3241	2217	1867	3115	3334	1240	2718	2511	2971	3125	1856	3890	1897	1911	2832	2018	2816	3284	2989	3238	1730	4059	2842	3057	3034	4058	2502	2821	2817	2147	1544	2789	1665	3284	3218	2522	2779	3112	1178	2779	3193	2930	3374	2992	2874	2860	3242	3513	4045	3236	2413	2729	3371	3374	2884	3038	2817	3489	3065	3224	2820	2798	4314	2518	2597	3261	2827	3147	2402	3547	2665	2806	2382	2779	1350	2018	2424	2839	3291	3069	3094	2716	335	3188	3250	1785	3105	3208	3343	2986	2768	4799	2928	1925	2899	3040	2977	2976	4067	3198	3536	2511	2927	2516	2779	1528	3058	2990	4013	1906	4806	2955	2968	3054	3125	3290	2542	3237	3153	2942	3261	2929	3356	2547	3620	1981	3298	1897	3102	1726	3836	3193	3319	2432	2849	2971	3399	2023	2805	2631	2839	2799	3241	2832	3605	2722	2960	2802	2808	1676	3074	2912	2636	3376	2752	3105	2049	1391	2545	3252	2779	2977	410	2719	2912	2597	1807	2803	3107	1910	2779	4503	2190	2413	3000	3013	3382	2192	2722	3301	157	3019	2892	2503	4739	2491	3974	3116	1710	3079
284	606	407	456	735	2636	0	731	591	731	733	295	684	1024	925	496	701	698	934	163	91	667	365	886	652	843	427	377	437	652	879	427	150	654	455	1182	679	405	1178	1539	636	1158	473	835	579	601	1756	510	842	607	146	340	2213	454	633	382	332	36	1031	1689	735	586	29	299	607	168	618	709	680	354	76	287	166	608	625	947	608	537	815	481	1446	1803	1066	869	337	606	1111	1455	826	756	209	680	246	684	400	604	961	1771	506	426	403	1456	183	471	183	507	1568	483	991	684	586	900	150	479	1594	150	560	418	742	1845	268	403	619	884	1412	612	775	93	738	742	351	408	245	861	454	590	399	163	1680	145	857	652	419	635	757	911	29	171	677	150	2843	680	787	271	686	435	477	475	2960	555	625	885	476	576	1212	354	207	2181	334	1424	274	460	341	342	1644	601	901	146	308	166	150	1114	476	473	1422	788	2177	461	379	432	494	654	942	618	628	318	653	314	722	955	1572	693	662	826	473	962	1304	594	691	818	280	524	766	1175	1468	397	242	163	608	209	1056	91	331	1174	239	1015	440	276	0	743	157	487	651	1488	138	618	150	377	2725	1678	276	756	870	550	473	794	150	1937	471	775	483	377	748	526	91	689	2584	2126	317	191	2191	180	1397	482	1170	447
492	537	596	300	1205	3364	731	0	404	1459	428	477	337	719	1277	284	593	1212	1664	568	650	323	621	154	290	1179	304	464	295	290	634	634	597	1372	663	769	340	650	758	1361	1351	1890	272	1534	1295	130	2454	1019	394	123	853	392	1704	386	398	494	430	760	803	1121	1205	145	702	491	219	885	153	1414	1370	403	776	462	578	168	147	293	123	1190	1541	281	1508	2462	1301	1243	409	537	1724	1058	1543	1484	532	1370	607	337	472	128	1662	1455	689	344	361	822	887	684	549	1220	2191	727	1722	337	145	1262	597	283	2290	597	171	597	10	2008	534	588	138	259	704	139	1225	638	9	10	597	361	606	137	386	141	634	568	949	861	1181	309	639	547	1217	202	702	565	1173	597	3471	1370	1228	540	320	296	281	884	3686	224	126	1594	308	156	1191	403	647	1491	507	1964	464	459	400	405	1223	232	177	853	474	871	597	1846	445	466	811	1511	1445	608	485	367	287	133	1287	153	388	457	311	438	13	1296	1488	1397	113	1543	262	1665	812	232	199	1246	585	659	35	1717	1673	825	570	571	123	532	605	650	432	1363	613	1718	291	458	731	11	613	269	1369	2199	840	114	597	464	3437	1935	458	1097	1597	764	289	1485	597	1323	1197	1225	460	358	23	1199	650	291	3308	2318	552	865	1585	893	817	279	1867	316
510	767	706	423	833	3113	591	404	0	1240	141	303	650	1072	879	457	855	853	1483	463	548	630	300	516	594	782	340	561	343	594	959	281	527	1231	297	1153	650	306	1144	1703	1217	1685	258	1259	1159	351	2155	677	763	345	654	378	2109	539	42	598	468	627	1137	1525	833	334	566	525	187	759	259	1152	1095	451	596	328	431	246	263	697	349	897	1378	430	1770	2129	897	849	433	767	1381	1447	1401	1314	399	1095	618	650	587	356	1385	1834	306	455	451	1219	775	313	443	980	1842	353	1531	650	334	866	527	430	1992	527	330	714	410	1616	553	253	280	661	1066	286	847	519	413	410	674	456	616	461	539	345	294	463	1252	736	782	610	289	790	842	595	566	488	812	527	3113	1095	847	321	638	340	231	949	3426	448	293	1328	467	319	1474	451	632	1852	576	1588	356	618	419	432	1618	174	560	654	510	758	527	1635	616	127	1212	1357	1715	747	585	495	458	455	888	259	39	496	612	306	407	896	1803	1133	443	1401	293	1389	1212	176	542	862	619	819	430	1346	1273	489	575	485	349	399	991	548	470	961	620	1439	337	423	591	412	434	235	1228	2061	728	362	527	561	3149	1533	423	703	1428	375	433	1204	527	1720	1042	847	116	383	427	921	548	616	3043	1925	610	639	1981	772	1221	427	1755	437
1004	1262	1051	1186	755	1905	731	1459	1240	0	1369	995	1394	1667	988	1225	1340	679	276	893	818	1379	943	1614	1370	971	1156	1083	1166	1370	1525	979	876	294	981	1845	1389	951	1843	2051	317	445	1193	243	324	1330	1058	679	1548	1336	608	1070	2864	1169	1280	1076	1059	707	1642	2380	755	1314	760	1016	1311	599	1336	182	252	1083	683	1001	882	1324	1343	1676	1336	412	249	1211	1801	1167	1202	936	1067	1262	660	2089	330	198	928	252	925	1394	1099	1333	312	2342	1009	1154	1131	2172	610	980	911	262	1010	959	303	1394	1314	965	876	1209	903	876	1288	1061	1470	1869	977	991	1340	1612	2142	1333	797	824	1466	1470	1005	1135	925	1586	1169	1319	957	893	2409	620	991	1367	969	1288	776	1642	760	902	703	876	2216	252	814	943	1399	1164	1192	911	2229	1285	1347	229	1204	1303	1674	1083	877	2906	1035	1034	995	1154	1072	1072	2276	1303	1631	608	1027	621	876	395	1172	1113	2133	268	2904	1093	1077	1154	1222	1385	1006	1336	1279	1041	1368	1027	1451	1019	2018	196	1394	330	1198	308	1984	1297	1418	841	960	1126	1494	846	1517	793	943	894	1336	928	1741	818	1058	1321	917	352	1169	1008	731	1471	850	1203	294	873	649	1347	876	1083	2002	1625	1008	932	260	994	1203	258	876	2639	321	797	1123	1108	1477	363	818	1406	1853	2083	1002	606	2886	597	2101	1212	653	1176
640	868	829	528	908	3230	733	428	141	1369	0	444	723	1135	920	555	949	938	1617	603	689	704	425	502	668	825	454	681	454	668	1034	394	666	1370	401	1196	724	421	1186	1774	1356	1814	368	1375	1299	417	2259	777	815	409	792	506	2114	648	100	718	593	768	1209	1524	908	405	707	654	247	900	314	1273	1213	574	736	467	573	306	315	707	412	1013	1514	530	1872	2219	905	897	559	868	1468	1486	1540	1450	539	1213	752	723	705	421	1500	1883	393	566	566	1205	916	410	583	1107	1924	445	1663	723	405	910	666	531	2096	666	409	835	431	1583	684	377	335	683	1024	345	916	661	436	431	801	571	750	441	648	415	413	603	1176	877	823	686	403	887	914	592	707	627	895	666	3186	1213	914	462	709	452	342	1081	3539	533	346	1447	569	393	1568	574	769	1800	701	1650	494	729	544	556	1650	239	553	792	637	899	666	1764	725	263	1207	1494	1621	866	706	606	556	513	926	314	107	622	688	444	435	932	1887	1253	498	1540	399	1504	1237	244	600	925	750	935	444	1416	1257	599	709	624	412	539	1033	689	596	952	754	1554	449	556	733	432	575	343	1367	2198	870	423	666	681	3254	1524	556	756	1563	448	535	1320	666	1701	1181	916	253	504	448	1041	689	683	3156	1895	738	773	1960	913	1224	528	1895	545
246	578	454	278	774	2895	295	477	303	995	444	0	551	958	900	327	677	766	1218	160	245	530	204	629	502	805	203	330	213	502	823	253	226	948	291	1082	548	250	1075	1549	931	1433	205	1057	873	355	1976	566	700	359	387	157	2095	354	343	361	232	330	996	1537	774	336	268	267	318	464	342	938	893	231	317	41	130	329	349	737	360	713	1104	300	1547	1989	986	854	204	578	1258	1373	1120	1043	96	893	332	551	361	359	1185	1731	340	279	261	1268	477	315	141	747	1726	350	1271	551	336	880	226	299	1812	226	313	464	487	1754	280	205	348	681	1180	343	803	217	485	487	410	268	330	595	354	344	235	160	1422	440	813	511	251	606	791	674	268	189	732	226	3007	893	809	67	546	210	199	660	3214	363	357	1118	320	323	1272	231	338	1964	324	1524	72	411	195	206	1557	310	654	387	256	460	226	1387	418	200	1245	1079	1911	504	350	310	326	437	914	342	337	249	513	47	471	925	1620	920	439	1120	220	1188	1177	304	501	834	342	578	512	1273	1388	380	292	183	360	96	933	245	234	1077	332	1240	213	157	295	489	146	211	945	1782	429	373	226	330	2960	1627	157	716	1157	412	297	1008	226	1765	762	803	208	191	497	722	245	536	2834	2053	346	391	2025	476	1234	300	1466	281
400	226	373	273	1324	3284	684	337	650	1394	723	551	0	423	1448	224	260	1312	1554	545	593	21	749	412	56	1351	356	312	347	56	310	788	534	1243	824	531	6	792	524	1053	1219	1793	407	1519	1167	306	2438	1111	157	314	829	398	1548	230	663	319	359	699	487	1006	1324	319	659	385	477	795	408	1392	1364	343	752	515	584	417	408	324	310	1213	1421	252	1171	2487	1514	1404	368	226	1781	823	1405	1374	547	1364	470	0	296	302	1644	1193	865	277	299	777	785	848	534	1190	2245	888	1619	0	319	1428	534	253	2276	534	320	367	341	2260	420	736	388	260	783	378	1354	600	333	341	403	292	469	440	230	309	776	545	1095	775	1358	41	789	226	1342	364	659	520	1280	534	3523	1364	1361	617	17	350	434	643	3614	205	377	1567	232	333	856	343	517	1515	359	2067	496	244	371	364	1006	487	385	829	376	773	534	1756	225	653	739	1386	1600	357	317	258	225	215	1461	408	651	367	39	504	324	1471	1164	1377	233	1405	373	1645	630	483	138	1385	436	380	346	1816	1906	930	452	531	310	547	383	593	359	1593	477	1698	350	434	684	340	632	425	1241	2038	745	300	534	312	3397	2157	434	1262	1481	942	254	1478	534	1252	1094	1354	652	360	328	1208	593	46	3243	2566	393	863	1506	798	713	253	1693	270
760	419	628	686	1719	3498	1024	719	1072	1667	1135	958	423	0	1859	640	329	1699	1775	916	940	444	1161	727	478	1763	773	659	765	478	145	1203	885	1460	1240	188	423	1206	191	642	1433	2017	830	1830	1390	723	2726	1499	324	729	1170	801	1198	607	1082	645	740	1029	112	739	1719	738	1005	740	894	1090	822	1701	1687	732	1100	919	965	833	821	530	726	1562	1638	668	860	2809	1934	1812	759	419	2136	430	1602	1603	935	1687	780	423	631	718	1947	773	1284	679	697	648	1071	1265	911	1502	2589	1303	1844	423	738	1838	885	669	2569	885	741	617	719	2683	760	1152	801	506	807	793	1752	956	712	719	681	689	781	777	607	727	1190	916	1143	1075	1771	464	1204	390	1738	640	1005	884	1670	885	3856	1687	1760	1020	434	768	857	782	3833	628	789	1865	641	752	538	732	824	1370	693	2445	896	570	766	756	620	904	679	1170	739	1063	885	1989	558	1075	584	1597	1616	579	651	648	640	622	1873	822	1070	736	462	912	708	1884	780	1689	637	1602	795	1947	347	901	535	1787	745	541	714	2194	2328	1329	782	895	726	935	197	940	739	2015	788	1998	769	821	1024	718	1014	848	1458	2176	1043	714	885	659	3650	2577	821	1674	1697	1360	669	1796	885	1012	1348	1752	1075	767	703	1547	940	456	3473	2989	707	1215	1241	1088	521	670	1828	679
1117	1468	1305	1175	239	2532	925	1277	879	988	920	900	1448	1859	0	1223	1569	314	1259	966	979	1426	698	1395	1396	98	1091	1215	1101	1396	1723	661	1018	1187	626	1978	1445	655	1971	2437	1192	1352	1053	831	1154	1195	1502	427	1590	1193	823	1057	2973	1253	897	1239	1124	943	1894	2398	239	1176	929	1138	1058	986	1125	811	737	1128	854	939	911	1111	1130	1570	1196	604	1230	1195	2371	1387	216	58	1101	1468	676	2271	1300	1168	932	737	1146	1448	1245	1200	911	2631	591	1180	1162	2098	1017	602	965	795	1070	561	1267	1448	1176	25	1018	1194	1354	1018	1161	1316	1285	939	1132	712	1143	1528	1940	1146	194	951	1287	1285	1250	1169	1145	1340	1253	1187	671	966	2092	981	97	1407	659	1497	216	1474	929	1004	301	1018	2288	737	177	838	1441	1097	1030	1393	2810	1249	1156	908	1219	1160	2131	1128	1120	2720	1193	747	964	1302	1093	1104	2453	1045	1440	823	1134	1009	1018	1297	1311	816	2088	1237	2512	1360	1230	1211	1223	1297	19	1125	905	1133	1408	946	1279	32	2488	795	1291	1300	1083	919	2062	1045	1376	147	1174	1431	1306	540	563	541	1124	992	1196	932	1825	979	1125	333	1142	949	1098	1043	925	1286	865	1041	1184	1837	1004	1211	1018	1215	2477	753	1043	185	1249	514	1193	779	1018	2599	1043	194	820	1091	1300	658	979	1427	2431	1206	1198	763	2861	999	2092	1194	1641	1180
224	313	316	48	1101	3127	496	284	457	1225	555	327	224	640	1223	0	398	1091	1409	342	407	203	525	424	175	1127	133	180	125	175	513	564	348	1108	601	755	221	568	748	1254	1086	1642	199	1329	1031	173	2251	889	374	183	634	178	1768	106	477	211	166	518	691	1217	1101	172	468	217	311	632	261	1203	1170	142	556	292	373	262	264	451	181	1008	1282	28	1317	2286	1294	1179	160	313	1570	1047	1277	1228	332	1170	330	224	188	172	1455	1413	644	70	93	964	628	625	327	1003	2035	664	1471	224	172	1204	348	29	2088	348	155	318	293	2047	260	513	245	387	918	233	1130	405	286	293	313	89	328	420	106	167	552	342	1200	609	1134	184	565	333	1118	427	468	325	1058	348	3316	1170	1137	393	218	129	227	602	3454	63	240	1381	24	176	1017	142	373	1684	225	1848	276	186	158	155	1230	317	425	634	202	614	348	1601	177	438	934	1249	1703	335	201	83	3	169	1237	261	466	187	185	280	271	1247	1347	1187	183	1277	164	1457	850	311	194	1161	305	395	312	1597	1689	707	297	334	181	332	606	407	167	1376	336	1510	129	225	496	293	419	221	1106	1928	583	181	348	180	3221	1937	225	1038	1340	720	30	1285	348	1453	942	1130	439	138	291	1007	407	209	3078	2351	269	661	1711	637	917	30	1591	50
453	100	299	434	1413	3188	701	593	855	1340	949	677	260	329	1569	398	0	1387	1458	607	619	270	880	671	302	1476	522	353	517	302	185	930	567	1142	968	504	255	928	504	872	1116	1701	597	1500	1071	539	2398	1189	312	548	845	523	1528	327	875	332	446	703	331	1047	1413	547	683	431	702	761	641	1371	1358	446	777	636	659	646	642	550	545	1236	1322	425	924	2479	1664	1519	472	100	1810	758	1291	1283	636	1358	455	260	323	535	1618	1073	1016	410	422	891	741	992	606	1172	2261	1027	1527	260	547	1547	567	425	2241	567	540	288	598	2429	444	880	621	495	968	610	1449	639	590	598	353	415	456	700	327	539	912	607	1297	745	1486	283	929	71	1433	615	683	572	1361	567	3527	1358	1458	733	277	519	625	478	3521	416	613	1536	389	557	619	446	497	1636	379	2125	608	266	482	471	948	710	640	845	434	734	567	1670	259	827	838	1282	1796	249	339	372	397	464	1584	641	864	435	281	635	580	1595	951	1360	483	1291	562	1617	649	704	396	1486	421	216	604	1876	2065	1030	462	584	545	636	420	619	445	1753	462	1669	521	526	701	597	708	620	1140	1890	713	538	567	353	3329	2304	526	1386	1381	1089	422	1467	567	1315	1022	1449	829	497	586	1219	619	306	3158	2729	385	892	1554	758	790	427	1542	421
938	1288	1102	1042	76	2340	698	1212	853	679	938	766	1312	1699	314	1091	1387	0	953	783	770	1291	590	1350	1266	293	969	1040	979	1266	1557	581	820	873	557	1839	1308	562	1833	2238	879	1065	954	546	843	1107	1336	201	1465	1107	572	913	2860	1095	883	1056	961	708	1718	2303	76	1087	710	959	1004	721	1060	506	431	972	622	798	734	1045	1066	1493	1110	291	917	1065	2125	1281	524	258	946	1288	530	2125	986	855	766	431	939	1312	1068	1111	645	2461	548	1035	1013	2027	752	540	787	482	989	499	966	1312	1087	289	820	1064	1177	820	1067	1113	1221	1238	942	624	1073	1441	1909	1073	119	748	1221	1221	1046	1020	938	1302	1095	1096	578	783	2105	721	313	1273	574	1318	97	1414	710	816	42	820	2262	431	136	698	1308	976	937	1141	2636	1130	1085	625	1080	1072	1908	972	905	2698	1008	757	815	1129	942	949	2311	991	1387	572	960	747	820	1009	1141	753	2007	924	2560	1157	1050	1058	1089	1199	332	1060	887	963	1275	813	1210	346	2268	489	1198	986	978	652	1941	989	1267	167	971	1222	1244	507	868	389	926	804	1110	766	1696	770	962	644	933	691	979	881	698	1222	685	949	871	1539	748	1124	820	1040	2330	1028	881	269	938	489	1061	491	820	2527	735	119	760	952	1234	345	770	1300	2252	1489	1003	514	2787	733	2000	1065	1331	1042
1185	1392	1190	1376	1029	1732	934	1664	1483	276	1617	1218	1554	1775	1259	1409	1458	953	0	1097	1014	1541	1192	1817	1538	1246	1359	1250	1369	1538	1638	1234	1067	315	1240	1959	1548	1205	1960	2081	342	242	1407	456	388	1533	1009	954	1701	1540	832	1271	2955	1339	1524	1237	1244	904	1733	2506	1029	1518	964	1193	1536	779	1552	448	522	1270	900	1218	1096	1541	1559	1855	1540	689	136	1400	1775	1186	1474	1208	1258	1392	846	2180	192	181	1141	522	1089	1554	1261	1536	451	2394	1271	1339	1317	2326	781	1241	1117	527	1102	1222	71	1554	1518	1236	1067	1397	875	1067	1493	1198	1674	2119	1151	1241	1553	1790	2324	1546	1070	1026	1670	1674	1152	1320	1090	1795	1339	1523	1211	1097	2608	803	1266	1532	1224	1416	1049	1835	964	1098	978	1067	2211	522	1087	1174	1561	1367	1410	993	2064	1472	1559	398	1386	1510	1697	1270	1042	3069	1201	1209	1207	1310	1266	1263	2363	1528	1829	832	1207	795	1067	218	1328	1356	2281	178	3108	1223	1240	1332	1406	1576	1277	1552	1522	1222	1532	1245	1654	1289	2020	464	1587	192	1407	444	2108	1522	1597	1113	1121	1241	1698	1056	1776	1058	1115	1093	1540	1141	1874	1014	1243	1593	1082	460	1372	1205	934	1675	1071	1420	317	598	826	1550	1067	1250	1878	1867	1205	1208	77	1262	1391	495	1067	2773	467	1070	1366	1306	1679	639	1014	1573	1699	2318	1163	843	3012	772	2242	1401	392	1364
155	507	340	298	806	2798	163	568	463	893	603	160	545	916	966	342	607	783	1097	0	89	525	311	722	507	877	263	256	273	507	773	371	68	812	407	1061	540	358	1056	1471	793	1321	312	987	736	438	1909	583	702	444	293	177	2088	318	503	275	185	192	937	1551	806	422	133	176	451	323	457	862	827	203	215	138	56	447	464	790	444	669	976	323	1429	1945	1080	915	181	507	1236	1343	984	918	65	827	192	545	285	440	1114	1679	460	274	251	1306	330	428	21	662	1699	454	1154	545	422	944	68	321	1746	68	397	351	578	1857	165	332	457	728	1251	449	841	70	574	578	288	256	190	698	318	427	346	0	1517	299	888	509	366	537	826	749	133	38	755	68	2979	827	851	170	544	271	319	508	3122	397	463	1041	324	413	1170	203	185	2024	228	1530	116	345	183	186	1531	446	738	293	177	313	68	1278	358	359	1274	948	2014	395	267	287	339	493	982	457	496	181	511	163	559	994	1524	846	501	984	310	1115	1173	439	535	879	212	467	602	1279	1484	425	160	28	444	65	925	89	185	1179	189	1169	276	116	163	579	101	328	809	1646	282	454	68	256	2883	1711	116	787	1032	521	316	943	68	1792	632	841	367	215	584	665	89	543	2745	2148	232	319	2049	333	1255	324	1323	291
193	522	331	367	802	2722	91	650	548	818	689	245	593	940	979	407	619	770	1014	89	0	576	365	803	561	894	345	287	354	561	795	427	59	725	460	1094	588	410	1090	1468	706	1241	399	926	649	519	1847	576	751	526	236	257	2125	363	589	294	241	111	950	1599	802	504	65	209	540	236	544	800	771	264	161	226	119	535	551	858	526	625	891	392	1397	1894	1108	925	248	522	1198	1370	897	834	149	771	169	593	311	521	1052	1692	513	336	313	1365	242	479	110	598	1657	499	1073	593	504	956	59	390	1685	59	479	343	660	1887	180	394	543	795	1323	535	840	33	656	660	275	318	168	782	363	508	400	89	1595	212	906	561	421	552	823	825	65	84	746	59	2933	771	851	241	595	353	407	448	3048	466	548	976	386	496	1151	264	141	2091	247	1506	205	372	254	253	1558	535	816	236	217	225	59	1199	387	439	1330	863	2094	387	290	341	404	567	996	544	582	227	562	252	640	1009	1509	784	576	897	395	1053	1214	528	601	880	200	454	684	1256	1511	441	157	79	526	149	966	0	241	1212	163	1106	358	191	91	661	139	416	722	1558	194	535	59	287	2814	1730	191	805	948	567	384	885	59	1846	548	840	448	292	665	616	0	598	2672	2174	233	275	2100	245	1306	393	1234	358
382	229	364	251	1303	3271	667	323	630	1379	704	530	21	444	1426	203	270	1291	1541	525	576	0	728	405	36	1329	334	296	325	36	330	766	516	1231	802	552	20	771	545	1073	1207	1779	386	1502	1155	287	2421	1090	176	295	811	377	1568	212	642	305	340	682	507	1025	1303	300	641	367	457	780	390	1375	1347	323	734	494	564	398	390	329	291	1194	1409	230	1186	2469	1492	1382	347	229	1762	845	1394	1361	527	1347	455	21	281	283	1627	1214	844	257	278	792	770	826	515	1172	2225	866	1606	21	300	1407	516	231	2260	516	299	359	328	2238	403	715	369	265	792	359	1333	582	320	328	392	272	454	431	212	289	754	525	1101	759	1336	19	767	232	1321	362	641	502	1259	516	3504	1347	1339	596	20	329	412	638	3600	184	358	1550	211	313	872	323	503	1529	344	2047	476	232	350	344	1027	467	380	811	359	758	516	1742	213	631	755	1374	1606	351	302	238	204	198	1439	390	631	349	17	483	310	1450	1182	1360	217	1394	351	1628	650	463	126	1364	421	378	334	1796	1884	909	436	512	291	527	404	576	340	1571	463	1681	328	414	667	327	612	404	1229	2029	730	281	516	296	3381	2135	414	1241	1468	921	233	1461	516	1270	1080	1333	631	339	316	1189	576	40	3228	2544	379	844	1525	783	730	231	1685	249
439	781	643	477	588	2813	365	621	300	943	425	204	749	1161	698	525	880	590	1192	311	365	728	0	762	698	602	394	530	403	698	1027	62	376	958	96	1280	747	48	1273	1752	946	1388	366	959	890	517	1861	398	894	517	381	361	2285	558	339	559	434	400	1201	1719	588	497	349	461	418	517	470	852	795	434	341	244	256	455	476	902	519	599	1094	497	1737	1848	783	654	408	781	1105	1573	1124	1029	257	795	503	749	561	522	1086	1934	149	482	465	1437	540	117	300	681	1571	147	1238	749	497	679	376	496	1697	376	479	654	630	1554	466	48	483	852	1321	482	612	331	630	630	594	472	501	717	558	507	35	311	1535	497	610	709	55	809	602	823	349	349	553	376	2850	795	617	149	743	400	347	813	3126	553	495	1028	520	482	1470	434	494	2110	518	1345	272	614	399	410	1755	406	797	381	453	524	376	1338	621	177	1419	1076	2007	696	549	514	524	612	712	470	339	449	710	248	619	723	1820	832	610	1124	392	1089	1369	403	686	640	521	770	654	1097	1186	204	469	339	519	257	1129	365	436	877	500	1140	402	355	365	632	226	359	955	1779	500	534	376	530	2853	1423	355	513	1141	212	495	905	376	1937	768	612	187	393	643	621	365	730	2744	1851	534	353	2198	532	1414	496	1484	482
641	634	726	447	1338	3518	886	154	516	1614	502	629	412	727	1395	424	671	1350	1817	722	803	405	762	0	380	1298	458	603	449	380	671	769	750	1524	795	738	417	787	726	1363	1502	2044	424	1687	1446	284	2605	1160	411	278	1007	546	1612	520	500	631	579	913	825	1022	1338	300	856	638	346	1038	293	1567	1523	552	931	616	732	307	286	218	277	1340	1694	426	1558	2608	1402	1364	561	634	1867	1015	1694	1637	686	1523	753	412	607	281	1815	1420	815	489	508	706	1039	815	703	1373	2334	857	1876	412	300	1382	750	428	2441	750	325	725	143	2081	682	726	283	221	559	286	1356	792	147	143	733	507	751	61	520	295	772	722	795	1015	1298	397	775	638	1350	96	856	719	1310	750	3612	1523	1357	690	395	450	431	1013	3840	361	273	1747	449	310	1235	552	794	1348	649	2097	619	585	552	556	1166	358	54	1007	622	1024	750	2000	569	597	705	1663	1291	730	622	507	427	257	1404	293	491	605	399	591	163	1412	1507	1549	241	1694	416	1817	752	361	284	1375	729	773	119	1852	1759	966	718	724	277	686	579	803	581	1454	759	1870	445	612	886	142	767	419	1521	2349	992	267	750	603	3590	2026	612	1219	1750	888	435	1637	750	1205	1351	1356	590	511	138	1351	803	366	3462	2393	693	1018	1466	1046	723	424	2015	462
368	253	370	224	1276	3265	652	290	594	1370	668	502	56	478	1396	175	302	1266	1538	507	561	36	698	380	0	1299	304	288	295	0	366	735	501	1229	771	582	56	741	574	1109	1205	1774	352	1488	1152	251	2408	1065	198	258	795	352	1593	201	606	301	322	669	543	1045	1276	263	625	355	421	771	353	1361	1331	303	718	468	543	362	353	323	255	1175	1406	202	1221	2452	1460	1352	326	253	1741	875	1393	1357	504	1331	449	56	276	246	1613	1248	812	234	257	804	763	795	495	1159	2206	835	1602	56	263	1377	501	203	2246	501	264	366	295	2204	393	684	333	257	790	323	1306	565	287	295	393	251	448	402	201	253	724	507	1094	750	1305	19	736	259	1293	343	625	485	1233	501	3485	1331	1312	569	45	298	378	650	3594	150	322	1537	186	277	908	303	496	1536	337	2023	450	233	328	322	1057	431	359	795	345	750	501	1736	214	598	769	1371	1599	362	297	220	176	163	1409	353	595	333	21	455	277	1419	1218	1346	182	1393	318	1614	675	427	96	1336	416	396	303	1771	1851	882	427	495	255	504	431	561	322	1538	456	1667	297	393	652	295	590	370	1226	2032	721	245	501	288	3371	2103	393	1211	1465	889	205	1446	501	1286	1075	1306	597	313	284	1172	561	36	3221	2510	374	826	1542	774	748	202	1689	223
1025	1376	1216	1079	217	2581	843	1179	782	971	825	805	1351	1763	98	1127	1476	293	1246	877	894	1329	602	1298	1299	0	995	1123	1004	1299	1629	564	930	1150	528	1881	1349	558	1874	2346	1153	1356	955	835	1112	1097	1557	362	1493	1095	749	962	2875	1159	800	1147	1031	864	1801	2299	217	1078	846	1047	960	915	1027	800	725	1034	775	845	821	1012	1032	1472	1098	571	1207	1099	2289	1456	242	76	1007	1376	728	2175	1272	1143	840	725	1059	1351	1153	1102	926	2536	493	1084	1067	2000	946	505	874	760	1143	464	1260	1351	1078	85	930	1098	1405	930	1063	1228	1186	1006	1042	615	1045	1430	1844	1047	182	865	1188	1186	1162	1074	1058	1242	1159	1088	575	877	1999	909	19	1310	562	1405	200	1376	846	915	268	930	2374	725	167	744	1344	1001	932	1316	2865	1152	1058	914	1123	1062	2044	1034	1035	2625	1103	833	870	1209	999	1010	2356	947	1342	749	1043	937	930	1301	1218	717	1990	1211	2424	1271	1138	1116	1126	1199	109	1027	807	1041	1312	851	1180	120	2400	783	1193	1272	986	933	1964	946	1278	151	1086	1343	1208	615	628	453	1035	903	1098	840	1727	894	1032	362	1055	968	1002	950	843	1188	776	943	1147	1833	930	1112	930	1123	2539	836	950	90	1230	416	1097	781	930	2501	996	182	722	996	1202	626	894	1330	2484	1283	1109	690	2763	929	1994	1098	1622	1085
208	430	376	89	976	3061	427	304	340	1156	454	203	356	773	1091	133	522	969	1359	263	345	334	394	458	304	995	0	228	10	304	646	431	294	1069	468	886	354	436	879	1385	1049	1585	86	1241	992	174	2162	769	500	180	552	88	1893	200	366	265	150	455	823	1334	976	159	397	215	232	582	210	1118	1078	125	475	174	278	204	216	539	181	906	1237	104	1431	2185	1160	1048	119	430	1459	1179	1241	1180	232	1078	328	356	251	177	1368	1547	510	115	112	1067	584	492	244	921	1926	531	1417	356	159	1072	294	104	1999	294	133	382	315	1915	254	380	204	481	992	195	1003	333	311	315	354	117	326	436	200	163	420	263	1253	557	1001	315	432	454	992	488	397	261	935	294	3208	1078	1009	270	349	8	111	643	3385	160	207	1298	134	151	1138	125	360	1772	253	1727	167	278	106	115	1361	233	474	552	197	568	294	1541	276	306	1042	1208	1750	411	253	155	133	238	1104	210	356	180	317	156	295	1115	1473	1101	243	1241	60	1370	976	225	298	1033	316	481	339	1476	1556	582	286	266	181	232	734	345	152	1243	332	1423	13	155	427	316	318	111	1066	1900	537	191	294	228	3141	1803	155	906	1293	587	104	1194	294	1562	893	1003	308	60	320	911	345	336	3007	2218	294	569	1822	590	1031	103	1571	100
101	253	148	172	1062	2977	377	464	561	1083	681	330	312	659	1215	180	353	1040	1250	256	287	296	530	603	288	1123	228	0	228	288	517	583	229	944	621	808	306	578	803	1223	920	1487	314	1209	867	347	2126	840	467	357	523	188	1838	89	591	37	99	389	682	1313	1062	342	353	80	456	484	421	1081	1056	110	448	289	307	419	426	605	356	912	1120	185	1222	2180	1314	1165	131	253	1484	1087	1110	1069	282	1056	161	312	30	347	1333	1423	671	126	118	1089	475	645	253	879	1944	678	1314	312	342	1193	229	183	1965	229	321	154	473	2084	108	535	409	539	1074	398	1097	299	467	473	134	115	160	600	89	340	564	256	1368	463	1132	284	581	282	1082	598	353	224	1011	229	3220	1056	1106	382	316	230	338	425	3306	242	408	1255	155	343	942	110	208	1824	49	1786	259	89	145	132	1275	459	601	523	80	462	229	1448	101	503	1051	1086	1873	185	25	97	177	346	1230	421	581	82	285	293	451	1242	1289	1067	362	1110	285	1333	927	452	349	1133	130	258	493	1535	1717	677	140	236	356	282	679	287	97	1407	168	1386	234	175	377	474	356	339	941	1755	434	358	229	0	3085	1952	175	1032	1179	742	177	1169	229	1563	787	1097	507	178	472	903	287	323	2933	2382	90	561	1816	487	1023	188	1416	154
214	426	377	82	986	3071	437	295	343	1166	454	213	347	765	1101	125	517	979	1369	273	354	325	403	449	295	1004	10	228	0	295	639	440	303	1078	476	877	345	445	870	1378	1058	1595	86	1251	1001	164	2173	779	490	171	562	97	1883	196	368	265	154	464	816	1324	986	150	407	220	229	591	204	1129	1089	129	485	185	288	199	210	528	171	917	1246	96	1428	2196	1168	1057	125	426	1470	1170	1250	1189	243	1089	334	347	251	167	1379	1538	518	112	111	1056	593	501	254	931	1937	540	1427	347	150	1082	303	96	2010	303	124	383	305	1922	259	389	197	470	982	187	1013	343	301	305	356	116	332	427	196	154	429	273	1243	567	1010	306	441	449	1002	477	407	270	945	303	3218	1089	1019	281	339	3	112	646	3395	150	200	1308	128	142	1133	129	366	1761	256	1737	178	276	112	120	1352	230	464	562	202	577	303	1551	273	313	1032	1217	1740	411	253	152	125	228	1114	204	358	185	308	166	285	1124	1468	1112	232	1250	57	1381	966	223	288	1042	320	480	329	1487	1563	592	292	275	171	243	725	354	156	1250	338	1434	5	164	437	306	329	111	1075	1908	546	181	303	228	3151	1811	164	915	1302	595	97	1204	303	1552	902	1013	314	66	311	921	354	326	3017	2225	297	580	1811	599	1021	95	1579	95
368	253	370	224	1276	3265	652	290	594	1370	668	502	56	478	1396	175	302	1266	1538	507	561	36	698	380	0	1299	304	288	295	0	366	735	501	1229	771	582	56	741	574	1109	1205	1774	352	1488	1152	251	2408	1065	198	258	795	352	1593	201	606	301	322	669	543	1045	1276	263	625	355	421	771	353	1361	1331	303	718	468	543	362	353	323	255	1175	1406	202	1221	2452	1460	1352	326	253	1741	875	1393	1357	504	1331	449	56	276	246	1613	1248	812	234	257	804	763	795	495	1159	2206	835	1602	56	263	1377	501	203	2246	501	264	366	295	2204	393	684	333	257	790	323	1306	565	287	295	393	251	448	402	201	253	724	507	1094	750	1305	19	736	259	1293	343	625	485	1233	501	3485	1331	1312	569	45	298	378	650	3594	150	322	1537	186	277	908	303	496	1536	337	2023	450	233	328	322	1057	431	359	795	345	750	501	1736	214	598	769	1371	1599	362	297	220	176	163	1409	353	595	333	21	455	277	1419	1218	1346	182	1393	318	1614	675	427	96	1336	416	396	303	1771	1851	882	427	495	255	504	431	561	322	1538	456	1667	297	393	652	295	590	370	1226	2032	721	245	501	288	3371	2103	393	1211	1465	889	205	1446	501	1286	1075	1306	597	313	284	1172	561	36	3221	2510	374	826	1542	774	748	202	1689	223
618	273	482	557	1579	3366	879	634	959	1525	1034	823	310	145	1723	513	185	1557	1638	773	795	330	1027	671	366	1629	646	517	639	366	0	1072	740	1323	1109	321	309	1073	321	743	1296	1881	709	1685	1252	616	2583	1357	260	624	1024	666	1343	470	972	501	600	883	178	868	1579	630	859	597	788	945	719	1556	1541	595	955	784	823	728	719	500	621	1416	1502	542	887	2664	1805	1676	621	273	1990	576	1468	1465	795	1541	635	310	488	612	1803	908	1154	545	562	738	926	1134	770	1357	2444	1171	1708	310	630	1702	740	542	2426	740	629	471	636	2561	616	1021	698	460	855	688	1612	812	628	636	535	555	635	713	470	619	1057	773	1190	929	1637	349	1072	244	1598	594	859	740	1528	740	3711	1541	1621	884	324	642	736	650	3699	510	687	1721	512	643	564	595	679	1476	549	2301	759	428	629	619	765	797	628	1024	597	918	740	1851	416	951	679	1461	1679	434	507	512	513	522	1737	719	961	595	347	779	622	1749	855	1544	539	1468	674	1802	471	793	438	1648	600	399	635	2050	2202	1190	637	752	621	795	260	795	599	1889	642	1854	642	682	879	635	872	729	1321	2055	897	610	740	517	3512	2448	682	1539	1561	1230	542	1651	740	1138	1207	1612	952	634	621	1401	795	350	3338	2865	562	1069	1374	943	625	544	1707	549
495	831	701	517	570	2836	427	634	281	979	394	253	788	1203	661	564	930	581	1234	371	427	766	62	769	735	564	431	583	440	735	1072	0	438	1007	37	1317	785	28	1310	1802	997	1424	392	981	941	539	1873	397	928	538	434	407	2314	605	317	613	486	461	1247	1744	570	519	411	516	423	576	481	879	818	484	399	294	317	466	487	921	541	619	1139	536	1795	1851	734	620	458	831	1104	1611	1172	1073	316	818	563	788	614	544	1106	1977	89	526	511	1455	599	61	360	716	1568	100	1276	788	519	643	438	535	1710	438	503	711	643	1501	523	51	496	874	1328	497	590	393	643	643	653	518	561	721	605	530	27	371	1530	557	570	746	9	859	583	836	411	409	541	438	2843	818	594	205	780	437	371	875	3147	587	509	1052	562	503	1525	484	555	2117	574	1329	324	665	447	459	1792	410	807	434	507	583	438	1373	671	172	1440	1122	1996	753	603	560	564	638	674	481	319	502	748	294	633	684	1873	859	634	1172	422	1110	1401	408	715	614	580	827	666	1083	1134	208	528	399	541	316	1163	427	487	824	561	1161	438	409	427	644	288	382	1004	1823	560	555	438	583	2868	1375	409	476	1185	159	534	926	438	1956	818	590	179	437	657	646	427	766	2764	1799	591	402	2218	590	1438	535	1533	524
133	469	287	310	848	2779	150	597	527	876	666	226	534	885	1018	348	567	820	1067	68	59	516	376	750	501	930	294	229	303	501	740	438	0	774	472	1037	529	424	1032	1423	754	1296	356	986	698	467	1906	623	691	474	295	206	2067	303	566	239	182	169	899	1539	848	453	125	150	501	288	499	859	830	206	219	199	120	490	506	799	474	683	943	335	1367	1953	1138	965	191	469	1255	1314	946	887	132	830	130	534	254	469	1111	1641	526	278	255	1305	289	494	85	657	1715	517	1127	534	453	995	0	333	1745	0	428	298	608	1916	124	399	496	736	1266	487	885	71	603	608	232	259	128	731	303	457	412	68	1541	264	942	502	432	499	869	769	125	38	794	0	2991	830	895	238	535	302	366	440	3105	408	500	1036	327	446	1114	206	117	2031	191	1560	172	315	198	196	1503	497	761	295	157	273	0	1254	330	425	1271	913	2041	342	234	281	345	510	1034	499	559	168	502	222	587	1047	1470	844	520	946	347	1112	1156	490	542	924	155	412	631	1310	1542	477	107	42	474	132	907	59	182	1240	126	1166	307	139	150	609	157	374	772	1605	242	483	0	229	2873	1766	139	841	1000	585	327	944	0	1786	600	885	434	239	612	675	59	538	2730	2206	183	332	2041	295	1247	336	1278	300
885	1077	876	1078	947	2047	654	1372	1231	294	1370	948	1243	1460	1187	1108	1142	873	315	812	725	1231	958	1524	1229	1150	1069	944	1078	1229	1323	1007	774	0	1021	1644	1237	980	1644	1789	27	558	1125	536	77	1242	1296	809	1388	1249	578	981	2644	1033	1273	928	945	621	1420	2190	947	1228	683	891	1261	489	1270	449	500	972	635	941	820	1260	1277	1549	1249	582	179	1101	1516	1438	1391	1130	963	1077	951	1868	172	145	863	500	783	1243	952	1244	602	2093	1060	1039	1018	2012	485	1027	833	391	1301	1017	384	1243	1228	1161	774	1098	1151	774	1203	884	1382	2104	848	1005	1269	1483	2018	1261	993	742	1377	1382	840	1020	784	1506	1033	1231	982	812	2308	513	1169	1223	998	1100	970	1535	683	808	887	774	2481	500	1010	912	1251	1077	1131	680	2379	1172	1274	522	1085	1220	1408	972	737	2756	894	1325	927	999	971	967	2052	1255	1531	578	906	501	774	529	1018	1106	1966	142	2811	908	932	1029	1105	1277	1206	1270	1270	921	1223	968	1361	1219	1743	454	1289	172	1121	598	1792	1248	1293	1041	813	926	1405	1126	1739	862	812	804	1249	863	1559	725	944	1512	775	637	1082	914	654	1383	803	1140	3	834	532	1257	774	944	2191	1873	914	1093	239	1067	1092	542	774	2457	189	993	1117	1014	1386	528	725	1263	2015	2335	855	605	2697	480	1926	1102	526	1064
