NAME : VRPTW_INSTANCE_339.txt
COMMENT : Bangkok Supermarket
TYPE : VRPTW
DIMENSION : 249
DAYS : Tuesday
EDGE_WEIGHT_TYPE : EXPLICIT
VEHICLES : 34
EDGE_WEIGHT_FORMAT : FULL_MATRIX
CAPACITY : 1000
EDGE_WEIGHT_SECTION
0	91	582	248	506	202	92	309	214	264	28	440	1551	1699	160	412	2232	94	346	1141	1016	1069	202	97	1221	2818	202	620	1260	1940	135	814	84	933	996	165	221	410	910	288	115	1109	891	223	889	121	307	307	538	26	177	587	781	321	3352	364	93	977	1902	1964	481	830	368	110	1014	474	819	333	97	1137	639	221	613	415	521	54	988	350	1317	995	119	943	395	309	118	192	214	428	194	309	1239	491	2176	2575	119	153	539	207	371	1573	2116	167	1415	400	894	182	950	807	184	1126	1188	371	1143	991	330	2348	445	447	1917	491	1113	737	101	2061	341	199	492	88	124	1642	350	317	1001	428	582	35	968	785	155	155	359	3233	1717	122	223	394	284	170	1143	636	1683	1712	404	1926	1606	214	737	422	212	210	424	193	320	201	314	193	977	369	491	135	409	308	1106	155	1003	170	463	1842	135	306	650	400	255	670	309	540	97	183	525	195	747	687	388	404	896	1055	196	404	1079	652	1036	127	120	1089	205	1905	1227	415	536	364	409	172	1305	221	367	609	949	76	173	88	273	409	1348	747	419	432	1028	1001	102	916	312	1308	935	67	492	814	290	437	1076	914	334	308	398	946	374	1028	351	177	206
91	0	495	162	420	268	48	312	164	180	94	349	1475	1657	218	359	2147	48	375	1102	941	1050	268	180	1139	2783	268	564	1170	1969	113	736	167	876	984	76	223	355	850	280	196	1035	806	314	844	203	237	234	453	117	86	503	808	385	3336	327	71	1005	1827	1924	449	860	393	72	927	535	849	322	180	1203	561	152	552	430	434	95	951	391	1293	930	199	995	427	312	193	187	124	410	103	241	1275	405	2097	2538	199	230	453	152	385	1490	2200	231	1341	348	841	91	945	837	94	1107	1100	385	1119	922	332	2429	415	359	1827	569	1091	679	175	2034	265	192	458	174	107	1559	308	393	924	410	495	95	905	712	64	116	381	3238	1728	198	213	379	276	214	1157	671	1603	1631	423	1884	1516	162	679	348	160	158	371	191	254	183	252	191	1005	332	405	142	339	240	1135	116	928	214	374	1786	113	236	594	384	198	718	230	455	174	258	539	266	783	617	430	429	914	987	185	388	1006	567	969	211	195	1106	197	1820	1181	430	558	327	390	81	1241	223	311	638	925	163	84	174	292	390	1311	783	495	363	1032	936	67	856	385	1369	897	85	406	845	207	366	1007	824	423	239	382	878	339	1032	437	110	150
582	495	0	334	75	680	524	541	519	317	590	232	1005	1350	704	557	1651	522	806	841	488	917	756	676	650	2479	756	646	688	2316	485	283	637	541	898	418	644	548	501	662	692	584	312	804	591	698	454	441	341	606	412	45	1190	866	3126	607	544	1124	1358	1611	693	1012	813	530	432	1007	1003	497	676	1671	475	372	608	631	313	588	730	842	1108	536	695	1233	690	541	647	611	371	491	397	465	1415	90	1612	2235	695	724	47	506	605	1000	2695	719	876	558	538	405	907	990	402	964	606	605	943	503	542	2921	681	138	1337	1060	935	384	670	1787	259	611	692	669	495	1067	581	885	457	491	0	591	528	296	432	457	631	3142	2006	693	618	709	501	689	1473	1083	1117	1143	644	1566	1026	516	384	439	516	515	565	509	473	475	489	509	1125	613	90	602	462	462	1247	457	478	689	127	1396	485	455	672	707	370	974	281	347	636	751	691	757	975	248	878	667	1260	568	489	709	561	76	557	707	647	1435	612	1324	880	631	948	609	702	415	831	644	529	828	786	640	410	669	722	702	1047	975	986	472	1026	538	532	504	789	1827	682	574	90	1002	292	462	580	440	916	458	704	475	618	1026	932	482	402
248	162	334	0	258	373	196	315	238	20	256	223	1316	1536	377	379	1984	194	510	986	783	969	428	342	977	2667	428	558	1014	2085	169	577	308	739	915	86	346	372	709	386	358	878	644	471	724	365	239	229	361	272	84	340	930	543	3249	384	218	1006	1668	1803	500	869	523	208	766	690	859	298	342	1358	493	71	534	435	335	256	843	535	1202	782	362	1041	462	315	323	310	44	358	75	249	1289	243	1935	2422	362	392	291	222	394	1328	2362	391	1182	372	710	76	890	846	73	1024	939	394	1027	769	328	2591	474	200	1669	730	1004	543	337	1931	115	312	506	335	176	1397	358	554	764	358	334	258	760	556	101	144	405	3186	1820	360	326	466	270	368	1258	803	1441	1469	437	1762	1358	235	543	314	234	232	391	224	263	195	271	224	1007	390	243	284	319	246	1136	144	770	368	216	1644	169	239	589	467	118	765	78	365	309	420	532	427	806	465	574	452	1024	835	206	470	850	404	818	373	324	1211	315	1657	1057	435	679	385	469	86	1093	346	333	654	839	309	78	335	424	469	1198	806	657	341	990	787	208	715	491	1522	789	244	244	856	46	339	853	690	582	242	465	728	396	990	598	182	107
506	420	75	258	0	606	449	476	451	241	514	187	1073	1384	630	506	1727	448	738	861	549	914	682	600	723	2516	682	615	762	2264	410	341	561	571	886	343	575	497	533	596	616	645	387	728	604	623	393	381	320	530	337	89	1130	793	3147	549	470	1085	1425	1647	642	968	746	456	507	935	958	434	600	1601	462	297	579	573	290	513	740	772	1117	581	619	1181	628	476	571	541	296	439	322	405	1376	14	1684	2271	619	649	35	437	544	1073	2620	645	942	506	560	329	888	945	327	963	682	544	948	554	479	2847	627	68	1413	986	936	398	594	1811	186	541	643	594	419	1141	523	810	522	439	75	515	568	341	356	382	567	3145	1964	618	549	649	435	616	1423	1019	1189	1215	583	1603	1102	448	398	393	447	446	515	436	414	403	429	436	1087	555	14	529	414	401	1210	382	538	616	63	1446	410	394	643	648	297	917	206	327	560	676	640	682	925	274	808	606	1205	620	416	650	620	147	607	631	571	1384	542	1400	908	573	885	551	644	340	883	575	474	776	782	564	335	594	653	644	1070	925	912	427	1004	584	458	538	717	1758	689	499	16	957	216	418	634	491	840	397	645	521	560	1004	857	411	327
202	268	680	373	606	0	290	214	416	382	227	594	1578	1625	306	614	2296	292	504	1072	1049	956	321	220	1279	2726	321	823	1368	2065	204	862	124	913	871	317	412	613	899	481	233	1135	969	218	839	231	504	501	715	184	335	671	921	421	3219	566	295	792	1922	1887	681	644	530	312	1096	562	633	262	220	1185	828	314	814	272	694	253	914	489	1209	997	235	741	222	214	87	389	358	352	352	507	1044	592	2214	2485	235	262	633	408	236	1627	2081	302	1441	603	865	336	812	622	337	1013	1279	236	1040	1005	232	2325	645	562	2011	525	1005	727	244	1955	420	396	693	207	197	1698	553	380	1044	352	680	233	963	817	316	230	210	3067	1873	248	420	587	221	333	1297	768	1727	1761	253	1852	1701	415	727	616	414	412	627	173	519	205	514	173	792	570	592	332	606	505	919	230	1034	333	580	1807	204	502	853	595	310	470	400	718	108	285	373	306	556	716	522	243	1048	1065	192	598	1103	739	1044	228	85	1240	403	1971	1169	272	692	566	604	330	1297	412	569	429	847	138	324	207	447	604	1269	556	465	630	875	1004	303	905	118	1364	864	269	590	628	400	633	1089	1064	309	505	592	955	576	875	361	373	280
92	48	524	196	449	290	0	357	127	215	80	360	1512	1705	181	325	2175	1	328	1150	980	1099	233	161	1171	2831	233	533	1191	1920	159	773	177	921	1032	110	174	323	895	232	173	1074	836	301	891	180	215	214	448	117	112	535	760	346	3385	286	23	1046	1864	1971	407	900	345	25	955	494	889	369	161	1163	546	197	524	473	432	67	1000	346	1342	973	176	1027	465	357	209	138	154	458	126	217	1313	435	2131	2587	176	202	483	117	428	1522	2171	195	1378	314	887	120	993	877	123	1156	1125	428	1167	963	377	2397	372	386	1849	536	1140	725	148	2083	305	143	417	158	152	1591	269	361	960	458	524	78	948	751	95	165	423	3285	1679	171	164	333	323	172	1108	623	1636	1664	465	1932	1539	126	725	330	124	122	337	236	229	230	223	236	1046	291	435	94	317	216	1175	165	966	172	399	1830	159	213	563	338	245	751	269	450	188	228	583	232	821	658	385	470	865	1028	232	341	1045	597	1010	190	211	1057	148	1848	1229	473	509	286	344	110	1284	174	279	678	974	169	117	158	244	344	1360	821	462	340	1078	978	18	901	404	1327	946	50	436	885	242	345	1047	831	406	216	335	920	297	1078	413	84	198
309	312	541	315	476	214	357	0	475	311	338	528	1375	1417	462	661	2107	357	655	861	852	764	494	380	1092	2525	494	858	1215	2245	199	675	277	700	687	311	525	657	688	588	398	934	800	426	625	399	527	520	675	308	330	521	1088	606	3043	639	375	699	1716	1680	760	558	678	382	928	756	547	52	380	1395	809	244	840	122	647	361	704	654	1014	788	401	727	153	0	253	491	327	138	340	535	977	464	2012	2282	401	434	494	462	79	1436	2290	464	1238	652	651	324	640	535	324	821	1114	79	842	800	21	2536	727	452	1842	734	810	518	397	1760	299	498	770	366	205	1507	618	578	852	138	541	344	753	624	321	203	93	2927	2027	410	520	690	45	478	1452	940	1529	1565	121	1644	1535	473	518	622	471	469	674	121	549	132	551	121	699	644	464	438	621	532	829	203	836	478	470	1592	199	526	889	696	203	453	297	679	262	463	227	482	490	524	691	137	1205	859	127	699	902	587	837	400	251	1398	503	1784	956	122	845	639	702	326	1085	525	614	339	648	292	313	366	582	702	1061	490	671	645	721	796	375	694	281	1572	653	367	460	544	316	645	884	963	523	530	693	750	651	721	571	417	210
214	164	519	238	451	416	127	475	0	258	194	314	1524	1775	225	198	2156	126	287	1225	999	1196	274	251	1168	2906	274	406	1150	1847	276	791	298	975	1134	179	125	196	945	149	256	1094	829	390	963	263	107	112	361	236	165	540	693	363	3480	163	121	1170	1876	2041	285	1025	295	104	940	493	1014	480	251	1152	438	273	399	595	352	170	1079	323	1434	1013	258	1154	591	475	332	97	196	563	166	104	1439	438	2130	2661	258	270	486	15	549	1516	2198	243	1393	187	948	174	1101	1002	176	1252	1098	549	1258	995	494	2416	252	382	1811	566	1234	781	229	2167	353	95	294	255	271	1582	143	400	973	563	519	188	993	780	164	274	546	3396	1585	247	98	229	437	197	1020	571	1636	1660	588	2000	1503	3	781	220	4	6	210	355	112	344	102	355	1170	169	438	117	202	104	1299	274	987	197	391	1878	276	105	436	232	329	879	316	361	311	287	703	281	947	695	359	594	785	1061	348	235	1069	595	1045	273	335	973	94	1830	1296	595	443	164	235	167	1322	125	153	803	1067	287	181	255	203	235	1436	947	494	223	1191	1017	113	950	527	1307	1025	151	441	1010	281	230	1078	762	483	106	229	956	175	1191	473	61	289
264	180	317	20	241	382	215	311	258	0	274	220	1296	1517	397	394	1967	214	531	967	764	953	447	360	958	2648	447	569	1000	2105	178	557	321	718	900	105	367	387	689	406	376	858	626	487	705	382	255	244	363	288	105	322	950	562	3231	402	238	998	1648	1783	517	863	544	228	749	710	852	291	360	1378	498	71	545	430	336	275	824	556	1184	762	379	1039	460	311	335	330	64	347	95	265	1282	227	1916	2403	379	410	274	242	390	1310	2380	410	1162	388	690	96	877	840	93	1008	923	390	1010	749	323	2609	491	185	1653	749	987	523	355	1913	95	332	523	352	186	1379	376	573	744	347	317	276	739	536	120	151	402	3171	1838	378	346	485	266	387	1277	823	1422	1450	433	1742	1342	255	523	325	253	252	406	227	279	196	287	227	999	408	227	304	331	262	1128	151	751	387	202	1624	178	254	600	486	110	763	58	367	322	438	525	446	801	445	594	449	1043	815	208	489	830	387	798	390	335	1230	335	1640	1037	430	699	403	487	106	1072	367	349	649	822	323	98	352	445	487	1179	801	675	353	978	766	228	695	498	1542	770	263	227	850	26	350	833	682	598	258	484	707	414	978	616	202	108
28	94	590	256	514	227	80	338	194	274	0	438	1566	1724	136	390	2241	82	318	1166	1031	1097	181	86	1232	2844	181	598	1264	1913	159	828	105	954	1024	171	192	389	931	259	102	1124	900	222	913	108	291	291	529	43	179	597	753	300	3380	339	74	1005	1917	1989	455	858	340	93	1022	453	847	361	86	1118	624	237	592	444	513	26	1013	323	1344	1014	105	968	423	338	140	164	219	455	196	292	1266	499	2189	2601	105	137	547	188	400	1584	2106	145	1431	378	916	186	978	835	188	1154	1194	400	1170	1008	359	2335	418	453	1921	477	1141	758	82	2088	355	171	466	81	148	1653	326	301	1015	455	590	6	987	800	158	177	388	3261	1689	105	195	366	311	143	1114	609	1695	1724	433	1951	1611	193	758	407	191	190	401	220	303	227	295	220	1005	343	499	107	392	291	1134	177	1018	143	468	1864	159	289	628	372	274	696	321	530	119	166	554	176	774	704	362	433	868	1073	223	376	1095	661	1054	116	143	1060	178	1914	1251	444	508	339	381	175	1325	192	346	638	976	93	179	81	244	381	1374	774	403	415	1057	1020	85	936	333	1287	960	42	500	842	300	420	1093	910	330	291	370	964	349	1057	342	163	225
440	349	232	223	187	594	360	528	314	220	438	0	1229	1571	526	325	1843	358	594	1045	720	1083	578	521	864	2703	578	430	838	2083	391	516	514	758	1046	281	439	315	720	445	532	815	525	660	786	540	230	218	155	466	265	267	960	676	3331	378	374	1198	1581	1834	460	1069	597	357	630	806	1058	501	521	1460	300	292	396	644	125	427	920	635	1295	765	535	1256	679	528	535	411	236	539	248	241	1486	180	1824	2458	535	559	217	304	606	1208	2512	543	1103	326	746	262	1038	1045	261	1134	784	606	1124	735	538	2730	449	132	1498	878	1109	582	507	1997	243	409	460	518	397	1273	352	707	687	539	232	437	754	524	287	367	621	3315	1778	530	410	480	483	504	1241	859	1331	1353	648	1790	1189	311	582	207	311	311	333	448	247	417	263	448	1199	383	180	416	230	237	1327	367	710	504	126	1628	391	232	459	478	325	982	233	161	519	582	731	582	1012	461	669	666	1028	800	429	479	793	305	788	550	537	1203	408	1517	1095	644	722	379	472	270	1063	439	297	860	950	512	273	518	514	472	1255	1012	804	241	1148	767	362	725	713	1611	868	409	186	1056	212	232	812	474	767	233	476	705	387	1148	770	294	329
1551	1475	1005	1316	1073	1578	1512	1375	1524	1296	1566	1229	0	815	1693	1548	784	1511	1811	783	534	1054	1744	1649	380	1740	1744	1580	649	3285	1427	738	1583	703	1133	1401	1648	1538	701	1668	1666	443	707	1757	832	1672	1458	1445	1286	1570	1400	983	2189	1859	2540	1607	1534	1560	352	975	1679	1537	1818	1523	626	2005	1534	1323	1649	2672	1369	1329	1538	1392	1268	1570	868	1844	1010	593	1670	1804	1474	1375	1580	1614	1359	1250	1388	1469	1787	1086	637	1518	1670	1703	1037	1511	1396	218	3657	1706	137	1551	763	1391	1213	1525	1389	1048	563	1396	980	574	1362	3896	1673	1141	728	2042	1015	859	1648	1276	1210	1614	1676	1639	1439	255	1581	1867	552	1250	1005	1568	633	767	1417	1401	1430	2791	2938	1671	1622	1710	1358	1683	2442	2088	193	243	1414	926	574	1521	859	1425	1520	1519	1554	1414	1476	1386	1492	1414	1562	1612	1086	1598	1450	1465	1627	1401	548	1683	1132	588	1427	1459	1597	1707	1300	1643	1245	1291	1576	1732	1373	1741	1566	866	1881	1440	2248	518	1398	1709	475	929	541	1679	1579	2412	1615	508	683	1392	1952	1608	1702	1402	365	1648	1526	1477	1017	1591	1394	1639	1726	1702	803	1566	1969	1455	1314	584	1524	695	1657	2831	881	1559	1083	1537	1269	1444	492	1020	1867	1461	1705	625	1617	1314	1898	1483	1346
1699	1657	1350	1536	1384	1625	1705	1417	1775	1517	1724	1571	815	0	1859	1883	1452	1705	2033	557	935	711	1899	1786	1021	1132	1899	1996	1368	3622	1564	1088	1690	813	815	1605	1876	1875	850	1922	1805	868	1182	1842	813	1808	1756	1743	1692	1707	1614	1308	2464	2017	1808	1912	1728	1199	873	266	2017	1256	2051	1726	1187	2169	1259	1377	1786	2811	1819	1510	1959	1362	1664	1740	713	2046	487	823	1808	1484	1435	1417	1670	1839	1579	1280	1609	1767	1314	1391	1177	887	1808	1843	1355	1759	1391	1033	3619	1866	795	1881	830	1604	902	1257	1602	663	1240	1391	611	871	1396	3880	1998	1443	1530	2151	654	998	1798	478	1423	1842	2020	1773	1575	1066	1885	1995	988	1280	1350	1729	824	1056	1622	1548	1421	1982	3345	1816	1859	2001	1426	1866	2792	2329	978	1027	1384	227	1385	1772	998	1776	1771	1769	1894	1512	1779	1498	1791	1512	1201	1918	1391	1800	1795	1763	1201	1548	935	1866	1445	374	1564	1756	2022	2002	1460	1449	1459	1698	1676	1873	1285	1890	1330	1109	2085	1403	2561	818	1504	2005	869	1291	819	1810	1668	2747	1846	1270	479	1362	2212	1913	2002	1613	604	1876	1846	1321	788	1704	1600	1773	1950	2002	357	1330	2088	1810	933	824	1722	846	1650	2989	765	1738	1385	1265	1495	1802	820	1595	1934	1759	2000	884	1924	933	1987	1718	1507
160	218	704	377	630	306	181	462	225	397	136	526	1693	1859	0	385	2355	183	198	1302	1160	1226	52	86	1353	2978	52	585	1364	1783	295	954	191	1090	1149	291	139	388	1066	200	73	1254	1017	181	1049	76	332	338	587	154	294	716	626	166	3505	313	160	1099	2045	2125	408	951	223	174	1135	317	939	491	86	984	657	369	589	559	578	124	1148	192	1475	1148	72	1032	524	462	224	139	335	587	308	328	1347	616	2313	2735	72	56	665	229	516	1704	1991	17	1559	373	1053	302	1099	929	305	1283	1302	516	1302	1140	483	2216	371	566	2024	355	1271	894	65	2220	484	145	422	100	284	1772	311	181	1141	587	704	131	1122	931	276	313	499	3371	1571	58	161	300	441	36	995	478	1818	1845	544	2087	1714	227	894	442	226	226	395	351	334	361	321	351	1099	315	616	111	421	329	1225	313	1147	36	579	2000	295	330	612	308	410	769	449	587	208	62	667	56	862	836	229	540	747	1206	356	311	1225	778	1187	82	227	939	150	2029	1387	559	388	313	320	291	1459	139	352	735	1107	175	299	100	144	320	1509	862	281	440	1172	1154	172	1072	385	1152	1095	133	618	935	423	448	1226	986	260	331	306	1097	319	1172	247	232	361
412	359	557	379	506	614	325	661	198	394	390	325	1548	1883	385	0	2126	324	341	1345	1045	1347	423	435	1176	3016	423	208	1099	1758	466	841	495	1072	1294	352	248	9	1036	204	435	1140	840	565	1083	442	139	150	278	433	333	591	642	474	3621	84	318	1360	1897	2148	135	1217	332	303	935	565	1206	660	435	1178	289	435	205	783	287	365	1209	394	1575	1088	437	1352	785	661	530	248	348	733	326	130	1633	497	2129	2771	437	440	539	207	738	1512	2270	402	1424	12	1054	340	1269	1194	341	1401	1070	738	1401	1059	679	2473	125	442	1753	673	1380	886	410	2296	477	242	136	441	462	1574	75	532	1010	733	557	384	1075	848	341	458	738	3565	1461	424	224	178	620	350	916	557	1639	1657	778	2105	1452	199	886	123	201	203	12	544	115	529	111	544	1360	86	497	296	97	133	1490	458	1035	350	443	1952	466	140	238	172	491	1076	446	274	509	447	889	435	1142	777	417	786	703	1125	535	172	1118	630	1112	452	532	878	236	1804	1405	783	417	85	162	337	1388	248	47	996	1216	483	351	441	288	162	1557	1142	608	95	1366	1090	311	1041	724	1316	1155	347	503	1202	409	106	1137	673	643	136	170	1028	86	1366	618	248	460
2232	2147	1651	1984	1727	2296	2175	2107	2156	1967	2241	1843	784	1452	2355	2126	0	2174	2436	1562	1258	1835	2407	2327	1017	2013	2407	2093	1032	3755	2122	1434	2279	1475	1916	2070	2282	2116	1467	2286	2343	1184	1340	2451	1611	2350	2070	2059	1848	2254	2064	1644	2756	2514	2889	2199	2195	2344	579	1502	2241	2319	2437	2181	1219	2649	2316	2054	2327	3300	1883	2014	2053	2141	1840	2240	1652	2478	1765	1357	2346	2586	2222	2107	2283	2253	2023	1993	2049	2079	2568	1741	316	1850	2346	2376	1693	2145	2139	671	4347	2370	908	2132	1536	2056	1997	2307	2054	1825	1058	2139	1756	1325	2097	4571	2246	1789	453	2711	1793	1609	2321	1827	1894	2251	2235	2320	2133	600	2177	2536	1254	1993	1651	2242	1399	1483	2083	2095	2173	3301	3359	2345	2253	2302	2083	2338	2939	2683	597	553	2162	1462	690	2153	1609	2006	2153	2153	2128	2125	2083	2094	2099	2125	2347	2204	1741	2250	2033	2076	2410	2095	1274	2338	1776	1100	2122	2072	2101	2297	1997	2415	1924	1851	2275	2403	2136	2408	2344	1583	2512	2189	2786	1278	2106	2297	1218	1579	1303	2358	2282	2923	2251	326	1457	2141	2543	2201	2288	2067	1148	2282	2117	2248	1801	2284	2062	2320	2357	2288	1553	2344	2637	2030	2096	1347	2184	1461	2387	3442	1664	2226	1740	2319	1941	2019	1251	1477	2563	2073	2295	1377	2207	2096	2583	2128	2038
94	48	522	194	448	292	1	357	126	214	82	358	1511	1705	183	324	2174	0	329	1149	978	1099	234	162	1170	2830	234	532	1189	1921	159	772	178	920	1032	109	174	322	894	232	175	1072	835	303	891	182	213	213	447	119	111	533	760	348	3384	286	24	1046	1863	1971	406	901	346	24	954	496	889	369	162	1164	545	196	522	474	431	69	999	347	1342	972	178	1028	466	357	210	138	152	458	125	215	1314	433	2130	2586	178	204	482	116	429	1521	2172	197	1377	313	887	119	993	878	121	1155	1123	429	1167	961	378	2399	372	384	1848	538	1140	724	150	2082	304	143	416	160	152	1589	268	362	959	458	522	79	947	750	93	165	423	3285	1679	173	164	333	323	173	1108	624	1635	1662	466	1931	1537	125	724	328	123	121	336	236	227	230	222	236	1046	291	433	95	316	215	1176	165	965	173	398	1829	159	212	562	338	244	752	268	448	189	229	583	234	822	657	386	470	866	1027	232	341	1044	595	1009	191	212	1057	148	1847	1228	474	510	286	344	108	1283	174	278	679	974	170	116	160	245	344	1359	822	464	339	1078	977	18	900	405	1329	945	52	435	886	241	343	1046	829	408	214	335	919	297	1078	414	83	197
346	375	806	510	738	504	328	655	287	531	318	594	1811	2033	198	341	2436	329	0	1477	1285	1416	188	285	1455	3158	188	498	1420	1595	474	1077	389	1247	1343	432	164	348	1219	150	271	1380	1115	342	1220	272	365	376	604	347	427	827	435	157	3699	257	305	1296	2164	2299	295	1148	27	308	1224	224	1137	680	285	866	630	524	515	756	605	298	1326	55	1663	1293	269	1218	723	655	423	200	466	774	435	356	1540	725	2416	2914	269	243	773	300	713	1801	1934	201	1680	331	1215	436	1295	1126	439	1473	1377	713	1489	1278	677	2143	264	670	2079	337	1459	1051	263	2406	625	198	309	299	464	1867	272	229	1260	774	806	312	1270	1064	415	487	697	3570	1373	256	188	180	630	177	798	295	1922	1945	742	2260	1773	290	1051	443	290	291	345	539	353	544	337	539	1296	254	725	233	416	359	1422	487	1273	177	679	2155	474	364	518	189	573	961	588	602	406	226	865	204	1058	975	77	738	550	1344	542	191	1354	882	1327	276	425	743	197	2111	1557	756	190	255	203	426	1603	164	331	933	1294	373	438	299	86	203	1687	1058	279	426	1370	1297	311	1225	574	1020	1273	296	728	1132	556	437	1361	1008	371	362	189	1238	255	1370	324	331	526
1141	1102	841	986	861	1072	1150	861	1225	967	1166	1045	783	557	1302	1345	1562	1149	1477	0	546	272	1342	1229	753	1681	1342	1476	1078	3069	1007	619	1133	312	360	1051	1322	1337	355	1370	1247	531	757	1287	263	1250	1213	1200	1179	1150	1061	796	1909	1459	2286	1367	1172	794	1038	822	1477	799	1495	1170	812	1611	799	820	1229	2256	1316	956	1441	814	1150	1183	157	1489	296	387	1250	1058	890	861	1113	1284	1028	724	1058	1224	1005	866	1367	1437	1250	1286	836	1209	840	954	3100	1308	677	1342	303	1052	447	793	1050	266	936	840	200	450	841	3356	1455	914	1473	1596	232	463	1240	951	875	1288	1481	1215	1018	1014	1341	1438	598	724	841	1172	364	567	1068	991	871	2324	2804	1258	1306	1452	869	1309	2245	1772	976	1025	837	785	1233	1221	463	1245	1220	1218	1356	955	1237	941	1248	955	796	1373	866	1244	1262	1220	848	991	538	1309	919	760	1007	1213	1504	1454	904	954	910	1186	1119	1315	747	1332	851	592	1528	858	2009	432	947	1457	511	795	417	1253	1111	2198	1292	1289	116	814	1658	1368	1455	1060	418	1322	1305	806	270	1146	1047	1215	1394	1455	212	851	1532	1278	535	394	1167	353	1105	2434	208	1182	859	803	946	1271	451	1167	1381	1216	1452	434	1379	535	1432	1166	952
1016	941	488	783	549	1049	980	852	999	764	1031	720	534	935	1160	1045	1258	978	1285	546	0	753	1210	1114	261	2038	1210	1111	537	2801	893	208	1049	278	792	869	1121	1035	248	1146	1132	95	247	1223	421	1138	942	929	805	1036	868	460	1678	1326	2742	1096	1002	1169	885	1181	1180	1109	1294	991	268	1474	1104	799	1114	2142	914	795	1071	883	782	1037	528	1316	842	162	1135	1371	963	852	1047	1086	827	734	857	953	1435	561	1165	1797	1135	1168	514	985	881	586	3125	1173	399	1046	331	859	849	1093	857	776	396	881	725	100	841	3361	1169	618	1040	1508	740	353	1114	1403	676	1087	1179	1105	904	657	1070	1333	54	734	488	1034	197	233	884	867	915	2849	2480	1137	1096	1197	830	1151	1957	1568	677	713	904	1132	755	996	353	925	995	994	1053	882	962	853	977	882	1171	1102	561	1067	949	949	1263	867	16	1151	611	919	893	943	1133	1195	766	1170	711	811	1042	1198	883	1207	1116	333	1354	930	1749	121	865	1197	74	414	130	1144	1046	1922	1088	939	522	883	1435	1097	1191	870	357	1121	1017	1003	660	1057	862	1105	1200	1191	703	1116	1435	957	968	154	992	244	1133	2304	509	1026	558	1105	737	947	114	660	1334	945	1193	139	1106	968	1364	955	812
1069	1050	917	969	914	956	1099	764	1196	953	1097	1083	1054	711	1226	1347	1835	1099	1416	272	753	0	1258	1144	989	1772	1258	1506	1290	3009	943	763	1041	479	104	1016	1273	1340	516	1330	1162	762	921	1174	352	1163	1208	1197	1232	1071	1030	871	1851	1369	2285	1352	1120	528	1308	956	1470	554	1437	1123	1002	1516	556	736	1144	2132	1376	922	1476	684	1201	1118	225	1418	252	591	1165	802	747	764	1015	1237	1005	642	1032	1218	733	914	1637	1533	1165	1198	898	1180	720	1219	2907	1229	944	1341	437	1022	195	552	1020	57	1150	720	101	652	742	3169	1442	952	1733	1478	56	540	1161	999	870	1243	1476	1130	952	1281	1327	1336	798	642	917	1103	555	696	1032	934	746	2231	2778	1175	1263	1424	785	1240	2207	1704	1247	1296	704	929	1481	1193	540	1264	1191	1189	1359	876	1232	872	1240	876	531	1358	914	1189	1275	1215	576	934	741	1240	962	987	943	1208	1536	1428	866	738	900	1238	1025	1226	592	1246	621	681	1455	719	1963	654	874	1431	736	891	634	1164	1012	2155	1248	1558	382	684	1604	1353	1431	1028	689	1273	1302	612	132	1056	1014	1130	1338	1431	368	621	1421	1295	264	600	1117	518	961	2314	254	1121	908	561	937	1290	679	1304	1255	1211	1425	620	1364	264	1313	1135	907
202	268	756	428	682	321	233	494	274	447	181	578	1744	1899	52	423	2407	234	188	1342	1210	1258	0	114	1405	3016	0	617	1415	1752	338	1005	217	1136	1179	342	174	426	1112	227	95	1304	1069	159	1091	94	379	386	635	192	345	768	601	119	3534	346	212	1111	2095	2164	432	962	214	226	1187	271	951	526	114	936	700	418	624	584	626	173	1187	167	1508	1196	93	1030	543	494	246	182	387	623	359	375	1352	668	2364	2772	93	60	716	279	543	1756	1939	37	1609	411	1097	353	1126	941	356	1315	1354	543	1336	1189	515	2164	395	618	2076	303	1304	940	101	2254	534	187	445	127	326	1824	347	129	1192	623	756	177	1169	980	327	358	523	3389	1551	83	200	318	476	76	975	449	1869	1897	568	2127	1766	276	940	487	275	274	431	387	380	401	366	387	1110	347	668	162	465	376	1235	358	1197	76	631	2045	338	378	642	327	456	773	499	635	233	38	690	16	871	885	201	561	726	1254	395	330	1275	830	1236	95	249	918	192	2081	1429	584	371	345	340	343	1506	174	393	750	1141	201	350	127	156	340	1547	871	229	483	1195	1202	223	1118	386	1105	1134	184	669	946	474	491	1274	1035	220	378	326	1145	351	1195	200	283	407
97	180	676	342	600	220	161	380	251	360	86	521	1649	1786	86	435	2327	162	285	1229	1114	1144	114	0	1318	2902	114	641	1350	1865	229	912	105	1028	1066	257	203	436	1006	270	18	1207	987	141	979	23	356	359	603	81	265	683	711	230	3421	372	147	1013	1999	2051	477	864	310	166	1108	383	853	412	0	1042	689	319	640	473	589	93	1074	276	1394	1092	22	951	437	380	137	188	305	509	282	355	1263	586	2274	2659	22	57	633	249	431	1670	2020	85	1513	423	988	272	1015	843	274	1201	1281	431	1222	1088	401	2250	440	540	2008	394	1190	833	26	2140	439	196	490	14	217	1738	364	219	1099	509	676	85	1064	883	245	251	413	3284	1658	30	217	375	362	114	1082	561	1780	1809	458	2014	1697	251	833	471	250	249	446	274	363	288	353	274	1012	375	586	139	453	355	1139	251	1100	114	555	1936	229	354	669	383	352	686	406	604	122	87	580	103	776	785	312	453	833	1153	282	386	1177	747	1134	30	140	1025	202	2000	1317	473	475	371	394	262	1402	203	396	648	1027	89	265	14	227	394	1434	776	321	475	1086	1098	160	1012	305	1213	1021	111	587	848	386	481	1174	991	245	356	381	1043	380	1086	256	235	304
1221	1139	650	977	723	1279	1171	1092	1168	958	1232	864	380	1021	1353	1176	1017	1170	1455	753	261	989	1405	1318	0	2060	1405	1200	348	2905	1107	417	1264	529	1039	1063	1294	1166	505	1308	1334	226	339	1437	675	1341	1095	1083	909	1243	1059	636	1818	1516	2817	1239	1192	1427	723	1237	1305	1370	1460	1179	245	1658	1365	1039	1318	2321	989	1001	1158	1134	893	1233	767	1492	1039	405	1338	1633	1212	1092	1267	1262	1017	983	1045	1105	1689	737	962	1827	1338	1369	688	1156	1128	351	3338	1367	280	1180	587	1051	1101	1354	1048	1004	219	1128	946	352	1083	3568	1301	789	778	1707	968	612	1314	1500	881	1262	1301	1310	1118	421	1214	1532	243	983	650	1234	446	468	1077	1080	1161	2989	2557	1337	1267	1343	1066	1339	2063	1724	467	492	1154	1187	497	1165	612	1053	1165	1164	1181	1108	1111	1077	1127	1108	1429	1244	737	1252	1079	1102	1518	1080	277	1339	778	905	1107	1096	1216	1339	981	1430	912	915	1259	1397	1141	1404	1377	568	1527	1180	1873	335	1089	1341	254	575	356	1348	1266	2034	1262	693	698	1134	1586	1241	1333	1062	422	1294	1157	1263	908	1270	1055	1310	1372	1333	869	1377	1634	1082	1218	396	1181	501	1371	2474	756	1221	735	1367	932	1071	310	645	1549	1098	1337	399	1248	1218	1573	1133	1023
2818	2783	2479	2667	2516	2726	2831	2525	2906	2648	2844	2703	1740	1132	2978	3016	2013	2830	3158	1681	2038	1772	3016	2902	2060	0	3016	3126	2382	4751	2685	2210	2802	1945	1866	2733	3003	3008	1982	3052	2920	1958	2285	2945	1942	2923	2888	2876	2819	2825	2743	2438	3591	3131	881	3044	2854	2150	1568	868	3150	2251	3176	2852	2267	3281	2258	2489	2902	3905	2943	2638	3087	2455	2792	2862	1831	3168	1520	1946	2923	2421	2520	2525	2779	2966	2709	2393	2739	2900	2144	2523	1699	245	2923	2958	2486	2890	2489	1933	4618	2984	1789	3014	1963	2734	1940	2259	2731	1717	2276	2489	1685	1988	2504	4887	3130	2576	2301	3250	1721	2130	2915	786	2554	2970	3153	2888	2696	1931	3018	3103	2088	2393	2479	2850	1951	2184	2750	2671	2516	1445	4478	2932	2988	3133	2539	2987	3924	3453	1821	1854	2476	913	2281	2902	2130	2909	2901	2899	3027	2628	2912	2617	2924	2628	2152	3050	2523	2925	2928	2896	2099	2671	2041	2987	2577	1158	2685	2889	3151	3134	2586	2469	2590	2826	2787	2987	2365	3005	2341	2241	3207	2491	3691	1930	2622	3137	1966	2418	1935	2924	2776	3879	2974	2006	1612	2455	3340	3045	3134	2742	1684	3003	2978	2372	1878	2816	2729	2888	3076	3134	1471	2341	3191	2942	1923	1946	2849	1977	2734	4087	1885	2862	2517	2263	2626	2934	1926	2685	3028	2892	3131	2007	3056	1923	3085	2848	2633
202	268	756	428	682	321	233	494	274	447	181	578	1744	1899	52	423	2407	234	188	1342	1210	1258	0	114	1405	3016	0	617	1415	1752	338	1005	217	1136	1179	342	174	426	1112	227	95	1304	1069	159	1091	94	379	386	635	192	345	768	601	119	3534	346	212	1111	2095	2164	432	962	214	226	1187	271	951	526	114	936	700	418	624	584	626	173	1187	167	1508	1196	93	1030	543	494	246	182	387	623	359	375	1352	668	2364	2772	93	60	716	279	543	1756	1939	37	1609	411	1097	353	1126	941	356	1315	1354	543	1336	1189	515	2164	395	618	2076	303	1304	940	101	2254	534	187	445	127	326	1824	347	129	1192	623	756	177	1169	980	327	358	523	3389	1551	83	200	318	476	76	975	449	1869	1897	568	2127	1766	276	940	487	275	274	431	387	380	401	366	387	1110	347	668	162	465	376	1235	358	1197	76	631	2045	338	378	642	327	456	773	499	635	233	38	690	16	871	885	201	561	726	1254	395	330	1275	830	1236	95	249	918	192	2081	1429	584	371	345	340	343	1506	174	393	750	1141	201	350	127	156	340	1547	871	229	483	1195	1202	223	1118	386	1105	1134	184	669	946	474	491	1274	1035	220	378	326	1145	351	1195	200	283	407
620	564	646	558	615	823	533	858	406	569	598	430	1580	1996	585	208	2093	532	498	1476	1111	1506	617	641	1200	3126	617	0	1061	1705	667	920	703	1185	1462	547	446	210	1146	390	640	1202	882	767	1217	647	331	338	307	641	528	688	672	649	3762	272	527	1557	1921	2258	205	1416	481	511	954	710	1405	851	641	1258	213	622	41	980	333	573	1350	553	1724	1181	641	1559	988	858	738	453	534	916	518	324	1834	610	2128	2881	641	641	642	415	936	1515	2378	601	1465	220	1176	533	1444	1393	534	1559	1060	936	1552	1143	875	2567	234	562	1695	835	1535	1013	616	2427	639	446	192	648	665	1572	276	714	1069	916	646	593	1174	942	538	657	939	3735	1369	628	425	318	815	549	864	634	1648	1660	977	2213	1406	407	1013	244	409	411	196	745	310	726	311	745	1558	270	610	503	239	327	1687	657	1104	549	557	2030	667	332	31	309	675	1282	613	301	717	646	1084	631	1344	889	567	987	692	1206	733	307	1185	709	1197	656	741	839	439	1779	1523	980	503	272	295	532	1466	446	253	1196	1374	692	545	648	469	295	1686	1344	777	216	1547	1182	519	1150	932	1376	1298	556	616	1402	579	219	1214	615	837	329	309	1119	266	1547	805	453	651
1260	1170	688	1014	762	1368	1191	1215	1150	1000	1264	838	649	1368	1364	1099	1032	1189	1420	1078	537	1290	1415	1350	348	2382	1415	1061	0	2741	1172	583	1321	812	1325	1095	1274	1090	778	1269	1364	548	426	1484	951	1371	1056	1046	821	1285	1084	697	1724	1513	3157	1175	1208	1676	932	1577	1211	1597	1418	1191	306	1639	1590	1166	1350	2277	850	1059	1021	1287	816	1258	1065	1465	1370	700	1367	1848	1356	1215	1334	1248	1046	1135	1068	1065	1953	777	1082	2154	1367	1393	735	1142	1269	501	3349	1380	595	1106	860	1079	1375	1578	1076	1314	141	1269	1262	638	1212	3563	1217	814	660	1716	1278	828	1340	1847	947	1246	1204	1345	1182	542	1154	1545	492	1135	688	1264	734	654	1105	1144	1299	3337	2363	1363	1244	1276	1180	1342	1915	1655	638	636	1303	1527	353	1148	828	982	1148	1148	1100	1196	1066	1163	1083	1196	1678	1179	777	1254	1009	1062	1780	1144	549	1342	798	1224	1172	1058	1070	1271	1058	1615	969	824	1322	1417	1321	1419	1586	731	1497	1328	1754	646	1176	1271	566	630	662	1380	1334	1895	1244	718	1035	1287	1516	1177	1261	1088	770	1274	1094	1453	1192	1324	1087	1345	1345	1261	1211	1586	1643	1004	1497	692	1196	775	1475	2414	1043	1242	778	1591	977	993	626	446	1594	1059	1269	671	1182	1497	1604	1131	1090
1940	1969	2316	2085	2264	2065	1920	2245	1847	2105	1913	2083	3285	3622	1783	1758	3755	1921	1595	3069	2801	3009	1752	1865	2905	4751	1752	1705	2741	0	2070	2600	1969	2820	2931	2018	1747	1768	2788	1699	1847	2895	2584	1854	2809	1846	1875	1887	2002	1937	2008	2350	1161	1644	5285	1717	1898	2815	3626	3888	1623	2671	1576	1899	2660	1505	2661	2274	1865	1062	1917	2113	1747	2335	2022	1893	2920	1591	3257	2845	1845	2653	2286	2245	1997	1785	2042	2369	2012	1863	3006	2254	3822	4506	1845	1812	2298	1862	2294	3215	1673	1780	3169	1758	2795	2018	2877	2653	2020	3066	2759	2294	3084	2818	2266	1674	1637	2199	3326	1579	3054	2627	1848	4002	2200	1780	1623	1879	2060	3270	1744	1688	2764	2369	2316	1907	2830	2606	2001	2083	2273	5101	448	1834	1763	1623	2224	1770	844	1304	3350	3360	2317	3847	3065	1850	2627	1877	1851	1853	1750	2133	1852	2140	1839	2133	2814	1711	2254	1827	1853	1867	2927	2083	2793	1770	2201	3711	2070	1874	1689	1623	2165	2454	2164	1996	1985	1785	2438	1765	2574	2531	1553	2308	1062	2883	2137	1620	2875	2388	2871	1847	2000	880	1777	3456	3143	2335	1411	1716	1624	2009	3147	1747	1790	2479	2889	1953	2022	1879	1676	1624	3280	2574	1619	1844	2938	2848	1903	2793	2093	912	2866	1892	2260	2655	2128	1854	2896	2298	1799	1871	1625	2786	1706	2938	1733	1904	2118
135	113	485	169	410	204	159	199	276	178	159	391	1427	1564	295	466	2122	159	474	1007	893	943	338	229	1107	2685	338	667	1172	2070	0	694	156	799	873	124	331	462	777	392	247	984	785	330	754	252	336	330	519	147	144	482	909	457	3228	440	178	894	1777	1830	561	751	495	184	911	609	740	210	229	1271	641	113	652	318	496	177	854	482	1188	864	251	897	321	199	162	296	158	301	158	342	1168	395	2056	2441	251	286	439	263	273	1458	2233	303	1291	456	759	142	833	728	142	1000	1090	273	1014	862	218	2468	528	361	1822	620	985	603	236	1931	229	302	571	217	11	1528	419	448	881	301	485	165	836	660	129	28	272	3125	1837	256	324	492	163	302	1264	767	1564	1596	312	1791	1511	274	603	439	272	270	478	79	356	71	356	79	895	445	395	246	435	340	1024	28	879	302	378	1708	0	335	698	497	127	619	203	522	152	316	426	330	677	561	521	320	1020	926	72	501	954	549	906	257	162	1212	307	1796	1091	318	661	440	503	139	1173	331	418	530	820	164	129	217	395	503	1215	677	549	458	919	870	178	783	321	1442	800	178	394	736	198	460	948	859	442	338	495	816	451	919	471	218	84
814	736	283	577	341	862	773	675	791	557	828	516	738	1088	954	841	1434	772	1077	619	208	763	1005	912	417	2210	1005	920	583	2600	694	0	851	307	775	663	913	832	265	938	929	303	164	1025	411	935	735	722	613	834	661	252	1471	1120	2882	890	796	1096	1090	1344	977	1013	1086	784	277	1267	1007	623	912	1935	733	592	881	725	587	832	546	1108	908	264	932	1265	801	675	852	878	620	573	649	746	1377	353	1362	1966	932	965	306	777	716	766	2927	967	605	842	330	653	811	995	650	799	459	716	762	222	668	3162	965	410	1172	1305	765	248	910	1540	472	879	976	902	706	836	863	1129	187	573	283	830	267	72	678	667	748	2944	2287	933	888	990	649	945	1756	1360	870	901	744	1298	870	787	248	723	787	786	849	691	755	660	770	691	1098	895	353	860	746	742	1204	667	196	945	404	1113	694	736	944	989	567	1039	506	619	846	994	745	1003	1003	155	1146	770	1544	285	673	991	278	212	276	942	851	1719	880	1110	633	725	1227	891	985	664	548	913	812	875	646	858	655	902	991	985	810	1003	1231	755	934	264	785	266	954	2096	509	821	349	1007	531	746	296	549	1136	738	986	203	900	934	1164	747	612
84	167	637	308	561	124	177	277	298	321	105	514	1583	1690	191	495	2279	178	389	1133	1049	1041	217	105	1264	2802	217	703	1321	1969	156	851	0	944	962	233	288	494	925	357	121	1139	940	174	887	122	392	391	620	61	248	636	816	329	3317	443	177	912	1932	1954	557	764	414	195	1065	479	753	313	105	1129	723	265	697	368	601	130	976	381	1291	1015	124	865	334	277	36	265	280	409	266	394	1168	546	2213	2559	124	157	591	291	326	1615	2076	190	1447	483	901	251	910	742	253	1098	1243	326	1120	1016	298	2312	520	507	1974	471	1087	751	126	2038	384	272	569	91	145	1685	431	305	1038	409	637	111	985	816	227	184	308	3180	1763	135	295	463	263	214	1187	666	1721	1753	353	1917	1663	297	751	507	296	294	507	180	405	201	399	180	912	447	546	208	494	393	1040	184	1034	214	523	1849	156	390	733	470	284	594	356	621	17	185	475	204	678	716	417	348	938	1079	192	474	1109	703	1059	123	39	1131	279	1952	1223	368	579	443	480	243	1323	288	451	546	925	16	241	91	326	480	1336	678	403	517	980	1022	187	930	229	1303	924	147	546	749	345	522	1101	988	285	393	468	969	453	980	316	261	240
933	876	541	739	571	913	921	700	975	718	954	758	703	813	1090	1072	1475	920	1247	312	278	479	1136	1028	529	1945	1136	1185	812	2820	799	307	944	0	514	814	1085	1063	42	1125	1047	308	451	1113	145	1051	947	934	882	947	820	497	1668	1255	2587	1104	945	899	1027	1077	1206	851	1262	939	523	1408	847	650	1028	2070	1014	724	1147	697	853	966	254	1267	601	125	1050	1117	780	700	933	1048	783	566	814	958	1159	578	1337	1700	1050	1085	542	960	707	815	2990	1100	570	1070	60	811	572	837	808	507	672	707	462	178	684	3237	1188	630	1301	1416	471	196	1034	1246	623	1051	1209	1016	811	884	1077	1246	320	566	541	959	83	256	831	778	742	2636	2533	1055	1065	1197	692	1090	1984	1541	879	922	720	1033	1027	972	196	963	971	969	1082	765	970	743	982	765	901	1110	578	1016	982	954	989	778	264	1090	632	909	799	947	1211	1197	680	940	660	888	934	1115	670	1129	870	296	1306	745	1758	202	752	1200	277	488	177	1056	931	1942	1054	1169	339	697	1418	1105	1196	821	385	1085	1035	774	382	956	809	1016	1162	1196	509	870	1346	997	691	134	937	41	976	2242	231	961	572	850	694	988	229	856	1218	950	1194	141	1116	691	1259	921	729
996	984	898	915	886	871	1032	687	1134	900	1024	1046	1133	815	1149	1294	1916	1032	1343	360	792	104	1179	1066	1039	1866	1179	1462	1325	2931	873	775	962	514	0	955	1205	1288	547	1264	1083	813	937	1088	374	1085	1155	1144	1199	996	971	853	1776	1288	2356	1294	1052	433	1399	1058	1413	450	1365	1056	1029	1433	452	664	1066	2040	1344	863	1433	599	1167	1046	274	1341	347	635	1086	702	657	687	934	1170	949	573	974	1165	658	885	1727	1628	1086	1119	874	1119	637	1288	2804	1151	1018	1288	464	962	91	448	961	152	1186	637	206	693	666	3066	1384	918	1796	1389	161	538	1084	1087	823	1175	1420	1052	882	1353	1270	1251	834	573	898	1030	596	705	970	867	660	2272	2711	1097	1197	1361	712	1165	2138	1627	1324	1372	617	1031	1535	1132	538	1218	1130	1128	1307	803	1179	802	1186	803	436	1300	885	1120	1228	1161	494	867	779	1165	929	1091	873	1154	1493	1365	807	634	850	1205	946	1146	502	1166	516	675	1378	630	1892	704	803	1369	785	880	682	1084	931	2085	1181	1633	475	599	1532	1294	1370	968	768	1205	1249	511	132	977	954	1052	1267	1370	473	516	1334	1248	182	644	1050	550	869	2223	283	1050	878	457	887	1244	730	1303	1165	1158	1363	655	1306	182	1225	1073	845
165	76	418	86	343	317	110	311	179	105	171	281	1401	1605	291	352	2070	109	432	1051	869	1016	342	257	1063	2733	342	547	1095	2018	124	663	233	814	955	0	271	347	787	319	273	963	730	389	791	279	216	209	398	191	19	426	859	457	3301	338	133	1010	1754	1871	459	868	447	125	851	605	857	308	257	1274	517	95	530	433	376	170	904	454	1255	863	276	1021	444	311	254	234	48	385	35	224	1287	328	2022	2488	276	306	376	163	389	1414	2276	305	1267	343	782	18	923	845	20	1072	1023	389	1080	852	328	2505	429	282	1751	644	1055	618	251	1991	195	237	467	251	125	1483	315	468	850	385	418	172	839	641	16	109	392	3220	1763	274	254	408	269	283	1196	727	1527	1555	430	1831	1440	176	618	315	174	172	364	198	238	178	240	198	1010	344	328	202	312	221	1140	109	856	283	297	1722	124	215	578	411	150	743	158	401	238	334	537	341	797	547	493	440	958	918	186	414	935	490	900	288	255	1148	241	1743	1126	433	607	339	414	15	1174	271	304	648	888	232	8	251	347	414	1262	797	570	336	1017	868	124	792	436	1438	850	158	329	854	132	336	937	755	499	219	408	810	351	1017	513	118	110
