NAME : VRPTW_INSTANCE_324.txt
COMMENT : Bangkok Supermarket
TYPE : VRPTW
DIMENSION : 231
DAYS : Monday
EDGE_WEIGHT_TYPE : EXPLICIT
VEHICLES : 33
EDGE_WEIGHT_FORMAT : FULL_MATRIX
CAPACITY : 1000
EDGE_WEIGHT_SECTION
0	976	525	198	1566	135	214	300	46	1315	1970	1010	438	102	300	540	576	152	244	153	211	352	201	776	314	256	237	202	203	2134	154	1436	89	153	833	196	312	2196	212	173	1058	540	221	449	113	91	1321	106	1073	237	839	133	1627	396	891	1126	111	589	623	184	465	940	212	394	213	165	1170	937	207	852	192	213	819	404	423	425	101	33	258	1132	358	436	1460	942	382	1028	438	1123	412	595	357	2204	309	435	135	733	70	1359	135	1027	932	156	535	2117	330	255	402	1146	309	957	2330	119	1002	33	86	370	307	424	606	214	170	428	79	3098	88	865	176	124	1004	582	258	1116	113	530	363	929	135	813	1076	133	283	155	419	1136	217	347	248	978	91	213	477	320	367	25	1808	428	1963	309	622	349	404	102	652	1117	897	891	1565	239	495	836	1019	288	358	322	935	815	14	177	155	1033	1001	243	1032	479	219	381	431	1117	586	103	255	404	665	202	214	79	929	663	219	400	101	1076	400	535	246	83	2254	885	347	690	1390	577	364	683	1620	413	904	474	288	1028	622	436	1727	308	226	199	205	1877	1644	1041	201
976	0	754	1101	644	1043	998	764	984	479	1089	216	989	971	764	1265	977	993	1092	824	993	1099	793	604	1247	1193	1178	973	854	1387	955	2331	976	1129	692	803	961	1309	950	844	1008	804	1164	627	1089	913	597	960	129	1178	542	864	859	998	387	591	985	1448	1094	838	663	64	950	1117	1156	846	222	1829	1069	1791	827	1156	391	1063	991	656	1077	996	761	2096	1335	989	2436	53	1358	786	999	1038	807	498	1287	1285	971	1011	844	670	1047	2261	844	69	991	864	862	1186	750	721	1079	1441	955	166	1458	1094	37	996	983	1113	947	1088	1166	995	1127	633	972	2439	1062	531	841	856	1898	599	761	2057	1089	861	1119	575	1043	933	278	864	746	821	1394	610	1161	1085	766	194	983	1156	506	982	1287	1002	1411	633	1082	971	1148	1325	820	971	1577	223	1872	387	638	1121	1218	1388	1936	966	1335	990	197	381	988	850	863	78	232	1182	134	1217	997	1134	987	223	549	987	1192	985	779	973	995	977	575	694	997	1213	1077	135	1213	873	1184	976	1396	963	1089	1609	1122	551	1124	1628	721	802	983	1448	966	786	1148	995	849	960	1115	782	988	2668	1514	2006	793
525	754	0	723	1194	657	702	238	496	918	1545	895	869	601	238	1049	967	424	761	451	697	850	360	281	833	600	594	373	590	2113	395	1940	594	630	1015	355	758	1768	349	543	546	53	587	626	596	539	1287	596	881	594	365	402	1580	842	894	648	447	1114	1054	550	679	752	349	889	582	537	871	1450	724	1122	543	582	422	877	859	176	601	559	298	1582	801	868	1836	748	811	505	874	609	118	678	875	2036	761	877	426	219	575	1861	426	822	435	550	877	1935	209	415	882	778	752	828	2212	594	790	559	465	869	746	902	1069	700	688	200	583	2581	566	393	543	431	1515	155	298	1599	595	872	866	442	657	319	715	402	275	430	833	654	585	842	532	859	461	582	481	776	888	540	1283	200	1539	761	1075	783	130	601	1159	962	1326	894	1391	763	1001	1317	1519	742	801	781	825	425	538	556	548	830	898	596	865	987	705	885	862	962	711	454	600	841	933	373	700	465	442	883	705	920	601	886	920	883	595	589	2148	387	843	933	866	704	868	978	1228	115	409	935	742	505	1075	871	1312	755	750	465	690	2401	1144	1366	360
198	1101	723	0	1715	67	124	494	234	1476	2132	1101	331	138	494	351	478	334	65	306	127	187	382	967	146	328	312	389	248	2157	346	1259	138	176	823	382	226	2358	404	258	1256	739	300	506	176	204	1369	147	1184	312	1026	324	1669	285	950	1310	296	394	491	263	499	1057	404	227	294	256	1307	755	47	837	274	294	992	263	315	613	155	165	445	996	299	330	1361	1061	331	1224	327	1321	611	660	186	2278	218	319	311	928	166	1184	311	1144	1130	238	478	2197	524	400	253	1323	228	1056	2386	184	1123	165	272	201	231	273	452	127	86	612	146	3291	191	1051	261	302	824	771	445	958	177	473	191	1117	67	1011	1233	324	470	320	371	1321	296	189	334	1071	277	294	595	221	188	187	2006	612	2125	218	474	302	603	138	482	1214	784	950	1652	41	311	661	848	204	299	218	1029	987	185	251	239	1149	1089	317	1138	293	128	205	325	1214	634	288	327	299	632	389	127	269	1117	656	128	205	155	1186	205	474	321	141	2305	1082	186	706	1589	627	190	672	1776	612	1101	369	204	1224	474	327	1887	224	28	331	129	1683	1840	984	382
1566	644	1194	1715	0	1653	1623	1303	1563	280	448	770	1633	1580	1303	1907	1621	1546	1715	1419	1618	1735	1368	933	1860	1746	1735	1512	1476	1451	1508	2964	1583	1714	1302	1375	1597	664	1487	1457	1147	1229	1723	1267	1673	1516	944	1569	623	1735	843	1439	1038	1639	986	628	1548	2081	1739	1454	1306	704	1487	1755	1716	1459	422	2460	1689	2313	1442	1716	777	1703	1634	1175	1666	1591	1320	2698	1917	1632	3005	695	1936	915	1642	1139	1289	1143	1901	1079	1607	1654	1430	1012	1635	2892	1430	630	1207	1477	1507	967	1280	1318	1719	1647	1590	767	1324	1677	637	1591	1553	1750	1583	1729	1810	1620	1729	1160	1577	1874	1644	816	1455	1442	2529	1052	1320	2674	1673	1506	1754	796	1653	1213	492	1439	1300	1411	1967	636	1720	1721	1386	775	1551	1716	1127	1619	1904	1590	1139	1160	441	1607	1792	1903	1303	1580	2197	670	2460	986	642	1741	1859	2031	2561	1599	1917	1626	803	776	1579	1466	1476	630	791	1738	680	1857	1622	1770	1630	670	1194	1552	1746	1627	1417	1512	1620	1549	796	1332	1622	1846	1666	625	1846	1518	1739	1581	1297	1205	1725	2124	1048	1196	1759	2162	91	1284	1216	2040	1599	915	1792	1638	224	1596	1733	1386	1612	3313	1426	2549	1368
135	1043	657	67	1653	0	111	427	175	1412	2067	1051	340	73	427	406	486	279	109	240	110	224	315	899	206	309	291	333	197	2128	287	1325	71	159	801	314	222	2294	346	199	1193	674	277	461	143	138	1332	83	1130	291	958	257	1634	295	908	1243	240	462	514	205	460	1000	346	266	271	196	1247	822	73	857	217	271	926	288	325	545	119	102	377	1053	325	339	1408	1005	355	1158	338	1258	546	614	248	2234	215	332	243	861	118	1249	243	1088	1068	178	469	2151	457	335	282	1273	221	1004	2347	152	1066	102	215	241	222	304	486	112	95	544	79	3223	148	983	202	234	890	704	377	1020	145	464	233	1049	0	948	1169	257	403	253	395	1254	273	222	278	1021	220	271	536	223	253	128	1940	544	2061	215	505	323	539	73	546	1163	834	908	1604	105	362	708	912	197	325	222	978	921	123	193	179	1093	1040	297	1084	345	116	250	333	1163	593	231	308	307	617	333	112	210	1049	632	116	265	119	1132	265	467	301	74	2268	1020	220	714	1523	585	233	689	1712	547	1039	413	197	1158	505	337	1823	219	92	267	108	1751	1779	1018	315
214	998	702	124	1623	111	0	465	260	1392	2047	985	230	113	465	346	375	367	94	255	5	147	344	923	261	421	403	416	147	2032	367	1341	125	270	699	348	110	2273	424	177	1247	727	388	388	254	164	1245	112	1075	403	974	304	1544	186	828	1251	326	460	410	176	377	951	424	187	382	179	1209	837	80	960	187	382	923	190	215	568	229	188	407	1107	422	229	1481	956	454	1191	229	1310	599	541	296	2157	104	224	276	893	223	1268	276	1038	1127	161	359	2077	494	329	189	1360	110	943	2262	263	1018	188	300	166	112	210	391	2	197	562	135	3241	255	997	178	271	905	726	407	1058	255	355	163	1066	111	1007	1148	304	432	274	494	1264	384	139	238	957	305	382	496	112	292	218	1979	562	2040	104	407	424	594	113	579	1100	903	828	1535	128	298	626	939	85	422	112	915	917	208	165	163	1042	973	408	1027	284	4	182	223	1100	513	318	419	197	510	416	2	294	1066	531	4	232	229	1077	232	357	412	131	2181	1079	140	822	1566	506	166	793	1687	599	1099	493	85	1191	407	228	1802	107	126	260	13	1736	1840	1109	344
300	764	238	494	1303	427	465	0	280	1041	1691	853	635	366	0	811	741	242	527	213	459	612	122	475	614	443	431	211	353	2047	205	1735	360	427	848	117	521	1916	187	306	784	267	420	438	389	302	1217	360	879	431	540	169	1521	606	795	829	249	888	822	313	485	743	187	651	413	300	931	1237	490	1028	307	413	535	639	624	131	389	333	62	1408	620	634	1702	742	636	731	639	847	147	531	658	2039	524	642	189	434	360	1657	189	825	669	313	659	1944	30	193	644	964	515	790	2192	390	796	333	259	631	509	664	833	463	469	142	350	2798	358	566	306	195	1304	283	62	1407	388	654	628	629	427	550	811	169	45	192	665	838	417	604	305	817	256	413	344	538	668	319	1516	142	1684	524	839	605	147	366	950	943	1162	795	1391	532	763	1079	1315	504	620	544	778	533	314	319	310	832	850	435	849	749	467	647	628	943	550	254	443	606	736	211	463	256	629	699	467	686	389	883	686	664	436	356	2122	621	605	844	1102	541	631	868	1351	145	642	749	504	731	839	636	1450	518	520	232	452	2177	1381	1252	122
46	984	496	234	1563	175	260	280	0	1309	1962	1028	484	148	280	581	622	106	284	168	257	395	195	754	337	225	208	158	243	2164	112	1454	135	150	870	188	358	2189	170	208	1022	507	192	479	110	131	1347	152	1085	208	820	124	1653	443	916	1109	66	618	669	220	499	950	170	438	184	200	1173	958	248	829	226	184	808	450	470	409	108	74	246	1136	354	483	1453	952	375	1000	484	1087	380	621	380	2223	355	482	140	707	80	1376	140	1037	895	194	579	2134	309	267	448	1101	355	973	2354	113	1012	74	40	413	353	469	652	259	192	415	125	3074	80	847	211	128	1024	563	246	1128	110	573	407	909	175	776	1072	124	269	165	409	1118	188	391	278	994	45	184	492	367	392	47	1777	415	1956	355	668	341	372	148	670	1132	896	916	1581	276	537	880	1035	334	354	369	952	805	53	214	193	1043	1020	213	1046	520	265	424	477	1132	615	57	225	451	706	158	259	35	909	701	265	439	108	1088	439	579	216	130	2278	848	391	662	1358	607	407	660	1616	382	867	476	334	1000	668	483	1720	355	262	220	251	1904	1606	1025	195
1315	479	918	1476	280	1412	1392	1041	1309	0	655	661	1429	1339	1041	1695	1436	1284	1482	1173	1387	1514	1115	653	1618	1482	1471	1247	1245	1587	1246	2733	1340	1460	1170	1121	1379	882	1221	1221	885	951	1461	1060	1420	1273	944	1329	514	1471	564	1186	1114	1430	861	359	1289	1853	1554	1219	1105	543	1221	1538	1454	1221	283	2229	1453	2039	1207	1454	507	1491	1428	911	1414	1342	1064	2445	1660	1428	2740	532	1677	648	1438	885	1016	955	1660	1294	1388	1449	1180	732	1383	2659	1180	494	935	1240	1321	1183	1016	1076	1505	1382	1372	634	1524	1422	487	1342	1296	1530	1364	1517	1618	1390	1482	899	1334	1961	1390	536	1219	1191	2297	780	1064	2430	1420	1319	1533	516	1412	935	245	1186	1041	1164	1707	371	1458	1500	1154	654	1293	1454	902	1400	1664	1339	1019	899	649	1388	1603	1645	1031	1339	1958	594	2202	861	753	1504	1646	1850	2324	1378	1660	1408	669	508	1329	1231	1238	497	682	1475	563	1642	1392	1550	1425	594	1008	1293	1482	1419	1252	1247	1390	1292	516	1168	1392	1621	1414	517	1621	1331	1476	1338	1485	930	1504	1850	839	1009	1538	1891	311	1011	942	1786	1378	648	1603	1434	411	1377	1495	1145	1380	3109	1233	2279	1115
1970	1089	1545	2132	448	2067	2047	1691	1962	655	0	1218	2072	1994	1691	2343	2066	1932	2137	1829	2041	2165	1769	1267	2273	2128	2118	1892	1899	1715	1895	3388	1996	2113	1750	1775	2029	226	1867	1876	1357	1571	2109	1704	2073	1929	1356	1985	1072	2118	1181	1839	1390	2076	1435	909	1940	2507	2184	1874	1745	1150	1867	2187	2102	1877	866	2884	2109	2666	1862	2102	1155	2139	2072	1559	2068	1997	1716	3098	2311	2071	3381	1141	2327	1161	2081	1329	1652	1586	2316	1221	2038	2092	1835	1340	2038	3315	1835	1078	1451	1895	1951	1120	1665	1732	2153	1844	2022	1215	1483	2076	1084	1997	1948	2181	2014	2165	2254	2044	2137	1549	1989	1470	2043	1152	1874	1846	2952	1420	1716	3086	2073	1950	2185	1111	2067	1490	899	1839	1694	1819	2356	909	2106	2152	1809	1224	1945	2102	1554	2051	2320	1994	1062	1549	6	2038	2237	2296	1666	1994	2614	1115	2852	1435	995	2160	2294	2477	2980	2030	2311	2058	1252	1157	1984	1886	1894	1078	1239	2121	1128	2291	2047	2201	2069	1115	1637	1944	2128	2064	1864	1892	2044	1944	1111	1780	2047	2274	2068	1073	2274	1962	2122	1994	1482	1463	2155	2476	1143	1639	2190	2524	368	1648	1467	2439	2030	1161	2237	2077	244	2028	2151	1800	2035	3754	1453	2912	1769
1010	216	895	1101	770	1051	985	853	1028	661	1218	0	927	982	853	1205	883	1058	1079	859	981	1062	852	791	1246	1249	1232	1049	854	1217	1022	2282	991	1162	532	864	926	1428	1029	855	1210	948	1218	597	1123	934	399	971	150	1232	740	916	685	945	217	807	1042	1411	998	847	616	171	1029	1072	1209	860	380	1790	1063	1854	836	1209	586	1011	932	767	1107	1024	834	2093	1364	926	2459	180	1390	995	937	1244	927	445	1281	1195	937	950	889	850	1078	2217	889	171	1182	876	776	1106	845	761	1029	1623	920	68	1339	1129	188	1024	1035	1073	913	1033	1079	983	1142	741	989	2615	1099	733	852	900	1857	748	834	2035	1123	776	1081	782	1051	1113	489	916	825	862	1428	826	1213	1048	774	36	1036	1209	536	945	1278	1036	1625	741	1211	937	1056	1357	938	982	1559	118	1885	217	554	1113	1162	1281	1905	936	1364	953	76	574	1020	859	876	166	21	1237	98	1165	983	1094	926	118	483	1042	1248	930	662	1049	983	1028	782	580	983	1179	1107	147	1179	787	1240	992	1268	1151	1053	1680	1337	488	1086	1687	856	921	1172	1464	936	995	1056	933	989	926	1110	810	977	2580	1728	2052	852
438	989	869	331	1633	340	230	635	484	1429	2072	927	0	335	635	278	147	589	270	425	232	174	514	1050	424	649	632	634	282	1871	583	1355	350	498	534	523	125	2295	637	330	1414	902	618	368	484	366	1121	331	1041	632	1085	497	1408	45	737	1343	548	493	189	322	326	933	637	161	611	337	1211	866	286	1159	327	611	1005	94	15	711	459	415	572	1205	622	1	1612	940	654	1328	9	1476	780	492	441	2049	128	23	460	1034	454	1290	460	1015	1303	328	173	1977	661	457	113	1572	129	898	2131	493	1001	415	523	174	132	110	205	230	415	698	359	3335	485	1104	330	460	932	857	572	1124	485	171	186	1176	340	1185	1185	497	594	447	694	1358	613	163	339	904	528	611	535	118	428	446	2114	698	2065	128	206	628	777	335	662	1045	1036	737	1453	309	235	455	986	149	622	118	865	997	433	317	330	1017	910	637	988	239	225	190	7	1045	447	540	648	33	333	634	230	515	1176	384	225	278	459	1042	278	166	642	355	2048	1255	167	1036	1714	442	191	997	1705	779	1277	662	149	1328	206	6	1828	129	317	403	236	1682	2013	1282	514
102	971	601	138	1580	73	113	366	148	1339	1994	982	335	0	366	450	475	255	161	169	109	255	249	834	280	333	315	303	134	2075	254	1397	14	197	757	250	210	2221	311	127	1141	621	299	398	168	67	1272	11	1059	315	891	198	1575	294	845	1174	214	529	520	135	403	928	311	297	292	124	1174	893	125	907	146	292	854	303	321	479	145	80	312	1126	385	334	1476	933	413	1097	336	1206	493	550	321	2169	207	333	178	799	128	1322	178	1016	1019	106	442	2085	396	262	302	1247	207	934	2286	177	994	80	188	274	206	323	505	112	159	477	23	3157	159	915	130	170	962	638	312	1094	169	436	269	982	73	900	1096	198	338	183	453	1185	295	249	208	952	193	292	464	218	325	110	1882	477	1988	207	520	381	487	0	619	1093	904	845	1536	170	403	738	985	186	385	220	909	849	97	123	107	1021	972	320	1014	388	117	287	329	1093	532	206	332	302	580	303	112	181	982	587	117	320	145	1061	320	441	325	19	2207	971	250	756	1467	524	271	739	1639	494	991	482	186	1097	520	334	1750	207	159	194	103	1816	1732	1078	249
300	764	238	494	1303	427	465	0	280	1041	1691	853	635	366	0	811	741	242	527	213	459	612	122	475	614	443	431	211	353	2047	205	1735	360	427	848	117	521	1916	187	306	784	267	420	438	389	302	1217	360	879	431	540	169	1521	606	795	829	249	888	822	313	485	743	187	651	413	300	931	1237	490	1028	307	413	535	639	624	131	389	333	62	1408	620	634	1702	742	636	731	639	847	147	531	658	2039	524	642	189	434	360	1657	189	825	669	313	659	1944	30	193	644	964	515	790	2192	390	796	333	259	631	509	664	833	463	469	142	350	2798	358	566	306	195	1304	283	62	1407	388	654	628	629	427	550	811	169	45	192	665	838	417	604	305	817	256	413	344	538	668	319	1516	142	1684	524	839	605	147	366	950	943	1162	795	1391	532	763	1079	1315	504	620	544	778	533	314	319	310	832	850	435	849	749	467	647	628	943	550	254	443	606	736	211	463	256	629	699	467	686	389	883	686	664	436	356	2122	621	605	844	1102	541	631	868	1351	145	642	749	504	731	839	636	1450	518	520	232	452	2177	1381	1252	122
540	1265	1049	351	1907	406	346	811	581	1695	2343	1205	278	450	811	0	353	684	296	601	351	199	690	1266	338	660	646	739	477	2099	694	1077	459	517	783	694	319	2567	752	517	1591	1071	637	639	525	509	1382	453	1320	646	1313	648	1659	267	1012	1585	645	241	278	513	602	1210	752	164	633	520	1485	593	333	1039	523	633	1250	203	274	913	506	508	754	961	544	278	1387	1217	573	1537	268	1656	943	770	325	2312	311	256	622	1239	517	1014	622	1292	1470	504	437	2244	841	667	190	1674	326	1177	2383	532	1278	508	621	180	334	178	189	348	425	906	469	3577	542	1335	518	617	658	1069	754	862	526	436	182	1405	406	1350	1451	648	778	620	606	1598	633	209	560	1183	626	633	794	298	304	534	2325	906	2336	311	224	559	937	450	429	1323	826	1012	1726	310	50	318	719	325	544	290	1144	1243	529	504	507	1295	1188	650	1266	61	344	164	280	1323	725	637	659	280	586	739	348	616	1405	649	344	152	506	1320	152	427	655	463	2297	1422	207	955	1913	721	180	894	1977	944	1441	526	325	1537	224	272	2099	321	324	600	359	1414	2182	1112	690
576	977	967	478	1621	486	375	741	622	1436	2066	883	147	475	741	353	0	724	416	541	377	313	626	1120	566	796	778	766	400	1751	715	1417	490	644	429	636	266	2286	767	448	1506	1004	764	395	629	498	1030	470	1011	778	1145	620	1305	193	678	1388	684	591	117	438	341	916	767	290	757	456	1199	945	433	1303	440	757	1049	228	162	800	605	556	678	1312	767	148	1729	925	799	1401	151	1566	888	481	579	1960	271	160	580	1114	597	1358	580	992	1402	450	115	1894	764	552	244	1694	268	865	2029	638	983	556	659	309	269	232	196	375	563	783	498	3369	629	1162	447	581	1008	936	678	1216	630	118	321	1234	486	1286	1198	620	697	562	839	1403	759	304	436	866	664	757	576	263	564	586	2181	783	2059	271	173	774	887	475	772	1001	1158	678	1384	456	324	414	1072	291	767	264	830	1040	572	436	452	994	865	783	955	337	370	321	153	1001	429	677	794	179	235	766	375	652	1234	307	370	402	605	1011	402	105	788	495	1944	1355	308	1182	1791	427	326	1142	1698	886	1377	800	291	1401	173	151	1825	269	464	509	380	1697	2106	1417	626
152	993	424	334	1546	279	367	242	106	1284	1932	1058	589	255	242	684	724	0	388	226	363	502	206	696	417	201	188	56	335	2221	38	1516	241	206	949	194	463	2158	76	293	933	427	177	545	176	227	1397	258	1102	188	770	147	1703	548	966	1059	41	704	775	305	573	965	76	544	170	285	1169	1026	352	799	309	170	777	557	575	373	187	180	232	1169	382	588	1459	966	396	928	590	998	306	677	458	2253	461	587	185	642	168	1436	185	1051	803	283	675	2161	267	304	555	995	459	1000	2394	173	1023	180	66	519	457	576	759	366	276	385	232	3005	150	797	296	176	1092	515	232	1176	175	670	512	855	279	685	1053	147	249	213	423	1067	174	498	351	1024	61	170	524	473	473	151	1696	385	1926	461	775	365	295	255	735	1157	920	966	1607	375	642	986	1094	439	382	475	982	775	160	302	282	1057	1052	192	1067	624	371	529	582	1157	678	49	201	556	795	56	366	73	855	783	371	539	187	1105	539	677	193	236	2320	756	497	621	1275	669	513	635	1593	309	774	514	439	928	775	588	1692	460	362	279	358	1983	1509	1014	206
244	1092	761	65	1715	109	94	527	284	1482	2137	1079	270	161	527	296	416	388	0	327	98	121	410	995	172	394	377	443	239	2112	397	1251	167	241	775	411	175	2363	455	261	1300	780	365	482	239	226	1333	167	1170	377	1050	359	1630	224	919	1331	349	373	426	263	469	1045	455	163	360	262	1303	746	37	892	274	360	1007	198	254	639	217	211	474	1014	353	269	1391	1050	385	1258	265	1364	652	634	203	2248	166	256	339	960	224	1177	339	1132	1176	243	424	2169	557	411	188	1381	179	1037	2349	247	1112	211	324	137	183	208	387	97	151	636	177	3317	251	1074	263	332	815	798	474	964	240	419	127	1142	109	1056	1238	359	499	343	425	1343	361	123	329	1051	329	360	589	166	198	237	2043	636	2130	166	409	358	645	161	485	1194	812	919	1628	41	253	600	846	156	353	162	1009	1001	233	251	245	1136	1066	382	1121	235	96	143	264	1194	605	341	392	239	581	443	97	319	1142	610	96	158	217	1171	158	419	387	171	2268	1128	121	765	1627	598	127	728	1778	653	1147	409	156	1258	409	265	1892	174	47	341	104	1657	1888	1029	410
153	824	451	306	1419	240	255	213	168	1173	1829	859	425	169	213	601	541	226	327	0	249	401	90	669	444	393	376	247	143	2000	200	1565	168	306	723	97	308	2055	240	95	997	479	361	319	265	102	1180	161	920	376	723	85	1486	394	749	1005	196	698	614	104	347	787	240	439	352	88	1019	1062	292	997	101	352	685	426	414	314	253	173	153	1280	511	424	1613	789	535	936	429	1060	355	455	487	2054	311	431	43	638	223	1490	43	874	881	99	472	1966	241	102	431	1153	303	805	2185	271	849	173	183	420	297	451	621	252	309	309	161	2990	240	747	95	50	1130	472	153	1257	266	467	418	814	240	762	932	85	177	21	572	1016	356	392	126	826	184	352	324	325	493	178	1723	309	1822	311	628	502	352	169	785	965	1049	749	1413	339	552	866	1152	291	511	331	784	681	164	108	97	880	851	381	880	539	257	437	419	965	453	193	392	396	577	247	252	174	814	559	257	483	253	923	483	476	384	166	2109	833	394	829	1312	444	421	829	1476	354	854	625	291	936	628	426	1585	305	329	53	242	1984	1594	1192	90
211	993	697	127	1618	110	5	459	257	1387	2041	981	232	109	459	351	377	363	98	249	0	153	338	917	265	419	401	412	142	2030	363	1346	122	270	698	342	111	2268	420	171	1241	721	387	384	252	159	1242	108	1071	401	968	299	1542	189	825	1246	322	466	413	170	374	946	420	192	380	173	1204	842	83	961	181	380	918	194	217	563	228	185	402	1112	424	231	1485	951	455	1186	231	1305	594	537	300	2154	105	227	271	887	221	1274	271	1033	1122	155	359	2073	489	323	193	1356	110	939	2259	261	1013	185	297	172	112	214	396	3	198	557	131	3235	253	991	172	266	911	720	402	1063	253	354	169	1060	110	1002	1142	299	426	268	496	1258	382	144	232	953	302	380	491	114	297	215	1973	557	2035	105	411	425	589	109	584	1096	907	825	1531	132	303	631	944	86	424	114	911	912	204	159	158	1037	969	406	1023	290	8	187	225	1096	510	314	418	199	509	412	3	290	1060	530	8	238	228	1073	238	357	411	127	2179	1074	145	822	1561	502	171	794	1681	594	1094	496	86	1186	411	230	1797	108	129	254	7	1742	1835	1111	338
352	1099	850	187	1735	224	147	612	395	1514	2165	1062	174	255	612	199	313	502	121	401	153	0	491	1067	252	515	499	554	280	2043	506	1231	266	363	705	495	138	2391	564	318	1394	874	487	474	360	312	1284	257	1165	499	1115	451	1575	134	886	1389	461	350	307	315	446	1048	564	42	482	321	1316	730	152	990	325	482	1057	85	160	714	338	321	555	1043	456	173	1442	1054	488	1338	167	1458	746	618	267	2208	128	155	424	1039	342	1161	424	1133	1274	305	345	2133	642	469	70	1497	144	1027	2298	369	1116	321	436	19	152	88	265	149	272	707	276	3381	371	1137	319	419	799	870	555	973	361	341	19	1207	224	1154	1269	451	579	421	527	1402	483	14	366	1037	441	482	611	117	254	350	2125	707	2159	128	287	465	741	255	501	1180	864	886	1601	154	150	484	843	135	456	110	996	1051	342	305	307	1136	1048	504	1114	138	145	36	170	1180	580	453	514	151	505	554	149	430	1207	549	145	116	338	1167	116	338	508	271	2215	1226	9	874	1714	574	24	830	1802	747	1246	488	135	1338	287	168	1921	139	164	401	160	1602	1987	1108	491
201	793	360	382	1368	315	344	122	195	1115	1769	852	514	249	122	690	626	206	410	90	338	491	0	585	512	400	385	205	233	2019	171	1636	245	346	773	13	399	1996	190	184	906	388	371	361	305	183	1193	243	898	385	643	71	1499	484	763	929	192	777	703	192	399	762	190	529	363	178	978	1134	374	1004	187	363	618	517	504	230	299	230	63	1331	549	513	1647	764	570	848	519	969	265	479	555	2046	402	521	71	550	268	1559	71	848	790	190	550	1955	150	105	521	1070	393	793	2187	309	822	230	190	510	388	541	711	341	370	230	236	2908	276	668	185	80	1202	389	63	1318	305	545	507	734	315	672	877	71	89	70	603	939	367	482	195	817	189	363	317	416	563	224	1635	230	1763	402	718	537	262	249	852	951	1092	763	1401	418	642	957	1219	382	549	422	776	614	215	198	188	855	845	389	862	628	346	526	508	951	487	193	400	485	642	205	341	184	734	614	346	568	299	902	568	554	392	242	2113	742	483	828	1222	478	510	838	1421	264	763	671	382	848	718	516	1526	396	407	117	331	2065	1503	1212	0
776	604	281	967	933	899	923	475	754	653	1267	791	1050	834	475	1266	1120	696	995	669	917	1067	585	0	1090	880	872	648	790	1991	664	2208	831	897	1059	585	955	1488	623	749	435	304	865	736	860	768	1191	828	733	872	89	644	1463	1031	859	366	714	1362	1222	753	793	625	623	1102	859	746	660	1712	960	1398	743	859	213	1078	1043	355	862	808	522	1861	1078	1049	2117	618	1089	280	1057	481	395	728	1133	1846	961	1063	656	79	834	2129	656	673	390	762	1015	1740	445	600	1086	837	949	725	2041	860	641	808	728	1086	942	1104	1255	921	944	360	821	2323	830	117	748	665	1779	197	522	1873	859	1011	1085	160	899	330	480	644	497	652	1112	372	863	1057	713	758	725	859	557	976	1143	794	1064	360	1261	961	1254	1060	408	834	1424	827	1607	859	1217	1004	1217	1505	1788	944	1078	982	735	223	789	762	760	681	800	875	734	1206	925	1104	1044	827	775	720	880	1027	1029	648	921	727	160	962	925	1152	862	738	1152	1023	875	827	1984	360	1059	1209	671	770	1088	1258	959	391	380	1210	944	280	1254	1053	1037	953	992	666	910	2651	1012	1646	585
314	1247	833	146	1860	206	261	614	337	1618	2273	1246	424	280	614	338	566	417	172	444	265	252	512	1090	0	334	324	474	394	2283	440	1123	277	214	945	509	346	2500	493	404	1350	842	317	649	240	344	1505	290	1331	324	1153	447	1802	381	1090	1440	387	287	550	409	639	1203	493	280	315	402	1453	623	183	737	420	315	1128	337	410	739	232	282	572	850	211	424	1219	1208	242	1338	418	1416	716	803	43	2419	336	407	442	1045	257	1046	442	1291	1219	383	589	2339	644	542	322	1368	350	1201	2522	244	1269	282	367	257	355	337	489	264	145	742	284	3411	268	1179	406	432	690	897	572	814	241	585	245	1243	206	1102	1375	447	597	455	278	1450	315	262	481	1217	372	315	741	334	55	295	2112	742	2267	336	518	223	707	280	340	1359	641	1090	1796	133	315	656	707	328	211	329	1174	1124	300	397	385	1295	1233	326	1284	293	264	249	420	1359	775	379	333	398	748	474	264	367	1243	781	264	191	232	1333	191	584	330	279	2441	1173	257	629	1691	768	241	580	1919	718	1190	239	328	1338	518	419	2029	345	136	474	269	1568	1922	860	512
256	1193	600	328	1746	309	421	443	225	1482	2128	1249	649	333	443	660	796	201	394	393	419	515	400	880	334	0	18	236	457	2389	239	1356	319	153	1087	389	531	2353	261	429	1064	591	34	704	167	346	1573	342	1299	18	958	332	1879	605	1142	1246	208	610	819	440	721	1163	261	555	42	421	1370	884	368	605	448	42	975	590	634	572	192	258	433	981	209	648	1258	1164	213	1092	647	1130	484	847	365	2444	525	641	360	819	205	1275	360	1249	929	412	774	2354	466	487	582	1037	530	1192	2578	158	1222	258	213	529	530	602	780	421	243	585	314	3167	175	986	432	349	945	708	433	1003	166	769	519	1040	309	817	1254	332	451	387	232	1253	38	517	503	1215	213	42	712	532	384	234	1840	585	2122	525	803	189	471	333	594	1351	727	1142	1800	363	627	978	935	506	209	532	1173	974	250	432	411	1255	1241	13	1262	607	425	531	643	1351	840	207	1	616	913	236	421	220	1040	917	425	507	192	1302	507	773	9	315	2503	885	515	436	1416	832	517	438	1793	488	900	342	506	1092	803	647	1889	528	351	446	416	1850	1615	813	400
237	1178	594	312	1735	291	403	431	208	1471	2118	1232	632	315	431	646	778	188	377	376	401	499	385	872	324	18	0	226	438	2371	226	1358	300	136	1068	374	513	2344	252	410	1065	587	15	686	149	328	1556	324	1283	0	950	316	1861	587	1124	1238	192	602	802	422	703	1147	252	539	24	403	1357	883	351	622	429	24	964	574	617	560	173	240	419	988	211	631	1270	1149	217	1088	630	1130	477	830	355	2428	507	624	343	813	187	1277	343	1234	930	393	756	2338	455	471	565	1045	512	1176	2561	140	1207	240	197	513	512	586	764	403	227	574	296	3164	156	977	413	332	945	699	419	1007	148	750	503	1033	291	816	1242	316	437	370	239	1245	20	501	485	1199	196	24	696	515	375	215	1839	574	2112	507	787	191	464	315	592	1334	735	1124	1784	347	613	964	937	488	211	514	1157	963	232	414	393	1240	1225	5	1246	593	408	516	625	1334	822	191	17	599	895	226	403	204	1033	899	408	494	173	1287	494	754	9	297	2485	885	498	454	1416	814	501	454	1782	481	900	344	488	1088	787	629	1879	510	335	428	398	1848	1618	827	385
202	973	373	389	1512	333	416	211	158	1247	1892	1049	634	303	211	739	766	56	443	247	412	554	205	648	474	236	226	0	370	2224	51	1568	291	262	969	192	508	2117	25	325	876	373	217	560	233	268	1398	305	1086	226	724	162	1704	594	969	1013	93	761	821	337	593	949	25	596	211	317	1142	1081	406	817	339	211	739	607	620	337	244	232	215	1214	429	633	1493	949	440	875	635	942	255	684	514	2242	507	634	204	591	225	1488	204	1033	746	318	711	2148	232	310	605	943	504	989	2388	229	1005	232	118	572	501	627	808	415	333	352	281	2952	207	751	327	197	1145	472	215	1226	232	705	565	808	333	628	1020	162	228	230	465	1020	215	550	373	1014	113	211	520	519	529	205	1641	352	1886	507	823	411	243	303	789	1145	962	969	1594	431	696	1039	1146	485	429	522	973	738	211	335	316	1040	1044	229	1053	679	421	583	627	1145	690	101	236	601	823	0	415	123	808	806	421	595	244	1089	595	713	229	285	2315	699	549	635	1219	681	566	657	1557	258	717	562	485	875	823	633	1653	505	418	297	406	2038	1453	1040	205
203	854	590	248	1476	197	147	353	243	1245	1899	854	282	134	353	477	400	335	239	143	142	280	233	790	394	457	438	370	0	1941	320	1489	145	329	630	241	168	2125	369	48	1136	621	422	264	297	112	1138	122	936	438	835	220	1441	252	712	1109	297	608	470	40	269	809	369	313	414	56	1064	984	214	1041	47	414	778	289	271	440	276	198	292	1244	519	280	1605	814	547	1063	286	1198	498	417	432	2037	172	288	180	766	254	1416	180	896	1023	52	340	1954	380	189	296	1295	162	808	2152	306	876	198	275	298	156	315	479	145	290	430	147	3101	282	857	48	181	1053	593	292	1202	298	335	298	927	197	904	1000	220	314	165	587	1122	418	268	90	824	279	414	350	187	432	223	1851	430	1892	172	486	515	495	134	723	966	1030	712	1407	266	427	727	1085	154	519	193	781	772	206	36	54	901	842	444	890	417	147	317	275	966	398	291	456	252	462	370	145	267	927	460	147	378	276	938	378	342	448	148	2073	975	271	886	1444	390	302	872	1539	497	996	611	154	1063	486	283	1654	165	260	125	135	1880	1734	1212	233
2134	1387	2113	2157	1451	2128	2032	2047	2164	1587	1715	1217	1871	2075	2047	2099	1751	2221	2112	2000	2030	2043	2019	1991	2283	2389	2371	2224	1941	0	2188	3093	2087	2271	1338	2032	1936	1808	2207	1962	2382	2166	2356	1685	2238	2046	831	2064	1258	2371	1927	2073	532	1908	1255	1895	2196	2341	1824	1952	1672	1371	2207	2031	2347	1969	1384	2671	2111	2982	1943	2347	1778	1965	1883	1977	2217	2138	2017	3061	2453	1871	3481	1377	2483	2147	1879	2403	2137	1544	2307	598	1947	1892	2037	2057	2194	3048	2037	1318	2376	1981	1698	651	2044	1917	1983	2828	1933	1285	433	2246	1349	2138	2183	2045	1928	1977	1917	2030	2223	1950	2088	3145	2221	1913	1959	2047	2728	1966	2017	2954	2239	1702	2057	1946	2128	2320	1574	2073	2012	2009	2524	1912	2351	2031	1886	1253	2184	2347	1707	1948	2296	2158	2585	1950	1711	1947	1883	2452	2148	2075	2524	1164	2907	1255	833	2153	2075	1994	2804	1956	2453	1954	1287	1768	2141	1960	1981	1309	1215	2377	1259	2088	2028	2061	1874	1164	1549	2193	2389	1891	1538	2224	2030	2174	1946	1501	2028	2148	2217	1253	2148	1705	2380	2089	357	2350	2036	2825	2419	1557	2062	2813	1527	2132	2370	2521	1956	2147	1883	1876	1623	1938	2155	1946	2028	3196	2817	3141	2019
154	955	395	346	1508	287	367	205	112	1246	1895	1022	583	254	205	694	715	38	397	200	363	506	171	664	440	239	226	51	320	2188	0	1546	241	234	924	159	457	2121	58	275	912	401	215	517	200	216	1363	255	1064	226	736	117	1670	544	933	1025	52	725	771	287	547	928	58	548	207	267	1131	1054	360	836	289	207	740	557	569	336	208	186	194	1205	417	582	1497	929	432	900	584	978	277	645	482	2216	456	583	157	611	185	1466	157	1013	784	267	660	2124	230	271	556	993	453	963	2358	199	986	186	74	525	450	577	759	366	297	348	231	2977	172	763	277	150	1120	481	194	1209	200	655	518	822	287	665	1016	117	211	185	460	1033	212	502	326	988	69	207	489	468	495	159	1672	348	1889	456	773	401	267	254	764	1120	956	933	1570	388	650	991	1125	434	417	471	946	738	164	285	266	1020	1016	230	1030	633	371	536	576	1120	649	60	239	550	774	51	366	77	822	759	371	551	208	1068	551	662	231	236	2285	737	501	657	1251	640	519	672	1556	280	755	548	434	900	773	582	1655	454	374	252	356	2008	1493	1052	171
1436	2331	1940	1259	2964	1325	1341	1735	1454	2733	3388	2282	1355	1397	1735	1077	1417	1516	1251	1565	1346	1231	1636	2208	1123	1356	1358	1568	1489	3093	1546	0	1397	1311	1841	1633	1369	3614	1591	1512	2419	1940	1361	1704	1348	1463	2442	1406	2393	1358	2275	1570	2702	1339	2089	2563	1494	883	1314	1514	1673	2278	1591	1215	1365	1512	2547	504	1280	1164	1525	1365	2251	1272	1350	1862	1346	1406	1695	506	1146	1355	794	2285	1144	2443	1345	2484	1822	1844	1080	3370	1359	1332	1565	2158	1375	82	1565	2363	2282	1493	1513	3308	1764	1659	1255	2300	1376	2252	3417	1348	2347	1406	1479	1217	1383	1249	1223	1344	1266	1865	1405	4521	1378	2301	1514	1555	435	2018	1695	377	1348	1512	1212	2364	1325	2172	2489	1570	1720	1578	1133	2573	1362	1245	1579	2260	1483	1365	1837	1348	1073	1416	3196	1865	3382	1359	1252	1167	1811	1397	784	2401	728	2089	2801	1229	1120	1099	421	1365	1146	1340	2220	2246	1422	1502	1495	2366	2266	1357	2341	1118	1341	1196	1356	2401	1801	1488	1355	1353	1652	1568	1344	1480	2364	1723	1341	1118	1346	2395	1118	1502	1359	1399	3329	2240	1241	1261	2772	1796	1206	1167	3028	1825	2253	1014	1365	2443	1252	1349	3143	1370	1238	1589	1353	581	2945	983	1636
89	976	594	138	1583	71	125	360	135	1340	1996	991	350	14	360	459	490	241	167	168	122	266	245	831	277	319	300	291	145	2087	241	1397	0	184	770	245	224	2223	299	135	1133	613	285	408	154	66	1283	23	1065	300	888	191	1587	308	856	1172	200	531	534	143	415	935	299	308	277	131	1178	893	130	895	154	277	854	316	335	475	131	65	308	1120	375	349	1468	939	403	1091	350	1198	485	560	319	2179	221	347	174	794	113	1321	174	1023	1010	114	456	2094	390	264	314	1234	222	942	2297	163	1000	65	175	284	220	335	517	125	151	474	10	3154	144	913	138	165	962	634	308	1091	155	451	279	979	71	891	1098	191	334	181	442	1183	280	260	216	960	180	277	470	232	324	96	1876	474	1990	221	533	370	478	14	617	1101	897	856	1545	173	413	750	984	200	375	234	917	849	83	132	115	1028	980	306	1021	397	130	297	343	1101	543	192	318	316	594	291	125	168	979	600	130	326	131	1068	326	456	310	5	2218	963	260	743	1460	535	280	726	1642	486	982	474	200	1091	533	348	1752	221	161	197	116	1820	1723	1068	245
153	1129	630	176	1714	159	270	427	150	1460	2113	1162	498	197	427	517	644	206	241	306	270	363	346	897	214	153	136	262	329	2271	234	1311	184	0	953	339	381	2340	283	312	1137	634	123	590	40	230	1465	207	1226	136	966	274	1769	452	1036	1256	182	502	666	322	599	1093	283	403	118	306	1321	820	215	711	331	118	959	437	482	558	54	137	396	985	205	497	1307	1096	229	1134	495	1203	512	740	253	2354	374	488	286	846	83	1232	286	1180	1006	292	628	2267	456	408	429	1162	381	1109	2477	37	1156	137	168	377	382	449	628	271	92	565	182	3211	70	993	315	274	885	710	396	979	40	623	367	1054	159	889	1223	274	419	308	266	1264	119	365	392	1129	172	118	630	381	270	127	1903	565	2107	374	651	196	501	197	529	1269	746	1036	1716	212	481	832	891	356	205	380	1087	956	141	312	292	1186	1152	141	1185	461	275	381	491	1269	726	176	151	465	773	262	271	171	1054	783	275	365	54	1229	365	626	145	181	2399	960	362	559	1481	717	366	542	1767	514	977	325	356	1134	651	495	1871	378	200	352	268	1776	1708	890	346
833	692	1015	823	1302	801	699	848	870	1170	1750	532	534	757	848	783	429	949	775	723	698	705	773	1059	945	1087	1068	969	630	1338	924	1841	770	953	0	787	599	1960	959	661	1490	1065	1053	412	924	741	602	747	679	1068	1050	807	876	570	315	1225	915	1018	526	650	376	628	959	696	1044	669	900	1374	776	1658	644	1044	914	629	546	840	902	828	797	1737	1122	534	2146	639	1153	1325	543	1540	981	338	968	1531	609	556	766	1085	883	1784	766	681	1417	676	360	1467	859	669	647	1793	596	540	1600	933	684	828	897	708	592	643	618	697	895	815	774	3132	912	1056	659	773	1438	920	797	1646	926	364	719	1124	801	1316	959	807	804	739	1194	1243	1048	693	598	528	900	1044	533	610	957	853	2055	815	1744	609	588	1123	986	757	1194	639	1570	315	972	816	751	778	1502	620	1122	615	504	902	836	656	677	680	511	1074	623	762	695	725	537	639	303	911	1086	553	201	969	697	888	1124	169	695	812	902	677	812	368	1078	773	1516	1374	698	1513	1708	311	725	1491	1387	977	1397	1184	620	1325	588	540	1520	601	819	672	697	2080	2070	1804	773
196	803	355	382	1375	314	348	117	188	1121	1775	864	523	250	117	694	636	194	411	97	342	495	13	585	509	389	374	192	241	2032	159	1633	245	339	787	0	406	2001	177	192	900	382	361	374	298	185	1206	244	909	374	645	64	1512	492	776	931	181	776	711	201	412	773	177	534	353	186	986	1132	375	992	196	353	622	523	512	230	293	227	62	1324	542	522	1638	774	561	846	527	964	257	492	553	2058	409	529	72	548	263	1555	72	859	784	197	561	1967	146	119	527	1060	400	805	2199	302	832	227	180	514	395	547	719	345	367	232	236	2908	269	670	193	80	1200	389	62	1313	298	556	511	735	314	665	884	64	88	76	595	941	357	486	206	829	179	353	330	423	561	219	1632	232	1768	409	726	529	254	250	849	963	1085	776	1413	419	646	964	1215	388	542	428	788	619	210	205	194	865	857	379	873	632	350	530	516	963	500	183	389	493	654	192	345	175	735	628	350	570	293	913	570	565	381	242	2126	736	488	816	1219	491	514	827	1427	256	756	665	388	846	726	524	1532	403	407	128	335	2065	1496	1202	13
312	961	758	226	1597	222	110	521	358	1379	2029	926	125	210	521	319	266	463	175	308	111	138	399	955	346	531	513	508	168	1936	457	1369	224	381	599	406	0	2254	512	215	1304	788	498	335	363	242	1162	205	1027	513	998	376	1457	87	755	1266	422	488	313	208	310	909	512	158	491	220	1178	869	179	1064	215	491	931	122	112	608	339	290	460	1172	525	124	1561	916	557	1230	127	1367	663	481	373	2081	10	126	340	934	331	1300	340	995	1190	209	251	2004	548	355	131	1448	6	890	2178	373	977	290	397	152	14	148	312	109	306	597	233	3259	362	1018	215	339	937	760	460	1108	365	246	157	1089	222	1071	1134	376	482	330	598	1279	494	124	242	900	402	491	476	21	365	320	2019	597	2022	10	321	529	660	210	633	1043	982	755	1468	216	270	558	980	25	525	29	859	923	307	201	211	998	912	518	977	264	105	173	118	1043	445	414	529	92	406	508	109	389	1089	435	105	253	339	1029	253	248	522	229	2096	1142	128	931	1613	438	162	899	1665	663	1163	584	25	1230	321	125	1784	3	220	294	114	1733	1902	1205	399
2196	1309	1768	2358	664	2294	2273	1916	2189	882	226	1428	2295	2221	1916	2567	2286	2158	2363	2055	2268	2391	1996	1488	2500	2353	2344	2117	2125	1808	2121	3614	2223	2340	1960	2001	2254	0	2092	2103	1555	1793	2334	1927	2300	2156	1535	2211	1285	2344	1403	2066	1536	2299	1646	1127	2166	2733	2403	2100	1968	1369	2092	2412	2327	2103	1086	3110	2335	2886	2089	2327	1381	2363	2296	1785	2295	2224	1943	3324	2537	2294	3604	1360	2553	1369	2304	1522	1876	1807	2542	1271	2263	2315	2062	1561	2264	3541	2062	1295	1655	2122	2171	1180	1890	1958	2378	2032	2247	1429	1530	2302	1302	2224	2174	2406	2239	2389	2475	2270	2364	1776	2216	1338	2270	1375	2100	2073	3179	1645	1943	3313	2299	2170	2410	1331	2294	1700	1125	2066	1920	2046	2581	1126	2332	2377	2035	1436	2171	2327	1779	2275	2547	2220	1170	1776	233	2263	2457	2522	1890	2221	2840	1321	3078	1646	1152	2386	2519	2696	3206	2255	2537	2283	1466	1384	2210	2112	2120	1294	1449	2347	1341	2516	2273	2426	2292	1321	1858	2170	2353	2288	2081	2117	2270	2170	1331	1996	2273	2500	2295	1286	2500	2182	2347	2221	1542	1669	2381	2697	1314	1860	2415	2747	589	1872	1673	2665	2255	1369	2457	2300	471	2253	2377	2027	2261	3976	1590	3134	1996
212	950	349	404	1487	346	424	187	170	1221	1867	1029	637	311	187	752	767	76	455	240	420	564	190	623	493	261	252	25	369	2207	58	1591	299	283	959	177	512	2092	0	323	857	350	243	549	252	270	1380	312	1063	252	699	154	1686	599	952	988	108	780	826	334	583	926	0	606	237	315	1118	1103	418	841	335	237	713	614	624	312	262	244	194	1239	454	636	1519	927	465	852	639	922	230	669	535	2220	511	638	197	567	241	1511	197	1010	728	317	708	2126	207	295	613	936	508	968	2368	250	982	244	131	583	505	635	816	423	352	327	289	2929	225	726	325	191	1168	447	194	1250	252	703	576	783	346	609	995	154	205	222	491	995	241	559	366	994	126	237	502	524	549	217	1619	327	1860	511	830	436	219	311	812	1123	987	952	1572	446	708	1049	1170	490	454	527	953	713	222	333	315	1017	1024	254	1031	691	428	594	630	1123	677	116	261	605	817	25	423	135	783	797	428	609	262	1067	609	711	255	294	2295	681	559	658	1198	668	577	681	1532	234	699	587	490	852	830	637	1628	509	432	288	414	2059	1436	1065	190
173	844	543	258	1457	199	177	306	208	1221	1876	855	330	127	306	517	448	293	261	95	171	318	184	749	404	429	410	325	48	1962	275	1512	135	312	661	192	215	2103	323	0	1089	573	395	278	276	83	1152	116	931	410	798	172	1457	300	724	1074	257	634	519	11	292	801	323	353	386	8	1049	1007	232	1022	19	386	747	334	319	397	257	175	244	1252	509	329	1604	805	537	1021	334	1152	449	427	444	2044	218	336	132	723	232	1438	132	889	975	21	385	1959	333	152	340	1246	209	806	2164	284	866	175	236	336	203	360	527	174	287	389	133	3064	258	820	2	133	1076	552	244	1217	277	380	336	889	199	856	977	172	267	116	576	1086	390	307	81	824	240	386	337	233	446	195	1809	389	1870	218	534	503	446	127	739	966	1032	724	1410	283	467	773	1104	199	509	238	782	741	179	13	20	894	845	416	886	456	178	354	324	966	414	252	428	301	501	325	174	228	889	493	178	409	257	933	409	387	420	136	2087	927	309	862	1400	406	339	853	1518	448	948	609	199	1021	534	331	1631	212	275	83	164	1913	1687	1201	184
