NAME : VRPTW_INSTANCE_315.txt
COMMENT : Bangkok Supermarket
TYPE : VRPTW
DIMENSION : 266
DAYS : Saturday
EDGE_WEIGHT_TYPE : EXPLICIT
VEHICLES : 31
EDGE_WEIGHT_FORMAT : FULL_MATRIX
CAPACITY : 1000
EDGE_WEIGHT_SECTION
0	626	1041	758	464	249	379	2291	1126	140	1630	934	1016	815	412	193	439	267	622	405	428	239	2881	284	503	86	524	312	1687	19	235	475	731	288	1124	247	1426	586	400	815	231	3019	485	1558	1653	1111	737	1222	411	1189	832	1593	330	120	161	432	990	837	1738	196	481	571	403	2177	199	539	404	911	206	2272	364	35	258	1964	394	255	1869	373	754	1627	1748	248	844	1577	720	3360	83	582	1028	211	1184	2281	617	676	140	152	737	1663	1025	275	1114	304	1068	979	1041	374	527	41	62	1606	477	768	528	539	394	665	523	2056	593	119	538	118	503	1025	412	185	210	1681	1728	1728	439	1897	332	659	1221	208	746	225	617	800	1069	924	1120	1087	214	199	1212	166	1139	411	264	1028	1089	202	428	124	366	177	189	226	1121	942	610	879	1757	443	1383	508	1801	323	1373	1222	2132	890	409	1108	489	557	2007	1749	358	127	63	288	1122	1067	215	582	358	307	1290	395	735	492	202	202	695	464	629	201	152	556	413	255	1014	610	1066	403	400	2010	609	1221	1159	155	855	1016	656	128	91	775	868	611	2669	1023	410	586	1410	810	395	223	94	590	88	1058	588	904	194	190	219	428	79	964	726	160	365	952	1724	2002	1028	956	390	1058	313	980	155	82	413	1216	2162	924	1055	88	221	185	1126	121
626	0	698	151	213	385	942	2030	506	729	2248	620	753	264	952	434	562	364	1162	935	212	854	2264	344	1077	580	1100	810	1410	645	710	1077	338	798	585	631	807	614	1002	264	730	2414	1060	1299	1462	816	404	918	938	1770	692	1157	296	563	735	910	671	1362	2364	435	1056	146	1003	1795	518	890	275	296	825	2016	940	661	372	2588	313	447	1266	943	383	1453	1579	569	890	1299	319	2749	702	50	1640	612	1095	2679	1070	1267	729	552	404	1477	1640	395	499	806	737	831	698	992	1090	667	676	1499	1054	424	875	608	955	1288	868	2621	1155	713	891	565	1077	1441	1038	533	768	1426	1539	2293	191	2466	351	136	1014	763	242	833	640	1382	446	772	1745	646	772	518	961	792	597	260	557	421	788	809	212	721	992	614	544	842	799	610	1093	763	1169	337	1804	632	1208	946	789	598	1518	265	1007	673	591	231	1860	1464	935	715	679	798	1749	766	721	50	922	570	1063	306	1341	1065	507	507	1311	213	1190	820	552	619	256	454	1640	1093	525	940	1002	1397	359	1014	924	502	332	840	958	714	618	1401	979	1182	2142	1634	944	667	1984	360	306	831	666	53	682	1684	1073	1530	565	791	615	198	671	777	1291	779	938	329	1119	1394	421	460	278	693	519	829	502	580	1012	596	1776	379	634	682	725	533	694	713
1041	698	0	761	655	831	1152	1333	660	1180	2418	1297	125	470	1126	889	645	827	1269	1104	715	1173	2078	827	1260	1052	1281	1003	712	1055	946	1313	1026	1009	1115	1186	807	529	1256	470	1243	2147	1251	600	773	126	324	1575	1102	2214	304	558	829	1056	1199	1031	55	1400	2619	874	1249	840	1254	1143	843	888	904	590	1161	1318	1166	1062	835	2882	671	1015	1068	1160	1071	770	894	821	553	601	1008	2504	1077	687	2019	878	512	3296	1095	1443	1180	1066	324	789	2008	778	622	1005	39	299	0	1389	1568	1076	1055	846	1249	294	878	575	1156	1555	873	2606	1301	1159	890	1057	1260	2036	1371	859	1043	727	849	2298	735	2468	950	562	349	1037	458	1144	517	1519	804	1469	2059	1260	1045	843	276	1180	1119	889	801	869	100	1240	715	1165	1342	906	860	1168	100	99	1146	330	1475	608	2401	625	971	1331	615	737	1673	654	1253	1288	614	924	1175	768	1399	1167	1058	1009	2033	84	1230	687	1139	771	380	938	1749	1250	1049	1049	1549	655	1325	1160	1066	565	886	786	1954	1146	376	1114	1256	1241	442	349	256	887	957	1533	865	1167	973	1687	662	1334	1663	2017	1114	575	2438	1024	938	1143	1013	671	1127	1968	1616	1808	863	1231	873	757	1031	1471	1764	1191	1161	753	953	1207	869	1070	896	38	1121	294	887	1049	1258	902	1127	409	135	1127	1235	859	1308	1162
758	151	761	0	365	526	1089	2076	413	850	2387	536	835	292	1100	571	712	504	1311	1084	361	992	2155	483	1223	704	1246	959	1462	777	858	1219	277	946	437	729	707	755	1144	292	835	2318	1206	1359	1534	885	504	817	1086	1870	806	1163	429	682	853	1061	744	1512	2493	574	1202	203	1145	1807	665	1041	374	237	961	2063	1085	794	512	2711	465	553	1178	1088	318	1530	1655	719	1021	1354	260	2647	837	201	1756	761	1199	2716	1222	1412	850	667	504	1550	1758	543	416	955	801	934	761	1115	1194	798	812	1590	1200	518	1027	753	1101	1424	1019	2771	1303	836	1043	685	1223	1497	1170	680	912	1483	1611	2443	336	2615	455	242	1096	907	312	972	780	1529	312	722	1870	520	916	665	1035	922	448	362	708	272	858	932	361	844	1123	761	692	979	862	684	1245	877	1018	487	1856	780	1129	1072	727	492	1375	176	1150	548	739	266	1936	1513	1045	836	815	946	1878	837	829	201	1068	721	1138	398	1455	1211	617	617	1450	365	1338	957	667	763	358	603	1766	1245	513	1088	1144	1297	488	1096	1004	645	203	778	1108	836	759	1534	1115	1329	2094	1749	1092	811	2081	263	398	970	806	203	807	1814	1157	1662	713	911	764	340	810	717	1391	906	1083	197	1030	1300	272	328	382	749	605	932	645	704	1155	457	1788	383	674	807	832	680	569	835
464	213	655	365	0	215	743	1978	672	587	2058	777	675	350	747	275	353	200	954	730	59	673	2420	191	876	441	900	604	1357	482	506	885	498	594	796	543	968	425	812	350	619	2554	861	1237	1376	755	331	1083	732	1646	559	1176	176	434	600	700	614	1151	2191	268	857	269	812	1793	320	677	256	456	647	1962	742	496	210	2424	100	364	1405	744	540	1361	1488	361	716	1245	479	2897	530	163	1492	409	966	2647	857	1069	587	435	331	1390	1489	199	656	601	690	710	655	839	971	505	504	1385	855	360	662	410	754	1106	655	2413	952	569	678	436	876	1390	866	336	573	1364	1454	2085	86	2258	295	197	924	568	283	649	454	1181	647	886	1580	839	577	320	886	628	808	242	347	631	728	663	59	576	824	415	346	662	750	556	881	627	1380	130	1756	428	1336	787	909	771	1720	448	815	866	386	331	1765	1416	806	573	508	594	1577	706	608	163	723	357	982	288	1198	865	406	406	1124	0	986	644	435	423	240	251	1474	881	605	735	812	1548	227	924	842	319	535	965	748	573	435	1225	794	979	2221	1487	739	472	1865	543	288	647	484	162	536	1512	986	1354	364	647	410	106	493	903	1173	624	740	531	1260	1539	631	661	246	662	466	709	319	439	820	797	1776	461	632	536	613	336	887	570
249	385	831	526	215	0	564	2126	878	372	1863	808	827	566	579	61	334	22	793	565	179	469	2632	46	698	228	721	443	1511	268	341	693	560	427	924	356	1177	463	618	566	415	2769	681	1385	1504	917	513	1113	568	1431	671	1372	106	227	386	555	784	1001	1983	52	677	359	619	1974	152	585	227	662	441	2109	559	282	17	2213	160	206	1620	563	593	1483	1608	225	756	1399	545	3111	320	338	1277	249	1060	2465	731	885	372	235	513	1516	1274	68	865	438	863	824	831	624	759	291	293	1485	674	544	571	427	577	903	563	2251	780	354	585	228	698	1204	657	162	386	1512	1581	1923	194	2095	196	409	1057	381	498	448	496	1003	831	860	1369	922	390	152	1034	415	938	224	222	799	892	447	179	361	613	241	176	457	920	731	743	730	1541	223	1569	419	1552	573	1124	975	1902	645	623	946	384	374	1878	1571	592	359	297	427	1369	869	402	338	543	255	1122	238	983	686	222	222	926	215	816	437	235	444	225	116	1263	743	820	568	618	1761	389	1057	984	118	652	948	681	358	233	1019	810	805	2432	1272	573	488	1651	628	238	446	281	345	321	1303	786	1148	198	431	254	186	286	888	961	409	558	714	1474	1753	799	766	209	844	317	825	118	226	628	980	1959	677	828	321	407	162	966	355
379	942	1152	1089	743	564	0	2256	1410	401	1320	1313	1087	1070	55	528	513	586	243	68	730	177	3137	609	134	463	157	151	1692	364	237	161	1102	153	1485	593	1699	624	113	1070	519	3249	117	1561	1608	1185	911	1600	74	1111	875	1706	667	497	424	154	1096	458	1480	520	114	921	109	2226	424	340	767	1197	208	2235	27	348	579	1734	646	633	2111	12	1128	1573	1683	386	767	1590	1090	3599	300	894	883	334	1124	2367	287	326	401	529	911	1614	868	547	1391	151	1169	990	1152	362	594	354	317	1512	112	938	339	576	15	402	339	1689	217	394	337	495	134	1167	269	409	179	1673	1676	1360	752	1531	703	935	1227	183	993	170	641	440	1388	1295	907	1461	175	424	1245	292	1499	771	403	1362	1168	366	730	390	271	328	398	189	1209	1066	258	894	2105	661	1489	527	2031	316	1608	1511	2461	1191	105	1484	538	922	1915	1755	475	404	316	153	882	1150	507	894	20	411	1300	764	651	122	581	581	401	743	253	213	529	587	773	491	802	258	1287	57	113	2265	793	1227	1190	446	1213	1387	448	405	338	535	740	241	2816	884	63	586	1331	1178	764	172	297	897	397	816	741	656	378	382	333	749	303	1337	737	333	21	1270	1971	2249	1362	1321	751	1179	687	993	446	460	109	1538	2214	1163	1208	397	510	409	1502	398
2291	2030	1333	2076	1978	2126	2256	0	1836	2428	3256	2609	1303	1785	2210	2178	1851	2126	2256	2191	2038	2348	2235	2132	2316	2325	2329	2138	621	2301	2125	2400	2350	2154	2353	2480	1783	1705	2369	1785	2515	2122	2315	741	648	1223	1650	2863	2186	3367	1460	983	2145	2337	2452	2103	1367	2278	3539	2160	2315	2173	2365	498	2093	1918	2232	1867	2349	24	2279	2303	2133	3828	1974	2325	1646	2267	2393	684	583	2045	1489	733	2331	2439	2302	2020	3126	2091	1132	4572	2062	2449	2428	2354	1650	641	3106	2064	1803	2143	1295	1312	1333	2579	2793	2318	2285	776	2317	1623	1918	1754	2253	2621	1917	3157	2313	2408	1921	2338	2316	3316	2520	2106	2219	614	581	2926	2061	3065	2271	1895	1071	2214	1788	2320	1676	2468	2023	2795	3101	2534	2220	2093	1093	2395	2353	2217	2027	2112	1250	2470	2038	2412	2507	2125	2101	2348	1233	1427	2120	1411	2480	1906	3674	1790	1561	2522	1574	1862	2466	1938	2361	2559	1803	2257	452	565	2631	2417	2289	2154	3047	1273	2500	2020	2252	1986	1004	2266	2907	2310	2348	2348	2590	1978	2321	2350	2354	1737	2215	2052	3007	2120	1589	2203	2369	1779	1753	1071	1141	2151	2257	2854	1825	2418	2207	2749	1521	2344	1297	3129	2198	1714	3585	2336	2266	2320	2236	2004	2379	2989	2878	2845	2097	2467	2084	2083	2257	2793	2971	2418	2273	2016	1653	1716	2112	2355	2223	1336	2435	1310	2151	2321	2364	2061	518	1695	1402	2379	2506	2106	2577	2411
1126	506	660	413	672	878	1410	1836	0	1235	2729	836	776	348	1410	933	947	859	1608	1391	699	1345	1757	842	1542	1086	1566	1266	1257	1145	1173	1557	650	1259	518	1134	300	927	1484	348	1236	1909	1527	1180	1384	779	584	1044	1392	2275	854	865	800	1069	1241	1349	674	1791	2862	931	1524	612	1484	1500	991	1280	775	216	1318	1827	1412	1160	868	3091	764	952	765	1412	681	1392	1507	1024	1116	1161	639	2243	1199	546	2147	1076	1170	3118	1483	1737	1235	1059	584	1401	2146	872	37	1264	693	930	660	1497	1596	1168	1172	1492	1522	574	1267	946	1421	1778	1259	3052	1613	1219	1282	1072	1542	1910	1535	1008	1245	1292	1454	2727	687	2901	855	476	1004	1240	427	1322	939	1843	192	1060	2247	711	1249	991	923	1292	518	761	1008	288	757	1315	699	1227	1491	1086	1017	1334	739	632	1518	915	824	752	2266	988	716	1449	331	101	1086	244	1487	734	953	679	1780	1297	1442	1221	1176	1259	2247	744	1228	546	1391	1006	1021	803	1847	1531	1013	1013	1797	672	1646	1314	1059	949	758	922	2141	1518	286	1397	1484	890	656	1004	913	990	496	1095	1314	1220	1107	1897	1225	1642	1695	2140	1400	988	2488	596	803	1320	1155	536	1187	2182	1569	2026	1034	1297	1077	700	1164	1041	1796	1283	1410	237	617	889	288	555	781	630	1014	926	990	1085	1492	243	1478	295	529	1187	1231	1008	751	1219
140	729	1180	850	587	372	401	2428	1235	0	1560	949	1156	937	448	312	576	387	638	448	545	227	2992	399	504	149	522	386	1827	128	337	451	780	361	1184	197	1535	723	383	937	120	3136	486	1697	1789	1251	874	1220	454	1058	971	1731	435	167	26	497	1129	850	1645	321	482	652	386	2317	339	635	479	1021	194	2410	380	126	377	1861	526	304	1987	392	796	1762	1882	383	972	1717	772	3475	139	689	911	340	1317	2143	674	650	0	184	874	1799	911	409	1225	379	1208	1117	1180	265	389	110	148	1736	478	905	626	675	417	599	621	2027	595	21	634	164	504	889	338	325	275	1820	1864	1701	550	1867	399	778	1360	276	871	231	753	778	1162	903	1020	1122	277	339	1351	112	1198	489	401	1112	1229	82	545	16	287	305	328	214	1261	1082	656	1017	1824	579	1245	642	1921	226	1495	1327	2212	994	394	1141	625	622	2139	1888	221	13	145	361	1031	1207	107	689	384	442	1429	461	613	495	240	240	639	587	630	188	184	692	493	394	916	656	1193	442	383	2123	746	1360	1299	293	921	994	754	14	221	694	988	607	2803	905	450	719	1278	863	461	229	199	699	52	968	450	820	331	61	348	536	178	948	589	74	383	1047	1840	2118	1112	1010	468	1197	313	1119	293	150	398	1306	2302	1049	1192	52	111	325	1157	18
1630	2248	2418	2387	2058	1863	1320	3256	2729	1560	0	2482	2329	2391	1326	1816	1817	1884	1151	1346	2039	1395	4453	1905	1190	1694	1167	1468	2805	1611	1557	1173	2340	1473	2744	1734	3020	1898	1247	2391	1619	4554	1204	2684	2651	2420	2220	2714	1347	1006	2118	2946	1957	1720	1565	1404	2364	1028	344	1814	1208	2201	1246	3366	1738	1530	2032	2515	1425	3232	1317	1594	1876	623	1965	1863	3426	1317	2354	2606	2681	1706	1917	2724	2332	4908	1549	2201	842	1653	2217	2233	1324	996	1560	1743	2220	2651	814	1860	2711	1469	2427	2190	2418	1304	1345	1591	1575	2483	1209	2245	1540	1858	1311	964	1545	717	1130	1569	1528	1718	1190	1624	1224	1722	1485	2769	2699	556	2057	598	1954	2253	2390	1490	2313	1415	1905	903	2695	2376	635	2673	1481	1738	2436	1471	2759	2039	1724	2658	2411	1480	2039	1561	1273	1643	1712	1407	2454	2345	1272	2112	3384	1981	1689	1808	3343	1335	2923	2829	3762	2505	1243	2690	1830	2180	2831	2863	1421	1572	1572	1473	575	2396	1618	2201	1339	1730	2459	2018	1069	1202	1800	1800	936	2058	1101	1430	1743	1864	2042	1807	705	1272	2602	1339	1247	3583	2108	2390	2386	1746	2480	2458	1563	1573	1629	867	1835	1098	4058	856	1337	1847	1040	2424	2018	1417	1582	2207	1594	623	1498	746	1695	1502	1653	2050	1577	2428	1234	1493	1320	2577	3288	3565	2658	2570	2019	2451	1865	2195	1746	1692	1238	2844	3359	2482	2497	1594	1618	1722	2705	1570
934	620	1297	536	777	808	1313	2609	836	949	2482	0	1366	829	1344	814	1112	788	1556	1336	735	1161	2384	765	1436	850	1456	1226	1997	949	1129	1396	283	1206	405	757	1061	1201	1324	829	868	2593	1418	1895	2070	1420	1023	307	1340	1763	1311	1675	709	817	936	1346	1278	1771	2515	830	1413	508	1328	2319	956	1393	581	744	1127	2597	1299	966	790	2687	851	680	1521	1308	238	2064	2189	1033	1492	1890	302	2891	1014	650	1728	1050	1715	2348	1529	1597	949	786	1023	2085	1741	863	858	1220	1337	1451	1297	1182	1154	961	996	2118	1410	1041	1379	1183	1328	1540	1372	2976	1526	947	1394	819	1436	1239	1281	963	1140	2019	2147	2650	700	2816	623	752	1628	1137	843	1154	1231	1725	651	236	1889	223	1144	956	1569	1056	417	586	1030	552	1393	1021	735	953	1231	1032	977	1148	1398	1217	1533	1382	992	904	1558	1193	1502	1161	1166	866	1422	674	1335	229	1153	450	2470	2048	1060	940	997	1206	1922	1372	871	650	1293	1062	1672	571	1439	1425	732	732	1585	777	1563	1121	786	1197	585	922	1796	1533	1027	1335	1324	1595	974	1628	1536	903	354	258	1487	939	986	1618	1571	1544	2511	1717	1342	1246	1945	273	571	1152	1018	663	931	1865	1041	1735	1000	998	1055	687	1010	206	1316	1023	1300	611	1384	1617	552	284	599	1286	635	1449	903	854	1339	710	2299	913	1209	931	871	963	237	944
1016	753	125	835	675	827	1087	1303	776	1156	2329	1366	0	551	1057	882	596	826	1186	1035	734	1126	2190	830	1188	1038	1208	942	685	1029	896	1248	1089	952	1212	1183	932	465	1195	551	1230	2251	1180	562	709	97	353	1652	1032	2171	214	622	841	1046	1177	957	102	1305	2540	865	1178	889	1193	1161	817	802	930	686	1117	1287	1103	1034	833	2807	672	1022	1187	1096	1134	699	825	783	438	572	1070	2609	1044	734	1964	837	394	3290	1005	1365	1156	1060	353	724	1951	768	738	946	110	174	125	1349	1539	1049	1023	755	1179	329	794	514	1089	1488	790	2496	1222	1136	805	1047	1188	2029	1319	831	994	690	787	2190	759	2359	967	617	261	988	524	1097	446	1434	910	1524	1993	1346	996	817	211	1144	1217	916	764	968	82	1210	734	1141	1294	868	830	1122	124	154	1058	220	1596	604	2392	562	1088	1290	740	857	1799	747	1191	1374	558	970	1106	744	1372	1144	1027	952	1963	67	1216	734	1076	729	310	963	1703	1179	1049	1049	1479	675	1244	1117	1060	501	913	766	1889	1058	496	1046	1195	1360	449	261	171	867	1036	1594	767	1144	941	1621	545	1255	1736	1964	1044	501	2394	1096	963	1096	978	719	1105	1898	1601	1740	830	1203	832	780	997	1531	1732	1160	1099	850	1075	1325	968	1154	920	163	1131	169	867	1034	1195	1015	1147	509	259	1105	1221	831	1394	1138
815	264	470	292	350	566	1070	1785	348	937	2391	829	551	0	1067	625	599	550	1262	1048	392	1019	2073	537	1201	789	1224	923	1170	833	833	1221	564	918	667	871	628	585	1150	0	959	2204	1187	1066	1243	594	258	1105	1048	1993	558	893	508	779	948	1002	456	1443	2535	619	1183	409	1150	1533	660	933	527	159	995	1772	1074	847	559	2773	432	685	1055	1073	608	1240	1364	684	803	1061	546	2547	880	277	1843	739	930	2942	1135	1396	937	775	258	1259	1840	546	323	922	509	668	470	1190	1316	856	854	1306	1182	260	919	601	1080	1449	912	2704	1269	919	934	781	1201	1698	1215	677	911	1190	1319	2379	391	2553	596	160	810	905	79	994	600	1500	398	1010	1929	794	914	660	745	979	674	511	667	433	567	1013	392	926	1173	752	685	1009	569	397	1170	626	1139	409	2063	642	985	1138	558	450	1431	203	1152	822	606	494	1645	1221	1153	923	858	918	1924	548	949	277	1052	662	848	561	1549	1190	738	738	1463	350	1301	991	775	605	508	590	1823	1170	265	1054	1150	1200	310	810	716	669	487	1070	970	922	783	1571	908	1299	1888	1838	1057	646	2212	555	561	992	831	262	886	1858	1317	1699	700	997	738	409	841	1008	1518	975	1071	311	910	1189	433	603	526	457	771	665	669	787	1157	534	1514	117	382	886	953	677	843	919
412	952	1126	1100	747	579	55	2210	1410	448	1326	1344	1057	1067	0	548	495	602	215	21	739	228	3127	625	137	498	159	143	1651	400	241	193	1126	154	1503	636	1695	596	160	1067	566	3234	125	1520	1562	1153	896	1634	25	1156	843	1677	684	532	471	107	1070	427	1498	539	123	938	156	2188	434	292	790	1197	256	2189	82	384	595	1756	649	664	2100	67	1154	1527	1635	386	723	1551	1113	3586	337	902	923	339	1079	2420	233	330	448	564	896	1569	906	556	1389	146	1141	953	1126	417	649	391	351	1463	123	922	292	550	45	432	293	1672	204	438	289	530	137	1222	321	420	204	1631	1630	1344	763	1516	729	936	1188	207	988	217	611	434	1395	1334	936	1487	200	434	1209	341	1517	792	402	1372	1138	417	739	435	325	339	407	239	1179	1042	208	859	2118	658	1543	500	2019	371	1597	1511	2468	1196	151	1510	515	944	1865	1714	530	449	351	154	907	1120	554	902	65	404	1261	788	699	126	615	615	423	747	238	261	564	560	794	497	833	208	1276	12	160	2256	781	1188	1154	463	1231	1426	396	450	361	565	692	232	2789	924	12	555	1375	1200	788	219	326	905	439	842	796	683	387	432	337	761	334	1375	789	381	77	1278	1961	2238	1372	1342	773	1154	725	957	463	494	153	1545	2177	1156	1187	439	558	420	1528	443
193	434	889	571	275	61	528	2178	933	312	1816	814	882	625	548	0	365	75	763	536	236	420	2688	91	661	167	684	418	1565	212	318	650	579	399	956	301	1232	501	574	625	355	2828	643	1438	1553	973	573	1116	539	1371	720	1432	141	167	325	535	842	974	1930	20	639	393	576	2032	145	584	242	717	391	2160	521	227	65	2157	220	171	1678	526	609	1531	1655	224	789	1453	566	3168	267	390	1218	235	1102	2408	715	845	312	177	573	1564	1216	114	921	412	920	872	889	566	698	234	241	1528	637	604	570	461	542	853	563	2217	746	294	584	168	661	1147	603	149	349	1564	1629	1889	246	2060	191	468	1108	345	558	401	534	965	879	849	1313	941	353	145	1087	359	970	243	227	843	948	387	236	301	558	218	163	408	977	790	723	776	1579	281	1512	448	1611	516	1183	1029	1947	697	580	965	416	395	1924	1625	532	298	245	399	1315	925	342	390	507	267	1173	245	923	650	173	173	879	275	782	386	177	479	245	139	1207	723	880	537	574	1818	448	1108	1037	89	684	939	687	297	191	967	837	769	2493	1213	543	520	1590	652	245	399	236	397	261	1250	727	1095	185	371	241	235	238	881	899	351	520	762	1532	1810	843	794	225	903	279	873	89	165	585	1027	2017	737	888	261	347	149	984	294
439	562	645	712	353	334	513	1851	947	576	1817	1112	596	599	495	365	0	347	671	474	381	530	2636	365	632	482	654	362	1252	449	301	674	841	366	1148	650	1219	146	613	599	667	2740	620	1122	1213	694	402	1420	472	1574	398	1203	412	501	600	413	590	845	1992	345	617	615	611	1756	247	336	540	746	521	1833	524	451	349	2247	263	535	1608	519	881	1187	1309	193	424	1143	824	3091	453	514	1373	242	748	2720	536	823	576	524	402	1224	1362	267	922	363	666	540	645	752	948	466	434	1172	617	428	322	100	519	914	315	2104	687	556	338	501	632	1465	725	257	398	1244	1288	1780	415	1954	528	497	783	393	520	501	177	916	967	1188	1417	1191	400	247	780	551	1159	532	175	968	674	621	381	560	698	275	251	525	711	555	571	440	1712	225	1822	84	1525	694	1107	1049	2027	760	611	1217	51	662	1571	1314	783	566	438	366	1395	654	652	514	498	135	854	560	1107	621	535	535	914	353	717	520	524	117	532	226	1311	571	786	483	613	1767	295	783	726	311	888	1274	395	566	355	1045	475	719	2307	1372	483	155	1797	893	560	500	386	509	528	1329	1026	1169	245	616	237	426	407	1213	1137	570	520	857	1471	1747	968	1014	523	670	644	542	311	478	616	1115	1743	674	694	528	658	257	1238	559
267	364	827	504	200	22	586	2126	859	387	1884	788	826	550	602	75	347	0	816	587	161	490	2614	24	720	240	743	465	1510	286	363	715	538	449	902	359	1158	472	639	550	423	2752	703	1385	1507	914	506	1093	590	1445	674	1364	83	236	399	577	780	1024	2003	71	699	337	641	1970	174	605	206	643	461	2109	581	301	9	2231	155	200	1603	585	572	1487	1612	245	766	1398	523	3093	339	318	1294	272	1066	2469	753	908	387	241	506	1519	1291	79	846	460	859	827	827	641	771	309	313	1491	696	538	591	437	599	924	583	2274	802	369	605	237	720	1209	676	184	408	1512	1584	1945	173	2117	181	392	1058	404	484	469	505	1026	810	844	1387	900	412	174	1033	433	915	203	242	777	889	463	161	376	632	263	198	478	916	727	765	734	1518	221	1574	432	1535	591	1108	955	1880	624	645	925	396	352	1883	1571	606	373	316	449	1388	866	411	318	566	274	1123	220	999	708	223	223	947	200	838	457	241	455	204	134	1281	765	806	590	639	1743	384	1058	984	140	630	931	700	372	255	1039	823	827	2420	1289	595	499	1665	606	220	467	302	325	336	1323	794	1167	220	446	276	165	307	871	973	426	580	692	1457	1735	777	744	189	838	312	828	140	239	650	959	1954	662	820	336	416	184	944	369
622	1162	1269	1311	954	793	243	2256	1608	638	1151	1556	1186	1262	215	763	671	816	0	228	950	410	3306	839	140	707	130	352	1729	608	453	228	1341	366	1718	833	1888	746	268	1262	751	3402	156	1600	1614	1280	1072	1843	225	1139	972	1807	898	741	659	259	1214	214	1354	754	160	1153	263	2279	646	383	1005	1398	444	2234	260	591	810	1626	854	876	2278	250	1369	1575	1674	593	802	1635	1328	3756	543	1112	880	549	1140	2461	195	192	638	772	1072	1618	856	768	1585	356	1280	1060	1269	532	751	597	560	1489	164	1096	391	707	228	375	396	1460	67	632	381	738	140	1318	409	633	418	1702	1676	1131	975	1304	943	1138	1281	421	1182	410	754	249	1602	1537	845	1702	414	646	1314	526	1731	1007	606	1583	1268	591	950	628	438	552	620	423	1311	1194	137	974	2330	856	1610	656	2194	504	1778	1709	2674	1400	254	1724	680	1159	1882	1790	669	642	559	366	798	1252	741	1112	263	602	1353	1003	717	146	825	825	336	954	65	449	772	712	1009	707	751	137	1457	225	268	2438	965	1281	1261	677	1446	1629	442	643	576	496	742	91	2922	884	220	696	1347	1415	1003	411	539	1114	638	737	919	589	599	610	547	974	546	1580	849	566	258	1486	2142	2418	1583	1557	988	1301	931	1065	677	703	252	1752	2270	1344	1345	638	743	633	1743	636
405	935	1104	1084	730	565	68	2191	1391	448	1346	1336	1035	1048	21	536	474	587	228	0	723	233	3107	611	158	492	180	126	1631	394	225	215	1114	138	1490	633	1676	574	178	1048	567	3213	147	1500	1543	1132	876	1627	6	1176	822	1656	670	526	472	87	1048	438	1519	526	144	924	174	2167	418	273	778	1179	259	2170	95	378	581	1778	631	655	2080	81	1143	1507	1616	369	703	1530	1101	3565	333	886	943	322	1059	2435	228	350	448	558	876	1549	927	541	1370	129	1120	932	1104	429	662	386	345	1445	144	902	273	529	62	453	273	1687	222	437	270	523	158	1234	337	405	196	1611	1610	1359	747	1531	718	918	1167	198	969	219	589	452	1378	1329	958	1476	192	418	1188	343	1503	780	384	1356	1117	421	723	435	339	324	392	242	1157	1020	208	838	2102	639	1557	478	1998	382	1577	1492	2451	1178	169	1499	493	932	1847	1693	538	448	345	138	928	1098	555	886	73	385	1240	777	717	147	608	608	445	730	255	264	558	538	782	481	854	208	1256	12	178	2236	761	1167	1133	449	1217	1421	380	449	351	586	673	251	2767	945	9	534	1395	1188	777	221	317	888	437	864	806	704	371	435	320	746	327	1369	805	383	89	1261	1941	2218	1356	1330	761	1133	719	935	449	488	172	1528	2156	1136	1166	437	558	405	1517	442
428	212	715	361	59	179	730	2038	699	545	2039	735	734	392	739	236	381	161	950	723	0	647	2453	146	864	397	888	597	1417	447	497	867	460	585	782	489	997	467	792	392	569	2592	848	1296	1435	815	390	1042	725	1601	616	1233	120	387	556	700	674	1151	2163	232	844	234	793	1852	305	693	198	482	620	2022	728	462	170	2393	118	307	1442	730	501	1420	1546	358	762	1305	443	2932	500	163	1454	400	1021	2589	864	1055	545	385	390	1449	1452	182	685	594	750	767	715	802	924	470	473	1442	842	420	678	448	742	1081	670	2410	943	528	693	389	864	1333	836	320	556	1424	1513	2082	34	2254	235	232	983	551	329	625	498	1170	658	834	1548	810	560	305	946	594	794	184	347	633	788	623	0	535	792	402	332	636	810	616	885	683	1380	170	1700	460	1376	752	949	795	1730	466	797	836	419	285	1823	1476	761	531	477	585	1548	765	559	163	710	364	1041	229	1158	853	352	352	1103	59	978	616	385	462	182	242	1442	885	652	727	792	1582	286	983	901	293	515	915	771	531	410	1198	836	969	2272	1449	731	511	1820	512	229	623	458	167	495	1483	934	1327	352	606	402	50	465	853	1127	587	726	540	1296	1574	633	638	186	721	408	767	293	395	802	807	1835	505	689	495	563	320	857	528
239	854	1173	992	673	469	177	2348	1345	227	1395	1161	1126	1019	228	420	530	490	410	233	647	0	3092	510	278	315	297	216	1766	221	230	237	969	196	1364	423	1641	664	163	1019	342	3219	260	1635	1702	1224	899	1441	239	1044	922	1732	562	346	248	300	1119	623	1517	419	256	808	166	2283	360	467	643	1129	34	2328	154	204	481	1754	587	489	2073	167	991	1670	1785	355	863	1660	959	3565	156	808	847	298	1219	2241	461	438	227	375	899	1710	838	473	1329	210	1196	1053	1173	230	453	204	180	1624	252	928	461	614	192	434	459	1819	369	222	465	344	278	1017	200	342	132	1752	1773	1492	663	1660	571	870	1296	138	945	29	688	564	1300	1129	912	1322	131	360	1303	115	1378	650	376	1263	1204	189	647	217	168	274	336	13	1242	1080	436	954	1996	619	1352	570	1999	174	1572	1442	2367	1114	173	1343	568	796	2028	1829	312	231	178	196	904	1184	331	808	162	402	1369	634	577	268	431	431	458	673	405	40	375	628	652	430	805	436	1256	225	163	2220	772	1296	1248	354	1094	1220	585	232	237	552	855	383	2829	845	233	642	1267	1049	634	30	189	814	232	839	581	681	324	204	301	655	182	1172	622	156	157	1182	1929	2208	1263	1195	629	1197	528	1056	354	312	177	1448	2270	1122	1210	232	334	342	1361	226
2881	2264	2078	2155	2420	2632	3137	2235	1757	2992	4453	2384	2190	2073	3127	2688	2636	2614	3306	3107	2453	3092	0	2598	3263	2843	3286	2986	2076	2900	2902	3291	2329	2984	1981	2885	1456	2566	3221	2073	2990	294	3250	2123	2305	2118	2233	2409	3106	4026	2380	1669	2557	2827	2999	3050	2128	3462	4609	2685	3247	2359	3221	1743	2733	2940	2528	1971	3068	2247	3142	2915	2623	4845	2505	2707	1027	3141	2342	2346	2385	2754	2628	2075	2325	507	2951	2303	3904	2809	2466	4723	3151	3457	2992	2816	2233	2319	3904	2619	1767	2986	2081	2358	2078	3254	3349	2923	2925	2516	3246	2209	2928	2601	3145	3522	2922	4685	3323	2976	2942	2829	3263	3603	3287	2750	2983	2135	2326	4374	2443	4546	2608	2223	2247	2978	2148	3067	2564	3552	1851	2615	4001	2169	2987	2733	2168	3047	1968	2515	2735	1924	2117	3072	2453	2984	3245	2825	2758	3082	2074	2132	3196	2408	1478	2479	3939	2651	1113	3205	1529	1666	1080	1999	3223	2173	2625	2415	2526	2056	3198	2978	2928	2984	3997	2124	2983	2303	3119	2725	2203	2554	3605	3252	2768	2768	3534	2420	3353	3064	2816	2598	2511	2663	3894	3196	1850	3115	3221	872	2345	2247	2204	2740	2158	2602	2935	2978	2855	3644	2735	3355	1012	3898	3116	2622	4235	2251	2554	3066	2904	2293	2944	3931	3308	3773	2773	3054	2808	2456	2914	2573	3547	3039	3139	1959	1165	888	1924	2136	2535	2041	2760	2353	2740	2843	3228	1726	1727	1974	1975	2944	2986	2750	2175	2976
284	344	827	483	191	46	609	2132	842	399	1905	765	830	537	625	91	365	24	839	611	146	510	2598	0	743	251	766	489	1515	303	388	736	514	473	878	359	1142	487	661	537	429	2738	726	1391	1515	917	505	1070	614	1456	683	1361	59	243	410	601	782	1048	2021	91	722	313	662	1970	198	628	183	627	481	2115	603	318	29	2248	158	192	1588	608	548	1496	1621	270	783	1403	499	3078	358	299	1308	296	1078	2468	777	930	399	245	505	1528	1306	100	830	484	860	837	827	656	780	325	332	1503	719	536	614	454	622	944	607	2297	826	381	629	245	743	1208	694	209	431	1518	1593	1969	155	2140	163	379	1066	426	473	489	520	1048	790	823	1404	876	435	198	1039	450	891	180	266	755	892	476	146	389	649	287	222	498	918	727	790	744	1495	226	1574	450	1522	606	1095	937	1858	606	667	900	414	328	1893	1575	616	385	335	473	1406	869	417	299	589	297	1129	197	1012	731	221	221	968	191	861	476	245	471	180	157	1298	790	795	614	661	1727	386	1066	990	163	606	910	723	384	276	1057	841	850	2412	1303	619	516	1675	582	197	488	323	306	349	1341	798	1186	245	459	300	145	327	850	982	441	603	672	1442	1720	755	720	166	838	303	837	163	249	671	938	1954	650	816	349	422	209	920	382
503	1077	1260	1223	876	698	134	2316	1542	504	1190	1436	1188	1201	137	661	632	720	140	158	864	278	3263	743	0	586	23	277	1768	488	370	97	1232	283	1617	701	1830	730	128	1201	615	3371	18	1638	1669	1284	1033	1718	159	1055	974	1810	800	619	524	230	1204	345	1361	654	22	1054	123	2310	559	403	898	1329	312	2294	140	470	713	1621	779	758	2237	135	1257	1632	1737	518	837	1670	1220	3723	421	1028	810	467	1188	2352	273	194	504	649	1033	1675	790	682	1522	279	1275	1078	1260	394	618	474	441	1559	26	1060	406	685	122	307	409	1556	91	500	400	616	0	1188	274	543	312	1746	1734	1228	886	1399	832	1067	1309	316	1123	282	744	305	1522	1407	808	1590	308	559	1334	392	1631	902	534	1496	1270	454	864	496	299	462	532	291	1311	1177	223	986	2239	792	1490	635	2156	364	1734	1643	2595	1325	114	1612	651	1053	1958	1831	529	509	439	283	774	1252	605	1028	154	539	1382	894	612	11	704	704	290	876	126	318	649	694	904	625	706	223	1413	149	128	2393	918	1309	1280	579	1345	1498	491	510	470	439	794	108	2922	813	148	687	1270	1309	894	284	428	1031	510	710	782	552	512	473	466	883	431	1451	728	431	140	1405	2098	2375	1496	1453	883	1289	805	1082	579	582	112	1672	2300	1291	1323	510	607	543	1629	504
86	580	1052	704	441	228	463	2325	1086	149	1694	850	1038	789	498	167	482	240	707	492	397	315	2843	251	586	0	606	397	1716	98	316	552	655	373	1053	173	1386	627	478	789	192	2987	567	1588	1693	1130	739	1136	497	1205	864	1598	286	33	159	518	1003	922	1789	179	563	509	480	2193	235	618	338	872	280	2307	448	115	231	2008	386	174	1837	457	676	1668	1791	300	899	1605	645	3326	164	540	1061	276	1230	2252	703	753	149	66	739	1703	1060	274	1075	390	1082	1014	1052	412	530	111	147	1654	559	770	606	582	479	729	600	2134	676	133	617	31	586	992	470	226	296	1713	1768	1807	401	1975	261	629	1254	295	724	304	659	879	1016	838	1166	1007	300	235	1239	222	1068	346	313	969	1107	229	397	141	421	243	234	301	1137	952	697	915	1690	444	1354	557	1773	368	1346	1178	2072	845	487	1028	534	487	2054	1777	365	135	147	373	1174	1084	178	540	443	357	1321	324	763	575	118	118	763	441	712	275	66	600	350	273	1062	697	1046	490	478	1974	612	1254	1187	174	786	929	733	134	164	832	930	693	2660	1055	497	634	1424	736	324	303	179	550	102	1110	564	960	246	210	283	386	165	877	732	202	449	900	1691	1969	969	882	325	1067	227	1015	174	4	491	1161	2178	901	1055	102	183	226	1046	133
524	1100	1281	1246	900	721	157	2329	1566	522	1167	1456	1208	1224	159	684	654	743	130	180	888	297	3286	766	23	606	0	301	1785	509	393	98	1254	307	1640	719	1853	751	142	1224	631	3394	40	1654	1684	1304	1056	1738	181	1044	994	1830	823	639	541	250	1225	329	1339	677	44	1077	137	2328	582	419	921	1353	331	2308	163	491	736	1601	803	779	2260	158	1278	1646	1750	541	853	1687	1242	3745	442	1051	796	491	1203	2347	280	171	522	670	1056	1689	776	705	1546	302	1295	1096	1281	402	622	495	462	1571	47	1082	423	707	145	292	426	1534	74	518	417	637	23	1190	279	567	335	1761	1748	1206	910	1376	854	1091	1326	339	1146	302	765	282	1545	1425	790	1611	331	582	1352	410	1654	925	558	1519	1290	469	888	514	307	486	555	310	1331	1199	227	1005	2262	815	1488	656	2179	375	1757	1667	2618	1349	129	1633	673	1075	1969	1847	539	527	461	307	755	1272	621	1051	177	563	1399	916	606	35	724	724	271	900	108	337	670	715	927	648	689	227	1436	171	142	2416	941	1326	1298	602	1368	1517	504	528	492	423	808	87	2943	799	170	707	1258	1331	916	304	450	1055	529	691	788	534	536	489	490	906	453	1469	726	448	163	1428	2121	2398	1519	1475	905	1310	824	1100	602	603	126	1695	2317	1315	1345	529	624	567	1651	522
312	810	1003	959	604	443	151	2138	1266	386	1468	1226	942	923	143	418	362	465	352	126	597	216	2986	489	277	397	301	0	1563	304	101	312	997	25	1367	554	1552	477	253	923	506	3097	263	1431	1490	1040	759	1522	127	1239	732	1559	548	430	413	121	948	558	1631	406	260	802	251	2089	294	254	660	1054	227	2117	162	291	460	1885	505	550	1960	157	1027	1457	1571	242	649	1458	984	3448	253	760	1022	197	1006	2458	306	472	386	463	759	1497	1009	415	1245	7	1021	854	1003	445	670	303	258	1408	259	786	247	429	158	552	244	1812	348	372	252	428	277	1232	384	281	111	1546	1560	1484	622	1656	605	792	1094	110	845	191	497	578	1252	1233	1056	1359	109	294	1107	299	1381	661	258	1230	1023	383	597	371	369	201	268	220	1063	916	306	756	1977	514	1569	380	1880	390	1457	1367	2325	1052	250	1383	388	813	1812	1625	525	383	259	25	1033	1004	492	760	136	261	1167	662	773	266	508	508	553	604	381	230	463	441	663	355	950	306	1136	131	253	2115	641	1094	1053	330	1095	1325	373	384	242	684	638	376	2667	1022	135	445	1461	1069	662	191	218	762	362	967	793	807	246	391	194	621	233	1271	836	336	158	1135	1821	2098	1230	1209	643	1030	624	857	330	392	254	1402	2077	1014	1057	362	497	281	1402	376
1687	1410	712	1462	1357	1511	1692	621	1257	1827	2805	1997	685	1170	1651	1565	1252	1510	1729	1631	1417	1766	2076	1515	1768	1716	1785	1563	0	1698	1538	1845	1733	1577	1765	1866	1260	1108	1805	1170	1908	2045	1765	131	229	602	1029	2261	1626	2802	855	483	1526	1727	1849	1545	745	1788	3061	1547	1764	1553	1802	560	1488	1365	1611	1262	1763	606	1713	1702	1518	3343	1357	1707	1255	1703	1777	272	318	1445	931	112	1715	2396	1705	1400	2575	1494	592	3968	1534	1921	1827	1742	1029	243	2557	1450	1221	1567	674	713	712	1995	2200	1717	1687	444	1766	1002	1362	1157	1691	2076	1360	2821	1779	1806	1368	1727	1768	2708	1947	1502	1634	59	256	2552	1440	2708	1651	1274	469	1629	1168	1737	1080	1960	1437	2178	2572	1935	1635	1488	477	1802	1767	1596	1426	1519	629	1873	1417	1810	1930	1528	1498	1764	612	806	1592	813	1975	1289	3070	1198	1154	1937	1038	1298	2041	1332	1798	1961	1206	1637	544	62	2035	1815	1690	1577	2527	652	1893	1400	1685	1388	398	1645	2336	1761	1733	1733	2054	1357	1793	1764	1742	1142	1594	1443	2473	1592	991	1643	1805	1417	1133	469	528	1543	1648	2240	1287	1815	1607	2208	988	1812	1338	2576	1639	1124	3023	1724	1645	1736	1639	1384	1776	2466	2275	2315	1495	1869	1488	1462	1659	2178	2385	1822	1708	1417	1214	1361	1519	1752	1602	716	1817	711	1543	1712	1802	1493	555	1086	788	1776	1898	1502	1981	1809
19	645	1055	777	482	268	364	2301	1145	128	1611	949	1029	833	400	212	449	286	608	394	447	221	2900	303	488	98	509	304	1698	0	232	458	748	279	1142	251	1444	595	383	833	226	3037	469	1569	1662	1124	753	1235	399	1172	843	1608	349	132	151	424	1004	823	1719	215	465	589	385	2190	212	536	422	930	188	2282	349	17	277	1945	411	270	1888	359	771	1635	1756	256	850	1589	737	3379	66	601	1009	216	1192	2271	608	659	128	164	753	1672	1006	293	1133	296	1082	989	1055	356	512	22	48	1612	462	784	526	547	380	647	520	2039	577	107	535	130	488	1016	392	197	199	1692	1737	1711	458	1880	349	678	1231	198	764	208	626	783	1088	935	1101	1103	203	212	1223	147	1157	429	274	1047	1102	186	447	111	347	181	200	208	1135	957	600	889	1775	459	1373	515	1819	305	1391	1241	2151	909	392	1124	498	575	2015	1760	344	116	49	279	1103	1080	211	601	344	315	1301	412	717	477	216	216	676	482	614	183	164	564	432	270	995	600	1084	391	383	2029	625	1231	1171	171	873	1027	654	117	95	756	871	596	2686	1005	398	593	1394	827	412	206	88	609	79	1039	577	885	203	175	224	447	71	975	710	142	351	971	1742	2021	1047	973	408	1073	325	991	171	95	396	1235	2176	943	1071	79	216	197	1142	110
235	710	946	858	506	341	237	2125	1173	337	1557	1129	896	833	241	318	301	363	453	225	497	230	2902	388	370	316	393	101	1538	232	0	389	897	87	1266	482	1462	434	321	833	452	3018	354	1406	1479	994	684	1427	228	1274	692	1505	447	347	364	217	892	660	1710	305	351	701	320	2053	193	304	560	959	225	2105	240	223	358	1958	409	457	1877	240	927	1449	1566	148	647	1431	883	3367	197	660	1072	97	999	2455	399	564	337	380	684	1488	1061	315	1153	97	968	824	946	457	668	237	192	1412	349	713	293	384	248	624	288	1913	445	319	303	346	370	1214	424	179	97	1525	1551	1584	522	1757	506	697	1068	92	756	201	458	674	1153	1144	1121	1259	99	193	1073	273	1279	560	166	1130	975	354	497	320	398	100	166	227	1013	855	405	725	1877	424	1560	340	1799	399	1374	1273	2226	955	321	1283	338	712	1816	1600	511	331	195	87	1105	955	437	660	218	180	1140	563	807	358	420	420	632	506	480	226	380	398	562	256	1015	405	1054	229	321	2030	562	1068	1018	229	994	1236	421	331	152	752	653	473	2606	1070	234	413	1497	968	563	200	143	663	302	1039	772	878	145	357	96	520	163	1181	848	303	237	1036	1736	2014	1130	1108	543	971	538	827	229	311	326	1303	2040	927	990	302	442	179	1302	323
475	1077	1313	1219	885	693	161	2400	1557	451	1173	1396	1248	1221	193	650	674	715	228	215	867	237	3291	736	97	552	98	312	1845	458	389	0	1206	310	1600	648	1849	785	75	1221	553	3407	90	1714	1753	1345	1070	1671	219	967	1035	1867	791	583	467	300	1258	417	1321	645	89	1041	74	2382	565	482	879	1342	271	2379	150	440	707	1573	792	727	2266	154	1228	1716	1823	537	916	1744	1196	3756	392	1030	729	482	1270	2255	369	201	451	612	1070	1759	712	686	1539	311	1330	1147	1313	305	523	441	415	1647	85	1098	483	738	158	241	485	1582	166	450	479	581	97	1091	180	549	311	1824	1819	1255	886	1423	808	1080	1382	317	1144	250	802	328	1524	1353	745	1560	308	565	1403	341	1614	884	555	1492	1329	390	867	445	211	470	539	250	1370	1227	320	1052	2229	812	1392	688	2188	282	1763	1656	2595	1332	69	1580	699	1032	2048	1907	445	458	413	310	720	1311	545	1030	175	568	1455	871	518	97	668	668	242	885	195	277	612	748	887	634	641	320	1444	203	75	2419	950	1382	1348	575	1329	1444	578	459	459	373	879	166	2977	731	206	747	1185	1286	871	252	413	1034	465	655	690	495	522	411	483	880	412	1398	631	376	153	1406	2125	2404	1492	1431	864	1341	761	1151	575	549	65	1673	2371	1317	1369	465	546	549	1598	454
731	338	1026	277	498	560	1102	2350	650	780	2340	283	1089	564	1126	579	841	538	1341	1114	460	969	2329	514	1232	655	1254	997	1733	748	897	1206	0	979	406	612	920	923	1131	564	727	2513	1214	1627	1796	1147	742	586	1118	1719	1028	1440	455	625	774	1113	1004	1553	2409	591	1209	228	1134	2084	712	1139	337	508	935	2337	1091	765	542	2605	578	480	1394	1098	45	1788	1914	784	1211	1624	19	2830	814	367	1640	809	1433	2469	1291	1407	780	599	742	1811	1648	606	662	992	1066	1169	1026	1037	1062	765	792	1837	1206	762	1125	907	1116	1379	1117	2787	1319	772	1140	628	1232	1280	1118	721	923	1752	1873	2459	426	2628	399	473	1351	920	568	956	952	1531	494	445	1779	362	927	712	1295	875	421	336	778	408	1120	860	460	779	1068	797	735	955	1127	942	1301	1099	1050	627	1628	921	1358	1005	979	707	1453	441	1140	386	880	185	2195	1786	937	769	794	979	1801	1098	726	367	1081	806	1397	338	1341	1220	542	542	1416	498	1356	930	599	921	335	668	1680	1301	789	1116	1131	1495	691	1351	1260	667	171	506	1226	768	765	1473	1293	1340	2346	1631	1121	970	1919	85	338	954	804	380	749	1739	990	1597	758	837	814	415	800	444	1248	849	1092	412	1250	1506	408	230	354	1017	478	1167	667	657	1144	603	2065	660	947	749	727	721	405	770
288	798	1009	946	594	427	153	2154	1259	361	1473	1206	952	918	154	399	366	449	366	138	585	196	2984	473	283	373	307	25	1577	279	87	310	979	0	1351	529	1546	486	247	918	481	3097	268	1445	1507	1049	760	1501	141	1226	742	1566	532	407	388	144	954	575	1631	388	265	786	245	2101	280	278	642	1046	205	2134	160	266	443	1883	496	528	1958	157	1008	1474	1589	234	667	1472	965	3447	228	748	1012	185	1024	2438	329	478	361	439	760	1515	1000	402	1239	17	1028	867	1009	426	650	278	233	1427	264	787	270	437	162	549	267	1826	358	347	276	405	283	1210	371	266	86	1561	1577	1497	609	1670	585	784	1108	85	840	170	507	586	1241	1210	1051	1341	84	280	1119	275	1365	643	251	1218	1032	359	585	346	353	185	254	198	1071	921	327	769	1964	508	1548	390	1879	370	1455	1359	2314	1042	245	1364	395	795	1832	1640	503	358	234	0	1030	1012	467	748	135	258	1181	643	759	272	485	485	552	594	392	208	439	450	645	343	945	327	1135	142	247	2112	640	1108	1065	312	1079	1302	397	359	220	679	659	385	2673	1012	146	456	1448	1051	643	170	194	751	337	964	770	804	233	366	183	607	209	1248	817	311	156	1124	1818	2096	1218	1192	625	1036	600	870	312	369	250	1391	2089	1010	1060	337	472	266	1383	351
