NAME : VRPTW_INSTANCE_226.txt
COMMENT : Bangkok Supermarket
TYPE : VRPTW
DIMENSION : 211
DAYS : Monday
EDGE_WEIGHT_TYPE : EXPLICIT
VEHICLES : 30
EDGE_WEIGHT_FORMAT : FULL_MATRIX
CAPACITY : 1000
EDGE_WEIGHT_SECTION
0	211	199	1008	1063	909	1028	258	1534	1902	871	1126	1062	1028	371	170	405	529	780	474	153	172	1269	329	308	1013	284	16	807	544	390	376	1142	496	293	1028	2696	1087	706	622	2973	981	184	121	1143	170	641	985	410	371	431	215	893	330	409	93	379	379	1119	202	193	133	349	1107	314	499	86	438	382	399	385	625	586	1898	185	373	255	891	359	264	681	1605	2074	359	2119	479	942	535	210	239	155	185	189	1943	112	1646	586	1142	374	400	205	246	353	464	568	650	978	300	1768	618	253	46	394	1569	221	264	419	212	734	534	415	771	148	192	88	814	206	670	25	77	390	806	439	613	62	172	609	379	309	26	822	1053	623	153	216	91	495	227	33	2529	437	101	550	1386	1922	145	109	208	1145	418	2108	322	359	1467	365	993	590	907	220	59	202	2608	283	1105	253	1727	489	208	428	369	444	1577	82	145	367	399	599	101	1640	349	210	525	539	419	589	405	979	1212	484	467	412	1133	495	499	225	430	814	220	93	203	435
211	0	254	1092	1184	1120	1186	402	1475	1872	740	1246	1026	896	544	198	195	351	697	496	249	161	1471	540	106	983	432	198	997	367	573	178	1118	305	285	1186	2856	1275	673	417	3008	997	170	262	1265	198	454	955	244	544	220	131	927	489	204	117	178	178	1246	412	350	299	471	1319	105	308	297	232	330	236	454	433	779	1869	238	176	323	825	541	252	488	1653	2207	541	2074	271	737	357	0	403	268	238	327	1859	101	1837	530	1118	176	238	5	410	299	574	357	478	1166	459	1729	407	343	257	183	1635	267	252	587	420	650	362	589	788	63	161	253	1005	283	596	215	288	573	948	399	411	152	161	651	186	105	233	922	1231	414	270	7	159	303	392	182	2601	231	295	611	1476	1806	355	247	100	1341	207	2065	111	429	1325	308	992	454	793	102	155	412	2710	426	1228	343	1797	436	6	557	317	378	1532	293	355	173	238	548	228	1806	471	4	697	363	496	466	195	954	1257	293	341	201	1068	303	308	103	540	1005	168	117	8	227
199	254	0	844	930	965	938	169	1336	1702	706	991	1241	860	322	345	418	432	934	665	53	93	1267	423	293	813	198	206	777	443	360	427	942	553	468	938	2607	1049	883	646	2787	786	87	321	1011	345	701	785	498	322	426	345	703	257	380	200	424	424	991	297	145	135	548	1167	317	556	235	403	544	491	583	540	569	1698	17	425	70	696	330	84	594	1423	1952	330	1919	449	959	437	253	430	67	17	111	2101	189	1612	392	942	424	492	250	437	513	320	547	533	941	232	1947	602	452	220	404	1396	21	84	356	288	887	429	364	576	213	100	288	786	32	828	225	224	360	695	247	551	212	93	420	437	297	220	669	997	584	352	261	131	551	419	210	2728	407	288	368	1584	2057	253	308	322	1128	424	1908	328	557	1579	524	795	706	1042	330	212	297	2459	190	1296	452	1556	298	248	305	530	261	1377	231	253	424	492	404	298	1560	547	250	465	439	618	715	418	779	1028	542	590	413	1299	551	556	334	629	786	112	200	246	411
1008	1092	844	0	229	1083	467	754	971	1134	978	252	2070	1038	704	1176	1215	1076	1778	1476	869	932	1048	959	1095	562	733	1021	684	1075	722	1249	568	1368	1300	467	1890	759	1714	1421	1991	345	922	1116	280	1176	1507	558	1333	704	1204	1189	280	705	1145	1042	1244	1244	290	936	820	877	1295	1230	1126	1370	984	1156	1384	1327	1371	1166	708	1129	862	1248	774	704	735	842	1197	626	1165	735	1387	1195	1694	1077	1091	1161	859	862	819	2945	1033	1177	709	568	1246	1329	1088	1166	1354	544	1282	1085	710	730	2774	1332	1246	1000	1201	565	827	842	659	910	1731	1056	679	402	1057	930	1081	695	821	1671	1031	980	722	355	750	1219	1044	932	456	1261	1101	1016	196	651	1284	1151	1099	971	1364	1155	1032	3399	1164	1051	482	2256	2898	947	1109	1166	896	1214	1370	1137	1348	2407	1365	424	1546	1885	1175	1044	936	1619	732	1919	1246	720	747	1086	588	1370	797	931	983	947	1249	1330	693	1106	944	1294	1088	614	1073	1396	1558	1215	533	288	1357	1433	1199	2139	1366	1370	1179	1373	695	926	1042	1085	1175
1063	1184	930	229	0	939	260	805	1190	1312	1182	63	2109	1254	714	1234	1332	1228	1844	1510	943	1023	839	942	1207	790	779	1078	546	1229	718	1354	797	1478	1355	260	1712	556	1759	1549	2037	573	1015	1157	81	1234	1623	784	1428	714	1327	1264	499	736	1271	1114	1350	1350	69	950	870	930	1306	1063	1235	1480	1022	1286	1446	1421	1397	1326	638	1307	947	1352	861	920	739	948	1362	720	1024	739	1566	1328	1839	1230	1184	1176	928	947	878	3005	1111	947	880	797	1351	1422	1180	1179	1417	610	1420	1255	527	765	2804	1472	1279	1046	1317	614	917	948	665	925	1798	1210	678	599	1140	1026	1124	555	902	1734	1084	1021	718	277	892	1372	1110	1023	603	1364	1212	1065	277	448	1432	1192	1192	1045	1474	1171	1091	3335	1293	1086	604	2207	2983	975	1154	1245	693	1333	1549	1247	1376	2509	1429	652	1635	1966	1255	1108	950	1547	780	1860	1279	744	899	1178	636	1433	942	1141	1022	975	1351	1423	866	1155	727	1305	1180	586	1226	1415	1641	1332	760	475	1467	1516	1319	2192	1476	1480	1259	1378	555	1027	1114	1176	1302
909	1120	965	1083	939	0	704	808	1998	2217	1619	983	1608	1756	669	1010	1315	1397	1494	1097	927	1025	458	581	1212	1484	786	923	399	1409	624	1281	1560	1394	1074	704	2065	485	1335	1528	2942	1320	1029	902	976	1010	1530	1463	1295	669	1340	1098	1207	736	1313	1003	1285	1285	941	708	819	846	863	202	1222	1396	823	1340	1167	1282	980	1504	452	2211	969	1278	942	1489	649	1045	1558	1659	1640	649	2468	1384	1846	1402	1120	802	906	969	853	2520	1020	887	1254	1560	1280	1283	1114	798	1153	835	1476	1498	440	750	2217	1528	939	864	1304	1547	974	1045	661	702	1457	1394	641	1191	1057	1043	891	388	937	1391	908	832	624	729	1148	1506	970	1025	1048	1283	1214	889	928	554	1527	920	1125	973	1394	808	940	2467	1341	839	981	1401	2598	765	911	1102	423	1328	2452	1230	975	2235	1162	1381	1422	1660	1115	967	708	2287	796	1049	939	1662	1193	1118	785	1158	1187	1984	827	765	1272	1281	1254	927	1063	863	1119	594	1404	968	1404	1315	1444	1371	1382	1308	1322	1740	1392	1396	1120	888	388	1066	1003	1112	1341
1028	1186	938	467	260	704	0	785	1438	1572	1333	288	2025	1426	657	1193	1356	1301	1796	1433	936	1031	582	832	1230	1002	755	1044	336	1305	644	1363	1029	1490	1306	0	1670	296	1687	1583	2241	793	1025	1101	276	1193	1639	992	1425	657	1360	1241	700	701	1309	1096	1362	1362	242	875	843	900	1210	810	1255	1493	969	1328	1403	1415	1313	1407	497	1567	952	1361	875	1099	672	978	1450	965	1063	672	1826	1373	1889	1304	1185	1089	918	952	860	2937	1098	748	994	1029	1360	1417	1181	1090	1376	631	1470	1351	273	731	2704	1524	1209	1000	1341	846	930	978	609	852	1750	1287	613	765	1133	1038	1072	342	906	1684	1044	971	644	254	968	1442	1083	1031	712	1372	1235	1024	414	188	1493	1134	1193	1032	1488	1087	1059	3143	1334	1026	686	2033	2943	913	1101	1228	434	1361	1809	1267	1295	2496	1388	870	1618	1933	1239	1081	875	1657	759	1681	1209	958	989	1180	633	1389	1019	1395	970	913	1359	1416	984	1106	622	1209	1182	505	1302	1324	1617	1356	968	733	1478	1495	1349	2123	1488	1493	1244	1273	342	1046	1096	1177	1341
258	402	169	754	805	808	785	0	1374	1708	827	868	1316	974	152	428	581	597	1038	722	153	254	1097	311	458	838	29	273	607	607	191	580	956	707	551	785	2455	881	961	810	2732	766	251	361	885	428	856	812	640	152	592	461	668	88	549	313	579	579	862	215	65	125	553	1010	480	710	231	573	641	630	619	706	399	1703	180	578	133	761	162	240	759	1361	1819	162	1936	619	1126	602	401	420	133	180	75	2202	313	1444	477	956	578	632	396	426	611	210	716	691	772	62	2020	771	492	246	567	1318	172	240	188	194	992	592	195	565	348	266	326	617	138	928	280	226	191	552	349	720	304	254	393	588	462	262	565	832	754	396	409	247	705	412	286	2717	576	297	323	1567	2178	204	355	445	959	589	1924	490	595	1715	623	792	837	1162	456	303	215	2350	25	1257	492	1474	399	397	170	627	383	1400	229	204	575	631	483	353	1404	552	398	298	603	646	839	581	800	973	695	715	578	1391	705	710	461	634	617	281	313	393	580
1534	1475	1336	971	1190	1998	1438	1374	0	456	817	1190	2475	712	1429	1652	1467	1212	2115	1969	1387	1375	2020	1678	1405	537	1373	1539	1617	1198	1469	1540	438	1604	1758	1438	2561	1730	2137	1564	1765	678	1361	1654	1215	1652	1688	563	1638	1429	1432	1606	791	1387	1380	1506	1529	1529	1237	1589	1418	1450	1884	2168	1433	1607	1566	1369	1801	1641	1908	1225	1563	454	1349	1540	1293	650	1463	1272	1211	808	1789	1463	607	1381	1688	1209	1474	1765	1393	1349	1394	3200	1484	2120	952	438	1537	1642	1475	1772	1771	1223	1414	1119	1674	1395	3156	1435	1780	1556	1458	936	1314	1272	1408	1569	2074	1190	1432	828	1483	1359	1623	1629	1336	2034	1559	1557	1469	1287	1097	1296	1531	1375	996	1554	1410	1556	1079	1622	1368	1682	1479	1452	1599	1754	1539	4063	1379	1624	1070	2920	3053	1566	1641	1575	1866	1455	601	1441	1882	2520	1780	618	1832	2150	1577	1533	1589	1929	1366	2627	1780	1033	1050	1469	1282	1789	1103	125	1562	1566	1547	1645	937	1627	1823	1883	1470	1429	1201	1947	1863	1467	576	729	1600	1763	1441	2484	1604	1607	1577	1965	1629	1336	1506	1472	1392
1902	1872	1702	1134	1312	2217	1572	1708	456	0	1263	1290	2890	1166	1732	2036	1888	1641	2538	2358	1750	1755	2146	1993	1814	891	1701	1909	1819	1628	1766	1957	760	2032	2150	1572	2372	1868	2544	2003	1318	947	1741	2023	1309	2036	2125	919	2056	1732	1855	2001	1055	1702	1801	1887	1947	1947	1339	1923	1761	1801	2246	2364	1844	2034	1920	1793	2203	2057	2285	1664	1816	5	1717	1957	1650	1057	1766	1649	1655	693	1626	1766	253	1809	2141	1638	1872	2120	1751	1717	1742	3642	1867	2155	1342	760	1954	2059	1872	2126	2172	1528	1851	1557	1836	1716	3582	1876	2154	1917	1878	846	1680	1649	1701	1900	2494	1618	1724	1142	1872	1741	1990	1830	1696	2451	1927	1912	1766	1487	1479	1736	1908	1755	1315	1971	1820	1921	1295	1760	1809	2054	1877	1827	2027	2110	1911	4424	1803	1982	1386	3275	3503	1909	2011	1971	2005	1877	236	1852	2259	2971	2181	915	2257	2583	1974	1909	1923	1617	1694	2963	2154	871	1437	1867	1587	2190	1494	355	1917	1909	1963	2061	1324	2000	1809	2246	1868	1697	1630	2321	2286	1888	923	847	2027	2179	1863	2910	2031	2034	1976	2328	1830	1721	1887	1869	1816
871	740	706	978	1182	1619	1333	827	817	1263	0	1222	1679	157	951	937	678	417	1314	1227	759	699	1823	1126	647	505	843	869	1330	401	997	756	618	801	1020	1333	2864	1554	1358	748	2525	676	687	975	1250	937	873	489	850	951	638	866	699	887	595	810	745	745	1250	1003	839	842	1203	1818	670	803	933	579	1040	856	1194	410	1175	1260	712	757	701	295	975	623	393	1294	2120	975	1423	580	886	412	740	1109	773	712	806	2382	785	2080	367	618	754	857	742	1116	1013	795	601	307	1460	877	2347	619	1079	908	672	1346	689	623	958	993	1274	398	978	582	770	678	952	1342	724	1242	892	922	997	1089	477	480	844	699	626	770	651	897	925	1468	551	994	742	780	796	1097	862	3332	587	972	671	2216	2241	960	959	837	1668	663	1417	674	1169	1710	1020	614	1029	1336	834	846	1003	2468	833	1965	1079	1499	429	736	837	1030	448	908	929	960	765	860	370	942	1908	1202	736	1037	404	1236	1063	678	506	957	798	974	652	1676	800	803	833	1276	1342	651	810	741	600
1126	1246	991	252	63	983	288	868	1190	1290	1222	0	2172	1289	777	1297	1391	1282	1907	1573	1005	1084	855	1004	1266	814	842	1141	594	1283	781	1414	810	1538	1418	288	1660	579	1822	1608	1981	596	1076	1221	28	1297	1683	810	1490	777	1386	1326	531	800	1329	1177	1410	1410	49	1013	933	993	1369	1098	1295	1541	1086	1344	1509	1482	1460	1379	697	1285	1008	1412	922	954	802	1008	1414	678	964	802	1544	1386	1895	1284	1245	1239	990	1008	941	3068	1173	934	930	810	1411	1484	1241	1242	1480	672	1477	1306	561	829	2867	1529	1343	1109	1376	565	978	1008	728	988	1861	1264	741	641	1202	1086	1187	603	963	1797	1147	1084	781	339	947	1427	1172	1084	656	1425	1272	1129	333	472	1487	1256	1253	1107	1534	1235	1154	3391	1351	1149	661	2265	3045	1038	1217	1307	715	1392	1526	1307	1439	2571	1492	675	1697	2029	1317	1171	1013	1484	843	1917	1343	690	953	1240	699	1495	997	1135	1085	1038	1412	1484	916	1218	691	1368	1241	648	1280	1478	1703	1391	786	465	1527	1578	1378	2255	1536	1541	1322	1441	603	1087	1177	1238	1360
1062	1026	1241	2070	2109	1608	2025	1316	2475	2890	1679	2172	0	1821	1394	897	1008	1266	369	598	1207	1165	2063	1193	1076	2006	1339	1049	1731	1281	1394	935	2142	878	773	2025	3638	1988	357	957	4028	2020	1178	955	2185	897	833	1978	837	1394	1045	904	1943	1375	1095	1040	946	946	2158	1160	1250	1193	815	1741	1046	877	1089	1106	699	834	713	1275	1530	2887	1224	935	1307	1834	1370	1270	1305	2664	3089	1370	3082	1099	1036	1270	1026	937	1215	1224	1251	920	1054	2489	1553	2142	938	833	1027	935	731	1526	1086	1373	1890	1347	706	1082	829	1070	1016	2631	1261	1270	1444	1184	405	1287	1432	1810	1039	1174	990	1732	1258	440	1039	1092	1394	1838	1425	1208	1031	1165	1661	921	1070	1054	1882	1993	1146	920	1020	1109	884	940	1040	1741	1097	1024	1608	837	998	1134	961	932	1991	1021	3074	1038	733	762	720	2018	652	419	926	1031	1160	3656	1340	867	829	2789	1461	1032	1485	713	1402	2544	1090	1134	929	830	1571	964	2589	815	1031	1531	1278	700	616	1008	1978	2269	881	712	1034	158	879	877	924	755	1732	1189	1040	1031	1083
1028	896	860	1038	1254	1756	1426	974	712	1166	157	1289	1821	0	1091	1094	827	567	1453	1382	913	855	1938	1277	803	511	988	1026	1451	551	1137	906	598	942	1175	1426	2906	1663	1505	876	2454	711	844	1132	1317	1094	1002	503	998	1091	786	1022	758	1029	746	967	895	895	1321	1156	989	995	1360	1953	824	944	1089	728	1193	1004	1350	545	1307	1164	866	907	850	334	1117	777	519	1278	2151	1117	1308	726	976	562	897	1266	927	866	956	2497	943	2174	503	598	903	1005	899	1273	1167	924	736	450	1573	1021	2479	747	1236	1064	822	1347	842	777	1095	1145	1415	549	1116	662	927	835	1109	1464	876	1385	1049	1078	1137	1191	625	613	1001	855	737	919	807	1054	1013	1572	680	1151	898	937	937	1254	1019	3485	736	1129	791	2371	2341	1114	1117	993	1782	811	1304	828	1326	1808	1173	640	1169	1465	990	1003	1156	2458	978	2122	1236	1492	575	893	971	1183	599	814	1084	1114	915	1008	501	1100	1980	1359	893	1167	555	1393	1204	827	525	974	941	1120	800	1810	942	944	989	1434	1464	808	967	897	749
371	544	322	704	714	669	657	152	1429	1732	951	777	1394	1091	0	536	730	748	1142	796	301	404	945	263	608	892	124	387	456	757	45	723	998	849	651	657	2324	732	1046	957	2695	785	403	448	791	536	997	868	774	0	742	586	677	67	700	444	723	723	764	236	194	247	595	870	628	852	314	724	747	764	682	857	247	1727	331	720	281	849	34	390	909	1327	1708	34	1968	770	1275	752	543	464	280	331	220	2295	449	1294	588	998	720	766	538	467	720	206	868	837	623	89	2091	922	566	344	716	1267	324	390	49	211	1097	741	45	602	486	417	417	465	290	1031	387	314	45	444	478	872	427	404	432	730	612	366	507	687	906	483	551	385	847	458	403	2712	728	374	358	1563	2289	262	447	574	806	737	1955	638	661	1839	731	824	962	1277	586	425	236	2261	133	1237	566	1419	523	539	146	733	517	1443	315	262	717	765	591	451	1269	595	541	154	753	702	960	730	853	952	837	839	727	1481	847	852	591	671	465	434	444	535	731
170	198	345	1176	1234	1010	1193	428	1652	2036	937	1297	897	1094	536	0	348	548	610	322	309	281	1398	436	301	1144	454	155	956	565	550	289	1277	388	124	1193	2857	1235	539	530	3133	1131	294	108	1313	0	520	1116	286	536	385	97	1049	499	388	149	297	297	1289	333	363	303	274	1200	289	390	224	416	212	272	259	624	735	2032	329	287	410	1002	520	387	677	1767	2242	520	2246	447	840	554	198	229	318	329	358	1773	168	1788	700	1277	289	273	195	235	184	633	517	675	1127	469	1603	560	144	192	342	1735	366	387	584	352	564	560	579	921	170	295	126	962	361	500	149	222	550	975	558	593	134	281	765	287	299	169	991	1208	582	92	197	214	389	219	144	2414	412	179	711	1282	1754	284	100	115	1282	365	2236	291	233	1306	196	1137	434	740	124	134	333	2778	453	1030	144	1893	602	201	599	199	549	1703	223	284	279	271	715	89	1799	274	201	688	560	300	428	348	1112	1372	376	312	365	963	386	390	128	342	962	316	149	196	404
405	195	418	1215	1332	1315	1356	581	1467	1888	678	1391	1008	827	730	348	0	261	649	569	429	327	1664	734	126	1016	611	392	1185	276	761	80	1153	155	380	1356	3023	1462	679	228	3074	1070	332	438	1413	348	292	990	172	730	42	252	1017	670	87	312	68	68	1396	608	536	489	616	1513	101	157	492	99	373	177	566	299	969	1885	405	81	481	831	730	384	347	1739	2355	730	2074	108	545	265	196	575	449	405	510	1779	296	2024	572	1153	77	178	201	581	350	730	169	378	1353	642	1693	215	484	451	14	1737	425	384	769	615	606	281	774	871	258	318	437	1194	450	567	408	483	761	1111	474	253	345	327	761	92	121	427	1060	1414	234	437	190	351	150	564	375	2660	90	484	735	1562	1695	550	425	233	1532	17	2067	91	545	1192	354	1051	370	706	223	348	608	2834	605	1346	484	1899	493	198	723	365	435	1539	488	550	90	181	591	406	1979	615	196	880	273	609	397	0	993	1347	146	296	26	1021	153	157	219	672	1194	309	312	203	77
529	351	432	1076	1228	1397	1301	597	1212	1641	417	1282	1266	567	748	548	261	0	903	817	470	376	1690	839	247	788	623	522	1194	16	789	339	923	392	615	1301	2940	1456	940	374	2853	875	371	609	1307	548	489	762	433	748	221	466	842	681	178	448	327	327	1296	707	577	553	822	1599	263	394	608	161	626	438	796	109	995	1638	428	339	467	589	760	357	161	1545	2239	760	1820	168	617	5	351	750	491	428	544	2008	424	2014	376	923	336	439	355	757	600	675	221	127	1350	659	1944	262	693	574	255	1560	426	357	775	705	862	23	787	695	397	357	594	1204	462	826	544	597	789	1047	337	144	485	376	626	352	249	555	950	1391	208	620	351	444	387	739	510	2917	170	628	625	1810	1898	653	594	438	1546	246	1813	265	772	1378	606	843	619	942	433	488	707	2674	614	1576	693	1721	330	349	690	617	286	1289	604	653	347	442	394	575	1919	822	348	879	12	839	651	261	770	1163	388	557	234	1271	391	394	432	890	1204	332	448	354	183
780	697	934	1778	1844	1494	1796	1038	2115	2538	1314	1907	369	1453	1142	610	649	903	0	396	909	849	1929	989	730	1661	1064	765	1534	917	1151	581	1797	512	491	1796	3449	1807	186	588	3704	1692	861	694	1924	610	466	1633	482	1142	683	589	1624	1109	737	736	591	591	1900	921	973	914	633	1656	699	510	828	746	397	482	516	907	1319	2534	917	581	1003	1480	1124	949	937	2350	2851	1124	2723	735	701	907	697	724	921	917	967	1166	745	2342	1209	1797	584	481	699	725	427	1241	717	1006	1702	1080	1044	713	592	800	659	2330	952	949	1192	944	46	925	1184	1485	722	854	725	1538	957	111	760	828	1151	1584	1090	840	736	849	1347	567	724	779	1598	1794	777	661	690	807	518	723	753	2093	736	770	1302	1096	1147	883	695	613	1834	661	2716	690	525	741	415	1683	284	172	605	737	921	3388	1063	1012	592	2490	1121	703	1208	411	1062	2188	827	883	576	479	1228	692	2391	633	701	1291	915	526	252	649	1635	1954	515	361	674	373	513	510	602	607	1538	865	736	703	723
474	496	665	1476	1510	1097	1433	722	1969	2358	1227	1573	598	1382	796	322	569	817	396	0	625	603	1533	607	580	1466	743	463	1153	834	796	489	1599	515	211	1433	3069	1421	255	655	3448	1452	617	360	1587	322	580	1438	417	796	611	365	1367	777	640	471	501	501	1560	562	656	600	238	1262	557	515	492	662	198	406	123	868	943	2354	649	488	727	1319	772	710	915	2079	2496	772	2566	677	905	822	496	344	630	649	660	1504	490	1948	1019	1599	491	406	495	343	218	932	713	942	1318	749	1298	738	231	476	570	2040	687	710	846	587	359	833	834	1242	486	616	395	1156	678	294	449	496	796	1240	879	819	454	603	1083	479	575	463	1286	1415	783	325	492	535	519	346	457	2106	655	426	1025	993	1526	535	368	395	1442	586	2556	553	138	1137	215	1459	395	563	396	453	562	3058	744	789	231	2196	922	501	889	204	867	2023	493	535	479	402	1035	373	2013	238	500	935	830	129	361	569	1435	1686	509	331	594	690	514	515	396	214	1156	637	471	497	644
153	249	53	869	943	927	936	153	1387	1750	759	1005	1207	913	301	309	429	470	909	625	0	103	1242	375	307	862	183	162	757	483	335	427	990	554	433	936	2607	1033	849	657	2824	828	104	273	1024	309	703	835	490	301	441	322	742	241	400	172	426	426	1002	247	110	85	498	1129	327	557	182	425	515	481	538	577	544	1745	47	425	102	749	303	135	631	1457	1963	303	1968	471	974	476	248	377	21	47	81	2075	167	1595	445	990	425	483	244	384	484	333	568	577	924	213	1913	622	406	168	415	1426	74	135	340	240	862	469	345	618	198	118	240	766	53	801	178	171	335	699	300	582	176	103	458	435	310	170	689	985	610	306	256	102	552	367	168	2678	428	236	401	1533	2040	201	262	302	1106	436	1957	338	512	1569	495	840	692	1024	312	175	247	2480	177	1244	406	1585	352	244	309	501	315	1427	177	201	422	483	457	253	1556	497	246	451	478	572	698	429	828	1063	542	573	426	1270	552	557	316	579	766	139	172	241	431
172	161	93	932	1023	1025	1031	254	1375	1755	699	1084	1165	855	404	281	327	376	849	603	103	0	1346	462	204	863	284	172	860	390	438	333	995	460	398	1031	2700	1135	809	556	2863	855	13	283	1104	281	608	835	405	404	338	262	778	343	297	132	331	331	1085	330	214	179	516	1227	226	462	238	322	466	398	533	480	648	1751	78	331	162	727	407	106	535	1502	2046	407	1966	368	871	382	160	412	125	78	184	2015	113	1698	422	995	330	399	157	419	434	413	464	489	1026	315	1871	519	405	209	313	1480	106	106	442	328	802	377	448	645	127	20	256	869	124	745	194	227	438	789	278	481	156	0	498	343	208	198	761	1086	507	309	168	81	457	400	167	2688	325	273	453	1549	1966	277	269	236	1210	334	1956	237	507	1486	445	857	615	953	244	158	330	2550	277	1275	405	1641	324	155	399	452	275	1423	234	277	330	400	437	254	1653	515	157	552	385	572	625	327	831	1106	448	500	324	1217	458	462	247	594	869	48	132	153	327
1269	1471	1267	1048	839	458	582	1097	2020	2146	1823	855	2063	1938	945	1398	1664	1690	1929	1533	1242	1346	0	963	1547	1563	1070	1284	499	1699	908	1644	1603	1766	1481	582	1612	290	1778	1888	2672	1362	1346	1291	837	1398	1909	1549	1676	945	1681	1477	1261	1011	1643	1358	1646	1646	806	1070	1132	1174	1295	396	1564	1768	1188	1668	1579	1664	1412	1800	698	2140	1276	1642	1224	1629	938	1334	1851	1506	1255	938	2399	1714	2208	1695	1470	1215	1221	1276	1161	2978	1370	429	1460	1603	1642	1665	1465	1213	1560	1038	1810	1770	366	1035	2675	1865	1353	1228	1651	1370	1269	1334	915	1057	1890	1682	904	1298	1409	1360	1273	488	1235	1823	1275	1194	908	759	1390	1817	1331	1346	1201	1649	1551	1253	963	397	1851	1315	1477	1313	1765	1218	1302	2848	1671	1220	1151	1831	3048	1125	1298	1475	157	1674	2382	1574	1404	2668	1571	1437	1828	2091	1487	1329	1070	1920	1078	1485	1353	1449	1425	1467	1009	1568	1437	1978	1191	1125	1637	1664	1455	1311	656	1295	1469	812	1695	1405	1815	1664	1526	1314	1754	1708	1665	2192	1764	1768	1492	1330	488	1378	1358	1462	1674
329	540	423	959	942	581	832	311	1678	1993	1126	1004	1193	1277	263	436	734	839	989	607	375	462	963	0	635	1141	306	342	546	852	237	699	1252	814	519	832	2462	818	862	947	2950	1046	468	328	1013	436	953	1115	718	263	760	519	939	292	736	422	704	704	983	131	287	290	378	778	643	816	242	764	618	706	485	941	336	1988	422	697	426	1073	229	508	997	1585	1896	229	2227	807	1265	844	539	265	357	422	320	2109	440	1360	786	1252	698	706	534	265	598	465	897	950	713	282	1874	948	398	283	723	1519	438	508	301	135	946	840	281	856	477	482	313	549	403	878	327	252	237	664	652	936	389	462	684	701	636	307	763	807	950	351	545	399	814	265	359	2448	765	259	610	1300	2132	188	335	522	853	747	2214	651	470	1717	609	1081	865	1141	534	386	131	2477	315	973	398	1667	703	538	406	607	678	1698	247	188	690	705	793	350	1405	378	539	356	847	493	852	734	1102	1215	802	745	742	1297	813	816	539	442	549	508	422	532	763
308	106	293	1095	1207	1212	1230	458	1405	1814	647	1266	1076	803	608	301	126	247	730	580	307	204	1547	635	0	931	488	297	1064	263	641	156	1067	272	372	1230	2897	1340	732	353	2976	967	207	369	1288	301	416	903	250	608	134	220	907	547	101	217	149	149	1271	505	416	373	576	1412	31	275	393	129	398	248	550	326	850	1810	280	155	355	759	610	258	381	1632	2231	610	2009	172	667	253	107	510	328	280	388	1880	196	1902	479	1067	153	250	111	517	369	604	264	374	1231	519	1772	318	446	354	111	1625	299	258	646	509	685	259	652	763	162	193	358	1073	325	638	316	383	641	985	364	305	254	204	643	169	6	332	936	1289	315	376	105	239	268	499	282	2686	129	399	614	1568	1807	447	354	192	1413	131	2000	42	526	1311	376	954	464	806	188	257	505	2715	481	1329	446	1786	391	106	597	387	332	1469	389	447	158	252	497	335	1853	575	105	757	259	593	485	126	904	1238	262	369	119	1104	270	275	186	642	1073	183	217	111	128
1013	983	813	562	790	1484	1002	838	537	891	505	814	2006	511	892	1144	1016	788	1661	1466	862	863	1563	1141	931	0	837	1020	1118	778	933	1080	136	1167	1258	1002	2397	1274	1656	1162	2065	217	850	1134	842	1144	1277	28	1178	892	988	1111	302	850	930	995	1070	1070	852	1054	885	920	1360	1663	962	1169	1038	927	1313	1178	1395	838	1039	887	828	1079	765	214	926	757	845	790	1639	926	1105	950	1362	786	983	1237	866	828	862	2793	976	1736	453	136	1076	1179	982	1244	1282	687	1008	733	1201	858	2703	1043	1264	1031	1005	842	791	757	873	1033	1616	764	896	295	981	849	1102	1131	810	1569	1039	1029	933	805	587	906	1017	863	459	1094	937	1033	599	1172	980	1164	988	936	1162	1227	1021	3541	936	1098	533	2395	2685	1033	1122	1081	1405	1007	1094	971	1368	2162	1292	138	1386	1722	1084	1018	1054	1962	829	2094	1264	993	547	977	746	1300	605	564	1034	1033	1084	1181	435	1110	1502	1360	978	901	779	1431	1412	1016	39	462	1160	1299	993	2034	1166	1169	1086	1442	1131	830	995	979	950
284	432	198	733	779	786	755	29	1373	1701	843	842	1339	988	124	454	611	623	1064	743	183	284	1070	306	488	837	0	299	579	633	166	610	952	737	576	755	2426	852	984	839	2714	757	281	383	859	454	886	810	669	124	622	489	657	59	578	342	609	609	835	221	91	150	568	988	509	740	251	601	667	660	638	732	372	1696	209	608	157	767	138	266	785	1344	1792	138	1931	648	1155	628	431	435	163	209	104	2227	343	1414	488	952	607	661	426	440	637	191	745	714	743	36	2041	800	512	268	597	1298	199	266	158	199	1018	617	166	558	377	295	349	588	166	954	305	247	166	524	365	747	332	284	386	618	492	286	542	802	782	418	439	276	735	427	312	2726	605	317	314	1576	2205	218	377	474	930	618	1918	520	615	1743	649	785	865	1190	485	330	221	2325	9	1262	512	1454	414	426	146	653	401	1397	249	218	605	661	494	377	1374	567	428	268	628	664	867	611	798	957	725	744	608	1415	735	740	489	648	588	310	342	423	609
16	198	206	1021	1078	923	1044	273	1539	1909	869	1141	1049	1026	387	155	392	522	765	463	162	172	1284	342	297	1020	299	0	823	537	406	361	1149	481	279	1044	2712	1103	693	608	2985	990	184	114	1158	155	625	992	394	387	419	199	904	346	399	80	364	364	1135	217	208	148	345	1121	302	483	99	427	368	383	376	616	602	1905	192	358	264	895	376	268	672	1616	2089	376	2125	468	927	528	197	239	166	192	203	1929	101	1662	589	1149	359	384	192	247	338	478	555	644	994	316	1755	606	245	58	381	1581	228	268	435	227	719	528	432	780	136	191	84	830	216	655	22	91	406	822	443	603	47	172	619	364	298	35	836	1069	611	145	203	90	480	228	17	2524	426	106	562	1381	1907	160	101	192	1160	405	2114	309	350	1451	350	1001	574	892	204	44	217	2623	298	1103	245	1740	492	196	443	354	446	1583	95	160	353	383	603	91	1656	345	197	541	532	411	573	392	986	1223	469	451	400	1119	479	483	209	426	830	218	80	190	424
807	997	777	684	546	399	336	607	1617	1819	1330	594	1731	1451	456	956	1185	1194	1534	1153	757	860	499	546	1064	1118	579	823	0	1202	424	1174	1182	1300	1056	336	1916	279	1408	1413	2572	939	859	854	591	956	1446	1101	1218	456	1198	1022	828	519	1156	890	1175	1175	556	622	649	698	919	552	1084	1302	733	1180	1155	1207	1030	1303	221	1814	787	1172	729	1155	455	840	1353	1265	1373	455	2070	1226	1731	1198	996	811	736	787	676	2650	899	840	965	1182	1172	1208	991	811	1132	540	1324	1271	170	545	2396	1379	942	771	1171	1159	777	840	421	604	1491	1185	412	835	937	873	829	12	745	1423	818	738	424	333	890	1323	868	860	716	1180	1068	796	538	262	1361	883	1003	837	1298	811	840	2807	1184	778	661	1697	2678	671	857	1015	352	1193	2054	1094	1016	2257	1143	1006	1391	1684	1028	866	622	1987	586	1344	942	1283	926	992	509	1143	937	1595	736	671	1168	1207	960	867	860	919	994	314	1197	1035	1383	1185	1080	972	1287	1268	1184	1840	1298	1302	1033	975	12	889	890	988	1188
544	367	443	1075	1229	1409	1305	607	1198	1628	401	1283	1281	551	757	565	276	16	917	834	483	390	1699	852	263	778	633	537	1202	0	799	355	912	406	632	1305	2941	1463	956	384	2844	868	384	625	1307	565	500	753	449	757	237	483	838	690	195	463	343	343	1297	721	589	566	839	1611	279	408	623	177	642	454	813	102	1005	1625	439	355	476	578	770	367	152	1538	2238	770	1806	182	620	11	368	766	503	439	555	2019	439	2020	372	912	352	455	371	773	617	681	230	110	1358	669	1957	269	709	588	271	1555	436	367	784	718	877	18	797	691	413	370	610	1212	472	841	559	612	799	1051	339	144	500	390	626	368	266	570	951	1397	212	636	367	458	400	754	525	2934	186	643	627	1826	1907	667	610	455	1554	262	1799	281	789	1386	622	835	633	955	450	503	721	2670	624	1593	709	1715	329	365	697	633	288	1276	618	667	364	458	390	591	1922	838	365	887	4	856	665	276	760	1157	402	572	250	1285	405	408	448	906	1212	345	463	371	199
390	573	360	722	718	624	644	191	1469	1766	997	781	1394	1137	45	550	761	789	1151	796	335	438	908	237	641	933	166	406	424	799	0	751	1036	876	661	644	2307	702	1049	988	2713	819	438	457	793	550	1024	908	798	45	775	606	710	111	735	468	751	751	765	234	225	274	587	825	660	879	325	760	758	787	680	898	209	1761	368	748	323	893	31	431	951	1347	1702	31	2004	806	1307	794	572	458	313	368	254	2299	475	1264	634	1036	748	789	567	461	732	246	903	880	593	130	2086	957	568	358	747	1283	363	431	65	210	1106	783	43	641	513	452	427	432	329	1040	404	327	0	444	523	911	449	438	473	757	645	382	526	663	943	490	579	413	875	454	423	2685	763	381	399	1538	2299	268	457	596	771	770	1990	670	660	1855	744	861	980	1289	608	447	234	2263	175	1208	568	1433	569	568	186	745	562	1480	327	268	744	788	637	462	1250	587	570	139	794	697	977	761	893	977	864	857	760	1484	874	879	613	661	432	470	468	564	766
376	178	427	1249	1354	1281	1363	580	1540	1957	756	1414	935	906	723	289	80	339	581	489	427	333	1644	699	156	1080	610	361	1174	355	751	0	1216	127	305	1363	3033	1453	602	247	3131	1123	340	388	1435	289	275	1053	98	723	122	192	1064	667	162	286	11	11	1417	578	528	476	548	1476	125	129	460	178	293	100	492	379	955	1954	412	2	494	900	719	408	425	1789	2378	719	2146	187	566	344	179	518	447	412	506	1724	275	2014	630	1216	3	102	184	524	271	746	234	458	1344	638	1625	272	417	419	84	1781	438	408	765	588	537	358	768	920	237	328	392	1182	458	494	373	452	751	1123	521	330	313	333	799	13	150	394	1087	1410	303	381	171	337	124	508	343	2580	169	442	767	1482	1651	521	376	180	1517	96	2139	114	471	1158	274	1108	309	650	169	316	578	2869	605	1269	417	1943	546	183	732	285	487	1609	456	521	11	104	649	358	1984	547	181	876	352	534	331	80	1055	1395	115	222	106	954	125	129	164	600	1182	327	286	187	157
1142	1118	942	568	797	1560	1029	956	438	760	618	810	2142	598	998	1277	1153	923	1797	1599	990	995	1603	1252	1067	136	952	1149	1182	912	1036	1216	0	1303	1392	1029	2339	1313	1792	1296	1931	243	982	1263	837	1277	1412	163	1314	998	1124	1245	354	960	1066	1127	1207	1207	853	1172	1006	1044	1487	1733	1098	1306	1162	1063	1448	1314	1525	969	1124	756	957	1216	891	340	1032	889	973	680	1573	1032	980	1086	1489	920	1118	1362	992	957	985	2929	1108	1744	589	0	1213	1316	1117	1368	1417	791	1142	863	1249	970	2840	1176	1394	1158	1142	750	920	889	974	1150	1752	899	997	396	1114	982	1230	1195	937	1705	1167	1154	1036	857	721	1038	1148	995	568	1230	1073	1161	648	1208	1113	1294	1123	1067	1298	1352	1151	3667	1073	1224	641	2519	2819	1155	1251	1216	1448	1144	968	1107	1499	2294	1427	179	1523	1858	1219	1149	1172	1860	945	2214	1394	893	682	1112	851	1435	740	445	1159	1155	1221	1318	571	1240	1485	1487	1113	991	913	1561	1548	1153	164	399	1297	1436	1129	2171	1302	1306	1221	1569	1195	963	1127	1114	1086
496	305	553	1368	1478	1394	1490	707	1604	2032	801	1538	878	942	849	388	155	392	512	515	554	460	1766	814	272	1167	737	481	1300	406	876	127	1303	0	368	1490	3160	1579	571	147	3227	1225	466	493	1559	388	148	1140	108	849	179	296	1172	794	238	409	128	128	1541	697	655	602	622	1587	242	2	579	240	321	121	546	397	1080	2029	538	129	620	977	845	530	432	1894	2502	845	2212	223	452	395	306	614	574	538	633	1626	400	2139	726	1303	129	121	311	619	310	871	213	494	1469	765	1551	226	497	538	168	1892	563	530	892	709	473	414	894	1027	363	454	502	1307	584	443	492	572	876	1249	629	333	434	460	914	119	266	513	1209	1537	280	481	298	464	5	605	464	2564	230	555	886	1490	1539	641	483	292	1641	161	2205	231	530	1039	308	1205	228	554	280	437	697	2987	732	1304	497	2054	649	310	859	318	590	1681	575	641	132	124	745	467	2111	621	308	1003	403	586	261	155	1145	1502	12	192	176	879	1	2	275	662	1307	451	409	314	217
293	285	468	1300	1355	1074	1306	551	1758	2150	1020	1418	773	1175	651	124	380	615	491	211	433	398	1481	519	372	1258	576	279	1056	632	661	305	1392	368	0	1306	2965	1333	415	515	3256	1252	411	204	1434	124	476	1230	260	651	422	154	1172	619	441	269	316	316	1410	435	485	426	254	1257	352	369	336	466	99	247	186	675	837	2146	451	303	534	1108	633	505	725	1891	2360	633	2356	487	806	620	285	272	442	451	482	1650	285	1880	809	1392	306	247	284	275	79	757	539	741	1226	589	1479	573	137	309	378	1859	489	505	700	456	445	630	693	1042	277	410	234	1061	485	379	271	336	661	1093	671	633	257	398	888	297	368	289	1115	1312	608	173	282	337	370	266	268	2316	459	280	835	1196	1638	393	204	185	1372	397	2346	350	166	1201	89	1256	348	629	186	258	435	2901	575	966	137	2018	713	290	721	87	657	1813	336	393	294	244	826	200	1907	253	289	800	627	229	333	380	1227	1496	358	235	402	840	367	369	186	296	1061	428	269	286	449
1028	1186	938	467	260	704	0	785	1438	1572	1333	288	2025	1426	657	1193	1356	1301	1796	1433	936	1031	582	832	1230	1002	755	1044	336	1305	644	1363	1029	1490	1306	0	1670	296	1687	1583	2241	793	1025	1101	276	1193	1639	992	1425	657	1360	1241	700	701	1309	1096	1362	1362	242	875	843	900	1210	810	1255	1493	969	1328	1403	1415	1313	1407	497	1567	952	1361	875	1099	672	978	1450	965	1063	672	1826	1373	1889	1304	1185	1089	918	952	860	2937	1098	748	994	1029	1360	1417	1181	1090	1376	631	1470	1351	273	731	2704	1524	1209	1000	1341	846	930	978	609	852	1750	1287	613	765	1133	1038	1072	342	906	1684	1044	971	644	254	968	1442	1083	1031	712	1372	1235	1024	414	188	1493	1134	1193	1032	1488	1087	1059	3143	1334	1026	686	2033	2943	913	1101	1228	434	1361	1809	1267	1295	2496	1388	870	1618	1933	1239	1081	875	1657	759	1681	1209	958	989	1180	633	1389	1019	1395	970	913	1359	1416	984	1106	622	1209	1182	505	1302	1324	1617	1356	968	733	1478	1495	1349	2123	1488	1493	1244	1273	342	1046	1096	1177	1341
2696	2856	2607	1890	1712	2065	1670	2455	2561	2372	2864	1660	3638	2906	2324	2857	3023	2940	3449	3069	2607	2700	1612	2462	2897	2397	2426	2712	1916	2941	2307	3033	2339	3160	2965	1670	0	1650	3323	3247	1982	2195	2694	2761	1635	2857	3308	2404	3095	2324	3024	2910	2165	2371	2970	2767	3031	3031	1644	2530	2513	2570	2834	1997	2923	3163	2632	2988	3063	3086	2946	3039	2130	2368	2622	3031	2542	2578	2337	2640	3075	1753	772	2337	2561	3031	3546	2942	2856	2727	2588	2622	2531	4558	2769	1189	2591	2339	3030	3087	2851	2727	3038	2292	3126	2966	1750	2401	4278	3179	2857	2666	3008	1626	2598	2640	2277	2509	3405	2922	2280	2292	2804	2707	2733	1912	2576	3338	2711	2635	2307	1911	2602	3084	2752	2700	2316	3042	2902	2690	1990	1655	3141	2792	2863	2703	3157	2727	2728	4391	2994	2684	2314	3436	4594	2573	2762	2898	1653	3026	2542	2934	2932	4163	3050	2266	3287	3595	2910	2750	2530	972	2430	3095	2857	1532	2612	2851	2301	3051	2653	2453	2634	2573	3029	3087	2576	2769	1058	2834	2853	2170	2938	2949	3284	3023	2381	1941	3148	3164	3014	3754	3158	3163	2914	2885	1912	2713	2767	2848	3002
1087	1275	1049	759	556	485	296	881	1730	1868	1554	579	1988	1663	732	1235	1462	1456	1807	1421	1033	1135	290	818	1340	1274	852	1103	279	1463	702	1453	1313	1579	1333	296	1650	0	1675	1690	2475	1072	1133	1132	563	1235	1726	1261	1498	732	1474	1302	972	792	1430	1169	1454	1454	531	901	926	976	1185	543	1360	1581	1013	1453	1432	1487	1298	1565	501	1862	1061	1451	998	1347	734	1108	1614	1247	1160	734	2122	1499	2007	1460	1274	1083	1012	1061	952	2908	1178	562	1197	1313	1451	1488	1269	1082	1410	787	1597	1526	109	820	2639	1652	1216	1050	1448	1119	1048	1108	693	883	1765	1446	687	1015	1215	1148	1108	273	1017	1697	1097	1017	702	475	1140	1590	1148	1135	928	1459	1344	1076	675	108	1631	1161	1282	1115	1577	1084	1120	2953	1457	1057	885	1879	2948	951	1136	1295	137	1470	2104	1371	1285	2534	1421	1147	1670	1959	1307	1145	901	1802	859	1525	1216	1215	1171	1270	766	1420	1189	1690	1015	951	1447	1487	1190	1146	605	1184	1272	583	1459	1299	1662	1462	1238	1029	1566	1547	1459	2104	1577	1581	1312	1234	273	1162	1169	1266	1461
706	673	883	1714	1759	1335	1687	961	2137	2544	1358	1822	357	1505	1046	539	679	940	186	255	849	809	1778	862	732	1656	984	693	1408	956	1049	602	1792	571	415	1687	3323	1675	0	680	3671	1664	821	602	1836	539	571	1628	507	1046	719	548	1586	1022	764	683	613	613	1810	814	895	837	490	1490	704	570	736	779	344	502	377	965	1199	2541	866	601	950	1491	1024	914	1003	2306	2750	1024	2742	779	850	945	674	599	857	866	895	1250	697	2197	1203	1792	605	501	674	598	375	1170	784	1056	1573	994	1063	793	480	715	686	2274	903	914	1096	839	174	960	1085	1454	683	818	635	1411	901	146	682	738	1049	1491	1072	904	673	809	1303	588	727	699	1527	1670	851	566	668	752	576	600	683	1993	770	673	1251	946	1274	784	607	577	1692	694	2733	696	393	909	365	1664	366	356	573	673	814	3307	985	833	480	2433	1110	679	1131	357	1051	2201	737	784	594	498	1221	608	2268	490	678	1188	953	375	324	679	1628	1911	570	385	706	435	571	570	571	448	1411	833	683	678	757
622	417	646	1421	1549	1528	1583	810	1564	2003	748	1608	957	876	957	530	228	374	588	655	657	556	1888	947	353	1162	839	608	1413	384	988	247	1296	147	515	1583	3247	1690	680	0	3228	1246	559	633	1630	530	126	1137	255	957	223	435	1205	898	278	531	243	243	1615	825	763	715	769	1724	330	146	707	265	464	268	692	339	1196	2000	633	250	707	960	957	606	357	1917	2572	957	2171	226	320	376	418	757	677	633	738	1639	518	2252	743	1296	249	268	423	763	455	954	154	445	1580	870	1603	129	644	666	242	1926	652	606	997	835	556	398	1002	1058	479	546	638	1421	678	541	621	699	988	1336	671	267	560	556	965	246	348	641	1275	1642	196	622	411	576	145	748	590	2670	257	690	948	1616	1523	768	621	427	1759	222	2165	319	677	1004	453	1217	315	589	414	563	825	3034	833	1443	644	2088	680	421	950	463	626	1649	703	768	256	271	762	604	2205	768	419	1108	383	732	356	228	1144	1531	156	324	234	935	148	146	410	808	1421	536	531	426	247
2973	3008	2787	1991	2037	2942	2241	2732	1765	1318	2525	1981	4028	2454	2695	3133	3074	2853	3704	3448	2824	2863	2672	2950	2976	2065	2714	2985	2572	2844	2713	3131	1931	3227	3256	2241	1982	2475	3671	3228	0	2011	2850	3089	1981	3133	3342	2091	3226	2695	3048	3125	2084	2693	2989	2988	3122	3122	2016	2925	2796	2849	3282	3017	3008	3230	2963	2988	3329	3224	3351	2900	2672	1318	2804	3130	2722	2270	2726	2759	2902	1370	1550	2726	1295	3014	3411	2851	3007	3148	2818	2804	2788	4854	2974	2460	2501	1931	3127	3226	3006	3153	3297	2524	3074	2794	2501	2716	4734	3108	3222	2973	3061	1432	2767	2759	2651	2899	3657	2830	2670	2219	2989	2854	3053	2579	2771	3604	2998	2958	2713	2304	2613	2970	2999	2863	2367	3144	2982	2985	2187	2390	3044	3123	3014	2919	3222	3141	2992	5372	2998	3030	2423	4240	4750	2932	3080	3098	2584	3066	1286	3018	3327	4225	3308	2022	3440	3780	3104	2999	2925	1012	2711	3895	3222	1292	2584	3002	2573	3315	2644	1648	2961	2932	3134	3228	2482	3074	2078	3281	3003	2599	2844	3379	3461	3074	2084	1761	3220	3343	3051	4076	3226	3230	3107	3361	2579	2841	2988	3002	3011
981	997	786	345	573	1320	793	766	678	947	676	596	2020	711	785	1131	1070	875	1692	1452	828	855	1362	1046	967	217	757	990	939	868	819	1123	243	1225	1252	793	2195	1072	1664	1246	2011	0	842	1101	624	1131	1350	215	1217	785	1048	1116	113	756	988	983	1114	1114	635	979	823	869	1315	1490	998	1228	987	991	1321	1215	1366	945	889	942	803	1121	726	384	819	750	963	670	1445	819	1184	1022	1480	874	996	1185	826	803	808	2847	968	1520	502	243	1119	1216	995	1190	1289	580	1095	849	1006	770	2725	1137	1234	989	1057	689	765	750	755	956	1646	852	779	210	981	846	1066	951	774	1593	1007	980	819	613	602	1008	998	855	375	1136	973	997	404	968	1080	1134	1003	917	1221	1175	995	3483	1001	1052	443	2333	2763	970	1090	1088	1206	1064	1170	1009	1340	2250	1299	79	1431	1773	1094	999	979	1811	751	2017	1234	848	577	991	640	1307	636	669	985	970	1125	1218	483	1082	1285	1314	992	760	868	1398	1451	1070	191	291	1217	1332	1049	2065	1224	1228	1096	1397	951	831	983	991	1013
