NAME : VRPTW_INSTANCE_250.txt
COMMENT : Bangkok Supermarket
TYPE : VRPTW
DIMENSION : 327
DAYS : Thursday
EDGE_WEIGHT_TYPE : EXPLICIT
VEHICLES : 41
EDGE_WEIGHT_FORMAT : FULL_MATRIX
CAPACITY : 1000
EDGE_WEIGHT_SECTION
0	399	284	388	347	155	976	1028	1744	541	371	437	663	464	1190	1712	540	140	474	306	330	435	815	196	582	97	968	418	185	133	97	474	1065	761	978	1873	639	1213	155	1753	1974	503	379	316	462	379	330	248	239	271	308	462	1028	935	46	307	155	193	1080	133	172	586	436	600	1898	1568	189	97	410	492	1234	349	1922	667	444	230	124	1520	829	874	348	164	486	33	535	487	355	996	221	88	221	631	533	972	1933	916	395	14	241	965	24	224	2245	590	2127	245	910	309	565	413	309	221	255	369	258	359	2777	454	1608	671	1659	1330	1190	193	986	399	1098	401	212	582	1052	525	379	1007	1149	410	22	171	307	307	479	538	1146	405	1749	79	101	382	891	617	582	330	952	308	395	2924	97	413	982	153	1300	750	283	322	347	609	73	969	447	521	376	395	531	309	255	92	1532	212	1922	309	1812	359	425	309	1028	1124	288	422	330	508	438	1606	1005	1627	622	103	124	37	201	1007	701	751	359	1210	368	210	411	1295	103	1634	1115	239	811	353	1171	1491	541	492	368	1605	406	189	103	352	165	425	891	528	497	544	1001	203	284	386	366	530	379	37	477	1467	611	484	1994	1410	359	912	1215	155	258	484	206	458	582	386	1134	199	224	1532	1910	650	110	861	1219	436	2179	193	1231	491	447	123	78	127	407	542	254	437	620	242	2524	459	1014	221	2628	987	1457	495	612	217	634	37	1190	176	178	379	192	580	309	1089	1058	1081	368	1001	206	73	330	369	240	1005	258	341	620	346	581	402	1291	193	97	1731	532	185	408	1010	1121	394	246	283	153
399	0	660	776	123	397	1212	1415	1809	154	764	270	416	810	1560	1965	153	467	406	649	714	255	1148	568	953	321	1207	192	474	516	321	406	838	931	1152	2237	438	1567	498	1390	2230	653	111	512	718	87	714	466	162	446	249	773	1415	1101	437	252	498	573	1284	322	398	189	548	208	1571	1717	464	382	170	640	1568	130	1711	831	581	488	489	1383	976	567	116	494	415	366	451	415	121	1224	181	393	504	380	670	1208	1723	1168	794	387	498	1182	377	177	2316	733	2430	155	974	542	598	16	694	504	560	204	144	756	3077	848	1414	272	1756	1496	1560	573	1168	3	1300	787	608	708	1302	919	111	1326	1320	180	377	230	252	405	102	451	1531	177	1791	472	316	208	1000	372	953	714	757	253	227	3243	382	172	1361	481	1655	350	164	224	124	882	463	1213	474	455	427	794	451	388	560	482	1882	608	2311	694	2016	756	732	542	1415	1523	245	171	714	242	277	1623	1379	1684	329	488	275	362	566	1231	307	731	497	1496	94	237	808	1645	488	1779	1511	495	429	193	1536	1144	451	640	106	1878	179	555	488	114	410	266	1000	450	805	454	1162	242	660	780	177	450	87	362	104	1362	743	111	2065	1219	756	1300	1502	498	630	111	193	735	707	780	1519	491	177	1882	1939	329	312	1253	1615	271	2318	399	1451	637	292	512	402	416	178	570	505	477	306	497	2480	171	1180	504	2873	1157	1851	894	446	480	1030	362	1560	409	376	111	207	683	542	691	1457	1431	97	1227	196	463	714	93	159	822	630	241	537	189	692	164	1655	573	382	1333	679	474	179	1169	1298	9	500	656	481
284	660	0	299	578	276	752	755	1604	785	124	604	816	191	908	1460	783	337	743	84	59	609	537	91	299	339	741	618	209	150	339	743	1341	604	797	1590	772	929	163	2034	1717	425	609	520	290	618	59	270	510	312	487	514	755	763	268	485	163	91	872	339	284	837	419	867	2182	1377	222	362	619	419	953	576	2187	532	401	429	171	1767	683	1158	581	339	583	312	623	583	585	775	494	349	199	791	455	746	2199	683	197	298	435	754	309	496	2092	490	1852	516	1094	252	563	671	45	199	157	653	529	138	2502	201	1872	925	1501	1137	908	91	799	659	890	130	199	500	814	268	609	732	959	615	305	446	485	559	722	626	871	611	1625	249	344	667	767	777	299	59	1224	484	679	2643	362	621	703	183	1016	1003	513	513	577	386	257	739	695	601	628	197	617	566	157	250	1248	199	1651	45	1584	138	202	252	755	878	473	631	59	700	601	1503	723	1496	807	256	394	316	93	788	943	744	363	947	606	431	180	1011	256	1444	916	435	1037	637	887	1774	631	419	601	1345	611	104	256	584	269	592	767	614	542	633	828	425	0	145	649	617	618	316	719	1703	516	725	1845	1675	138	748	953	163	29	725	472	551	500	145	859	198	496	1248	1791	846	348	684	1017	603	1984	294	1006	420	604	242	334	247	613	777	445	477	817	437	2721	741	836	199	2374	809	1193	306	729	418	460	316	908	274	307	609	459	517	252	1333	815	797	604	782	481	257	59	606	502	1274	29	624	881	630	511	613	1007	91	362	1972	445	209	613	838	929	656	440	9	183
388	776	299	0	736	487	1001	751	1890	925	224	815	1040	431	958	1656	923	316	690	384	269	816	706	324	429	483	989	804	451	323	483	690	1277	896	1075	1629	1008	1016	386	2061	1902	722	766	408	587	766	269	529	614	570	686	254	751	1047	344	685	386	305	1131	510	502	966	705	964	2164	1641	464	396	798	716	1075	737	2072	829	692	348	362	1620	976	1164	736	294	834	419	879	834	743	1028	595	384	461	1010	753	995	2084	927	147	397	346	1015	405	598	2371	789	1985	620	884	537	850	791	264	461	439	686	631	190	2627	247	1756	1046	1780	1402	958	305	1074	776	1149	272	177	798	1047	287	766	897	1230	797	406	547	685	503	863	882	869	792	1917	309	488	698	1064	996	429	269	1150	685	702	2742	396	801	736	406	1094	1125	672	705	735	656	316	984	606	860	558	147	874	519	439	296	1327	177	1613	264	1812	190	491	537	751	786	667	809	269	894	815	1799	775	1786	1007	289	508	423	337	1043	1083	1035	639	1135	755	596	198	1101	289	1708	736	348	1197	677	950	1786	886	716	755	1526	793	339	289	739	487	802	1064	871	272	889	1109	590	299	213	694	874	766	423	862	1540	815	869	2126	1565	190	525	1141	386	312	869	587	316	799	213	858	449	598	1327	2083	1037	496	477	840	814	2239	520	1248	717	822	266	374	449	794	655	348	748	1008	348	2497	794	1115	461	2556	1088	1140	161	973	346	258	423	958	497	520	766	573	815	537	1466	717	902	755	1035	579	316	269	756	622	1187	312	643	796	672	809	790	1067	305	396	2108	744	451	795	1119	1199	769	348	309	406
347	123	578	736	0	303	1090	1330	1691	207	691	162	353	713	1463	1844	206	448	494	555	635	149	1042	489	863	255	1086	95	378	445	255	494	961	808	1028	2137	356	1464	414	1499	2108	530	31	537	603	44	635	357	155	332	127	773	1330	977	392	130	414	496	1161	240	300	262	424	315	1689	1594	367	361	77	517	1460	7	1835	707	458	492	412	1499	853	690	7	476	298	316	337	299	7	1102	169	369	404	317	546	1087	1846	1048	732	338	504	1060	330	167	2198	609	2313	151	1052	431	476	125	616	404	461	291	149	688	2960	774	1535	352	1636	1372	1463	496	1044	121	1177	708	560	584	1182	844	31	1216	1196	83	329	204	130	448	145	338	1444	78	1676	426	250	300	877	306	863	635	877	131	320	3129	361	80	1271	395	1552	427	65	100	0	767	419	1092	543	340	486	732	338	433	461	439	1778	560	2226	616	1893	688	626	431	1330	1453	126	86	635	177	168	1510	1285	1567	287	447	229	313	484	1109	365	616	377	1379	32	147	739	1541	448	1656	1461	501	466	276	1438	1260	339	517	24	1759	79	473	447	9	314	155	877	336	807	342	1038	153	578	709	266	337	44	313	142	1475	619	148	1947	1340	688	1260	1385	414	548	148	161	747	583	709	1432	394	167	1778	1825	307	242	1208	1564	162	2195	296	1328	514	183	469	374	330	80	645	513	354	279	503	2586	289	1056	404	2750	1033	1770	837	352	483	981	313	1463	311	277	31	173	559	431	755	1388	1328	29	1105	183	419	635	33	129	941	548	315	635	269	568	68	1555	496	361	1395	556	378	81	1045	1175	127	507	572	395
155	397	276	487	303	0	861	1026	1594	511	395	335	556	413	1163	1609	510	294	591	252	335	338	753	191	559	111	854	342	76	165	111	591	1159	622	843	1839	521	1169	115	1786	1872	354	335	469	346	345	335	100	268	116	212	606	1026	798	192	210	115	203	955	81	17	565	281	606	1955	1431	68	245	342	342	1174	301	2027	525	291	385	126	1643	687	935	307	317	349	150	396	350	310	878	257	239	109	528	382	857	2039	807	448	160	397	843	163	259	2097	442	2049	273	1061	173	411	407	317	109	163	443	286	397	2698	476	1717	655	1514	1197	1163	203	853	396	973	407	313	432	944	545	335	935	1015	338	158	221	210	445	449	399	1140	335	1597	213	114	457	743	514	559	335	1055	210	474	2856	245	345	967	94	1257	731	240	237	303	505	212	857	582	380	511	448	392	443	163	227	1486	313	1922	317	1691	397	339	173	1026	1154	197	354	335	426	334	1452	983	1476	535	239	172	152	184	888	668	597	204	1120	333	160	446	1248	240	1497	1180	394	761	426	1139	1536	403	342	327	1510	334	175	239	311	14	323	743	389	640	406	864	155	276	414	432	391	345	152	446	1597	462	452	1846	1519	397	995	1125	115	246	452	229	609	432	414	1128	93	259	1486	1758	573	110	937	1283	334	2042	38	1112	341	339	251	232	38	336	682	409	284	543	397	2668	509	878	109	2523	852	1467	557	486	372	708	152	1163	22	33	335	220	427	173	1058	1091	1034	331	883	249	212	335	334	250	1112	246	431	741	418	428	337	1257	203	245	1695	383	76	336	872	989	395	401	270	94
976	1212	752	1001	1090	861	0	786	941	1265	779	996	1086	575	718	753	1265	1075	1448	688	750	1011	381	803	599	972	13	1062	798	864	972	1448	2020	309	194	1227	1015	629	821	2570	1018	563	1112	1265	516	1133	750	766	1121	773	963	1249	786	224	984	960	821	818	138	941	851	1325	669	1401	2778	642	800	1073	1077	575	540	1084	2889	398	633	1173	856	2497	316	1777	1097	1083	865	991	862	864	1095	29	1113	1062	761	1087	552	6	2901	76	854	988	1180	62	997	1114	1388	494	1242	1125	1846	689	679	1215	764	761	721	1303	1137	813	1880	763	2578	1408	808	407	718	818	170	1209	154	729	950	526	99	754	1112	339	258	1068	992	1082	960	1283	1217	865	828	1068	992	978	975	1317	386	1077	599	750	1916	959	1335	2067	1073	1078	687	824	697	1470	1049	990	1090	370	984	28	1423	842	1352	854	857	1285	721	984	853	950	1473	764	836	813	558	689	786	1031	966	1085	750	1095	989	930	650	858	1148	993	1034	994	793	45	1387	699	714	333	1123	993	805	665	994	709	1237	1179	1420	1285	677	2345	868	575	1112	673	1066	803	993	1099	846	991	386	856	1271	867	232	991	752	788	1289	858	1133	994	1213	2442	494	1215	1153	2380	813	1207	336	821	761	1215	1084	1296	527	787	821	782	1114	853	1157	1201	972	1134	1305	995	1238	841	255	579	980	984	1049	867	1068	1514	1191	754	1180	1182	3473	1356	218	761	1664	206	1145	903	962	1161	1000	994	718	841	866	1112	1077	562	689	1727	1008	530	1119	38	1107	984	750	1123	1097	1973	761	1292	1596	1277	549	1078	743	818	1073	2298	540	798	1067	238	226	1213	1185	746	824
1028	1415	755	751	1330	1026	786	0	1698	1538	657	1333	1520	631	238	1118	1537	1028	1433	777	701	1341	433	846	470	1094	773	1361	952	900	1094	1433	2026	935	966	879	1462	345	918	2779	1318	989	1362	1157	817	1372	701	990	1263	1027	1229	969	0	976	1000	1227	918	843	912	1095	1031	1592	1054	1622	2905	1340	964	1086	1365	994	461	1328	2818	949	1019	1088	926	2355	999	1890	1334	1014	1269	1059	1296	1269	1337	814	1246	1072	930	1502	1005	780	2829	724	653	1042	1088	840	1052	1249	2091	991	1303	1269	1589	934	1163	1427	721	930	875	1389	1283	672	1922	575	2503	1680	1552	1144	238	843	947	1414	924	628	852	1022	753	505	1362	466	1036	1359	1051	1197	1227	1242	1476	1300	119	1356	1763	971	1099	1403	1099	1488	470	701	1900	1226	1412	2012	1086	1367	99	936	395	1757	1267	1257	1330	712	980	757	1355	1272	1302	653	1290	1255	875	965	606	852	896	721	1354	672	740	934	0	247	1218	1376	701	1435	1328	1715	140	1631	1533	965	1146	1064	848	829	1694	1290	1037	669	1359	1185	623	418	966	1399	490	1089	1781	1376	251	2512	1304	994	1354	966	1356	860	965	1338	1017	1321	1099	1287	971	1305	1008	1179	755	644	1390	1290	1372	1064	1473	2266	1011	1478	1880	2314	672	566	673	918	785	1478	1226	1043	1023	643	107	938	1249	606	1923	1578	1103	512	536	1331	1847	1037	924	997	1328	943	1058	1001	1357	1406	1092	1143	1549	1090	3138	1487	998	930	1938	981	445	590	1412	1083	547	1064	238	1020	1054	1362	1213	1059	934	2083	241	312	1358	822	1232	980	701	1360	1257	1938	785	1354	1546	1370	1046	1360	346	843	1086	2718	989	952	1357	1016	1007	1412	1090	759	936
1744	1809	1604	1890	1691	1594	941	1698	0	1784	1668	1540	1483	1463	1568	933	1785	1873	2159	1524	1622	1555	1321	1623	1527	1698	955	1618	1560	1669	1698	2159	2642	1000	818	1817	1425	1448	1609	2945	1067	1240	1697	2059	1317	1722	1622	1496	1792	1479	1584	2118	1698	843	1769	1581	1609	1642	803	1655	1578	1835	1318	1936	3222	399	1555	1839	1639	1252	1321	1683	3506	1082	1303	1970	1647	3191	923	2341	1698	1889	1394	1745	1359	1393	1691	911	1792	1832	1527	1507	1211	947	3517	1016	1752	1752	1981	905	1757	1792	507	1153	1458	1793	2654	1437	1220	1805	1631	1527	1512	1971	1801	1701	1915	1672	3218	1891	158	554	1568	1642	823	1806	788	1623	1796	1162	949	1677	1697	1232	684	1629	1751	1781	1581	2038	1764	1359	1713	1632	105	1777	1699	1983	852	1505	1527	1622	2567	1580	2003	2179	1839	1638	1602	1601	1481	1921	1682	1600	1691	1235	1780	967	2171	1353	2101	1752	1358	2034	1512	1786	1520	1796	2180	1631	697	1701	1402	1437	1698	1946	1597	1641	1622	1598	1532	262	1558	125	1582	1798	1749	1747	1611	895	1838	1079	1393	1058	1716	1663	1706	1441	1799	369	2170	1979	1800	1954	1528	2786	1359	1252	1703	1019	1630	1616	1798	1699	1581	1542	852	1359	2146	1356	782	1664	1604	1682	1949	1359	1722	1747	1758	3163	1132	1756	256	3026	1701	2148	1055	1609	1602	1756	1764	2151	1162	1681	1709	1549	1792	1520	228	1626	1691	2075	2231	1539	607	1560	777	1253	1518	1798	1823	1617	1631	2274	1993	1354	1621	1982	4258	1980	778	1527	1458	804	1979	1819	1392	1957	1932	1747	1568	1572	1581	1697	1763	1169	1437	2043	1933	1401	1713	903	1793	1780	1622	1717	1760	2632	1602	1981	2310	1946	1166	1645	1546	1642	1839	2436	1211	1560	1630	772	716	1815	1986	1596	1601
541	154	785	925	207	511	1265	1538	1784	0	896	271	323	919	1670	2015	1	620	528	763	842	256	1244	695	1070	455	1262	203	586	649	455	528	862	970	1183	2341	366	1668	621	1308	2279	702	176	665	798	166	842	561	312	532	320	928	1538	1131	583	323	621	702	1324	446	508	60	596	152	1515	1727	575	534	190	690	1660	210	1721	872	634	643	618	1430	1004	557	204	647	415	508	437	416	200	1275	331	544	611	291	713	1263	1733	1229	933	531	653	1230	521	327	2288	773	2499	306	1095	631	610	138	823	611	668	339	296	891	3143	979	1435	147	1745	1516	1670	702	1201	153	1339	915	753	744	1360	1050	176	1413	1345	198	521	378	323	555	63	436	1652	199	1758	617	450	339	1012	288	1070	842	801	324	354	3319	534	189	1478	602	1756	220	271	291	208	960	609	1270	609	449	570	933	439	537	668	629	1980	753	2434	823	2045	891	830	631	1538	1658	326	181	842	187	278	1582	1492	1659	222	636	417	505	691	1279	159	709	563	1566	179	353	943	1744	636	1786	1657	650	275	332	1644	1080	434	690	183	1938	200	680	636	200	521	275	1012	439	960	437	1188	359	785	914	313	439	166	505	65	1423	778	59	2040	1247	891	1450	1571	621	755	59	337	889	743	914	1640	601	327	1980	1898	202	444	1401	1761	272	2317	503	1493	686	289	659	553	537	199	699	660	511	188	651	2550	264	1208	611	2913	1186	1978	1037	392	635	1176	505	1670	519	484	176	351	713	631	549	1593	1531	180	1276	347	609	842	178	302	868	755	383	640	330	723	191	1761	702	534	1191	725	586	199	1194	1327	163	655	780	602
371	764	124	224	691	395	779	657	1668	896	0	727	940	206	829	1452	895	383	796	195	67	731	507	203	236	443	767	737	331	247	443	796	1397	677	851	1512	896	864	280	2123	1704	533	723	544	378	730	67	394	608	437	607	470	657	824	344	605	280	194	907	451	404	946	538	969	2256	1417	345	431	737	528	904	690	2226	617	517	460	278	1791	758	1237	693	375	707	403	747	708	698	805	591	417	324	915	562	773	2237	705	86	385	463	790	395	594	2147	589	1812	615	1084	373	681	777	79	324	281	733	628	34	2460	83	1909	1034	1556	1178	829	194	850	764	925	50	211	603	828	154	723	702	1006	733	394	542	605	606	833	751	775	730	1696	316	448	747	849	901	236	67	1275	605	757	2590	431	739	615	301	949	1112	625	632	690	432	325	762	734	726	672	86	742	617	281	311	1183	211	1550	79	1597	34	276	373	657	761	592	749	67	821	724	1583	642	1564	929	312	491	407	210	819	1055	858	486	932	717	543	55	949	313	1484	791	464	1154	720	813	1857	755	528	714	1328	729	220	312	697	389	714	849	739	492	757	886	537	124	20	734	741	730	407	831	1719	615	837	1902	1714	34	625	938	280	152	837	573	522	604	20	763	322	594	1183	1863	968	453	560	892	726	2017	416	1027	530	728	292	403	363	731	804	471	601	938	465	2707	829	891	324	2359	864	1086	185	854	452	338	407	829	395	427	723	559	625	373	1446	697	739	716	812	577	325	67	718	605	1320	152	700	924	713	618	731	933	194	431	2086	550	331	731	896	974	760	467	133	301
437	270	604	815	162	335	996	1333	1540	271	727	0	225	702	1442	1745	271	561	656	560	664	15	1003	525	862	340	994	78	395	499	340	656	1104	699	912	2101	207	1429	449	1574	2009	435	160	679	550	184	664	343	305	305	129	892	1333	860	484	130	449	538	1053	306	324	330	331	416	1786	1462	382	480	99	423	1411	155	1974	601	369	623	461	1653	733	815	169	589	148	411	180	149	160	1005	316	484	408	194	444	994	1985	963	783	432	635	960	427	314	2046	503	2234	303	1212	399	341	265	648	408	461	453	304	731	2876	806	1679	411	1491	1247	1442	538	930	267	1068	733	638	473	1092	872	160	1161	1075	89	424	336	130	600	232	180	1441	92	1521	516	337	462	744	180	862	664	1027	130	482	3056	480	98	1264	428	1517	474	186	116	162	706	510	1002	702	187	643	783	181	587	461	529	1735	638	2221	648	1775	731	599	399	1333	1479	149	101	664	105	7	1352	1271	1415	202	540	342	409	517	1009	394	461	310	1303	180	231	780	1502	541	1522	1516	631	454	438	1414	1350	181	423	168	1670	91	508	540	168	339	12	744	180	926	184	918	237	604	747	428	181	184	409	226	1632	507	226	1796	1486	731	1330	1308	449	575	226	298	875	472	747	1430	406	314	1735	1668	245	327	1273	1618	1	2056	310	1222	420	21	559	486	372	91	806	645	242	216	634	2747	442	937	408	2642	916	1777	893	193	611	1044	409	1442	332	302	160	306	442	399	763	1418	1292	177	1007	326	510	664	181	275	1092	575	477	797	432	452	105	1527	538	480	1387	457	395	90	924	1056	277	638	597	428
663	416	816	1040	353	556	1086	1520	1483	323	940	225	0	890	1609	1812	325	784	823	763	875	227	1159	742	1053	565	1086	259	609	721	565	823	1179	777	966	2250	71	1582	667	1514	2071	559	334	890	710	352	875	547	508	506	355	1115	1520	913	709	355	667	756	1116	532	543	363	472	468	1760	1465	595	701	275	551	1549	347	2028	691	510	840	683	1753	789	865	357	812	251	636	233	251	348	1089	522	706	617	36	556	1085	2039	1067	1001	657	852	1040	652	520	1982	601	2328	504	1390	589	409	404	861	617	665	620	502	947	2959	1016	1750	409	1457	1271	1609	756	988	413	1129	941	863	567	1185	1080	334	1299	1114	270	649	551	355	800	329	229	1624	275	1450	741	562	625	770	47	1053	875	1124	355	644	3153	701	272	1444	646	1669	439	398	340	353	851	736	1097	887	256	834	1001	238	785	665	755	1877	863	2397	861	1806	947	779	589	1520	1681	374	267	875	178	225	1270	1447	1358	102	765	563	634	733	1090	354	434	482	1410	355	455	994	1650	766	1520	1731	849	342	608	1577	1320	225	551	346	1753	275	725	765	355	558	238	770	240	1149	225	962	461	816	960	594	238	352	634	325	1746	596	320	1737	1564	947	1552	1414	667	788	320	510	1094	566	960	1613	618	520	1877	1585	142	552	1492	1833	226	2036	527	1286	547	217	784	709	593	273	986	862	379	140	851	2874	574	983	617	2686	966	1965	1112	123	830	1264	634	1609	550	522	334	520	528	589	641	1622	1447	353	1089	534	736	875	355	481	1191	788	654	950	603	542	284	1686	756	701	1226	572	609	273	966	1101	425	855	808	646
464	810	191	431	713	413	575	631	1463	919	206	702	890	0	750	1270	918	528	932	163	176	710	350	268	163	501	563	733	336	332	501	932	1528	481	645	1426	835	757	319	2198	1527	392	743	710	215	756	176	361	673	396	603	674	631	620	455	600	319	275	701	490	413	975	434	1019	2358	1211	346	549	739	392	770	710	2377	433	402	620	342	1958	562	1334	717	530	640	489	671	640	719	600	659	536	308	871	416	569	2389	503	288	478	626	584	488	661	1940	426	1664	679	1276	303	560	820	192	308	251	830	692	240	2314	215	2062	1065	1350	971	750	275	643	809	719	160	381	448	630	242	743	543	799	733	485	614	600	750	858	675	739	730	1493	439	506	844	657	857	163	176	1413	600	858	2460	549	741	562	333	845	1140	652	631	712	227	447	559	886	647	819	288	665	756	251	440	1075	381	1520	192	1400	240	116	303	631	796	594	750	176	805	697	1385	573	1361	901	447	561	493	263	614	1072	718	407	756	744	573	242	837	447	1278	889	625	1153	814	726	1944	679	392	737	1154	729	275	447	721	401	690	657	662	698	681	681	568	191	219	824	665	756	493	855	1894	451	860	1696	1865	240	766	762	319	210	860	634	721	449	218	728	320	661	1075	1661	947	507	694	984	700	1812	416	826	395	696	433	522	396	731	968	635	517	918	627	2902	911	685	308	2183	659	1076	362	785	609	497	493	750	402	436	743	622	478	303	1458	741	622	741	607	647	447	176	744	660	1463	210	805	1071	806	468	735	844	275	549	2088	401	336	731	691	767	808	630	188	333
1190	1560	908	958	1463	1163	718	238	1568	1670	829	1442	1609	750	0	902	1669	1211	1623	910	860	1452	452	998	609	1245	707	1481	1086	1058	1245	1623	2221	937	911	683	1546	127	1063	2942	1089	1055	1493	1356	899	1507	860	1110	1416	1142	1352	1189	238	933	1169	1349	1063	998	823	1238	1164	1726	1136	1768	3085	1189	1097	1259	1488	1062	259	1460	3030	975	1098	1280	1078	2574	986	2064	1468	1201	1358	1220	1377	1357	1470	741	1401	1245	1059	1596	1065	713	3042	673	843	1204	1282	779	1215	1403	1925	1037	1065	1422	1816	1044	1224	1570	881	1059	1002	1559	1436	850	1688	752	2714	1816	1414	1018	0	998	888	1558	831	791	1035	1070	658	688	1493	379	943	1481	1213	1354	1349	1432	1609	1381	168	1478	1641	1143	1249	1572	1079	1583	609	860	2098	1348	1584	1787	1259	1489	221	1079	157	1890	1403	1381	1463	762	1152	690	1552	1354	1495	843	1372	1443	1002	1139	373	1035	792	881	1154	850	843	1044	238	430	1344	1498	860	1547	1437	1617	186	1514	1636	1141	1301	1224	998	754	1821	1322	1134	510	1494	1324	805	183	1141	1242	698	1282	1896	1544	40	2682	1385	1062	1488	749	1478	1010	1141	1471	1151	1432	1079	1369	1193	1386	950	1318	908	819	1557	1372	1507	1224	1606	2489	1052	1611	1728	2523	850	801	513	1063	935	1611	1378	1262	1072	819	171	1070	1403	373	1795	1684	1252	749	723	1440	1656	1167	793	1066	1434	1121	1231	1143	1479	1611	1288	1230	1657	1284	3375	1649	936	1059	1701	924	427	797	1493	1274	775	1224	0	1153	1187	1493	1366	1110	1044	2204	452	188	1492	749	1388	1152	860	1495	1406	2139	935	1527	1744	1537	1096	1484	111	998	1259	2827	1048	1086	1479	957	917	1557	1285	910	1079
1712	1965	1460	1656	1844	1609	753	1118	933	2015	1452	1745	1812	1270	902	0	2015	1796	2187	1411	1443	1760	949	1527	1226	1719	759	1813	1542	1590	1719	2187	2769	1046	845	907	1741	778	1557	3315	264	1315	1865	1980	1263	1887	1443	1517	1873	1526	1717	1910	1118	898	1714	1713	1557	1538	696	1689	1600	2075	1421	2154	3530	556	1545	1806	1829	1328	656	1838	3634	1143	1386	1889	1589	3227	1023	2531	1851	1799	1608	1730	1599	1607	1848	741	1864	1794	1505	1817	1302	757	3645	802	1510	1725	1896	785	1735	1865	1120	1242	564	1877	2536	1438	1416	1969	1461	1505	1460	2052	1889	1485	1153	1409	3321	2157	783	594	902	1538	823	1963	683	1401	1650	1272	665	1373	1865	760	709	1819	1730	1830	1713	2014	1969	1602	1071	1819	1035	1703	1722	2066	1048	1809	1226	1443	2662	1712	2084	1371	1806	1829	1050	1562	758	2215	1803	1743	1843	1105	1710	753	2152	1581	2083	1510	1595	2018	1460	1706	683	1650	1301	1461	288	1485	1287	1438	1118	1333	1719	1836	1443	1841	1738	1111	997	949	1883	1714	1781	1734	1519	736	2131	1391	1468	520	1876	1746	1461	723	1715	566	1600	1895	2152	2035	875	3095	1605	1328	1865	153	1818	1529	1714	1853	1594	1740	1048	1594	1926	1603	851	1743	1460	1455	2040	1596	1887	1734	1964	3164	1238	1966	986	3123	1485	1676	514	1557	1476	1966	1834	1970	1273	1454	1073	1525	1865	683	1141	1936	1719	1614	1624	1743	785	1591	525	1331	1727	1702	1781	1611	1819	2237	1906	1504	1918	1897	4153	2109	830	1505	915	845	1222	1521	1690	1879	1567	1734	902	1589	1616	1865	1827	1304	1438	2452	1351	819	1873	739	1857	1710	1443	1877	1849	2717	1476	2039	2332	2027	1293	1830	827	1538	1806	2988	1291	1542	1819	849	716	1967	1900	1456	1562
540	153	783	923	206	510	1265	1537	1785	1	895	271	325	918	1669	2015	0	618	526	762	841	256	1243	694	1069	453	1262	203	585	648	453	526	860	970	1183	2340	367	1667	620	1308	2279	702	175	663	798	165	841	560	310	531	319	926	1537	1131	581	322	620	701	1324	444	507	60	596	151	1515	1728	574	532	189	690	1659	209	1721	872	633	641	617	1429	1004	556	202	646	415	507	437	416	199	1274	329	542	610	293	713	1263	1732	1229	932	529	651	1230	520	326	2289	773	2499	304	1093	631	610	136	821	610	667	337	294	890	3143	978	1434	148	1746	1516	1669	701	1202	151	1339	914	752	744	1360	1049	175	1412	1346	198	519	376	322	553	61	436	1651	199	1759	616	448	337	1012	289	1069	841	799	323	352	3319	532	188	1477	601	1755	221	270	290	207	960	608	1269	607	450	568	932	440	535	667	627	1979	752	2432	821	2045	890	829	631	1537	1657	325	181	841	187	278	1583	1491	1659	224	634	416	503	690	1279	160	709	562	1566	177	352	941	1743	634	1787	1656	648	277	330	1643	1080	435	690	182	1938	200	679	634	199	520	275	1012	440	958	437	1188	358	783	912	311	439	165	503	64	1421	778	58	2041	1246	890	1448	1571	620	754	58	336	887	743	912	1639	600	326	1979	1899	204	442	1400	1759	272	2317	502	1493	686	290	657	551	536	198	697	658	511	190	650	2549	262	1208	610	2913	1187	1977	1035	393	633	1174	503	1669	518	483	175	350	713	631	551	1591	1530	179	1276	345	608	841	177	301	867	754	381	638	328	723	190	1760	701	532	1192	725	585	199	1194	1327	161	653	778	601
140	467	337	316	448	294	1075	1028	1873	620	383	561	784	528	1211	1796	618	0	413	388	365	557	873	272	616	225	1066	530	312	212	225	413	1013	881	1094	1893	767	1247	265	1756	2054	635	476	190	572	471	365	383	308	409	434	330	1028	1053	104	434	265	258	1187	268	312	656	573	649	1877	1683	319	86	519	624	1282	451	1851	792	579	98	227	1430	953	862	446	28	623	155	672	624	455	1097	290	79	345	751	665	1070	1862	1011	375	138	108	1070	139	293	2372	720	2187	314	784	436	705	483	345	345	365	371	324	360	2836	458	1535	734	1784	1444	1211	258	1100	468	1205	425	176	715	1145	525	476	1068	1263	521	143	245	434	224	560	674	1147	516	1881	98	228	384	1020	737	616	365	893	435	390	2971	86	522	995	271	1332	812	390	444	447	705	93	1065	358	659	292	375	668	234	365	91	1566	176	1911	345	1912	360	517	436	1028	1094	414	530	365	620	562	1741	1024	1757	733	82	221	156	282	1109	775	891	497	1285	461	329	406	1331	82	1749	1052	106	895	361	1196	1486	678	624	464	1682	516	272	82	450	304	549	1020	665	365	681	1120	323	337	391	378	667	471	156	560	1369	742	568	2121	1338	360	835	1290	265	320	568	288	320	715	391	1136	324	293	1566	2044	755	238	791	1156	560	2293	333	1331	624	573	95	75	263	518	441	120	577	727	109	2406	478	1131	345	2711	1104	1441	456	743	86	575	156	1211	314	318	476	275	715	436	1154	1025	1120	462	1103	274	93	365	462	323	940	320	330	545	356	715	510	1316	258	86	1794	663	312	518	1128	1234	460	113	340	271
474	406	743	690	494	591	1448	1433	2159	528	796	656	823	932	1623	2187	526	413	0	779	777	644	1281	665	1029	479	1440	586	649	600	479	0	600	1212	1434	2304	842	1661	630	1379	2448	937	501	287	931	479	777	690	368	695	580	555	1433	1388	476	583	630	656	1546	517	603	524	846	452	1473	2020	648	383	565	924	1694	501	1447	1113	867	345	598	1052	1273	483	487	421	784	457	828	785	496	1466	367	395	687	787	962	1443	1459	1389	781	461	345	1433	452	367	2666	1024	2596	368	568	764	940	419	756	687	727	204	362	772	3245	870	1133	561	2091	1787	1623	656	1445	409	1563	839	587	1008	1526	935	501	1475	1606	573	457	381	583	191	498	829	1552	569	2152	493	477	198	1319	779	1029	777	481	584	179	3384	383	567	1405	625	1745	621	484	568	494	1083	485	1442	108	827	132	781	827	179	727	493	1980	587	2304	756	2281	772	900	764	1433	1475	565	569	777	648	662	1993	1436	2038	733	489	420	453	671	1477	629	1101	775	1683	479	496	817	1745	488	2085	1391	344	763	218	1608	1100	830	924	490	2080	570	660	489	488	605	649	1319	825	577	834	1453	495	743	804	230	826	479	453	502	1008	1041	509	2415	935	772	1157	1689	630	722	509	395	488	1008	804	1541	665	367	1980	2306	726	482	1130	1491	656	2630	618	1701	922	677	507	409	581	570	174	342	805	707	343	2101	265	1468	687	3103	1442	1831	847	845	350	939	453	1623	612	593	501	397	995	764	932	1406	1534	482	1471	366	485	777	479	401	531	722	181	151	224	1000	556	1729	656	383	1538	966	649	571	1461	1580	397	343	744	625
306	649	84	384	555	252	688	777	1524	763	195	560	763	163	910	1411	762	388	779	0	128	567	511	116	307	338	678	583	176	179	338	779	1371	523	721	1588	714	920	157	2035	1671	341	586	577	207	598	128	217	510	257	452	594	777	686	303	449	157	129	803	327	255	818	343	858	2195	1305	188	396	587	336	932	552	2226	449	322	484	182	1816	602	1172	559	394	521	329	559	522	562	710	496	383	153	740	371	683	2238	623	276	319	492	686	329	498	2014	405	1821	516	1161	181	485	659	124	153	99	668	529	216	2471	258	1912	907	1423	1065	910	129	724	648	821	182	273	415	756	318	586	701	886	582	325	451	449	602	701	562	889	579	1544	292	343	682	684	726	307	128	1258	449	697	2621	396	589	715	170	1008	983	493	479	554	318	299	677	741	536	672	276	553	607	99	296	1238	273	1671	124	1524	216	130	181	777	919	441	598	128	660	556	1420	730	1415	762	305	398	333	107	723	918	664	294	904	585	413	250	1000	306	1372	976	491	1004	652	887	1781	567	336	579	1301	578	118	305	563	241	548	684	550	623	569	751	408	84	216	662	553	598	333	698	1757	431	703	1766	1714	216	820	910	157	78	703	471	628	416	215	878	161	498	1238	1709	805	344	753	1076	558	1914	260	943	338	557	296	370	233	580	828	503	409	776	493	2787	748	760	153	2326	733	1220	381	668	473	533	333	910	244	278	586	459	434	181	1306	859	785	583	716	484	299	128	586	497	1310	78	645	922	644	428	582	1006	129	396	1941	361	176	580	760	856	647	497	75	170
330	714	59	269	635	335	750	701	1622	842	67	664	875	176	860	1443	841	365	777	128	0	669	508	146	254	393	738	677	268	199	393	777	1377	626	809	1543	830	887	221	2084	1698	468	667	539	319	675	0	328	562	371	546	502	701	779	309	544	221	141	875	396	343	893	471	921	2226	1383	282	401	678	463	917	634	2216	561	450	451	225	1789	707	1204	638	363	640	360	680	641	642	775	545	387	258	851	497	744	2228	679	148	344	456	757	355	548	2106	527	1821	568	1100	306	613	727	21	258	214	698	582	88	2470	141	1900	982	1515	1143	860	141	809	714	893	73	207	540	806	209	667	704	968	674	353	497	544	590	779	683	818	670	1647	286	398	712	795	836	254	0	1258	544	724	2607	401	680	652	241	973	1059	570	572	634	392	294	735	722	658	658	148	674	598	214	284	1206	207	1597	21	1576	88	222	306	701	819	532	689	0	759	661	1530	675	1516	866	287	445	365	150	789	1000	792	418	926	663	488	123	970	288	1450	857	456	1096	683	841	1822	688	463	659	1323	670	161	287	642	328	651	795	671	527	690	843	482	59	88	696	674	675	365	776	1722	553	782	1860	1704	88	693	932	221	88	782	525	546	541	88	806	257	548	1206	1814	906	402	628	958	662	1987	354	1002	465	664	270	373	305	671	799	465	533	876	458	2726	790	849	258	2354	822	1136	253	787	442	406	365	860	333	366	667	512	561	306	1391	756	757	661	782	532	294	0	663	556	1305	88	667	911	677	553	672	962	141	401	2030	486	268	672	852	937	711	461	67	241
435	255	609	816	149	338	1011	1341	1555	256	731	15	227	710	1452	1760	256	557	644	567	669	0	1014	529	870	338	1008	62	400	501	338	644	1088	714	927	2113	214	1440	453	1559	2023	449	145	671	561	170	669	350	296	313	129	888	1341	875	482	130	453	541	1068	306	327	315	344	400	1771	1477	387	475	84	437	1422	142	1958	616	383	617	464	1638	748	800	156	585	164	408	196	164	147	1019	307	479	414	195	458	1009	1969	977	786	430	629	974	425	305	2061	517	2248	293	1200	408	357	250	653	414	468	440	294	735	2890	811	1664	397	1506	1263	1452	541	946	252	1083	738	638	488	1106	877	145	1173	1091	74	421	329	130	590	216	196	1450	77	1536	514	334	449	760	181	870	669	1012	130	469	3070	475	83	1272	431	1528	460	178	113	149	719	509	1016	691	202	632	786	197	577	468	528	1746	638	2230	653	1790	735	608	408	1341	1485	148	85	669	95	23	1367	1281	1430	197	538	337	406	521	1024	381	476	321	1316	167	228	784	1513	539	1538	1519	625	444	425	1424	1335	196	437	154	1684	76	512	538	155	343	20	760	196	922	199	933	234	609	751	415	196	170	406	211	1617	522	211	1811	1471	735	1332	1321	453	580	211	290	870	487	751	1438	411	305	1746	1683	238	325	1275	1622	16	2072	315	1237	434	37	558	482	374	76	794	639	256	209	628	2733	427	952	414	2657	931	1785	896	204	605	1046	406	1452	336	305	145	299	457	408	753	1423	1303	163	1021	317	509	669	167	265	1077	580	465	784	419	467	90	1537	541	475	1378	471	400	75	939	1072	262	632	602	431
815	1148	537	706	1042	753	381	433	1321	1244	507	1003	1159	350	452	949	1243	873	1281	511	508	1014	0	619	277	849	367	1048	677	683	849	1281	1879	504	543	1098	1095	425	669	2539	1198	603	1070	1047	453	1086	508	684	1019	711	924	961	433	547	805	920	669	625	517	833	750	1302	688	1355	2706	1001	685	899	1057	610	421	1038	2724	528	649	959	693	2296	565	1683	1047	871	909	840	927	909	1048	410	1005	886	644	1148	612	374	2735	309	561	829	964	425	839	1008	1756	584	1314	1024	1588	612	771	1157	528	644	590	1180	1038	538	1964	459	2408	1391	1185	777	452	625	526	1147	532	457	713	618	382	425	1070	196	639	1050	836	962	920	1096	1186	930	504	1048	1374	787	853	1194	665	1135	277	508	1762	920	1209	2109	899	1058	335	681	513	1463	986	952	1042	310	795	354	1230	903	1165	561	921	1104	590	787	735	713	1245	528	1116	538	416	612	433	667	918	1067	508	1108	997	1306	315	1240	1191	793	910	844	614	426	1390	875	692	429	1074	911	511	500	793	1066	858	964	1456	1164	419	2289	935	610	1066	821	1047	626	793	1051	740	993	665	919	977	935	585	907	537	508	1173	921	1086	844	1182	2226	601	1186	1527	2211	538	829	435	669	559	1186	979	1021	619	507	495	660	1008	735	1539	1241	854	757	929	1001	1570	749	581	614	993	777	872	741	1048	1307	973	781	1214	966	3203	1259	577	644	1853	557	846	576	1042	950	645	844	452	739	772	1070	968	658	612	1766	637	289	1072	419	995	795	508	1075	1003	1811	559	1156	1418	1156	644	1054	526	625	899	2382	595	677	1048	593	608	1147	968	536	681
196	568	91	324	489	191	803	846	1623	695	203	525	742	268	998	1527	694	272	665	116	146	529	619	0	389	248	794	534	133	64	248	665	1260	624	829	1680	702	1017	76	1944	1786	409	520	461	308	528	146	206	419	249	404	503	846	792	188	402	76	20	916	249	201	747	381	776	2094	1416	147	282	533	400	1037	487	2112	542	371	369	80	1700	700	1070	492	279	518	223	561	519	496	825	403	269	137	716	440	798	2124	739	259	210	377	799	221	405	2117	484	1932	425	1049	214	526	580	127	137	119	565	438	206	2582	285	1797	835	1527	1176	998	20	834	568	935	219	177	488	873	355	520	811	996	530	218	355	402	486	632	565	962	526	1639	176	253	579	776	701	389	146	1145	401	592	2727	282	535	794	97	1104	913	424	428	488	433	183	793	625	542	556	259	556	492	119	180	1336	177	1742	127	1639	206	245	214	846	964	388	545	146	617	523	1509	814	1512	726	189	303	227	13	837	854	712	315	1019	516	341	255	1099	190	1483	990	376	951	549	977	1685	569	400	512	1416	525	16	189	495	186	513	776	553	533	572	857	335	91	222	560	556	528	227	630	1640	509	636	1868	1600	206	811	1025	76	62	636	381	528	488	222	950	128	405	1336	1804	764	257	750	1092	524	2026	215	1059	401	527	181	255	159	527	712	388	424	734	378	2674	651	867	137	2442	840	1283	370	662	357	522	227	998	193	223	520	368	499	214	1244	900	884	515	831	390	183	146	517	411	1196	62	538	807	542	495	527	1097	20	282	1884	433	133	527	867	967	565	382	88	97
582	953	299	429	863	559	599	470	1527	1070	236	862	1053	163	609	1226	1069	616	1029	307	254	870	277	389	0	636	586	890	484	449	636	1029	1629	586	712	1291	998	633	455	2333	1474	548	894	780	369	905	254	519	808	556	759	684	470	697	563	756	455	390	736	631	562	1125	597	1162	2480	1241	495	655	894	549	667	860	2462	560	564	696	469	2027	665	1457	867	610	804	611	834	804	870	628	792	641	460	1034	569	593	2474	523	284	596	700	625	607	794	1987	571	1576	814	1311	465	719	965	275	460	404	951	827	266	2223	182	2146	1214	1403	1007	609	390	705	952	753	190	447	597	631	155	894	470	847	889	604	745	756	840	1008	838	582	886	1567	540	641	965	765	1020	0	254	1509	756	977	2355	655	896	408	472	718	1290	800	786	862	324	548	577	970	811	907	284	829	850	404	537	952	447	1363	275	1387	266	278	465	470	634	748	906	254	964	858	1475	425	1433	1063	540	692	615	389	644	1226	869	571	706	893	719	235	716	541	1307	741	700	1311	936	588	2073	843	549	887	1098	885	401	540	870	549	850	765	826	700	844	752	714	299	234	948	828	905	615	1005	1954	595	1011	1749	1951	266	643	712	455	326	1011	769	743	598	233	570	469	794	952	1735	1107	644	569	832	860	1827	568	833	552	857	522	627	537	887	1041	708	681	1079	701	2926	1040	752	460	2129	727	915	306	949	688	404	615	609	551	585	894	757	630	465	1613	580	504	891	636	779	548	254	893	798	1555	326	921	1160	929	618	890	709	390	655	2247	554	484	887	761	815	951	704	301	472
97	321	339	483	255	111	972	1094	1698	455	443	340	565	501	1245	1719	453	225	479	338	393	338	849	248	636	0	965	321	177	195	0	479	1050	733	954	1925	544	1258	182	1698	1982	462	286	378	456	289	393	211	172	220	211	555	1094	909	143	211	182	251	1067	45	124	503	380	528	1857	1542	173	155	314	449	1270	255	1916	635	395	302	168	1531	796	834	256	252	398	70	447	399	262	990	157	154	214	533	489	968	1928	917	478	92	314	955	87	159	2203	550	2152	177	962	285	497	334	373	214	263	336	191	437	2802	527	1605	590	1621	1308	1245	251	965	320	1084	466	306	537	1054	598	286	1035	1126	314	83	114	211	339	392	450	1211	309	1699	176	5	350	849	520	636	393	944	211	366	2956	155	317	1042	168	1346	668	189	225	254	614	170	968	474	435	403	478	444	335	263	190	1577	306	1990	373	1803	437	441	285	1094	1204	191	326	393	411	341	1549	1062	1579	525	200	62	69	247	999	614	679	305	1226	278	113	488	1339	200	1607	1206	311	720	318	1223	1442	453	449	276	1618	309	235	200	259	126	328	849	441	589	456	975	106	339	460	326	443	289	69	390	1486	568	396	1951	1407	437	1006	1231	182	310	396	133	545	537	460	1199	194	159	1577	1857	554	13	953	1309	339	2153	139	1224	448	351	220	152	109	311	576	326	364	524	314	2561	410	989	214	2634	963	1529	583	518	290	726	69	1245	133	117	286	121	529	285	1004	1138	1124	277	994	145	170	393	278	162	1000	310	320	630	310	532	306	1342	251	155	1646	491	177	311	983	1100	317	319	336	168
968	1207	741	989	1086	854	13	773	955	1262	767	994	1086	563	707	759	1262	1066	1440	678	738	1008	367	794	586	965	0	1058	791	854	965	1440	2013	309	204	1221	1015	619	812	2567	1023	559	1107	1255	509	1129	738	760	1115	767	958	1237	773	233	975	955	812	808	152	934	844	1322	665	1397	2774	655	792	1064	1074	572	532	1080	2882	396	629	1163	847	2488	320	1772	1092	1073	863	983	861	863	1090	43	1107	1053	753	1086	549	7	2893	63	842	980	1171	72	988	1108	1401	492	1244	1119	1836	682	678	1211	753	753	713	1296	1131	801	1882	750	2571	1405	822	420	707	808	181	1204	168	717	940	524	99	741	1107	327	272	1064	983	1075	955	1274	1214	864	816	1064	1006	969	968	1310	393	1076	586	738	1909	954	1328	2068	1064	1074	673	815	688	1467	1044	985	1085	360	975	16	1414	841	1344	842	856	1277	713	974	847	940	1464	753	845	801	549	682	773	1018	961	1081	738	1093	986	944	637	872	1147	983	1027	986	784	59	1385	702	709	329	1118	987	793	656	984	722	1223	1170	1419	1278	666	2341	867	572	1107	676	1063	793	983	1095	839	988	393	855	1260	866	243	985	741	776	1283	857	1129	986	1209	2433	493	1211	1167	2372	801	1193	333	812	751	1211	1077	1285	526	775	809	774	1108	847	1171	1200	964	1120	1291	992	1250	834	265	575	977	975	1040	859	1064	1505	1181	751	1178	1172	3463	1350	229	753	1670	217	1134	890	962	1151	987	986	707	834	859	1107	1070	561	682	1726	995	519	1115	52	1100	975	738	1119	1091	1966	751	1285	1588	1270	548	1074	734	808	1064	2299	536	791	1064	250	240	1208	1175	735	815
418	192	618	804	95	342	1062	1361	1618	203	737	78	259	733	1481	1813	203	530	586	583	677	62	1048	534	890	321	1058	0	411	499	321	586	1025	768	984	2146	260	1473	457	1511	2077	498	85	631	598	108	677	372	250	338	131	859	1361	932	464	134	457	544	1123	295	334	263	393	343	1717	1538	398	446	21	486	1461	89	1896	669	430	582	463	1575	806	739	101	559	226	388	259	226	91	1071	263	451	430	223	510	1059	1907	1025	787	411	594	1027	404	261	2124	571	2296	246	1146	437	417	187	660	430	485	382	245	738	2939	818	1601	349	1569	1322	1481	544	1002	189	1138	749	627	542	1156	887	85	1213	1149	13	402	292	134	543	157	259	1472	17	1599	498	317	390	820	211	890	677	949	134	410	3116	446	20	1296	436	1561	417	141	105	96	759	491	1066	638	265	581	787	260	529	485	511	1782	627	2253	660	1848	738	637	437	1361	1497	145	23	677	89	85	1430	1306	1493	203	521	309	386	527	1077	342	539	360	1363	107	208	788	1548	521	1598	1519	590	420	367	1453	1283	258	486	95	1734	16	517	521	99	349	77	820	259	893	262	991	214	618	756	356	259	108	386	152	1555	577	153	1874	1408	738	1326	1368	457	589	153	251	836	541	756	1460	424	261	1782	1746	233	308	1271	1622	79	2134	325	1292	483	100	541	455	375	15	740	603	309	203	593	2671	364	1010	430	2713	988	1804	895	258	572	1042	386	1481	344	311	85	261	513	437	724	1433	1336	103	1073	275	491	677	107	222	1014	589	409	724	361	523	29	1568	544	446	1357	522	411	14	997	1129	199	597	612	436
