NAME : VRPTW_INSTANCE_299.txt
COMMENT : Bangkok Supermarket
TYPE : VRPTW
DIMENSION : 284
DAYS : Thursday
EDGE_WEIGHT_TYPE : EXPLICIT
VEHICLES : 38
EDGE_WEIGHT_FORMAT : FULL_MATRIX
CAPACITY : 1000
EDGE_WEIGHT_SECTION
0	1135	221	990	22	451	991	625	202	1028	104	574	206	816	449	435	745	981	350	1036	1265	770	124	217	358	713	3010	2160	367	968	358	737	309	365	119	474	994	533	737	368	202	22	893	185	540	1369	830	1221	90	1185	1607	257	150	103	133	650	1142	365	365	67	639	213	154	408	153	759	113	401	26	373	968	1078	402	497	690	346	199	438	1148	288	435	482	131	984	737	863	2128	226	385	371	331	1028	420	362	1384	404	1931	544	595	639	1126	317	205	1039	993	451	1066	1144	248	548	275	1213	602	581	328	505	369	2116	544	826	1126	248	1994	1027	501	1572	1702	189	363	394	30	373	696	890	46	395	1036	692	1465	782	381	537	84	409	1146	300	153	522	600	992	972	103	1355	1022	356	352	191	978	1096	92	1221	222	1980	197	255	223	201	1058	1994	1727	189	135	1442	312	941	367	609	152	369	218	390	1627	525	1027	644	382	255	1994	368	1022	170	456	196	1235	932	942	773	37	205	33	2021	1549	189	958	1111	1127	674	199	244	614	109	1190	438	1133	413	839	214	349	899	39	436	1190	858	359	979	1061	2943	1010	1812	1056	223	576	365	527	496	305	153	464	456	533	491	1098	1381	119	693	412	207	814	474	395	246	418	62	153	322	758	438	374	346	189	710	223	249	2318	368	394	256	1147	550	492	716	211	891	196	333	777	322	1010	119	984	1126	101	347	298
1135	0	990	698	1153	982	699	1397	1018	273	1162	1404	975	356	1010	892	658	620	1395	677	1066	457	1019	1233	1405	1410	1899	1781	1503	677	1410	604	829	1420	1230	968	633	976	604	1503	1322	1157	554	1020	1598	356	585	1028	1098	483	2684	1178	1282	1087	1002	1604	290	1422	1420	1187	967	1263	1031	1405	1263	383	1225	1494	1156	1425	603	58	1411	1413	1627	1482	1003	1359	1003	1272	1375	1534	1090	527	604	587	1063	1344	774	783	860	2054	732	1408	1129	779	1392	1300	1665	967	24	1398	1250	1887	699	1434	761	840	1037	1297	1293	85	1502	984	1020	983	1505	1556	691	945	24	984	1637	667	988	540	680	950	1420	1434	1165	1425	1790	248	1117	807	839	1162	2597	356	1439	1295	1105	1344	2281	836	1263	613	1387	149	610	1093	481	845	1409	1397	1082	808	790	1166	1028	1237	1748	1309	934	1330	938	561	1637	697	950	1009	1305	1020	812	1503	674	1065	1504	1234	785	1416	651	667	537	1459	934	1637	1504	2151	1305	748	940	700	565	655	392	1142	1315	1166	1695	964	950	2074	556	1066	1795	1003	1342	1748	1224	103	1364	2213	1504	296	1263	1394	1979	1173	1358	103	779	807	809	1049	1948	853	2838	2191	1236	965	1422	1600	1551	1279	1263	683	1035	976	982	729	1116	1226	1711	1423	1223	594	1579	807	1247	1406	1182	1263	1320	1870	1367	1424	1482	950	610	1328	993	1562	1503	1390	1250	125	1683	1544	459	1318	977	940	916	418	1320	831	1229	967	24	1226	1394	1264
221	990	0	770	244	242	771	534	314	930	187	505	36	648	247	213	733	765	406	818	1046	693	122	430	416	602	2886	1942	544	749	420	528	244	430	341	262	777	322	528	540	418	234	683	37	610	1262	800	1001	264	1124	1817	199	359	267	152	653	956	432	430	237	426	272	270	426	373	637	334	504	248	436	753	931	429	708	909	524	21	405	928	287	414	546	296	941	528	835	2022	368	340	324	343	1083	356	418	1165	381	1709	436	813	426	978	538	260	1255	773	461	845	922	71	437	304	1062	815	372	132	296	547	1894	517	609	978	28	1776	809	293	1468	1604	121	430	446	238	436	908	756	242	391	814	511	1645	653	449	429	265	383	1306	234	373	405	513	857	756	272	1276	800	419	408	346	756	874	197	1001	435	1769	331	56	349	125	846	1776	1538	121	113	1229	429	720	544	400	298	549	431	363	1412	464	809	565	603	56	1776	546	1209	366	258	137	1212	899	725	607	202	336	237	1804	1328	121	1084	900	1189	873	21	357	799	330	1059	409	1345	514	702	273	405	1112	243	404	1059	636	334	757	845	2738	788	2029	1214	436	364	432	746	563	297	373	308	261	322	282	878	1161	340	737	442	419	787	687	391	458	430	233	373	336	880	410	435	524	121	501	345	34	2098	540	411	467	1022	740	557	543	338	675	137	112	687	336	788	340	766	978	319	404	284
990	698	770	0	1012	593	1	904	1003	868	950	941	783	470	612	563	1028	78	1077	54	399	829	873	1182	1085	874	2445	1255	1296	29	1093	284	799	1102	1110	568	65	531	284	1288	1188	1004	175	808	1243	1054	1018	354	1011	1125	2581	870	1129	1008	884	1167	449	1106	1102	1006	453	993	982	1048	1143	663	1103	1197	1017	1104	95	658	1059	1447	1660	1277	792	966	312	954	988	1187	1030	1064	284	1042	1701	1114	826	821	910	1609	794	1086	493	866	960	833	1584	453	674	1307	984	1991	3	1057	90	186	768	828	989	711	1553	504	702	555	1299	1145	895	318	674	746	1092	52	562	1226	1362	824	1105	1100	1008	1104	1677	648	1001	900	142	604	2368	641	1119	831	1015	964	2006	798	1143	676	905	678	88	1014	1171	146	1093	1078	1061	114	127	962	354	1188	1146	1078	735	1089	815	161	1092	895	824	861	640	1080	131	1296	396	1019	1303	1183	858	786	809	52	785	1372	735	1092	1297	1951	1134	552	826	1317	1066	61	479	973	1080	1007	1136	559	824	1739	203	1549	1633	792	1088	1547	1099	801	972	2112	1202	620	994	1076	1881	1013	965	801	160	855	115	352	2000	156	2800	1913	1188	494	1106	1516	1203	951	1143	614	625	531	564	108	484	1109	1301	1070	1171	1015	1456	900	1208	1041	1002	1143	992	1547	975	1102	1277	824	311	1083	748	1328	1288	1036	1216	811	1494	1195	462	1080	318	826	658	783	992	132	1109	277	674	1089	1077	938
22	1153	244	1012	0	473	1014	636	204	1042	116	584	229	836	470	457	752	1004	350	1059	1288	783	145	197	358	726	3025	2182	350	990	356	760	325	364	97	495	1016	554	760	352	180	20	916	208	535	1383	838	1243	87	1195	1585	272	130	102	152	652	1162	364	364	67	661	218	158	411	130	775	90	394	4	372	990	1096	404	477	668	330	222	446	1170	295	442	478	126	992	760	871	2141	217	398	385	340	1023	434	361	1407	415	1954	558	572	661	1144	294	210	1017	1016	454	1089	1167	269	561	281	1231	581	603	349	527	352	2138	554	848	1144	271	2016	1050	522	1585	1715	209	362	393	25	372	674	907	45	404	1058	711	1446	799	379	551	80	417	1130	317	130	539	611	1009	994	100	1366	1045	355	352	185	1000	1119	103	1243	202	2002	191	278	217	221	1080	2016	1747	209	157	1464	309	964	350	632	150	351	198	401	1648	538	1050	658	359	278	2016	351	1003	152	478	216	1241	941	965	793	52	199	30	2043	1571	209	946	1134	1124	653	222	239	595	86	1207	446	1111	407	856	218	349	876	32	444	1207	881	371	1002	1083	2964	1032	1790	1040	204	598	364	504	492	313	130	484	476	554	513	1121	1404	96	690	414	188	822	452	404	226	422	63	130	327	747	445	372	330	209	732	218	272	2341	352	397	236	1163	531	489	737	205	913	216	356	791	327	1033	96	1007	1144	78	347	307
451	982	242	593	473	0	593	419	553	989	382	421	273	626	27	99	888	608	485	645	819	792	364	666	494	450	2875	1710	708	577	502	415	430	511	565	25	616	81	415	699	629	458	553	271	663	1297	936	775	505	1215	1995	278	568	509	393	628	877	514	511	445	188	403	511	464	595	688	559	605	477	513	601	924	474	947	1141	690	262	394	702	361	413	603	538	1058	415	970	2042	527	516	500	550	1081	514	495	938	562	1496	319	1020	188	965	756	394	1490	596	481	655	720	203	317	395	1041	1053	130	124	54	711	1679	678	377	965	213	1544	639	50	1500	1640	351	513	511	460	513	1100	781	479	583	607	284	1776	693	528	314	506	386	1417	422	595	498	406	872	602	514	1343	592	501	487	588	553	679	395	775	672	1530	493	245	501	350	702	1544	1435	351	355	991	664	516	708	311	540	716	668	546	1175	604	639	675	819	245	1544	710	1358	564	263	364	1337	1027	559	592	423	494	457	1570	1137	351	1160	757	1381	1047	262	497	956	554	1067	400	1530	610	727	404	484	1303	462	393	1067	440	522	554	610	2591	578	2225	1323	673	125	514	955	620	359	595	376	53	81	40	695	936	566	747	485	656	925	884	583	695	460	443	595	401	963	403	511	690	351	396	495	208	1908	699	451	705	1042	905	612	525	493	441	364	163	771	401	582	565	536	965	540	485	346
991	699	771	1	1014	593	0	904	1005	870	951	941	784	471	613	564	1030	79	1077	54	397	831	874	1184	1086	874	2446	1253	1297	30	1094	285	800	1103	1111	569	66	532	285	1289	1189	1005	176	808	1244	1055	1020	352	1012	1126	2582	871	1130	1010	885	1167	450	1106	1103	1007	453	994	983	1048	1144	665	1104	1198	1018	1105	97	660	1060	1448	1661	1278	793	966	311	955	988	1187	1031	1065	285	1043	1702	1115	828	822	911	1609	795	1086	491	868	958	833	1585	453	675	1308	984	1993	2	1058	89	185	769	828	989	712	1554	505	703	556	1300	1144	897	318	675	747	1091	52	563	1227	1363	825	1105	1101	1009	1105	1678	650	1003	901	140	604	2369	642	1120	831	1016	965	2007	800	1144	677	905	680	90	1016	1173	145	1093	1079	1062	112	125	963	352	1189	1145	1079	736	1090	816	162	1091	895	825	862	638	1082	130	1297	397	1020	1304	1185	859	784	810	52	786	1373	736	1091	1298	1951	1135	553	827	1318	1068	62	481	974	1081	1008	1134	558	825	1739	204	1550	1634	793	1089	1547	1100	803	973	2113	1203	621	995	1076	1881	1014	965	803	161	856	114	350	2000	154	2801	1913	1189	494	1106	1517	1204	952	1144	616	626	532	565	107	482	1110	1302	1071	1172	1017	1457	901	1209	1042	1003	1144	993	1547	976	1102	1278	825	313	1084	749	1327	1289	1036	1217	812	1494	1195	463	1081	317	827	659	785	993	131	1110	276	675	1090	1077	939
625	1397	534	904	636	419	904	0	809	1407	521	69	570	1042	391	516	1265	945	372	958	973	1198	620	816	373	101	3282	1779	653	899	382	808	778	385	690	429	947	423	808	636	701	615	922	535	419	1716	1326	943	712	1627	1853	371	650	724	658	273	1267	388	385	574	460	433	758	297	703	1105	686	466	639	380	945	1339	311	1071	1214	644	540	210	875	347	226	388	754	1459	808	1360	2459	527	874	857	876	704	885	371	1082	915	1661	102	1013	460	1379	820	436	1564	907	269	936	968	463	103	373	1452	1164	424	426	414	656	1832	1049	597	1379	518	1622	956	408	1919	2059	651	389	358	612	380	1043	1200	670	926	858	308	1546	1111	390	108	708	236	1167	768	703	901	26	1291	944	725	1760	841	383	372	814	824	948	533	943	820	1551	514	576	501	657	1046	1622	1794	651	617	1060	927	789	653	723	771	664	817	898	1240	988	956	1076	864	576	1622	654	1180	624	677	668	1735	1422	892	1009	588	508	607	1630	1378	651	874	1098	1721	950	540	480	836	680	1484	213	1425	462	1146	432	372	1227	608	211	1484	744	869	824	751	2879	824	2121	1077	822	441	388	961	398	329	703	783	365	423	415	986	1085	694	416	313	810	1313	868	926	844	282	576	703	333	705	215	377	644	651	796	495	507	2123	636	298	853	1461	810	390	943	504	629	668	534	1182	333	839	690	725	1379	661	375	332
202	1018	314	1003	204	553	1005	809	0	875	299	764	280	736	560	501	554	979	553	1044	1325	611	197	215	561	890	2860	2224	523	978	560	727	214	567	236	570	994	630	727	530	321	221	878	294	739	1215	644	1279	116	1008	1672	438	300	101	162	853	1072	567	567	269	730	416	51	610	262	635	232	596	204	575	963	964	605	445	662	504	297	634	1209	485	634	683	85	800	727	676	1968	418	243	236	161	1226	286	565	1442	243	1962	721	649	730	1013	380	406	987	1007	653	1088	1175	373	723	476	1100	551	680	446	606	524	2148	368	902	1013	341	2058	1033	603	1414	1540	202	565	596	228	575	772	769	158	222	1075	825	1585	662	583	713	124	606	1292	211	262	416	785	870	968	105	1184	1063	558	555	64	1014	1121	290	1279	219	2065	394	310	420	205	1041	2058	1653	202	204	1523	118	981	523	607	56	521	216	234	1704	373	1033	494	440	310	2058	524	1138	333	451	192	1042	746	949	694	236	403	233	2091	1558	202	1131	1091	925	780	297	443	746	234	1060	635	1199	609	724	416	552	964	236	633	1060	894	210	1016	1138	2891	1054	1849	1206	218	669	567	583	696	501	262	406	575	630	592	1111	1437	231	894	615	204	628	562	222	231	620	264	262	522	937	635	576	504	202	699	421	349	2317	530	596	236	1011	679	693	648	408	969	192	398	628	522	1049	235	1053	1013	244	550	493
1028	273	930	868	1042	989	870	1407	875	0	1077	1400	906	419	1016	891	416	793	1332	862	1260	264	926	1083	1342	1438	1985	2029	1390	842	1345	690	721	1355	1105	982	809	1005	690	1394	1195	1051	700	952	1537	341	330	1218	973	257	2502	1129	1164	960	900	1578	536	1356	1355	1089	1026	1191	900	1357	1134	302	1100	1416	1044	1361	773	262	1360	1222	1428	1370	938	1329	1181	1218	1341	1473	955	254	690	325	1099	1251	644	657	714	2014	608	1345	1338	633	1651	1305	1500	1026	288	1250	1178	1661	870	1391	946	1034	990	1304	1232	345	1302	1027	994	1005	1391	1819	512	1054	288	932	1880	850	1009	543	675	860	1354	1374	1058	1361	1632	230	1000	653	1009	1219	2458	296	1373	1299	980	1309	2166	731	1134	525	1392	194	780	965	353	1011	1344	1334	934	966	979	1078	1218	1085	1977	1218	875	1242	848	760	1880	958	860	919	1503	848	961	1390	712	928	1389	1083	644	1631	505	850	384	1305	875	1880	1391	2011	1193	729	846	454	295	814	432	1043	1225	1061	1935	1217	860	1986	770	793	1653	938	1258	1621	1101	238	1333	2039	1427	275	1191	1331	1810	1067	1327	238	907	672	968	1203	2200	1016	2636	2078	1084	1007	1356	1440	1490	1228	1134	631	1042	1005	1000	924	1327	1100	1668	1372	1073	342	1433	653	1090	1361	1083	1134	1267	1785	1335	1360	1370	860	684	1240	943	1835	1394	1341	1092	179	1554	1484	489	1229	1099	846	884	250	1267	995	1104	1113	288	1106	1330	1214
104	1162	187	950	116	382	951	521	299	1077	0	470	190	828	375	386	823	949	265	999	1201	826	152	308	274	609	3050	2090	357	930	275	715	357	284	191	406	960	462	715	353	246	95	870	151	465	1415	903	1158	192	1250	1632	155	185	205	182	556	1142	285	284	65	569	121	248	313	216	795	185	339	119	291	938	1104	310	584	765	336	168	336	1084	186	334	404	234	1054	715	937	2176	183	445	429	408	952	474	278	1320	472	1876	441	639	569	1151	374	110	1118	953	356	1021	1094	183	445	178	1236	687	509	258	434	360	2060	614	759	1151	206	1925	991	429	1620	1753	217	283	309	93	291	726	921	149	469	983	601	1458	815	302	434	188	307	1124	347	216	557	495	1024	941	205	1413	968	274	267	294	927	1049	14	1158	314	1903	147	237	168	228	1032	1925	1725	217	158	1368	413	890	357	587	253	362	310	456	1553	583	991	698	436	237	1925	358	1022	184	444	231	1312	1005	907	786	66	153	89	1949	1506	217	913	1087	1224	687	168	181	611	179	1224	336	1162	350	869	122	264	930	91	334	1224	809	425	928	991	2925	955	1851	1032	315	506	285	573	419	202	216	479	377	462	421	1057	1318	193	610	321	300	888	507	469	338	322	64	216	224	710	336	291	336	217	689	165	203	2277	353	299	347	1184	552	414	724	156	822	231	295	828	224	958	190	919	1151	163	263	195
574	1404	505	941	584	421	941	69	764	1400	470	0	539	1047	394	514	1238	977	304	995	1030	1183	580	758	305	170	3295	1846	583	933	314	825	749	316	632	436	980	438	825	566	638	563	947	500	353	1715	1303	998	663	1613	1786	327	589	675	618	226	1287	319	316	520	490	374	713	228	643	1098	628	396	586	311	975	1345	242	1008	1148	575	508	145	929	290	159	319	705	1440	825	1338	2464	462	845	829	841	672	860	302	1141	885	1720	109	944	490	1387	756	379	1496	943	199	977	1015	434	113	313	1462	1099	447	408	426	587	1892	1022	641	1387	491	1687	992	419	1920	2059	617	320	289	559	311	973	1199	620	893	903	357	1485	1106	320	112	658	173	1108	739	643	886	48	1292	975	676	1752	886	315	304	765	865	991	482	998	762	1619	452	550	437	624	1077	1687	1824	617	578	1124	881	830	583	731	723	595	759	868	1306	966	992	1058	798	550	1687	584	1114	562	671	634	1714	1401	924	1013	537	445	554	1697	1428	617	819	1130	1682	881	508	415	766	623	1488	148	1356	392	1144	374	304	1157	554	147	1488	780	838	866	807	2925	869	2052	1017	764	462	319	892	330	272	643	771	369	438	424	1027	1143	636	365	244	752	1290	799	893	785	213	522	643	270	645	149	308	575	617	810	431	480	2178	566	230	794	1462	740	322	946	441	678	634	519	1169	270	883	632	775	1387	603	307	277
206	975	36	783	229	273	784	570	280	906	190	539	0	637	280	234	700	774	426	829	1069	665	94	407	436	638	2868	1966	546	761	440	533	210	449	326	292	787	352	533	543	407	221	688	46	631	1241	768	1023	238	1096	1811	227	351	240	120	682	952	451	449	232	455	288	237	452	360	616	319	519	233	455	762	916	453	684	887	526	32	436	951	312	444	567	268	910	533	802	2001	374	306	290	307	1108	324	439	1187	346	1727	472	801	455	963	524	276	1231	786	488	860	939	107	474	325	1048	791	402	168	327	549	1912	483	634	963	61	1800	820	324	1446	1581	84	449	467	227	455	900	738	220	355	832	546	1648	633	468	465	240	412	1314	200	360	381	548	840	765	245	1250	819	438	428	315	774	890	198	1023	413	1796	337	49	357	88	852	1800	1535	84	84	1256	394	738	546	404	267	550	408	329	1438	433	820	537	589	49	1800	548	1210	361	256	100	1180	867	736	595	193	343	226	1829	1342	84	1098	907	1153	870	32	368	800	316	1041	439	1337	529	685	289	425	1103	232	434	1041	653	299	775	871	2741	807	2019	1222	413	393	451	734	584	323	360	291	295	352	313	891	1184	325	762	466	396	754	678	355	435	456	227	360	360	895	440	455	526	84	506	354	70	2111	543	436	443	1003	740	578	534	346	701	100	130	661	360	807	325	790	963	307	424	310
816	356	648	470	836	626	471	1042	736	419	828	1047	637	0	653	536	575	401	1048	476	869	364	694	948	1058	1058	2253	1698	1179	442	1064	272	526	1074	922	613	419	622	272	1178	1013	837	295	680	1249	682	553	824	794	675	2406	828	966	785	684	1249	337	1076	1074	861	623	921	737	1054	956	199	916	1152	839	1078	381	298	1060	1167	1386	1158	663	1004	778	923	1021	1185	795	594	272	575	1417	1012	500	503	593	1699	458	1060	959	522	1357	944	1382	623	339	1105	909	1683	472	1081	556	650	689	942	946	419	1266	634	667	628	1181	1537	491	635	339	639	1540	463	633	881	1022	627	1074	1085	844	1078	1499	189	806	556	605	819	2281	173	1093	939	801	990	1952	532	956	321	1031	256	388	792	757	605	1063	1051	800	557	591	834	824	952	1611	975	593	995	615	402	1540	918	627	684	1110	769	547	1179	320	774	1182	949	522	1253	418	463	349	1169	593	1540	1180	1839	985	397	619	853	596	411	42	817	981	845	1589	923	627	1731	433	1086	1489	663	1005	1430	915	442	1010	1931	1161	151	922	1047	1696	852	1003	442	489	535	559	788	2157	608	2585	1860	952	615	1076	1315	1203	929	956	352	678	622	626	546	949	919	1357	1073	937	552	1281	556	966	1054	856	956	971	1528	1012	1077	1158	627	269	992	647	1635	1178	1039	972	423	1367	1195	105	984	679	619	566	317	971	589	921	696	339	913	1047	914
449	1010	247	612	470	27	613	391	560	1016	375	394	280	653	0	125	910	629	464	665	827	817	369	666	473	425	2903	1715	694	597	481	441	447	490	561	45	637	88	441	684	622	455	577	273	639	1325	960	784	507	1241	1980	262	560	512	399	601	904	494	490	439	193	388	517	441	590	714	555	585	474	492	623	951	451	946	1138	676	266	368	711	342	388	580	542	1083	441	993	2070	513	534	519	565	1054	534	474	946	581	1507	291	1011	193	993	750	380	1488	615	456	672	735	201	289	377	1068	1052	133	121	60	697	1690	698	385	993	219	1549	659	54	1528	1668	361	492	489	456	492	1088	808	479	600	621	269	1756	720	507	286	507	361	1395	438	590	523	378	899	624	516	1369	606	481	466	594	569	695	389	784	671	1531	480	256	487	361	724	1549	1460	361	360	994	673	531	694	338	545	702	667	564	1179	626	659	700	812	256	1549	695	1340	555	289	374	1361	1051	580	619	420	480	454	1574	1153	361	1137	779	1399	1032	266	482	939	550	1094	375	1517	590	754	389	463	1291	458	367	1094	458	539	570	615	2612	591	2212	1302	672	132	494	946	597	339	590	401	26	88	48	713	944	562	721	462	656	948	873	600	695	436	437	590	380	940	377	490	676	361	423	481	212	1923	684	428	704	1069	890	588	552	480	447	374	178	797	380	596	561	544	993	535	464	326
435	892	213	563	457	99	564	516	501	891	386	514	234	536	125	0	794	566	539	613	834	693	329	642	548	550	2789	1732	734	544	555	348	351	565	554	98	576	145	348	727	627	446	496	249	729	1201	839	789	473	1116	2017	319	568	474	351	713	804	568	565	444	232	436	465	530	586	589	547	654	461	568	556	833	538	918	1121	714	235	471	717	412	488	667	501	959	348	873	1950	552	430	416	475	1164	424	550	952	478	1496	415	1023	232	876	750	425	1466	567	552	635	710	204	413	442	953	1025	190	146	130	737	1681	586	401	876	186	1566	605	131	1405	1545	299	567	570	450	568	1113	685	454	501	601	371	1821	595	583	409	475	459	1469	344	586	400	502	778	559	479	1244	587	554	541	545	543	663	398	789	647	1564	516	193	528	295	654	1566	1373	299	318	1024	605	507	734	231	498	740	643	462	1205	510	605	577	815	193	1566	735	1394	570	163	308	1238	929	522	500	413	518	448	1595	1119	299	1223	709	1293	1070	235	529	986	543	974	477	1548	661	630	436	538	1317	454	470	974	424	441	544	639	2549	575	2237	1375	648	175	568	956	684	413	586	278	151	145	120	670	949	553	825	550	631	828	893	501	669	528	440	586	456	1022	479	566	714	299	326	523	186	1890	727	515	678	947	932	676	433	519	468	308	105	672	456	575	553	556	876	531	538	399
745	658	733	1028	752	888	1030	1265	554	416	823	1238	700	575	910	794	0	968	1089	1043	1422	219	677	734	1098	1323	2349	2272	1075	999	1098	767	489	1107	789	892	986	936	767	1083	870	767	855	740	1285	724	98	1375	669	466	2102	923	854	654	642	1373	850	1107	1107	812	997	945	595	1133	813	377	786	1147	753	1114	947	623	1132	825	1022	1056	731	1133	1320	997	1139	1225	639	253	767	124	1446	969	393	409	415	1773	380	1101	1521	355	1931	1165	1122	997	665	897	933	1245	1031	1174	1118	1214	804	1165	999	741	897	974	841	924	1076	2110	216	1098	665	747	2113	1030	925	906	1018	626	1105	1132	774	1114	1257	461	707	354	1151	1164	2093	406	1124	1158	677	1108	1828	499	813	404	1245	522	954	658	654	1147	1097	1091	600	1096	1154	819	1375	735	2175	943	689	969	618	977	2113	1355	626	675	1657	489	1076	1075	716	611	1072	734	372	1813	283	1030	247	944	689	2113	1076	1650	888	641	609	489	194	967	554	771	951	778	2160	1495	626	1685	1008	525	1295	731	989	1282	789	650	1136	1647	1159	453	946	1087	1424	783	1131	650	1000	403	1098	1302	2606	1146	2225	1745	734	956	1107	1066	1240	1010	813	522	934	936	914	1115	1512	784	1434	1143	726	82	1075	354	735	1141	807	813	1041	1491	1137	1114	1056	626	747	969	759	2181	1083	1118	734	592	1214	1236	566	956	1158	609	738	268	1041	1131	788	1206	665	799	1086	999
981	620	765	78	1004	608	79	945	979	793	949	977	774	401	629	566	968	0	1093	75	469	764	861	1166	1102	922	2381	1307	1301	59	1110	251	770	1119	1100	584	18	554	251	1293	1182	996	113	803	1267	976	953	426	995	1049	2582	881	1124	992	869	1202	375	1123	1119	1003	487	1001	961	1070	1134	598	1093	1213	1008	1121	20	580	1081	1424	1640	1281	786	992	388	969	1013	1209	1012	993	251	976	1628	1119	789	785	876	1648	754	1103	558	827	995	868	1576	487	596	1297	991	1966	79	1082	155	248	770	864	1002	634	1530	533	710	576	1303	1179	845	375	596	743	1146	62	583	1149	1285	808	1121	1119	1001	1121	1674	575	989	861	220	652	2383	574	1137	866	1000	988	2025	770	1134	630	944	602	13	998	1093	224	1109	1095	1038	189	189	960	426	1171	1210	1082	726	1095	798	100	1146	848	808	849	712	1049	201	1301	375	999	1307	1167	819	852	760	62	727	1363	726	1146	1302	1960	1131	532	808	1243	998	53	414	967	1085	1001	1192	578	808	1764	153	1485	1635	786	1096	1553	1090	723	998	2110	1218	549	1002	1092	1877	1007	991	723	205	819	191	429	1984	233	2794	1931	1171	520	1123	1508	1226	967	1134	580	645	554	583	147	548	1099	1334	1092	1154	951	1452	861	1190	1064	998	1134	1009	1569	1001	1119	1281	808	280	1090	746	1340	1293	1057	1198	733	1498	1217	404	1086	384	808	654	717	1009	210	1099	353	596	1082	1093	954
350	1395	406	1077	350	485	1077	372	553	1332	265	304	426	1048	464	539	1089	1093	0	1130	1252	1086	415	485	9	473	3293	2108	282	1062	16	887	618	26	364	509	1101	546	887	266	347	331	1033	380	204	1667	1168	1214	438	1513	1536	221	309	452	447	304	1341	29	26	283	638	144	505	78	366	1042	362	121	350	30	1086	1336	65	714	844	272	395	166	1142	127	147	141	476	1318	887	1202	2427	168	709	693	673	687	736	12	1369	737	1944	340	641	638	1382	456	156	1192	1080	118	1133	1191	358	346	102	1465	800	579	393	521	285	2122	880	823	1382	411	1946	1124	514	1872	2007	475	28	43	325	30	681	1163	394	734	1076	585	1291	1059	44	336	431	145	932	608	366	807	347	1264	1087	450	1673	1060	16	2	533	1027	1155	269	1214	489	1895	171	462	149	486	1186	1946	1912	475	419	1380	659	990	282	768	501	293	487	721	1565	846	1124	958	495	462	1946	283	881	275	651	491	1578	1270	1045	1008	319	163	320	1961	1611	475	685	1242	1474	601	395	124	494	357	1465	161	1086	125	1109	143	1	873	317	165	1465	921	690	1028	1030	3076	1044	1785	838	491	586	29	588	158	126	366	714	451	546	512	1177	1369	369	345	70	483	1153	496	734	510	93	288	366	84	484	158	28	272	475	865	145	402	2378	266	74	518	1429	456	152	943	157	876	491	483	1085	84	1053	365	977	1382	339	2	140
1036	677	818	54	1059	645	54	958	1044	862	999	995	829	476	665	613	1043	75	1130	0	398	840	918	1226	1138	927	2400	1232	1347	69	1146	318	837	1155	1156	621	57	585	318	1339	1236	1051	188	855	1297	1031	1029	356	1055	1117	2631	922	1177	1052	928	1221	416	1159	1155	1054	507	1045	1024	1101	1189	673	1149	1250	1063	1157	96	641	1113	1488	1702	1327	839	1020	325	1007	1041	1240	1073	1067	318	1051	1665	1165	860	855	945	1663	826	1139	483	898	924	887	1631	507	654	1353	1035	2031	51	1111	84	174	818	882	1041	685	1594	558	753	608	1350	1109	920	370	654	794	1071	12	615	1199	1334	867	1158	1153	1056	1157	1725	647	1047	932	166	657	2421	649	1172	885	1059	1018	2060	837	1189	703	959	669	89	1058	1155	175	1146	1131	1102	155	117	1010	356	1231	1134	1129	781	1140	859	123	1071	843	867	906	641	1117	179	1347	436	1061	1353	1227	890	777	834	12	803	1419	781	1071	1348	2002	1183	594	869	1314	1072	94	490	1020	1131	1055	1116	514	867	1793	157	1561	1683	839	1139	1598	1146	781	1026	2161	1255	623	1045	1129	1929	1061	1019	781	215	889	156	381	1947	188	2848	1966	1232	548	1159	1563	1257	1004	1189	649	679	585	617	72	473	1155	1356	1124	1214	1027	1504	932	1251	1095	1050	1189	1045	1601	1029	1155	1327	867	346	1134	796	1281	1339	1090	1259	794	1544	1248	480	1131	365	869	706	792	1045	164	1155	315	654	1136	1130	991
1265	1066	1046	399	1288	819	397	973	1325	1260	1201	1030	1069	869	827	834	1422	469	1252	398	0	1227	1164	1476	1259	905	2659	899	1512	427	1268	659	1139	1275	1382	794	452	739	659	1500	1448	1274	574	1080	1376	1414	1416	47	1307	1516	2788	1083	1387	1308	1184	1246	787	1279	1275	1264	633	1209	1294	1202	1413	1061	1376	1372	1292	1275	490	1034	1216	1753	1955	1495	1068	1107	117	1148	1130	1331	1334	1462	659	1440	1994	1335	1184	1175	1259	1643	1157	1258	119	1228	692	939	1838	633	1042	1575	1202	2300	396	1197	315	227	1020	933	1185	1062	1860	693	943	766	1515	870	1276	441	1042	1018	732	410	772	1568	1698	1129	1279	1263	1277	1275	1912	1045	1288	1260	270	677	2515	1040	1289	940	1309	1116	2139	1136	1413	1052	985	1067	482	1314	1547	276	1268	1253	1375	328	281	1215	47	1481	757	1303	1026	1308	1123	506	732	1050	1129	1152	242	1418	354	1512	743	1329	1521	1477	1217	392	1188	410	1176	1638	1026	732	1513	2129	1382	884	1135	1712	1465	458	877	1240	1303	1275	766	443	1129	1847	511	1945	1847	1068	1299	1746	1371	1168	1113	2334	1374	1018	1209	1252	2112	1280	1107	1168	439	1208	326	223	1942	281	3032	2048	1482	694	1279	1773	1345	1139	1413	971	828	739	780	338	117	1383	1389	1224	1465	1413	1700	1260	1504	1191	1262	1413	1174	1675	1116	1272	1495	1129	682	1301	1016	1151	1500	1194	1513	1186	1703	1336	856	1302	380	1135	939	1181	1174	292	1382	282	1042	1358	1253	1129
770	457	693	829	783	792	831	1198	611	264	826	1183	665	364	817	693	219	764	1086	840	1227	0	674	819	1096	1242	2249	2062	1128	800	1098	586	468	1107	843	790	782	824	586	1133	932	792	654	711	1290	604	189	1181	711	431	2245	892	902	697	645	1346	631	1109	1107	832	867	942	637	1117	871	166	838	1164	785	1114	743	416	1118	967	1177	1108	698	1098	1131	977	1108	1227	692	268	586	213	1359	994	385	398	451	1772	351	1099	1321	370	1715	1096	1238	867	461	986	930	1429	832	1154	917	1012	758	1095	988	542	1051	854	774	818	1130	1892	249	938	461	699	1904	827	821	804	932	610	1107	1129	800	1114	1369	242	740	389	959	1049	2194	192	1126	1089	719	1076	1903	478	871	296	1181	313	751	703	587	956	1097	1088	670	906	953	826	1181	821	1974	963	640	987	599	765	1904	1149	610	667	1466	586	891	1128	562	665	1128	819	382	1615	244	827	128	1042	640	1904	1129	1747	932	530	595	548	249	769	350	787	970	803	1953	1278	610	1729	793	721	1389	698	1005	1358	839	470	1102	1779	1175	233	943	1085	1549	809	1096	470	820	411	908	1125	2403	957	2388	1816	820	835	1109	1177	1243	989	871	416	843	824	810	910	1312	838	1427	1131	809	187	1169	389	827	1122	826	871	1025	1528	1103	1114	1108	610	570	986	710	1962	1133	1101	829	415	1291	1238	375	975	993	595	664	49	1025	940	841	1030	461	845	1084	976
124	1019	122	873	145	364	874	620	197	926	152	580	94	694	369	329	677	861	415	918	1164	674	0	313	424	697	2902	2061	485	850	426	615	205	435	240	384	874	445	615	485	326	143	771	97	617	1265	754	1118	143	1098	1731	253	274	145	38	696	1018	436	435	168	548	270	150	456	274	647	233	490	149	442	847	961	454	589	793	464	103	460	1046	319	464	555	174	903	615	788	2025	327	293	278	265	1102	322	427	1282	323	1821	527	716	548	1009	436	258	1136	876	496	952	1032	176	530	321	1095	696	494	251	419	487	2006	466	729	1009	150	1895	909	415	1469	1601	68	434	458	150	442	820	776	128	323	926	630	1586	668	453	520	145	434	1262	195	274	409	596	878	851	150	1261	913	424	417	224	867	982	152	1118	318	1890	293	138	316	80	936	1895	1603	68	11	1350	315	831	485	488	176	488	314	307	1533	431	909	546	502	138	1895	486	1144	291	333	80	1165	856	824	652	123	299	151	1924	1432	68	1062	989	1102	798	103	332	735	230	1078	462	1257	501	724	271	413	1022	157	458	1078	746	275	868	966	2819	901	1933	1171	319	486	436	648	571	333	274	342	381	445	405	981	1278	238	759	466	302	740	598	323	340	463	162	274	363	860	463	442	464	68	588	314	156	2200	485	440	349	1036	673	565	593	304	795	80	224	676	363	900	239	885	1009	224	412	323
217	1233	430	1182	197	666	1184	816	215	1083	308	758	407	948	666	642	734	1166	485	1226	1476	819	313	0	491	909	3065	2373	355	1159	486	916	422	490	126	689	1180	748	916	366	155	215	1070	397	633	1422	829	1431	171	1198	1458	463	177	174	298	788	1284	489	490	246	854	383	212	558	119	850	129	484	193	499	1151	1179	549	280	480	339	408	614	1358	469	605	588	156	986	916	858	2169	319	459	452	374	1103	502	494	1595	456	2134	745	434	854	1228	167	379	824	1186	601	1263	1345	464	749	445	1316	386	797	544	721	355	2319	571	1039	1228	458	2207	1216	717	1618	1740	358	487	523	215	499	556	985	188	431	1239	908	1375	878	500	738	168	585	1094	417	119	631	790	1085	1156	168	1380	1226	485	487	151	1180	1294	294	1431	5	2196	315	452	336	367	1235	2207	1866	358	324	1658	245	1145	355	791	174	349	1	448	1842	585	1216	706	225	452	2207	355	928	212	633	357	1209	929	1132	906	249	323	219	2235	1741	358	960	1287	1021	570	408	361	547	135	1274	612	984	497	939	384	485	748	217	612	1274	1059	426	1181	1275	3100	1215	1641	1011	6	791	489	368	598	486	119	609	673	748	707	1291	1591	121	796	555	11	813	350	431	29	572	246	119	489	776	612	500	339	358	888	340	461	2506	366	548	38	1224	480	597	857	328	1105	357	537	839	489	1213	125	1196	1228	154	483	483
358	1405	416	1085	358	494	1086	373	561	1342	274	305	436	1058	473	548	1098	1102	9	1138	1259	1096	424	491	0	475	3303	2113	280	1071	9	896	628	17	370	518	1110	554	896	263	351	339	1043	390	194	1677	1178	1221	446	1522	1529	231	314	460	457	298	1350	20	17	291	646	154	513	77	371	1052	368	114	358	20	1095	1346	63	717	844	270	405	168	1148	137	149	131	484	1328	896	1211	2437	172	718	703	682	678	746	3	1375	747	1950	344	639	646	1392	458	165	1191	1088	115	1142	1199	368	350	112	1475	802	587	402	530	283	2129	889	831	1392	421	1951	1132	523	1882	2017	485	20	35	333	20	677	1173	402	743	1084	590	1283	1069	35	340	439	149	923	618	371	817	349	1274	1096	458	1682	1068	10	7	540	1035	1163	278	1221	494	1899	177	472	154	496	1195	1951	1922	485	429	1386	666	998	280	777	509	291	492	731	1571	855	1132	967	496	472	1951	281	873	280	661	500	1587	1280	1054	1018	328	168	328	1966	1619	485	676	1251	1482	595	405	129	488	363	1475	163	1080	117	1119	153	11	869	325	167	1475	929	699	1036	1036	3085	1052	1780	829	496	594	20	587	148	135	371	724	459	554	520	1185	1376	375	336	66	488	1163	495	743	515	92	296	371	93	474	161	18	270	485	874	150	412	2385	263	75	523	1438	451	142	953	163	883	500	493	1095	93	1060	370	984	1392	345	11	149
713	1410	602	874	726	450	874	101	890	1438	609	170	638	1058	425	550	1323	922	473	927	905	1242	697	909	475	0	3281	1691	754	872	483	811	841	486	784	456	922	436	811	737	798	705	911	607	512	1738	1379	878	798	1666	1945	456	747	809	735	346	1260	490	486	665	450	528	840	398	798	1138	779	566	728	481	924	1353	413	1168	1315	745	610	310	813	442	326	485	840	1506	811	1413	2473	626	935	919	945	746	943	472	1010	979	1586	169	1114	450	1391	920	530	1664	876	370	897	920	531	167	470	1460	1262	425	483	433	757	1755	1108	559	1391	582	1535	926	429	1939	2080	722	490	459	702	481	1143	1225	757	992	813	270	1626	1141	491	176	794	335	1246	832	798	946	126	1311	922	811	1791	797	484	473	899	785	905	622	878	914	1458	613	638	600	727	1023	1535	1769	722	693	976	1009	752	754	738	855	766	911	962	1154	1043	926	1123	965	638	1535	755	1270	722	714	738	1784	1473	869	1028	675	607	697	1541	1322	722	948	1073	1792	1049	610	579	934	774	1500	314	1521	562	1172	528	474	1325	698	311	1500	718	933	785	687	2827	780	2215	1158	916	444	490	1062	494	425	798	825	399	436	438	948	1014	788	488	414	903	1367	969	992	937	383	667	798	431	789	316	478	745	722	801	594	571	2057	737	399	947	1480	910	487	963	602	581	738	585	1222	431	796	784	671	1391	755	476	426
3010	1899	2886	2445	3025	2875	2446	3282	2860	1985	3050	3295	2868	2253	2903	2789	2349	2381	3293	2400	2659	2249	2902	3065	3303	3281	0	2866	3374	2438	3307	2473	2701	3317	3091	2860	2386	2859	2473	3378	3180	3033	2372	2914	3496	1644	2250	2645	2958	1886	4438	3077	3149	2945	2880	3502	2022	3319	3317	3068	2831	3157	2886	3305	3120	2255	3086	3388	3027	3322	2375	1958	3310	3172	3358	3354	2898	3258	2662	3171	3274	3432	2941	2098	2473	2226	905	3229	2629	2641	2700	3953	2591	3305	2648	2619	2470	3189	3471	2831	1914	3232	3144	3517	2444	3334	2460	2489	2936	3186	3190	1835	3235	2859	2920	2870	3376	2510	2494	2756	1914	2882	2811	2396	2876	1447	1330	2834	3317	3332	3040	3322	3605	2130	2985	2638	2555	3018	4438	2235	3336	3184	2966	3243	4151	2710	3120	2493	3274	2028	2378	2951	1695	2568	3306	3295	2918	2555	2470	3053	2645	3067	3012	3195	2830	3218	2822	2285	2811	1610	2834	2894	2831	2825	2577	3374	2564	2914	3374	3065	2630	2834	2490	2396	2369	3285	2830	2811	3376	3993	3177	2648	2822	1955	2159	2432	2291	3023	3202	3043	2880	2281	2834	3964	2243	2384	3635	2898	3232	3607	3086	1827	3264	3992	3398	2183	3158	3291	3772	3049	3257	1827	2583	2658	2556	2762	1664	2583	4527	4064	3066	2842	3319	3413	3449	3178	3120	2578	2927	2859	2871	2409	2634	3086	3611	3323	3056	2266	3414	2638	3071	3306	3062	3120	3219	3761	3266	3321	3354	2834	2486	3216	2891	2184	3378	3290	3072	1866	3540	3443	2358	3206	2763	2822	2816	2235	3219	2560	3090	2713	1914	3091	3291	3164
2160	1781	1942	1255	2182	1710	1253	1779	2224	2029	2090	1846	1966	1698	1715	1732	2272	1307	2108	1232	899	2062	2061	2373	2113	1691	2866	0	2381	1284	2122	1537	2035	2129	2275	1686	1289	1628	1537	2367	2336	2168	1420	1976	2199	2076	2249	945	2205	2265	3632	1962	2275	2206	2082	2035	1495	2133	2129	2154	1522	2085	2193	2047	2305	1897	2269	2223	2186	2126	1327	1771	2062	2651	2850	2366	1964	1950	1016	2016	1972	2163	2233	2264	1537	2268	2445	2211	2075	2067	2153	2357	2045	2112	782	2117	425	1773	2720	1522	1759	2465	2080	3197	1252	2034	1164	1069	1913	1767	2053	1744	2758	1581	1834	1656	2384	358	2151	1333	1759	1914	166	1244	1661	2172	2275	2028	2132	2111	2170	2126	2784	1846	2184	2150	1155	1523	3311	1870	2140	1776	2207	1964	2931	2033	2305	1931	1797	1836	1320	2212	2240	1165	2123	2109	2274	1216	1128	2104	945	2378	279	2182	1925	2183	2022	1296	166	1399	2028	2050	727	2315	1246	2381	1635	2228	2390	2374	2107	542	2064	1244	2034	2526	1925	166	2382	2960	2267	1780	2034	2479	2280	1316	1717	2133	2180	2168	150	818	2028	2627	1271	2781	2709	1964	2172	2601	2264	1869	1956	3193	2222	1834	2086	2107	2980	2172	1950	1869	1333	2101	1214	1099	1613	1173	3892	2845	2379	1584	2133	2657	2175	2005	2305	1861	1713	1628	1670	1159	787	2276	2174	2069	2362	2249	2579	2150	2401	2035	2152	2305	2035	2479	1959	2123	2366	2028	1563	2176	1912	746	2367	2042	2410	1906	2564	2167	1712	2178	1269	2034	1837	2013	2035	1180	2275	1176	1759	2250	2109	1997
367	1503	544	1296	350	708	1297	653	523	1390	357	583	546	1179	694	734	1075	1301	282	1347	1512	1128	485	355	280	754	3374	2381	0	1278	271	1071	676	267	287	733	1311	781	1071	18	205	345	1225	508	325	1731	1166	1471	417	1531	1286	431	225	431	500	518	1498	264	267	317	883	305	491	356	262	1126	291	197	348	272	1290	1445	341	492	580	20	526	448	1398	365	429	304	439	1323	1071	1198	2488	182	745	733	679	758	783	282	1630	758	2199	622	360	883	1494	237	314	920	1299	386	1362	1429	530	628	327	1580	559	822	593	754	3	2380	891	1074	1494	562	2217	1339	748	1932	2060	553	263	295	338	272	403	1257	389	742	1315	858	1102	1149	263	618	409	427	779	667	262	890	628	1360	1293	425	1707	1300	270	282	474	1262	1388	348	1471	355	2173	218	594	207	565	1386	2217	2081	553	495	1653	591	1224	0	944	467	11	355	746	1839	885	1339	1006	248	594	2217	1	664	198	802	563	1557	1268	1256	1136	362	216	336	2235	1846	553	610	1441	1372	338	526	212	254	290	1558	443	823	206	1207	305	282	601	329	447	1558	1148	717	1263	1292	3281	1285	1520	690	357	825	264	311	305	375	262	827	687	781	743	1401	1629	292	481	339	359	1150	216	742	366	370	323	262	346	421	441	275	20	553	1045	213	558	2617	18	355	370	1513	197	309	1077	215	1131	563	650	1140	346	1291	288	1232	1494	283	280	383
968	677	749	29	990	577	30	899	978	842	930	933	761	442	597	544	999	59	1062	69	427	800	850	1159	1071	872	2438	1284	1278	0	1079	256	772	1088	1087	553	52	518	256	1270	1167	982	146	786	1231	1033	990	382	987	1099	2562	853	1108	985	860	1159	434	1091	1088	985	444	976	957	1035	1121	634	1081	1182	994	1090	73	636	1046	1422	1635	1258	770	954	338	939	976	1174	1006	1036	256	1013	1687	1096	799	793	883	1603	766	1071	522	838	986	825	1562	444	653	1285	966	1966	31	1045	119	215	749	820	973	692	1528	493	685	541	1281	1171	866	320	653	725	1121	61	548	1207	1344	800	1090	1086	987	1090	1656	621	979	872	166	601	2353	612	1105	823	991	952	1993	772	1121	647	899	653	67	991	1148	169	1078	1064	1036	131	155	941	382	1164	1175	1060	713	1071	791	154	1121	897	800	838	668	1054	141	1278	370	994	1284	1160	830	814	780	61	756	1350	713	1121	1279	1934	1113	527	802	1290	1038	32	450	951	1062	986	1165	582	800	1728	201	1520	1614	770	1070	1529	1077	780	961	2092	1187	592	976	1061	1860	992	953	780	154	827	132	371	2014	177	2779	1899	1164	482	1091	1495	1191	936	1121	587	612	518	550	133	513	1086	1293	1057	1147	987	1435	872	1184	1029	981	1121	978	1534	964	1087	1258	800	284	1066	727	1350	1270	1023	1192	788	1475	1182	433	1062	325	802	637	755	978	154	1087	293	653	1068	1062	923
358	1410	420	1093	356	502	1094	382	560	1345	275	314	440	1064	481	555	1098	1110	16	1146	1268	1098	426	486	9	483	3307	2122	271	1079	0	903	630	9	366	526	1118	562	903	254	345	338	1050	394	191	1681	1179	1230	444	1524	1520	237	309	459	458	302	1357	12	9	290	654	155	512	86	366	1056	365	105	357	16	1102	1351	71	710	836	261	409	178	1158	143	158	128	482	1329	903	1212	2441	167	720	704	682	676	748	11	1384	748	1960	353	630	654	1397	451	167	1183	1096	122	1150	1207	374	359	117	1480	795	596	409	538	274	2138	890	840	1397	425	1961	1140	531	1886	2020	487	11	37	331	16	668	1177	401	744	1093	600	1275	1073	28	350	437	159	915	620	366	821	357	1278	1104	457	1685	1077	1	15	538	1044	1172	278	1230	489	1909	173	477	150	498	1203	1961	1928	487	431	1395	664	1006	271	784	507	282	487	732	1580	857	1140	970	488	477	1961	271	864	275	667	503	1587	1281	1062	1023	328	165	327	1975	1627	487	669	1258	1480	586	409	125	479	360	1479	172	1071	109	1123	154	17	859	324	177	1479	937	701	1045	1045	3093	1061	1770	821	492	603	12	578	145	143	366	728	468	562	529	1193	1385	371	336	73	484	1164	486	744	510	100	295	366	100	467	170	16	261	487	881	146	417	2394	254	84	518	1443	442	139	958	159	892	503	499	1098	100	1069	367	993	1397	342	16	156
737	604	528	284	760	415	285	808	727	690	715	825	533	272	441	348	767	251	887	318	659	586	615	916	896	811	2473	1537	1071	256	903	0	518	913	855	395	267	387	0	1065	940	754	155	565	1075	947	771	612	746	943	2344	667	884	742	620	1040	463	916	913	764	363	780	710	875	890	428	849	1002	764	917	235	550	884	1173	1388	1051	548	809	554	760	828	1013	761	842	0	798	1664	891	542	536	626	1493	510	898	765	582	1242	717	1331	363	584	1052	769	1714	287	895	374	467	543	714	790	650	1278	386	494	400	1074	1427	617	364	584	508	1373	307	406	1142	1283	559	915	918	759	917	1433	460	742	615	389	558	2166	414	932	713	751	800	1816	519	890	394	801	526	240	748	1029	382	903	889	787	331	409	725	612	921	1416	854	483	869	549	320	1373	1025	559	603	891	799	309	1071	128	748	1076	917	573	1052	529	307	520	1117	483	1373	1072	1735	894	283	559	1112	834	225	258	726	858	759	1414	830	559	1570	374	1292	1401	548	873	1325	846	700	815	1870	1009	416	781	886	1636	765	808	700	234	571	332	538	2210	380	2549	1723	921	368	916	1263	1031	761	890	331	462	387	402	389	757	854	1162	896	904	766	1211	615	940	872	759	890	804	1370	818	915	1051	559	28	865	513	1590	1065	861	947	688	1267	1023	212	859	412	559	420	545	804	366	855	443	584	838	887	747
