NAME : VRPTW_INSTANCE_167.txt
COMMENT : Bangkok Supermarket
TYPE : VRPTW
DIMENSION : 269
DAYS : Friday
EDGE_WEIGHT_TYPE : EXPLICIT
VEHICLES : 34
EDGE_WEIGHT_FORMAT : FULL_MATRIX
CAPACITY : 1000
EDGE_WEIGHT_SECTION
0	1296	977	790	431	1314	118	208	390	1617	1007	534	37	66	593	357	1622	2072	91	439	390	842	1379	1002	1621	3298	184	958	213	2206	839	1190	922	675	103	425	951	420	2758	867	976	1930	135	773	752	120	307	1037	1994	556	283	916	1420	1727	133	118	608	206	155	382	1606	1598	1141	1152	91	174	582	248	1606	167	176	439	183	373	581	2969	1001	1975	1190	437	714	194	582	1669	1480	395	1939	2200	1423	896	582	366	441	1111	996	1749	631	1152	1052	424	215	223	765	1117	1073	408	607	1263	147	650	367	1432	376	91	395	2661	1627	388	546	2263	582	213	970	1514	1002	196	968	59	638	201	912	350	359	258	1126	1786	83	1126	2290	395	555	447	1627	46	85	436	1720	404	353	306	972	29	22	1154	215	298	978	1164	385	216	612	365	1188	843	203	237	1356	1005	211	190	185	1067	1288	368	941	1058	170	306	599	97	2001	995	1606	541	88	977	939	409	404	1703	418	214	227	172	681	931	193	155	976	506	428	1201	202	373	304	756	1154	1102	221	1535	524	1321	1745	1692	438	133	167	350	25	111	981	532	449	437	515	862	670	127	355	82	727	503	1190	311	22	277	145	1073	1010	1968	1158	474	623	135	379	484	432	101	865	922	212	1252	541	1747	981	1870	1591	119	1053	264	359	3102	2089	1882	122	1077	196	481	582
1296	0	864	2080	868	2550	1243	1473	1639	2889	694	1780	1329	1344	779	1652	1270	815	1273	1489	954	469	2656	434	2893	2003	1238	937	1413	1219	461	183	2217	1949	1398	1493	1111	893	1678	1978	666	1627	1167	2030	546	1241	1556	268	1585	1085	1578	638	2563	540	1162	1243	1064	1472	1157	1678	1515	2884	1185	1219	1254	1236	1097	1184	1515	1456	1252	1094	1466	1583	1119	1676	895	679	183	1129	1289	1470	1092	394	582	976	3218	1672	1176	2174	717	1572	855	880	683	1267	1561	2445	775	889	1493	1485	534	978	742	927	1076	739	1426	1516	1661	688	1575	1273	1691	1368	1399	1684	1424	1085	1092	1397	438	548	688	1099	729	1338	1858	1097	1973	1544	974	1037	172	3080	1336	172	1785	976	808	1491	1399	1279	1258	1500	443	1650	1028	1423	662	1299	1317	2084	1478	1409	859	1162	1632	1416	910	1572	2452	2120	1404	1410	721	696	1409	1396	1172	800	1048	1574	2070	635	1466	1555	1047	1372	1614	683	1515	1744	1358	686	2093	1483	1544	1128	1548	1477	1407	1247	697	889	1227	1433	666	1708	917	121	1185	1573	1003	981	143	2397	1141	2831	1725	1207	3008	1259	1496	1162	1352	1645	1317	1246	670	1079	1664	1501	945	757	1964	1372	1549	1256	1969	1120	183	1421	1317	1499	1419	742	876	3264	368	1745	1645	1167	1570	1686	872	1388	1976	648	1160	2543	920	1547	670	2937	1496	1394	2105	1167	974	1819	794	3157	1389	748	1463	941	1092
977	864	0	1693	758	2267	1010	1049	1147	2304	170	1255	993	984	464	1251	669	1636	901	892	894	759	2096	439	2307	2678	815	1345	954	1280	712	916	1758	1618	1046	906	1462	636	1843	1299	198	1015	855	1481	694	1010	1283	662	1050	457	1218	247	2397	997	882	1010	406	1048	829	1281	765	2333	1622	368	1002	821	444	742	765	1132	829	554	1067	1067	458	2293	38	1387	916	571	525	1167	441	1228	1383	936	2832	1237	484	1821	715	1055	728	1399	180	778	867	1950	116	633	1078	1053	603	170	155	872	412	1388	1033	805	1248	529	1052	901	1301	1996	719	1285	755	1441	441	1175	927	1371	176	829	135	981	1612	817	1878	1027	886	799	789	2557	959	789	1334	936	886	890	719	994	1001	908	1105	1151	962	901	203	999	989	2094	1049	891	4	324	1359	956	366	1057	2121	1774	950	1198	432	168	951	951	792	111	332	1057	1918	1183	1110	1282	405	1075	1063	180	765	1180	1065	1164	1431	904	986	725	981	1048	1190	829	891	52	803	1037	198	1151	885	864	1015	1051	721	1243	760	1926	755	2355	1163	431	2400	726	902	882	1122	1245	1003	1008	194	473	1131	908	1022	1136	1572	1101	1031	997	1691	517	916	896	989	1254	1121	155	34	2777	1045	1432	978	855	1043	1135	781	1074	1298	234	994	2031	441	862	194	2847	746	1097	2021	723	886	2375	1480	2566	1099	154	1044	984	441
790	2080	1693	0	1212	599	838	650	556	943	1759	493	759	751	1373	448	2273	2837	831	839	1137	1618	709	1788	948	4078	897	1555	740	2963	1620	1963	210	168	692	821	1469	1209	3522	796	1735	2526	923	425	1534	840	535	1825	2619	1236	506	1683	840	2515	922	838	1288	651	939	419	2170	884	1629	1760	826	894	1252	968	2170	625	882	1142	641	640	1240	3756	1709	2760	1963	1122	1269	610	1254	2444	2193	1125	1153	2844	2074	141	1363	650	1226	1726	1751	2421	973	431	1787	1213	623	643	1554	1803	1815	1162	1283	1925	679	1037	447	2190	656	831	401	3448	2238	414	1009	3047	1254	698	1724	2237	1756	986	1715	756	352	991	672	676	1113	1046	1909	1033	766	1909	2921	1125	1299	845	2238	801	822	824	2509	555	1073	795	1731	783	769	957	649	804	1695	1794	469	738	1352	647	433	117	745	690	2105	1757	744	746	945	1796	1962	649	566	1752	621	536	1288	708	2619	1750	2170	593	722	1663	743	817	734	2403	744	649	691	885	1426	1643	910	674	1735	605	1176	1981	904	656	1093	1357	1940	358	982	762	602	1951	1088	2357	830	922	736	455	767	835	1739	1219	596	824	1204	1540	122	708	673	824	259	1176	1963	800	769	598	661	1815	1722	1191	1905	346	870	923	667	610	1209	693	794	1687	928	536	1292	2330	1739	1320	2159	686	742	989	1113	3891	2875	1188	691	1817	657	1187	1254
431	868	758	1212	0	1699	376	622	799	2044	718	945	466	485	293	788	1426	1642	424	727	137	412	1807	624	2048	2869	419	688	581	1863	409	759	1352	1083	534	724	757	147	2400	1219	677	1772	312	1192	322	374	691	616	1807	517	710	604	1753	1325	298	376	544	621	309	813	1497	2028	938	1048	386	413	546	392	1497	588	430	433	608	759	561	2544	792	1548	759	461	763	602	544	1238	1075	178	2353	1985	1241	1308	152	749	29	804	704	1523	871	1583	791	147	638	636	348	925	799	114	552	904	569	855	798	1105	755	424	825	2236	1473	819	741	1872	544	537	549	1102	711	239	693	478	1006	240	1187	725	136	177	697	2217	482	697	2086	178	185	733	1473	411	389	734	1299	812	212	623	671	432	453	1366	628	610	756	1035	769	584	435	748	1591	1254	571	554	1047	717	577	560	346	814	1090	751	1257	683	600	690	525	503	1821	703	1497	929	490	616	1314	710	747	1446	756	627	549	423	284	727	411	576	677	893	128	771	328	753	178	529	728	1532	327	1964	911	1173	2170	1477	732	298	489	781	450	378	683	493	841	735	274	524	1095	505	730	388	1112	503	759	624	453	638	550	799	792	2397	737	879	914	312	753	870	25	520	1217	613	303	1683	367	1611	683	2169	1479	525	1328	383	136	2682	1662	2310	521	804	611	232	544
1314	2550	2267	599	1699	0	1328	1218	1150	1030	2317	1091	1290	1291	1907	1017	2865	3251	1375	1436	1597	2080	882	2311	1036	4513	1454	1862	1314	3520	2091	2410	652	648	1229	1417	1731	1729	4073	1354	2288	3124	1449	981	2010	1329	1014	2312	3216	1813	1049	2230	350	3024	1436	1328	1867	1218	1470	987	2769	908	1849	2355	1323	1449	1832	1527	2769	1148	1440	1712	1199	1234	1822	4218	2285	3223	2410	1696	1865	1120	1834	2885	2556	1574	713	3439	2666	459	1844	1244	1719	2029	2307	3010	1572	666	2353	1733	1188	1214	2047	2386	2378	1625	1862	2252	1234	1636	1022	2745	1250	1375	967	3912	2835	983	1606	3569	1834	1162	2152	2610	2313	1500	2275	1296	693	1508	687	1268	1579	1554	2378	914	1313	2378	3518	1574	1742	1441	2835	1312	1322	1420	2990	1150	1521	1381	2284	1299	1297	834	1218	1389	2268	2387	935	1312	1913	1241	185	498	1317	1145	2666	2315	1317	1316	1490	2365	2549	1243	543	2118	1161	1015	1865	1220	3216	2306	2769	1191	1232	2029	1272	1412	1331	2985	1341	1219	1150	1441	1860	2217	1466	1230	2288	1204	1633	2440	1371	1250	1614	1691	2416	604	1527	647	1201	2545	1166	2948	1427	1436	1211	1023	1289	1327	2293	1795	1195	1421	1616	1909	710	1206	1266	1325	589	1754	2410	1387	1297	1062	1170	2378	2297	942	2318	840	1468	1449	1262	1209	1690	1213	1353	2235	1397	711	1847	2929	2293	778	2758	1197	632	1547	1579	4369	3339	1180	1198	2382	1222	1612	1834
118	1243	1010	838	376	1328	0	317	496	1700	1021	637	149	182	591	433	1668	2003	193	555	304	780	1461	983	1705	3240	274	845	331	2207	782	1126	988	706	198	541	833	406	2754	983	986	1988	162	869	696	2	315	992	2045	618	346	921	1404	1697	128	0	668	315	190	454	1673	1675	1023	1217	27	264	647	323	1673	222	271	501	285	488	649	2920	1038	1923	1126	506	802	228	646	1606	1389	300	1976	2244	1472	931	526	481	393	1000	1008	1788	745	1223	1075	410	319	332	723	1160	1092	327	669	1160	256	761	447	1437	491	193	463	2611	1684	460	654	2241	646	170	893	1426	1015	183	985	176	637	194	868	467	277	228	1072	1854	201	1072	2337	300	469	563	1684	72	32	553	1676	511	252	423	981	95	135	1091	325	414	1010	1223	394	334	644	479	1215	878	322	191	1367	1019	329	308	246	1092	1331	483	915	960	249	314	656	137	2054	1008	1673	653	124	877	1051	526	522	1732	536	324	184	266	597	968	280	263	986	619	343	1142	87	488	297	641	1104	1167	274	1595	637	1378	1832	1734	554	128	118	426	117	6	991	593	560	554	409	759	723	129	471	36	739	571	1126	427	135	265	179	1092	1044	2027	1078	502	740	162	495	597	371	160	981	928	103	1325	569	1809	991	1841	1657	156	1011	335	277	3059	2038	1964	149	1097	306	379	646
208	1473	1049	650	622	1218	317	0	182	1421	1109	327	171	143	730	202	1657	2263	200	305	596	1032	1186	1148	1426	3477	248	1162	98	2313	1024	1380	751	569	122	286	1145	581	2872	669	1085	1940	311	570	937	320	305	1209	2019	595	181	1033	1371	1877	327	317	649	1	317	232	1599	1410	1333	1160	291	247	615	318	1599	166	233	495	43	174	606	3139	1067	2149	1380	478	683	207	617	1854	1685	603	1801	2235	1457	773	771	169	628	1317	1100	1797	502	973	1139	585	30	15	939	1169	1166	613	645	1471	61	539	202	1540	180	200	251	2830	1642	237	457	2402	617	321	1169	1717	1106	382	1065	150	592	382	928	162	565	445	1307	1607	140	1307	2319	603	760	314	1642	247	286	297	1887	196	561	191	1081	223	186	1198	8	193	1050	1184	358	97	702	167	1073	725	100	340	1456	1107	101	98	304	1149	1334	171	924	1265	115	303	646	203	2022	1100	1599	336	211	1185	734	274	233	1768	249	7	331	236	885	999	261	53	1085	302	633	1385	405	178	470	958	1331	930	339	1366	319	1343	1547	1736	300	327	303	196	200	311	1088	577	243	297	723	1070	528	241	165	284	652	536	1380	197	186	317	203	1166	1079	1799	1358	395	462	311	186	280	627	177	666	1037	418	1069	641	1750	1088	1839	1586	201	1062	338	565	3264	2261	1688	213	1168	11	689	617
390	1639	1147	556	799	1150	496	182	0	1250	1227	146	353	325	878	182	1717	2435	374	287	778	1206	1018	1294	1255	3640	400	1340	225	2424	1196	1552	614	521	298	267	1316	745	2986	505	1207	1976	487	393	1109	499	397	1372	2065	689	243	1163	1346	2022	508	496	740	184	490	202	1624	1247	1503	1205	471	402	702	460	1624	310	386	607	211	84	689	3296	1160	2310	1552	582	715	340	705	2023	1866	785	1685	2289	1518	692	945	94	803	1497	1220	1865	449	822	1245	749	177	167	1104	1249	1276	795	734	1653	242	505	164	1656	100	374	222	2987	1685	203	458	2537	705	470	1348	1897	1224	560	1180	332	601	558	970	120	747	622	1475	1451	320	1475	2367	785	941	293	1685	428	466	272	2044	15	743	246	1204	403	368	1256	174	257	1149	1238	420	222	822	91	989	651	234	484	1568	1224	230	242	466	1252	1407	93	939	1448	263	396	742	372	2066	1219	1624	164	383	1367	558	262	182	1849	194	175	476	391	1066	1095	411	234	1207	137	815	1554	584	100	639	1135	1495	788	497	1223	152	1395	1373	1801	278	508	465	182	381	491	1210	675	81	272	904	1252	439	405	117	464	629	630	1552	250	368	434	357	1276	1174	1653	1536	401	372	487	112	120	805	346	503	1165	598	913	772	1781	1210	1823	1612	364	1094	479	747	3415	2421	1518	375	1278	193	871	705
1617	2889	2304	943	2044	1030	1700	1421	1250	0	2420	1108	1580	1559	2121	1266	2733	3685	1621	1430	2002	2454	240	2530	5	4888	1650	2485	1476	3570	2446	2801	741	1111	1514	1421	2408	1996	4131	1021	2409	2887	1732	859	2358	1703	1441	2622	3013	1877	1355	2378	1379	3250	1746	1700	1919	1423	1738	1246	2528	136	2571	2227	1681	1652	1880	1706	2528	1478	1636	1825	1436	1306	1860	4537	2306	3557	2801	1793	1788	1480	1883	3274	3089	2000	890	3251	2555	946	2193	1318	2050	2654	2416	2900	1439	511	2416	2000	1405	1408	2355	2359	2452	2023	1909	2842	1474	1505	1253	2833	1315	1621	1239	4230	2648	1240	1550	3740	1883	1596	2587	3127	2419	1804	2371	1566	1291	1804	1545	1346	1974	1867	2726	337	1562	2726	3302	2000	2169	1430	2648	1644	1676	1416	3287	1239	1951	1471	2408	1621	1594	1786	1416	1484	2308	2282	1388	1473	2037	1317	901	987	1485	1594	2736	2417	1480	1493	1717	2416	2487	1316	1406	2655	1453	1441	1928	1562	3002	2416	2528	1152	1576	2569	886	1427	1356	2928	1355	1417	1593	1641	2296	2253	1661	1467	2409	1187	2041	2805	1780	1317	1889	2282	2746	589	1748	412	1171	2417	147	2831	1421	1746	1621	1273	1600	1696	2411	1871	1226	1415	2100	2447	1020	1577	1341	1676	1184	1825	2801	1473	1594	1505	1524	2452	2325	586	2775	1268	1326	1732	1321	1207	2047	1540	1021	2377	1801	408	1999	2693	2411	1743	2524	1545	1561	1724	1974	4647	3668	267	1553	2452	1432	2075	1883
1007	694	170	1759	718	2317	1021	1109	1227	2420	0	1346	1028	1025	435	1312	733	1466	941	993	856	635	2205	278	2423	2526	864	1241	1020	1204	588	754	1841	1670	1087	1004	1372	621	1763	1429	45	1095	876	1581	586	1019	1314	505	1108	545	1268	121	2424	848	897	1021	501	1108	852	1341	886	2442	1521	528	1016	868	540	792	886	1170	879	619	1121	1151	559	2148	200	1225	754	644	666	1201	537	1057	1224	896	2908	1272	572	1881	644	1139	689	1280	16	811	995	2044	94	618	1137	1115	494	298	84	831	510	1249	1085	936	1311	431	1138	941	1360	1847	813	1346	872	1321	537	1191	792	1209	8	837	49	1021	1645	827	1884	1110	854	797	627	2661	1003	627	1376	896	817	992	813	1016	1017	1008	942	1233	930	981	52	1025	1022	2081	1110	970	165	477	1392	1022	407	1141	2180	1832	1014	1212	349	2	1016	1012	827	123	420	1141	1936	1053	1155	1313	493	1104	1126	17	886	1279	1093	1043	1558	1000	1079	727	1077	1109	1204	877	800	203	852	1089	45	1248	839	700	1010	1137	723	1161	595	2014	789	2447	1261	554	2521	770	1002	897	1137	1305	1033	1019	39	555	1221	1008	963	1029	1637	1125	1115	1013	1733	601	754	977	1022	1277	1153	84	182	2874	894	1477	1101	876	1129	1230	740	1107	1428	109	988	2128	470	962	39	2862	867	1127	2026	771	854	2238	1320	2684	1128	90	1102	930	537
534	1780	1255	493	945	1091	637	327	146	1108	1346	0	497	470	1015	258	1797	2579	520	366	923	1351	878	1428	1112	3780	542	1478	368	2536	1340	1696	506	503	439	350	1446	888	3099	404	1329	2037	633	249	1253	640	492	1513	2135	802	345	1289	1319	2154	654	637	851	329	636	263	1680	1109	1631	1279	613	544	812	597	1680	438	528	731	352	199	796	3433	1265	2450	1696	703	791	461	815	2167	2012	929	1582	2363	1600	634	1091	211	948	1637	1340	1950	481	697	1358	892	319	312	1247	1345	1390	941	843	1797	386	545	237	1773	210	520	275	3125	1753	260	528	2662	815	593	1494	2043	1344	706	1299	477	625	704	1005	240	893	768	1618	1319	466	1618	2436	929	1087	370	1753	571	608	350	2181	132	886	368	1326	546	512	1297	320	381	1257	1318	495	365	946	210	920	601	378	603	1682	1343	372	386	610	1363	1498	209	952	1592	395	492	855	508	2133	1340	1680	101	520	1511	432	351	269	1944	274	321	597	533	1212	1203	552	378	1329	113	960	1698	724	212	783	1272	1637	671	639	1101	109	1473	1228	1885	356	654	595	262	524	632	1332	791	124	350	1046	1396	392	537	235	606	625	745	1696	372	512	540	486	1390	1281	1528	1682	440	378	633	217	123	951	482	401	1290	740	783	901	1841	1332	1800	1669	498	1118	616	893	3549	2560	1376	508	1392	338	1014	815
37	1329	993	759	466	1290	149	171	353	1580	1028	497	0	33	619	323	1632	2108	93	415	427	878	1342	1031	1585	3333	186	993	184	2229	874	1226	887	648	68	400	982	450	2783	834	998	1936	164	736	786	151	291	1070	2003	563	252	940	1404	1756	168	149	616	169	181	348	1608	1562	1172	1157	122	178	588	255	1608	142	176	449	146	339	586	3002	1016	2008	1226	443	710	174	589	1704	1517	432	1910	2210	1433	867	617	332	475	1147	1017	1761	610	1117	1070	454	178	186	798	1130	1093	445	615	1300	111	632	332	1454	342	93	362	2694	1633	354	531	2291	589	217	1007	1551	1024	230	988	28	619	233	905	317	397	292	1161	1751	59	1161	2300	432	592	423	1633	77	116	411	1752	368	389	282	994	53	14	1153	179	275	993	1171	366	187	629	330	1161	815	175	240	1377	1026	182	162	201	1084	1299	334	929	1095	137	289	608	88	2009	1017	1608	506	84	1014	904	385	374	1718	388	178	230	173	718	946	197	118	998	471	465	1236	236	339	334	790	1188	1067	239	1501	489	1329	1709	1704	413	168	176	315	32	143	1003	540	413	412	551	899	639	125	322	114	704	509	1226	287	14	267	130	1093	1025	1934	1195	449	596	164	345	449	468	82	831	945	247	1217	559	1751	1003	1857	1594	106	1046	273	397	3134	2122	1846	112	1096	159	517	589
66	1344	984	751	485	1291	182	143	325	1559	1025	470	33	0	622	309	1618	2127	84	382	453	896	1322	1037	1564	3348	171	1024	151	2228	891	1244	873	646	62	366	1015	459	2783	801	997	1919	176	712	803	184	302	1083	1988	549	246	940	1413	1764	187	182	602	141	189	336	1589	1544	1205	1139	155	164	573	243	1589	148	159	436	123	307	569	3015	1007	2022	1244	428	687	185	574	1721	1542	460	1903	2197	1419	863	635	300	492	1177	1015	1750	577	1101	1065	463	154	158	811	1118	1088	470	600	1329	85	600	316	1453	309	84	351	2706	1617	341	501	2296	574	244	1029	1575	1021	246	984	7	628	247	923	285	422	308	1176	1735	30	1176	2286	460	617	390	1617	110	149	378	1764	339	418	249	992	87	46	1176	150	243	985	1155	376	153	623	298	1159	812	142	267	1374	1023	149	129	198	1078	1287	302	943	1122	131	301	595	112	1994	1014	1589	475	111	1042	873	352	340	1709	355	149	257	158	743	937	182	92	997	440	490	1252	268	307	344	822	1202	1053	235	1488	458	1313	1686	1691	380	187	206	302	66	176	1001	526	383	379	581	928	630	152	289	146	708	493	1244	254	47	285	146	1088	1017	1921	1217	451	562	176	313	418	488	98	799	944	279	1199	555	1733	1001	1870	1574	126	1063	262	422	3145	2135	1825	134	1092	131	546	574
593	779	464	1373	293	1907	591	730	878	2121	435	1015	619	622	0	926	1133	1593	541	709	430	432	1893	417	2125	2767	482	922	655	1617	399	731	1481	1267	683	714	1019	186	2166	1200	398	1479	458	1263	333	589	895	511	1513	334	869	330	1996	1146	472	591	334	729	437	955	1210	2124	1190	769	589	483	355	418	1210	760	497	317	733	815	376	2418	499	1437	731	352	576	786	351	1173	1142	472	2526	1693	948	1486	273	803	264	1006	422	1232	792	1699	501	182	755	740	276	631	512	408	345	1050	694	755	930	845	805	541	971	2109	1180	960	653	1674	351	761	613	1152	429	409	405	617	1224	400	1449	775	424	363	630	2330	606	630	1794	472	433	712	1180	595	590	721	1166	888	501	650	392	607	610	1646	733	636	462	750	974	658	181	804	1780	1434	647	782	777	434	651	641	428	522	796	806	1505	828	753	893	314	686	1527	421	1210	970	674	785	1314	704	768	1160	771	733	775	494	468	435	470	699	398	935	420	714	575	804	294	795	638	1659	392	2096	951	883	2236	1184	717	472	709	919	618	590	403	320	895	722	560	726	1251	703	780	587	1318	354	731	647	610	852	736	512	498	2528	783	1067	869	458	800	913	317	694	1198	337	552	1792	152	1320	403	2429	1192	709	1592	399	424	2536	1546	2389	709	517	722	521	351
357	1652	1251	448	788	1017	433	202	182	1266	1312	258	323	309	926	0	1852	2429	386	449	736	1200	1027	1343	1271	3656	449	1248	296	2516	1197	1548	564	370	254	429	1203	768	3074	661	1287	2126	485	449	1109	436	234	1392	2209	796	94	1235	1185	2071	490	433	850	203	498	29	1779	1243	1385	1348	414	446	814	520	1779	212	434	698	193	252	805	3324	1269	2331	1548	679	863	220	816	2027	1823	733	1600	2428	1652	570	940	258	798	1412	1303	1994	627	795	1342	772	174	197	1120	1368	1369	758	845	1586	232	678	21	1742	268	386	50	3016	1830	34	618	2600	816	349	1324	1860	1308	553	1268	315	423	555	788	274	708	615	1484	1429	321	1484	2510	733	903	457	1830	380	409	436	2073	193	685	368	1283	358	335	1073	202	375	1253	1376	241	295	904	254	870	523	301	355	1659	1309	300	300	498	1352	1532	257	761	1391	188	233	848	296	2211	1302	1779	327	309	1306	689	421	350	1968	365	202	350	436	1030	1201	461	227	1287	309	775	1559	514	267	653	1042	1511	744	534	1178	320	1535	1399	1932	442	490	363	7	338	429	1291	778	261	437	837	1186	326	313	274	410	464	737	1548	375	335	284	259	1369	1281	1612	1510	221	554	485	279	297	789	274	658	1238	535	895	843	1934	1291	1659	1767	278	913	540	708	3454	2444	1530	287	1371	209	810	816
1622	1270	669	2273	1426	2865	1668	1657	1717	2733	733	1797	1632	1618	1133	1852	0	1857	1539	1434	1563	1359	2554	968	2735	2630	1447	1972	1559	938	1313	1396	2300	2223	1678	1453	2105	1306	1458	1716	779	366	1509	1988	1319	1668	1921	1180	380	1070	1836	854	3027	1084	1540	1668	1016	1657	1481	1881	331	2788	2252	519	1657	1455	1046	1376	331	1766	1459	1183	1683	1633	1052	2216	637	1523	1396	1190	1006	1804	1045	1523	1851	1605	3371	578	200	2409	1371	1622	1397	2000	749	169	1335	2461	645	1303	1688	1658	1226	509	649	1541	1018	1943	1654	1267	1845	598	1616	1539	1902	1959	162	1885	1268	1279	1045	1828	1500	1819	741	1491	744	1616	2243	1478	2533	1597	1556	1465	1277	3024	1591	1277	669	1605	1545	1430	162	1644	1656	1450	1285	1718	1632	1484	785	1646	1630	2758	1655	1477	670	479	1993	1561	1026	1625	2706	2367	1557	1852	549	733	1556	1561	1437	619	338	1624	2561	1764	1736	1920	1023	1718	394	750	331	1706	1710	1764	1850	1455	1539	262	1529	1655	1843	1460	1533	705	1436	1656	779	1684	1553	1327	1680	1616	1387	1894	1228	2453	1402	2860	1692	324	2804	101	1444	1540	1776	1847	1647	1665	772	1092	1681	1450	1686	1759	2156	1748	1600	1651	2310	1126	1396	1478	1630	1899	1762	649	634	3260	1566	2052	1452	1509	1606	1673	1450	1714	1716	842	1660	2527	1103	287	772	3489	319	1738	2675	1358	1556	2233	1577	2978	1743	643	1655	1650	1045
2072	815	1636	2837	1642	3251	2003	2263	2435	3685	1466	2579	2108	2127	1593	2429	1857	0	2063	2301	1700	1230	3449	1237	3689	1265	2038	1436	2211	1345	1239	883	2991	2692	2176	2305	1602	1692	1553	2793	1448	2163	1952	2828	1326	2000	2302	1082	2074	1901	2348	1436	3208	778	1940	2003	1878	2261	1946	2453	2160	3671	1581	1961	2018	2035	1911	1989	2160	2224	2051	1909	2250	2385	1934	1027	1661	363	883	1944	2098	2231	1907	421	735	1711	3945	2073	1830	2916	1492	2374	1635	1296	1459	1788	2377	3224	1531	1688	2280	2276	1335	1716	1493	1676	1890	1067	2211	2332	2440	1277	2378	2063	2464	758	2011	2459	2240	965	1907	2139	1113	670	1462	1881	1509	2120	2576	1881	2617	2347	1726	1818	965	3857	2123	965	2179	1711	1537	2304	2011	2050	2023	2313	572	2447	1764	2229	1446	2071	2095	2662	2269	2216	1631	1897	2373	2214	1725	2374	3176	2862	2201	2149	1356	1469	2206	2192	1969	1551	1737	2376	2735	1142	2241	2301	1862	2138	2108	1459	2160	2550	2124	1229	2907	2294	2352	1636	2357	2267	2147	2046	1411	1670	2028	2218	1448	2513	1661	883	1933	2376	1796	1572	955	3170	1940	3597	2530	1900	3808	1808	2309	1940	2101	2422	2091	2006	1450	1895	2467	2313	1643	1345	2726	2132	2352	2022	2693	1936	883	2228	2095	2241	2182	1493	1640	4028	935	2493	2461	1952	2374	2491	1640	2157	2791	1443	1909	3325	1736	2143	1450	3523	2143	2158	2733	1972	1726	1225	382	3952	2152	1497	2252	1654	1907
91	1273	901	831	424	1375	193	200	374	1621	941	520	93	84	541	386	1539	2063	0	366	413	833	1386	957	1626	3277	94	1007	163	2144	824	1179	947	730	146	354	1013	383	2699	822	913	1843	113	767	737	195	383	1010	1909	470	328	856	1496	1685	139	193	523	198	116	414	1516	1611	1204	1064	168	85	495	162	1516	231	85	355	194	339	493	2941	924	1950	1179	350	623	266	496	1654	1494	427	1984	2117	1339	946	571	330	428	1154	931	1669	553	1172	981	387	219	213	739	1037	1004	427	522	1294	154	567	391	1369	337	0	430	2632	1540	419	460	2215	496	304	973	1524	937	185	900	80	711	183	998	309	381	247	1107	1806	65	1107	2206	427	572	374	1540	131	163	366	1689	388	392	236	908	120	93	1244	205	226	902	1078	458	166	539	329	1242	895	152	328	1290	939	159	140	114	994	1206	332	1022	1082	214	382	515	180	1916	930	1516	511	174	1005	904	339	348	1626	361	204	318	81	694	854	104	160	913	474	448	1185	268	335	270	809	1131	1126	152	1562	492	1235	1746	1611	367	139	258	379	112	187	917	446	420	367	556	895	710	215	314	159	792	416	1179	240	93	361	223	1004	934	1996	1162	535	555	113	338	451	431	175	819	861	270	1269	471	1659	917	1950	1502	200	1139	180	381	3068	2062	1888	205	1008	189	517	496
439	1489	892	839	727	1436	555	305	287	1430	993	366	415	382	709	449	1434	2301	366	0	757	1099	1212	1104	1434	3470	319	1366	234	2172	1079	1430	873	807	404	20	1379	626	2736	497	980	1689	458	589	996	557	609	1220	1780	447	472	947	1631	1819	496	555	492	306	444	475	1337	1448	1570	920	528	328	453	335	1337	470	313	398	347	203	435	3110	901	2141	1430	365	429	512	456	1882	1797	779	1949	2004	1237	977	852	195	720	1507	988	1586	198	1058	998	630	330	297	969	979	1032	765	484	1629	345	234	436	1415	187	366	496	2804	1398	478	171	2313	456	615	1263	1819	992	520	944	386	872	512	1225	175	726	569	1336	1668	356	1336	2082	779	901	8	1398	485	523	16	1866	285	751	132	978	465	426	1501	299	140	895	955	657	232	606	198	1273	938	241	635	1321	990	235	254	389	1002	1132	196	1209	1410	420	608	499	484	1779	988	1337	288	488	1340	605	31	105	1577	95	299	626	319	1012	840	323	341	980	259	788	1420	634	187	549	1172	1347	1036	401	1463	270	1112	1537	1521	9	496	585	446	447	549	982	440	246	16	912	1237	725	526	176	519	911	394	1430	127	426	623	499	1032	917	1885	1448	669	191	458	175	244	742	463	495	947	637	1138	575	1494	982	2107	1325	491	1356	345	726	3217	2248	1696	501	1033	311	871	456
390	954	894	1137	137	1597	304	596	778	2002	856	923	427	453	430	736	1563	1700	413	757	0	485	1763	750	2007	2942	438	613	576	1991	494	826	1292	998	490	750	655	268	2523	1233	814	1908	304	1163	413	301	605	716	1944	622	650	740	1634	1434	273	304	656	594	313	758	1627	1979	843	1176	322	430	652	435	1627	526	445	524	573	752	664	2629	928	1632	826	548	859	531	650	1307	1090	41	2264	2123	1377	1223	252	743	167	749	841	1661	921	1527	929	269	605	611	459	1060	937	28	662	880	537	915	749	1237	750	413	767	2321	1607	764	800	1985	650	444	589	1124	849	237	831	446	904	245	1060	722	31	192	782	2158	458	782	2224	41	166	764	1607	358	326	761	1393	792	79	639	808	382	412	1231	603	627	893	1165	679	579	562	742	1498	1169	565	456	1182	855	572	553	369	951	1227	745	1138	670	549	604	638	441	1957	840	1627	923	427	592	1317	736	758	1584	770	602	453	438	294	863	434	545	814	887	38	848	233	748	243	432	819	1471	364	1897	905	1307	2133	1614	760	273	401	729	403	308	821	597	831	762	164	482	1025	431	727	326	1015	598	826	641	412	546	483	937	929	2328	774	796	948	304	751	864	116	462	1231	751	209	1629	490	1745	821	2042	1610	460	1200	432	31	2773	1747	2267	453	942	584	119	650
842	469	759	1618	412	2080	780	1032	1206	2454	635	1351	878	896	432	1200	1359	1230	833	1099	485	0	2218	399	2459	2460	814	617	984	1586	46	347	1764	1483	946	1099	765	473	2091	1597	589	1725	722	1600	103	777	1089	257	1724	766	1121	520	2099	972	710	780	766	1031	716	1224	1518	2440	896	1120	793	810	787	771	1518	997	826	733	1019	1160	808	2143	797	1146	347	769	1008	1008	783	827	710	506	2750	1865	1207	1708	261	1149	404	645	618	1413	1210	1995	729	470	1049	1046	165	921	715	458	777	636	980	1179	1210	891	1154	833	1236	1835	1448	1230	1072	1526	783	929	182	724	626	650	639	889	1389	650	1513	1124	507	587	297	2629	892	297	1973	506	340	1104	1448	822	797	1108	911	1219	558	1012	583	843	865	1642	1038	998	755	1082	1164	987	608	1149	1983	1654	974	942	868	635	980	965	743	757	1055	1152	1604	425	1012	1088	746	912	1745	618	1518	1328	898	408	1701	1087	1136	1303	1144	1037	939	821	239	755	804	988	589	1291	448	363	718	1152	569	580	339	1943	717	2374	1309	1183	2579	1382	1105	710	885	1193	862	783	596	751	1242	1109	483	403	1503	909	1129	796	1500	782	347	1012	865	1032	958	715	787	2806	353	1280	1275	722	1152	1269	411	930	1594	533	693	2095	583	1597	596	2484	1499	933	1647	757	507	2289	1261	2721	928	722	1022	475	783
1379	2656	2096	709	1807	882	1461	1186	1018	240	2205	878	1342	1322	1893	1027	2554	3449	1386	1212	1763	2218	0	2304	245	4658	1418	2245	1243	3369	2211	2566	503	877	1276	1201	2171	1763	3932	838	2192	2729	1496	630	2123	1463	1201	2390	2849	1660	1115	2158	1232	3028	1509	1461	1704	1187	1503	1006	2367	237	2335	2041	1441	1420	1664	1476	2367	1238	1404	1602	1199	1077	1646	4311	2100	3328	2566	1572	1587	1240	1668	3040	2849	1761	920	3086	2371	725	1957	1089	1814	2414	2201	2719	1238	283	2206	1767	1169	1173	2122	2160	2241	1785	1695	2602	1237	1306	1014	2623	1087	1386	999	4003	2477	1001	1341	3526	1668	1355	2349	2887	2204	1567	2156	1329	1060	1568	1333	1117	1735	1630	2492	469	1326	2492	3143	1761	1930	1212	2477	1406	1437	1197	3059	1007	1712	1244	2190	1383	1356	1587	1180	1257	2099	2093	1149	1240	1815	1088	729	762	1253	1354	2528	2202	1248	1260	1484	2207	2294	1087	1199	2414	1214	1201	1711	1323	2840	2200	2367	928	1337	2328	707	1207	1132	2739	1132	1181	1352	1409	2058	2044	1429	1230	2192	962	1802	2571	1540	1089	1655	2042	2513	363	1515	374	947	2234	380	2650	1203	1509	1381	1034	1362	1456	2194	1653	998	1197	1860	2207	781	1338	1112	1437	957	1606	2566	1247	1356	1264	1284	2241	2118	709	2536	1028	1122	1496	1093	982	1810	1301	839	2158	1561	188	1775	2533	2194	1636	2361	1305	1361	1494	1735	4424	3438	503	1313	2241	1196	1835	1668
1002	434	439	1788	624	2311	983	1148	1294	2530	278	1428	1031	1037	417	1343	968	1237	957	1104	750	399	2304	0	2534	2365	900	1016	1072	1240	355	476	1899	1677	1097	1112	1163	582	1775	1579	241	1335	867	1674	385	982	1296	227	1327	674	1282	204	2377	729	875	983	646	1147	849	1371	1155	2537	1295	805	987	901	681	835	1155	1170	915	706	1150	1228	703	2007	474	1039	476	739	860	1193	677	818	946	785	2941	1465	829	1898	503	1216	600	1033	264	1015	1152	2116	369	578	1172	1157	304	576	345	722	657	982	1110	1102	1347	502	1217	957	1387	1700	1068	1377	1018	1260	677	1152	532	932	270	810	304	1031	1621	804	1811	1188	758	756	349	2746	1022	349	1574	785	662	1106	1068	999	988	1118	761	1303	830	1060	237	1014	1021	1976	1151	1047	435	755	1375	1075	501	1218	2191	1846	1064	1171	470	280	1067	1059	845	398	683	1218	1882	795	1167	1295	631	1093	1350	264	1155	1378	1080	798	1701	1104	1173	904	1175	1150	1165	911	608	459	888	1116	241	1343	723	424	950	1216	698	968	321	2077	809	2513	1358	827	2641	986	1113	875	1101	1336	1027	984	246	673	1306	1118	817	803	1667	1104	1193	986	1721	717	476	1057	1021	1249	1142	345	457	2945	618	1476	1244	867	1211	1322	640	1102	1577	214	925	2208	530	1218	246	2793	1136	1116	1951	815	758	2121	1145	2797	1114	352	1139	793	677
1621	2893	2307	948	2048	1036	1705	1426	1255	5	2423	1112	1585	1564	2125	1271	2735	3689	1626	1434	2007	2459	245	2534	0	4892	1654	2490	1480	3572	2450	2806	746	1116	1519	1424	2414	2000	4134	1023	2413	2888	1737	863	2363	1708	1446	2626	3014	1880	1360	2381	1384	3253	1751	1705	1922	1427	1743	1251	2530	141	2577	2229	1685	1657	1883	1710	2530	1483	1640	1828	1440	1310	1864	4541	2309	3561	2806	1797	1791	1485	1886	3278	3094	2005	894	3252	2557	952	2197	1322	2054	2659	2420	2902	1442	517	2419	2004	1410	1413	2359	2362	2455	2028	1913	2848	1479	1508	1258	2836	1319	1626	1244	4233	2649	1245	1553	3744	1886	1601	2592	3131	2423	1808	2374	1571	1297	1808	1551	1350	1978	1871	2730	339	1566	2730	3304	2005	2173	1433	2649	1649	1680	1419	3291	1243	1956	1475	2411	1626	1599	1792	1420	1488	2311	2284	1394	1477	2040	1321	907	993	1489	1599	2739	2420	1484	1497	1721	2419	2489	1320	1412	2660	1458	1446	1931	1567	3003	2419	2530	1156	1581	2574	889	1431	1360	2930	1358	1421	1598	1645	2301	2256	1665	1471	2413	1191	2046	2809	1785	1321	1893	2288	2750	594	1752	418	1175	2420	141	2833	1425	1751	1626	1278	1605	1700	2414	1875	1230	1419	2105	2452	1025	1582	1345	1681	1190	1828	2806	1477	1599	1510	1529	2455	2328	587	2780	1273	1329	1737	1325	1211	2052	1545	1024	2381	1806	414	2003	2695	2414	1749	2525	1549	1567	1728	1978	4651	3672	263	1557	2455	1437	2080	1886
3298	2003	2678	4078	2869	4513	3240	3477	3640	4888	2526	3780	3333	3348	2767	3656	2630	1265	3277	3470	2942	2460	4658	2365	4892	0	3239	2698	3414	1758	2459	2115	4221	3940	3401	3476	2861	2896	1508	3942	2523	2817	3171	4029	2547	3237	3547	2268	2683	3037	3580	2537	4473	1681	3165	3240	3004	3476	3161	3681	2961	4886	2823	2924	3253	3238	3041	3182	2961	3457	3254	3071	3470	3581	3062	417	2691	1330	2115	3104	3192	3468	3037	1634	1991	2957	5201	2570	2690	4165	2717	3570	2857	2552	2525	2498	3511	4449	2561	2892	3497	3489	2538	2700	2522	2916	3015	2320	3430	3456	3664	2189	3572	3277	3694	684	2791	3687	3380	1353	3037	3385	2364	1929	2524	3103	2575	3341	3833	3100	3883	3542	2966	3040	2172	5084	3340	2172	2644	2957	2784	3471	2791	3280	3257	3483	1604	3651	3010	3417	2523	3301	3320	3922	3482	3404	2673	2856	3621	3417	2867	3570	4432	4111	3405	3397	2289	2529	3410	3398	3175	2573	2655	3572	4000	2408	3469	3546	2991	3372	2718	2525	2961	3738	3358	2494	4066	3468	3535	2368	3537	3481	3394	3249	2660	2723	3228	3437	2523	3702	2904	2098	3175	3570	3007	2838	2146	4400	3143	4833	3718	2801	5003	2546	3478	3165	3344	3649	3319	3243	2523	3037	3662	3483	2899	2610	3963	3369	3547	3255	3948	3082	2115	3415	3320	3488	3418	2522	2670	5266	2194	3738	3608	3171	3567	3681	2870	3389	3940	2541	3151	4547	2895	2881	2523	4782	2949	3393	3998	3164	2966	496	1221	5156	3388	2524	3467	2906	3037
184	1238	815	897	419	1454	274	248	400	1650	864	542	186	171	482	449	1447	2038	94	319	438	814	1418	900	1654	3239	0	1047	174	2069	800	1156	998	806	231	312	1067	345	2626	801	838	1749	142	791	714	275	474	971	1817	377	404	785	1584	1629	183	274	431	247	125	478	1422	1647	1258	970	252	10	402	73	1422	318	14	265	257	347	399	2897	837	1910	1156	257	531	356	403	1624	1494	460	2049	2026	1248	1017	556	336	416	1187	855	1579	491	1217	899	350	274	257	705	947	924	446	429	1313	220	496	450	1294	340	94	496	2588	1447	483	385	2153	403	398	965	1521	861	201	821	169	798	192	1092	310	407	251	1076	1849	144	1076	2114	460	585	326	1447	220	248	323	1644	411	434	204	834	212	187	1338	251	191	817	985	547	177	458	336	1315	967	165	422	1213	862	170	159	73	911	1116	338	1114	1096	294	472	424	274	1823	854	1422	514	269	1023	895	297	328	1540	338	250	412	13	700	768	12	224	838	477	469	1156	337	338	245	855	1095	1176	97	1613	495	1142	1770	1520	322	183	351	442	206	269	842	355	429	324	593	919	775	309	315	243	875	322	1156	206	187	454	315	924	847	2045	1153	617	510	142	337	455	430	267	799	789	334	1311	395	1565	842	2041	1407	293	1233	93	407	3018	2021	1918	299	927	240	551	403
958	937	1345	1555	688	1862	845	1162	1340	2485	1241	1478	993	1024	922	1248	1972	1436	1007	1366	613	617	2245	1016	2490	2698	1047	0	1166	2149	662	754	1746	1391	1042	1357	176	833	2615	1825	1196	2337	907	1697	655	842	1046	842	2340	1204	1154	1122	1781	1477	871	845	1226	1160	922	1261	2110	2438	279	1685	870	1038	1232	1048	2110	1043	1053	1121	1129	1332	1248	2451	1383	1502	754	1149	1451	1027	1229	1139	708	587	2573	2481	1813	1598	649	1325	710	170	1225	2031	1534	1982	1333	832	1162	1177	748	1514	1324	612	1235	390	1101	1528	1266	1501	1334	1007	1263	2160	2053	1266	1414	2013	1229	900	518	769	1233	847	1238	1018	1236	857	1198	1308	643	805	808	2585	1039	808	2591	587	505	1373	2053	915	876	1368	1345	1355	615	1242	1189	940	978	1226	1170	1231	1342	1658	1096	1169	1097	1323	1818	1546	1156	897	1484	1242	1163	1143	980	1361	1659	1327	1326	314	1082	1046	1206	969	2361	1224	2110	1498	958	251	1896	1342	1355	1920	1368	1169	900	1046	456	1331	1045	1108	1196	1464	589	818	757	1332	850	206	865	1913	977	2304	1482	1776	2625	1999	1368	871	886	1242	962	851	1202	1180	1405	1370	454	213	1466	941	1313	878	1355	1192	754	1245	978	983	994	1324	1376	2718	583	1218	1557	907	1337	1442	665	995	1823	1135	745	2087	1040	2201	1202	2088	2091	980	1305	1045	643	2631	1613	2739	970	1331	1151	496	1229
213	1413	954	740	581	1314	331	98	225	1476	1020	368	184	151	655	296	1559	2211	163	234	576	984	1243	1072	1480	3414	174	1166	0	2223	972	1328	828	666	170	217	1164	519	2783	660	997	1842	274	617	885	333	393	1146	1921	499	279	949	1470	1801	302	331	553	98	272	326	1502	1472	1354	1062	304	176	518	236	1502	243	160	402	129	178	509	3071	972	2084	1328	383	587	285	520	1798	1654	589	1888	2137	1359	866	724	168	582	1315	1012	1699	431	1044	1046	524	128	99	879	1072	1074	589	548	1457	114	461	293	1451	175	163	346	2762	1544	331	370	2320	520	381	1130	1683	1017	346	975	156	689	342	1020	146	544	406	1250	1675	129	1250	2221	589	734	243	1544	259	298	229	1819	236	553	104	993	237	197	1286	96	102	956	1086	452	3	612	167	1166	819	10	402	1365	1017	4	23	242	1056	1237	170	1020	1245	197	392	551	250	1924	1011	1502	349	254	1168	741	203	190	1671	205	96	392	165	855	904	186	112	997	312	611	1329	415	172	415	966	1270	1005	271	1442	330	1245	1597	1638	231	302	351	291	217	325	1000	481	259	230	717	1058	618	291	151	295	750	440	1328	111	197	397	267	1074	984	1873	1319	493	411	274	175	289	589	228	657	951	423	1137	556	1652	1000	1937	1489	257	1155	256	544	3192	2196	1743	267	1077	96	679	520
2206	1219	1280	2963	1863	3520	2207	2313	2424	3570	1204	2536	2229	2228	1617	2516	938	1345	2144	2172	1991	1586	3369	1240	3572	1758	2069	2149	2223	0	1552	1402	3038	2874	2290	2187	2319	1801	563	2551	1231	1063	2073	2760	1609	2206	2511	1330	925	1735	2472	1290	3611	706	2089	2207	1685	2312	2051	2546	1257	3606	2404	1366	2207	2073	1724	1996	1257	2372	2083	1821	2326	2346	1739	1342	1272	986	1402	1843	1782	2401	1721	1208	1711	2026	4109	821	1060	3086	1743	2334	1838	2100	1213	780	2131	3231	1178	1797	2341	2319	1539	1210	1149	1963	1692	1946	2289	2064	2515	774	2332	2144	2564	1134	1086	2551	2030	441	1721	2378	1633	1652	1208	2027	1248	2224	2841	2018	3050	2306	1998	1979	1342	3834	2207	1342	908	2026	1896	2170	1086	2212	2208	2188	910	2430	2070	2178	1235	2223	2222	3214	2314	2167	1278	1304	2590	2225	1611	2336	3385	3037	2217	2398	857	1206	2219	2216	2030	1172	1091	2336	3118	1854	2359	2510	1682	2302	960	1214	1257	2460	2290	1899	2685	2185	2266	684	2262	2314	2391	2082	1822	1332	2056	2294	1231	2431	1964	1334	2183	2331	1912	2161	1284	3207	1992	3636	2443	1194	3656	841	2182	2089	2326	2509	2232	2207	1227	1748	2411	2189	2050	1954	2841	2320	2310	2204	2933	1793	1402	2174	2222	2470	2351	1149	1255	4056	1587	2679	2246	2073	2322	2415	1879	2307	2551	1284	2159	3310	1674	1150	1227	4033	1248	2325	3191	1976	1998	1322	971	3826	2325	1146	2307	2030	1721
839	461	712	1620	409	2091	782	1024	1196	2446	588	1340	874	891	399	1197	1313	1239	824	1079	494	46	2211	355	2450	2459	800	662	972	1552	0	356	1761	1487	942	1079	808	456	2062	1576	543	1678	715	1589	87	780	1094	229	1678	733	1120	473	2117	949	706	782	730	1023	707	1222	1471	2434	941	1074	794	797	753	755	1471	997	813	706	1013	1147	775	2137	751	1140	356	741	972	1010	750	830	742	518	2756	1820	1160	1713	257	1136	398	691	572	1368	1183	1991	682	452	1042	1037	126	875	669	466	742	680	974	1150	1206	850	1141	824	1234	1829	1401	1227	1045	1503	750	936	222	753	579	645	592	884	1399	643	1534	1110	514	582	289	2626	885	289	1929	518	358	1083	1401	820	798	1088	898	1208	570	996	536	841	861	1670	1030	982	709	1036	1170	975	572	1136	1991	1659	962	950	824	589	968	953	730	710	1008	1138	1622	470	1009	1093	711	912	1699	571	1471	1314	898	455	1682	1068	1120	1259	1126	1029	946	808	269	710	790	981	543	1277	458	362	724	1139	557	619	325	1941	702	2373	1294	1137	2569	1337	1085	706	891	1189	859	785	549	719	1229	1089	507	448	1504	912	1115	796	1509	752	356	995	861	1038	959	669	740	2806	383	1284	1251	715	1137	1255	411	929	1574	486	699	2090	551	1550	549	2508	1452	934	1669	740	514	2279	1255	2713	929	675	1014	495	750
1190	183	916	1963	759	2410	1126	1380	1552	2801	754	1696	1226	1244	731	1548	1396	883	1179	1430	826	347	2566	476	2806	2115	1156	754	1328	1402	356	0	2111	1825	1294	1432	928	812	1861	1926	718	1759	1069	1945	443	1123	1432	254	1728	1058	1468	673	2407	722	1058	1126	1046	1378	1063	1572	1617	2788	1002	1282	1140	1153	1074	1110	1617	1345	1169	1047	1367	1503	1096	1807	950	814	0	1083	1282	1354	1070	480	470	843	3089	1828	1282	2050	609	1492	751	698	741	1409	1524	2343	844	808	1396	1393	460	1051	817	801	1057	568	1328	1486	1558	834	1497	1179	1584	1502	1514	1578	1385	1263	1070	1270	267	455	747	998	780	1237	1723	998	1816	1466	850	935	127	2977	1240	127	1940	843	670	1434	1514	1169	1144	1440	607	1564	895	1351	713	1190	1213	1915	1385	1337	911	1232	1506	1331	886	1493	2321	1996	1318	1282	852	756	1324	1310	1086	872	1144	1494	1918	452	1360	1431	1027	1259	1754	741	1617	1670	1245	502	2035	1421	1474	1275	1481	1384	1279	1164	549	931	1146	1335	718	1633	788	72	1060	1495	913	806	167	2291	1059	2721	1650	1296	2925	1394	1437	1058	1228	1541	1210	1129	723	1048	1585	1441	795	578	1850	1255	1471	1143	1836	1085	0	1350	1213	1373	1304	817	934	3153	188	1623	1598	1069	1493	1611	759	1277	1924	685	1035	2443	881	1664	723	2771	1598	1280	1945	1094	850	1962	929	3068	1274	823	1369	797	1070
