NAME : VRPTW_INSTANCE_108.txt
COMMENT : Bangkok Supermarket
TYPE : VRPTW
DIMENSION : 252
DAYS : Tuesday
EDGE_WEIGHT_TYPE : EXPLICIT
VEHICLES : 35
EDGE_WEIGHT_FORMAT : FULL_MATRIX
CAPACITY : 1000
EDGE_WEIGHT_SECTION
0	248	400	322	972	710	985	1322	228	814	1035	1606	135	541	440	86	46	1026	394	90	1415	245	404	19	761	477	135	496	185	254	402	153	940	30	210	720	21	83	194	413	1321	1577	617	205	482	1126	642	998	204	1662	568	119	371	372	442	54	1655	133	585	1861	309	404	204	103	154	424	413	171	355	133	1056	603	464	283	693	350	365	1474	2009	531	914	797	1790	172	113	374	516	1028	118	1894	404	391	154	199	639	22	874	1096	601	399	189	383	1418	456	534	351	1502	482	1001	624	408	1083	456	308	1410	185	89	154	215	1193	991	974	199	2689	978	2068	300	314	208	449	201	840	404	94	1221	609	404	1116	929	775	199	218	2215	387	352	155	123	186	374	1221	1218	1247	196	283	97	207	1014	309	46	308	1078	196	759	944	1009	2038	525	373	328	945	314	214	501	1011	2607	1058	213	1171	1214	985	1872	328	112	548	85	1029	395	479	432	255	413	527	203	1010	603	497	288	891	382	891	202	1259	288	204	641	984	1606	317	464	67	309	481	1484	368	215	581	745	404	372	103	26	560	978	583	309	206	1056	1137	153	962	214	1137	59	543	962	121	2378	1027	1684	201	474	102	1321	205	366	207	153	464	750	1707	147	477
248	0	372	270	763	472	749	1561	28	690	1283	1358	173	561	555	301	278	1051	466	308	1171	360	452	256	558	498	173	513	79	501	466	392	722	257	228	533	269	254	428	450	1073	1797	369	232	496	1024	657	799	451	1425	320	187	394	539	194	256	1413	211	806	1621	264	452	221	304	326	309	473	315	590	277	828	356	361	521	880	360	529	1239	1840	350	800	742	1726	86	355	387	558	990	323	2004	466	464	296	79	871	254	936	866	353	465	190	565	1528	209	354	352	1430	501	787	376	370	983	209	246	1617	309	216	326	240	1361	750	755	79	2647	743	2034	305	256	318	201	195	754	452	194	977	418	452	1129	846	756	312	237	2125	596	361	101	325	420	396	977	1331	1242	206	261	342	318	777	315	278	243	979	206	693	721	1212	1907	532	550	346	697	256	238	252	787	2404	998	461	1091	1282	749	1733	346	199	367	300	1196	462	385	341	502	450	756	226	774	356	513	234	644	618	644	373	1315	234	341	658	1059	1358	554	361	244	315	500	1332	387	345	333	804	452	539	304	272	574	743	335	78	107	837	905	126	726	238	905	240	295	726	366	2230	810	1557	339	226	317	1073	229	388	318	392	361	887	1949	293	498
400	372	0	101	1074	560	1001	1431	348	1060	1270	1459	280	192	836	485	445	1397	170	489	1370	217	775	387	888	135	280	147	405	577	160	427	1023	376	192	429	404	322	428	780	1233	1596	600	195	130	1395	285	1123	539	1649	537	457	728	350	450	352	1615	487	946	1826	109	775	199	339	553	681	159	267	537	281	1103	593	733	496	651	64	340	1475	2177	288	1171	398	2098	328	420	63	888	1358	517	1652	157	170	271	419	756	382	1260	1132	592	163	509	393	1180	434	287	56	1802	137	1090	605	16	1354	434	126	1385	244	311	553	185	1074	986	1050	419	3018	1004	2403	641	115	223	450	519	1126	775	312	1180	767	775	1481	1219	1116	229	182	2495	770	62	331	523	425	77	1180	1618	1602	524	605	422	223	1029	652	445	129	1350	524	1064	1012	989	2266	879	376	85	835	115	186	497	1073	2699	659	545	1463	1605	1001	2090	85	292	296	485	912	775	122	101	579	780	648	199	1027	593	147	139	843	558	843	602	1646	139	251	287	699	1459	519	733	334	652	137	1685	72	241	549	1129	775	350	339	420	919	1004	567	440	451	1129	1162	428	983	186	1162	341	535	983	433	2580	1107	1920	253	496	501	1233	196	75	223	427	733	585	1822	276	135
322	270	101	0	987	515	926	1455	247	959	1259	1426	193	291	750	408	369	1300	227	413	1311	202	681	313	796	230	193	244	305	529	222	380	938	303	114	432	330	254	392	684	1183	1642	524	119	227	1294	386	1033	486	1585	461	365	632	372	362	282	1556	395	892	1767	14	681	119	282	471	579	226	224	523	223	1024	515	631	472	698	102	361	1407	2085	260	1070	489	1997	229	365	126	793	1257	440	1746	221	226	220	319	768	308	1168	1055	513	223	412	412	1272	350	261	91	1701	233	1004	529	101	1253	350	24	1440	201	234	471	112	1145	915	966	319	2917	927	2302	544	14	187	364	422	1025	681	230	1118	671	681	1383	1117	1017	190	107	2395	705	102	233	445	387	138	1118	1534	1502	428	506	363	187	955	554	369	28	1249	428	962	929	1038	2169	781	394	100	786	14	112	414	991	2619	750	493	1362	1513	926	1993	100	210	274	408	981	682	157	111	531	684	655	121	953	515	244	39	779	547	779	522	1553	39	221	388	795	1426	499	631	262	554	232	1589	129	214	474	1036	681	372	282	346	821	927	489	340	351	1046	1087	331	907	112	1087	268	454	907	378	2485	1023	1822	221	408	425	1183	119	131	187	380	631	658	1847	223	230
972	763	1074	987	0	648	224	2283	791	399	1933	936	936	1263	962	979	979	1009	1210	985	578	1122	814	987	211	1210	936	1220	794	1186	1208	1125	65	992	985	907	993	1008	1166	796	603	2549	489	990	1204	586	1342	71	1142	744	548	859	773	1302	625	1001	772	859	1358	956	987	814	979	1054	950	581	1212	1078	1326	1038	158	492	569	1255	1642	1089	1292	555	1108	856	447	1327	1262	847	1084	1114	824	780	981	2723	1207	1209	1058	777	1610	987	1039	202	492	1208	798	1327	2254	641	860	1078	984	1212	44	486	1066	570	641	965	2377	1073	972	950	997	2122	273	69	777	2182	198	1629	759	974	1081	624	788	531	814	951	439	364	814	1023	569	731	1075	993	1555	1163	1089	859	979	1158	1126	439	1471	1049	798	740	1068	1080	226	758	979	961	570	798	584	99	1972	1247	747	1313	1083	526	974	995	578	110	1641	1532	1151	703	1295	224	1063	1083	959	861	978	1956	848	1019	996	1186	796	1499	984	220	492	1220	963	389	1354	389	968	1287	963	1104	1346	1768	936	1288	569	994	758	1211	661	1116	1108	539	954	814	1302	1054	987	768	198	517	685	765	107	250	819	213	995	250	988	543	213	1092	1527	76	932	1102	579	987	603	988	1118	1080	1125	569	1641	2660	1054	1210
710	472	560	515	648	0	497	1968	485	830	1738	913	595	714	993	772	746	1367	729	779	814	711	861	714	538	680	595	683	550	963	720	835	584	711	583	260	730	688	862	853	672	2154	214	590	670	1145	768	714	914	1098	200	658	799	887	294	702	1058	681	1279	1268	523	861	582	735	798	615	719	709	1015	687	615	222	656	954	1209	604	876	933	1738	275	935	699	1862	538	805	619	946	1225	795	2132	717	728	696	545	1277	711	1302	630	225	722	646	926	1678	268	277	592	1569	679	644	211	546	1113	268	503	1946	691	651	798	590	1627	468	599	545	2793	509	2211	722	508	686	285	646	949	861	633	628	513	861	1423	1030	1048	685	585	2193	1067	603	555	798	856	633	628	1730	1504	659	678	795	686	521	730	746	500	1110	659	933	558	1548	1895	894	909	611	274	508	589	255	602	2187	886	923	1245	1633	497	1711	611	627	271	772	1469	882	459	460	965	853	1163	587	521	222	683	514	309	1041	309	843	1652	514	718	774	1188	913	985	656	685	730	680	1308	626	716	195	1177	861	887	735	736	935	509	215	445	563	661	648	597	486	589	648	685	234	486	817	2168	650	1576	718	290	789	672	589	629	686	835	656	1140	2360	696	680
985	749	1001	926	224	497	0	2307	775	592	1995	745	920	1178	1071	1011	1003	1207	1154	1018	441	1090	919	997	308	1133	920	1140	800	1223	1149	1136	169	1000	950	755	1007	1003	1175	902	411	2544	402	956	1125	810	1246	294	1175	677	465	885	868	1274	574	1003	673	893	1447	877	930	919	946	1052	999	657	1151	1059	1337	1024	121	412	662	1267	1614	1028	1264	490	1245	746	659	1196	1482	835	1098	1049	953	992	1021	2622	1147	1153	1041	785	1620	997	1216	134	413	1150	835	1306	2162	578	749	1016	1207	1134	194	397	989	793	578	907	2357	1050	965	999	961	2072	49	155	785	2396	26	1851	832	915	1053	570	828	729	919	944	261	435	919	1230	779	911	1049	957	1757	1240	1028	850	1020	1167	1063	261	1654	1266	840	803	1083	1053	28	834	1003	903	792	840	766	131	1952	1426	879	1290	1027	315	915	959	517	127	1701	1379	1185	927	1494	0	1242	1027	948	747	1011	1908	951	924	911	1223	902	1505	951	26	412	1140	910	195	1365	195	1027	1491	910	1081	1251	1672	745	1301	662	993	834	1134	851	1054	1083	452	1118	919	1274	1052	1005	907	26	438	678	782	180	161	835	24	959	161	988	474	24	1107	1679	182	1130	1079	531	1023	411	954	1056	1053	1136	662	1584	2693	1039	1133
1322	1561	1431	1455	2283	1968	2307	0	1536	2042	494	2881	1396	1353	1415	1305	1307	1908	1264	1298	2732	1257	1527	1310	2072	1350	1396	1358	1507	1097	1276	1171	2257	1307	1388	1858	1300	1307	1133	1546	2625	399	1927	1381	1362	2281	1372	2300	1141	2985	1872	1428	1546	1084	1748	1305	2974	1425	1039	3182	1446	1527	1390	1258	1334	1706	1280	1265	971	1294	2377	1915	1729	1040	807	1376	1095	2797	3240	1712	2115	1599	2779	1476	1209	1368	1579	2068	1302	1452	1279	1263	1280	1522	693	1310	1710	2418	1912	1272	1486	1043	1183	1754	1713	1388	2544	1354	2316	1934	1447	2239	1754	1465	469	1280	1346	1334	1379	756	2311	2292	1522	3532	2300	2935	1534	1461	1283	1754	1495	2010	1527	1367	2538	1918	1527	2005	2077	1843	1285	1385	3247	1167	1377	1460	1303	1141	1354	2538	1717	2153	1484	1546	1224	1283	2336	1536	1307	1468	2234	1484	1913	2263	540	3187	1642	1061	1364	2233	1461	1381	1808	2331	3891	1743	1131	2277	1900	2307	3046	1364	1366	1724	1305	773	1494	1552	1531	1097	1546	808	1385	2332	1915	1358	1454	2201	943	2201	1322	1971	1454	1251	1365	1224	2881	1007	1729	1317	1536	1353	2702	1359	1253	1885	1654	1527	1084	1258	1303	1649	2300	1892	1629	1527	2373	2460	1474	2284	1381	2460	1321	1852	2284	1200	3552	2343	2840	1252	1786	1296	2625	1382	1356	1283	1171	1729	978	391	1281	1350
228	28	348	247	791	485	775	1536	0	716	1263	1377	145	536	558	287	261	1066	438	294	1196	331	461	235	587	472	145	488	77	482	439	368	751	234	199	532	248	228	403	460	1096	1770	392	203	471	1050	633	828	432	1451	341	179	405	510	215	232	1438	206	795	1646	239	461	192	278	318	332	446	287	565	249	856	379	384	497	851	334	500	1266	1869	346	826	724	1749	60	333	361	569	1011	310	1977	438	436	268	83	845	233	947	893	377	437	193	537	1500	227	351	326	1454	476	815	399	347	1008	227	222	1589	281	190	318	211	1333	776	783	83	2670	770	2056	315	232	289	221	200	778	461	168	1001	447	461	1145	870	774	283	209	2150	586	334	76	313	395	370	1001	1337	1261	210	273	320	289	804	326	261	219	1004	210	715	749	1183	1934	547	522	320	717	232	209	274	815	2433	981	441	1115	1293	775	1761	320	172	363	286	1167	469	368	323	483	460	730	197	801	379	488	209	667	593	667	366	1328	209	312	634	1033	1377	530	384	219	326	475	1361	360	317	354	815	461	510	278	253	588	770	357	107	115	865	932	121	753	210	932	216	317	753	344	2258	838	1585	310	250	303	1096	201	361	289	368	384	859	1924	265	472
814	690	1060	959	399	830	592	2042	716	0	1643	1331	835	1251	643	786	803	615	1151	791	976	1026	516	832	316	1188	835	1203	680	966	1153	953	430	842	911	1054	831	877	997	497	996	2348	618	914	1186	337	1345	361	931	1116	652	695	498	1183	652	859	1158	681	1048	1328	954	516	903	914	733	394	1161	964	1139	920	556	612	350	1071	1506	1050	1176	935	1207	934	112	1399	1054	754	913	1078	483	410	776	2690	1153	1149	943	663	1410	834	642	602	610	1152	625	1198	2212	682	939	1042	757	1191	443	620	1056	298	682	934	2205	967	850	733	923	2007	635	457	663	1985	567	1388	528	945	983	657	613	137	516	832	835	325	516	640	202	333	975	922	1436	878	1051	759	772	989	1087	835	1072	691	617	533	897	982	605	522	803	931	294	617	188	464	1811	1226	410	1186	1036	828	945	921	638	506	1852	1639	940	421	901	592	1058	1036	848	946	786	1843	549	1048	1011	965	497	1311	908	599	612	1203	924	688	1165	688	731	898	924	995	1347	1749	1331	1101	350	860	522	1191	674	1077	1004	651	565	516	1183	914	819	417	567	626	619	637	504	649	682	572	921	649	852	627	572	916	1564	474	873	993	617	788	996	911	1078	982	953	350	1556	2402	938	1188
1035	1283	1270	1259	1933	1738	1995	494	1263	1643	0	2641	1142	1259	1000	990	1006	1434	1124	983	2434	1060	1132	1028	1727	1232	1142	1246	1214	782	1139	902	1917	1029	1165	1691	1014	1049	877	1151	2353	889	1649	1157	1244	1848	1312	1938	832	2664	1603	1117	1164	931	1477	1036	2668	1105	598	2870	1247	1132	1164	1003	996	1353	1147	1039	736	1054	2046	1636	1364	789	798	1206	940	2473	2815	1518	1702	1547	2302	1206	933	1208	1163	1614	977	1816	1142	1123	1048	1225	548	1030	1239	2091	1633	1134	1161	888	1455	1490	1519	1217	2078	1237	1970	1657	1285	1807	1490	1261	894	1060	1086	996	1160	1027	2008	1953	1225	3039	1984	2445	1174	1260	1072	1484	1167	1591	1132	1105	2244	1576	1132	1529	1648	1406	1070	1165	2770	771	1208	1189	977	883	1197	2244	1223	1675	1155	1197	944	1072	2023	1174	1006	1263	1802	1155	1494	1930	729	2734	1233	903	1189	1980	1260	1161	1535	1997	3492	1748	822	1830	1408	1995	2603	1189	1111	1532	990	961	1098	1390	1357	781	1151	634	1160	2018	1636	1246	1244	1922	713	1922	969	1480	1244	1038	1306	1324	2641	760	1364	1053	1174	1236	2280	1199	1044	1616	1197	1132	931	1003	1010	1232	1984	1617	1337	1221	2031	2136	1172	1971	1160	2136	1054	1577	1971	921	3103	2000	2394	1038	1507	977	2353	1158	1196	1072	902	1364	1011	779	1047	1232
1606	1358	1459	1426	936	913	745	2881	1377	1331	2641	0	1502	1582	1789	1655	1636	1945	1629	1663	409	1624	1639	1612	1052	1563	1502	1561	1429	1859	1619	1741	901	1611	1496	1053	1626	1595	1771	1624	334	3053	996	1504	1552	1492	1609	989	1809	555	1038	1531	1583	1798	1164	1606	446	1547	2138	573	1435	1639	1495	1643	1664	1369	1617	1621	1927	1598	778	1010	1385	1863	2110	1510	1787	566	1519	1172	1383	1455	2067	1435	1708	1521	1686	1715	1673	2862	1616	1630	1608	1419	2191	1610	1961	736	1013	1622	1499	1838	2454	1150	1172	1497	1833	1561	893	989	1443	1486	1150	1415	2835	1605	1557	1664	1504	2488	708	874	1419	2914	768	2444	1531	1420	1599	1156	1495	1466	1639	1537	497	1161	1639	1959	1505	1656	1598	1498	2225	1926	1509	1452	1674	1764	1535	497	2399	1977	1509	1494	1697	1599	728	1535	1636	1412	1487	1509	1510	867	2445	1822	1615	1821	1519	660	1420	1502	1107	826	1651	1520	1819	1611	2231	745	1656	1519	1533	1162	1655	2339	1669	1345	1357	1860	1624	2076	1500	734	1010	1561	1427	735	1953	735	1701	2224	1427	1632	1616	1987	0	1895	1385	1590	1535	1562	1360	1529	1629	1025	1862	1639	1798	1643	1630	1646	768	1027	1308	1428	839	692	1473	767	1503	692	1588	1066	767	1720	1952	865	1627	1632	1136	1670	334	1502	1532	1599	1741	1385	2015	3273	1608	1563
135	173	280	193	936	595	920	1396	145	835	1142	1502	0	445	557	218	180	1119	319	223	1336	192	496	130	729	379	0	398	155	373	323	240	896	123	89	586	148	93	268	501	1231	1625	531	88	381	1162	546	971	325	1595	476	178	451	366	352	109	1579	206	719	1789	180	496	82	140	278	441	333	142	427	104	1002	518	489	361	706	242	356	1410	2005	398	942	679	1848	88	210	268	609	1095	250	1854	324	317	122	172	704	126	980	1038	516	321	235	392	1377	358	401	239	1555	384	960	538	286	1119	358	176	1443	137	56	278	99	1192	919	928	172	2759	915	2141	367	183	149	357	246	882	496	41	1142	586	496	1205	973	848	142	100	2260	522	243	78	254	261	273	1142	1341	1330	250	335	202	149	948	377	180	175	1115	250	810	895	1038	2059	605	377	222	844	183	97	412	961	2577	940	333	1219	1324	920	1888	222	31	415	218	1026	494	347	300	374	501	588	83	945	518	398	156	805	454	805	329	1365	156	168	546	921	1502	394	489	90	377	383	1492	264	174	489	849	496	366	140	160	643	915	495	250	198	1010	1077	159	898	98	1077	91	456	898	223	2389	984	1708	166	391	235	1231	87	264	149	240	489	724	1785	119	379
541	561	192	291	1263	714	1178	1353	536	1251	1259	1582	445	0	981	622	583	1563	163	624	1528	306	939	525	1079	65	445	47	586	660	150	519	1210	513	356	529	539	458	504	945	1381	1476	782	356	64	1585	101	1313	632	1812	720	622	896	336	640	488	1772	649	1025	1982	296	939	364	457	695	868	138	378	562	409	1284	776	919	545	548	204	329	1644	2367	439	1361	297	2284	508	527	177	1051	1538	653	1461	147	165	391	601	717	521	1415	1311	775	155	680	377	990	622	437	210	1990	61	1276	787	199	1544	622	316	1252	359	460	695	346	914	1160	1236	601	3201	1183	2584	812	305	336	640	691	1314	939	468	1342	960	939	1650	1406	1293	344	345	2686	874	203	508	659	504	172	1342	1749	1775	695	780	534	336	1206	823	583	319	1540	695	1248	1197	870	2459	1050	364	223	987	305	347	684	1256	2880	539	635	1651	1756	1178	2282	223	447	443	622	759	933	256	268	662	945	624	361	1205	776	47	326	1012	575	1012	741	1801	326	349	100	507	1582	557	919	474	823	62	1878	180	337	731	1286	939	336	457	557	1088	1183	750	631	632	1313	1338	602	1162	347	1338	482	720	1162	537	2772	1292	2113	352	685	635	1381	358	180	336	519	919	432	1739	397	65
440	555	836	750	962	993	1071	1415	558	643	1000	1789	557	981	0	358	398	611	828	357	1510	678	151	455	772	917	557	936	480	418	837	493	959	467	644	1089	441	522	527	168	1469	1744	822	641	922	868	1081	956	408	1707	802	389	206	756	700	492	1727	359	404	1917	737	151	637	526	285	420	849	604	612	571	1095	808	408	560	1006	790	753	1517	1825	905	703	1235	1440	538	469	814	165	682	328	2261	839	825	590	476	837	460	441	1142	805	834	365	748	1793	729	909	790	1172	922	1004	828	843	825	729	732	1630	622	526	285	651	1502	1095	995	476	2304	1054	1681	271	739	645	709	360	595	151	524	1332	636	151	708	662	437	636	654	1891	249	792	527	322	522	815	1332	784	850	348	315	457	644	1095	264	398	730	820	348	498	980	1259	1781	233	744	768	1157	739	650	740	1043	2493	1496	412	873	775	1071	1634	768	544	922	359	1349	120	901	854	416	168	759	637	1090	808	937	712	1056	630	1056	240	823	712	635	1079	1396	1789	579	408	507	264	921	1288	808	647	811	320	151	756	526	423	235	1054	800	554	449	1067	1190	438	1046	650	1190	499	768	1046	463	2142	1035	1431	631	705	345	1469	640	807	644	493	408	1124	1764	583	917
86	301	485	408	979	772	1011	1305	287	786	990	1655	218	622	358	0	40	953	470	7	1447	320	339	98	767	559	218	578	226	211	479	168	952	110	296	798	83	165	212	351	1363	1577	660	292	564	1087	722	999	164	1686	617	126	315	422	492	134	1684	120	510	1888	395	339	290	169	74	410	491	246	356	212	1073	646	442	286	723	435	417	1497	1989	609	881	883	1735	239	131	458	447	970	31	1947	481	468	231	236	635	103	796	1115	644	476	180	426	1472	510	613	436	1450	564	1011	667	494	1043	510	394	1422	263	175	74	301	1227	1020	987	236	2627	1002	2004	259	400	286	500	190	799	339	179	1255	614	339	1045	885	716	278	305	2167	306	437	223	37	204	458	1255	1133	1179	180	254	115	286	1039	266	40	393	1038	180	713	959	1025	2004	465	418	412	996	400	300	548	1027	2603	1143	174	1124	1134	1011	1841	412	197	626	0	1065	325	565	518	212	351	529	289	1035	646	579	373	932	382	932	118	1180	373	277	721	1050	1655	317	442	151	266	563	1460	451	289	630	669	339	422	169	65	497	1002	628	348	231	1068	1159	183	987	300	1159	144	589	987	132	2349	1038	1649	274	519	17	1363	291	450	286	168	442	801	1685	225	559
46	278	445	369	979	746	1003	1307	261	803	1006	1636	180	583	398	40	0	989	432	44	1436	282	372	58	768	519	180	538	208	223	441	150	950	69	256	764	43	125	194	382	1347	1571	643	251	524	1109	683	1003	174	1679	597	120	344	393	472	94	1674	124	542	1880	355	372	250	132	112	419	452	207	347	173	1069	630	455	276	703	395	387	1491	2003	575	900	842	1764	209	110	417	481	1000	72	1918	442	429	192	220	630	62	834	1110	627	437	184	400	1442	488	578	395	1478	524	1011	650	453	1065	488	354	1411	224	135	112	261	1206	1010	985	220	2659	994	2037	280	360	247	479	195	822	372	140	1243	615	372	1081	909	746	238	264	2194	341	396	193	77	186	417	1243	1173	1214	188	269	94	246	1031	288	0	354	1060	188	738	956	1011	2024	496	391	372	976	360	260	529	1024	2609	1102	184	1150	1173	1003	1860	372	158	591	39	1043	360	525	479	224	382	521	249	1028	630	539	334	916	375	916	158	1219	334	239	682	1016	1636	309	455	110	288	523	1475	411	251	610	707	372	393	132	25	529	994	610	332	220	1067	1153	168	980	260	1153	103	571	980	115	2367	1037	1670	236	501	56	1347	251	410	246	150	455	773	1690	186	519
1026	1051	1397	1300	1009	1367	1207	1908	1066	615	1434	1945	1119	1563	611	953	989	0	1420	953	1579	1271	623	1043	918	1497	1119	1516	997	1027	1428	1102	1044	1055	1209	1544	1032	1109	1138	617	1611	2273	1156	1208	1500	551	1664	961	1019	1682	1169	941	668	1365	1117	1080	1739	913	878	1888	1289	623	1201	1122	879	771	1439	1197	1220	1159	1167	1146	722	1171	1613	1362	1362	1513	1465	1383	567	1788	872	1072	1075	1388	511	263	926	2871	1429	1417	1180	985	1421	1048	198	1211	1144	1425	888	1359	2404	1150	1388	1359	648	1502	1052	1161	1400	530	1150	1278	2191	1211	1102	879	1219	2102	1250	1071	985	1696	1182	1074	756	1287	1233	1124	878	478	623	1094	1448	867	623	100	447	319	1225	1220	1339	828	1363	1066	920	1133	1391	1448	486	249	872	795	1062	1233	1220	745	989	1276	526	872	449	1079	1844	1320	519	1355	1341	1424	1287	1217	1129	1118	2189	2047	1023	473	286	1207	1210	1341	1115	1398	954	1953	630	1435	1389	1025	617	1356	1203	1214	1146	1516	1261	1289	1236	1289	841	288	1261	1229	1663	2003	1945	1189	722	1092	745	1501	970	1383	1241	1173	292	623	1365	1122	1015	478	1182	1152	1011	953	1110	1257	969	1187	1217	1257	1083	1137	1187	1070	1691	1082	1002	1226	1098	944	1611	1206	1383	1233	1102	722	1735	2211	1173	1497
394	466	170	227	1210	729	1154	1264	438	1151	1124	1629	319	163	828	470	432	1420	0	471	1534	149	797	376	1014	113	319	130	472	496	14	356	1163	364	239	594	389	311	341	806	1401	1426	751	237	124	1481	257	1254	469	1811	689	487	760	193	588	339	1780	512	862	1991	224	797	247	302	544	759	25	224	408	261	1252	742	808	384	481	126	184	1634	2303	458	1259	456	2167	396	367	109	909	1412	500	1539	17	2	240	489	596	372	1266	1283	741	9	551	237	1062	577	457	139	1875	118	1229	757	185	1438	577	247	1218	208	321	544	227	917	1143	1192	489	3076	1155	2456	681	239	186	590	563	1202	797	333	1343	882	797	1509	1293	1162	195	229	2580	712	127	392	506	341	95	1343	1590	1639	565	652	375	186	1182	690	432	251	1434	565	1129	1155	819	2372	914	221	127	1003	239	229	641	1218	2846	703	472	1538	1604	1154	2199	127	313	467	469	754	789	288	271	499	806	493	243	1181	742	131	247	1004	424	1004	587	1651	247	193	254	601	1629	399	808	328	690	117	1798	102	181	701	1139	797	193	302	406	951	1155	716	543	517	1272	1315	478	1135	229	1315	336	681	1135	376	2696	1249	2022	196	633	482	1401	239	100	186	356	808	432	1654	246	113
90	308	489	413	985	779	1018	1298	294	791	983	1663	223	624	357	7	44	953	471	0	1454	321	341	101	774	561	223	580	234	204	480	165	958	112	300	804	85	168	208	353	1370	1571	668	295	566	1091	724	1005	157	1693	624	134	318	420	500	137	1691	127	504	1895	399	341	294	169	74	416	492	247	350	214	1080	654	447	280	719	438	415	1504	1995	615	885	886	1737	246	128	460	448	973	29	1944	482	469	233	243	629	106	795	1122	651	477	187	423	1470	517	619	439	1453	566	1018	675	497	1047	517	398	1416	265	179	74	305	1223	1028	994	243	2628	1009	2006	263	404	288	507	196	803	341	183	1262	620	341	1046	889	718	279	308	2170	300	440	229	34	200	460	1262	1130	1180	187	259	113	287	1046	270	44	398	1042	187	716	966	1020	2008	467	415	415	1003	404	304	556	1034	2609	1146	167	1128	1133	1018	1846	415	202	632	7	1061	326	569	523	205	353	523	293	1042	654	580	378	939	376	939	116	1180	378	278	722	1050	1663	311	447	154	270	565	1465	454	290	637	669	341	420	169	68	498	1009	636	355	238	1075	1166	190	995	304	1166	147	596	995	128	2353	1045	1653	275	526	12	1370	295	452	287	165	447	799	1678	226	561
1415	1171	1370	1311	578	814	441	2732	1196	976	2434	409	1336	1528	1510	1447	1436	1579	1534	1454	0	1492	1358	1425	739	1494	1336	1497	1229	1658	1527	1563	560	1427	1354	1033	1436	1424	1599	1341	187	2950	805	1361	1484	1098	1580	618	1609	290	862	1320	1308	1676	984	1428	245	1329	1889	456	1317	1358	1351	1474	1438	1099	1528	1471	1761	1439	424	817	1102	1692	2010	1408	1665	182	1159	1089	1011	1478	1658	1256	1525	1426	1385	1337	1458	2920	1525	1534	1455	1216	2040	1424	1618	377	819	1529	1273	1711	2479	981	1092	1395	1425	1493	533	798	1356	1095	981	1295	2751	1459	1386	1438	1364	2441	426	527	1216	2513	457	2035	1274	1302	1459	979	1267	1106	1358	1364	194	875	1358	1583	1132	1309	1456	1359	1829	1682	1407	1272	1458	1591	1440	194	2048	1589	1279	1244	1512	1459	416	1276	1436	1291	1097	1279	1163	534	2349	1436	1310	1694	1411	542	1302	1362	924	477	1429	1607	1619	1215	1864	441	1264	1411	1366	1085	1446	2282	1391	1274	1272	1659	1341	1925	1356	421	817	1497	1301	533	1789	533	1468	1850	1301	1489	1585	1993	409	1726	1102	1415	1276	1493	952	1432	1489	849	1532	1358	1676	1474	1436	1336	457	841	1105	1216	472	328	1267	466	1363	328	1411	880	466	1536	1602	502	1222	1488	946	1459	187	1359	1434	1459	1563	1102	1954	3120	1453	1494
245	360	217	202	1122	711	1090	1257	331	1026	1060	1624	192	306	678	320	282	1271	149	321	1492	0	650	227	918	246	192	265	348	366	159	217	1079	215	139	630	239	163	213	659	1373	1458	691	133	253	1351	404	1159	332	1760	631	346	615	184	516	191	1737	369	735	1948	191	650	144	152	395	632	170	74	324	113	1179	680	679	279	524	153	173	1578	2198	463	1132	585	2028	279	221	165	761	1269	350	1664	161	147	91	365	567	223	1116	1213	678	155	413	218	1187	513	464	161	1738	251	1144	697	231	1307	513	209	1266	61	179	395	129	1001	1085	1110	365	2932	1088	2312	538	206	43	519	424	1068	650	195	1298	777	650	1361	1159	1018	51	133	2447	571	155	271	356	211	158	1298	1443	1492	425	513	228	43	1119	548	282	212	1303	425	992	1075	861	2252	769	201	132	978	206	130	573	1141	2763	840	336	1403	1454	1090	2081	132	178	476	320	836	640	333	297	368	659	453	139	1116	680	265	197	958	346	958	438	1501	197	43	402	741	1624	303	679	181	548	249	1685	155	31	644	989	650	184	152	257	805	1088	655	438	389	1192	1250	345	1069	130	1250	189	617	1069	232	2582	1166	1899	46	559	332	1373	135	153	43	217	679	531	1648	97	246
404	452	775	681	814	861	919	1527	461	516	1132	1639	496	939	151	339	372	623	797	341	1358	650	0	422	621	873	496	892	386	471	805	501	809	434	586	979	413	486	542	19	1317	1840	680	584	876	775	1040	811	445	1557	665	318	62	761	572	458	1577	289	545	1768	670	0	578	504	267	270	816	576	659	536	944	667	256	596	1047	738	756	1367	1715	801	590	1171	1398	455	468	764	112	633	316	2284	806	795	558	377	912	427	487	991	664	802	271	762	1810	603	805	735	1117	878	855	687	780	731	603	660	1710	589	478	267	595	1550	944	845	377	2288	902	1665	147	669	611	581	262	491	0	470	1180	484	0	712	569	378	602	597	1836	363	740	448	310	535	767	1180	881	842	254	192	453	610	943	137	372	658	726	254	397	829	1326	1696	130	755	717	1011	669	594	606	892	2368	1431	452	799	833	919	1541	717	491	817	339	1391	34	823	776	469	19	821	580	938	667	892	642	907	681	907	243	871	642	609	1039	1388	1639	622	256	469	137	877	1178	759	620	674	355	0	761	504	396	158	902	660	434	346	918	1039	352	895	594	1039	460	631	895	466	2050	886	1342	605	571	332	1317	583	759	610	501	256	1139	1886	552	873
19	256	387	313	987	714	997	1310	235	832	1028	1612	130	525	455	98	58	1043	376	101	1425	227	422	0	776	462	130	481	197	249	385	139	954	12	199	716	17	67	179	432	1330	1561	626	195	466	1145	626	1014	199	1675	576	137	390	353	450	37	1666	152	588	1873	299	422	194	84	169	442	396	153	341	116	1069	612	482	270	675	337	346	1487	2026	528	933	784	1809	177	100	359	533	1047	130	1875	386	374	136	212	624	4	890	1109	610	381	207	365	1399	462	531	337	1521	467	1016	633	396	1102	462	300	1394	168	79	169	204	1175	1002	988	212	2708	990	2087	319	305	191	457	219	859	422	88	1231	625	422	1134	948	794	182	208	2235	393	338	160	135	171	359	1231	1231	1265	215	302	86	190	1026	328	58	300	1097	215	778	957	992	2057	544	354	314	952	305	203	509	1025	2623	1044	209	1190	1230	997	1891	314	104	545	97	1011	412	470	424	250	432	512	192	1022	612	481	279	900	368	900	216	1276	279	186	625	966	1612	303	482	52	328	465	1502	353	197	589	762	422	353	84	33	578	990	592	320	221	1070	1150	167	974	203	1150	46	551	974	110	2396	1042	1703	183	483	113	1330	194	352	190	139	482	731	1695	130	462
761	558	888	796	211	538	308	2072	587	316	1727	1052	729	1079	772	767	768	918	1014	774	739	918	621	776	0	1023	729	1035	585	975	1013	914	189	782	784	782	782	799	956	604	719	2338	340	788	1018	608	1164	241	931	939	390	647	575	1096	439	791	955	648	1160	1148	794	621	777	845	740	374	1018	871	1115	831	323	339	368	1044	1436	897	1086	748	1289	697	409	1173	1324	641	873	922	646	726	770	2540	1012	1013	851	568	1399	777	912	369	338	1013	586	1121	2068	461	702	886	1032	1025	244	340	880	578	461	772	2168	867	764	740	796	1920	343	225	568	2255	287	1675	553	782	877	441	577	450	621	743	569	154	621	952	517	611	870	793	1663	960	897	652	769	947	933	569	1352	1007	587	532	857	876	329	553	768	769	576	587	470	207	1764	1391	572	1106	889	512	782	794	402	271	1849	1395	941	712	1202	308	1211	889	752	705	767	1754	655	845	817	976	604	1288	782	323	339	1035	768	373	1142	373	760	1205	768	898	1167	1586	1052	1077	368	785	553	1025	804	924	903	384	810	621	1096	845	776	599	287	360	479	555	304	417	609	285	794	417	778	375	285	880	1694	272	1056	896	395	776	719	786	926	876	914	368	1443	2450	847	1023
477	498	135	230	1210	680	1133	1350	472	1188	1232	1563	379	65	917	559	519	1497	113	561	1494	246	873	462	1023	0	379	19	521	606	99	462	1158	450	291	514	476	394	450	880	1351	1490	734	291	12	1522	166	1259	576	1775	671	556	831	302	585	425	1738	584	973	1949	234	873	299	395	631	804	88	316	521	346	1237	727	855	497	552	139	293	1604	2312	404	1299	343	2220	443	467	112	986	1473	590	1517	96	115	328	537	698	457	1351	1265	726	104	615	345	1044	569	402	146	1926	5	1225	739	144	1481	569	255	1272	296	395	631	280	947	1117	1185	537	3136	1137	2519	747	244	273	585	626	1250	873	403	1305	901	873	1584	1342	1227	281	280	2623	817	138	443	596	450	106	1305	1688	1710	630	714	474	274	1161	757	519	258	1476	630	1183	1147	883	2399	984	330	158	954	244	282	632	1207	2833	594	579	1587	1692	1133	2223	158	382	409	558	788	868	221	223	608	880	599	296	1160	727	19	264	971	536	971	677	1737	264	289	166	565	1563	513	855	410	757	3	1819	115	277	683	1222	873	302	395	493	1023	1137	701	569	567	1263	1294	537	1116	282	1294	418	670	1116	478	2715	1242	2052	292	631	572	1351	293	115	274	462	855	460	1739	334	0
135	173	280	193	936	595	920	1396	145	835	1142	1502	0	445	557	218	180	1119	319	223	1336	192	496	130	729	379	0	398	155	373	323	240	896	123	89	586	148	93	268	501	1231	1625	531	88	381	1162	546	971	325	1595	476	178	451	366	352	109	1579	206	719	1789	180	496	82	140	278	441	333	142	427	104	1002	518	489	361	706	242	356	1410	2005	398	942	679	1848	88	210	268	609	1095	250	1854	324	317	122	172	704	126	980	1038	516	321	235	392	1377	358	401	239	1555	384	960	538	286	1119	358	176	1443	137	56	278	99	1192	919	928	172	2759	915	2141	367	183	149	357	246	882	496	41	1142	586	496	1205	973	848	142	100	2260	522	243	78	254	261	273	1142	1341	1330	250	335	202	149	948	377	180	175	1115	250	810	895	1038	2059	605	377	222	844	183	97	412	961	2577	940	333	1219	1324	920	1888	222	31	415	218	1026	494	347	300	374	501	588	83	945	518	398	156	805	454	805	329	1365	156	168	546	921	1502	394	489	90	377	383	1492	264	174	489	849	496	366	140	160	643	915	495	250	198	1010	1077	159	898	98	1077	91	456	898	223	2389	984	1708	166	391	235	1231	87	264	149	240	489	724	1785	119	379
496	513	147	244	1220	683	1140	1358	488	1203	1246	1561	398	47	936	578	538	1516	130	580	1497	265	892	481	1035	19	398	0	538	624	116	481	1168	469	308	510	495	413	469	898	1353	1493	742	309	17	1538	148	1270	595	1779	680	575	849	317	596	444	1741	602	992	1952	249	892	316	414	651	820	105	335	538	365	1245	735	871	515	557	156	308	1609	2324	407	1314	325	2237	460	487	129	1005	1490	609	1505	113	132	347	553	709	476	1370	1272	735	121	633	359	1033	579	405	162	1942	14	1235	747	154	1496	579	269	1273	316	414	651	298	944	1124	1195	553	3153	1144	2536	765	258	292	596	644	1266	892	421	1309	914	892	1603	1358	1245	301	297	2638	836	155	460	615	468	124	1309	1707	1728	648	732	493	293	1168	775	538	272	1492	648	1200	1156	886	2413	1003	345	175	957	258	300	642	1216	2841	575	598	1603	1711	1140	2236	175	400	412	578	786	887	223	229	627	898	612	314	1167	735	0	279	977	552	977	697	1756	279	308	148	552	1561	530	871	429	775	15	1832	133	296	691	1241	892	317	414	513	1041	1144	709	584	584	1272	1301	554	1123	300	1301	437	679	1123	497	2727	1251	2066	311	642	592	1353	311	133	293	481	871	458	1746	353	19
185	79	405	305	794	550	800	1507	77	680	1214	1429	155	586	480	226	208	997	472	234	1229	348	386	197	585	521	155	538	0	432	475	337	759	201	234	610	207	214	376	386	1139	1756	435	235	521	1008	685	825	383	1477	390	107	331	516	266	207	1469	132	728	1675	296	386	226	260	247	287	484	290	538	248	872	421	336	467	852	381	507	1289	1853	424	787	791	1699	78	298	409	495	952	246	2009	475	470	270	17	822	197	873	911	418	473	116	537	1532	284	428	375	1405	525	822	442	407	965	284	282	1583	290	180	247	245	1344	805	792	17	2615	792	1999	242	292	304	273	123	730	386	159	1036	437	386	1078	822	711	297	244	2107	517	382	79	248	368	415	1036	1260	1196	133	202	283	304	828	252	208	280	961	133	661	761	1178	1904	477	523	364	769	292	243	322	828	2434	1050	393	1068	1219	800	1733	364	171	441	226	1178	392	439	392	433	386	709	229	825	421	538	266	708	566	708	294	1255	266	320	686	1073	1429	501	336	199	252	524	1337	406	327	403	740	386	516	260	206	518	792	402	123	46	875	952	47	777	243	952	193	362	777	307	2234	847	1552	318	292	242	1139	233	407	304	337	336	879	1893	265	521
254	501	577	529	1186	963	1223	1097	482	966	782	1859	373	660	418	211	223	1027	496	204	1658	366	471	249	975	606	373	624	432	0	510	150	1161	252	419	954	234	284	155	487	1571	1383	867	412	614	1245	751	1203	49	1898	821	338	471	366	695	264	1895	331	369	2100	515	471	416	247	238	610	521	311	193	306	1284	854	635	146	588	516	367	1708	2173	769	1052	949	1855	426	165	530	558	1092	205	1844	512	494	310	444	444	252	846	1327	851	505	390	348	1378	709	771	521	1581	611	1220	874	590	1202	709	523	1241	334	317	238	418	1086	1232	1197	444	2721	1213	2099	442	525	354	702	399	960	471	333	1466	821	471	1125	1039	840	348	423	2301	225	518	409	206	156	524	1466	1113	1268	388	450	171	354	1251	446	223	524	1196	388	867	1169	855	2166	600	348	493	1199	525	418	753	1237	2802	1199	40	1269	1161	1223	2010	493	343	784	212	931	444	682	640	2	487	350	412	1247	854	625	503	1140	213	1140	235	1217	503	327	747	1003	1859	161	635	283	446	610	1639	521	338	834	735	471	366	247	229	621	1213	834	556	442	1278	1370	391	1199	418	1370	281	794	1199	152	2518	1247	1812	325	725	200	1571	412	519	354	150	635	713	1475	306	606
402	466	160	222	1208	720	1149	1276	439	1153	1139	1619	323	150	837	479	441	1428	14	480	1527	159	805	385	1013	99	323	116	475	510	0	368	1160	373	242	582	398	319	354	813	1393	1435	746	240	109	1484	245	1252	482	1804	683	494	767	208	584	348	1772	519	876	1983	221	805	249	311	553	762	11	233	422	269	1247	737	812	398	491	120	198	1628	2301	448	1262	442	2172	399	378	101	917	1417	509	1538	3	16	248	492	610	380	1275	1278	736	4	557	251	1061	573	447	133	1879	104	1226	752	175	1441	573	243	1226	217	327	553	230	922	1137	1189	492	3081	1150	2462	687	234	194	586	569	1205	805	339	1336	882	805	1517	1297	1168	203	231	2583	724	121	395	515	354	87	1336	1601	1646	571	658	386	195	1177	697	441	247	1437	571	1134	1151	828	2373	921	235	124	994	234	232	636	1214	2842	689	485	1542	1613	1149	2199	124	319	457	479	759	797	276	261	512	813	507	245	1175	737	117	245	998	438	998	597	1660	245	203	243	598	1619	414	812	336	697	102	1799	95	191	696	1148	805	208	311	415	958	1150	711	543	520	1268	1310	483	1130	232	1310	344	677	1130	387	2696	1245	2023	206	630	492	1393	242	93	195	368	812	436	1666	255	99
153	392	427	380	1125	835	1136	1171	368	953	902	1741	240	519	493	168	150	1102	356	165	1563	217	501	139	914	462	240	481	337	150	368	0	1093	136	272	808	131	147	43	514	1465	1424	761	265	469	1256	613	1150	114	1814	709	268	483	263	584	136	1804	274	519	2012	366	501	269	102	234	570	380	160	201	158	1208	748	606	130	554	365	260	1626	2154	625	1049	803	1900	309	40	381	605	1134	186	1783	371	354	160	352	485	139	934	1248	746	364	335	261	1309	593	628	371	1617	467	1154	768	439	1212	593	375	1260	183	184	234	270	1058	1140	1127	352	2786	1129	2163	427	377	203	590	346	968	501	204	1369	762	501	1197	1054	880	197	275	2335	355	367	292	191	35	375	1369	1236	1335	339	419	57	203	1165	434	150	376	1207	339	881	1097	861	2173	630	254	342	1082	377	270	643	1164	2758	1056	118	1292	1263	1136	2009	342	208	641	168	896	483	531	490	152	514	374	266	1162	748	481	356	1036	229	1036	262	1314	356	177	610	902	1741	164	606	151	434	465	1626	372	188	722	813	501	263	102	138	659	1129	726	458	360	1209	1290	306	1114	270	1290	153	686	1114	36	2516	1180	1818	175	618	170	1465	265	370	203	0	606	638	1557	156	462
940	722	1023	938	65	584	169	2257	751	430	1917	901	896	1210	959	952	950	1044	1163	958	560	1079	809	954	189	1158	896	1168	759	1161	1160	1093	0	959	941	844	961	971	1134	791	566	2515	431	947	1152	642	1287	136	1116	749	492	829	764	1261	575	966	768	831	1350	959	939	809	935	1019	928	564	1164	1038	1295	999	136	436	557	1223	1602	1040	1251	559	1166	798	490	1266	1325	808	1052	1064	827	824	956	2668	1158	1162	1019	743	1579	954	1064	184	436	1160	771	1288	2201	589	802	1029	1046	1160	66	428	1014	624	589	916	2339	1032	935	928	953	2077	217	36	743	2246	143	1691	743	925	1039	574	762	566	809	913	405	341	809	1064	611	756	1034	949	1620	1150	1040	821	955	1125	1077	405	1499	1096	773	720	1037	1039	177	743	950	912	623	773	610	37	1934	1311	752	1273	1035	462	925	951	526	83	1684	1469	1126	758	1331	169	1127	1035	921	802	951	1912	843	963	942	1161	791	1467	941	171	436	1168	915	324	1322	324	949	1326	915	1063	1291	1714	901	1257	557	958	743	1160	725	1067	1067	482	973	809	1261	1019	956	776	143	461	645	733	116	233	787	154	951	233	952	489	154	1060	1587	87	997	1061	529	961	566	944	1069	1039	1093	557	1594	2636	1015	1158
30	257	376	303	992	711	1000	1307	234	842	1029	1611	123	513	467	110	69	1055	364	112	1427	215	434	12	782	450	123	469	201	252	373	136	959	0	189	709	27	55	175	444	1331	1556	626	184	454	1156	614	1020	203	1678	576	146	402	343	450	25	1668	162	596	1875	289	434	184	73	181	451	384	141	337	104	1073	613	492	266	666	325	336	1490	2035	522	942	773	1820	176	98	348	546	1058	141	1864	374	362	124	216	620	7	902	1113	611	369	217	355	1388	461	525	326	1532	455	1021	633	385	1112	461	291	1387	156	70	181	193	1165	1004	993	216	2720	993	2098	330	296	178	456	228	870	434	82	1233	631	434	1146	958	806	170	197	2245	402	327	159	147	166	348	1233	1243	1277	225	312	85	178	1029	339	69	291	1107	225	789	962	985	2067	556	344	302	951	296	193	509	1029	2629	1033	212	1201	1242	1000	1900	302	96	538	109	1001	425	460	414	254	444	507	182	1025	613	469	270	901	364	901	228	1288	270	174	613	954	1611	300	492	41	339	453	1511	341	185	589	774	434	343	73	44	590	993	592	322	227	1075	1154	173	977	193	1154	35	552	977	109	2405	1047	1713	171	483	124	1331	184	340	178	136	492	720	1693	118	450
210	228	192	114	985	583	950	1388	199	911	1165	1496	89	356	644	296	256	1209	239	300	1354	139	586	199	784	291	89	308	234	419	242	272	941	189	0	536	217	140	289	591	1238	1597	551	7	292	1241	457	1025	374	1620	492	268	541	324	376	167	1599	296	779	1809	100	586	8	171	362	520	250	126	433	113	1039	540	570	375	664	152	313	1438	2068	354	1020	591	1932	157	253	179	699	1182	328	1779	242	238	116	250	695	195	1069	1074	539	240	324	356	1302	374	356	149	1639	295	1007	558	199	1199	374	104	1406	108	121	362	12	1136	945	972	250	2846	948	2228	456	107	105	380	335	964	586	120	1160	646	586	1295	1056	936	102	10	2341	591	154	154	333	283	184	1160	1426	1419	339	423	250	104	979	467	256	105	1195	339	894	937	1001	2132	694	340	133	845	107	10	434	1002	2626	852	381	1301	1413	950	1959	133	99	369	295	971	584	271	225	420	591	580	6	976	540	309	84	820	459	820	411	1455	84	136	457	839	1496	405	570	148	467	294	1560	175	135	505	938	586	324	171	232	733	948	516	306	279	1054	1110	246	929	10	1110	154	477	929	266	2458	1028	1782	135	419	312	1238	6	175	104	272	570	660	1779	118	291
720	533	429	432	907	260	755	1858	532	1054	1691	1053	586	529	1089	798	764	1544	594	804	1033	630	979	716	782	514	586	510	610	954	582	808	844	709	536	0	734	670	823	975	871	2003	443	543	502	1380	558	972	908	1323	401	710	919	780	427	693	1270	738	1305	1478	445	979	538	707	845	772	578	655	954	650	875	446	821	904	1066	489	769	1169	1999	189	1164	448	2101	564	788	493	1079	1431	827	1890	579	595	650	612	1185	712	1452	888	447	586	724	823	1446	394	185	478	1806	512	905	442	413	1346	394	433	1782	634	640	845	538	1437	724	859	612	3033	768	2442	832	433	620	420	728	1162	979	628	859	729	979	1610	1248	1230	622	533	2445	1105	487	579	831	818	506	859	1861	1704	740	786	783	620	778	841	764	432	1343	740	1131	819	1397	2154	1040	806	504	495	433	537	422	862	2433	625	915	1474	1794	755	1970	504	614	172	798	1285	992	307	334	955	975	1076	542	779	446	510	452	564	977	564	895	1821	452	653	565	960	1053	931	821	673	841	513	1567	502	646	404	1322	979	780	707	746	1083	768	428	545	640	922	903	654	746	538	903	676	427	746	801	2429	911	1831	654	450	816	871	542	505	620	808	821	961	2249	653	514
