NAME : VRPTW_INSTANCE_322.txt
COMMENT : Bangkok Supermarket
TYPE : VRPTW
DIMENSION : 328
DAYS : Saturday
EDGE_WEIGHT_TYPE : EXPLICIT
VEHICLES : 38
EDGE_WEIGHT_FORMAT : FULL_MATRIX
CAPACITY : 1000
EDGE_WEIGHT_SECTION
0	1889	357	475	303	764	287	330	213	2212	1041	978	1994	833	230	221	323	1025	616	1606	566	1890	390	140	211	1967	593	419	214	1443	26	185	388	532	46	669	632	831	474	987	1176	83	309	135	949	309	298	1468	413	78	1358	1429	815	2590	482	1687	437	442	2406	1223	395	1212	462	2132	810	132	231	353	1434	570	196	378	79	116	1221	650	77	403	1352	776	1955	395	935	3579	474	1431	472	661	199	422	650	1152	547	196	373	1173	821	584	373	1655	2004	476	1098	1272	189	493	438	351	1155	601	957	1028	492	219	527	118	418	2011	608	196	408	395	737	153	355	494	153	1002	246	201	2757	364	495	1120	1627	185	1294	390	932	836	355	803	393	943	212	1162	362	1705	284	1014	286	606	101	1213	351	404	194	872	2211	309	985	242	1637	436	768	172	91	133	201	23	1231	608	842	131	600	118	770	1061	994	132	1426	521	185	1182	862	895	1067	196	364	1735	1149	229	308	229	1701	891	1183	258	903	1126	2110	172	747	218	408	589	517	196	354	23	301	815	1906	91	39	1005	1216	650	429	1491	525	367	248	1133	3329	174	382	696	404	258	366	196	1314	577	193	1001	1028	978	1227	367	463	213	140	1528	1763	322	193	1221	782	1016	120	697	1878	885	620	405	667	202	777	215	76	165	145	283	1078	404	2592	822	1128	804	1098	337	1801	571	1398	176	390	529	334	154	215	505	1096	2099	581	437	255	603	581	190	376	1350	814	650	368	948	540	306	1729	124	963	1104	223	2068	890	1529	199	239	485	301	221	208	300	211	3610	309	170	893	390	197	601	1206	2179	737	118	73	1600	1657
1889	0	1543	1422	1981	2549	1672	2206	1781	3941	2867	2763	3863	2561	1771	1775	2130	2807	1788	3130	2400	3724	1913	1966	1829	343	2470	1531	2015	3319	1865	2041	1509	2047	1899	1277	1934	2563	1430	2420	2909	1864	2137	2022	2539	1855	1869	846	2250	1927	2979	544	2704	4468	2291	544	1850	2198	4284	3095	2209	3084	2243	3870	2556	1796	1888	1545	2954	1827	2085	2256	1869	1787	2931	1727	1922	1613	687	1118	3843	1750	2722	5373	1430	3305	2309	1867	2059	1757	1727	2885	1829	2085	1694	2708	1102	2303	1525	3250	3602	2316	2979	3142	2036	1426	1863	1748	1542	2350	2754	2855	2252	1824	1621	1932	1781	1219	2351	2085	2250	1498	2602	2029	1730	1626	1750	2840	1768	1746	4644	2150	2249	2861	271	2041	1531	2226	1011	1632	1732	1477	1495	2533	2017	2901	2198	3282	2168	2789	2170	2149	1860	3091	1746	1858	1984	2612	3850	2137	2761	1768	3277	1857	2588	1978	1921	1836	2090	1865	3102	2351	2710	1789	1439	1932	2592	2849	912	1796	3305	2038	2041	796	2587	2741	907	2085	1709	3405	2929	1666	1861	2118	3289	2600	3056	2145	1509	2571	820	1978	2636	2067	1772	2326	2353	2085	1603	1865	1620	2704	1234	1929	1854	2840	3066	1422	1511	3261	2363	1704	2059	2961	5202	1988	1514	2087	1488	2145	1706	2085	3083	2299	2002	2772	2855	2763	759	1704	1460	1740	1770	647	3485	1836	1748	2931	1203	2805	1934	2029	3736	2747	2482	1771	1636	1692	1116	1837	1892	1985	1758	2169	2960	1609	4480	2711	793	1084	2913	1895	3571	1346	559	1989	2108	2028	1959	1771	1821	2257	2891	3813	2302	1855	2127	2351	1480	2072	1708	3108	2556	1727	1708	2573	2016	1622	909	2012	2845	2862	1732	3917	2591	644	1747	1769	2288	1655	2078	1741	2178	1829	5493	2137	1720	2768	1616	1727	2350	685	3960	2602	1932	1911	3407	3482
357	1543	0	201	564	1034	154	687	349	2475	1340	1253	2352	1073	351	348	655	1299	522	1779	916	2199	577	467	300	1610	926	281	475	1776	338	498	34	621	380	417	618	1073	221	1091	1428	321	598	485	1234	364	371	1211	761	413	1563	1072	1167	2947	822	1330	431	681	2763	1581	733	1542	720	2399	1139	253	364	5	1600	665	553	736	326	281	1462	516	409	194	994	451	2308	470	1211	3932	221	1763	821	602	515	348	516	1403	494	553	252	1452	463	806	19	1857	2215	778	1455	1630	493	138	441	288	1074	843	1238	1380	737	298	336	433	365	1687	847	553	757	50	1061	487	274	305	253	1308	362	207	3101	621	736	1454	1286	498	1201	737	637	642	275	705	104	1228	535	1496	658	1902	641	1284	643	725	317	1570	286	417	445	1201	2440	598	1255	357	1955	436	1060	436	414	294	555	333	1589	847	1200	246	298	433	1119	1339	672	253	1782	610	498	824	1186	1250	710	553	260	1969	1424	128	369	584	2008	1122	1541	615	662	1376	1833	436	1096	524	350	823	867	553	280	333	86	1167	1706	386	319	1309	1573	352	107	1836	875	257	520	1486	3686	446	30	744	60	615	258	553	1586	801	461	1269	1380	1253	869	257	113	203	275	1237	2019	353	207	1462	534	1294	436	714	2236	1207	941	347	483	197	452	309	384	442	259	640	1435	190	2944	1175	809	463	1391	530	2078	310	1078	447	685	608	569	228	294	745	1378	2355	805	436	584	845	458	531	268	1617	1142	516	261	1139	607	234	1387	475	1320	1442	198	2425	1208	1238	208	356	760	141	534	202	658	300	3965	598	188	1225	182	184	843	857	2529	1061	433	399	1894	2011
475	1422	201	0	581	1209	353	783	366	2657	1504	1427	2443	1257	359	361	714	1474	715	1977	984	2359	549	544	484	1527	1067	154	640	1918	449	646	175	821	479	218	817	1256	28	1293	1611	469	759	610	1222	560	566	1020	831	505	1757	994	1285	3046	879	1276	633	860	2862	1673	793	1686	894	2578	1171	411	549	199	1799	572	668	834	473	367	1648	701	500	388	942	304	2421	403	1384	3990	28	1906	891	798	663	548	701	1586	692	668	452	1428	421	992	184	2052	2409	937	1557	1721	645	225	643	489	886	1024	1410	1445	915	484	517	509	566	1713	1029	668	830	156	1210	624	475	491	329	1469	360	386	3230	793	915	1486	1157	646	1009	807	460	800	477	522	100	1215	597	1527	818	2097	748	1460	749	924	471	1669	487	618	610	1231	2630	759	1431	358	1961	637	1226	597	499	458	674	452	1681	1029	1289	400	424	509	1181	1512	519	411	1882	810	646	770	1211	1325	668	668	461	2158	1599	277	565	701	2001	1309	1634	726	794	1332	1651	597	1220	676	551	1006	936	668	206	452	283	1285	1506	532	444	1471	1651	471	272	1879	946	458	684	1552	3782	606	176	946	148	726	459	668	1762	986	623	1446	1445	1427	814	458	234	386	348	1061	2202	552	383	1648	336	1467	512	914	2320	1358	1091	549	654	273	306	494	470	600	337	749	1538	384	3058	1292	653	344	1559	514	2254	110	923	607	710	808	570	389	479	925	1550	2539	989	637	726	1026	285	664	469	1795	1172	701	462	1333	808	204	1387	599	1422	1479	383	2504	1226	1062	386	358	930	341	684	383	755	484	4070	759	317	1368	378	355	1024	747	2578	1210	509	490	2062	2078
303	1981	564	581	0	922	558	311	220	2328	1140	1115	1886	1019	224	223	172	1161	919	1814	426	1945	128	175	513	2106	665	451	476	1458	297	412	583	820	257	705	933	1014	565	1250	1331	387	518	322	672	612	601	1436	289	227	1549	1575	795	2494	312	1857	741	670	2310	1124	239	1243	669	2244	590	421	533	558	1651	336	306	353	383	295	1384	950	228	675	1522	873	1891	252	1075	3409	565	1451	342	965	416	722	950	1308	851	306	664	892	993	805	571	1840	2177	629	1024	1169	424	699	741	649	982	804	1088	873	707	521	814	186	720	2251	813	306	295	581	816	365	651	779	313	1093	221	483	2719	591	713	905	1712	412	1123	269	977	1130	651	679	544	665	129	947	549	1895	318	1155	317	881	404	1128	648	708	468	650	2364	518	1129	223	1393	740	898	446	213	434	320	314	1130	813	743	415	852	186	610	1189	1069	421	1339	810	412	1349	632	762	1244	306	657	1891	1276	454	611	326	1444	1080	1087	319	1186	830	2082	446	747	440	709	800	381	306	381	314	544	795	1802	379	330	1099	1086	905	662	1298	392	659	492	979	3223	443	578	987	586	319	658	306	1439	798	458	1146	873	1115	1393	659	677	496	293	1533	1894	626	475	1384	794	1148	184	993	1755	955	719	707	960	366	875	518	229	434	309	326	1007	675	2524	800	1191	923	1203	103	1905	637	1451	444	128	819	46	435	517	723	1217	2225	801	741	425	807	529	364	669	1480	591	950	660	1165	833	377	1946	316	893	898	505	1935	649	1535	482	223	673	568	432	490	298	513	3522	518	400	938	661	466	804	1321	1997	816	186	230	1687	1502
764	2549	1034	1209	922	0	888	627	966	1450	323	218	1578	127	983	974	778	265	832	906	728	1175	1049	786	734	2561	311	1181	569	820	790	578	1069	537	783	1420	705	118	1216	551	414	743	456	645	1240	694	681	2225	718	779	631	2037	499	2106	775	2241	710	354	1931	909	763	593	314	1371	977	798	671	1033	758	1258	626	602	741	879	463	900	782	936	1926	1485	1440	1128	176	3241	1216	801	715	785	564	798	900	390	764	626	855	1433	1447	252	1054	918	1255	296	764	955	575	1131	697	801	1894	200	204	931	298	737	944	804	774	2363	200	626	704	1084	240	614	819	932	914	308	997	828	2151	415	301	1155	2304	578	2035	720	1667	1081	817	1558	1112	1236	797	1187	401	974	605	251	606	460	739	868	803	697	598	1016	1451	456	222	994	1670	703	90	613	793	751	613	780	923	200	698	808	1117	804	814	304	1706	798	1032	542	578	1775	1033	800	1657	626	839	975	390	931	688	600	1778	181	876	603	1208	1477	2860	613	440	545	781	225	720	626	1118	780	949	499	2670	686	783	305	987	1144	1043	1375	714	844	526	993	2841	605	1065	594	1095	603	843	626	553	255	587	237	931	218	1818	844	1097	831	904	2269	999	712	829	463	1536	259	803	654	1509	287	239	782	983	954	1487	725	809	612	907	597	745	940	2048	506	1843	1492	364	1013	1045	1315	2112	604	894	556	969	819	741	292	344	1335	252	705	519	199	1345	588	841	587	986	900	841	316	575	1067	2173	657	679	1118	836	1707	1080	2270	828	991	280	905	542	832	630	734	3078	456	894	356	933	856	200	1869	1943	240	804	790	861	1402
287	1672	154	353	558	888	0	608	373	2324	1199	1106	2255	921	382	375	609	1152	407	1625	850	2057	605	421	156	1719	803	402	343	1647	277	381	187	468	324	570	481	922	370	941	1276	221	465	391	1225	209	216	1366	700	360	1408	1183	1058	2842	770	1425	285	533	2659	1486	682	1412	575	2247	1097	155	217	155	1446	733	463	652	227	263	1310	417	357	118	1093	600	2196	534	1064	3856	370	1633	758	478	398	213	417	1252	363	463	123	1447	576	655	173	1703	2060	643	1355	1536	373	246	294	142	1204	694	1092	1309	589	152	259	392	225	1724	697	463	693	204	931	381	131	224	255	1169	396	88	2978	479	587	1407	1421	381	1335	677	790	578	133	834	252	1218	494	1449	525	1747	555	1135	558	571	210	1472	141	267	313	1159	2285	465	1107	391	1924	289	919	309	367	178	463	265	1496	697	1113	155	314	392	1054	1192	820	155	1682	457	381	927	1149	1173	810	463	124	1815	1276	126	214	491	1985	970	1447	526	628	1388	1986	309	985	401	210	673	802	463	377	265	69	1058	1859	280	248	1169	1490	363	162	1776	810	124	387	1413	3583	320	184	598	215	526	124	463	1437	650	332	1120	1309	1106	972	124	212	76	271	1390	1867	199	94	1310	688	1147	395	573	2144	1074	810	207	409	224	601	164	340	319	256	552	1334	118	2830	1066	956	604	1248	552	1930	463	1224	321	664	455	576	133	148	596	1232	2203	653	289	468	695	587	427	135	1467	1101	417	126	985	456	319	1447	383	1222	1391	67	2337	1175	1391	89	389	618	17	414	81	578	156	3856	465	162	1098	104	92	694	988	2461	931	392	349	1748	1934
330	2206	687	783	311	627	608	0	438	2016	829	809	1666	734	451	445	151	855	856	1530	249	1640	438	241	488	2295	354	691	342	1162	349	268	717	666	309	953	821	728	777	1026	1027	386	306	218	720	551	534	1724	123	279	1258	1757	508	2265	203	2018	667	443	2081	894	148	940	424	1933	522	453	468	683	1374	644	146	50	380	419	1083	906	284	717	1682	1088	1638	550	770	3249	777	1153	165	875	257	689	906	1006	777	146	670	941	1151	557	702	1545	1875	348	774	943	282	823	661	633	1293	541	781	701	463	497	822	274	677	2327	551	146	110	724	504	241	643	791	456	782	459	520	2451	378	472	815	1940	268	1433	111	1225	1105	642	985	714	715	207	857	306	1601	59	850	56	694	398	887	634	633	356	581	2056	306	824	458	1347	662	593	343	284	432	150	354	902	551	512	455	921	274	449	881	1300	453	1100	658	268	1512	580	565	1398	146	658	1585	968	559	547	126	1423	795	855	88	1192	935	2370	343	450	273	672	544	204	146	618	354	631	508	2109	332	369	787	885	969	758	1171	209	662	328	804	3002	333	712	827	732	88	661	146	1129	550	335	843	701	809	1557	662	793	531	435	1805	1584	572	514	1083	1056	841	272	852	1548	645	411	670	945	515	1089	487	313	328	448	67	754	719	2274	514	1431	1123	893	412	1594	867	1699	333	267	672	356	478	496	479	908	1914	553	664	214	544	811	202	667	1170	528	906	661	896	690	588	2055	225	639	794	541	1737	616	1807	518	456	410	624	258	527	30	488	3287	306	499	630	706	523	541	1527	1853	504	274	294	1376	1327
213	1781	349	366	220	966	373	438	0	2408	1227	1176	2082	1042	17	8	349	1223	767	1819	619	2063	233	199	380	1893	761	254	427	1597	190	393	366	733	184	516	810	1040	353	1196	1380	273	516	320	886	486	479	1291	468	188	1569	1360	946	2687	513	1638	608	655	2503	1314	428	1372	672	2327	808	272	422	344	1648	373	353	488	272	124	1427	786	184	485	1303	666	2070	185	1134	3624	353	1588	527	827	404	566	786	1356	709	353	491	1102	773	796	355	1866	2214	672	1202	1361	398	481	611	490	941	811	1153	1079	703	386	631	170	570	2034	819	353	469	363	912	352	487	596	118	1185	33	317	2888	576	707	1124	1513	393	1081	444	789	951	488	592	324	879	237	1166	565	1917	414	1213	415	814	288	1312	489	578	407	869	2416	516	1185	28	1613	609	962	386	174	305	363	206	1320	819	929	262	644	170	815	1257	870	272	1525	722	393	1131	852	961	1024	353	488	1941	1345	254	487	384	1662	1101	1275	399	993	1028	1936	386	886	426	557	800	572	353	181	206	343	946	1706	304	213	1189	1286	698	452	1515	582	489	461	1186	3420	388	361	893	367	399	489	353	1510	790	407	1202	1079	1176	1175	489	462	328	106	1368	1962	493	308	1427	618	1213	172	886	1956	1059	800	554	782	156	667	388	156	379	118	418	1184	484	2706	952	998	710	1287	182	1992	435	1264	389	347	728	220	275	381	717	1290	2298	794	609	447	814	384	378	500	1547	810	786	491	1161	736	161	1726	309	1069	1116	335	2139	869	1369	315	25	691	379	426	321	413	380	3713	516	211	1056	470	290	811	1112	2213	912	170	175	1785	1711
2212	3941	2475	2657	2328	1450	2324	2016	2408	0	1187	1234	1584	1402	2424	2416	2163	1186	2154	910	2000	556	2454	2218	2176	3900	1663	2631	2019	1027	2239	2027	2509	1898	2228	2869	2007	1402	2665	1544	1047	2193	1906	2088	2388	2119	2109	3675	2068	2220	971	3407	1595	1698	2094	3562	2099	1796	1616	1592	2121	1151	1762	85	2126	2246	2111	2475	1049	2659	2057	1976	2191	2328	1016	2217	2224	2352	3278	2924	1287	2558	1276	2927	2665	1017	2038	2077	2012	2195	2217	1072	2111	2057	2270	2498	2854	1669	2495	744	498	1737	1555	1593	2025	2559	2086	2218	3309	1633	1255	1866	1741	2177	2322	2240	2171	3492	1628	2057	2056	2525	1512	2060	2235	2320	2364	1234	2438	2272	1354	1864	1741	2102	3712	2027	3450	2080	3112	2340	2233	2993	2559	2387	2214	2108	1850	739	2015	1199	2015	1793	2189	1543	2220	2096	2048	2129	312	1906	1227	2434	2406	2092	1446	2063	2234	2199	2046	2229	1602	1628	1762	2257	2505	2240	1955	1151	3143	2246	1479	1907	2027	3147	2160	1831	3034	2057	2255	546	1063	2379	2113	2028	2536	1355	1597	2021	2473	2613	4307	2063	1613	1994	2181	1652	2019	2057	2566	2229	2389	1595	4114	2136	2232	1229	1724	2519	2470	2029	2009	2260	1976	1838	2230	2055	2506	1856	2536	2021	2259	2057	898	1674	2037	1212	1866	1234	3186	2260	2525	2274	2352	3713	457	2134	2274	1016	2986	1195	2239	1916	1659	1375	1612	2183	2308	2404	2925	2166	2252	2062	2357	2008	1556	2357	1488	1594	3279	2923	1124	2427	425	2764	3544	2054	2265	1916	2373	2267	2182	1731	1118	133	1670	2094	1961	1631	2791	2030	2254	862	2135	2217	2256	1367	1927	2517	3406	2100	1615	2060	2278	1768	2203	3714	2272	2432	1730	2340	1990	2276	2030	2176	2312	1906	2343	1405	2353	2302	1633	3278	2156	1512	2240	2232	656	1826
1041	2867	1340	1504	1140	323	1199	829	1227	1187	0	151	1311	363	1243	1235	976	143	1153	846	839	858	1267	1033	1043	2884	475	1460	866	507	1068	859	1375	860	1051	1709	1023	356	1509	770	285	1035	745	911	1298	1012	998	2510	886	1040	566	2359	470	1808	920	2565	1034	669	1638	741	938	299	624	1104	1024	1095	982	1339	749	1473	874	790	1031	1157	349	1221	1044	1254	2249	1790	1143	1371	174	2973	1509	487	862	1102	843	1120	1221	277	1087	874	1174	1459	1765	576	1359	796	1084	567	615	778	860	1444	1021	1120	2122	523	137	869	615	1046	1267	1057	1097	2674	524	874	874	1389	324	888	1138	1255	1194	52	1256	1133	1830	720	618	1117	2619	859	2263	896	1965	1398	1136	1807	1411	1295	1026	1140	686	856	827	164	828	777	1033	691	1122	1019	896	1047	1240	745	173	1253	1582	1027	279	907	1053	1050	863	1060	755	524	677	1105	1439	1057	848	121	2012	1095	807	865	859	2097	1072	772	1979	874	1159	781	169	1230	1006	843	1701	363	717	835	1527	1536	3150	907	458	829	1103	549	850	874	1392	1060	1257	470	2930	973	1066	44	850	1467	1357	1245	841	1164	821	899	2537	899	1370	901	1399	835	1162	874	309	578	882	179	869	151	2140	1164	1410	1137	1180	2565	759	1031	1133	349	1823	125	1056	963	1263	198	426	1104	1305	1240	1792	1034	1073	904	1186	821	601	1259	1736	473	2149	1802	65	1239	767	1607	2418	898	1082	879	1185	1118	1050	610	109	1085	576	1028	786	523	1611	853	1160	353	1034	1221	1161	493	896	1347	2494	923	585	1075	1143	1456	1119	2566	1132	1250	581	1216	822	1137	842	1043	2765	745	1186	255	1251	1158	523	2185	1731	324	1057	1053	559	1208
978	2763	1253	1427	1115	218	1106	809	1176	1234	151	0	1463	220	1193	1184	961	47	1023	768	865	963	1243	990	952	2767	462	1396	787	654	1005	792	1287	733	994	1637	888	214	1434	618	221	960	671	855	1353	910	897	2442	885	988	483	2247	543	1958	931	2444	918	572	1789	872	934	451	533	1154	1081	1016	889	1252	648	1451	829	777	958	1094	281	1092	992	1151	2133	1704	1294	1332	42	3125	1434	633	871	967	778	1008	1092	201	961	829	1069	1528	1662	460	1272	748	1067	503	738	911	790	1348	904	1015	2094	413	33	966	516	955	1150	1010	984	2532	412	829	872	1302	331	826	1033	1141	1129	171	1206	1046	1965	633	518	1208	2520	792	2235	891	1885	1262	1031	1765	1331	1349	994	1235	615	807	797	41	798	644	957	824	1017	906	816	1110	1248	671	26	1203	1694	910	217	830	1002	969	817	995	886	412	755	1026	1327	1010	907	86	1925	1016	952	740	792	1984	1133	855	1867	829	1054	776	171	1150	903	801	1809	212	845	799	1393	1592	3078	830	510	760	992	437	867	829	1332	995	1168	543	2882	902	998	163	972	1351	1260	1368	859	1059	743	1008	2684	822	1283	761	1313	799	1057	829	336	464	804	41	966	0	2027	1059	1314	1050	1118	2487	786	927	1048	281	1753	42	1010	823	1413	263	399	993	1178	1171	1705	943	1020	829	1122	789	722	1155	1881	548	2061	1710	163	1210	827	1533	2330	821	1073	753	1161	1037	959	509	128	1122	461	912	728	412	1557	798	1054	372	1090	1092	1055	341	769	1283	2360	867	688	1167	1055	1607	1180	2488	1046	1200	497	1122	756	1050	817	952	2908	671	1111	339	1149	1074	413	2084	1877	331	1010	1000	644	1348
1994	3863	2352	2443	1886	1578	2255	1666	2082	1584	1311	1463	0	1660	2092	2088	1732	1450	2367	1951	1463	1046	1969	1901	2111	3961	1477	2332	1925	848	2015	1875	2383	2081	1976	2591	2261	1652	2434	2081	1519	2037	1814	1868	1482	2132	2114	3288	1613	1945	1745	3423	1202	611	1573	3679	2205	1828	429	771	1654	1011	1776	1521	1349	2107	2067	2348	1941	2106	1799	1616	2032	2085	1565	2433	1949	2350	3344	2747	296	2129	1479	1664	2434	871	1554	2339	1858	2268	2433	1527	2289	1799	2285	1446	2816	1800	2367	1812	1884	1663	899	723	1884	2485	2194	2237	2677	1742	1444	1021	1789	2118	2419	1935	2248	3913	1747	1799	1613	2389	1394	1873	2252	2395	2120	1297	2095	2169	971	1836	1797	1098	3595	1875	2796	1637	2863	2629	2250	2499	2379	1485	1847	1072	1761	1861	1710	1473	1708	2025	2046	782	2238	2179	1952	1305	1852	1814	1484	2095	1054	2198	1495	1950	1948	2076	1797	2018	763	1747	1155	2112	2556	1935	1277	1416	2951	2107	573	2082	1875	3176	1336	1123	3060	1799	2271	1642	1400	2223	2126	1768	1168	1671	811	1736	2746	1610	3920	1950	1279	1858	2249	1768	1510	1799	2260	2018	2289	1202	3542	1975	2032	1304	800	2598	2413	762	1500	2276	1886	918	1338	1939	2377	2169	2398	1736	2274	1799	1381	1799	1930	1489	1021	1463	3221	2276	2454	2179	2099	3406	1493	2154	2165	1565	2679	1435	1933	2226	156	1293	1498	2249	2502	2180	2748	2106	1978	1939	2113	1711	920	2353	693	1193	3077	2787	1318	1978	1333	2517	3337	1939	1763	2098	1912	2133	2119	1794	1380	1594	1798	2200	1788	1743	2408	1828	2277	1405	1352	2433	2274	1804	2119	2242	3683	1878	1033	1078	2188	185	1351	3408	2167	2094	1724	2272	1844	2175	1695	2111	1638	1814	2164	1233	2341	2179	1742	3190	572	1394	1935	1960	1188	467
833	2561	1073	1257	1019	127	921	734	1042	1402	363	220	1660	0	1059	1050	884	255	806	796	851	1175	1145	872	773	2555	436	1243	627	870	860	649	1107	520	858	1472	669	9	1266	437	355	802	526	725	1365	717	706	2277	832	858	530	2039	622	2171	892	2229	711	398	1999	1018	875	657	372	1326	1103	849	709	1072	641	1352	716	713	800	946	391	874	861	954	1922	1521	1505	1212	189	3324	1266	850	833	748	638	803	874	330	746	716	871	1560	1462	266	1092	825	1171	390	876	1063	644	1158	698	819	1979	234	226	1055	344	775	942	887	780	2313	228	716	818	1123	365	690	836	935	980	365	1074	871	2186	471	343	1282	2322	649	2120	833	1710	1042	834	1635	1158	1361	891	1313	479	878	706	234	708	426	795	975	821	703	654	1143	1379	526	209	1071	1794	704	210	671	874	802	703	847	1033	228	824	861	1121	887	941	299	1740	849	1128	527	649	1777	1160	926	1660	716	857	904	371	980	711	693	1902	60	987	701	1173	1601	2906	671	565	616	789	250	841	716	1184	847	986	622	2738	750	848	359	1103	1143	1069	1494	836	862	587	1114	2900	665	1103	540	1133	701	860	716	522	271	646	216	1055	220	1819	862	1124	872	971	2311	946	733	873	391	1589	260	887	603	1600	387	364	790	961	1014	1522	764	886	673	973	697	857	959	2099	629	1877	1522	383	1105	1012	1365	2143	664	1001	539	1065	869	779	332	343	1282	268	705	602	232	1414	670	856	549	1112	874	858	189	554	1131	2140	736	797	1244	876	1797	1207	2311	871	1068	351	937	616	874	734	773	3127	526	948	462	954	901	234	1886	2046	365	887	868	849	1508
230	1771	351	359	224	983	382	451	17	2424	1243	1193	2092	1059	0	9	359	1240	779	1836	629	2079	227	214	394	1886	777	242	444	1611	207	410	367	748	201	504	824	1057	345	1213	1397	289	533	337	885	500	494	1276	479	204	1586	1353	959	2698	521	1633	621	672	2513	1324	437	1387	689	2343	813	286	437	346	1665	360	369	501	288	139	1444	797	200	493	1298	656	2082	169	1150	3630	345	1602	538	839	421	578	797	1373	722	369	501	1101	769	813	356	1883	2231	689	1214	1371	416	482	625	501	924	828	1170	1088	720	400	640	186	582	2034	836	369	480	363	928	369	498	605	129	1201	17	328	2901	593	724	1129	1503	410	1064	455	776	959	499	575	321	879	249	1171	582	1934	429	1230	430	830	304	1323	500	592	424	874	2433	533	1202	12	1615	622	978	403	190	320	379	222	1331	836	940	276	648	186	823	1273	859	286	1536	737	410	1126	856	970	1020	369	498	1958	1362	261	501	400	1662	1118	1286	414	999	1024	1921	403	901	443	569	817	581	369	169	222	350	959	1689	321	229	1205	1296	702	455	1521	592	499	478	1194	3430	405	362	908	367	414	499	369	1527	807	424	1219	1088	1193	1170	499	463	340	119	1354	1979	507	320	1444	604	1230	187	900	1965	1075	817	566	790	161	658	402	173	396	130	433	1196	491	2718	965	987	703	1303	178	2009	424	1252	406	352	743	220	288	395	734	1306	2314	811	623	464	831	368	395	510	1564	815	797	501	1178	751	154	1724	326	1081	1121	346	2148	872	1355	327	9	708	387	443	333	427	394	3724	533	221	1071	478	301	828	1103	2220	928	186	192	1801	1719
221	1775	348	361	223	974	375	445	8	2416	1235	1184	2088	1050	9	0	355	1231	771	1826	625	2071	232	207	385	1888	769	247	435	1605	197	400	364	739	192	509	815	1048	348	1203	1388	280	524	328	888	491	485	1283	475	196	1577	1355	953	2693	518	1634	613	662	2509	1320	434	1379	679	2335	813	277	428	343	1655	368	361	495	279	130	1435	790	192	486	1299	660	2077	178	1142	3629	348	1595	534	831	412	570	790	1364	714	361	494	1104	769	804	354	1873	2221	680	1209	1367	406	479	616	494	934	819	1161	1085	711	392	633	178	574	2032	827	361	476	361	920	360	490	599	122	1193	26	321	2895	583	715	1128	1507	400	1073	451	782	953	491	585	320	881	244	1170	573	1925	422	1221	423	821	295	1318	493	583	414	873	2424	524	1193	21	1615	613	970	393	182	311	371	213	1327	827	935	267	644	178	820	1265	863	277	1532	728	400	1126	855	967	1020	361	491	1949	1353	255	492	392	1664	1109	1282	407	994	1028	1929	393	894	433	561	808	578	361	174	213	344	953	1698	311	219	1197	1292	697	451	1520	588	492	468	1192	3426	395	359	898	365	407	492	361	1518	797	414	1210	1085	1184	1170	492	460	332	111	1360	1970	498	312	1435	610	1221	180	891	1962	1067	809	558	784	156	661	393	164	387	122	426	1191	486	2713	959	991	705	1295	182	2000	428	1257	397	351	734	222	279	386	725	1298	2306	801	614	456	822	376	386	503	1556	814	790	494	1169	742	156	1723	317	1076	1120	338	2145	872	1362	319	18	699	381	434	325	420	385	3719	524	214	1064	472	293	819	1106	2218	920	178	183	1793	1717
323	2130	655	714	172	778	609	151	349	2163	976	961	1732	884	359	355	0	1006	918	1680	270	1774	293	189	521	2240	503	600	421	1285	331	347	681	765	285	860	904	878	702	1157	1179	400	422	266	636	604	589	1607	120	249	1409	1705	623	2338	167	1978	729	570	2154	966	79	1070	559	2079	488	456	520	651	1523	496	215	186	394	374	1235	959	252	726	1641	1015	1727	423	922	3282	702	1278	178	949	343	733	959	1158	842	215	695	860	1108	694	667	1696	2027	495	859	1012	361	794	726	667	1147	684	933	732	598	530	849	222	726	2331	693	215	124	683	652	305	674	816	404	929	362	524	2551	497	605	800	1862	347	1287	98	1133	1152	673	851	660	629	120	842	437	1752	180	1002	177	808	416	966	667	695	425	550	2207	422	976	362	1314	727	745	406	244	450	227	343	972	693	582	454	920	222	468	1032	1219	456	1178	757	347	1469	539	611	1359	215	685	1736	1118	532	601	218	1378	944	927	194	1225	831	2253	406	575	364	717	684	222	215	527	343	615	623	1973	364	361	934	937	972	741	1180	232	688	422	839	3071	399	675	931	690	194	687	215	1279	687	408	994	732	961	1514	688	768	537	382	1699	1733	622	517	1235	955	992	219	948	1606	788	562	715	985	464	1016	523	273	391	398	189	841	727	2361	628	1345	1058	1040	275	1739	784	1609	400	118	769	214	477	527	614	1057	2062	691	728	325	686	696	283	696	1320	492	959	688	1042	785	510	2042	266	726	786	546	1790	567	1701	522	361	551	623	352	531	149	521	3365	422	471	768	713	517	684	1461	1875	652	222	261	1519	1365
1025	2807	1299	1474	1161	265	1152	855	1223	1186	143	47	1450	255	1240	1231	1006	0	1062	735	905	921	1289	1037	999	2809	506	1444	834	631	1052	840	1334	774	1042	1684	925	251	1481	633	179	1008	719	903	1388	955	942	2489	929	1035	451	2290	571	1936	973	2484	960	618	1768	880	979	438	580	1106	1115	1063	935	1298	622	1498	877	822	1005	1141	242	1130	1039	1195	2174	1750	1273	1379	90	3110	1481	609	914	1004	825	1051	1130	162	1001	877	1113	1560	1706	504	1319	708	1023	551	751	918	838	1394	947	1060	2141	458	73	989	562	1001	1193	1058	1027	2564	456	877	916	1349	371	874	1078	1184	1177	176	1254	1093	1932	680	564	1234	2564	840	2282	936	1932	1297	1076	1813	1378	1385	1041	1259	663	767	843	23	844	682	1004	831	1062	949	863	1143	1202	719	46	1250	1712	953	264	877	1050	1016	865	1043	895	456	783	1074	1370	1058	940	43	1971	1063	950	780	840	2027	1166	882	1910	877	1098	730	124	1197	948	848	1829	238	855	846	1429	1627	3125	877	544	808	1035	481	908	877	1380	1043	1214	571	2929	950	1046	167	985	1394	1305	1381	901	1103	791	1027	2659	870	1329	794	1359	846	1102	877	288	508	852	41	989	47	2069	1103	1359	1096	1165	2534	738	972	1095	242	1801	20	1057	857	1405	290	444	1036	1217	1218	1751	990	1067	876	1170	836	735	1200	1854	576	2108	1756	135	1257	779	1580	2376	869	1118	793	1208	1084	1005	555	87	1074	505	954	776	457	1605	845	1099	324	1125	1130	1100	355	809	1330	2396	915	708	1192	1101	1598	1214	2535	1093	1248	544	1168	804	1097	864	999	2879	719	1159	362	1193	1121	458	2129	1875	371	1058	1048	600	1351
616	1788	522	715	919	832	407	856	767	2154	1153	1023	2367	806	779	771	918	1062	0	1358	1103	1981	990	754	405	1756	896	800	514	1651	622	588	541	294	663	916	146	811	739	644	1136	533	586	653	1554	313	328	1657	974	695	1191	1252	1178	2922	1053	1425	190	539	2744	1630	975	1421	591	2085	1379	502	398	526	1179	1136	717	886	537	646	1151	68	694	328	1126	868	2259	939	987	4013	739	1633	1022	88	599	200	68	1113	81	717	283	1778	726	583	536	1467	1822	708	1486	1680	574	514	195	277	1597	639	1022	1521	578	397	206	735	199	1546	636	717	963	560	974	620	281	226	649	1140	795	450	2983	543	570	1668	1567	588	1723	955	1075	263	280	1228	625	1547	823	1709	626	1502	797	1041	800	380	515	1603	278	224	500	1438	2065	586	1015	789	2202	194	897	516	708	484	709	605	1641	636	1296	510	377	735	1293	1105	1062	502	1798	290	588	993	1436	1376	881	717	283	1617	1176	533	316	731	2279	834	1591	768	380	1741	2239	516	1099	585	211	612	1061	717	783	605	463	1178	2188	554	589	1137	1664	376	444	2001	1065	283	534	1616	3661	525	542	299	567	768	283	717	1318	581	521	1022	1521	1023	1032	283	491	439	661	1642	1700	296	459	1151	1026	1065	737	243	2278	1091	869	213	156	629	869	401	690	531	649	790	1464	332	2876	1186	1189	840	1185	937	1796	816	1434	524	1003	275	947	493	401	574	1149	2025	583	192	652	639	981	654	271	1338	1385	68	280	788	257	726	1341	652	1364	1644	432	2476	1471	1642	451	787	643	408	601	445	830	405	3907	586	559	1140	340	477	639	1139	2654	974	735	690	1652	2111
1606	3130	1779	1977	1814	906	1625	1530	1819	910	846	768	1951	796	1836	1826	1680	735	1358	0	1625	1043	1939	1662	1500	3053	1210	1994	1392	1120	1630	1429	1810	1159	1636	2196	1216	801	1993	714	562	1559	1308	1511	2121	1417	1412	2986	1624	1641	284	2587	1306	2298	1680	2710	1357	1164	2162	1560	1669	1049	1151	867	1849	1594	1438	1780	179	2145	1509	1507	1559	1712	497	1412	1644	1619	2449	2202	1701	1995	795	3537	1993	1097	1620	1273	1419	1451	1412	574	1336	1509	1541	2295	2084	1022	1798	175	477	1186	1450	1589	1421	1831	1346	1495	2761	1013	801	1715	1117	1498	1551	1673	1430	2589	1004	1509	1610	1828	1095	1473	1511	1559	1741	894	1852	1598	2114	1243	1112	1963	2921	1429	2900	1626	2404	1499	1509	2407	1877	2117	1685	1986	1267	170	1503	728	1505	1054	1549	1507	1497	1365	1415	1878	733	1308	745	1847	2419	1352	957	1435	1657	1547	1495	1616	1574	1004	1518	1606	1733	1673	1675	733	2409	1594	1570	1170	1429	2335	1901	1615	2229	1509	1529	397	679	1712	1412	1487	2541	735	1543	1497	1628	2360	3590	1435	1278	1396	1443	1020	1622	1509	1942	1616	1695	1306	3482	1516	1613	885	1680	1735	1745	2068	1615	1532	1358	1741	2952	1431	1808	1064	1838	1497	1531	1509	605	1029	1412	727	1715	768	2371	1532	1800	1596	1736	2991	556	1426	1603	497	2313	755	1673	1115	1954	1025	1140	1445	1502	1766	2203	1490	1666	1440	1736	1494	1438	1624	2147	1311	2541	2185	792	1898	729	2088	2792	1430	1798	1173	1860	1608	1504	1102	736	777	1025	1352	1392	1010	2174	1458	1524	569	1858	1412	1529	657	1177	1885	2525	1521	1431	1921	1597	2126	1949	2991	1598	1845	1141	1638	1399	1599	1531	1500	3099	1308	1693	1094	1624	1631	1013	2497	2461	1095	1673	1650	776	1982
566	2400	916	984	426	728	850	249	619	2000	839	865	1463	851	629	625	270	905	1103	1625	0	1571	524	449	737	2509	416	869	588	1065	581	516	943	895	536	1128	1059	844	973	1205	1085	630	533	466	519	800	783	1857	154	502	1343	1974	410	2070	114	2243	913	649	1886	699	191	868	617	1916	283	695	717	911	1485	701	395	216	624	636	1146	1154	506	962	1907	1285	1466	675	832	3016	973	1061	94	1117	504	939	1154	1066	1023	395	919	728	1374	736	929	1613	1921	510	600	744	529	1054	907	883	1343	705	832	465	654	745	1071	483	926	2573	716	395	158	947	534	491	892	1040	669	788	632	763	2296	598	663	566	2132	516	1479	179	1400	1354	891	1083	927	514	388	607	516	1672	308	906	304	908	643	702	883	880	605	339	2078	533	885	632	1099	909	667	592	501	678	400	589	704	716	318	696	1165	483	203	921	1488	695	913	889	516	1736	343	341	1624	395	906	1620	1000	789	796	375	1178	909	661	337	1441	752	2501	592	387	518	921	716	48	395	797	589	867	410	2192	579	605	795	666	1214	994	925	40	911	570	571	2801	582	938	1050	955	337	909	395	1149	730	583	904	465	865	1780	911	1026	775	647	1958	1593	821	756	1146	1219	887	481	1081	1336	641	488	919	1194	730	1287	736	532	577	662	314	584	964	2098	412	1614	1329	905	524	1575	1054	1876	582	312	904	457	718	744	669	936	1910	733	911	452	708	954	451	916	1193	291	1154	910	1033	923	780	2296	472	472	545	784	1520	384	1960	761	631	587	866	502	770	278	737	3097	533	728	598	951	763	705	1731	1613	534	483	516	1345	1097
1890	3724	2199	2359	1945	1175	2057	1640	2063	556	858	963	1046	1175	2079	2071	1774	921	1981	1043	1571	0	2067	1865	1902	3730	1302	2305	1723	519	1916	1713	2233	1695	1896	2560	1841	1171	2362	1462	856	1890	1602	1757	1899	1869	1855	3354	1665	1880	941	3211	1162	1270	1676	3405	1881	1526	1152	1067	1719	704	1482	484	1650	1952	1840	2197	1103	2262	1712	1594	1886	2005	861	2048	1884	2111	3096	2648	755	2190	1003	2516	2362	517	1625	1918	1696	1971	2048	878	1922	1712	2030	1986	2622	1423	2218	874	853	1423	1055	1062	1714	2303	1868	1976	2911	1375	971	1360	1472	1905	2114	1893	1947	3448	1374	1712	1656	2247	1153	1737	1994	2105	2042	890	2090	1991	1083	1578	1475	1584	3477	1713	3049	1681	2819	2207	1992	2624	2268	1898	1846	1585	1542	908	1651	941	1651	1601	1889	1023	1978	1870	1754	1644	806	1602	968	2088	1855	1874	1138	1764	1891	1907	1702	1910	1076	1374	1295	1961	2290	1893	1489	878	2870	1952	933	1702	1713	2948	1677	1348	2831	1712	2015	664	804	2087	1862	1679	1985	1146	1078	1664	2340	2113	3998	1764	1200	1683	1955	1399	1599	1712	2236	1910	2116	1162	3747	1827	1917	889	1197	2315	2216	1479	1588	2019	1679	1319	1908	1755	2229	1702	2258	1664	2018	1712	670	1427	1739	959	1360	963	2991	2019	2269	1996	2027	3418	500	1887	1991	861	2671	921	1891	1765	1109	1005	1269	1956	2136	2091	2650	1893	1915	1760	2035	1647	1059	2115	1105	1159	3006	2661	811	2048	322	2460	3276	1755	1863	1714	1988	1975	1909	1466	835	549	1424	1876	1635	1374	2446	1700	2016	659	1658	2048	2016	1217	1730	2194	3305	1769	1138	1544	2002	1232	1716	3419	1990	2085	1439	2075	1675	1996	1659	1902	2066	1602	2041	1009	2108	2016	1375	3043	1614	1153	1893	1894	333	1270
390	1913	577	549	128	1049	605	438	233	2454	1267	1243	1969	1145	227	232	293	1289	990	1939	524	2067	0	284	591	2056	792	403	583	1574	376	526	590	920	345	637	1020	1141	529	1363	1459	469	637	437	672	695	685	1332	403	324	1675	1532	911	2579	410	1821	821	788	2396	1217	350	1363	791	2371	642	489	620	572	1775	208	430	478	466	345	1512	1014	322	718	1490	823	1988	162	1203	3463	529	1568	449	1044	531	790	1014	1436	928	430	721	882	970	926	581	1967	2305	756	1125	1260	537	704	823	714	855	927	1216	949	828	598	864	284	791	2252	936	430	410	584	942	479	713	829	349	1220	216	542	2821	709	834	951	1642	526	995	385	903	1183	714	561	535	666	253	991	672	2022	446	1283	445	988	486	1224	714	789	572	699	2492	637	1257	220	1411	821	1026	550	307	512	443	394	1221	936	842	480	875	284	692	1317	1004	489	1433	910	526	1318	676	850	1218	430	716	2019	1404	487	694	452	1452	1206	1181	446	1226	798	1976	550	867	555	779	922	485	430	343	394	577	911	1681	475	408	1225	1168	929	682	1350	496	718	605	1054	3303	548	585	1086	587	446	717	430	1567	919	564	1274	949	1243	1361	718	688	554	334	1438	2022	705	533	1512	713	1276	283	1087	1834	1081	847	776	1014	389	824	597	313	538	348	454	1109	717	2618	915	1120	880	1331	53	2032	585	1373	549	212	918	81	497	593	844	1345	2352	922	822	548	930	439	484	728	1607	642	1014	719	1288	930	359	1935	429	997	949	562	2009	684	1440	541	221	797	612	549	548	426	591	3607	637	442	1061	704	519	927	1267	2050	942	284	321	1812	1570
140	1966	467	544	175	786	421	241	199	2218	1033	990	1901	872	214	207	189	1037	754	1662	449	1865	284	0	349	2063	564	450	301	1398	144	241	494	644	97	712	760	869	536	1078	1200	222	355	153	809	443	430	1490	294	61	1403	1526	748	2502	355	1794	571	505	2318	1130	266	1172	511	2136	677	271	361	463	1495	485	160	292	217	187	1249	789	64	539	1458	848	1879	342	948	3466	536	1388	354	795	247	561	789	1176	683	160	513	1033	925	643	480	1697	2040	490	1013	1178	252	606	570	491	1108	649	966	914	546	357	667	34	557	2141	657	160	291	498	715	194	495	633	220	991	224	338	2693	425	552	990	1700	241	1248	270	983	976	495	775	479	802	72	1032	394	1750	215	1029	215	706	240	1125	491	538	293	739	2236	355	1001	222	1502	570	774	271	54	273	172	157	1137	657	745	268	731	34	652	1069	1059	271	1338	634	241	1286	728	787	1174	160	505	1761	1157	342	441	190	1564	932	1091	200	1043	987	2136	271	688	271	547	642	400	160	378	157	425	748	1896	205	175	994	1112	783	551	1368	409	508	320	1020	3238	267	488	811	505	200	507	160	1322	636	282	1018	914	990	1331	508	579	351	199	1567	1776	458	330	1249	816	1026	32	818	1779	862	606	545	808	281	849	353	83	258	213	219	994	540	2515	755	1190	886	1094	238	1800	625	1457	268	249	644	215	290	354	562	1100	2110	640	571	270	651	581	203	516	1360	681	789	508	1007	657	347	1853	144	878	976	360	1966	754	1568	336	220	521	435	265	345	215	349	3526	355	282	857	526	329	649	1289	2061	715	34	71	1590	1546
211	1829	300	484	513	734	156	488	380	2176	1043	952	2111	773	394	385	521	999	405	1500	737	1902	591	349	0	1872	651	496	190	1491	217	237	334	363	257	702	430	773	496	837	1128	127	310	270	1155	105	100	1505	594	289	1273	1337	911	2695	669	1573	230	380	2512	1346	586	1256	420	2098	999	108	64	299	1323	754	342	528	131	255	1164	440	288	238	1242	751	2046	563	910	3724	496	1477	648	453	254	212	440	1104	338	342	182	1380	731	507	319	1569	1925	487	1212	1397	227	402	232	146	1288	543	938	1185	436	8	333	329	207	1840	547	342	585	350	775	249	155	302	270	1013	411	98	2824	323	435	1302	1577	237	1423	572	936	630	154	922	385	1149	420	1344	370	1615	431	983	434	456	109	1329	147	199	160	1060	2145	310	954	406	1828	230	763	161	302	79	338	199	1356	547	980	119	445	329	937	1039	972	108	1538	351	237	1079	1054	1045	961	342	169	1673	1124	212	106	365	1897	824	1307	402	706	1337	2132	161	836	253	197	523	691	342	452	199	215	911	1983	159	184	1013	1357	489	318	1659	697	173	232	1287	3436	172	330	515	361	402	172	342	1285	502	181	968	1185	952	1124	173	368	99	275	1537	1720	114	102	1164	820	994	331	505	2005	918	655	195	463	275	752	9	284	173	267	426	1191	241	2679	919	1109	759	1093	537	1778	594	1377	172	599	354	542	113	7	445	1078	2056	505	231	323	545	680	292	179	1316	1005	440	172	850	361	393	1578	265	1080	1282	102	2199	1085	1538	98	403	462	173	267	101	459	0	3705	310	198	943	230	131	543	1144	2336	775	329	284	1594	1803
1967	343	1610	1527	2106	2561	1719	2295	1893	3900	2884	2767	3961	2555	1886	1888	2240	2809	1756	3053	2509	3730	2056	2063	1872	0	2523	1657	2062	3358	1946	2100	1578	2035	1985	1422	1900	2559	1541	2359	2892	1928	2182	2095	2709	1879	1895	1148	2355	2016	2930	537	2776	4557	2406	344	1850	2220	4373	3190	2319	3123	2269	3834	2694	1859	1925	1614	2883	2000	2163	2344	1934	1877	2906	1690	2012	1640	634	1233	3915	1895	2729	5515	1541	3343	2416	1826	2117	1763	1690	2868	1810	2163	1716	2893	1147	2309	1594	3186	3530	2356	3065	3238	2093	1479	1863	1769	1804	2361	2762	2972	2272	1866	1617	2028	1787	907	2361	2163	2354	1571	2645	2095	1752	1629	1842	2862	1886	1801	4694	2183	2267	3006	511	2100	1811	2331	1179	1560	1754	1684	1583	2703	2121	3047	2241	3212	2251	2789	2253	2132	1922	3180	1768	1864	2032	2752	3783	2182	2762	1885	3453	1857	2611	2029	2014	1894	2166	1943	3198	2361	2807	1853	1446	2028	2708	2852	1062	1859	3393	2028	2100	792	2731	2850	910	2163	1732	3357	2927	1738	1885	2194	3476	2588	3150	2225	1429	2766	1158	2029	2703	2121	1781	2335	2461	2163	1724	1943	1677	2776	1573	1992	1929	2861	3175	1417	1557	3403	2470	1727	2104	3079	5296	2040	1584	2048	1562	2225	1728	2163	3073	2306	2052	2771	2972	2767	748	1727	1512	1792	1863	950	3451	1858	1804	2906	1371	2809	2031	1987	3842	2784	2525	1780	1599	1782	1232	1878	1983	2039	1849	2250	3045	1636	4550	2783	970	1183	2924	2029	3551	1471	798	2041	2235	2016	2091	1833	1864	2275	2895	3769	2309	1856	2187	2361	1642	2140	1728	3094	2694	1690	1729	2542	2001	1732	645	2085	2930	3002	1784	4029	2740	947	1802	1885	2317	1701	2134	1795	2265	1872	5574	2182	1797	2814	1646	1787	2361	788	4103	2645	2028	2001	3405	3605
593	2470	926	1067	665	311	803	354	761	1663	475	462	1477	436	777	769	503	506	896	1210	416	1302	792	564	651	2523	0	1004	461	851	618	428	960	623	595	1260	805	428	1067	820	683	606	342	458	929	657	640	2052	422	578	930	1987	282	2050	470	2222	728	358	1868	734	472	619	308	1580	669	673	599	924	1068	998	409	317	601	705	742	959	582	886	1893	1365	1396	897	426	3117	1067	839	410	878	410	791	959	663	816	409	815	1125	1379	378	944	1208	1529	187	590	784	433	1047	717	765	1647	331	433	670	330	656	942	591	771	2438	340	409	409	971	151	444	780	920	744	429	788	724	2175	358	340	873	2212	428	1788	429	1525	1159	779	1334	982	925	552	908	285	1266	353	504	354	594	609	707	766	701	490	711	1704	342	480	786	1403	721	253	494	589	633	400	614	746	340	432	681	1088	591	513	530	1585	673	905	622	428	1730	726	529	1612	409	800	1235	615	805	651	377	1502	493	695	363	1272	1165	2696	494	204	403	772	350	411	409	934	614	850	282	2458	541	623	434	778	1127	966	1141	404	805	418	750	2791	483	955	745	982	363	803	409	776	375	470	499	670	462	1775	805	1014	732	727	2119	1230	679	722	742	1371	491	589	792	1383	297	72	772	1025	795	1366	644	613	485	736	348	568	889	2028	290	1720	1387	538	764	1241	1164	1990	483	612	638	710	698	658	340	554	1560	376	723	343	333	1145	403	805	817	678	959	803	621	659	893	2206	469	470	838	740	1580	773	2121	723	784	258	821	392	730	367	651	3056	342	753	300	878	743	331	1784	1765	151	591	592	1026	1220
