NAME : VRPTW_INSTANCE_313.txt
COMMENT : Bangkok Supermarket
TYPE : VRPTW
DIMENSION : 244
DAYS : Thursday
EDGE_WEIGHT_TYPE : EXPLICIT
VEHICLES : 34
EDGE_WEIGHT_FORMAT : FULL_MATRIX
CAPACITY : 1000
EDGE_WEIGHT_SECTION
0	1151	358	624	2118	211	309	428	428	210	582	14	193	431	193	865	420	135	1142	413	578	197	67	995	547	606	122	1235	428	1213	127	366	530	1510	437	2205	206	438	437	307	1213	532	502	401	646	309	1727	206	806	1687	310	255	419	428	371	464	850	1909	1301	1247	535	197	495	1426	474	242	113	1428	193	116	126	2632	201	399	246	1256	1126	118	569	2005	607	194	344	1648	1290	439	932	88	782	608	928	22	212	438	756	535	621	185	1538	1007	154	581	1244	612	258	820	219	1815	590	1005	366	1799	609	153	2690	351	991	585	1121	227	1054	394	110	474	850	2705	93	1080	845	351	194	193	1142	737	135	373	66	17	1121	401	1447	935	608	206	2339	154	531	2119	215	620	356	977	92	1089	503	1001	1011	34	400	101	1114	283	636	1702	620	948	205	586	124	167	746	2189	133	221	1401	407	528	199	976	424	654	638	404	46	535	154	1126	119	189	415	1627	244	982	367	381	201	412	202	1721	582	309	1743	650	423	618	1119	190	201	1087	556	193	85	118	314	1184	213	287	3476	978	893	413	689	891	216	1759	364	124	1041	502	476	1606	229	948	88	359	372	404	375	540	131	340	491	984	848
1151	0	1445	1038	1681	1289	1327	1444	1444	1219	571	1165	959	1403	959	304	735	1202	952	1535	1482	1333	1207	750	1026	1530	1248	2386	744	171	1234	1459	1351	453	1060	1914	1006	1408	1205	1318	171	1362	1593	1527	1446	1327	775	1350	344	859	1324	969	732	744	786	717	1733	2732	1423	351	1364	1342	1050	306	1578	1238	1233	2572	959	1234	1066	1758	960	1524	1239	924	145	1083	678	1870	648	1311	1428	789	233	1402	1841	1203	1930	1622	541	1173	991	1414	537	1355	1273	1052	723	658	1035	1070	852	1306	1398	503	1297	2967	1020	766	1458	2950	743	1269	1601	1426	991	1065	932	1234	488	906	1215	1578	1714	1630	1210	837	1996	861	1311	959	413	689	1031	1461	1205	1168	881	1551	2418	910	1030	1350	1448	1035	1349	1681	1349	756	1445	191	1097	897	1064	758	2125	1182	1451	1236	596	872	1674	596	1626	779	1287	1025	1075	1303	760	1076	1273	1025	258	1531	1346	1036	726	1457	731	1674	1454	1128	1364	1035	145	1233	1063	758	1537	1384	1953	1460	1475	960	1465	1016	998	1053	841	1627	1657	1403	1461	2265	1309	960	451	1040	959	1106	1083	1464	1305	1225	1423	2329	451	658	1535	636	1077	1297	1610	1459	1040	799	1594	1589	1635	939	278	1203	807	1522	1551	1287	1636	1274	982	1045	432	1958
358	1445	0	963	2470	424	517	577	577	225	898	347	532	616	532	1180	714	425	1497	418	759	327	346	1354	889	766	236	971	701	1529	235	453	772	1755	774	2545	565	622	731	523	1529	769	529	401	867	517	2070	298	1106	2039	521	614	724	701	664	806	531	1566	1619	1478	772	294	833	1736	133	210	246	1136	532	243	389	2988	549	402	210	1337	1442	373	792	2332	957	164	456	1825	1608	628	597	274	518	258	1116	344	454	619	976	776	906	541	1889	1364	417	915	1345	469	312	1037	426	1555	932	1364	453	1542	967	205	3018	471	1341	920	1477	212	1249	563	387	133	538	3037	374	1438	607	706	164	532	1485	1095	491	463	347	342	1479	222	1089	1290	948	298	2693	417	775	2471	332	978	455	1286	366	1445	838	1360	680	346	526	258	1280	618	278	1956	711	1307	420	927	380	199	880	2435	325	578	1701	410	773	556	1335	558	1012	281	528	354	772	417	1442	241	542	687	1959	315	628	453	458	549	530	429	2079	919	626	2074	732	607	824	839	168	549	1291	894	532	358	373	211	1510	219	331	3741	1187	1251	417	886	1231	422	2093	448	479	1399	527	148	1923	579	1273	274	640	212	201	235	544	317	694	830	1197	514
624	1038	963	0	1512	562	512	567	567	831	602	632	541	507	541	749	628	538	561	754	511	659	618	492	76	559	736	1636	680	1007	749	659	373	1485	189	1583	439	509	277	502	1007	386	747	757	432	512	1335	690	768	1236	508	403	601	680	625	460	1474	2528	685	1293	385	689	130	1214	1054	863	732	1856	541	735	677	2130	508	753	867	1571	940	684	835	1382	415	802	630	1757	1062	499	1553	712	1241	1221	1131	631	698	515	949	375	244	442	1107	552	675	56	1531	1204	707	998	564	2169	37	493	658	2147	302	768	2331	619	388	49	545	849	1214	831	575	1054	1474	2331	589	536	1261	390	802	541	806	357	522	655	617	635	563	906	2043	358	16	690	1859	675	370	1512	663	285	645	850	671	522	126	493	1530	624	605	713	1316	517	1239	1633	688	433	564	39	683	764	1086	2104	640	410	1225	755	369	431	487	592	307	1243	607	650	385	675	940	739	436	680	1003	696	1591	660	670	508	616	713	1221	45	565	1119	713	513	462	1554	798	508	1223	68	541	672	684	828	564	835	712	3294	1127	461	754	947	268	567	1135	663	532	513	749	1045	989	483	761	712	652	881	923	993	787	648	297	133	1121	1385
2118	1681	2470	1512	0	2074	2014	2039	2039	2313	1784	2128	1986	1977	1986	1644	1939	2048	980	2245	1913	2171	2124	1164	1584	1947	2237	3074	1988	1514	2246	2152	1809	1997	1699	311	1915	1976	1774	2005	1514	1818	2210	2251	1786	2014	1095	2202	1742	906	2010	1870	1913	1988	1968	1762	2962	4026	975	2025	1816	2201	1641	1531	2566	2345	2231	3302	1986	2234	2140	990	1958	2247	2348	2594	1544	2152	2068	520	1607	2307	2126	2398	1477	1967	3050	2207	2728	2726	2158	2129	2130	1983	2054	1807	1642	1933	991	1197	2127	1564	2525	2631	2218	2061	2075	3542	1541	1149	2151	3517	1545	2269	1647	2113	1129	1558	1002	2332	2149	2193	2085	2566	2958	1599	2097	1061	2730	1801	2307	1986	1290	1431	1997	2146	2122	2132	1012	2415	3555	1184	1525	2202	914	2127	1805	0	2175	1528	2139	1632	2145	1038	1638	1156	3030	2125	2087	2215	2265	1924	2748	1986	2087	1196	2076	1546	2148	2271	2282	2234	2152	1897	1608	2247	1805	1919	1190	2065	1501	2751	2087	2136	1816	2127	1544	2237	1930	1996	632	2207	3099	2152	2160	1958	2095	2151	729	1557	1948	560	2100	1985	1838	3017	2302	1958	2122	1579	1986	2148	2152	2340	1029	2317	2220	2909	2089	1294	2245	2119	1250	2078	514	2156	2009	1107	2213	2558	780	1928	1546	2207	2002	2392	2433	2464	2243	2159	1778	1643	2073	2892
211	1289	424	562	2074	0	105	217	217	380	720	204	349	225	349	991	587	92	1118	246	375	99	148	1007	493	399	247	1131	607	1329	272	172	354	1676	379	2132	283	232	309	107	1329	353	310	240	461	105	1796	130	948	1733	107	323	579	607	544	574	955	1985	1197	1422	357	131	435	1546	496	406	254	1339	349	255	337	2661	338	237	410	1465	1245	329	762	1911	685	286	144	1838	1402	235	1021	253	701	680	1123	195	420	232	944	359	481	237	1590	1038	363	509	1451	790	146	1008	8	1698	535	1013	171	1679	651	270	2778	147	949	515	1100	392	1245	603	100	496	961	2788	117	1076	741	434	286	349	1218	775	270	176	149	204	1110	345	1484	910	549	130	2378	363	357	2074	101	655	159	1106	304	1072	436	1011	974	180	191	228	1312	426	690	1861	410	953	5	530	335	243	954	2349	111	267	1530	243	354	254	993	213	691	693	194	257	357	363	1245	262	227	596	1541	134	1041	173	188	338	204	412	1747	516	469	1656	440	217	425	1030	282	338	1275	496	349	296	329	266	1092	380	156	3619	1165	926	246	885	824	7	1677	172	265	1043	310	485	1500	353	1059	253	541	319	361	536	352	119	349	434	1169	825
309	1327	517	512	2014	105	0	127	127	486	764	304	419	121	419	1024	651	177	1073	245	270	191	251	981	451	296	352	1138	677	1354	378	151	254	1727	344	2060	330	128	240	10	1354	252	269	246	356	0	1792	219	991	1718	4	360	639	677	612	609	1049	2068	1117	1481	255	223	394	1571	575	512	359	1354	419	361	433	2634	401	242	516	1555	1272	426	839	1831	701	389	120	1908	1424	130	1111	358	729	769	1198	296	511	129	1016	259	395	284	1579	1021	456	457	1538	896	213	1078	99	1692	490	986	150	1672	649	375	2781	111	899	463	1057	498	1316	695	199	575	1056	2788	217	1041	755	466	389	419	1222	767	341	149	251	305	1072	404	1554	868	501	219	2356	456	257	2014	185	650	136	1139	401	1032	391	985	1019	281	124	334	1388	485	773	1908	325	925	111	484	432	346	1041	2395	217	304	1560	245	255	297	970	133	686	777	127	355	255	456	1272	367	271	667	1466	206	1122	152	164	401	138	507	1721	466	534	1580	356	114	320	1048	384	401	1344	450	419	395	426	337	1016	486	209	3653	1235	913	245	963	764	104	1603	154	339	1012	270	561	1417	410	1084	358	613	383	424	641	313	225	354	394	1237	878
428	1444	577	567	2039	217	127	0	0	586	886	421	547	62	547	1140	778	301	1124	210	181	273	365	1054	518	191	451	1068	805	1464	479	130	232	1850	425	2066	455	62	291	133	1464	224	179	220	298	127	1881	293	1111	1797	128	482	766	805	739	728	1102	2092	1113	1606	227	301	465	1681	609	609	461	1289	547	463	554	2698	529	216	613	1680	1384	546	966	1825	809	474	121	2035	1533	72	1154	465	688	814	1325	412	635	56	1143	235	397	410	1661	1102	579	511	1664	991	265	1206	209	1606	553	1057	130	1585	747	469	2874	105	945	518	1110	596	1444	819	317	609	1113	2878	334	1104	697	585	474	547	1319	859	469	121	366	422	1130	419	1560	925	560	293	2426	579	236	2040	261	745	124	1255	521	1089	459	1056	994	397	54	436	1516	612	809	2028	197	996	222	547	552	433	1167	2515	318	428	1673	214	235	423	1045	26	780	814	52	474	227	579	1384	469	397	795	1470	265	1149	130	132	529	57	629	1788	524	661	1581	228	55	250	989	470	529	1471	513	547	514	546	374	1023	586	246	3766	1362	998	210	1090	799	212	1608	135	467	1079	182	590	1406	536	1195	465	741	405	442	732	219	325	464	467	1364	865
428	1444	577	567	2039	217	127	0	0	586	886	421	547	62	547	1140	778	301	1124	210	181	273	365	1054	518	191	451	1068	805	1464	479	130	232	1850	425	2066	455	62	291	133	1464	224	179	220	298	127	1881	293	1111	1797	128	482	766	805	739	728	1102	2092	1113	1606	227	301	465	1681	609	609	461	1289	547	463	554	2698	529	216	613	1680	1384	546	966	1825	809	474	121	2035	1533	72	1154	465	688	814	1325	412	635	56	1143	235	397	410	1661	1102	579	511	1664	991	265	1206	209	1606	553	1057	130	1585	747	469	2874	105	945	518	1110	596	1444	819	317	609	1113	2878	334	1104	697	585	474	547	1319	859	469	121	366	422	1130	419	1560	925	560	293	2426	579	236	2040	261	745	124	1255	521	1089	459	1056	994	397	54	436	1516	612	809	2028	197	996	222	547	552	433	1167	2515	318	428	1673	214	235	423	1045	26	780	814	52	474	227	579	1384	469	397	795	1470	265	1149	130	132	529	57	629	1788	524	661	1581	228	55	250	989	470	529	1471	513	547	514	546	374	1023	586	246	3766	1362	998	210	1090	799	212	1608	135	467	1079	182	590	1406	536	1195	465	741	405	442	732	219	325	464	467	1364	865
210	1219	225	831	2313	380	486	586	586	0	678	206	333	605	333	957	492	332	1333	499	755	314	242	1173	754	776	135	1190	476	1306	108	490	727	1532	646	2409	399	612	645	487	1306	728	607	483	839	486	1856	301	882	1834	488	443	503	476	442	599	649	1713	1511	1257	731	292	704	1512	359	31	126	1361	333	124	180	2787	358	483	36	1162	1219	165	568	2213	756	136	479	1618	1385	615	737	131	733	433	902	210	231	611	754	732	829	389	1682	1173	202	790	1162	410	345	816	386	1775	796	1184	490	1761	782	120	2797	490	1189	794	1312	18	1035	343	297	359	646	2817	278	1264	815	518	136	333	1274	907	316	499	242	203	1308	383	1275	1129	815	301	2489	202	729	2313	329	795	485	1063	168	1277	712	1179	906	221	546	152	1073	412	474	1733	761	1129	375	792	170	163	678	2213	270	422	1476	492	726	400	1151	576	827	475	549	180	731	202	1219	118	395	461	1834	338	803	491	501	358	555	205	1883	791	412	1950	788	596	805	1060	138	358	1074	764	333	164	165	319	1393	5	375	3517	969	1061	499	668	1097	382	1965	486	304	1222	606	373	1816	389	1053	131	416	359	372	164	636	262	540	699	978	739
582	571	898	602	1784	720	764	886	886	678	0	596	390	852	390	283	188	631	839	965	950	761	637	627	557	995	686	1818	221	633	675	891	830	963	547	1943	438	858	681	756	633	840	1027	957	939	764	1183	779	228	1178	762	404	174	221	236	163	1267	2317	1196	728	842	771	559	844	1029	701	671	2009	390	673	509	2133	389	953	704	977	546	526	288	1811	211	753	861	1178	711	852	1369	641	1365	1104	529	604	447	862	351	834	793	484	1024	587	481	610	932	876	827	396	728	2397	571	643	890	2380	324	710	2120	860	766	608	815	694	614	429	644	1029	1254	2139	639	736	1427	303	753	390	608	381	460	894	635	600	787	984	1934	681	588	779	1829	481	829	1785	777	345	877	395	537	774	575	636	1577	612	888	672	714	301	1149	1143	1076	609	717	573	519	740	527	1630	702	460	818	960	826	469	599	897	348	1150	891	563	842	481	546	672	495	234	1433	812	1461	892	906	389	902	472	1250	597	275	1544	1107	850	943	1701	751	389	627	574	390	546	526	897	1066	684	852	2900	527	493	965	369	765	727	1544	891	469	687	1027	1037	1475	368	375	641	266	955	986	778	1069	703	439	552	523	1411
14	1165	347	632	2128	204	304	421	421	206	596	0	207	426	207	879	433	133	1152	402	574	185	57	1007	555	601	110	1221	441	1227	118	357	529	1523	444	2214	218	433	440	303	1227	531	492	389	645	304	1740	193	820	1700	305	267	433	441	385	478	842	1900	1307	1260	534	184	503	1440	461	237	102	1413	207	105	135	2645	215	387	241	1264	1140	125	581	2013	620	182	335	1659	1304	434	923	79	768	597	939	10	222	434	768	534	624	195	1551	1019	164	588	1253	610	245	832	212	1802	598	1017	356	1785	622	141	2704	342	1000	593	1132	222	1066	403	105	461	842	2719	87	1092	831	364	182	207	1155	750	148	364	56	4	1132	387	1435	946	616	193	2352	164	531	2129	203	632	347	991	100	1099	510	1013	997	24	393	88	1125	297	625	1716	613	960	199	594	132	154	756	2202	121	232	1415	396	528	210	988	417	666	627	396	53	534	164	1140	108	198	428	1635	232	971	358	371	215	404	211	1734	590	323	1751	642	419	616	1105	178	215	1099	564	207	92	125	300	1191	208	274	3489	990	906	401	700	899	209	1767	354	137	1052	491	462	1612	242	962	79	373	358	390	370	529	119	350	499	996	835
193	959	532	541	1986	349	419	547	547	333	390	207	0	529	0	671	238	257	1006	585	659	375	247	839	466	697	304	1428	258	1020	298	521	573	1329	378	2094	119	536	443	413	1020	579	660	575	694	419	1540	391	615	1507	418	139	232	258	194	275	978	2043	1226	1073	582	382	427	1233	656	364	290	1621	0	293	154	2457	33	573	367	1148	933	168	419	1913	425	375	494	1490	1097	534	1070	261	976	765	778	215	157	539	597	579	614	149	1357	840	141	512	1126	666	440	660	358	2007	504	851	521	1990	448	331	2498	496	871	514	984	352	897	310	261	656	972	2514	253	932	1037	185	375	0	955	573	79	526	246	210	977	594	1607	805	524	391	2161	141	573	1987	392	462	508	784	167	948	440	846	1199	222	535	287	969	90	801	1518	745	797	346	502	163	355	634	2006	313	156	1208	580	570	145	818	551	493	803	538	180	582	141	933	293	163	248	1531	426	1137	522	537	33	548	173	1551	508	121	1646	776	525	679	1312	371	33	926	479	0	174	168	507	1102	339	466	3287	817	727	585	544	795	356	1658	521	84	889	660	661	1528	59	755	261	194	565	597	477	701	314	245	421	820	1035
431	1403	616	507	1977	225	121	62	62	605	852	426	529	0	529	1099	754	297	1062	269	150	300	373	995	460	175	470	1129	784	1418	497	183	173	1815	370	2006	429	7	232	123	1418	166	240	278	251	121	1825	324	1074	1738	120	451	740	784	718	691	1145	2145	1054	1576	169	330	407	1635	657	630	478	1350	529	480	553	2637	508	274	634	1672	1339	547	948	1767	763	501	166	2010	1485	12	1200	478	750	860	1305	418	630	10	1121	176	336	386	1604	1044	576	451	1653	1013	304	1183	218	1664	493	998	183	1643	696	491	2819	151	883	457	1048	616	1421	813	320	657	1154	2823	339	1044	759	548	501	529	1267	805	453	175	373	427	1069	471	1617	864	500	324	2366	576	177	1978	290	693	174	1213	522	1028	400	997	1055	403	110	453	1497	587	857	1991	224	937	231	487	553	459	1158	2477	335	398	1628	273	175	396	987	88	728	862	110	477	169	576	1339	486	372	775	1410	301	1200	184	188	508	117	627	1728	464	639	1522	255	9	207	1051	496	508	1446	454	529	516	547	420	963	605	289	3721	1338	942	270	1073	737	223	1548	188	453	1019	243	640	1348	512	1150	478	722	455	494	757	280	342	421	410	1340	925
193	959	532	541	1986	349	419	547	547	333	390	207	0	529	0	671	238	257	1006	585	659	375	247	839	466	697	304	1428	258	1020	298	521	573	1329	378	2094	119	536	443	413	1020	579	660	575	694	419	1540	391	615	1507	418	139	232	258	194	275	978	2043	1226	1073	582	382	427	1233	656	364	290	1621	0	293	154	2457	33	573	367	1148	933	168	419	1913	425	375	494	1490	1097	534	1070	261	976	765	778	215	157	539	597	579	614	149	1357	840	141	512	1126	666	440	660	358	2007	504	851	521	1990	448	331	2498	496	871	514	984	352	897	310	261	656	972	2514	253	932	1037	185	375	0	955	573	79	526	246	210	977	594	1607	805	524	391	2161	141	573	1987	392	462	508	784	167	948	440	846	1199	222	535	287	969	90	801	1518	745	797	346	502	163	355	634	2006	313	156	1208	580	570	145	818	551	493	803	538	180	582	141	933	293	163	248	1531	426	1137	522	537	33	548	173	1551	508	121	1646	776	525	679	1312	371	33	926	479	0	174	168	507	1102	339	466	3287	817	727	585	544	795	356	1658	521	84	889	660	661	1528	59	755	261	194	565	597	477	701	314	245	421	820	1035
865	304	1180	749	1644	991	1024	1140	1140	957	283	879	671	1099	671	0	465	905	781	1237	1179	1039	917	559	729	1226	969	2100	486	349	958	1159	1049	737	757	1839	708	1104	902	1015	349	1060	1291	1230	1145	1024	921	1058	102	942	1021	668	456	486	515	416	1523	2557	1215	552	1061	1051	750	561	1311	980	955	2292	671	956	792	1889	668	1227	982	977	262	809	476	1749	346	1036	1128	1019	428	1097	1628	925	1647	1378	522	886	726	1109	413	1052	977	753	789	484	763	776	916	1113	1105	416	998	2678	728	577	1158	2660	449	993	1839	1125	771	772	757	974	545	678	921	1311	1507	1860	917	665	1708	558	1036	671	377	418	739	1161	915	882	715	1266	2199	684	740	1058	1582	763	1046	1644	1055	464	1144	115	820	718	765	569	1859	894	1148	955	662	582	1426	897	1322	569	988	732	801	1023	647	1380	981	725	539	1233	1044	736	531	1154	443	1426	1151	847	1061	763	262	956	763	500	1388	1090	1727	1160	1174	668	1162	751	1038	760	558	1490	1352	1099	1159	1984	1034	668	534	745	671	829	809	1179	1090	963	1129	2629	468	437	1237	489	827	998	1481	1159	749	618	1292	1320	1461	645	109	925	541	1237	1269	1047	1335	983	677	745	455	1693
420	735	714	628	1939	587	651	778	778	492	188	433	238	754	238	465	0	495	973	823	872	611	481	774	566	914	512	1651	53	814	498	759	769	1092	517	2080	324	760	625	644	814	777	898	813	887	651	1372	624	393	1364	649	309	27	53	50	186	1081	2135	1280	834	780	616	548	1022	847	514	497	1836	238	498	330	2319	250	810	516	959	727	347	212	1929	331	576	731	1256	893	757	1182	467	1194	916	554	443	261	764	368	774	771	368	1211	748	300	619	927	700	675	429	596	2233	592	789	759	2217	413	533	2305	733	874	619	949	508	667	254	499	847	1068	2325	491	879	1262	248	576	238	795	510	316	764	479	437	929	816	1745	794	612	624	2017	300	769	1939	628	434	746	572	361	910	563	783	1395	453	770	501	747	166	962	1282	975	746	584	592	339	567	459	1769	548	356	990	818	766	357	748	784	451	962	773	393	780	300	727	497	381	58	1547	661	1272	761	775	250	784	286	1431	609	117	1661	1006	750	880	1529	574	250	693	582	238	370	347	731	1150	498	702	3056	584	645	823	334	840	594	1665	759	322	832	898	856	1571	241	562	467	77	787	816	590	939	548	384	541	586	1229
135	1202	425	538	2048	92	177	301	301	332	631	133	257	297	257	905	495	0	1081	333	443	142	90	956	464	472	210	1205	515	1247	230	264	397	1584	349	2119	198	305	317	174	1247	398	403	325	512	177	1727	168	859	1672	177	242	487	515	451	489	945	1992	1198	1330	402	163	407	1463	518	361	211	1409	257	214	255	2606	246	322	366	1379	1162	250	671	1908	609	268	236	1746	1321	305	1020	200	766	684	1031	126	334	306	852	402	499	155	1526	979	278	489	1363	741	206	916	101	1777	507	963	264	1759	586	240	2704	239	919	494	1062	347	1153	518	38	518	948	2716	55	1031	813	354	268	257	1146	713	178	269	90	134	1068	394	1507	873	523	168	2319	278	398	2048	154	592	251	1020	225	1032	412	960	1025	112	281	188	1220	335	701	1771	497	904	88	502	255	228	866	2259	104	189	1445	329	395	172	939	301	628	705	284	180	402	278	1162	219	148	504	1534	191	1053	265	280	246	294	329	1692	493	377	1649	528	291	483	1099	264	246	1182	469	257	219	250	308	1086	333	225	3532	1073	867	333	794	805	99	1668	263	173	995	403	512	1502	263	977	200	448	366	405	495	444	111	288	405	1077	869
1142	952	1497	561	980	1118	1073	1124	1124	1333	839	1152	1006	1062	1006	781	973	1081	0	1315	1038	1212	1152	222	624	1081	1262	2191	1024	833	1270	1220	910	1384	738	1107	937	1063	837	1063	833	922	1302	1319	929	1073	893	1242	861	746	1069	891	946	1024	998	791	1982	3047	483	1291	920	1240	682	979	1599	1365	1255	2413	1006	1258	1159	1580	977	1314	1368	1755	810	1171	1127	976	643	1333	1191	1742	848	1053	2071	1230	1802	1750	1295	1154	1150	1070	1154	910	749	957	651	300	1147	616	1696	1655	1264	1177	1120	2710	583	204	1219	2687	568	1294	1866	1180	182	610	24	1352	1326	1224	1117	1599	1978	1855	1127	116	1820	821	1333	1006	558	463	1018	1216	1150	1156	71	1463	2586	208	571	1242	1323	1147	906	980	1217	550	1206	819	1165	65	683	212	2090	1151	1164	1240	1443	945	1776	1470	1220	230	1119	589	1168	1298	1361	1882	1185	920	1025	1316	906	942	250	1149	525	1779	1165	1158	920	1147	810	1261	955	1031	608	1252	2124	1221	1231	977	1175	1172	688	606	972	712	1240	1069	973	2113	1328	977	1313	623	1006	1169	1171	1382	383	1338	1270	2942	1249	354	1315	1199	340	1123	708	1224	1030	162	1305	1593	686	947	714	1230	1032	1437	1478	1483	1341	1192	802	683	1236	1943
413	1535	418	754	2245	246	245	210	210	499	965	402	585	269	585	1237	823	333	1315	0	378	216	347	1227	696	371	377	894	838	1576	404	95	443	1915	589	2276	529	272	478	255	1576	435	112	17	504	245	2034	212	1193	1963	249	570	818	838	777	820	920	1887	1324	1657	438	222	639	1793	419	513	391	1108	585	392	534	2879	578	16	516	1651	1492	521	983	2036	930	366	125	2062	1649	281	962	408	487	629	1342	392	623	265	1170	445	606	484	1823	1266	565	698	1645	871	160	1234	239	1454	734	1232	95	1435	888	381	3020	135	1139	705	1300	503	1468	797	324	419	934	3028	333	1287	509	681	366	585	1460	1009	508	99	348	400	1316	222	1351	1112	745	212	2601	565	446	2245	198	890	109	1352	498	1276	636	1230	786	379	159	371	1527	668	616	2103	294	1171	248	729	529	336	1150	2591	280	514	1776	7	445	500	1215	184	927	621	159	452	438	565	1492	397	474	825	1680	171	947	94	84	578	153	609	1966	709	707	1792	313	261	454	802	363	578	1501	694	585	488	521	207	1232	497	129	3865	1392	1157	0	1102	999	239	1818	91	501	1258	110	396	1617	596	1306	408	770	216	248	615	136	282	588	639	1397	655
578	1482	759	511	1913	375	270	181	181	755	950	574	659	150	659	1179	872	443	1038	378	0	448	522	1002	484	48	621	1165	907	1482	647	310	138	1908	424	1921	550	143	277	271	1482	126	307	391	130	270	1846	471	1165	1745	269	563	856	907	840	787	1283	2265	965	1679	126	478	443	1696	789	780	629	1391	659	630	698	2618	634	387	784	1807	1406	693	1074	1670	835	650	302	2122	1545	140	1334	628	828	995	1427	566	772	145	1241	136	288	511	1618	1063	719	459	1785	1164	447	1301	368	1672	508	1002	310	1649	751	641	2843	287	855	465	1026	766	1538	954	469	789	1294	2843	487	1036	819	649	650	659	1308	846	587	301	522	575	1054	596	1726	852	509	471	2357	719	142	1914	438	744	306	1291	668	1011	432	1003	1141	551	234	603	1619	708	988	2076	182	943	381	502	698	608	1292	2559	485	516	1696	383	143	519	998	202	777	993	232	624	126	719	1406	637	497	899	1325	446	1325	310	309	634	233	770	1719	475	761	1434	203	158	78	1104	646	634	1561	474	659	663	693	556	886	755	428	3784	1453	968	378	1200	700	373	1463	315	588	1018	311	769	1250	634	1219	628	849	584	620	907	334	493	511	448	1454	1024
197	1333	327	659	2171	99	191	273	273	314	761	185	375	300	375	1039	611	142	1212	216	448	0	131	1094	589	464	180	1065	623	1384	208	179	446	1703	474	2231	337	306	409	196	1384	444	309	204	546	191	1869	30	988	1813	194	383	607	623	564	626	858	1886	1297	1443	447	32	531	1599	397	336	192	1267	375	193	319	2746	372	201	340	1443	1298	307	767	2011	751	201	164	1845	1458	310	922	202	624	581	1125	175	407	304	954	451	579	296	1668	1120	349	607	1434	717	65	1018	100	1639	631	1101	179	1621	728	195	2846	175	1045	613	1193	323	1252	584	119	397	865	2858	122	1166	673	494	201	375	1288	854	301	187	132	184	1202	254	1385	1004	646	30	2461	349	449	2172	17	734	172	1154	282	1165	533	1099	885	163	232	168	1311	461	590	1894	448	1041	96	626	314	160	938	2381	64	331	1578	210	446	314	1079	261	770	594	235	237	447	349	1298	199	290	610	1641	51	941	180	192	372	240	394	1832	614	496	1756	475	290	506	957	197	372	1285	592	375	274	307	170	1191	313	91	3661	1176	1008	215	886	923	96	1777	176	293	1132	308	386	1599	394	1115	202	555	227	267	459	344	66	429	529	1181	732
67	1207	346	618	2124	148	251	365	365	242	637	57	247	373	247	917	481	90	1152	347	522	131	0	1016	543	547	121	1183	491	1264	140	299	485	1573	429	2201	232	380	407	251	1264	486	435	335	598	251	1766	143	862	1720	252	281	478	491	433	510	859	1910	1285	1311	489	134	488	1479	450	271	121	1379	247	123	193	2660	249	333	275	1322	1178	183	636	1994	644	184	277	1714	1340	381	935	110	733	602	995	47	280	380	822	490	589	199	1572	1033	221	572	1310	652	194	886	156	1760	586	1025	299	1743	636	151	2735	284	994	576	1132	256	1121	460	55	450	861	2749	36	1096	791	386	184	247	1182	764	178	306	1	57	1135	353	1433	944	603	143	2370	221	487	2124	149	645	289	1031	158	1101	494	1021	974	33	335	98	1181	335	624	1764	556	966	143	582	190	146	813	2251	67	237	1455	341	484	216	998	360	680	627	338	110	489	221	1178	129	198	479	1618	180	975	300	314	249	347	269	1748	575	367	1734	585	365	567	1069	179	249	1153	550	247	150	183	264	1172	243	222	3534	1044	920	347	756	886	152	1752	297	168	1059	434	447	1590	273	997	110	424	324	359	404	473	67	350	485	1049	814
995	750	1354	492	1164	1007	981	1054	1054	1173	627	1007	839	995	839	559	774	956	222	1227	1002	1094	1016	0	535	1049	1118	2119	824	649	1121	1132	866	1193	637	1315	789	997	762	971	649	878	1233	1228	912	981	848	1123	639	744	977	740	749	824	804	599	1816	2881	673	1081	878	1119	590	821	1466	1203	1108	2335	839	1111	994	1654	814	1224	1207	1533	613	1008	915	1197	443	1190	1102	1537	678	988	1909	1081	1706	1600	1073	1010	974	1004	933	867	723	816	615	94	978	547	1474	1468	1152	955	1011	2659	502	17	1132	2638	391	1149	1843	1092	250	540	198	1192	1105	1029	988	1466	1809	1841	996	109	1736	654	1190	839	386	269	864	1130	1014	1012	162	1348	2442	184	497	1123	1374	978	862	1164	1103	377	1118	605	1005	158	595	9	1980	1009	1087	1096	1222	769	1632	1296	1181	59	1008	508	1003	1159	1144	1732	1058	779	855	1227	861	800	28	1077	346	1634	1089	1004	878	978	613	1113	817	832	830	1139	1974	1134	1145	814	1099	997	739	532	788	934	1205	1000	949	2030	1186	814	1093	540	839	1010	1008	1263	555	1178	1163	2851	1027	134	1227	982	375	1014	929	1136	876	61	1235	1463	902	783	498	1081	838	1321	1361	1314	1274	1064	667	589	1015	1825
547	1026	889	76	1584	493	451	518	518	754	557	555	466	460	466	729	566	464	624	696	484	589	543	535	0	533	661	1584	616	1007	673	601	346	1467	115	1658	362	462	227	441	1007	358	697	698	423	451	1368	620	739	1278	447	328	540	616	560	407	1398	2453	761	1264	358	618	58	1218	982	786	657	1802	466	659	600	2183	433	694	791	1517	935	608	776	1459	386	727	571	1725	1066	453	1478	635	1180	1146	1083	555	624	469	899	348	247	365	1144	585	599	53	1479	1128	639	950	496	2124	42	538	600	2103	282	692	2363	560	456	53	607	772	1172	760	502	982	1398	2365	515	590	1205	323	727	466	823	362	446	597	542	559	620	838	1971	418	60	620	1908	599	342	1584	594	270	587	835	594	581	60	538	1466	548	552	637	1271	447	1166	1622	655	477	495	38	607	689	1025	2098	568	334	1224	696	341	354	527	541	299	1169	554	574	358	599	935	663	359	615	1079	627	1517	602	613	433	564	638	1271	43	496	1195	682	464	446	1498	723	433	1183	16	466	595	608	759	640	758	646	3304	1084	486	696	891	343	499	1211	604	456	562	699	974	1065	409	752	635	585	813	854	916	738	575	222	59	1080	1318
606	1530	766	559	1947	399	296	191	191	776	995	601	697	175	697	1226	914	472	1081	371	48	464	547	1049	533	0	641	1128	947	1530	668	313	187	1954	472	1949	590	167	325	298	1530	175	288	385	161	296	1894	485	1212	1791	295	606	898	947	881	832	1285	2255	993	1724	174	492	492	1745	787	799	650	1355	697	651	728	2662	673	382	803	1843	1455	722	1114	1694	883	665	310	2165	1593	167	1332	651	803	996	1468	592	804	167	1282	185	332	550	1665	1111	750	507	1823	1182	456	1343	391	1629	556	1049	312	1606	800	659	2890	295	899	513	1070	786	1580	987	495	787	1297	2890	514	1081	789	693	665	697	1356	895	623	303	547	602	1099	592	1710	897	557	485	2402	750	190	1948	452	793	311	1339	697	1056	480	1050	1118	578	239	624	1660	748	986	2123	141	990	404	551	728	625	1329	2606	506	557	1745	377	192	558	1046	208	825	991	237	652	174	750	1455	657	536	939	1354	456	1317	312	309	673	236	801	1764	523	801	1462	159	182	110	1071	661	673	1604	523	697	691	722	559	919	775	435	3833	1496	1017	371	1239	742	396	1492	318	623	1064	292	766	1274	674	1268	651	888	582	617	924	310	513	557	496	1497	1006
122	1248	236	736	2237	247	352	451	451	135	686	110	304	470	304	969	512	210	1262	377	621	180	121	1118	661	641	0	1139	510	1319	28	358	598	1590	548	2320	328	477	527	354	1319	598	481	361	708	352	1843	169	904	1807	354	377	516	510	462	579	738	1792	1406	1320	601	160	607	1530	354	159	16	1324	304	15	184	2753	317	360	163	1275	1232	167	633	2114	725	72	345	1703	1397	480	817	44	682	488	983	108	268	476	821	603	709	305	1657	1129	216	691	1270	543	218	885	253	1722	704	1127	358	1706	731	31	2802	356	1109	696	1242	145	1113	427	173	354	740	2818	155	1202	752	472	72	304	1258	859	256	367	121	106	1243	305	1325	1055	721	169	2460	216	600	2238	196	742	352	1080	150	1210	613	1123	895	112	412	23	1162	393	514	1786	628	1070	241	699	176	55	778	2271	135	342	1501	369	597	320	1098	441	776	517	415	123	601	216	1232	20	307	496	1738	209	862	359	370	317	421	248	1843	694	410	1854	655	462	672	1017	68	317	1150	668	304	141	167	225	1292	134	248	3565	1042	1015	376	744	1004	248	1871	354	244	1163	479	357	1711	347	1057	44	443	277	303	289	512	128	459	603	1049	731
1235	2386	971	1636	3074	1131	1138	1068	1068	1190	1818	1221	1428	1129	1428	2100	1651	1205	2191	894	1165	1065	1183	2119	1584	1128	1139	0	1649	2447	1154	987	1282	2722	1482	3061	1403	1128	1359	1149	2447	1271	888	896	1289	1138	2927	1043	2041	2857	1142	1448	1653	1649	1600	1691	1059	1509	2111	2447	1273	1051	1528	2662	842	1180	1154	227	1428	1153	1322	3766	1432	900	1180	2275	2361	1306	1758	2791	1815	1079	1018	2794	2523	1137	1003	1183	457	910	2087	1213	1403	1121	1945	1283	1448	1361	2717	2160	1354	1580	2293	1344	1000	2006	1125	584	1620	2122	988	570	1781	1120	3910	1027	2010	1586	2177	1179	2221	1533	1184	842	1090	3920	1185	2172	392	1559	1079	1428	2350	1904	1361	989	1184	1218	2198	835	936	1993	1628	1043	3493	1354	1286	3075	1051	1784	1002	2213	1289	2157	1524	2121	415	1206	1031	1149	2249	1518	848	2921	987	2061	1132	1614	1314	1083	1847	3403	1120	1395	2637	895	1286	1378	2108	1044	1821	852	1030	1257	1273	1354	2361	1155	1354	1635	2471	1014	869	986	974	1432	1020	1380	2856	1592	1544	2574	974	1123	1238	143	1080	1432	2262	1580	1428	1280	1306	921	2045	1184	980	4703	2158	2051	894	1857	1860	1124	2608	984	1351	2146	886	823	2374	1456	2179	1183	1582	864	835	1188	849	1117	1480	1529	2168	529
428	744	701	680	1988	607	677	805	805	476	221	441	258	784	258	486	53	515	1024	838	907	623	491	824	616	947	510	1649	0	832	494	778	808	1083	564	2132	357	791	666	671	832	816	917	827	927	677	1401	634	406	1400	676	347	81	0	66	239	1045	2096	1333	819	819	625	597	1036	834	496	494	1829	258	495	326	2354	276	824	497	914	745	343	168	1982	382	570	751	1231	912	788	1148	466	1191	891	521	450	247	794	338	813	817	398	1246	795	294	669	884	656	686	401	616	2232	644	839	778	2216	466	529	2324	754	927	669	1000	491	639	209	515	834	1032	2346	505	929	1262	296	570	258	829	561	337	783	490	443	980	816	1715	847	663	634	2051	294	808	1988	640	487	766	588	360	961	612	832	1381	461	794	501	713	200	940	1277	1002	797	603	644	334	565	409	1762	559	391	1000	832	805	389	797	810	504	940	797	396	819	294	745	493	412	14	1600	672	1242	779	794	276	807	272	1471	660	146	1714	1033	780	919	1525	568	276	667	632	258	369	343	733	1204	482	714	3055	558	693	837	293	894	614	1718	777	341	882	917	845	1625	273	587	466	68	787	814	561	957	558	429	590	562	1215
1213	171	1529	1007	1514	1329	1354	1464	1464	1306	633	1227	1020	1418	1020	349	814	1247	833	1576	1482	1384	1264	649	1007	1530	1319	2447	832	0	1308	1494	1346	551	1059	1753	1048	1423	1206	1345	0	1358	1623	1570	1430	1354	615	1404	427	689	1351	1006	805	832	864	757	1854	2870	1314	511	1359	1396	1040	217	1661	1328	1304	2641	1020	1306	1142	1599	1015	1567	1329	1096	87	1159	795	1721	654	1386	1463	923	80	1415	1960	1274	1996	1723	705	1235	1075	1429	677	1349	1249	1092	551	554	1112	1046	1023	1433	1449	652	1337	3023	995	664	1493	3005	730	1343	1492	1459	898	1040	815	1322	659	1014	1265	1661	1836	1514	1262	723	2055	895	1386	1020	276	650	1086	1495	1262	1231	762	1615	2535	823	1002	1404	1289	1112	1343	1514	1398	739	1479	244	1170	784	1053	657	2209	1242	1478	1305	767	930	1772	648	1637	688	1328	1000	1151	1373	909	1101	1327	1062	218	1573	1341	1076	629	1480	708	1772	1480	1196	1359	1112	87	1305	1102	846	1399	1435	2066	1495	1509	1015	1491	1100	826	1029	908	1484	1667	1419	1452	2332	1384	1015	623	1020	1020	1179	1159	1527	1202	1312	1472	2303	617	581	1576	773	1004	1337	1464	1495	1095	691	1625	1670	1507	991	270	1274	890	1585	1618	1390	1667	1329	1001	1035	599	2043
127	1234	235	749	2246	272	378	479	479	108	675	118	298	497	298	958	498	230	1270	404	647	208	140	1121	673	668	28	1154	494	1308	0	386	621	1571	561	2332	333	504	547	379	1308	622	509	389	732	378	1838	197	891	1805	380	381	504	494	448	573	724	1781	1422	1300	625	188	620	1519	358	133	19	1337	298	16	168	2752	314	388	138	1248	1221	151	612	2129	723	78	373	1680	1386	507	805	39	697	480	960	118	249	503	800	627	730	313	1654	1130	199	705	1243	517	246	864	279	1738	716	1131	386	1723	733	34	2793	384	1118	710	1249	119	1091	403	194	358	725	2810	175	1207	769	471	78	298	1253	861	257	395	140	114	1248	324	1320	1063	734	197	2458	199	624	2247	224	744	380	1068	137	1216	627	1127	903	125	440	44	1139	386	510	1768	656	1074	267	712	159	75	752	2252	162	349	1488	397	621	327	1101	468	778	512	443	119	625	199	1221	10	316	480	1752	237	855	387	398	314	449	228	1844	707	400	1868	684	488	698	1031	75	314	1128	681	298	129	151	246	1308	107	276	3549	1020	1016	404	722	1017	274	1884	383	245	1167	507	363	1727	344	1047	39	428	297	320	265	540	154	468	616	1028	738
366	1459	453	659	2152	172	151	130	130	490	891	357	521	183	521	1159	759	264	1220	95	310	179	299	1132	601	313	358	987	778	1494	386	0	356	1848	495	2187	453	186	382	161	1494	349	138	99	429	151	1943	189	1119	1869	155	490	752	778	716	742	973	1962	1237	1594	352	198	544	1711	479	509	370	1202	521	371	492	2784	510	95	513	1620	1411	481	931	1950	844	366	31	2008	1566	195	1024	381	582	685	1291	347	579	181	1115	359	516	407	1730	1172	521	603	1610	883	148	1178	163	1543	639	1137	0	1523	798	370	2930	40	1044	609	1204	497	1415	760	264	479	985	2938	277	1191	604	600	366	521	1371	918	442	9	300	356	1221	288	1434	1017	649	189	2507	521	360	2152	162	799	14	1274	457	1181	541	1136	878	332	76	347	1479	599	679	2033	271	1076	175	633	489	329	1113	2521	238	433	1697	96	358	422	1121	107	836	683	77	410	352	521	1411	377	396	767	1591	153	1019	1	15	510	77	568	1871	614	642	1704	297	174	381	897	362	510	1445	599	521	448	481	246	1143	488	124	3788	1336	1064	95	1052	905	165	1729	5	437	1163	138	459	1532	525	1224	381	711	275	312	625	179	243	500	544	1340	744
530	1351	772	373	1809	354	254	232	232	727	830	529	573	173	573	1049	769	397	910	443	138	446	485	866	346	187	598	1282	808	1346	621	356	0	1781	291	1833	457	170	149	249	1346	12	401	452	120	254	1709	474	1040	1609	251	461	750	808	742	667	1303	2314	881	1558	12	478	306	1560	824	755	602	1506	573	605	639	2490	545	447	759	1719	1272	637	977	1594	703	641	337	2007	1408	161	1363	596	920	1022	1322	523	703	177	1135	5	167	424	1481	925	655	321	1693	1137	464	1194	350	1801	370	866	355	1779	615	623	2705	321	729	327	898	740	1429	879	430	824	1311	2705	449	903	923	534	641	573	1169	708	509	348	485	531	923	642	1790	720	371	474	2226	655	4	1809	440	607	346	1160	614	881	294	867	1226	509	284	577	1515	609	1023	1946	315	806	359	364	641	598	1206	2427	465	421	1561	446	4	428	861	259	640	1028	283	573	12	655	1272	610	410	802	1237	459	1369	356	361	545	289	705	1587	336	663	1349	339	182	112	1212	636	545	1449	335	573	610	637	585	790	728	454	3647	1343	830	443	1102	577	354	1375	361	512	883	404	807	1176	539	1085	596	755	624	664	887	436	473	393	311	1342	1098
1510	453	1755	1485	1997	1676	1727	1850	1850	1532	963	1523	1329	1815	1329	737	1092	1584	1384	1915	1908	1703	1573	1193	1467	1954	1590	2722	1083	551	1571	1848	1781	0	1490	2260	1398	1821	1633	1719	551	1792	1985	1905	1881	1727	948	1716	742	1104	1725	1368	1097	1083	1139	1124	1940	2852	1863	281	1794	1707	1487	466	1887	1544	1574	2891	1329	1575	1406	1857	1337	1903	1544	820	580	1422	963	2255	1082	1644	1819	401	550	1815	2048	1546	2264	1889	665	1533	1322	1826	779	1785	1715	1444	1006	1099	1374	1514	745	1510	1767	719	1684	3306	1465	1209	1847	3292	1186	1605	1498	1819	1439	1510	1366	1543	538	1192	1591	1887	1915	1545	1583	1273	2341	1266	1644	1329	827	1141	1407	1852	1571	1526	1313	1896	2621	1360	1476	1716	1562	1374	1779	1997	1720	1201	1834	635	1441	1334	1502	1201	2420	1544	1851	1582	574	1249	1947	207	2040	1227	1672	1469	1414	1645	927	681	1640	1423	392	1910	1776	1430	1171	1861	1178	1946	1853	1479	1794	1374	580	1572	1456	1096	1946	1753	2179	1849	1864	1337	1864	1343	1273	1498	1208	2026	2071	1814	1893	2593	1643	1337	489	1483	1329	1451	1422	1814	1749	1538	1794	1989	577	1109	1915	871	1530	1683	2004	1848	1413	1239	1986	1903	2058	1322	731	1546	1150	1868	1892	1561	2028	1640	1398	1481	564	2255
437	1060	774	189	1699	379	344	425	425	646	547	444	378	370	378	757	517	349	738	589	424	474	429	637	115	472	548	1482	564	1059	561	495	291	1490	0	1772	265	374	147	334	1059	302	600	590	393	344	1456	504	750	1375	340	240	494	564	502	386	1286	2339	864	1272	304	503	58	1274	866	678	544	1698	378	547	500	2290	345	586	682	1476	982	506	730	1568	411	614	464	1725	1123	365	1365	524	1071	1032	1058	443	533	380	871	295	253	260	1238	679	502	144	1443	1030	525	926	382	2029	158	642	494	2009	329	579	2449	455	571	148	720	664	1156	683	386	866	1287	2453	400	699	1099	269	614	378	897	435	345	492	428	448	731	724	1855	531	174	504	2012	502	289	1700	479	324	480	868	490	693	65	640	1353	436	453	525	1249	377	1051	1654	581	581	381	153	506	575	973	2136	452	232	1273	589	286	251	626	445	359	1054	454	466	304	502	982	551	252	560	1190	513	1402	496	508	345	465	545	1376	145	430	1306	609	373	402	1392	609	345	1173	120	378	491	506	644	747	650	533	3362	1069	573	590	850	457	385	1323	498	354	668	602	858	1169	325	795	524	523	699	740	809	642	460	137	55	1067	1204
2205	1914	2545	1583	311	2132	2060	2066	2066	2409	1943	2214	2094	2006	2094	1839	2080	2119	1107	2276	1921	2231	2201	1315	1658	1949	2320	3061	2132	1753	2332	2187	1833	2260	1772	0	2010	2004	1823	2052	1753	1841	2227	2284	1791	2060	1387	2262	1932	1191	2056	1968	2053	2132	2104	1897	3056	4111	955	2264	1838	2263	1713	1794	2629	2441	2315	3288	2094	2318	2243	1265	2064	2280	2445	2808	1772	2254	2231	303	1750	2386	2164	2658	1725	1995	3137	2294	2748	2803	2360	2214	2245	2010	2239	1830	1671	2021	1258	1367	2235	1630	2742	2755	2271	2253	2132	3493	1616	1299	2186	3467	1671	2351	1953	2150	1223	1625	1131	2427	2365	2330	2157	2629	3055	1903	2172	1206	2739	1913	2386	2094	1509	1571	2094	2180	2200	2218	1155	2464	3614	1293	1598	2262	1219	2235	1829	312	2233	1652	2176	1843	2244	1171	1707	1306	3059	2207	2117	2296	2482	2042	2819	2264	2085	1336	2135	1620	2251	2347	2458	2534	2220	1987	1868	2279	1830	2008	1344	2092	1631	2823	2117	2229	1838	2235	1772	2322	2016	2139	596	2261	3172	2187	2193	2064	2123	2265	1012	1626	2073	487	2093	2015	1843	3017	2381	2064	2341	1651	2094	2246	2254	2395	1044	2413	2269	3218	2298	1450	2276	2295	1315	2136	458	2191	2105	1255	2230	2617	690	2035	1748	2294	2137	2443	2484	2567	2255	2228	1869	1716	2283	2931
206	1006	565	439	1915	283	330	455	455	399	438	218	119	429	119	708	324	198	937	529	550	337	232	789	362	590	328	1403	357	1048	333	453	457	1398	265	2010	0	436	324	322	1048	464	588	522	577	330	1535	360	666	1487	328	49	311	357	290	291	1048	2111	1124	1151	467	354	317	1265	678	431	320	1604	119	322	238	2429	88	519	435	1261	963	245	524	1819	414	401	422	1581	1122	432	1134	293	960	814	877	221	269	439	693	462	495	46	1339	802	237	404	1237	766	403	754	291	1975	402	798	452	1957	404	360	2508	421	790	407	916	418	992	430	219	678	1046	2521	220	873	1010	156	401	119	952	533	84	455	230	222	915	582	1654	731	422	360	2138	237	457	1916	351	414	438	823	233	883	329	795	1207	221	452	307	1070	158	843	1581	651	741	280	399	245	371	748	2069	286	36	1247	525	454	32	770	463	449	845	455	220	467	237	963	325	58	349	1438	388	1188	454	468	88	466	280	1517	402	210	1554	682	426	565	1295	397	88	1017	373	119	236	245	494	1002	403	424	3336	909	688	529	649	701	290	1568	453	94	834	589	678	1428	84	779	293	299	553	590	557	631	290	142	312	910	1047
