NAME : VRPTW_INSTANCE_12.txt
COMMENT : Bangkok Supermarket
TYPE : VRPTW
DIMENSION : 275
DAYS : Thursday
EDGE_WEIGHT_TYPE : EXPLICIT
VEHICLES : 37
EDGE_WEIGHT_FORMAT : FULL_MATRIX
CAPACITY : 1000
EDGE_WEIGHT_SECTION
0	648	428	97	1190	245	170	2678	127	59	1115	1239	19	1083	437	488	582	371	1054	663	1012	693	430	189	402	247	508	521	1190	170	2137	826	415	283	373	101	372	1221	504	373	1521	633	1623	2231	399	21	215	1693	400	288	309	609	721	1680	737	406	23	590	501	623	628	1285	810	112	1028	867	1095	2075	212	1068	438	367	1190	351	1123	367	82	24	624	1144	239	264	133	369	404	584	222	646	243	133	1822	563	1496	227	258	178	364	483	1676	395	88	172	1727	388	121	410	207	944	215	423	434	1010	213	39	94	3847	428	901	582	165	133	165	215	922	101	497	413	2026	306	207	469	815	245	221	30	613	1058	341	256	1036	1727	891	820	1213	296	503	210	474	890	986	248	640	1325	330	485	891	412	772	133	535	199	203	778	347	1035	124	38	382	400	1064	86	265	1368	170	737	202	978	26	388	402	541	759	891	863	568	1221	609	365	223	119	1459	213	1138	1007	1190	120	3583	307	437	624	532	155	400	404	365	590	948	178	1213	1126	127	411	1172	1079	202	754	218	419	441	211	527	213	373	358	503	1933	1154	245	149	910	146	189	112	405	1465	978	399	97	946	394	358	412	996	221	1116	422	1864	255	212	1080	866	385	2006	1058	184	379	199	1062	382	747	88	264	1401	2062	491	217	1872	609	1644	1024	2041	153	607	97	121
648	0	306	740	662	837	812	2031	754	676	564	1888	665	521	792	382	251	410	829	435	1661	1016	783	496	1035	451	431	1056	662	812	1716	647	405	389	872	704	878	743	1007	1006	934	1073	1047	1652	951	668	799	2295	953	716	410	102	707	1034	131	841	670	381	413	927	182	731	636	662	611	1490	540	1525	589	487	787	874	662	834	1766	992	636	663	404	599	833	467	738	1001	453	398	816	1284	837	738	1203	390	848	820	850	547	868	352	1109	417	727	559	1083	1022	749	851	707	375	711	784	1029	757	807	680	649	3235	266	1549	415	549	738	549	819	405	749	993	960	1551	717	451	404	211	837	455	673	789	497	983	841	445	1083	522	269	636	352	997	802	392	244	455	486	98	764	385	983	522	862	1393	738	715	473	710	194	841	1487	524	679	1016	848	1675	639	672	897	812	131	851	743	659	945	952	1040	325	522	681	919	743	102	868	804	763	2096	807	544	1654	662	635	3011	717	798	404	1164	494	953	956	871	381	373	546	636	559	652	842	624	522	613	285	467	1054	280	542	1168	722	1006	1001	392	1469	1767	837	794	289	785	462	662	842	2101	462	437	740	364	952	1001	440	494	455	817	861	2465	404	589	499	305	1025	1589	497	548	268	473	1668	1021	137	727	467	848	1446	403	557	1397	919	1354	1671	1585	797	405	627	762
428	306	0	502	762	660	598	2279	503	474	865	1640	447	656	730	455	154	105	709	275	1411	988	720	353	830	342	507	758	762	598	2000	485	103	148	748	451	751	1030	888	801	1095	767	1353	1958	803	443	625	2121	805	607	346	334	807	1315	433	745	445	519	488	901	404	857	470	487	613	1295	842	1648	303	792	726	746	762	714	1542	795	386	449	554	899	656	378	548	797	150	527	545	1071	659	548	1504	509	1117	548	674	409	741	427	1248	112	488	419	1325	816	500	754	564	676	570	718	856	649	537	466	468	3420	50	1312	539	404	548	404	635	693	518	877	815	1846	617	224	461	409	661	322	458	810	799	767	564	750	1325	762	561	786	183	883	531	454	514	749	387	358	897	100	866	762	761	1200	548	725	327	564	369	716	1410	316	465	810	747	1492	388	564	949	598	433	615	623	429	794	805	925	331	762	524	870	1030	334	742	632	523	1821	537	715	1422	762	373	3155	617	733	554	960	305	805	808	743	519	525	408	786	700	387	748	744	824	328	544	338	790	25	424	908	577	801	748	474	1761	1582	661	575	594	575	248	487	746	1826	752	133	502	667	800	748	138	781	322	741	765	2292	269	303	804	444	768	1871	799	414	178	327	1378	763	354	488	378	973	1639	474	443	1691	890	1289	1416	1876	556	546	449	520
97	740	502	0	1259	227	114	2767	41	111	1213	1149	86	1157	480	583	655	431	1085	715	921	723	474	286	337	344	601	438	1259	114	2229	860	473	363	381	65	378	1318	498	308	1596	567	1721	2329	382	76	210	1628	383	335	406	705	799	1773	833	431	74	685	595	660	726	1357	845	172	1086	799	1193	2141	239	1166	482	373	1259	369	1041	310	116	93	719	1242	221	360	141	306	453	679	140	570	224	141	1919	658	1587	145	238	269	372	580	1747	452	14	262	1814	322	36	434	249	1041	257	467	392	1046	132	84	162	3922	509	813	677	257	141	257	194	1020	26	493	398	2121	354	291	564	899	228	319	85	673	1155	268	173	1134	1814	987	918	1288	387	500	131	569	980	1084	342	736	1398	401	482	987	433	706	141	601	297	244	861	361	1022	217	85	317	422	1000	115	323	1426	114	833	114	1013	81	370	385	534	828	987	896	599	1318	705	373	218	23	1363	132	1216	922	1259	140	3650	356	479	719	463	251	383	386	372	685	1026	269	1288	1201	134	437	1244	1177	220	852	316	321	517	301	430	250	308	262	598	2028	1088	228	89	1006	104	277	172	431	1368	1076	451	0	1043	375	262	463	1093	319	1155	444	1799	352	239	1178	945	288	2098	1155	274	472	297	965	285	834	14	360	1471	2141	586	303	1967	647	1672	931	2135	57	702	176	24
1190	662	762	1259	0	1422	1360	1629	1255	1237	914	2370	1209	148	1441	1044	609	829	538	568	2142	1676	1431	1097	1592	1067	1094	1409	0	1360	2010	567	789	910	1495	1203	1499	1131	1634	1563	357	1336	1180	1682	1559	1205	1386	2884	1561	1344	1044	762	1359	866	700	1478	1207	1037	1076	1587	830	107	573	1246	238	2057	895	886	1035	820	1437	1494	0	1458	2293	1558	1143	1212	1053	942	1417	1094	1311	1560	818	1054	1277	1830	1421	1311	1173	1049	663	1279	1436	1153	1489	1014	488	810	1245	1164	722	1578	1253	1488	1315	799	1320	1432	1618	481	1270	1229	1228	2669	769	2055	1072	1151	1311	1151	1397	883	1277	1622	1570	1790	1349	986	1067	452	1422	1059	1220	1452	862	1527	1288	781	722	1079	791	127	923	1627	1264	1054	506	888	1110	748	150	860	1611	1079	1496	1963	1311	1377	1070	1316	468	1463	2138	1078	1228	1572	1482	2255	1143	1299	252	1360	700	1372	503	1190	1551	1561	1670	431	1079	563	1573	1131	762	1489	1393	1280	2504	1270	190	2168	0	1123	2392	1349	1446	1053	1721	1063	1561	1564	1491	1037	291	1152	127	127	1134	1480	56	881	1060	871	1074	1521	751	1159	1638	1329	1563	1489	1055	1733	2345	1422	1337	672	1337	1010	1246	1478	2510	911	815	1259	773	1557	1489	805	945	1059	434	1498	3055	1002	1035	823	358	1506	1901	862	1156	866	1070	2030	1499	525	1245	1094	212	912	1066	1177	1655	1578	810	2140	1847	1311	1057	1208	1275
245	837	660	227	1422	0	124	2863	262	189	1229	1086	227	1307	304	576	813	614	1298	906	869	514	301	340	209	387	572	603	1422	124	2157	1070	659	512	163	290	158	1298	270	184	1744	760	1731	2331	156	238	38	1466	157	197	438	777	686	1846	903	231	236	671	573	463	772	1513	1055	177	1269	653	1212	2308	451	1199	308	154	1422	163	937	162	317	220	697	1254	5	380	113	177	649	659	339	456	3	113	1954	641	1674	343	13	290	154	584	1904	639	237	279	1919	199	259	229	143	1077	144	293	196	1255	335	206	194	4064	653	740	651	287	113	287	32	1037	201	266	171	2073	213	436	550	1024	0	382	215	519	1180	187	367	1173	1919	958	958	1435	503	273	337	559	1080	1101	359	807	1552	568	255	958	225	556	113	464	365	138	990	151	797	344	206	195	218	841	320	218	1608	124	903	192	1223	256	145	159	306	991	958	1107	396	1298	777	155	33	221	1352	335	1355	836	1422	352	3813	215	301	697	332	359	157	161	153	671	1167	291	1435	1350	352	236	1400	1198	437	876	369	386	670	302	453	130	184	314	585	1977	932	0	144	1069	123	412	177	230	1357	1088	643	227	1084	150	314	657	1099	382	1361	238	1637	434	451	1210	1086	343	2026	1180	290	574	365	1016	346	952	237	380	1630	2276	569	290	1923	450	1888	891	2078	217	680	214	231
170	812	598	114	1360	124	0	2843	142	136	1251	1079	151	1253	413	604	752	536	1199	824	854	637	408	327	232	383	612	486	1360	0	2226	974	579	453	287	179	282	1339	392	203	1692	638	1758	2363	272	155	121	1524	273	282	441	765	770	1839	894	349	152	705	609	582	775	1455	958	168	1193	697	1232	2243	352	1212	415	278	1360	282	955	200	223	150	735	1279	119	387	95	200	562	695	215	476	121	95	1968	676	1659	219	132	291	277	607	1846	558	126	281	1893	218	140	349	203	1088	208	400	278	1159	211	133	173	4017	599	737	690	283	95	283	93	1058	89	388	289	2130	301	377	582	984	125	366	141	621	1197	172	243	1183	1893	1002	966	1383	463	395	213	589	1055	1122	368	796	1495	499	377	1002	346	603	95	557	345	196	948	272	911	291	134	212	337	895	223	285	1533	0	894	76	1127	169	261	276	427	928	1002	1009	517	1339	765	279	127	102	1317	211	1308	842	1360	252	3752	302	410	735	362	318	273	277	277	705	1118	292	1383	1297	247	354	1342	1218	333	892	358	300	611	315	391	197	203	230	617	2036	985	125	24	1065	27	358	168	348	1322	1111	559	114	1092	265	230	572	1126	366	1268	359	1695	410	352	1224	1037	259	2095	1197	294	543	345	948	260	916	126	387	1570	2232	602	310	1978	569	1786	869	2140	92	718	194	111
2678	2031	2279	2767	1629	2863	2843	0	2776	2708	1734	3916	2696	1666	2752	2321	2137	2373	2128	2170	3687	2901	2744	2525	3065	2475	2347	3010	1629	2843	1948	2197	2343	2405	2873	2725	2881	1807	2995	3036	1281	2957	1389	1199	2963	2697	2825	4295	2965	2718	2426	2086	2467	1038	1961	2823	2700	2250	2338	2825	2098	1523	2203	2691	1867	3514	1740	1128	2582	1720	2746	2877	1629	2834	3797	3022	2657	2694	2240	1724	2860	2484	2768	3031	2383	2268	2825	3315	2863	2768	1094	2277	1190	2828	2876	2572	2871	2303	1233	2363	2753	2584	954	3052	2772	2834	2727	1824	2729	2749	3050	2090	2816	2711	2679	1416	2262	3579	2283	2577	2768	2577	2848	1891	2777	2980	2968	1714	2714	2475	2349	1870	2864	2484	2704	2652	1755	3015	2844	1729	954	2062	1927	1543	2381	2982	2811	2338	1787	1838	2504	2056	1481	2379	2972	2062	2846	3418	2768	2612	2502	2730	1910	2843	3391	2554	2710	3047	2834	3691	2659	2677	1633	2843	1961	2879	2117	2687	2958	2962	3022	1992	2062	2191	2846	1807	2086	2870	2830	2789	4097	2816	1586	3685	1629	2649	1486	2714	2759	2240	3193	2525	2965	2967	2874	2250	1766	2571	1543	1625	2665	2823	1614	1746	2608	2022	2495	3070	2259	2562	3187	2742	3036	3024	2320	1746	3782	2864	2825	1800	2817	2489	2691	2825	4102	1860	2375	2767	1809	2964	3024	2370	1867	2484	2010	2842	4462	2434	2582	1710	1843	3046	1933	1755	2572	2300	2502	3637	3041	1933	2753	2484	1446	777	2336	2575	1703	2822	2032	3694	1791	2824	2255	2657	2788
127	754	503	41	1255	262	142	2776	0	150	1238	1140	119	1157	521	615	655	426	1064	705	911	763	515	316	351	373	635	399	1255	142	2264	841	466	370	419	52	416	1348	532	323	1596	525	1746	2355	414	106	248	1638	415	376	435	724	838	1788	851	471	104	717	628	701	748	1354	826	212	1076	808	1218	2134	224	1189	523	411	1255	408	1040	328	118	128	751	1268	256	392	182	322	443	711	99	575	259	182	1939	690	1600	104	272	304	410	610	1743	445	41	297	1822	337	5	473	291	1064	298	508	416	1027	91	121	201	3921	514	808	710	291	182	291	229	1046	64	528	431	2153	396	302	597	906	263	347	122	714	1180	279	133	1155	1822	1018	940	1288	402	535	90	601	992	1109	375	755	1395	402	517	1018	472	716	182	641	325	285	868	400	1053	237	123	331	462	1011	116	364	1416	142	851	119	994	105	403	418	568	826	1018	876	639	1348	724	411	255	40	1344	91	1218	918	1255	132	3644	397	520	751	474	273	415	419	410	717	1029	304	1288	1201	121	477	1242	1202	202	878	344	301	521	336	414	292	323	248	631	2061	1098	263	119	1024	138	292	212	471	1349	1102	442	41	1065	407	248	454	1121	347	1137	484	1809	375	224	1201	948	271	2132	1180	309	488	325	937	267	842	41	392	1467	2143	618	340	1999	687	1649	919	2168	59	735	214	31
59	676	474	111	1237	189	136	2708	150	0	1121	1215	46	1126	384	481	628	425	1112	717	990	637	376	193	361	250	495	549	1237	136	2121	884	469	327	313	143	313	1217	445	332	1564	673	1628	2235	341	63	157	1647	343	235	310	629	688	1703	758	348	61	583	490	568	641	1331	868	62	1080	825	1102	2123	272	1079	384	307	1237	292	1089	323	140	36	615	1149	183	259	76	328	460	575	250	609	187	76	1834	555	1522	255	203	164	305	480	1722	450	109	155	1758	348	145	352	151	954	159	370	382	1067	242	31	51	3888	470	873	572	154	76	154	161	927	99	437	355	2016	253	250	460	852	189	231	35	567	1066	307	284	1049	1758	883	832	1256	329	444	240	466	920	992	240	660	1370	380	426	883	353	729	76	492	210	147	816	287	976	160	29	342	341	1019	144	217	1420	136	758	188	1036	79	330	344	482	806	883	921	511	1217	629	306	165	126	1448	242	1178	977	1237	178	3630	255	383	615	491	183	343	346	306	583	989	165	1256	1170	184	353	1217	1087	262	761	224	416	486	193	517	156	332	350	495	1923	1109	189	120	929	109	228	62	347	1453	982	454	111	958	336	350	468	998	231	1173	363	1818	274	272	1091	908	378	1989	1066	169	408	210	1065	377	782	109	259	1447	2102	482	194	1863	555	1702	1004	2029	153	598	67	132
1115	564	865	1213	914	1229	1251	1734	1238	1121	0	2315	1128	777	1050	653	808	968	1298	974	2097	1171	1043	929	1439	871	661	1589	914	1251	1166	1163	967	916	1195	1196	1203	217	1299	1413	994	1627	507	1116	1292	1137	1193	2585	1294	1051	810	538	733	699	433	1131	1139	560	657	1097	492	917	1155	1083	1003	1847	24	1574	1121	96	1044	1200	914	1156	2156	1391	1131	1122	539	34	1227	863	1160	1407	1015	574	1319	1682	1230	1160	729	590	607	1324	1240	960	1195	646	1180	978	1203	970	893	1428	1233	1142	1085	189	1085	1049	1393	1223	1310	1136	1078	3067	821	1969	585	968	1160	968	1224	193	1213	1283	1294	989	1042	957	679	602	1229	893	1131	923	68	1407	1349	141	893	328	307	813	853	1285	1305	670	467	129	883	510	926	930	1277	328	1154	1754	1160	893	915	1090	630	1168	1659	1002	1135	1424	1144	2004	1136	1017	1161	1251	433	1309	1221	1134	1290	1291	1322	812	328	1190	1126	217	538	1194	1196	1235	2568	1310	725	2063	914	1142	2938	1041	1057	539	1556	964	1294	1296	1197	560	687	959	813	787	1160	1130	858	42	1143	360	898	1534	840	937	1638	1098	1413	1471	644	909	2094	1229	1240	299	1223	957	1083	1133	2574	141	998	1213	201	1296	1471	1003	137	893	1247	1147	2748	863	1121	91	685	1498	1043	68	956	770	915	2176	1496	590	1203	863	1004	1344	660	944	836	1096	1720	2117	1026	1267	556	1057	1237
1239	1888	1640	1149	2370	1086	1079	3916	1140	1215	2315	0	1222	2286	1306	1662	1789	1554	2060	1802	229	1336	1310	1406	876	1460	1656	994	2370	1079	3169	1874	1589	1510	1139	1191	1130	2375	1073	902	2721	1136	2816	3411	1039	1220	1122	794	1037	1268	1516	1845	1707	2918	1973	1215	1217	1756	1659	1356	1852	2474	1861	1241	2166	541	2298	3227	1343	2284	1312	1132	2370	1174	237	924	1259	1225	1781	2340	1088	1460	1163	908	1555	1743	1098	637	1085	1163	3040	1727	2736	1095	1075	1365	1137	1671	2856	1568	1162	1354	2962	887	1143	1206	1230	2161	1230	1302	932	2049	1106	1208	1250	5038	1654	345	1734	1358	1163	1358	1093	2124	1139	1087	1041	3118	1279	1440	1636	2046	1086	1445	1215	1502	2266	912	1084	2258	2962	2036	2041	2417	1536	1089	1111	1645	2130	2187	1439	1876	2516	1540	1089	2036	1193	609	1163	1485	1425	1225	2007	1160	1119	1363	1210	891	1200	533	1256	1299	2497	1079	1973	1037	2013	1229	1039	1041	1066	1951	2036	1899	1295	2375	1845	1138	1119	1126	373	1106	2353	262	2370	1268	4729	1280	1300	1781	761	1394	1037	1036	1134	1756	2164	1366	2417	2330	1253	1218	2364	2285	1317	1962	1437	852	1659	1383	734	1216	902	892	1671	3021	510	1086	1095	2144	1107	1427	1241	1213	376	2174	1560	1149	2168	1033	892	1568	2184	1445	2161	1204	926	1490	1343	2296	2084	872	3042	2266	1367	1619	1425	544	878	1982	1162	1460	2582	3273	1655	1374	2973	1349	2584	232	3114	1092	1764	1272	1128
19	665	447	86	1209	227	151	2696	119	46	1128	1222	0	1102	429	497	601	390	1071	681	996	683	421	200	383	258	515	517	1209	151	2144	843	434	302	359	102	357	1231	488	354	1540	634	1636	2244	381	17	198	1674	383	279	320	625	722	1696	753	394	17	599	509	613	642	1304	827	104	1047	848	1108	2094	228	1082	429	352	1209	338	1105	348	95	10	633	1157	221	274	116	350	422	593	217	627	225	116	1836	572	1513	223	240	184	350	494	1695	414	79	177	1745	369	114	398	197	958	205	415	415	1027	209	20	88	3865	447	883	591	172	116	172	196	935	85	481	396	2035	298	226	478	833	227	234	12	609	1071	323	251	1051	1745	900	834	1232	314	488	206	483	908	999	256	656	1344	349	469	900	400	753	116	532	212	192	797	333	1019	141	20	364	387	1045	98	259	1387	151	753	186	996	33	371	385	525	778	900	880	557	1231	625	351	206	107	1445	209	1156	990	1209	132	3602	299	429	633	513	171	383	387	351	599	966	184	1232	1145	138	399	1191	1092	216	767	230	406	460	216	512	202	354	344	512	1942	1135	227	130	926	127	207	104	394	1450	990	417	86	960	376	344	430	1008	234	1134	410	1845	270	228	1094	885	371	2013	1071	190	397	212	1051	368	766	79	274	1420	2081	500	220	1881	600	1661	1008	2049	139	616	96	110
1083	521	656	1157	148	1307	1253	1666	1157	1126	777	2286	1102	0	1308	903	502	733	590	503	2057	1537	1298	975	1485	942	952	1346	148	1253	1896	560	697	800	1371	1105	1375	995	1509	1456	438	1291	1081	1611	1439	1098	1270	2773	1441	1217	914	619	1212	820	552	1349	1101	891	934	1449	685	210	561	1130	266	1950	757	1009	944	682	1303	1370	148	1333	2197	1449	1041	1103	907	807	1302	966	1198	1452	731	909	1188	1727	1306	1198	1106	904	610	1191	1321	1031	1365	873	598	718	1143	1042	728	1471	1154	1359	1194	654	1199	1299	1503	523	1181	1121	1112	2764	655	1963	927	1030	1198	1030	1284	737	1174	1496	1450	1683	1221	876	926	310	1307	936	1112	1310	723	1423	1202	641	728	931	642	131	804	1501	1175	914	357	744	983	603	246	756	1486	931	1368	1855	1198	1237	949	1195	331	1338	2005	966	1120	1466	1354	2145	1043	1172	400	1253	552	1271	536	1085	1431	1441	1544	334	931	566	1438	995	619	1365	1277	1179	2438	1181	92	2075	148	1025	2507	1221	1314	907	1615	947	1441	1445	1368	891	148	1030	131	44	1038	1351	103	743	969	722	950	1434	641	1034	1552	1208	1456	1398	913	1621	2236	1307	1231	525	1229	897	1130	1350	2444	766	726	1157	628	1438	1398	718	801	936	506	1370	2944	880	944	686	223	1416	1783	723	1033	741	949	1973	1410	384	1143	966	328	987	924	1052	1543	1440	942	2058	1736	1212	912	1092	1175
437	792	730	480	1441	304	413	2752	521	384	1050	1306	429	1308	0	435	861	727	1430	1003	1106	264	10	381	469	388	405	900	1441	413	1880	1201	770	597	173	527	183	1077	249	454	1727	1045	1530	2113	270	446	292	1543	272	149	399	705	404	1717	814	92	445	502	415	186	668	1519	1186	325	1332	804	1037	2316	638	1041	6	182	1441	148	1123	423	518	418	515	1070	307	354	340	446	779	485	616	673	307	340	1778	475	1568	621	305	330	178	458	1902	755	484	324	1834	464	517	100	232	929	224	13	379	1375	610	414	344	4014	701	967	471	339	340	339	325	870	458	233	266	1814	132	536	407	1002	304	408	419	217	1012	478	648	1026	1834	743	826	1428	547	234	610	420	1018	929	343	730	1554	663	228	743	112	714	340	179	406	237	977	163	696	461	413	463	107	953	523	179	1657	413	814	489	1347	461	273	267	272	1033	743	1240	141	1077	705	176	288	486	1607	610	1337	1045	1441	556	3803	130	6	515	554	449	272	273	180	502	1160	331	1428	1348	565	88	1409	1027	634	730	392	690	728	308	749	230	454	618	434	1717	1044	304	424	958	398	508	325	93	1612	911	767	480	943	278	618	782	913	408	1471	102	1709	460	638	1052	1085	647	1751	1012	324	581	406	1308	650	926	484	354	1637	2229	419	289	1667	173	2016	1136	1813	495	499	346	495
488	382	455	583	1044	576	604	2321	615	481	653	1662	497	903	435	0	531	513	1145	711	1444	637	426	299	785	244	54	1000	1044	604	1653	931	541	395	553	582	561	736	673	760	1305	1083	1156	1759	647	509	540	1974	649	402	183	284	354	1290	381	501	511	101	34	549	234	1112	917	436	975	1204	636	1902	567	626	429	558	1044	514	1506	738	526	490	136	678	574	223	511	753	575	96	708	1029	577	511	1380	75	1134	713	586	316	552	31	1485	538	576	325	1399	775	609	512	432	507	431	430	743	1078	698	501	434	3579	408	1316	98	327	511	327	571	462	578	658	651	1538	396	393	27	593	576	274	498	407	605	755	740	604	1399	403	395	1014	316	661	695	16	589	525	241	303	1143	448	650	403	524	1109	511	334	295	437	576	525	1118	397	500	771	512	1371	531	366	1277	604	381	668	1057	511	643	646	701	675	403	969	548	736	284	551	543	603	1920	698	920	1410	1044	549	3376	395	441	136	904	358	649	651	555	101	754	316	1014	940	566	501	1006	623	581	305	273	897	440	289	995	445	760	830	19	1445	1463	576	596	523	577	378	436	503	1925	512	558	583	517	650	830	570	524	274	1157	520	2142	271	567	637	687	859	1521	605	312	278	295	1546	858	519	576	223	1228	1796	21	294	1384	542	1704	1464	1553	633	120	414	607
582	251	154	655	609	813	752	2137	655	628	808	1789	601	502	861	531	0	236	614	190	1560	1113	851	495	985	475	585	882	609	752	1966	410	207	301	894	603	897	994	1034	955	941	867	1273	1870	953	597	777	2275	955	748	465	324	885	1191	381	885	600	571	565	1025	408	703	397	638	470	1450	784	1494	447	725	857	892	609	859	1695	949	539	604	602	843	808	507	702	952	250	584	692	1226	812	702	1401	569	988	694	827	552	888	500	1094	227	641	562	1183	970	652	894	711	621	717	850	1009	547	684	621	619	3266	163	1463	598	549	702	549	788	657	672	1023	965	1797	756	377	544	277	814	460	612	918	740	921	708	680	1183	765	521	633	320	1028	678	534	401	705	519	336	743	254	1011	765	902	1355	702	834	469	712	235	862	1550	469	620	965	888	1647	541	704	802	752	381	769	527	583	944	955	1070	178	765	446	1000	994	324	888	784	677	1960	684	563	1574	609	524	3001	756	866	602	1114	455	955	958	890	571	375	551	633	546	537	888	590	766	472	532	476	938	143	563	1056	725	955	898	548	1717	1737	814	730	517	729	401	638	886	1965	712	240	655	607	951	898	236	745	460	627	906	2446	404	447	736	295	917	1840	740	556	282	469	1509	911	238	641	507	818	1487	552	581	1644	1015	1176	1563	1833	710	598	600	673
371	410	105	431	829	614	536	2373	426	425	968	1554	390	733	727	513	236	0	704	292	1325	990	717	345	767	352	562	655	829	536	2095	475	45	133	720	374	722	1128	859	738	1170	662	1457	2063	764	382	581	2059	766	592	373	432	856	1417	536	729	385	589	544	906	497	928	459	449	657	1230	944	1709	211	896	724	717	829	690	1465	736	315	395	625	1001	609	390	501	735	62	595	456	1001	612	501	1609	575	1217	458	628	397	713	489	1317	28	417	404	1419	752	424	737	536	779	543	714	805	652	448	411	429	3495	146	1230	604	389	501	389	585	793	451	849	777	1945	604	192	514	507	615	324	402	834	901	700	472	855	1419	849	662	864	204	855	442	509	617	850	394	458	969	67	838	849	742	1137	501	747	322	535	465	690	1388	278	410	747	728	1431	315	552	997	536	536	543	623	366	754	766	896	400	849	513	868	1128	432	713	589	452	1724	448	798	1342	829	294	3218	605	730	625	894	280	766	769	714	589	611	396	864	777	306	733	816	926	236	639	339	702	130	419	820	549	738	664	533	1860	1519	615	512	699	515	220	449	730	1730	851	45	431	771	760	664	58	879	324	753	749	2231	281	211	907	531	682	1966	901	403	240	322	1277	676	455	417	390	1041	1720	530	437	1790	894	1293	1327	1974	483	615	414	446
1054	829	709	1085	538	1298	1199	2128	1064	1112	1298	2060	1071	590	1430	1145	614	704	0	436	1842	1692	1420	1049	1414	1048	1198	1065	538	1199	2455	229	660	833	1420	1020	1421	1510	1556	1387	851	940	1664	2202	1453	1059	1270	2679	1455	1297	1055	922	1499	1400	936	1433	1062	1185	1179	1607	1008	631	245	1147	323	1855	1275	1205	848	1203	1428	1416	538	1392	2031	1393	981	1078	1214	1331	1293	1085	1187	1386	656	1198	1043	1616	1296	1187	1695	1183	1193	1043	1311	1101	1412	1114	908	676	1072	1109	1256	1400	1064	1441	1238	1134	1245	1418	1478	75	1040	1092	1126	3031	747	1784	1212	1093	1187	1093	1267	1197	1110	1548	1468	2254	1309	896	1156	701	1299	1023	1084	1519	1234	1340	1040	1157	1256	1348	1070	659	889	1554	1035	1147	831	1228	1092	927	667	766	1536	1348	1446	1769	1187	1434	1024	1236	681	1391	2088	980	1092	1394	1432	2060	979	1257	502	1199	936	1180	87	1042	1443	1456	1594	508	1348	191	1571	1510	922	1413	1277	1100	2128	1040	680	1897	538	948	2680	1310	1433	1214	1530	984	1455	1458	1414	1185	620	1100	659	610	951	1437	577	1258	865	1111	1039	1256	716	1122	1364	1249	1387	1249	1162	2186	2143	1299	1175	1004	1185	924	1147	1434	2133	1243	666	1085	1112	1448	1249	651	1279	1023	120	1453	2848	974	848	1210	612	1256	2336	1234	1107	881	1024	1641	1247	733	1072	1085	685	1371	1166	1141	2109	1596	590	1828	2303	1123	1211	1113	1093
663	435	275	715	568	906	824	2170	705	717	974	1802	681	503	1003	711	190	292	436	0	1575	1262	993	624	1053	617	765	844	568	824	2139	221	247	409	1010	655	1012	1169	1150	1024	923	789	1416	2002	1056	672	874	2343	1058	876	621	513	1066	1277	560	1014	675	758	745	1176	598	674	208	741	371	1513	950	1433	480	886	1000	1007	568	979	1732	1024	601	686	790	1009	901	653	793	1022	262	770	715	1280	904	793	1517	754	1068	716	920	678	1003	681	1053	267	702	687	1226	1038	703	1023	826	791	833	991	1096	374	708	702	721	3236	311	1491	784	672	793	672	877	835	737	1140	1069	1962	887	479	722	392	907	595	693	1083	907	983	723	840	1226	954	700	630	457	1146	702	713	533	879	662	524	716	345	1128	954	1029	1421	793	998	598	825	355	980	1677	569	701	1033	1014	1715	601	835	711	824	560	823	349	656	1046	1059	1187	193	954	258	1144	1169	513	1004	881	734	1938	708	585	1605	568	575	2942	888	1007	790	1178	566	1058	1061	1005	758	420	677	630	545	584	1018	567	932	503	719	611	955	281	696	1072	838	1024	928	729	1884	1803	907	800	676	805	507	741	1015	1944	889	264	715	774	1052	928	252	923	595	467	1034	2514	543	480	896	357	943	2014	907	684	445	598	1469	936	385	702	653	779	1479	732	715	1810	1165	1014	1571	2001	763	785	705	728
1012	1661	1411	921	2142	869	854	3687	911	990	2097	229	996	2057	1106	1444	1560	1325	1842	1575	0	1164	1109	1181	660	1237	1441	777	2142	854	2981	1651	1360	1282	935	962	926	2164	884	684	2492	930	2600	3199	836	992	904	923	834	1056	1294	1620	1510	2692	1748	1014	990	1540	1443	1174	1629	2245	1638	1018	1940	408	2080	3001	1114	2063	1112	927	2142	968	243	708	1030	998	1566	2123	870	1238	940	691	1326	1528	869	433	867	940	2820	1511	2509	866	858	1142	932	1451	2629	1339	934	1131	2734	669	915	1005	1012	1940	1013	1101	727	1828	876	982	1027	4811	1425	143	1519	1135	940	1135	873	1905	912	898	840	2920	1068	1212	1419	1817	869	1221	989	1310	2047	690	855	2036	2734	1825	1819	2188	1308	900	882	1428	1902	1969	1218	1651	2288	1311	898	1825	994	447	940	1286	1200	1007	1778	954	1019	1136	983	673	999	486	1027	1084	2272	854	1748	810	1793	1001	834	839	882	1723	1825	1678	1110	2164	1620	933	901	898	507	876	2124	139	2142	1039	4505	1070	1100	1566	553	1168	834	833	929	1540	1935	1143	2188	2101	1024	1018	2135	2066	1088	1742	1213	623	1430	1162	505	1000	684	664	1454	2824	504	869	869	1920	882	1199	1018	1013	511	1956	1331	921	1945	829	664	1339	1968	1221	1941	1005	1074	1264	1114	2075	1855	643	2854	2047	1145	1392	1200	440	648	1754	934	1238	2354	3044	1438	1153	2773	1166	2375	51	2919	864	1549	1048	900
693	1016	988	723	1676	514	637	2901	763	637	1171	1336	683	1537	264	637	1113	990	1692	1262	1164	0	273	644	610	645	593	1115	1676	637	1839	1464	1032	859	351	776	357	1150	301	607	1943	1275	1613	2165	405	700	517	1428	406	409	647	921	442	1863	1015	291	699	675	609	88	868	1747	1448	582	1581	798	1162	2539	899	1182	265	361	1676	355	1124	576	775	673	675	1184	519	609	582	600	1043	656	850	743	518	582	1882	653	1733	855	509	594	360	665	2123	1018	729	588	2010	612	759	289	486	1084	478	277	493	1635	845	666	602	4199	956	1020	639	603	582	603	543	1011	698	293	391	1808	393	800	612	1227	513	668	672	250	1146	647	880	1175	2010	844	997	1651	805	288	847	625	1225	1063	600	941	1780	926	299	844	291	726	582	304	668	490	1207	365	491	725	665	613	301	898	780	442	1900	637	1015	707	1608	716	414	401	290	1280	844	1503	125	1150	921	359	510	724	1671	845	1558	1075	1676	814	4011	392	261	675	648	713	406	404	361	675	1388	595	1651	1576	821	286	1640	1155	894	898	652	874	985	570	905	480	607	807	630	1711	981	513	653	1137	629	772	582	292	1675	1041	1031	723	1102	415	807	1045	1035	668	1729	279	1587	719	899	1191	1317	832	1715	1146	587	831	668	1438	838	1153	729	609	1864	2424	617	552	1672	98	2276	1203	1796	727	663	606	734
430	783	720	474	1431	301	408	2744	515	376	1043	1310	421	1298	10	426	851	717	1420	993	1109	273	0	371	469	378	396	895	1431	408	1878	1192	760	587	174	520	184	1072	255	454	1717	1039	1525	2108	273	439	288	1551	274	141	389	696	402	1709	805	94	438	494	407	194	659	1509	1176	317	1322	810	1030	2306	629	1034	7	183	1431	148	1128	423	510	411	507	1063	304	344	334	446	770	477	610	676	304	334	1772	467	1559	615	303	320	179	449	1892	745	477	314	1825	464	510	104	225	921	217	8	381	1365	604	407	336	4005	691	970	463	329	334	329	322	863	452	240	269	1811	124	526	399	992	301	398	412	218	1005	477	642	1018	1825	738	817	1418	537	241	604	411	1009	922	333	721	1544	654	234	738	116	719	334	177	396	230	967	162	706	452	406	463	110	960	515	170	1647	408	805	484	1337	454	275	270	279	1023	738	1231	150	1072	696	177	284	480	1609	604	1327	1049	1431	548	3793	122	15	507	556	439	274	275	181	494	1150	321	1418	1338	557	91	1399	1020	626	722	382	687	718	298	747	223	454	615	425	1714	1051	301	419	949	393	498	317	96	1614	904	758	474	935	280	615	772	907	398	1461	106	1718	450	629	1044	1075	644	1749	1005	314	571	396	1307	647	917	477	344	1627	2219	410	279	1664	181	2006	1139	1811	490	492	338	489
189	496	353	286	1097	340	327	2525	316	193	929	1406	200	975	381	299	495	345	1049	624	1181	644	371	0	540	57	323	702	1097	327	1951	820	388	215	398	282	402	1032	538	512	1409	795	1436	2044	464	211	302	1804	466	254	119	440	566	1514	568	392	212	401	314	561	448	1184	804	166	964	994	909	1982	299	886	379	397	1097	363	1272	497	229	194	436	957	337	79	244	506	400	396	408	790	340	244	1641	375	1337	413	354	56	392	294	1574	374	278	67	1579	527	310	400	218	761	223	369	534	994	398	207	155	3725	332	1062	395	54	244	54	323	735	284	527	474	1837	263	157	282	685	341	41	203	501	873	494	440	856	1579	702	639	1102	175	532	395	286	740	800	68	471	1222	282	516	702	407	897	244	415	26	220	653	366	1056	108	206	522	393	1181	235	211	1297	327	568	381	966	211	456	465	575	673	702	859	522	1032	440	392	308	307	1641	398	1019	1164	1097	256	3483	264	384	436	668	78	466	469	394	401	832	55	1102	1017	273	395	1071	894	306	568	31	605	356	73	709	233	512	542	316	1745	1272	341	313	738	299	130	166	392	1646	790	387	286	765	463	542	401	808	41	1091	412	1974	95	299	898	752	569	1820	873	60	235	26	1251	567	612	278	79	1301	1936	304	91	1683	549	1635	1197	1853	339	420	133	310
402	1035	830	337	1592	209	232	3065	351	361	1439	876	383	1485	469	785	985	767	1414	1053	660	610	469	540	0	591	781	549	1592	232	2346	1192	809	685	296	399	287	1505	311	29	1924	731	1940	2539	209	387	246	1292	208	397	644	980	870	2052	1107	379	384	880	783	586	980	1688	1177	373	1423	465	1422	2475	574	1408	474	286	1592	321	732	48	452	381	906	1464	211	587	296	33	790	868	378	250	208	296	2164	851	1877	379	199	494	290	794	2079	788	351	483	2118	14	351	372	353	1286	354	461	121	1378	379	364	386	4249	830	530	859	489	296	489	218	1247	316	318	221	2271	410	609	760	1213	209	581	373	684	1390	75	391	1383	2118	1165	1167	1615	690	323	384	769	1279	1311	566	1011	1728	732	311	1165	362	370	296	645	562	348	1178	307	754	521	365	20	363	663	452	424	1763	232	1107	233	1345	402	203	214	333	1160	1165	1227	515	1505	980	292	243	318	1148	379	1539	627	1592	477	3984	412	463	906	130	544	208	209	288	880	1349	495	1615	1529	469	384	1575	1408	554	1086	570	278	843	509	294	340	29	224	794	2175	753	209	255	1276	255	589	373	377	1153	1297	788	337	1293	200	224	800	1308	581	1488	376	1463	630	574	1420	1268	242	2217	1390	495	768	562	841	249	1144	351	587	1803	2463	779	499	2122	575	1996	683	2274	291	889	408	325
247	451	342	344	1067	387	383	2475	373	250	871	1460	258	942	388	244	475	352	1048	617	1237	645	378	57	591	0	271	756	1067	383	1897	821	392	218	428	338	433	974	567	563	1372	844	1379	1986	501	268	349	1845	504	276	61	389	528	1461	516	411	270	345	260	559	392	1152	805	218	946	1040	852	1950	338	829	384	428	1067	391	1323	547	283	252	380	900	384	39	297	557	410	340	464	841	388	297	1585	319	1286	469	401	97	423	237	1540	380	335	108	1532	579	368	421	256	705	260	376	578	990	455	265	210	3685	313	1116	341	102	297	102	373	678	342	554	511	1781	282	178	228	646	388	34	261	482	816	547	496	800	1532	645	583	1067	159	559	451	231	693	742	44	419	1189	285	544	645	429	944	297	396	52	259	615	396	1075	155	263	574	414	1224	288	231	1275	383	516	438	963	268	494	502	602	649	645	860	528	974	389	423	354	365	1698	455	982	1217	1067	307	3448	282	392	380	718	118	504	507	426	345	797	96	1067	984	324	414	1040	837	348	511	29	663	340	92	767	271	563	599	260	1689	1316	388	370	685	355	155	218	412	1703	733	396	344	709	501	599	410	750	34	1084	432	2015	73	338	841	718	627	1765	816	97	201	52	1309	625	572	335	39	1270	1895	249	109	1626	548	1631	1252	1797	397	364	188	368
508	431	507	601	1094	572	612	2347	635	495	661	1656	515	952	405	54	585	562	1198	765	1441	593	396	323	781	271	0	1026	1094	612	1629	985	591	440	535	605	543	728	648	757	1349	1115	1159	1758	631	529	538	1948	634	390	215	332	301	1313	421	477	530	100	19	506	275	1160	971	445	1028	1188	645	1947	603	642	398	540	1094	496	1495	733	553	507	124	684	571	244	517	750	624	86	730	1021	574	517	1390	71	1163	735	582	332	535	84	1530	587	595	339	1431	771	629	488	429	526	428	401	731	1132	721	518	446	3615	460	1311	78	343	517	343	571	473	594	633	634	1521	381	432	47	642	572	304	515	358	617	756	763	623	1431	390	421	1061	361	635	718	52	631	535	260	349	1190	496	625	390	500	1094	517	289	323	435	626	508	1078	426	516	768	488	1350	558	357	1328	612	421	679	1111	532	629	630	675	728	390	1023	510	728	332	534	540	620	1922	721	966	1402	1094	578	3418	380	411	124	896	389	634	636	537	100	803	331	1061	988	595	476	1055	633	616	325	300	909	492	301	1003	442	757	841	39	1427	1442	572	606	554	585	415	445	478	1928	520	607	601	539	635	841	619	528	304	1211	495	2114	309	603	653	737	870	1497	617	326	329	323	1559	870	568	595	244	1276	1834	32	303	1367	500	1758	1463	1533	648	107	428	625
521	1056	758	438	1409	603	486	3010	399	549	1589	994	517	1346	900	1000	882	655	1065	844	777	1115	895	702	549	756	1026	0	1409	486	2653	884	675	675	764	421	758	1719	839	538	1766	187	2092	2701	719	501	608	1652	719	764	817	1054	1237	2071	1173	833	501	1101	1017	1066	1097	1516	872	610	1191	867	1567	2242	469	1529	902	754	1409	766	979	564	473	526	1136	1621	599	781	566	543	631	1097	299	640	599	566	2260	1076	1870	294	606	699	755	991	1886	657	440	694	2059	541	404	833	680	1406	686	887	665	1056	308	520	600	4063	791	733	1097	686	566	686	577	1401	454	841	735	2533	783	633	985	1159	603	725	520	1104	1527	487	265	1490	2059	1400	1283	1474	736	848	310	987	1272	1463	766	1084	1559	671	832	1400	828	801	566	1036	705	674	1117	755	1300	604	522	537	821	1065	468	758	1512	486	1173	411	1020	495	709	724	868	1017	1400	908	999	1719	1054	757	613	425	1094	308	1424	844	1409	453	3739	785	897	1136	608	643	719	722	755	1101	1245	699	1474	1389	435	839	1411	1550	446	1236	727	278	782	733	341	677	538	325	1017	2442	1136	603	476	1344	502	636	610	833	1100	1460	642	438	1402	710	325	646	1482	725	1168	841	1816	739	469	1540	1170	308	2522	1527	705	819	705	627	300	1110	440	781	1617	2322	1006	737	2378	1054	1601	762	2552	407	1121	613	417
1190	662	762	1259	0	1422	1360	1629	1255	1237	914	2370	1209	148	1441	1044	609	829	538	568	2142	1676	1431	1097	1592	1067	1094	1409	0	1360	2010	567	789	910	1495	1203	1499	1131	1634	1563	357	1336	1180	1682	1559	1205	1386	2884	1561	1344	1044	762	1359	866	700	1478	1207	1037	1076	1587	830	107	573	1246	238	2057	895	886	1035	820	1437	1494	0	1458	2293	1558	1143	1212	1053	942	1417	1094	1311	1560	818	1054	1277	1830	1421	1311	1173	1049	663	1279	1436	1153	1489	1014	488	810	1245	1164	722	1578	1253	1488	1315	799	1320	1432	1618	481	1270	1229	1228	2669	769	2055	1072	1151	1311	1151	1397	883	1277	1622	1570	1790	1349	986	1067	452	1422	1059	1220	1452	862	1527	1288	781	722	1079	791	127	923	1627	1264	1054	506	888	1110	748	150	860	1611	1079	1496	1963	1311	1377	1070	1316	468	1463	2138	1078	1228	1572	1482	2255	1143	1299	252	1360	700	1372	503	1190	1551	1561	1670	431	1079	563	1573	1131	762	1489	1393	1280	2504	1270	190	2168	0	1123	2392	1349	1446	1053	1721	1063	1561	1564	1491	1037	291	1152	127	127	1134	1480	56	881	1060	871	1074	1521	751	1159	1638	1329	1563	1489	1055	1733	2345	1422	1337	672	1337	1010	1246	1478	2510	911	815	1259	773	1557	1489	805	945	1059	434	1498	3055	1002	1035	823	358	1506	1901	862	1156	866	1070	2030	1499	525	1245	1094	212	912	1066	1177	1655	1578	810	2140	1847	1311	1057	1208	1275
170	812	598	114	1360	124	0	2843	142	136	1251	1079	151	1253	413	604	752	536	1199	824	854	637	408	327	232	383	612	486	1360	0	2226	974	579	453	287	179	282	1339	392	203	1692	638	1758	2363	272	155	121	1524	273	282	441	765	770	1839	894	349	152	705	609	582	775	1455	958	168	1193	697	1232	2243	352	1212	415	278	1360	282	955	200	223	150	735	1279	119	387	95	200	562	695	215	476	121	95	1968	676	1659	219	132	291	277	607	1846	558	126	281	1893	218	140	349	203	1088	208	400	278	1159	211	133	173	4017	599	737	690	283	95	283	93	1058	89	388	289	2130	301	377	582	984	125	366	141	621	1197	172	243	1183	1893	1002	966	1383	463	395	213	589	1055	1122	368	796	1495	499	377	1002	346	603	95	557	345	196	948	272	911	291	134	212	337	895	223	285	1533	0	894	76	1127	169	261	276	427	928	1002	1009	517	1339	765	279	127	102	1317	211	1308	842	1360	252	3752	302	410	735	362	318	273	277	277	705	1118	292	1383	1297	247	354	1342	1218	333	892	358	300	611	315	391	197	203	230	617	2036	985	125	24	1065	27	358	168	348	1322	1111	559	114	1092	265	230	572	1126	366	1268	359	1695	410	352	1224	1037	259	2095	1197	294	543	345	948	260	916	126	387	1570	2232	602	310	1978	569	1786	869	2140	92	718	194	111
2137	1716	2000	2229	2010	2157	2226	1948	2264	2121	1166	3169	2144	1896	1880	1653	1966	2095	2455	2139	2981	1839	1878	1951	2346	1897	1629	2653	2010	2226	0	2330	2103	2014	2053	2234	2063	972	2097	2329	1951	2729	851	754	2150	2158	2130	3185	2152	1959	1837	1666	1476	1324	1585	1972	2159	1553	1637	1812	1597	1979	2322	2066	2146	2637	1190	2399	2209	1258	1874	2062	2010	2025	2963	2299	2180	2135	1517	1131	2158	1873	2131	2321	2149	1556	2359	2548	2159	2131	1015	1577	1435	2364	2163	1960	2058	1663	2102	2110	2223	1967	1619	2341	2258	1980	2026	1348	2023	1887	2258	2380	2350	2145	2070	3352	1951	2839	1556	1972	2131	1972	2165	1311	2220	2084	2144	253	1943	2034	1669	1767	2156	1928	2143	1671	1233	2344	2392	1305	1619	1257	1446	1889	1939	2082	2347	1666	1629	1261	1889	1644	1971	2046	2083	1257	1991	2560	2131	1702	1948	2033	1796	2039	2205	2050	2143	2338	1987	2730	2185	1944	2233	2226	1585	2299	2381	2161	2153	2147	2102	1978	1257	2356	1874	972	1666	2056	2129	2247	3486	2350	1823	2906	2010	2201	3416	1942	1886	1517	2433	2011	2152	2152	2060	1553	1835	1959	1889	1893	2219	1967	1955	1208	2226	1455	1926	2527	1975	1928	2609	2035	2329	2456	1636	280	2808	2156	2224	1465	2201	2025	2066	1973	3490	1254	2132	2229	1364	2158	2456	2138	1222	1928	2393	1979	3321	1918	2209	1250	1845	2485	131	1233	1954	1868	1948	3172	2486	1757	2223	1873	2030	2026	1647	1926	357	1819	2815	3014	177	2274	1532	2053	2252
826	647	485	860	567	1070	974	2197	841	884	1163	1874	843	560	1201	931	410	475	229	221	1651	1464	1192	820	1192	821	985	884	567	974	2330	0	431	605	1190	796	1191	1366	1327	1165	919	784	1576	2143	1225	831	1041	2467	1226	1067	831	732	1286	1377	767	1204	834	980	966	1379	817	674	15	917	330	1640	1140	1358	622	1071	1199	1186	567	1162	1830	1170	754	850	1012	1198	1065	858	959	1164	426	992	827	1401	1068	959	1646	976	1166	828	1083	872	1182	902	1016	446	847	879	1280	1178	841	1211	1008	987	1015	1189	1252	186	823	864	896	3181	527	1584	1005	864	959	864	1039	1039	884	1318	1239	2143	1079	667	941	563	1071	796	855	1296	1097	1119	827	1025	1280	1169	906	665	663	1324	818	933	703	1078	865	741	716	538	1307	1169	1216	1552	959	1210	796	1007	533	1161	1858	750	864	1172	1202	1844	752	1027	629	974	767	959	153	814	1214	1228	1364	351	1169	38	1343	1366	732	1183	1049	876	1969	823	652	1698	567	722	2855	1080	1204	1012	1311	755	1226	1230	1184	980	532	871	665	593	726	1207	587	1122	640	933	811	1050	495	893	1161	1020	1165	1037	949	2069	1929	1071	949	864	959	695	917	1204	1975	1090	436	860	968	1220	1037	422	1125	796	297	1223	2637	748	622	1080	496	1046	2207	1097	878	661	796	1487	1038	576	847	858	759	1467	952	912	1993	1368	819	1641	2186	901	1007	883	869
415	405	103	473	789	659	579	2343	466	469	967	1589	434	697	770	541	207	45	660	247	1360	1032	760	388	809	392	591	675	789	579	2103	431	0	174	765	415	767	1134	904	780	1133	671	1451	2055	809	426	626	2102	811	637	410	437	888	1396	534	774	429	613	573	949	507	889	415	494	613	1272	944	1667	247	893	767	762	789	735	1504	779	357	439	649	1001	653	430	545	778	48	620	491	1042	657	545	1596	601	1194	493	672	440	758	516	1277	21	459	448	1390	795	464	781	581	778	588	757	850	607	483	455	474	3457	152	1267	630	433	545	433	630	797	493	895	822	1949	648	236	545	483	659	365	446	873	900	741	505	850	1390	864	664	828	240	900	477	539	600	852	435	461	931	107	883	864	787	1179	545	786	364	580	441	735	1433	323	454	789	773	1473	357	596	954	579	534	584	578	410	799	811	941	362	864	470	911	1134	437	758	634	493	1753	483	765	1379	789	335	3177	649	773	649	937	324	811	814	760	613	579	439	828	741	345	777	777	925	272	648	381	737	128	462	855	594	780	701	561	1865	1562	659	555	692	559	264	494	774	1758	855	33	473	768	805	701	35	884	365	708	793	2273	320	247	904	500	719	1974	900	446	264	364	1301	712	436	459	430	1001	1684	559	480	1794	937	1248	1361	1979	524	639	459	488
