NAME : VRPTW_INSTANCE_168.txt
COMMENT : Bangkok Supermarket
TYPE : VRPTW
DIMENSION : 293
DAYS : Saturday
EDGE_WEIGHT_TYPE : EXPLICIT
VEHICLES : 36
EDGE_WEIGHT_FORMAT : FULL_MATRIX
CAPACITY : 1000
EDGE_WEIGHT_SECTION
0	717	644	540	891	231	908	215	248	124	46	254	189	402	106	170	827	204	529	528	1087	193	368	431	370	396	493	133	1642	790	3179	84	992	221	773	1639	1042	2202	754	2854	832	230	946	207	240	308	964	417	368	248	365	426	402	165	317	1621	46	614	305	119	172	418	582	83	1928	650	170	1606	1076	395	1140	351	191	1821	2194	1080	383	1968	463	309	614	641	532	101	815	1530	215	1004	1066	353	300	314	208	1179	405	184	2071	1127	1435	2043	977	133	1103	957	305	93	170	202	264	2106	104	153	193	189	368	818	527	1213	710	225	1403	407	133	996	629	140	449	1674	307	592	882	204	428	402	1698	472	978	1994	1967	993	1480	106	83	214	366	1152	311	1060	88	225	353	1423	825	518	212	541	1122	1122	761	436	581	433	2442	199	2205	37	1115	230	221	2610	191	486	1054	891	400	978	349	2304	464	154	961	155	372	306	1122	969	172	653	1302	196	1808	152	26	183	527	402	1354	83	451	288	502	1169	400	21	2608	166	599	203	201	608	150	1594	172	82	1705	674	639	557	1124	1055	90	582	152	85	566	935	613	1012	1321	348	125	118	438	1014	1445	1123	288	596	408	1861	539	815	379	1434	862	395	154	583	1536	2793	874	611	419	495	1623	1793	428	636	1400	1143	1961	436	1434	724	2527	1928	880	1421	196	792	941	623	84	394	194	465	1755	650	1151	1696	2027	363	541	609	437	1137	216	2716	79	835	381	1926	199
717	0	915	451	174	785	425	841	469	623	742	966	598	426	659	828	1495	783	451	434	1559	628	733	585	988	604	819	733	1779	894	2783	767	687	502	774	2258	1759	1498	408	2710	142	782	373	920	756	513	1384	671	951	485	739	681	837	555	1022	1086	742	702	594	832	552	666	137	683	1490	776	828	900	461	785	1332	714	891	1818	1479	464	983	2140	266	411	1316	937	450	810	609	1542	659	622	1548	953	637	624	650	986	834	534	1850	1331	944	1815	1164	734	887	1674	599	683	828	800	452	1606	660	861	628	528	1084	1062	435	995	1014	757	1214	754	648	321	111	853	817	1115	411	772	275	783	569	687	1010	303	319	1278	1582	870	1494	659	683	752	744	441	790	403	805	757	1055	1937	1122	543	785	817	1604	1601	1080	585	144	301	2002	523	1495	725	457	563	935	2019	891	296	1253	174	1103	319	1052	1922	519	763	429	749	748	591	1603	263	552	328	1133	608	1528	795	739	777	435	837	645	720	971	601	825	1032	840	738	2017	881	590	537	594	109	833	2046	552	753	990	246	584	551	1250	453	766	649	795	758	1150	266	292	1656	605	722	825	775	586	343	1001	1637	601	1073	674	1158	951	609	730	1446	1105	785	763	149	1986	2268	1402	561	1124	824	1082	2213	569	83	1513	1595	1420	301	935	990	2118	2100	544	1933	608	906	282	667	767	732	896	938	1040	776	1633	1196	1312	723	444	498	595	475	658	2606	750	750	754	2552	523
644	915	0	466	1053	424	1292	847	650	718	686	761	779	516	555	530	825	453	465	482	658	802	281	344	453	341	151	513	2283	206	3665	720	1480	704	1359	1426	1299	2329	623	3451	1057	874	1275	737	406	852	1597	1030	400	737	282	265	253	616	652	1996	686	233	408	636	602	280	803	567	2377	173	530	1585	1375	1035	1781	302	601	2444	2185	1379	425	1337	697	717	797	32	466	700	1328	2152	445	1454	651	424	911	379	456	1728	248	628	2633	1770	1840	2602	1615	513	1638	1207	404	557	530	844	665	2513	557	621	802	669	753	1459	480	1753	1354	422	1963	1041	750	1233	805	639	196	2029	666	146	1181	453	1001	275	1886	876	1234	2051	2449	1557	2101	555	567	432	280	1309	955	1317	648	422	653	1039	212	372	856	1174	704	701	1406	341	789	806	2895	695	2308	609	1371	502	738	2932	601	887	1695	1053	888	1234	654	2792	1010	798	1319	493	274	410	703	1159	602	1073	1865	794	2341	789	660	474	480	253	1502	561	310	416	142	1738	256	643	2931	706	344	570	789	833	566	1132	602	723	1730	1042	372	1105	1758	1365	727	1164	789	725	446	1181	634	908	1403	302	730	756	340	1256	1881	752	416	273	280	2002	171	1328	273	2054	1504	1035	798	778	1072	3182	550	379	695	149	1993	1298	1001	845	2036	686	2333	665	1834	1364	3001	1296	1341	1035	794	1411	1197	276	720	260	605	252	1771	173	733	2099	2031	289	473	440	331	1386	445	3322	721	1399	265	1717	695
540	451	466	0	587	467	849	743	365	525	584	775	554	151	438	558	1146	481	10	21	1119	588	342	171	648	206	389	472	2020	452	3223	621	1069	436	1027	1854	1510	1883	226	3083	592	725	818	732	432	561	1454	767	598	454	350	264	441	401	759	1537	584	251	259	618	387	252	351	465	1932	325	558	1177	913	827	1531	331	641	2124	1781	916	633	1715	276	390	1019	490	8	639	941	1836	362	1027	1110	608	669	272	360	1344	437	394	2240	1524	1388	2207	1357	472	1248	1419	261	458	558	718	367	2056	439	630	588	424	848	1219	21	1363	1134	441	1580	815	564	767	343	634	401	1567	338	321	722	481	699	280	1425	486	769	1622	2014	1192	1785	438	465	442	354	847	780	852	605	441	782	1499	670	94	716	930	1165	1162	1197	168	336	419	2447	442	1868	524	905	310	742	2466	641	493	1445	587	926	769	780	2356	683	667	868	474	356	257	1163	693	387	659	1488	571	1932	682	566	487	21	441	1044	491	583	276	394	1370	446	554	2465	690	145	347	560	380	581	1598	387	614	1307	610	154	765	1479	904	625	847	682	619	768	716	168	1280	957	341	665	649	168	790	1438	1204	276	656	265	1551	527	941	334	1737	1265	827	667	323	1538	2719	980	124	848	395	1533	1762	699	386	1758	1151	1872	255	1381	1129	2559	1675	924	1495	571	1118	733	219	621	329	647	537	1352	325	1193	1644	1621	334	7	80	176	920	361	2966	611	1043	359	2147	442
891	174	1053	587	0	956	413	1009	644	795	916	1140	767	589	834	1002	1667	955	589	573	1706	795	893	737	1158	760	970	907	1844	1006	2697	940	699	675	860	2421	1933	1326	482	2692	101	948	322	1094	926	675	1514	816	1120	657	900	835	997	730	1197	982	916	829	760	1007	727	820	311	857	1409	902	1002	735	361	936	1422	876	1065	1849	1307	364	1152	2224	439	584	1490	1078	588	984	665	1585	830	615	1696	1122	795	788	821	1003	995	709	1824	1423	863	1788	1259	907	905	1848	764	857	1002	969	626	1502	834	1036	795	702	1259	1174	574	1004	1139	928	1218	902	819	196	275	1028	972	1001	585	907	235	955	711	844	845	461	212	1103	1514	916	1538	834	857	924	904	269	950	280	979	928	1230	2086	1253	682	952	950	1751	1749	1204	737	316	470	1911	696	1322	900	328	735	1109	1881	1065	451	1348	0	1276	212	1226	1849	657	933	389	922	909	756	1750	106	727	423	1147	776	1494	966	914	950	574	997	474	894	1134	768	975	1061	1001	912	1880	1055	715	712	763	283	1008	2185	727	926	817	340	700	670	1329	363	939	765	966	931	1316	165	419	1825	431	884	998	946	737	218	935	1789	768	1230	830	987	1105	665	890	1491	1214	936	933	319	2125	2148	1558	683	1299	975	976	2345	711	257	1580	1739	1306	473	852	1109	2035	2185	568	2082	776	1004	186	791	940	890	1071	1099	868	902	1780	1101	1139	884	580	619	747	339	829	2599	923	819	914	2716	696
231	785	424	467	956	0	1060	423	352	332	268	353	400	379	172	112	711	29	458	464	873	413	172	308	202	269	277	100	1872	591	3380	299	1184	372	994	1485	1042	2282	694	3082	919	457	1078	322	35	503	1172	644	171	407	166	255	173	278	296	1782	268	446	212	214	270	255	648	170	2115	463	112	1625	1201	626	1370	165	195	2052	2226	1204	200	1738	518	430	554	416	460	276	1013	1761	125	1183	853	168	525	195	135	1392	177	297	2291	1357	1604	2262	1208	100	1311	951	209	162	112	423	372	2280	174	204	413	331	391	1049	463	1424	940	28	1621	638	355	1094	680	219	229	1828	399	399	1000	29	641	230	1794	611	1083	2047	2164	1210	1711	172	170	32	165	1225	541	1168	223	28	316	1223	595	408	438	772	910	909	989	313	641	554	2633	355	2277	194	1224	222	326	2759	195	625	1285	956	496	1083	314	2504	667	380	1105	76	169	215	910	1048	270	810	1520	412	2019	367	242	50	463	173	1430	149	229	198	286	1388	171	225	2758	287	469	263	412	678	147	1380	270	304	1743	810	514	763	1356	1183	307	801	367	305	379	1035	596	873	1372	158	306	336	315	1115	1625	920	198	371	241	1943	308	1013	184	1665	1092	626	380	637	1322	2965	671	493	381	277	1781	1575	641	702	1631	925	2123	484	1601	955	2724	1697	1060	1221	412	1022	1045	467	299	199	201	235	1790	463	939	1867	2062	172	471	513	309	1245	126	2945	302	1051	176	1778	355
908	425	1292	849	413	1060	0	938	708	786	914	1117	730	777	898	1063	1735	1048	846	829	1906	744	1065	949	1254	956	1174	980	1452	1301	2375	922	287	696	525	2540	1886	1369	833	2289	326	860	112	1075	1041	609	1239	643	1231	664	1069	1036	1161	785	1223	721	914	1099	916	1025	791	1020	497	912	1085	1172	1063	1006	220	771	1065	1043	1099	1437	1488	223	1257	2558	595	629	1516	1310	846	975	300	1178	945	202	1891	1226	685	948	933	590	1160	764	1426	1070	550	1391	917	980	493	1812	920	917	1063	896	688	1227	897	1061	744	737	1255	868	830	590	867	1036	806	731	792	285	513	1045	1159	769	664	1158	178	1048	552	1035	852	448	249	1239	1165	520	1133	898	912	1028	1073	470	824	273	992	1036	1259	2273	1504	932	872	720	1948	1946	925	951	513	508	1603	717	1391	932	303	850	1091	1703	1099	434	1000	413	1221	249	1255	1507	493	880	68	1002	1079	913	1947	363	791	255	734	730	1103	918	923	1035	830	1161	605	948	1278	916	1182	652	1163	929	1701	1046	994	797	721	469	1054	2407	791	907	1026	253	994	445	959	192	917	513	918	911	1439	265	707	1917	672	1049	977	912	952	281	590	1969	916	1402	1025	1039	1294	300	1065	1087	900	771	880	526	2347	1907	1724	969	1323	1179	721	2586	552	467	1191	1949	1063	628	545	826	1710	2519	172	2270	730	678	248	1069	922	1071	1103	1260	1077	1172	1977	812	1325	1054	842	909	961	327	945	2191	905	456	1087	2831	717
215	841	847	743	1009	423	938	0	407	230	169	199	242	598	320	326	855	394	733	730	1219	214	578	645	498	611	698	336	1459	1002	3103	131	957	350	676	1680	950	2283	947	2713	935	81	998	174	441	343	752	331	517	358	574	640	597	345	351	1621	169	830	519	220	358	633	718	299	1884	864	326	1741	1132	247	959	562	284	1662	2315	1136	519	2153	616	438	609	840	735	148	776	1375	430	991	1195	496	253	529	423	1094	600	356	1959	945	1426	1934	805	336	1030	874	520	308	326	42	416	2080	319	247	214	339	340	644	728	1133	530	425	1304	276	197	1081	771	225	651	1681	459	805	952	394	393	616	1770	554	1057	2100	1905	905	1326	320	299	415	575	1255	153	1134	201	425	385	1527	1015	730	65	396	1249	1250	573	651	721	540	2389	332	2294	244	1185	438	186	2614	284	566	876	1009	283	1057	381	2235	447	80	999	354	580	520	1250	1073	358	692	1202	233	1718	62	193	373	728	597	1450	291	614	502	707	1069	594	209	2612	173	812	397	246	738	291	1717	358	133	1826	736	852	520	959	1108	125	508	62	129	684	1021	794	1054	1439	558	120	97	652	1096	1420	1237	502	757	622	1944	725	776	589	1282	685	247	80	726	1661	2767	994	823	432	699	1624	1923	393	767	1226	1279	1953	596	1428	552	2463	2113	870	1526	233	658	1024	838	131	604	283	642	1877	864	1276	1681	2148	574	744	816	652	1209	430	2567	136	756	589	1959	332
248	469	650	365	644	352	708	407	0	176	278	501	190	213	197	368	1044	341	355	347	1210	224	381	333	548	318	507	277	1674	736	3043	308	846	71	712	1835	1290	1961	547	2802	589	372	728	454	333	210	1090	410	523	94	384	386	466	86	554	1429	278	531	241	363	86	372	334	217	1770	589	368	1358	853	462	1178	359	423	1805	1946	857	550	1983	216	78	850	658	357	345	684	1514	240	836	1192	518	305	271	227	1080	466	65	1985	1170	1253	1954	1006	277	992	1205	245	218	368	373	20	1930	196	392	224	68	615	861	346	1107	772	327	1314	451	211	758	381	383	480	1476	58	547	654	341	358	374	1462	259	743	1747	1826	907	1463	197	217	319	387	907	418	828	335	327	588	1570	857	384	366	570	1250	1248	833	338	333	203	2288	79	1962	255	883	151	468	2408	423	273	1092	644	643	743	584	2168	361	326	753	297	394	239	1249	725	86	460	1216	206	1698	351	272	329	346	466	1110	254	572	234	516	1088	467	269	2406	414	471	90	195	360	368	1716	86	296	1457	459	502	455	1136	835	308	519	351	300	731	698	388	1217	1073	363	363	323	340	778	1277	1265	234	703	369	1620	607	684	386	1415	907	462	326	334	1656	2613	1018	470	657	511	1429	1903	358	388	1417	1257	1771	191	1250	769	2384	1942	716	1567	206	779	706	522	308	396	428	560	1506	589	1279	1516	1779	372	363	444	345	905	239	2674	292	749	403	2127	79
124	623	718	525	795	332	786	230	176	0	128	347	68	375	165	291	949	309	515	510	1202	84	436	453	491	426	567	232	1567	841	3058	145	869	122	662	1762	1140	2094	720	2752	729	200	828	302	331	184	934	315	485	138	435	474	491	125	436	1498	128	649	333	238	140	463	494	162	1804	696	291	1521	960	323	1066	416	313	1729	2102	963	502	2053	387	213	731	719	517	194	693	1437	272	880	1181	472	195	353	261	1062	493	131	1959	1055	1311	1930	898	232	984	1057	336	170	291	197	186	1982	163	274	84	108	476	744	508	1095	643	318	1290	324	38	887	546	258	527	1551	229	643	768	309	310	454	1587	358	867	1895	1845	879	1386	165	162	307	437	1050	259	948	205	318	472	1543	911	526	191	456	1237	1237	700	458	496	328	2320	103	2100	153	1002	238	317	2487	313	371	980	795	480	867	468	2183	342	150	841	257	444	333	1238	867	140	532	1188	80	1690	176	136	289	508	491	1250	186	560	319	576	1056	490	143	2485	266	611	181	80	517	274	1709	140	131	1613	556	647	436	1040	938	143	469	176	135	686	826	564	1135	1227	415	203	152	460	904	1321	1241	319	703	456	1753	633	693	444	1340	789	323	150	500	1651	2669	992	617	537	569	1499	1906	310	546	1318	1255	1837	366	1311	650	2405	2012	756	1540	80	696	831	649	145	458	317	567	1663	696	1266	1572	1935	429	525	602	462	1025	272	2617	128	720	453	2050	103
46	742	686	584	916	268	914	169	278	128	0	223	184	444	152	192	825	239	574	572	1111	180	411	477	388	443	535	173	1604	835	3165	38	984	242	751	1642	1016	2221	796	2825	854	189	956	177	280	306	919	393	393	264	409	471	440	200	309	1622	0	660	351	113	209	464	610	130	1920	695	192	1636	1088	360	1102	395	192	1788	2222	1092	404	2006	494	332	603	682	576	67	805	1498	261	1001	1088	376	280	360	254	1161	444	217	2048	1089	1434	2021	941	173	1087	932	352	139	192	158	293	2102	150	150	180	214	348	781	570	1196	672	265	1383	374	124	1014	659	132	490	1677	336	637	896	239	415	448	1715	486	994	2018	1955	974	1448	152	130	254	410	1175	272	1076	80	265	345	1440	863	564	170	508	1144	1144	721	483	610	453	2433	220	2226	77	1130	275	192	2613	192	500	1016	916	365	994	341	2291	455	112	969	193	415	352	1145	991	209	659	1281	188	1790	106	25	218	570	440	1376	125	480	334	544	1148	439	43	2611	139	645	243	195	635	165	1616	209	37	1732	685	685	545	1090	1067	44	563	106	39	584	953	652	1014	1347	392	85	72	484	1031	1441	1142	334	626	453	1880	575	805	422	1403	824	360	112	612	1558	2790	894	657	409	537	1624	1817	415	663	1363	1167	1960	469	1434	687	2515	1965	877	1438	188	763	959	669	38	438	194	499	1782	695	1173	1694	2055	407	585	654	484	1153	261	2686	35	817	424	1928	220
254	966	761	775	1140	353	1117	199	501	347	223	0	390	647	340	241	655	327	765	766	1046	373	526	641	346	602	624	306	1613	941	3303	201	1154	465	876	1480	793	2441	996	2895	1076	279	1168	46	383	508	857	530	382	486	520	606	509	419	161	1812	223	799	521	157	426	603	834	313	2083	817	241	1859	1301	444	1121	517	160	1837	2446	1305	372	2020	716	556	410	747	767	156	973	1554	418	1184	1020	357	442	519	417	1294	514	438	2154	1105	1619	2129	978	306	1230	710	520	318	241	235	516	2277	339	150	373	438	141	817	764	1333	701	368	1502	475	331	1234	882	142	574	1870	559	753	1113	327	584	580	1933	704	1213	2242	2105	1104	1505	340	313	361	519	1398	352	1294	172	368	192	1338	900	737	260	591	1072	1073	734	646	834	675	2589	444	2447	257	1347	469	33	2805	160	717	1041	1140	151	1213	188	2434	635	238	1175	311	523	523	1073	1214	426	865	1400	388	1917	200	229	311	764	509	1598	284	484	503	632	1267	506	234	2803	88	809	455	399	859	207	1535	426	216	1956	899	853	714	1134	1278	204	708	200	212	513	1173	863	854	1571	510	143	205	648	1251	1616	1053	503	617	590	2101	614	973	538	1464	854	444	238	836	1481	2965	817	828	232	623	1814	1744	584	887	1393	1108	2146	689	1620	730	2663	1980	1061	1337	388	851	1178	817	201	553	155	526	2006	817	1098	1875	2279	525	777	836	644	1370	419	2747	219	956	529	1760	444
189	598	779	554	767	400	730	242	190	68	184	390	0	402	231	358	1010	377	544	536	1270	34	497	499	559	475	628	301	1511	894	2991	191	802	121	594	1826	1178	2052	735	2685	695	189	777	347	398	121	900	251	553	118	497	529	556	169	493	1437	184	697	385	298	184	517	477	230	1738	748	358	1499	910	276	1011	476	375	1665	2074	914	570	2115	382	201	786	781	546	244	626	1374	334	816	1249	540	132	408	322	994	558	166	1891	1001	1249	1862	841	301	915	1098	388	238	358	202	193	1918	229	335	34	130	525	690	535	1027	593	385	1221	271	61	846	531	317	590	1492	232	698	723	377	242	511	1543	316	824	1862	1778	810	1323	231	230	375	499	1016	227	904	265	385	530	1611	975	565	188	399	1306	1306	652	505	481	297	2253	111	2060	221	957	288	362	2428	375	329	924	767	512	824	526	2115	275	165	787	325	506	384	1306	833	184	476	1120	16	1622	200	197	357	535	556	1213	254	628	372	638	988	556	207	2426	316	651	224	12	496	340	1777	184	176	1585	508	685	368	980	888	187	401	200	180	754	786	573	1198	1198	476	247	186	506	862	1257	1309	372	771	511	1712	699	626	505	1276	735	276	165	486	1719	2606	1060	654	593	631	1439	1974	242	525	1259	1324	1776	366	1249	596	2338	2074	692	1609	16	632	790	694	191	518	378	634	1636	748	1335	1509	1907	489	552	633	509	980	334	2551	174	651	515	2113	111
402	426	516	151	589	379	777	598	213	375	444	647	402	0	307	450	1086	385	141	134	1139	436	306	172	577	181	399	357	1876	556	3149	480	969	284	894	1833	1408	1912	351	2967	567	575	765	603	346	413	1302	618	534	303	312	261	410	252	654	1486	444	346	172	492	240	245	298	334	1861	413	450	1246	874	675	1385	288	528	1992	1847	878	568	1819	181	244	931	533	143	503	827	1702	257	939	1126	539	518	199	251	1231	407	244	2133	1377	1326	2101	1211	357	1137	1318	176	329	450	570	216	2001	308	510	436	272	735	1071	133	1253	984	351	1467	664	414	747	316	510	392	1523	191	387	676	385	555	263	1434	368	741	1670	1933	1070	1651	307	334	349	317	858	629	827	475	351	681	1514	728	183	567	781	1183	1181	1046	174	286	299	2380	291	1903	391	882	179	614	2440	528	378	1299	589	798	741	678	2277	545	520	806	364	321	168	1182	688	240	559	1373	419	1833	537	428	385	133	410	1061	365	545	182	407	1250	413	418	2438	560	267	201	408	330	467	1634	240	472	1364	526	292	631	1337	862	483	708	537	476	727	690	220	1237	995	296	528	505	175	769	1365	1212	182	647	251	1574	527	827	303	1603	1117	675	520	278	1574	2674	975	260	750	405	1484	1809	555	347	1617	1179	1826	149	1320	979	2485	1778	828	1510	419	976	703	327	480	306	534	511	1411	413	1212	1586	1683	296	150	231	184	900	256	2846	469	917	328	2127	291
106	659	555	438	834	172	898	320	197	165	152	340	231	307	0	170	847	154	428	428	1046	249	274	324	355	290	404	82	1728	690	3208	190	1012	203	825	1642	1111	2155	656	2917	784	327	923	296	166	330	1066	480	337	237	273	323	325	113	363	1618	152	510	199	186	110	315	522	27	1944	548	170	1534	1050	480	1226	255	232	1894	2128	1054	360	1888	396	272	656	555	430	201	840	1603	113	1013	1026	329	360	209	104	1220	327	134	2120	1214	1437	2091	1060	82	1139	1023	199	23	170	305	217	2113	1	207	249	162	434	904	426	1252	799	155	1450	485	194	955	563	205	363	1667	252	491	851	154	470	301	1658	450	940	1936	1992	1039	1552	0	27	145	274	1100	403	1025	167	155	395	1395	746	412	312	619	1083	1082	853	330	518	399	2461	184	2155	85	1080	129	307	2600	232	464	1140	834	491	940	392	2332	494	255	946	104	281	199	1083	919	110	645	1349	244	1847	258	130	138	426	325	1304	61	402	181	413	1217	325	117	2599	253	492	122	243	550	174	1553	110	187	1640	652	533	590	1203	1031	196	631	258	190	545	895	524	1021	1260	253	228	223	332	975	1455	1092	181	543	305	1815	468	840	284	1505	948	480	255	518	1495	2798	842	505	465	406	1618	1748	470	577	1481	1097	1959	365	1435	809	2552	1847	890	1392	244	861	903	517	190	298	238	404	1689	548	1112	1700	1962	268	440	505	331	1102	114	2782	184	879	290	1933	184
170	828	530	558	1002	112	1063	326	368	291	192	241	358	450	170	0	676	86	548	552	919	363	284	409	200	370	387	95	1784	702	3349	214	1160	366	941	1477	958	2325	784	3017	955	372	1092	210	143	474	1068	585	201	399	279	366	276	283	204	1781	192	558	298	108	281	365	691	151	2095	576	0	1693	1220	548	1283	276	85	1977	2290	1224	213	1827	563	441	488	520	550	179	984	1688	196	1169	897	184	469	289	200	1349	281	304	2239	1270	1597	2212	1126	95	1273	868	296	149	0	333	387	2271	171	92	363	327	290	965	550	1383	853	128	1573	565	303	1126	730	109	337	1832	423	512	1022	86	599	340	1829	618	1111	2103	2137	1163	1638	170	151	122	278	1270	458	1196	126	128	231	1253	689	508	352	698	953	953	899	415	686	569	2611	345	2324	137	1251	274	214	2766	85	632	1199	1002	385	1111	228	2474	633	297	1113	85	282	301	953	1089	281	809	1471	367	1978	276	169	73	550	276	1474	115	290	282	395	1338	273	155	2765	177	575	290	370	720	36	1425	281	223	1804	820	619	727	1277	1200	222	752	276	223	396	1066	670	854	1427	269	206	249	416	1146	1611	953	282	436	351	1985	398	984	297	1593	1007	548	297	684	1367	2957	704	596	300	386	1782	1625	599	745	1548	975	2121	530	1596	872	2697	1786	1045	1251	367	954	1074	577	214	312	91	316	1852	576	981	1859	2125	284	561	611	412	1273	197	2877	222	1005	288	1767	345
827	1495	825	1146	1667	711	1735	855	1044	949	825	655	1010	1086	847	676	0	712	1139	1149	600	1003	803	975	509	940	790	767	2175	1025	3958	823	1803	1041	1531	825	541	2993	1363	3509	1627	934	1768	686	741	1131	1362	1185	552	1072	796	886	707	960	517	2447	825	1014	914	712	957	895	1358	828	2736	981	676	2323	1896	1099	1711	815	636	2439	2926	1900	517	1674	1229	1118	257	794	1141	770	1623	2167	836	1825	570	546	1089	889	846	1949	712	981	2798	1693	2259	2775	1590	767	1886	463	910	826	676	890	1064	2925	847	675	1003	1003	517	1435	1148	1988	1321	739	2154	1131	949	1801	1391	692	760	2501	1098	926	1698	712	1231	866	2503	1294	1787	2756	2761	1760	2121	847	828	743	792	1936	1007	1872	745	739	481	757	803	1065	915	1241	600	604	1340	978	1352	1246	3244	1020	2988	803	1927	932	671	3437	636	1308	1640	1667	629	1787	485	3090	1277	884	1787	749	789	917	603	1759	957	1480	2053	1013	2571	848	813	719	1148	707	2141	791	568	903	790	1920	702	806	3435	704	1093	963	1021	1388	681	988	957	838	2448	1496	1135	1362	1748	1877	829	1362	848	835	388	1740	1295	201	2081	805	775	842	978	1821	2263	539	903	552	882	2654	669	1623	811	2083	1466	1099	884	1348	944	3613	414	1126	424	785	2449	1203	1231	1412	1985	664	2786	1194	2259	1357	3318	1639	1701	757	1013	1497	1750	1052	823	818	632	622	2494	981	615	2519	2764	811	1152	1168	970	1949	837	3353	839	1611	787	1106	1020
204	783	453	481	955	29	1048	394	341	309	239	327	377	385	154	86	712	0	472	477	893	389	199	327	207	287	307	76	1843	619	3362	270	1166	356	971	1494	1029	2282	708	3057	915	428	1069	295	56	483	1143	619	184	391	193	280	202	263	278	1769	239	472	223	185	257	279	646	148	2098	490	86	1632	1193	599	1341	190	171	2025	2231	1197	209	1766	516	419	546	446	474	247	994	1735	128	1167	873	177	500	209	135	1371	206	284	2268	1329	1590	2240	1180	76	1291	938	220	140	86	394	361	2266	155	177	389	315	371	1021	476	1403	911	42	1599	611	330	1090	680	191	258	1817	390	427	993	0	619	254	1791	600	1078	2050	2146	1188	1684	154	148	38	192	1225	512	1163	194	42	301	1240	624	426	409	745	930	929	960	332	640	544	2616	338	2277	167	1219	220	299	2749	171	614	1256	955	471	1078	299	2486	647	351	1094	51	197	226	930	1046	257	797	1497	388	1998	338	214	21	476	202	1429	124	251	207	315	1365	200	197	2748	258	490	254	389	676	120	1401	257	275	1747	800	535	742	1329	1175	278	778	338	276	391	1030	604	878	1374	183	276	307	333	1110	1609	937	207	394	265	1942	336	994	211	1639	1064	599	351	636	1343	2951	688	513	367	307	1769	1597	619	700	1603	946	2111	482	1588	927	2706	1725	1044	1238	388	996	1040	491	270	226	177	261	1795	490	959	1853	2067	198	485	531	328	1239	129	2920	274	1029	204	1786	338
529	451	465	10	589	458	846	733	355	515	574	765	544	141	428	548	1139	472	0	17	1117	577	335	164	640	198	385	462	2011	456	3221	611	1064	426	1019	1849	1501	1888	236	3077	592	715	817	722	423	552	1444	758	590	444	342	258	435	390	750	1536	574	253	249	607	376	246	348	454	1929	327	548	1184	912	817	1522	324	631	2117	1788	915	625	1720	270	380	1010	489	2	628	935	1828	352	1023	1107	600	659	263	350	1338	431	384	2235	1515	1387	2202	1348	462	1242	1409	252	448	548	707	357	2055	429	620	577	414	838	1210	16	1357	1124	432	1574	805	553	768	342	624	395	1566	329	321	721	472	690	274	1428	479	769	1628	2011	1185	1777	428	454	433	347	850	770	852	594	432	773	1497	670	92	705	921	1162	1159	1187	161	333	412	2445	432	1873	513	905	299	732	2467	631	487	1436	589	916	769	771	2353	675	656	866	464	349	247	1161	694	376	654	1482	560	1928	671	555	477	16	435	1048	480	576	266	390	1363	439	544	2465	679	149	336	549	377	571	1597	376	604	1314	606	161	757	1471	903	615	839	671	608	762	716	171	1274	962	333	655	638	161	791	1435	1201	266	651	259	1555	523	935	327	1729	1256	817	656	321	1537	2719	976	131	839	391	1533	1762	690	385	1750	1149	1871	248	1379	1119	2556	1679	920	1493	560	1109	733	222	611	323	637	531	1358	327	1191	1643	1627	327	13	90	170	921	351	2960	600	1036	352	2143	432
528	434	482	21	573	464	829	730	347	510	572	766	536	134	428	552	1149	477	17	0	1133	570	346	175	648	208	400	465	1999	473	3204	609	1048	418	1006	1863	1507	1874	231	3061	575	710	800	723	429	541	1437	747	599	435	353	271	447	386	755	1518	572	271	254	609	372	259	331	454	1912	344	552	1173	895	809	1511	334	635	2103	1777	898	635	1736	254	370	1018	505	17	628	919	1815	355	1006	1123	609	650	269	353	1322	443	378	2219	1504	1369	2186	1337	465	1226	1415	257	448	552	703	348	2038	429	623	570	407	842	1199	1	1341	1115	438	1559	796	548	751	325	626	409	1549	319	338	704	477	678	286	1413	464	752	1615	1994	1170	1764	428	454	439	358	834	763	835	595	438	778	1512	687	109	701	911	1178	1175	1177	173	316	398	2428	425	1859	513	888	299	733	2450	635	472	1425	573	917	752	776	2336	662	653	849	468	360	252	1177	678	372	637	1467	553	1911	668	554	482	1	447	1033	481	588	270	405	1348	451	543	2449	680	165	333	542	360	574	1614	372	601	1302	589	176	743	1458	886	612	826	668	606	774	700	156	1286	948	343	654	635	173	774	1418	1217	270	665	271	1540	537	919	339	1715	1245	809	653	303	1554	2702	991	146	845	405	1515	1779	678	368	1737	1166	1854	233	1362	1109	2539	1696	903	1509	553	1097	716	239	609	335	641	543	1347	344	1207	1626	1616	338	16	101	182	904	354	2945	598	1021	363	2157	425
1087	1559	658	1119	1706	873	1906	1219	1210	1202	1111	1046	1270	1139	1046	919	600	893	1117	1133	0	1280	841	974	725	958	741	970	2657	777	4252	1130	2054	1242	1861	813	1132	2987	1280	3932	1702	1281	1904	1052	882	1376	1874	1504	719	1278	837	879	746	1147	884	2624	1111	891	990	1010	1137	894	1437	1042	2980	825	919	2231	2014	1460	2167	862	937	2880	2825	2018	707	1074	1319	1287	782	631	1118	1085	1886	2595	970	2046	29	735	1388	958	983	2265	746	1165	3159	2151	2456	3131	2022	970	2185	1059	985	1034	919	1238	1229	3134	1047	977	1280	1201	946	1861	1132	2297	1745	892	2491	1481	1220	1881	1448	999	748	2663	1245	804	1815	893	1512	876	2543	1465	1878	2704	3035	2080	2546	1046	1042	901	833	1966	1366	1963	1038	892	857	380	488	1024	1260	1611	46	43	1780	974	1425	1400	3498	1226	2964	1052	2017	1061	1043	3578	937	1478	2087	1706	1095	1878	861	3376	1540	1210	1942	945	827	993	44	1811	1137	1667	2390	1281	2892	1184	1089	912	1132	746	2161	1015	643	989	734	2257	744	1074	3577	1046	1003	1120	1282	1469	946	507	1137	1140	2381	1652	1030	1636	2177	2001	1137	1670	1184	1139	535	1826	1288	514	2062	857	1105	1162	973	1903	2486	121	989	506	887	2661	613	1886	841	2502	1899	1460	1210	1416	449	3811	230	1038	843	735	2622	706	1512	1484	2439	66	2964	1284	2452	1771	3594	1039	1926	376	1281	1871	1841	933	1130	836	937	649	2420	825	74	2719	2675	851	1127	1099	964	2034	970	3787	1140	1922	819	1090	1226
193	628	802	588	795	413	744	214	224	84	180	373	34	436	249	363	1003	389	577	570	1280	0	520	529	563	504	651	313	1485	922	2986	180	803	156	581	1822	1156	2074	770	2669	721	156	795	331	414	135	866	231	561	152	519	556	575	198	485	1446	180	727	413	294	214	544	508	244	1739	776	363	1528	928	245	984	499	372	1645	2101	932	576	2137	415	234	774	803	579	233	625	1353	356	822	1258	546	111	434	345	986	577	198	1879	973	1256	1851	815	313	910	1077	415	253	363	173	227	1923	247	331	0	163	510	662	569	1020	563	401	1211	242	59	869	563	312	611	1502	267	725	743	389	236	537	1563	340	846	1887	1776	801	1302	249	244	390	521	1041	193	925	261	401	522	1616	995	597	157	373	1315	1314	622	535	512	326	2253	145	2083	227	977	316	347	2438	372	352	897	795	489	846	518	2112	275	141	802	338	528	412	1315	859	214	491	1109	20	1614	177	196	369	569	575	1237	265	640	399	660	977	574	209	2436	303	683	254	33	526	341	1786	214	165	1612	528	717	365	956	905	174	390	177	168	759	809	608	1193	1225	499	233	168	537	885	1261	1316	399	784	537	1734	717	625	528	1256	708	245	141	518	1728	2610	1067	686	583	653	1448	1985	236	555	1235	1334	1783	400	1256	568	2336	2096	698	1614	20	612	812	725	180	542	375	649	1663	776	1343	1515	1934	512	586	666	539	1001	356	2533	163	642	537	2107	145
368	733	281	342	893	172	1065	578	381	436	411	526	497	306	274	284	803	199	335	346	841	520	0	171	311	138	131	241	2002	425	3421	447	1226	429	1082	1528	1189	2212	562	3175	874	598	1064	493	142	575	1330	748	258	463	7	89	104	338	459	1782	411	274	148	381	324	95	603	287	2142	292	284	1520	1177	754	1500	22	368	2163	2123	1181	294	1618	480	455	688	284	337	436	1066	1871	163	1210	826	272	629	116	174	1460	101	351	2365	1489	1614	2335	1334	241	1373	1096	144	278	284	570	399	2292	276	376	520	391	558	1178	344	1488	1074	158	1694	759	468	1053	622	389	98	1822	408	229	977	199	723	66	1739	627	1047	1960	2203	1285	1820	274	287	167	11	1162	677	1133	385	158	474	1212	480	264	581	892	883	882	1127	174	592	560	2661	418	2200	334	1188	230	498	2743	368	639	1414	893	668	1047	472	2546	737	523	1100	225	15	151	883	994	324	829	1595	512	2080	517	386	216	344	104	1364	286	243	149	140	1466	108	369	2742	456	309	296	508	635	319	1343	324	449	1647	811	354	833	1476	1164	454	887	517	451	428	996	496	941	1289	20	466	484	174	1075	1647	909	149	342	80	1876	229	1066	12	1773	1223	754	523	585	1283	2970	669	337	533	134	1781	1526	723	653	1754	885	2123	445	1610	1083	2760	1577	1092	1208	512	1129	1009	298	447	27	373	205	1693	292	913	1877	1962	10	348	370	166	1206	163	3044	446	1126	22	1822	418
431	585	344	171	737	308	949	645	333	453	477	641	499	172	324	409	975	327	164	175	974	529	171	0	479	39	234	335	2005	402	3321	515	1139	398	1042	1689	1349	2047	392	3126	727	644	935	602	273	543	1384	740	428	427	178	98	271	330	604	1656	477	198	125	485	315	84	464	348	2033	255	409	1348	1040	774	1508	161	495	2138	1952	1044	463	1657	353	389	853	361	166	521	992	1847	223	1110	962	439	628	121	226	1394	267	333	2299	1498	1497	2267	1336	335	1302	1257	125	339	409	627	344	2171	326	491	529	372	698	1188	174	1418	1093	284	1631	770	490	906	473	499	236	1692	335	219	843	327	692	110	1581	535	903	1791	2105	1229	1796	324	348	288	183	1002	711	988	478	284	624	1351	556	99	630	897	1019	1016	1151	5	451	466	2552	396	2034	406	1043	214	610	2603	495	546	1421	737	790	903	623	2448	691	576	977	330	185	124	1018	840	315	730	1535	516	2002	582	455	336	174	271	1203	365	412	142	240	1410	275	440	2602	560	169	275	508	495	437	1465	315	511	1477	698	212	782	1469	1029	520	852	582	515	598	851	329	1110	1123	170	549	547	7	928	1537	1052	142	494	95	1713	368	992	163	1748	1234	774	576	441	1405	2843	821	187	688	239	1654	1638	692	510	1750	1011	1995	321	1491	1094	2657	1616	999	1348	516	1112	866	196	515	159	501	368	1522	255	1048	1757	1791	163	176	205	12	1060	223	3002	508	1073	188	1984	396
370	988	453	648	1158	202	1254	498	548	491	388	346	559	577	355	200	509	207	640	648	725	563	311	479	0	442	348	273	1952	653	3549	405	1359	558	1139	1287	881	2484	871	3207	1121	556	1276	340	232	673	1203	782	56	592	304	400	235	468	206	1974	388	565	405	285	463	407	850	342	2295	556	200	1819	1401	735	1455	318	213	2160	2421	1404	28	1673	721	625	377	432	642	360	1184	1873	328	1366	701	39	668	382	337	1549	241	489	2437	1440	1792	2410	1303	273	1473	788	402	337	200	514	568	2467	356	252	563	517	304	1142	647	1583	1027	230	1771	756	504	1297	882	274	302	2023	598	493	1201	207	799	377	1997	806	1285	2247	2337	1362	1823	355	342	235	300	1428	642	1370	313	230	201	1053	561	575	535	886	757	757	1068	482	843	751	2810	538	2478	337	1426	425	335	2956	213	820	1372	1158	448	1285	202	2674	834	485	1301	251	300	409	757	1251	463	1001	1670	567	2178	459	368	219	647	235	1632	309	147	394	352	1536	230	354	2954	326	619	462	570	881	223	1228	463	416	1940	1007	663	927	1457	1383	413	951	459	415	195	1237	789	671	1572	308	381	436	483	1317	1808	753	394	270	392	2145	287	1184	321	1779	1182	735	485	839	1171	3153	505	648	243	344	1974	1431	799	905	1724	783	2315	686	1791	1051	2897	1633	1243	1051	567	1146	1247	596	405	331	214	201	1987	556	785	2055	2258	317	653	681	476	1446	329	3064	416	1205	300	1579	538
396	604	341	206	760	269	956	611	318	426	443	602	475	181	290	370	940	287	198	208	958	504	138	39	442	0	218	297	1984	420	3325	481	1138	380	1030	1663	1310	2075	430	3117	746	613	947	564	233	527	1354	719	391	410	145	79	240	306	565	1668	443	223	93	447	290	64	479	313	2040	273	370	1382	1056	749	1486	125	456	2123	1986	1059	427	1666	362	379	815	356	200	485	988	1832	186	1114	945	402	606	84	190	1389	237	311	2294	1476	1506	2262	1315	297	1298	1218	91	304	370	594	331	2182	292	452	504	351	659	1165	207	1413	1068	245	1624	746	463	925	492	460	212	1705	326	229	857	287	676	83	1605	534	921	1822	2109	1221	1781	290	313	249	149	1027	683	1006	441	245	585	1333	553	139	599	874	1002	999	1126	44	467	465	2558	376	2063	371	1061	187	571	2620	456	546	1399	760	751	921	583	2452	679	544	987	292	152	93	1001	862	290	732	1528	492	2000	548	420	297	207	240	1229	328	381	109	225	1401	244	405	2619	523	206	252	484	510	398	1452	290	478	1509	704	250	772	1450	1043	487	837	548	481	566	869	358	1079	1152	134	514	514	45	947	1544	1032	109	470	70	1740	347	988	131	1733	1211	749	544	458	1392	2856	798	226	649	223	1666	1629	676	527	1730	997	2008	328	1501	1071	2662	1625	1000	1330	492	1095	883	226	481	129	462	340	1555	273	1031	1767	1824	129	211	244	42	1079	185	2992	475	1064	156	1957	376
493	819	151	389	970	277	1174	698	507	567	535	624	628	399	404	387	790	307	385	400	741	651	131	234	348	218	0	362	2132	317	3539	570	1347	558	1212	1465	1223	2273	585	3306	961	724	1165	597	257	705	1449	880	291	592	131	138	117	468	531	1886	535	225	267	492	455	154	696	415	2256	208	387	1555	1273	883	1630	152	463	2294	2158	1277	323	1486	581	578	717	153	386	553	1191	2002	294	1327	728	312	761	236	305	1587	112	481	2493	1618	1724	2462	1464	362	1499	1130	263	406	387	694	524	2400	406	480	651	521	633	1308	398	1614	1202	273	1822	890	598	1140	707	496	50	1923	529	145	1075	307	854	139	1812	745	1137	2008	2322	1414	1951	404	415	283	129	1233	804	1222	501	273	538	1117	350	296	706	1023	785	782	1255	233	684	676	2775	548	2256	458	1277	357	599	2837	463	757	1544	970	758	1137	538	2665	866	648	1206	344	123	270	784	1073	455	945	1723	643	2205	640	510	327	398	117	1433	410	227	273	9	1594	122	492	2836	564	305	425	639	728	423	1234	455	572	1691	921	345	961	1607	1261	577	1017	640	575	402	1085	556	904	1346	151	582	607	233	1163	1760	819	273	268	148	1940	138	1191	123	1905	1352	883	648	674	1174	3074	591	340	589	6	1884	1411	854	743	1885	779	2226	546	1718	1213	2876	1445	1211	1114	643	1261	1100	262	570	111	468	169	1734	208	814	1985	2000	139	396	389	223	1294	294	3175	570	1255	113	1758	548
133	733	513	472	907	100	980	336	277	232	173	306	301	357	82	95	767	76	462	465	970	313	241	335	273	297	362	0	1775	666	3286	207	1091	285	895	1560	1051	2231	696	2982	861	362	1005	267	107	407	1088	544	257	319	237	309	269	195	298	1700	173	502	215	150	191	304	596	72	2025	530	95	1598	1131	528	1273	227	171	1952	2194	1135	279	1835	467	353	584	508	464	195	919	1662	112	1094	949	247	424	213	112	1295	271	216	2192	1261	1519	2163	1110	0	1215	961	214	65	95	331	297	2195	83	158	313	244	378	952	463	1327	844	92	1522	539	255	1033	634	164	317	1749	330	469	932	76	542	284	1736	533	1020	2007	2071	1111	1611	82	72	81	238	1175	444	1104	147	92	327	1315	692	431	343	673	1006	1006	894	340	591	480	2542	265	2229	96	1160	179	275	2682	171	547	1187	907	456	1020	324	2410	571	285	1028	24	243	217	1006	995	191	728	1421	312	1922	277	147	57	463	269	1379	49	327	198	371	1289	267	129	2681	226	503	196	313	625	110	1477	191	210	1708	734	547	666	1257	1112	214	702	277	212	463	973	577	940	1331	222	225	244	342	1053	1537	1013	198	470	292	1891	407	919	253	1565	995	528	285	589	1419	2880	763	522	396	363	1701	1673	542	650	1533	1023	2041	435	1517	857	2631	1795	971	1313	312	922	982	516	207	268	177	335	1756	530	1035	1782	2029	238	475	531	339	1181	113	2845	208	952	252	1851	265
1642	1779	2283	2020	1844	1872	1452	1459	1674	1567	1604	1613	1511	1876	1728	1784	2175	1843	2011	1999	2657	1485	2002	2005	1952	1984	2132	1775	0	2405	2140	1573	1174	1606	1010	2937	1926	2506	2131	1383	1744	1415	1562	1612	1882	1465	820	1265	1976	1579	2001	2040	2044	1679	1774	1546	1604	2204	1896	1679	1695	2029	1758	1716	1407	2258	1784	2426	1626	1248	502	1983	1741	364	2798	1628	1975	3610	1761	1632	1924	2282	2013	1605	1179	335	1840	1276	2631	1954	1379	1919	1829	902	2047	1673	951	514	1403	953	669	1775	982	1913	1899	1726	1784	1451	1665	1657	1726	1706	1485	1633	1713	824	1998	926	931	1867	797	1243	1534	1736	1807	1684	2089	1624	1685	2209	1621	1843	1321	2022	2069	1554	1701	2524	1293	931	358	1728	1716	1857	2003	1911	1331	1709	1657	1867	1800	2922	2467	2057	1434	1111	2681	2683	885	2011	1773	1611	1693	1608	2566	1678	1719	1798	1619	2263	1741	1551	588	1844	1568	1701	1796	1459	1337	1491	1501	1797	2009	1895	2683	1813	1695	1451	798	1495	987	1507	1629	1822	1998	2044	1996	1725	2073	1883	2141	820	2042	1647	2260	1626	2143	1732	1501	1749	1750	3136	1695	1568	2405	1533	2169	1263	540	1602	1566	1174	1507	1567	2127	1715	1962	2371	2102	1982	1579	1537	2012	1730	1304	2655	1883	2216	2022	2261	2179	1179	2011	392	779	1248	1491	1787	3084	2183	2427	2137	1817	2134	1558	3348	1321	1768	266	2720	1695	1771	1420	918	1670	3569	1282	2922	1495	902	1699	2196	1573	2026	1739	2100	2452	2258	2707	1480	2655	1996	2016	2100	2016	1737	1840	1211	1569	1029	2018	3170	1608
790	894	206	452	1006	591	1301	1002	736	841	835	941	894	556	690	702	1025	619	456	473	777	922	425	402	653	420	317	666	2405	0	3674	872	1519	800	1444	1577	1505	2227	535	3523	1030	1018	1266	913	566	946	1754	1140	598	829	429	367	434	725	846	1978	835	209	508	804	710	378	804	707	2382	147	702	1457	1352	1165	1905	439	781	2541	2048	1355	626	1265	722	790	1004	234	456	861	1383	2250	576	1479	777	621	1025	487	585	1787	429	731	2688	1895	1837	2655	1735	666	1692	1413	506	698	702	993	747	2499	692	795	922	771	948	1584	472	1808	1485	582	2023	1165	877	1198	791	810	367	2004	736	198	1169	619	1094	389	1809	924	1204	1934	2466	1626	2199	690	707	591	428	1243	1093	1283	810	582	850	1150	289	377	1002	1294	824	820	1541	397	788	854	2896	797	2199	758	1333	606	916	2883	781	933	1819	1006	1076	1204	850	2809	1093	944	1318	651	423	509	821	1113	710	1108	1929	911	2383	941	810	638	472	434	1426	710	514	522	310	1806	439	793	2882	878	307	672	904	831	738	1205	710	872	1610	1062	310	1184	1871	1346	878	1254	941	875	651	1152	601	1094	1310	444	891	907	396	1221	1889	885	522	474	385	1910	377	1383	413	2151	1630	1165	944	775	1147	3154	716	333	896	319	1974	1348	1094	836	2151	790	2309	696	1829	1490	3009	1224	1375	1145	911	1514	1170	233	872	398	786	455	1648	147	849	2090	1900	428	459	395	391	1346	576	3401	869	1472	416	1862	797
3179	2783	3665	3223	2697	3380	2375	3103	3043	3058	3165	3303	2991	3149	3208	3349	3958	3362	3221	3204	4252	2986	3421	3321	3549	3325	3539	3286	2140	3674	0	3155	2197	3010	2427	4782	3894	2129	3176	1112	2653	3027	2409	3276	3369	2879	2809	2779	3543	2974	3424	3404	3510	3105	3451	1720	3165	3475	3274	3276	3115	3388	2872	3214	1292	3548	3349	2714	2336	2859	2382	3399	3355	1776	2610	2333	3561	4920	2968	2967	3705	3681	3221	3207	2367	1935	3282	2211	4233	3530	2885	3306	3270	2009	3510	3087	1220	2404	1839	1231	2436	3286	2078	3853	3278	3221	3349	3071	3025	1213	3206	3313	2986	3051	3440	2567	3204	1971	2671	3360	1806	2827	3046	2500	2883	3292	3519	1715	3012	3532	2507	3362	2750	3400	2130	2794	2486	2411	1217	2198	1964	3208	3214	3351	3428	2525	2951	2417	3244	3360	3487	4601	3877	3308	3046	2717	4290	4290	2672	3323	2887	2862	787	3026	2218	3212	2375	3194	3289	1201	3355	2782	2422	2697	3340	2486	3483	876	2716	3084	2356	3310	3435	3271	4290	2596	3115	2593	1906	2982	1388	3118	3183	3344	3204	3510	2417	3243	3609	3271	3547	2038	3511	3196	1199	3264	3367	3133	2979	2843	3328	4759	3115	3142	2571	2623	3365	2622	2295	2337	3148	2603	3118	3144	3745	2537	3074	4157	2577	3404	3195	3130	3324	2478	1785	4299	3271	3746	3391	2187	3649	2367	3424	1984	2548	2859	3084	2900	4700	789	4050	3341	3536	3544	1727	4947	2750	2838	2162	4301	1430	3000	1848	2627	664	4880	2328	4599	2982	2467	2517	3443	3155	3432	3356	3603	2584	3548	4320	1595	2577	3411	3216	3280	3333	2369	3282	1250	3142	2350	3443	5054	3026
