NAME : VRPTW_INSTANCE_89.txt
COMMENT : Bangkok Supermarket
TYPE : VRPTW
DIMENSION : 215
DAYS : Thursday
EDGE_WEIGHT_TYPE : EXPLICIT
VEHICLES : 29
EDGE_WEIGHT_FORMAT : FULL_MATRIX
CAPACITY : 1000
EDGE_WEIGHT_SECTION
0	885	214	43	403	451	611	418	418	639	863	96	102	845	376	1980	124	379	182	96	441	501	97	1003	97	1142	450	1870	225	353	348	196	525	1629	38	1149	641	305	2717	437	701	2972	1131	373	977	428	621	1813	612	413	1532	288	579	1247	601	2063	248	170	111	1155	412	116	307	1430	359	298	1041	1697	396	438	1004	288	2692	525	1851	1996	309	1692	652	355	582	1036	437	208	608	30	1902	1727	91	1027	982	428	1606	368	3007	392	244	155	2348	1321	1627	305	481	880	189	477	496	1054	428	544	1428	232	950	436	419	409	399	853	652	977	513	236	359	118	737	863	1806	146	258	586	264	544	422	248	248	383	306	533	101	412	250	404	197	2421	91	172	246	505	234	650	596	149	202	185	2065	309	1293	601	1236	153	525	1006	150	1311	412	1975	1117	650	37	370	455	412	183	992	140	1036	212	1154	197	121	177	942	1054	631	379	437	385	404	172	199	3563	1723	501	1881	1020	398	308	382	2023	2737	1860	481	210	91	85	1321	395	1587	1263	88	1578	1029	534	422	261
885	0	1078	915	722	981	1049	1270	1270	1410	1147	968	802	122	1251	1546	937	1252	935	968	1262	1334	920	1115	802	1214	723	1336	1109	1208	1222	736	387	1869	923	1441	1463	1138	1863	1258	1473	2301	1959	1249	454	538	994	943	1374	1298	904	1137	1142	384	1038	1431	920	1033	933	1385	1274	932	1131	1256	532	1126	1052	1677	1227	1256	778	986	2064	387	1131	2558	1141	1309	1067	1078	454	1045	1260	1093	1048	914	2771	1259	914	1032	449	578	1885	1229	2497	1277	1128	1040	2422	1551	1822	1138	1361	1753	752	845	1376	172	578	1273	1324	653	535	1257	495	1232	494	336	1067	454	1182	883	532	784	799	27	2037	1018	1142	1024	913	342	1283	920	920	1217	1138	1021	944	1270	1041	1259	962	2049	914	936	885	1012	970	1500	1469	1008	1018	863	2189	1141	717	1038	1338	960	387	252	1000	804	1260	2103	1187	1500	921	1245	761	1274	1066	449	938	1045	681	583	1082	930	928	978	172	1250	1257	989	516	1243	936	852	2959	2569	1014	2735	1711	1283	1140	1231	2023	1903	1324	1361	1096	914	812	1551	504	1778	400	906	767	1037	1256	1281	885
214	1078	0	206	603	404	555	204	204	439	814	117	316	1026	173	2040	260	174	174	117	233	439	250	987	311	1123	522	1956	126	294	144	347	702	1536	185	1266	571	103	2883	230	666	3076	1025	171	1112	578	589	1990	416	240	1651	76	675	1427	548	2168	238	196	251	1286	200	256	112	1451	546	103	1048	1667	187	231	1075	404	2787	702	1982	2000	108	1749	595	428	725	1045	229	97	552	192	1746	1802	164	1038	1118	562	1503	295	3067	229	93	112	2276	1246	1545	103	285	735	332	496	300	1250	562	368	1432	437	1068	229	591	203	584	1003	595	1112	373	402	546	332	781	1058	1709	176	140	536	258	735	210	238	238	348	105	476	228	198	121	190	157	2455	164	166	410	450	353	437	465	202	273	243	1988	108	1412	548	1200	270	702	1214	219	1414	199	1898	1101	437	185	167	511	200	128	1129	275	1045	423	1281	96	262	177	956	1250	694	181	384	564	356	166	259	3643	1591	443	1740	1007	230	106	325	1976	2894	1947	285	96	164	299	1246	576	1508	1464	254	1738	1039	363	209	425
43	915	206	0	398	484	645	408	408	642	899	98	118	880	357	2024	85	361	211	98	439	459	61	1042	115	1181	493	1914	194	312	331	240	562	1660	25	1118	598	305	2754	435	657	3015	1089	354	1019	469	658	1847	616	385	1575	283	542	1281	635	2106	281	128	72	1126	399	77	309	1473	395	300	1082	1736	393	436	1047	252	2735	562	1892	1954	309	1735	686	314	624	1078	435	181	642	24	1865	1770	119	1069	1024	471	1636	328	3051	363	219	127	2383	1355	1660	305	458	844	233	517	473	1084	471	555	1470	262	993	434	457	408	434	893	686	1019	533	212	395	135	780	893	1837	106	227	621	299	577	410	281	281	340	306	566	58	400	263	394	222	2465	119	200	222	538	197	637	559	106	159	224	2099	309	1336	635	1274	112	562	1029	106	1354	404	2009	1157	637	27	352	498	399	150	1034	102	1078	237	1196	171	83	207	984	1084	591	359	470	422	362	200	239	3606	1684	533	1842	976	369	308	341	2061	2775	1904	458	184	119	104	1355	432	1620	1289	56	1616	1070	546	410	237
403	722	603	398	0	807	957	801	801	1040	1185	494	308	740	736	2102	352	743	572	494	836	663	355	1280	316	1416	691	1944	554	573	714	448	514	1972	421	855	776	703	2580	833	763	2987	1259	734	998	536	947	1657	1014	735	1550	680	423	1106	946	2092	621	449	358	835	788	354	707	1635	397	698	1286	1966	791	834	1155	303	2730	514	1825	1873	707	1827	995	383	653	1281	833	556	954	416	2095	1827	489	1269	1000	573	1957	598	3110	708	595	507	2660	1652	1958	703	822	1101	458	774	836	864	573	947	1659	304	1014	832	469	806	414	849	995	998	910	225	397	299	962	694	2150	451	581	929	632	466	798	621	621	560	704	886	379	790	653	786	593	2579	489	565	221	861	313	1023	831	429	393	543	2386	707	1324	946	1525	356	514	744	413	1374	798	2295	1389	1023	422	732	715	788	515	1007	341	1281	272	1176	547	348	566	1187	864	528	735	799	430	587	565	548	3620	1872	858	2043	989	718	706	586	2307	2624	1933	822	559	489	326	1652	431	1916	1026	350	1485	1272	937	799	211
451	981	404	484	807	0	160	460	460	463	417	410	513	891	514	1658	570	506	275	410	403	843	546	583	505	719	262	1598	528	698	492	364	604	1178	461	1600	973	358	2643	399	1070	2728	1407	513	852	450	185	1795	426	610	1340	389	1027	1260	150	1830	203	564	557	1603	485	562	342	1053	522	346	648	1266	396	394	720	736	2431	604	1685	2403	357	1368	201	791	537	645	402	497	157	460	2063	1435	365	639	860	405	1157	699	2682	610	497	487	1898	870	1175	358	610	1090	351	154	620	1148	405	319	1029	519	781	399	514	386	546	787	201	852	212	685	522	516	415	970	1356	537	545	137	186	677	488	203	203	749	357	81	540	475	282	459	271	2058	365	286	695	54	682	628	847	556	629	271	1614	357	1109	150	800	595	604	1184	568	1088	445	1524	696	628	458	508	227	485	516	872	587	645	540	997	493	568	278	559	1148	1069	528	20	516	759	286	262	3271	1942	50	2078	1410	606	358	729	1582	2634	1590	610	497	365	497	870	526	1135	1381	539	1504	639	301	482	710
611	1049	555	645	957	160	0	577	577	506	259	570	669	947	645	1548	731	636	436	570	508	992	706	441	661	572	334	1510	681	850	626	509	693	1020	622	1760	1118	496	2620	506	1220	2643	1534	644	848	545	70	1802	472	744	1290	529	1187	1289	12	1755	363	723	717	1762	606	722	479	925	642	484	521	1111	513	500	652	897	2340	693	1638	2556	493	1260	41	951	595	520	509	650	3	621	2152	1341	526	515	857	495	1001	849	2565	747	647	644	1738	710	1015	496	730	1207	499	212	738	1208	495	374	891	661	763	505	618	499	659	811	41	848	267	845	642	672	358	1041	1198	696	695	28	346	774	606	363	363	903	494	79	700	595	433	580	431	1929	526	446	855	107	842	707	980	716	789	429	1454	493	1068	12	645	755	693	1269	727	1031	562	1363	551	707	619	639	297	606	672	868	747	520	686	972	647	729	439	443	1208	1229	659	176	629	911	446	419	3165	2049	113	2178	1562	742	495	880	1424	2601	1503	730	650	526	654	710	638	975	1443	699	1496	514	357	600	869
418	1270	204	408	801	460	577	0	0	270	821	321	520	1210	96	2117	450	85	337	321	78	471	446	1017	515	1144	653	2057	261	367	101	534	887	1472	389	1399	573	133	3047	79	694	3186	958	98	1262	751	630	2166	258	187	1782	133	809	1608	574	2284	372	365	443	1429	33	448	143	1502	738	146	1097	1665	64	85	1177	569	2890	887	2121	2024	131	1827	612	567	890	1095	76	249	574	396	1609	1895	361	1090	1269	728	1430	353	3138	202	213	294	2226	1207	1493	133	153	632	517	593	162	1442	728	262	1467	639	1206	79	776	77	776	1166	612	1262	326	589	738	536	872	1251	1639	354	245	567	386	928	30	372	372	424	133	510	421	21	235	15	311	2506	361	334	597	488	525	233	410	379	438	411	1934	131	1546	574	1203	453	887	1415	396	1536	14	1847	1125	233	388	95	633	33	292	1280	463	1095	627	1423	257	454	343	1014	1442	804	108	439	753	419	334	424	3730	1482	481	1619	1035	192	131	390	1954	3051	2049	153	247	361	503	1207	765	1459	1661	451	1902	1089	267	23	611
418	1270	204	408	801	460	577	0	0	270	821	321	520	1210	96	2117	450	85	337	321	78	471	446	1017	515	1144	653	2057	261	367	101	534	887	1472	389	1399	573	133	3047	79	694	3186	958	98	1262	751	630	2166	258	187	1782	133	809	1608	574	2284	372	365	443	1429	33	448	143	1502	738	146	1097	1665	64	85	1177	569	2890	887	2121	2024	131	1827	612	567	890	1095	76	249	574	396	1609	1895	361	1090	1269	728	1430	353	3138	202	213	294	2226	1207	1493	133	153	632	517	593	162	1442	728	262	1467	639	1206	79	776	77	776	1166	612	1262	326	589	738	536	872	1251	1639	354	245	567	386	928	30	372	372	424	133	510	421	21	235	15	311	2506	361	334	597	488	525	233	410	379	438	411	1934	131	1546	574	1203	453	887	1415	396	1536	14	1847	1125	233	388	95	633	33	292	1280	463	1095	627	1423	257	454	343	1014	1442	804	108	439	753	419	334	424	3730	1482	481	1619	1035	192	131	390	1954	3051	2049	153	247	361	503	1207	765	1459	1661	451	1902	1089	267	23	611
639	1410	439	642	1040	463	506	270	270	0	697	545	740	1332	365	2039	699	354	499	545	209	727	689	909	733	1018	716	2015	525	636	371	695	1023	1247	618	1669	811	337	3105	211	940	3147	1122	366	1316	872	575	2256	37	441	1792	363	1079	1714	510	2262	493	625	690	1699	298	695	333	1401	898	342	1008	1498	254	209	1158	833	2843	1023	2139	2249	332	1755	528	836	986	1008	212	509	505	624	1657	1844	561	1006	1324	836	1198	620	3044	462	477	546	2006	1010	1279	337	371	776	678	618	369	1581	836	143	1348	830	1243	212	917	237	932	1247	528	1316	252	841	898	753	857	1395	1407	610	513	511	498	1080	289	493	493	692	336	471	668	289	398	284	473	2390	561	502	849	461	786	227	625	636	700	562	1713	332	1565	510	1053	707	1023	1586	653	1535	265	1629	1005	227	617	364	685	298	551	1335	714	1008	829	1458	515	702	506	942	1581	1073	375	448	905	685	502	568	3655	1578	455	1694	1273	451	334	656	1763	3095	2008	371	507	561	722	1010	917	1248	1810	692	1968	1004	162	285	864
863	1147	814	899	1185	417	259	821	821	697	0	828	912	1032	896	1346	985	886	693	828	747	1250	960	213	904	325	508	1343	941	1109	879	739	841	788	877	2007	1374	751	2546	745	1479	2469	1777	896	847	712	242	1784	668	995	1189	786	1442	1319	267	1605	618	982	971	2004	852	977	734	703	832	741	322	852	759	739	560	1151	2161	841	1536	2815	749	1065	219	1209	710	324	749	910	263	875	2353	1167	781	325	856	661	781	1108	2347	1001	906	904	1485	467	773	751	973	1443	731	411	980	1289	661	587	653	882	746	745	791	743	840	856	219	847	496	1093	832	913	353	1145	966	955	954	280	600	928	851	618	618	1162	750	339	956	840	693	825	689	1696	781	703	1102	366	1097	917	1229	974	1046	678	1205	749	992	267	386	1011	841	1387	985	930	806	1114	309	917	874	890	477	852	932	866	1001	324	912	928	907	983	695	284	1289	1486	910	435	812	1170	703	666	2960	2270	373	2391	1821	995	750	1140	1164	2511	1337	973	910	781	899	467	819	730	1520	952	1460	322	574	844	1116
96	968	117	98	494	410	570	321	321	545	828	0	199	921	284	1998	172	286	136	0	344	469	153	983	193	1121	465	1900	159	317	256	249	598	1578	73	1204	607	209	2787	341	684	3011	1085	282	1029	485	591	1888	519	333	1578	191	621	1323	561	2103	212	155	159	1216	317	165	212	1429	437	203	1032	1673	300	342	1024	334	2727	598	1903	2002	213	1708	611	381	637	1028	341	134	567	78	1835	1751	67	1020	1035	476	1550	326	3026	315	163	93	2307	1277	1581	209	393	816	236	467	408	1139	476	457	1419	321	993	340	489	313	476	913	611	1029	438	308	437	214	743	947	1754	127	190	547	232	626	327	212	212	359	210	490	139	316	167	308	139	2428	67	125	317	462	279	554	536	145	218	178	2021	213	1338	561	1208	191	598	1098	157	1348	316	1931	1098	554	72	278	462	317	126	1045	188	1028	306	1203	124	172	135	936	1139	658	289	394	458	375	125	196	3591	1667	457	1820	1015	319	212	348	1993	2802	1891	393	136	67	182	1277	470	1541	1351	152	1644	1021	448	326	332
102	802	316	118	308	513	669	520	520	740	912	199	0	771	474	1969	142	477	264	199	543	550	120	1035	8	1174	458	1846	311	412	447	188	460	1690	132	1094	687	407	2648	539	730	2936	1183	471	933	388	670	1737	711	503	1492	390	546	1171	658	2028	317	231	135	1093	513	136	408	1441	293	400	1062	1730	499	540	994	267	2661	460	1802	1993	411	1683	709	352	540	1057	539	299	666	124	1973	1709	181	1047	937	400	1670	430	2994	480	337	245	2398	1376	1683	407	576	952	190	510	591	969	400	640	1447	151	916	538	361	512	331	800	709	933	601	184	293	17	748	779	1867	216	344	642	330	466	524	317	317	430	408	593	142	513	346	506	284	2421	181	256	194	567	222	751	668	207	230	242	2118	411	1255	658	1274	170	460	911	200	1281	515	2027	1148	751	132	468	471	513	267	946	149	1057	120	1112	289	136	257	963	969	614	476	502	323	454	256	251	3538	1784	563	1945	1032	487	410	437	2062	2672	1836	576	302	181	18	1376	332	1641	1172	106	1514	1049	629	523	207
845	122	1026	880	740	891	947	1210	1210	1332	1032	921	771	0	1200	1452	912	1200	873	921	1196	1316	892	993	771	1092	629	1253	1070	1183	1171	679	324	1747	884	1506	1450	1077	1876	1192	1471	2252	1947	1198	342	462	889	967	1296	1255	831	1080	1164	402	936	1368	849	1002	906	1456	1217	906	1068	1137	485	1064	930	1556	1163	1189	656	981	2005	324	1086	2602	1079	1207	962	1074	354	923	1193	1051	946	875	2744	1166	863	910	338	496	1764	1202	2420	1235	1084	1000	2300	1429	1700	1077	1312	1723	694	748	1327	261	496	1192	1204	620	416	1191	434	1166	446	214	962	342	1097	876	485	754	681	132	1915	985	1103	923	840	305	1225	849	849	1197	1077	924	914	1212	977	1200	899	1952	863	875	879	917	958	1436	1439	978	996	799	2067	1079	628	936	1216	937	324	375	971	707	1199	1981	1064	1436	882	1193	666	1217	1028	339	914	923	653	486	1040	905	867	856	261	1268	1207	900	462	1223	875	787	2899	2553	920	2716	1727	1240	1079	1208	1903	1905	1242	1312	1053	863	779	1429	451	1656	495	878	751	915	1175	1223	881
376	1251	173	357	736	514	645	96	96	365	896	284	474	1200	0	2172	384	11	339	284	172	376	384	1087	470	1216	678	2101	183	271	29	521	876	1564	341	1304	484	157	3054	172	601	3226	893	2	1278	750	693	2164	355	99	1811	133	716	1601	641	2322	390	289	378	1336	66	382	173	1566	719	170	1160	1745	142	178	1219	486	2934	876	2145	1935	158	1881	682	477	896	1158	169	180	642	349	1581	1943	337	1152	1285	732	1524	256	3196	108	141	232	2317	1295	1584	157	112	581	506	634	126	1423	732	355	1537	606	1230	172	765	162	758	1174	682	1278	409	517	719	491	918	1231	1732	284	160	633	408	909	75	390	390	328	158	574	358	75	253	84	317	2571	337	333	524	550	446	286	334	307	358	412	2026	158	1573	641	1281	381	876	1382	324	1569	106	1938	1197	286	342	7	662	66	221	1296	395	1158	588	1445	190	388	344	1074	1423	708	13	494	738	322	333	427	3782	1437	542	1581	943	100	157	293	2040	3064	2093	112	177	337	459	1295	750	1549	1636	392	1909	1152	358	80	537
1980	1546	2040	2024	2102	1658	1548	2117	2117	2039	1346	1998	1969	1452	2172	0	2098	2164	1873	1998	2054	2467	2070	1132	1964	1041	1533	277	2150	2315	2148	1788	1588	1348	2011	2936	2604	2015	1615	2051	2680	1153	3063	2170	1123	1591	1489	1334	2009	2265	687	2042	2495	1335	1549	489	1802	2144	2086	2895	2144	2089	1998	648	1719	2001	1031	839	2053	2045	976	2236	837	1588	745	3958	2014	291	1519	2321	1453	1031	2054	2119	1550	2005	3696	286	1932	1034	1124	1570	1421	2323	1028	2262	2132	2090	1361	1248	1254	2015	2268	2749	1793	1543	2278	1541	1570	1918	730	1852	1090	2050	1643	2041	1694	1274	1519	1123	1815	2142	1719	1959	1258	1568	1403	2117	2174	1553	1782	1646	2145	1802	1802	2356	2014	1608	2080	2133	1926	2117	1885	506	1932	1882	2149	1629	2192	2252	2501	2127	2182	1819	1296	2014	829	1549	1054	2128	1588	1753	2130	745	2102	1257	1047	2252	2008	2165	1535	2144	2124	1120	2110	1031	1894	965	2112	2093	1871	1104	1541	2578	2185	1679	1684	2373	1882	1802	1616	3597	1636	3726	2999	2260	2015	2346	994	1507	287	2268	2121	1932	1965	1248	1680	1233	1645	2058	1074	1035	1903	2140	2158
124	937	260	85	352	570	731	450	450	699	985	172	142	912	384	2098	0	390	295	172	492	407	27	1127	145	1266	571	1981	203	271	361	309	603	1745	108	1034	544	364	2788	489	590	3076	1041	381	1074	527	744	1876	676	390	1633	336	457	1310	721	2168	367	102	13	1045	435	8	371	1553	436	361	1165	1821	446	491	1121	166	2799	603	1945	1873	368	1810	772	230	680	1161	488	203	727	110	1835	1841	205	1152	1078	535	1719	292	3124	364	242	156	2469	1440	1745	364	473	815	305	602	488	1102	535	624	1552	292	1054	488	504	463	473	943	772	1074	610	141	436	159	860	913	1921	99	232	706	385	606	446	367	367	287	365	651	33	438	338	435	305	2543	205	285	150	624	111	670	532	79	88	309	2185	368	1395	721	1359	30	603	1030	66	1418	449	2094	1241	670	111	380	578	435	162	1088	16	1161	258	1253	195	6	292	1067	1102	506	383	555	466	312	285	324	3674	1642	619	1804	901	373	367	296	2146	2814	1971	473	206	205	139	1440	475	1705	1298	40	1656	1153	616	447	164
379	1252	174	361	743	506	636	85	85	354	886	286	477	1200	11	2164	390	0	336	286	161	388	390	1077	474	1207	673	2095	190	282	30	520	876	1553	345	1315	495	150	3052	161	613	3220	901	12	1275	749	684	2163	344	109	1806	129	727	1600	632	2316	386	297	385	1346	55	389	166	1557	720	164	1152	1735	131	166	1212	495	2927	876	2141	1946	150	1873	673	487	894	1150	158	186	633	353	1585	1936	338	1144	1281	730	1512	268	3188	120	147	237	2306	1284	1573	150	115	587	505	627	128	1423	730	343	1527	608	1225	160	765	150	758	1171	673	1275	398	525	720	495	911	1232	1721	291	169	624	403	909	64	386	386	339	151	565	364	64	248	72	313	2562	338	331	532	541	454	279	344	314	366	409	2014	150	1568	632	1271	388	876	1385	331	1564	94	1927	1187	279	345	11	657	55	228	1292	401	1150	591	1441	195	394	341	1066	1423	719	24	485	738	334	331	424	3774	1443	534	1586	955	111	150	304	2029	3061	2087	115	183	338	462	1284	750	1538	1637	397	1907	1144	347	68	545
182	935	174	211	572	275	436	337	337	499	693	136	264	873	339	1873	295	336	0	136	327	595	272	847	256	985	348	1784	276	444	310	201	550	1449	187	1329	731	203	2716	323	815	2902	1197	337	940	415	454	1830	467	414	1477	209	752	1271	426	1994	76	292	282	1336	346	287	195	1296	407	191	897	1536	291	322	904	462	2614	550	1809	2138	206	1582	477	516	557	893	325	246	433	186	1918	1632	91	885	946	394	1425	450	2901	403	260	222	2174	1145	1449	203	451	909	184	334	465	1107	394	385	1284	331	894	322	440	297	443	835	477	940	338	418	407	273	615	917	1626	264	301	412	96	595	353	76	76	490	203	356	265	340	106	327	27	2297	91	10	428	329	407	564	639	282	353	74	1889	206	1238	426	1072	319	550	1093	292	1240	326	1799	961	564	184	332	339	346	254	957	312	893	333	1108	239	294	7	802	1107	793	348	260	419	504	10	88	3472	1766	323	1914	1150	404	206	476	1857	2725	1775	451	247	91	246	1145	431	1410	1329	266	1571	886	372	350	443
96	968	117	98	494	410	570	321	321	545	828	0	199	921	284	1998	172	286	136	0	344	469	153	983	193	1121	465	1900	159	317	256	249	598	1578	73	1204	607	209	2787	341	684	3011	1085	282	1029	485	591	1888	519	333	1578	191	621	1323	561	2103	212	155	159	1216	317	165	212	1429	437	203	1032	1673	300	342	1024	334	2727	598	1903	2002	213	1708	611	381	637	1028	341	134	567	78	1835	1751	67	1020	1035	476	1550	326	3026	315	163	93	2307	1277	1581	209	393	816	236	467	408	1139	476	457	1419	321	993	340	489	313	476	913	611	1029	438	308	437	214	743	947	1754	127	190	547	232	626	327	212	212	359	210	490	139	316	167	308	139	2428	67	125	317	462	279	554	536	145	218	178	2021	213	1338	561	1208	191	598	1098	157	1348	316	1931	1098	554	72	278	462	317	126	1045	188	1028	306	1203	124	172	135	936	1139	658	289	394	458	375	125	196	3591	1667	457	1820	1015	319	212	348	1993	2802	1891	393	136	67	182	1277	470	1541	1351	152	1644	1021	448	326	332
441	1262	233	439	836	403	508	78	78	209	747	344	543	1196	172	2054	492	161	327	344	0	548	483	947	537	1071	616	2001	317	439	170	529	876	1393	416	1466	651	136	3017	3	773	3132	1029	173	1227	734	565	2144	191	265	1737	156	875	1589	506	2233	347	415	483	1493	112	488	137	1434	735	144	1030	1589	45	8	1123	623	2834	876	2079	2103	131	1764	542	630	865	1028	3	300	506	423	1660	1837	371	1024	1234	705	1352	427	3073	280	268	337	2147	1128	1415	136	226	699	512	544	232	1434	705	183	1397	648	1166	4	766	31	771	1139	542	1227	251	633	735	558	818	1244	1560	401	307	501	358	923	107	347	347	497	135	446	461	100	221	88	300	2437	371	327	641	425	576	242	487	426	491	399	1855	131	1503	506	1128	498	876	1419	444	1488	66	1768	1054	242	416	169	592	112	342	1245	506	1028	642	1383	305	494	334	949	1434	874	185	383	747	493	327	410	3669	1543	418	1676	1114	270	133	463	1877	3017	1993	226	297	371	525	1128	759	1381	1657	487	1872	1023	188	101	656
501	1334	439	459	663	843	992	471	471	727	1250	469	550	1316	376	2467	407	388	595	469	548	0	430	1427	552	1562	934	2368	319	151	384	698	1010	1940	465	979	139	500	3192	548	229	3474	633	375	1477	928	1028	2277	723	286	2034	465	433	1712	986	2565	669	331	415	1026	438	413	517	1889	843	510	1487	2103	518	554	1493	361	3192	1010	2350	1566	504	2176	1032	282	1083	1484	546	350	989	472	1440	2220	535	1477	1482	930	1900	145	3495	268	346	376	2691	1666	1958	500	359	438	689	929	365	1494	930	731	1872	699	1452	548	911	537	881	1349	1032	1477	779	455	843	566	1210	1309	2109	355	299	975	689	1011	445	669	669	119	502	915	411	449	561	459	586	2892	535	585	455	888	365	571	191	352	320	647	2401	504	1795	986	1637	380	1010	1400	354	1812	482	2313	1540	571	468	380	931	438	342	1492	402	1484	664	1655	356	413	596	1394	1494	381	363	824	873	96	585	665	4059	1237	882	1401	572	278	502	120	2407	3221	2358	359	349	535	545	1666	882	1923	1678	444	2063	1477	735	450	459
97	920	250	61	355	546	706	446	446	689	960	153	120	892	384	2070	27	390	272	153	483	430	0	1100	122	1240	544	1954	207	291	360	282	580	1722	85	1057	568	352	2768	480	616	3051	1063	381	1049	502	718	1857	665	397	1608	327	482	1291	696	2142	342	114	15	1065	433	19	359	1526	413	349	1138	1795	437	482	1094	191	2773	580	1921	1901	357	1783	747	257	655	1134	480	203	703	85	1853	1814	180	1124	1054	509	1697	310	3097	372	243	152	2444	1416	1721	352	477	833	277	575	492	1085	509	609	1525	271	1028	479	480	453	451	919	747	1049	591	154	413	137	833	896	1898	104	238	681	360	586	444	342	342	310	354	627	26	435	321	431	283	2515	180	262	164	600	137	669	549	89	114	283	2161	357	1370	696	1333	57	580	1018	80	1392	443	2070	1215	669	88	379	551	433	164	1064	42	1134	239	1228	194	23	268	1040	1085	533	384	531	442	334	262	297	3647	1663	595	1825	928	381	356	317	2120	2793	1945	477	206	180	115	1416	452	1681	1284	14	1635	1126	601	444	179
1003	1115	987	1042	1280	583	441	1017	1017	909	213	983	1035	993	1087	1132	1127	1077	847	983	947	1427	1100	0	1028	139	589	1135	1111	1281	1067	850	867	755	1022	2124	1556	936	2371	944	1654	2258	1975	1086	748	764	398	1648	880	1185	1011	969	1579	1226	445	1401	771	1139	1114	2113	1047	1119	919	492	899	924	120	695	954	938	415	1290	1949	867	1352	2984	934	852	405	1356	718	124	948	1080	444	1019	2566	958	928	130	757	718	770	1283	2135	1188	1081	1066	1383	436	715	936	1171	1645	846	526	1178	1237	718	795	450	977	644	944	843	940	898	794	405	748	698	1220	899	1032	337	1118	927	1111	1128	454	751	954	1047	771	771	1332	934	514	1101	1036	866	1021	848	1490	928	857	1229	540	1237	1127	1421	1128	1197	818	1118	934	833	445	246	1155	867	1364	1137	757	1002	1028	114	1127	1019	1080	568	1047	1097	766	1143	124	1013	793	1075	1124	848	140	1237	1634	1100	603	872	1342	857	803	2747	2479	546	2602	1993	1183	935	1312	1028	2328	1129	1171	1080	928	1024	436	876	671	1459	1091	1316	125	781	1041	1242
97	802	311	115	316	505	661	515	515	733	904	193	8	771	470	1964	145	474	256	193	537	552	122	1028	0	1167	451	1841	309	413	443	181	458	1682	128	1102	689	401	2647	534	734	2932	1185	468	929	384	662	1737	705	501	1489	385	553	1171	650	2024	309	231	137	1101	509	138	402	1434	291	394	1055	1723	493	534	989	274	2657	458	1800	1999	405	1678	701	357	536	1050	534	297	658	120	1973	1704	174	1040	934	395	1662	431	2988	478	334	243	2390	1369	1675	401	573	952	182	502	588	970	395	633	1440	150	911	533	359	506	329	798	701	929	594	192	291	21	741	779	1859	215	342	635	322	466	519	309	309	432	402	585	143	509	339	501	277	2415	174	248	201	559	228	747	668	207	233	234	2110	405	1251	650	1267	173	458	914	201	1276	510	2019	1141	747	128	465	464	509	265	943	152	1050	122	1109	286	139	250	956	970	621	473	494	320	456	248	243	3534	1785	555	1946	1037	485	404	439	2055	2671	1831	573	299	174	11	1369	330	1634	1174	108	1513	1042	622	519	214
1142	1214	1123	1181	1416	719	572	1144	1144	1018	325	1121	1174	1092	1216	1041	1266	1207	985	1121	1071	1562	1240	139	1167	0	726	1073	1247	1417	1198	989	991	659	1161	2262	1689	1068	2358	1069	1789	2182	2101	1216	819	895	534	1677	991	1315	1004	1101	1718	1291	577	1348	909	1277	1253	2250	1175	1258	1051	392	1032	1056	162	555	1081	1063	469	1429	1869	991	1335	3121	1065	772	534	1495	839	169	1073	1216	574	1158	2671	893	1067	182	828	851	686	1418	2027	1319	1216	1204	1251	359	608	1068	1297	1768	985	665	1304	1326	851	912	330	1114	715	1069	974	1066	1029	885	534	819	821	1359	1032	1171	463	1220	823	1249	1263	587	889	1077	1174	909	909	1468	1066	647	1240	1163	1001	1148	986	1372	1067	995	1368	673	1376	1240	1551	1266	1336	957	992	1065	852	577	124	1294	991	1466	1276	763	1129	903	28	1240	1158	1210	706	1175	1234	836	1282	169	1150	836	1212	1263	986	243	1326	1773	1230	738	1004	1478	995	942	2648	2594	680	2713	2129	1314	1067	1448	891	2306	1069	1297	1216	1067	1163	359	1008	563	1541	1230	1342	176	899	1167	1381
450	723	522	493	691	262	334	653	653	716	508	465	458	629	678	1533	571	673	348	465	616	934	544	589	451	726	0	1436	621	783	650	269	358	1296	479	1535	1073	527	2401	612	1146	2553	1545	676	610	211	293	1540	679	761	1132	544	1005	999	322	1646	287	611	559	1523	671	563	513	983	324	512	605	1280	595	608	559	723	2265	358	1468	2445	527	1244	360	801	275	600	614	591	333	473	2258	1286	399	590	618	161	1289	792	2561	752	609	558	1969	972	1275	527	787	1256	269	123	800	888	161	573	989	387	553	611	288	591	334	530	360	610	472	642	324	452	289	713	1474	584	648	307	270	439	676	287	287	823	526	297	551	663	425	648	365	1971	399	357	651	288	674	856	988	594	652	287	1698	527	894	322	834	601	358	936	598	892	639	1607	699	856	476	671	38	671	592	629	585	600	423	769	584	567	345	505	888	1071	689	273	304	840	357	270	3126	2113	291	2259	1470	751	528	814	1618	2400	1427	787	593	399	450	972	312	1232	1122	532	1258	592	555	672	663
1870	1336	1956	1914	1944	1598	1510	2057	2057	2015	1343	1900	1846	1253	2101	277	1981	2095	1784	1900	2001	2368	1954	1135	1841	1073	1436	0	2057	2216	2076	1674	1432	1497	1904	2756	2507	1945	1395	1998	2571	1132	2982	2100	946	1459	1445	1056	1982	2191	441	1969	2351	1088	1509	284	1718	2038	1970	2709	2081	1973	1929	703	1576	1931	1020	1012	1994	1992	882	2108	832	1432	469	3815	1944	325	1487	2197	1311	1019	2001	2028	1512	1897	3660	179	1833	1018	945	1446	1564	2227	1168	2184	2045	1993	1608	1342	1406	1945	2205	2683	1680	1468	2216	1311	1446	1884	808	1717	935	1997	1500	1985	1547	1098	1487	946	1776	2009	1576	1833	1185	1360	1578	2013	2084	1510	1699	1479	2084	1718	1718	2253	1944	1560	1967	2071	1850	2056	1799	760	1833	1793	2015	1577	2068	2216	2422	2019	2068	1723	1513	1944	627	1509	1117	2011	1432	1525	2021	570	2043	1464	1072	2216	1901	2095	1445	2081	2027	939	1991	1019	1759	773	2020	1976	1781	1074	1311	2441	2114	1619	1542	2272	1793	1706	1692	3539	1584	3677	2877	2183	1945	2247	1222	1305	11	2205	2029	1833	1844	1342	1537	1378	1395	1941	802	1021	1868	2079	2023
225	1109	126	194	554	528	681	261	261	525	941	159	311	1070	183	2150	203	190	276	159	317	319	207	1111	309	1247	621	2057	0	170	163	406	749	1660	186	1153	455	214	2941	315	543	3170	926	180	1189	643	713	2038	508	192	1738	178	561	1472	674	2262	349	106	199	1177	240	203	228	1570	585	219	1169	1792	273	318	1179	308	2885	749	2062	1875	218	1859	721	314	796	1165	313	31	678	195	1679	1907	226	1158	1194	636	1627	174	3178	168	48	70	2402	1372	1671	214	270	658	394	610	285	1278	636	478	1554	456	1153	314	642	292	624	1071	721	1189	495	334	585	329	892	1087	1833	103	32	662	369	769	251	349	349	221	215	602	181	245	247	245	267	2572	226	267	341	575	265	469	377	125	177	333	2114	218	1498	674	1326	198	749	1222	141	1507	262	2024	1224	469	188	179	615	240	43	1205	213	1165	431	1362	37	208	278	1075	1278	572	180	509	609	231	267	351	3747	1507	568	1662	882	175	216	201	2103	2959	2048	270	30	226	299	1372	620	1634	1483	217	1800	1158	475	253	354
353	1208	294	312	573	698	850	367	367	636	1109	317	412	1183	271	2315	271	282	444	317	439	151	291	1281	413	1417	783	2216	170	0	269	549	871	1817	316	1035	290	367	3060	439	372	3324	777	269	1331	782	883	2148	626	207	1886	331	452	1582	843	2415	518	184	277	1070	337	277	383	1740	703	375	1339	1961	402	444	1342	276	3042	871	2205	1706	371	2025	890	230	936	1335	436	201	847	324	1563	2069	383	1328	1336	781	1780	24	3343	180	203	224	2563	1535	1831	367	298	545	540	779	308	1372	781	617	1724	563	1303	438	768	422	742	1206	890	1331	651	351	703	429	1059	1184	1988	207	154	831	538	878	346	518	518	57	369	771	269	347	416	353	437	2741	383	434	354	744	260	521	263	207	192	495	2274	371	1647	843	1495	248	871	1292	212	1661	375	2185	1395	521	319	272	779	337	191	1346	270	1335	530	1508	206	278	445	1245	1372	437	260	679	732	61	434	513	3908	1373	738	1533	712	192	369	31	2270	3084	2207	298	201	383	405	1535	742	1795	1565	305	1925	1328	617	350	362
348	1222	144	331	714	492	626	101	101	371	879	256	447	1171	29	2148	361	30	310	256	170	384	360	1067	443	1198	650	2076	163	269	0	492	847	1556	314	1298	497	133	3025	169	611	3200	915	27	1249	721	672	2134	358	118	1783	107	708	1572	621	2295	363	269	355	1327	77	359	150	1544	690	146	1139	1729	134	174	1193	470	2908	847	2117	1947	134	1857	664	466	867	1137	167	157	623	322	1609	1918	308	1131	1256	703	1517	257	3173	121	118	207	2307	1283	1574	133	141	607	476	608	156	1394	703	349	1517	577	1202	169	736	154	729	1145	664	1249	396	497	690	464	893	1202	1725	262	144	613	380	880	87	363	363	326	134	553	334	83	226	86	288	2550	308	304	504	529	428	309	355	286	340	382	2016	134	1545	621	1265	360	847	1354	303	1542	106	1929	1178	309	315	22	635	77	199	1267	373	1137	561	1416	166	365	315	1052	1394	704	38	471	709	323	304	398	3757	1464	522	1608	954	115	133	293	2027	3035	2067	141	154	308	431	1283	721	1539	1607	367	1880	1131	351	90	517
196	736	347	240	448	364	509	534	534	695	739	249	188	679	521	1788	309	520	201	249	529	698	282	850	181	989	269	1674	406	549	492	0	355	1524	232	1274	838	402	2538	525	897	2775	1326	519	783	236	499	1643	662	580	1336	402	735	1079	497	1866	206	367	297	1267	539	301	395	1252	206	390	874	1544	492	523	812	455	2495	355	1657	2179	405	1501	547	535	389	869	526	382	506	225	2084	1532	185	859	788	232	1509	563	2814	564	411	337	2220	1206	1512	402	633	1064	16	329	648	908	232	572	1258	155	753	524	244	498	242	664	547	783	504	373	206	183	559	717	1702	342	438	481	208	395	547	206	206	580	402	440	293	535	307	523	228	2236	185	201	382	416	407	764	784	346	395	133	1943	405	1097	497	1092	339	355	892	347	1114	524	1852	963	764	230	514	284	539	369	799	321	869	177	959	373	304	194	774	908	802	528	358	219	601	201	128	3367	1914	414	2069	1211	567	404	579	1879	2553	1664	633	385	185	180	1206	231	1470	1128	269	1395	861	557	545	394
525	387	702	562	514	604	693	887	887	1023	841	598	460	324	876	1588	603	876	550	598	876	1010	580	867	458	991	358	1432	749	871	847	355	0	1612	564	1355	1147	754	2192	872	1181	2495	1644	874	491	154	648	1289	987	932	1050	756	920	725	681	1591	532	688	595	1323	893	596	746	1148	167	741	841	1516	842	869	655	695	2229	0	1348	2383	757	1315	718	788	155	834	873	729	692	556	2427	1312	539	822	493	200	1615	889	2596	913	761	679	2240	1287	1580	754	988	1406	370	481	1002	559	200	887	1186	311	499	871	110	846	129	347	718	491	799	592	167	444	529	372	1788	668	782	666	525	87	902	532	532	890	754	653	601	889	656	877	577	2068	539	552	597	641	665	1115	1122	664	690	477	1983	757	818	681	1111	630	0	579	659	862	876	1894	962	1115	562	869	396	893	708	502	608	834	349	671	719	596	544	748	559	1013	883	610	140	915	552	465	3115	2244	642	2404	1462	918	756	897	1864	2213	1421	988	731	539	465	1287	129	1536	787	566	1054	826	870	899	602
1629	1869	1536	1660	1972	1178	1020	1472	1472	1247	788	1578	1690	1747	1564	1348	1745	1553	1449	1578	1393	1940	1722	755	1682	659	1296	1497	1660	1817	1556	1524	1612	0	1636	2778	2044	1450	2878	1393	2166	2475	2360	1565	1478	1494	1024	2293	1237	1659	1576	1487	2199	1946	1031	1780	1380	1723	1732	2782	1505	1737	1434	833	1619	1443	821	512	1422	1387	1126	1911	2163	1612	1868	3493	1446	1172	980	1956	1469	829	1396	1632	1023	1636	2747	1331	1541	841	1487	1445	80	1810	2144	1673	1618	1639	759	325	93	1450	1607	2013	1515	1198	1608	1986	1445	1210	719	1670	1375	1393	1574	1403	1625	1544	980	1478	1166	1864	1619	1692	1087	1873	178	1698	1666	1047	1364	1700	1500	1380	1380	1874	1448	1097	1714	1493	1422	1482	1440	1459	1541	1460	1874	1124	1856	1465	1868	1720	1794	1449	466	1446	1472	1031	537	1768	1612	2120	1734	1369	1460	384	686	1465	1633	1560	1265	1505	1663	1494	1762	829	1699	1480	1632	1744	1453	891	1986	2229	1578	1191	1597	1876	1460	1439	2798	2744	1128	2827	2507	1664	1448	1845	586	2799	1497	1607	1631	1541	1675	325	1603	119	2201	1716	1957	836	1205	1494	1889
38	923	185	25	421	461	622	389	389	618	877	73	132	884	341	2011	108	345	187	73	416	465	85	1022	128	1161	479	1904	186	316	314	232	564	1636	0	1142	605	282	2756	413	668	3008	1093	339	1015	465	636	1851	592	375	1569	261	565	1286	612	2099	258	134	95	1151	381	100	285	1456	398	276	1064	1715	371	414	1035	275	2727	564	1888	1971	286	1722	663	334	620	1060	413	170	619	8	1863	1759	96	1051	1020	465	1611	331	3039	354	207	117	2360	1332	1636	282	445	841	224	498	460	1092	465	530	1451	270	986	412	458	386	438	891	663	1015	507	237	398	149	764	901	1813	109	219	598	276	583	391	258	258	348	283	542	79	381	238	375	197	2449	96	176	247	515	220	619	558	115	176	204	2076	286	1330	612	1253	133	564	1042	119	1346	384	1986	1136	619	3	336	482	381	144	1030	125	1060	248	1191	159	107	183	966	1092	611	344	446	424	369	176	220	3596	1685	510	1842	991	360	285	346	2039	2776	1894	445	173	96	117	1332	434	1597	1300	81	1617	1052	521	391	262
1149	1441	1266	1118	855	1600	1760	1399	1399	1669	2007	1204	1094	1506	1304	2936	1034	1315	1329	1204	1466	979	1057	2124	1102	2262	1535	2756	1153	1035	1298	1274	1355	2778	1142	0	968	1366	3159	1465	845	3738	1196	1303	1814	1391	1764	2261	1657	1239	2338	1331	592	1786	1749	2871	1397	1070	1047	95	1371	1042	1378	2490	1252	1368	2138	2815	1424	1469	2007	870	3505	1355	2569	1170	1370	2668	1800	839	1502	2132	1463	1176	1757	1142	2003	2654	1237	2121	1814	1427	2754	1053	3925	1214	1201	1156	3492	2469	2775	1366	1326	1282	1279	1603	1334	1524	1427	1631	2513	1149	1846	1464	1323	1444	1267	1663	1800	1814	1637	915	1252	1095	1814	1414	2955	1092	1159	1734	1414	1291	1380	1397	1397	980	1367	1682	1066	1379	1368	1385	1340	3422	1237	1319	905	1655	924	1546	1153	1068	994	1330	3212	1370	2129	1749	2366	1013	1355	1328	1053	2195	1405	3121	2235	1546	1145	1305	1555	1371	1138	1819	1017	2132	1112	1983	1174	1035	1325	2038	1524	602	1295	1586	1284	992	1319	1342	4400	1710	1650	1887	724	1226	1368	1018	3152	3237	2745	1326	1178	1237	1108	2469	1285	2735	1585	1062	2182	2124	1628	1384	890
641	1463	571	598	776	973	1118	573	573	811	1374	607	687	1450	484	2604	544	495	731	607	651	139	568	1556	689	1689	1073	2507	455	290	497	838	1147	2044	605	968	0	622	3324	652	135	3613	497	484	1617	1067	1157	2407	813	386	2173	588	481	1844	1112	2704	804	470	552	1026	539	551	639	2022	980	633	1619	2225	626	658	1632	480	3332	1147	2489	1451	625	2314	1156	392	1222	1616	649	485	1115	612	1319	2359	674	1609	1621	1070	2001	281	3632	375	477	514	2799	1779	2066	622	440	350	829	1064	441	1621	1070	835	2003	836	1591	652	1049	645	1017	1487	1156	1617	892	580	980	703	1347	1438	2210	495	432	1102	824	1144	544	804	804	258	623	1042	550	551	691	564	721	3026	674	722	579	1016	493	629	197	492	456	785	2507	625	1934	1112	1760	517	1147	1519	493	1951	585	2420	1668	629	608	488	1069	539	480	1631	538	1616	799	1794	492	550	733	1527	1621	400	470	953	1010	236	722	803	4199	1105	1009	1273	463	383	623	259	2524	3355	2498	440	484	674	683	1779	1019	2032	1799	582	2198	1610	840	550	581
305	1138	103	305	703	358	496	133	133	337	751	209	407	1077	157	2015	364	150	203	209	136	500	352	936	401	1068	527	1945	214	367	133	402	754	1450	282	1366	622	0	2916	132	730	3070	1049	155	1132	618	539	2033	312	251	1659	36	773	1474	490	2166	241	298	354	1387	145	359	17	1411	607	14	1006	1603	93	132	1062	506	2777	754	1995	2067	4	1724	534	526	758	1004	132	189	493	288	1732	1786	236	998	1139	595	1414	362	3039	252	169	215	2195	1167	1463	0	261	738	385	477	274	1310	595	266	1385	514	1080	131	644	104	644	1034	534	1132	283	505	607	422	761	1119	1622	280	216	481	257	797	151	241	241	424	1	421	332	138	102	124	178	2417	236	201	514	396	456	362	488	305	375	277	1906	4	1421	490	1138	373	754	1288	322	1415	122	1817	1047	362	281	150	509	145	227	1150	379	1004	506	1296	192	366	210	918	1310	786	170	338	621	427	201	291	3624	1594	389	1736	1073	247	3	396	1906	2921	1936	261	188	236	389	1167	633	1427	1530	355	1770	998	262	148	529
2717	1863	2883	2754	2580	2643	2620	3047	3047	3105	2546	2787	2648	1876	3054	1615	2788	3052	2716	2787	3017	3192	2768	2371	2647	2358	2401	1395	2941	3060	3025	2538	2192	2878	2756	3159	3324	2916	0	3013	3337	1121	3821	3052	1791	2304	2549	923	3069	3119	1360	2926	2992	1480	2614	1128	2675	2878	2782	3080	3061	2783	2904	2051	2358	2902	2252	2406	2992	3009	1988	2849	1175	2192	1024	4328	2917	1711	2613	2942	2159	2247	3015	2919	2621	2748	4619	1549	2724	2241	1784	2322	2940	3078	1743	3102	2950	2870	2973	2682	2789	2916	3167	3598	2552	2488	3181	1716	2322	2962	2165	2496	1862	3012	2299	2991	2319	1881	2613	1791	2853	2746	2358	2630	2263	1889	2970	2860	2973	2608	2661	2182	3068	2675	2675	3074	2915	2639	2790	3054	2813	3040	2740	1887	2724	2721	2748	2645	2832	3257	3313	2854	2873	2643	2905	2917	1557	2614	2436	2813	2192	1866	2848	1616	3035	2859	2348	3257	2754	3048	2428	3061	2900	1772	2791	2247	2530	1649	2909	2782	2711	2262	1716	3103	3063	2659	2332	3099	2721	2628	1769	4429	2651	4593	3562	3106	2917	3085	2607	171	1393	3167	2922	2724	2655	2682	2321	2758	1587	2754	1145	2246	2943	3064	2748
437	1258	230	435	833	399	506	79	79	211	745	341	539	1192	172	2051	489	161	323	341	3	548	480	944	534	1069	612	1998	315	439	169	525	872	1393	413	1465	652	132	3013	0	773	3128	1032	173	1223	730	562	2140	193	266	1734	153	873	1585	504	2229	343	413	480	1491	112	485	133	1431	731	140	1027	1587	43	6	1120	621	2831	872	2075	2103	128	1761	539	628	861	1026	3	297	503	419	1663	1834	367	1021	1230	701	1351	427	3070	280	266	335	2146	1127	1414	132	228	701	508	540	234	1430	701	183	1394	644	1163	1	762	27	767	1135	539	1223	249	630	731	554	814	1240	1560	398	305	498	354	919	108	343	343	496	131	443	458	100	217	89	296	2434	367	324	638	422	574	246	488	424	489	395	1855	128	1499	504	1127	495	872	1416	441	1484	67	1768	1051	246	412	169	588	112	340	1242	503	1026	638	1380	303	492	330	947	1430	873	185	379	743	493	324	406	3666	1546	415	1679	1114	271	129	463	1875	3013	1990	228	295	367	522	1127	755	1380	1653	484	1868	1020	187	102	653
701	1473	666	657	763	1070	1220	694	694	940	1479	684	730	1471	601	2680	590	613	815	684	773	229	616	1654	734	1789	1146	2571	543	372	611	897	1181	2166	668	845	135	730	3337	773	0	3666	498	601	1663	1118	1255	2416	940	507	2223	694	409	1857	1214	2758	890	535	601	907	661	598	746	2112	1017	739	1711	2332	744	779	1704	490	3390	1181	2529	1337	733	2390	1260	396	1270	1708	770	574	1217	675	1347	2428	748	1700	1667	1125	2124	371	3707	493	573	593	2919	1895	2186	730	569	444	890	1150	571	1624	1125	956	2097	872	1645	773	1090	763	1053	1527	1260	1663	1007	595	1017	744	1427	1447	2333	562	525	1203	910	1169	667	890	890	325	731	1143	603	672	788	684	809	3112	748	805	591	1116	516	763	333	553	502	862	2627	733	1985	1214	1865	561	1181	1506	550	2009	706	2540	1767	763	671	605	1146	661	561	1676	581	1708	832	1842	579	596	816	1617	1624	310	588	1051	1050	312	805	879	4264	1110	1109	1284	343	502	731	341	2636	3374	2561	569	574	748	729	1895	1058	2151	1790	630	2223	1701	960	673	590
2972	2301	3076	3015	2987	2728	2643	3186	3186	3147	2469	3011	2936	2252	3226	1153	3076	3220	2902	3011	3132	3474	3051	2258	2932	2182	2553	1132	3170	3324	3200	2775	2495	2475	3008	3738	3613	3070	1121	3128	3666	0	4097	3225	2005	2549	2577	1586	3114	3313	1444	3093	3408	1955	2641	908	2839	3142	3066	3676	3209	3069	3055	1793	2652	3056	2147	1963	3123	3123	2009	3188	315	2495	1170	4855	3070	1409	2619	3281	2396	2146	3131	3142	2645	3001	4791	1303	2944	2146	2002	2543	2553	3336	669	3305	3162	3104	2290	2401	2382	3070	3331	3807	2784	2594	3343	2216	2543	3017	1881	2797	2022	3128	2578	3114	2619	2147	2619	2005	2909	3086	2652	2922	2314	2328	2504	3118	3199	2642	2820	2525	3213	2839	2839	3356	3070	2692	3066	3199	2974	3184	2919	1100	2944	2910	3091	2709	3154	3348	3541	3121	3164	2838	2326	3070	1681	2641	2205	3105	2495	2421	3121	1662	3171	2312	2185	3348	3005	3219	2565	3209	3138	1993	3085	2146	2838	1825	3134	3070	2899	2205	2216	3506	3238	2749	2619	3377	2910	2820	704	4664	2715	4805	3957	3304	3071	3354	2020	950	1139	3331	3144	2944	2937	2401	2612	2366	2200	3037	1563	2149	3000	3207	3097
