NAME : VRPTW_INSTANCE_227.txt
COMMENT : Bangkok Supermarket
TYPE : VRPTW
DIMENSION : 317
DAYS : Tuesday
EDGE_WEIGHT_TYPE : EXPLICIT
VEHICLES : 38
EDGE_WEIGHT_FORMAT : FULL_MATRIX
CAPACITY : 1000
EDGE_WEIGHT_SECTION
0	2479	395	1632	575	1214	577	834	858	1058	63	503	534	46	118	977	378	255	574	1092	156	288	737	420	501	1004	539	2257	386	172	396	173	135	170	395	683	586	642	491	412	758	1235	154	425	597	258	218	1012	193	111	1767	854	160	1016	118	207	637	96	1698	402	1612	839	568	618	372	699	1249	576	2172	641	202	119	1041	310	1213	647	995	444	241	84	404	654	1142	882	395	1994	1103	387	580	474	351	739	942	24	510	844	737	231	118	1467	94	872	91	977	104	118	852	240	534	2040	376	976	977	464	1739	1033	352	283	1727	905	1545	808	409	118	210	1704	28	153	212	530	1010	542	1953	428	306	830	371	2660	978	996	350	891	411	259	1116	1010	19	585	285	1008	609	1028	1838	562	284	418	676	485	60	571	399	1321	540	122	943	1028	195	37	2315	3248	1077	721	155	445	330	370	1426	815	362	751	675	963	812	580	586	145	1000	231	407	2753	1836	835	1753	540	185	589	622	1990	218	1010	189	481	895	1213	320	614	357	650	982	975	1636	405	535	2816	1033	396	2796	379	221	405	538	358	2096	1290	305	394	431	835	46	1426	2225	682	863	204	1632	21	650	140	415	33	217	1521	422	113	213	3254	191	33	1120	133	791	189	2210	883	539	367	990	373	205	173	1765	403	397	1079	582	401	124	1190	1867	2706	199	202	996	1269	174	118	410	1221	2558	639	330	1115	1606	748	609	1057	154	1058	264	120	170	359	373	216	1532	948	309	1388	489	199	752	586	410	1812	193	202	46	401	977	507	698	737	413	1810	189	1604	1191
2479	0	2096	4085	2037	3289	3048	3108	2557	2899	2480	2764	2897	2459	2442	3169	2715	2434	2633	2919	2624	2630	3174	2836	2974	3059	2892	4719	2645	2640	2681	2644	2464	2369	2585	2270	2081	2661	2966	2608	3231	3712	2468	2709	2852	2427	2683	1653	2472	2444	3947	3118	2351	3489	2442	2476	2585	2518	4170	2246	1142	3069	3040	2861	2645	3172	2898	2036	4644	2528	2447	2362	3496	2624	3398	3089	3168	2915	2250	2440	2456	3062	3614	3351	2585	4471	2877	2774	3048	2065	2556	2917	3396	2475	2882	3314	3174	2432	2442	2291	2533	1849	2562	3169	2534	2442	2080	2466	2897	3984	2543	3421	3169	2848	4211	3487	2555	2675	4009	1794	3990	2051	2618	2442	2562	3758	2468	2627	2470	3003	3486	3016	2150	2791	2737	2738	2651	4744	3452	3445	2556	3368	2619	2702	1854	3487	2468	1917	2227	3333	3058	3069	4309	2705	2669	2640	2852	2531	2462	2922	2633	3795	2523	2358	3403	3069	2299	2473	4564	4696	3537	3198	2623	2060	2672	2546	3587	3292	2554	3111	3101	3202	2050	3048	3056	2460	3426	2482	2625	4568	3913	3071	4227	2523	2665	3063	2748	4457	2698	2854	2628	2735	3011	3398	2638	2760	2281	2723	3168	3162	3280	2624	2891	4953	2605	2681	4807	2531	2700	2458	2890	2139	4569	1801	2643	2563	2717	3264	2459	3587	3877	2090	2744	2426	3983	2457	2723	2341	2666	2475	2272	3656	2690	2368	2462	5268	2302	2469	2945	2464	3204	2628	4680	2773	3015	2534	3450	2543	2560	2646	4242	2612	2634	3548	3056	2445	2469	3306	4319	4857	2460	2447	3470	3748	2646	2442	2618	3700	4684	3114	2672	2785	4058	3222	3054	1749	2468	2899	2742	2441	2369	2617	2543	2555	3674	3405	2657	3858	2402	2678	3205	3063	2627	4286	2665	2447	2459	2454	2824	2075	3020	3174	2458	4288	2668	3504	3511
395	2096	0	1994	430	1520	951	1182	829	1279	386	824	826	387	399	1307	723	364	811	1312	530	548	1129	801	879	1292	824	2652	691	546	622	550	369	274	664	535	484	873	871	574	1152	1627	442	654	925	358	588	638	385	398	2116	1200	255	1411	399	391	684	422	2091	258	1222	1173	944	838	682	1094	1430	430	2565	654	449	276	1436	549	1550	1040	1319	819	225	382	453	980	1536	1277	664	2375	1307	755	952	128	508	1049	1338	386	807	1239	1129	354	399	1264	438	532	470	1307	438	399	604	390	826	2342	509	1371	1307	835	2115	1428	508	647	2097	552	1941	545	581	399	472	2023	379	548	474	908	1403	921	1688	788	689	1046	686	3002	1371	1391	508	1273	582	607	805	1402	381	295	252	1377	1003	1312	2213	837	644	601	862	555	368	934	693	1699	583	274	1309	1312	204	382	2684	3476	1473	1104	549	63	672	508	1763	1207	512	1124	1064	1306	548	952	960	430	1392	403	694	3043	2163	1171	2131	583	579	968	772	2362	611	1226	571	695	1194	1550	564	776	258	773	1310	1302	1849	583	822	3169	1158	622	3126	501	616	455	823	45	2473	974	564	532	662	1178	387	1763	2467	427	1073	340	2015	373	773	270	721	385	233	1855	737	282	379	3589	208	379	1343	369	1123	571	2603	1100	920	498	1385	507	470	552	2156	574	692	1474	961	443	373	1507	2229	3061	373	449	1390	1654	552	399	581	1608	2907	1019	672	1287	1967	1142	1002	713	442	1279	650	399	274	660	507	467	1867	1343	652	1782	464	594	1146	968	588	2190	571	449	387	449	1191	194	971	1129	460	2199	581	1881	1562
1632	4085	1994	0	2175	1689	1055	1417	1727	1954	1619	1563	1194	1662	1699	1520	1530	1651	1767	1973	1478	1455	1115	1383	1132	1711	1200	989	1622	1461	1411	1460	1625	1720	1692	1899	2164	1792	1143	1492	965	583	1689	1385	1531	1659	1416	2486	1613	1695	1629	1428	1741	772	1699	1609	1585	1577	578	1844	3098	1487	1064	1264	1613	1018	2168	2177	838	1645	1726	1741	860	1462	1517	1162	1548	1188	1873	1689	1645	1025	700	892	1692	457	2027	1454	1051	2020	1536	1588	925	1631	1206	920	1115	1653	1699	2405	1564	2297	1543	1520	1561	1699	2125	1619	1194	2128	1552	946	1520	1408	212	872	1537	1518	1394	2348	789	2126	1480	1699	1524	1825	1637	1498	1710	1103	752	1091	2948	1464	1444	1881	1606	2280	786	917	1536	759	1479	1389	2422	736	1639	2218	1911	1270	1173	1729	275	1681	1527	1458	1301	1588	1637	1399	1644	352	1612	1748	689	1729	1796	1630	1747	3473	818	922	1508	2026	1553	1549	1576	891	1539	1291	1185	1445	2129	1051	1046	1693	1003	1603	1657	2721	1837	1479	240	1612	1454	1046	1401	387	1422	1948	1524	1367	1640	1517	1448	1383	1807	1441	1528	1528	2299	1473	1201	2298	2184	1411	2487	1565	1424	1643	1203	1950	519	2565	1442	1535	1377	822	1662	1576	2576	2046	1906	1660	1184	1653	1441	1772	1617	1629	1849	1641	1594	1735	1623	2820	1793	1635	1978	1625	884	1524	882	1898	1097	1561	867	1553	1526	1458	514	1485	1641	765	1052	1655	1621	1628	235	2195	1626	1726	779	464	1458	1699	1480	513	2141	998	1553	2121	28	974	1183	2451	1689	1954	1369	1701	1720	1637	1553	1530	1633	910	1559	607	1716	1445	1056	1053	1471	293	1439	1726	1662	1647	1943	2014	1094	1115	1645	486	1447	2006	1247
575	2037	430	2175	0	1313	1127	1073	1253	989	614	727	1107	534	483	1151	688	711	608	1019	728	843	1153	821	1048	1076	1111	2693	611	744	944	742	648	580	549	965	69	648	1037	926	1240	1718	487	975	815	708	789	911	695	488	1957	1085	545	1489	483	707	1088	659	2159	679	1384	1040	1117	1172	612	1182	1093	1	2629	1066	449	500	1478	858	1390	1074	1155	998	351	500	841	1228	1609	1349	549	2504	998	754	1133	545	857	891	1379	585	1084	1313	1153	692	483	1671	664	880	665	1151	672	483	1013	723	1107	2100	869	1397	1151	822	2261	1468	857	667	1989	879	1960	950	929	483	759	1813	581	683	466	1077	1492	1088	2054	763	738	774	619	2811	1456	1423	856	1418	930	833	1161	1497	575	213	296	1296	1047	1091	2360	673	659	945	1216	945	596	887	597	1847	984	490	1492	1091	497	591	2560	3139	1521	1253	670	474	649	866	1594	1309	864	1074	1077	1175	953	1133	1135	483	1395	728	589	2775	1964	1041	2273	984	729	1132	1140	2516	760	936	651	1027	1005	1390	871	1139	667	1153	1152	1145	1522	928	1107	2999	795	944	2912	865	755	843	1110	456	2612	1316	861	892	983	1403	534	1594	2155	844	793	667	1948	558	1153	453	630	591	375	1675	654	504	701	3379	496	586	1049	647	1363	651	2663	822	1080	858	1436	866	754	742	2241	922	598	1539	1126	832	644	1317	2409	2896	689	449	1472	1776	743	483	930	1725	2731	1178	649	950	2150	1230	1041	1036	487	989	818	481	580	584	866	759	1690	1389	637	1848	877	736	1191	1122	933	2328	761	449	534	838	901	613	1269	1153	850	2294	739	1619	1477
1214	3289	1520	1689	1313	0	1143	424	2014	414	1268	711	1410	1190	1144	257	836	1457	720	407	1199	1377	751	846	1120	237	1426	1703	837	1195	1459	1185	1338	1382	856	1894	1253	668	1110	1530	928	1107	1096	1469	616	1462	1194	2150	1388	1148	658	402	1364	963	1144	1399	1776	1272	1332	1614	2687	389	1136	1581	849	922	548	1314	1705	1802	1076	1299	847	1409	183	789	230	1141	1294	1174	1591	1361	997	902	856	1786	465	844	1158	1637	1498	476	817	1236	1390	899	751	1436	1144	2676	1255	2050	1207	257	1265	1144	2064	1434	1410	826	1529	777	257	783	1643	837	1499	936	756	2072	1046	2017	1521	1144	1351	504	1242	1107	1052	1124	993	1120	3167	798	940	552	848	1499	970	801	1497	1135	1522	1240	2314	1016	1233	1501	1274	435	820	223	1722	683	933	1516	1665	1644	1272	677	831	1357	1701	1294	1277	223	1377	1248	1276	2080	883	1098	1090	1583	883	1522	303	977	1510	575	736	309	2021	1158	1146	1109	706	1419	828	1538	651	395	1639	1701	1117	1116	1675	1870	1106	449	1036	1515	325	183	1408	1657	1570	1723	249	255	616	1513	1420	1686	731	1459	1609	1538	1091	1591	1428	1504	1903	2487	1385	1537	1470	1363	1190	303	1060	1891	544	1412	810	1227	1723	1275	806	1244	1288	367	795	1294	1411	2075	1372	1246	392	1336	1390	1036	1723	516	1100	1525	861	1527	1347	1181	1443	1518	832	941	1119	1592	1327	60	1866	1584	1398	1076	967	1234	1184	1144	1522	1191	1418	1111	883	576	1678	927	808	2233	1096	414	1129	1144	1382	868	1527	1362	384	832	904	1107	1687	1101	806	1089	1516	1669	1178	1076	1190	1590	473	1688	1522	751	1600	1513	1128	412	452
577	3048	951	1055	1127	1143	0	723	977	1193	568	632	300	607	645	889	546	638	828	1223	425	450	407	412	78	1020	316	1730	634	408	457	406	585	680	699	997	1121	876	90	550	286	695	640	446	655	646	364	1505	586	641	1513	744	696	506	645	585	752	529	1162	844	2121	774	10	470	621	252	1419	1128	1631	799	681	688	578	469	1055	354	918	133	818	634	685	218	626	402	699	1423	1260	473	14	996	564	780	501	577	289	372	407	633	645	1698	514	1332	489	889	513	645	1220	604	300	1899	590	551	889	465	1164	575	565	498	1398	1377	1061	1200	537	645	498	1544	584	444	668	49	488	39	2236	504	424	1027	614	2390	464	558	564	322	537	347	1519	480	585	1162	855	766	324	1045	1263	757	508	520	554	674	586	525	659	747	721	694	366	1045	749	577	1966	3217	599	158	456	990	550	584	1238	303	572	568	407	834	1203	14	8	643	609	586	673	2608	1643	766	1179	721	400	31	597	1413	368	1163	479	465	909	1055	457	576	801	650	897	892	1711	529	312	2508	1315	457	2556	604	371	684	319	909	1522	1684	443	583	442	296	607	1238	2202	1094	1060	633	1251	598	650	717	641	576	793	1337	624	683	601	2989	745	581	1241	585	283	479	1671	1065	55	595	523	590	499	404	1216	539	656	579	25	693	579	1096	1290	2396	599	681	484	706	404	645	538	662	2271	73	550	1320	1029	279	336	1507	640	1193	313	647	680	639	590	507	1341	498	548	864	779	391	370	55	529	1239	385	681	607	686	1142	1003	380	407	689	1254	392	1554	907
834	3108	1182	1417	1073	424	723	0	1598	540	882	362	986	819	786	167	461	1063	478	561	794	964	352	434	696	315	1001	1670	495	788	1041	778	948	1004	539	1500	1026	462	686	1116	536	844	741	1049	263	1068	782	1820	993	788	935	22	992	646	786	1002	1360	879	1191	1236	2392	70	715	1156	502	518	762	1075	1632	1388	734	933	560	995	380	371	195	716	961	810	1188	941	722	546	539	1611	613	448	737	1289	1088	203	492	855	965	531	352	1043	786	2275	860	1699	812	167	869	786	1684	1036	986	1225	1119	472	167	376	1419	548	1089	551	923	1727	943	1642	1105	786	945	879	861	709	709	701	670	698	2779	405	539	482	498	1826	639	501	1087	761	1106	825	1950	689	853	1228	955	227	399	338	1510	402	550	1099	1241	1232	888	266	499	1066	1290	930	900	338	1015	865	1506	2505	606	695	695	1243	512	1112	592	597	1099	158	320	130	1646	737	726	754	425	1020	502	1941	1005	62	1421	1290	712	696	1252	1666	697	530	647	1093	224	380	993	1234	1190	1301	175	169	994	1097	995	1987	777	1041	1962	1129	682	1188	1003	1159	1727	2124	971	1125	1049	961	819	592	1484	1517	501	1022	875	850	1301	919	467	861	949	689	448	928	1015	2419	1010	864	571	946	980	647	1660	489	677	1116	549	1117	942	774	1292	1103	498	653	699	1190	937	383	1622	1878	1004	734	643	953	777	786	1106	904	1727	696	512	704	1401	533	387	1884	741	540	713	786	1004	527	1117	957	699	507	533	906	1286	695	413	670	1100	1463	769	734	819	1187	525	1332	1099	352	1196	1356	721	837	403
858	2557	829	1727	1253	2014	977	1598	0	1911	794	1330	679	898	967	1761	1199	607	1431	1946	822	637	1360	1168	956	1830	663	2608	1232	823	558	833	723	730	1251	328	1300	1499	961	484	1263	1608	1010	554	1411	605	820	910	664	961	2476	1620	763	1464	967	651	238	773	2047	574	1456	1625	979	523	1217	1226	2107	1254	2484	217	1054	833	1552	606	1972	1284	1785	913	943	930	455	822	1570	1377	1251	2176	1960	1175	967	736	522	1560	1478	834	688	1348	1360	631	967	725	786	719	829	1761	775	967	477	617	679	2823	492	1529	1761	1231	1908	1549	521	1097	2375	773	2008	513	493	967	674	2472	830	920	1068	968	1439	978	1270	1222	1078	1687	1215	3362	1422	1535	523	1231	492	774	732	1425	841	1116	999	1709	1244	1855	1994	1411	1103	499	453	377	799	1338	1249	1550	319	843	1173	1855	790	821	2944	4083	1567	1114	939	798	1160	499	2174	1274	510	1471	1333	1727	513	967	980	1000	1586	627	1259	3539	2587	1619	1932	319	902	1008	383	2113	909	1865	999	518	1715	1972	606	403	589	330	1768	1761	2487	501	667	3486	1885	558	3522	485	925	454	661	798	2246	853	629	480	555	988	898	2174	3058	514	1720	660	2229	854	330	880	1260	825	929	2273	1261	833	644	3962	793	825	1972	725	919	999	2527	1740	993	498	1497	495	678	837	2070	496	1247	1538	1001	459	733	1980	1937	3373	659	1054	1441	1568	834	967	492	1540	3246	1044	1160	1973	1698	1257	1252	811	1010	1911	885	968	730	1210	495	664	2280	1475	1141	1785	385	916	1336	1029	498	1993	838	1054	898	457	1833	675	678	1360	445	2090	890	2422	1869
1058	2899	1279	1954	989	414	1193	540	1911	0	1120	597	1402	1022	960	444	723	1313	485	34	1097	1288	880	804	1145	252	1416	2095	679	1099	1388	1089	1193	1209	663	1730	923	418	1132	1439	1062	1376	912	1405	543	1316	1114	1879	1250	965	1060	527	1183	1186	960	1262	1681	1138	1678	1429	2372	470	1183	1557	694	1034	227	990	2083	1694	876	1111	1094	1319	573	874	421	1143	1063	995	1461	1403	1256	1086	663	2118	72	768	1207	1406	1391	413	1031	1082	1378	1068	880	1289	960	2512	1125	1808	1082	444	1136	960	1867	1297	1402	1116	1420	1008	444	741	1944	1082	1392	821	1171	1821	1404	1813	1432	960	1239	858	1086	997	857	1159	1210	1160	2966	723	859	234	697	1852	1179	1037	1390	1293	1434	1170	2085	1230	1076	1194	1027	700	889	241	2032	501	815	1433	1637	1535	1118	667	662	1605	1591	1104	1428	241	1180	1095	1680	2201	1138	1204	976	1342	756	1413	716	1129	1403	684	830	517	1816	1207	1199	924	953	1286	652	1786	1013	479	1944	1591	1023	1173	1620	2186	1025	53	916	1459	315	573	1322	1606	1391	1661	437	436	579	1426	1410	2055	316	1388	1936	1426	1009	1462	1417	1274	2236	2252	1301	1434	1409	1464	1022	716	1188	1688	205	1262	1215	1065	1661	1075	652	1091	1063	769	653	1109	1271	2403	1175	1091	63	1191	1471	916	2105	179	1140	1414	1088	1418	1234	1086	1786	1428	664	1189	1173	1459	1182	452	2154	1958	1257	876	1183	1490	1089	960	1434	1442	1785	1186	756	175	1939	1057	876	1983	912	0	1067	959	1209	701	1418	1248	787	1047	773	1417	1547	1011	943	1147	1430	1982	1090	876	1022	1459	89	1466	1543	880	1471	1853	1037	631	800
63	2480	386	1619	614	1268	568	882	794	1120	0	559	494	107	179	1028	432	193	637	1154	144	234	763	459	494	1062	497	2268	445	160	341	164	72	130	457	626	630	705	486	351	769	1241	218	370	651	197	203	984	130	173	1812	902	133	1027	179	143	573	45	1706	355	1590	890	560	566	431	712	1312	615	2180	577	265	123	1058	254	1262	673	1047	435	268	143	341	624	1152	895	457	1990	1166	433	570	450	288	795	962	40	470	857	763	170	179	1410	54	836	85	1028	59	179	802	177	494	2093	312	998	1028	508	1732	1051	289	333	1765	872	1563	761	348	179	152	1755	38	179	276	523	1019	536	1900	477	346	893	430	2706	987	1016	287	887	350	231	1073	1017	49	604	318	1048	634	1086	1831	623	335	358	620	421	18	616	460	1315	476	131	930	1086	181	27	2353	3308	1093	718	189	430	385	307	1474	822	299	792	704	1012	764	570	576	208	1026	167	468	2807	1886	886	1748	476	199	583	562	1981	229	1072	234	425	951	1262	265	555	309	589	1034	1026	1698	345	493	2858	1096	341	2844	316	237	342	496	345	2090	1246	251	331	377	812	107	1474	2284	636	926	145	1664	65	589	163	475	31	243	1570	480	118	150	3300	178	33	1182	70	764	234	2218	946	534	304	1006	310	147	166	1770	342	457	1092	576	339	61	1243	1854	2748	136	265	1006	1269	166	179	349	1222	2602	634	385	1179	1592	759	635	1021	218	1120	264	181	130	420	310	156	1581	966	364	1398	428	216	773	583	350	1807	185	265	107	338	1040	474	655	763	350	1813	198	1661	1230
503	2764	824	1563	727	711	632	362	1330	597	559	0	809	479	435	483	131	750	205	630	508	697	460	221	572	503	822	1973	133	508	793	498	630	670	180	1185	687	244	558	851	598	1040	388	810	100	755	519	1462	683	438	1291	378	652	813	435	694	1096	567	1455	902	2030	348	622	961	142	549	812	728	1917	1113	375	588	776	729	725	401	498	559	601	463	890	828	923	679	180	1833	655	173	645	936	808	236	681	526	784	647	460	728	435	1969	551	1348	504	483	562	435	1353	729	809	1538	838	689	483	168	1610	765	809	232	1285	1373	1239	1306	843	435	656	1206	531	410	350	591	825	595	2455	131	262	400	139	2177	788	717	807	820	844	574	1606	836	522	869	593	574	391	527	1707	125	228	842	1040	953	562	171	137	1214	1011	584	934	527	668	538	1868	2755	822	687	391	886	173	831	938	673	820	348	384	482	1310	645	639	401	677	715	141	2250	1343	347	1618	1011	431	618	1024	1865	429	557	332	863	392	725	731	1010	859	1066	487	479	1161	836	816	2344	682	793	2305	846	413	891	823	803	1946	1779	708	849	813	923	479	938	1729	1180	434	704	1227	515	1066	568	105	533	591	1031	87	584	705	2766	663	536	654	628	916	332	1949	445	577	833	742	835	652	494	1544	839	136	850	617	890	619	690	1788	2236	691	375	801	1122	498	435	844	1070	2082	644	173	699	1542	590	380	1532	388	597	470	435	670	165	835	666	1044	694	194	1148	984	417	512	596	840	1668	497	375	479	889	530	983	956	460	900	1602	443	1102	758
534	2897	826	1194	1107	1410	300	986	679	1402	494	809	0	578	641	1153	691	466	975	1434	390	278	699	598	295	1261	16	1975	762	377	217	382	471	560	812	736	1120	1034	303	300	586	949	658	191	861	473	338	1295	442	635	1812	1008	588	788	641	434	461	448	1406	651	1910	1027	303	172	747	552	1621	1109	1863	512	708	612	872	277	1339	634	1181	270	761	615	452	171	899	698	812	1607	1463	636	289	833	342	1002	800	522	25	670	699	472	641	1402	443	1109	447	1153	435	641	963	437	0	2188	358	851	1153	663	1339	870	343	608	1699	1159	1339	953	288	641	359	1834	525	469	705	299	765	307	1944	679	552	1208	741	2691	746	856	342	566	287	283	1265	752	532	1086	812	1058	598	1287	1435	922	617	267	258	410	511	751	786	940	447	622	540	1287	644	515	2265	3491	889	435	489	847	674	355	1529	595	345	840	686	1106	956	289	302	655	910	423	799	2900	1937	1020	1359	447	425	332	296	1574	407	1365	540	185	1146	1339	262	276	616	349	1161	1155	1949	281	11	2809	1470	217	2857	372	421	451	18	780	1695	1424	262	343	184	374	578	1529	2470	861	1242	485	1550	549	349	656	780	516	737	1628	770	608	447	3290	642	521	1456	472	309	540	1905	1253	325	367	817	359	363	384	1445	293	782	862	325	462	472	1367	1425	2696	452	708	765	931	381	641	288	895	2572	365	674	1507	1165	580	608	1273	658	1402	351	643	560	754	359	362	1633	796	663	1125	531	429	668	354	279	1421	368	708	578	454	1339	822	165	699	453	1475	411	1823	1205
46	2459	387	1662	534	1190	607	819	898	1022	107	479	578	0	72	958	359	292	537	1057	194	334	742	416	529	977	583	2271	356	209	443	208	175	192	360	712	543	605	519	457	774	1253	112	471	576	294	254	1014	234	66	1754	838	173	1032	72	248	679	143	1714	423	1609	820	597	665	343	715	1210	535	2188	682	158	115	1051	357	1196	653	975	474	211	38	442	693	1158	896	360	2018	1067	377	611	476	395	715	952	67	553	858	742	268	72	1496	140	881	131	958	150	72	873	280	578	2017	419	984	958	455	1765	1043	396	269	1720	912	1555	827	455	72	256	1684	68	168	170	559	1028	571	1976	415	303	793	344	2646	994	1005	394	916	456	299	1131	1028	58	556	249	1000	616	1000	1864	530	268	464	723	527	98	560	368	1347	581	114	973	1000	197	79	2308	3216	1089	747	165	441	309	413	1409	833	406	744	677	947	831	611	615	102	1005	272	374	2728	1818	817	1779	581	208	617	668	2017	241	974	184	527	869	1196	367	660	380	695	963	955	1602	451	579	2804	990	443	2779	422	242	444	582	354	2121	1305	351	438	478	871	0	1409	2194	701	825	239	1631	43	695	119	387	76	188	1504	396	110	253	3238	192	74	1085	173	829	184	2226	847	566	411	1001	417	251	208	1783	449	366	1094	610	439	165	1169	1897	2695	238	158	1013	1291	210	72	456	1243	2545	666	309	1075	1636	764	615	1066	112	1022	293	74	192	329	417	261	1516	959	288	1403	525	220	761	612	456	1837	228	158	0	440	941	514	742	742	452	1829	214	1577	1184
118	2442	399	1699	483	1144	645	786	967	960	179	435	641	72	0	918	325	360	474	994	251	405	741	406	567	926	647	2279	306	266	514	262	246	249	300	771	485	542	556	530	790	1271	48	541	534	362	309	1036	305	6	1721	805	224	1047	0	319	750	214	1728	474	1621	782	636	734	295	730	1144	484	2202	751	87	155	1057	428	1159	653	933	515	194	36	511	748	1171	909	300	2045	1002	356	651	502	468	668	958	139	616	871	741	336	0	1554	210	913	193	918	221	0	922	350	641	1971	491	986	918	436	1794	1049	468	248	1697	941	1558	873	527	0	328	1642	140	201	103	597	1045	608	2026	389	298	729	297	2611	1010	1008	467	946	529	359	1171	1047	130	529	216	977	619	949	1894	473	245	536	794	598	170	534	314	1378	651	149	1012	949	233	151	2285	3157	1097	778	190	458	274	485	1372	853	478	724	672	912	877	651	654	36	1001	343	319	2680	1778	780	1808	651	246	652	740	2048	277	910	186	598	821	1159	438	732	433	768	922	915	1539	523	642	2774	919	514	2740	494	274	512	646	373	2149	1344	422	510	548	919	72	1372	2136	747	761	307	1616	114	768	133	337	148	175	1466	349	151	323	3201	227	146	1022	244	881	186	2238	783	601	482	1009	488	323	262	1800	521	313	1105	647	508	236	1126	1934	2665	308	87	1028	1316	264	0	528	1267	2513	700	274	1008	1673	780	616	1098	48	960	335	2	249	277	488	334	1478	965	253	1416	591	254	765	645	528	1865	280	87	72	509	877	547	806	741	521	1849	256	1525	1162
977	3169	1307	1520	1151	257	889	167	1761	444	1028	483	1153	958	918	0	599	1214	543	458	950	1125	506	593	864	193	1169	1675	615	946	1205	935	1097	1147	646	1652	1098	508	853	1278	688	937	871	1213	383	1219	942	1943	1145	921	814	145	1132	762	918	1154	1523	1029	1236	1380	2501	138	881	1323	625	676	649	1153	1653	1549	857	1070	660	1156	244	536	30	883	1082	945	1344	1107	819	680	646	1674	515	598	903	1419	1247	263	609	999	1133	671	506	1194	918	2431	1011	1831	963	0	1021	918	1830	1189	1153	1067	1278	578	0	532	1501	648	1248	695	840	1857	967	1785	1267	918	1102	726	1005	862	832	868	789	865	2929	552	693	462	622	1695	762	605	1246	906	1269	987	2089	811	996	1323	1069	255	565	210	1588	485	693	1262	1408	1392	1034	424	613	1175	1450	1066	1047	210	1150	1010	1408	2337	702	853	846	1369	648	1271	456	744	1259	321	483	75	1789	903	892	884	516	1173	613	1783	860	143	1500	1450	868	862	1418	1741	855	450	794	1259	166	244	1155	1401	1335	1466	9	9	838	1260	1163	1866	725	1205	1822	1288	840	1344	1171	1286	1791	2262	1132	1286	1214	1119	958	456	1317	1659	470	1171	829	992	1466	1051	585	1006	1073	548	570	1065	1167	2283	1145	1009	459	1095	1142	794	1677	450	845	1275	661	1276	1099	931	1342	1265	614	755	865	1345	1086	218	1714	1759	1155	857	762	1056	934	918	1269	1009	1601	860	648	618	1506	686	553	2015	871	444	875	918	1147	647	1276	1113	560	625	670	973	1441	852	564	835	1263	1537	928	857	958	1342	456	1466	1266	506	1352	1409	878	670	373
378	2715	723	1530	688	836	546	461	1199	723	432	131	691	359	325	599	0	622	287	757	377	567	465	147	478	633	704	2006	91	377	664	367	502	548	161	1058	659	343	464	720	569	1036	281	682	219	626	390	1360	553	327	1397	480	533	807	325	564	965	438	1472	780	1940	461	535	838	82	513	935	689	1941	982	281	472	790	598	837	388	617	456	506	349	760	727	925	668	161	1828	780	76	557	827	677	364	691	400	666	633	465	600	325	1841	421	1237	374	599	432	325	1230	599	691	1662	707	709	599	134	1594	779	678	101	1374	1265	1275	1186	712	325	525	1325	406	279	255	500	813	507	2331	75	139	517	75	2287	777	735	676	774	713	446	1490	821	397	803	507	655	366	658	1692	230	97	712	916	822	436	214	115	1187	880	469	876	658	553	412	1961	2885	833	626	260	783	50	700	1050	641	689	406	389	588	1189	557	554	293	710	585	129	2375	1459	458	1604	880	300	537	896	1850	301	681	202	735	521	837	600	883	736	938	604	596	1292	705	698	2449	782	664	2420	715	285	761	705	698	1939	1664	578	718	685	842	359	1050	1860	1060	551	576	1300	393	938	458	95	408	492	1145	79	467	576	2879	548	410	782	500	827	202	1975	565	490	702	749	704	521	364	1555	708	112	854	534	760	491	812	1759	2340	563	281	791	1105	367	325	713	1053	2188	570	50	816	1507	560	358	1422	281	723	346	325	548	107	704	535	1156	701	71	1161	854	288	505	517	710	1656	367	281	359	758	653	870	844	465	769	1609	314	1231	840
255	2434	364	1651	711	1457	638	1063	607	1313	193	750	466	292	360	1214	622	0	829	1347	275	196	909	632	576	1254	464	2368	639	285	258	294	120	133	650	437	743	896	572	217	882	1333	404	289	841	7	309	866	70	354	1986	1084	169	1132	360	62	397	184	1800	206	1483	1075	633	477	625	829	1502	712	2270	392	447	232	1181	190	1444	820	1234	516	365	323	151	627	1256	1010	650	2049	1358	616	636	369	148	986	1088	230	450	973	909	24	360	1219	203	698	251	1214	193	360	627	34	466	2281	157	1130	1214	686	1784	1175	148	521	1926	741	1682	593	221	360	142	1940	226	353	462	602	1119	615	1716	661	523	1084	624	2880	1091	1145	147	960	223	299	912	1114	237	643	424	1217	779	1278	1882	816	524	240	509	245	194	796	653	1374	295	243	975	1278	214	218	2512	3501	1211	797	368	381	577	154	1654	925	154	962	858	1193	596	636	646	393	1167	52	661	2995	2068	1071	1802	295	354	660	429	2026	376	1265	421	332	1143	1444	205	428	162	442	1220	1212	1891	223	461	3027	1278	258	3023	153	389	153	461	318	2143	1083	209	180	298	829	292	1654	2478	474	1117	53	1814	249	442	282	668	222	346	1752	673	231	47	3477	215	221	1375	122	770	421	2310	1138	620	146	1127	155	143	298	1854	215	651	1202	653	148	132	1430	1885	2916	59	447	1110	1343	296	360	222	1300	2774	711	577	1367	1623	873	783	878	404	1313	385	361	133	614	155	132	1762	1091	556	1499	234	372	908	668	227	1863	309	447	292	149	1232	366	607	909	161	1892	347	1853	1394
574	2633	811	1767	608	720	828	478	1431	485	637	205	975	537	474	543	287	829	0	520	630	820	657	417	763	485	987	2138	213	635	925	626	709	723	180	1245	555	67	749	968	803	1235	427	946	246	832	657	1434	767	479	1352	486	697	1011	474	780	1205	659	1636	945	1968	436	817	1114	229	755	675	609	2091	1214	391	626	964	850	783	604	547	743	588	509	978	1014	1116	879	180	2027	529	355	840	934	915	284	873	598	949	849	657	805	474	2027	646	1344	606	543	658	474	1386	814	975	1534	943	876	543	372	1809	953	916	367	1381	1362	1406	1334	962	474	763	1224	602	531	371	784	1024	790	2488	325	424	255	234	2217	988	905	914	1025	963	715	1615	1037	591	784	560	705	596	504	1905	86	359	965	1189	1056	634	368	191	1417	1112	619	1139	504	696	611	1952	2684	1011	891	509	874	301	936	989	877	927	518	584	570	1337	840	836	439	854	804	179	2232	1371	438	1815	1112	564	816	1160	2063	573	436	450	1002	400	783	855	1148	906	1197	544	537	1065	956	981	2399	495	925	2329	948	558	979	987	801	2141	1785	834	958	951	1122	537	989	1666	1208	288	777	1351	580	1197	591	194	607	586	1073	207	623	788	2795	691	607	548	707	1111	450	2121	309	772	936	934	940	759	622	1729	957	194	1043	815	976	699	716	1990	2294	773	391	999	1322	626	474	963	1270	2132	845	301	546	1746	795	585	1523	427	485	624	473	723	227	940	772	1088	886	313	1334	1063	555	712	795	961	1864	630	391	537	976	403	991	1130	657	988	1789	578	1069	879
1092	2919	1312	1973	1019	407	1223	561	1946	34	1154	630	1434	1057	994	458	757	1347	520	0	1130	1322	904	836	1176	264	1448	2097	713	1133	1421	1123	1227	1243	697	1765	952	452	1163	1473	1087	1392	947	1439	574	1350	1147	1911	1284	999	1046	548	1217	1206	994	1297	1715	1173	1687	1463	2401	492	1213	1590	728	1060	201	1020	2088	1728	910	1146	1112	1353	572	901	432	1175	1096	1029	1495	1434	1273	1108	697	2130	59	801	1236	1439	1425	442	1051	1116	1410	1091	904	1323	994	2546	1159	1841	1116	458	1170	994	1901	1331	1434	1089	1454	1027	458	772	1959	1100	1426	855	1163	1854	1412	1847	1466	994	1273	838	1120	1031	891	1189	1231	1190	2999	756	892	268	731	1829	1200	1055	1424	1317	1468	1203	2118	1251	1110	1225	1061	713	916	250	2046	535	848	1467	1670	1569	1152	697	696	1624	1626	1138	1453	250	1214	1129	1666	2167	1155	1231	1010	1375	789	1447	707	1153	1437	708	856	531	1850	1236	1228	959	970	1320	687	1755	993	501	1958	1626	1057	1202	1653	2199	1058	86	950	1492	337	572	1356	1640	1425	1695	450	449	545	1460	1442	2034	326	1421	1910	1460	1042	1496	1449	1308	2248	2285	1334	1468	1442	1492	1057	707	1154	1722	239	1296	1213	1099	1695	1109	686	1125	1097	756	687	1143	1305	2377	1209	1126	30	1225	1500	950	2110	213	1170	1448	1107	1452	1268	1119	1796	1462	698	1207	1203	1493	1216	448	2171	1937	1291	910	1203	1508	1123	994	1467	1460	1764	1214	789	171	1957	1083	903	2015	947	34	1100	993	1243	735	1452	1282	775	1067	807	1430	1581	1045	967	1176	1464	1995	1124	910	1057	1493	121	1499	1574	904	1505	1863	1070	604	807
156	2624	530	1478	728	1199	425	794	822	1097	144	508	390	194	251	950	377	275	630	1130	0	191	636	360	350	1007	397	2127	420	16	295	21	178	266	453	708	735	695	342	343	629	1098	267	317	589	281	62	1117	206	245	1711	815	275	885	251	213	587	110	1564	470	1728	812	417	497	404	572	1302	729	2037	606	318	263	922	222	1174	547	972	292	397	228	393	499	1011	755	453	1847	1150	354	427	588	300	737	826	153	365	718	636	259	251	1481	92	961	65	950	95	251	903	245	390	2018	331	864	950	418	1589	915	301	276	1651	1000	1426	868	335	251	151	1673	159	99	317	379	876	392	1987	401	258	880	401	2606	845	882	299	744	337	107	1185	874	161	740	441	942	507	1032	1688	596	282	336	566	446	161	527	440	1172	504	269	789	1032	325	152	2237	3261	955	574	120	572	341	324	1383	680	312	687	583	925	871	427	433	264	897	228	451	2733	1798	807	1604	504	82	439	530	1839	101	1052	180	374	893	1174	226	518	424	567	956	949	1668	329	392	2752	1114	295	2751	340	113	394	397	489	1947	1358	204	341	322	679	194	1383	2236	747	914	245	1541	175	567	294	445	150	373	1482	443	257	228	3203	322	156	1156	177	635	180	2075	931	390	327	868	329	148	24	1626	331	437	952	432	395	169	1168	1714	2641	219	318	864	1125	22	251	337	1078	2499	490	341	1176	1451	619	509	1144	267	1097	121	253	266	402	329	163	1491	830	323	1256	492	98	641	439	333	1663	41	318	194	392	1022	607	555	636	402	1669	73	1602	1119
288	2630	548	1455	843	1377	450	964	637	1288	234	697	278	334	405	1125	567	196	820	1322	191	0	760	531	394	1193	278	2180	611	189	109	199	197	282	643	565	863	886	392	154	709	1145	434	136	775	203	183	1057	164	398	1863	986	311	952	405	157	400	192	1612	397	1674	988	445	332	596	659	1493	844	2080	424	485	343	1009	31	1341	675	1148	336	492	372	244	432	1073	835	643	1853	1341	537	446	565	128	923	921	269	258	800	760	198	405	1317	194	882	220	1125	183	405	780	164	278	2190	158	966	1125	594	1588	1004	129	467	1785	927	1505	755	145	405	84	1841	271	291	490	417	936	430	1836	585	441	1072	592	2756	910	978	127	768	146	141	1075	929	279	810	547	1091	634	1218	1685	788	473	145	389	268	249	701	631	1178	325	353	779	1218	367	260	2367	3447	1037	608	312	573	532	151	1546	745	138	844	719	1093	758	446	456	428	1009	148	642	2906	1961	982	1606	325	266	474	341	1830	272	1244	372	193	1078	1341	34	331	356	376	1131	1124	1859	138	275	2893	1301	109	2907	170	287	243	276	503	1946	1243	17	162	143	634	334	1546	2421	645	1106	207	1660	297	376	390	637	262	469	1645	634	339	170	3354	365	265	1348	198	576	372	2120	1123	437	158	954	157	89	203	1663	142	628	1023	466	250	199	1344	1689	2781	175	485	929	1150	199	405	146	1108	2645	523	532	1367	1427	700	640	1057	434	1288	251	407	282	593	157	85	1654	922	515	1314	343	280	750	484	142	1667	201	485	334	244	1214	562	431	760	250	1699	254	1784	1261
737	3174	1129	1115	1153	751	407	352	1360	880	763	460	699	742	741	506	465	909	657	904	636	760	0	338	406	666	716	1544	547	624	809	616	814	894	615	1325	1124	678	400	896	184	580	710	808	416	915	599	1747	842	740	1116	370	894	353	741	847	1126	743	1006	1107	2350	416	401	872	544	171	1105	1155	1475	1165	727	855	324	788	650	90	536	446	935	751	1003	620	463	223	615	1373	952	401	421	1211	888	482	225	751	684	196	0	895	741	2069	724	1597	679	506	729	741	1533	877	699	1492	918	246	506	331	1151	314	889	499	1025	1635	817	1502	884	741	771	1137	758	586	704	400	366	393	2595	390	443	771	536	2003	331	270	887	412	885	622	1821	380	753	1258	950	359	129	690	1247	571	505	872	957	1021	777	290	566	763	1075	856	549	690	933	758	1607	2813	368	347	581	1183	504	911	831	248	898	196	76	442	1505	421	408	719	263	858	576	2202	1237	407	1158	1075	565	377	989	1406	537	862	559	841	568	650	781	969	1061	1040	515	511	1343	876	710	2134	1075	809	2162	931	528	1002	718	1095	1486	1992	761	918	806	613	742	831	1803	1383	798	882	905	758	1040	860	534	754	916	930	510	849	862	2602	928	759	917	812	638	559	1510	794	374	919	284	917	769	613	1090	884	563	391	382	1007	804	700	1334	2022	855	727	341	664	614	741	885	612	1888	363	504	1033	1095	181	128	1781	710	880	523	742	894	571	917	782	934	236	518	695	1103	548	62	351	878	1207	600	727	742	1002	850	1238	786	0	1009	1146	568	1157	508
420	2836	801	1383	821	846	412	434	1168	804	459	221	598	416	406	593	147	632	417	836	360	531	338	0	350	671	612	1882	239	354	614	344	521	587	309	1067	797	464	337	684	423	897	372	626	262	637	348	1430	562	406	1354	456	580	667	406	570	930	450	1339	814	2024	456	401	758	230	367	1025	823	1811	956	389	532	660	563	814	253	616	340	599	419	753	607	788	527	309	1686	867	71	424	892	654	406	560	437	574	491	338	613	406	1841	431	1292	382	593	439	406	1257	604	598	1659	685	584	593	65	1449	651	655	161	1307	1325	1156	1219	675	406	511	1313	444	280	366	369	671	374	2347	92	114	620	222	2249	635	608	653	626	676	395	1532	678	438	919	612	589	225	696	1548	345	167	670	840	799	468	169	262	1041	856	531	730	696	613	447	1895	2920	702	480	269	857	173	678	1023	495	665	332	266	564	1222	424	419	382	595	587	276	2375	1437	451	1459	856	278	399	836	1705	262	768	232	675	555	814	562	820	768	882	600	592	1353	667	606	2399	903	614	2392	695	248	753	613	770	1795	1705	539	692	628	705	416	1023	1895	1095	654	594	1214	439	882	531	238	442	581	1121	217	526	584	2845	608	447	858	519	695	232	1846	662	356	682	616	683	508	340	1419	672	259	718	398	755	510	812	1612	2289	573	389	651	961	343	406	676	909	2144	429	173	917	1360	414	220	1477	372	804	283	407	587	254	683	522	1131	569	184	1027	852	261	370	378	670	1513	335	389	416	752	744	927	739	338	762	1472	287	1254	771
501	2974	879	1132	1048	1120	78	696	956	1145	494	572	295	529	567	864	478	576	763	1176	350	394	406	350	0	983	311	1791	564	334	417	331	515	609	627	953	1043	813	13	509	318	757	562	410	603	584	291	1443	520	563	1522	718	624	557	567	521	725	457	1224	783	2058	742	68	467	551	273	1369	1050	1696	768	603	613	618	416	1044	339	892	60	741	556	635	258	680	442	627	1496	1210	407	85	928	515	735	533	502	278	408	406	569	567	1672	441	1273	414	864	440	567	1172	542	295	1893	542	580	864	408	1238	613	516	424	1419	1317	1111	1149	496	567	434	1538	508	366	590	29	543	41	2205	441	351	970	544	2406	516	590	514	393	496	279	1469	537	509	1085	778	763	303	1009	1337	695	434	481	553	634	512	479	589	821	684	619	444	1009	675	502	1993	3199	643	224	378	919	479	536	1234	350	523	547	391	814	1152	85	87	564	632	523	603	2605	1643	735	1254	684	322	88	582	1489	289	1112	402	438	870	1044	406	563	739	634	872	866	1674	487	305	2530	1254	417	2567	556	293	634	313	837	1596	1636	389	538	408	369	529	1234	2181	1039	1004	566	1281	522	634	641	573	500	717	1333	557	608	536	3005	672	506	1195	515	348	402	1735	1011	43	546	562	542	434	329	1282	497	586	628	82	642	509	1076	1368	2418	534	603	535	775	329	567	497	730	2289	139	479	1266	1107	310	314	1450	562	1145	236	569	609	567	542	443	1338	532	476	922	731	313	379	91	488	1312	310	603	529	635	1090	938	404	406	640	1322	314	1533	914
1004	3059	1292	1711	1076	237	1020	315	1830	252	1062	503	1261	977	926	193	633	1254	485	264	1007	1193	666	671	983	0	1276	1851	620	1006	1283	996	1134	1169	631	1688	1016	431	972	1347	851	1130	877	1296	418	1258	1011	1919	1186	930	889	297	1149	949	926	1198	1593	1071	1426	1400	2451	251	1011	1426	633	831	457	1077	1835	1614	853	1081	850	1224	347	678	169	993	1067	958	1394	1237	1011	858	631	1867	321	655	1034	1412	1308	270	794	1028	1239	845	666	1232	926	2472	1054	1823	1007	193	1065	926	1849	1233	1261	1050	1338	767	193	606	1695	839	1309	735	962	1844	1154	1800	1338	926	1157	740	1033	911	830	992	975	991	2952	607	752	321	633	1736	946	795	1307	1076	1339	1062	2091	995	1023	1264	1043	449	700	25	1781	455	731	1335	1509	1454	1064	510	611	1365	1512	1075	1215	25	1158	1040	1504	2253	893	1006	893	1355	677	1331	527	912	1320	471	629	267	1803	1034	1024	890	708	1219	606	1754	888	259	1694	1512	927	996	1507	1935	921	263	835	1346	115	347	1225	1491	1357	1553	185	185	691	1331	1270	1923	546	1283	1844	1347	905	1394	1278	1278	1984	2263	1203	1349	1298	1271	977	527	1228	1673	319	1207	983	1016	1553	1054	590	1036	1061	601	582	1077	1208	2310	1153	1038	266	1131	1287	835	1858	292	971	1334	848	1336	1153	992	1534	1335	613	946	998	1394	1122	246	1907	1820	1195	853	948	1247	995	926	1339	1200	1655	1001	677	427	1697	847	687	2005	877	252	952	925	1169	649	1336	1168	618	810	697	1166	1487	913	728	969	1335	1731	992	853	977	1392	275	1465	1388	666	1403	1601	939	599	551
539	2892	824	1200	1111	1426	316	1001	663	1416	497	822	16	583	647	1169	704	464	987	1448	397	278	716	612	311	1276	0	1986	774	385	211	390	473	560	823	724	1125	1046	319	292	602	962	665	184	875	470	347	1287	442	641	1828	1023	589	802	647	434	447	452	1418	646	1902	1043	319	156	758	568	1634	1113	1874	499	716	615	888	275	1355	650	1196	285	764	620	445	181	913	713	823	1616	1477	649	305	830	336	1017	815	527	38	685	716	470	647	1387	448	1101	454	1169	439	647	952	435	16	2204	352	867	1169	677	1348	885	337	620	1715	1151	1353	943	280	647	360	1850	530	478	713	315	779	323	1929	693	564	1221	753	2707	760	871	337	579	279	291	1254	766	536	1087	816	1074	614	1302	1443	934	628	258	242	399	515	766	797	950	435	624	550	1302	645	520	2280	3506	904	450	498	845	686	348	1545	610	339	856	702	1122	946	305	318	662	926	421	811	2916	1953	1035	1368	435	434	347	281	1581	418	1378	550	174	1161	1355	260	260	611	334	1177	1171	1964	273	5	2825	1482	211	2873	365	432	443	2	779	1703	1412	261	335	177	382	583	1545	2486	852	1255	484	1565	554	334	660	792	520	740	1644	782	611	445	3306	643	525	1470	473	316	550	1916	1267	341	360	833	352	364	392	1456	285	794	876	341	455	473	1383	1431	2712	452	716	780	942	389	647	280	907	2588	381	686	1520	1172	595	624	1263	665	1416	363	649	560	765	352	362	1649	811	674	1138	522	439	684	370	271	1429	377	716	583	447	1352	817	158	716	445	1485	421	1839	1221
2257	4719	2652	989	2693	1703	1730	1670	2608	2095	2268	1973	1975	2271	2279	1675	2006	2368	2138	2097	2127	2180	1544	1882	1791	1851	1986	0	2082	2112	2175	2106	2302	2393	2146	2711	2658	2131	1796	2267	1499	1035	2251	2157	1897	2375	2074	3235	2312	2278	1267	1667	2402	1241	2279	2312	2424	2238	569	2574	3850	1727	1735	2097	2080	1557	2251	2694	158	2480	2271	2376	1222	2199	1527	1629	1691	1852	2473	2285	2411	1807	1116	1374	2146	585	2156	1945	1734	2715	2291	1874	1322	2265	1977	1412	1544	2361	2279	3319	2220	3063	2183	1675	2222	2279	2938	2334	1975	1717	2315	1298	1675	1872	776	1231	2292	2043	1031	3108	733	2924	2254	2279	2226	1547	2273	2104	2248	1766	1251	1753	3868	1930	1982	2134	2074	1544	1281	1273	2291	1415	2254	2071	3239	1255	2270	2802	2492	1446	1661	1857	733	2055	2049	2235	2156	2384	2285	1807	2097	1059	2422	2379	1440	1857	2449	2270	1022	2909	1182	1572	2105	2699	2048	2310	1447	1447	2298	1626	1618	1616	2927	1734	1724	2260	1298	2315	2106	2108	1473	1722	748	2422	2072	1707	2241	726	2040	2114	2094	2160	1839	1527	2186	2221	2531	2290	1680	1684	2192	2246	1985	1483	2397	2175	1756	2329	2035	2410	1989	2613	619	3399	2173	2305	2152	1622	2271	1447	2213	2822	2145	2357	900	2278	2290	2390	2064	2267	2453	1453	2039	2370	2328	1989	2444	2272	2088	2301	1692	2094	120	2125	1748	2321	1270	2315	2226	2103	537	2258	2095	1177	1715	2420	2294	1653	904	1400	2325	2271	1262	1044	2104	2279	2255	1079	1410	1657	2048	2268	1012	1509	1664	3236	2251	2095	2005	2281	2393	2108	2315	2235	1436	1314	2062	870	2500	2057	1514	1700	2246	699	2086	2271	2271	2412	2126	2729	1931	1544	2414	527	2071	1834	1302
