NAME : VRPTW_INSTANCE_303.txt
COMMENT : Bangkok Supermarket
TYPE : VRPTW
DIMENSION : 315
DAYS : Monday
EDGE_WEIGHT_TYPE : EXPLICIT
VEHICLES : 41
EDGE_WEIGHT_FORMAT : FULL_MATRIX
CAPACITY : 1000
EDGE_WEIGHT_SECTION
0	586	34	78	54	1230	481	97	391	1933	62	140	352	891	379	486	348	976	101	410	946	947	946	902	404	1106	672	37	272	1054	910	118	199	939	525	214	437	19	1105	140	400	418	1003	349	145	84	454	590	154	104	1073	824	101	259	903	210	998	650	379	2608	408	1172	978	2955	577	1130	223	330	1011	413	309	176	1730	395	1321	145	39	582	494	1528	22	1656	372	364	1321	1001	369	368	654	358	341	101	1606	377	639	606	976	113	464	523	737	1190	395	283	1682	404	891	968	584	916	172	2137	183	556	408	152	503	403	399	885	1028	1419	1209	306	895	1994	1064	31	1089	1215	365	113	373	309	364	203	1190	215	3668	839	1974	782	503	101	620	257	1915	385	77	620	603	197	255	213	382	410	211	441	135	46	556	2522	626	152	253	1190	810	563	521	1636	196	21	1554	195	575	961	815	239	1040	1458	376	373	404	172	1229	385	1041	489	410	101	243	2132	77	689	214	488	94	372	1532	609	428	620	737	348	1974	419	283	486	358	111	1627	455	2201	3667	199	198	1185	1881	1016	215	223	993	379	3006	373	155	1002	199	1112	127	584	203	351	667	933	1221	993	1041	1005	379	438	584	124	1037	558	415	1119	225	1250	1064	504	891	577	196	815	125	253	622	152	306	1009	410	2976	815	418	78	214	369	133	968	170	399	79	2301	154	1171	135	469	88	2438	608	1693	1121	394	386	196	648	1247	199	124	370	212	819	1010	284	418	2974	239	205	201	199	435	1171	1314	97	111	111	214	211	54	185	522	1007	214	173
586	0	587	614	595	1284	718	511	729	2403	579	722	604	305	621	781	598	500	676	727	447	756	447	1016	650	1690	1008	590	510	1187	711	645	392	1166	669	532	489	595	1690	633	583	565	1487	922	639	637	630	6	635	518	554	239	680	713	1404	792	1381	702	644	2298	571	999	425	2823	55	1203	633	526	1501	729	486	421	2078	674	735	724	598	573	722	1511	593	1070	639	637	735	438	848	631	499	609	847	680	1028	415	527	666	500	694	427	353	351	1041	674	479	1407	876	305	498	13	346	422	1556	651	34	646	667	728	726	724	1027	994	1759	815	478	1083	1408	1184	615	547	821	635	694	630	280	637	390	1041	629	3341	722	2319	1342	728	676	680	842	2465	602	617	462	266	626	364	796	860	651	626	498	483	612	34	2234	1001	667	828	1041	968	55	344	1659	482	607	1955	764	775	492	589	822	1440	2025	955	630	876	422	1033	226	1442	97	617	546	667	1569	617	530	532	667	530	639	1285	283	470	680	351	598	1686	566	479	716	927	533	1041	130	1616	3323	392	652	1234	1666	467	659	633	479	621	2557	645	455	511	626	1308	712	57	409	591	1194	1517	639	849	532	1524	621	499	13	493	506	1091	613	950	634	1831	528	1072	305	55	625	589	709	828	650	667	476	1497	572	2568	589	565	614	628	843	519	498	700	727	621	1766	635	1007	606	118	674	3021	22	1107	572	724	607	482	191	1272	662	493	624	659	233	451	488	565	2503	663	526	468	392	511	721	953	681	692	641	532	530	595	403	367	512	535	417
34	587	0	112	20	1264	447	81	357	1910	28	135	318	892	345	521	315	991	89	376	959	975	959	867	438	1110	639	3	243	1089	938	150	210	974	558	183	409	19	1109	174	368	387	979	338	179	114	488	591	188	83	1085	826	119	292	881	221	967	618	345	2636	376	1202	986	2987	575	1164	188	362	988	379	281	169	1699	429	1321	137	11	612	460	1562	14	1657	338	330	1321	1008	340	334	629	325	315	119	1601	403	613	574	991	107	490	503	754	1221	429	312	1709	376	892	983	584	922	166	2133	149	556	442	184	469	368	364	919	1061	1388	1230	278	930	1996	1029	37	1099	1236	331	107	339	314	330	198	1221	181	3696	869	1944	769	469	89	588	264	1902	418	110	596	589	163	270	223	354	444	176	413	158	77	556	2551	594	184	243	1221	845	567	502	1670	224	37	1525	182	541	976	841	248	1010	1448	386	339	376	166	1259	394	1012	489	443	72	208	2141	110	664	183	521	71	338	1561	626	456	588	754	315	2002	451	312	451	346	84	1626	457	2203	3694	210	164	1219	1911	1025	181	188	1005	345	3026	339	175	1016	164	1146	125	581	192	318	647	929	1225	1023	1054	985	345	410	584	147	1048	579	449	1149	190	1245	1074	492	892	575	161	841	122	243	591	184	278	986	378	2999	841	387	112	180	340	162	983	143	364	112	2313	188	1201	100	469	90	2434	609	1693	1130	359	419	224	660	1281	166	147	336	246	821	1018	313	387	2993	205	175	227	210	407	1189	1337	95	105	143	183	180	20	194	501	1021	183	170
78	614	112	0	130	1159	559	168	466	1967	140	156	431	917	457	410	427	971	140	485	945	903	945	979	336	1076	739	114	350	980	869	41	221	862	461	292	513	93	1076	61	479	497	1039	360	66	24	391	618	76	178	1074	848	76	180	936	183	1054	729	458	2564	486	1122	988	2891	612	1059	299	279	1046	489	385	231	1785	324	1348	168	113	533	572	1461	98	1680	451	443	1348	1014	423	446	726	437	389	76	1641	348	713	685	971	138	432	589	727	1137	324	244	1637	458	917	961	614	932	226	2170	254	587	341	75	581	477	474	812	966	1477	1185	382	820	2017	1141	86	1094	1192	443	138	452	333	443	253	1137	291	3624	790	2029	793	581	140	699	236	1925	322	4	691	660	273	260	188	436	342	287	517	133	36	587	2475	690	75	270	1137	737	585	586	1565	168	79	1602	223	653	955	780	212	1092	1461	341	452	458	226	1181	400	1093	520	347	179	315	2139	4	762	292	422	169	451	1486	601	388	699	727	427	1929	364	244	563	374	188	1655	484	2222	3625	221	270	1115	1828	1025	287	299	994	457	2981	452	160	999	275	1034	142	619	263	430	695	921	1240	943	1040	1031	457	514	614	122	1040	498	353	1070	301	1241	1069	515	917	612	272	780	141	270	700	75	381	1044	489	2945	780	497	0	290	425	107	961	226	474	7	2297	76	1120	211	502	107	2424	637	1720	1128	468	323	168	654	1178	270	122	448	134	845	1021	242	497	2954	312	283	177	221	512	1157	1285	121	137	35	292	289	130	212	589	1004	293	223
54	595	20	130	0	1284	428	84	337	1893	18	130	302	900	328	540	298	1005	81	356	972	994	972	849	458	1106	619	17	231	1108	957	166	223	992	579	170	398	37	1106	192	353	373	962	328	196	130	508	599	206	82	1098	834	128	309	864	223	948	603	327	2655	361	1222	997	3008	581	1184	169	382	971	359	270	174	1679	449	1328	130	16	632	441	1582	32	1665	321	313	1328	1019	321	316	620	308	297	128	1606	421	603	559	1005	102	509	498	770	1241	449	331	1729	356	900	997	592	932	172	2138	129	563	462	200	451	348	345	939	1081	1368	1247	268	949	2003	1011	48	1111	1253	313	102	322	325	313	205	1241	161	3715	888	1924	757	450	81	573	263	1888	438	128	588	588	143	286	224	335	464	157	401	177	94	563	2570	574	200	233	1241	864	577	497	1690	244	51	1506	170	523	991	859	249	991	1437	387	322	356	172	1278	407	992	497	464	64	188	2152	128	654	170	542	69	321	1580	641	476	573	770	298	2021	471	331	433	335	78	1633	466	2211	3713	223	144	1239	1931	1037	161	169	1018	328	3043	321	192	1030	145	1165	122	587	194	302	632	921	1233	1043	1067	969	328	399	592	166	1060	586	469	1169	171	1236	1087	481	900	581	142	859	119	233	576	200	268	968	364	3017	859	373	130	160	321	183	997	125	345	129	2327	206	1221	81	477	91	2426	617	1699	1142	339	439	244	672	1301	145	166	319	265	828	1029	333	373	3009	184	162	246	223	395	1204	1355	93	100	160	170	167	0	207	496	1034	170	178
1230	1284	1264	1159	1284	0	1700	1280	1621	2982	1289	1289	1561	1403	1589	758	1555	1089	1293	1639	1134	606	1134	2114	825	1685	1898	1266	1454	213	639	1133	1176	406	713	1413	1576	1247	1688	1100	1593	1599	2107	1427	1097	1168	783	1281	1085	1295	1204	1350	1206	1006	1995	1229	2191	1825	1596	1649	1594	488	1271	1758	1332	101	1452	922	2106	1641	1473	1271	2912	835	1685	1305	1268	729	1712	317	1252	1894	1588	1581	1685	1312	1571	1582	1717	1568	1530	1206	2015	954	1727	1779	1089	1283	893	1548	992	437	835	987	847	1605	1403	1076	1296	1308	1265	2435	1412	1291	822	1106	1722	1631	1627	353	305	2617	938	1466	378	2158	2282	1245	1270	942	1581	1283	1586	1191	1581	1264	437	1444	2667	576	3152	1765	1721	1293	1795	1262	2764	850	1162	1676	1524	1426	1119	1235	1583	819	1439	1584	1139	1195	1291	1535	1846	1106	1371	437	426	1229	1541	406	1068	1237	2705	1354	1793	1076	738	1239	2221	2281	1246	1586	1605	1265	528	1150	2221	1268	824	1313	1473	2024	1162	1754	1413	745	1294	1588	711	1005	881	1795	992	1555	1076	833	987	1704	1448	1315	1925	1241	2298	2695	1176	1428	50	868	1272	1445	1452	1173	1589	2315	1591	1143	1123	1428	309	1278	1337	1301	1556	1759	1724	1520	504	1171	2051	1589	1583	1296	1144	1224	1095	820	494	1454	2002	1248	1541	1403	1332	1425	738	1279	1371	1783	1106	1465	2106	1596	2182	738	1599	1159	1443	1575	1113	1076	1382	1628	1162	2012	1085	471	1364	1271	1256	3001	1295	1963	1307	1622	848	1068	1120	62	1428	1144	1582	1030	1366	1299	981	1599	2352	1469	1403	1073	1176	1587	1059	889	1270	1283	1138	1413	1410	1284	1188	1557	1131	1415	1251
481	718	447	559	428	1700	0	420	119	1698	419	482	142	972	115	967	148	1214	451	94	1164	1339	1164	420	877	1295	291	445	255	1532	1298	594	539	1421	988	287	234	465	1293	620	136	153	811	523	625	557	917	724	635	404	1272	926	539	736	751	585	664	222	104	2975	146	1581	1137	3398	674	1602	261	780	830	91	253	440	1364	872	1351	467	445	1008	13	1990	460	1685	112	119	1351	1144	307	118	395	134	348	539	1562	776	355	196	1214	471	858	405	1020	1609	872	717	2059	307	972	1210	708	1051	446	2084	313	684	879	627	22	102	105	1361	1476	1044	1511	262	1376	2014	583	474	1261	1516	119	471	114	572	119	456	1609	268	4029	1253	1606	792	22	451	201	595	1831	849	556	390	538	287	606	583	309	882	273	226	561	523	684	2900	297	627	483	1609	1287	734	412	2106	633	480	1237	447	94	1203	1184	599	726	1442	707	114	307	446	1631	650	728	639	875	388	253	2248	556	409	287	955	406	112	1920	903	845	201	1020	148	2348	870	717	7	510	386	1632	632	2229	4018	539	296	1654	2287	1180	281	261	1197	115	3275	109	559	1228	285	1593	487	677	417	150	601	1046	1305	1406	1250	882	115	224	708	556	1223	948	879	1528	259	1313	1243	600	972	674	288	1184	484	483	228	627	264	824	146	3280	1184	153	559	270	298	587	1210	373	107	557	2469	635	1583	348	621	487	2480	732	1702	1283	112	852	633	877	1713	301	556	119	693	912	1160	722	153	3221	255	298	629	539	211	1432	1638	477	470	588	287	290	428	524	391	1229	285	460
97	511	81	168	84	1280	420	0	348	1954	68	215	282	816	310	554	277	933	166	363	897	952	897	837	457	1190	644	83	186	1113	913	209	154	1010	567	135	345	96	1190	224	322	336	1024	410	230	180	497	516	237	16	1022	751	198	344	930	302	989	569	315	2609	327	1186	917	2987	496	1181	184	361	1035	366	219	89	1719	454	1244	214	91	600	432	1571	93	1580	308	301	1244	938	376	302	558	289	360	198	1521	377	545	524	933	187	463	425	702	1208	454	301	1684	410	816	925	508	850	88	2053	168	479	459	244	442	356	353	942	1061	1404	1185	214	960	1919	1003	117	1032	1191	301	187	307	247	301	120	1208	177	3668	853	1963	835	441	166	539	346	1965	429	168	523	508	163	223	304	389	462	172	349	142	142	479	2527	607	244	316	1208	868	495	423	1686	214	113	1554	253	513	919	810	330	1036	1517	468	307	410	88	1240	331	1037	413	455	44	214	2072	168	593	135	534	22	308	1539	574	439	539	702	277	1976	452	301	424	416	37	1548	383	2127	3664	154	177	1234	1895	957	192	184	942	310	2979	311	145	956	164	1180	206	503	110	278	702	1006	1150	1008	992	1039	310	347	508	136	983	656	459	1132	186	1319	1009	562	816	496	161	810	203	316	537	244	214	1032	329	2959	810	336	168	176	374	167	925	194	354	171	2250	237	1186	112	393	172	2509	533	1615	1063	348	431	214	596	1293	184	136	303	292	744	948	305	336	2942	209	125	212	154	346	1136	1298	176	185	203	135	132	84	137	424	960	137	95
391	729	357	466	337	1621	119	348	0	1673	331	372	126	1004	117	876	133	1212	346	24	1166	1294	1166	523	795	1184	300	354	224	1446	1254	497	487	1326	912	230	283	374	1182	527	170	200	762	404	531	461	841	735	542	332	1281	952	436	638	690	472	662	340	92	2944	186	1531	1154	3336	691	1521	168	708	779	27	243	390	1383	787	1401	356	353	949	132	1917	369	1738	95	95	1401	1165	193	102	483	123	230	436	1630	721	447	309	1212	364	806	457	1003	1555	787	650	2022	200	1004	1207	720	1072	395	2157	212	695	798	529	140	16	13	1277	1409	1066	1495	251	1286	2071	678	379	1277	1501	97	364	106	541	95	412	1555	176	4001	1199	1627	697	139	346	317	478	1768	772	463	471	587	194	556	469	197	801	181	278	490	429	695	2865	276	529	365	1555	1202	737	462	2027	563	386	1236	332	204	1200	1145	484	717	1361	589	106	200	395	1584	625	719	642	798	310	150	2284	463	504	230	877	330	95	1879	881	786	317	1003	133	2313	799	650	126	391	311	1690	627	2286	3993	487	195	1576	2240	1196	178	168	1204	117	3275	89	493	1230	192	1499	378	696	374	140	513	940	1342	1354	1256	816	117	275	720	483	1235	831	803	1478	167	1218	1257	487	1004	691	195	1145	375	365	340	529	253	774	187	3270	1145	200	466	177	184	510	1207	262	11	463	2493	542	1532	256	622	383	2394	746	1760	1301	8	774	563	871	1637	197	483	110	600	940	1180	654	200	3227	153	240	561	487	262	1427	1617	372	363	492	230	233	337	470	445	1232	227	408
1933	2403	1910	1967	1893	2982	1698	1954	1673	0	1900	1810	1798	2670	1783	2270	1805	2879	1835	1675	2836	2868	2836	1598	2266	1445	1409	1907	1894	2770	2835	1970	2109	2587	2395	1883	1933	1915	1441	2003	1827	1849	930	1615	2003	1947	2333	2409	2015	1941	2953	2622	1894	2048	1031	1820	1043	1808	1759	4522	1840	3075	2828	4732	2364	2885	1787	2244	922	1674	1916	2028	643	2240	3041	1798	1900	2496	1697	3299	1914	3369	1764	1766	3041	2838	1579	1772	2054	1794	1596	1894	3216	2311	2011	1822	2879	1831	2397	2103	2655	3082	2240	2210	3598	1546	2670	2873	2394	2745	2031	3714	1788	2368	2272	1980	1693	1677	1678	2640	2880	815	3139	1924	2603	3688	1522	1904	2950	3146	1768	1831	1774	2192	1766	2057	3082	1793	5581	2750	642	1220	1694	1835	1814	1774	617	2270	1962	2064	2235	1801	2176	1814	1565	2272	1797	1925	2068	1941	2368	4428	1404	1980	1699	3082	2575	2409	2110	3353	2128	1914	534	1744	1667	2866	2747	1800	977	848	1752	1774	1546	2031	3137	2278	975	2314	2290	1911	1753	3945	1962	2052	1883	2352	1932	1764	3444	2528	2356	1814	2655	1805	3889	2322	2210	1701	1598	1920	3309	2297	3904	5587	2109	1780	2951	3766	2870	1768	1787	2876	1783	4934	1758	2085	2899	1801	2738	1824	2368	2024	1812	1272	1287	3003	2899	2928	944	1783	1923	2394	2057	2908	1888	2298	3024	1786	1103	2930	1472	2670	2364	1802	2747	1825	1699	1853	1980	1927	924	1840	4910	2747	1849	1967	1794	1581	2064	2873	1767	1675	1960	4165	2015	3071	1842	2294	1861	1400	2419	3378	2974	1678	2269	2128	2537	3022	1772	2057	1779	2051	2609	2853	2209	1849	4894	1758	1891	2134	2109	1910	3088	3248	1847	1831	1968	1883	1885	1893	2092	2089	2901	1880	2042
62	579	28	140	18	1289	419	68	331	1900	0	148	290	884	317	548	286	994	99	350	960	991	960	839	463	1124	617	27	215	1115	953	178	212	1002	582	155	382	48	1123	202	340	358	970	343	207	143	511	584	216	64	1086	818	145	320	873	241	950	589	317	2651	347	1220	983	3010	564	1189	162	382	979	352	254	158	1681	455	1312	147	31	631	432	1586	43	1648	310	302	1312	1005	326	305	603	296	304	145	1588	417	586	546	994	120	504	480	759	1240	455	330	1725	361	884	986	576	917	156	2120	127	547	467	213	441	342	338	945	1083	1369	1238	252	957	1987	1002	63	1097	1245	302	120	311	311	302	188	1240	155	3711	887	1926	770	441	99	560	281	1901	441	138	571	570	137	276	243	340	469	150	385	172	106	547	2567	574	213	248	1240	871	562	479	1695	241	65	1510	185	513	979	854	267	994	1451	405	311	361	156	1276	394	995	481	467	46	184	2138	138	637	155	545	51	310	1577	631	473	560	759	286	2017	473	330	423	349	59	1616	450	2195	3708	212	141	1244	1929	1023	158	162	1006	317	3035	311	185	1018	138	1174	140	571	177	289	642	938	1218	1041	1055	979	317	383	576	162	1047	604	472	1167	164	1252	1074	495	884	564	136	854	136	248	562	213	252	976	350	3010	854	358	140	153	325	182	986	134	338	140	2314	216	1219	75	461	109	2441	601	1683	1128	333	443	241	660	1305	144	162	308	275	812	1015	332	358	3000	180	147	243	212	379	1194	1348	111	118	172	155	152	18	195	478	1022	155	162
140	722	135	156	130	1289	482	215	372	1810	148	0	379	1028	401	531	378	1115	49	395	1085	1059	1085	895	479	975	614	133	337	1102	1025	164	339	967	608	277	505	128	975	199	439	463	883	210	200	136	539	727	212	212	1213	961	87	284	779	107	908	681	393	2719	450	1276	1118	3032	711	1188	229	435	889	398	380	304	1637	461	1457	16	124	689	495	1596	129	1793	387	380	1457	1141	281	386	732	384	242	87	1736	503	711	641	1115	28	587	621	874	1290	461	400	1793	315	1028	1106	720	1055	302	2268	173	692	484	184	504	386	383	938	1112	1333	1339	380	936	2131	1047	109	1229	1346	381	28	392	448	380	334	1290	223	3779	945	1880	644	504	49	653	136	1777	472	152	702	717	207	394	106	294	485	221	506	270	132	692	2630	557	184	115	1290	863	702	621	1693	321	118	1449	68	574	1099	937	128	943	1319	261	392	315	302	1335	525	944	625	495	191	229	2272	152	764	277	567	199	387	1641	746	545	653	874	378	2085	517	400	488	221	205	1762	592	2339	3781	339	189	1247	1981	1156	203	229	1133	401	3136	387	293	1141	209	1140	13	717	325	384	539	794	1360	1098	1181	875	401	503	720	258	1177	479	502	1224	231	1111	1204	365	1028	711	206	937	15	115	663	184	381	887	453	3101	937	463	156	222	285	257	1106	109	382	149	2440	212	1274	165	605	52	2299	744	1829	1261	376	471	321	788	1312	182	258	391	261	956	1150	399	463	3107	227	272	328	339	497	1307	1440	42	30	161	277	275	130	325	618	1146	276	306
352	604	318	431	302	1561	142	282	126	1798	290	379	0	877	27	835	6	1092	340	123	1045	1199	1045	554	739	1272	410	317	114	1396	1157	468	397	1290	848	147	165	338	1270	492	63	92	889	471	497	432	778	610	506	267	1157	825	423	611	816	487	780	303	41	2839	78	1440	1029	3256	565	1463	150	639	906	124	120	298	1493	736	1275	367	319	866	153	1849	333	1613	35	32	1275	1039	293	27	384	7	317	423	1509	634	353	261	1092	363	716	334	889	1467	736	576	1921	309	877	1087	595	946	304	2037	206	570	741	502	162	121	120	1224	1334	1174	1381	129	1241	1947	721	350	1152	1387	30	363	28	434	32	314	1467	155	3895	1111	1736	809	161	340	274	506	1893	710	429	365	463	172	464	485	301	745	158	161	421	396	570	2763	397	502	410	1467	1150	614	339	1966	493	354	1355	361	232	1081	1045	505	837	1481	627	28	309	304	1491	514	839	519	736	254	159	2157	429	410	147	815	270	35	1781	769	703	274	889	6	2211	729	576	144	463	249	1566	507	2161	3885	397	191	1514	2147	1071	180	150	1081	27	3155	40	418	1108	170	1461	381	570	275	13	632	1040	1215	1264	1134	942	27	159	595	417	1111	858	740	1387	148	1328	1132	580	877	565	173	1045	378	410	283	502	131	901	80	3154	1045	92	431	156	285	449	1087	276	123	430	2367	506	1442	225	499	373	2509	621	1636	1176	120	713	493	752	1572	199	417	22	564	813	1054	581	92	3105	159	158	488	397	147	1308	1506	366	361	462	147	150	302	382	323	1110	145	318
891	305	892	917	900	1403	972	816	1004	2670	884	1028	877	0	890	1033	871	387	981	998	322	813	322	1198	907	1994	1262	895	796	1348	773	946	696	1365	894	826	737	900	1994	932	843	820	1767	1226	938	940	872	301	933	822	363	71	984	1003	1690	1097	1634	902	914	2173	830	1028	212	2792	322	1337	927	795	1783	999	766	726	2305	936	431	1029	903	765	973	1581	899	765	910	909	431	197	1140	902	661	881	1144	984	735	674	700	875	387	1000	657	570	412	1079	936	758	1337	1167	0	393	308	123	727	1257	950	336	901	966	977	998	997	1205	1099	1988	714	758	1274	1103	1354	920	324	717	907	1000	899	584	909	695	1079	924	3192	828	2540	1642	977	981	887	1147	2759	860	920	636	441	923	662	1101	1152	907	921	745	785	916	336	2124	1266	966	1133	1079	1158	332	562	1742	776	912	2203	1069	1012	389	665	1126	1697	2326	1258	899	1167	727	1044	520	1699	402	870	850	960	1280	920	679	826	903	835	910	1240	442	711	887	412	871	1593	813	758	969	1231	836	737	436	1311	3164	696	950	1354	1619	247	956	927	319	890	2340	915	757	374	922	1486	1017	317	712	863	1488	1822	339	916	362	1813	890	747	308	795	311	1383	864	987	928	2136	317	1375	0	322	922	665	1014	1133	850	966	756	1778	830	2378	665	820	917	924	1135	819	393	1002	1000	924	1497	933	1039	908	422	979	3326	283	802	332	998	865	776	324	1379	960	795	894	952	71	217	767	820	2272	956	821	763	696	760	581	859	987	998	943	826	825	900	708	584	369	829	722
379	621	345	457	328	1589	115	310	117	1783	317	401	27	890	0	862	33	1112	364	108	1064	1225	1064	527	767	1281	389	343	140	1423	1183	495	424	1317	876	175	166	364	1280	519	54	85	878	484	524	459	806	627	533	295	1175	839	448	637	807	508	761	279	24	2863	70	1466	1045	3283	581	1491	172	667	895	109	142	325	1471	764	1284	388	345	894	125	1877	359	1621	23	27	1284	1055	297	19	376	20	325	448	1512	661	343	239	1112	386	743	339	911	1493	764	604	1946	310	890	1107	612	961	331	2040	228	587	769	529	134	109	108	1252	1362	1151	1403	151	1269	1954	693	376	1168	1409	25	386	12	458	27	341	1493	178	3918	1137	1714	810	134	364	251	526	1886	738	455	359	469	195	491	507	304	773	181	161	449	422	587	2788	379	529	427	1493	1178	633	344	1994	520	380	1335	380	204	1101	1070	526	819	1478	646	12	310	331	1517	538	820	538	764	281	177	2169	455	400	175	843	297	23	1806	793	730	251	911	33	2235	757	604	117	475	277	1573	527	2168	3908	424	212	1542	2173	1087	200	172	1099	0	3174	28	446	1127	193	1488	404	585	301	35	629	1046	1227	1291	1152	934	0	158	612	444	1128	879	768	1413	170	1330	1149	587	890	581	196	1070	401	427	263	529	153	890	72	3175	1070	85	457	179	288	477	1107	297	111	457	2382	533	1468	251	518	397	2509	637	1642	1191	110	741	520	773	1600	220	444	11	591	826	1070	609	85	3123	177	186	516	424	145	1329	1529	390	385	488	175	178	328	409	327	1129	173	345
486	781	521	410	540	758	967	554	876	2270	548	531	835	1033	862	0	830	922	538	896	924	654	924	1388	131	1135	1143	523	740	571	635	380	496	455	173	689	888	503	1137	349	877	890	1367	675	345	416	164	781	334	569	1048	963	449	247	1256	473	1434	1123	865	2261	882	819	1018	2508	808	657	709	259	1368	899	768	574	2158	112	1439	547	523	327	980	1068	508	1741	858	850	1439	1055	813	852	1074	841	772	449	1763	366	1071	1078	922	526	377	913	691	819	112	319	1346	847	1033	909	788	997	567	2270	665	768	135	351	990	888	885	406	610	1859	1024	763	409	2065	1551	497	1091	1031	850	526	858	562	850	578	819	702	3315	524	2399	1052	989	538	1093	509	2133	178	413	1034	940	683	466	479	825	129	697	894	428	447	768	2162	1089	351	613	819	332	731	908	1162	369	490	1957	595	1062	905	598	485	1465	1649	518	858	847	567	884	568	1465	716	164	580	726	2097	413	1111	689	142	565	858	1190	603	321	1093	691	830	1632	220	319	972	696	585	1737	678	2253	3326	496	681	717	1496	1044	698	709	977	862	2769	859	443	958	685	626	520	814	608	832	1015	1079	1298	653	1010	1327	862	892	788	428	1033	460	170	773	711	1391	1064	802	1033	808	682	598	521	613	1089	351	762	1368	884	2699	598	890	410	701	817	391	909	628	885	413	2200	334	813	621	707	501	2517	801	1794	1131	879	173	369	711	784	680	428	854	277	969	1054	310	890	2763	723	679	379	496	893	1049	1085	514	527	385	689	686	540	503	919	966	691	556
348	598	315	427	298	1555	148	277	133	1805	286	378	6	871	33	830	0	1085	338	129	1038	1192	1038	559	734	1274	417	313	107	1391	1151	465	391	1285	842	142	161	334	1273	488	62	91	896	473	493	429	772	603	502	262	1151	819	420	607	822	485	787	305	48	2832	76	1433	1022	3250	559	1457	149	633	912	131	113	292	1500	731	1270	365	315	860	159	1843	329	1607	42	39	1270	1033	297	34	382	13	321	420	1504	628	351	263	1085	361	710	329	882	1460	731	570	1914	314	871	1080	589	940	297	2032	205	563	736	499	168	128	127	1219	1328	1181	1374	122	1237	1941	726	346	1145	1380	37	361	35	427	39	308	1460	154	3888	1104	1743	813	167	338	276	505	1898	705	425	362	457	171	458	484	305	740	157	158	416	392	563	2756	403	499	410	1460	1145	607	333	1961	487	350	1362	360	238	1074	1038	504	844	1486	626	35	314	297	1484	508	846	512	731	250	159	2151	425	408	142	810	265	42	1774	762	697	276	882	0	2204	724	570	150	465	245	1561	500	2155	3878	391	190	1509	2140	1064	179	149	1074	33	3148	47	412	1101	169	1456	379	563	268	8	637	1044	1209	1258	1127	947	33	155	589	411	1104	857	735	1380	148	1332	1126	583	871	559	171	1038	376	410	285	499	124	907	78	3147	1038	91	427	155	289	444	1080	276	129	427	2361	502	1435	223	492	371	2514	614	1630	1169	127	707	487	745	1567	199	411	29	560	806	1047	576	91	3098	159	152	483	391	143	1301	1499	364	360	458	142	145	298	376	318	1103	140	312
976	500	991	971	1005	1089	1214	933	1212	2879	994	1115	1092	387	1112	922	1085	0	1077	1214	64	483	64	1512	820	2012	1501	994	988	1077	452	986	782	1141	754	995	989	991	2012	961	1077	1062	1952	1325	965	994	763	494	955	945	129	371	1047	988	1862	1151	1873	1201	1133	1811	1067	664	194	2405	551	1039	1091	750	1964	1215	971	853	2578	854	597	1122	1002	599	1219	1227	992	844	1128	1124	597	232	1303	1119	982	1098	1292	1047	930	638	1015	1166	0	1089	574	851	246	718	854	746	952	1335	387	13	512	264	851	1388	1095	532	813	993	1225	1211	1209	963	786	2258	332	963	1043	1153	1678	1007	186	336	1123	1089	1119	689	1124	823	718	1086	2846	542	2818	1759	1225	1077	1180	1205	2892	783	975	950	745	1079	721	1156	1316	818	1082	998	844	984	532	1754	1488	993	1230	718	935	479	842	1392	803	997	2447	1172	1275	17	381	1179	1929	2432	1293	1119	1335	851	671	603	1931	574	781	975	1126	1184	975	1008	995	780	955	1128	853	369	633	1180	246	1085	1214	723	746	1213	1335	964	859	585	1333	2825	782	1101	1043	1232	185	1112	1091	84	1112	2062	1133	821	37	1079	1230	1101	550	854	1079	1636	1888	433	585	90	1973	1112	999	512	856	135	1350	772	629	1093	2209	161	1480	387	551	1078	381	1099	1230	1148	993	960	1961	1068	2068	381	1062	971	1085	1300	864	13	1127	1212	978	1326	955	677	1043	593	1062	3383	491	906	227	1208	787	803	342	1055	1110	856	1113	950	391	216	751	1062	2015	1121	988	793	782	1011	220	476	1073	1087	985	995	993	1005	798	866	45	999	840
101	676	89	140	81	1293	451	166	346	1835	99	49	340	981	364	538	338	1077	0	368	1046	1040	1046	868	475	1025	605	86	291	1110	1005	160	298	982	601	230	459	85	1024	193	398	421	905	249	196	126	531	680	208	163	1173	915	90	294	804	152	913	644	358	2701	409	1261	1075	3030	663	1193	192	418	913	371	333	256	1645	460	1410	48	78	672	465	1598	85	1746	352	344	1410	1098	283	349	685	346	249	90	1688	475	665	602	1077	24	561	572	838	1277	460	377	1775	318	981	1069	673	1011	254	2220	138	645	479	187	474	360	356	944	1106	1337	1309	333	947	2084	1024	70	1187	1316	345	24	356	404	344	286	1277	186	3761	929	1888	682	474	0	615	185	1814	462	136	655	667	168	356	152	296	481	182	461	236	108	645	2614	552	187	154	1277	869	657	572	1699	293	80	1463	94	544	1062	912	175	952	1359	310	356	318	254	1320	483	953	578	486	141	198	2230	136	718	230	561	150	352	1624	710	523	615	838	338	2067	504	377	457	258	155	1714	546	2292	3762	298	155	1250	1968	1114	170	192	1093	364	3106	352	256	1103	170	1155	44	669	276	344	567	840	1314	1083	1141	904	364	458	673	224	1136	523	493	1209	194	1155	1163	404	981	663	167	912	40	154	623	187	333	910	411	3075	912	421	140	185	285	229	1069	89	356	134	2401	208	1260	119	558	37	2345	698	1781	1219	350	463	293	748	1314	150	224	354	262	910	1107	377	421	3075	195	225	299	298	452	1272	1413	26	22	155	230	228	81	282	569	1107	229	259
410	727	376	485	356	1639	94	363	24	1675	350	395	123	998	108	896	129	1214	368	0	1167	1305	1167	500	813	1206	292	373	228	1465	1264	518	498	1347	929	241	271	393	1204	547	159	187	769	429	551	481	858	733	562	347	1280	948	458	659	699	496	659	316	84	2952	174	1543	1152	3351	688	1539	187	724	786	3	242	400	1376	805	1392	380	372	962	107	1933	389	1729	88	90	1392	1162	216	96	465	118	254	458	1617	733	428	286	1214	387	818	446	1008	1568	805	665	2032	220	998	1209	718	1069	405	2143	233	693	816	550	115	8	12	1295	1425	1058	1499	251	1306	2061	656	399	1275	1506	92	387	98	548	90	421	1568	195	4009	1212	1620	714	115	368	293	503	1779	789	483	454	577	213	567	493	219	819	199	265	505	449	693	2874	274	550	390	1568	1221	737	451	2045	578	406	1233	356	179	1202	1155	508	715	1376	613	98	220	405	1595	631	716	642	815	326	171	2278	483	484	241	894	346	88	1889	886	799	293	1008	129	2322	815	665	101	415	326	1680	628	2276	4000	498	216	1593	2252	1194	199	187	1204	108	3277	83	507	1231	211	1520	401	693	383	136	529	961	1336	1366	1257	827	108	263	718	499	1234	856	820	1490	185	1236	1256	510	998	688	214	1155	398	390	317	550	253	781	175	3274	1155	187	485	196	206	527	1209	286	13	483	2490	562	1544	275	622	405	2410	744	1749	1299	18	791	578	873	1654	219	499	104	620	935	1177	669	187	3228	174	251	576	498	250	1430	1623	395	386	512	241	244	356	481	434	1233	238	419
946	447	959	945	972	1134	1164	897	1166	2836	960	1085	1045	322	1064	924	1038	64	1046	1167	0	528	0	1454	816	1997	1452	962	943	1112	495	963	749	1166	759	953	937	960	1998	939	1028	1011	1912	1295	943	969	762	441	935	909	130	306	1021	973	1823	1127	1825	1144	1085	1872	1017	720	138	2469	496	1080	1051	737	1925	1168	924	815	2526	850	560	1091	970	607	1169	1281	960	825	1080	1077	560	179	1264	1072	923	1050	1255	1021	894	621	956	1109	64	1059	565	794	234	773	850	727	1017	1295	322	70	458	201	814	1365	1057	480	809	972	1175	1165	1163	992	830	2206	396	916	1070	1142	1619	977	167	400	1075	1059	1071	651	1077	785	773	1046	2906	577	2766	1728	1174	1046	1123	1180	2861	777	949	890	686	1039	691	1132	1277	814	1042	946	816	956	480	1816	1441	972	1199	773	959	430	786	1446	779	967	2399	1140	1223	67	411	1156	1882	2404	1272	1071	1295	814	730	566	1884	525	777	939	1085	1198	949	948	953	782	919	1080	917	348	624	1123	234	1038	1278	718	727	1162	1304	928	833	539	1328	2884	749	1062	1087	1297	139	1072	1051	53	1064	2111	1085	792	64	1039	1263	1072	494	814	1032	1600	1865	399	632	95	1936	1064	946	458	828	109	1342	768	684	1052	2186	139	1450	322	496	1038	411	1070	1199	1091	972	913	1921	1018	2122	411	1011	945	1045	1260	838	70	1092	1165	953	1354	935	733	1006	545	1032	3364	435	884	207	1162	781	779	301	1102	1071	828	1065	933	327	165	734	1011	2060	1081	946	769	749	959	278	541	1043	1057	961	953	951	972	765	809	65	956	803
947	756	975	903	994	606	1339	952	1294	2868	991	1059	1199	813	1225	654	1192	483	1040	1305	528	0	528	1716	613	1788	1594	978	1084	608	44	898	807	706	492	1064	1158	966	1790	864	1210	1206	1942	1253	865	923	544	751	853	968	601	767	974	829	1838	1050	1940	1404	1240	1661	1206	246	666	2078	810	558	1136	624	1948	1307	1088	904	2671	644	1080	1072	984	372	1349	770	968	1303	1233	1227	1080	707	1315	1225	1241	1206	1288	974	1411	575	1262	1361	483	1041	488	1078	418	285	644	664	734	1351	813	470	769	709	899	1848	1116	773	606	888	1357	1299	1296	525	303	2356	403	1079	610	1588	1888	973	665	409	1226	1041	1227	769	1227	885	285	1129	2721	130	2915	1670	1357	1040	1377	1099	2778	601	908	1201	1019	1115	737	1056	1329	608	1124	1167	818	932	773	1576	1559	888	1169	285	519	706	1070	929	750	963	2501	1127	1422	470	167	1072	1985	2297	1145	1227	1351	899	292	699	1986	773	584	995	1166	1522	908	1275	1064	534	972	1233	586	477	518	1377	418	1192	1027	547	664	1341	1270	990	1329	758	1746	2721	807	1128	559	947	666	1144	1136	567	1225	2116	1237	808	517	1116	767	1046	813	924	1190	1596	1728	915	104	566	1927	1225	1167	769	828	618	1113	575	195	1138	2043	643	1400	813	810	1114	167	1045	1169	1355	888	1077	1947	1208	2055	167	1206	903	1128	1315	813	470	1117	1298	910	1580	853	252	1061	782	1011	3167	761	1370	703	1293	603	750	569	573	1133	828	1222	819	785	694	663	1206	2109	1162	1054	748	807	1175	484	434	1025	1040	900	1064	1061	994	824	1091	525	1067	885
946	447	959	945	972	1134	1164	897	1166	2836	960	1085	1045	322	1064	924	1038	64	1046	1167	0	528	0	1454	816	1997	1452	962	943	1112	495	963	749	1166	759	953	937	960	1998	939	1028	1011	1912	1295	943	969	762	441	935	909	130	306	1021	973	1823	1127	1825	1144	1085	1872	1017	720	138	2469	496	1080	1051	737	1925	1168	924	815	2526	850	560	1091	970	607	1169	1281	960	825	1080	1077	560	179	1264	1072	923	1050	1255	1021	894	621	956	1109	64	1059	565	794	234	773	850	727	1017	1295	322	70	458	201	814	1365	1057	480	809	972	1175	1165	1163	992	830	2206	396	916	1070	1142	1619	977	167	400	1075	1059	1071	651	1077	785	773	1046	2906	577	2766	1728	1174	1046	1123	1180	2861	777	949	890	686	1039	691	1132	1277	814	1042	946	816	956	480	1816	1441	972	1199	773	959	430	786	1446	779	967	2399	1140	1223	67	411	1156	1882	2404	1272	1071	1295	814	730	566	1884	525	777	939	1085	1198	949	948	953	782	919	1080	917	348	624	1123	234	1038	1278	718	727	1162	1304	928	833	539	1328	2884	749	1062	1087	1297	139	1072	1051	53	1064	2111	1085	792	64	1039	1263	1072	494	814	1032	1600	1865	399	632	95	1936	1064	946	458	828	109	1342	768	684	1052	2186	139	1450	322	496	1038	411	1070	1199	1091	972	913	1921	1018	2122	411	1011	945	1045	1260	838	70	1092	1165	953	1354	935	733	1006	545	1032	3364	435	884	207	1162	781	779	301	1102	1071	828	1065	933	327	165	734	1011	2060	1081	946	769	749	959	278	541	1043	1057	961	953	951	972	765	809	65	956	803
902	1016	867	979	849	2114	420	837	523	1598	839	895	554	1198	527	1388	559	1512	868	500	1454	1716	1454	0	1294	1575	385	865	659	1950	1672	1014	941	1842	1401	702	557	886	1572	1041	521	517	867	891	1046	978	1331	1022	1056	822	1542	1172	958	1157	861	994	592	314	523	3314	521	1961	1395	3790	962	2016	681	1191	892	497	642	843	1129	1291	1497	879	866	1407	407	2397	881	1807	530	538	1497	1391	665	535	537	547	714	958	1631	1173	500	355	1512	887	1250	663	1355	1993	1291	1127	2414	647	1198	1511	1003	1302	850	2117	731	987	1296	1047	398	508	512	1779	1878	825	1832	650	1796	2112	172	895	1517	1837	537	887	530	950	538	853	1993	689	4357	1641	1355	1018	398	868	339	995	1871	1264	977	565	769	707	1003	991	660	1299	693	548	975	944	987	3247	456	1047	876	1993	1705	1049	671	2519	1046	900	1079	851	326	1505	1553	1003	660	1564	1096	530	647	850	2007	1016	663	962	1290	807	670	2413	977	519	702	1369	824	530	2283	1253	1245	339	1355	559	2697	1281	1127	415	873	804	1739	967	2326	4338	941	714	2067	2658	1436	698	681	1477	527	3538	528	970	1518	705	2014	901	963	815	558	824	1300	1497	1791	1529	987	527	549	1003	971	1490	1342	1294	1908	679	1508	1504	918	1198	962	708	1553	898	876	366	1047	652	885	519	3570	1553	517	979	690	657	1004	1511	786	513	978	2669	1056	1965	768	948	905	2601	1023	1807	1529	518	1267	1046	1200	2124	718	971	534	1114	1154	1410	1133	517	3468	673	712	1040	941	541	1732	1968	895	886	1008	702	705	849	927	648	1518	700	863
404	650	438	336	458	825	877	457	795	2266	463	479	739	907	767	131	734	820	475	813	816	613	816	1294	0	1205	1076	441	638	656	586	316	377	566	130	592	777	422	1206	281	776	786	1349	653	280	348	69	650	267	472	943	836	392	218	1240	446	1387	1018	772	2256	779	809	902	2555	676	726	626	128	1352	816	662	462	2117	34	1317	494	443	250	889	1124	427	1625	765	758	1317	938	757	759	953	746	721	392	1639	235	953	972	820	468	256	790	582	818	34	192	1333	792	907	808	656	876	455	2150	587	637	7	295	899	805	802	485	633	1812	955	656	506	1952	1460	421	982	962	758	468	764	434	758	462	818	618	3315	488	2360	1058	898	475	988	492	2165	47	340	913	812	601	340	452	770	6	613	783	320	372	637	2163	1026	295	577	818	410	600	785	1232	254	413	1926	547	970	803	527	465	1423	1686	531	764	792	455	871	437	1424	585	39	489	647	2002	340	991	592	87	470	765	1179	484	198	988	582	734	1623	98	192	881	671	491	1618	547	2143	3321	377	603	781	1506	930	620	626	869	767	2726	767	330	855	602	731	466	683	495	735	998	1119	1180	633	905	1322	767	781	656	323	924	533	48	758	628	1437	955	793	907	676	599	527	467	577	980	295	654	1351	782	2669	527	786	336	617	760	289	808	562	802	341	2120	267	805	539	576	439	2585	670	1676	1021	797	42	254	587	842	604	323	760	219	841	938	183	786	2713	643	581	262	377	783	964	1030	453	468	320	592	589	458	386	796	862	594	443
1106	1690	1110	1076	1106	1685	1295	1190	1184	1445	1124	975	1272	1994	1281	1135	1274	2012	1025	1206	1997	1788	1997	1575	1205	0	1189	1107	1283	1474	1770	1049	1297	1279	1305	1230	1432	1099	4	1067	1334	1364	879	806	1062	1053	1270	1693	1069	1188	2127	1925	1009	1024	804	897	1164	1516	1261	3323	1349	1927	2057	3371	1683	1600	1145	1261	858	1208	1326	1279	1649	1170	2425	977	1099	1452	1306	1988	1101	2757	1259	1254	2425	2085	990	1262	1656	1273	957	1009	2711	1375	1625	1491	2012	1003	1437	1579	1766	1915	1170	1270	2443	987	1994	2000	1689	2006	1276	3243	1100	1661	1212	1033	1311	1199	1197	1390	1681	1468	2157	1329	1328	3094	1656	1078	2155	2164	1256	1003	1269	1409	1254	1308	1915	1144	4352	1658	1841	565	1311	1025	1497	848	1094	1235	1073	1636	1686	1135	1335	893	986	1209	1144	1430	1209	1077	1661	3213	1119	1033	887	1915	1344	1662	1580	2005	1227	1085	1390	949	1351	1995	1729	868	1136	628	735	1269	987	1276	1992	1476	1135	1594	1242	1165	1122	3195	1073	1681	1230	1267	1175	1259	2287	1649	1379	1497	1766	1274	2715	1297	1270	1302	811	1179	2731	1559	3297	4378	1297	1108	1667	2540	2092	1111	1145	2049	1281	3895	1255	1237	2044	1137	1398	984	1690	1301	1283	751	283	2316	1776	2091	741	1281	1427	1689	1198	2100	676	1251	1886	1145	347	2129	696	1994	1683	1135	1729	987	887	1523	1033	1330	865	1351	3808	1729	1364	1076	1143	999	1177	2000	1031	1195	1069	3324	1069	1917	1123	1575	1020	1381	1712	2796	2192	1192	1231	1227	1722	1737	1097	1198	1270	1064	1922	2091	1263	1364	3896	1123	1229	1240	1297	1417	2169	2220	1014	1005	1052	1230	1229	1106	1286	1573	2050	1228	1279
672	1008	639	739	619	1898	291	644	300	1409	617	614	410	1262	389	1143	417	1501	605	292	1452	1594	1452	385	1076	1189	0	636	520	1715	1554	765	787	1580	1198	531	525	654	1186	797	425	444	548	546	800	730	1127	1014	812	628	1562	1217	694	897	510	694	373	422	368	3244	436	1830	1429	3627	965	1798	460	999	570	290	530	690	1084	1063	1634	598	633	1244	288	2200	650	1965	374	378	1634	1436	339	382	655	404	386	694	1829	1020	612	424	1501	616	1105	694	1299	1853	1063	944	2323	310	1262	1497	998	1343	695	2344	490	974	1080	792	284	296	299	1549	1700	766	1791	539	1550	2290	486	654	1553	1797	380	616	382	840	378	712	1853	467	4301	1497	1328	634	285	605	419	680	1576	1057	736	660	825	483	856	690	329	1082	472	517	784	704	974	3165	73	792	558	1853	1474	1022	701	2304	856	663	947	555	261	1490	1446	695	434	1220	760	382	310	695	1883	923	436	927	1083	603	433	2536	736	659	531	1160	625	374	2179	1178	1083	419	1299	417	2613	1090	944	293	526	606	1909	916	2506	4293	787	475	1855	2539	1471	458	460	1487	389	3563	369	790	1516	481	1754	624	968	674	422	439	914	1594	1652	1540	642	389	516	998	776	1514	1005	1088	1776	458	1135	1534	543	1262	965	484	1446	622	558	458	792	541	563	436	3564	1446	444	739	468	333	799	1497	516	297	736	2759	812	1830	542	907	642	2263	1022	1979	1574	302	1059	856	1162	1918	473	776	388	868	1203	1452	947	444	3511	437	541	855	787	502	1718	1915	629	616	760	531	533	619	770	679	1518	528	709
37	590	3	114	17	1266	445	83	354	1907	27	133	317	895	343	523	313	994	86	373	962	978	962	865	441	1107	636	0	242	1091	941	151	213	976	561	182	409	21	1107	176	367	386	976	335	180	115	490	594	190	84	1089	829	119	293	877	219	964	617	343	2639	375	1205	989	2990	577	1167	186	365	985	376	281	171	1696	432	1324	134	8	615	458	1565	16	1660	336	328	1324	1011	337	332	630	323	312	119	1604	406	613	573	994	104	493	504	758	1224	432	315	1713	372	895	986	587	925	169	2135	146	559	445	185	467	366	362	922	1064	1385	1233	278	932	1998	1027	36	1102	1240	329	104	338	317	328	201	1224	178	3699	872	1940	766	467	86	587	262	1898	421	112	597	591	160	274	221	351	447	174	412	161	79	559	2554	591	185	240	1224	847	570	503	1673	227	37	1522	178	539	980	844	246	1007	1445	384	338	372	169	1262	398	1008	492	446	72	206	2144	112	664	182	524	72	336	1564	629	460	587	758	313	2005	454	315	449	343	84	1629	460	2206	3697	213	161	1222	1914	1028	178	186	1008	343	3030	337	178	1020	162	1148	123	584	194	317	644	926	1228	1026	1057	982	343	410	587	151	1051	578	452	1152	188	1242	1078	489	895	577	159	844	120	240	590	185	278	982	377	3003	844	386	114	177	337	166	986	140	362	113	2317	190	1204	98	472	88	2431	612	1695	1134	357	422	227	663	1284	163	151	334	248	823	1021	316	386	2997	202	174	230	213	406	1192	1341	93	102	145	182	179	17	197	502	1024	183	173
272	510	243	350	231	1454	255	186	224	1894	215	337	114	796	140	740	107	988	291	228	943	1084	943	659	638	1283	520	242	0	1294	1043	390	285	1196	741	61	168	262	1282	409	138	149	976	477	414	356	672	516	422	173	1059	739	359	529	895	443	887	383	155	2726	141	1326	935	3143	476	1357	141	532	991	230	43	185	1604	637	1207	329	246	754	265	1740	257	1545	148	143	1207	948	346	140	394	121	355	359	1457	521	374	338	988	315	602	295	779	1353	637	467	1807	371	796	983	502	856	192	1988	183	475	640	425	274	225	222	1122	1223	1286	1271	45	1143	1882	828	278	1057	1277	142	315	142	320	143	200	1353	140	3782	997	1848	858	274	291	353	473	1964	606	349	365	410	148	351	443	357	643	140	170	317	318	475	2649	501	425	399	1353	1048	514	297	1859	387	280	1461	340	342	976	931	466	942	1538	598	142	371	192	1376	402	943	420	632	170	170	2075	349	426	61	711	180	148	1666	658	590	353	779	107	2097	621	467	257	474	161	1503	403	2094	3772	285	175	1408	2032	977	174	141	981	140	3050	152	311	1006	146	1365	335	481	161	105	694	1069	1136	1150	1033	1017	140	168	502	314	1013	813	635	1272	141	1368	1036	607	796	476	147	931	331	399	351	425	46	987	143	3046	931	149	350	141	339	349	983	254	224	351	2276	422	1328	172	399	316	2556	528	1572	1082	221	609	387	646	1465	186	314	137	478	729	962	473	149	3003	167	68	381	285	164	1202	1394	313	313	383	61	63	231	270	289	1008	61	206
