NAME : VRPTW_INSTANCE_352.txt
COMMENT : Bangkok Supermarket
TYPE : VRPTW
DIMENSION : 241
DAYS : Monday
EDGE_WEIGHT_TYPE : EXPLICIT
VEHICLES : 35
EDGE_WEIGHT_FORMAT : FULL_MATRIX
CAPACITY : 1000
EDGE_WEIGHT_SECTION
0	223	617	394	650	986	1727	193	707	383	401	729	631	210	365	1627	221	1091	541	215	1073	1213	1969	349	193	815	164	400	350	154	404	170	819	412	153	612	179	379	225	464	637	1096	543	26	1185	127	404	118	1321	529	133	215	46	1321	1037	133	1171	374	961	1041	1171	1141	1109	23	1002	106	404	307	206	1022	464	29	309	481	46	33	2069	1213	737	1806	214	2043	604	191	211	193	719	255	221	539	435	815	1115	221	241	948	394	382	1624	102	193	815	135	918	590	307	176	607	885	851	231	1036	1231	212	308	442	474	835	132	309	258	149	206	211	404	1635	204	891	1888	538	1024	46	101	3429	1651	815	448	1028	376	244	165	394	539	1827	1076	699	297	406	810	123	1484	916	60	406	595	464	230	372	386	428	256	437	309	33	788	394	530	1256	37	958	1960	206	525	410	124	197	1937	1087	432	186	303	1702	364	165	1019	118	775	284	1019	800	206	583	369	462	255	300	201	1276	401	418	120	447	737	221	1221	400	1994	1928	469	2037	300	1019	978	414	365	207	215	101	932	1050	183	1790	419	193	1470	220	254	394	3707	210	586	101	428	243	705	611	33	22	126	1099	582
223	0	788	541	793	1192	1870	315	919	362	378	529	821	388	496	1848	436	1048	640	314	1271	1318	1885	492	417	954	84	369	491	216	458	217	816	561	363	805	309	514	343	614	742	1300	765	200	1198	116	562	180	1542	737	341	8	194	1542	1238	304	1263	501	1150	824	1348	1035	1313	203	1195	310	587	493	413	1230	614	196	526	588	194	226	2181	1318	921	2029	390	2069	705	140	389	315	634	458	436	746	612	954	1047	436	18	1066	529	226	1505	301	416	954	330	1142	612	493	400	829	1068	1047	7	1232	1357	244	496	665	348	679	281	426	349	199	327	334	587	1637	387	1111	1775	745	1130	194	126	3496	1578	954	496	1084	219	367	389	480	746	1768	1275	633	228	562	811	182	1634	1037	250	562	816	614	6	499	460	564	32	614	526	226	782	477	737	1458	231	902	2125	410	588	498	129	297	1977	1082	611	135	254	1923	494	389	1241	180	995	423	1126	872	306	805	496	262	458	421	300	1408	378	577	179	632	921	436	1437	552	2213	2149	692	2119	421	1126	1186	595	496	17	389	161	929	1099	124	1744	503	417	1681	339	30	476	3799	390	809	126	564	338	917	832	232	204	194	1176	691
617	788	0	822	129	985	1925	473	740	580	582	1115	100	409	306	1380	578	953	288	481	1110	1559	1836	300	503	1135	765	597	303	764	955	576	1371	233	604	121	479	287	448	857	262	1089	543	625	1697	674	227	734	1111	222	487	781	663	1111	1058	678	1552	307	1070	1461	1296	1752	1095	624	1083	511	213	310	611	997	857	643	555	282	663	593	2345	1559	925	1506	405	2502	1051	662	408	473	814	628	578	211	181	1135	1042	578	805	1296	274	788	1629	514	486	1135	640	697	500	310	509	577	1039	954	794	1095	1524	819	309	495	779	1068	510	822	455	590	462	455	213	2143	414	773	1851	212	1389	663	704	3782	1516	1135	996	1488	788	425	516	374	211	1636	1110	755	657	227	1359	739	1679	1263	562	227	582	857	793	307	921	864	817	180	555	593	1346	381	217	1232	588	1547	2069	619	1042	362	660	495	2376	1626	185	664	631	1466	308	516	816	734	429	777	1385	432	487	561	308	1050	628	811	492	1546	582	211	736	174	925	578	1088	239	1760	1663	521	2389	811	1385	964	204	306	778	405	631	1478	1520	673	1568	934	503	1358	451	815	382	3995	408	529	704	864	461	289	584	590	623	741	634	1020
394	541	822	0	905	700	1336	560	472	776	794	1068	787	515	683	1411	255	1479	865	590	757	822	2362	655	342	421	457	794	659	325	212	564	564	697	270	758	546	688	586	72	943	798	427	417	874	501	677	363	1109	638	428	535	384	1109	732	261	786	695	624	1338	809	1024	813	414	673	430	631	556	233	744	72	401	269	803	384	424	1675	822	395	1610	521	1696	233	576	515	560	1114	199	255	652	667	421	1508	255	553	554	700	753	2017	438	362	421	264	779	963	556	346	468	537	533	547	714	837	311	554	383	860	1213	502	123	628	543	570	572	631	1321	504	694	2282	650	633	384	435	3048	2043	421	231	675	746	597	344	745	652	2216	761	1093	689	680	551	360	1097	523	436	680	452	72	547	692	171	42	564	665	269	424	545	748	641	950	424	773	1583	226	235	759	504	574	1579	807	658	570	697	1475	683	344	845	363	760	118	629	1128	582	454	688	660	199	124	578	882	794	685	364	656	395	255	975	682	1752	1706	380	1652	124	629	701	638	683	525	523	490	664	704	564	2175	150	342	1191	582	563	748	3316	512	480	435	42	613	762	467	420	414	347	1409	205
650	793	129	905	0	1113	2048	480	863	531	530	1060	227	441	297	1500	653	829	202	479	1237	1667	1707	304	571	1241	784	546	304	803	1018	576	1438	238	666	250	490	279	450	947	144	1217	662	653	1777	684	246	768	1237	343	529	786	695	1237	1185	732	1655	292	1193	1405	1421	1792	1224	652	1208	548	274	359	682	1125	947	673	644	222	695	622	2463	1667	1040	1620	436	2596	1138	657	440	480	721	706	653	334	238	1241	922	653	808	1401	264	756	1508	549	552	1241	698	825	403	359	572	700	1159	1076	798	1221	1637	860	359	604	726	987	529	889	445	594	468	461	274	2226	448	902	1727	336	1492	695	726	3894	1388	1241	1060	1578	756	427	578	332	334	1507	1237	660	630	244	1427	773	1801	1368	591	244	703	947	797	293	987	947	819	239	644	622	1411	338	339	1361	617	1602	2196	690	1115	316	670	496	2473	1699	246	661	602	1587	298	578	944	768	556	846	1489	303	487	683	296	1053	706	879	493	1661	530	233	770	251	1040	653	1216	250	1880	1781	633	2500	879	1489	1092	266	297	785	435	644	1548	1608	671	1439	1005	571	1486	455	817	339	4114	441	652	726	947	455	415	707	620	652	777	519	1107
986	1192	985	700	1113	0	967	1060	285	1296	1311	1715	893	966	1069	728	764	1900	1201	1092	126	799	2800	1038	815	526	1112	1318	1044	992	899	1122	1084	1032	834	866	1050	1062	1069	643	1227	112	489	1013	1205	1114	1005	1016	446	773	928	1185	1002	446	74	888	848	1081	180	2015	343	1608	123	1010	146	951	924	923	781	46	643	1007	681	1155	1002	1001	1418	799	323	938	971	1784	725	1173	966	1060	1634	735	764	781	946	526	1967	764	1208	635	1064	1366	2534	962	827	526	862	374	1383	923	832	432	246	180	1199	128	699	997	919	586	1445	1806	1027	820	1112	1111	1063	1060	924	1561	957	238	2780	780	714	1002	1068	2879	2476	526	902	947	1361	1065	839	1165	781	2612	125	1593	1263	1009	1068	1015	732	617	994	1009	435	643	1199	1079	862	703	1221	941	681	1001	1085	1171	777	271	998	1325	1083	783	853	1168	1110	1086	1634	1219	936	1169	1259	785	1070	839	323	1016	609	799	713	1413	1089	455	1076	1355	735	818	1088	688	1311	1002	1017	912	323	764	290	1021	1053	1014	551	1530	818	713	26	925	1069	1175	973	1084	1135	986	1167	2549	828	815	492	1067	1219	1172	3045	962	476	1068	703	1102	729	425	995	1009	1004	1607	705
1727	1870	1925	1336	2048	967	0	1869	1185	2100	2118	2383	1840	1796	1938	1241	1538	2777	2099	1901	841	615	3675	1906	1617	916	1787	2120	1912	1655	1431	1893	1294	1920	1585	1812	1855	1936	1888	1264	2145	888	1387	1751	1100	1838	1895	1697	1166	1704	1728	1865	1720	1166	894	1597	707	1951	855	2607	631	1720	889	1748	846	1740	1820	1789	1535	973	1264	1736	1486	2044	1720	1754	470	615	1025	1420	1802	1120	1174	1912	1796	1869	2444	1487	1538	1715	1849	916	2823	1538	1880	814	1943	2088	3351	1750	1635	916	1592	1335	2250	1789	1629	1348	891	971	1875	843	526	1628	1786	1459	2196	2548	1818	1444	1933	1875	1876	1876	1820	1164	1785	1205	3614	1713	774	1720	1771	1927	3353	916	1403	958	2082	1892	1632	2024	1715	3509	843	2417	2024	1898	1284	1694	248	839	1761	1898	1344	1264	1875	1948	1417	1308	1889	1845	1486	1754	1319	2028	1709	807	1753	1470	346	1532	1312	2032	1841	1889	966	1215	1839	1907	2030	1224	1939	1632	1256	1697	1575	1454	778	2336	1894	1365	1945	1919	1487	1450	1892	467	2118	1895	1698	1820	1025	1538	1039	1907	1299	1362	1426	680	1450	778	992	1824	1938	1855	1804	1826	1253	975	1900	3456	1373	1617	912	1885	1889	2029	2078	1792	1396	1771	1308	1919	1690	1341	1749	1747	1681	2558	1183
193	315	473	560	480	1060	1869	0	775	237	253	707	512	102	184	1644	331	919	350	32	1162	1382	1809	177	254	971	304	258	176	345	597	104	1013	245	291	500	14	200	32	625	448	1172	580	186	1378	203	246	302	1344	451	141	308	232	1344	1119	314	1346	191	1066	1045	1286	1319	1184	187	1101	130	279	196	336	1091	625	208	391	291	232	160	2231	1382	854	1808	100	2233	784	190	102	0	581	382	331	458	300	971	955	331	332	1113	216	351	1490	122	238	971	299	922	404	196	240	644	1000	950	321	1130	1389	403	198	478	394	750	61	493	67	117	12	19	279	1828	108	925	1748	457	1194	232	248	3607	1488	971	641	1215	348	54	237	200	458	1656	1164	549	222	246	1004	308	1623	1081	135	246	636	625	320	189	576	599	343	303	391	160	982	200	450	1332	156	1148	2083	340	716	217	190	28	2125	1281	300	192	208	1724	183	237	1033	302	729	462	1190	607	28	619	186	577	382	484	29	1429	253	262	304	324	854	331	1264	236	2020	1943	511	2213	484	1190	1048	287	184	306	98	163	1126	1239	200	1615	607	254	1526	27	341	200	3875	106	610	248	599	52	630	649	160	187	315	907	759
707	919	740	472	863	285	1185	775	0	1010	1025	1437	656	681	789	944	485	1626	930	807	392	873	2527	757	531	487	841	1032	763	729	684	838	958	756	557	627	764	783	783	433	965	397	210	734	1164	835	730	747	640	519	643	912	726	640	347	619	892	801	330	1744	558	1463	409	731	348	667	650	641	506	317	433	730	399	881	726	720	1610	873	229	1140	685	1858	574	891	680	775	1349	462	485	529	675	487	1688	485	936	640	786	1085	2251	678	542	487	589	330	1105	641	548	162	305	214	926	367	811	741	638	302	1160	1521	742	581	826	828	777	774	650	1570	671	223	2499	527	734	726	793	3058	2203	487	697	914	1080	779	555	883	529	2345	394	1309	979	733	942	747	939	611	711	733	160	433	926	799	643	488	949	670	399	720	949	889	523	557	717	1192	1344	509	671	888	831	801	1718	1145	665	888	974	1013	790	555	376	747	437	551	731	1155	803	181	796	1101	462	577	803	823	1025	728	749	643	229	485	519	745	1298	1243	267	1677	577	731	273	652	789	902	687	803	1032	952	887	2286	617	531	763	782	947	890	3257	676	211	793	488	817	523	156	714	730	737	1373	546
383	362	580	776	531	1296	2100	237	1010	0	18	535	650	330	286	1859	563	711	338	204	1399	1596	1586	307	491	1195	404	21	301	503	771	213	1164	358	515	647	249	303	227	844	435	1408	812	363	1542	306	376	455	1564	635	376	360	404	1564	1356	516	1554	281	1303	881	1523	1393	1419	365	1338	360	444	394	565	1325	844	382	628	309	404	352	2452	1596	1090	2015	326	2409	987	235	330	237	345	613	563	638	448	1195	732	563	369	1330	313	233	1254	350	476	1195	512	1137	251	394	476	875	1236	1187	363	1367	1612	555	397	711	198	525	282	691	185	235	233	236	444	1987	339	1152	1514	638	1407	404	379	3810	1268	1195	814	1403	235	233	472	205	638	1445	1401	317	135	373	1158	460	1855	1299	340	373	867	844	362	281	759	811	374	453	628	352	1131	198	633	1568	351	1264	2319	567	898	219	296	213	2309	1433	453	241	108	1941	284	472	1252	455	921	667	1403	527	209	850	281	584	613	683	211	1655	18	389	456	482	1090	563	1492	358	2238	2156	745	2420	683	1403	1283	449	286	365	324	296	1278	1423	252	1410	796	491	1756	228	372	197	4091	334	838	379	811	193	804	880	355	366	471	827	965
401	378	582	794	530	1311	2118	253	1025	18	0	533	655	345	293	1870	581	692	334	220	1414	1615	1567	315	507	1213	422	15	309	522	789	231	1182	363	533	653	265	310	241	862	430	1423	826	381	1560	324	382	473	1575	644	393	376	422	1575	1371	535	1572	287	1319	879	1540	1408	1434	383	1354	378	452	406	582	1340	862	400	644	308	422	370	2470	1615	1107	2024	340	2427	1005	252	345	253	328	630	581	646	455	1213	714	581	385	1349	318	241	1237	368	492	1213	530	1149	237	406	493	889	1253	1203	380	1383	1630	573	409	725	196	514	299	709	199	254	249	251	452	2004	354	1165	1496	646	1425	422	397	3828	1249	1213	832	1422	243	247	489	208	646	1426	1416	299	150	380	1176	479	1872	1317	358	380	882	862	379	288	778	830	389	460	644	370	1149	201	642	1582	369	1280	2336	585	916	220	315	230	2327	1451	460	259	124	1952	291	489	1264	473	930	685	1421	515	225	864	288	597	630	701	227	1673	0	395	474	490	1107	581	1505	364	2249	2167	760	2438	701	1421	1298	457	293	381	338	315	1296	1441	270	1392	815	507	1770	243	388	200	4109	349	851	397	830	208	811	894	374	384	490	814	984
729	529	1115	1068	1060	1715	2383	707	1437	535	533	0	1184	809	818	2345	951	849	860	683	1799	1808	1518	834	912	1471	613	518	830	743	952	616	1218	891	881	1180	712	836	716	1140	947	1824	1265	703	1591	602	907	709	2042	1153	809	535	714	2042	1764	831	1742	814	1679	345	1876	1229	1837	706	1724	781	967	900	934	1752	1140	708	1038	841	714	717	2666	1808	1451	2514	808	2451	1209	549	810	707	459	981	951	1158	977	1471	785	951	515	1570	846	359	1078	770	905	1471	854	1626	697	900	894	1330	1598	1574	522	1760	1862	760	903	1162	336	266	716	949	688	620	712	717	967	1993	814	1615	1351	1158	1625	714	649	3918	1246	1471	982	1534	363	732	885	741	1158	1458	1802	511	485	905	1218	711	2152	1544	729	905	1319	1140	522	814	965	1087	504	981	1038	717	1183	734	1152	1984	721	1213	2648	932	1075	754	606	679	2380	1457	981	551	502	2423	816	885	1734	709	1436	950	1621	977	681	1305	814	489	981	945	679	1917	533	921	708	1009	1451	951	1949	890	2717	2645	1192	2573	945	1621	1707	974	818	546	806	634	1318	1541	551	1463	1010	912	2200	715	505	733	4253	813	1302	649	1087	689	1329	1334	723	707	723	1238	1200
631	821	100	787	227	893	1840	512	656	650	655	1184	0	433	366	1280	557	1054	381	526	1018	1494	1935	352	492	1073	788	669	356	770	938	617	1346	292	594	30	516	347	491	815	363	995	468	643	1659	704	278	745	1011	154	498	813	677	1011	966	674	1492	369	985	1529	1210	1749	1001	642	996	525	234	328	591	903	815	659	518	366	677	612	2266	1494	852	1409	430	2448	1010	703	432	512	904	601	557	140	213	1073	1142	557	838	1234	337	846	1728	531	477	1073	633	598	593	328	500	496	959	871	827	1005	1452	821	326	435	848	1152	540	801	506	628	503	496	234	2101	435	676	1951	142	1328	677	725	3708	1616	1073	976	1442	844	470	509	447	140	1734	1018	846	713	279	1333	750	1595	1202	582	279	502	815	826	369	901	828	851	209	518	612	1322	454	150	1136	606	1533	1976	600	1015	437	692	537	2319	1595	212	705	690	1367	368	509	716	745	329	756	1325	530	531	482	369	1081	601	791	535	1471	655	263	748	189	852	557	988	294	1661	1565	457	2319	791	1325	871	225	366	809	431	660	1450	1474	713	1665	910	492	1258	494	849	455	3914	431	448	725	828	510	188	502	607	641	750	717	979
210	388	409	515	441	966	1796	102	681	330	345	809	433	0	170	1542	267	982	353	131	1070	1329	1879	146	181	911	357	352	149	362	588	198	1009	204	248	417	97	179	103	573	440	1078	482	216	1363	272	194	328	1242	355	92	381	256	1242	1027	298	1300	181	980	1145	1203	1351	1089	215	1013	107	199	105	282	995	573	234	310	291	256	184	2169	1329	775	1706	6	2206	746	280	0	102	669	323	267	363	228	911	1027	267	406	1059	193	452	1575	108	162	911	270	820	457	105	172	545	918	862	395	1040	1328	419	107	380	496	850	108	469	145	203	100	96	199	1814	11	825	1829	362	1144	256	295	3561	1556	911	631	1185	448	99	172	232	363	1717	1072	632	324	196	999	333	1549	1026	153	196	537	573	394	179	561	556	419	230	310	184	980	236	355	1237	179	1162	2001	288	696	244	259	131	2093	1274	225	280	311	1622	169	172	931	328	629	431	1139	617	130	520	175	648	323	459	131	1364	345	208	330	244	775	267	1164	191	1918	1841	415	2164	459	1139	953	208	170	376	8	227	1121	1211	286	1671	586	181	1427	102	417	236	3818	4	509	295	556	136	535	550	181	215	336	908	719
365	496	306	683	297	1069	1938	184	789	286	293	818	366	170	0	1586	430	841	183	182	1182	1490	1742	32	342	1069	488	306	26	520	757	279	1177	73	418	361	194	19	153	738	272	1181	580	364	1533	387	89	481	1296	353	262	489	409	1296	1135	467	1464	12	1105	1163	1332	1502	1190	364	1133	273	162	149	449	1093	738	385	458	121	409	334	2323	1490	913	1735	164	2376	915	362	169	184	581	486	430	355	162	1069	899	430	511	1220	33	482	1465	270	322	1069	440	868	316	149	336	637	1051	986	501	1155	1483	578	152	489	483	803	237	639	150	297	171	165	162	1984	181	900	1710	355	1306	409	432	3724	1418	1069	800	1355	481	130	339	98	355	1571	1183	532	350	87	1167	486	1690	1187	305	87	634	738	500	10	731	724	522	167	458	334	1148	105	351	1337	330	1324	2128	456	867	99	373	199	2262	1443	167	365	325	1670	1	339	986	481	638	601	1302	447	190	614	6	757	486	629	196	1516	293	103	482	197	913	430	1238	71	1967	1881	524	2326	629	1302	1053	166	0	488	162	347	1290	1381	375	1519	756	342	1506	158	520	106	3974	172	595	432	724	159	518	644	333	364	491	738	888
1627	1848	1380	1411	1500	728	1241	1644	944	1859	1870	2345	1280	1542	1586	0	1412	2329	1659	1672	732	1399	3187	1560	1436	1240	1774	1881	1565	1670	1618	1729	1808	1527	1486	1267	1638	1573	1642	1361	1642	662	1083	1652	1882	1752	1503	1684	306	1234	1535	1840	1653	306	726	1556	1474	1595	875	2668	872	2332	647	1649	821	1564	1424	1465	1438	682	1361	1653	1321	1632	1653	1633	1699	1399	1052	215	1544	2297	1454	1796	1541	1644	2165	1399	1412	1234	1430	1240	2422	1412	1865	1317	1569	1986	3009	1575	1441	1240	1522	722	1868	1465	1454	1019	961	909	1855	777	1266	1686	1461	1185	2038	2385	1629	1524	1678	1724	1642	1637	1424	2177	1535	737	3227	1234	1377	1653	1721	3105	2875	1240	1625	1631	1981	1630	1464	1683	1234	2969	726	2112	1865	1506	1792	1684	1107	1307	1618	1506	1032	1361	1855	1594	1579	1420	1879	1425	1321	1633	1810	1691	1237	573	1629	2048	1135	1443	1580	1680	1745	1673	2140	1919	1422	1794	1853	87	1588	1464	611	1684	956	1496	1377	1791	1672	1043	1592	2044	1399	1521	1673	1225	1870	1493	1686	1393	1052	1412	439	1521	381	301	1157	1917	1521	1377	721	1421	1586	1831	1546	1714	1850	1669	1796	2888	1548	1436	345	1642	1877	1692	3153	1537	1043	1721	1420	1673	1093	1015	1627	1648	1675	1882	1433
221	436	578	255	653	764	1538	331	485	563	581	951	557	267	430	1412	0	1246	611	363	854	1062	2139	401	87	644	362	584	406	270	381	366	792	442	74	530	317	435	351	308	688	874	332	248	1124	349	422	274	1106	418	190	428	242	1106	816	152	1034	442	746	1260	961	1200	887	245	785	203	378	300	36	800	308	244	91	550	242	237	1903	1062	528	1596	273	1952	489	409	267	331	909	56	0	432	414	644	1286	0	453	792	446	602	1818	213	108	644	113	714	723	300	94	395	675	634	443	818	1062	304	299	239	687	1049	281	244	395	352	338	338	378	1573	255	675	2077	430	877	242	309	3294	1818	644	420	930	597	357	95	499	432	1983	856	879	506	425	780	275	1292	759	233	425	381	308	443	440	344	297	467	413	91	237	767	503	421	1034	234	976	1756	45	464	511	346	351	1834	1048	407	405	506	1486	430	95	808	274	610	199	873	873	356	371	436	644	56	234	354	1100	581	430	276	407	528	0	1001	427	1776	1713	260	1897	234	873	756	386	430	419	275	319	899	958	403	1937	356	87	1248	347	465	503	3551	263	380	309	297	381	572	398	231	244	267	1153	460
1091	1048	953	1479	829	1900	2777	919	1626	711	692	849	1054	982	841	2329	1246	0	699	889	2017	2301	901	873	1163	1890	1106	696	867	1214	1481	923	1865	869	1210	1072	933	845	895	1544	691	2010	1416	1073	2246	1015	896	1165	2065	1137	1057	1048	1115	2065	1969	1224	2262	828	1946	1081	2173	2022	2019	1075	1972	1049	976	991	1255	1920	1544	1092	1291	745	1115	1059	3149	2301	1753	2441	976	3116	1696	940	982	919	430	1300	1246	1131	954	1890	126	1246	1050	2032	840	841	689	1041	1144	1890	1215	1649	526	991	1152	1469	1892	1826	1047	1993	2308	1264	993	1329	717	599	976	1401	852	946	910	909	976	2685	993	1710	898	1132	2112	1115	1089	4520	577	1890	1524	2114	848	888	1150	753	1131	737	2018	416	827	892	1859	1171	2529	2000	1043	892	1467	1544	1047	831	1470	1516	1050	959	1291	1059	1831	748	1133	2162	1057	1938	2968	1259	1609	745	1006	904	3018	2131	964	947	808	2416	840	1150	1768	1165	1383	1374	2108	540	896	1447	834	1203	1300	1392	900	2346	692	898	1166	989	1753	1246	2037	880	2707	2605	1363	3129	1392	2108	1882	975	841	1056	974	1008	1977	2134	957	699	1507	1163	2308	899	1049	748	4795	986	1424	1089	1516	866	1243	1475	1062	1075	1182	595	1673
541	640	288	865	202	1201	2099	350	930	338	334	860	381	353	183	1659	611	699	0	337	1320	1668	1598	210	523	1244	647	350	205	695	939	427	1358	179	602	392	363	176	318	919	102	1311	720	537	1716	542	204	653	1381	439	446	634	583	1381	1271	649	1644	172	1255	1203	1484	1666	1319	537	1278	454	280	317	632	1220	919	558	631	62	583	509	2493	1668	1075	1791	347	2560	1098	499	353	350	526	668	611	435	256	1244	774	611	653	1398	165	569	1356	451	503	1244	623	958	212	317	519	771	1208	1136	644	1297	1655	753	319	640	528	786	409	823	296	449	337	332	280	2167	364	1012	1588	436	1485	583	597	3902	1274	1244	982	1538	570	298	521	160	435	1415	1320	466	450	200	1349	659	1851	1365	481	200	770	919	643	174	914	907	662	260	631	509	1328	163	435	1463	505	1499	2274	639	1050	141	528	356	2445	1625	265	504	421	1744	183	521	1077	653	702	785	1481	263	347	750	178	892	668	812	352	1686	334	203	655	289	1075	611	1342	192	2040	1946	673	2504	812	1481	1183	277	183	635	346	508	1471	1564	516	1358	939	523	1613	323	660	163	4145	356	725	597	907	309	565	778	508	537	665	557	1070
215	314	481	590	479	1092	1901	32	807	204	220	683	526	131	182	1672	363	889	337	0	1194	1412	1777	181	287	1002	310	226	179	363	620	97	1033	249	322	515	45	200	34	655	437	1205	611	205	1401	206	253	319	1373	472	173	307	251	1373	1152	341	1375	187	1099	1022	1319	1329	1216	206	1133	161	294	217	368	1122	655	227	423	281	251	182	2262	1412	887	1835	128	2258	811	181	131	32	548	414	363	478	312	1002	923	363	329	1143	215	328	1458	152	271	1002	327	950	377	217	273	675	1033	982	319	1162	1420	421	220	509	365	719	87	520	43	115	30	35	294	1850	138	956	1715	477	1224	251	259	3636	1457	1002	664	1241	325	55	269	181	478	1626	1196	516	197	253	1025	324	1655	1111	159	253	667	655	317	185	601	628	340	316	423	182	1002	181	471	1364	178	1163	2116	371	740	199	193	19	2150	1302	313	184	181	1753	181	269	1062	319	753	489	1219	589	9	650	182	574	414	510	15	1461	220	269	320	339	887	363	1295	241	2049	1972	543	2242	510	1219	1080	302	182	306	126	170	1147	1264	193	1585	633	287	1557	32	338	181	3906	135	640	259	628	28	651	680	183	206	332	891	787
1073	1271	1110	757	1237	126	841	1162	392	1399	1414	1799	1018	1070	1182	732	854	2017	1320	1194	0	717	2917	1150	912	509	1189	1420	1156	1064	943	1217	1080	1148	920	991	1151	1175	1172	693	1348	75	601	1100	1159	1200	1121	1092	482	895	1026	1264	1085	482	52	967	776	1193	147	2088	224	1604	89	1097	92	1047	1041	1034	867	135	693	1093	775	1272	1085	1091	1295	717	362	946	1075	1689	743	1263	1070	1162	1740	819	854	904	1063	509	2081	854	1286	589	1178	1456	2643	1059	925	509	945	496	1497	1034	928	548	238	225	1278	47	605	1063	1030	694	1539	1902	1125	880	1216	1205	1165	1163	1041	1491	1060	363	2892	902	658	1085	1149	2757	2594	509	941	904	1450	1170	934	1276	904	2732	5	1701	1358	1125	1064	1091	609	577	1087	1125	549	693	1278	1191	910	753	1299	1059	775	1091	1084	1282	900	193	1089	1319	959	868	881	1280	1198	1187	1537	1188	1054	1259	1356	776	1183	934	431	1092	735	864	657	1535	1190	570	1188	1417	819	879	1189	586	1414	1118	1094	1030	362	854	315	1136	1024	1001	659	1415	879	657	151	1042	1182	1254	1077	1173	1118	943	1256	2670	872	912	447	1170	1297	1283	2919	1066	594	1149	753	1205	856	541	1085	1096	1079	1734	727
1213	1318	1559	822	1667	799	615	1382	873	1596	1615	1808	1494	1329	1490	1399	1062	2301	1668	1412	717	0	3182	1460	1149	425	1240	1614	1465	1112	862	1383	678	1491	1090	1463	1367	1493	1407	757	1734	792	1028	1234	532	1308	1468	1159	1192	1342	1247	1315	1196	1192	751	1079	97	1503	622	2009	529	1122	804	1231	655	1252	1406	1350	1048	834	757	1216	1036	1607	1196	1244	862	0	650	1611	1335	990	615	1385	1329	1382	1929	1006	1062	1355	1440	425	2329	1062	1326	270	1503	1544	2822	1260	1169	425	1086	1147	1783	1350	1157	1013	587	688	1323	685	139	1075	1348	1064	1661	1996	1324	908	1449	1362	1391	1393	1406	780	1318	1004	3091	1353	189	1196	1236	2233	2865	425	828	345	1537	1416	1157	1562	1355	3038	722	1911	1500	1471	668	1154	450	303	1258	1471	1003	757	1323	1500	858	785	1333	1437	1036	1244	704	1565	1346	829	1245	860	942	1043	735	1574	1314	1396	846	623	1430	1378	1512	1420	1490	1157	1121	1159	1311	929	193	1925	1404	1021	1497	1330	1006	916	1400	199	1615	1473	1159	1419	650	1062	1027	1477	1604	1621	1038	836	916	193	824	1412	1490	1305	1337	1305	640	367	1370	2997	815	1149	1061	1403	1333	1565	2494	1326	1057	1236	785	1435	1389	1008	1241	1231	1142	2185	633
1969	1885	1836	2362	1707	2800	3675	1809	2527	1586	1567	1518	1935	1879	1742	3187	2139	901	1598	1777	2917	3182	0	1774	2058	2779	1955	1568	1768	2075	2339	1798	2690	1770	2098	1956	1823	1746	1788	2430	1578	2909	2317	1947	3072	1876	1796	2027	2940	2031	1949	1887	1986	2940	2869	2102	3137	1729	2847	1575	3074	2747	2917	1950	2873	1939	1876	1892	2145	2818	2430	1965	2189	1645	1986	1938	4038	3182	2653	3279	1873	3944	2569	1800	1879	1809	1255	2192	2139	2025	1854	2779	854	2139	1882	2917	1741	1661	482	1930	2040	2779	2098	2533	1426	1892	2046	2369	2793	2728	1882	2894	3197	2119	1895	2230	1537	1261	1863	2274	1744	1820	1801	1801	1876	3495	1890	2604	296	2026	2992	1986	1950	5381	323	2779	2379	2969	1668	1783	2044	1653	2025	248	2918	1270	1683	1793	2687	2032	3428	2885	1926	1793	2368	2430	1882	1732	2334	2397	1878	1858	2189	1938	2655	1648	2027	3059	1937	2722	3869	2149	2469	1645	1870	1791	3859	2947	1863	1806	1670	3275	1741	2044	2651	2027	2263	2252	2988	1405	1784	2347	1735	1977	2192	2266	1788	3238	1567	1799	2028	1887	2653	2139	2924	1781	3560	3450	2265	4000	2266	2988	2781	1875	1742	1896	1871	1877	2799	2985	1815	353	2374	2058	3194	1791	1878	1647	5675	1883	2323	1950	2397	1757	2122	2376	1942	1950	2044	1322	2549
349	492	300	655	304	1038	1906	177	757	307	315	834	352	146	32	1560	401	873	210	181	1150	1460	1774	0	314	1038	479	327	6	503	735	277	1156	68	393	345	185	33	149	710	294	1149	548	349	1509	380	74	466	1268	329	239	485	393	1268	1103	445	1435	44	1073	1179	1300	1489	1159	349	1101	252	137	117	422	1061	710	370	427	148	393	319	2292	1460	881	1710	140	2350	888	362	146	177	609	458	401	331	142	1038	931	401	508	1190	46	493	1496	251	293	1038	416	841	348	117	308	606	1019	954	498	1123	1452	561	120	457	501	828	224	615	155	293	165	158	137	1960	156	870	1742	331	1277	393	421	3694	1450	1038	778	1328	492	126	311	128	331	1602	1151	562	360	73	1146	471	1658	1157	289	73	602	710	497	42	708	697	520	147	427	319	1127	134	326	1305	314	1306	2096	429	843	130	367	196	2235	1421	146	365	337	1643	32	311	957	466	614	576	1273	473	187	583	38	754	458	605	193	1485	315	89	467	175	881	401	1208	60	1940	1855	492	2296	605	1273	1021	142	32	484	139	339	1268	1355	374	1551	732	314	1476	153	518	135	3943	148	564	421	697	161	497	612	317	349	476	761	860
193	417	503	342	571	815	1617	254	531	491	507	912	492	181	342	1436	87	1163	523	287	912	1149	2058	314	0	730	353	512	318	291	451	307	869	355	102	467	242	347	271	396	601	927	353	217	1207	315	336	280	1131	365	114	409	228	1131	871	184	1122	355	812	1231	1032	1258	939	215	848	136	297	214	111	848	396	221	137	462	228	196	1988	1149	600	1613	187	2039	576	363	181	254	836	144	87	377	333	730	1205	87	435	879	358	556	1745	147	20	730	142	725	638	214	17	418	745	696	424	878	1146	337	213	250	629	991	213	319	316	296	260	259	297	1657	170	703	2002	375	964	228	293	3382	1736	730	492	1017	551	275	27	413	377	1899	914	803	448	338	857	283	1370	846	182	338	406	396	424	352	418	384	449	333	137	196	843	417	366	1087	192	1044	1828	119	544	425	309	277	1922	1128	326	360	444	1513	342	27	827	280	588	275	960	786	282	393	348	648	144	308	280	1183	507	345	282	330	600	87	1037	340	1806	1737	280	1984	308	960	804	306	342	401	189	278	977	1045	360	1852	434	0	1291	268	447	418	3637	177	393	293	384	303	531	422	190	214	279	1067	547
815	954	1135	421	1241	526	916	971	487	1195	1213	1471	1073	911	1069	1240	644	1890	1244	1002	509	425	2779	1038	730	0	871	1213	1043	738	527	984	571	1067	681	1042	957	1070	994	350	1308	577	611	838	689	923	1043	781	972	920	833	949	805	972	514	683	419	1081	364	1715	455	1095	592	836	418	840	980	926	634	572	350	823	612	1184	805	844	1259	425	258	1454	917	1382	277	998	911	971	1535	590	644	933	1014	0	1925	644	964	161	1080	1172	2439	849	749	0	682	800	1368	926	739	606	281	359	959	462	418	713	924	640	1281	1631	916	528	1037	964	979	980	980	1083	899	665	2704	930	256	805	855	2658	2459	0	508	433	1165	1001	740	1144	933	2627	514	1512	1111	1047	555	777	681	129	854	1047	594	350	959	1079	508	392	974	1011	612	844	577	1147	924	689	844	810	1178	630	425	1155	926	988	1248	693	1004	992	1119	1285	1069	740	807	781	917	537	252	1500	995	610	1075	1024	590	533	991	460	1213	1048	781	993	258	644	810	1052	1527	1509	616	1261	533	252	543	986	1069	938	919	912	610	472	985	2582	463	730	949	990	973	1148	2906	907	646	855	392	1023	980	601	840	835	764	1759	277
164	84	765	457	784	1112	1787	304	841	404	422	613	788	357	488	1774	362	1106	647	310	1189	1240	1955	479	353	871	0	415	479	132	383	222	760	547	288	770	293	504	335	530	748	1218	694	146	1140	106	544	96	1468	692	294	78	125	1468	1157	223	1187	495	1067	903	1264	1018	1232	148	1112	264	557	460	336	1150	530	135	453	591	125	177	2103	1240	838	1957	360	2009	625	169	358	304	701	379	362	702	585	871	1112	362	97	985	520	303	1582	258	356	871	252	1074	646	460	336	757	985	964	90	1149	1276	165	462	596	421	761	256	343	351	199	316	323	557	1582	353	1037	1851	701	1051	125	63	3426	1645	871	423	1014	296	357	326	489	702	1832	1192	694	279	545	754	98	1551	956	206	545	743	530	90	493	382	480	109	587	453	177	727	487	693	1377	183	864	2041	332	513	507	119	292	1913	1028	583	163	299	1848	487	326	1170	96	939	339	1047	892	301	733	490	298	379	338	295	1326	422	559	95	601	838	362	1360	536	2137	2075	621	2046	338	1047	1106	566	488	67	360	140	874	1031	151	1804	425	353	1601	330	108	486	3725	358	739	63	480	338	869	760	182	149	110	1196	610
400	369	597	794	546	1318	2120	258	1032	21	15	518	669	352	306	1881	584	696	350	226	1420	1614	1568	327	512	1213	415	0	322	517	785	230	1175	377	534	667	270	323	248	863	446	1430	834	380	1554	319	395	469	1585	656	397	367	420	1585	1378	534	1571	300	1324	864	1544	1397	1441	382	1360	381	464	416	584	1347	863	398	649	324	420	370	2470	1614	1111	2036	347	2422	1003	246	352	258	324	632	584	659	468	1213	715	584	375	1348	332	226	1234	371	497	1213	531	1159	249	416	497	897	1257	1208	370	1388	1631	568	419	733	181	503	302	707	207	252	255	257	464	1998	361	1174	1494	658	1424	420	393	3825	1251	1213	827	1418	229	255	493	223	659	1429	1422	298	140	393	1169	474	1875	1317	359	393	889	863	369	301	774	829	379	473	649	370	1142	216	654	1589	369	1271	2340	587	913	235	310	234	2322	1444	473	252	116	1963	304	493	1274	469	942	684	1420	529	230	872	301	584	632	699	232	1674	15	408	470	503	1111	584	1514	378	2260	2178	767	2436	699	1420	1305	470	306	373	345	312	1289	1437	263	1396	812	512	1778	250	378	215	4108	356	860	393	829	215	824	902	373	382	485	828	982
350	491	303	659	304	1044	1912	176	763	301	309	830	356	149	26	1565	406	867	205	179	1156	1465	1768	6	318	1043	479	322	0	505	737	275	1158	70	396	350	185	29	147	714	291	1155	555	350	1513	380	78	467	1274	334	242	484	394	1274	1109	447	1440	38	1079	1174	1306	1490	1165	350	1107	254	142	123	426	1068	714	371	432	144	394	320	2297	1465	887	1716	143	2354	892	360	149	176	603	462	406	337	147	1043	925	406	507	1195	43	490	1490	253	298	1043	419	847	342	123	313	612	1025	960	496	1130	1457	563	126	463	496	822	224	618	152	292	164	157	142	1963	159	876	1736	336	1282	394	421	3699	1444	1043	781	1332	488	124	315	122	337	1597	1157	556	357	76	1148	472	1664	1162	290	76	608	714	495	36	711	701	518	151	432	320	1129	128	332	1312	315	1308	2102	433	846	124	366	194	2239	1424	151	363	333	1649	26	315	963	467	620	580	1278	469	186	589	33	753	462	608	191	1491	309	93	469	181	887	406	1214	63	1946	1861	498	2301	608	1278	1027	147	26	483	142	339	1270	1359	372	1545	735	318	1483	152	516	129	3948	151	570	421	701	158	502	618	318	350	477	758	864
154	216	764	325	803	992	1655	345	729	503	522	743	770	362	520	1670	270	1214	695	363	1064	1112	2075	503	291	738	132	517	505	0	267	297	670	566	200	747	332	533	377	397	791	1097	600	159	1042	199	557	48	1363	653	277	211	112	1363	1034	117	1062	529	939	1024	1133	989	1111	158	986	255	550	453	237	1032	397	137	358	635	112	186	1974	1112	710	1858	367	1906	497	276	363	345	820	271	270	665	583	738	1227	270	228	855	548	434	1710	254	300	738	157	982	730	453	277	660	856	839	222	1024	1145	58	454	509	548	893	285	210	406	272	358	363	550	1490	355	933	1978	663	923	112	125	3310	1762	738	310	900	427	397	267	545	665	1945	1068	808	392	558	662	43	1418	826	215	558	645	397	222	527	258	348	239	584	358	186	639	544	655	1254	190	804	1908	231	395	562	207	344	1805	939	578	269	407	1741	519	267	1072	48	875	207	919	952	354	638	523	376	271	205	348	1195	522	570	48	591	710	270	1248	553	2027	1970	529	1924	205	919	988	559	520	200	367	208	784	919	260	1914	298	291	1484	372	238	544	3601	362	649	125	348	391	823	662	187	158	32	1252	481
404	458	955	212	1018	899	1431	597	684	771	789	952	938	588	757	1618	381	1481	939	620	943	862	2339	735	451	527	383	785	737	267	0	562	421	790	352	911	583	767	628	256	1029	991	631	417	781	466	775	316	1317	798	495	455	372	1317	924	289	805	767	803	1188	964	827	1006	415	855	484	748	658	346	944	256	395	434	877	372	438	1724	862	582	1819	594	1640	256	542	588	597	1084	340	381	812	783	527	1493	381	464	618	781	684	1963	487	469	527	320	991	993	658	447	677	711	725	462	898	910	219	658	572	805	1134	535	137	662	538	609	613	748	1230	578	907	2233	810	675	372	392	3044	2027	527	44	633	677	645	440	797	812	2212	948	1074	657	777	410	310	1203	591	462	777	660	256	462	765	42	198	471	783	434	438	393	797	801	1137	441	595	1705	337	130	813	475	601	1537	686	777	535	674	1680	756	440	1058	316	956	183	671	1200	611	660	761	497	340	147	605	964	789	786	315	781	582	381	1180	775	1952	1911	576	1662	147	671	902	756	757	445	595	475	533	652	526	2181	71	451	1386	623	471	798	3341	586	684	392	198	647	942	676	437	415	299	1496	250
170	217	576	564	576	1122	1893	104	838	213	231	616	617	198	279	1729	366	923	427	97	1217	1383	1798	277	307	984	222	230	275	297	562	0	966	346	309	605	102	297	128	633	528	1233	653	149	1339	115	349	249	1427	553	196	211	192	1427	1178	303	1341	283	1113	949	1328	1240	1246	152	1151	170	384	298	361	1155	633	169	441	373	192	140	2240	1383	894	1897	197	2203	773	85	198	104	550	410	366	560	404	984	945	366	232	1118	312	257	1458	159	296	984	302	1009	433	298	290	718	1041	999	222	1183	1401	352	301	550	322	684	99	478	132	24	114	121	384	1787	201	1002	1720	559	1194	192	179	3597	1481	984	606	1193	253	151	283	267	560	1658	1220	528	141	349	958	255	1650	1087	133	349	708	633	221	282	548	599	243	408	441	140	933	265	552	1394	140	1084	2121	363	688	286	102	81	2100	1235	405	88	139	1807	277	283	1117	249	827	454	1190	670	89	693	279	477	410	469	84	1445	231	365	250	429	894	366	1339	337	2103	2029	582	2207	469	1190	1111	392	279	210	196	89	1080	1213	97	1622	584	307	1597	124	241	265	3877	201	688	179	599	121	733	723	144	152	264	974	752
819	816	1371	564	1438	1084	1294	1013	958	1164	1182	1218	1346	1009	1177	1808	792	1865	1358	1033	1080	678	2690	1156	869	571	760	1175	1158	670	421	966	0	1211	771	1318	999	1188	1044	558	1449	1146	979	828	383	859	1196	717	1531	1200	916	816	782	1531	1081	710	589	1188	934	1366	1008	524	1162	827	988	904	1166	1079	760	1131	558	806	829	1297	782	852	1485	678	772	2021	1015	1255	383	929	1009	1013	1448	745	792	1214	1202	571	1862	792	815	544	1202	1032	2283	907	887	571	741	1288	1400	1079	866	1008	846	906	817	1033	782	614	1078	946	1159	1444	951	549	1076	941	1025	1030	1166	822	999	1174	2557	1211	539	782	787	2703	2388	571	378	344	1026	1062	859	1213	1214	2582	1085	1449	1039	1198	16	711	1110	538	878	1198	992	558	818	1185	451	526	817	1202	829	852	35	1213	1203	1261	856	240	1615	751	330	1230	869	1014	1169	269	1195	923	1060	1856	1176	859	1326	717	1316	593	536	1619	1024	999	1181	728	745	560	1018	847	1182	1207	716	1198	772	792	1373	1197	2098	2081	941	1360	560	536	1097	1175	1177	808	1016	876	114	338	912	2560	436	869	1520	1039	818	1213	3037	1007	1030	787	526	1061	1327	1006	852	827	702	1916	413
412	561	233	697	238	1032	1920	245	756	358	363	891	292	204	73	1527	442	869	179	249	1148	1491	1770	68	355	1067	547	377	70	566	790	346	1211	0	442	289	254	55	217	747	246	1142	546	415	1559	449	26	530	1240	292	295	554	457	1240	1100	500	1470	76	1079	1236	1307	1554	1151	414	1103	312	108	141	466	1053	747	435	454	124	457	384	2314	1491	896	1672	199	2394	931	430	204	245	638	497	442	292	96	1067	936	442	577	1222	45	556	1509	312	334	1067	469	813	353	141	352	600	1030	959	566	1124	1477	623	143	462	555	869	291	666	221	362	234	227	108	2010	213	852	1749	292	1310	457	488	3725	1446	1067	833	1372	555	194	357	159	292	1591	1149	586	424	23	1200	535	1672	1188	353	23	598	747	565	76	761	739	588	101	454	384	1183	166	289	1297	379	1367	2100	473	893	153	435	264	2276	1475	104	433	399	1611	75	357	931	530	574	625	1306	434	256	578	77	823	497	655	261	1508	363	33	532	133	896	442	1188	14	1908	1820	496	2328	655	1306	1014	108	73	552	198	408	1322	1400	443	1536	783	355	1458	222	586	167	3966	205	555	488	739	228	450	606	381	414	539	712	902
153	363	604	270	666	834	1585	291	557	515	533	881	594	248	418	1486	74	1210	602	322	920	1090	2098	393	102	681	288	534	396	200	352	309	771	442	0	569	277	426	316	333	686	943	406	179	1117	280	426	201	1180	465	159	355	168	1180	884	85	1056	430	809	1187	1020	1155	956	176	849	161	396	307	53	871	333	173	165	540	168	173	1940	1090	586	1670	255	1957	498	343	249	291	858	102	74	478	431	681	1244	74	379	822	439	535	1767	169	118	681	43	788	693	307	95	469	734	698	370	883	1099	240	307	311	625	987	235	223	358	292	300	302	396	1567	238	749	2028	476	903	168	236	3318	1778	681	393	936	529	327	88	476	478	1948	923	832	446	428	760	202	1341	789	176	428	455	333	369	428	320	309	393	431	165	173	744	478	467	1103	171	942	1812	53	451	490	277	307	1844	1033	425	339	448	1560	418	88	882	201	675	183	899	866	314	445	424	571	102	213	311	1140	533	436	203	430	586	74	1074	428	1850	1787	334	1922	213	899	826	404	418	345	256	253	881	962	336	1906	340	102	1320	312	391	479	3584	246	453	236	309	344	628	472	168	175	195	1154	472
612	805	121	758	250	866	1812	500	627	647	653	1180	30	417	361	1267	530	1072	392	515	991	1463	1956	345	467	1042	770	667	350	747	911	605	1318	289	569	0	503	344	480	785	380	969	438	624	1629	689	272	725	994	123	478	798	657	994	939	650	1461	366	956	1524	1181	1725	975	623	967	506	221	311	565	877	785	640	489	372	657	593	2236	1463	821	1399	415	2417	981	690	416	500	911	573	530	109	204	1042	1158	530	823	1203	334	838	1743	512	452	1042	609	577	603	311	476	466	929	841	812	977	1422	799	309	404	845	1155	524	774	498	615	491	484	221	2071	418	652	1969	112	1297	657	707	3678	1636	1042	949	1412	836	459	485	446	109	1757	991	854	705	274	1305	729	1566	1171	563	274	472	785	811	366	874	799	836	200	489	593	1295	454	119	1111	587	1506	1950	574	987	438	676	525	2288	1566	201	692	682	1352	363	485	696	725	312	729	1294	553	519	452	366	1065	573	764	524	1441	653	258	727	176	821	530	967	290	1648	1553	426	2288	764	1294	844	213	361	793	416	644	1421	1444	699	1689	882	467	1238	483	834	455	3884	415	418	707	799	501	173	472	589	622	729	746	949
179	309	479	546	490	1050	1855	14	764	249	265	712	516	97	194	1638	317	933	363	45	1151	1367	1823	185	242	957	293	270	185	332	583	102	999	254	277	503	0	210	45	610	461	1162	571	173	1364	195	253	289	1337	450	128	302	219	1337	1109	300	1332	202	1054	1048	1274	1307	1174	173	1089	116	281	195	322	1081	610	195	379	304	219	146	2216	1367	842	1803	96	2218	769	187	98	14	594	369	317	457	304	957	969	317	325	1099	226	354	1503	107	226	957	284	916	419	195	227	635	987	938	314	1118	1375	390	198	468	401	759	47	479	82	112	26	31	281	1813	102	917	1761	456	1180	219	237	3593	1502	957	627	1200	350	65	224	214	457	1671	1153	562	227	254	990	295	1609	1067	120	254	627	610	313	200	562	584	337	307	379	146	968	214	449	1322	142	1135	2070	326	701	231	181	36	2110	1267	304	189	215	1717	193	224	1027	289	727	447	1175	620	39	610	196	571	369	469	38	1415	265	268	291	327	842	317	1256	244	2013	1937	502	2198	469	1175	1038	290	194	299	94	154	1112	1224	196	1629	593	242	1517	40	335	214	3861	101	602	237	584	67	630	640	146	173	301	920	744
379	514	287	688	279	1062	1936	200	783	303	310	836	347	179	19	1573	435	845	176	200	1175	1493	1746	33	347	1070	504	323	29	533	767	297	1188	55	426	344	210	0	170	743	261	1173	573	378	1542	404	72	495	1284	339	272	507	422	1284	1128	477	1468	22	1101	1181	1328	1517	1182	378	1127	284	148	147	455	1085	743	399	458	115	422	348	2323	1493	911	1721	173	2383	921	380	178	200	593	491	435	340	145	1070	905	435	529	1223	15	501	1474	282	326	1070	449	856	322	147	342	630	1048	981	519	1150	1484	591	149	484	501	819	251	648	169	314	188	181	148	1993	189	890	1717	340	1310	422	448	3727	1422	1070	811	1362	500	147	345	110	340	1573	1176	543	369	70	1178	500	1688	1190	318	70	626	743	518	22	741	730	540	150	458	348	1159	117	336	1329	343	1337	2123	462	876	108	390	216	2268	1454	152	384	344	1656	20	345	973	495	623	609	1306	439	208	607	22	775	491	638	213	1517	310	85	497	181	911	435	1227	54	1954	1867	518	2329	638	1306	1045	151	19	506	172	364	1300	1388	393	1520	765	347	1496	175	538	118	3975	181	586	448	730	177	502	636	347	378	505	729	894
