NAME : VRPTW_INSTANCE_9.txt
COMMENT : Bangkok Supermarket
TYPE : VRPTW
DIMENSION : 274
DAYS : Monday
EDGE_WEIGHT_TYPE : EXPLICIT
VEHICLES : 34
EDGE_WEIGHT_FORMAT : FULL_MATRIX
CAPACITY : 1000
EDGE_WEIGHT_SECTION
0	1219	582	24	215	479	884	748	310	431	965	133	288	629	373	1061	298	550	2333	541	206	113	124	978	154	214	258	288	2071	373	366	649	804	359	201	212	1944	1641	488	529	39	379	104	210	315	309	404	401	2764	508	309	606	374	1157	690	208	1507	103	1231	737	395	309	300	102	447	602	1078	1019	363	221	165	367	2674	1867	456	556	406	581	178	217	314	309	412	1073	1017	407	1524	255	223	635	620	1185	543	341	419	879	176	1627	1132	650	403	1688	1088	1869	978	525	491	309	390	712	359	317	340	412	202	1181	1321	437	118	696	1183	486	489	401	365	419	1401	113	631	404	506	1869	996	1766	404	1293	481	1010	211	685	1025	1311	330	240	177	583	504	330	978	1572	852	374	1708	364	1077	369	656	366	436	609	1046	1388	423	411	174	358	185	199	914	399	208	962	1233	182	1073	544	943	439	538	519	2079	284	447	935	1266	3142	300	97	1727	519	184	1875	547	430	102	1959	24	255	529	623	1527	330	172	523	994	1075	432	1738	608	199	682	1482	532	1532	300	782	1120	1658	1185	501	155	245	1067	524	504	965	170	885	1066	1606	133	814	537	582	885	298	154	155	970	496	530	242	153	605	208	1126	599	1132	88	373	623	408	1861	1768	1994	202	368	590	214	246	88	402	1938	959	581	439	466	401	464	2132	316	351	846	629
1219	0	636	1240	1349	1623	1010	1853	1499	788	732	1085	1356	590	1518	855	1348	1493	1893	1381	1059	1308	1103	583	1114	1409	1459	1356	862	1509	1508	1024	898	889	1022	1343	1319	612	1038	1672	1257	1522	1246	1338	1380	912	1623	1579	1619	1086	912	1644	1519	828	1909	1336	2706	1169	2449	679	1614	912	920	1172	1101	1699	143	201	1493	1075	1169	1509	1556	2835	1116	1047	1488	1714	1170	1191	1449	1053	846	402	855	1490	2741	1018	1317	1079	1660	489	1054	1558	807	903	1186	1446	87	1687	1580	2884	2306	691	865	731	1062	1053	1571	688	889	1479	1397	1507	1099	753	1237	1081	1161	1815	35	1624	1051	1579	1508	807	648	1308	1594	859	1061	2835	898	582	1623	1084	1622	563	1342	1729	873	1121	890	1427	1170	1284	1722	890	865	353	545	1517	551	1505	767	1588	1515	1508	1134	754	227	2542	1513	1490	1169	1529	1104	1087	2024	1577	1337	879	1372	1174	761	1381	1975	1045	1376	768	866	935	1659	890	477	1987	920	1292	643	1523	1172	697	1544	1486	1172	777	1243	1018	1381	1597	776	890	1181	1358	688	819	1447	1488	1030	1394	1697	489	1381	319	920	489	2339	448	489	1718	1085	1445	817	1663	1648	732	1389	615	810	1553	1335	650	1376	636	615	1352	1358	1085	1123	1635	1370	1325	1100	1455	1336	98	1105	87	1278	1519	1597	1489	3080	581	1651	1405	1502	1022	1409	1151	1278	1621	1611	662	1073	1435	1645	1620	768	916	1401	1472	2009	1744
582	636	0	604	727	1008	741	1256	865	152	625	449	748	64	901	768	744	932	2060	843	438	672	469	527	481	778	827	748	1489	894	891	607	609	266	389	721	1573	1095	531	1059	620	905	616	716	774	275	987	954	2212	585	275	1062	902	795	1272	714	2080	534	1813	381	977	275	283	537	571	1101	497	439	878	460	549	892	2132	2290	588	574	885	1105	552	581	822	465	236	565	736	887	2106	404	691	644	1079	680	573	921	174	666	568	1433	550	1107	956	2259	1670	1301	712	155	555	465	945	362	266	849	783	902	472	779	1143	547	526	1212	601	1011	544	954	890	174	914	671	1034	250	561	2291	745	1189	986	1016	1008	547	720	1134	752	1077	254	798	552	783	1086	254	712	989	374	900	1144	888	733	951	985	891	597	324	480	1925	909	888	551	898	484	469	1428	952	715	710	1166	557	727	844	1391	514	838	215	1497	299	1025	697	748	2588	283	655	1183	945	556	1307	970	890	537	1390	606	404	839	1034	1076	254	562	818	623	759	860	1520	588	763	1109	951	840	952	283	240	1702	1079	680	1083	455	813	752	1051	1034	625	752	454	747	1475	702	406	838	0	454	747	725	455	866	1022	830	701	472	922	714	546	646	550	641	901	1034	887	2443	1196	1749	769	887	571	778	549	641	985	1697	579	610	852	1021	984	163	1549	781	859	1385	1141
24	1240	604	0	194	455	888	724	297	453	976	154	269	650	350	1069	281	532	2337	528	218	105	141	1002	178	190	234	269	2093	350	343	651	810	383	220	191	1953	1665	491	505	16	356	90	190	296	332	383	377	2782	508	332	585	351	1181	670	188	1484	125	1209	751	375	332	323	123	447	579	1099	1041	340	230	165	344	2691	1861	455	558	384	557	176	212	309	314	436	1090	1025	386	1501	267	227	636	599	1209	545	322	442	886	172	1628	1153	628	378	1664	1066	1889	985	549	493	314	366	726	383	308	342	390	225	1205	1323	438	139	672	1205	462	491	377	341	442	1425	106	611	428	508	1863	1003	1789	384	1315	457	1034	190	681	1033	1315	353	216	175	575	482	353	985	1593	876	351	1728	341	1087	348	640	343	434	623	1066	1373	401	389	173	348	193	208	890	375	188	969	1231	180	1084	532	938	442	525	544	2101	305	424	942	1290	3160	323	92	1744	499	182	1895	528	410	123	1979	5	267	516	603	1540	353	169	511	1005	1084	414	1740	610	175	679	1500	519	1553	323	805	1099	1678	1209	478	170	220	1076	501	480	976	150	909	1075	1605	108	839	525	604	909	280	129	170	971	473	517	246	164	590	188	1148	598	1153	86	350	603	386	1839	1787	1997	189	345	593	190	245	86	381	1941	971	582	421	442	380	483	2154	316	329	832	605
215	1349	727	194	0	283	831	544	361	584	976	305	86	762	174	1045	103	345	2267	365	290	253	272	1172	367	99	139	86	2211	169	165	595	780	547	345	6	1924	1814	447	334	186	179	123	11	108	476	340	229	2838	444	476	391	175	1365	614	13	1356	318	1120	783	344	476	466	317	384	394	1206	1147	156	275	180	166	2740	1931	384	502	191	383	180	168	422	318	600	1146	1000	192	1401	331	389	565	406	1370	488	314	586	852	164	1546	1262	435	231	1535	971	1968	959	704	439	318	222	760	547	399	488	198	417	1385	1247	386	333	495	1314	287	442	229	164	586	1593	254	419	595	452	1934	970	1915	354	1507	284	1202	7	780	1005	1257	495	97	179	443	407	495	959	1702	1038	174	1804	162	1080	311	459	165	358	658	1157	1375	208	195	180	421	245	261	714	227	12	940	1125	176	1077	369	1020	405	363	709	2216	438	329	910	1448	3218	466	251	1804	306	178	1974	335	215	317	2058	197	331	352	410	1553	495	168	352	1013	1067	224	1662	556	94	790	1555	355	1653	466	949	1023	1774	1370	400	275	128	1059	327	309	976	196	1080	1060	1504	111	1011	362	727	1080	101	112	275	893	298	356	406	256	415	13	1253	521	1262	254	175	410	193	1745	1872	1923	273	163	542	99	215	254	338	1866	985	515	233	296	338	581	2266	456	140	850	426
479	1623	1008	455	283	0	986	270	454	867	1184	586	267	1041	108	1227	277	298	2365	406	570	467	555	1452	633	268	237	267	2486	114	118	770	967	828	628	288	2082	2098	652	50	442	103	403	293	246	760	301	97	3074	628	760	202	107	1636	463	295	1086	577	890	1022	321	760	749	575	581	140	1480	1421	130	550	459	116	2971	1893	574	688	151	102	456	432	553	573	881	1394	1183	149	1153	607	584	725	208	1653	675	341	870	1032	440	1638	1536	229	97	1263	738	2224	1142	987	636	573	111	1002	828	511	647	128	679	1660	1356	592	591	217	1588	13	643	97	118	870	1874	469	295	875	646	1896	1145	2193	327	1763	6	1483	290	835	1185	1391	779	240	456	532	280	779	1142	1974	1320	109	2059	120	1277	301	408	118	548	905	1423	1251	127	152	457	504	524	540	435	100	295	1121	1193	451	1276	409	1032	622	407	990	2490	722	208	1090	1731	3454	749	474	2047	222	453	2229	234	173	575	2313	456	607	394	280	1761	779	446	411	1227	1256	228	1759	736	282	860	1797	396	1921	749	1232	812	2040	1653	270	558	246	1248	45	25	1184	369	1360	1250	1568	347	1290	407	1008	1360	273	329	558	1016	19	405	596	539	402	295	1526	679	1536	484	108	280	150	1500	2131	2020	427	121	728	268	473	484	300	1964	1205	688	249	84	302	858	2538	612	151	778	152
884	1010	741	888	831	986	0	1107	1171	747	296	808	771	703	921	259	753	721	1448	592	691	994	786	1235	922	930	969	771	1794	906	910	238	133	861	751	826	1098	1616	397	1018	898	920	819	821	775	783	1169	1003	2155	388	783	889	922	1521	1426	820	2003	932	1870	384	1174	783	779	933	449	983	899	858	890	666	725	912	2039	2747	447	332	838	1035	714	689	1197	576	878	628	222	839	2114	651	1103	267	901	1325	346	1144	793	107	722	747	943	917	1004	2165	1719	1404	186	872	397	576	1004	393	861	1193	1221	860	956	1491	441	453	936	1092	987	978	398	1003	913	793	1553	995	796	887	383	2750	174	1567	1185	1753	981	1246	825	1570	216	428	777	928	715	461	1219	777	186	1293	1087	917	1245	909	336	1142	672	911	473	418	786	2204	859	835	717	1227	700	688	1251	1003	821	164	425	712	338	590	1825	445	590	926	1784	752	1136	138	1368	2530	779	981	1179	787	709	1407	792	812	933	1486	893	651	601	806	808	777	723	581	348	297	757	854	279	922	1566	942	600	1210	779	931	1798	1296	1325	1211	747	960	291	1006	1001	296	1000	1178	296	752	905	1141	590	741	1178	758	920	747	126	986	589	1121	740	633	820	923	312	943	973	922	806	838	2460	1334	1109	1065	900	295	930	647	973	1167	1053	359	315	736	1051	1167	636	1816	1199	869	1681	1034
748	1853	1256	724	544	270	1107	0	697	1120	1345	850	508	1282	374	1363	512	390	2396	520	820	736	817	1717	902	538	505	508	2715	376	382	923	1118	1092	886	549	2175	2351	838	222	712	368	667	553	481	1019	516	359	3246	802	1019	221	373	1905	544	555	898	846	795	1219	539	1019	1009	845	768	155	1711	1653	388	796	711	381	3135	1988	756	856	370	168	706	674	802	802	1145	1591	1322	369	1012	851	848	870	207	1913	845	577	1127	1173	690	1676	1767	189	358	1065	652	2425	1281	1247	817	802	373	1201	1092	755	900	354	948	1928	1419	785	861	55	1819	262	826	359	383	1127	2137	738	311	1140	823	1991	1278	2430	542	2033	267	1747	551	1033	1319	1476	1037	511	706	649	445	1037	1281	2200	1581	373	2260	384	1426	529	442	382	734	1113	1644	1281	346	368	707	739	774	788	172	362	555	1259	1224	700	1426	521	1192	818	523	1254	2717	979	410	1228	1990	3624	1009	743	2233	338	701	2430	324	368	845	2513	726	851	514	300	1910	1037	697	536	1392	1396	407	1798	896	552	1066	1983	514	2141	1009	1486	756	2256	1913	436	816	516	1389	224	245	1345	636	1625	1393	1581	617	1556	523	1256	1625	509	599	816	1108	251	526	859	796	474	555	1755	827	1767	753	374	300	369	1356	2336	2054	688	382	893	538	708	753	516	1999	1377	846	420	309	518	1100	2763	866	404	890	118
310	1499	865	297	361	454	1171	697	0	715	1273	434	443	919	396	1363	462	673	2616	720	516	200	433	1178	385	268	254	443	2336	407	397	933	1101	612	506	364	2247	1869	774	488	283	401	352	368	457	591	193	357	3067	783	591	647	395	1301	427	368	1296	331	975	1048	172	591	585	328	722	593	1362	1304	410	526	449	397	2979	1578	726	838	482	538	459	481	106	607	658	1380	1318	483	1275	564	201	910	656	1399	824	121	692	1176	449	1900	1414	680	357	1476	844	2165	1278	777	773	607	344	1022	612	58	206	473	404	1343	1598	717	339	642	1464	467	773	357	394	692	1596	200	717	647	787	1580	1294	2026	174	1384	460	1213	364	419	1326	1599	612	285	458	804	298	612	1278	1849	1074	400	2005	397	1384	170	793	397	702	919	1341	1078	483	488	456	59	489	504	834	354	367	1262	1485	460	1380	724	661	727	718	753	2347	577	292	1234	1483	3445	585	217	2031	612	462	2170	637	519	328	2254	292	564	707	704	1837	612	449	710	1303	1379	553	2015	892	268	432	1788	709	1817	585	1036	853	1944	1399	301	466	255	1371	491	471	1273	171	1085	1371	1863	267	1014	718	865	1085	459	255	466	1244	473	712	202	462	760	368	1411	868	1414	230	395	704	484	1600	2061	2274	108	407	875	268	523	230	192	2218	1268	857	569	391	190	766	2403	175	416	535	594
431	788	152	453	584	867	747	1120	715	0	691	298	612	204	758	823	610	815	2127	739	300	520	319	617	331	629	678	612	1640	753	749	571	623	136	240	578	1666	1231	461	918	469	763	469	573	640	123	835	808	2357	513	123	935	760	859	1120	572	1932	383	1662	437	825	123	131	386	485	966	649	591	738	327	409	750	2275	2167	502	517	750	965	414	448	675	352	134	691	786	752	1955	274	545	597	951	796	513	769	47	690	430	1473	702	980	810	2112	1519	1450	756	148	483	352	799	413	136	700	642	766	328	857	1173	461	376	1075	753	870	472	808	748	47	1026	519	916	145	493	2168	785	1337	834	1056	867	643	577	999	800	1122	102	650	414	698	935	102	756	1141	471	758	1291	746	804	799	881	749	505	339	627	1779	774	753	413	749	346	332	1293	806	572	749	1165	420	799	741	1259	433	734	189	1648	148	875	731	871	2734	131	503	1325	821	419	1456	847	758	386	1539	455	274	733	914	1189	102	423	714	700	822	733	1567	544	614	977	1089	735	1104	131	365	1550	1230	796	932	309	664	814	911	893	691	600	532	810	1497	552	472	734	152	532	612	575	309	866	882	726	557	327	818	572	697	589	702	490	759	914	752	2292	1346	1807	617	746	525	629	421	490	833	1753	657	554	727	875	832	111	1701	638	719	1238	1004
965	732	625	976	976	1184	296	1345	1273	691	0	858	937	569	1101	148	921	954	1438	825	758	1078	848	1046	954	1068	1114	937	1498	1088	1090	421	229	825	789	970	986	1344	534	1223	989	1102	928	965	948	770	1314	1181	1900	555	770	1124	1103	1339	1590	963	2242	982	2073	254	1314	770	769	984	604	1207	634	603	1071	747	829	1092	1791	2821	610	496	1033	1249	821	813	1275	670	823	337	130	1034	2334	710	1162	475	1138	1097	509	1274	737	193	834	817	673	1158	1182	2410	1922	1113	132	777	548	670	1179	278	825	1282	1276	1055	975	1295	547	596	983	1322	712	1179	542	1181	1092	737	1315	1079	1042	836	538	2823	166	1275	1325	1586	1180	1050	969	1638	149	460	757	1073	822	699	1382	757	132	999	910	1098	952	1088	115	1282	929	1091	636	368	515	2343	1056	1032	824	1324	784	768	1500	1180	965	147	643	822	110	824	1899	572	822	837	1488	754	1302	162	1129	2278	769	1063	897	1010	819	1118	1021	1014	984	1197	981	710	831	1050	578	757	832	808	52	134	962	897	451	1057	1625	654	831	914	769	754	1989	1000	1097	1375	811	1102	127	1212	1203	0	1111	1006	122	881	1024	984	821	625	1006	926	1043	811	395	1188	818	1178	812	881	963	652	517	673	1052	1102	1050	1033	2682	1040	1124	1164	1081	456	1068	766	1052	1312	1072	71	501	943	1238	1311	584	1519	1261	1049	1805	1258
133	1085	449	154	305	586	808	850	434	298	858	0	356	496	478	963	360	601	2251	563	120	234	38	867	117	334	382	356	1938	474	469	581	715	242	71	300	1842	1517	424	637	171	483	182	296	384	179	538	518	2633	456	179	686	478	1064	824	294	1635	125	1364	620	529	179	169	127	401	699	944	886	461	152	164	470	2545	1964	413	494	489	687	175	222	419	241	295	945	920	491	1656	157	304	578	702	1067	482	474	290	790	185	1556	999	732	519	1816	1220	1737	882	402	433	241	508	595	242	432	420	500	162	1081	1250	385	128	800	1050	591	428	518	468	290	1288	234	692	289	448	1966	903	1635	538	1219	587	897	299	780	930	1228	199	357	175	575	637	199	882	1438	734	478	1576	466	971	502	693	469	399	494	913	1512	510	493	172	478	132	135	1019	516	294	869	1183	182	967	566	1041	376	559	404	1946	150	577	843	1146	3012	169	217	1597	585	183	1742	613	506	127	1826	157	157	553	687	1409	199	179	541	882	974	495	1663	542	319	769	1354	555	1399	169	654	1253	1524	1067	633	68	368	965	631	612	858	303	774	964	1547	255	706	559	449	774	361	278	68	905	602	550	320	85	636	294	993	548	999	204	478	687	491	1994	1634	1916	330	468	522	334	226	204	535	1861	845	524	496	585	535	332	1999	403	445	969	731
288	1356	748	269	86	267	771	508	443	612	937	356	0	777	168	996	19	263	2197	279	312	338	319	1215	434	175	203	0	2219	157	157	540	731	593	382	85	1869	1842	402	316	265	170	186	84	28	515	399	244	2816	390	515	331	169	1420	657	85	1354	391	1141	760	406	515	504	390	334	353	1213	1155	140	287	204	158	2714	2006	331	450	138	358	198	167	508	306	645	1129	951	139	1414	343	475	504	346	1407	436	384	621	801	183	1474	1269	376	245	1531	991	1958	910	742	391	306	241	738	593	484	575	154	485	1436	1178	341	405	464	1322	267	395	244	158	621	1633	339	343	642	402	2008	918	1928	417	1571	266	1244	86	863	955	1194	532	164	198	363	449	532	910	1706	1076	166	1793	155	1037	374	374	157	304	640	1156	1432	161	141	199	503	266	280	680	243	86	890	1048	192	1034	282	1100	366	277	753	2222	473	367	859	1483	3196	504	335	1785	232	193	1963	261	150	390	2047	273	343	266	336	1516	532	189	267	977	1020	144	1592	502	175	874	1535	268	1654	504	978	1052	1772	1407	441	312	197	1012	307	292	937	282	1125	1014	1427	198	1057	276	748	1125	15	198	312	825	279	270	492	291	329	85	1259	459	1269	337	169	336	139	1760	1864	1853	359	149	490	175	205	337	397	1796	952	458	151	304	397	594	2271	543	118	915	392
629	590	64	650	762	1041	703	1282	919	204	569	496	777	0	934	714	771	946	2001	851	471	723	512	543	536	818	868	777	1449	926	923	586	570	327	431	756	1511	1075	527	1091	666	938	656	751	802	327	1034	991	2154	581	327	1083	935	821	1320	749	2118	588	1859	332	1025	327	334	590	574	1127	449	390	910	490	582	925	2072	2354	590	563	912	1135	584	610	879	483	300	501	683	914	2150	434	749	628	1100	678	564	970	234	623	600	1382	503	1128	992	2297	1715	1245	662	218	552	483	983	315	327	905	843	930	531	799	1095	550	581	1240	555	1042	540	991	924	234	913	722	1049	314	556	2355	696	1152	1034	1050	1040	560	755	1196	701	1025	306	837	584	782	1131	306	662	944	391	932	1087	921	676	998	993	924	601	293	423	1983	937	915	584	953	517	501	1455	989	750	661	1127	589	669	852	1454	516	846	277	1455	345	1068	650	742	2530	334	706	1122	965	587	1251	988	915	590	1335	653	434	848	1050	1012	306	595	826	565	704	882	1466	572	803	1172	889	849	903	334	243	1749	1028	678	1127	494	854	696	1082	1066	569	799	478	692	1428	744	438	846	64	478	774	767	494	829	1054	839	760	510	930	749	497	634	503	692	934	1050	914	2489	1141	1693	820	919	556	818	574	692	1032	1641	520	598	872	1058	1031	182	1506	840	890	1442	1169
373	1518	901	350	174	108	921	374	396	758	1101	478	168	934	0	1154	181	287	2325	367	463	373	446	1344	528	169	150	168	2381	15	11	696	891	720	520	180	2020	1989	567	159	338	6	295	185	153	651	283	82	2984	549	651	256	1	1531	506	186	1188	473	973	928	298	651	641	472	497	230	1375	1316	30	444	352	9	2882	1901	492	609	97	209	349	328	486	472	773	1298	1110	97	1245	500	498	655	267	1544	595	299	761	958	333	1600	1431	295	83	1366	823	2126	1068	878	553	472	85	907	720	449	573	81	575	1554	1310	506	488	323	1483	113	559	82	10	761	1766	375	321	767	564	1904	1074	2087	307	1663	109	1375	181	801	1112	1336	670	141	349	482	303	670	1068	1870	1212	4	1961	13	1199	270	407	10	465	809	1321	1291	90	101	350	451	417	432	542	82	186	1048	1161	344	1197	371	1016	532	367	882	2385	613	220	1017	1623	3364	641	378	1953	220	346	2131	242	134	472	2215	352	500	355	308	1680	670	339	366	1142	1180	182	1719	660	182	821	1703	357	1819	641	1124	887	1938	1544	294	450	156	1172	153	134	1101	281	1252	1174	1539	244	1182	367	901	1252	177	228	450	962	124	363	512	431	385	186	1421	609	1431	386	1	308	98	1591	2031	1980	348	20	650	169	370	386	282	1924	1118	613	202	136	283	752	2434	539	52	793	255
1061	855	768	1069	1045	1227	259	1363	1363	823	148	963	996	714	1154	0	979	974	1305	845	856	1174	948	1194	1066	1141	1185	996	1579	1140	1143	457	265	954	897	1040	884	1467	598	1262	1081	1154	1012	1034	1004	893	1386	1235	1895	606	893	1144	1155	1487	1653	1033	2260	1088	2116	389	1388	893	891	1091	662	1234	768	742	1123	839	913	1145	1779	2926	664	546	1077	1283	905	889	1374	756	957	453	44	1078	2366	810	1267	502	1156	1241	560	1352	870	195	915	669	803	1174	1237	2423	1965	1162	86	918	606	756	1235	411	954	1377	1383	1100	1091	1443	399	659	1090	1346	838	1221	603	1235	1146	870	1455	1174	1053	969	594	2928	85	1376	1399	1735	1223	1198	1039	1742	43	312	881	1143	906	714	1446	881	86	1095	1059	1150	1007	1141	93	1356	931	1144	691	489	648	2420	1099	1075	907	1416	876	861	1510	1235	1034	106	518	904	98	843	2002	641	842	978	1566	872	1364	137	1269	2270	891	1159	929	1037	902	1165	1044	1054	1091	1242	1074	810	853	1063	548	881	915	831	175	42	1000	752	494	1132	1733	700	852	1006	891	903	2039	1079	1241	1438	911	1174	40	1251	1245	148	1196	1155	47	733	1105	1133	842	768	1155	983	1123	911	315	1230	840	1284	909	890	1033	781	548	803	1149	1155	1063	1077	2713	1100	984	1255	1133	505	1141	843	1149	1384	931	213	540	980	1288	1384	714	1593	1366	1102	1888	1286
298	1348	744	281	103	277	753	512	462	610	921	360	19	771	181	979	0	251	2178	262	310	353	323	1216	442	194	223	19	2211	169	170	523	714	595	383	102	1851	1839	386	325	277	183	195	100	31	515	417	259	2802	373	515	328	183	1424	674	100	1364	400	1155	747	425	515	505	400	318	356	1205	1147	152	284	204	172	2700	2025	314	433	141	365	197	162	526	296	647	1117	934	143	1426	339	490	486	344	1406	419	403	620	784	182	1455	1261	374	260	1540	1004	1947	893	741	374	296	257	726	595	502	591	159	493	1438	1159	325	414	469	1314	276	379	259	172	620	1633	354	335	644	386	2028	901	1922	435	1577	275	1244	102	881	938	1175	532	183	197	344	467	532	893	1698	1076	178	1782	168	1020	393	360	171	287	628	1146	1450	165	143	199	522	264	278	684	258	101	873	1029	191	1018	265	1118	351	259	754	2214	473	384	842	1481	3182	505	349	1772	225	191	1952	254	149	400	2036	285	339	249	328	1500	532	189	249	962	1004	136	1573	485	193	892	1522	251	1644	505	975	1067	1762	1406	459	313	216	996	315	301	921	299	1126	997	1408	214	1058	259	744	1126	4	215	313	806	288	252	507	292	313	100	1251	441	1261	351	182	328	142	1773	1853	1834	376	162	473	194	198	351	416	1777	937	440	140	318	416	588	2262	559	129	934	397
550	1493	932	532	345	298	721	390	673	815	954	601	263	946	287	974	251	0	2069	129	527	598	562	1432	692	412	418	263	2350	273	282	533	727	825	611	346	1804	2022	458	315	528	283	446	346	237	738	570	358	2855	417	738	169	288	1656	761	347	1288	652	1153	839	585	738	728	651	392	262	1352	1296	266	494	437	283	2744	2184	378	469	192	320	427	382	753	467	874	1209	932	192	1393	542	735	479	183	1609	458	585	834	783	415	1343	1408	204	358	1455	1003	2041	891	957	436	467	366	823	825	721	828	206	743	1665	1065	412	665	371	1460	286	446	358	286	834	1841	600	102	873	440	2187	889	2074	594	1820	292	1459	347	1086	931	1108	752	390	427	260	574	752	891	1833	1287	283	1876	282	1035	558	120	283	359	741	1277	1549	198	187	430	731	487	495	548	359	348	869	895	420	1035	131	1304	447	132	978	2349	693	495	839	1680	3233	728	596	1844	75	420	2045	71	155	651	2128	536	542	123	104	1520	752	422	146	1002	1007	122	1463	506	418	1103	1595	123	1770	728	1171	1090	1880	1609	564	546	418	1000	303	305	954	529	1345	1003	1270	456	1281	133	932	1345	252	452	546	734	291	135	751	524	104	347	1394	437	1408	600	288	104	191	1739	1954	1724	605	271	504	412	397	600	569	1668	987	456	112	379	570	769	2393	795	257	1072	313
2333	1893	2060	2337	2267	2365	1448	2396	2616	2127	1438	2251	2197	2001	2325	1305	2178	2069	0	1961	2137	2443	2232	2404	2361	2366	2400	2197	2180	2310	2317	1685	1537	2259	2189	2262	592	2402	1846	2384	2347	2324	2266	2257	2195	2196	2595	2407	1739	1833	2196	2213	2327	2688	2826	2257	3213	2376	3190	1691	2604	2196	2195	2378	1894	2316	1886	1891	2296	2114	2173	2318	1596	4194	1890	1780	2232	2384	2162	2136	2646	2024	2261	1580	1344	2233	3382	2094	2550	1706	2219	2375	1793	2580	2174	1462	2169	726	1891	2223	2408	3341	3048	1667	1377	2214	1845	2024	2411	1714	2259	2641	2668	2253	2390	2625	1019	1900	2380	2403	1898	2354	1846	2407	2320	2174	2538	2443	2105	2273	1830	4196	1352	2158	2614	2946	2359	2397	2262	3018	1331	1023	2186	2360	2163	1843	2629	2186	1377	1916	2294	2321	1618	2315	1327	2572	1973	2317	1914	1794	1781	3616	2248	2229	2165	2674	2148	2136	2489	2407	2258	1388	1175	2160	1333	1958	3274	1894	1961	2274	2145	2174	2546	1411	2371	1995	2195	2429	1450	2144	2157	1665	2137	2199	2378	1685	2342	2094	1973	2119	1118	2186	2171	1960	1436	1305	2146	606	1726	2360	3015	1439	1971	1824	2195	2150	3147	1800	2375	2619	2193	2393	1313	2372	2374	1438	2445	2389	1317	817	2349	2384	1961	2060	2389	2182	2363	2193	1373	2360	1963	2568	2187	1965	2257	1870	1748	1891	2422	2327	2119	2232	3710	1698	345	2512	2305	1744	2366	2095	2422	2594	401	1481	1758	2125	2443	2594	2019	2130	2647	2278	3112	2364
541	1381	843	528	365	406	592	520	720	739	825	563	279	851	367	845	262	129	1961	0	470	611	525	1356	667	452	471	279	2234	352	360	404	598	768	558	364	1680	1923	342	431	528	365	438	361	263	676	647	447	2725	296	676	299	368	1593	865	362	1418	637	1278	717	660	676	666	637	280	390	1242	1186	340	434	400	361	2615	2266	265	344	272	443	388	341	788	386	813	1085	803	272	1522	474	748	350	313	1523	334	649	763	653	381	1234	1296	332	448	1585	1128	1915	762	885	318	386	452	703	768	763	852	292	718	1595	950	303	649	501	1348	396	329	447	363	763	1756	613	220	814	320	2269	760	1963	669	1770	400	1380	364	1140	801	987	688	436	389	131	668	688	762	1717	1207	363	1751	358	905	630	142	360	250	626	1161	1654	287	268	391	780	437	441	676	448	363	740	793	382	905	3	1371	338	4	913	2232	631	587	709	1591	3103	666	606	1716	194	381	1920	199	238	637	2003	533	474	13	226	1390	688	387	24	873	877	186	1354	379	453	1152	1468	11	1651	666	1083	1212	1760	1523	659	500	467	870	419	418	825	561	1272	873	1171	475	1210	4	843	1272	264	477	500	611	403	12	765	480	79	362	1282	308	1296	606	369	226	271	1868	1831	1616	638	348	378	452	341	606	646	1559	859	329	165	481	647	679	2274	821	324	1161	441
206	1059	438	218	290	570	691	820	516	300	758	120	312	471	463	856	310	527	2137	470	0	319	94	909	237	353	403	312	1920	455	452	461	602	299	88	284	1738	1530	303	621	232	467	190	279	339	210	585	519	2572	336	210	636	464	1129	872	277	1646	240	1399	533	580	210	200	242	282	666	916	858	440	36	110	454	2479	2070	295	373	450	667	114	149	518	121	347	878	812	452	1685	49	413	458	652	1096	362	532	311	678	130	1438	972	682	521	1825	1252	1688	774	433	313	121	511	508	299	524	531	466	280	1137	1132	265	245	775	1024	573	308	519	452	311	1323	320	625	346	327	2072	793	1624	590	1300	570	936	283	886	821	1113	225	369	114	466	673	225	774	1412	767	461	1526	450	870	550	607	453	283	404	871	1592	473	453	113	565	46	32	992	517	278	759	1063	120	867	472	1146	256	466	451	1925	166	604	732	1171	2951	200	304	1535	525	118	1694	552	459	242	1778	223	49	462	622	1321	225	124	447	787	869	436	1546	422	338	879	1288	464	1365	200	665	1295	1487	1096	668	56	389	861	613	596	758	361	820	860	1428	286	754	465	438	820	312	309	56	786	584	457	431	53	547	277	963	428	972	293	463	622	452	2027	1589	1800	407	448	402	353	130	293	583	1744	752	404	432	586	582	291	1976	511	421	1050	704
113	1308	672	105	253	467	994	736	200	520	1078	234	338	723	373	1174	353	598	2443	611	319	0	233	1026	200	204	231	338	2153	378	369	757	916	428	305	253	2057	1705	597	514	96	380	184	253	361	396	324	377	2867	613	396	625	374	1181	602	253	1443	141	1148	849	311	396	389	138	552	602	1169	1111	372	334	270	370	2779	1755	559	663	430	568	281	314	203	420	478	1179	1129	431	1445	368	136	741	638	1241	650	253	501	991	276	1734	1222	666	378	1624	1010	1967	1090	596	599	420	364	823	428	204	243	431	233	1213	1429	544	152	682	1272	477	597	377	366	501	1449	1	667	468	613	1757	1108	1845	319	1296	471	1059	252	575	1138	1421	417	232	280	670	431	417	1090	1660	910	376	1808	368	1190	289	713	369	537	721	1144	1278	442	436	278	246	298	312	895	375	252	1075	1334	284	1186	615	832	548	609	580	2162	379	388	1047	1323	3245	389	16	1831	555	286	1973	583	461	138	2057	100	368	599	657	1638	417	274	596	1106	1188	476	1845	716	192	574	1588	601	1624	389	855	1032	1751	1241	430	267	221	1179	512	491	1078	103	932	1179	1708	142	861	608	672	932	351	149	267	1076	487	601	154	265	667	253	1218	703	1222	30	373	657	432	1778	1864	2103	97	374	698	204	350	30	322	2047	1071	687	487	435	321	566	2217	214	367	736	620
124	1103	469	141	272	555	786	817	433	319	848	38	319	512	446	948	323	562	2232	525	94	233	0	900	150	309	358	319	1959	442	437	555	696	275	80	267	1830	1545	397	606	157	451	152	263	348	205	523	490	2640	426	205	650	447	1101	811	261	1612	145	1347	615	516	205	195	147	369	665	961	902	429	122	125	438	2550	1977	381	466	454	656	137	183	427	213	328	949	905	455	1637	138	319	550	666	1098	455	463	316	772	147	1533	1016	696	492	1792	1202	1748	867	431	405	213	480	590	275	436	436	466	197	1117	1227	354	152	768	1067	559	400	490	436	316	1320	233	654	323	419	1979	887	1657	525	1257	556	929	266	793	915	1208	225	331	136	539	619	225	867	1456	765	446	1586	435	960	488	655	437	366	488	926	1511	475	458	134	479	97	103	987	488	261	852	1154	143	956	527	1053	349	521	437	1966	171	556	826	1176	3019	195	217	1603	548	144	1753	576	470	147	1837	144	138	515	649	1405	225	140	503	874	961	458	1641	516	294	785	1358	517	1414	195	681	1238	1539	1098	615	38	344	952	600	581	848	291	808	952	1521	232	740	520	469	808	324	255	38	880	571	512	336	50	597	261	1009	519	1016	205	446	649	456	1976	1647	1895	326	436	496	309	189	205	521	1839	838	496	458	557	520	342	2018	417	412	969	698
978	583	527	1002	1172	1452	1235	1717	1178	617	1046	867	1215	543	1344	1194	1216	1432	2404	1356	909	1026	900	0	831	1193	1236	1215	1233	1341	1336	1129	1102	624	833	1167	1856	700	1057	1503	1016	1350	1049	1163	1244	700	1347	1380	2160	1111	700	1544	1345	292	1606	1161	2468	891	2152	852	1331	700	711	893	1094	1565	531	516	1328	940	1011	1337	2112	2309	1111	1101	1352	1554	1019	1058	1097	970	571	823	1174	1354	2453	890	977	1170	1560	225	1100	1271	598	1145	1033	1857	545	1590	1381	2649	2022	1238	1162	475	1081	970	1368	841	624	1140	1018	1365	793	256	1593	1069	878	1668	561	1458	1070	1380	1335	598	423	1025	1532	577	1088	2309	1198	916	1337	545	1454	35	1166	1288	1192	1503	684	1218	1018	1307	1456	684	1162	836	152	1345	1118	1334	1132	1313	1498	1336	1116	835	625	2118	1374	1356	1017	1187	952	941	1887	1377	1161	1166	1655	1025	1125	1358	1507	1037	1351	462	1253	743	1414	1162	311	2514	711	1013	1226	1434	1024	1245	1460	1365	893	1316	1002	890	1350	1530	1314	684	1026	1331	1024	1172	1345	1926	1113	1177	1248	1064	1352	854	711	304	2027	976	225	1455	903	1223	1167	1498	1478	1046	1127	93	1161	1927	1111	165	1351	527	93	1218	1132	903	1362	1469	1343	978	924	1435	1161	561	1173	545	1000	1345	1530	1354	2773	1128	2126	1111	1335	1097	1193	1036	1000	1345	2080	981	1137	1341	1445	1344	684	1317	1033	1312	1616	1598
154	1114	481	178	367	633	922	902	385	331	954	117	434	536	528	1066	442	692	2361	667	237	200	150	831	0	366	406	434	1954	528	521	697	824	228	171	364	1941	1504	541	682	190	534	248	362	463	210	525	553	2689	573	210	759	529	1003	802	360	1643	60	1349	710	512	210	205	63	518	757	976	919	518	270	267	522	2605	1867	530	611	558	735	280	326	344	358	277	1013	1024	560	1646	271	216	696	773	1042	600	453	307	898	286	1670	1029	803	554	1824	1211	1781	988	395	551	358	541	684	228	368	323	566	51	1028	1363	502	48	850	1078	640	545	553	519	307	1254	200	778	267	565	1869	1010	1645	519	1139	635	863	363	686	1035	1338	230	393	279	688	631	230	988	1464	710	529	1623	519	1069	490	792	521	516	587	959	1448	576	563	276	417	247	252	1067	550	360	975	1300	286	1064	670	948	494	663	380	1964	207	584	950	1124	3066	205	186	1655	667	287	1787	696	581	63	1870	176	271	656	771	1493	230	280	646	975	1075	579	1775	658	351	671	1417	659	1432	205	655	1232	1559	1042	630	185	394	1066	678	658	954	297	737	1065	1664	285	666	663	481	737	443	305	185	1021	651	655	230	200	736	360	1025	666	1029	172	528	771	560	1978	1677	2027	295	523	638	366	338	172	523	1972	936	642	583	616	522	397	2019	313	505	906	783
214	1409	778	190	99	268	930	538	268	629	1068	334	175	818	169	1141	194	412	2366	452	353	204	309	1193	366	0	50	175	2267	173	165	694	876	572	389	103	2022	1852	543	317	176	175	163	108	188	513	245	187	2919	542	513	421	170	1368	526	109	1302	309	1046	867	247	513	503	307	482	399	1267	1208	168	345	251	166	2823	1833	483	600	231	370	254	255	340	403	625	1225	1096	232	1332	398	332	664	434	1399	586	214	624	949	240	1645	1322	462	188	1482	899	2041	1055	736	537	403	175	843	572	311	417	229	411	1394	1346	482	323	485	1374	276	539	187	162	624	1616	205	470	618	550	1835	1067	1967	257	1495	271	1224	104	688	1102	1356	534	27	254	538	322	534	1055	1762	1065	171	1878	163	1174	214	531	165	457	741	1224	1278	240	237	253	328	311	328	701	184	108	1037	1222	252	1171	455	924	500	450	733	2273	481	251	1007	1479	3299	503	208	1883	360	254	2047	387	265	307	2131	191	398	439	459	1644	534	243	442	1104	1163	290	1761	654	15	700	1635	441	1717	503	989	944	1840	1399	316	324	36	1154	313	293	1068	118	1099	1155	1602	81	1029	450	778	1099	191	61	324	992	287	444	347	309	494	109	1314	620	1322	217	169	459	233	1674	1943	2022	192	170	639	0	303	217	243	1965	1075	614	305	252	243	642	2325	383	165	751	420
258	1459	827	234	139	237	969	505	254	678	1114	382	203	868	150	1185	223	418	2400	471	403	231	358	1236	406	50	0	203	2317	158	149	734	919	617	438	144	2063	1898	586	283	219	156	213	150	210	561	200	147	2969	582	561	407	150	1406	477	151	1253	348	996	916	205	561	551	346	523	373	1316	1257	158	395	300	149	2872	1802	523	641	229	336	303	302	338	451	670	1275	1140	229	1282	448	349	702	418	1444	627	181	672	991	288	1678	1371	445	148	1434	849	2091	1098	782	579	451	135	892	617	304	423	221	449	1434	1381	525	362	451	1423	247	581	147	145	672	1659	232	466	663	592	1805	1109	2016	215	1527	240	1268	145	670	1145	1394	582	41	303	566	273	582	1098	1812	1110	153	1928	148	1219	172	539	148	497	790	1274	1236	232	234	302	312	361	378	665	144	150	1080	1251	301	1216	474	899	544	470	778	2323	529	201	1050	1524	3348	551	238	1933	359	303	2097	385	265	346	2181	234	448	458	454	1691	582	292	463	1151	1207	299	1795	695	64	685	1684	460	1767	551	1037	894	1890	1444	267	373	13	1198	281	260	1114	132	1142	1199	1631	127	1072	469	827	1142	219	104	373	1028	256	464	362	359	506	151	1364	658	1371	248	149	454	230	1624	1993	2056	197	157	681	50	350	248	199	2000	1122	654	315	209	199	692	2375	389	161	713	389
288	1356	748	269	86	267	771	508	443	612	937	356	0	777	168	996	19	263	2197	279	312	338	319	1215	434	175	203	0	2219	157	157	540	731	593	382	85	1869	1842	402	316	265	170	186	84	28	515	399	244	2816	390	515	331	169	1420	657	85	1354	391	1141	760	406	515	504	390	334	353	1213	1155	140	287	204	158	2714	2006	331	450	138	358	198	167	508	306	645	1129	951	139	1414	343	475	504	346	1407	436	384	621	801	183	1474	1269	376	245	1531	991	1958	910	742	391	306	241	738	593	484	575	154	485	1436	1178	341	405	464	1322	267	395	244	158	621	1633	339	343	642	402	2008	918	1928	417	1571	266	1244	86	863	955	1194	532	164	198	363	449	532	910	1706	1076	166	1793	155	1037	374	374	157	304	640	1156	1432	161	141	199	503	266	280	680	243	86	890	1048	192	1034	282	1100	366	277	753	2222	473	367	859	1483	3196	504	335	1785	232	193	1963	261	150	390	2047	273	343	266	336	1516	532	189	267	977	1020	144	1592	502	175	874	1535	268	1654	504	978	1052	1772	1407	441	312	197	1012	307	292	937	282	1125	1014	1427	198	1057	276	748	1125	15	198	312	825	279	270	492	291	329	85	1259	459	1269	337	169	336	139	1760	1864	1853	359	149	490	175	205	337	397	1796	952	458	151	304	397	594	2271	543	118	915	392
2071	862	1489	2093	2211	2486	1794	2715	2336	1640	1498	1938	2219	1449	2381	1579	2211	2350	2180	2234	1920	2153	1959	1233	1954	2267	2317	2219	0	2372	2370	1859	1705	1725	1878	2205	1603	599	1892	2535	2109	2384	2105	2199	2242	1761	2474	2440	1089	1938	1761	2505	2382	1317	2755	2198	3567	2012	3300	1519	2463	1761	1770	2015	1958	2562	1006	1064	2356	1937	2030	2371	1102	3530	1972	1894	2351	2577	2031	2053	2274	1916	1678	1172	1597	2352	3595	1880	2144	1915	2521	1017	1902	2405	1652	1689	2048	1995	950	2547	2441	3746	3159	516	1620	1559	1916	1916	2432	1532	1725	2310	2211	2370	1932	1230	1886	1938	2002	2678	897	2487	1905	2440	2370	1652	944	2152	2451	1689	1913	3530	1647	317	2471	1498	2485	1199	2203	2513	1611	1757	1740	2286	2032	2130	2575	1740	1620	517	1286	2379	611	2368	1486	2438	2364	2370	1991	1609	1073	3341	2376	2353	2031	2359	1965	1949	2886	2438	2198	1639	2078	2036	1481	2234	2739	1903	2230	1585	41	1788	2515	1660	937	1380	1770	2137	760	2384	2034	517	2404	2348	2015	495	2095	1880	2235	2455	1207	1740	2042	2212	1446	1538	2309	1990	1870	2252	2474	904	2236	587	1770	1300	3185	500	1017	2572	1943	2303	1539	2526	2511	1498	2239	1311	1532	2144	2191	1372	2229	1489	1311	2215	2215	1943	1887	2498	2224	2150	1959	2306	2198	960	1946	950	2123	2381	2455	2352	3930	515	2056	2248	2365	1865	2267	2014	2123	2471	2036	1437	1916	2296	2507	2471	1629	101	2219	2335	2823	2606
373	1509	894	350	169	114	906	376	407	753	1088	474	157	926	15	1140	169	273	2310	352	455	378	442	1341	528	173	158	157	2372	0	9	682	877	717	514	175	2005	1983	553	165	339	14	291	179	140	646	297	97	2972	535	646	249	16	1530	521	181	1198	474	986	917	312	646	636	473	483	229	1366	1308	17	436	345	9	2870	1916	478	595	82	213	342	318	496	462	770	1287	1095	82	1257	492	504	641	261	1540	581	312	756	944	325	1584	1422	289	98	1375	835	2115	1054	874	540	462	100	895	717	459	581	67	575	1552	1295	492	488	326	1475	117	545	97	13	756	1762	379	310	764	550	1918	1060	2079	321	1664	114	1371	176	813	1098	1321	665	146	342	467	318	665	1054	1861	1207	10	1951	10	1185	284	394	9	451	797	1311	1306	77	87	342	463	409	425	545	97	181	1033	1146	337	1183	355	1030	519	352	878	2376	608	235	1003	1618	3352	636	381	1942	207	338	2121	230	119	473	2205	352	492	339	297	1666	665	331	351	1129	1166	167	1703	646	185	833	1692	341	1809	636	1118	901	1928	1540	309	444	163	1158	158	140	1088	287	1249	1160	1524	246	1180	352	894	1249	165	231	444	947	129	348	518	425	370	181	1412	595	1422	389	16	297	83	1603	2021	1965	356	7	636	173	360	389	296	1908	1105	599	187	149	297	744	2425	547	39	808	257
366	1508	891	343	165	118	910	382	397	749	1090	469	157	923	11	1143	170	282	2317	360	452	369	437	1336	521	165	149	157	2370	9	0	686	880	711	510	170	2009	1980	556	169	332	14	286	175	142	642	289	92	2973	538	642	258	12	1524	515	177	1199	467	985	917	303	642	631	465	486	236	1364	1306	20	433	342	1	2871	1908	481	598	91	218	339	317	486	461	764	1287	1099	91	1256	490	495	645	270	1535	585	303	751	948	323	1591	1420	297	93	1377	834	2115	1057	869	542	461	94	896	711	450	572	76	568	1546	1301	495	481	331	1473	122	548	92	3	751	1757	371	319	759	553	1910	1063	2076	313	1657	118	1366	172	804	1102	1326	661	137	339	473	312	661	1057	1859	1203	9	1950	2	1188	275	403	0	454	798	1310	1301	86	95	339	453	406	422	550	92	176	1037	1153	334	1186	363	1021	521	359	873	2374	604	229	1006	1613	3353	631	373	1942	216	336	2120	240	128	465	2204	345	490	347	307	1669	661	328	357	1131	1170	174	1710	649	177	824	1692	349	1808	631	1114	898	1927	1535	303	440	154	1161	162	144	1090	278	1243	1163	1531	238	1174	359	891	1243	166	223	440	953	133	355	509	421	379	177	1411	599	1420	381	11	307	92	1603	2020	1971	346	11	639	165	359	381	288	1915	1107	603	195	147	289	741	2423	538	41	801	263
649	1024	607	651	595	770	238	923	933	571	421	581	540	586	696	457	523	533	1685	404	461	757	555	1129	697	694	734	540	1859	682	686	0	197	667	529	590	1329	1604	160	807	661	697	581	585	547	581	935	778	2322	151	581	702	698	1402	1197	584	1821	701	1660	345	940	581	575	703	212	786	894	844	665	434	487	687	2212	2509	211	94	620	830	476	451	960	343	693	693	413	621	1915	425	869	56	716	1255	108	908	613	262	484	978	945	736	779	1988	1509	1517	371	712	159	343	778	338	667	955	987	643	734	1384	672	215	707	901	995	764	160	778	688	613	1489	758	622	700	145	2512	377	1603	950	1618	766	1146	590	1333	415	666	580	693	477	280	990	580	371	1344	977	693	1353	684	507	907	515	686	237	299	798	1971	642	618	479	989	466	455	1080	778	585	351	608	474	506	403	1588	209	400	760	1854	544	908	320	1310	2700	575	744	1313	589	472	1521	599	598	703	1603	657	425	409	630	992	580	485	386	469	485	544	1088	40	686	1331	1065	409	1272	575	829	1582	1373	1255	982	517	724	477	795	789	421	762	1060	479	967	667	1013	400	607	1060	527	683	517	324	773	397	887	508	463	584	929	96	945	737	697	630	620	2263	1435	1345	827	675	59	694	409	737	933	1289	456	83	525	830	933	469	1892	964	644	1445	837
804	898	609	810	780	967	133	1118	1101	623	229	715	731	570	891	265	714	727	1537	598	602	916	696	1102	824	876	919	731	1705	877	880	197	0	743	652	774	1146	1499	332	1004	822	891	749	769	739	669	1120	972	2127	341	669	897	892	1388	1388	768	2016	840	1857	252	1123	669	666	842	397	983	780	737	860	582	652	881	2017	2671	399	281	816	1027	642	625	1118	496	756	532	220	817	2113	558	1016	248	911	1195	295	1088	670	75	653	854	827	930	973	2183	1706	1338	179	743	341	496	971	260	743	1118	1133	839	854	1358	551	394	843	1097	873	961	337	972	882	670	1424	916	813	766	328	2673	192	1465	1134	1620	963	1113	774	1488	225	514	662	878	643	470	1181	662	179	1196	954	887	1176	878	310	1091	700	880	426	289	671	2155	839	815	645	1156	618	604	1272	971	769	160	557	642	309	596	1747	376	595	799	1697	642	1099	132	1240	2505	666	901	1126	786	639	1343	795	795	842	1423	815	558	604	822	795	662	652	582	279	289	742	955	231	867	1482	881	604	1117	666	798	1777	1211	1195	1173	658	908	281	992	986	229	933	1045	283	873	841	1008	594	609	1045	719	859	658	260	970	592	1033	654	652	768	808	292	827	892	892	822	817	2460	1262	1204	994	870	241	876	580	892	1118	1149	274	279	722	1026	1118	512	1732	1114	838	1624	1034
