NAME : VRPTW_INSTANCE_45.txt
COMMENT : Bangkok Supermarket
TYPE : VRPTW
DIMENSION : 308
DAYS : Tuesday
EDGE_WEIGHT_TYPE : EXPLICIT
VEHICLES : 41
EDGE_WEIGHT_FORMAT : FULL_MATRIX
CAPACITY : 1000
EDGE_WEIGHT_SECTION
0	263	309	2521	877	264	407	400	1057	78	428	372	1016	976	1120	333	223	1690	101	301	491	199	246	854	204	1203	607	283	178	328	400	1109	197	150	1573	201	172	212	1143	197	135	1119	2233	118	196	1076	237	544	1153	255	941	153	1820	3434	492	207	400	393	705	185	968	111	404	184	522	258	24	352	219	1017	221	540	1023	622	202	395	366	437	418	404	382	196	221	482	1052	346	609	978	438	1321	283	624	1127	33	973	1026	219	1221	996	124	1119	1247	373	2080	1873	658	272	815	349	193	525	759	428	221	412	264	309	1521	91	355	437	464	719	435	996	759	88	447	673	24	203	1170	422	300	83	102	411	556	543	127	2006	372	1126	438	412	379	583	379	991	978	196	401	221	206	583	581	1041	650	284	759	203	1559	154	365	1041	201	1041	543	359	2111	206	1026	1731	820	361	2254	1488	213	500	1136	1843	1321	582	2125	218	153	667	1064	83	203	196	431	182	1532	1880	432	1115	982	201	1231	183	961	202	958	1258	367	435	486	78	408	2103	1727	256	113	207	1185	950	1627	215	103	386	1041	523	255	140	582	976	1149	214	97	887	358	91	600	1031	25	97	595	439	474	1691	347	367	60	255	270	989	204	239	252	67	1989	619	620	25	211	614	83	358	382	205	156	97	1717	436	580	3535	213	407	330	155	1026	409	496	224	51	305	464	88	167	1213	199	504	737	400	394	1055	481	1257	205	1057	208	393	659	1234	1994	201	935	929	359	1213	479	185	609	39	155	358	196
263	0	504	2684	787	528	527	548	1318	184	593	488	1176	1223	1186	82	338	1952	176	367	754	460	507	951	79	1086	871	487	432	463	549	1365	292	115	1682	295	209	308	1156	393	381	1281	2490	239	419	1329	58	767	896	508	1201	131	2052	3563	583	326	464	452	935	447	1213	239	522	444	745	468	261	482	405	1275	482	761	866	730	324	497	326	622	576	522	158	419	65	219	1306	304	853	1036	623	1585	487	887	960	264	1224	1084	406	1484	1255	145	1132	1411	495	2253	2069	396	461	1017	132	451	652	917	552	64	556	528	489	1688	350	488	623	675	746	615	1255	917	175	638	911	261	396	1432	567	484	179	234	565	819	806	389	1887	313	1296	624	571	506	846	506	1252	1036	419	564	482	462	846	844	1292	781	484	917	396	1560	278	485	1292	429	1292	614	493	1869	462	1084	1954	884	622	2368	1377	331	654	919	2033	1585	755	2358	66	410	441	1319	309	395	419	596	441	1701	1794	615	1372	870	295	1391	284	1207	139	1078	1153	317	615	576	184	562	2299	1933	58	158	78	1258	1132	1890	303	233	524	1292	750	508	269	755	1222	1407	400	169	1138	152	350	610	1076	238	169	858	630	285	1580	482	486	257	508	480	956	297	327	513	278	1844	545	755	238	470	676	276	152	162	396	414	169	1890	625	775	3694	333	561	509	407	1084	477	583	337	216	503	675	175	430	1383	460	585	995	548	520	1307	570	1208	327	1318	401	452	817	1120	2257	429	1194	1090	493	1383	565	309	853	253	407	152	419
309	504	0	2646	780	265	663	122	887	359	127	156	1179	971	1367	586	182	1562	399	222	413	298	220	572	478	1110	496	486	185	116	123	1049	222	421	1774	221	482	511	1421	115	342	1277	2142	426	409	1039	507	267	1385	361	873	374	1829	3594	258	188	242	245	435	285	967	420	662	212	246	463	291	128	99	953	305	260	996	347	188	664	358	128	125	662	548	409	492	705	1008	356	650	1235	129	1172	486	513	1107	283	945	1280	99	1105	931	370	1396	1397	148	2197	1957	850	43	931	520	199	761	941	678	491	137	265	535	1659	241	123	128	610	511	126	931	941	358	139	422	291	110	1067	143	524	360	411	122	475	437	251	1889	381	1273	129	635	142	473	142	900	1235	409	623	305	330	473	458	1014	355	493	941	110	1837	456	148	1014	402	1014	319	614	2196	330	1280	1763	1079	373	2441	1374	185	200	1191	1938	1172	765	2125	489	311	778	1014	226	111	409	645	211	1667	1726	122	1052	899	221	1387	226	960	375	1169	1149	371	126	254	359	121	2183	1794	525	358	482	1426	1089	1468	219	275	631	1014	253	361	443	765	971	1080	104	355	869	516	241	433	781	317	355	492	130	574	1571	118	151	270	361	469	1286	221	208	232	251	1907	547	325	317	202	885	243	516	544	110	211	355	1840	127	734	3658	183	121	552	332	1280	239	266	184	352	8	610	358	278	1355	298	279	694	122	149	1025	253	1556	185	887	105	245	352	1136	1846	402	870	1096	614	1355	255	199	650	286	332	516	409
2521	2684	2646	0	3393	2384	2157	2765	2216	2568	2746	2797	1509	1753	1619	2692	2710	1927	2543	2794	2265	2378	2430	3141	2607	3722	2239	2238	2490	2749	2766	1813	2703	2598	1093	2707	2478	2378	1801	2618	2393	1405	1702	2465	2325	1763	2626	2605	3198	2308	1937	2650	1130	1008	2904	2697	2868	2866	2597	2395	1751	2468	2162	2459	2599	2263	2542	2768	2636	1879	2363	2612	3539	2963	2692	2187	2886	2707	2758	2162	2843	2325	2619	2825	1800	2867	1999	1754	2708	2079	2238	2228	3640	2549	1810	1714	2637	1961	1896	2618	1811	1275	2790	450	739	2993	2647	1718	2815	2468	2032	1769	2132	2620	2779	2384	2216	999	2498	2765	2705	2062	3157	2717	1896	1769	2582	2692	2535	2542	2623	1930	2783	2224	2573	2477	2759	2221	2271	2458	4522	2893	1395	2705	2120	2787	2253	2787	1972	1754	2325	2129	2363	2352	2253	2277	1760	2932	2237	1769	2623	1681	2418	2788	1760	2322	1760	2965	2193	4450	2352	1714	1065	1863	2272	615	4003	2702	2801	3593	731	2079	1940	1065	2618	2396	3120	1810	2561	2625	2325	2097	2462	988	4372	2707	1817	3502	2707	1294	2691	1756	2710	1620	3774	2888	2717	2900	2568	2759	573	924	2633	2612	2607	1547	1571	2111	2719	2623	2162	1760	2585	2308	2431	1940	1753	1819	2636	2596	1852	2833	2498	3073	3387	2542	2596	2233	2690	2966	4205	2758	2791	2576	2308	2251	2045	2709	2736	2417	2571	4511	3137	2908	2542	2457	2042	2589	2833	2846	2626	2476	2596	806	2698	1941	1014	2701	2760	2195	2382	1714	2870	2912	2712	2533	2638	2062	2582	2410	1308	2378	2925	2020	2765	2795	1759	2899	2025	2695	2216	2625	2866	2870	3753	2071	2322	1933	1596	2193	1308	2901	2682	1999	2559	2382	2833	2325
877	787	780	3393	0	1022	1273	680	1598	843	720	624	1892	1752	1967	826	684	2284	877	600	1193	1017	977	622	847	331	1269	1158	908	665	680	1821	690	834	2445	686	961	1052	1943	780	1001	1996	2885	953	1070	1817	842	945	1211	1087	1646	769	2609	4311	549	696	539	538	1068	999	1747	949	1269	939	936	1133	855	652	764	1726	1033	936	279	586	701	1252	511	772	700	1269	650	1070	842	784	1784	532	1421	1818	772	1888	1158	1285	380	848	1725	1867	764	1850	1704	799	1919	2123	633	2948	2724	755	766	1676	663	932	1396	1636	1296	840	669	1022	1187	2395	894	657	774	1330	364	759	1704	1636	829	795	1095	855	777	1821	670	1178	839	939	694	1254	1214	935	1129	508	2001	775	1288	640	1247	640	1665	1818	1070	1278	1033	1041	1247	1229	1793	663	1160	1636	777	2345	1002	631	1793	1072	1793	497	1229	1547	1041	1867	2543	1664	1140	3129	610	691	699	593	2701	1888	1459	2905	842	997	531	1789	831	774	1070	1308	936	2405	1010	768	1824	121	686	2108	702	1740	709	1831	381	511	759	550	843	692	2952	2567	845	801	849	2037	1821	2160	674	774	1257	1793	950	1087	987	1459	1752	1849	764	815	1650	641	894	358	533	859	815	1266	792	523	813	662	629	820	1087	1144	1736	683	656	989	823	1128	257	665	859	945	1453	805	641	643	773	919	815	2587	782	1452	4407	692	691	1208	1010	1867	540	540	681	874	787	1330	829	984	2087	1017	527	1474	680	637	1804	547	1977	698	1598	775	538	752	360	2541	1072	1644	1806	1229	2087	542	711	1421	838	1010	641	1070
264	528	265	2384	1022	0	448	387	793	343	380	412	914	746	1124	597	346	1426	361	425	226	84	46	821	466	1354	342	257	119	365	388	858	357	414	1512	359	398	373	1201	242	178	1012	1978	335	208	833	500	367	1416	110	687	410	1602	3328	523	338	486	485	501	88	739	330	449	93	347	240	267	383	257	764	71	367	1212	606	334	460	543	356	386	449	637	208	485	747	806	531	398	1000	357	1056	257	359	1321	266	732	1043	258	958	743	386	1177	1131	406	1936	1703	921	263	667	603	94	525	680	457	484	402	0	311	1394	180	381	355	347	776	363	743	680	352	351	454	267	246	909	408	301	348	328	385	292	278	138	2143	559	1008	355	400	403	318	403	731	1000	208	387	71	108	318	317	801	600	266	680	246	1613	336	404	801	196	801	584	402	2356	108	1043	1526	848	118	2176	1626	341	448	1366	1681	1056	507	1904	481	135	912	816	236	248	208	403	96	1403	1988	354	863	1137	359	1121	349	733	447	912	1399	550	363	518	343	385	1930	1544	518	373	470	1179	823	1362	368	323	411	802	341	110	330	507	746	896	258	360	649	609	180	689	1042	289	360	330	345	710	1825	374	407	281	110	241	1096	361	377	33	263	2151	774	571	289	77	670	274	609	635	249	121	360	1577	349	470	3397	339	385	323	151	1043	487	531	349	313	257	347	352	102	1090	84	543	486	387	413	815	517	1366	335	793	247	485	573	1382	1730	196	681	831	402	1090	518	330	398	278	151	609	208
407	527	663	2157	1273	448	0	777	1104	429	790	767	650	815	714	540	628	1627	396	708	569	377	476	1234	450	1591	673	191	478	719	777	1001	604	445	1172	608	321	223	759	575	321	753	2099	319	254	942	469	815	1233	339	869	505	1579	3044	888	613	806	799	940	385	802	323	5	455	795	208	431	742	598	926	380	815	1387	1006	607	40	763	781	787	5	686	254	462	685	931	742	479	575	782	1313	191	683	1485	439	841	622	599	1175	910	474	734	884	765	1726	1552	866	638	522	657	469	125	392	25	463	791	448	136	1161	430	744	780	251	1124	784	910	392	443	781	888	431	581	1112	800	146	433	333	782	606	628	412	2395	764	770	781	86	768	657	768	939	575	254	92	380	345	657	671	899	1019	182	392	581	1174	271	759	899	262	899	943	48	2358	345	622	1467	418	431	1856	1879	619	863	1441	1512	1313	245	1884	461	352	965	949	476	583	254	110	455	1174	2280	777	1009	1370	608	863	590	797	565	559	1651	761	784	882	429	780	1781	1425	476	471	450	778	613	1613	622	506	39	899	789	339	285	245	815	1048	595	457	757	676	430	1007	1429	420	457	656	774	809	2083	736	761	467	339	206	649	611	646	469	471	2364	1016	989	420	473	223	489	676	689	584	451	457	1364	776	291	3167	619	780	126	331	622	813	894	630	400	656	251	443	387	857	377	903	675	777	782	916	878	919	611	1104	586	799	1007	1623	1947	262	860	564	48	857	877	591	479	446	331	676	254
400	548	122	2765	680	387	777	0	944	433	54	77	1302	1077	1485	630	210	1627	477	200	519	419	342	458	539	1006	589	605	304	85	0	1141	256	486	1896	253	567	610	1532	204	455	1400	2217	517	524	1137	563	290	1397	483	966	427	1931	3715	139	223	164	172	447	405	1073	511	775	332	275	581	378	69	182	1045	427	281	912	229	226	775	325	104	31	775	558	524	550	729	1104	330	767	1351	104	1233	605	605	1023	369	1047	1397	181	1180	1023	431	1507	1519	67	2316	2072	854	138	1052	534	320	879	1064	793	548	14	387	652	1780	347	61	106	733	391	91	1023	1064	428	128	452	378	199	1147	23	641	433	502	20	577	535	365	1776	350	1395	107	754	54	567	54	986	1351	524	741	427	451	567	549	1114	250	611	1064	199	1948	553	75	1114	519	1114	200	728	2137	451	1397	1871	1194	493	2563	1263	218	106	1132	2055	1233	888	2226	547	428	750	1109	316	197	524	764	331	1788	1608	98	1144	801	253	1509	266	1066	410	1290	1041	339	91	136	433	16	2297	1907	580	421	543	1545	1211	1521	244	339	747	1114	287	483	539	888	1077	1169	186	422	974	526	347	324	659	401	422	587	122	555	1459	66	76	350	483	588	1388	251	222	354	334	1801	464	220	401	324	996	322	526	552	196	328	422	1960	113	857	3777	216	15	669	448	1397	156	148	211	436	130	733	428	397	1477	419	161	797	0	48	1125	137	1656	223	943	194	172	270	1031	1902	519	963	1219	728	1477	140	244	767	370	448	526	524
1057	1318	887	2216	1598	793	1104	944	0	1135	894	1017	1120	542	1529	1390	1061	686	1154	1109	574	870	811	1094	1260	1904	455	952	888	994	944	407	1092	1207	1686	1093	1185	1139	1702	961	962	1166	1289	1124	962	472	1294	657	2210	844	341	1195	1171	3222	1055	1061	1108	1114	534	879	552	1120	1108	874	670	953	1057	996	960	363	850	667	1850	1018	1060	1136	1246	841	917	1108	1410	962	1278	1537	438	1243	648	1467	841	290	952	440	1960	1054	470	1492	960	285	355	1174	1682	1222	1006	1782	1477	1706	922	862	1378	867	1100	1043	1097	1277	950	793	996	1385	968	988	839	861	1249	854	355	1043	1143	817	503	1057	960	293	946	991	1140	1119	925	516	517	930	2607	1269	1130	838	1021	995	478	995	274	1467	962	1012	850	879	478	476	491	950	961	1043	960	2058	1115	1012	491	948	491	1103	1079	3080	879	1492	1173	1360	721	2222	2124	1061	900	2074	1491	290	972	1423	1275	923	1662	422	1013	963	962	1003	877	1382	2390	846	402	1719	1093	1234	1091	550	1221	1258	1922	1258	854	1056	1135	929	1665	1291	1312	1161	1264	1551	996	580	1095	1097	1067	490	657	844	1113	972	542	397	964	1149	489	1380	968	1243	1341	1080	1149	469	822	1457	2302	987	1013	1063	844	945	1697	1094	1090	805	1043	2673	1406	940	1080	848	1272	1049	1380	1408	963	904	1149	1490	831	896	3177	1059	929	993	934	1492	1100	1065	1063	1106	882	861	1143	895	1172	870	1077	450	944	992	485	1060	1944	1059	0	958	1114	862	1923	959	948	350	1082	1079	1172	1066	1065	648	1065	934	1380	962
78	184	359	2568	843	343	429	433	1135	0	468	393	1059	1049	1133	255	234	1768	44	299	570	277	324	876	128	1163	686	335	252	354	434	1185	196	72	1602	200	139	213	1140	243	204	1164	2310	110	255	1151	161	608	1076	329	1019	84	1889	3471	507	218	403	394	772	264	1040	106	426	261	586	312	80	377	261	1094	299	603	971	645	214	411	333	485	455	426	309	255	145	403	1128	312	680	988	486	1400	335	703	1073	84	1047	1036	262	1300	1073	51	1116	1293	396	2130	1930	579	318	872	275	269	553	800	452	144	444	343	352	1568	167	381	486	522	717	482	1073	800	14	498	743	80	248	1248	455	344	5	96	447	635	622	205	1968	335	1173	487	449	403	662	403	1069	988	255	440	299	282	662	660	1115	682	334	800	248	1555	159	387	1115	262	1115	552	385	2038	282	1036	1797	831	439	2286	1451	224	537	1069	1898	1400	627	2194	142	228	596	1140	138	248	255	471	259	1580	1851	479	1192	942	200	1275	182	1034	141	988	1222	332	482	500	0	443	2160	1787	179	44	132	1201	1000	1706	213	96	414	1116	588	329	144	627	1049	1226	257	28	961	287	167	591	1038	54	28	674	489	409	1654	374	389	89	329	325	971	203	240	330	109	1943	586	653	54	288	621	115	287	309	249	232	28	1766	486	633	3581	225	443	373	228	1036	413	510	234	37	356	522	14	246	1260	277	516	813	433	419	1130	495	1236	217	1135	253	394	700	1195	2073	262	1013	972	385	1260	492	195	680	76	228	287	255
428	593	127	2746	720	380	790	54	894	468	0	132	1293	1045	1493	676	255	1578	511	253	489	423	337	446	580	1043	552	612	312	134	54	1101	301	525	1893	298	598	635	1548	230	469	1390	2171	546	536	1101	605	238	1450	482	927	469	1897	3702	171	267	217	226	393	410	1042	540	789	337	224	589	408	121	209	1006	428	229	958	225	269	790	380	53	23	789	609	536	592	779	1067	385	747	1362	53	1184	612	567	1069	399	1012	1407	209	1133	984	471	1523	1507	121	2296	2048	907	157	1038	585	324	887	1060	805	590	57	380	661	1765	367	113	55	728	414	39	984	1060	465	76	399	408	225	1102	52	650	469	531	34	544	500	378	1806	405	1384	56	761	108	530	108	945	1362	536	749	428	455	530	511	1079	228	619	1060	225	1964	579	129	1079	529	1079	229	741	2189	455	1407	1840	1206	479	2556	1296	262	73	1183	2032	1184	886	2189	589	438	805	1071	344	224	536	770	336	1772	1632	48	1104	842	298	1498	309	1035	456	1291	1076	394	39	170	468	38	2271	1881	622	461	583	1551	1199	1470	291	377	758	1079	236	482	565	886	1045	1129	214	460	942	577	367	362	661	432	460	550	72	609	1489	117	130	382	482	595	1411	297	270	348	365	1836	512	198	432	325	1012	355	577	604	223	338	460	1942	62	851	3757	260	38	678	459	1407	208	181	256	468	133	728	465	404	1464	423	194	764	54	101	1089	173	1681	266	893	219	226	232	1067	1851	529	925	1211	741	1464	177	286	747	401	459	577	536
372	488	156	2797	624	412	767	77	1017	393	132	0	1320	1128	1480	569	159	1699	437	127	569	429	366	483	488	953	648	606	313	49	78	1201	202	437	1906	199	531	585	1515	193	449	1420	2286	487	521	1194	509	367	1324	497	1026	373	1984	3739	121	175	91	97	525	414	1123	481	765	343	350	581	349	28	171	1105	441	357	845	252	179	761	247	181	108	765	486	521	497	659	1162	253	805	1342	181	1306	606	665	957	340	1101	1389	170	1248	1083	382	1490	1541	11	2348	2112	779	149	1079	463	333	876	1076	785	495	77	412	648	1806	337	33	183	749	367	169	1083	1076	386	205	528	349	187	1213	87	638	392	471	98	630	591	363	1734	273	1418	184	753	23	625	23	1050	1342	521	741	441	460	625	609	1169	294	611	1076	187	1931	527	8	1169	517	1169	178	718	2063	460	1389	1920	1185	525	2579	1218	168	172	1057	2092	1306	898	2281	494	428	672	1167	293	185	521	766	341	1815	1575	175	1204	743	199	1530	214	1116	349	1296	993	262	169	115	393	94	2338	1949	524	374	491	1542	1234	1595	188	296	740	1169	362	497	512	898	1128	1231	173	378	1026	454	337	278	662	369	378	644	198	478	1416	38	5	317	497	589	1360	196	162	379	305	1750	396	266	369	341	982	290	454	480	184	332	378	1990	189	873	3810	167	93	668	447	1389	85	127	159	401	164	749	386	403	1501	429	137	850	77	33	1180	112	1627	175	1017	183	97	330	980	1976	517	1023	1235	718	1501	111	197	805	338	447	454	521
1016	1176	1179	1509	1892	914	650	1302	1120	1059	1293	1320	0	596	452	1188	1215	1366	1033	1299	860	891	959	1724	1098	2219	887	734	1007	1270	1302	798	1203	1088	613	1207	969	869	676	1132	892	104	1684	956	822	714	1119	1208	1798	822	780	1141	1039	2421	1435	1201	1382	1379	1260	907	583	959	654	976	1196	759	1037	1292	1152	782	879	1213	2030	1519	1196	682	1382	1263	1300	654	1335	822	1111	1329	731	1363	588	463	1264	1190	734	883	2130	1044	664	461	1152	1024	782	1108	664	234	1315	1076	916	1505	1172	281	1306	987	527	259	625	1112	1316	914	708	511	1002	1290	1262	571	1687	1272	782	259	1073	1254	1195	1037	1137	958	1322	716	1064	967	1299	842	890	965	3022	1388	124	1262	611	1313	890	1313	855	463	822	619	879	862	890	914	675	1504	732	259	1137	959	909	1311	675	821	675	1496	684	2989	862	461	900	463	816	1262	2503	1206	1358	2091	871	1190	433	1328	1110	900	1615	753	1062	1139	822	588	978	524	2887	1262	807	1998	1207	215	1191	583	1201	209	2274	1383	1272	1430	1059	1299	1143	812	1126	1103	1099	451	124	1431	1220	1119	652	676	1184	822	921	433	596	840	1151	1087	631	1324	1002	1589	1954	1036	1087	874	1250	1456	2706	1283	1314	1072	822	748	794	1210	1240	947	1069	3003	1635	1477	1036	979	574	1087	1324	1338	1140	989	1087	714	1255	446	2521	1206	1299	686	885	461	1386	1443	1217	1025	1171	571	1073	920	209	891	1454	715	1302	1324	689	1428	961	1199	1120	1140	1379	1461	2250	1677	821	771	87	684	209	1429	1184	588	1054	885	1324	822
976	1223	971	1753	1752	746	815	1077	542	1049	1045	1128	596	0	1033	1272	1091	831	1047	1167	558	782	787	1400	1147	2081	501	746	866	1086	1077	211	1103	1109	1143	1106	1033	950	1233	986	844	629	1286	986	803	135	1178	867	2041	721	204	1129	858	2745	1215	1084	1213	1215	844	798	13	985	820	838	866	761	988	1099	997	187	761	875	1957	1244	1080	854	1289	999	1062	820	1358	803	1165	1429	139	1277	370	999	999	597	746	487	2066	991	71	1015	997	433	189	1099	1216	680	1119	1305	1026	1614	987	381	1325	841	754	591	797	1165	1089	746	764	854	913	1095	996	575	1458	1011	189	591	1062	980	783	988	988	365	1091	765	1054	989	1066	500	545	867	2851	1306	591	996	731	1112	519	1112	269	999	803	729	761	770	519	541	89	1201	752	591	988	1553	956	1120	89	793	89	1275	813	3088	770	1015	794	926	629	1693	2341	1087	1088	2108	1023	597	599	1158	1162	824	1644	161	976	991	803	705	841	853	2671	1001	221	1870	1106	692	1095	17	1177	763	2119	1297	1011	1213	1049	1067	1240	849	1193	1089	1149	1043	476	858	1114	1059	788	90	851	721	961	599	0	258	999	1073	103	1335	913	1401	1650	1002	1073	498	980	1448	2535	1090	1122	1012	721	749	1282	1108	1123	775	998	2878	1513	1180	1002	824	906	1012	1335	1358	991	865	1073	982	989	532	2747	1085	1068	750	821	1015	1211	1224	1094	1013	964	575	1062	817	629	782	1238	281	1077	1117	107	1214	1500	1081	542	988	1215	1131	2107	1153	793	197	575	813	629	1217	1076	370	1003	821	1335	803
1120	1186	1367	1619	1967	1124	714	1485	1529	1133	1493	1480	452	1033	0	1166	1342	1818	1095	1422	1155	1070	1162	1939	1120	2273	1217	880	1181	1431	1486	1241	1316	1133	533	1321	1007	920	238	1288	1031	474	2115	1022	960	1159	1128	1474	1579	1015	1201	1201	1431	2407	1602	1327	1520	1513	1565	1082	1019	1027	716	1155	1457	904	1144	1455	1310	1215	1067	1476	2046	1714	1321	725	1466	1477	1493	716	1338	960	1127	1272	1171	1444	920	151	1478	1630	880	1218	2133	1153	1097	103	1310	1466	1211	1172	234	542	1478	1247	1194	1420	1346	668	1317	1168	605	496	695	1128	1499	1124	833	735	1143	1456	1476	794	1838	1482	1211	496	1146	1474	1503	1144	1293	1398	1508	843	1137	1038	1489	1159	1200	1120	3073	1464	523	1476	731	1481	1212	1481	1278	151	960	744	1067	1037	1212	1234	1117	1720	874	496	1293	529	975	1472	1117	966	1117	1657	762	2837	1037	103	1280	303	1061	1204	2564	1333	1565	2034	1131	1630	631	1697	1127	1057	1582	1194	1190	1295	960	723	1156	754	2977	1474	1251	2056	1321	509	1302	1019	1259	272	2339	1463	1482	1596	1133	1487	1396	1146	1128	1172	1119	75	560	1881	1334	1217	740	1118	1448	1015	990	631	1033	1285	1307	1159	1050	1338	1143	1720	2141	1131	1159	1202	1468	1469	2766	1448	1474	1180	1015	897	437	1324	1359	1152	1185	3020	1714	1690	1131	1168	514	1202	1338	1343	1296	1156	1159	928	1471	692	2591	1333	1487	815	1036	103	1527	1607	1344	1108	1360	794	1146	1088	561	1070	1616	1092	1485	1494	1132	1592	528	1325	1529	1297	1513	1697	2307	2129	966	1191	457	762	561	1591	1305	920	1158	1036	1338	960
333	82	586	2692	826	597	540	630	1390	255	676	569	1188	1272	1166	0	421	2016	237	446	822	525	579	1027	131	1112	939	528	507	545	631	1422	375	183	1673	377	240	333	1120	475	440	1292	2547	286	469	1382	97	849	820	568	1260	212	2091	3557	661	409	541	529	1016	514	1262	288	534	517	827	511	335	564	488	1333	547	843	879	808	407	506	393	705	658	534	176	469	112	157	1361	372	902	1015	705	1653	528	955	967	338	1277	1064	488	1548	1313	223	1097	1422	576	2265	2091	342	543	1046	163	525	661	931	564	113	638	597	522	1699	422	570	705	712	813	698	1313	931	248	721	991	335	478	1494	649	518	251	285	648	886	875	460	1908	377	1310	706	594	587	915	587	1314	1015	469	589	547	524	915	914	1344	862	524	931	478	1519	317	566	1344	480	1344	689	511	1830	524	1064	1989	868	685	2358	1403	414	736	902	2052	1653	777	2397	115	473	428	1375	387	477	469	620	514	1712	1826	698	1429	900	377	1401	366	1255	220	1077	1182	382	698	654	255	644	2321	1960	80	235	127	1239	1152	1959	385	314	543	1344	831	568	310	777	1272	1464	482	245	1190	185	422	677	1144	310	245	926	712	307	1604	564	567	335	568	523	910	379	408	585	356	1855	594	835	310	544	664	355	185	182	478	488	245	1903	707	804	3698	415	643	540	468	1064	554	661	420	284	585	712	248	497	1397	525	662	1053	630	602	1359	648	1155	410	1390	483	529	899	1147	2324	480	1253	1103	511	1397	642	391	902	328	468	185	469
223	338	182	2710	684	346	628	210	1061	234	255	159	1215	1091	1342	421	0	1729	278	84	548	332	304	642	330	1015	648	484	228	125	211	1191	45	278	1787	43	373	433	1366	107	324	1317	2300	333	396	1173	353	449	1205	402	1017	216	1949	3637	273	16	177	170	616	315	1085	327	626	257	428	459	199	146	101	1096	349	441	866	411	21	618	198	286	237	626	366	396	340	527	1144	189	743	1201	287	1343	484	665	975	190	1074	1249	101	1267	1074	223	1341	1442	163	2264	2042	668	141	992	339	252	744	963	648	338	219	346	520	1713	213	152	287	647	496	279	1074	963	227	305	604	199	105	1224	230	511	233	317	227	614	584	251	1812	217	1320	289	625	172	623	172	1052	1201	396	614	349	357	623	612	1143	452	488	963	105	1782	375	154	1143	395	1143	321	580	2031	357	1249	1873	1043	465	2465	1293	9	316	1032	2017	1343	784	2250	337	314	601	1153	154	103	396	641	255	1723	1672	280	1196	796	43	1429	56	1078	201	1173	1064	207	279	266	234	223	2270	1887	369	215	333	1407	1139	1641	37	138	605	1144	435	402	360	784	1091	1226	98	218	993	334	213	380	808	215	218	640	296	396	1495	145	155	164	402	469	1204	41	31	316	157	1810	431	424	215	268	837	140	334	362	102	236	218	1903	290	771	3724	9	222	541	330	1249	185	276	2	245	184	647	227	300	1405	332	283	825	210	187	1156	261	1470	17	1060	106	170	480	1044	2019	395	1013	1129	580	1405	258	38	743	186	330	334	396
1690	1952	1562	1927	2284	1426	1627	1627	686	1768	1578	1699	1366	831	1818	2016	1729	0	1779	1784	1200	1491	1454	1761	1885	2588	1087	1521	1535	1673	1627	628	1756	1837	1769	1757	1791	1725	2037	1625	1575	1359	613	1735	1556	697	1919	1343	2822	1449	764	1837	797	2921	1741	1727	1790	1796	1218	1504	845	1732	1632	1516	1355	1530	1694	1676	1627	701	1470	1352	2536	1703	1725	1665	1920	1525	1601	1632	2062	1556	1904	2170	701	1915	1151	1810	1525	396	1521	1070	2647	1693	790	1819	1627	468	717	1812	2022	1347	1688	1560	1243	2348	1594	1206	2029	1512	1580	1418	1612	1903	1634	1426	1552	1377	1607	1669	1523	1377	1933	1539	717	1418	1778	1501	1189	1694	1625	523	1630	1550	1773	1733	1609	1134	1152	1564	3272	1942	1311	1522	1541	1677	1112	1677	703	1810	1556	1537	1470	1492	1112	1119	742	1632	1529	1418	1625	2310	1715	1693	742	1544	742	1789	1617	3758	1492	1819	890	1753	1330	2121	2801	1727	1587	2753	1289	396	1428	932	1901	1543	2327	681	1660	1627	1556	1517	1518	1366	3043	1530	619	2405	1757	1373	1753	849	1872	1561	2603	1931	1539	1742	1768	1612	1356	1079	1936	1800	1888	1812	1265	198	1761	1746	1596	741	1342	1449	1716	1428	831	581	1631	1786	871	2034	1607	1929	2000	1715	1786	1098	1506	2122	2973	1667	1695	1707	1449	1519	2109	1758	1759	1445	1688	3349	2091	1624	1715	1492	1736	1697	2034	2060	1627	1545	1786	1386	1516	1357	2782	1725	1613	1542	1548	1819	1783	1751	1731	1735	1557	1377	1778	1522	1306	1491	1763	969	1627	1675	724	1746	2315	1725	686	1623	1796	1543	2606	321	1544	772	1372	1617	1306	1752	1728	1151	1705	1548	2034	1556
101	176	399	2543	877	361	396	477	1154	44	511	437	1033	1047	1095	237	278	1779	0	343	584	288	346	921	106	1194	702	319	280	398	477	1189	240	62	1568	244	95	175	1098	284	205	1138	2314	77	245	1153	140	643	1055	333	1025	108	1880	3440	552	262	447	438	806	276	1038	74	392	285	621	297	111	421	303	1099	309	639	996	690	258	375	370	526	498	392	317	245	124	391	1130	348	677	949	527	1415	319	718	1097	118	1048	997	303	1311	1079	77	1073	1267	440	2106	1911	571	359	855	284	294	521	774	420	124	488	361	329	1543	192	425	527	507	760	523	1079	774	53	538	775	111	289	1258	499	322	45	66	490	648	638	225	1999	370	1149	528	422	448	678	448	1078	949	245	414	309	287	678	678	1115	726	317	774	289	1512	125	431	1115	254	1115	597	354	2042	287	997	1785	792	448	2253	1483	269	580	1081	1878	1415	603	2186	121	236	606	1143	175	289	245	445	283	1555	1886	520	1196	974	244	1249	226	1031	169	955	1255	368	523	545	44	487	2142	1771	158	76	109	1163	978	1721	257	140	384	1116	622	333	112	603	1047	1231	298	65	961	299	192	633	1082	84	65	689	530	426	1686	418	433	129	333	310	927	247	284	351	148	1971	621	697	84	312	582	156	299	318	290	257	65	1743	526	614	3555	270	486	350	232	997	457	554	279	50	396	507	53	259	1236	288	560	819	477	463	1131	539	1192	262	1154	294	438	743	1227	2086	254	1019	946	354	1236	536	240	677	112	232	299	245
301	367	222	2794	600	425	708	200	1109	299	253	127	1299	1167	1422	446	84	1784	343	0	617	416	381	588	376	932	711	568	308	122	200	1259	105	331	1870	101	438	507	1439	182	408	1402	2361	405	480	1245	393	474	1197	486	1084	262	2025	3721	217	98	103	94	639	399	1161	399	706	338	456	543	277	131	169	1164	432	466	790	363	103	696	136	296	231	706	358	480	383	532	1214	136	823	1279	296	1394	568	728	900	269	1147	1327	169	1325	1142	277	1414	1527	136	2348	2124	654	190	1076	336	332	825	1047	729	381	203	425	604	1797	297	139	297	732	419	285	1142	1047	290	318	635	277	179	1286	213	594	297	389	220	682	649	335	1728	160	1404	299	708	148	686	148	1116	1279	480	697	432	441	686	674	1216	415	571	1047	179	1854	450	127	1216	480	1216	255	661	1974	441	1327	1951	1122	543	2549	1209	92	299	970	2100	1394	869	2325	380	399	560	1222	238	176	480	725	336	1807	1588	289	1264	714	101	1513	119	1154	228	1256	980	149	285	210	299	216	2352	1968	408	272	379	1487	1223	1689	87	206	686	1216	465	486	435	869	1167	1293	168	279	1067	326	297	298	738	290	279	704	310	359	1410	136	127	241	486	553	1271	98	62	393	237	1728	349	389	290	347	914	219	326	353	175	318	279	1987	302	855	3808	93	215	624	414	1327	115	218	82	317	226	732	290	383	1489	416	222	897	200	161	1228	204	1534	100	1108	178	94	458	961	2068	480	1080	1213	661	1489	199	117	823	263	414	326	480
491	754	413	2265	1193	226	569	519	574	570	489	569	860	558	1155	822	548	1200	584	617	0	297	255	880	691	1523	118	394	336	529	519	643	568	640	1473	570	611	567	1273	441	388	947	1756	550	390	627	725	350	1639	271	468	637	1415	3233	657	544	656	658	410	308	554	546	572	316	340	390	494	541	449	547	276	355	1405	699	540	595	746	446	505	572	862	390	709	973	597	737	276	1052	446	830	394	134	1516	493	532	1089	449	732	526	613	1249	1053	560	1814	1559	1148	431	585	829	313	604	668	569	709	531	226	444	1298	407	536	444	369	904	457	526	668	579	429	347	494	442	684	533	437	574	545	508	66	59	364	2295	765	933	443	496	553	96	553	507	1052	390	485	276	305	96	103	600	667	403	668	442	1670	541	562	600	376	600	718	535	2575	305	1089	1352	914	149	2111	1783	545	538	1579	1546	830	525	1712	706	350	1134	605	460	445	390	487	319	1303	2121	447	647	1313	570	1049	563	547	672	910	1560	756	457	655	570	510	1782	1391	742	600	694	1199	751	1136	576	547	530	600	327	271	539	525	558	678	451	587	456	834	407	843	1123	516	587	104	428	930	1978	531	564	507	271	384	1209	571	580	245	488	2319	959	642	516	294	771	498	834	860	445	345	587	1465	436	463	3272	543	510	446	360	1089	653	667	551	538	406	369	579	325	1007	297	680	281	519	558	612	656	1473	541	573	442	658	611	1548	1503	376	464	788	535	1007	659	540	276	505	360	834	390
199	460	298	2378	1017	84	377	419	870	277	423	429	891	782	1070	525	332	1491	288	416	297	0	100	869	394	1348	416	190	116	380	420	909	332	345	1478	335	316	288	1135	241	94	991	2033	254	128	878	428	443	1341	70	742	352	1632	3311	547	321	492	489	583	17	774	250	377	87	423	169	208	401	261	817	21	442	1191	646	316	385	520	407	424	377	581	128	413	678	853	505	420	941	408	1127	190	431	1298	210	775	985	261	1023	796	324	1110	1114	425	1932	1709	856	284	660	547	99	465	646	389	412	434	84	242	1383	131	401	406	320	797	411	796	646	288	406	538	208	246	971	441	232	282	248	421	360	353	85	2144	533	991	407	339	424	392	424	791	941	128	326	21	32	392	393	843	649	198	646	246	1549	252	421	843	117	843	607	330	2308	32	985	1549	786	162	2149	1625	325	494	1326	1684	1127	469	1936	410	53	863	865	196	248	128	347	88	1392	1998	404	915	1129	335	1102	322	767	396	870	1397	526	411	542	277	420	1938	1556	446	312	397	1128	809	1433	346	276	342	844	418	70	247	469	782	949	260	297	690	556	131	699	1079	225	297	402	399	665	1826	393	424	230	70	174	1020	338	361	95	216	2142	763	620	225	98	600	230	556	580	250	98	297	1571	402	444	3392	324	420	257	67	985	496	554	335	243	291	320	288	35	1076	0	565	537	419	436	858	539	1291	318	870	249	489	631	1377	1798	117	735	806	330	1076	540	308	420	222	67	556	128
246	507	220	2430	977	46	476	342	811	324	337	366	959	787	1162	579	304	1454	346	381	255	100	0	780	450	1309	367	287	81	319	343	893	317	396	1555	320	394	380	1233	199	183	1057	2010	330	228	871	484	343	1400	146	721	385	1644	3374	477	297	441	440	487	96	781	325	477	63	322	268	245	337	212	799	96	342	1170	563	293	486	502	315	342	477	608	228	468	726	843	490	443	1036	316	1079	287	383	1279	243	771	1079	213	986	777	363	1208	1177	360	1982	1748	897	217	713	575	58	560	723	487	467	357	46	341	1440	157	335	314	391	730	321	777	723	332	312	445	245	202	939	363	330	328	321	341	322	301	121	2097	519	1053	315	434	357	342	357	762	1036	228	421	96	130	342	337	840	560	295	723	202	1646	338	358	840	217	840	538	429	2321	130	1079	1570	882	162	2221	1580	299	406	1328	1727	1079	549	1945	465	141	879	853	206	204	228	439	65	1449	1942	313	898	1093	320	1167	311	774	418	953	1353	510	321	473	324	340	1975	1589	502	350	454	1218	869	1384	327	292	441	841	318	146	330	549	787	930	213	337	689	580	157	643	998	269	337	356	306	675	1780	328	361	254	146	271	1121	321	335	12	234	2106	730	530	269	38	699	243	580	606	205	92	337	1623	309	515	3443	297	340	354	160	1079	442	485	306	297	212	391	332	102	1136	100	497	523	342	367	853	471	1391	294	811	203	440	536	1337	1754	217	716	876	429	1136	473	290	443	254	160	580	228
854	951	572	3141	622	821	1234	458	1094	876	446	483	1724	1400	1939	1027	642	1761	921	588	880	869	780	0	964	861	903	1058	758	526	457	1405	683	917	2330	679	1014	1066	1990	662	913	1818	2374	970	981	1425	981	536	1691	926	1243	850	2217	4113	371	658	487	498	575	856	1400	964	1233	783	542	1035	831	502	640	1317	873	529	902	231	662	1233	642	465	447	1233	903	981	971	1083	1389	661	1155	1807	464	1372	1058	914	999	822	1353	1853	639	1373	1296	863	1966	1929	481	2690	2424	1156	596	1459	892	770	1333	1500	1250	969	444	821	1107	2178	806	498	466	1168	282	458	1296	1500	869	472	628	831	657	1361	435	1096	875	954	451	920	870	822	1512	663	1807	466	1207	475	888	475	1237	1807	981	1195	873	901	888	864	1414	221	1065	1500	657	2407	1008	489	1414	974	1414	338	1185	2168	901	1853	2182	1651	908	2985	1043	651	374	1207	2416	1372	1329	2493	969	883	982	1387	772	655	981	1216	783	2184	1297	467	1405	726	679	1923	696	1394	815	1733	860	655	458	378	876	454	2641	2249	995	856	967	1997	1623	1613	666	780	1203	1414	556	926	994	1329	1400	1421	643	860	1297	875	806	392	252	852	860	908	476	840	1211	507	488	800	926	1041	1843	676	639	790	787	1590	575	249	852	771	1455	773	875	897	654	784	860	2345	472	1289	4144	650	454	1124	904	1853	474	369	641	885	579	1168	869	850	1884	869	366	1124	458	460	1420	384	2110	658	1094	652	498	270	872	1987	974	1244	1645	1185	1884	388	680	1155	821	904	875	981
204	79	478	2607	847	466	450	539	1260	128	580	488	1098	1147	1120	131	330	1885	106	376	691	394	450	964	0	1153	809	408	380	455	540	1293	285	57	1611	289	129	229	1100	363	310	1202	2418	161	343	1255	33	734	950	437	1130	114	1974	3490	593	316	478	467	899	383	1137	161	445	388	711	389	208	477	379	1203	416	729	939	737	312	421	363	602	564	445	236	343	18	286	1233	341	777	971	603	1522	408	825	1035	213	1150	1019	379	1417	1183	109	1076	1333	493	2174	1989	468	436	937	207	397	575	839	474	18	549	466	409	1609	294	482	603	596	777	597	1183	839	124	616	871	208	368	1363	560	404	125	157	555	755	745	330	1956	355	1217	604	491	502	784	502	1183	971	343	485	416	393	784	784	1217	782	405	839	368	1509	198	483	1217	353	1217	630	414	1947	393	1019	1875	817	554	2297	1444	321	645	999	1954	1522	675	2279	15	342	521	1247	265	367	343	517	386	1622	1857	596	1300	935	289	1313	274	1131	155	1004	1218	357	597	586	128	551	2220	1853	52	120	3	1191	1052	1828	300	204	446	1217	714	437	189	675	1147	1335	374	124	1063	226	294	644	1105	182	124	796	608	360	1647	475	485	214	437	402	911	291	326	456	235	1917	599	754	182	415	607	237	226	239	368	360	124	1811	603	695	3617	323	550	429	337	1019	490	594	330	153	476	596	124	366	1304	394	598	924	539	517	1232	580	1168	316	1260	372	467	809	1187	2193	353	1123	1012	414	1304	575	295	777	204	337	226	343
1203	1086	1110	3722	331	1354	1591	1006	1904	1163	1043	953	2219	2081	2273	1112	1015	2588	1194	932	1523	1348	1309	861	1153	0	1595	1485	1240	996	1006	2145	1019	1146	2762	1015	1273	1368	2232	1112	1329	2322	3194	1271	1397	2144	1144	1260	1321	1417	1971	1085	2937	4634	872	1026	870	869	1370	1330	2077	1268	1587	1270	1253	1460	1181	982	1096	2050	1364	1250	276	885	1031	1568	837	1094	1024	1587	937	1397	1146	1041	2111	856	1752	2122	1094	2192	1485	1611	272	1174	2053	2171	1096	2164	2028	1117	2209	2450	962	3278	3056	965	1097	2007	956	1264	1715	1961	1614	1144	995	1354	1511	2723	1224	986	1096	1659	655	1081	2028	1961	1149	1116	1403	1181	1108	2139	995	1503	1158	1258	1019	1583	1541	1265	804	830	2329	1097	1611	969	1573	969	1987	2122	1397	1602	1364	1372	1573	1555	2121	956	1487	1961	1108	2625	1320	961	2121	1399	2121	815	1548	1349	1372	2171	2873	1971	1471	3447	291	1022	1015	557	3032	2192	1785	3232	1146	1326	744	2115	1160	1105	1397	1632	1268	2734	718	1091	2148	221	1015	2434	1031	2070	1025	2150	81	835	1081	873	1163	1017	3284	2898	1144	1120	1154	2344	2150	2455	1003	1100	1578	2121	1267	1417	1306	1785	2081	2172	1096	1135	1979	935	1224	681	687	1183	1135	1593	1113	806	493	992	959	1146	1417	1472	2014	1012	987	1321	1150	797	585	963	1183	1277	1761	1133	935	931	1105	1250	1135	2916	1104	1780	4736	1023	1017	1533	1339	2171	871	862	1012	1195	1117	1659	1149	1314	2415	1348	849	1803	1006	965	2131	871	2241	1029	1904	1107	869	1045	35	2833	1399	1969	2132	1548	2415	867	1041	1752	1164	1339	935	1397
607	871	496	2239	1269	342	673	589	455	686	552	648	887	501	1217	939	648	1087	702	711	118	416	367	903	809	1595	0	506	447	613	589	552	671	757	1499	673	730	685	1350	542	507	966	1652	669	507	548	843	367	1757	389	377	751	1345	3218	723	645	738	742	375	426	499	665	677	429	365	503	610	622	546	457	395	375	1493	743	642	701	844	503	570	677	974	507	827	1090	515	837	303	1123	503	713	506	17	1604	608	462	1158	547	621	435	728	1328	1062	638	1789	1522	1263	521	606	941	425	695	722	670	826	600	342	553	1292	522	616	500	453	961	515	435	722	695	483	310	610	542	576	600	547	691	664	576	66	65	481	2354	864	945	500	596	630	25	630	405	1123	507	586	395	424	25	40	527	700	515	722	542	1739	660	641	527	494	527	781	642	2679	424	1158	1293	993	266	2118	1847	645	589	1680	1513	713	598	1637	824	469	1241	519	573	545	507	583	432	1296	2170	505	556	1390	673	1061	667	493	784	962	1628	854	515	722	686	578	1740	1348	860	716	812	1256	770	1019	678	659	635	528	350	389	658	598	501	583	549	702	397	946	522	913	1151	632	702	16	484	1036	2039	612	643	621	389	497	1302	674	679	358	601	2388	1044	679	632	405	865	610	946	972	545	459	702	1448	493	528	3241	644	578	553	479	1158	734	733	650	656	490	453	695	442	1013	416	746	221	589	632	537	724	1563	642	455	541	742	633	1619	1387	494	374	822	642	1013	728	644	303	620	479	946	507
283	487	486	2238	1158	257	191	605	952	335	612	606	734	746	880	528	484	1521	319	568	394	190	287	1058	408	1485	506	0	300	556	605	908	470	380	1303	474	288	205	945	412	160	837	2028	248	88	861	437	624	1303	148	757	419	1565	3154	726	470	657	652	750	202	735	248	192	274	604	25	304	579	434	824	191	624	1305	833	465	207	648	598	612	192	636	88	425	685	843	629	379	750	599	1183	0	517	1408	311	757	795	435	1058	805	387	921	965	603	1797	1594	870	467	536	604	288	275	479	200	426	619	257	54	1238	272	579	597	188	971	602	805	479	349	597	699	304	418	998	627	45	341	254	608	440	454	242	2288	655	843	598	149	604	487	604	820	750	88	136	191	158	487	497	821	840	9	479	418	1359	211	598	821	89	821	784	147	2356	158	795	1467	596	248	1980	1769	475	684	1401	1563	1183	301	1871	423	177	925	859	330	420	88	160	275	1249	2156	595	916	1264	474	949	457	729	477	691	1540	650	602	720	335	606	1824	1452	451	379	410	940	667	1487	487	385	154	822	598	148	219	301	746	952	432	363	669	618	272	863	1263	304	363	489	590	744	1972	571	600	338	148	16	840	477	507	280	335	2273	901	810	304	288	413	353	618	637	421	276	363	1434	593	298	3252	475	606	67	158	795	663	732	486	299	479	188	349	207	930	190	743	552	605	617	837	717	1110	468	952	422	652	822	1516	1837	89	749	647	147	930	717	451	379	320	158	618	88
178	432	185	2490	908	119	478	304	888	252	312	313	1007	866	1181	507	228	1535	280	308	336	116	81	758	380	1240	447	300	0	263	305	975	237	324	1594	240	340	346	1237	128	160	1107	2092	278	223	952	413	374	1327	184	803	307	1722	3427	430	219	378	375	531	101	859	272	478	30	352	277	172	285	146	880	128	371	1093	532	215	481	423	303	311	478	527	223	398	650	924	411	515	1049	304	1159	300	464	1202	168	851	1095	146	1068	859	286	1212	1230	308	2043	1816	818	167	772	494	25	576	763	493	397	319	119	349	1497	87	284	302	436	680	305	859	763	258	305	496	172	132	1021	327	338	256	266	307	403	382	71	2033	439	1106	303	450	308	422	308	844	1049	223	437	128	147	422	417	920	540	307	763	132	1653	295	304	920	216	920	490	429	2239	147	1095	1644	894	237	2266	1514	222	385	1247	1793	1159	585	2023	394	126	797	934	125	135	223	460	28	1506	1884	299	980	1022	240	1218	230	852	337	986	1287	431	305	425	252	305	2044	1659	432	274	384	1241	923	1463	248	212	446	921	351	184	285	585	866	1012	145	262	769	498	87	584	964	198	262	436	298	593	1715	276	307	175	184	284	1109	242	258	92	155	2036	658	510	198	43	701	162	498	525	136	28	262	1683	299	560	3504	221	305	366	147	1095	380	437	230	229	178	436	258	93	1190	116	448	605	304	320	934	423	1380	216	887	134	375	530	1268	1834	216	797	922	429	1190	423	210	515	178	147	498	223
