NAME : VRPTW_INSTANCE_107.txt
COMMENT : Bangkok Supermarket
TYPE : VRPTW
DIMENSION : 259
DAYS : Monday
EDGE_WEIGHT_TYPE : EXPLICIT
VEHICLES : 34
EDGE_WEIGHT_FORMAT : FULL_MATRIX
CAPACITY : 1000
EDGE_WEIGHT_SECTION
0	124	2195	978	618	1909	412	400	202	648	350	307	1161	1005	451	491	418	183	312	535	1057	376	153	202	284	1627	3926	283	404	236	400	2006	1571	2232	198	400	304	960	155	448	1406	215	2370	214	373	341	451	211	982	2079	185	608	875	991	309	97	85	38	1506	135	840	215	1324	288	154	197	1896	1405	216	119	578	1994	374	355	431	835	253	859	404	83	153	902	118	1026	1003	262	97	1122	94	46	1668	584	24	1082	366	585	737	352	260	1727	559	770	977	37	235	978	359	362	307	154	587	499	346	446	367	248	1221	620	1428	1658	422	1321	351	502	933	308	133	1927	432	170	438	154	1641	1190	133	88	133	400	305	497	346	431	1126	221	606	810	364	199	495	418	1658	437	968	284	1896	176	1614	101	122	437	852	254	1970	369	205	650	214	26	481	213	330	1414	622	609	592	481	441	865	491	851	355	364	3880	118	370	967	3189	855	101	547	780	215	196	322	255	582	205	2083	417	550	385	547	193	436	395	1178	474	622	345	1083	379	1917	362	588	815	2143	170	346	1133	394	422	875	128	119	213	1321	677	198	413	39	1122	73	91	1078	308	307	330	388	444	1025	97	351	79	152	1190	379	491	358	203	155	1065	1068	1300	556	248	25	255	312	535
124	0	2096	857	614	2017	328	452	319	753	468	426	1055	886	496	405	463	304	339	517	972	496	274	326	171	1533	3810	403	323	330	490	1914	1458	2133	302	452	180	1079	38	569	1527	265	2247	271	442	463	496	169	868	1957	97	517	814	884	340	217	141	156	1438	11	725	272	1209	319	150	293	1975	1362	309	238	636	1895	447	421	319	723	211	899	525	160	50	860	152	946	890	292	136	1021	152	128	1553	500	140	980	437	631	615	253	374	1603	451	891	898	151	335	867	275	481	229	150	492	573	464	567	485	176	1118	665	1328	1555	473	1209	417	576	824	336	38	2035	308	291	462	150	1527	1078	38	205	172	453	333	571	464	319	1009	122	482	700	435	103	409	463	1539	464	847	171	1783	135	1736	194	240	462	953	352	1848	487	260	696	307	136	554	270	225	1529	660	488	685	556	317	749	404	761	421	434	3756	152	438	911	3071	733	173	576	659	272	80	358	348	469	258	1970	315	427	505	576	145	458	323	1075	598	660	240	966	492	1817	481	706	693	2043	291	412	1020	458	439	978	245	238	307	1272	614	302	501	157	1238	133	107	961	336	336	225	507	468	915	217	412	129	176	1078	444	405	479	257	129	952	952	1183	485	176	148	138	339	520
2195	2096	0	1382	2549	4099	1784	2527	2394	2475	2535	2382	2021	1763	2559	2135	2529	2313	2399	2443	2274	2436	2291	2350	1926	2385	1927	2369	1793	2225	2587	2632	1946	2627	2393	2527	1948	3121	2088	2495	3534	2354	1700	2362	2532	2511	2559	2202	1271	1015	2123	2119	2403	2000	2405	2246	2136	2234	904	2089	1409	2364	992	2388	2059	2387	4053	1224	2405	2258	2135	2477	2539	2509	1779	1916	2220	2915	2577	2255	2107	1486	2108	1204	1900	2363	2232	2090	2249	2165	721	2165	2218	2079	2528	2068	1763	1844	2453	1178	1648	2758	1252	2231	2428	1926	1835	2543	2151	2059	2095	2664	2531	2510	2551	2157	2089	2711	2187	2238	2545	1923	2505	2666	1956	2399	2069	4118	1894	2356	2497	2059	1943	1067	2069	2232	2265	2528	2397	2662	2531	1779	1179	2100	1736	1409	2526	2108	2138	2529	861	2504	1726	1926	2045	2190	3506	2183	2256	2498	2568	2446	1062	2552	2351	2742	2403	2188	2644	2361	1871	3167	2694	1829	2356	2647	1846	1391	2132	1347	2509	2525	2308	2108	2527	2492	1297	1708	2269	2601	1529	2364	2017	2426	2228	1639	2349	496	1781	1823	2446	2601	2187	2491	1808	2073	2569	2694	1856	1211	2570	280	2543	2761	1519	2544	2356	2502	1892	2544	2466	2600	2255	2258	2402	1195	1568	2393	2598	2234	3297	2143	2203	1214	2399	2400	1871	2568	2503	1926	2246	2498	2134	2084	1067	2532	2135	2437	2348	2200	1901	1807	1039	2227	2157	2210	2044	2400	2452
978	857	1382	0	1181	2849	656	1215	1176	1504	1324	1255	751	447	1236	768	1210	1146	1087	1079	936	1323	1117	1175	698	1242	2965	1234	670	1116	1314	1593	929	1718	1152	1215	678	1935	833	1395	2384	1071	1467	1082	1238	1320	1236	903	187	1101	842	738	1025	668	1095	1061	955	1013	1059	846	203	1084	397	1082	896	1137	2706	1195	1152	1080	1239	1497	1249	1214	564	546	907	1554	1382	1010	845	888	939	636	578	1062	975	794	996	967	732	786	997	770	1236	1190	380	658	1229	762	465	1712	626	1008	1181	594	687	1338	825	896	716	1363	1321	1400	1341	849	833	1369	1006	1163	1229	756	1210	1364	608	1088	846	2864	574	1148	1163	896	976	325	846	1047	998	1216	1086	1361	1321	564	204	809	393	283	1234	825	769	1210	690	1171	393	698	1208	904	2553	1014	1080	1164	1675	1196	994	1344	1073	1399	1149	984	1342	1082	665	2298	1348	460	1401	1348	545	182	765	493	1214	1233	2907	939	1232	1119	2223	334	1018	1255	198	1084	781	1116	1128	421	1069	1150	598	474	1333	1255	895	1156	702	802	1441	1348	652	176	1344	1108	1338	1563	165	1622	1148	1209	628	1244	1130	1705	1083	1080	1149	1082	686	1152	1322	1014	2089	956	948	175	1088	1090	665	1364	1168	611	1061	1200	948	932	325	1234	768	1312	1069	921	604	520	357	852	849	1001	755	1088	1088
618	614	2549	1181	0	1766	910	305	591	1163	636	806	927	948	261	414	274	710	314	108	685	850	695	693	727	1247	4099	786	910	827	462	1592	1360	1854	532	305	665	1045	592	898	1479	417	2289	424	372	682	261	445	1277	2182	529	456	416	791	320	674	701	600	2003	611	1142	425	1578	339	752	506	1529	1963	497	686	1186	1629	387	366	838	736	406	375	693	539	571	1466	730	1497	862	361	521	853	524	663	1911	403	602	822	380	1200	808	821	581	1796	954	1148	1454	595	514	827	863	652	434	752	471	391	635	879	645	458	948	251	1112	1337	292	1124	366	389	775	318	652	1777	669	616	205	752	1433	1483	652	676	485	304	322	391	635	838	1378	529	812	1156	380	535	412	274	1850	213	946	727	1665	478	1899	714	692	208	1362	505	2061	648	430	269	496	643	380	425	785	1807	218	722	1148	391	724	1159	417	1295	366	379	3898	730	369	460	3356	897	522	164	1019	425	662	315	844	943	428	2326	863	725	853	164	469	203	920	915	860	218	796	1341	603	2269	652	770	1031	1777	616	372	971	350	205	1376	699	686	496	1867	1206	532	454	600	1133	688	536	1338	318	321	785	665	202	864	674	354	692	764	1483	359	414	824	430	487	910	967	1538	333	458	630	571	314	101
1909	2017	4099	2849	1766	0	2316	1637	1708	1748	1564	1726	2686	2706	1625	2123	1647	1786	1764	1839	2416	1680	1808	1749	2188	2907	5814	1736	2307	1882	1536	3177	3110	3460	1715	1637	2183	993	2032	1632	696	1779	4054	1768	1611	1588	1625	1945	2884	3920	2011	2203	2143	2557	1756	1853	1963	1871	3339	2026	2740	1766	3222	1767	2040	1724	716	3149	1708	1840	2067	3267	1600	1634	2337	2494	1941	1431	1522	1857	2016	2691	1991	2906	2628	1786	1886	2607	1867	1936	3567	2149	1886	2580	1612	2129	2520	2262	1649	3541	2467	1452	2857	1874	1682	2593	2265	1556	2026	2040	2209	1488	1568	1612	1548	1999	2696	1525	2831	3036	1625	2885	1638	1487	2541	1763	2039	27	2274	1745	1706	2040	3182	3095	2039	1867	1858	1637	1764	1489	1568	2337	3020	2042	2455	2717	1614	2028	2123	1647	3539	1696	2697	2188	3398	1947	1255	1916	1843	1703	1772	1665	3802	1547	1778	1501	1710	1913	1508	1769	2239	1546	1554	2405	1854	1502	2308	2763	2126	2752	1634	1615	5664	1991	1616	2137	5071	2626	1845	1636	2657	1766	2097	1735	1881	2486	1781	3985	2327	2376	1671	1636	1955	1713	2291	2668	1549	1554	2254	2977	1531	3823	1556	1339	2684	3404	1745	1639	2738	1606	1738	1750	1843	1840	1711	3097	2541	1715	1528	1870	810	1957	1915	2973	1763	1760	2239	1531	1701	2630	1853	1648	1966	2015	3095	1614	2123	1675	1782	1931	2677	2732	3192	2078	1999	1892	2097	1762	1828
412	328	1784	656	910	2316	0	780	610	848	752	626	1093	848	823	590	790	537	663	805	1099	690	512	572	182	1607	3544	608	14	475	810	1989	1437	2177	611	780	253	1350	333	758	1783	594	2115	599	770	731	823	475	608	1741	387	667	1013	933	666	463	353	451	1111	324	477	600	949	645	277	608	2302	1053	626	478	598	1941	774	749	134	753	509	1222	797	479	355	560	326	618	902	619	462	1084	476	380	1285	677	436	1044	764	559	569	90	669	1417	190	1067	570	449	647	890	53	761	479	277	636	900	748	767	768	452	1169	990	1380	1592	801	1204	745	903	862	661	295	2335	330	572	783	277	1500	805	295	449	500	781	659	898	748	134	762	381	391	427	762	378	594	790	1294	786	795	182	1753	450	1901	403	475	783	1021	666	1641	770	588	1021	624	405	881	598	126	1642	983	473	746	883	282	503	587	439	749	762	3553	326	765	1118	2812	668	495	896	470	600	257	685	484	236	587	1694	83	399	700	896	453	778	48	1126	817	983	117	718	786	1506	761	982	513	2083	572	740	1020	786	757	1051	476	478	624	957	295	611	823	451	1520	359	434	713	661	662	126	786	789	934	463	741	350	306	805	772	590	684	585	452	961	928	931	695	452	426	339	664	811
400	452	2527	1215	305	1637	780	0	305	863	331	514	1143	1090	55	496	31	434	129	287	944	551	427	410	611	1521	4178	496	775	563	164	1878	1578	2132	251	0	578	801	448	595	1252	188	2470	186	67	378	55	324	1270	2283	405	593	693	986	122	422	485	369	1890	455	1126	185	1599	139	553	231	1529	1804	216	428	921	1902	82	62	751	884	310	459	388	317	428	1300	517	1397	1036	164	321	1079	312	445	1942	543	377	1044	75	945	883	701	283	1907	882	844	1350	366	224	1004	728	347	390	553	591	149	330	576	339	372	1180	221	1363	1594	22	1332	64	150	952	129	487	1652	645	337	107	553	1652	1482	487	428	281	0	130	148	330	751	1395	427	822	1118	75	419	497	31	1905	96	1073	611	1896	338	1617	477	434	104	1059	211	2167	342	196	250	216	420	129	187	669	1506	225	767	857	137	686	1148	498	1208	62	73	4046	517	64	754	3435	992	299	169	1029	185	524	101	578	888	197	2362	758	741	553	169	340	113	775	1142	555	225	683	1354	298	2247	347	482	1052	2052	337	71	1159	48	127	1073	440	428	216	1717	1064	251	159	369	919	472	347	1350	129	127	669	360	107	1047	422	56	479	552	1482	54	496	526	199	331	1093	1130	1565	478	372	401	483	127	279
202	319	2394	1176	591	1708	610	305	0	575	148	214	1290	1167	360	606	333	133	287	538	1145	264	133	105	486	1725	4128	194	601	266	232	2097	1713	2336	60	305	498	759	343	323	1208	195	2544	183	251	150	360	322	1185	2275	347	722	928	1122	278	155	259	164	1684	329	1042	182	1527	264	336	87	1718	1561	94	150	619	2101	243	243	633	981	349	745	207	170	332	1062	289	1215	1147	252	210	1241	188	229	1870	686	181	1202	242	646	912	554	59	1918	761	623	1166	169	81	1119	558	161	430	336	708	349	145	310	165	378	1342	513	1542	1774	325	1462	242	353	1071	282	335	1726	616	42	387	336	1785	1393	335	168	203	306	279	347	145	633	1328	384	796	1013	240	364	608	333	1858	380	1135	486	2038	301	1453	221	155	385	778	95	2165	168	183	538	96	205	336	183	533	1285	525	784	557	332	633	1067	606	1048	243	241	4071	289	250	1007	3390	1030	167	474	978	182	397	278	279	785	186	2286	620	732	269	474	317	389	587	1300	315	525	548	1284	177	2116	161	387	1011	2251	42	234	1277	276	386	795	159	150	95	1483	858	60	247	164	920	251	233	1280	282	279	533	188	391	1167	155	249	260	318	1393	261	606	239	185	279	1209	1224	1501	641	378	184	431	286	534
648	753	2475	1504	1163	1748	848	863	575	0	541	363	1808	1631	915	1139	894	481	863	1114	1701	313	506	484	847	2275	4329	386	834	423	731	2652	2209	2881	636	863	907	776	791	271	1096	768	2958	756	799	489	915	853	1443	2582	833	1256	1499	1637	854	553	613	638	1636	764	1322	755	1773	839	641	663	1978	1412	670	533	341	2643	787	801	950	1476	891	1244	502	689	795	995	611	1280	1643	826	727	1771	710	626	2093	1230	647	1730	790	408	1351	856	582	2265	1039	298	1235	645	650	1620	819	529	955	641	1236	846	541	294	539	896	1869	1039	2077	2306	881	1961	800	849	1577	858	738	1772	1045	560	958	641	2278	1623	738	560	743	864	855	845	541	950	1599	868	1192	1262	790	846	1143	894	2123	950	1587	847	2534	820	1064	559	529	955	204	657	2485	536	755	1057	671	626	843	756	858	795	1060	1228	119	835	1033	1347	1139	1187	801	791	4394	611	801	1581	3611	1466	698	1030	1316	755	795	853	406	1083	758	2482	910	1159	310	1030	838	960	802	1826	337	1060	868	1556	588	2217	529	564	1358	2792	560	793	1772	824	960	226	522	533	671	1372	934	636	744	637	957	620	734	1551	858	855	858	526	960	1668	553	810	624	603	1623	812	1139	339	756	798	1705	1700	1763	1196	896	624	892	862	1110
350	468	2535	1324	636	1564	752	331	148	541	0	230	1409	1303	379	727	362	230	368	606	1245	241	247	191	634	1826	4277	224	742	351	189	2191	1838	2438	179	331	646	610	491	270	1060	303	2684	289	264	53	379	456	1333	2423	491	841	1010	1244	358	289	398	313	1808	478	1191	288	1675	351	475	201	1606	1667	194	277	667	2204	250	271	781	1112	476	711	66	316	480	1174	426	1349	1276	349	354	1356	332	373	2018	801	329	1317	255	706	1054	700	97	2064	908	520	1300	317	163	1247	701	17	562	475	830	306	3	248	17	513	1457	498	1652	1884	346	1587	271	310	1197	364	483	1583	762	181	434	475	1910	1541	483	302	340	331	362	305	3	781	1476	527	943	1160	256	508	730	362	2007	424	1273	634	2161	440	1327	352	280	431	732	157	2312	19	294	517	196	350	302	290	680	1185	518	927	554	294	781	1215	728	1187	271	257	4217	426	267	1079	3539	1171	310	492	1127	288	545	349	358	933	298	2433	766	877	240	492	454	438	726	1416	223	518	695	1433	52	2258	17	238	1160	2354	181	265	1405	287	444	744	281	277	196	1596	987	179	203	312	772	392	379	1428	364	360	680	41	435	1293	289	283	401	451	1541	277	727	217	297	419	1336	1356	1650	748	513	331	577	367	600
307	426	2382	1255	806	1726	626	514	214	363	230	0	1465	1312	568	786	543	125	500	752	1342	69	154	121	559	1919	4170	24	614	157	406	2294	1878	2527	274	514	600	739	461	142	1159	404	2672	393	454	179	568	498	1232	2355	492	904	1136	1295	492	210	302	288	1617	438	1096	392	1574	477	359	301	1821	1457	309	188	436	2291	444	451	691	1142	533	933	231	331	460	974	315	1182	1310	462	372	1422	353	299	1912	874	299	1382	445	477	1042	600	232	2013	806	465	1133	295	292	1284	582	226	603	359	886	528	228	144	237	545	1522	710	1727	1958	533	1628	450	531	1239	495	423	1747	734	196	601	359	1948	1432	423	221	383	514	492	526	228	691	1384	528	901	1052	444	506	790	543	1917	594	1274	559	2203	467	1311	242	186	599	567	303	2250	236	391	732	310	290	520	393	590	1107	726	914	343	513	736	1122	787	1040	451	445	4162	315	455	1217	3438	1160	339	683	1058	392	486	492	155	840	394	2319	663	853	79	683	485	603	590	1480	191	726	603	1340	283	2110	226	392	1096	2440	196	443	1440	479	601	586	181	188	310	1391	816	274	421	287	917	303	383	1335	495	492	590	238	604	1332	210	458	311	324	1432	466	786	57	392	444	1372	1376	1555	836	545	281	562	499	748
1161	1055	2021	751	927	2686	1093	1143	1290	1808	1409	1465	0	304	1128	684	1120	1339	1051	875	300	1531	1311	1349	995	520	3289	1441	1104	1386	1299	898	436	1088	1238	1143	919	1943	1017	1601	2390	1106	1369	1120	1198	1434	1128	970	935	1377	975	568	549	170	1062	1258	1196	1177	1811	1044	886	1121	1057	1064	1181	1212	2363	1926	1216	1279	1657	850	1214	1179	958	342	941	1259	1476	1135	1012	1545	1202	1364	195	1061	1094	85	1114	1181	1302	609	1166	105	1203	1632	532	1030	1318	995	963	1913	1344	1170	1247	202	1086	1427	863	1181	582	1279	1407	1593	1424	920	83	1177	287	503	1144	198	1177	1278	234	1055	1073	2695	787	1285	1043	1181	509	1051	1073	1250	1089	1143	1056	1278	1407	958	924	940	709	958	1201	962	681	1120	1183	1055	363	995	753	998	2737	1248	1283	1046	2009	1252	1255	1428	1116	1196	1214	1182	1262	1120	1010	2571	1145	620	1739	1271	820	880	683	1185	1179	1200	2996	1202	1193	586	2557	466	1131	1076	757	1121	1022	1076	1404	913	1112	1664	1009	694	1539	1076	980	1036	1136	52	1606	1145	1006	914	1401	1769	1427	1615	726	995	1285	1180	129	1189	1017	2033	1289	1279	1214	1813	1286	1238	1298	1178	2050	1188	1081	915	1055	1058	1010	1449	1046	160	1258	1163	1184	1217	1051	1188	684	1511	1113	1021	149	231	1006	667	920	1187	917	1053	885
1005	886	1763	447	948	2706	848	1090	1167	1631	1303	1312	304	0	1091	594	1074	1188	977	867	510	1382	1158	1205	787	812	3161	1289	861	1209	1229	1180	589	1341	1124	1090	723	1881	851	1454	2336	1005	1383	1019	1134	1317	1091	846	631	1238	825	503	667	236	987	1102	1021	1029	1506	874	584	1021	780	983	990	1101	2460	1623	1110	1123	1438	1108	1149	1112	717	211	828	1315	1368	1000	852	1256	1019	1061	137	973	958	348	980	1015	1058	556	1015	326	1137	1405	283	801	1206	851	695	1775	1042	1022	1141	163	853	1319	741	990	500	1238	1300	1451	1319	790	388	1181	575	761	1097	358	1109	1238	198	980	895	2718	585	1153	1007	990	654	756	895	1091	964	1091	980	1237	1300	717	629	788	458	658	1134	809	594	1074	959	1017	60	787	909	865	2617	1078	1126	1009	1824	1151	1117	1322	1012	1205	1107	1021	1219	1018	787	2416	1152	403	1548	1227	601	577	593	886	1112	1133	2960	1019	1129	743	2419	182	1000	1069	461	1021	836	1006	1225	643	1008	1447	767	472	1390	1069	850	999	895	354	1475	1152	781	615	1306	1502	1319	1528	427	1245	1153	1111	190	1131	976	1851	1131	1123	1107	1510	1008	1124	1232	1030	2010	1016	939	615	980	983	787	1344	1011	167	1102	1097	1010	1027	756	1127	594	1364	1009	888	156	83	729	628	790	1031	750	979	878
451	496	2559	1236	261	1625	823	55	360	915	379	568	1128	1091	0	500	33	490	161	259	918	604	482	465	651	1492	4195	551	819	619	201	1845	1565	2102	306	55	613	815	490	646	1262	237	2466	236	115	427	0	358	1297	2295	443	589	662	976	157	477	536	421	1934	499	1155	236	1623	177	603	286	1494	1853	271	483	977	1874	128	116	788	882	339	407	433	368	469	1349	569	1438	1030	204	369	1062	362	497	1966	538	429	1028	124	1000	895	742	336	1916	917	886	1392	418	279	997	771	394	413	603	590	150	378	626	386	402	1162	170	1341	1570	34	1320	118	149	945	162	532	1638	671	393	85	603	1638	1509	532	483	329	54	165	149	378	788	1419	461	844	1150	125	456	500	33	1924	74	1077	651	1880	376	1646	530	489	82	1110	266	2177	389	246	200	271	472	133	237	710	1546	171	783	911	143	714	1175	502	1248	116	123	4050	569	114	717	3451	1001	350	115	1053	236	566	138	634	921	246	2385	798	761	605	115	376	92	820	1125	602	171	723	1379	342	2279	394	512	1075	2023	393	125	1151	91	115	1122	495	483	272	1765	1110	306	193	422	924	524	394	1375	162	162	710	405	82	1039	477	111	530	604	1509	103	500	578	248	372	1085	1127	1588	469	402	454	516	160	250
491	405	2135	768	414	2123	590	496	606	1139	727	786	684	594	500	0	481	662	383	311	567	851	635	668	422	1135	3705	762	595	726	636	1514	1110	1741	554	496	340	1288	367	919	1743	424	1976	438	540	750	500	288	865	1797	312	117	426	516	394	586	543	501	1626	395	732	439	1164	391	551	528	1939	1623	533	606	1041	1504	554	518	483	390	257	786	794	455	356	1146	557	1119	550	384	414	636	433	520	1499	95	492	597	542	1031	402	501	635	1417	577	1229	1079	494	564	520	556	744	184	551	102	644	725	910	743	243	737	610	940	1171	504	860	515	645	469	386	433	2136	283	602	417	551	1182	1069	433	579	406	496	387	643	725	483	964	282	401	753	540	302	4	481	1444	427	577	422	1434	319	2055	587	610	419	1343	571	1679	746	433	638	531	515	625	437	467	1889	586	308	1083	633	341	748	3	914	518	539	3551	557	534	530	2961	503	449	495	606	439	403	411	744	555	429	1916	521	314	858	495	301	410	616	695	921	586	473	927	723	1856	744	942	617	1653	602	517	678	536	385	1366	617	606	531	1520	872	554	638	502	1415	533	405	924	386	389	467	768	422	566	586	502	531	581	1069	532	0	829	430	342	610	638	1125	108	243	516	284	385	320
418	463	2529	1210	274	1647	790	31	333	894	362	543	1120	1074	33	481	0	461	130	259	917	581	453	438	618	1493	4170	526	786	589	193	1849	1556	2104	278	31	582	823	457	626	1272	204	2451	203	98	409	33	327	1269	2272	411	574	664	965	125	446	504	389	1901	466	1126	203	1595	145	570	257	1525	1819	242	453	948	1874	113	93	756	866	309	440	419	335	436	1316	536	1406	1017	171	336	1055	328	464	1938	524	397	1020	106	970	872	710	313	1895	886	875	1359	386	252	984	738	378	385	570	574	163	361	607	370	372	1155	203	1337	1568	23	1310	94	164	932	131	499	1661	642	365	79	570	1629	1481	499	451	295	30	133	162	361	756	1392	430	818	1120	106	424	481	0	1899	68	1058	618	1872	344	1644	498	459	76	1090	240	2156	373	213	233	242	440	144	204	677	1536	203	759	887	153	685	1147	483	1215	93	104	4032	536	95	724	3427	980	317	140	1025	203	534	105	604	890	213	2358	765	735	584	140	345	85	787	1118	586	203	691	1351	329	2248	378	510	1048	2024	365	101	1139	77	102	1104	465	453	243	1732	1077	278	187	389	937	491	361	1347	131	130	677	391	78	1027	446	85	498	571	1481	85	481	556	215	339	1073	1112	1561	457	372	421	485	129	251
183	304	2313	1146	710	1786	537	434	133	481	230	125	1339	1188	490	662	461	0	397	646	1220	193	30	38	447	1796	4078	101	526	133	362	2172	1752	2403	183	434	481	813	338	265	1249	296	2552	287	383	198	490	373	1134	2247	366	779	1020	1169	390	87	191	162	1578	316	996	286	1477	372	260	205	1833	1441	218	66	487	2166	376	375	586	1016	410	879	264	208	336	945	212	1122	1184	354	247	1297	229	180	1818	750	174	1257	374	513	920	498	178	1900	707	587	1073	169	212	1159	488	235	478	260	760	481	226	263	244	420	1397	646	1602	1833	456	1502	372	484	1113	392	304	1806	613	97	509	260	1823	1338	304	99	262	435	389	479	226	586	1283	403	783	957	373	381	665	461	1817	504	1151	447	2078	342	1432	134	66	507	685	228	2141	245	283	671	219	168	469	286	484	1233	657	792	443	464	618	1021	662	966	375	374	4052	212	382	1105	3343	1038	217	602	948	286	369	394	146	737	285	2229	563	731	202	602	360	510	507	1354	296	657	498	1239	276	2038	235	447	985	2316	97	365	1314	408	504	706	63	66	218	1367	759	183	377	161	985	190	258	1234	392	390	484	257	513	1206	87	378	198	230	1338	393	662	175	283	320	1246	1251	1456	714	420	157	438	396	644
312	339	2399	1087	314	1764	663	129	287	863	368	500	1051	977	161	383	130	397	0	251	876	550	381	383	489	1457	4050	479	660	512	252	1823	1484	2069	226	129	452	905	330	607	1359	103	2360	110	157	403	161	197	1140	2158	281	489	645	889	10	360	397	289	1774	340	997	111	1469	25	457	199	1655	1700	193	372	872	1836	171	135	626	774	181	560	433	230	308	1197	428	1277	932	49	220	993	218	358	1813	443	293	956	159	887	759	581	290	1784	756	887	1231	284	217	900	612	385	261	457	483	276	366	591	381	242	1094	327	1286	1518	145	1235	132	277	849	4	376	1779	516	306	127	457	1557	1353	376	362	180	130	7	274	366	626	1266	300	693	990	157	294	385	130	1777	126	957	489	1805	215	1690	403	378	126	1065	215	2043	384	116	358	192	336	255	111	548	1553	321	641	839	262	557	1018	385	1086	135	156	3927	428	152	720	3307	871	212	238	900	111	406	29	529	760	114	2233	636	612	555	238	214	124	662	1055	584	321	562	1225	352	2119	385	563	923	1986	306	133	1058	158	111	1082	384	372	192	1610	953	226	254	289	1034	385	242	1220	4	7	548	405	132	945	360	119	390	463	1353	151	383	525	116	211	990	1021	1436	384	242	320	355	1	248
535	517	2443	1079	108	1839	805	287	538	1114	606	752	875	867	259	311	259	646	251	0	659	802	628	634	623	1234	4008	730	806	755	451	1591	1311	1845	478	287	558	1072	493	856	1516	350	2226	360	351	647	259	348	1171	2094	429	366	406	728	260	601	615	521	1895	514	1035	361	1475	275	660	451	1628	1858	444	615	1110	1615	368	339	731	655	307	475	668	461	472	1363	642	1389	791	291	437	806	443	579	1810	313	521	772	359	1120	710	715	538	1710	846	1125	1346	515	466	757	760	623	327	660	377	407	605	839	617	355	905	314	1082	1311	281	1070	338	406	704	256	556	1850	560	557	179	660	1384	1377	556	601	404	287	259	406	605	731	1275	426	706	1048	357	433	309	259	1753	191	861	623	1623	383	1903	634	621	182	1316	462	1975	620	363	338	443	561	391	360	680	1790	285	618	1089	402	615	1052	314	1187	339	356	3825	642	347	473	3265	804	445	203	914	361	561	262	773	834	361	2227	756	619	806	203	372	174	817	869	828	285	690	1237	580	2163	623	769	927	1765	557	343	907	335	163	1332	627	615	443	1762	1101	478	446	522	1174	603	449	1234	256	259	680	639	180	797	601	325	606	675	1377	340	311	776	362	394	843	893	1436	241	355	550	466	252	10
1057	972	2274	936	685	2416	1099	944	1145	1701	1245	1342	300	510	918	567	917	1220	876	659	0	1403	1195	1221	961	580	3590	1319	1108	1293	1107	951	695	1192	1088	944	878	1728	934	1468	2165	951	1653	964	1006	1278	918	848	1105	1675	879	455	274	274	887	1149	1110	1063	1972	962	1022	966	1290	894	1115	1061	2067	2044	1061	1169	1605	959	1022	990	971	403	810	985	1310	1012	923	1614	1124	1492	373	898	974	214	991	1087	1564	473	1056	207	1012	1592	615	1021	1163	1291	1014	1763	1464	1056	1089	348	1079	1262	750	1115	482	1065	1243	1456	1258	809	285	935	426	652	940	489	989	1063	327	881	999	2423	770	1150	838	1115	766	1257	999	1143	959	944	882	1064	1243	971	1130	850	762	1081	1011	870	563	917	1456	849	552	961	986	882	2560	1154	1173	841	1906	1090	1553	1261	963	950	1059	1081	1050	964	993	2428	902	648	1650	1060	818	1024	568	1296	990	1009	3287	1124	1001	289	2856	606	1003	846	881	966	962	897	1311	972	959	1943	1019	713	1410	846	864	831	1136	266	1457	902	994	1111	1227	2013	1262	1426	862	1110	1150	993	405	992	817	1927	1180	1169	1059	1933	1342	1088	1103	1064	1818	1100	968	1110	881	884	993	1282	839	347	1149	975	1099	1146	1257	995	567	1380	960	904	377	470	1240	506	809	1080	844	878	667
376	496	2436	1323	850	1680	690	551	264	313	241	69	1531	1382	604	851	581	193	550	802	1403	0	223	183	628	1981	4232	92	677	216	428	2355	1946	2591	324	551	670	689	531	73	1100	458	2742	446	488	187	604	562	1297	2422	560	969	1192	1361	541	279	371	355	1660	508	1162	445	1639	528	427	351	1799	1488	357	258	441	2354	476	488	759	1210	596	952	221	396	529	1013	384	1234	1378	516	437	1488	417	369	1975	937	367	1448	479	489	1111	667	269	2082	871	395	1185	362	336	1352	647	232	668	427	951	547	239	77	243	611	1588	736	1792	2023	569	1695	487	551	1306	546	492	1701	804	253	644	427	2016	1495	492	290	446	552	543	546	239	759	1449	597	971	1117	478	575	854	581	1983	636	1344	628	2271	533	1241	311	255	642	514	344	2318	241	446	756	359	360	542	446	658	1040	754	984	313	534	805	1188	851	1098	488	480	4230	384	489	1271	3502	1229	402	719	1127	445	556	540	210	907	449	2381	730	922	10	719	551	646	653	1545	132	754	671	1406	292	2166	232	359	1165	2504	253	480	1508	513	647	531	251	258	358	1426	869	324	442	354	869	373	450	1400	546	543	658	237	647	1400	279	497	380	391	1495	500	851	25	447	510	1439	1445	1620	897	611	350	631	549	798
153	274	2291	1117	695	1808	512	427	133	506	247	154	1311	1158	482	635	453	30	381	628	1195	223	0	60	418	1769	4051	130	501	136	365	2146	1723	2376	176	427	451	838	308	295	1276	279	2521	270	379	220	482	347	1107	2219	337	752	998	1140	374	57	163	133	1562	286	968	270	1450	356	234	195	1845	1430	210	37	495	2139	373	368	558	987	384	876	286	182	306	933	186	1102	1155	337	221	1269	204	150	1791	724	145	1229	370	518	890	471	185	1871	680	617	1053	141	208	1129	463	253	450	234	733	482	243	293	262	392	1369	641	1575	1805	448	1473	366	486	1084	376	274	1827	583	92	496	234	1794	1311	274	70	238	427	373	481	243	558	1256	373	753	930	368	352	638	453	1789	491	1121	418	2048	315	1462	108	37	494	711	226	2112	263	265	668	210	138	469	270	456	1262	651	762	464	465	588	993	635	943	368	369	4023	186	377	1083	3316	1008	193	592	919	270	339	380	151	710	268	2203	536	701	232	592	333	497	483	1326	325	651	470	1212	290	2015	253	470	956	2289	92	359	1285	403	490	732	35	37	210	1355	740	176	380	132	1008	161	230	1207	376	374	456	277	501	1177	57	371	170	206	1311	388	635	205	266	292	1217	1221	1428	689	392	127	408	380	626
202	326	2350	1175	693	1749	572	410	105	484	191	121	1349	1205	465	668	438	38	383	634	1221	183	60	0	476	1799	4111	98	561	168	327	2173	1765	2408	161	410	505	778	358	252	1216	284	2573	274	356	160	465	379	1167	2276	380	785	1015	1179	375	114	223	176	1616	338	1027	273	1510	359	295	186	1795	1479	196	95	514	2171	348	349	617	1029	413	848	226	213	354	984	246	1160	1197	343	254	1304	234	207	1851	754	189	1264	346	544	940	530	144	1927	740	570	1111	183	186	1171	523	196	485	295	768	448	188	246	205	428	1405	617	1608	1840	430	1514	347	452	1124	378	330	1768	634	76	489	295	1836	1372	330	127	263	411	375	446	188	617	1315	418	808	990	345	396	671	438	1848	483	1169	476	2090	350	1412	169	97	487	688	200	2169	206	271	642	197	192	437	273	515	1222	629	811	456	432	642	1052	668	1003	349	346	4079	246	355	1097	3376	1058	219	578	977	273	395	377	179	769	274	2263	596	753	190	578	368	491	543	1362	271	629	529	1271	237	2075	196	410	1013	2321	76	339	1327	381	487	707	96	95	197	1405	797	161	343	175	948	220	268	1266	378	375	515	219	493	1218	114	354	229	266	1372	366	668	162	272	327	1259	1267	1488	715	428	177	456	382	631
284	171	1926	698	727	2188	182	611	486	847	634	559	995	787	651	422	618	447	489	623	961	628	418	476	0	1496	3642	538	183	432	661	1879	1372	2083	473	611	83	1244	163	701	1689	430	2118	437	608	624	651	296	698	1800	209	513	849	828	493	362	257	321	1287	163	556	438	1040	473	207	464	2139	1235	481	381	662	1845	614	586	148	653	327	1044	688	331	183	741	245	788	815	447	305	974	323	268	1384	515	305	933	604	639	505	93	542	1454	279	1022	741	316	506	797	138	646	297	207	483	740	630	704	651	270	1066	815	1278	1499	631	1129	582	742	761	488	150	2206	207	454	605	207	1439	908	150	349	339	612	485	738	630	148	842	199	346	528	601	198	427	618	1374	609	741	0	1695	274	1868	317	381	605	1037	524	1693	653	426	846	479	286	720	436	59	1639	807	386	761	722	187	580	420	597	586	601	3604	245	603	952	2904	619	344	718	501	438	91	513	446	299	424	1800	147	314	638	718	275	600	197	1022	743	807	72	798	661	1646	646	872	537	1990	454	578	941	622	578	1065	384	381	478	1139	478	473	671	321	1406	257	276	794	488	488	59	672	611	843	362	576	249	245	908	609	422	616	423	279	876	860	1016	524	270	305	157	490	628
1627	1533	2385	1242	1247	2907	1607	1521	1725	2275	1826	1919	520	812	1492	1135	1493	1796	1457	1234	580	1981	1769	1799	1496	0	3389	1895	1618	1860	1685	383	450	612	1669	1521	1416	2293	1494	2047	2719	1531	1314	1545	1584	1859	1492	1422	1429	1570	1445	1018	832	673	1468	1721	1674	1636	2295	1522	1396	1546	1488	1474	1670	1641	2469	2433	1641	1741	2155	381	1601	1569	1473	854	1386	1495	1891	1587	1486	2064	1684	1871	715	1479	1548	523	1566	1653	1667	1045	1627	563	1591	2135	1052	1540	1743	1241	1482	2344	1854	1629	1669	721	1597	1843	1320	1670	1041	1635	1824	2035	1839	1379	439	1491	237	179	1516	493	1568	1634	745	1461	1556	2912	1291	1729	1414	1670	477	1514	1556	1714	1535	1521	1463	1635	1824	1473	1392	1412	1228	1471	1589	1433	1131	1493	1523	1425	872	1496	562	1454	3138	1721	1746	1417	2479	1671	1460	1842	1543	1500	1639	1650	1622	1545	1516	3009	1456	1134	2217	1632	1329	1388	1135	1699	1569	1588	2941	1684	1580	797	2689	984	1580	1411	1273	1546	1512	1477	1878	1433	1539	1967	1523	1207	1988	1411	1436	1408	1649	481	2038	1456	1515	1390	1807	2159	1843	2003	1240	530	1729	1573	622	1569	1394	2501	1752	1741	1639	2320	1807	1669	1680	1637	2370	1665	1540	1392	1461	1465	1516	1862	1415	681	1721	1555	1662	1703	1514	1573	1135	1959	1540	1476	665	731	1438	1084	1379	1651	1399	1458	1242
3926	3810	1927	2965	4099	5814	3544	4178	4128	4329	4277	4170	3289	3161	4195	3705	4170	4078	4050	4008	3590	4232	4051	4111	3642	3389	0	4153	3556	4016	4279	3432	2975	3264	4111	4178	3636	4886	3791	4299	5327	4036	2108	4047	4202	4265	4195	3868	2944	1923	3805	3643	3814	3360	4058	3998	3887	3963	2830	3800	3086	4049	2601	4046	3817	4098	5621	3151	4113	4015	3999	3252	4214	4179	3496	3367	3872	4472	4330	3968	3805	3373	3865	3054	3269	4027	3935	3375	3955	3907	2259	3696	3947	3385	4202	3934	3303	3580	4184	2311	3371	4592	3097	3959	4141	3304	3590	4289	3788	3817	3631	4327	4273	4309	4294	3814	3320	4316	3298	3210	4191	3111	4175	4328	3351	4051	3793	5829	3540	4096	4117	3817	2926	2739	3793	3984	3961	4178	4050	4325	4273	3496	2800	3774	3358	3120	4199	3788	3706	4170	2274	4127	3155	3642	2846	3869	5385	3943	4014	4119	4447	4157	2045	4296	4037	4343	4111	3927	4306	4046	3597	5063	4291	3411	4211	4312	3508	3061	3702	3145	4179	4198	1007	3865	4197	3870	743	3204	3978	4201	3158	4049	3731	4079	4024	3344	4034	1851	3514	3437	4243	4201	3860	4110	3579	3328	4361	4291	3583	2843	4302	2141	4289	4514	3129	3227	4096	4174	3192	4208	4085	4480	4015	4015	4110	3120	3395	4111	4287	3964	5048	3891	3907	2848	4051	4054	3597	4315	4123	3279	3998	4165	3882	3849	2739	4199	3705	4227	4034	3885	3237	3159	2627	3768	3814	3946	3718	4052	4019
283	403	2369	1234	786	1736	608	496	194	386	224	24	1441	1289	551	762	526	101	479	730	1319	92	130	98	538	1895	4153	0	596	145	394	2270	1854	2504	254	496	577	751	438	165	1175	382	2649	371	438	175	551	474	1214	2335	467	880	1113	1271	471	186	280	263	1610	415	1077	370	1556	455	340	280	1822	1454	289	165	444	2267	428	434	671	1118	509	921	231	307	436	968	295	1171	1286	440	348	1398	329	276	1894	850	275	1358	428	482	1019	580	216	1992	787	488	1122	271	274	1260	563	221	579	340	862	516	221	166	232	521	1498	695	1703	1934	516	1604	432	520	1215	474	400	1757	711	174	582	340	1924	1414	400	197	360	497	471	514	221	671	1365	504	879	1034	428	482	766	526	1898	575	1251	538	2179	443	1334	220	163	580	590	285	2229	231	369	718	290	267	507	371	569	1131	710	891	362	501	713	1102	762	1026	434	429	4142	295	438	1195	3420	1137	315	666	1037	370	464	472	146	821	372	2302	644	829	102	666	461	583	574	1456	208	710	582	1321	276	2097	221	399	1075	2416	174	425	1416	463	581	609	158	165	290	1386	805	254	409	263	928	281	359	1316	474	471	569	236	585	1308	186	441	289	305	1414	449	762	78	370	420	1348	1352	1536	812	521	257	538	478	727
404	323	1793	670	910	2307	14	775	601	834	742	614	1104	861	819	595	786	526	660	806	1108	677	501	561	183	1618	3556	596	0	462	803	2000	1450	2189	603	775	257	1339	330	746	1772	589	2130	594	764	721	819	473	621	1755	386	674	1019	944	662	453	343	443	1114	320	491	595	961	642	267	601	2296	1052	619	467	585	1952	768	743	145	764	508	1219	787	472	352	558	316	623	914	615	457	1094	470	372	1297	683	428	1055	759	546	582	94	660	1431	204	1053	575	441	639	902	48	751	480	267	643	894	738	755	758	452	1180	987	1391	1604	796	1216	739	897	873	658	289	2326	338	562	780	267	1513	818	289	439	495	776	655	893	738	145	775	381	403	440	756	377	599	786	1307	783	808	183	1766	447	1888	392	465	780	1007	658	1655	760	583	1018	617	396	876	593	128	1628	980	484	732	877	291	517	592	447	743	756	3566	316	760	1124	2824	681	489	894	484	595	254	681	471	250	581	1705	95	410	687	894	451	776	34	1137	805	980	121	731	777	1516	751	972	527	2095	562	735	1033	781	755	1037	465	467	616	957	295	603	816	443	1510	350	429	726	658	658	128	776	787	946	453	735	341	295	818	767	595	671	580	448	973	941	944	699	452	417	340	661	811
236	330	2225	1116	827	1882	475	563	266	423	351	157	1386	1209	619	726	589	133	512	755	1293	216	136	168	432	1860	4016	145	462	0	495	2240	1786	2463	312	563	486	896	369	283	1316	409	2550	402	515	310	619	448	1083	2212	415	841	1111	1215	507	154	190	237	1465	342	950	402	1424	487	224	332	1957	1316	347	140	360	2225	509	505	552	1053	489	1011	371	296	374	826	190	1025	1220	466	327	1351	316	206	1759	819	241	1310	506	381	931	458	312	1877	659	596	976	244	344	1197	434	353	542	224	819	614	348	293	363	484	1449	777	1658	1886	585	1538	502	618	1155	508	315	1903	624	228	631	224	1855	1280	315	155	354	564	505	613	348	552	1236	448	778	902	505	427	730	589	1769	626	1166	432	2111	412	1438	138	134	629	622	361	2109	363	396	804	347	211	602	402	453	1208	787	806	357	598	616	975	726	883	505	505	4022	190	514	1201	3286	1047	311	729	921	402	373	514	18	697	398	2165	519	740	226	729	430	631	437	1406	346	787	465	1192	401	1953	353	545	961	2374	228	495	1349	540	623	647	128	140	347	1246	659	312	510	236	1074	197	327	1187	508	506	453	372	635	1245	154	507	201	186	1280	525	726	213	396	392	1282	1277	1407	793	484	214	469	512	754
400	490	2587	1314	462	1536	810	164	232	731	189	406	1299	1229	201	636	193	362	252	451	1107	428	365	327	661	1685	4279	394	803	495	0	2042	1734	2296	205	164	648	652	500	460	1107	243	2612	232	101	242	201	411	1349	2399	475	740	858	1140	242	383	474	362	1905	497	1205	230	1686	246	551	203	1496	1791	184	381	837	2066	85	119	809	1027	413	527	235	332	482	1290	507	1426	1184	259	355	1238	337	439	2031	694	376	1201	96	870	1005	743	183	2029	940	685	1378	363	167	1152	757	202	501	551	735	121	190	437	192	467	1339	308	1525	1756	172	1486	122	125	1101	249	518	1552	739	273	271	551	1807	1561	518	394	323	164	249	120	190	809	1483	505	922	1187	98	492	637	193	2004	260	1208	661	2053	410	1453	447	386	268	920	148	2284	195	242	328	186	413	114	232	716	1344	329	883	741	107	772	1228	638	1249	119	99	4175	507	106	917	3538	1118	317	309	1121	230	570	225	506	955	245	2450	805	846	428	309	419	277	795	1300	406	329	730	1441	145	2307	202	319	1149	2216	273	119	1310	116	290	931	390	381	186	1712	1076	205	15	362	785	464	384	1437	249	246	716	209	271	1197	383	135	473	539	1561	112	636	403	245	395	1242	1274	1656	632	467	391	561	250	443
2006	1914	2632	1593	1592	3177	1989	1878	2097	2652	2191	2294	898	1180	1845	1514	1849	2172	1823	1591	951	2355	2146	2173	1879	383	3432	2270	2000	2240	2042	0	704	284	2039	1878	1799	2631	1875	2419	3044	1902	1323	1915	1943	2226	1845	1799	1779	1732	1825	1398	1184	1056	1833	2099	2054	2014	2631	1904	1759	1916	1798	1841	2052	2011	2681	2788	2010	2119	2538	180	1959	1929	1855	1236	1762	1801	2255	1964	1867	2437	2065	2228	1093	1848	1925	906	1942	2033	1931	1422	2005	946	1950	2518	1430	1923	2112	1457	1861	2711	2214	2006	2038	1100	1980	2208	1698	2052	1421	1984	2189	2407	2203	1757	820	1826	611	431	1871	837	1928	1982	1127	1827	1938	3179	1674	2102	1770	2052	692	1843	1938	2093	1910	1878	1829	1983	2189	1855	1726	1793	1608	1836	1949	1814	1510	1849	1778	1781	1240	1879	620	1832	3491	2101	2123	1773	2857	2038	1635	2206	1913	1833	2009	2029	1971	1915	1900	3377	1792	1516	2597	1982	1712	1749	1514	2064	1929	1947	2877	2065	1939	1133	2769	1357	1955	1757	1642	1916	1894	1841	2258	1811	1910	2182	1905	1589	2362	1757	1814	1765	2032	862	2407	1792	1898	1729	2169	2427	2208	2358	1606	246	2102	1933	991	1926	1753	2878	2130	2119	2009	2675	2183	2039	2036	2015	2695	2045	1918	1731	1827	1831	1900	2227	1770	1059	2099	1915	2043	2085	1843	1931	1514	2332	1911	1854	1040	1097	1749	1458	1757	2030	1781	1824	1598
1571	1458	1946	929	1360	3110	1437	1578	1713	2209	1838	1878	436	589	1565	1110	1556	1752	1484	1311	695	1946	1723	1765	1372	450	2975	1854	1450	1786	1734	704	0	790	1664	1578	1304	2379	1420	2017	2826	1534	963	1548	1633	1859	1565	1391	1110	1124	1386	997	967	594	1495	1669	1596	1590	1938	1446	1115	1550	1096	1495	1571	1639	2752	2115	1644	1690	2027	578	1649	1614	1306	735	1364	1679	1904	1553	1419	1808	1597	1563	568	1492	1512	507	1532	1586	1235	1041	1578	538	1637	1994	871	1390	1745	792	1277	2333	1556	1583	1675	594	1442	1855	1283	1571	1007	1715	1835	2011	1853	1337	414	1611	324	292	1580	250	1611	1714	641	1488	1471	3118	1167	1705	1479	1571	73	1149	1471	1659	1511	1578	1489	1714	1835	1306	1037	1349	1047	1196	1635	1371	1108	1556	1085	1491	642	1372	325	1416	3165	1651	1693	1482	2406	1681	1011	1856	1543	1629	1642	1590	1698	1548	1376	2985	1578	986	2132	1707	1187	1101	1109	1419	1614	1634	2602	1597	1628	982	2263	768	1551	1511	1020	1550	1415	1510	1803	1225	1539	1518	1356	1058	1954	1511	1398	1473	1484	444	2028	1578	1370	1046	1832	1730	1855	2048	979	694	1705	1614	438	1624	1453	2432	1698	1690	1641	2003	1577	1664	1733	1591	2486	1590	1496	1048	1488	1491	1376	1878	1482	546	1669	1598	1585	1608	1149	1623	1110	1926	1540	1439	506	512	1048	1101	1337	1596	1319	1486	1321
2232	2133	2627	1718	1854	3460	2177	2132	2336	2881	2438	2527	1088	1341	2102	1741	2104	2403	2069	1845	1192	2591	2376	2408	2083	612	3264	2504	2189	2463	2296	284	790	0	2280	2132	2006	2897	2095	2657	3316	2143	1170	2156	2196	2470	2102	2030	1900	1672	2048	1624	1440	1255	2080	2327	2275	2243	2722	2123	1899	2158	1869	2086	2266	2252	2964	2906	2253	2348	2745	238	2212	2181	2043	1430	1995	2077	2503	2196	2088	2589	2283	2353	1274	2091	2156	1113	2174	2256	1954	1653	2234	1153	2202	2721	1609	2118	2355	1451	2035	2955	2345	2236	2281	1288	2173	2455	1926	2266	1645	2244	2436	2646	2451	1985	1017	2093	806	585	2126	983	2180	2242	1322	2073	2155	3462	1875	2339	2025	2266	753	1934	2155	2320	2144	2132	2075	2243	2436	2043	1826	2014	1789	1980	2201	2036	1738	2104	1794	2036	1399	2083	584	2061	3749	2324	2352	2028	3084	2283	1589	2454	2154	2101	2251	2254	2231	2156	2098	3621	2059	1707	2819	2241	1908	1887	1741	2205	2181	2199	2655	2283	2191	1397	2631	1522	2188	2018	1795	2158	2107	2089	2481	1983	2151	2156	2094	1781	2598	2018	2043	2019	2222	1061	2649	2059	2094	1836	2419	2445	2455	2614	1756	96	2339	2184	1158	2180	2006	3107	2358	2348	2251	2794	2348	2280	2291	2244	2967	2266	2147	1839	2073	2077	2098	2475	2025	1243	2327	2166	2263	2300	1934	2184	1741	2568	2152	2084	1216	1258	1823	1695	1985	2257	1997	2071	1853
198	302	2393	1152	532	1715	611	251	60	636	179	274	1238	1124	306	554	278	183	226	478	1088	324	176	161	473	1669	4111	254	603	312	205	2039	1664	2280	0	251	475	783	320	382	1235	137	2505	124	203	195	306	277	1170	2248	313	670	869	1071	218	181	269	159	1700	311	1027	123	1511	204	346	27	1701	1587	35	182	670	2045	198	192	621	935	299	700	244	143	306	1086	302	1224	1100	192	177	1188	156	234	1855	632	174	1149	194	694	875	548	82	1887	752	677	1175	161	37	1071	558	195	384	346	657	313	176	368	196	334	1289	465	1488	1720	272	1413	190	317	1022	222	324	1733	585	86	329	346	1736	1380	324	191	161	252	219	312	176	621	1310	349	767	1002	193	331	557	278	1838	322	1094	473	1988	261	1501	243	188	326	838	57	2137	199	125	492	36	209	299	124	524	1341	474	748	616	296	607	1051	555	1050	192	193	4040	302	201	946	3371	992	134	419	956	123	382	218	327	771	129	2272	613	700	328	419	275	330	593	1248	369	474	539	1267	192	2114	195	413	987	2195	86	183	1229	227	327	855	193	182	36	1507	872	0	219	159	937	260	204	1263	222	219	524	220	332	1118	181	195	268	334	1380	212	554	299	128	239	1161	1179	1484	585	334	187	400	225	474
