NAME : VRPTW_INSTANCE_88.txt
COMMENT : Bangkok Supermarket
TYPE : VRPTW
DIMENSION : 306
DAYS : Wednesday
EDGE_WEIGHT_TYPE : EXPLICIT
VEHICLES : 39
EDGE_WEIGHT_FORMAT : FULL_MATRIX
CAPACITY : 1000
EDGE_WEIGHT_SECTION
0	373	235	24	63	2678	103	1126	31	349	826	610	185	409	919	358	148	891	3281	528	418	135	1022	633	153	486	1911	978	369	170	367	432	599	479	2674	171	582	149	630	221	392	525	396	1172	127	908	966	737	199	227	92	1126	437	258	156	491	935	383	641	499	146	631	226	202	412	259	3932	991	358	124	309	327	1162	848	83	1526	206	363	437	101	206	437	379	1176	1056	609	1503	677	373	991	448	1064	83	121	599	1213	330	399	231	339	963	978	1781	189	613	2661	1230	1942	964	609	308	1407	154	1036	1279	422	262	1096	2626	101	288	1228	202	246	39	288	438	482	67	118	1911	935	174	177	154	500	1116	737	1359	203	1290	522	400	601	215	155	96	28	308	215	1151	3920	356	1113	587	1121	1005	88	153	304	365	170	349	639	271	2071	1761	663	495	650	1150	214	211	525	890	432	489	1007	608	131	330	382	747	814	404	719	622	568	437	582	207	164	1580	101	246	650	1994	400	481	196	199	583	533	351	2414	199	193	215	300	1036	1119	968	1199	680	73	202	127	1606	835	1066	400	104	474	153	448	520	305	349	113	352	994	165	214	172	1603	1221	1078	519	2200	371	369	202	1139	1460	737	1005	39	2921	408	1183	494	1269	398	1144	485	870	2421	189	94	1067	1250	210	369	1635	199	202	221	251	373	394	371	440	442	120	1059	399	135	1214	650	826	563	298	211	1112	196	1067	748	535	382	362	364	254	113	582	156	528	978	153	667	681	820	248	283	193	2851	185
373	0	171	352	310	2873	472	1412	369	35	1190	269	409	162	1230	463	235	1084	3536	351	98	246	1086	276	425	117	1682	1054	284	287	10	164	236	188	2869	222	894	305	703	436	737	874	481	1468	246	1072	1119	917	425	506	464	1499	167	578	329	541	1003	326	276	131	282	707	179	575	67	486	4209	1105	463	442	462	68	1202	1000	294	1469	198	17	170	440	455	178	12	1490	1151	797	1729	1023	283	1105	530	1144	293	389	648	1495	665	100	147	682	1247	1054	1782	504	331	2996	1551	1782	1039	792	158	1780	528	1102	1652	766	183	1182	2864	356	157	1600	356	522	339	157	178	112	306	488	1682	1003	342	546	528	558	1474	917	1143	303	1566	339	67	669	169	444	282	348	585	171	906	4148	17	1273	899	1200	1134	389	379	156	8	287	35	356	192	2364	2073	938	541	289	904	170	176	874	1193	637	710	1369	372	250	665	291	1116	1085	96	1066	250	587	173	894	171	321	1605	440	523	289	1965	101	114	519	425	591	573	39	2674	185	526	178	636	1102	1415	1090	1490	409	444	575	360	1513	1133	1439	102	282	488	379	81	147	155	472	378	28	1129	345	171	331	1508	1237	1366	679	2414	720	9	356	1220	1466	917	1134	339	3154	762	1475	126	1225	100	1217	118	1241	2663	504	293	1162	1317	175	284	1702	185	575	436	573	16	25	720	304	491	491	1432	100	447	1527	289	1190	607	169	173	1178	188	1162	995	426	291	280	10	155	378	894	329	351	1054	379	581	1053	1186	388	603	348	3088	200
235	171	0	210	174	2856	322	1341	221	163	1060	439	339	286	1143	311	144	1059	3487	462	252	100	1121	402	336	265	1707	1083	186	116	161	299	406	338	2852	64	804	135	573	374	570	759	336	1391	115	1061	1114	896	357	335	316	1355	304	478	261	565	1035	221	413	277	114	576	9	427	231	316	4148	1118	311	335	432	162	1249	994	174	1404	30	169	306	280	381	311	181	1402	1174	770	1693	911	188	1118	390	1173	152	222	679	1427	558	166	48	570	1176	1083	1851	403	485	2894	1458	1768	1069	767	215	1626	384	1136	1499	654	198	1209	2824	191	196	1443	186	351	196	196	312	263	170	339	1707	1035	282	393	384	427	1351	896	1158	264	1502	452	224	692	125	350	167	206	506	31	937	4115	157	1267	728	1231	1141	227	208	210	163	116	163	511	213	2291	1987	869	567	459	936	33	131	759	1110	596	545	1206	510	103	558	199	980	1020	171	953	414	628	308	804	49	258	1663	280	353	459	2047	167	259	415	357	637	603	169	2621	42	417	141	528	1136	1338	1099	1416	452	297	427	274	1465	1053	1294	167	176	368	208	229	314	210	316	211	162	1133	280	126	272	1613	1295	1294	661	2386	604	163	186	1098	1374	896	1141	196	3117	643	1401	273	1307	165	1250	264	1102	2621	403	185	1185	1201	33	186	1742	42	427	374	405	164	196	604	243	512	342	1278	166	343	1439	459	1060	638	215	36	1060	44	1185	942	513	199	180	160	19	212	804	261	462	1083	208	513	910	1054	353	503	296	3049	51
24	352	210	0	42	2699	120	1150	24	328	850	593	198	395	943	343	132	910	3305	521	400	111	1034	610	169	463	1888	990	345	147	346	417	579	464	2695	147	606	127	616	235	405	550	381	1196	105	926	983	755	213	226	112	1148	423	281	158	498	947	361	618	476	123	618	201	223	393	252	3956	1006	343	144	319	308	1173	865	68	1509	182	342	423	107	223	423	358	1200	1070	627	1525	702	349	1006	433	1077	59	111	607	1236	355	375	208	364	987	990	1791	211	600	2686	1254	1920	976	626	295	1428	176	1048	1300	447	249	1109	2649	84	273	1248	184	245	14	273	423	460	46	137	1887	947	178	195	176	485	1140	755	1336	202	1313	514	382	611	197	174	81	4	329	191	1127	3942	335	1131	595	1135	1021	81	139	290	344	147	328	626	259	2095	1785	685	502	631	1126	191	193	550	914	449	486	1024	598	107	355	359	770	837	380	743	601	574	423	606	184	165	1591	107	245	631	2002	376	459	219	213	588	540	331	2437	175	216	199	325	1048	1143	983	1222	656	92	223	134	1588	859	1089	376	92	456	139	426	499	291	334	100	331	1010	170	197	175	1606	1231	1102	535	2221	396	347	184	1128	1446	755	1021	14	2943	433	1207	472	1275	374	1157	463	893	2444	211	84	1081	1239	187	345	1649	175	223	235	258	352	373	396	416	448	139	1080	375	156	1238	631	850	571	285	187	1100	172	1081	770	532	359	338	343	230	101	606	158	521	990	139	646	703	844	255	306	198	2873	161
63	310	174	42	0	2714	163	1176	63	286	889	551	199	355	972	345	92	921	3328	487	358	74	1030	570	179	422	1864	987	322	130	304	376	537	423	2710	111	634	115	621	237	445	585	381	1223	64	933	989	763	216	253	154	1190	382	308	144	486	942	342	577	435	102	623	165	265	351	270	3982	1007	345	166	315	266	1167	870	33	1504	146	300	382	144	231	383	316	1230	1069	635	1543	737	326	1007	436	1075	22	130	597	1262	385	336	167	397	1012	987	1782	234	561	2720	1286	1905	973	634	255	1470	218	1044	1342	480	211	1108	2669	95	234	1290	183	272	31	234	383	418	3	179	1864	942	166	238	218	485	1178	763	1313	180	1338	480	339	603	155	189	45	38	347	152	1100	3962	293	1139	631	1132	1024	107	149	251	302	130	286	587	222	2123	1816	708	489	589	1099	151	152	585	941	458	509	1066	561	70	385	336	810	859	341	778	559	560	383	634	143	148	1584	144	273	589	1990	337	417	245	216	573	527	289	2460	136	245	158	355	1044	1170	985	1249	623	134	265	131	1579	886	1130	337	59	450	149	384	457	251	339	117	289	1014	159	155	160	1587	1222	1127	538	2238	430	305	183	1138	1448	763	1024	31	2964	469	1234	430	1259	335	1154	421	934	2465	234	54	1081	1248	148	322	1647	136	265	237	294	310	331	430	391	435	181	1122	336	176	1268	589	889	559	246	148	1108	133	1081	788	504	336	315	301	192	118	634	144	487	987	149	633	744	883	245	333	185	2894	123
2678	2873	2856	2699	2714	0	2663	1625	2707	2838	2197	2874	2520	2743	1860	3024	2711	1796	881	2607	2819	2775	1846	3118	2534	2970	4555	1860	3033	2843	2877	2758	2934	2777	4	2811	2136	2825	3267	2483	2730	2263	3062	1614	2750	1801	1754	1961	2502	2828	2657	2277	2759	2427	2595	2336	1913	3056	3100	2982	2817	3267	2851	2607	2846	2890	1606	1783	3024	2554	2426	2806	1787	1872	2696	4182	2840	2856	2756	2724	2483	2746	2867	1681	1754	2086	1180	2152	3036	1783	3108	1777	2735	2787	2238	1543	2378	2963	2819	2383	1762	1860	1563	2489	2751	1548	1678	4619	1873	2090	2714	2450	2609	1829	2428	2324	2696	1738	385	2777	2718	2506	2879	2838	2711	2718	2746	2964	2715	2651	4555	1913	2574	2645	2609	3162	2009	1961	4011	2595	1462	2617	2834	2213	2744	2525	2698	2702	2370	2825	3779	1309	2860	1601	2879	1730	1747	2753	2824	2717	2870	2843	2838	2755	2684	1035	1324	2027	2337	2950	3778	2823	2737	2263	1863	2260	3025	2659	2671	2773	2378	3047	2280	1880	2962	2133	2998	2305	2752	2136	2807	2598	1556	2724	2837	2950	1653	2964	2971	2484	2502	2306	2309	2833	631	2814	2493	2729	2404	1829	1655	1793	1580	3282	2664	2607	2588	4277	1898	2306	2965	2685	3149	2824	2945	2942	2718	3009	2783	2846	1749	2576	2742	2584	2038	1807	1672	2198	493	2373	2877	2879	3696	4071	1961	1747	2711	447	2359	1592	2976	1960	2962	1724	2972	2279	467	2489	2679	1746	3811	2822	3033	1365	2814	2607	2483	2773	2887	2872	2373	3098	2383	2649	2450	2963	2543	1647	2950	2197	2277	2704	2819	3691	2813	1746	1931	2507	3047	3026	2872	2869	2783	2136	2595	2607	1860	2824	3346	2372	2218	2504	2405	2560	442	2809
103	472	322	120	163	2663	0	1086	102	449	742	713	243	512	869	360	251	893	3245	625	521	227	1060	724	198	582	1954	1014	424	231	465	535	700	582	2659	258	540	207	613	272	293	460	399	1127	225	919	979	748	251	177	12	1032	540	238	242	553	974	430	735	594	216	614	312	105	514	231	3887	1016	360	150	363	429	1204	864	186	1525	292	463	540	62	245	540	478	1121	1084	623	1484	611	429	1016	445	1097	178	134	655	1173	287	488	326	289	926	1014	1827	190	715	2592	1171	1965	1000	625	411	1308	65	1073	1180	365	365	1127	2597	142	390	1128	230	193	132	390	540	578	167	17	1954	974	256	75	65	499	1036	748	1403	293	1252	619	502	653	317	189	199	124	308	307	1205	3892	455	1121	494	1154	1025	106	170	407	464	231	449	741	373	2022	1704	637	558	752	1205	307	313	460	845	452	431	904	707	223	287	437	659	786	494	650	722	633	540	540	302	252	1621	62	192	752	2046	490	577	189	251	649	594	452	2376	291	175	318	260	1073	1075	991	1155	751	29	105	204	1614	794	972	489	207	489	170	544	619	407	345	135	452	1012	246	317	257	1671	1268	1037	549	2180	312	467	230	1104	1442	748	1025	132	2892	343	1140	590	1329	487	1178	581	779	2391	190	197	1096	1217	303	424	1665	291	105	272	169	471	493	312	497	509	20	960	488	161	1160	752	742	622	401	304	1082	288	1096	733	624	437	418	463	342	135	540	242	625	1014	170	694	588	735	318	258	273	2821	276
1126	1412	1341	1150	1176	1625	1086	0	1152	1378	593	1518	1008	1329	234	1442	1202	464	2158	1267	1392	1246	821	1687	1005	1526	3037	784	1495	1297	1412	1350	1554	1386	1621	1285	546	1275	1663	978	1109	648	1479	73	1226	542	558	584	991	1235	1083	794	1354	868	1090	961	807	1509	1680	1541	1273	1663	1334	1013	1410	1300	2806	675	1442	1009	955	1345	916	595	1167	2574	1318	1396	1351	1149	963	1343	1410	178	731	656	472	528	1499	675	1519	779	1199	1219	916	87	800	1482	1316	797	165	784	1367	941	1427	1624	247	3048	785	667	1264	1086	1025	815	1003	725	1230	766	1517	1218	1259	1046	1315	1242	1164	1259	1344	1521	1178	1072	3037	807	1073	1053	1025	1573	520	584	2485	1109	167	1272	1396	883	1253	990	1174	1154	835	1313	2276	2811	1396	529	1253	791	629	1187	1256	1264	1407	1297	1378	1443	1223	951	674	474	966	1589	2276	1311	1246	648	244	781	1409	1104	1360	1243	800	1509	666	328	1484	507	1608	979	1348	546	1298	1096	1159	1149	1241	1589	1615	1483	1525	931	991	991	957	1375	1290	1299	933	1241	829	815	49	653	81	1793	1094	1013	1068	2679	292	794	1484	1165	1573	1256	1494	1524	1265	1424	1218	1384	610	1072	1252	1084	1528	1004	49	773	1132	777	1413	1315	2072	2451	584	629	1164	1813	755	66	1534	1194	1481	816	1527	694	1311	941	1156	735	2187	1309	1495	1065	1299	1013	978	1170	1422	1421	777	1566	988	1069	929	1482	1000	187	1589	593	939	1251	1308	2069	1297	735	430	1177	1509	1489	1408	1358	1217	546	1090	1267	784	1256	1781	753	615	1024	843	1065	1740	1290
31	369	221	24	63	2707	102	1152	0	347	839	614	216	418	943	327	155	922	3308	545	421	125	1053	623	184	479	1885	1009	344	145	362	440	599	486	2703	157	607	122	598	252	382	544	365	1197	123	939	997	768	230	202	95	1134	445	285	182	520	966	357	632	492	123	600	212	207	413	230	3958	1022	327	154	339	328	1192	879	92	1495	191	360	445	82	238	446	376	1199	1087	640	1532	697	348	1022	417	1095	75	90	628	1239	354	387	224	361	989	1009	1812	218	623	2680	1252	1913	994	640	318	1411	162	1066	1283	443	273	1127	2654	70	297	1230	172	221	31	297	446	475	67	119	1884	966	201	177	162	469	1131	768	1333	226	1316	538	402	631	218	186	105	26	337	205	1127	3948	352	1144	570	1152	1036	58	121	314	361	145	347	650	284	2095	1783	690	524	651	1126	204	215	544	914	463	462	1004	622	120	354	357	758	842	392	737	619	596	446	607	199	189	1611	82	221	651	2024	388	474	224	230	611	561	350	2440	189	219	221	324	1066	1144	999	1224	660	76	207	155	1576	861	1074	388	117	444	121	441	517	314	317	81	350	1025	193	218	198	1630	1251	1104	551	2229	392	364	172	1108	1429	768	1036	31	2949	427	1209	487	1297	386	1175	478	880	2449	218	108	1098	1220	200	344	1666	189	207	252	233	368	391	392	415	470	122	1063	387	165	1237	651	839	592	309	201	1081	186	1098	777	557	357	337	360	241	82	607	182	545	1009	121	638	689	833	277	309	220	2878	174
349	35	163	328	286	2838	449	1378	347	0	1161	277	376	140	1196	466	206	1048	3501	328	89	227	1054	310	393	150	1716	1021	299	277	38	146	252	178	2834	208	860	293	715	401	720	843	488	1433	223	1037	1085	881	391	494	441	1472	150	546	296	508	970	341	308	164	269	718	170	552	68	479	4174	1071	466	412	427	33	1172	966	268	1495	187	18	153	421	422	160	33	1456	1119	762	1693	992	298	1071	538	1111	271	374	615	1460	634	130	131	651	1212	1021	1755	472	325	2962	1517	1814	1007	756	124	1757	503	1070	1628	735	148	1149	2829	339	121	1577	349	511	317	121	160	145	282	466	1717	970	308	524	503	569	1444	881	1177	268	1531	317	61	635	139	413	255	325	551	157	941	4113	22	1238	888	1168	1100	372	367	121	32	277	0	350	157	2329	2039	904	507	304	939	156	146	843	1158	602	708	1350	359	231	634	307	1088	1050	127	1035	273	555	155	860	154	287	1576	421	513	304	1940	131	148	487	391	560	540	7	2639	170	495	146	605	1070	1380	1056	1455	443	421	552	328	1542	1099	1413	132	254	501	367	116	171	120	474	362	7	1095	311	140	297	1487	1208	1332	644	2379	690	38	349	1235	1487	881	1100	317	3119	732	1440	158	1199	130	1185	151	1214	2627	472	265	1129	1333	161	299	1671	170	552	401	558	48	46	690	325	457	468	1409	130	416	1493	304	1161	574	134	158	1193	172	1129	960	399	307	294	34	151	363	860	296	328	1021	367	605	1027	1158	353	571	314	3053	185
826	1190	1060	850	889	2197	742	593	839	1161	0	1387	806	1175	382	1037	955	779	2641	1201	1212	961	1140	1459	776	1307	2645	1090	1160	974	1186	1199	1396	1245	2194	996	410	949	1198	796	625	333	1069	587	952	860	910	767	796	828	746	348	1204	626	875	952	1084	1158	1465	1320	959	1196	1051	640	1216	892	3235	1016	1037	750	831	1134	1277	862	898	2075	1031	1178	1203	796	763	1198	1194	517	1092	732	1066	220	1165	1016	1095	1132	909	869	977	665	538	1225	1055	516	515	1090	1842	695	1342	1866	532	2596	1083	744	1082	676	678	1144	556	437	1036	1138	2046	884	1067	553	959	827	864	1067	1199	1302	892	725	2643	1084	870	679	678	1144	297	767	2101	918	742	1202	1203	951	1021	755	909	854	656	1041	1926	3324	1173	975	709	1169	989	847	901	1080	1183	974	1161	1365	1036	1380	1036	501	959	1443	1926	1040	1015	333	410	720	921	523	1301	957	538	1172	95	520	1230	186	1431	1012	1201	410	1032	886	1623	796	825	1443	2089	1226	1303	678	796	1029	973	1162	1788	1025	668	1015	564	1144	554	986	622	1492	764	640	837	2196	419	306	1226	908	1169	901	1269	1331	1080	1016	873	1166	968	864	1021	879	1881	1366	555	788	1704	475	1187	959	1534	1923	767	989	864	2339	431	611	1315	1517	1224	1198	1307	116	1842	695	897	1101	1646	1037	1160	1576	1025	640	796	746	1194	1208	475	1232	947	722	392	1225	746	552	1443	0	976	1068	1037	1540	1022	1101	590	1144	1172	1154	1183	1080	873	410	875	1201	1090	901	1380	193	21	865	605	873	2262	1011
610	269	439	593	551	2874	713	1518	614	277	1387	0	580	212	1364	729	462	1129	3584	268	193	500	1037	288	612	227	1722	1016	536	554	279	187	74	142	2870	484	1043	570	953	593	994	1057	744	1580	493	1097	1134	966	591	772	703	1713	182	761	514	566	964	578	256	228	546	957	447	811	208	755	4275	1091	729	645	578	288	1129	1023	527	1641	465	270	184	692	624	188	258	1620	1122	866	1773	1199	534	1091	790	1103	540	650	645	1595	849	331	408	871	1356	1016	1659	693	130	3132	1687	1879	1003	857	309	2009	761	1054	1880	951	357	1142	2901	615	327	1834	625	788	583	327	188	225	547	728	1724	964	518	788	761	812	1656	966	1215	469	1658	259	216	674	396	634	513	590	741	434	966	4168	281	1283	1165	1155	1130	645	644	312	277	554	277	138	353	2459	2191	1057	562	75	963	433	399	1057	1320	741	980	1618	210	504	849	539	1322	1190	323	1242	137	576	185	1043	430	504	1503	692	790	75	1818	331	234	710	591	572	581	272	2734	446	723	395	823	1054	1528	1083	1598	515	684	811	555	1663	1259	1656	332	507	737	644	244	158	312	740	638	277	1130	524	396	509	1331	1145	1475	746	2436	912	278	625	1458	1669	966	1130	583	3186	956	1583	226	1091	332	1166	230	1452	2705	693	518	1130	1548	438	536	1626	446	811	593	834	280	244	912	533	531	731	1663	331	646	1654	75	1387	609	322	435	1410	449	1130	1087	368	539	533	280	425	639	1043	514	268	1016	644	786	1270	1386	527	782	514	3123	461
185	409	339	198	199	2520	243	1008	216	376	806	580	0	369	820	541	196	725	3148	421	411	254	836	686	47	527	2047	792	513	329	408	393	592	439	2516	290	484	314	814	37	520	477	578	1061	230	734	790	565	17	407	230	1135	398	180	82	311	749	537	684	541	301	816	333	294	420	445	3812	808	541	97	123	345	976	671	177	1704	320	394	396	276	46	392	409	1081	872	437	1354	622	516	808	631	879	219	307	415	1092	268	474	309	290	842	792	1596	116	543	2586	1141	2100	778	435	278	1439	247	850	1310	370	235	911	2484	282	266	1271	380	425	206	266	393	521	199	246	2047	749	67	294	247	682	1078	565	1497	112	1166	418	406	416	245	65	178	200	175	309	1277	3775	392	940	730	936	825	274	337	277	403	329	376	568	233	1960	1664	534	316	638	1275	307	238	477	784	260	668	1081	515	253	268	527	742	684	475	665	633	390	395	484	292	89	1394	276	425	638	1810	475	524	133	17	406	352	374	2283	297	149	233	242	850	1008	786	1085	787	221	294	68	1778	725	1079	475	165	649	337	491	537	277	532	298	382	815	64	243	78	1428	1036	961	338	2048	331	409	380	1325	1644	565	825	206	2778	375	1069	535	1088	473	959	527	873	2281	116	159	883	1436	306	513	1451	297	294	37	412	417	421	331	578	266	247	1097	473	90	1117	638	806	381	264	304	1298	295	883	603	398	527	506	404	354	298	484	82	421	792	337	831	697	805	79	202	66	2709	290
409	162	286	395	355	2743	512	1329	418	140	1175	212	369	0	1164	597	263	967	3426	189	77	317	936	376	400	228	1818	906	438	388	170	24	227	71	2739	312	838	399	852	383	800	846	621	1389	303	946	990	800	380	594	502	1501	29	549	302	408	854	480	360	240	373	856	291	606	109	590	4108	965	597	434	377	125	1047	873	327	1632	303	149	28	499	412	27	150	1423	1007	689	1614	989	438	965	673	996	348	468	507	1409	637	262	242	659	1165	906	1621	481	206	2934	1487	1934	892	682	101	1798	555	952	1670	739	148	1034	2748	431	121	1625	465	612	387	121	28	222	351	526	1820	854	306	586	555	706	1446	800	1287	257	1476	177	100	530	202	422	313	392	532	269	1045	4026	159	1142	983	1052	998	457	470	105	164	388	140	233	143	2277	1999	861	406	270	1043	267	204	846	1123	547	826	1415	224	321	637	447	1110	1000	257	1032	278	441	27	838	259	292	1446	499	614	270	1803	263	231	498	380	443	434	133	2569	277	511	197	611	952	1336	952	1409	554	483	606	344	1674	1062	1444	263	305	640	470	210	201	104	603	455	146	994	312	202	297	1347	1079	1285	569	2291	700	170	465	1374	1627	800	998	387	3037	744	1393	234	1063	262	1067	231	1240	2549	481	315	1017	1473	271	438	1547	277	606	383	647	178	147	700	465	362	528	1453	261	435	1457	270	1175	466	112	268	1333	279	1017	902	265	447	434	167	278	456	838	302	189	906	470	743	1059	1174	319	571	302	2972	289
919	1230	1143	943	972	1860	869	234	943	1196	382	1364	820	1164	0	1219	1009	457	2381	1129	1221	1045	837	1507	810	1346	2824	792	1287	1088	1229	1187	1392	1226	1856	1083	338	1065	1433	794	875	419	1256	260	1027	544	582	512	804	1010	867	647	1191	665	902	832	800	1297	1503	1361	1066	1433	1135	790	1235	1076	3017	698	1219	807	787	1164	959	570	968	2342	1118	1214	1188	932	774	1181	1229	260	768	540	698	293	1291	698	1295	813	995	1004	812	319	588	1292	1122	582	134	792	1484	739	1286	1770	323	2823	788	552	1089	967	806	837	866	504	1051	811	1748	1005	1081	892	1100	1016	958	1081	1182	1341	975	854	2824	800	887	830	806	1348	413	512	2272	928	400	1133	1221	780	1065	793	976	947	645	1116	2070	3041	1213	615	1019	840	662	973	1040	1089	1224	1088	1196	1305	1046	1152	844	309	838	1431	2070	1115	1058	419	52	623	1176	905	1226	1042	588	1300	443	214	1294	273	1441	867	1186	338	1102	909	1268	932	1015	1431	1733	1293	1344	727	804	881	838	1194	1513	1101	727	1054	618	837	210	670	291	1595	880	790	875	2449	109	632	1293	968	1352	1040	1312	1351	1090	1201	1003	1202	640	885	1063	898	1576	1050	188	642	1367	557	1230	1100	1837	2216	512	662	958	2044	530	276	1355	1221	1291	868	1347	493	1542	739	958	776	1952	1112	1287	1204	1101	790	794	942	1238	1241	557	1359	849	852	752	1291	799	297	1431	382	827	1076	1111	1834	1099	776	323	1048	1300	1280	1225	1160	1003	338	902	1129	792	1040	1562	524	403	849	639	882	1970	1091
358	463	311	343	345	3024	360	1442	327	466	1037	729	541	597	1219	0	400	1246	3599	773	556	318	1375	595	511	517	1613	1332	209	230	452	609	681	645	3019	301	898	234	276	578	431	801	38	1479	344	1266	1324	1095	556	212	366	1273	614	596	489	830	1288	177	621	523	255	278	307	429	530	146	4233	1349	0	479	660	472	1512	1207	375	1169	298	467	616	299	565	621	475	1465	1413	967	1845	945	213	1349	90	1419	330	239	942	1529	647	402	357	646	1284	1332	2126	539	792	2903	1510	1606	1318	968	523	1500	417	1389	1379	716	498	1452	2956	258	503	1308	162	210	334	503	622	517	346	373	1612	1288	511	389	417	142	1334	1095	1065	519	1609	763	526	949	421	514	380	340	660	332	890	4250	455	1471	507	1477	1364	274	205	518	456	230	466	817	513	2367	2041	997	833	732	891	333	424	801	1198	791	263	1041	821	317	647	212	945	1147	411	981	669	901	618	898	346	492	1930	299	212	732	2332	403	510	542	556	913	870	473	2731	328	532	434	620	1389	1428	1326	1508	510	359	429	475	1254	1150	1210	402	396	133	205	489	582	518	21	246	463	1352	504	422	505	1914	1566	1393	878	2541	664	453	162	798	1103	1095	1364	334	3251	689	1493	522	1597	402	1499	514	1045	2750	539	396	1424	905	330	209	1991	328	429	578	291	450	488	664	255	777	375	1160	403	491	1504	732	1037	903	522	334	765	327	1424	1093	816	212	208	453	318	246	898	489	773	1332	205	345	856	1025	590	618	530	3179	320
148	235	144	132	92	2711	251	1202	155	206	955	462	196	263	1009	400	0	915	3345	398	270	81	989	507	198	351	1851	949	326	170	230	284	452	331	2707	106	670	168	675	230	537	640	433	1254	55	918	971	752	213	341	241	1266	290	348	116	435	902	355	510	365	144	678	139	349	266	350	4007	979	400	208	288	182	1121	851	65	1536	130	222	290	237	239	290	238	1269	1036	625	1548	791	328	979	488	1038	89	215	549	1287	433	283	113	449	1037	949	1730	272	468	2768	1327	1912	934	622	163	1552	300	1003	1424	533	119	1073	2680	178	141	1375	242	360	124	141	291	347	89	266	1851	902	137	326	300	533	1239	752	1302	124	1361	390	254	559	67	215	51	129	367	114	1080	3970	217	1124	723	1096	1000	198	225	158	227	170	206	495	131	2153	1854	729	437	503	1079	112	63	640	974	451	590	1155	470	82	433	339	881	879	285	833	479	503	290	670	96	113	1537	237	361	503	1932	284	348	287	213	515	475	208	2479	102	292	66	403	1003	1201	959	1278	591	221	349	134	1602	917	1207	284	47	486	225	314	377	158	398	202	210	991	135	67	127	1516	1171	1155	518	2241	486	232	242	1198	1494	752	1000	124	2973	527	1263	360	1197	281	1116	351	1007	2477	272	58	1047	1305	111	326	1609	102	349	230	386	238	253	486	386	382	268	1205	282	214	1306	503	955	509	154	108	1165	101	1047	799	423	339	319	227	158	202	670	116	398	949	225	650	820	951	210	373	152	2905	99
891	1084	1059	910	921	1796	893	464	922	1048	779	1129	725	967	457	1246	915	0	2459	864	1039	980	380	1342	742	1187	2761	336	1238	1052	1086	985	1177	1011	1792	1015	450	1035	1506	688	1037	605	1285	537	954	86	131	167	707	1068	885	1092	987	655	799	564	349	1262	1327	1200	1024	1507	1054	860	1063	1124	3145	242	1246	768	629	1015	504	131	902	2415	1044	1066	983	951	690	975	1078	625	315	289	647	588	1241	242	1334	358	943	1007	489	517	629	1170	1022	643	353	336	1068	707	1022	2068	699	2825	333	293	925	1418	848	379	1311	612	903	360	1782	992	927	1326	1094	1081	922	927	975	1180	922	884	2761	349	777	892	848	1388	870	167	2215	798	561	872	1051	458	948	736	903	913	586	1028	1986	3064	1070	234	1231	390	210	972	1042	927	1080	1052	1048	1034	892	1344	1115	317	567	1204	1985	1026	941	605	408	464	1299	1286	948	978	629	1251	801	260	1169	604	1238	558	980	450	1010	801	849	951	1080	1204	1313	1171	1187	705	707	566	547	1044	1604	1018	717	933	648	379	496	213	540	1489	888	860	793	2498	371	1068	1171	890	1366	1042	1159	1168	928	1234	1001	1056	188	780	946	787	1119	594	439	404	1330	648	1087	1094	1984	2334	167	210	922	2071	653	528	1194	764	1169	419	1188	895	1582	707	884	323	2099	1026	1238	828	1018	860	688	1029	1096	1085	648	1301	605	882	1171	1169	756	645	1204	779	522	914	1023	1967	1016	323	203	766	1251	1231	1082	1072	1001	450	799	864	336	1042	1555	847	796	708	637	763	2005	1013
3281	3536	3487	3305	3328	881	3245	2158	3308	3501	2641	3584	3148	3426	2381	3599	3345	2459	0	3316	3497	3396	2598	3800	3152	3643	5192	2601	3650	3452	3538	3444	3635	3470	886	3434	2704	3431	3811	3115	3243	2800	3637	2120	3374	2486	2451	2625	3131	3391	3241	2607	3446	3023	3229	3022	2652	3665	3786	3657	3427	3811	3481	3170	3521	3457	732	2508	3599	3162	3074	3467	2567	2560	3316	4711	3466	3519	3443	3307	3106	3434	3532	2146	2496	2739	1811	2665	3653	2508	3676	2528	3351	3377	2938	2071	2958	3616	3457	2956	2319	2601	2429	3094	3470	1254	2114	5204	2613	2746	3379	2678	3184	2582	2699	2883	3353	2490	689	3375	3379	2790	3473	3398	3318	3379	3434	3637	3330	3230	5192	2652	3210	3210	3184	3729	2387	2625	4641	3239	1992	3324	3508	2909	3388	3139	3322	3308	2982	3458	4425	714	3521	2306	3351	2489	2464	3345	3414	3381	3532	3452	3501	3478	3343	1264	1614	2620	3025	3659	4424	3456	3381	2800	2401	2900	3546	3009	3391	3393	2958	3663	2735	2468	3617	2634	3696	3008	3440	2704	3441	3234	2397	3307	3396	3659	2532	3618	3643	3085	3131	3012	3003	3497	868	3445	3089	3375	2986	2582	2171	2510	2091	3934	3253	3170	3213	4825	2450	2653	3618	3311	3732	3414	3614	3627	3382	3582	3376	3508	2461	3211	3387	3221	2893	2604	2207	2859	1170	2935	3539	3473	4175	4565	2625	2464	3318	442	2911	2106	3650	2775	3615	2490	3644	2694	878	3094	3303	2490	4286	3454	3650	2201	3445	3170	3115	3323	3548	3540	2935	3719	3064	3228	2789	3616	3151	2107	3659	2641	2974	3368	3452	4182	3443	2490	2546	3216	3663	3643	3533	3503	3375	2704	3229	3316	2601	3414	3939	2833	2660	3150	2999	3199	480	3437
528	351	462	521	487	2607	625	1267	545	328	1201	268	421	189	1129	773	398	864	3316	0	259	470	776	524	465	399	1974	752	626	552	359	188	326	183	2603	475	826	558	1035	418	918	868	799	1332	450	829	865	703	425	740	612	1541	186	589	385	306	700	667	500	409	532	1038	466	703	292	747	4008	823	773	510	370	310	877	755	454	1819	474	338	182	628	454	174	339	1380	856	610	1506	997	626	823	853	840	487	613	377	1341	671	450	415	697	1108	752	1437	536	160	2888	1449	2108	739	600	249	1853	653	793	1724	768	282	879	2633	577	270	1690	629	759	517	270	173	394	484	635	1976	700	377	692	653	889	1451	703	1453	333	1402	11	286	407	356	485	442	519	546	440	1208	3900	348	1014	1115	894	861	595	623	254	353	552	328	176	268	2200	1941	819	301	344	1205	439	354	868	1082	508	987	1502	100	473	671	635	1148	943	444	1040	391	308	179	826	427	375	1268	628	759	344	1615	450	403	553	425	303	316	321	2467	445	570	345	650	793	1280	815	1348	727	596	703	427	1859	1021	1488	451	429	825	623	390	351	255	776	600	335	861	386	355	372	1158	902	1226	494	2167	739	359	629	1559	1816	703	861	517	2917	782	1333	404	876	450	906	402	1280	2437	536	436	866	1659	442	626	1377	445	703	418	779	367	335	739	654	280	637	1515	449	506	1412	344	1201	342	252	438	1519	446	866	836	100	635	621	356	458	601	826	385	0	752	623	932	1112	1203	347	605	364	2855	455
418	98	252	400	358	2819	521	1392	421	89	1212	193	411	77	1221	556	270	1039	3497	259	0	307	1013	302	436	151	1741	984	382	365	108	70	184	90	2814	292	890	379	801	430	800	887	576	1451	299	1020	1065	872	424	580	511	1531	72	589	336	483	932	424	289	163	354	804	259	620	33	567	4177	1042	556	463	437	94	1124	948	335	1560	275	89	76	498	456	85	85	1480	1084	759	1687	1033	381	1042	626	1073	346	457	584	1473	677	192	216	697	1227	984	1695	517	235	2991	1544	1857	970	752	132	1822	570	1029	1693	779	176	1112	2821	421	145	1645	438	597	390	145	85	145	354	536	1742	932	344	596	570	655	1488	872	1210	298	1541	247	30	607	203	457	321	397	581	243	968	4100	102	1218	973	1129	1074	451	453	134	103	365	89	260	177	2342	2059	921	481	233	966	242	207	887	1181	610	797	1425	275	311	677	389	1143	1063	186	1076	222	518	79	890	238	327	1522	498	598	233	1874	193	153	534	424	521	510	83	2639	255	544	204	649	1029	1397	1029	1471	476	491	620	375	1600	1120	1473	194	317	586	453	133	131	133	564	445	92	1071	349	203	334	1413	1155	1347	638	2366	737	107	438	1319	1562	872	1074	390	3110	780	1456	157	1135	192	1144	153	1271	2621	517	328	1094	1415	247	382	1625	255	620	430	640	113	77	737	400	436	538	1475	192	466	1516	233	1212	543	146	243	1276	257	1094	967	341	389	378	106	240	446	890	336	259	984	453	675	1087	1210	372	612	345	3045	269
135	246	100	111	74	2775	227	1246	125	227	961	500	254	317	1045	318	81	980	3396	470	307	0	1067	498	244	354	1796	1027	258	88	239	336	479	381	2770	38	706	88	594	291	494	659	351	1295	27	987	1042	819	272	277	220	1259	342	380	184	515	980	283	507	366	63	596	91	332	294	276	4053	1053	318	237	360	212	1201	922	79	1459	72	238	343	194	292	345	253	1303	1113	691	1607	811	261	1053	406	1115	52	151	629	1332	459	264	99	470	1082	1027	1811	306	524	2794	1359	1845	1012	689	225	1536	287	1082	1408	554	188	1150	2735	115	202	1354	162	295	97	202	345	350	70	244	1796	980	207	301	287	452	1251	819	1245	203	1408	462	284	638	116	256	76	107	414	80	1030	4027	230	1193	667	1173	1073	145	153	220	238	88	227	551	202	2195	1889	776	518	531	1029	79	116	659	1013	515	516	1123	535	4	459	272	882	928	268	852	496	585	343	706	74	184	1617	194	296	531	2014	265	349	317	272	596	555	230	2529	64	318	125	429	1082	1242	1033	1320	550	201	332	186	1528	957	1199	265	89	407	153	316	393	219	317	138	228	1064	202	117	198	1597	1252	1198	588	2302	504	240	162	1117	1413	819	1073	97	3029	543	1305	362	1279	262	1194	353	1005	2531	306	95	1124	1224	75	258	1687	64	332	291	333	244	269	504	324	462	247	1187	263	246	1341	531	961	589	219	76	1083	61	1124	853	502	272	251	236	119	139	706	184	470	1027	153	577	814	955	284	405	223	2960	50
1022	1086	1121	1034	1030	1846	1060	821	1053	1054	1140	1037	836	936	837	1375	989	380	2598	776	1013	1067	0	1299	871	1164	2750	51	1308	1153	1092	946	1101	955	1841	1095	764	1143	1650	800	1274	911	1412	894	1040	293	263	382	822	1236	1049	1466	946	848	887	556	87	1341	1276	1175	1125	1652	1119	1063	1044	1280	3310	145	1375	913	714	1025	148	278	1001	2524	1115	1069	942	1107	819	933	1077	992	107	469	836	934	1310	145	1466	69	1046	1144	442	857	860	1184	1075	882	730	51	770	872	910	2365	1066	2868	62	462	934	1794	1036	16	1684	882	931	108	1909	1119	944	1693	1213	1253	1042	944	932	1158	1029	1057	2751	87	864	1084	1036	1515	1250	382	2223	864	879	787	1034	429	996	875	997	1036	765	1090	1980	3149	1076	333	1484	117	192	1110	1173	938	1085	1153	1054	912	916	1600	1424	645	554	1112	1978	1088	990	911	788	614	1492	1627	829	1067	860	1320	1149	635	1181	957	1167	499	939	764	1072	885	561	1107	1252	1112	1000	1185	1166	877	822	494	518	1048	1782	1085	894	981	867	16	860	169	890	1490	1046	1063	900	2586	748	1438	1186	981	1474	1173	1146	1125	938	1368	1134	1061	211	871	995	871	742	229	805	513	1431	902	1092	1213	2160	2478	382	192	1042	2182	922	880	1169	383	1184	130	1166	1255	1724	872	980	110	2272	1089	1308	620	1085	1063	800	1222	1101	1078	902	1359	609	1057	1532	1184	901	1008	1112	1140	484	927	1085	2134	1084	110	550	679	1320	1301	1088	1128	1135	764	887	776	51	1173	1634	1179	1156	785	839	846	2125	1085
633	276	402	610	570	3118	724	1687	623	310	1459	288	686	376	1507	595	507	1342	3800	524	302	498	1299	0	701	160	1450	1274	386	506	278	360	214	344	3114	465	1171	529	758	712	959	1147	596	1743	506	1322	1365	1175	702	713	718	1757	359	854	605	784	1221	419	36	146	513	762	411	829	279	674	4478	1338	595	715	733	342	1401	1249	561	1361	432	292	362	681	732	372	277	1767	1376	1061	1989	1298	382	1338	628	1362	550	617	881	1769	940	235	403	956	1521	1274	1945	779	416	3272	1828	1593	1260	1054	423	2027	785	1316	1900	1040	457	1401	3124	591	428	1841	553	726	596	428	372	166	566	742	1452	1221	619	796	785	633	1746	1175	932	579	1839	513	292	905	444	720	550	606	861	418	684	4402	293	1518	1090	1417	1372	628	596	423	282	506	310	426	463	2638	2349	1213	782	232	681	419	451	1147	1469	908	858	1596	491	502	940	382	1380	1358	230	1340	153	814	366	1171	426	597	1785	681	727	232	2106	234	162	793	702	814	809	312	2941	434	799	454	910	1316	1690	1326	1765	232	699	829	636	1378	1409	1696	234	552	554	596	194	176	422	612	609	304	1369	621	446	608	1618	1423	1641	940	2668	993	277	553	1228	1404	1175	1372	596	3412	1034	1750	152	1378	237	1430	159	1503	2924	779	563	1386	1308	422	386	1901	434	829	712	792	269	266	993	347	738	744	1678	236	721	1803	232	1459	841	436	422	1176	437	1386	1266	620	382	387	282	382	609	1171	605	524	1274	596	541	1312	1453	662	878	624	3347	448
153	425	336	169	179	2534	198	1005	184	393	776	612	47	400	810	511	198	742	3152	465	436	244	871	701	0	543	2040	826	501	309	422	425	619	471	2530	281	472	292	782	74	473	451	549	1056	222	756	813	586	53	367	186	1100	430	153	99	355	785	522	701	557	282	784	329	247	442	408	3811	838	511	50	165	363	1013	695	164	1679	314	411	428	236	53	425	426	1070	903	458	1363	599	504	838	601	912	201	274	457	1090	241	481	311	261	840	826	1634	81	582	2571	1129	2085	812	457	305	1401	200	885	1272	343	260	943	2491	253	291	1232	354	384	180	291	425	538	181	201	2040	785	95	247	200	653	1052	586	1490	143	1165	461	429	456	256	21	169	172	170	308	1273	3783	408	962	683	969	852	240	306	303	418	309	393	607	260	1955	1655	533	360	666	1272	306	249	451	776	280	627	1037	557	241	241	515	709	684	483	642	657	435	427	472	292	109	1431	236	384	666	1850	482	540	97	53	451	396	392	2285	294	110	247	213	885	1002	815	1080	788	178	247	65	1756	718	1044	483	159	625	306	507	559	304	502	265	398	841	88	255	103	1473	1074	957	366	2059	301	424	354	1289	1613	586	852	180	2785	344	1065	551	1131	480	992	543	839	2287	81	151	914	1401	304	501	1483	294	247	74	367	431	439	301	568	311	201	1058	481	43	1107	666	776	424	292	302	1263	292	914	609	444	515	494	419	352	266	472	99	465	826	306	812	660	774	126	177	102	2716	285
486	117	265	463	422	2970	582	1526	479	150	1307	227	527	228	1346	517	351	1187	3643	399	151	354	1164	160	543	0	1590	1135	314	379	121	218	167	216	2965	325	1011	400	728	552	835	991	528	1583	358	1170	1215	1019	542	596	574	1612	218	696	446	634	1083	355	158	14	380	731	275	686	123	567	4319	1193	517	559	573	182	1273	1098	409	1431	295	132	222	545	573	231	117	1607	1236	903	1834	1141	312	1193	570	1225	404	487	735	1609	783	114	255	800	1361	1135	1836	621	330	3113	1668	1709	1121	897	264	1890	640	1180	1762	884	296	1263	2968	457	267	1707	438	611	450	267	231	6	418	599	1591	1083	459	655	640	588	1591	1019	1059	419	1679	388	136	758	287	562	397	459	701	274	816	4250	135	1368	985	1280	1226	493	472	263	124	379	150	349	303	2478	2189	1053	632	215	814	275	294	991	1309	748	776	1471	392	358	783	316	1231	1198	106	1184	153	670	225	1011	280	438	1667	545	612	215	2009	114	7	636	542	672	661	152	2783	290	644	295	754	1180	1530	1180	1605	327	555	686	478	1463	1249	1552	114	398	512	472	37	69	262	530	477	144	1222	462	288	448	1537	1302	1481	784	2515	838	119	438	1230	1447	1019	1226	450	3258	879	1589	8	1273	115	1295	3	1356	2768	621	409	1246	1320	279	314	1774	290	686	552	669	113	106	838	306	586	601	1541	114	565	1643	215	1307	694	276	278	1183	293	1246	1106	489	316	313	124	247	478	1011	446	399	1135	472	561	1167	1302	502	720	464	3192	305
1911	1682	1707	1888	1864	4555	1954	3037	1885	1716	2645	1722	2047	1818	2824	1613	1851	2761	5192	1974	1741	1796	2750	1450	2040	1590	0	2724	1542	1741	1678	1806	1654	1794	4550	1759	2492	1762	1461	2081	2022	2411	1579	3081	1819	2753	2801	2595	2064	1826	1956	2840	1806	2169	1968	2222	2671	1528	1474	1578	1765	1464	1713	2038	1712	1759	5841	2783	1613	2030	2131	1749	2850	2682	1876	875	1727	1699	1809	1892	2088	1819	1688	3075	2825	2472	3400	2558	1538	2783	1550	2813	1841	1820	2325	3124	2238	1591	1740	2242	2874	2724	3369	2098	1853	4509	3122	403	2709	2467	1840	3003	2018	2767	2897	2320	1858	2851	4532	1819	1836	2810	1724	1823	1874	1836	1819	1596	1862	1970	6	2671	1988	1997	2018	1500	2940	2595	552	1963	3201	1963	1724	2348	1813	2053	1871	1884	2211	1737	775	5822	1694	2955	2000	2867	2815	1851	1784	1838	1684	1741	1716	1857	1870	3976	3655	2572	2221	1651	777	1739	1820	2411	2798	2302	1741	2523	1933	1799	2238	1528	2551	2724	1592	2595	1588	2260	1813	2492	1754	1964	3224	1892	1825	1651	3506	1590	1588	2107	2064	2262	2251	1721	4325	1749	2104	1827	2209	2767	3029	2770	3109	1272	1944	2038	1981	719	2746	2777	1590	1882	1480	1784	1611	1625	1837	1633	1821	1709	2811	1986	1815	1977	2990	2868	2989	2357	4091	2267	1677	1724	1387	1125	2595	2815	1874	4825	2296	3093	1583	2803	1592	2880	1587	2639	4328	2098	1890	2835	1343	1740	1542	3349	1749	2038	2081	1903	1668	1684	2267	1472	2173	1972	2697	1592	2040	3114	1651	2645	2284	1850	1743	1337	1751	2835	2649	2071	1528	1549	1682	1693	1821	2492	1968	1974	2724	1784	1268	2457	2631	2053	2194	2000	4756	1756
978	1054	1083	990	987	1860	1014	784	1009	1021	1090	1016	792	906	792	1332	949	336	2601	752	984	1027	51	1274	826	1135	2724	0	1270	1111	1059	917	1079	929	1856	1056	712	1101	1607	756	1225	859	1369	857	1000	249	226	331	778	1190	1003	1417	918	799	845	519	52	1303	1251	1147	1084	1609	1081	1014	1014	1235	3311	112	1332	867	671	991	199	228	959	2485	1076	1037	914	1061	774	905	1045	954	106	418	826	883	1272	112	1423	90	1004	1100	407	824	809	1152	1038	831	688	0	820	824	891	2343	1027	2836	14	411	900	1746	988	60	1635	831	895	128	1913	1075	910	1643	1171	1207	998	910	905	1129	987	1010	2725	52	822	1036	988	1473	1205	331	2194	824	850	763	1004	391	959	829	956	992	716	1052	1952	3160	1044	315	1434	147	163	1066	1129	904	1053	1111	1021	895	880	1584	1398	594	518	1092	1950	1050	953	859	742	565	1444	1576	810	1026	809	1283	1098	587	1148	907	1144	466	911	712	1034	843	609	1061	1206	1092	1051	1152	1137	829	778	463	483	1015	1778	1046	846	943	817	60	822	131	855	1460	1000	1014	857	2548	700	1388	1153	940	1434	1129	1116	1098	904	1325	1090	1029	178	829	957	830	791	281	766	465	1437	851	1060	1171	2115	2436	331	163	998	2189	871	845	1141	430	1151	167	1138	1204	1725	824	938	114	2228	1051	1270	660	1046	1014	756	1174	1069	1047	851	1322	572	1010	1482	1151	855	970	1092	1090	448	893	1047	2090	1045	114	501	654	1283	1263	1055	1091	1091	712	845	752	0	1129	1597	1128	1105	743	789	804	2131	1046
369	284	186	345	322	3033	424	1495	344	299	1160	536	513	438	1287	209	326	1238	3650	626	382	258	1308	386	501	314	1542	1270	0	199	274	445	482	473	3029	222	951	221	420	549	598	884	214	1541	283	1243	1297	1076	530	351	424	1427	449	627	439	752	1222	42	412	319	222	423	189	521	351	300	4302	1304	209	488	614	315	1436	1177	337	1218	195	293	452	366	550	459	297	1542	1360	949	1864	1035	4	1304	256	1360	299	292	865	1582	698	204	232	705	1332	1270	2035	556	615	3016	1594	1587	1255	947	390	1675	490	1323	1550	786	381	1395	2992	283	374	1485	201	359	331	374	459	315	320	441	1542	1222	462	481	490	276	1456	1076	990	449	1659	615	351	879	311	511	334	341	669	217	783	4284	281	1449	707	1417	1326	317	259	385	279	199	299	638	396	2439	2126	1030	753	530	782	220	317	884	1258	773	473	1228	656	260	698	13	1073	1181	212	1075	463	813	454	951	236	438	1848	366	361	530	2227	204	307	565	530	822	790	306	2782	224	562	327	668	1323	1488	1284	1568	334	408	521	445	1278	1204	1364	204	347	204	259	291	382	385	226	289	293	1317	458	313	452	1784	1480	1447	843	2560	733	275	201	936	1194	1076	1326	331	3286	767	1552	319	1487	204	1437	312	1185	2787	556	353	1371	1034	219	0	1928	224	521	549	435	269	306	733	72	698	444	1330	204	498	1581	530	1160	824	393	222	894	225	1371	1110	687	13	6	276	180	290	951	439	626	1270	259	326	993	1151	536	652	477	3216	226
