NAME : VRPTW_INSTANCE_149.txt
COMMENT : Bangkok Supermarket
TYPE : VRPTW
DIMENSION : 283
DAYS : Monday
EDGE_WEIGHT_TYPE : EXPLICIT
VEHICLES : 36
EDGE_WEIGHT_FORMAT : FULL_MATRIX
CAPACITY : 1000
EDGE_WEIGHT_SECTION
0	304	991	225	2010	256	212	190	890	1124	1994	346	239	473	397	505	557	1055	395	418	1730	582	150	310	407	1239	1670	623	213	29	890	346	1792	243	358	206	226	1727	862	214	185	996	150	1627	332	737	199	287	118	193	1627	126	221	633	1028	288	1727	940	413	408	202	562	258	1010	365	199	201	1217	501	373	400	330	1014	447	46	438	608	101	395	1321	582	88	170	150	891	133	830	351	194	111	1117	815	528	1994	724	179	25	185	580	29	103	1666	1126	185	97	582	351	37	1442	1850	135	118	111	33	1005	1974	1460	1090	201	485	862	437	976	1135	359	650	1165	230	2341	120	199	124	366	830	489	155	672	2920	188	216	246	404	776	728	423	284	529	1111	1865	244	1052	170	3006	172	202	497	1624	347	1418	2239	300	2546	400	223	2560	207	322	350	524	1971	395	1124	485	1056	1213	218	202	284	373	399	171	582	63	590	623	401	394	3009	174	910	359	910	3570	120	474	1005	1382	1355	590	583	185	834	246	309	1819	23	656	1146	300	165	97	197	104	1224	737	440	1994	214	83	1251	78	178	202	94	530	1844	351	379	127	1047	481	1190	255	208	132	618	428	716	133	366	1035	366	650	719	207	139	595	403	290	428	1052	352	198	932	143	544	218	428	422	1087	152	496	395	528	399	402	309	243	663	28	736	1653	524	530	1992	309	153	1231	367	996	1028	218	1221
304	0	951	214	1925	523	505	383	661	1363	1841	131	210	359	641	396	569	1017	633	134	1572	757	322	505	655	1469	1549	319	187	331	1126	131	1969	213	518	220	213	1785	1120	101	200	911	419	1463	547	760	190	213	421	412	1463	427	214	920	1227	17	1785	911	657	130	375	292	455	930	157	230	394	1361	800	156	132	544	933	236	351	133	305	331	417	1167	460	355	298	322	759	215	1084	128	188	193	1081	922	254	1841	674	195	313	277	438	331	407	1506	1264	277	400	757	117	268	1493	1994	334	339	351	282	979	1981	1413	1025	394	211	1120	235	963	1256	606	744	1211	498	2350	423	190	333	613	1085	271	324	405	2997	117	389	514	645	953	867	119	484	255	1412	1750	271	1000	298	3026	200	501	274	1614	126	1639	2081	516	2741	317	184	2649	189	44	404	251	2051	417	1363	264	1000	1346	98	501	484	156	246	249	757	251	469	320	247	252	3180	210	916	606	1196	3701	423	578	979	1255	1572	289	444	277	763	211	309	1772	296	357	1220	516	215	400	112	408	1497	760	235	1841	103	222	1544	380	210	375	211	256	1973	128	118	191	904	256	1350	522	102	212	321	670	952	215	544	1007	158	363	900	172	392	484	248	581	617	1000	136	181	1185	249	266	98	670	148	1336	456	271	656	254	252	247	9	213	440	288	875	1800	251	256	1827	526	373	1377	160	975	1227	280	1099
991	951	0	1115	2866	1217	982	1180	639	1114	1091	1082	1120	1310	849	556	1500	66	831	1042	857	658	1130	1301	862	1151	730	1042	1086	1010	1824	1082	1348	1124	1349	1108	1115	895	1057	991	1078	144	1128	784	789	285	1079	1145	1010	843	784	997	1113	1481	870	955	895	58	850	1048	1189	1163	790	131	1107	1112	816	754	1316	1105	1059	787	133	1177	1003	966	1039	1090	1336	515	501	1078	1135	1130	317	1046	1020	1077	844	969	2031	457	823	1091	1623	1069	1016	808	532	1010	1016	807	675	808	1008	658	1065	974	613	1270	862	882	1102	1008	50	1035	2364	120	816	835	1057	732	85	619	856	1634	373	1196	1402	1012	1079	874	858	1022	1202	837	1249	2099	963	794	1209	841	679	554	969	783	824	1557	906	1168	68	1135	2080	855	1005	1203	2563	1077	1236	1334	800	2115	638	1090	1774	1084	993	1305	822	1181	1336	1114	1195	78	712	992	1005	783	1105	1198	830	658	1007	1419	1058	1198	1204	2463	846	152	856	1263	2875	1012	1457	50	486	1175	930	523	808	196	787	693	831	1010	935	456	800	852	1008	983	1011	1389	285	735	1091	995	983	1569	992	843	1189	961	825	1213	1077	1056	1009	345	1186	803	1216	984	1043	1101	846	885	1046	1357	1957	1108	1167	683	1068	1127	473	1199	1203	719	68	1086	845	1068	1085	833	992	846	1065	1146	1020	1198	901	823	1203	1199	942	1124	649	1008	553	1111	822	825	1115	800	1144	775	1109	62	870	777	352
225	214	1115	0	1808	349	431	192	876	1350	2048	162	14	249	622	575	384	1181	620	261	1780	796	141	299	632	1465	1747	478	30	237	919	162	2012	17	305	19	1	1907	1086	129	43	1093	263	1671	552	892	36	62	329	408	1671	342	4	745	1250	200	1907	1070	639	246	177	371	469	1110	171	30	406	1427	648	180	233	549	1114	237	261	318	464	181	220	1372	647	217	106	141	956	94	1054	171	274	161	930	1009	467	2048	525	51	214	333	631	237	311	1713	1334	333	309	796	177	206	1617	2062	335	326	197	191	1138	2130	1271	1201	406	424	1086	439	1116	1337	585	537	1336	327	2499	331	36	326	591	1055	277	343	472	3110	152	414	341	629	992	932	303	498	467	1305	1947	58	1170	106	3171	267	417	286	1453	166	1644	2289	519	2769	479	29	2754	31	197	196	464	2161	220	1350	275	1171	1419	130	417	498	180	177	304	796	164	368	472	179	170	3228	277	1059	585	1123	3780	331	366	1138	1453	1580	483	637	333	938	328	427	1945	203	550	1329	519	274	309	134	315	1443	892	439	2048	126	165	1457	298	279	177	178	468	2051	171	213	119	1105	273	1405	348	136	96	454	653	941	94	333	851	171	469	935	47	230	668	181	424	643	1170	166	271	1157	87	478	130	653	253	1312	361	286	620	467	176	180	223	17	653	196	940	1865	464	468	2036	529	198	1442	171	1131	1250	356	1295
2010	1925	2866	1808	0	1930	2167	1847	2386	3060	3562	1794	1799	1575	2385	2312	1458	2931	2389	1824	3306	2593	1864	1787	2390	3183	3355	1851	1833	2009	1827	1794	3785	1794	1721	1823	1808	3708	2778	1910	1852	2803	1944	3192	2341	2684	1844	1761	2073	2204	3192	2090	1812	2071	3018	1924	3708	2831	2400	1818	1827	1707	2269	2823	1768	1824	2209	3228	2128	1768	1808	2339	2826	1692	2029	1900	1851	1921	1615	2950	2365	1953	1840	1864	2622	1899	2758	1797	2073	1970	905	2818	2051	3562	1287	1860	1990	2141	2334	2009	2057	3239	3137	2141	2060	2593	1808	2005	3417	3860	2138	2126	1922	1979	2899	3901	574	2925	2209	2034	2778	2133	2886	3144	2350	1453	3135	1932	4269	2073	1844	2128	2355	2757	1664	2150	1635	4917	1945	2220	1931	2394	2783	2738	1896	2295	2051	2758	3555	1771	2908	1840	4946	2071	2143	1663	566	1799	3370	3770	2309	4509	2243	1826	4563	1837	1881	1663	2052	3968	1615	3060	1671	2906	3224	1907	2143	2295	1768	1682	2112	2593	1962	1458	1834	1681	1679	4996	2081	2842	2350	2720	5580	2073	1587	2899	3074	3312	1959	2343	2141	2672	2119	2222	3662	1987	1976	3136	2309	2080	2060	1923	2063	3052	2684	2131	3562	1907	1971	2960	2060	2083	1827	1986	2050	3855	1797	1813	1928	2736	1680	3198	1929	1918	1901	1786	2414	2684	1899	1738	990	1767	1722	2726	1848	1923	2392	1680	2008	2438	2908	1789	2069	2854	1873	2045	1907	2414	1801	3003	2091	1668	2365	2051	1678	1681	1933	1794	2251	1983	2746	3662	2052	2050	3517	2318	1887	3242	1765	2896	3018	2163	2939
256	523	1217	349	1930	0	261	160	1144	1134	2244	511	363	532	475	759	488	1280	484	606	1981	708	209	143	476	1256	1914	823	361	228	635	511	1857	364	209	332	351	1889	854	421	336	1236	108	1879	466	947	351	402	206	374	1879	220	346	398	1092	506	1889	1163	488	592	180	720	433	1249	521	320	400	1329	302	530	580	466	1253	580	225	650	808	192	372	1573	836	175	243	209	1142	308	830	519	449	344	1024	974	768	2244	677	337	234	434	836	228	200	1918	1246	434	209	708	525	288	1615	1946	360	339	171	258	1226	2163	1361	1322	400	724	854	690	1193	1267	444	492	1347	25	2527	205	351	349	447	830	618	387	816	3058	411	423	9	485	880	869	634	447	769	980	2106	320	1281	243	3182	428	236	627	1492	515	1442	2489	443	2581	654	369	2692	356	525	320	764	2116	373	1134	616	1286	1333	425	236	447	530	508	424	708	282	625	819	511	498	3066	430	1121	444	837	3663	205	342	1226	1629	1383	812	838	434	1074	502	558	2037	248	880	1311	443	421	209	410	205	1170	947	693	2244	420	315	1148	227	434	180	335	770	1953	519	559	333	1299	616	1288	1	420	311	803	501	755	308	192	939	521	819	823	368	131	847	512	88	564	1281	515	453	929	278	783	425	501	601	1081	201	628	445	768	505	511	530	364	917	255	877	1749	764	770	2244	447	153	1340	521	1215	1092	467	1467
212	505	982	431	2167	261	0	322	1016	925	2039	559	446	673	219	593	709	1043	225	627	1782	447	319	389	223	1043	1697	824	424	195	842	559	1619	449	454	411	432	1628	656	423	395	1018	222	1686	207	704	409	494	103	157	1686	88	427	517	852	490	1628	926	234	617	343	774	194	1029	578	403	190	1073	360	586	611	207	1033	659	170	638	810	262	562	1380	666	225	352	319	952	343	626	564	350	318	1264	713	701	2039	890	390	217	286	675	195	120	1721	988	286	122	447	563	243	1354	1696	197	182	255	244	986	1905	1605	1094	190	661	656	584	950	1007	185	748	1088	249	2268	101	409	191	189	626	701	222	885	2798	393	214	256	229	623	607	624	199	701	906	1883	438	1049	352	2921	328	25	709	1746	559	1226	2285	187	2360	495	433	2433	417	529	511	696	1855	562	925	697	1055	1075	428	25	199	586	608	295	447	276	785	826	610	602	2833	324	875	185	697	3415	101	587	986	1419	1163	779	675	286	858	380	388	1790	230	843	1050	187	315	122	406	116	1012	704	588	2039	423	294	1040	134	327	343	298	703	1698	564	590	340	1108	694	1035	261	417	344	826	247	524	343	445	1179	579	860	566	418	245	669	612	223	303	1049	564	356	728	344	718	428	247	632	883	76	708	199	701	608	611	508	449	797	238	615	1499	696	703	2046	189	283	1084	580	974	852	312	1260
190	383	1180	192	1847	160	322	0	1030	1242	2168	354	204	378	539	678	388	1245	542	452	1902	751	62	129	544	1362	1851	669	207	176	745	354	1941	205	168	176	193	1912	967	282	186	1180	103	1797	498	928	198	242	226	371	1797	243	189	553	1174	366	1912	1129	554	438	22	560	437	1195	362	163	386	1385	462	372	425	497	1199	419	191	503	655	89	241	1493	754	110	87	62	1066	172	940	363	356	231	946	997	636	2168	568	189	165	372	747	176	210	1837	1297	372	214	751	369	206	1629	2013	325	306	81	172	1195	2163	1288	1277	386	592	967	578	1167	1310	503	460	1353	141	2531	226	198	313	508	940	457	346	656	3099	282	403	153	548	937	903	487	459	636	1134	2047	159	1240	87	3194	338	300	466	1442	358	1546	2412	468	2682	573	214	2737	202	378	189	632	2151	241	1242	456	1244	1384	286	300	459	372	348	352	751	178	480	664	351	338	3156	344	1101	503	975	3734	226	285	1195	1561	1484	667	750	372	1020	414	492	2010	170	735	1330	468	337	214	275	216	1304	928	580	2168	280	208	1296	217	348	22	231	638	2012	363	404	205	1221	456	1352	159	284	176	646	568	846	172	180	861	362	659	880	217	76	770	351	242	597	1240	358	357	1041	134	649	286	568	445	1196	245	467	522	636	345	351	391	205	803	171	911	1816	632	638	2163	475	41	1398	362	1187	1174	403	1400
890	661	639	876	2386	1144	1016	1030	0	1577	1212	756	871	961	1019	433	1207	684	1002	669	945	966	968	1158	1036	1649	969	548	848	919	1773	756	1962	874	1178	881	874	1523	1422	753	858	513	1036	831	917	678	850	869	978	863	831	975	876	1517	1363	676	1523	642	1030	683	1027	717	852	533	771	890	829	1344	1371	764	698	913	534	802	927	585	552	959	1071	564	375	970	951	968	321	858	1381	748	696	804	1646	936	414	1212	1265	852	910	733	352	919	973	877	1252	733	963	966	736	856	1248	1904	823	841	978	886	688	1598	1948	631	829	454	1422	454	706	1210	1001	1399	1009	1118	1949	980	850	831	1007	1383	807	796	761	2706	748	807	1135	1017	1100	967	598	869	414	1849	1170	933	643	951	2621	718	1026	803	2178	750	1774	1443	903	2739	521	846	2396	850	685	1064	417	1811	1070	1577	801	634	1309	751	1026	869	764	859	732	966	864	1037	565	858	870	3101	717	719	1001	1578	3507	980	1238	688	688	1709	456	356	733	475	648	628	1302	896	419	1078	903	727	963	757	970	1804	678	452	1212	756	831	1926	941	714	1027	810	413	1851	748	708	824	370	792	1373	1143	750	854	614	1036	1229	858	1201	1586	772	673	1072	832	1017	386	859	1178	914	643	758	692	1462	898	408	751	1036	691	1584	1006	798	1062	414	866	859	652	874	228	889	971	1737	417	413	1186	910	1010	1365	773	696	1363	705	563
1124	1363	1114	1350	3060	1134	925	1242	1577	0	2125	1453	1364	1596	730	1194	1620	1130	734	1497	1932	634	1244	1277	718	123	1758	1651	1337	1114	1415	1453	765	1367	1344	1331	1350	1140	281	1309	1310	1243	1139	1878	816	917	1323	1412	1028	956	1878	1012	1346	1055	247	1351	1140	1066	713	1491	1264	1654	908	1237	1477	1323	970	513	950	1482	1490	819	1240	1563	1090	1476	1639	1188	1484	1629	1223	1151	1277	1244	1329	1257	303	1456	1174	1210	2155	667	1458	2125	1806	1303	1136	1086	1257	1114	1045	1893	518	1086	1045	634	1452	1146	990	922	1035	1037	1180	1158	1076	1514	2487	1222	970	1433	281	1313	1031	587	767	1608	885	1135	1812	1026	1323	1040	760	303	1605	1040	1768	2099	1273	973	1134	724	476	611	1467	878	1459	621	1880	1362	1169	1277	2367	1162	944	1611	2593	1452	311	2350	847	1448	1163	1347	1729	1331	1399	1431	1454	1247	1484	0	1600	1182	556	1314	944	878	1482	1523	1113	634	1186	1711	1658	1525	1518	1943	1152	963	767	411	2580	1026	1475	1076	1579	258	1569	1249	1086	1157	1165	1092	1598	1146	1619	775	847	1147	1045	1292	1040	297	917	1319	2125	1311	1194	526	1054	1153	1264	1190	1461	967	1456	1471	1244	1432	1595	430	1134	1301	1256	1674	699	411	1257	1323	2070	1478	1723	508	1329	1166	1203	1526	1052	749	1169	1459	1181	206	1265	1477	1314	699	1509	79	1001	1609	730	1458	1523	1525	1361	1367	1434	1153	607	748	1454	1461	2171	837	1206	504	1479	1059	247	1086	1464
1994	1841	1091	2048	3562	2244	2039	2168	1212	2125	0	1953	2047	2168	1933	1490	2406	1046	1914	1874	269	1749	2110	2297	1947	2127	369	1759	2018	2019	2874	1953	2056	2051	2332	2048	2047	1299	2127	1919	2021	1023	2143	381	1862	1373	2017	2054	2045	1887	381	2035	2047	2553	1880	1853	1299	1150	1935	1886	2171	1930	1844	1015	1971	2056	1856	1652	2389	1965	1902	1860	1011	2011	2018	1789	1763	2084	2259	676	1414	2082	2103	2110	1103	2007	2093	1946	1812	1938	2858	1527	1615	0	2476	2013	2019	1810	1422	2019	2046	336	1615	1810	2037	1749	1933	1968	1222	1867	1884	1905	2100	2002	1108	1058	3154	970	1856	1650	2127	1609	1153	1546	1936	2585	1241	2220	1235	2046	2017	1895	1938	2095	2019	1857	1967	2092	1903	1831	2235	1926	1750	1636	1800	1845	1615	2635	282	2106	1023	2103	1778	1830	2058	2015	3389	1947	2151	246	1867	2681	1596	2019	1913	2019	1873	2244	1617	1513	2259	2125	2012	1013	1604	1918	2058	1845	1965	2062	1823	1749	1990	2249	1775	2061	2072	2849	1825	1235	1936	2341	2996	2046	2415	1108	619	2106	1668	1418	1810	1181	1754	1686	694	2008	1630	1352	1867	1833	2037	1917	2042	2419	1373	1608	0	1922	1960	2624	2017	1821	2171	1937	1615	1771	1946	1909	1970	947	2003	1728	2243	1913	2003	1824	1933	1968	2007	2349	2799	1972	1880	1763	2001	2133	1399	2063	2248	1802	1023	1955	1811	2126	2048	1613	1918	1933	1897	2175	2062	2009	1985	1615	2069	2062	1831	2051	1407	2004	1634	1802	1617	1615	91	1869	2139	1669	1973	1124	1880	1777	779
346	131	1082	162	1794	511	559	354	756	1453	1953	0	150	228	724	526	453	1148	718	101	1684	864	302	458	736	1563	1668	316	150	366	1073	0	2081	150	455	179	161	1915	1200	143	178	1039	420	1573	638	890	163	124	462	496	1573	472	165	908	1331	130	1915	1043	741	86	339	217	548	1058	26	191	485	1479	807	29	71	635	1061	113	390	173	302	333	315	1281	588	366	268	302	882	220	1166	8	296	244	951	1045	342	1953	545	179	344	380	564	366	446	1617	1383	380	441	864	20	315	1623	2114	417	416	351	316	1111	2112	1282	1154	485	304	1200	359	1094	1378	687	643	1341	488	2481	464	163	412	694	1166	153	415	326	3126	180	485	503	729	1061	984	160	578	342	1453	1871	206	1130	268	3157	301	548	159	1484	6	1737	2190	606	2849	448	142	2777	156	88	315	339	2179	315	1453	147	1130	1466	139	548	578	29	116	350	864	283	338	310	116	123	3295	312	1047	687	1256	3824	464	488	1111	1374	1672	333	571	380	893	331	434	1902	330	397	1348	606	315	441	161	448	1569	890	358	1953	142	265	1597	425	313	339	265	342	2096	8	53	218	1023	142	1465	510	151	219	291	754	1041	220	485	878	27	310	1007	148	388	613	118	583	718	1130	6	290	1268	237	348	139	754	90	1421	496	156	731	342	122	117	139	150	545	321	992	1919	339	342	1935	616	359	1495	29	1107	1331	391	1221
239	210	1120	14	1799	363	446	204	871	1364	2047	150	0	236	635	577	380	1186	633	250	1779	808	155	309	646	1478	1748	466	34	251	928	150	2024	4	312	34	13	1915	1100	131	55	1096	278	1670	564	899	45	48	344	420	1670	357	18	758	1263	196	1915	1075	652	235	189	357	481	1113	157	45	418	1438	662	167	222	562	1117	222	276	310	452	195	217	1372	648	232	120	155	956	107	1069	159	280	172	923	1019	461	2047	517	63	228	342	632	251	326	1712	1345	342	324	808	166	219	1625	2073	347	338	211	205	1143	2136	1263	1204	418	419	1100	438	1121	1348	598	537	1344	341	2506	345	45	339	604	1069	263	354	458	3119	156	426	355	642	1004	943	294	510	462	1319	1948	62	1174	120	3178	274	431	271	1447	154	1657	2288	532	2782	483	30	2764	38	190	196	458	2170	217	1364	260	1175	1430	131	431	510	167	162	313	808	178	355	461	165	156	3241	285	1065	598	1137	3791	345	368	1143	1454	1593	474	638	342	942	334	434	1949	217	541	1338	532	282	324	137	330	1458	899	438	2047	127	176	1472	312	287	189	189	463	2062	159	201	130	1105	258	1416	361	138	109	441	666	955	107	340	844	158	456	948	52	245	670	166	438	655	1174	154	278	1171	102	472	131	666	241	1326	375	271	634	461	162	165	219	4	650	210	951	1877	458	463	2034	541	212	1453	158	1137	1263	365	1296
473	359	1310	249	1575	532	673	378	961	1596	2168	228	236	0	870	754	255	1376	869	293	1899	1044	357	423	880	1712	1892	451	268	482	975	228	2261	232	386	267	249	2133	1329	335	292	1268	477	1787	801	1110	281	192	570	657	1787	584	253	893	1500	355	2133	1270	887	282	356	281	718	1287	205	274	655	1673	830	208	267	799	1290	159	506	379	440	411	186	1500	817	449	322	357	1108	344	1299	233	498	406	722	1248	552	2168	316	299	460	571	792	482	552	1832	1579	571	551	1044	246	456	1842	2308	583	575	422	440	1338	2339	1055	1383	655	519	1329	587	1321	1579	833	469	1560	516	2708	571	281	575	839	1299	163	589	333	3342	370	661	526	878	1241	1177	369	747	552	1512	2094	234	1359	322	3383	497	655	171	1256	234	1892	2403	769	3019	674	259	2990	273	317	225	551	2394	186	1596	168	1358	1663	332	655	747	208	112	541	1044	414	119	437	112	106	3478	508	1271	833	1351	4024	571	354	1338	1598	1828	511	800	571	1122	544	647	2130	451	565	1561	769	508	551	349	556	1678	1110	585	2168	332	413	1675	542	510	356	424	553	2295	233	263	365	1247	175	1652	530	344	345	398	901	1189	344	421	650	204	376	1184	281	445	842	110	618	892	1359	224	494	1401	331	555	332	901	271	1556	599	175	866	552	106	111	367	232	762	444	1185	2112	551	553	2146	778	406	1688	202	1333	1500	590	1446
397	641	849	622	2385	475	219	539	1019	730	1933	724	635	870	0	586	927	904	18	773	1686	239	528	608	17	843	1578	945	608	389	998	724	1402	639	673	603	622	1422	479	580	581	911	441	1597	105	563	594	683	313	228	1597	296	618	637	636	628	1422	791	17	766	559	929	192	918	747	596	247	854	473	753	764	109	922	833	366	762	932	471	776	1297	645	436	557	528	886	528	443	727	457	480	1483	515	780	1933	1105	574	411	370	667	389	330	1629	770	370	327	239	723	417	1155	1476	307	307	466	430	843	1713	1824	967	247	747	479	642	803	792	37	966	899	465	2072	312	594	311	31	444	875	316	1042	2582	545	257	471	9	405	402	752	165	781	832	1755	639	918	557	2717	441	244	882	1965	723	1021	2178	129	2150	513	617	2216	602	674	725	775	1642	776	730	870	926	857	585	244	165	753	793	394	239	457	987	950	795	789	2618	432	723	37	576	3196	312	806	843	1315	957	878	663	370	760	460	415	1625	419	936	850	129	426	327	563	324	859	563	647	1933	582	464	929	331	433	559	460	782	1479	727	745	514	1035	865	816	475	573	527	960	30	319	528	663	1398	748	1004	348	599	462	639	796	420	130	918	730	463	544	540	799	585	30	784	697	294	880	52	780	794	796	640	639	821	425	409	1279	775	782	1949	119	499	865	749	830	636	379	1160
505	396	556	575	2312	759	593	678	433	1194	1490	526	577	754	586	0	956	621	569	488	1225	562	620	806	603	1280	1175	528	545	531	1394	526	1688	581	843	571	574	1412	1009	446	542	519	655	1121	483	400	540	596	571	436	1121	564	573	1106	1005	401	1412	519	597	494	681	620	420	536	551	577	403	1062	952	549	504	479	539	621	534	417	521	593	795	816	77	593	615	620	388	521	968	522	321	448	1477	618	304	1490	1070	533	529	326	83	531	569	1161	965	326	559	562	510	477	1119	1678	409	429	610	511	586	1589	1809	630	403	300	1009	181	573	942	568	1109	841	734	1957	573	540	419	573	970	648	381	716	2625	423	379	750	584	727	607	418	435	304	1418	1374	631	604	615	2634	339	606	649	2009	521	1426	1735	469	2470	105	547	2285	544	437	770	300	1686	795	1194	641	604	1038	447	606	435	549	642	335	562	499	863	542	642	648	2878	334	535	568	1151	3359	573	934	586	884	1359	422	81	326	368	263	206	1377	518	452	868	469	342	559	441	566	1396	400	185	1490	450	469	1502	538	330	681	447	306	1644	522	500	483	543	632	1070	758	439	517	577	604	817	521	858	1403	552	641	687	527	643	93	644	776	487	604	531	320	1056	562	319	447	604	511	1190	594	644	628	304	648	643	387	581	243	513	613	1492	300	306	1486	476	648	1081	553	583	1005	293	724
557	569	1500	384	1458	488	709	388	1207	1620	2406	453	380	255	927	956	0	1566	931	537	2137	1136	408	346	932	1741	2118	706	414	552	763	453	2329	376	283	393	385	2281	1341	509	423	1475	487	2026	883	1274	421	359	614	750	2026	631	387	764	1561	560	2281	1455	942	524	368	536	815	1492	436	390	758	1771	748	442	508	882	1496	411	572	621	696	463	166	1734	1025	494	388	408	1328	461	1317	460	658	538	560	1372	793	2406	189	432	535	710	1006	552	598	2070	1682	710	601	1136	473	557	1994	2401	690	675	463	528	1523	2513	903	1584	758	757	1341	804	1500	1692	891	219	1714	485	2882	615	421	679	896	1316	419	705	573	3477	536	772	487	936	1325	1285	609	840	793	1435	2320	334	1554	388	3552	649	686	426	1071	459	1927	2644	853	3065	863	410	3117	416	534	207	792	2528	166	1620	423	1555	1769	509	686	840	442	347	683	1136	516	244	693	349	336	3543	659	1442	891	1322	4121	615	171	1523	1824	1867	764	1012	710	1321	713	811	2329	534	819	1701	853	655	601	517	604	1656	1274	804	2406	506	531	1617	602	662	368	550	794	2398	460	499	496	1474	431	1740	488	517	465	653	956	1231	461	310	477	435	627	1267	431	464	1047	348	574	982	1554	451	656	1416	428	798	509	956	516	1570	633	431	909	793	340	348	579	376	999	531	1293	2203	792	794	2388	860	428	1784	434	1516	1561	736	1668
1055	1017	66	1181	2931	1280	1043	1245	684	1130	1046	1148	1186	1376	904	621	1566	0	886	1107	820	705	1196	1365	916	1161	681	1104	1152	1074	1884	1148	1325	1190	1414	1174	1181	842	1089	1058	1144	173	1192	753	847	341	1145	1211	1073	905	753	1060	1179	1538	884	1021	842	117	903	1114	1254	1227	851	155	1172	1178	879	745	1373	1170	1125	846	155	1242	1067	1030	1100	1155	1402	501	566	1142	1200	1196	363	1112	1053	1143	910	1035	2098	487	886	1046	1690	1135	1081	874	596	1074	1079	773	672	874	1071	705	1131	1039	564	1236	926	946	1167	1073	61	971	2430	93	879	899	1089	797	107	612	912	1700	344	1259	1337	1074	1145	938	914	1056	1268	902	1312	2041	1029	857	1272	895	710	590	1034	844	887	1593	851	1234	46	1200	2015	921	1065	1268	2629	1142	1236	1288	859	2086	705	1156	1719	1150	1059	1371	885	1129	1402	1130	1261	59	701	1059	1065	844	1170	1264	896	705	1073	1485	1120	1264	1270	2423	912	188	912	1299	2825	1074	1523	61	453	1177	992	588	874	259	853	759	765	1075	995	437	859	918	1071	1049	1074	1411	341	800	1046	1061	1049	1598	1055	909	1254	1027	888	1176	1143	1121	1075	366	1252	799	1279	1050	1108	1163	899	923	1112	1422	2023	1174	1229	719	1134	1192	538	1265	1264	774	46	1152	911	1096	1151	895	1059	899	1130	1167	1082	1263	955	886	1269	1265	1008	1190	708	1073	589	1083	885	888	1074	859	1209	766	1175	77	884	843	335
395	633	831	620	2389	484	225	542	1002	734	1914	718	633	869	18	569	931	886	0	765	1667	227	530	615	35	846	1560	935	605	389	1014	718	1400	637	680	601	620	1410	487	575	578	892	446	1579	91	545	591	680	316	221	1579	299	616	654	634	620	1410	772	28	759	563	922	180	900	742	595	238	847	490	747	757	95	904	828	366	753	922	472	778	1278	628	438	558	530	867	526	451	721	447	476	1488	501	767	1914	1108	572	410	360	649	389	332	1610	762	360	330	227	717	414	1142	1471	301	302	469	429	826	1699	1829	949	238	734	487	629	785	783	40	974	884	473	2059	316	591	305	36	452	870	308	1035	2573	538	246	480	14	397	389	742	153	768	848	1737	639	899	558	2705	432	250	876	1972	717	1024	2160	118	2150	497	615	2207	599	666	728	762	1632	778	734	865	908	849	579	250	153	747	789	385	227	455	986	940	792	786	2616	423	705	40	590	3191	316	813	826	1297	959	866	646	360	741	449	401	1609	418	924	837	118	417	330	557	327	869	545	634	1914	576	461	943	332	424	563	455	770	1473	721	738	510	1016	860	810	484	567	525	950	38	323	526	671	1403	743	996	340	595	466	621	793	432	112	899	724	454	552	539	786	579	38	776	704	299	874	70	767	791	792	632	637	805	424	397	1274	762	770	1930	108	502	858	744	812	634	367	1142
418	134	1042	261	1824	606	627	452	669	1497	1874	101	250	293	773	488	537	1107	765	0	1605	890	396	558	787	1603	1599	217	244	442	1174	101	2100	250	556	275	259	1895	1252	204	269	987	510	1493	680	872	255	225	536	544	1493	545	263	1004	1361	145	1895	1007	790	14	438	158	589	1007	106	288	527	1489	897	98	30	677	1010	139	464	85	203	421	410	1207	541	451	365	396	820	304	1217	92	322	309	1005	1048	259	1874	606	268	421	411	513	442	521	1538	1392	411	515	890	83	384	1603	2121	466	468	441	391	1074	2077	1329	1106	527	226	1252	309	1062	1382	738	735	1322	582	2444	538	255	463	745	1217	160	457	271	3109	234	523	597	778	1085	997	76	618	259	1530	1802	307	1086	365	3122	334	620	161	1541	96	1773	2110	649	2874	427	237	2764	250	99	414	257	2165	410	1497	153	1084	1473	199	620	618	98	189	383	890	358	385	213	188	201	3310	344	1021	738	1322	3823	538	586	1074	1306	1707	233	521	411	849	342	437	1851	406	297	1337	649	349	515	221	523	1628	872	307	1874	204	334	1668	497	344	438	328	259	2098	92	48	293	955	144	1481	604	210	302	201	803	1086	304	586	937	107	233	1033	238	479	568	189	674	751	1086	99	316	1318	328	262	199	803	23	1470	571	156	787	259	197	189	136	250	468	397	1005	1928	257	259	1853	660	453	1506	108	1071	1361	414	1155
1730	1572	857	1780	3306	1981	1782	1902	945	1932	269	1684	1779	1899	1686	1225	2137	820	1667	1605	0	1513	1843	2031	1700	1946	220	1492	1750	1755	2613	1684	1947	1782	2065	1780	1779	1227	1909	1650	1753	774	1879	114	1610	1132	1748	1785	1783	1628	114	1774	1779	2297	1685	1584	1227	914	1689	1617	1904	1662	1588	767	1702	1788	1596	1484	2135	1696	1633	1608	764	1742	1755	1520	1497	1819	1990	408	1148	1818	1835	1843	838	1740	1873	1677	1546	1671	2591	1307	1346	269	2208	1745	1754	1546	1155	1755	1785	67	1435	1546	1775	1513	1664	1703	1095	1780	1622	1643	1835	1737	880	1062	2890	736	1596	1381	1909	1341	927	1367	1686	2316	1059	1957	1308	1785	1748	1633	1689	1876	1750	1594	1702	2160	1635	1572	1972	1679	1530	1410	1531	1590	1346	2413	312	1838	790	1835	1909	1564	1800	1746	3123	1678	1988	510	1613	2620	1330	1750	1940	1750	1604	1975	1348	1475	1990	1932	1744	779	1435	1649	1800	1590	1696	1793	1559	1513	1724	1981	1509	1792	1803	2836	1559	1006	1686	2119	3050	1785	2146	880	372	1938	1401	1151	1546	927	1488	1423	678	1743	1363	1172	1613	1567	1775	1649	1781	2221	1132	1340	269	1653	1694	2415	1755	1556	1904	1671	1346	1690	1677	1639	1702	682	1735	1554	1980	1645	1736	1558	1687	1742	1740	2082	2531	1703	1615	1539	1733	1868	1134	1794	1988	1555	790	1686	1544	1914	1781	1344	1649	1687	1628	1976	1802	1741	1737	1346	1800	1793	1563	1782	1138	1739	1408	1690	1348	1346	264	1616	1873	1502	1704	897	1685	1513	525
582	757	658	796	2593	708	447	751	966	634	1749	864	808	1044	239	562	1136	705	227	890	1513	0	728	835	245	727	1386	1025	776	584	1232	864	1218	812	898	779	796	1183	456	723	752	745	660	1433	252	381	763	852	526	390	1433	509	792	864	470	748	1183	599	231	887	769	1048	326	748	890	775	389	635	702	894	888	254	752	977	563	858	1014	672	977	1143	598	641	752	728	765	702	415	865	570	638	1696	277	826	1749	1306	744	602	484	630	584	541	1460	546	484	536	0	859	591	915	1268	460	470	672	614	643	1474	2039	779	389	803	456	681	599	560	266	1194	662	696	1832	526	763	469	263	417	1017	455	1161	2352	686	383	704	229	197	162	850	299	827	919	1554	825	726	752	2478	562	472	1023	2190	862	887	1992	283	1985	529	784	1987	770	797	929	821	1407	977	634	1011	736	633	727	472	299	894	952	514	0	634	1163	1034	954	951	2434	551	517	266	630	2988	526	1029	643	1141	820	938	623	484	613	549	465	1398	606	986	610	283	549	536	707	535	837	381	686	1749	725	631	967	533	551	769	619	828	1262	865	872	678	899	1005	609	708	714	700	1054	221	263	702	891	1612	891	1107	143	763	676	582	956	659	154	726	870	576	496	723	844	727	221	906	627	515	1020	284	826	955	955	753	812	805	610	169	1071	821	828	1773	275	710	649	892	628	470	476	994
150	322	1130	141	1864	209	319	62	968	1244	2110	302	155	357	528	620	408	1196	530	396	1843	728	0	190	536	1362	1795	613	152	144	807	302	1930	156	222	123	142	1877	974	221	127	1126	124	1738	476	884	141	198	217	341	1738	233	138	607	1164	305	1877	1081	544	383	61	513	407	1142	312	111	351	1364	506	321	371	474	1145	376	165	444	599	57	249	1434	696	93	36	0	1008	110	944	310	298	172	968	966	574	2110	579	129	127	322	688	144	199	1778	1274	322	201	728	315	157	1593	1995	285	269	64	125	1147	2122	1311	1225	351	530	974	516	1120	1284	491	504	1315	186	2490	218	141	274	497	944	416	304	613	3070	220	366	201	536	919	877	428	432	575	1167	1992	124	1190	36	3156	282	300	425	1473	305	1545	2353	445	2678	516	160	2709	146	319	201	570	2121	249	1244	414	1193	1361	224	300	432	321	310	300	728	123	467	609	313	301	3146	288	1056	491	995	3716	218	327	1147	1504	1482	608	691	322	966	357	439	1961	127	675	1296	445	282	201	213	205	1320	884	518	2110	219	151	1323	197	292	61	173	576	1991	310	350	144	1162	413	1334	208	222	113	593	558	842	110	239	885	312	610	862	159	91	712	314	283	574	1190	306	299	1046	72	587	224	558	391	1202	243	425	517	574	308	313	330	156	741	126	885	1798	570	576	2103	453	57	1377	313	1139	1164	352	1343
310	505	1301	299	1787	143	389	129	1158	1277	2297	458	309	423	608	806	346	1365	615	558	2031	835	190	0	610	1399	1978	774	321	290	621	458	1998	308	66	288	301	2009	997	406	305	1306	178	1926	586	1042	315	336	311	474	1926	328	298	471	1233	489	2009	1249	622	544	131	648	538	1320	460	276	494	1462	415	470	530	585	1324	502	299	618	760	213	246	1622	883	223	207	190	1194	299	974	467	485	361	882	1093	760	2297	535	309	284	495	876	290	299	1967	1377	495	306	835	475	332	1731	2084	439	420	199	297	1314	2272	1220	1400	494	716	997	707	1284	1395	575	359	1458	144	2638	311	315	427	579	973	535	463	733	3187	409	514	143	618	1013	993	602	556	760	1103	2174	252	1362	207	3298	467	364	544	1357	463	1586	2541	559	2725	701	326	2822	318	495	199	756	2242	247	1277	535	1366	1464	409	364	556	470	424	478	835	307	503	767	427	413	3208	472	1216	575	975	3801	311	200	1314	1689	1526	783	880	495	1145	543	617	2128	293	850	1429	559	465	306	401	305	1310	1042	709	2297	404	337	1278	317	476	131	360	761	2088	467	510	334	1350	537	1424	142	409	303	744	635	897	299	58	797	460	749	956	334	173	898	428	228	685	1362	460	487	1072	259	772	409	635	549	1225	319	547	582	760	420	427	514	308	931	296	1001	1886	756	761	2292	565	159	1474	460	1305	1233	528	1528
407	655	862	632	2390	476	223	544	1036	718	1947	736	646	880	17	603	932	916	35	787	1700	245	536	610	0	832	1591	960	619	398	990	736	1396	650	676	613	633	1425	465	593	591	926	445	1613	123	576	604	693	319	242	1613	303	628	627	629	642	1425	803	13	780	565	943	208	933	759	606	262	853	463	765	777	126	937	845	374	777	947	478	783	1313	662	443	565	536	902	539	430	740	472	492	1487	522	796	1947	1112	585	420	385	684	398	336	1644	770	385	335	245	736	428	1160	1473	321	320	473	440	856	1719	1828	980	262	763	465	659	815	794	48	967	906	467	2077	319	604	324	42	430	887	331	1056	2583	558	273	472	21	404	407	766	182	797	815	1768	648	931	565	2721	456	247	894	1967	736	1012	2192	146	2142	530	628	2216	613	688	732	792	1643	783	718	882	939	857	598	247	182	765	804	409	245	468	996	965	806	800	2611	447	734	48	559	3192	319	809	856	1330	948	894	680	385	775	476	432	1635	429	952	855	146	440	335	575	331	843	576	664	1947	594	476	912	339	448	565	472	799	1477	740	758	525	1050	877	813	476	586	538	974	25	309	539	665	1402	760	1019	347	610	468	656	808	418	144	931	742	478	531	549	815	598	25	797	685	299	892	40	796	805	807	655	650	838	435	414	1276	792	799	1964	136	505	863	761	842	629	395	1175
1239	1469	1151	1465	3183	1256	1043	1362	1649	123	2127	1563	1478	1712	843	1280	1741	1161	846	1603	1946	727	1362	1399	832	0	1763	1751	1451	1230	1534	1563	646	1482	1466	1446	1465	1079	405	1420	1424	1286	1259	1899	925	978	1437	1526	1145	1067	1899	1129	1460	1176	287	1459	1079	1107	826	1598	1384	1761	1016	1278	1587	1438	1079	483	1073	1593	1598	928	1281	1674	1206	1579	1739	1305	1603	1662	1303	1269	1394	1362	1387	1371	425	1566	1281	1322	2278	721	1553	2127	1927	1418	1252	1192	1339	1230	1163	1911	512	1192	1162	727	1562	1260	957	815	1145	1148	1298	1273	1110	1459	2611	1254	1079	1530	405	1408	1067	581	880	1731	888	1256	1742	1144	1437	1151	874	425	1716	1149	1875	1993	1383	1081	1256	836	554	682	1571	986	1554	707	1874	1479	1202	1394	2278	1269	1063	1722	2717	1562	187	2346	957	1326	1256	1461	1624	1445	1506	1551	1549	1163	1604	123	1711	1216	530	1424	1063	986	1593	1636	1220	727	1301	1827	1759	1638	1632	1820	1259	1005	880	525	2458	1144	1597	1110	1602	137	1666	1331	1192	1213	1268	1191	1571	1261	1713	776	957	1254	1162	1402	1158	341	978	1413	2127	1421	1307	583	1170	1259	1384	1302	1556	866	1566	1580	1357	1480	1705	403	1256	1412	1370	1777	812	523	1371	1446	2193	1588	1828	593	1442	1286	1282	1640	1175	852	1202	1570	1287	329	1381	1572	1424	812	1617	192	1119	1720	846	1553	1637	1639	1467	1482	1517	1268	678	649	1549	1556	2177	946	1325	470	1589	1093	287	1191	1496
1670	1549	730	1747	3355	1914	1697	1851	969	1758	369	1668	1748	1892	1578	1175	2118	681	1560	1599	220	1386	1795	1978	1591	1763	0	1514	1716	1693	2537	1668	1733	1751	2018	1745	1746	1007	1757	1617	1716	679	1816	258	1512	1015	1713	1760	1711	1548	258	1699	1745	2205	1511	1558	1007	789	1579	1610	1856	1676	1502	667	1689	1751	1518	1292	2041	1684	1625	1510	663	1739	1690	1514	1516	1764	1964	405	1101	1759	1791	1795	791	1697	1723	1662	1496	1624	2601	1158	1343	369	2206	1708	1695	1484	1115	1693	1714	230	1250	1484	1704	1386	1649	1646	883	1562	1553	1574	1779	1681	743	852	2912	610	1518	1373	1757	1313	788	1181	1583	2283	874	1890	1121	1712	1713	1564	1585	1726	1752	1526	1729	1964	1597	1495	1905	1570	1381	1268	1523	1499	1343	2266	202	1804	661	1791	1748	1513	1717	1749	3136	1663	1794	607	1520	2400	1278	1718	1731	1716	1584	1943	1343	1255	1963	1758	1745	652	1243	1616	1717	1499	1684	1782	1500	1386	1673	1983	1531	1781	1791	2618	1506	869	1583	1972	2847	1712	2109	743	294	1746	1413	1110	1484	840	1438	1361	470	1686	1385	987	1520	1514	1704	1613	1709	2051	1015	1314	369	1620	1644	2254	1686	1503	1856	1621	1343	1471	1662	1628	1659	645	1736	1365	1913	1611	1692	1580	1576	1600	1696	2032	2536	1690	1640	1395	1699	1809	1082	1783	1911	1447	661	1672	1496	1756	1737	1344	1616	1576	1623	1806	1725	1744	1630	1343	1789	1782	1539	1751	1132	1682	1266	1476	1343	1343	414	1521	1819	1309	1691	759	1511	1451	451
623	319	1042	478	1851	823	824	669	548	1651	1759	316	466	451	945	528	706	1104	935	217	1492	1025	613	774	960	1751	1514	0	462	648	1385	316	2207	467	767	493	476	1928	1422	411	486	961	725	1378	845	928	472	438	740	721	1378	746	480	1221	1493	335	1928	1018	961	231	655	176	754	982	314	505	698	1585	1112	304	244	841	984	299	669	186	14	636	604	1111	555	665	582	613	774	518	1384	307	489	511	1099	1139	225	1759	730	485	629	574	518	648	726	1424	1487	574	719	1025	300	586	1637	2206	646	653	656	599	1082	2071	1399	1085	698	231	1422	357	1079	1468	912	918	1363	799	2434	742	472	646	919	1385	287	631	216	3139	434	688	814	948	1213	1109	199	782	224	1731	1716	522	1075	582	3112	507	820	280	1630	311	1912	1986	816	2988	509	454	2805	467	302	618	228	2207	604	1651	282	1071	1563	406	820	782	304	374	551	1025	566	503	17	372	387	3405	515	1053	912	1510	3886	742	783	1082	1227	1845	111	527	574	846	487	560	1813	613	129	1396	816	522	719	426	727	1804	928	352	1759	412	539	1860	699	513	655	529	223	2173	307	264	502	885	275	1587	821	415	516	66	973	1245	518	799	1042	314	128	1165	454	695	584	372	889	901	1075	313	482	1483	544	212	406	973	225	1631	775	275	966	225	381	372	316	467	402	604	1116	2018	228	223	1729	827	669	1603	315	1083	1493	568	1088
213	187	1086	30	1833	361	424	207	848	1337	2018	150	34	268	608	545	414	1152	605	244	1750	776	152	321	619	1451	1716	462	0	228	942	150	1993	39	331	33	29	1880	1076	99	29	1063	269	1641	534	864	14	76	323	390	1641	335	29	759	1233	172	1880	1041	625	231	195	365	450	1080	163	45	387	1405	656	172	219	532	1084	237	253	296	448	183	250	1342	616	217	120	152	925	80	1044	158	245	138	958	985	441	2018	551	33	206	308	601	228	306	1683	1312	308	302	776	163	191	1591	2041	315	308	201	180	1109	2102	1298	1171	387	398	1076	409	1087	1314	571	567	1309	338	2471	325	14	307	577	1044	279	321	469	3085	122	393	353	615	973	910	281	479	441	1306	1916	87	1140	120	3143	239	410	287	1481	153	1629	2259	502	2753	449	9	2729	6	173	226	437	2135	250	1337	275	1142	1397	100	410	479	172	185	279	776	150	387	457	188	181	3210	250	1030	571	1118	3758	325	396	1109	1423	1565	461	606	308	908	299	399	1915	193	529	1304	502	248	302	104	309	1437	864	410	2018	96	145	1455	289	252	195	156	442	2029	158	197	97	1075	273	1384	360	105	81	442	639	928	80	357	879	164	461	916	17	237	637	189	433	624	1140	155	243	1146	87	452	100	639	239	1301	356	286	608	441	186	188	196	39	625	186	918	1844	437	442	2006	511	208	1420	164	1102	1233	330	1265
29	331	1010	237	2009	228	195	176	919	1114	2019	366	251	482	389	531	552	1074	389	442	1755	584	144	290	398	1230	1693	648	228	0	863	366	1789	255	342	217	238	1736	849	238	199	1018	124	1653	332	753	214	299	95	197	1653	107	233	604	1023	314	1736	958	406	431	190	583	263	1032	385	209	210	1219	472	393	423	330	1036	464	24	464	634	89	393	1347	608	67	169	144	916	148	817	372	222	137	1113	823	557	2019	723	195	22	209	607	0	79	1691	1129	209	74	584	373	66	1453	1851	149	130	95	50	1023	1987	1456	1110	210	514	849	466	994	1139	352	636	1177	203	2355	97	214	137	358	818	507	172	692	2926	214	227	219	397	775	732	450	287	558	1088	1887	250	1072	169	3018	201	182	514	1615	367	1410	2264	300	2540	426	238	2565	222	347	345	553	1978	393	1114	503	1076	1216	243	182	287	393	413	196	584	84	598	648	415	407	3005	202	927	352	891	3571	97	461	1023	1406	1347	617	609	209	856	274	333	1838	36	684	1155	300	193	74	222	81	1208	753	469	2019	238	109	1230	60	206	190	121	559	1846	372	402	149	1073	499	1190	227	233	149	643	420	707	148	347	1029	386	673	718	223	117	621	417	261	429	1072	372	226	920	151	573	243	420	445	1075	129	514	384	557	413	416	336	255	692	45	740	1654	553	559	2017	309	136	1233	386	1014	1023	242	1245
890	1126	1824	919	1827	635	842	745	1773	1415	2874	1073	928	975	998	1394	763	1884	1014	1174	2613	1232	807	621	990	1534	2537	1385	942	863	0	1073	2181	926	618	909	921	2391	1155	1027	926	1858	741	2513	1037	1544	937	949	829	988	2513	839	918	378	1479	1110	2391	1768	1003	1159	751	1242	1036	1870	1071	897	1019	1771	531	1081	1144	1039	1873	1096	860	1238	1372	814	793	2207	1471	806	828	807	1775	917	1153	1081	1083	969	1016	1509	1380	2874	896	930	868	1069	1471	863	828	2550	1707	1069	838	1232	1091	922	2140	2326	990	969	795	890	1826	2704	1270	1936	1019	1337	1155	1319	1789	1746	981	566	1895	660	3057	827	937	979	981	1152	1122	1018	1308	3490	1027	1043	644	1007	1354	1392	1222	1041	1381	962	2725	868	1891	828	3685	1062	820	1131	1286	1078	1715	3120	1025	2811	1289	947	3118	939	1116	770	1377	2580	793	1415	1123	1897	1789	1030	820	1041	1081	1017	1060	1232	909	1004	1377	1020	1004	3329	1065	1712	981	1012	3992	827	621	1826	2256	1671	1402	1473	1069	1697	1137	1191	2623	881	1469	1837	1025	1056	838	1020	832	1311	1544	1321	2874	1024	942	1169	858	1069	751	964	1382	2356	1081	1126	949	1932	1128	1710	636	1028	920	1348	1011	1159	917	587	948	1071	1342	1306	955	757	1482	1020	626	1120	1891	1074	1086	1223	878	1393	1030	1011	1161	1342	812	1134	950	1380	1011	1020	1135	926	1545	887	1398	2138	1377	1382	2877	1025	762	1775	1070	1814	1479	1101	2096
346	131	1082	162	1794	511	559	354	756	1453	1953	0	150	228	724	526	453	1148	718	101	1684	864	302	458	736	1563	1668	316	150	366	1073	0	2081	150	455	179	161	1915	1200	143	178	1039	420	1573	638	890	163	124	462	496	1573	472	165	908	1331	130	1915	1043	741	86	339	217	548	1058	26	191	485	1479	807	29	71	635	1061	113	390	173	302	333	315	1281	588	366	268	302	882	220	1166	8	296	244	951	1045	342	1953	545	179	344	380	564	366	446	1617	1383	380	441	864	20	315	1623	2114	417	416	351	316	1111	2112	1282	1154	485	304	1200	359	1094	1378	687	643	1341	488	2481	464	163	412	694	1166	153	415	326	3126	180	485	503	729	1061	984	160	578	342	1453	1871	206	1130	268	3157	301	548	159	1484	6	1737	2190	606	2849	448	142	2777	156	88	315	339	2179	315	1453	147	1130	1466	139	548	578	29	116	350	864	283	338	310	116	123	3295	312	1047	687	1256	3824	464	488	1111	1374	1672	333	571	380	893	331	434	1902	330	397	1348	606	315	441	161	448	1569	890	358	1953	142	265	1597	425	313	339	265	342	2096	8	53	218	1023	142	1465	510	151	219	291	754	1041	220	485	878	27	310	1007	148	388	613	118	583	718	1130	6	290	1268	237	348	139	754	90	1421	496	156	731	342	122	117	139	150	545	321	992	1919	339	342	1935	616	359	1495	29	1107	1331	391	1221
