NAME : VRPTW_INSTANCE_295.txt
COMMENT : Bangkok Supermarket
TYPE : VRPTW
DIMENSION : 316
DAYS : Sunday
EDGE_WEIGHT_TYPE : EXPLICIT
VEHICLES : 34
EDGE_WEIGHT_FORMAT : FULL_MATRIX
CAPACITY : 1000
EDGE_WEIGHT_SECTION
0	374	1068	215	228	122	863	330	814	296	1035	221	1394	501	1025	649	235	891	101	1184	1073	844	146	28	961	334	1126	499	1801	1428	723	462	274	609	185	807	1315	362	2179	265	353	743	152	1931	197	1994	91	729	425	85	402	587	1005	860	133	830	1195	221	1454	687	745	414	2435	213	1036	858	185	93	1634	119	1078	225	1088	586	443	885	1128	550	1708	236	1994	551	794	77	412	2068	244	939	1888	1918	474	737	993	368	962	640	154	85	399	595	1909	3233	1742	350	617	1213	1058	650	1110	2490	1115	196	97	533	1068	1002	525	424	154	1284	1028	1222	393	23	404	236	153	744	382	3084	404	264	475	86	640	2533	418	1376	624	375	322	327	1944	1007	365	589	412	394	442	481	394	1920	650	52	404	948	284	654	3668	581	874	2257	561	78	270	1075	646	1627	2240	438	196	1032	223	404	2024	495	77	122	115	1154	557	79	1606	1703	2031	1138	642	321	437	734	218	1420	382	185	147	623	1079	236	2214	2855	417	203	1460	1099	961	135	386	3185	395	1083	529	237	418	1245	155	2678	1321	103	258	422	208	211	322	368	103	1154	1561	1186	1179	1569	404	134	886	438	394	288	255	88	404	1008	942	404	215	401	283	848	264	1125	395	170	644	314	588	184	1434	2095	473	30	413	400	1161	256	717	428	1221	1998	854	2009	463	501	718	1620	994	101	221	353	1000	395	606	1386	119	987	1880	1916	541	568	392	689	349	373	1885	297	436	736	135	633	347	37	1974	341	1321	165	1487	508	3452	583	466	409	678	2125	1114	1769	746	596	830	424
374	0	1363	187	370	364	1231	670	1183	188	926	180	1099	552	860	693	167	910	439	1075	1306	925	279	349	1117	252	1420	127	1828	1199	515	539	141	806	199	1175	941	28	2207	110	260	1047	523	1640	195	1976	339	364	89	456	78	213	867	488	478	1198	1299	442	1775	378	1056	174	2670	177	1112	744	199	285	1314	383	1373	177	1143	606	678	1063	1017	773	1666	511	1976	602	425	451	86	2334	158	1028	1814	1879	479	926	1299	6	1044	422	529	457	89	645	1850	3571	1770	308	307	1503	908	292	1282	2671	887	523	380	397	1430	863	878	699	529	1658	1366	1520	734	372	78	524	233	785	481	3419	767	414	676	458	927	2728	107	1262	665	738	138	696	2260	1147	700	322	755	95	501	108	95	2145	292	336	752	1083	613	284	3862	603	1240	2455	932	453	506	1177	276	1595	2213	189	523	907	161	752	2070	552	451	364	377	1325	920	452	1535	2002	1982	1244	669	391	182	360	173	1179	281	415	236	304	1105	419	2241	3189	760	189	1249	1474	1117	451	742	3465	302	1378	361	577	107	1619	449	2820	1306	298	153	200	185	171	138	125	475	1301	1647	1559	1476	1712	767	424	772	184	32	166	499	388	287	1257	1083	92	187	287	432	645	414	893	763	283	323	151	311	345	1198	2333	453	348	88	77	1145	443	1069	736	1248	1724	933	1991	642	552	499	1312	1304	354	442	659	855	302	253	1404	384	747	2058	1845	363	597	97	823	44	10	1811	117	462	1028	451	816	40	340	1700	303	1306	351	1460	790	3717	291	215	85	889	2386	1320	1615	381	965	864	89
1068	1363	0	1268	993	1174	561	742	563	1358	1253	1272	2451	919	2085	881	1283	918	1091	2218	277	768	1215	1096	554	1403	58	1484	1340	2497	1792	899	1221	605	1232	554	2225	1338	1637	1265	1422	325	1001	2992	1176	1618	1049	1717	1360	1034	1341	1552	2059	1759	935	558	752	921	435	1731	325	1277	1398	1192	790	1909	1232	1119	2676	1161	11	1276	863	939	688	501	2165	607	1471	1179	1618	1554	1683	1026	1345	1005	1291	748	1695	1618	1516	538	91	1356	767	1308	967	1029	1425	886	1669	2234	1294	1417	1430	145	2113	1534	1838	1538	2184	873	1143	1601	490	2056	592	664	967	949	266	157	1061	1087	1342	849	1207	1717	1399	2076	718	951	1365	1029	1284	1552	1336	2407	892	742	1238	798	902	603	1078	1645	669	1320	935	1463	1423	914	1534	1121	683	617	784	1635	2664	937	967	1284	669	1021	1232	726	1628	1383	1843	1288	873	1287	1262	683	1463	912	1026	1174	1161	1874	614	1028	1478	639	1733	727	915	1368	1294	1694	1195	2488	1451	950	1201	1445	939	1260	1672	1847	663	1180	2526	829	554	942	713	2116	1464	15	1215	1070	1336	964	932	1796	1152	1171	1306	1262	1183	1250	1238	1276	1022	604	998	749	113	830	718	1144	1206	1294	1364	1202	865	1129	1473	225	602	1430	1268	1470	1307	1917	951	2193	747	1238	1462	1224	1369	1018	2502	1061	1523	1097	1435	1340	1079	920	459	640	986	3064	775	1627	748	919	1786	2671	107	1160	921	718	2056	1464	1491	1092	1160	2055	981	1706	1230	929	1422	686	1321	1355	1691	1337	982	335	942	614	1323	1102	3040	1409	1152	1015	1279	573	2386	1387	1521	1430	525	1067	387	2811	1625	633	881	1358
215	187	1268	0	317	178	1077	541	1029	91	1030	6	1185	568	855	720	21	956	259	1040	1248	941	93	187	1099	154	1326	298	1880	1238	531	541	169	760	36	1022	1113	187	2260	106	173	945	350	1724	133	2049	219	519	263	286	244	389	846	670	341	1045	1309	363	1663	472	949	302	2616	128	1133	706	36	149	1421	197	1278	10	1175	640	608	1033	983	713	1749	324	2049	475	611	284	254	2260	31	1042	1911	1961	365	887	1197	182	1062	561	363	288	187	667	1941	3447	1821	196	481	1412	894	479	1127	2647	923	398	196	357	1284	842	740	609	363	1486	1241	1423	548	206	245	419	62	670	328	3298	620	366	503	289	742	2697	269	1232	692	590	214	542	2153	1137	514	378	624	246	509	283	181	2095	479	167	617	1075	489	447	3833	636	1058	2422	775	287	321	1186	439	1672	2291	325	398	1019	34	618	2114	565	284	178	192	1171	773	285	1629	1906	2069	1252	703	238	321	531	131	1226	204	327	68	481	1151	238	2294	3068	629	133	1277	1303	1099	327	601	3383	223	1283	472	392	269	1444	335	2817	1373	120	43	322	134	35	214	243	305	1289	1669	1396	1380	1706	620	239	876	322	215	203	414	206	223	1189	1072	192	0	220	259	661	366	932	610	97	501	216	471	274	1242	2276	349	185	202	242	1211	380	932	628	1295	1796	950	2064	599	568	522	1409	1199	170	363	550	837	223	439	1457	198	790	2034	1941	479	627	179	810	181	190	1909	84	483	933	327	778	175	178	1771	188	1373	269	1534	698	3645	457	254	198	838	2315	1277	1610	568	811	901	263
228	370	993	317	0	337	917	340	869	407	809	318	1466	274	1171	425	324	667	327	1355	942	633	313	234	782	471	1050	491	1584	1546	842	238	228	447	281	859	1267	345	1963	279	490	681	340	2008	194	1770	139	726	371	290	350	562	1163	796	206	884	996	82	1409	744	691	304	2310	208	826	1022	281	192	1684	340	1004	320	873	358	308	716	1298	407	1482	464	1770	757	723	275	356	1966	329	732	1660	1692	663	572	931	363	753	462	318	286	438	371	1682	3209	1525	507	496	1133	1211	570	1339	2332	1231	210	320	674	1098	1159	547	332	318	1383	1011	1150	592	250	352	178	271	953	591	3055	461	49	703	287	857	2382	350	1548	399	436	247	412	1892	820	570	670	420	331	215	470	438	1786	570	253	424	758	281	644	3518	353	1018	2108	634	273	497	874	636	1401	2015	322	210	809	297	424	1812	270	275	337	335	1383	604	279	1377	1632	1804	939	416	515	326	708	209	1531	521	77	265	507	858	453	1998	2826	424	197	1588	1196	782	164	425	3096	539	1008	344	449	350	1352	141	2501	1096	278	343	298	199	287	247	288	301	973	1359	1258	1106	1389	461	362	663	326	370	209	136	314	540	889	755	443	317	537	497	973	49	1239	469	341	528	232	449	46	1548	1971	653	234	446	349	935	73	731	378	1001	2088	643	1785	284	274	831	1682	937	314	82	306	1154	539	525	1166	341	1095	1718	1687	359	341	438	493	327	362	1657	363	207	659	164	463	330	232	2064	499	1096	62	1261	422	3350	455	547	441	527	2019	965	1927	667	659	607	369
122	364	1174	178	337	0	924	432	877	229	1129	185	1307	612	912	762	199	1004	92	1064	1190	963	85	105	1083	244	1232	476	1919	1324	625	575	308	731	167	871	1287	361	2297	269	261	848	192	1840	238	2108	198	691	435	141	414	567	890	849	246	892	1317	342	1548	619	849	453	2550	247	1155	741	167	154	1555	19	1183	189	1206	695	564	1007	1009	671	1818	154	2108	429	789	148	424	2177	209	1059	1993	2029	354	859	1096	359	1082	701	216	146	360	708	2017	3314	1860	245	646	1319	943	655	1010	2610	1013	311	30	428	1137	887	611	542	216	1314	1116	1325	369	98	415	356	137	622	260	3168	483	378	373	146	577	2652	436	1257	736	454	359	401	2038	1129	336	512	508	412	552	462	353	2036	655	84	497	1070	392	622	3786	690	881	2376	624	152	169	1196	614	1738	2353	477	311	1124	203	497	2144	607	148	0	15	1054	632	146	1711	1804	2140	1259	753	200	475	707	252	1318	287	305	136	649	1195	116	2332	2939	514	242	1352	1134	1083	256	473	3289	296	1188	598	214	436	1272	277	2800	1433	77	218	468	246	194	359	398	156	1277	1683	1232	1283	1691	483	60	978	476	391	333	377	44	309	1124	1065	365	178	305	162	745	378	1023	467	88	670	355	628	290	1330	2209	354	104	377	412	1272	374	799	539	1337	1901	973	2122	585	612	622	1536	1095	23	342	466	885	296	615	1502	20	889	2000	2022	608	678	351	810	352	367	1991	260	540	845	256	755	348	105	1877	237	1433	274	1598	622	3560	618	397	373	800	2236	1234	1652	746	662	944	434
863	1231	561	1077	917	924	0	577	48	1150	1506	1083	2223	1004	1766	1053	1097	1203	831	1847	787	1064	995	891	953	1168	598	1358	1847	2201	1532	965	1109	766	1048	57	2170	1215	2170	1121	1184	441	733	2747	1039	2112	894	1592	1265	792	1243	1444	1724	1704	754	33	1210	835	732	1543	418	1218	1885	1057	1172	1576	1048	946	2478	906	561	1087	1250	1066	715	866	1801	713	1918	858	2112	1197	1633	792	1251	1458	1107	1096	2137	2091	1200	798	477	1225	1121	1356	714	789	1262	1027	2125	2406	1796	1160	1413	666	1781	1481	1327	2078	1904	717	896	1333	222	1722	372	641	714	501	325	640	658	871	1244	738	1016	1321	1074	2266	464	897	968	789	802	2080	1251	2025	1048	493	1145	535	1196	1015	688	1436	497	1228	985	1340	1257	1444	1481	910	492	997	636	1515	3164	1062	408	1820	301	789	905	1141	1507	1828	2349	1238	717	1528	1086	492	1997	995	792	924	909	1358	314	792	1888	1024	2209	1169	1077	1078	1241	1592	1061	2202	1207	845	1010	1424	1303	966	2207	2039	494	1045	2213	327	953	785	494	2489	1213	566	1241	743	1251	489	793	2350	1553	958	1120	1215	1049	1074	1145	1191	774	1080	1516	344	615	1380	464	873	1408	1241	1246	1106	787	883	1229	708	982	1267	1077	1225	1003	1640	897	1915	468	1009	1445	1133	1365	916	2211	1562	1218	892	1277	1241	1439	858	220	566	1395	2795	1075	2123	812	1004	1533	2454	455	920	835	621	1726	1212	1436	1533	905	1793	1541	2154	1257	1049	1255	906	1199	1228	2134	1160	1022	492	785	797	1199	899	2772	1153	1553	903	1705	584	2786	1372	1320	1272	736	1528	894	2435	1579	266	1145	1264
330	670	742	541	340	432	577	0	528	626	1034	545	1724	479	1344	579	558	795	350	1485	777	697	477	359	733	665	800	797	1636	1756	1053	434	539	392	507	519	1598	650	2002	562	683	416	267	2262	474	1860	332	1034	694	292	672	879	1319	1130	199	543	994	258	1123	1013	417	641	2123	492	870	1169	507	395	1962	419	751	549	936	558	237	645	1431	318	1604	453	1860	826	1058	284	679	1746	567	774	1805	1804	777	504	664	663	800	789	230	287	714	537	1812	2907	1578	676	836	887	1373	906	1250	2205	1444	146	401	859	763	1316	209	168	230	1047	701	893	422	347	673	162	478	1003	664	2757	128	323	672	287	702	2239	677	1676	564	111	572	123	1613	789	420	918	84	656	443	777	711	1615	906	383	84	739	59	954	3370	553	714	1964	298	279	505	884	946	1516	2107	661	146	1045	541	84	1838	471	284	432	419	1292	263	286	1530	1373	1921	938	591	627	664	1027	496	1748	712	268	472	847	954	521	2039	2528	90	480	1784	860	733	218	88	2857	724	756	672	359	677	1019	221	2414	1213	433	581	637	484	528	572	617	281	920	1357	918	851	1321	128	404	908	665	680	532	214	387	734	705	729	719	541	731	569	1176	323	1453	148	499	868	558	789	340	1762	1783	782	360	727	670	1066	284	399	120	1083	2328	709	1873	321	479	1048	1949	664	418	258	83	1315	724	860	1245	418	1317	1602	1829	688	539	709	519	634	665	1802	617	471	415	218	425	634	366	2304	667	1213	328	1379	214	3127	796	795	722	432	1805	836	2076	1003	320	729	692
814	1183	563	1029	869	877	48	528	0	1102	1467	1035	2177	959	1723	1012	1049	1167	784	1808	776	1030	947	842	928	1120	603	1310	1829	2157	1486	920	1060	729	1000	12	2121	1166	2157	1073	1137	414	685	2701	990	2092	845	1543	1217	744	1194	1395	1682	1655	706	15	1189	787	762	1495	391	1170	1905	1008	1144	1534	1000	898	2431	859	564	1039	1221	1023	671	840	1761	673	1892	813	2092	1156	1584	744	1202	1482	1059	1065	2110	2067	1156	766	475	1176	1091	1309	666	741	1214	985	2100	2451	1778	1113	1365	675	1739	1433	1304	2090	1859	668	848	1287	265	1680	325	596	666	542	342	652	617	823	1196	690	967	1283	1030	2309	416	850	929	741	772	2095	1202	1987	1007	444	1097	487	1231	990	646	1389	449	1180	940	1291	1209	1457	1433	861	444	970	588	1466	3184	1019	405	1832	253	741	861	1116	1458	1802	2330	1189	668	1488	1038	444	1984	951	744	877	861	1337	265	744	1858	1052	2186	1146	1035	1032	1192	1544	1013	2158	1160	797	962	1376	1272	920	2193	2082	446	996	2170	363	928	736	446	2522	1166	569	1194	697	1202	526	745	2357	1524	909	1072	1166	1001	1025	1097	1143	726	1062	1501	391	625	1372	416	826	1366	1193	1197	1057	739	835	1182	696	955	1219	1029	1178	958	1595	850	1871	420	962	1397	1084	1317	868	2167	1580	1173	844	1228	1193	1407	810	184	520	1367	2751	1041	2103	769	959	1487	2408	455	872	787	574	1684	1166	1387	1508	858	1747	1544	2128	1210	1006	1207	870	1151	1180	2107	1112	976	464	736	760	1150	851	2728	1106	1524	854	1677	542	2817	1324	1272	1223	701	1551	881	2397	1531	218	1108	1215
296	188	1358	91	407	229	1150	626	1102	0	1089	89	1097	650	764	801	82	1034	320	953	1340	1025	154	268	1189	72	1416	267	1958	1146	439	626	232	852	128	1096	1062	201	2338	159	88	1034	417	1636	217	2121	310	464	276	358	262	355	757	638	426	1118	1396	455	1750	393	1038	342	2708	208	1218	619	128	240	1337	248	1368	86	1257	720	700	1123	896	805	1817	352	2121	420	586	359	271	2352	78	1127	1975	2030	300	978	1286	186	1146	601	436	361	144	749	2007	3529	1899	126	495	1502	805	469	1094	2738	832	486	255	268	1360	753	822	700	436	1543	1325	1513	587	283	262	510	150	609	293	3381	699	456	491	361	752	2788	291	1145	774	669	268	619	2239	1226	552	292	708	272	593	257	135	2187	469	245	701	1163	576	400	3924	716	1105	2513	848	362	335	1273	392	1743	2362	362	486	1075	110	701	2194	649	359	229	244	1138	850	358	1694	1995	2137	1339	783	203	357	486	210	1134	118	419	157	492	1229	246	2372	3152	714	216	1185	1363	1189	416	682	3474	138	1373	525	439	291	1500	426	2906	1447	194	66	366	216	119	268	284	375	1379	1754	1462	1470	1795	699	287	935	358	220	268	506	267	134	1281	1161	147	91	132	250	569	456	840	686	141	510	274	497	366	1150	2368	279	266	160	260	1284	471	1013	717	1374	1706	1034	2137	690	650	430	1323	1287	230	455	640	748	138	435	1535	249	699	2125	2005	530	707	132	898	203	196	1972	75	563	1023	416	869	196	260	1681	120	1447	361	1605	788	3736	478	171	158	930	2407	1369	1520	550	885	981	276
1035	926	1253	1030	809	1129	1506	1034	1467	1089	0	1027	1820	561	1756	460	1023	334	1136	1987	1026	484	1078	1035	718	1162	1289	953	973	2016	1412	607	862	740	1008	1455	1278	902	1337	932	1175	1094	1145	2318	907	1070	944	1063	845	1100	848	942	1774	932	1001	1477	684	849	1669	1212	1116	752	2165	906	518	1663	1008	975	1942	1137	1264	1027	478	477	815	752	1930	794	751	1271	1070	1505	878	1084	842	1951	1021	518	888	962	1390	737	1249	923	506	516	1119	1095	1013	497	926	3398	920	1215	690	1337	1809	810	2140	2030	1732	975	1120	1323	1607	1771	1171	895	1119	2008	1427	1378	1393	1055	848	914	1020	1698	1356	3233	1158	783	1503	1096	1665	2117	820	2167	471	1145	821	1150	2068	690	1374	1213	1076	830	610	940	1020	1659	810	1049	1093	652	993	1007	3206	482	1744	1869	1306	1082	1298	609	1006	690	1298	736	975	44	997	1093	1224	569	1084	1129	1132	2184	1247	1088	610	1777	1060	656	443	1268	743	999	902	1985	1201	872	1016	705	392	1238	1367	3013	1075	905	2084	1830	718	961	1115	3053	1222	1265	565	1257	820	1994	933	2092	443	1057	1028	727	902	995	821	808	1110	790	907	1838	1342	1084	1158	1166	154	742	897	827	856	1116	1210	1038	665	1014	1030	1210	1274	1533	783	1734	1182	1101	703	817	646	851	2009	1864	1369	1035	1006	849	319	809	1285	975	478	2436	477	1085	719	561	1392	1978	1269	1107	849	955	1760	1222	799	580	1138	1595	1462	919	562	496	1022	605	894	915	885	1016	603	1044	961	711	902	1032	2412	1209	443	870	566	929	3246	675	1133	1004	783	1978	958	2489	837	1312	376	843
221	180	1272	6	318	185	1083	545	1035	89	1027	0	1180	567	853	719	14	954	266	1039	1250	941	100	192	1100	154	1330	292	1879	1235	528	541	165	762	39	1028	1106	180	2258	101	172	949	357	1720	132	2047	223	513	257	292	237	382	845	664	345	1050	1309	365	1668	467	954	297	2619	126	1133	705	39	153	1416	204	1282	4	1174	639	611	1034	982	715	1746	331	2047	478	604	290	248	2264	24	1042	1908	1959	367	889	1201	176	1061	556	369	295	181	666	1938	3452	1820	197	475	1416	893	472	1132	2649	920	403	203	356	1290	841	745	612	369	1492	1246	1427	554	212	238	423	68	673	332	3303	625	367	509	295	748	2699	263	1232	691	596	210	548	2157	1138	521	374	629	241	509	277	174	2097	472	173	622	1076	494	441	3834	635	1065	2424	781	293	328	1187	433	1670	2289	320	403	1015	29	623	2113	565	290	185	198	1176	779	291	1626	1910	2067	1253	702	242	316	524	129	1223	203	330	73	475	1149	244	2293	3073	634	132	1274	1310	1100	331	606	3387	222	1287	468	399	263	1451	339	2818	1371	127	37	317	133	33	210	238	311	1290	1669	1402	1384	1706	625	245	872	317	208	200	417	213	221	1192	1073	185	6	219	264	658	367	929	616	103	495	212	466	276	1239	2279	351	191	196	236	1209	382	937	632	1294	1792	950	2062	601	567	519	1404	1203	177	365	554	836	222	433	1456	205	787	2036	1938	475	626	172	810	174	183	1906	78	482	937	331	780	169	184	1768	189	1371	271	1532	701	3648	451	249	192	840	2319	1279	1609	562	817	900	256
1394	1099	2451	1185	1466	1307	2223	1724	2177	1097	1820	1180	0	1633	571	1757	1168	1936	1399	719	2405	1988	1248	1365	2204	1063	2509	990	2792	318	691	1628	1239	1905	1220	2172	735	1126	3156	1188	1045	2129	1498	541	1277	2875	1402	787	1124	1447	1138	945	641	888	1524	2192	2355	1533	2848	722	2134	1226	3768	1261	2161	736	1220	1334	279	1323	2462	1177	2174	1669	1774	2157	708	1872	2553	1367	2875	1081	942	1450	1137	3433	1160	2088	2639	2754	1037	2023	2382	1106	2099	1345	1523	1451	1028	1716	2696	4621	2738	1064	1163	2594	602	1034	1557	3748	371	1583	1337	889	2440	641	1916	1788	1523	2551	2421	2607	1588	1379	1137	1602	1247	1065	1161	4475	1790	1512	1324	1451	1603	3812	1152	751	1731	1761	1234	1708	3337	2226	1553	806	1806	1162	1589	1010	1029	3241	1034	1341	1798	2163	1674	862	4942	1667	2084	3542	1927	1454	1322	2236	867	2503	3086	1224	1583	1784	1189	1798	3043	1635	1450	1307	1321	1582	1939	1449	2393	3090	2836	2303	1727	1145	1216	839	1259	269	1020	1501	1253	1146	2117	1256	3186	4246	1812	1273	408	2387	2204	1512	1777	4562	1012	2466	1368	1480	1152	2500	1519	3870	2259	1291	1146	1248	1270	1201	1234	1206	1463	2379	2677	2507	2564	2779	1790	1352	1695	1217	1105	1265	1588	1350	998	2356	2165	1024	1185	1001	1221	595	1512	357	1774	1228	1141	1248	1223	1436	296	3431	1014	1363	1020	1139	2114	1539	2106	1813	2249	630	1993	2890	1741	1633	689	233	2384	1315	1533	1735	625	1012	1061	2385	1324	439	3138	2673	1359	1665	1030	1912	1143	1108	2637	1114	1545	2115	1512	1914	1139	1357	606	1071	2259	1437	2385	1878	4816	1194	931	1025	1989	3485	2417	825	986	1966	1904	1126
501	552	919	568	274	612	1004	479	959	650	561	567	1633	0	1404	152	570	393	597	1604	795	376	582	508	570	720	970	645	1314	1750	1063	45	428	314	536	948	1311	523	1694	498	738	656	591	2170	434	1496	414	853	509	553	498	689	1404	851	444	972	749	293	1353	924	674	407	2139	442	567	1269	536	463	1824	615	931	568	607	87	289	527	1546	323	1207	735	1496	1027	776	537	498	1828	572	478	1388	1417	928	406	879	546	496	389	562	548	638	99	1409	3152	1255	764	519	1044	1449	634	1609	2121	1440	414	595	916	1146	1400	642	363	562	1499	1009	1071	834	523	499	352	534	1224	864	2993	606	236	976	548	1110	2181	481	1795	125	590	414	590	1816	596	817	874	532	474	59	625	641	1611	634	527	546	532	434	773	3313	82	1193	1909	765	534	770	626	767	1126	1741	409	414	569	541	546	1546	8	537	612	610	1653	714	541	1107	1539	1530	693	141	785	416	814	440	1730	768	322	528	535	586	727	1729	2766	532	435	1801	1315	570	406	564	2962	788	934	298	706	481	1477	378	2268	821	550	584	385	434	534	414	432	560	750	1104	1347	1029	1160	606	635	429	416	538	394	295	588	785	762	533	641	568	783	770	1194	236	1446	627	609	550	401	456	321	1750	1805	915	509	640	497	661	253	790	441	730	2263	384	1510	194	0	1048	1834	891	588	293	405	1393	789	595	893	615	1300	1508	1416	313	68	642	279	508	542	1385	591	90	617	406	308	514	507	2238	756	821	337	986	425	3199	477	760	636	395	1873	790	2162	718	778	335	507
1025	860	2085	855	1171	912	1766	1344	1723	764	1756	853	571	1404	0	1551	847	1771	994	249	2096	1781	883	999	1953	703	2143	805	2687	438	347	1384	976	1615	891	1721	1065	888	3065	907	683	1760	1085	1015	980	2823	1066	727	926	1051	929	816	70	938	1157	1738	2154	1216	2445	550	1760	1030	3460	969	1970	190	891	996	849	924	2094	851	2003	1465	1459	1888	202	1565	2507	919	2823	570	950	1060	933	3090	842	1883	2636	2718	573	1742	2006	865	1901	1240	1118	1056	771	1501	2680	4171	2629	676	1068	2230	58	958	987	3503	202	1221	943	498	1988	69	1508	1449	1118	2037	2006	2235	1108	1004	929	1258	906	506	697	4032	1378	1220	811	1056	1068	3551	954	412	1523	1351	994	1295	2933	1989	1077	546	1416	951	1349	819	767	2944	958	973	1403	1927	1305	761	4687	1462	1569	3276	1486	1064	868	2031	761	2441	3055	1039	1221	1731	874	1403	2930	1404	1060	912	925	1013	1513	1057	2365	2710	2816	2098	1528	717	1032	798	969	448	652	1179	913	1054	1966	827	3098	3805	1423	978	447	1885	1953	1158	1376	4198	635	2099	1211	1035	954	1983	1174	3669	2160	927	829	1056	977	884	994	986	1063	2143	2507	2017	2194	2558	1378	941	1609	1033	882	1010	1264	956	632	2033	1924	768	855	635	781	223	1220	216	1355	856	1060	1005	1109	1130	452	3120	563	997	772	929	2001	1235	1686	1451	2109	1040	1789	2838	1454	1404	365	790	2003	928	1216	1377	54	635	961	2264	925	228	2889	2669	1209	1455	765	1662	902	871	2634	815	1315	1758	1158	1633	895	994	1018	684	2160	1124	2309	1533	4471	1080	646	776	1692	3148	2131	757	965	1528	1724	928
649	693	881	720	425	762	1053	579	1012	801	460	719	1757	152	1551	0	721	242	743	1754	717	233	735	658	457	872	928	777	1161	1888	1207	187	576	298	688	1000	1386	665	1541	647	889	662	728	2290	586	1345	564	971	642	695	633	811	1552	941	581	1023	606	434	1316	1058	682	537	2030	593	419	1419	688	616	1937	765	893	720	455	88	355	433	1696	340	1061	882	1345	1180	868	680	632	1737	723	335	1247	1269	1081	344	855	688	350	453	697	690	781	54	1264	3101	1102	916	613	994	1596	737	1754	1991	1579	542	744	1066	1170	1548	711	435	697	1554	1010	1026	964	672	634	477	687	1377	1016	2940	700	384	1123	691	1244	2056	613	1944	27	689	557	699	1761	471	950	1015	617	610	212	758	784	1502	737	678	634	408	544	894	3184	90	1284	1786	845	677	919	484	889	978	1591	535	542	477	692	634	1393	156	680	762	760	1798	787	684	967	1477	1383	552	34	938	542	926	591	1866	919	466	681	630	433	878	1576	2714	616	587	1941	1374	457	545	658	2870	940	895	393	844	613	1537	517	2128	672	702	735	512	586	686	557	570	701	622	955	1390	986	1024	700	783	355	542	676	541	425	737	935	699	412	784	720	934	922	1338	384	1584	726	762	642	546	549	472	1886	1701	1068	659	782	633	513	396	833	515	577	2388	240	1360	259	152	1192	1952	872	739	434	498	1541	940	703	741	765	1439	1381	1273	404	95	786	196	650	682	1244	740	237	616	545	276	656	657	2363	908	672	487	838	471	3098	575	905	778	362	1779	693	2308	811	851	182	640
235	167	1283	21	324	199	1097	558	1049	82	1023	14	1168	570	847	721	0	955	280	1035	1259	944	114	206	1106	150	1341	277	1880	1226	519	544	161	770	51	1042	1091	168	2260	94	168	960	371	1708	135	2047	234	498	245	307	226	368	839	649	358	1065	1314	374	1680	454	966	289	2628	128	1136	701	51	165	1403	218	1294	10	1177	641	620	1041	978	724	1745	344	2047	482	590	305	236	2274	9	1045	1906	1958	368	896	1213	162	1065	549	384	309	166	669	1936	3465	1821	197	464	1427	887	459	1140	2656	911	415	218	350	1303	836	759	623	384	1507	1259	1439	569	226	227	434	81	675	338	3316	639	373	519	310	761	2706	252	1227	693	610	204	562	2169	1143	535	362	642	230	512	262	160	2106	459	187	636	1081	506	426	3842	637	1079	2431	795	308	340	1191	418	1669	2288	311	415	1011	28	636	2115	568	305	199	213	1183	792	305	1624	1922	2065	1257	704	248	307	510	130	1213	199	339	87	464	1151	255	2294	3086	647	134	1266	1324	1106	343	620	3398	218	1298	463	413	252	1466	350	2824	1371	141	23	310	135	36	204	230	325	1296	1673	1416	1396	1712	639	259	869	309	196	196	426	227	216	1202	1078	171	21	214	274	650	373	919	630	116	484	207	456	283	1229	2288	351	205	181	224	1209	389	951	644	1295	1781	953	2062	608	570	510	1392	1215	191	374	566	830	219	420	1457	219	777	2043	1936	469	628	158	816	163	171	1903	63	483	948	343	787	157	198	1757	189	1371	280	1531	712	3659	441	237	177	848	2329	1287	1603	548	831	901	245
891	910	918	956	667	1004	1203	795	1167	1034	334	954	1936	393	1771	242	955	0	984	1981	694	150	976	900	389	1106	954	979	924	2089	1425	429	804	442	925	1155	1492	883	1304	876	1122	776	966	2460	822	1103	806	1150	849	936	844	1000	1777	1081	819	1176	426	675	1335	1259	798	743	1906	828	232	1648	925	857	2096	1007	929	956	238	315	558	417	1924	507	821	1123	1103	1420	1013	920	840	1655	957	194	1013	1028	1319	412	916	906	190	593	933	931	1000	296	1026	3078	865	1152	773	1004	1819	902	1994	1823	1786	776	987	1295	1286	1773	894	636	933	1702	1099	1044	1195	914	844	711	926	1617	1257	2914	907	626	1365	932	1477	1898	820	2171	268	900	779	918	1743	369	1184	1229	818	821	453	962	1004	1386	902	920	837	323	767	1079	3014	319	1478	1636	1035	917	1161	320	1075	737	1348	737	776	370	927	837	1161	397	920	1004	1002	2038	970	925	735	1452	1142	382	253	1178	744	1097	825	2064	1152	708	920	791	195	1120	1338	2692	816	822	2147	1530	389	785	865	2775	1173	931	573	1082	820	1692	757	1934	431	944	967	717	821	921	779	785	941	493	743	1525	1008	853	907	1025	318	744	890	768	662	979	1167	704	335	1003	956	1165	1164	1555	626	1790	936	1002	797	769	713	714	2086	1590	1305	901	999	843	274	637	983	711	339	2565	142	1117	475	393	1409	2119	937	981	675	712	1765	1173	875	501	1007	1645	1226	1038	580	329	1006	298	870	899	1010	969	473	725	785	408	876	900	2541	1144	431	730	597	647	2985	742	1125	995	468	1688	634	2525	961	1034	65	847
101	439	1091	259	327	92	831	350	784	320	1136	266	1399	597	994	743	280	984	0	1136	1120	930	168	108	1031	337	1149	557	1888	1411	715	557	360	677	240	778	1372	432	2264	336	354	766	99	1931	284	2086	192	778	502	59	479	648	968	927	183	800	1273	309	1459	712	766	503	2473	297	1120	818	240	182	1648	75	1100	270	1175	683	507	951	1081	613	1804	138	2086	484	865	72	489	2096	290	1023	1985	2012	426	804	1011	434	1046	738	125	65	446	689	2006	3222	1829	335	704	1236	1022	726	1012	2544	1101	245	65	517	1044	965	521	475	125	1226	1026	1241	301	84	481	300	206	671	318	3076	392	361	380	65	539	2583	498	1327	718	364	410	310	1949	1080	271	605	422	474	539	541	439	1963	726	108	410	1023	317	707	3715	678	800	2307	531	76	179	1155	699	1721	2332	528	245	1134	278	410	2108	591	72	92	77	1056	539	68	1703	1718	2126	1216	738	277	527	790	303	1405	379	276	203	708	1170	172	2300	2847	428	289	1436	1045	1031	205	384	3204	387	1105	628	142	498	1185	232	2741	1415	140	301	514	294	268	410	453	68	1224	1640	1141	1199	1636	392	54	987	528	463	378	333	53	401	1051	1016	450	259	397	220	833	361	1112	375	179	729	403	679	285	1418	2133	432	109	461	477	1256	347	708	462	1311	1991	941	2101	541	597	713	1628	1009	90	309	393	965	387	683	1476	74	979	1937	2013	640	665	437	768	421	440	1983	343	535	766	205	704	418	115	1967	328	1415	266	1581	550	3477	672	489	457	740	2155	1169	1726	819	569	922	501
1184	1075	2218	1040	1355	1064	1847	1485	1808	953	1987	1039	719	1604	249	1754	1035	1981	1136	0	2254	1979	1051	1161	2135	885	2275	1034	2903	478	575	1580	1178	1789	1074	1808	1299	1101	3282	1106	867	1896	1218	1059	1171	3049	1238	974	1147	1195	1147	1053	213	1187	1311	1823	2349	1390	2553	792	1894	1248	3608	1162	2171	334	1074	1170	980	1073	2226	1037	2209	1670	1626	2065	57	1733	2735	1038	3049	664	1198	1206	1152	3223	1032	2081	2871	2948	710	1917	2134	1078	2100	1470	1254	1200	985	1702	2913	4237	2844	848	1304	2362	190	1199	878	3674	399	1375	1093	687	2069	217	1629	1606	1254	2064	2113	2362	1192	1161	1147	1420	1084	527	820	4103	1500	1404	879	1200	1091	3716	1174	193	1726	1476	1202	1419	3035	2176	1165	774	1550	1168	1547	1046	979	3099	1199	1135	1535	2114	1453	1003	4850	1667	1602	3441	1587	1210	985	2227	1002	2667	3283	1259	1375	1963	1064	1535	3142	1602	1206	1064	1074	895	1623	1203	2597	2828	3048	2293	1734	863	1252	1044	1163	511	836	1352	1091	1291	2177	964	3316	3879	1556	1170	438	1926	2135	1319	1504	4315	817	2231	1433	1148	1174	2007	1338	3855	2381	1093	1020	1274	1170	1072	1202	1200	1204	2327	2708	2068	2322	2744	1500	1081	1837	1253	1099	1214	1434	1106	819	2187	2111	982	1040	821	915	464	1404	410	1473	1023	1298	1212	1341	1311	500	3268	710	1159	988	1147	2220	1414	1796	1599	2321	1049	1988	3064	1633	1604	596	905	2129	1083	1390	1528	230	816	1198	2479	1073	472	3063	2903	1432	1659	977	1849	1113	1086	2869	1013	1516	1900	1319	1810	1106	1157	1029	857	2381	1303	2533	1685	4598	1313	860	991	1861	3285	2298	594	1211	1628	1931	1149
1073	1306	277	1248	942	1190	787	777	776	1340	1026	1250	2405	795	2096	717	1259	694	1120	2254	0	552	1213	1097	307	1395	289	1418	1071	2486	1779	789	1166	500	1211	765	2100	1279	1383	1221	1415	410	1044	2946	1136	1346	1031	1640	1285	1060	1269	1474	2078	1646	943	776	476	885	647	1684	425	1190	1368	1150	532	1931	1211	1102	2611	1181	285	1253	601	791	639	288	2199	535	1193	1231	1346	1602	1571	1049	1272	1033	1266	508	1417	1342	1544	389	328	1299	523	1168	1007	1054	1380	737	1392	2391	1024	1420	1314	317	2130	1430	1978	1427	2171	879	1161	1599	756	2075	694	648	1007	1216	533	361	1163	1094	1270	837	1192	1781	1438	2229	800	895	1445	1054	1416	1463	1258	2447	735	816	1171	868	1052	345	1172	1612	726	1247	828	1397	1380	847	1430	1123	745	374	802	1558	2595	790	1177	1187	809	1044	1283	460	1552	1106	1575	1197	879	1063	1234	745	1209	791	1049	1190	1180	2017	742	1052	1203	764	1458	454	752	1391	1204	1607	1152	2472	1445	920	1185	1331	682	1291	1419	2004	720	1139	2525	1083	307	938	780	2167	1461	283	1092	1134	1258	1227	921	1646	881	1169	1280	1171	1141	1223	1171	1202	1052	327	733	1018	332	598	800	1174	1003	1204	1300	1140	833	1148	1466	82	360	1384	1248	1463	1340	1909	895	2179	833	1239	1345	1157	1251	977	2489	1029	1545	1099	1387	1268	820	872	628	659	715	3030	557	1355	664	795	1770	2616	353	1172	885	726	2073	1461	1390	815	1180	2036	828	1429	1106	786	1380	524	1262	1297	1414	1304	874	382	938	493	1266	1102	3005	1411	881	980	1003	569	2411	1273	1489	1382	416	1081	111	2842	1513	781	670	1283
844	925	768	941	633	963	1064	697	1030	1025	484	941	1988	376	1781	233	944	150	930	1979	552	0	946	857	254	1095	805	1010	958	2121	1439	400	804	318	907	1017	1589	897	1334	874	1113	631	898	2520	808	1166	766	1202	876	877	866	1043	1780	1158	754	1038	373	622	1188	1291	654	770	1811	817	193	1645	907	825	2164	963	780	942	245	321	460	269	1922	390	907	1067	1166	1389	1087	861	865	1539	947	102	1112	1106	1296	267	766	920	120	666	862	871	1013	280	1116	2942	899	1136	836	857	1826	963	1927	1760	1812	703	941	1292	1139	1776	772	531	862	1561	949	896	1112	867	867	639	903	1584	1222	2779	799	587	1309	872	1394	1826	847	2171	260	796	788	821	1605	251	1104	1248	708	843	432	991	1016	1286	963	880	729	194	679	1126	2953	323	1356	1558	914	858	1109	251	1121	819	1413	768	703	518	915	728	1181	377	861	963	959	1970	847	865	843	1315	1223	318	261	1148	776	1155	815	2099	1143	658	897	854	257	1079	1370	2556	705	809	2174	1391	254	725	759	2665	1163	781	621	1012	847	1553	698	1895	518	910	959	746	809	908	788	803	879	396	728	1381	860	791	799	975	450	775	909	770	597	932	1160	557	202	1016	941	1158	1125	1570	587	1818	830	974	864	777	773	679	2119	1487	1285	858	1014	866	380	588	846	601	387	2619	12	1180	393	376	1424	2181	786	940	622	614	1770	1163	930	551	963	1672	1152	1134	631	328	1017	178	882	915	1108	967	465	580	725	283	888	858	2595	1128	518	692	682	527	2885	800	1136	1010	328	1576	502	2538	1032	910	117	874
146	279	1215	93	313	85	995	477	947	154	1078	100	1248	582	883	735	114	976	168	1051	1213	946	0	118	1085	187	1273	391	1897	1282	577	550	234	738	85	941	1204	277	2276	187	207	889	263	1785	172	2076	186	609	352	203	331	482	867	764	280	963	1308	339	1600	548	892	377	2578	177	1139	721	85	121	1491	103	1225	103	1186	661	577	1014	994	684	1781	234	2076	444	704	204	341	2214	124	1045	1951	1993	350	866	1140	274	1067	630	281	206	277	681	1978	3376	1837	206	566	1359	918	571	1065	2625	969	342	104	388	1205	863	668	566	281	1395	1173	1368	454	130	332	375	59	641	282	3228	544	360	432	206	656	2670	354	1244	708	515	284	464	2090	1127	421	445	558	331	523	377	270	2061	571	93	549	1067	430	539	3805	657	965	2394	693	207	238	1186	531	1703	2320	401	342	1070	118	549	2126	579	204	85	98	1109	696	203	1668	1850	2103	1251	722	202	398	623	182	1273	236	301	62	567	1169	163	2311	2999	563	175	1315	1214	1085	276	529	3332	250	1229	533	299	354	1353	291	2805	1400	44	133	394	179	111	284	320	220	1278	1672	1309	1326	1694	544	145	925	399	306	263	383	115	258	1151	1062	282	93	255	196	702	360	978	531	27	588	282	551	267	1287	2238	342	117	293	329	1238	364	859	574	1312	1851	956	2091	583	582	571	1475	1141	78	339	498	860	250	530	1476	105	840	2013	1980	542	646	268	803	269	282	1948	176	504	882	276	759	264	112	1827	198	1400	255	1563	651	3598	539	326	289	811	2271	1250	1631	661	730	917	351
28	349	1096	187	234	105	891	359	842	268	1035	192	1365	508	999	658	206	900	108	1161	1097	857	118	0	981	306	1154	473	1814	1401	696	471	255	630	157	835	1289	338	2192	241	326	770	174	1902	178	2004	94	702	403	107	380	561	981	836	161	858	1212	237	1483	658	773	396	2461	192	1050	834	157	74	1605	106	1106	196	1101	592	465	906	1105	572	1716	235	2004	533	771	101	390	2095	216	954	1893	1926	453	758	1021	343	976	629	180	108	371	604	1916	3262	1755	323	599	1240	1033	628	1107	2513	1088	223	86	506	1097	977	554	449	180	1309	1057	1249	407	25	381	260	124	727	365	3113	433	274	470	108	647	2557	397	1354	632	403	304	356	1972	1025	378	560	440	373	449	455	366	1945	628	26	433	966	311	627	3691	587	895	2281	589	103	264	1091	619	1635	2249	421	223	1031	195	433	2038	503	101	105	102	1151	586	102	1611	1731	2038	1155	650	300	420	708	198	1392	355	200	119	604	1090	221	2227	2884	446	183	1434	1125	981	159	415	3213	368	1110	520	250	397	1270	177	2698	1330	74	229	407	188	183	304	349	126	1174	1578	1213	1207	1589	433	130	885	421	369	271	274	81	377	1034	961	376	187	374	267	821	274	1097	423	143	625	296	572	188	1406	2120	450	1	386	378	1169	269	746	455	1232	1970	868	2018	481	508	690	1591	1022	82	237	379	975	368	584	1397	106	959	1902	1921	531	575	364	705	325	348	1890	269	439	763	159	653	322	8	1945	315	1330	171	1495	534	3479	566	438	381	700	2152	1137	1745	723	624	840	402
961	1117	554	1099	782	1083	953	733	928	1189	718	1100	2204	570	1953	457	1106	389	1031	2135	307	254	1085	981	0	1253	581	1215	922	2316	1619	578	985	354	1063	915	1838	1089	1277	1050	1272	513	977	2740	973	1171	898	1422	1080	973	1068	1259	1945	1398	848	932	270	746	953	1493	536	978	1573	984	237	1803	1063	965	2391	1079	564	1102	312	541	524	92	2079	421	965	1160	1171	1512	1325	959	1068	1286	1111	201	1185	1140	1433	229	572	1111	216	908	939	967	1200	490	1172	2689	866	1287	1070	622	1994	1193	1983	1554	2003	787	1058	1456	982	1941	736	570	939	1429	773	665	1153	985	1068	731	1051	1702	1343	2526	803	733	1395	968	1429	1611	1052	2328	480	809	979	848	1354	63	1153	1437	714	1044	616	1195	1202	1045	1193	1006	735	66	735	1343	2744	541	1297	1339	874	955	1208	189	1337	875	1413	980	787	756	1078	735	1110	568	959	1083	1076	2024	803	963	945	1063	1258	220	490	1280	987	1380	984	2297	1303	784	1045	1087	385	1196	1313	2303	709	975	2363	1274	0	829	770	2416	1321	564	849	1084	1052	1430	806	1719	612	1044	1124	955	976	1069	979	1001	971	193	625	1238	631	608	803	1083	703	987	1106	954	706	1046	1322	330	53	1204	1099	1319	1244	1751	733	2010	837	1113	1099	966	1006	825	2316	1244	1428	982	1204	1067	526	721	750	616	447	2834	257	1182	502	570	1606	2404	595	1062	746	659	1937	1321	1157	580	1079	1864	940	1202	861	542	1202	294	1073	1107	1182	1140	659	464	829	328	1078	983	2809	1278	612	832	755	524	2641	1032	1319	1199	300	1325	247	2709	1268	858	371	1078
334	252	1403	154	471	244	1168	665	1120	72	1162	154	1063	720	703	872	150	1106	337	885	1395	1095	187	306	1253	0	1461	310	2030	1095	389	695	305	912	189	1115	1078	268	2410	232	19	1077	436	1598	286	2194	364	480	341	383	328	393	692	672	468	1136	1464	513	1787	380	1080	413	2762	278	1287	551	189	293	1311	262	1412	152	1327	791	756	1185	828	862	1890	339	2194	350	625	387	337	2401	148	1196	2047	2103	229	1039	1328	251	1215	671	460	387	190	819	2080	3558	1971	56	556	1547	741	519	1032	2800	781	530	273	205	1382	688	853	751	460	1544	1358	1556	577	317	329	560	203	537	237	3411	726	520	443	387	717	2848	358	1078	844	697	340	645	2277	1291	541	269	744	341	662	304	180	2243	519	281	735	1229	618	425	3984	787	1097	2573	868	391	312	1341	417	1816	2435	432	530	1147	179	735	2265	718	387	244	259	1075	876	385	1766	2037	2210	1407	854	152	427	512	280	1086	50	476	210	552	1301	225	2444	3182	750	285	1130	1367	1253	462	714	3519	68	1417	597	439	358	1499	475	2972	1519	231	138	437	286	186	340	355	399	1444	1823	1471	1514	1860	726	295	1007	428	284	341	562	287	71	1335	1226	192	154	68	215	515	520	791	711	165	570	346	563	428	1100	2422	206	305	205	327	1357	532	1042	762	1445	1663	1104	2209	752	720	383	1292	1328	251	513	685	684	68	488	1607	263	652	2187	2078	601	778	177	964	272	260	2045	146	634	1069	462	931	265	300	1639	52	1519	421	1678	838	3785	543	164	203	989	2457	1428	1457	594	906	1052	341
1126	1420	58	1326	1050	1232	598	800	603	1416	1289	1330	2509	970	2143	928	1341	954	1149	2275	289	805	1273	1154	581	1461	0	1541	1335	2555	1850	952	1278	656	1290	594	2279	1395	1622	1323	1480	384	1059	3050	1233	1615	1107	1774	1416	1092	1397	1608	2117	1813	993	597	764	978	387	1788	383	1332	1343	1250	815	1966	1290	1177	2734	1219	49	1334	886	988	744	536	2223	661	1478	1236	1615	1611	1737	1084	1401	948	1349	779	1703	1620	1573	584	143	1413	797	1359	1025	1087	1482	934	1674	2181	1291	1475	1483	87	2171	1589	1887	1491	2242	931	1201	1659	506	2114	648	721	1025	962	288	101	1115	1145	1398	907	1265	1773	1456	2023	775	1008	1421	1087	1334	1502	1392	2464	940	799	1294	855	848	627	1133	1703	727	1376	988	1520	1481	864	1589	1179	741	647	842	1691	2611	986	1006	1235	722	1079	1290	747	1684	1392	1837	1343	931	1324	1320	741	1448	964	1084	1232	1219	1923	668	1086	1492	582	1734	743	962	1426	1349	1750	1252	2547	1509	1008	1259	1499	965	1318	1657	1795	721	1238	2584	851	581	1000	770	2058	1522	44	1267	1127	1392	981	990	1754	1170	1229	1364	1317	1240	1308	1294	1332	1080	614	992	763	58	811	775	1202	1248	1349	1421	1259	922	1187	1531	252	632	1487	1326	1528	1365	1975	1008	2252	803	1297	1516	1280	1422	1076	2561	1006	1581	1156	1492	1396	1104	977	510	699	1004	3122	812	1623	802	970	1844	2729	154	1218	978	776	2114	1522	1546	1103	1218	2113	942	1713	1282	979	1480	731	1378	1412	1699	1394	1036	393	1000	664	1380	1161	3098	1467	1170	1072	1292	631	2328	1441	1579	1487	575	1009	395	2869	1679	684	919	1414
499	127	1484	298	491	476	1358	797	1310	267	953	292	990	645	805	777	277	979	557	1034	1418	1010	391	473	1215	310	1541	0	1885	1111	460	638	264	917	318	1302	816	148	2261	237	310	1171	645	1529	322	2017	466	237	135	579	148	90	822	373	605	1325	1382	566	1899	281	1180	240	2778	304	1192	713	318	412	1196	495	1495	288	1216	688	797	1167	977	889	1702	615	2017	640	318	574	147	2449	267	1112	1837	1914	515	1033	1422	134	1126	436	653	580	122	732	1879	3697	1827	362	278	1623	857	211	1333	2766	806	651	495	391	1558	818	1005	823	653	1781	1493	1641	845	495	147	650	352	808	547	3544	895	533	753	581	1019	2826	164	1215	750	866	247	823	2383	1241	810	260	882	171	599	20	132	2251	211	458	880	1177	740	157	3958	686	1357	2554	1058	577	602	1261	149	1636	2250	243	651	929	279	880	2130	647	574	476	490	1375	1048	575	1563	2123	2013	1329	749	462	235	234	300	1089	320	541	356	268	1171	513	2294	3314	887	317	1167	1598	1215	579	869	3581	338	1499	409	690	164	1741	576	2904	1355	417	258	264	313	291	247	215	597	1395	1722	1685	1598	1801	895	537	803	236	120	282	623	505	317	1371	1178	119	298	319	516	583	533	811	890	390	281	261	308	469	1109	2442	485	471	106	149	1197	564	1197	862	1312	1619	1016	2033	754	645	440	1198	1428	469	566	786	807	338	187	1463	496	665	2154	1869	405	682	135	922	165	132	1835	216	556	1150	579	925	163	464	1594	360	1355	476	1503	913	3829	280	197	109	1001	2499	1426	1550	284	1092	938	137
