NAME : VRPTW_INSTANCE_360.txt
COMMENT : Bangkok Supermarket
TYPE : VRPTW
DIMENSION : 252
DAYS : Tuesday
EDGE_WEIGHT_TYPE : EXPLICIT
VEHICLES : 36
EDGE_WEIGHT_FORMAT : FULL_MATRIX
CAPACITY : 1000
EDGE_WEIGHT_SECTION
0	586	835	426	193	205	123	119	999	398	131	985	88	451	1388	978	206	306	347	862	609	350	201	308	236	221	528	215	529	464	344	815	351	284	215	128	975	535	957	156	481	154	203	197	300	411	223	403	977	196	1750	1627	309	908	22	1149	176	255	1947	121	93	1149	308	458	620	412	409	88	502	241	23	239	1017	111	272	620	248	203	111	1065	284	112	322	595	1003	126	968	737	224	631	220	432	358	624	383	222	343	1058	404	119	2196	986	1126	961	1126	496	14	264	2281	571	407	353	1885	382	399	152	288	101	111	1061	650	368	405	191	111	213	349	248	503	764	309	205	207	412	371	890	926	1034	508	88	2073	815	432	223	317	1178	199	102	1171	113	402	622	113	148	2137	584	367	2653	1908	204	810	978	156	350	139	348	124	149	204	330	199	620	1016	563	1008	1085	368	371	101	335	525	1985	97	235	177	661	410	153	745	442	810	692	1016	278	1336	1343	22	1003	309	300	165	987	328	1443	815	170	1077	397	153	113	367	1595	155	66	135	210	2210	1799	154	395	255	172	840	404	1550	1016	135	350	1014	78	1399	978	435	804	378	481	191	1165	1221	119	908	940	219	1532	213	368	1342	79	189	504	264	582
586	0	770	540	398	506	656	699	1455	694	600	456	672	539	1426	459	411	446	570	1074	339	803	639	443	642	807	826	515	722	472	572	646	570	516	500	709	895	313	451	433	469	649	398	608	550	542	809	545	1147	607	1165	1043	290	767	591	625	415	381	1620	702	544	625	448	264	631	555	448	672	688	826	597	642	500	689	819	627	337	398	688	1530	516	522	471	54	491	648	547	408	614	448	612	457	578	62	839	808	926	559	691	699	1626	476	988	541	988	686	593	322	2860	546	533	917	2179	944	698	678	456	671	688	1612	652	819	690	753	650	798	569	337	687	816	290	510	501	555	623	830	1511	1184	77	672	1908	646	457	612	885	620	400	650	1064	692	693	599	691	518	1551	44	601	2369	2437	502	457	1149	433	560	723	565	502	682	640	558	400	627	501	53	1502	1016	806	623	683	773	711	1400	536	641	410	543	533	453	994	143	1015	839	1397	307	801	1095	591	705	290	550	421	1336	571	1106	646	688	595	664	612	692	517	1884	465	574	593	505	1631	1244	649	707	381	417	775	529	967	897	491	837	484	621	1880	1149	469	308	554	677	582	832	654	697	522	490	511	1342	513	806	1666	627	488	701	322	622
835	770	0	1135	805	956	775	926	1821	1198	954	725	895	1149	656	700	680	988	1101	455	431	1186	1026	988	1056	940	485	970	1299	389	1100	157	1104	551	959	928	142	1029	667	807	1120	733	830	1011	537	1127	941	1123	461	1009	1521	1393	684	113	857	792	808	641	1155	927	889	792	992	544	1299	1135	1062	895	1265	948	859	1057	710	925	831	1297	749	830	926	1881	551	886	1020	720	693	762	521	407	1035	1176	1030	1083	1113	732	1219	941	1082	691	1201	926	1795	684	292	519	292	1260	849	734	2866	1220	1119	1137	2719	1165	1200	767	982	926	926	1795	1327	1204	1201	1005	782	933	1102	749	1266	159	684	958	954	1135	485	61	1485	1816	754	895	1239	157	1083	1033	1101	905	709	794	337	925	1200	1280	925	917	1920	726	1132	1828	2643	951	414	464	807	1097	930	1099	720	983	1029	507	709	1297	708	717	1809	261	1204	485	857	663	365	1732	885	1053	792	1258	1120	718	458	741	414	1455	887	742	942	538	857	349	684	537	790	1822	1089	697	157	1005	668	481	977	925	1082	2427	703	886	954	959	1865	1374	733	517	641	802	5	1114	1308	182	877	1183	738	787	2198	464	1093	1066	458	1246	994	480	966	931	456	562	970	698	967	1204	2177	793	651	1273	734	253
426	540	1135	0	338	222	549	457	936	182	315	996	456	26	1750	999	469	148	94	1264	774	356	282	148	252	578	937	211	182	748	98	1063	90	630	212	468	1276	271	992	348	104	578	311	259	661	16	580	24	1371	260	1615	1506	452	1177	409	1164	340	499	2136	461	332	1164	144	615	194	23	92	456	148	596	412	249	1041	447	683	194	386	311	444	1013	630	317	118	584	1032	552	1074	888	239	269	241	87	89	602	382	578	620	1100	175	457	2117	1017	1407	1067	1407	145	418	401	2444	154	18	563	1647	579	186	578	157	425	444	1164	224	364	174	451	537	573	92	386	147	1108	452	221	220	23	749	1195	1198	683	487	456	2359	1063	87	239	547	1145	437	527	1468	450	178	197	449	278	1968	570	100	2875	1946	224	953	1372	348	85	482	91	474	381	280	689	437	194	1041	559	1004	1396	346	749	504	760	899	1843	329	252	355	257	15	448	1152	452	1208	322	1442	392	1334	1573	409	1192	452	661	361	795	113	1620	1063	366	1135	784	303	450	59	1350	469	362	307	217	2101	1760	578	797	499	347	1140	22	1441	1302	304	408	1023	504	1364	1372	75	579	724	136	249	1338	1170	451	1036	1023	207	1798	213	346	1127	505	529	160	401	904
193	398	805	338	0	155	290	301	1108	397	210	820	276	356	1412	816	131	190	295	933	491	439	265	190	281	414	614	170	493	416	295	749	299	294	156	312	947	360	798	37	353	300	26	238	327	327	416	323	1036	237	1564	1441	152	857	195	987	17	164	1859	304	147	987	194	326	522	334	283	276	460	434	201	282	856	291	454	520	74	26	290	1179	294	127	220	414	843	286	834	616	255	477	251	307	308	441	476	415	527	903	399	301	2020	827	1085	827	1085	455	198	94	2461	454	320	520	1931	548	401	318	180	273	290	1222	552	457	399	355	281	406	296	74	461	771	152	159	152	334	416	865	1117	1011	321	276	2039	749	307	252	487	1005	99	277	1142	294	399	512	293	136	1947	401	327	2584	2058	150	688	1038	37	292	326	293	158	287	267	354	99	520	856	382	1137	1066	449	416	294	469	563	1798	139	279	21	527	322	118	824	256	876	652	1151	100	1172	1272	195	907	152	327	33	1045	283	1346	749	296	928	454	227	294	281	1637	139	175	205	158	2029	1629	300	474	164	21	811	315	1366	978	100	462	849	247	1524	1038	315	612	387	441	214	1063	1045	299	782	796	169	1484	166	449	1395	251	198	467	94	568
205	506	956	222	155	0	328	258	962	242	117	950	249	246	1549	948	276	108	153	1047	645	298	134	110	137	384	717	14	349	567	151	904	157	424	11	270	1098	361	934	148	278	356	135	101	452	207	386	200	1157	101	1657	1539	304	1011	190	1120	149	316	2014	262	111	1120	109	480	416	210	208	249	318	403	194	136	989	247	470	416	226	135	245	1035	424	94	119	533	978	331	982	769	109	436	106	230	165	558	335	384	460	1040	245	258	2132	962	1238	975	1238	313	199	246	2366	366	203	428	1776	452	246	358	89	225	245	1107	446	315	245	279	316	377	155	226	319	911	304	3	4	210	537	1014	1057	866	434	249	2192	904	230	106	402	1126	247	307	1293	250	245	417	249	56	2031	520	180	2740	1931	5	840	1158	148	153	285	152	258	202	134	481	247	416	990	502	1000	1215	304	537	291	538	690	1891	108	135	165	458	206	242	933	376	992	512	1221	247	1301	1428	190	1062	304	452	166	889	137	1500	904	198	1068	570	118	250	163	1481	261	144	108	5	2132	1751	356	579	316	154	961	199	1467	1130	85	330	979	283	1383	1158	232	658	521	297	76	1218	1161	253	932	941	15	1638	11	304	1239	284	320	323	246	713
123	656	775	549	290	328	0	156	1046	511	246	1020	129	574	1293	1010	246	427	469	753	615	432	309	429	347	180	419	338	646	433	466	777	473	242	338	155	910	646	986	255	603	43	307	312	244	534	182	527	871	311	1810	1684	366	859	140	1178	274	286	1911	155	216	1178	430	482	744	535	531	129	620	196	137	349	1047	157	165	744	325	307	159	1106	242	234	445	656	1031	12	975	739	339	750	335	554	480	685	460	182	325	1081	517	156	2238	1015	1067	968	1067	615	131	337	2242	694	530	365	1962	394	511	29	409	166	159	1058	773	449	518	232	11	172	471	325	622	686	366	328	330	535	292	825	866	1143	579	129	2003	777	554	338	328	1220	256	23	1105	157	515	745	157	271	2203	646	488	2602	1910	327	811	872	255	472	155	470	153	230	312	270	256	744	1046	625	1038	1015	453	292	82	214	438	2045	220	345	269	783	533	202	635	514	703	808	892	353	1366	1299	140	981	366	244	257	1065	449	1416	777	255	1095	308	266	157	491	1677	191	187	251	333	2260	1833	43	294	286	269	779	527	1605	957	254	417	1048	45	1429	872	558	900	321	599	311	1145	1266	161	910	955	342	1474	336	453	1419	43	185	622	337	522
119	699	926	457	301	258	156	0	897	380	144	1104	32	484	1448	1097	325	367	367	902	726	278	183	369	220	125	569	262	521	569	364	918	371	381	269	11	1063	616	1076	265	532	199	306	199	390	442	127	433	1022	198	1865	1742	427	1006	108	1268	284	373	2052	3	164	1268	368	577	646	439	465	32	499	145	102	223	1136	11	231	647	363	306	13	960	381	189	375	711	1122	167	1085	853	222	694	219	486	376	739	305	125	226	1177	388	0	2314	1105	1218	1079	1218	494	108	381	2163	610	440	234	1806	264	380	173	348	33	13	942	675	294	389	79	147	118	369	363	502	841	427	257	262	439	446	978	817	1000	621	32	2158	918	486	222	198	1296	319	134	1258	8	385	655	8	211	2249	699	378	2751	1790	259	926	1023	265	373	26	369	238	86	186	418	319	647	1136	679	897	1169	300	446	74	353	594	2099	172	219	288	709	443	271	783	556	854	679	1003	393	1455	1444	108	1114	427	390	278	909	347	1552	918	109	1196	464	154	8	405	1521	272	129	152	263	2327	1918	199	449	373	282	931	438	1665	1108	219	261	1133	139	1289	1023	485	901	468	479	208	1276	1339	6	1025	1058	268	1625	262	300	1263	133	298	499	381	672
999	1455	1821	936	1108	962	1046	897	0	764	905	1908	929	948	2292	1908	1193	1008	886	1720	1595	668	843	1011	827	889	1414	950	781	1463	884	1814	887	1278	966	894	1956	1207	1895	1086	1033	1088	1094	870	1287	929	888	924	1844	871	2547	2440	1260	1903	980	2078	1096	1242	2947	896	974	2078	1006	1433	963	916	1024	929	806	884	976	827	1949	899	1018	967	1182	1094	898	78	1278	988	984	1489	1938	1059	1942	1722	855	1167	858	1023	880	1512	632	887	758	2002	768	897	3053	1922	2114	1935	2114	807	986	1202	1624	1015	937	689	990	662	759	1055	998	902	898	430	966	650	769	817	1039	894	887	1182	808	1725	1260	959	967	916	1337	1871	833	726	1388	929	3043	1814	1023	857	723	2073	1175	1028	2149	899	765	1000	899	972	2886	1475	857	3648	1024	967	1794	1844	1086	897	891	891	1123	851	841	1315	1175	967	1950	1459	144	2057	659	1337	965	1191	1476	2772	981	829	1109	1101	938	1142	1603	1336	1684	765	1647	1206	2256	2341	980	2001	1260	1287	1104	302	883	2441	1814	833	2031	1347	885	899	944	748	1151	963	908	962	3035	2693	1088	1322	1242	1098	1826	940	2377	2004	1010	653	1937	1036	428	1844	1012	1508	1365	809	894	2162	2101	893	1890	1903	954	2520	954	659	493	1030	1189	792	1202	1568
398	694	1198	182	397	242	511	380	764	0	266	1150	391	201	1781	1151	518	251	123	1260	881	188	201	253	163	482	926	228	142	809	122	1147	123	658	241	388	1339	450	1141	391	286	549	375	200	683	171	484	165	1375	201	1795	1684	541	1254	376	1319	392	559	2251	382	318	1319	247	716	306	159	262	391	127	497	377	161	1193	372	610	309	465	375	369	840	658	315	223	731	1183	518	1206	1003	173	446	178	265	116	752	208	482	486	1248	9	380	2293	1167	1481	1199	1481	122	386	484	2263	309	178	415	1534	426	4	536	245	354	369	982	329	192	11	343	499	479	124	465	129	1148	541	240	245	159	763	1256	1039	636	631	391	2435	1147	265	175	408	1309	489	487	1535	374	5	329	373	281	2150	717	93	2980	1767	247	1071	1376	391	134	399	128	488	294	198	713	489	309	1193	703	825	1456	173	763	445	723	918	2024	320	165	408	415	180	480	1143	585	1208	299	1383	482	1495	1670	376	1300	541	683	408	654	124	1736	1147	271	1280	792	245	374	180	1239	497	333	262	240	2280	1929	549	793	559	397	1203	180	1618	1373	321	244	1178	473	1191	1376	255	760	756	109	209	1453	1337	373	1161	1160	228	1881	231	173	1000	471	554	122	484	952
131	600	954	315	210	117	246	144	905	266	0	1031	140	342	1518	1026	290	225	228	993	690	238	71	227	105	268	659	119	400	573	225	922	232	404	128	155	1095	478	1009	183	388	282	203	66	425	300	270	291	1109	65	1761	1641	359	1021	109	1198	196	338	2048	147	69	1198	226	529	507	298	321	140	374	288	110	108	1067	133	367	507	284	203	130	974	404	84	231	621	1054	252	1040	817	93	550	89	341	238	648	274	268	344	1114	273	144	2226	1038	1243	1034	1243	369	119	304	2261	467	298	318	1764	344	268	273	206	111	130	1013	536	257	273	162	234	262	230	284	376	891	359	115	122	298	500	1010	940	902	525	140	2194	922	341	92	289	1214	270	222	1291	136	271	513	135	82	2139	608	243	2762	1847	119	890	1110	183	233	170	229	234	86	74	455	270	507	1067	589	928	1208	253	500	190	460	655	1995	75	103	207	565	301	241	876	462	941	563	1132	311	1383	1450	109	1098	359	425	201	868	208	1538	922	87	1138	527	23	136	261	1473	253	68	8	121	2232	1839	282	526	338	197	959	295	1567	1134	111	253	1060	206	1316	1110	341	773	501	353	67	1258	1252	138	986	1005	125	1648	119	253	1223	205	302	375	304	703
985	456	725	996	820	950	1020	1104	1908	1150	1031	0	1074	993	1319	26	782	900	1026	1156	435	1249	1079	898	1088	1193	1024	961	1176	662	1028	568	1026	810	945	1113	794	750	58	851	918	999	828	1049	832	998	1195	1001	1183	1048	831	701	678	657	997	169	835	737	1227	1107	967	169	903	538	1066	1011	903	1074	1142	1211	1002	1087	51	1096	1166	1062	749	828	1096	1983	810	948	926	419	53	1009	230	352	1060	861	1056	911	1034	397	1286	1195	1328	119	1147	1104	1218	50	810	228	810	1140	995	729	3262	984	989	1335	2624	1364	1154	1035	910	1082	1096	2042	1083	1266	1146	1170	1018	1185	1025	749	1142	848	678	954	946	1011	868	767	1885	1615	519	1074	1608	568	911	1057	1301	206	785	1023	897	1098	1149	1031	1098	953	1235	433	1057	1981	2879	946	315	1187	851	1016	1124	1022	876	1106	1081	824	785	1062	52	449	1951	891	1255	868	1070	1066	879	1059	959	1086	826	957	989	835	1118	574	1104	1283	1559	720	352	800	997	461	678	832	834	1792	1027	737	568	1116	166	899	1046	1098	973	2329	838	991	1025	950	1247	813	999	951	737	835	729	985	616	761	920	1278	28	997	2332	1187	923	565	793	1132	1024	508	261	1105	275	169	957	1063	958	1255	2118	1004	835	1155	729	733
88	672	895	456	276	249	129	32	929	391	140	1074	0	483	1422	1066	293	357	368	881	693	302	191	359	229	140	547	254	531	536	365	886	373	349	260	39	1032	601	1045	239	526	172	282	202	358	440	142	432	999	201	1838	1714	397	974	81	1237	259	341	2020	34	147	1237	358	545	648	439	457	0	508	161	75	232	1105	29	226	648	335	282	31	992	349	171	367	683	1091	140	1053	821	227	685	224	478	378	712	331	141	255	1145	399	32	2285	1074	1187	1046	1187	502	79	352	2192	608	439	267	1834	296	392	150	337	37	31	974	676	320	400	111	119	132	371	335	510	812	397	247	252	439	417	947	841	1018	595	0	2128	886	478	226	230	1267	288	106	1228	29	396	654	29	198	2223	672	382	2719	1823	249	893	1000	239	374	50	370	205	102	194	387	288	648	1105	651	930	1139	324	417	53	334	566	2073	154	227	262	705	442	240	762	529	832	691	995	365	1424	1412	81	1081	397	358	251	936	348	1519	886	126	1164	436	155	29	401	1548	240	111	148	253	2299	1887	172	424	341	256	900	436	1638	1077	200	290	1102	107	1322	1000	479	881	437	487	207	1243	1310	36	992	1026	260	1594	254	324	1291	102	265	508	352	641
451	539	1149	26	356	246	574	484	948	201	342	993	483	0	1768	997	488	166	121	1285	783	379	308	166	279	605	959	236	182	763	124	1075	117	651	237	495	1290	259	991	369	86	603	330	286	682	43	607	51	1392	287	1601	1492	465	1189	434	1160	360	516	2142	487	357	1160	162	625	170	48	94	483	149	623	438	276	1039	474	709	170	402	330	471	1025	651	341	138	584	1030	577	1077	895	266	246	268	82	115	601	404	605	646	1099	193	484	2106	1015	1419	1070	1419	147	444	416	2464	127	44	589	1644	605	205	604	177	452	471	1183	200	387	192	478	563	599	118	402	149	1126	465	246	245	48	770	1210	1223	672	489	483	2371	1075	82	266	573	1138	456	553	1482	477	197	171	476	303	1951	570	125	2882	1960	248	959	1393	369	112	509	117	496	408	306	710	456	170	1039	560	1019	1411	368	770	530	785	919	1828	354	279	375	230	41	469	1174	457	1229	312	1467	406	1329	1582	434	1199	465	682	382	799	140	1625	1075	393	1135	806	330	477	83	1347	490	387	334	241	2088	1751	603	820	516	366	1155	47	1429	1315	327	432	1020	530	1376	1393	69	563	744	141	275	1344	1162	478	1041	1024	232	1809	238	368	1127	530	550	163	416	921
1388	1426	656	1750	1412	1549	1293	1448	2292	1781	1518	1319	1422	1768	0	1293	1281	1602	1701	574	1087	1725	1589	1602	1624	1415	884	1563	1899	1011	1700	792	1705	1125	1555	1446	539	1677	1262	1405	1750	1250	1439	1582	1098	1740	1415	1735	451	1581	2021	1903	1314	677	1410	1332	1411	1252	1089	1447	1462	1332	1606	1192	1928	1747	1687	1422	1867	1416	1410	1626	1290	1450	1277	1926	1368	1439	1452	2339	1125	1466	1632	1376	1276	1282	1090	1050	1608	1823	1604	1709	1714	1388	1753	1417	1536	1250	1785	1448	2163	1271	515	1091	515	1862	1401	1356	3021	1852	1733	1612	3248	1635	1783	1274	1593	1459	1452	2159	1957	1742	1786	1520	1303	1412	1703	1368	1868	642	1314	1551	1548	1747	1017	596	1745	2415	1408	1422	832	792	1709	1607	1580	1461	1313	1316	430	1449	1784	1912	1450	1501	2396	1383	1730	1538	2962	1545	1039	451	1405	1700	1442	1700	1293	1523	1592	1068	1313	1926	1288	1373	2246	429	1747	1017	1373	1109	863	2202	1460	1622	1395	1901	1735	1307	689	1390	607	2061	846	1368	1431	678	1410	862	1314	1098	1390	2354	1686	897	792	1547	1212	991	1541	1449	1694	2966	1288	1449	1521	1553	2267	1770	1250	998	1252	1405	650	1728	1823	559	1465	1708	1324	1321	2616	451	1719	1720	1028	1847	1571	884	1520	1454	1046	1150	1565	561	1560	1747	2706	1324	1229	1873	1356	849
978	459	700	999	816	948	1010	1097	1908	1151	1026	26	1066	997	1293	0	774	901	1027	1133	418	1247	1076	899	1085	1184	1005	959	1180	645	1029	543	1028	797	943	1106	768	757	33	845	924	988	824	1046	817	1001	1186	1004	1159	1045	851	721	671	631	990	171	830	728	1210	1100	962	171	904	527	1074	1014	906	1066	1147	1202	995	1085	41	1089	1154	1070	743	824	1088	1982	797	943	927	419	35	999	204	331	1057	871	1054	915	1035	398	1283	1185	1320	105	1148	1097	1230	26	784	202	784	1144	988	724	3252	991	992	1329	2631	1357	1155	1024	910	1075	1088	2036	1092	1264	1148	1164	1008	1175	1027	743	1146	824	671	952	944	1014	851	742	1873	1625	520	1066	1586	543	915	1055	1294	223	778	1013	871	1091	1150	1039	1090	949	1255	433	1059	1965	2874	943	292	1162	845	1017	1116	1023	867	1101	1078	809	778	1070	42	448	1948	865	1253	851	1061	1051	859	1078	954	1083	821	967	992	826	1096	572	1081	1290	1537	715	358	777	989	435	671	817	829	1795	1027	718	543	1111	150	882	1042	1091	975	2336	829	985	1021	948	1262	823	988	934	728	830	704	988	636	735	915	1275	41	988	2331	1162	927	581	777	1136	1021	485	281	1097	249	143	955	1040	956	1253	2123	994	824	1159	724	712
206	411	680	469	131	276	246	325	1193	518	290	782	293	488	1281	774	0	321	423	805	404	529	357	322	383	411	494	290	622	291	422	634	427	166	279	333	822	462	752	127	481	237	158	337	200	459	413	454	907	336	1564	1438	121	738	221	944	130	49	1757	327	220	944	325	251	652	466	412	293	589	430	226	384	812	318	408	651	107	158	318	1262	166	212	351	409	798	238	762	533	360	591	355	436	436	439	565	413	546	852	521	325	1997	781	963	755	963	584	218	108	2480	582	452	559	2046	589	520	267	312	307	318	1268	682	548	521	397	242	402	425	107	590	640	121	278	274	466	290	738	1111	1140	336	293	1917	634	436	357	524	978	32	244	1017	320	520	641	319	239	1956	400	454	2474	2114	271	605	909	127	421	343	422	94	345	360	225	32	651	812	379	1209	939	543	290	287	377	433	1799	215	381	114	649	454	53	700	272	748	782	1045	126	1132	1162	221	808	121	200	110	1154	410	1248	634	361	870	329	311	320	412	1753	56	230	288	279	2016	1596	237	355	49	124	685	447	1359	855	198	540	810	217	1600	909	444	673	255	569	318	968	1023	326	703	733	291	1365	287	543	1507	223	84	596	108	438
306	446	988	148	190	108	427	367	1008	251	225	900	357	166	1602	901	321	0	129	1120	639	365	226	2	215	492	796	106	315	600	130	920	130	484	97	379	1130	256	890	204	175	451	163	194	516	138	494	135	1225	194	1575	1460	308	1033	293	1070	193	351	2008	370	214	1070	3	477	333	147	104	357	280	512	298	213	943	356	576	332	239	163	353	1084	484	194	31	481	932	428	956	758	189	328	188	127	139	503	400	492	565	998	249	367	2060	916	1263	949	1263	276	301	254	2455	271	131	527	1774	549	255	457	19	333	353	1186	363	380	248	384	416	485	128	239	281	960	308	110	104	147	604	1048	1160	828	381	357	2216	920	127	187	503	1065	289	408	1323	359	250	326	358	160	1943	467	161	2742	1997	107	825	1227	204	120	394	125	333	307	226	543	289	332	943	452	1059	1249	366	604	397	631	753	1807	209	213	208	356	133	303	1010	333	1064	467	1316	248	1247	1435	293	1059	308	516	215	903	126	1492	920	301	1029	641	223	359	94	1478	324	249	216	104	2055	1687	451	656	351	200	994	126	1390	1156	173	407	929	381	1434	1227	131	561	577	263	172	1209	1096	362	913	909	100	1656	105	366	1245	383	384	290	254	756
347	570	1101	94	295	153	469	367	886	123	228	1026	368	121	1701	1027	423	129	0	1200	766	270	188	130	158	486	869	139	198	712	3	1041	4	577	146	377	1243	337	1017	297	190	501	271	167	605	78	488	70	1310	168	1679	1567	430	1152	328	1195	293	460	2135	370	255	1195	125	602	279	73	147	368	165	503	331	154	1069	356	595	280	356	271	354	963	577	244	100	608	1059	473	1085	886	146	359	148	156	12	629	300	485	525	1125	121	367	2173	1043	1380	1078	1380	160	338	374	2365	248	80	469	1646	487	128	497	125	335	354	1088	308	281	120	356	457	480	2	356	166	1063	430	151	153	73	690	1160	1106	716	508	368	2334	1041	156	145	453	1186	393	446	1438	359	122	288	359	205	2039	594	33	2868	1885	156	954	1311	297	11	391	5	412	288	186	634	393	280	1069	580	944	1361	264	690	418	682	843	1909	254	157	309	352	83	394	1085	462	1145	359	1359	370	1371	1560	328	1186	430	605	313	774	20	1620	1041	272	1157	723	213	359	62	1351	413	281	220	148	2163	1806	501	731	460	299	1107	79	1499	1273	238	321	1054	426	1314	1311	149	649	673	145	160	1337	1215	360	1042	1038	137	1777	142	264	1117	426	473	172	374	862
862	1074	455	1264	933	1047	753	902	1720	1260	993	1156	881	1285	574	1133	805	1120	1200	0	777	1180	1061	1121	1098	854	334	1060	1390	602	1198	602	1204	639	1055	898	477	1254	1099	916	1286	713	959	1060	605	1251	854	1245	124	1059	1970	1841	875	561	884	1241	927	791	1473	901	947	1241	1124	811	1454	1256	1217	881	1361	853	883	1100	1148	907	712	1452	907	959	909	1766	639	956	1147	1036	1131	744	969	810	1087	1392	1083	1240	1212	1057	1204	855	967	1137	1266	902	2249	1120	613	966	613	1356	874	901	2525	1387	1245	1046	2684	1068	1262	730	1107	918	909	1589	1484	1196	1267	969	764	851	1202	907	1363	309	875	1048	1047	1256	516	442	1194	1895	1030	881	1374	602	1240	1085	1016	1347	838	777	589	905	1265	1445	906	994	2372	1037	1224	2050	2404	1044	840	124	916	1200	893	1200	789	983	1064	580	838	1452	1147	1021	1672	495	1202	516	829	552	376	2185	947	1096	912	1455	1248	817	120	992	59	1554	436	917	1397	892	884	803	875	605	905	1796	1182	1093	602	1007	1118	479	1015	905	1205	2407	795	928	998	1052	2321	1829	713	468	791	920	453	1241	1756	545	962	1156	1173	788	2042	124	1248	1383	556	1340	1053	922	1408	909	900	1002	1063	943	1058	1202	2144	790	735	1365	901	456
609	339	431	774	491	645	615	726	1595	881	690	435	693	783	1087	418	404	639	766	777	0	927	752	638	772	795	595	658	953	227	766	310	768	386	644	733	556	618	390	509	736	587	509	728	402	770	796	769	833	727	1264	1134	340	431	626	575	501	355	1370	728	620	575	643	164	913	781	689	693	918	811	630	772	450	719	746	910	418	509	720	1664	386	607	671	289	433	603	360	128	746	764	742	707	777	302	963	796	937	474	881	726	1644	417	656	354	656	914	622	398	2852	830	761	960	2413	990	884	624	640	710	720	1667	939	945	881	800	615	786	766	418	918	492	340	648	641	781	432	490	1466	1455	332	693	1595	310	707	743	924	641	420	622	729	721	882	888	721	625	1667	296	799	2102	2516	640	200	835	509	759	741	763	488	750	755	392	420	910	449	288	1614	677	939	432	677	633	454	1493	614	770	487	852	762	458	716	335	719	1096	1148	399	762	798	626	419	340	402	491	1534	759	855	310	765	483	464	710	721	731	2117	453	634	686	646	1680	1230	587	516	355	498	436	756	1049	561	586	943	460	601	2005	835	719	636	358	902	705	573	696	728	298	341	656	1029	655	939	1881	607	433	928	398	324
350	803	1186	356	439	298	432	278	668	188	238	1249	302	379	1725	1247	529	365	270	1180	927	0	174	368	161	344	847	288	316	810	267	1160	273	634	303	281	1325	606	1232	417	458	475	426	201	650	342	345	334	1300	202	1941	1826	591	1257	328	1418	427	577	2286	278	308	1418	364	764	495	332	417	302	310	354	326	161	1288	274	485	498	513	426	272	739	634	319	349	832	1276	443	1273	1054	189	625	192	427	271	856	36	343	311	1338	197	278	2425	1260	1476	1267	1476	306	336	534	2095	495	347	232	1535	240	185	451	351	267	272	821	517	18	199	212	422	343	273	513	313	1112	591	294	303	332	717	1240	850	736	732	302	2423	1160	427	191	231	1423	508	409	1522	275	194	518	275	303	2306	818	255	3000	1634	303	1126	1300	417	282	286	275	468	204	172	680	508	498	1288	801	701	1435	24	717	352	628	868	2173	314	163	440	601	349	480	1060	675	1132	448	1251	538	1600	1688	328	1337	591	650	436	637	258	1777	1160	181	1365	738	217	275	332	1247	491	302	241	298	2421	2048	475	726	577	429	1191	347	1756	1366	341	55	1278	406	1085	1300	420	918	729	295	226	1496	1457	271	1221	1235	292	1882	291	24	992	402	536	302	534	933
201	639	1026	282	265	134	309	183	843	201	71	1079	191	308	1589	1076	357	226	188	1061	752	174	0	228	37	298	726	127	339	644	184	991	192	476	142	193	1166	482	1060	242	367	348	252	32	497	265	300	257	1177	32	1791	1673	417	1092	178	1248	252	404	2114	186	138	1248	225	590	465	261	307	191	316	315	179	40	1117	174	414	466	339	252	171	914	476	146	221	664	1105	317	1099	879	42	535	41	325	196	690	211	298	344	1166	208	183	2265	1088	1314	1092	1314	311	188	359	2233	436	266	300	1693	323	202	335	208	155	171	973	493	192	209	169	298	293	190	339	318	963	417	130	138	261	572	1082	935	834	566	191	2265	991	325	43	277	1257	335	286	1363	177	206	476	176	128	2164	651	195	2832	1800	138	951	1178	242	196	206	191	306	101	3	527	335	466	1117	633	873	1279	186	572	244	522	726	2025	142	36	265	538	269	311	943	506	1010	500	1186	364	1431	1519	178	1164	417	497	261	797	168	1604	991	84	1192	598	48	177	234	1401	324	140	71	135	2266	1883	348	595	404	255	1031	264	1601	1205	166	199	1108	273	1259	1178	322	787	573	296	57	1323	1294	177	1046	1061	133	1719	129	186	1152	270	374	316	359	775
308	443	988	148	190	110	429	369	1011	253	227	898	359	166	1602	899	322	2	130	1121	638	368	228	0	217	495	797	108	316	600	131	920	132	484	99	381	1129	253	888	204	174	453	164	197	516	139	497	135	1226	197	1573	1457	307	1032	295	1068	194	351	2006	373	216	1068	5	476	332	147	102	359	281	514	300	215	940	358	578	331	238	164	356	1086	484	196	32	479	930	430	954	756	192	326	191	126	140	501	402	495	567	996	251	369	2057	914	1262	947	1262	277	303	254	2457	270	131	529	1775	552	257	459	21	336	356	1189	362	382	250	387	418	487	130	238	281	960	307	112	107	147	605	1048	1162	828	379	359	2215	920	126	190	505	1062	289	409	1322	361	252	325	360	162	1940	465	163	2741	2000	109	824	1228	204	122	396	126	334	310	228	544	289	331	941	450	1061	1249	368	605	399	633	753	1805	211	216	209	354	133	304	1011	332	1064	467	1318	247	1245	1434	295	1058	307	516	216	905	128	1490	920	303	1027	641	225	361	95	1479	325	251	219	106	2052	1685	453	657	351	201	993	126	1387	1156	174	410	927	383	1437	1228	130	558	577	264	175	1207	1094	364	911	907	102	1655	108	368	1247	385	385	291	254	756
236	642	1056	252	281	137	347	220	827	163	105	1088	229	279	1624	1085	383	215	158	1098	772	161	37	217	0	332	763	127	302	672	154	1018	162	508	143	229	1197	467	1071	263	343	385	266	45	530	236	334	228	1213	46	1788	1671	434	1120	214	1257	271	429	2137	223	166	1257	214	608	431	231	287	229	279	349	215	3	1127	211	451	433	355	266	208	899	508	171	205	671	1115	354	1115	898	28	512	31	302	165	695	197	332	368	1177	170	220	2267	1098	1343	1108	1343	274	224	375	2240	406	237	317	1664	337	164	373	198	192	208	974	459	178	171	199	335	327	160	355	281	996	434	133	141	231	606	1112	954	797	571	229	2295	1018	302	30	298	1263	359	323	1393	214	168	444	213	146	2158	657	162	2857	1794	142	970	1214	263	167	242	161	337	136	34	560	359	433	1127	640	863	1311	168	606	281	559	760	2021	170	2	285	510	240	338	980	514	1046	462	1223	379	1439	1545	214	1186	434	530	282	770	139	1626	1018	116	1204	633	83	214	209	1372	353	174	103	137	2265	1887	385	632	429	274	1061	236	1600	1234	187	195	1116	309	1246	1214	298	775	605	259	67	1344	1297	213	1064	1075	131	1747	130	168	1124	307	405	279	375	806
221	807	940	578	414	384	180	125	889	482	268	1193	140	605	1415	1184	411	492	486	854	795	344	298	495	332	0	531	388	625	612	483	953	490	422	395	113	1070	740	1162	377	656	215	422	319	420	562	2	554	977	318	1970	1846	525	1029	220	1353	397	456	2084	121	287	1353	494	657	764	559	590	140	607	20	214	335	1222	136	143	765	469	422	139	945	422	311	500	814	1207	193	1155	920	340	819	337	610	495	843	361	1	145	1258	491	125	2409	1190	1230	1148	1230	602	216	485	2068	732	562	200	1832	227	482	177	473	159	139	877	791	357	492	139	179	9	489	469	609	837	525	382	388	559	454	986	704	1080	729	140	2154	953	610	340	166	1390	413	172	1262	133	488	774	134	336	2358	803	494	2767	1730	385	992	977	377	493	98	489	317	197	301	444	413	765	1221	782	869	1169	368	454	124	306	587	2205	294	332	399	833	565	361	734	663	811	777	907	499	1541	1471	220	1161	525	420	387	942	466	1593	953	215	1274	460	277	133	527	1553	355	251	277	388	2427	2007	215	433	456	394	944	559	1768	1121	341	309	1222	196	1258	977	610	1022	494	587	331	1324	1435	130	1091	1134	393	1635	387	368	1291	189	362	604	485	690
528	826	485	937	614	717	419	569	1414	926	659	1024	547	959	884	1005	494	796	869	334	595	847	726	797	763	531	0	730	1057	373	866	566	873	332	725	566	589	954	974	593	967	378	639	726	296	923	531	917	452	724	1856	1726	582	595	550	1146	606	489	1633	568	614	1146	800	567	1129	927	896	547	1029	533	548	766	1031	573	396	1128	600	639	575	1465	332	624	822	798	1014	410	889	676	753	1085	748	920	881	824	873	533	656	1040	932	569	2205	999	752	884	752	1023	540	597	2381	1067	918	729	2364	753	927	396	782	584	575	1332	1159	864	933	638	430	528	871	600	1030	343	582	718	718	927	209	514	1000	1561	768	547	1636	566	920	751	697	1229	524	442	766	572	930	1123	572	663	2260	796	892	2276	2172	714	730	453	593	870	561	869	463	649	730	276	524	1128	1030	777	1380	668	869	209	495	224	148	2083	615	762	593	1141	921	496	217	718	285	1220	571	614	1324	1019	549	796	582	296	584	1470	851	1182	566	673	1035	167	681	572	877	2083	474	594	663	722	2255	1784	378	140	489	599	487	914	1641	651	633	826	1047	453	1760	453	926	1127	272	1008	719	949	1286	576	816	899	733	1143	727	869	1821	455	416	1032	597	303
215	515	970	211	170	14	338	262	950	228	119	961	254	236	1563	959	290	106	139	1060	658	288	127	108	127	388	730	0	335	581	137	919	143	438	15	274	1112	361	945	163	271	367	149	95	466	196	389	189	1170	94	1664	1546	318	1026	198	1130	164	331	2028	266	121	1130	106	493	406	198	202	254	304	407	203	126	1000	251	477	405	240	149	249	1024	438	106	112	543	989	341	994	783	99	431	96	224	152	568	324	387	460	1052	230	262	2140	973	1253	987	1253	298	208	259	2361	357	192	425	1761	448	231	367	86	229	249	1100	435	304	230	279	326	380	141	240	305	926	318	12	17	198	551	1029	1055	852	444	254	2207	919	224	96	399	1135	261	317	1308	254	230	407	253	67	2036	530	166	2754	1922	19	853	1172	163	140	289	139	272	202	128	495	261	405	1001	513	989	1229	293	551	298	549	704	1897	118	125	179	451	195	256	946	387	1006	497	1231	260	1312	1443	199	1076	318	466	180	875	123	1514	919	196	1080	583	117	254	152	1467	275	152	110	11	2139	1760	367	592	331	168	976	188	1474	1145	99	321	990	293	1372	1172	225	661	535	283	70	1231	1170	257	945	953	5	1653	3	293	1225	294	334	309	259	727
529	722	1299	182	493	349	646	521	781	142	400	1176	531	182	1899	1180	622	315	198	1390	953	316	339	316	302	625	1057	335	0	909	199	1235	194	774	344	529	1441	436	1173	495	261	682	468	333	801	184	626	184	1502	334	1766	1661	623	1347	508	1343	491	658	2318	523	443	1343	311	791	197	172	274	531	34	639	510	299	1222	512	751	201	552	468	510	859	774	435	283	766	1213	652	1257	1069	306	385	310	265	185	783	326	624	624	1281	133	521	2277	1198	1576	1250	1576	38	518	568	2336	234	193	548	1464	556	143	673	317	494	510	1053	212	315	132	486	634	621	196	552	34	1260	623	347	350	172	885	1358	1157	518	670	531	2530	1235	265	307	544	1319	591	622	1635	515	136	230	514	398	2106	752	168	3055	1802	353	1134	1504	495	201	541	199	606	435	336	831	591	201	1222	741	864	1559	296	885	583	860	1038	1990	443	303	508	328	192	591	1274	634	1336	163	1525	563	1511	1750	508	1372	623	801	511	617	212	1801	1235	413	1317	916	380	515	222	1168	610	463	394	345	2255	1929	682	921	658	497	1304	197	1600	1470	434	371	1203	606	1208	1504	252	728	870	52	337	1519	1341	514	1219	1205	333	1971	338	296	944	605	669	25	568	1060
464	472	389	748	416	567	433	569	1463	809	573	662	536	763	1011	645	291	600	712	602	227	810	644	600	672	612	373	581	909	0	711	350	715	191	570	573	531	671	616	418	740	397	441	626	194	739	614	735	681	625	1491	1361	303	448	485	799	419	251	1483	570	506	799	604	208	918	747	678	536	876	626	488	673	676	565	541	916	361	441	566	1528	191	501	631	437	659	420	563	331	650	815	645	700	724	460	844	614	758	695	812	569	1867	643	672	557	672	871	478	347	2645	841	731	796	2336	826	812	435	594	561	566	1490	947	829	812	648	436	604	713	361	877	371	303	570	565	747	206	448	1254	1427	428	536	1626	350	700	647	759	868	320	446	726	566	812	901	566	530	1894	437	743	2190	2342	562	397	684	418	708	578	710	342	613	647	176	320	916	675	420	1466	649	826	206	507	411	242	1721	501	670	403	890	733	333	522	394	543	1067	938	358	983	879	485	548	303	194	401	1442	699	984	350	633	699	236	596	566	694	2043	319	508	573	570	1906	1450	397	288	251	413	394	726	1277	563	489	814	687	432	1858	684	710	781	134	857	608	711	924	572	493	557	581	1075	578	826	1796	438	275	884	347	163
344	572	1100	98	295	151	466	364	884	122	225	1028	365	124	1700	1029	422	130	3	1198	766	267	184	131	154	483	866	137	199	711	0	1041	7	575	145	374	1242	340	1018	296	193	499	270	164	603	82	484	73	1308	165	1682	1569	430	1151	325	1197	292	459	2136	367	253	1197	126	602	282	77	150	365	166	500	328	151	1071	353	592	283	356	270	351	960	575	242	101	609	1061	471	1086	886	142	362	145	159	14	630	297	482	522	1126	119	364	2175	1045	1380	1079	1380	162	335	374	2362	251	84	466	1646	483	126	495	126	332	351	1085	311	278	119	353	454	477	6	356	168	1061	430	149	152	77	688	1160	1102	717	509	365	2334	1041	159	142	449	1188	392	443	1437	356	121	291	356	203	2042	595	32	2868	1882	155	954	1309	296	14	388	8	410	285	182	633	392	283	1071	581	941	1361	261	688	415	679	841	1912	251	154	309	355	87	392	1083	463	1143	360	1357	370	1373	1560	325	1186	430	603	312	773	16	1620	1041	269	1159	721	210	356	65	1350	412	278	217	147	2165	1808	499	729	459	298	1106	83	1502	1272	236	317	1056	423	1312	1309	152	652	672	147	157	1337	1217	357	1042	1039	135	1777	140	261	1116	423	471	173	374	861
815	646	157	1063	749	904	777	918	1814	1147	922	568	886	1075	792	543	634	920	1041	602	310	1160	991	920	1018	953	566	919	1235	350	1041	0	1044	537	906	922	252	927	509	758	1035	738	772	972	533	1057	954	1054	617	971	1368	1240	612	121	836	639	755	590	1134	919	854	639	924	451	1214	1067	983	886	1201	964	839	1019	553	915	862	1211	684	772	916	1878	537	846	952	594	536	764	367	258	994	1073	990	1002	1053	602	1195	954	1098	536	1149	918	1661	526	348	364	348	1197	829	667	2939	1132	1048	1142	2680	1172	1150	775	918	912	916	1825	1241	1178	1149	998	782	945	1042	684	1201	293	612	908	902	1067	507	203	1550	1747	642	886	1296	0	1002	992	1106	749	660	792	419	916	1149	1191	916	873	1769	602	1074	1840	2678	899	258	620	758	1036	926	1039	693	964	994	508	660	1211	551	596	1814	371	1175	507	855	706	425	1583	849	1016	739	1160	1050	681	587	640	555	1386	1026	672	796	528	836	229	612	533	740	1789	1031	642	0	984	516	515	944	916	1014	2386	669	858	921	907	1724	1238	738	561	590	750	161	1043	1154	251	832	1165	580	780	2206	620	1014	931	458	1183	953	385	810	922	300	405	918	735	916	1175	2141	786	626	1210	667	277
351	570	1104	90	299	157	473	371	887	123	232	1026	373	117	1705	1028	427	130	4	1204	768	273	192	132	162	490	873	143	194	715	7	1044	0	580	150	382	1246	335	1018	300	187	506	274	172	609	74	492	66	1314	173	1678	1565	433	1154	332	1196	297	463	2137	374	260	1196	127	605	275	69	145	373	162	508	335	159	1070	361	599	275	359	274	358	963	580	248	101	608	1060	478	1086	888	150	355	152	154	9	629	303	490	529	1126	120	371	2172	1044	1383	1079	1383	157	342	377	2367	244	76	473	1644	490	127	502	128	340	358	1090	303	283	119	361	461	485	2	359	163	1066	433	155	157	69	694	1164	1109	712	508	373	2337	1044	154	150	457	1186	396	451	1441	364	122	284	363	210	2037	594	31	2870	1886	160	955	1315	300	10	396	5	416	293	190	638	396	275	1070	580	945	1365	266	694	422	686	847	1908	258	162	313	348	79	397	1090	463	1149	355	1364	372	1371	1562	332	1188	433	609	316	773	24	1621	1044	276	1158	727	217	364	60	1349	417	285	225	152	2161	1806	506	735	463	303	1110	76	1498	1276	242	324	1055	430	1314	1315	146	647	677	142	165	1339	1214	365	1043	1039	141	1780	146	266	1115	430	476	168	377	865
284	516	551	630	294	424	242	381	1278	658	404	810	349	651	1125	797	166	484	577	639	386	634	476	484	508	422	332	438	774	191	575	537	580	0	430	384	691	623	770	282	647	207	321	464	36	619	423	614	741	463	1624	1496	252	626	306	959	290	157	1672	382	342	959	488	283	817	625	578	349	742	435	308	510	831	378	360	815	270	321	379	1341	0	343	513	499	815	229	741	505	490	756	485	601	589	527	667	423	567	859	663	381	2026	799	842	735	842	737	298	266	2467	748	613	606	2168	635	661	245	473	377	379	1299	846	652	663	460	245	414	578	270	743	489	252	426	423	625	124	606	1080	1290	450	349	1790	537	601	487	569	1015	198	255	887	379	662	807	378	377	2023	493	605	2371	2152	420	575	743	282	575	389	576	171	432	479	59	198	815	830	473	1276	803	652	124	317	263	268	1857	339	506	275	816	615	183	534	395	582	936	894	282	1147	1063	305	739	252	36	269	1270	561	1174	537	454	869	165	428	379	573	1877	163	336	405	428	2058	1615	207	197	157	284	556	608	1414	732	340	633	837	242	1668	743	609	806	97	722	450	902	1066	385	674	727	440	1248	435	652	1625	248	104	748	266	299
215	500	959	212	156	11	338	269	966	241	128	945	260	237	1555	943	279	97	146	1055	644	303	142	99	143	395	725	15	344	570	145	906	150	430	0	281	1101	350	929	152	267	366	135	109	458	198	397	192	1164	109	1649	1531	303	1013	200	1114	151	318	2014	273	122	1114	98	479	407	202	197	260	312	414	204	142	985	258	481	407	225	135	256	1039	430	104	108	528	973	341	979	768	114	425	112	219	159	552	340	395	471	1036	243	269	2124	957	1241	972	1241	307	209	245	2375	355	194	438	1775	462	244	368	78	236	256	1115	437	320	243	289	327	388	148	225	313	916	303	13	8	202	543	1018	1067	861	428	260	2195	906	219	112	412	1120	250	317	1296	261	243	407	261	66	2022	514	175	2740	1937	11	838	1165	152	146	296	146	265	212	142	487	250	407	985	497	1005	1218	309	543	302	547	696	1883	118	141	167	447	197	247	941	371	1000	506	1230	245	1296	1429	200	1062	303	458	169	890	131	1499	906	208	1064	577	128	261	153	1480	266	154	119	6	2124	1744	366	587	318	156	964	190	1459	1133	92	337	974	293	1387	1165	221	648	526	292	84	1217	1154	264	930	937	12	1640	12	309	1239	294	326	318	245	717
128	709	928	468	312	270	155	11	894	388	155	1113	39	495	1446	1106	333	379	377	898	733	281	193	381	229	113	566	274	529	573	374	922	382	384	281	0	1064	627	1085	276	543	198	317	209	392	452	115	444	1018	209	1875	1752	436	1009	118	1277	295	381	2056	8	176	1277	380	584	657	450	476	39	508	133	112	232	1145	23	222	658	373	317	25	956	384	200	386	721	1130	167	1092	860	232	705	229	497	387	750	307	113	216	1185	396	11	2324	1114	1220	1086	1220	503	118	391	2153	621	451	227	1807	257	388	171	359	45	25	935	685	297	397	77	147	106	380	373	511	841	436	268	274	450	447	979	805	1006	632	39	2158	922	497	232	191	1306	327	135	1259	19	393	665	20	223	2260	710	388	2754	1783	271	933	1019	276	384	15	380	245	94	195	421	327	658	1144	689	892	1170	303	447	73	348	594	2110	183	228	299	721	454	280	779	566	851	687	995	403	1464	1448	118	1119	436	392	288	910	357	1557	922	116	1204	463	165	19	416	1522	280	141	164	275	2337	1927	198	448	381	292	933	449	1676	1110	231	262	1142	142	1284	1019	497	913	471	488	219	1281	1348	16	1031	1066	280	1627	274	303	1264	136	303	507	391	674
975	895	142	1276	947	1098	910	1063	1956	1339	1095	794	1032	1290	539	768	822	1130	1243	477	556	1325	1166	1129	1197	1070	589	1112	1441	531	1242	252	1246	691	1101	1064	0	1165	736	949	1259	867	972	1152	675	1268	1071	1265	445	1151	1554	1429	825	139	997	835	950	783	1044	1063	1030	835	1134	680	1439	1277	1202	1032	1407	1078	999	1198	771	1062	956	1437	890	972	1063	2014	691	1027	1161	844	756	897	573	511	1176	1311	1172	1223	1255	854	1358	1072	1211	741	1343	1063	1787	749	163	572	163	1402	989	875	2956	1359	1260	1269	2859	1297	1342	901	1124	1064	1063	1915	1467	1343	1343	1142	917	1064	1244	890	1408	245	825	1100	1096	1277	618	85	1585	1957	885	1032	1098	252	1223	1174	1233	956	851	929	196	1062	1342	1419	1062	1058	1948	851	1274	1698	2760	1093	501	448	949	1239	1065	1241	860	1122	1169	645	851	1437	769	844	1939	122	1343	618	992	784	486	1756	1026	1195	934	1395	1262	860	514	876	451	1597	912	884	965	434	997	361	825	675	932	1962	1231	620	252	1144	709	610	1118	1062	1224	2568	844	1027	1095	1101	1868	1371	867	641	783	944	136	1255	1346	68	1019	1321	803	924	2327	448	1234	1183	596	1388	1135	452	1017	1068	519	625	1112	565	1109	1343	2317	929	792	1415	875	392
