NAME : VRPTW_INSTANCE_57.txt
COMMENT : Bangkok Supermarket
TYPE : VRPTW
DIMENSION : 319
DAYS : Sunday
EDGE_WEIGHT_TYPE : EXPLICIT
VEHICLES : 37
EDGE_WEIGHT_FORMAT : FULL_MATRIX
CAPACITY : 1000
EDGE_WEIGHT_SECTION
0	1606	533	1011	942	404	178	1651	166	610	217	1221	479	493	97	553	1064	613	438	518	482	167	97	1015	1452	1627	932	385	271	363	2340	77	897	539	124	737	896	330	607	387	155	1321	1004	189	582	1236	1868	1132	582	838	1416	288	675	170	1141	60	956	935	1730	102	637	24	2552	425	379	869	1926	221	91	614	284	309	166	22	1960	139	450	1139	830	582	2094	1189	627	410	305	755	122	379	815	59	531	337	369	101	244	1651	2275	367	620	757	1624	2672	412	441	1668	214	221	412	450	1135	534	2740	474	624	3678	382	288	353	153	1058	351	1597	298	525	428	148	1080	172	1115	304	288	1122	228	215	683	909	525	873	961	399	185	525	1041	1079	1811	1846	1994	1405	91	264	891	1595	165	621	415	349	594	376	1126	203	265	639	367	351	127	394	1049	329	1321	213	91	412	926	309	198	59	199	282	719	2665	264	78	891	782	410	202	308	172	79	985	1927	193	189	408	170	214	493	1140	470	506	891	1682	582	124	1849	661	1266	390	1648	197	1137	913	1075	404	133	1554	221	544	718	648	304	1812	698	554	355	315	1008	204	3610	199	2015	1631	215	978	584	400	167	308	255	2861	1028	37	505	393	631	424	412	2766	1176	2036	1777	840	449	909	404	202	145	2547	823	126	1142	352	309	309	314	1037	310	1320	1296	1995	1075	1238	993	261	221	359	911	199	386	1099	258	1312	1073	165	229	395	1941	1413	1969	1486	648	1420	154	958	1880	753	240	185	2137	862	300	1181	373	201	885	1090	839	603	739	426	133	346	996	497	97	376	1231	607	465
1606	0	1578	826	909	1624	1428	2291	1686	1995	1394	497	1345	1822	1697	1770	1482	2000	1351	1367	1552	1769	1662	776	1901	171	1026	1901	1842	1531	1820	1644	2309	1172	1680	1095	2310	1530	1761	1659	1452	334	2137	1499	2162	2171	376	2624	1026	864	246	1427	2025	1693	2138	1590	1909	777	1221	1545	1556	1616	2137	1356	1841	810	2422	1626	1516	1998	1503	1418	1686	1610	3360	1741	1767	2067	2325	1026	2450	2126	2195	1601	1415	2020	1484	1512	1306	1588	1172	1289	1533	1703	1583	257	1823	1532	1411	947	1112	1909	1463	1468	1069	1596	1399	1549	2002	2293	1165	2731	1993	989	3241	1950	1623	1780	1473	1939	1495	386	1412	1615	1442	1523	803	1435	712	1414	1427	2276	1377	1490	2022	2494	1615	2096	945	1619	1429	1615	845	750	3284	1844	485	2509	1516	1342	735	2654	1440	1011	1676	1922	1627	1946	1492	1502	1529	1217	1532	1510	1479	1507	1368	1684	334	1503	1516	1463	991	1535	1627	1590	1419	1869	2099	1764	1342	1641	735	1327	1452	1766	1412	1435	1648	745	1710	1412	1421	1634	1693	1602	1555	2125	1548	1567	2104	1131	1066	1521	3329	1273	2284	1819	2284	1599	2592	1444	1152	1458	1726	399	1626	1876	969	1671	1414	318	1379	1208	1927	1420	2445	1809	3099	1419	2589	346	1821	768	1022	1459	1730	1412	1392	2347	1715	1604	1102	1632	1297	1432	1463	2732	1955	2047	627	2057	1156	1276	1622	1701	1668	1937	798	1666	1970	1942	1413	1404	1754	2195	1413	1421	1617	1704	758	2379	1511	1866	1827	1614	2101	1419	1599	2018	1532	881	810	1440	1376	1669	3083	2055	2939	2582	1560	2056	1664	1692	2759	1711	1839	1429	873	1901	1531	2120	1541	1495	1885	738	2057	1010	2296	1441	1547	1717	902	1563	1697	1946	1574	1215	1142
533	1578	0	1249	1209	144	509	1134	417	437	483	1336	249	276	527	1086	1517	441	264	213	56	626	625	1228	1947	1654	1250	466	750	175	2703	608	736	429	651	1067	737	833	1139	916	502	1376	606	672	980	1769	1910	1063	736	1048	1455	317	453	420	1674	473	1485	1123	2051	443	109	513	2948	267	382	768	1400	323	502	439	776	304	417	513	1785	547	984	656	781	733	2600	1721	741	929	312	443	536	168	1235	474	433	658	169	589	290	1702	2650	171	188	995	1931	2992	170	921	1958	321	602	918	909	1663	440	3213	525	779	4096	565	256	328	593	1584	202	1695	322	1041	898	401	1316	499	1314	313	317	745	527	346	447	1029	1041	1402	1247	147	577	1041	1291	1291	1708	2288	2035	1933	502	569	1005	1195	513	825	945	557	72	566	1577	351	768	363	171	194	528	156	1476	862	1376	339	502	170	1229	814	346	474	593	558	529	2948	569	611	1005	1210	181	475	311	499	609	1171	2332	515	566	933	420	322	44	1673	974	28	1421	1986	557	609	1754	319	1800	344	1131	338	1020	1368	1439	181	627	1659	323	318	955	135	313	1849	257	378	558	295	873	625	4013	593	1500	1713	628	1176	716	184	468	310	659	3246	1529	497	683	159	289	189	170	3237	1698	2491	1925	489	631	1317	143	733	677	2899	809	657	1667	604	309	318	334	1568	308	1737	1757	2389	1290	861	1458	660	632	883	1441	593	905	1630	763	1582	1312	513	526	925	1593	1930	1547	1098	1146	1937	687	1461	1424	234	679	577	2282	1394	804	1714	163	683	1415	1298	489	768	811	179	641	266	1267	38	527	566	1690	981	594
1011	826	1249	0	88	1219	863	2277	1147	1562	852	329	1006	1402	1109	991	672	1566	985	1054	1200	1145	1029	57	1126	759	200	1383	1178	1120	1484	1017	1875	842	1037	310	1875	811	970	918	885	493	1854	847	1475	1345	948	2139	512	200	581	970	1614	1154	1312	1024	1084	149	815	995	1286	1030	1756	981	1352	695	2490	1131	941	1566	806	974	1147	1025	2954	1148	1015	1884	1834	515	1738	1300	1639	852	967	1656	896	1111	481	1021	834	679	1124	1088	1105	746	1443	1123	1157	262	690	1746	1084	718	710	1102	791	802	1306	1472	827	2173	1476	469	2916	1393	1160	1303	858	1112	1080	645	959	835	700	997	69	874	125	966	970	1992	815	998	1617	1913	835	1289	118	1213	828	835	48	82	2819	1221	1066	1683	941	767	314	2443	871	427	927	1360	1319	1388	693	1005	835	983	1123	1095	895	1115	561	962	493	1011	941	1084	164	824	1120	1023	813	1293	1676	1700	767	1013	314	505	1072	1209	966	874	1021	127	1181	848	828	886	1154	1107	1209	1298	783	1225	1295	743	715	895	2858	1055	1457	1345	2271	1097	2136	618	363	1074	1097	599	1131	1461	303	1379	966	904	1175	905	1366	980	1998	1191	2813	813	2629	691	1204	104	532	1073	1172	966	757	2037	891	1026	570	1219	1058	1060	1084	2185	1133	1437	776	1721	628	451	1217	1028	1014	1668	565	1020	1145	1362	968	957	1267	1376	968	692	846	1216	75	2109	690	1243	1209	881	1289	813	858	1192	840	334	64	871	815	926	2840	1252	2789	2347	754	1255	1005	866	2650	1461	1203	828	1131	1081	823	1294	1134	838	1063	95	1721	480	1750	1070	907	1259	79	1217	1109	1388	791	452	656
942	909	1209	88	0	1171	801	2260	1083	1506	793	413	971	1349	1040	904	605	1510	947	1022	1159	1071	956	132	1070	846	125	1319	1099	1073	1504	944	1817	815	962	225	1816	729	882	833	823	574	1812	773	1393	1266	1036	2074	476	181	664	921	1560	1090	1229	958	1000	176	843	933	1253	962	1767	942	1291	708	2481	1073	876	1509	727	926	1083	957	2894	1078	928	1853	1769	480	1694	1219	1568	767	919	1606	830	1066	397	956	806	615	1078	1016	1050	834	1458	1077	1129	214	722	1782	1042	633	750	1045	725	717	1224	1386	800	2154	1412	436	2926	1325	1106	1245	789	1031	1034	733	910	748	616	937	145	812	213	918	921	1948	755	943	1563	1839	748	1202	53	1164	762	748	100	170	2753	1200	1154	1600	876	706	335	2404	808	384	841	1291	1280	1319	632	949	756	963	1077	1048	830	1070	497	879	574	956	876	1042	85	743	1061	958	746	1223	1620	1747	706	940	335	419	1030	1142	918	812	948	179	1177	787	763	800	1090	1049	1168	1216	696	1185	1207	776	692	824	2792	1035	1376	1287	2255	1038	2073	540	318	1032	1023	686	1073	1408	254	1341	918	992	1153	879	1298	933	1938	1117	2828	746	2616	779	1130	153	499	1030	1105	918	687	2054	814	959	526	1170	1035	1020	1042	2168	1057	1416	857	1675	580	375	1169	949	938	1694	574	944	1067	1291	920	909	1208	1290	920	656	793	1219	163	2066	617	1169	1135	797	1202	746	773	1111	762	377	137	808	754	841	2796	1186	2755	2306	666	1188	929	786	2621	1427	1127	762	1210	995	742	1213	1087	764	978	183	1675	444	1681	1030	833	1204	57	1177	1040	1319	735	369	615
404	1624	144	1219	1171	0	414	1248	275	371	399	1341	281	198	386	957	1426	376	273	272	112	484	491	1204	1841	1686	1198	336	607	100	2647	476	689	452	516	1008	689	719	1012	791	402	1398	648	560	837	1639	1941	1000	711	1021	1483	249	409	277	1543	345	1360	1104	2006	323	253	382	2881	268	254	816	1522	185	388	374	664	245	275	382	1761	404	851	745	703	709	2490	1592	625	810	252	437	427	114	1153	346	453	584	96	450	162	1729	2590	97	304	959	1889	2950	161	816	1921	189	509	804	764	1525	460	3118	407	757	4023	429	117	194	486	1461	140	1710	260	924	796	287	1288	403	1296	253	249	781	443	246	408	921	924	1264	1204	6	479	924	1259	1269	1663	2204	2067	1794	388	489	1003	1247	414	791	819	418	193	429	1487	246	653	438	97	125	421	117	1394	733	1398	236	388	161	1180	699	208	346	495	415	479	2917	489	478	1003	1124	172	330	252	403	476	1154	2261	423	469	810	277	189	119	1542	861	124	1283	1945	569	494	1707	414	1665	219	1245	206	969	1275	1376	166	487	1671	185	255	918	244	253	1881	383	417	420	238	823	481	3945	495	1613	1732	483	1155	696	165	324	252	565	3183	1420	367	648	14	380	192	161	3143	1578	2402	1928	504	591	1239	2	598	544	2847	834	524	1545	464	251	261	194	1430	250	1660	1665	2322	1267	899	1363	515	487	761	1305	495	785	1504	647	1547	1283	414	443	799	1626	1814	1611	1144	1037	1820	555	1351	1503	349	535	479	2288	1266	689	1585	87	571	1289	1277	504	742	706	183	521	128	1228	118	386	429	1598	907	564
178	1428	509	863	801	414	0	1643	284	709	46	1053	374	562	269	618	1012	712	331	423	453	344	251	861	1437	1452	808	519	438	336	2244	230	1016	386	275	613	1015	335	661	443	24	1147	1058	178	756	1290	1695	1276	408	680	1242	198	767	291	1201	166	995	774	1616	132	597	187	2472	318	490	695	1907	275	88	712	275	217	284	182	2092	313	534	1157	971	407	2091	1241	789	439	209	827	64	341	739	164	376	186	342	278	263	1478	2184	340	541	603	1504	2561	351	412	1542	250	95	418	614	1227	378	2707	614	450	3611	540	321	446	97	1091	306	1429	199	544	389	138	933	11	960	209	198	1187	51	167	772	1078	544	967	826	408	68	544	897	926	1956	1790	1822	1496	88	96	719	1656	13	455	472	508	580	535	1073	167	274	511	340	314	55	353	980	408	1147	177	88	351	796	318	261	166	83	448	822	2541	96	228	719	710	344	352	212	11	233	825	1849	15	56	449	291	254	465	1198	471	481	984	1561	410	137	1996	548	1337	487	1640	241	1272	862	972	340	306	1387	275	619	563	640	209	1638	610	414	514	226	1136	382	3535	83	2009	1461	394	820	407	337	314	212	151	2776	1021	176	331	408	521	350	351	2731	1198	1988	1618	904	273	827	413	330	277	2447	644	267	1170	520	213	207	407	1125	214	1247	1252	1913	923	1304	951	439	400	401	999	83	416	1143	270	1177	927	13	52	453	2024	1426	2024	1551	639	1432	280	953	1917	743	417	68	1979	913	307	1233	350	186	929	936	904	431	897	355	175	411	857	471	269	535	1185	500	287
1651	2291	1134	2277	2260	1248	1643	0	1504	1180	1616	2254	1319	1194	1618	2201	2644	1181	1354	1264	1190	1700	1732	2241	3081	2426	2328	1412	1812	1309	3761	1719	1170	1449	1756	2161	1173	1965	2257	2038	1637	2226	764	1804	1936	2880	2667	1401	1792	2082	2275	1449	1119	1504	2781	1592	2606	2133	3091	1570	1050	1628	4027	1363	1351	1624	294	1429	1633	1178	1909	1432	1504	1628	1586	1623	2092	537	1339	1788	3734	2834	1519	2058	1441	1001	1669	1302	2357	1594	1459	1782	1303	1683	1410	2498	3719	1304	1145	2052	2965	4004	1295	2055	2977	1437	1736	2050	1932	2737	1465	4340	1398	1827	5185	1510	1362	1338	1727	2709	1337	2547	1451	2171	2032	1532	2337	1633	2308	1442	1449	747	1658	1480	1102	1664	2171	2483	2306	1253	1712	2171	2324	2297	1697	3405	2776	3000	1633	1697	1980	637	1647	1888	2065	1524	1065	1515	2703	1484	1899	1297	1304	1329	1662	1290	2595	1977	2226	1473	1633	1295	2299	1946	1452	1593	1727	1566	1140	3925	1697	1723	1980	2334	1304	1530	1439	1633	1719	2172	3427	1648	1700	2058	1504	1437	1178	2781	2107	1162	2504	3015	1569	1740	1743	1225	2895	1319	8	1454	1300	2497	2530	1306	1717	2524	1429	1166	2016	1006	1442	2607	1109	1386	1521	1424	1230	1682	5089	1727	366	2545	1679	2185	1767	1310	1540	1439	1792	4313	2664	1614	1762	1258	1228	1304	1295	4362	2826	3612	2809	918	1722	2432	1247	1837	1786	3944	1732	1766	2793	1574	1437	1446	1369	2650	1436	2848	2885	3476	2298	713	2589	1694	1681	2009	2528	1727	2033	2749	1894	2605	2335	1647	1658	2046	999	3062	723	665	2280	3068	1798	2595	511	902	1731	1712	3134	2511	1936	2827	1296	1816	2535	2300	919	1823	1501	1296	1769	1316	2315	1172	1618	1515	2817	2096	1673
166	1686	417	1147	1083	275	284	1504	0	445	303	1332	441	330	114	697	1230	448	407	464	373	209	230	1146	1615	1721	1083	235	332	271	2502	220	739	553	252	887	738	496	755	540	261	1419	840	353	589	1375	1968	992	683	964	1511	275	509	7	1277	127	1104	1058	1886	152	526	141	2717	395	215	912	1784	98	208	449	450	291	0	144	1810	130	587	984	686	682	2252	1329	511	571	291	590	255	292	979	130	548	468	275	179	146	1752	2438	274	544	887	1778	2830	341	607	1819	116	360	576	496	1251	552	2904	329	728	3844	264	161	187	304	1208	277	1709	290	685	594	162	1217	274	1244	291	275	957	334	201	517	808	685	991	1106	271	322	685	1180	1211	1672	2012	2095	1520	208	380	995	1430	276	738	566	236	468	260	1292	187	431	613	274	270	254	307	1215	475	1419	190	208	341	1074	474	80	128	339	191	555	2818	380	223	995	946	344	84	294	274	219	1109	2092	299	320	565	7	112	384	1277	634	393	1011	1835	628	286	1712	617	1396	224	1502	103	989	1079	1234	336	214	1667	98	378	847	515	291	1910	625	548	241	293	855	211	3776	339	1867	1739	215	1104	679	332	56	294	404	3025	1190	135	608	261	583	363	341	2931	1329	2202	1901	674	548	1072	276	333	283	2708	889	263	1293	261	294	299	148	1158	295	1486	1462	2160	1207	1072	1159	252	220	518	1032	339	546	1245	424	1458	1210	276	335	547	1775	1569	1804	1320	812	1576	295	1120	1718	617	264	322	2263	1007	466	1322	276	365	1032	1220	674	709	617	360	299	189	1139	385	114	260	1397	763	548
610	1995	437	1562	1506	371	709	1180	445	0	712	1706	650	173	535	1095	1673	4	644	632	449	581	656	1553	2041	2058	1517	254	670	468	2947	652	319	824	671	1322	319	936	1158	959	689	1768	437	799	756	1746	2313	630	1066	1369	1854	599	68	441	1643	571	1500	1458	2325	583	504	586	3163	640	231	1186	1472	434	647	3	894	601	445	589	1397	519	981	643	344	1064	2665	1704	369	1000	607	180	694	485	1425	574	825	895	465	592	456	2100	2883	466	624	1300	2214	3269	532	1050	2251	461	796	1012	761	1573	832	3335	218	1112	4288	337	402	264	747	1606	507	2078	613	1113	1039	570	1632	698	1648	607	599	531	752	564	82	618	1113	1328	1534	376	759	1113	1599	1619	1291	2455	2439	1830	647	801	1367	998	704	1139	982	358	414	343	1736	557	873	794	466	491	691	489	1660	889	1768	551	647	532	1505	915	447	572	777	415	113	3250	801	657	1367	1392	544	423	608	698	650	1508	2537	722	755	989	441	456	448	1647	1071	440	1349	2270	940	732	1335	756	1744	223	1179	468	597	1522	1677	538	614	2039	434	120	1259	404	607	2252	687	787	354	596	451	549	4221	777	1525	2101	542	1507	1054	537	450	608	845	3471	1617	581	998	365	724	563	532	3363	1734	2641	2291	267	938	1518	374	742	705	3152	1206	686	1693	404	607	617	303	1492	606	1931	1903	2606	1616	641	1601	544	542	946	1375	777	976	1632	866	1883	1626	704	752	964	1330	1977	1376	887	1247	1984	718	1547	1309	451	588	759	2652	1396	907	1698	457	811	1427	1627	267	1096	403	554	744	303	1563	441	535	343	1839	1204	920
217	1394	483	852	793	399	46	1616	303	712	0	1029	333	559	303	661	1033	716	290	384	427	384	295	847	1465	1422	807	536	482	314	2251	274	1023	339	320	614	1023	374	702	486	64	1119	1047	220	798	1330	1667	1292	381	664	1212	167	767	310	1243	196	1034	757	1616	153	567	223	2482	277	499	653	1876	279	126	716	314	184	303	217	2102	347	579	1136	986	379	2121	1281	813	479	176	822	109	316	755	194	330	186	320	318	259	1451	2192	318	503	590	1503	2561	320	444	1539	251	121	456	659	1271	331	2729	631	425	3624	564	315	451	142	1128	281	1406	165	582	419	145	922	46	944	175	167	1178	44	154	772	1106	582	1012	821	392	105	582	887	912	1972	1808	1794	1541	126	91	692	1645	59	436	515	534	555	560	1094	157	315	465	318	291	101	327	996	453	1119	166	126	320	793	358	268	196	116	476	826	2538	91	272	692	728	312	376	177	46	277	808	1862	39	91	491	310	255	439	1239	507	455	1029	1559	366	183	2012	504	1379	493	1612	245	1284	884	978	309	348	1363	279	617	549	617	175	1610	570	367	539	192	1146	420	3546	116	1982	1436	431	804	377	306	339	178	177	2785	1052	210	305	395	478	316	320	2753	1233	2008	1599	897	245	840	398	376	324	2452	606	312	1207	549	179	172	414	1170	180	1261	1274	1923	909	1295	974	477	437	443	1044	116	457	1182	312	1171	916	59	43	497	2019	1459	2010	1542	671	1466	326	984	1900	718	457	105	1961	953	348	1273	328	228	968	921	896	405	920	322	222	411	850	445	303	560	1206	508	251
1221	497	1336	329	413	1341	1053	2254	1332	1706	1029	0	1086	1536	1318	1297	990	1710	1078	1125	1296	1373	1259	281	1426	439	529	1563	1426	1241	1568	1244	2025	907	1272	612	2025	1083	1282	1203	1076	166	1936	1083	1738	1674	655	2315	649	401	251	1108	1749	1339	1641	1219	1413	304	905	1181	1347	1236	1868	1078	1518	630	2437	1294	1139	1710	1066	1105	1332	1230	3102	1360	1307	1924	2009	650	2008	1629	1841	1141	1100	1770	1099	1227	810	1217	902	885	1244	1311	1259	441	1547	1243	1204	488	779	1760	1188	1005	765	1263	1001	1089	1572	1799	895	2371	1658	604	3016	1593	1308	1462	1074	1442	1201	376	1094	1141	983	1171	308	1062	217	1099	1108	2077	1001	1154	1749	2130	1141	1610	447	1335	1036	1141	348	254	2992	1440	779	2012	1139	958	339	2503	1063	599	1216	1561	1399	1588	1004	1164	1093	1011	1244	1217	1096	1226	877	1237	166	1168	1139	1188	494	1092	1289	1219	1023	1500	1818	1671	958	1240	339	832	1176	1405	1098	1062	1248	261	1351	1037	1032	1174	1339	1269	1302	1628	1080	1317	1617	817	779	1118	3034	1080	1787	1504	2247	1262	2299	946	665	1180	1326	334	1294	1594	519	1453	1099	603	1200	961	1567	1110	2156	1417	2896	1023	2589	409	1429	281	656	1180	1367	1098	981	2121	1218	1228	724	1345	1093	1159	1188	2379	1459	1653	589	1824	784	779	1339	1279	1254	1727	538	1256	1473	1572	1099	1089	1430	1703	1100	961	1142	1366	261	2190	1015	1472	1435	1161	1612	1023	1142	1521	1098	456	315	1063	1000	1212	2918	1567	2828	2416	1073	1569	1248	1195	2670	1519	1438	1036	948	1408	1089	1623	1253	1077	1391	242	1824	623	1950	1170	1138	1408	405	1311	1318	1588	1093	742	790
479	1345	249	1006	971	281	374	1319	441	650	333	1086	0	477	519	992	1328	655	42	55	211	623	576	982	1778	1412	1021	594	743	198	2472	555	964	180	604	846	965	707	1035	817	379	1130	854	552	1028	1663	1668	1280	495	805	1211	191	681	447	1576	425	1367	877	1814	377	282	469	2724	56	520	535	1567	348	410	653	648	170	441	465	2027	555	904	881	985	491	2437	1614	893	812	175	687	425	176	1038	425	184	470	198	567	297	1459	2422	197	176	757	1692	2751	122	771	1716	324	451	789	919	1598	191	3023	677	536	3878	672	312	458	471	1460	171	1447	183	915	743	331	1072	368	1067	175	191	994	368	265	678	1193	915	1336	1012	277	439	915	1049	1045	1940	2085	1794	1868	410	396	755	1438	383	587	846	653	315	671	1386	278	648	172	198	184	415	167	1276	777	1130	269	410	122	997	691	361	426	449	626	754	2703	396	556	755	1017	112	522	172	368	557	924	2114	372	425	824	447	329	216	1572	839	231	1354	1746	307	505	1984	182	1711	491	1315	337	1246	1183	1217	120	605	1411	348	531	718	374	175	1607	237	136	656	164	1100	640	3789	449	1683	1466	648	929	473	122	497	172	503	3018	1373	450	450	290	151	90	122	3044	1563	2292	1676	738	405	1113	279	677	619	2665	563	603	1538	690	171	173	442	1497	170	1529	1569	2168	1044	1109	1278	689	653	775	1370	449	790	1515	644	1339	1068	383	367	827	1840	1785	1784	1344	998	1791	626	1308	1651	455	691	439	2033	1287	681	1607	204	561	1302	1051	738	527	981	98	543	390	1028	225	519	671	1501	777	360
493	1822	276	1402	1349	198	562	1194	330	173	559	1536	477	0	437	1020	1554	177	471	461	280	509	558	1391	1945	1885	1367	233	617	296	2807	549	490	651	578	1174	491	824	1080	868	545	1596	510	676	776	1691	2140	803	900	1207	1681	433	213	327	1590	445	1428	1293	2176	445	360	469	3032	467	159	1013	1480	289	511	176	776	433	330	471	1566	435	907	664	510	898	2581	1646	472	901	439	265	557	312	1295	447	652	745	293	500	300	1928	2746	294	464	1140	2062	3121	359	933	2097	312	654	905	743	1543	659	3234	264	946	4165	339	243	146	614	1533	335	1907	446	1015	918	424	1471	551	1484	440	433	630	601	407	215	754	1015	1289	1379	203	619	1015	1440	1456	1464	2337	2266	1807	511	650	1197	1103	559	976	894	343	271	342	1617	401	759	625	294	319	553	316	1533	802	1596	394	511	359	1352	803	307	445	637	375	281	3096	650	553	1197	1264	370	338	440	551	548	1343	2408	574	613	894	327	308	281	1592	964	274	1309	2119	767	607	1508	590	1702	125	1192	322	770	1403	1535	364	531	1868	289	58	1099	281	440	2079	533	614	342	427	624	488	4093	637	1552	1929	485	1343	887	364	353	440	706	3337	1520	459	834	192	558	390	359	3260	1656	2529	2122	347	774	1385	200	656	610	3010	1033	591	1618	395	439	449	182	1456	438	1803	1789	2473	1453	747	1486	501	487	848	1333	637	876	1566	752	1727	1466	559	601	875	1462	1897	1476	995	1142	1904	623	1450	1387	358	536	619	2483	1328	794	1639	284	688	1355	1464	346	931	536	381	626	151	1406	274	437	342	1723	1062	754
97	1697	527	1109	1040	386	269	1618	114	535	303	1318	519	437	0	584	1138	537	481	550	480	104	122	1113	1511	1721	1027	297	228	370	2426	117	809	604	140	833	809	401	643	431	245	1416	945	277	514	1261	1963	1037	677	936	1511	335	602	114	1163	109	992	1033	1822	160	634	82	2633	468	304	948	1898	203	180	538	362	355	114	87	1867	44	474	1096	736	676	2144	1216	529	467	352	690	218	390	899	111	597	435	375	65	243	1746	2359	374	640	854	1718	2762	433	517	1762	211	319	477	400	1138	601	2802	383	719	3753	285	270	291	250	1096	369	1694	348	580	509	196	1178	262	1213	352	335	1057	320	257	612	812	580	877	1058	382	283	580	1139	1177	1715	1919	2090	1407	180	360	987	1529	257	718	456	251	580	279	1201	243	340	687	374	365	222	405	1130	365	1416	250	180	433	1022	380	181	109	297	184	640	2758	360	121	987	865	434	114	356	262	115	1083	2007	285	286	458	114	208	491	1163	535	502	897	1775	660	217	1753	700	1282	322	1616	194	1044	988	1165	426	101	1651	203	481	816	628	352	1907	721	611	257	359	917	124	3689	297	1980	1727	133	1076	677	422	85	356	352	2943	1086	93	600	373	667	451	433	2830	1219	2106	1875	777	542	994	387	220	173	2634	909	154	1182	254	356	359	254	1044	357	1401	1367	2078	1173	1171	1065	179	139	413	919	297	442	1132	333	1408	1171	257	322	437	1864	1459	1905	1419	712	1466	186	1016	1824	731	172	283	2235	894	372	1209	377	288	920	1188	777	698	641	450	217	301	1093	493	0	279	1303	700	554
553	1770	1086	991	904	957	618	2201	697	1095	661	1297	992	1020	584	0	682	1096	949	1040	1034	515	468	1025	958	1737	822	841	431	914	2005	481	1319	984	445	686	1318	299	64	175	613	1442	1522	440	583	682	1939	1460	824	906	1539	808	1164	698	588	613	407	996	1487	644	1188	575	2169	936	876	1209	2478	772	591	1098	355	829	697	575	2297	585	114	1681	1199	827	1570	635	942	194	822	1264	568	927	567	612	973	595	919	520	797	1733	1926	918	1154	823	1409	2381	953	309	1471	768	553	239	433	614	972	2252	900	842	3248	775	840	873	520	513	896	1637	812	156	339	688	1045	624	1116	821	808	1626	632	751	1176	1126	156	361	890	952	556	156	997	1074	2098	1420	2057	881	591	621	1046	2093	609	793	146	746	1148	768	741	742	347	1125	918	899	578	941	723	224	1442	754	591	953	841	309	749	612	549	682	1187	2419	621	478	1046	530	948	683	825	624	481	1035	1552	621	570	173	698	768	1045	586	224	1059	376	1464	961	488	2129	1165	719	900	2198	751	1499	558	856	943	489	1590	772	1060	803	1202	821	1893	1226	1023	751	837	1398	545	3200	549	2564	1683	553	1016	844	939	666	825	512	2484	543	590	770	946	1140	958	953	2282	638	1586	1742	1352	748	653	958	364	414	2219	1111	434	599	711	826	822	838	511	827	972	872	1633	1067	1737	598	558	553	219	387	549	211	548	350	1187	1036	609	634	165	2399	881	2471	1981	264	888	403	476	2401	1306	510	556	2079	309	319	628	925	433	335	1087	1352	823	1046	962	452	886	937	1049	584	768	817	556	798
1064	1482	1517	672	605	1426	1012	2644	1230	1673	1033	990	1328	1554	1138	682	0	1675	1292	1383	1461	1112	1019	728	479	1388	480	1433	1071	1347	1324	1021	1941	1226	1008	538	1940	737	625	741	1023	1156	2062	878	1265	712	1526	2121	910	742	1236	1199	1738	1234	706	1109	518	778	830	1112	1594	1088	1503	1281	1441	1254	2895	1268	1045	1676	779	1213	1230	1085	2962	1159	774	2169	1843	914	1131	673	1596	686	1205	1818	1001	1350	293	1107	1215	862	1353	1086	1269	1354	1247	1352	1505	709	774	1700	1350	622	845	1249	917	664	1112	908	1210	1697	1510	892	2615	1393	1325	1417	943	501	1315	1222	1195	586	636	1141	682	1023	773	1204	1199	2185	989	1180	1747	1804	586	812	557	1420	947	586	643	737	2773	782	1624	1069	1045	948	920	2657	1011	821	728	1361	1589	1386	63	1179	799	1389	1352	1325	1007	1360	114	813	1156	1190	1045	1350	521	758	1248	1108	930	1290	1779	1746	948	1016	920	311	1341	1252	1207	1023	1023	785	879	1004	956	706	1234	1252	1472	690	608	1489	808	824	1134	947	2805	1453	838	1454	2640	1236	2150	151	332	1339	1070	1179	1268	1606	725	1650	1204	1495	1554	1286	1367	1222	2037	1154	2552	930	3009	1276	1165	759	938	1336	1223	1207	861	1815	260	1096	912	1419	1441	1340	1350	1720	481	976	1237	1901	938	246	1425	950	975	1538	1121	991	506	1338	1208	1199	1378	833	1209	290	240	956	730	2301	84	1185	1167	739	790	930	708	577	806	668	674	1011	990	741	3003	580	3029	2549	442	583	962	274	2929	1751	1135	947	1526	569	766	669	1361	866	535	749	1901	885	1705	1348	930	1403	592	1479	1138	1386	173	555	992
613	2000	441	1566	1510	376	712	1181	448	4	716	1710	655	177	537	1096	1675	0	649	637	454	583	658	1557	2043	2062	1520	255	671	472	2950	655	314	829	673	1326	315	938	1159	961	693	1773	437	802	754	1747	2317	626	1070	1373	1858	603	68	443	1644	574	1501	1461	2328	586	509	588	3165	645	233	1190	1474	437	650	3	896	605	448	592	1393	521	982	644	340	1068	2666	1705	366	1002	611	181	697	489	1428	576	829	899	470	594	460	2105	2886	470	628	1304	2217	3273	536	1053	2254	465	799	1015	761	1573	836	3337	218	1116	4290	337	406	267	750	1607	511	2082	617	1114	1042	574	1636	701	1652	611	603	530	755	568	82	614	1114	1328	1537	381	763	1114	1603	1622	1287	2457	2443	1829	650	804	1371	997	707	1142	983	358	419	344	1738	561	875	798	470	495	694	493	1663	890	1773	554	650	536	1508	917	450	575	780	416	110	3254	804	659	1371	1395	548	425	612	701	653	1512	2540	726	758	991	443	460	453	1647	1073	444	1349	2273	944	734	1331	760	1744	226	1181	471	593	1525	1680	542	616	2043	437	124	1263	409	611	2257	692	791	354	600	447	550	4223	780	1525	2105	543	1511	1058	541	452	612	848	3473	1618	583	1002	369	729	568	536	3365	1735	2643	2295	268	941	1521	378	743	707	3155	1210	688	1694	404	611	621	306	1493	610	1934	1905	2608	1620	640	1603	544	543	948	1375	780	978	1633	869	1887	1630	707	756	965	1328	1978	1375	885	1249	1985	719	1549	1309	455	589	763	2656	1397	909	1698	461	814	1428	1631	267	1100	400	558	746	307	1566	446	537	344	1841	1207	924
438	1351	264	985	947	273	331	1354	407	644	290	1078	42	471	481	949	1292	649	0	94	219	585	535	964	1740	1414	994	572	704	181	2446	514	961	179	562	815	962	665	992	774	336	1128	870	509	992	1621	1669	1272	473	784	1211	150	679	414	1533	385	1325	859	1790	336	310	429	2695	13	501	545	1604	317	368	647	605	129	407	425	2029	518	861	908	974	469	2398	1571	872	770	133	692	382	161	1003	385	180	431	182	528	267	1458	2395	181	216	733	1669	2729	112	730	1695	292	409	746	881	1555	187	2987	657	515	3848	646	288	439	428	1418	149	1442	141	873	702	291	1052	325	1050	134	150	1009	326	225	677	1172	873	1294	987	268	396	873	1028	1027	1936	2051	1795	1825	368	355	744	1458	340	563	803	625	333	644	1349	238	605	206	182	162	372	155	1241	735	1128	230	368	112	970	649	329	386	407	595	751	2684	355	514	744	980	100	489	130	325	516	907	2084	329	382	781	414	297	226	1529	797	242	1311	1724	299	462	1980	223	1668	474	1349	304	1242	1146	1187	106	565	1405	317	527	693	394	134	1609	279	150	629	123	1096	604	3760	407	1718	1463	611	911	452	107	464	130	461	2991	1333	410	423	280	193	82	112	3009	1521	2258	1667	748	375	1079	270	635	578	2640	562	562	1497	661	129	130	420	1454	128	1496	1532	2138	1026	1125	1240	654	617	732	1328	407	747	1472	602	1318	1048	340	325	784	1857	1745	1807	1362	957	1751	584	1267	1677	481	654	396	2026	1244	638	1564	189	518	1259	1033	748	505	962	92	500	372	1005	234	481	644	1465	742	333
518	1367	213	1054	1022	272	423	1264	464	632	384	1125	55	461	550	1040	1383	637	94	0	184	655	615	1029	1833	1440	1074	599	776	203	2524	595	942	218	643	900	943	758	1084	865	427	1162	812	601	1053	1714	1697	1263	545	853	1242	234	658	469	1625	461	1418	923	1864	415	232	505	2777	106	521	557	1512	367	454	635	698	212	464	502	1998	584	950	831	972	541	2492	1664	894	862	218	656	471	180	1094	461	224	525	202	601	318	1489	2474	202	122	807	1742	2800	126	824	1765	347	503	840	951	1643	231	3078	677	586	3931	682	323	459	520	1512	187	1482	228	966	797	369	1120	416	1113	219	234	952	420	302	654	1192	966	1381	1063	269	489	966	1098	1092	1917	2140	1822	1913	454	450	797	1391	432	638	894	665	274	681	1441	314	698	165	202	196	462	168	1331	823	1162	305	454	126	1049	742	383	462	500	644	733	2750	450	596	797	1072	121	542	215	416	597	970	2168	422	475	873	469	352	187	1622	891	199	1399	1796	348	552	1962	153	1759	489	1260	362	1225	1238	1271	129	640	1447	367	512	769	329	219	1636	186	164	668	205	1078	669	3841	500	1628	1500	675	976	523	132	521	215	556	3070	1427	487	503	283	118	100	126	3099	1616	2347	1714	702	459	1168	269	718	660	2715	595	643	1591	705	214	218	448	1543	213	1583	1624	2221	1091	1067	1333	716	681	824	1416	500	840	1566	694	1388	1116	432	419	875	1797	1839	1734	1298	1051	1845	668	1361	1599	406	721	489	2071	1337	731	1657	206	610	1352	1097	702	577	978	104	589	390	1078	195	550	681	1556	832	413
482	1552	56	1200	1159	112	453	1190	373	449	427	1296	211	280	480	1034	1461	454	219	184	0	582	574	1181	1891	1623	1198	446	706	120	2651	557	758	391	601	1013	758	778	1085	863	447	1341	653	616	947	1716	1879	1080	688	1000	1422	262	474	377	1622	421	1431	1077	2001	389	155	462	2894	220	364	741	1456	277	447	452	721	248	373	462	1816	503	932	711	791	685	2544	1668	732	875	256	476	481	112	1180	422	394	603	115	542	240	1669	2597	116	193	945	1881	2942	117	865	1908	271	546	863	868	1614	402	3157	514	732	4042	541	212	306	538	1530	146	1659	267	986	842	347	1268	443	1269	257	262	791	471	290	470	1025	986	1352	1196	112	521	986	1243	1245	1732	2233	2004	1884	447	513	963	1245	457	775	891	530	128	542	1521	296	713	345	116	139	473	100	1420	810	1341	284	447	117	1177	759	299	422	536	525	548	2901	513	560	963	1154	129	437	255	443	558	1125	2278	459	510	879	377	273	11	1620	919	28	1372	1936	517	555	1777	311	1748	328	1186	289	1041	1311	1385	128	580	1622	277	329	905	190	257	1818	271	345	532	239	894	584	3959	536	1556	1678	587	1129	669	130	426	255	603	3192	1473	446	633	126	278	140	117	3181	1643	2435	1885	529	580	1262	110	683	626	2847	774	607	1612	576	254	263	306	1518	253	1682	1701	2335	1243	908	1402	621	591	829	1392	536	851	1576	708	1533	1264	457	470	872	1639	1875	1600	1147	1091	1881	636	1405	1479	290	637	521	2244	1341	749	1661	108	627	1361	1251	529	720	808	130	586	240	1217	18	480	542	1634	926	544
167	1769	626	1145	1071	484	344	1700	209	581	384	1373	623	509	104	515	1112	583	585	655	582	0	115	1154	1460	1785	1046	329	124	474	2416	129	829	702	111	855	828	384	577	380	322	1479	1007	298	416	1181	2023	1026	743	982	1575	437	650	207	1081	204	922	1080	1828	256	735	165	2613	571	361	1037	1983	304	258	584	358	457	209	170	1865	79	401	1173	735	743	2084	1137	505	427	454	748	285	494	892	205	694	487	479	66	346	1807	2346	478	745	898	1728	2763	537	503	1776	314	373	448	296	1044	698	2755	399	783	3723	281	370	363	299	1027	473	1747	449	536	501	296	1213	340	1254	454	437	1112	393	360	662	768	536	786	1084	480	341	536	1171	1217	1698	1888	2149	1312	258	426	1048	1580	332	774	401	249	676	275	1175	346	332	790	478	470	291	509	1114	308	1479	354	258	537	1045	363	283	203	352	178	678	2768	426	132	1048	856	539	170	458	340	124	1130	1988	359	347	412	207	312	592	1083	504	602	806	1785	749	254	1735	805	1195	386	1698	298	1044	965	1169	531	48	1703	304	546	861	722	454	1968	825	712	255	462	926	46	3663	352	2060	1783	59	1120	746	527	162	458	392	2925	1037	182	666	470	772	556	537	2784	1153	2069	1917	837	612	988	485	163	141	2626	989	129	1114	230	458	460	330	953	459	1384	1334	2061	1212	1223	1035	99	64	373	829	352	404	1058	325	1431	1205	332	395	384	1900	1396	1958	1468	675	1403	153	967	1886	823	73	341	2276	820	358	1130	481	307	849	1228	836	762	618	555	238	387	1122	594	104	275	1272	717	631
97	1662	625	1029	956	491	251	1732	230	656	295	1259	576	558	122	468	1019	658	535	615	574	115	0	1039	1389	1675	932	413	187	457	2314	21	924	628	27	741	923	283	525	310	231	1369	1067	182	507	1149	1911	1136	635	867	1465	384	723	231	1052	155	874	966	1719	199	730	112	2517	521	426	946	2010	305	174	659	250	405	230	114	1971	140	361	1214	840	636	2023	1102	617	345	401	813	187	474	787	155	620	375	463	67	334	1695	2246	462	717	783	1617	2656	509	401	1664	303	263	356	363	1040	622	2680	494	674	3634	385	373	413	189	978	447	1634	394	458	395	245	1097	248	1139	400	384	1179	295	312	733	884	458	778	969	486	234	458	1056	1101	1810	1799	2037	1310	174	322	937	1651	238	662	336	351	683	378	1082	301	225	734	461	447	195	489	1015	245	1369	311	174	509	930	262	282	154	243	279	760	2657	322	22	937	752	507	233	404	248	18	1015	1891	264	242	336	231	303	586	1052	414	598	797	1674	661	141	1847	758	1175	444	1730	286	1149	870	1060	500	67	1589	305	603	746	735	400	1856	795	647	357	412	1026	161	3571	243	2095	1669	174	1005	640	496	207	404	278	2827	963	130	559	479	727	521	509	2708	1099	1985	1802	899	507	883	491	108	53	2523	891	33	1063	340	405	404	375	943	406	1286	1247	1963	1097	1293	945	214	179	291	817	243	320	1016	218	1317	1090	238	297	317	1984	1339	2027	1541	590	1346	65	893	1946	839	178	234	2161	778	255	1095	467	191	802	1113	899	653	730	522	122	419	1007	589	122	378	1183	603	532
1015	776	1228	57	132	1204	861	2241	1146	1553	847	281	982	1391	1113	1025	728	1557	964	1029	1181	1154	1039	0	1184	717	253	1381	1192	1105	1521	1026	1868	815	1048	339	1868	832	1007	944	884	442	1834	857	1495	1397	914	2138	494	184	532	958	1604	1153	1362	1024	1132	108	850	993	1261	1033	1798	961	1347	648	2451	1124	942	1557	823	960	1146	1028	2948	1153	1043	1857	1832	496	1796	1351	1643	879	953	1641	898	1095	529	1022	807	679	1109	1096	1097	708	1483	1108	1129	258	723	1773	1065	743	738	1095	794	828	1326	1518	800	2225	1475	449	2957	1396	1151	1297	863	1163	1065	615	945	869	724	992	95	872	100	952	958	1973	812	989	1606	1921	869	1331	172	1198	831	869	99	65	2818	1274	1034	1732	942	765	268	2421	870	414	954	1363	1297	1391	750	997	852	951	1108	1080	896	1098	618	984	442	1003	942	1065	215	843	1115	1024	816	1297	1667	1720	765	1022	268	551	1053	1210	952	872	1030	74	1228	846	829	912	1153	1100	1189	1348	812	1205	1337	774	686	902	2858	1023	1508	1339	2236	1091	2132	671	421	1056	1106	569	1124	1450	298	1356	952	868	1144	877	1369	966	1993	1200	2852	816	2591	659	1213	56	511	1055	1173	953	763	2075	945	1028	556	1206	1028	1041	1065	2237	1186	1490	763	1705	616	504	1203	1043	1026	1702	521	1031	1198	1367	954	943	1261	1421	954	748	904	1261	62	2089	745	1253	1218	904	1332	816	883	1243	857	364	95	870	811	952	2821	1309	2763	2326	794	1311	1018	917	2621	1436	1214	831	1122	1127	842	1345	1119	849	1110	74	1705	462	1754	1051	916	1250	136	1198	1113	1391	849	478	640
1452	1901	1947	1126	1070	1841	1437	3081	1615	2041	1465	1426	1778	1945	1511	958	479	2043	1740	1833	1891	1460	1389	1184	0	1786	947	1790	1389	1773	1210	1396	2277	1691	1372	1017	2276	1124	893	1082	1444	1589	2455	1281	1498	558	1882	2408	1385	1218	1660	1632	2109	1617	623	1506	596	1246	966	1519	2032	1477	1290	1728	1814	1734	3341	1670	1453	2044	1177	1649	1615	1475	3238	1522	1071	2587	2156	1389	659	552	1897	1044	1641	2202	1414	1779	767	1504	1679	1308	1778	1451	1680	1738	1116	1777	1955	1188	975	1627	1786	1026	1051	1656	1344	1041	1375	849	1675	1294	1855	1369	2305	1731	1732	1801	1356	501	1744	1595	1630	930	1048	1554	1123	1447	1212	1640	1632	2568	1423	1602	2120	2054	930	897	1018	1835	1369	930	1091	1182	3022	532	1964	885	1453	1386	1395	3039	1434	1298	1059	1701	2017	1724	440	1598	1190	1853	1777	1752	1421	1790	575	1152	1589	1610	1453	1786	988	1144	1648	1505	1354	1634	2139	1736	1386	1392	1395	778	1778	1620	1643	1447	1397	1247	742	1432	1380	1053	1617	1658	1902	607	982	1918	883	1006	1605	1348	3049	1915	683	1833	3077	1641	2453	604	764	1775	1426	1557	1670	1992	1204	2077	1640	1861	2010	1749	1707	1658	2356	1496	2272	1354	3447	1650	1505	1221	1413	1771	1596	1643	1288	1601	425	1488	1381	1833	1900	1780	1786	1324	376	649	1545	2288	1402	725	1841	1299	1338	1419	1600	1357	430	1668	1644	1636	1763	824	1645	488	284	835	1175	2682	507	1514	1506	1097	855	1354	1069	529	1196	1030	1117	1434	1424	1077	3357	224	3416	2928	805	220	1325	495	3333	2180	1465	1369	1768	699	1154	552	1786	1270	661	1192	2288	1362	1998	1787	1324	1799	1048	1908	1511	1724	335	1022	1458
1627	171	1654	759	846	1686	1452	2426	1721	2058	1422	439	1412	1885	1721	1737	1388	2062	1414	1440	1623	1785	1675	717	1786	0	955	1944	1848	1590	1650	1658	2375	1234	1690	1052	2376	1516	1722	1640	1476	306	2230	1504	2165	2090	256	2682	1044	836	210	1474	2093	1729	2065	1618	1840	741	1061	1575	1642	1639	1968	1417	1890	889	2567	1670	1540	2061	1496	1468	1721	1633	3439	1765	1744	2175	2379	1045	2314	2047	2233	1579	1463	2097	1504	1573	1240	1616	1233	1299	1592	1721	1630	85	1655	1592	1496	922	957	1737	1527	1443	909	1639	1412	1526	2000	2231	1226	2572	2038	1003	3069	1986	1674	1831	1486	1862	1552	221	1459	1580	1420	1558	723	1460	637	1463	1474	2369	1401	1531	2091	2528	1580	2048	875	1681	1445	1580	769	678	3350	1697	381	2436	1540	1362	737	2763	1464	1013	1654	1956	1708	1981	1392	1543	1523	1299	1592	1568	1500	1569	1274	1671	306	1545	1540	1527	923	1524	1669	1618	1433	1899	2165	1595	1362	1655	737	1264	1515	1799	1461	1460	1662	701	1553	1436	1439	1611	1729	1645	1627	2050	1519	1640	2054	972	1119	1533	3394	1360	2208	1871	2419	1641	2656	1365	1055	1521	1740	243	1670	1941	951	1756	1463	195	1471	1277	1961	1471	2510	1828	2927	1433	2732	176	1840	721	1045	1521	1762	1461	1399	2176	1631	1629	1121	1693	1381	1496	1527	2571	1867	1896	455	2139	1179	1199	1684	1704	1675	1766	852	1675	1886	1972	1462	1453	1802	2136	1462	1300	1505	1543	686	2476	1425	1884	1846	1597	2049	1433	1579	1941	1527	756	732	1464	1399	1649	3189	1951	3059	2687	1511	1951	1670	1614	2883	1803	1854	1445	717	1841	1521	2041	1601	1499	1822	665	2139	1023	2338	1506	1556	1771	829	1635	1721	1981	1466	1182	1173
932	1026	1250	200	125	1198	808	2328	1083	1517	807	529	1021	1367	1027	822	480	1520	994	1074	1198	1046	932	253	947	955	0	1315	1060	1103	1452	924	1821	878	935	195	1821	683	794	772	828	693	1845	752	1341	1145	1132	2064	535	280	781	949	1574	1089	1112	955	885	299	808	936	1304	954	1703	987	1295	812	2556	1083	875	1521	691	957	1083	949	2892	1062	860	1902	1762	539	1577	1099	1549	705	949	1629	828	1099	285	953	868	622	1108	996	1066	936	1400	1107	1187	280	696	1754	1081	576	736	1057	723	657	1171	1275	862	2056	1406	501	2858	1311	1123	1254	781	912	1065	825	939	670	564	946	232	819	318	948	949	1979	766	961	1579	1810	670	1102	81	1192	760	670	186	277	2741	1102	1245	1483	875	717	450	2442	813	439	777	1278	1323	1305	508	965	720	1033	1107	1078	829	1105	373	825	693	973	875	1081	41	699	1070	955	743	1207	1630	1735	717	919	450	311	1069	1134	949	819	927	305	1099	794	763	737	1089	1061	1208	1098	628	1225	1106	753	761	809	2779	1103	1257	1295	2323	1049	2069	418	211	1070	998	779	1083	1425	312	1385	948	1091	1218	941	1284	964	1938	1093	2767	743	2686	875	1105	279	561	1068	1098	949	679	1996	691	953	571	1196	1100	1061	1081	2072	933	1317	920	1701	619	251	1197	912	908	1649	677	917	945	1272	950	940	1215	1182	951	550	673	1148	270	2097	492	1141	1110	741	1099	743	714	991	726	386	224	813	766	779	2824	1060	2798	2341	573	1063	898	665	2672	1475	1097	760	1263	887	701	1093	1118	742	867	290	1701	504	1662	1071	813	1218	125	1216	1027	1305	613	329	661
385	1901	466	1383	1319	336	519	1412	235	254	536	1563	594	233	297	841	1433	255	572	599	446	329	413	1381	1790	1944	1315	0	415	397	2723	413	512	741	424	1120	511	697	904	709	497	1645	688	573	543	1493	2194	757	914	1199	1735	473	323	228	1390	360	1245	1293	2116	387	567	362	2930	563	84	1109	1702	274	442	257	659	483	235	367	1577	273	726	876	451	912	2411	1451	299	753	486	428	488	420	1197	363	739	704	398	347	317	1978	2656	398	640	1123	2009	3058	475	814	2051	305	594	769	519	1327	745	3084	94	959	4047	105	285	141	534	1351	424	1939	489	864	806	392	1452	509	1479	487	473	786	568	413	336	600	864	1079	1341	337	556	864	1416	1446	1436	2212	2321	1588	442	616	1224	1252	511	972	730	112	484	108	1496	401	636	763	397	411	488	431	1427	637	1645	399	442	475	1307	675	275	360	573	161	349	3049	616	417	1224	1162	483	183	489	509	410	1344	2304	535	555	740	228	299	452	1393	826	453	1099	2066	835	509	1477	747	1494	122	1411	303	754	1284	1460	475	365	1898	274	247	1083	507	487	2135	717	722	110	482	623	295	3984	573	1764	1968	288	1339	907	473	217	489	636	3240	1366	362	839	322	712	505	475	3113	1479	2396	2135	517	779	1292	338	491	458	2931	1102	441	1438	163	488	496	152	1244	488	1698	1659	2375	1443	895	1358	290	287	699	1125	573	729	1378	630	1692	1446	511	569	713	1572	1722	1630	1140	1001	1729	471	1296	1564	591	334	556	2497	1142	668	1444	393	584	1172	1456	517	940	395	498	514	209	1374	449	297	108	1596	992	775
