NAME : VRPTW_INSTANCE_159.txt
COMMENT : Bangkok Supermarket
TYPE : VRPTW
DIMENSION : 225
DAYS : Thursday
EDGE_WEIGHT_TYPE : EXPLICIT
VEHICLES : 31
EDGE_WEIGHT_FORMAT : FULL_MATRIX
CAPACITY : 1000
EDGE_WEIGHT_SECTION
0	206	178	441	288	911	219	214	1058	395	308	1557	215	1480	213	255	358	835	1007	1092	193	456	239	237	412	814	496	395	437	258	1028	539	219	305	97	593	152	539	281	359	2416	290	964	496	503	193	946	1810	418	482	3825	548	135	609	212	1009	190	78	379	477	1642	196	999	23	253	104	173	2526	196	492	945	204	1058	623	412	355	178	284	407	1068	935	284	823	332	585	176	1054	577	155	113	404	352	465	1173	807	231	133	849	657	525	1266	193	857	185	199	975	1221	255	150	264	930	172	208	1142	403	258	947	557	1142	1671	503	177	3552	1551	358	827	198	1084	835	948	213	446	231	264	543	1028	1420	529	1213	391	623	908	649	390	418	529	821	1297	412	550	152	831	322	177	94	857	224	1727	819	364	124	2438	501	309	402	283	214	404	1994	1827	368	2052	492	190	873	1697	1003	1190	22	832	348	259	240	2006	617	474	995	535	506	1171	152	451	1231	399	940	401	609	419	848	92	156	2691	374	722	128	287	1190	874	527	135	1096	236	605	351	473	1740	412	2017	283	674	2294	641	155	1108	865
206	0	147	442	424	1114	290	286	852	355	325	1351	279	1313	288	49	565	685	800	1179	119	586	385	426	466	754	584	580	455	403	906	468	291	323	215	737	267	468	417	299	2214	122	760	584	590	119	739	1737	456	571	3644	474	292	404	269	1039	396	217	455	567	1843	100	1163	230	460	190	114	2728	100	578	757	360	852	622	466	431	114	166	525	862	1008	166	692	326	407	130	1224	402	56	319	332	428	314	1337	606	420	120	807	760	433	1096	119	1028	46	338	822	1023	443	347	108	756	124	346	937	521	403	936	492	937	1483	328	127	3372	1725	565	1026	353	916	667	774	349	623	420	108	362	906	1241	493	1048	515	622	703	853	511	456	455	614	1090	466	501	267	633	360	127	197	772	373	1535	757	453	94	2639	324	330	583	158	286	346	1800	1992	548	1871	312	396	997	1859	798	1041	221	767	422	192	410	1820	611	292	1101	467	327	1017	267	488	1074	333	733	519	404	626	895	198	127	2509	556	665	253	424	1041	998	453	84	890	383	751	421	286	1539	466	2190	158	544	2098	435	56	1102	708
178	147	0	306	290	1068	146	142	928	481	181	1442	134	1453	145	184	498	658	891	1031	236	629	258	413	319	892	437	469	560	274	1054	370	146	178	117	598	310	370	283	429	2321	145	825	437	442	236	827	1880	311	423	3775	377	186	515	346	1146	331	237	308	420	1740	223	1029	197	401	90	33	2680	223	430	783	242	928	489	319	284	33	307	382	944	862	307	644	437	421	17	1092	411	147	273	468	280	292	1202	666	407	198	940	613	576	1092	236	898	101	213	967	1068	431	324	119	759	23	219	1005	378	274	1060	629	1005	1506	340	20	3504	1594	498	923	235	1057	810	778	221	503	407	119	382	1054	1249	621	1190	373	489	807	768	369	311	358	701	1184	319	389	310	681	213	20	103	915	249	1659	895	306	160	2593	338	185	467	300	142	478	1834	1856	432	2003	332	331	851	1721	868	1187	177	906	274	81	295	1840	480	316	954	366	345	1162	310	343	1218	466	821	376	515	567	751	104	28	2640	551	802	140	290	1187	852	356	160	963	257	612	273	321	1591	319	2058	300	496	2136	542	147	1225	853
441	442	306	0	288	1175	227	232	1015	787	132	1539	228	1684	233	464	620	562	1011	761	542	889	309	633	112	1196	232	484	862	307	1336	180	227	136	344	461	592	179	287	735	2444	367	899	232	233	542	946	2179	78	226	3962	189	346	709	642	1445	497	517	161	226	1687	529	883	449	557	339	336	2750	529	224	780	332	1015	184	112	161	334	608	271	1043	584	608	506	742	468	321	957	451	453	485	772	161	335	1045	745	627	503	1245	393	876	1002	542	781	399	303	1227	1079	649	550	358	711	327	300	1071	267	307	1365	933	1071	1453	415	323	3694	1449	620	902	330	1298	1059	731	294	480	627	358	453	1336	1175	927	1431	278	184	961	809	272	78	180	829	1295	112	145	592	734	125	323	346	1214	316	1837	1199	186	465	2669	418	131	469	600	232	783	1796	1683	445	2202	425	497	640	1543	947	1445	427	1209	158	251	365	1773	176	423	710	172	427	1416	592	84	1467	771	942	266	709	691	456	348	334	2832	763	1106	322	291	1445	641	178	466	1041	311	478	149	441	1599	112	1899	600	387	2101	724	453	1530	1112
288	424	290	288	0	887	151	152	1198	683	212	1718	163	1737	150	468	333	829	1171	807	467	661	49	390	197	1102	223	206	716	32	1310	457	150	210	216	314	425	457	6	646	2606	430	1090	223	231	467	1106	2097	222	210	4065	467	152	805	495	1267	239	361	143	204	1465	464	739	280	284	236	318	2472	464	222	1012	86	1198	428	197	131	321	555	120	1219	657	555	785	619	662	305	802	648	397	263	691	130	519	913	930	385	409	1135	371	810	1273	467	608	381	90	1242	1308	403	324	406	963	309	81	1269	116	32	1224	845	1269	1714	588	308	3793	1304	333	654	91	1340	1091	983	77	223	385	406	631	1310	1442	816	1472	104	428	1093	532	103	222	453	981	1463	197	433	425	934	182	308	232	1145	65	1949	1106	117	384	2390	588	206	197	552	152	692	2052	1568	166	2292	588	239	586	1434	1134	1460	266	1120	132	314	86	2041	430	576	706	450	596	1438	425	245	1496	686	1101	115	805	404	588	232	300	2930	505	1009	175	2	1460	587	451	392	1231	52	327	140	587	1834	197	1768	552	652	2358	830	397	1382	1129
911	1114	1068	1175	887	0	998	996	1964	1074	1089	2448	1006	2211	993	1160	572	1705	1904	1335	1052	692	875	692	1073	1334	1024	695	980	873	1663	1343	998	1086	951	860	876	1343	889	1093	3267	1200	1874	1024	1031	1052	1846	2173	1103	1018	4550	1353	891	1500	926	1164	736	902	1018	1014	940	1067	872	888	666	977	1075	1614	1067	1029	1851	865	1964	1288	1073	1013	1080	1121	925	1971	1285	1121	1669	1008	1489	1073	856	1479	1059	800	1127	1013	1357	971	1719	697	1008	1307	1034	1224	2148	1052	764	1097	898	1703	2132	677	767	1174	1823	1072	898	2051	927	873	1270	1191	2051	2573	1408	1075	4276	1153	572	475	869	1842	1618	1843	902	716	697	1174	1449	1663	2312	1118	1951	912	1288	1794	395	917	1103	1339	1723	2187	1073	1320	876	1742	1066	1075	965	1430	873	2537	1340	991	1021	1526	1406	1084	713	1126	996	1106	2902	1455	732	2811	1399	736	1042	1372	1912	1885	902	1358	1016	1135	819	2906	1294	1382	1187	1337	1412	1881	876	1119	1946	1116	1840	927	1500	502	1317	963	1055	3437	583	1265	936	884	1885	1043	1337	1033	2003	875	851	1025	1383	2652	1073	1558	1126	1530	3204	1534	1059	1359	1617
219	290	146	227	151	998	0	5	1048	594	101	1568	12	1599	5	330	426	706	1019	896	358	661	132	408	195	1013	297	348	653	143	1193	358	0	97	122	452	371	358	144	549	2455	280	940	297	303	358	954	2006	199	284	3920	367	122	656	428	1228	281	297	170	279	1615	350	884	224	347	125	178	2599	350	292	872	133	1048	405	195	145	179	439	236	1068	731	439	674	540	516	163	949	503	276	258	591	142	374	1057	780	401	307	1054	471	705	1150	358	756	245	99	1112	1165	424	323	257	830	168	101	1120	231	143	1161	750	1120	1582	440	166	3648	1451	426	802	128	1204	956	850	98	372	401	257	483	1193	1316	733	1336	227	405	942	666	223	199	350	829	1312	195	353	371	787	103	166	129	1045	129	1802	1017	164	274	2515	440	99	342	434	5	597	1918	1711	309	2148	439	281	706	1576	985	1331	203	1029	137	163	183	1912	400	426	812	352	448	1307	371	232	1364	588	949	230	656	499	634	131	163	2785	541	921	95	152	1331	707	348	279	1081	132	467	138	436	1691	195	1914	434	532	2222	681	276	1324	998
214	286	142	232	152	996	5	0	1047	589	105	1566	11	1596	2	326	424	708	1018	901	353	656	132	403	200	1008	302	348	647	144	1189	361	5	101	117	455	366	361	146	544	2453	278	940	302	308	353	953	2001	204	288	3917	371	118	654	423	1223	278	292	175	284	1616	345	887	219	343	120	174	2598	345	296	872	132	1047	410	200	150	175	435	240	1067	736	435	676	535	516	159	952	503	271	254	586	147	375	1060	779	397	302	1049	475	700	1152	353	759	241	98	1108	1165	420	318	255	831	164	100	1119	235	144	1156	745	1119	1584	440	162	3645	1454	424	802	127	1200	952	851	97	373	397	255	483	1189	1317	728	1333	230	410	940	665	226	204	354	828	1310	200	357	366	787	108	162	124	1040	129	1799	1012	168	269	2513	440	103	343	430	0	592	1919	1714	309	2145	438	278	710	1579	984	1327	198	1024	142	162	182	1913	405	426	817	356	448	1303	366	237	1360	583	948	234	654	496	639	126	159	2782	537	916	90	153	1327	711	352	274	1080	131	470	143	435	1691	200	1917	430	534	2223	678	271	1319	994
1058	852	928	1015	1198	1964	1048	1047	0	981	1001	524	1036	915	1050	804	1415	589	112	1710	916	1365	1178	1273	1115	1098	1246	1394	1115	1191	942	864	1048	1001	1040	1466	1093	865	1192	936	1430	783	118	1246	1247	916	133	1770	1085	1238	2990	859	1114	474	1058	1549	1244	1062	1144	1237	2663	899	1897	1081	1311	1013	910	3576	899	1237	324	1168	0	1087	1115	1129	906	859	1253	47	1533	859	684	1020	548	917	1969	564	906	1171	922	1127	688	2060	270	1267	956	1182	1406	892	588	916	1786	874	1137	741	276	1288	1198	810	443	916	1142	98	1248	1191	1361	972	98	749	612	915	2728	2464	1415	1849	1161	679	620	435	1141	1421	1267	810	570	942	621	1038	765	1251	1087	236	1695	1246	1085	857	242	285	1115	927	1093	284	1042	915	1024	1024	1172	891	1096	1159	943	3485	611	1008	1390	852	1047	948	1009	2695	1355	1280	610	1244	1650	2554	70	862	1071	1090	1120	884	1221	1071	1069	621	1698	872	603	822	1093	1099	830	932	140	1247	474	1477	1375	1025	931	1878	1393	1065	1068	1199	862	1650	857	931	43	1177	1482	1113	611	708	1115	2914	852	686	1288	438	906	1499	688
395	355	481	787	683	1074	594	589	981	0	660	1409	587	1156	590	354	648	995	896	1486	245	401	634	439	788	420	887	762	135	653	653	823	595	657	478	985	276	823	677	60	2195	467	923	887	894	245	850	1415	787	873	3510	829	530	516	199	690	525	324	764	868	1927	259	1373	404	556	469	450	2645	259	882	996	599	981	970	788	739	453	197	802	974	1325	197	1019	74	697	466	1421	699	334	451	60	736	646	1545	799	437	288	460	1052	155	1363	245	1225	392	594	641	1212	445	421	460	1028	459	603	1078	798	653	581	163	1078	1695	633	464	3236	1906	648	1140	593	773	543	1043	608	819	437	460	654	653	1486	140	890	787	970	771	935	785	787	810	745	1154	788	857	276	847	687	464	466	464	619	1462	424	753	323	2550	627	664	774	207	589	34	1985	2193	743	1750	612	525	1267	2067	947	843	417	436	731	544	629	2030	960	592	1390	822	628	831	276	820	895	49	843	796	516	677	1227	465	453	2383	500	327	517	682	843	1268	808	321	1024	632	995	733	578	1689	788	2371	207	878	2270	550	334	747	546
308	325	181	132	212	1089	101	105	1001	660	0	1524	98	1607	106	355	521	618	982	855	416	759	213	508	143	1073	273	418	731	218	1230	259	100	3	211	469	459	259	207	610	2421	275	889	273	277	416	917	2061	131	261	3910	268	223	643	509	1312	381	384	149	258	1668	404	904	317	446	206	213	2683	404	265	801	225	1001	316	143	130	212	488	252	1024	683	488	580	612	457	197	973	442	328	359	649	128	314	1073	730	502	373	1120	450	757	1063	416	786	280	193	1134	1098	525	423	258	750	204	192	1067	248	218	1236	809	1067	1502	388	200	3639	1473	521	863	222	1215	971	770	187	431	502	258	430	1230	1231	800	1348	250	316	916	744	245	131	252	794	1273	143	252	459	730	42	200	214	1096	215	1786	1076	160	336	2600	389	7	408	481	105	658	1840	1722	378	2142	391	381	695	1585	935	1353	295	1087	121	147	269	1829	309	382	786	253	397	1326	459	162	1380	647	912	246	643	593	570	216	207	2776	642	982	193	214	1353	696	250	338	1031	214	485	115	396	1623	143	1932	481	442	2145	664	328	1400	1019
1557	1351	1442	1539	1718	2448	1568	1566	524	1409	1524	0	1556	808	1569	1302	1916	1076	551	2219	1397	1809	1696	1757	1639	1396	1771	1910	1533	1710	1131	1385	1568	1525	1551	1991	1571	1386	1712	1374	911	1296	640	1771	1772	1397	614	1787	1609	1763	2512	1379	1627	950	1524	1855	1747	1551	1668	1762	3182	1383	2421	1581	1811	1523	1421	4047	1383	1762	801	1683	524	1603	1639	1653	1417	1327	1777	500	2044	1327	1170	1462	1073	1430	2493	1089	1402	1670	1350	1651	1213	2584	795	1752	1444	1477	1929	1287	886	1397	2310	1378	1653	948	555	1771	1690	1322	911	1428	1659	474	1772	1710	1649	1353	474	729	1136	1427	2257	2988	1916	2365	1677	818	917	897	1659	1940	1752	1322	1095	1131	805	1428	821	1775	1603	653	2204	1770	1609	1378	740	260	1639	1447	1571	806	1566	1427	1534	1298	1689	541	1392	1683	1437	3954	1135	1532	1907	1322	1566	1374	802	3217	1873	908	1133	1747	2172	3076	592	949	1573	1381	1644	1404	1737	936	1586	1143	2215	1393	1126	914	1571	1623	884	1360	620	1771	950	1975	1885	1535	1442	1433	1867	1394	1581	1720	949	2173	1379	1426	498	1695	2007	1638	1132	471	1639	3438	1322	1198	997	917	1402	1754	960
215	279	134	228	163	1006	12	11	1036	587	98	1556	0	1588	13	318	434	698	1007	905	349	661	143	410	202	1005	307	359	647	154	1183	353	12	95	118	464	368	353	157	541	2443	268	929	307	313	349	942	1998	204	293	3908	362	125	644	423	1224	286	293	179	289	1627	341	897	221	352	119	166	2608	341	301	861	142	1036	408	202	155	167	430	248	1056	740	430	667	533	505	151	962	492	266	260	582	151	364	1069	768	403	299	1047	481	696	1142	349	769	233	108	1101	1154	426	324	245	820	156	110	1108	243	155	1155	742	1108	1573	429	154	3636	1464	434	813	137	1192	944	840	108	384	403	245	472	1183	1307	726	1325	239	408	930	676	235	204	345	817	1300	202	350	368	776	106	154	124	1036	139	1789	1009	174	265	2524	429	97	354	424	11	589	1908	1723	320	2136	427	286	717	1588	973	1320	200	1020	146	151	193	1903	402	415	823	348	437	1296	368	237	1352	580	937	242	644	506	641	125	152	2773	544	913	94	164	1320	718	343	270	1069	143	479	146	424	1680	202	1927	424	525	2212	668	266	1318	987
1480	1313	1453	1684	1737	2211	1599	1596	915	1156	1607	808	1588	0	1598	1270	1797	1453	827	2445	1287	1518	1697	1593	1749	907	1880	1876	1232	1715	565	1597	1600	1606	1524	2050	1414	1598	1730	1157	1175	1332	999	1880	1884	1287	869	983	1729	1868	2353	1595	1599	977	1343	1296	1654	1435	1753	1865	3084	1284	2475	1499	1698	1502	1422	3705	1284	1872	1222	1669	915	1821	1749	1731	1420	1197	1836	868	2266	1197	1539	1229	1273	1436	2533	1289	1342	1573	1115	1728	1366	2649	1064	1590	1347	964	2057	1001	1494	1287	2336	1356	1650	515	1148	1600	1560	1350	1338	1431	1658	962	1831	1715	1092	1021	962	1501	1291	1433	2079	3031	1797	2290	1662	397	646	1334	1661	1926	1590	1350	1265	565	1487	1093	268	1826	1821	789	2090	1823	1729	1585	931	745	1749	1658	1414	1117	1648	1433	1507	800	1684	430	901	1756	1362	3607	1286	1614	1883	1197	1596	1129	1610	3304	1849	601	1274	1654	2302	3171	965	329	1502	884	1721	1460	1715	1742	1805	1271	2391	1602	1278	330	1414	1756	264	1124	868	1830	977	1832	2124	1507	1438	1228	1653	957	1564	1737	329	2302	1584	1352	932	1694	2064	1718	1251	1277	1749	3498	1197	1485	1789	966	1342	1139	618
213	288	145	233	150	993	5	2	1050	590	106	1569	13	1598	0	328	422	711	1021	900	354	656	129	402	200	1009	300	346	648	141	1191	363	5	103	117	453	366	363	143	545	2456	280	942	300	307	354	956	2002	204	287	3919	373	116	656	423	1223	276	292	174	283	1613	347	885	218	341	121	176	2595	347	295	875	129	1050	411	200	149	177	436	238	1069	735	436	678	535	519	161	950	506	273	253	587	146	377	1057	782	396	303	1050	474	702	1155	354	756	243	95	1110	1168	419	317	257	834	166	97	1122	233	141	1157	746	1122	1586	443	164	3648	1452	422	800	124	1202	954	854	95	371	396	257	486	1191	1320	729	1335	228	411	943	663	224	204	356	831	1313	200	358	366	790	109	164	125	1041	126	1802	1013	167	270	2511	442	104	340	431	2	593	1921	1712	306	2148	441	276	708	1577	987	1329	197	1025	141	165	180	1916	406	428	815	357	450	1305	366	237	1362	584	951	231	656	494	638	126	160	2785	535	917	89	151	1329	709	353	275	1083	129	468	142	438	1694	200	1915	431	537	2226	681	273	1319	996
255	49	184	464	468	1160	330	326	804	354	355	1302	318	1270	328	0	614	661	752	1210	139	617	431	471	497	739	620	628	464	448	875	472	330	353	263	780	304	472	461	295	2165	113	714	620	625	139	691	1715	485	607	3598	477	340	355	295	1043	445	260	491	603	1892	119	1208	278	508	237	152	2773	119	613	719	407	804	640	497	467	151	157	566	814	1038	157	674	335	375	167	1270	372	101	368	324	464	297	1381	561	465	157	795	797	415	1063	139	1074	87	384	783	981	486	393	110	723	162	392	891	562	448	932	479	891	1443	300	164	3326	1771	614	1075	400	873	625	741	394	670	465	110	330	875	1206	489	1006	556	640	654	902	553	485	458	566	1041	497	510	304	591	392	164	245	750	419	1487	742	491	138	2684	295	361	630	148	326	340	1759	2037	595	1825	281	445	1036	1903	751	1002	270	750	458	213	457	1781	628	261	1137	471	297	978	304	516	1033	326	684	560	355	673	920	245	168	2463	598	652	300	468	1002	1037	456	127	843	429	794	456	253	1494	497	2236	148	529	2056	386	101	1098	668
358	565	498	620	333	572	426	424	1415	648	521	1916	434	1797	422	614	0	1133	1366	1014	532	432	311	211	530	1024	521	202	615	312	1299	779	426	518	381	460	382	779	334	640	2771	636	1318	521	529	532	1304	1992	556	511	4150	789	318	967	454	1068	170	374	475	506	1295	542	755	335	105	408	509	2182	542	523	1281	295	1415	759	530	464	514	616	408	1427	899	616	1100	573	920	505	793	909	514	246	683	463	785	921	1160	212	478	1032	605	801	1576	532	605	541	328	1282	1566	209	238	609	1250	505	329	1497	408	312	1076	802	1497	2001	839	507	3876	1263	0	493	299	1405	1161	1270	333	259	212	609	881	1299	1739	747	1529	391	759	1266	296	395	556	773	1179	1656	530	762	382	1179	502	507	396	1094	306	2070	1029	448	479	2095	837	516	224	618	424	671	2332	1555	220	2382	831	170	737	1435	1358	1489	344	1046	465	563	254	2333	762	815	884	772	844	1476	382	578	1539	674	1298	408	967	72	873	395	489	3019	236	936	364	331	1489	739	771	491	1452	310	462	473	818	2089	530	1726	618	959	2635	999	514	1217	1180
835	685	658	562	829	1705	706	708	589	995	618	1076	698	1453	711	661	1133	0	641	1147	800	1269	832	1072	674	1302	783	1034	1118	837	1296	382	707	621	767	1015	947	382	825	935	1984	565	477	783	781	800	588	2175	641	780	3575	373	817	588	954	1679	978	883	721	781	2244	780	1416	855	1046	745	663	3301	780	775	274	840	589	558	674	717	658	803	833	632	975	803	94	991	298	659	1492	296	735	930	949	716	373	1564	389	1065	803	1376	909	996	444	800	1330	674	806	1123	551	1089	983	585	168	662	806	607	829	837	1538	1078	607	891	363	658	3315	1966	1133	1464	835	1129	954	185	803	1039	1065	585	341	1296	614	1112	1248	839	558	664	1361	833	641	382	525	869	674	429	947	336	647	658	757	1272	833	1480	1303	745	771	3219	368	624	1022	793	708	972	1234	2170	994	1868	383	978	1136	2029	522	1310	836	1306	711	580	887	1212	541	403	1156	390	368	1272	947	640	1303	955	589	828	588	1205	815	759	679	2467	1210	1233	774	831	1310	1136	383	763	598	832	1032	702	417	1052	674	2398	793	176	1539	573	735	1700	1026
1007	800	891	1011	1171	1904	1019	1018	112	896	982	551	1007	827	1021	752	1366	641	0	1731	852	1287	1146	1212	1105	990	1239	1360	1028	1161	829	874	1020	983	999	1452	1029	875	1164	854	1438	746	171	1239	1240	852	65	1661	1077	1229	2964	869	1075	404	988	1444	1196	1004	1129	1228	2631	837	1885	1031	1261	972	870	3511	837	1230	395	1133	112	1101	1105	1113	866	788	1235	83	1552	788	733	940	544	879	1956	561	852	1120	836	1110	677	2052	274	1207	897	1075	1404	798	693	852	1769	827	1103	628	389	1227	1142	771	512	877	1109	204	1230	1161	1254	875	204	858	598	876	2699	2454	1366	1814	1126	570	509	507	1109	1391	1207	771	558	829	733	943	662	1232	1101	131	1652	1227	1077	865	190	292	1105	937	1029	310	1024	876	982	914	1139	848	988	1142	888	3420	596	990	1358	782	1018	862	1108	2694	1323	1231	592	1196	1651	2554	140	754	1022	982	1103	856	1186	1177	1083	599	1708	880	587	714	1029	1094	725	846	70	1229	404	1425	1396	983	891	1843	1327	961	1030	1172	754	1652	865	876	151	1145	1468	1097	586	797	1105	2909	782	712	1381	370	852	1389	576
1092	1179	1031	761	807	1335	896	901	1710	1486	855	2219	905	2445	900	1210	1014	1147	1731	0	1254	1433	857	1167	713	1906	599	814	1523	839	2085	860	896	857	1007	554	1232	859	813	1444	3130	1125	1592	599	592	1254	1667	2901	726	613	4696	864	957	1468	1302	2061	1019	1168	726	617	1355	1247	531	1086	1034	1019	1065	2631	1247	604	1418	894	1710	632	713	750	1064	1335	687	1747	180	1335	1055	1425	1194	1048	594	1177	1172	1065	1486	754	1082	578	1456	1163	1202	1941	436	1602	1488	1254	583	1133	893	1987	1696	1176	1120	1112	1314	1054	884	1745	690	839	2030	1645	1745	1943	1160	1051	4430	916	1014	872	898	2060	1821	1331	878	755	1163	1112	1191	2085	1660	1621	2193	703	632	1701	962	704	726	871	1562	1996	713	797	1232	1428	818	1051	1020	1941	872	2575	1910	733	1170	2570	1164	849	793	1330	901	1491	2283	1055	807	2949	1174	1019	295	916	1640	2205	1071	1922	759	1001	875	2211	649	1176	148	854	1173	2178	1232	696	2229	1483	1665	691	1468	1056	335	1021	1054	3572	1246	1813	968	808	2205	294	871	1175	1728	859	552	759	1195	2170	713	1291	1330	1024	2576	1481	1172	2187	1872
193	119	236	542	467	1052	358	353	916	245	416	1397	349	1287	354	139	532	800	852	1254	0	479	421	360	548	657	655	588	336	440	843	584	358	413	251	779	177	584	460	194	2239	241	833	655	661	0	795	1649	544	641	3633	590	318	448	157	921	372	157	528	637	1826	20	1191	212	427	236	205	2660	20	650	854	389	916	725	548	504	208	91	580	920	1089	91	810	208	514	221	1247	511	89	290	233	500	432	1365	686	355	59	704	826	347	1202	0	1050	149	376	782	1108	374	295	227	862	214	385	1006	576	440	825	394	1006	1576	439	218	3360	1744	532	1014	383	891	642	879	390	639	355	227	469	843	1342	385	1020	567	725	744	827	564	544	571	673	1136	548	614	177	721	445	218	237	686	407	1540	661	521	84	2569	434	420	595	90	353	242	1887	2020	561	1861	421	372	1052	1889	867	998	215	672	495	299	431	1913	715	400	1167	582	436	978	177	577	1038	231	788	574	448	583	985	236	208	2499	476	566	292	466	998	1053	569	79	956	419	791	496	391	1615	548	2210	90	663	2182	482	89	991	671
456	586	629	889	661	692	661	656	1365	401	759	1809	661	1518	656	617	432	1269	1287	1433	479	0	616	271	838	654	883	621	290	630	973	996	661	755	548	882	323	996	658	435	2591	705	1295	883	891	479	1237	1578	852	871	3860	1004	545	892	322	635	424	392	792	865	1593	499	1180	443	399	560	615	2243	499	883	1333	582	1365	1064	838	772	620	511	772	1363	1303	511	1268	348	992	623	1211	988	534	407	459	770	896	1341	1156	276	466	641	1007	540	1681	479	1031	595	599	1012	1578	260	342	684	1340	618	606	1460	770	630	654	499	1460	2052	914	623	3586	1657	432	865	580	1153	937	1358	613	682	276	684	947	973	1822	425	1259	754	1064	1165	652	756	852	985	1124	1553	838	1006	323	1195	764	623	550	744	603	1851	660	771	498	2149	910	758	641	519	656	435	2356	1957	625	2118	897	424	1166	1844	1325	1192	465	677	768	711	578	2389	1061	877	1309	992	913	1188	323	883	1253	448	1230	769	892	418	1249	548	604	2744	198	577	566	659	1192	1167	983	506	1408	614	886	774	870	2072	838	2111	519	1119	2647	927	534	787	930
239	385	258	309	49	875	132	132	1178	634	213	1696	143	1697	129	431	311	832	1146	857	421	616	0	346	229	1053	271	216	667	18	1263	469	132	211	172	358	375	468	44	598	2579	402	1072	271	279	421	1082	2048	251	257	4029	478	104	774	446	1219	198	312	178	252	1485	419	778	230	250	194	284	2470	419	269	1004	37	1178	462	229	162	287	510	170	1197	706	510	793	570	649	272	839	636	355	215	643	160	507	952	911	341	363	1085	420	763	1276	421	643	343	46	1199	1298	361	277	377	960	275	39	1251	166	19	1175	796	1251	1712	572	275	3757	1340	311	671	41	1300	1050	980	37	245	341	377	616	1263	1443	767	1431	153	462	1065	534	152	251	463	956	1439	229	451	375	919	191	275	189	1097	15	1916	1057	155	339	2387	572	208	211	507	132	644	2049	1607	177	2256	570	198	634	1474	1116	1417	217	1071	160	293	56	2041	462	557	755	462	580	1395	375	277	1454	638	1077	165	774	383	635	189	265	2894	466	960	132	48	1417	635	461	348	1212	2	370	167	566	1823	229	1805	507	656	2353	800	355	1333	1086
237	426	413	633	390	692	408	403	1273	439	508	1757	410	1593	402	471	211	1072	1212	1167	360	271	346	0	572	814	611	366	404	359	1088	759	408	505	310	621	188	759	387	436	2592	525	1185	611	620	360	1154	1789	589	599	3946	768	286	808	252	894	152	210	524	594	1492	374	959	216	137	329	410	2303	374	611	1180	313	1273	802	572	505	416	433	501	1279	1032	433	1056	365	821	413	1000	814	370	149	477	503	703	1128	1032	6	316	826	737	594	1503	360	809	416	334	1078	1450	17	89	500	1167	410	340	1360	498	359	880	591	1360	1906	740	414	3672	1474	211	701	312	1204	964	1186	346	427	6	500	779	1088	1657	536	1325	483	802	1104	497	484	589	750	1031	1496	572	760	188	1060	507	414	317	883	333	1879	820	501	332	2213	737	507	383	437	403	464	2226	1766	362	2182	727	152	908	1644	1221	1282	236	836	502	492	306	2242	800	709	1048	754	742	1269	188	618	1333	468	1147	498	808	239	977	315	393	2818	138	725	316	388	1282	909	748	343	1312	344	627	508	707	1965	572	1938	437	908	2525	842	370	1028	977
412	466	319	112	197	1073	195	200	1115	788	143	1639	202	1749	200	497	530	674	1105	713	548	838	229	572	0	1206	134	379	848	221	1372	292	195	145	317	353	564	291	197	742	2541	417	1000	134	137	548	1039	2197	33	124	4045	301	294	781	623	1421	427	491	55	123	1576	539	782	414	479	321	352	2641	539	126	889	259	1115	232	0	67	351	625	159	1141	543	625	617	735	566	336	854	550	463	431	782	69	428	947	844	566	500	1249	309	893	1114	548	674	420	238	1277	1188	587	496	402	822	342	232	1175	156	221	1357	943	1175	1565	506	339	3775	1350	530	790	260	1358	1114	843	225	370	566	402	546	1372	1287	928	1491	167	232	1046	702	161	33	292	919	1392	0	253	564	836	105	339	325	1233	240	1920	1209	82	466	2561	509	137	362	619	200	790	1908	1591	340	2279	513	427	556	1452	1047	1496	394	1221	69	290	281	1885	233	508	643	284	517	1470	564	48	1523	780	1035	155	781	600	438	326	343	2912	695	1114	285	199	1496	557	290	469	1142	231	370	64	524	1709	0	1804	619	499	2213	800	463	1519	1162
814	754	892	1196	1102	1334	1013	1008	1098	420	1073	1396	1005	907	1009	739	1024	1302	990	1906	657	654	1053	814	1206	0	1307	1166	409	1072	342	1208	1013	1070	898	1399	685	1208	1096	464	2050	850	1083	1307	1314	657	969	995	1202	1293	3219	1212	950	729	610	460	928	741	1183	1288	2247	668	1772	823	946	888	860	2797	668	1302	1226	1017	1098	1376	1206	1159	862	588	1221	1073	1745	588	1348	483	1010	876	1815	1017	745	861	424	1155	1002	1942	1009	814	706	84	1472	325	1597	657	1623	797	1014	459	1367	815	821	850	1290	869	1022	1195	1217	1072	263	263	1195	1847	966	873	2945	2286	1024	1502	1012	605	490	1301	1028	1225	814	850	973	342	1688	287	675	1206	1376	861	1290	1205	1202	1194	905	1174	1206	1249	685	1068	1103	873	886	108	1038	1290	5	1173	740	2699	959	1077	1180	596	1008	416	2092	2580	1151	1505	943	928	1684	2459	1090	578	836	23	1150	946	1045	2168	1365	926	1809	1208	957	586	685	1235	649	426	962	1216	729	1037	1643	885	866	2115	826	92	937	1101	578	1685	1193	736	1140	1050	1409	1151	907	1767	1206	2747	596	1221	2350	753	745	407	437
496	584	437	232	223	1024	297	302	1246	887	273	1771	307	1880	300	620	521	783	1239	599	655	883	271	611	134	1307	0	336	932	255	1490	405	297	274	408	232	642	404	227	845	2675	547	1131	0	8	655	1173	2301	162	13	4180	413	364	915	708	1490	459	574	128	18	1460	648	650	492	496	419	470	2560	648	8	1011	308	1246	268	134	152	470	737	114	1274	439	737	718	828	698	454	724	682	574	486	887	156	561	813	976	607	602	1345	177	1002	1215	655	550	538	300	1403	1310	624	548	530	938	460	292	1304	115	255	1442	1045	1304	1672	640	457	3910	1217	521	694	311	1487	1242	958	285	307	607	530	680	1490	1390	1024	1620	131	268	1181	637	129	162	408	1054	1525	134	354	642	966	231	457	420	1341	286	2055	1311	134	571	2482	643	265	316	732	302	892	2016	1456	306	2413	648	459	422	1317	1178	1622	475	1323	162	419	305	1986	278	643	517	397	651	1597	642	149	1651	884	1169	115	915	585	365	422	458	3047	719	1214	370	225	1622	423	406	576	1273	273	248	163	659	1829	134	1670	732	613	2322	934	574	1601	1288
395	580	469	484	206	695	348	348	1394	762	418	1910	359	1876	346	628	202	1034	1360	814	588	621	216	366	379	1166	336	0	759	205	1412	659	348	417	366	260	485	659	211	740	2789	614	1288	336	344	588	1296	2151	410	329	4219	669	288	980	562	1255	238	446	324	324	1271	592	610	377	228	392	491	2268	592	340	1218	227	1394	594	379	322	495	679	231	1412	697	679	987	690	865	481	661	851	540	311	785	322	722	783	1128	364	529	1184	403	907	1479	588	464	543	257	1369	1513	371	345	588	1169	483	252	1468	232	205	1246	924	1468	1921	789	484	3947	1155	202	455	233	1480	1231	1189	252	61	364	588	832	1412	1648	880	1609	217	594	1275	326	222	410	656	1170	1653	379	629	485	1136	387	484	384	1224	222	2115	1171	298	516	2186	789	412	22	679	348	779	2259	1434	40	2447	787	238	544	1306	1332	1584	374	1186	327	510	173	2247	600	774	687	652	796	1565	485	424	1626	778	1290	232	980	256	674	383	471	3085	432	1074	331	204	1584	545	654	526	1428	217	264	335	782	2038	379	1622	679	857	2564	1008	540	1394	1260
437	455	560	862	716	980	653	647	1115	135	731	1533	647	1232	648	464	615	1118	1028	1523	336	290	667	404	848	409	932	759	0	684	698	920	653	728	531	1000	291	920	711	189	2301	574	1058	932	940	336	983	1392	851	918	3579	926	568	651	224	586	522	358	816	913	1862	354	1362	439	537	528	534	2530	354	929	1130	629	1115	1047	848	792	537	315	837	1107	1371	315	1137	129	823	547	1405	823	421	462	193	789	761	1532	934	404	362	425	1087	251	1494	336	1213	485	632	722	1347	405	415	563	1158	541	641	1212	833	684	509	210	1212	1830	755	546	3305	1878	615	1097	625	862	647	1174	647	819	404	563	778	698	1620	140	970	820	1047	901	886	819	851	907	879	1281	848	947	291	981	752	546	523	482	651	1560	415	802	400	2434	749	733	774	325	647	167	2120	2170	747	1830	734	522	1287	2049	1082	908	457	431	785	632	650	2165	1039	715	1418	918	750	902	291	884	967	184	976	832	651	630	1286	521	532	2459	428	321	565	715	908	1288	905	402	1158	664	1008	788	701	1823	848	2340	325	993	2404	685	421	671	639
258	403	274	307	32	873	143	144	1191	653	218	1710	154	1715	141	448	312	837	1161	839	440	630	18	359	221	1072	255	205	684	0	1282	470	143	215	191	339	393	470	28	617	2594	417	1084	255	263	440	1096	2067	245	242	4046	480	123	790	464	1235	208	330	169	237	1472	438	760	249	257	212	301	2465	438	254	1013	54	1191	454	221	154	303	529	152	1210	689	529	796	589	659	288	821	646	373	231	662	153	517	934	923	354	382	1104	402	782	1281	440	625	361	64	1218	1307	372	292	392	967	292	56	1263	148	0	1192	815	1263	1719	584	291	3774	1323	312	658	59	1318	1069	987	53	230	354	392	627	1282	1449	785	1449	135	454	1080	526	135	245	465	970	1453	221	450	393	931	193	291	208	1115	34	1933	1076	144	358	2382	584	212	199	526	144	662	2056	1589	165	2273	582	208	615	1456	1128	1436	235	1089	154	306	59	2047	455	570	737	463	591	1414	393	270	1472	657	1091	147	790	384	620	208	281	2911	476	979	150	30	1436	616	463	366	1224	21	351	161	579	1833	221	1788	526	660	2361	816	373	1350	1105
1028	906	1054	1336	1310	1663	1193	1189	942	653	1230	1131	1183	565	1191	875	1299	1296	829	2085	843	973	1263	1088	1372	342	1490	1412	698	1282	0	1302	1194	1228	1094	1621	928	1302	1303	672	1718	968	963	1490	1496	843	830	880	1361	1477	2887	1304	1160	712	852	753	1177	966	1362	1473	2560	846	2022	1042	1209	1077	1021	3139	846	1484	1150	1231	942	1502	1372	1337	1021	755	1422	906	1914	755	1361	727	1034	1037	2073	1045	918	1101	627	1334	1073	2196	939	1087	900	400	1665	505	1504	843	1877	952	1219	201	1218	1093	1074	978	1240	1031	1228	1029	1418	1283	544	497	1029	1675	1015	1034	2613	2559	1299	1789	1224	312	345	1245	1233	1468	1087	978	1007	0	1562	558	345	1409	1502	717	1581	1407	1361	1288	810	941	1372	1354	928	1002	1267	1034	1079	236	1249	958	336	1357	926	3041	1009	1236	1423	759	1189	633	1880	2845	1391	1163	994	1177	1895	2719	955	238	1051	319	1328	1087	1268	1976	1488	982	2006	1304	1004	251	928	1391	310	634	824	1416	712	1324	1792	1078	1032	1777	1127	398	1135	1309	238	1896	1287	919	979	1261	1633	1327	961	1545	1372	3024	759	1259	2116	723	918	627	272
539	468	370	180	457	1343	358	361	864	823	259	1385	353	1597	363	472	779	382	874	860	584	996	469	759	292	1208	405	659	920	470	1302	0	358	262	451	636	680	0	454	765	2295	359	747	405	403	584	810	2167	258	400	3837	9	479	624	713	1506	640	606	340	401	1864	567	1049	554	705	436	390	2927	567	396	608	484	864	228	292	338	386	628	451	897	680	628	328	792	333	379	1124	316	498	610	796	337	233	1205	601	753	561	1267	546	883	822	584	954	434	452	1171	907	777	671	363	533	385	450	913	448	470	1403	951	913	1273	306	380	3571	1609	779	1082	481	1223	998	553	445	659	753	363	332	1302	995	960	1355	457	228	840	986	452	258	13	701	1149	292	63	680	580	277	380	447	1210	473	1715	1210	365	523	2846	311	263	646	620	361	812	1616	1832	619	2088	323	640	787	1691	795	1383	532	1218	332	291	525	1593	211	329	834	7	318	1351	680	258	1397	797	807	447	624	851	530	449	397	2711	896	1123	443	460	1383	787	15	519	887	470	653	324	350	1424	292	2053	620	208	1921	631	498	1569	1058
219	291	146	227	150	998	0	5	1048	595	100	1568	12	1600	5	330	426	707	1020	896	358	661	132	408	195	1013	297	348	653	143	1194	358	0	97	122	452	372	358	144	550	2455	280	941	297	303	358	955	2007	199	283	3920	367	122	656	429	1228	281	298	170	279	1615	351	884	224	347	126	178	2599	351	291	872	133	1048	405	195	145	179	440	236	1068	731	440	674	540	516	163	949	503	276	259	591	142	375	1056	780	401	307	1055	470	706	1150	358	756	245	99	1112	1165	424	323	258	830	168	101	1120	231	143	1162	751	1120	1583	440	166	3649	1451	426	802	128	1204	956	850	98	372	401	258	484	1194	1316	734	1337	227	405	943	666	223	199	350	830	1312	195	353	372	787	103	166	130	1045	129	1802	1017	163	274	2515	440	99	342	435	5	597	1918	1711	308	2149	439	281	706	1575	985	1332	203	1029	136	164	183	1912	400	427	812	352	448	1308	372	232	1364	588	950	229	656	499	633	131	163	2786	541	921	95	151	1332	707	348	279	1081	131	466	137	436	1691	195	1914	435	532	2222	681	276	1324	998
305	323	178	136	210	1086	97	101	1001	657	3	1525	95	1606	103	353	518	621	983	857	413	755	211	505	145	1070	274	417	728	215	1228	262	97	0	208	469	456	262	205	607	2421	273	890	274	278	413	917	2058	133	262	3909	271	219	642	506	1309	378	381	150	259	1667	402	904	313	443	202	211	2681	402	266	803	222	1001	319	145	131	209	485	252	1025	686	485	582	609	458	195	973	443	325	355	646	128	314	1073	731	499	370	1117	451	754	1066	413	786	277	190	1132	1100	522	419	257	752	201	189	1068	247	215	1233	807	1068	1504	388	197	3639	1473	518	862	219	1213	969	772	184	430	499	257	431	1228	1233	797	1347	250	319	916	742	244	133	255	794	1273	145	255	456	731	43	197	210	1094	213	1786	1074	160	333	2597	389	8	407	479	101	655	1842	1723	376	2141	391	378	696	1585	936	1351	292	1084	121	146	267	1831	313	383	788	256	398	1325	456	165	1378	644	912	246	642	590	573	212	204	2776	639	980	190	212	1351	697	253	335	1032	211	485	116	396	1625	145	1932	479	445	2147	663	325	1397	1017
97	215	117	344	216	951	122	117	1040	478	211	1551	118	1524	117	263	381	767	999	1007	251	548	172	310	317	898	408	366	531	191	1094	451	122	208	0	530	250	451	209	437	2424	257	940	408	415	251	936	1893	321	394	3859	460	77	614	306	1106	215	175	286	390	1634	248	950	105	284	27	130	2563	248	404	900	145	1040	525	317	262	134	339	328	1055	847	339	747	421	538	124	1010	528	182	163	480	259	407	1124	781	303	195	937	575	598	1205	251	813	177	126	1026	1185	327	221	230	874	124	135	1120	324	191	1040	637	1120	1622	457	126	3587	1510	381	816	138	1127	878	893	139	407	303	230	499	1094	1364	616	1258	315	525	910	654	312	321	441	810	1292	317	457	250	797	224	126	17	935	159	1750	902	275	168	2476	455	212	367	336	117	483	1951	1779	332	2086	449	215	801	1647	982	1245	83	914	254	187	194	1955	520	433	916	446	462	1223	250	354	1281	476	930	322	614	450	754	17	109	2724	447	806	40	215	1245	802	439	176	1076	170	542	257	437	1708	317	1976	336	600	2253	642	182	1202	914
593	737	598	461	314	860	452	455	1466	985	469	1991	464	2050	453	780	460	1015	1452	554	779	882	358	621	353	1399	232	260	1000	339	1621	636	452	469	530	0	714	636	321	953	2890	730	1352	232	234	779	1386	2391	385	236	4372	645	461	1106	789	1514	480	661	322	235	1228	777	435	581	485	550	629	2347	777	240	1241	390	1466	486	353	338	630	869	219	1492	447	869	949	917	918	614	504	903	712	538	998	341	777	605	1195	618	721	1425	174	1119	1445	779	320	693	403	1556	1540	628	586	709	1170	619	395	1528	223	339	1497	1148	1528	1904	855	618	4101	1004	460	477	396	1654	1405	1190	391	201	618	709	896	1621	1621	1112	1786	225	486	1385	465	229	385	639	1264	1741	353	586	714	1190	427	618	546	1449	372	2252	1404	309	697	2272	856	462	240	866	455	997	2248	1258	258	2601	860	480	288	1123	1399	1775	571	1418	348	605	355	2216	498	852	427	628	865	1753	714	378	1810	992	1381	225	1106	504	457	546	611	3237	692	1307	489	314	1775	289	637	706	1495	360	16	354	866	2060	353	1464	866	845	2553	1129	712	1649	1443
152	267	310	592	425	876	371	366	1093	276	459	1571	368	1414	366	304	382	947	1029	1232	177	323	375	188	564	685	642	485	291	393	928	680	372	456	250	714	0	680	419	259	2403	382	1010	642	649	177	972	1677	571	628	3767	688	277	624	76	856	248	75	529	623	1676	194	1096	150	284	253	293	2483	194	639	1024	338	1093	775	564	505	298	245	545	1098	1080	245	945	204	674	302	1145	669	213	176	303	502	573	1269	862	184	147	712	796	424	1363	177	949	272	341	901	1283	201	146	361	1023	297	350	1183	542	393	800	438	1183	1748	595	302	3493	1631	382	875	334	1023	779	1041	356	543	184	361	630	928	1509	398	1146	529	775	918	677	528	571	669	851	1311	564	696	0	895	474	302	245	739	360	1692	689	513	176	2392	591	461	498	249	366	295	2062	1917	468	1999	579	248	1000	1791	1045	1110	169	704	499	391	361	2085	769	560	1128	677	595	1095	0	604	1157	295	965	541	624	423	999	243	283	2637	299	592	279	423	1110	1001	667	185	1134	373	723	502	554	1792	564	2097	249	796	2358	659	213	959	797
539	468	370	179	457	1343	358	361	865	823	259	1386	353	1598	363	472	779	382	875	859	584	996	468	759	291	1208	404	659	920	470	1302	0	358	262	451	636	680	0	454	766	2296	359	747	404	403	584	810	2167	258	399	3838	10	479	625	714	1506	639	606	339	400	1864	567	1048	554	704	436	390	2927	567	395	609	484	865	227	291	337	386	629	450	898	679	629	328	793	334	379	1123	317	498	610	796	337	234	1204	602	753	561	1267	546	883	823	584	954	435	452	1171	907	776	671	363	534	385	450	914	447	470	1404	951	914	1274	306	380	3572	1608	779	1082	480	1224	998	554	445	659	753	363	333	1302	995	960	1355	457	227	841	986	451	258	14	702	1150	291	62	680	581	277	380	447	1210	472	1715	1211	364	523	2845	311	262	645	620	361	812	1616	1831	619	2089	324	639	786	1690	796	1384	532	1218	332	291	525	1593	210	329	834	7	319	1352	680	258	1398	798	807	446	625	851	529	449	397	2712	895	1123	443	459	1384	786	15	519	888	469	652	323	351	1424	291	2052	620	209	1922	632	498	1570	1059
281	417	283	287	6	889	144	146	1192	677	207	1712	157	1730	143	461	334	825	1164	813	460	658	44	387	197	1096	227	211	711	28	1303	454	144	205	209	321	419	454	0	640	2599	423	1084	227	235	460	1099	2091	222	214	4058	464	146	798	489	1263	236	355	143	209	1471	457	746	273	283	229	312	2476	457	226	1007	81	1192	429	197	130	314	548	126	1212	662	548	781	613	656	298	809	643	390	258	684	129	513	920	924	382	402	1129	377	804	1270	460	614	374	83	1235	1303	400	320	399	958	302	74	1263	122	28	1219	838	1263	1710	582	302	3786	1311	334	660	85	1333	1084	978	70	228	382	399	626	1303	1438	810	1465	110	429	1087	536	108	222	450	974	1457	197	431	419	929	178	302	225	1138	59	1943	1100	118	377	2394	583	201	202	545	146	685	2048	1575	170	2286	582	236	593	1441	1128	1453	259	1113	131	308	84	2037	430	570	713	447	591	1431	419	245	1489	679	1094	121	798	405	592	225	293	2923	502	1003	168	7	1453	594	448	385	1225	46	334	139	580	1828	197	1775	545	648	2353	823	390	1377	1122
359	299	429	735	646	1093	549	544	936	60	610	1374	541	1157	545	295	640	935	854	1444	194	435	598	436	742	464	845	740	189	617	672	765	550	607	437	953	259	766	640	0	2174	409	873	845	851	194	805	1457	738	831	3511	771	494	466	185	750	505	294	720	826	1928	206	1350	372	543	425	398	2674	206	840	940	564	936	917	742	695	401	138	764	930	1281	138	959	87	637	414	1401	639	282	428	45	692	586	1523	745	433	242	510	1012	167	1305	194	1204	338	557	642	1161	444	406	402	970	407	565	1032	759	617	638	201	1032	1642	573	411	3237	1890	640	1133	558	768	530	985	571	795	433	402	594	672	1431	194	890	749	917	730	932	747	738	752	696	1118	742	800	259	792	639	411	424	498	583	1449	467	710	275	2581	567	614	750	147	544	48	1936	2174	718	1746	552	505	1233	2046	899	850	382	479	687	489	598	1978	907	532	1352	765	567	836	259	771	899	39	798	758	466	675	1179	423	402	2382	512	372	476	646	850	1234	750	272	978	596	964	688	517	1644	742	2356	147	818	2222	501	282	804	541
2416	2214	2321	2444	2606	3267	2455	2453	1430	2195	2421	911	2443	1175	2456	2165	2771	1984	1438	3130	2239	2591	2579	2592	2541	2050	2675	2789	2301	2594	1718	2295	2455	2421	2424	2890	2403	2296	2599	2174	0	2177	1548	2675	2676	2239	1503	2011	2512	2666	1660	2289	2501	1810	2345	2467	2606	2397	2567	2665	4057	2228	3323	2439	2665	2397	2297	4827	2228	2666	1711	2563	1430	2514	2541	2551	2294	2159	2673	1400	2955	2159	2078	2259	1976	2308	3394	1993	2261	2525	2141	2548	2114	3488	1699	2588	2293	2117	2836	2051	1737	2239	3207	2247	2535	1602	1446	2604	2535	2202	1818	2305	2541	1385	2669	2594	2260	2098	1385	1414	2035	2305	1427	3892	2771	3240	2556	1454	1654	1802	2542	2824	2588	2202	1995	1718	1610	2175	1376	2670	2514	1514	3065	2665	2512	2287	1626	1149	2541	2357	2403	1714	2463	2305	2406	1942	2570	760	2045	2581	2293	4731	2033	2428	2788	2156	2453	2162	1248	4126	2753	705	2030	2606	3081	3985	1500	1482	2434	2029	2541	2292	2615	1417	2497	2038	3126	2302	2025	1467	2403	2528	1408	2151	1508	2667	1810	2823	2795	2407	2318	751	2685	2082	2457	2607	1482	3081	2288	2281	1407	2578	2906	2535	2024	1092	2541	4344	2156	2109	1205	1781	2261	2314	1666
