NAME : VRPTW_INSTANCE_320.txt
COMMENT : Bangkok Supermarket
TYPE : VRPTW
DIMENSION : 335
DAYS : Thursday
EDGE_WEIGHT_TYPE : EXPLICIT
VEHICLES : 43
EDGE_WEIGHT_FORMAT : FULL_MATRIX
CAPACITY : 1000
EDGE_WEIGHT_SECTION
0	705	185	1641	464	1171	1138	815	428	306	830	1994	155	1186	475	264	306	206	26	412	1266	365	24	1744	379	1321	266	404	1842	445	46	153	202	419	1481	97	392	609	1606	208	840	440	307	1200	425	224	170	121	407	412	152	364	359	978	442	525	120	730	539	411	412	454	382	3196	103	908	520	431	474	371	79	288	133	206	359	641	1019	1237	2312	135	379	101	213	1756	874	124	1114	1466	412	412	73	165	1014	1227	1074	1606	183	300	1821	92	298	208	448	737	885	540	165	1084	604	88	1498	118	352	211	1627	808	1688	469	264	1358	675	608	1727	261	650	1022	231	1574	2077	213	967	207	172	353	1172	1003	309	2268	1092	418	548	532	33	620	481	410	1918	924	261	1727	1037	206	404	819	451	969	193	1449	88	1126	365	1425	126	948	113	1053	193	153	109	376	193	1126	97	313	124	31	977	1005	451	310	395	993	207	170	1426	1394	2126	1171	524	1171	1096	39	351	491	402	345	1221	25	617	330	404	213	506	456	583	530	199	740	201	97	1906	248	24	442	172	1028	1918	1056	2081	206	358	297	409	724	223	810	589	373	846	2039	631	101	996	1026	199	1423	1516	255	412	236	696	358	231	938	503	369	225	463	165	399	353	412	1767	351	263	582	264	412	424	149	336	491	1033	1423	410	932	215	1056	172	975	348	935	496	449	153	630	502	91	395	170	550	496	904	376	947	153	413	1221	1994	1067	1738	334	451	1213	1025	1171	1175	423	1754	112	95	486	288	350	425	353	407	412	1994	486	155	584	582	178	489	314	607	258	86	82	185	358	386	2560	495	1929	499	977	62	586	2230	39	413	499	1352
705	0	635	1187	774	1398	1311	616	843	687	1334	1474	647	1710	315	501	432	609	723	450	671	522	699	1309	502	822	959	446	1972	1013	748	628	810	902	1614	608	619	672	1018	623	1106	280	431	937	663	645	733	791	940	880	841	528	898	1339	380	998	810	1402	1009	937	450	944	805	3510	799	835	998	340	998	881	772	451	713	624	898	609	1232	1791	2236	671	502	757	907	2209	1275	790	1156	1971	438	407	771	555	716	1762	1256	1018	822	796	1440	617	436	533	1030	739	1378	566	555	1672	1135	774	1742	809	511	535	1093	1173	1469	389	501	1131	1007	387	1690	954	415	734	923	1082	2267	907	1591	532	543	780	1311	1572	805	2560	1545	417	163	354	688	406	323	430	2016	1033	899	1690	803	654	942	1322	409	570	522	1426	774	1673	522	1591	809	1141	782	944	531	804	776	513	728	1321	775	427	675	724	1456	705	397	431	825	797	532	733	1260	1446	1920	1398	1031	1398	826	695	504	379	810	504	803	721	289	814	835	536	548	347	331	183	583	1304	697	608	1966	504	705	380	543	1378	1493	1695	1562	609	951	428	439	1236	617	1011	1294	514	1432	1631	188	806	1176	1496	583	1258	1042	603	940	929	191	951	642	1157	360	523	645	348	555	613	958	407	1998	502	756	934	501	438	438	738	505	683	848	1260	430	1424	619	1695	543	1228	499	654	537	557	628	928	543	617	957	733	691	537	1401	976	1597	628	602	803	2146	820	1200	769	397	1389	1224	1398	1594	443	1788	603	710	412	451	504	349	780	432	438	1474	538	647	333	360	531	391	447	375	737	781	776	582	503	902	2464	683	1691	545	1457	664	394	1820	696	937	545	1558
185	635	0	1684	619	1340	976	636	600	456	1016	2021	299	1370	351	330	203	331	178	253	1257	191	161	1794	209	1345	346	247	2006	391	224	285	175	600	1318	155	206	724	1605	23	1007	415	204	1281	557	42	99	186	591	590	326	189	544	853	477	708	296	768	722	595	253	637	240	3380	276	1017	703	311	393	553	259	184	307	21	544	457	1184	1419	2448	292	209	155	300	1942	1056	182	1254	1401	257	268	250	232	1078	1410	1235	1605	194	476	1887	134	199	108	404	851	1070	357	232	1262	789	188	1672	294	182	104	1645	678	1789	510	330	1452	529	647	1864	341	488	1089	314	1605	2249	300	1139	111	226	208	1006	1184	486	2449	1277	269	471	563	152	460	352	258	1755	1069	445	1864	1117	30	589	1004	299	1006	235	1269	188	1309	191	1589	306	1107	178	1161	251	183	173	203	365	1290	180	207	283	174	1163	1069	493	203	258	1080	111	99	1240	1220	2236	1340	708	1340	1171	147	184	530	256	179	1264	177	480	507	268	102	325	477	606	451	308	693	363	155	1737	309	163	477	226	1208	1973	1222	2109	331	320	312	254	648	38	966	706	200	1027	2099	519	240	832	1211	308	1237	1551	377	597	319	676	320	48	779	535	194	43	486	232	214	324	268	1941	185	435	752	330	257	267	110	172	307	1124	1237	258	1118	30	1222	226	1143	183	999	316	266	285	794	321	183	580	99	676	316	1089	344	1111	285	228	1264	1839	1146	1757	189	493	1376	865	1340	1360	264	1581	119	272	536	184	184	303	208	255	257	2021	305	299	608	615	210	531	190	644	426	264	261	290	191	569	2694	311	1743	318	1163	125	629	2292	147	598	318	1200
1641	1187	1684	0	1320	1326	2498	1792	1425	1398	1713	382	1498	1987	1472	1378	1512	1441	1667	1596	571	1654	1651	124	1638	365	1895	1589	1488	2068	1662	1493	1825	1504	2799	1571	1757	1095	394	1684	1293	1279	1511	523	1275	1713	1760	1761	1570	1484	1698	1659	1561	2499	1209	1521	1682	2354	1522	1560	1596	1523	1910	3085	1685	857	1527	1480	2077	1527	1665	1524	1555	1683	1561	1796	1248	2101	1356	1525	1638	1734	1844	2225	1534	1763	975	3085	1584	1550	1669	1483	637	2044	1209	394	1817	1495	292	1592	1510	1578	2077	994	1723	1743	1483	2080	1649	1729	1532	1683	1637	1583	224	2326	588	1178	1378	515	2161	1038	1029	1890	1602	634	1862	132	1807	1844	2094	1575	1482	1880	2499	1972	1497	2216	1756	1563	1301	1121	1645	1593	1483	1575	3193	1070	1667	1029	652	1712	1575	1708	1567	677	1465	2590	1729	2002	1654	1320	1672	1198	1752	765	1457	1789	1747	1649	1522	1248	1738	1512	1536	1671	1744	644	1196	1515	1930	709	1575	1760	2383	2625	912	1326	1574	1326	585	1656	1629	1157	1922	1627	420	1666	1476	1487	1941	1586	1720	1206	1077	1319	1442	2371	1491	1571	3135	1397	1656	1209	1482	1506	307	2211	460	1441	1987	1373	1584	2332	1685	1192	2112	1649	1906	447	1376	1729	2362	1756	1442	2383	146	1398	1563	1867	1044	1987	1714	2339	1150	1656	1714	1197	1483	1754	1985	1550	1678	1627	1489	1368	1378	1584	1589	1752	1623	1843	693	2385	1575	1746	1684	2209	1482	1307	1623	712	1707	1715	1493	1308	1714	1559	1608	1760	1169	1707	1741	2008	2159	1493	1747	420	3330	622	247	1863	1196	1244	2409	1326	1731	1593	2955	1592	1580	1157	1524	1629	1486	1880	1575	1584	382	1706	1498	1075	1069	1488	1157	1542	1041	1476	1671	1667	1455	1631	1539	1524	1843	2737	1715	1747	1638	1059	633	1657	1558	1715	2745
464	774	619	1320	0	726	1594	1156	106	163	563	1696	319	938	727	347	600	291	487	747	1089	740	486	1406	743	1062	644	736	1387	894	455	333	663	186	1937	463	808	227	1385	635	394	522	601	823	110	661	633	571	251	165	435	742	240	1442	394	242	434	1065	250	242	747	215	844	2808	447	493	245	692	932	206	438	594	332	634	240	1018	566	1023	1850	332	743	561	604	1442	507	576	652	1893	740	721	447	401	687	991	616	1385	636	194	1452	484	591	568	892	331	605	918	401	920	388	536	1066	436	721	574	1361	1272	1261	385	347	951	1137	445	1264	640	947	688	619	1284	1636	604	867	565	413	814	1625	814	192	1864	772	733	680	431	489	918	740	734	2374	460	362	1264	671	647	256	552	763	715	416	1877	536	905	740	971	420	488	566	631	396	606	564	746	275	672	549	607	342	492	681	682	376	607	858	617	565	633	1815	1837	1686	726	288	726	737	499	717	398	863	710	924	487	857	176	868	578	882	427	473	674	320	1169	263	463	2356	361	488	394	413	631	1566	981	1779	291	806	426	738	1172	647	348	794	744	689	1673	815	507	1451	722	320	1812	1219	251	245	622	648	806	667	1396	417	744	662	425	401	812	796	721	1335	715	211	163	347	740	753	613	701	916	645	1813	734	650	641	980	413	531	710	620	868	835	333	181	876	435	288	633	154	868	628	819	901	333	820	924	2455	703	1468	794	376	757	1483	726	829	754	2199	501	370	366	594	715	690	814	731	740	1696	860	319	471	449	436	386	631	453	210	441	439	336	723	219	2099	919	2304	874	682	504	425	1860	500	240	874	1814
1171	1398	1340	1326	726	0	2309	1871	743	887	578	1690	1041	702	1434	1068	1323	1017	1191	1470	1408	1467	1195	1354	1468	1256	1279	1459	675	1559	1151	1056	1355	763	2653	1186	1533	729	1577	1358	332	1203	1323	843	812	1382	1341	1260	800	765	1095	1469	836	2126	1058	675	1107	1593	663	792	1470	738	1554	2113	1125	628	682	1404	1608	813	1125	1318	1038	1356	836	1742	167	817	1251	1048	1468	1260	1256	918	388	1266	358	2484	1462	1440	1135	1127	899	754	148	1577	1322	871	1304	1206	1314	1295	1551	663	552	1643	1127	853	690	1228	347	1109	1447	1300	1474	1964	948	1035	1068	813	1843	1011	707	1278	1655	885	1267	1362	910	1256	932	1291	1140	1525	2343	763	863	1163	474	1453	1351	1050	1200	1628	1448	1455	3089	374	978	707	805	1367	805	581	1482	1041	1142	2603	1228	741	1467	261	1092	257	1258	617	1122	1295	1257	1472	978	86	1242	1329	1057	1196	518	905	1035	1329	1565	762	1291	1341	2536	2560	1245	0	704	0	852	1209	1442	1036	1573	1436	1090	1191	1552	841	1574	1304	1607	1088	1067	1352	1046	1793	976	1186	3076	1083	1196	1058	1140	251	1448	1033	1753	1017	1476	1140	1460	1823	1371	395	1257	1470	776	1502	1492	1187	2168	505	1046	2534	1298	978	792	1267	1224	1476	1388	2109	1052	1470	1383	1083	1127	1538	1462	1440	612	1441	908	588	1068	1462	1474	1318	1427	1641	736	2534	1455	546	1364	1031	1140	196	1435	893	1593	1561	1056	546	1601	1157	831	1341	728	1593	558	1482	1030	1056	1547	1090	3162	821	1553	1506	1035	97	2197	0	420	1476	2922	1224	1076	1004	1318	1441	1403	1525	1453	1462	1690	1585	1041	1064	1037	1162	1025	1355	1022	915	1125	1125	1062	1449	804	1498	1644	3020	1599	521	1219	1003	1654	1210	788	1599	2520
1138	1311	976	2498	1594	2309	0	736	1566	1431	1913	2777	1274	2217	1039	1289	1056	1307	1118	931	1969	897	1114	2619	905	2133	1084	941	2980	809	1159	1261	961	1552	343	1132	805	1687	2305	960	1978	1268	1056	2187	1532	934	968	1055	1527	1547	1228	893	1484	347	1389	1651	1210	1098	1665	1533	931	1582	756	4292	1191	1969	1646	1041	745	1502	1187	1052	1271	962	1484	702	2157	2234	3414	1264	905	1051	1087	2807	1997	1048	2226	929	943	976	1177	1204	1969	2245	2209	2305	997	1438	2744	1110	1062	1043	828	1810	1968	763	1204	2057	1698	1085	2634	1207	917	1036	2398	405	2717	1424	1289	2373	473	1539	2833	1083	897	1983	1082	2393	3213	1087	1903	1046	1194	784	63	2009	1447	3384	2181	961	1204	1456	1109	904	1026	952	780	2044	1353	2833	2031	947	1523	1902	948	1854	1198	430	1085	2142	897	2562	1224	2082	1056	2109	1217	1021	1055	897	1331	2264	1071	1052	1254	1113	2060	1958	1411	1051	745	2004	1046	968	628	305	3170	2309	1639	2309	2073	1100	923	1437	736	928	2103	1118	1021	1468	737	1032	792	1375	1482	1188	1282	762	1335	1132	771	1269	1113	1389	1194	2156	2804	1944	2863	1307	874	1241	944	653	950	1942	1331	898	1857	2940	1122	1130	145	2109	1282	624	2353	1352	1534	1084	1461	874	928	200	1434	893	932	1384	1204	804	892	976	2901	926	1401	1721	1289	943	935	991	935	698	2052	622	952	2012	955	1945	1194	2113	931	1893	806	813	1261	1767	798	1159	1504	968	1647	806	1983	877	1832	1261	802	2103	867	2056	2502	803	1411	2350	113	2309	2275	931	634	1095	1233	1455	1052	924	1036	784	953	943	2777	810	1274	1485	1502	1175	1443	1021	1532	1395	1188	1187	1265	919	1514	3658	697	1056	798	2060	1091	1527	3130	1100	1536	798	247
815	616	636	1792	1156	1871	736	0	1176	1008	1636	2051	879	1999	438	808	559	881	812	416	1245	449	793	1915	438	1426	947	426	2502	817	858	858	759	1199	1010	747	444	1160	1573	613	1546	680	558	1546	1061	606	706	813	1205	1184	962	450	1156	868	825	1309	932	1253	1323	1207	416	1240	597	3964	912	1395	1306	467	766	1158	893	568	914	614	1156	192	1705	2053	2831	885	438	787	913	2561	1647	807	1696	1543	420	436	885	772	1324	2042	1744	1573	794	1071	2053	736	568	620	842	1263	1689	281	772	1899	1410	823	2217	929	464	615	1675	741	2080	855	808	1740	602	932	2270	943	222	1341	922	1680	2776	913	1775	622	758	597	724	1818	1082	3021	1889	424	559	862	783	246	424	426	1402	1541	1077	2270	1404	625	1204	1624	393	1186	749	810	823	1942	449	2098	941	1618	807	1521	769	798	802	440	964	1807	813	551	881	809	1779	1312	849	552	608	1389	622	706	671	832	2533	1871	1321	1871	1433	780	465	860	586	472	1419	811	346	1100	611	612	311	800	870	551	848	1019	949	747	1349	795	796	825	758	1785	2099	1855	2136	881	809	731	423	913	597	1476	1303	442	1662	2238	438	875	621	1827	848	669	1646	910	1209	927	794	809	599	627	849	446	605	807	772	435	825	436	2484	466	1026	1314	808	420	408	728	481	390	1439	670	426	1737	605	1856	758	1681	470	1256	320	370	858	1337	315	775	1202	706	1145	320	1709	831	1743	858	417	1419	1538	1423	1776	602	849	1885	672	1871	1964	407	1171	715	886	888	568	466	467	597	428	420	2051	330	879	873	896	734	869	532	922	1011	898	895	835	458	1176	3065	386	1148	318	1780	753	928	2425	780	1209	318	979
428	843	600	1425	106	743	1566	1176	0	170	491	1802	305	868	759	378	617	295	448	761	1193	743	452	1510	749	1168	570	750	1415	835	409	323	615	80	1909	449	799	334	1492	619	412	578	618	925	194	642	598	521	144	58	367	744	139	1393	464	154	373	974	166	135	761	111	810	2792	388	591	155	721	878	105	385	607	295	617	139	1026	593	947	1910	308	749	518	536	1395	471	527	718	1817	755	740	395	404	793	919	649	1492	584	129	1552	468	608	567	830	433	538	924	404	833	295	488	1072	375	724	573	1468	1227	1348	461	378	1046	1101	538	1325	567	975	794	550	1390	1649	536	770	564	419	782	1600	730	121	1855	722	751	734	514	457	946	771	750	2346	524	274	1325	775	626	150	480	783	821	426	1868	488	829	743	997	358	525	518	724	406	556	517	750	235	700	502	624	316	453	621	789	450	623	823	721	564	598	1823	1819	1765	743	192	743	842	466	721	477	830	715	1030	448	896	100	831	577	888	496	559	726	327	1098	237	449	2333	387	453	464	419	613	1668	883	1885	295	748	461	753	1109	632	394	692	748	597	1773	865	451	1424	665	327	1820	1325	269	138	552	732	748	648	1366	497	747	643	496	404	805	736	740	1341	720	165	154	378	755	768	575	705	905	746	1820	750	585	625	882	419	546	715	726	875	836	323	206	882	420	182	598	261	875	561	758	799	323	815	1030	2421	806	1575	763	450	786	1453	743	789	769	2180	487	333	447	607	720	718	782	747	755	1802	866	305	558	539	442	466	644	546	173	386	386	341	728	114	2159	909	2318	880	622	477	517	1959	466	133	880	1779
306	687	456	1398	163	887	1431	1008	170	0	657	1766	157	1034	589	208	449	130	330	595	1102	582	327	1493	586	1109	513	584	1550	745	303	170	507	215	1774	300	646	318	1420	472	555	414	450	925	128	498	473	418	254	194	306	584	216	1284	315	318	297	958	331	250	595	258	682	2957	305	614	317	551	779	195	291	441	179	471	216	862	728	1108	2006	171	586	405	468	1566	640	423	808	1756	588	572	299	241	761	1083	779	1420	483	116	1554	321	440	408	745	443	706	762	241	985	448	383	1225	298	563	414	1415	1113	1392	321	208	1070	976	426	1420	509	805	765	484	1348	1797	468	907	404	255	652	1462	885	124	2017	892	583	569	381	329	776	601	583	2211	619	274	1420	765	484	257	646	615	753	260	1716	383	991	582	1134	284	651	412	757	240	453	410	588	129	835	396	456	182	335	790	754	306	455	697	716	404	473	1660	1674	1826	887	346	887	828	339	559	340	701	553	987	330	726	128	707	418	726	345	432	560	161	1030	107	300	2193	217	329	315	255	777	1660	1014	1851	130	657	291	586	1024	484	511	723	586	744	1774	696	361	1288	835	161	1657	1285	99	253	488	595	657	504	1233	359	586	499	347	241	651	649	572	1494	558	93	307	208	588	601	454	543	754	751	1658	583	753	478	1014	255	691	553	686	712	676	170	340	719	272	276	473	252	712	728	672	922	170	659	987	2293	796	1524	632	306	920	1320	887	959	602	2036	337	215	315	441	558	548	652	580	588	1766	703	157	431	416	278	331	478	431	78	296	293	176	566	216	2254	757	2153	718	791	342	402	1963	340	250	717	1652
830	1334	1016	1713	563	578	1913	1636	491	657	0	2095	760	376	1239	864	1085	769	839	1221	1606	1189	854	1772	1199	1531	830	1211	1202	1112	793	781	962	445	2249	888	1223	738	1865	1038	423	1070	1086	1191	673	1054	978	875	430	464	701	1189	479	1675	953	339	726	1050	326	429	1221	402	1176	2381	746	866	340	1199	1171	480	759	1072	721	1036	479	1470	528	459	1828	751	1199	888	826	926	200	882	792	1947	1218	1208	768	869	1137	428	591	1865	924	569	1767	901	1075	1016	1097	773	55	1368	869	376	226	851	795	729	1172	1020	1807	1530	1466	948	864	1243	1440	1004	1284	830	1448	1130	830	1711	1359	826	385	1013	884	1153	1957	266	559	1474	268	1217	1226	995	863	1418	1250	1213	2680	648	575	1284	1080	1035	431	11	1250	1217	897	2263	851	342	1189	821	714	538	876	949	878	904	879	1198	673	597	864	1093	755	843	148	1137	938	1091	1182	1023	1013	978	2256	2192	1810	578	317	578	1145	868	1171	961	1196	1164	1373	840	1380	543	1188	1024	1333	986	1036	1217	801	1295	691	888	2683	870	852	953	884	332	1901	499	2169	769	1040	948	1215	1347	1053	521	707	1195	205	1981	1354	800	1781	197	801	2253	1643	753	427	828	1211	1040	1061	1714	981	1192	1055	986	869	1230	1022	1208	1041	1170	615	417	864	1218	1230	953	1155	1319	1027	2253	1213	102	1046	498	884	455	1166	1090	1321	1277	781	450	1328	861	435	978	683	1321	73	1039	468	781	1244	1373	2728	1108	1905	1136	938	668	1800	578	364	1230	2545	922	750	930	1072	1170	1195	1153	1210	1218	2095	1312	760	1034	1012	907	950	1108	1013	632	756	758	812	1178	461	2073	1323	2760	1325	148	891	985	2150	868	427	1325	2096
1994	1474	2021	382	1696	1690	2777	2051	1802	1766	2095	0	1857	2363	1777	1730	1838	1800	2020	1908	807	1971	2002	337	1954	676	2254	1902	1769	2410	2018	1850	2171	1881	3061	1919	2074	1470	485	2019	1673	1608	1838	904	1646	2047	2103	2112	1947	1861	2062	1977	1936	2810	1555	1902	2044	2716	1902	1938	1908	1902	2238	3324	2046	1239	1907	1791	2415	1902	2024	1853	1916	2019	1936	2081	1622	2477	1496	1884	1954	2084	2202	2572	1914	2114	1346	3418	1896	1862	2028	1833	1010	2419	1580	485	2166	1867	440	1939	1838	1913	2421	1373	2104	2041	1833	2460	2030	2082	1869	2045	1955	1918	381	2640	848	1526	1730	878	2474	1386	1299	2249	1880	1008	2220	419	2077	2202	2476	1911	1830	2210	2771	2353	1869	2498	2130	1874	1607	1465	1996	1876	1788	1887	3436	1450	2038	1299	1033	2048	1952	2089	1874	1025	1812	2824	2082	2380	1971	1657	2035	1576	2103	1146	1806	2139	2098	1965	1887	1615	2090	1838	1895	2024	2123	1015	1544	1841	2259	1089	1911	2103	2593	2875	1020	1690	1954	1690	965	2007	1948	1504	2249	1947	779	2019	1760	1860	2269	1921	2021	1548	1418	1626	1798	2714	1856	1919	3369	1747	2008	1555	1830	1880	311	2592	87	1800	2332	1716	1896	2667	2019	1574	2485	1965	2288	388	1661	2086	2647	2133	1798	2592	480	1759	1941	2225	1358	2332	2047	2631	1495	1973	2048	1540	1833	2069	2332	1862	1987	1946	1858	1749	1730	1896	1899	2097	1944	2151	1075	2595	1887	2126	2018	2591	1830	1683	1942	1081	2009	2023	1850	1689	2015	1909	1985	2103	1544	2009	2122	2354	2541	1850	2061	779	3583	1002	275	2194	1544	1604	2696	1690	2101	1903	3188	1937	1939	1508	1853	1948	1798	2210	1887	1896	0	2009	1857	1416	1414	1834	1506	1867	1387	1844	2031	2027	1810	1949	1916	1615	2151	2897	2017	2125	1987	1408	483	2008	1935	2017	3024
155	647	299	1498	319	1041	1274	879	305	157	760	1857	0	1130	482	151	324	56	182	463	1150	439	174	1598	446	1188	397	452	1706	601	165	21	358	320	1617	145	495	453	1483	317	708	367	325	1047	270	342	318	275	331	306	213	440	282	1130	324	430	190	859	444	331	463	361	525	3096	189	752	427	441	630	280	167	312	68	315	282	722	884	1194	2161	28	446	256	346	1682	772	279	963	1620	458	447	171	109	866	1176	935	1483	338	192	1671	165	315	263	603	581	812	620	109	1055	537	240	1375	190	421	268	1494	958	1532	345	151	1203	819	477	1575	392	688	873	364	1437	1950	346	957	260	125	495	1305	963	203	2160	1010	457	505	410	174	658	492	454	2054	775	252	1575	885	327	330	748	490	833	139	1564	240	1079	439	1289	183	808	267	897	123	308	264	447	89	990	251	332	38	186	901	858	327	330	540	840	260	318	1519	1519	1971	1041	443	1041	945	185	418	367	544	412	1080	181	626	221	550	272	584	345	462	491	67	894	70	145	2037	144	177	324	125	918	1771	1056	1943	56	514	219	456	879	330	668	670	444	813	1889	615	232	1131	948	67	1516	1377	101	333	369	599	514	348	1076	382	443	343	351	109	500	507	447	1644	417	147	455	151	458	471	299	402	601	879	1516	454	860	323	1056	125	844	412	788	571	532	21	494	579	116	334	318	395	571	833	531	954	21	510	1080	2136	915	1605	475	327	1076	1163	1041	1085	471	1881	183	82	355	312	417	436	495	451	458	1857	562	0	463	457	147	362	348	479	133	174	170	65	425	299	2408	605	2016	576	902	185	454	2081	186	333	576	1495
1186	1710	1370	1987	938	702	2217	1999	868	1034	376	2363	1130	0	1612	1240	1454	1143	1192	1587	1947	1550	1209	2030	1561	1848	1139	1577	1157	1408	1145	1152	1294	820	2544	1252	1575	1097	2182	1393	715	1447	1456	1474	1048	1405	1321	1214	799	839	1046	1549	848	1950	1329	715	1074	1246	703	799	1587	777	1506	2088	1094	1175	716	1571	1471	852	1111	1441	1086	1391	848	1827	740	115	1850	1119	1561	1232	1147	590	476	1220	1018	2121	1584	1576	1119	1240	1457	57	786	2182	1255	942	1997	1262	1445	1380	1389	1113	332	1726	1240	215	592	1194	748	1077	1534	1384	2106	1821	1650	1323	1240	1488	1751	1373	1373	1140	1818	1448	1147	2002	1225	1147	369	1378	1255	1487	2266	211	932	1236	232	1585	1603	1368	1219	1788	1622	1581	2967	925	924	1373	1387	1386	800	388	1618	1557	1269	2589	1194	83	1550	867	1063	790	1217	1230	1251	1240	1220	1559	1042	761	1207	1462	1122	1195	264	1459	1313	1460	1509	1332	1378	1321	2603	2508	1927	702	690	702	1447	1223	1533	1336	1526	1527	1684	1193	1754	917	1514	1387	1693	1362	1408	1594	1175	1539	1062	1252	2979	1246	1206	1329	1255	483	2139	416	2431	1143	1346	1323	1582	1611	1408	828	920	1557	359	2200	1730	1141	2092	237	1175	2600	1936	1129	797	1144	1584	1346	1413	2022	1356	1553	1406	1362	1240	1583	1328	1576	927	1533	988	784	1240	1584	1597	1296	1518	1666	1326	2600	1581	288	1400	413	1255	680	1529	1421	1682	1635	1152	807	1688	1225	798	1321	1048	1682	309	1340	475	1152	1598	1684	2999	1411	2197	1472	1313	799	2106	702	287	1597	2851	1284	1113	1304	1441	1532	1567	1487	1578	1584	2363	1672	1130	1406	1383	1278	1324	1476	1382	1005	1106	1109	1184	1540	832	2081	1670	3109	1685	262	1248	1355	2355	1222	798	1685	2381
475	315	351	1472	727	1434	1039	438	759	589	1239	1777	482	1612	0	382	169	469	484	134	981	207	460	1590	187	1113	695	130	2063	706	521	461	525	794	1360	383	303	721	1330	333	1112	246	167	1152	626	350	449	529	812	776	626	213	764	1032	388	903	593	1113	916	812	134	837	491	3534	577	966	901	43	687	759	552	186	534	335	764	347	1268	1677	2412	496	187	495	646	2154	1228	526	1260	1656	123	93	548	373	931	1658	1305	1330	545	669	1708	382	177	269	725	827	1290	275	373	1536	1019	521	1780	591	198	269	1396	863	1684	419	382	1341	696	511	1843	690	221	947	661	1376	2337	646	1431	270	357	468	1048	1446	680	2588	1481	101	171	434	448	193	14	115	1780	1102	717	1843	999	362	812	1227	96	815	343	1220	521	1562	207	1659	597	1180	520	1098	361	532	514	198	572	1368	518	161	496	483	1376	920	412	164	511	977	270	449	1109	1214	2138	1434	922	1434	1037	451	192	426	496	193	1068	482	144	695	520	267	249	365	451	152	437	992	550	383	1741	371	465	388	357	1358	1774	1525	1865	469	652	300	123	921	324	1038	1050	199	1294	1909	168	564	898	1422	437	1107	1330	489	815	667	427	652	345	869	417	208	350	372	373	298	660	93	2046	190	624	888	382	123	123	461	196	374	1027	1108	115	1337	328	1525	357	1246	188	857	235	245	461	906	242	403	817	449	707	235	1311	677	1418	461	287	1068	1896	1022	1505	458	412	1447	943	1434	1548	127	1569	362	515	452	186	192	50	468	116	123	1777	234	482	454	474	336	435	164	502	607	560	555	427	190	779	2650	373	1586	244	1377	419	503	2100	452	814	243	1284
264	501	330	1378	347	1068	1289	808	378	208	864	1730	151	1240	382	0	254	108	290	402	1006	404	272	1484	403	1056	529	391	1716	693	293	135	447	419	1628	193	485	398	1342	338	739	220	255	954	256	368	387	382	448	400	361	407	402	1184	178	525	335	993	538	446	402	463	570	3156	331	688	524	346	710	390	306	251	219	337	402	675	904	1311	2126	178	403	355	476	1774	846	385	938	1716	394	373	308	105	758	1288	947	1342	438	301	1567	215	246	246	700	523	913	576	105	1181	650	352	1411	335	383	252	1362	1009	1459	205	0	1122	857	343	1544	524	600	767	494	1310	1977	476	1092	242	106	538	1313	1085	311	2212	1100	386	368	268	266	571	394	387	2062	762	400	1544	790	361	449	852	416	705	94	1543	352	1194	404	1304	330	820	373	832	80	410	369	408	227	1008	360	261	186	294	998	749	186	261	588	751	242	387	1469	1512	1906	1068	549	1068	846	277	379	227	587	373	958	289	518	323	599	256	541	196	319	357	84	995	196	193	2037	20	278	178	106	978	1660	1195	1816	108	609	83	392	965	346	677	820	406	939	1783	490	361	1144	1043	84	1466	1252	110	448	499	448	609	372	1096	239	408	369	202	105	487	607	373	1679	377	259	507	0	394	406	377	364	593	794	1467	387	961	342	1195	106	875	371	678	526	497	135	529	534	180	460	387	360	526	935	630	1096	135	492	958	2156	819	1473	520	186	1090	1180	1068	1166	408	1874	219	227	221	251	377	343	538	385	394	1730	518	151	320	318	119	224	287	342	240	313	309	88	385	411	2371	596	1957	533	999	260	321	1975	278	446	533	1520
306	432	203	1512	600	1323	1056	559	617	449	1085	1838	324	1454	169	254	0	321	316	147	1063	159	292	1625	153	1164	535	136	1969	587	352	303	378	642	1391	214	255	639	1411	192	994	232	1	1141	511	216	301	367	655	627	457	163	606	993	333	753	424	971	767	656	147	685	400	3406	408	913	750	125	581	604	383	19	370	192	606	420	1159	1516	2361	335	153	333	485	2006	1088	365	1184	1579	140	123	379	215	929	1500	1202	1411	392	516	1729	213	9	104	603	758	1137	322	215	1372	862	357	1665	422	139	105	1460	818	1665	368	254	1322	656	493	1783	530	363	942	501	1426	2232	485	1264	104	200	371	1075	1284	526	2464	1333	134	268	407	280	333	175	133	1822	1012	550	1783	981	223	654	1073	166	837	190	1291	357	1402	159	1559	428	1075	358	1053	210	375	352	160	412	1263	354	7	333	315	1225	918	355	6	420	951	104	301	1214	1265	2116	1323	767	1323	1028	284	132	383	410	128	1096	314	312	543	431	105	287	323	442	248	289	886	394	214	1792	239	297	333	200	1226	1807	1357	1926	321	521	189	137	830	187	932	885	159	1131	1937	328	397	911	1272	289	1212	1375	351	658	507	483	521	215	870	382	163	217	332	215	255	527	123	1934	130	470	756	254	140	152	307	121	358	998	1212	133	1185	189	1357	200	1130	125	850	272	248	303	782	280	236	656	301	610	272	1158	546	1250	303	255	1096	1923	1007	1571	356	355	1344	952	1323	1405	153	1627	194	349	399	19	131	119	371	131	140	1838	265	324	444	457	177	388	35	486	454	391	386	276	137	623	2603	359	1704	279	1226	252	478	2130	284	657	279	1294
206	609	331	1441	291	1017	1307	881	295	130	769	1800	56	1143	469	108	321	0	233	466	1096	451	223	1543	455	1132	453	455	1678	652	220	53	407	324	1649	175	516	404	1428	346	685	329	323	993	227	373	361	327	345	307	267	453	299	1173	272	433	245	915	447	344	466	367	564	3086	245	703	431	430	678	290	223	312	120	345	299	732	858	1211	2120	84	455	307	402	1686	766	331	923	1673	460	445	228	110	810	1190	906	1428	389	200	1616	198	312	277	655	533	820	631	110	1077	551	293	1355	245	432	283	1438	1000	1482	291	108	1151	857	422	1535	449	682	818	420	1380	1928	402	985	274	124	533	1336	983	210	2147	1012	456	474	356	221	652	481	454	2085	738	293	1535	831	360	346	757	488	776	131	1586	293	1095	451	1262	238	779	319	848	111	360	316	458	119	963	304	329	94	238	907	802	273	328	580	786	274	361	1530	1545	1922	1017	452	1017	890	232	428	313	583	422	1023	232	611	225	590	287	595	295	409	462	32	947	88	175	2066	107	226	272	124	906	1715	1088	1886	0	565	186	457	930	357	637	721	455	835	1834	591	287	1163	953	32	1527	1321	49	347	425	551	565	378	1110	329	455	374	300	110	520	559	445	1624	427	155	438	108	460	473	345	413	625	826	1527	454	867	351	1087	124	822	422	732	581	545	53	471	589	150	355	361	349	581	841	583	988	53	529	1023	2171	861	1549	514	273	1048	1196	1017	1083	473	1907	212	138	300	312	427	426	533	452	460	1800	573	56	409	402	147	308	349	424	138	230	226	46	435	310	2367	627	2024	587	907	227	399	2026	233	345	587	1531
26	723	178	1667	487	1191	1118	812	448	330	839	2020	182	1192	484	290	316	233	0	415	1290	364	24	1771	378	1347	243	407	1863	419	46	179	177	435	1462	115	383	636	1630	201	861	461	317	1227	451	214	149	94	420	429	150	362	373	954	467	540	119	706	554	424	415	469	362	3209	99	934	535	441	448	387	81	297	155	199	373	635	1040	1241	2337	160	378	75	189	1765	889	97	1139	1439	415	418	72	190	1040	1232	1095	1630	156	319	1848	106	308	215	422	764	894	535	190	1086	613	62	1516	116	351	217	1652	784	1714	495	290	1385	653	634	1751	238	653	1049	207	1601	2095	189	966	214	196	334	1154	1006	328	2283	1103	423	564	557	35	623	489	414	1898	948	267	1751	1064	195	417	828	455	995	216	1434	62	1131	364	1445	128	969	86	1079	217	126	82	374	214	1147	71	323	149	5	987	1032	477	320	374	1020	214	149	1416	1377	2153	1191	536	1191	1123	33	352	517	382	345	1247	1	625	349	383	219	502	480	608	546	226	714	224	115	1887	273	19	467	196	1044	1945	1052	2107	233	332	319	412	697	216	833	573	372	849	2065	643	83	977	1036	226	1413	1543	282	425	213	718	332	221	918	528	367	215	487	190	391	326	418	1784	351	284	602	290	415	427	127	337	480	1060	1413	414	942	208	1052	196	994	348	962	492	444	179	651	498	114	405	149	576	492	913	349	943	179	406	1247	1973	1094	1764	315	477	1234	1006	1191	1187	425	1736	123	117	512	297	351	434	334	411	415	2020	482	182	609	608	199	515	322	633	280	86	82	212	358	400	2585	483	1920	495	987	64	612	2257	33	427	495	1331
412	450	253	1596	747	1470	931	416	761	595	1221	1908	463	1587	134	402	147	466	415	0	1114	77	393	1714	55	1240	598	11	2115	578	457	442	417	783	1261	335	169	781	1463	232	1141	336	146	1256	658	240	346	439	791	768	564	82	742	903	462	893	532	995	907	792	0	824	358	3552	514	1046	890	116	555	742	492	154	500	234	742	273	1306	1645	2496	469	55	408	554	2145	1232	435	1325	1522	12	46	485	357	1039	1631	1349	1463	443	655	1827	326	156	207	598	896	1274	178	357	1495	996	439	1813	530	74	203	1527	732	1785	496	402	1442	566	608	1920	593	238	1053	566	1503	2379	554	1380	209	342	337	946	1411	666	2611	1473	33	301	525	381	208	127	21	1687	1157	671	1920	1100	256	790	1209	48	932	334	1147	439	1532	77	1705	539	1222	431	1184	355	436	426	66	548	1410	433	140	466	413	1364	1028	485	140	379	1073	209	346	1067	1127	2239	1470	905	1470	1142	381	70	508	362	74	1188	413	233	684	387	200	144	446	551	281	434	859	533	335	1655	386	397	462	342	1372	1897	1467	1996	466	530	333	12	787	219	1079	959	67	1256	2030	292	488	788	1411	434	1064	1456	497	794	572	553	530	235	753	503	77	240	454	357	163	540	46	2081	69	610	902	402	12	13	362	81	246	1122	1065	21	1322	225	1467	342	1277	70	962	129	119	442	929	137	361	788	346	755	129	1294	555	1358	442	153	1188	1795	1124	1636	328	485	1491	831	1470	1548	11	1487	305	474	529	154	71	110	337	21	12	1908	123	463	554	571	319	515	116	600	595	498	494	420	65	761	2736	246	1558	137	1364	351	596	2222	382	794	136	1174
1266	671	1257	571	1089	1408	1969	1245	1193	1102	1606	807	1150	1947	981	1006	1063	1096	1290	1114	0	1182	1269	696	1163	238	1533	1109	1791	1648	1299	1139	1421	1271	2255	1179	1283	876	349	1251	1237	843	1062	616	1005	1278	1347	1376	1331	1248	1364	1188	1306	2010	827	1328	1340	1996	1334	1324	1114	1304	1458	3405	1337	789	1332	1000	1644	1276	1312	1079	1217	1252	1306	1274	1274	2051	1839	1179	1163	1345	1479	2321	1470	1377	1064	2635	1103	1069	1314	1100	508	2004	1263	349	1423	1216	858	1196	1063	1149	1662	835	1634	1237	1100	1982	1472	1351	1702	1340	1168	1153	430	1844	1031	805	1006	769	1677	678	1391	1528	1073	522	1498	447	2113	1479	1950	1147	1094	1431	1964	1872	1222	2481	1734	1081	813	740	1261	1069	990	1094	2638	1055	1372	1391	603	1282	1336	1598	1077	390	1074	2029	1351	1938	1182	1504	1334	1195	1367	795	1073	1398	1361	1175	1203	1321	1356	1061	1188	1293	1684	503	823	1064	1479	646	1147	1347	1815	2073	1437	1408	1377	1408	565	1271	1161	783	1467	1160	354	1289	954	1219	1489	1155	1220	811	688	833	1085	1949	1169	1179	2576	1020	1275	827	1094	1504	874	2066	894	1096	1576	971	1103	1891	1249	1123	1816	1175	1766	1014	856	1366	1839	1711	1085	1814	428	1064	1327	1503	581	1576	1277	1824	768	1184	1279	804	1100	1278	1579	1069	1911	1159	1194	1199	1006	1103	1104	1346	1159	1354	673	1816	1094	1669	1250	2065	1094	1308	1155	528	1208	1226	1139	1156	1214	1176	1363	1347	941	1208	1655	1600	1990	1139	1268	354	2781	591	532	1418	823	1354	1888	1408	1744	1108	2394	1190	1231	798	1079	1160	1007	1431	1095	1103	807	1209	1150	687	694	1093	788	1087	675	1177	1320	1315	1094	1161	1294	2036	1353	2166	1216	1686	1246	702	1193	1272	1322	1216	2216
365	522	191	1654	740	1467	897	449	743	582	1189	1971	439	1550	207	404	159	451	364	77	1182	0	344	1770	21	1300	530	77	2120	501	409	420	346	757	1232	301	103	797	1531	169	1135	380	159	1298	659	171	277	376	759	745	514	5	710	845	492	868	483	919	882	762	77	798	283	3535	464	1072	864	182	479	714	444	156	468	170	710	283	1305	1603	2520	441	21	347	488	2115	1212	372	1340	1453	86	114	436	341	1083	1592	1350	1531	374	630	1878	288	165	176	521	916	1242	180	341	1450	963	380	1807	480	20	171	1590	672	1823	527	404	1480	507	648	1941	525	298	1096	499	1563	2377	488	1329	179	327	261	916	1368	641	2598	1445	106	368	563	333	270	202	92	1663	1166	627	1941	1138	189	758	1177	125	984	324	1139	380	1492	0	1707	491	1223	369	1212	344	369	364	11	520	1410	372	155	436	361	1334	1072	514	153	303	1109	179	277	1079	1109	2275	1467	875	1467	1184	331	26	541	288	31	1242	363	309	660	313	167	145	480	594	348	421	784	509	301	1635	386	347	492	327	1356	1952	1414	2059	451	453	347	84	714	154	1080	892	9	1212	2084	369	431	752	1381	421	1076	1515	489	763	505	613	453	165	712	539	3	171	489	341	100	464	114	2076	29	586	890	404	86	90	295	40	199	1156	1077	92	1290	161	1414	327	1272	34	1005	132	94	420	922	139	329	753	277	764	132	1262	479	1303	420	96	1242	1764	1164	1700	251	514	1493	793	1467	1523	86	1470	266	438	558	156	27	174	261	91	86	1971	123	439	597	612	304	547	124	641	573	449	446	405	22	732	2763	200	1577	137	1334	303	634	2276	331	764	137	1135
24	699	161	1651	486	1195	1114	793	452	327	854	2002	174	1209	460	272	292	223	24	393	1269	344	0	1755	358	1329	265	385	1866	429	64	169	184	443	1457	92	368	627	1610	184	864	438	293	1214	444	200	147	110	431	436	171	343	384	957	448	550	139	727	564	435	393	479	359	3221	120	926	545	417	456	396	99	273	157	182	384	618	1043	1259	2334	156	358	84	211	1780	899	112	1135	1451	393	395	92	170	1026	1250	1097	1610	168	325	1834	82	284	192	433	755	909	517	170	1105	628	81	1522	137	331	193	1634	786	1705	477	272	1374	651	616	1748	260	631	1034	229	1583	2101	211	987	191	175	330	1148	1025	333	2293	1116	400	540	538	11	602	466	392	1894	946	284	1748	1051	182	429	842	433	978	195	1424	81	1149	344	1448	147	971	101	1070	198	139	96	354	216	1150	87	299	144	24	1001	1017	458	296	372	1008	191	147	1402	1369	2145	1195	548	1195	1109	14	331	498	378	325	1231	22	601	355	381	195	484	460	588	522	213	726	223	92	1881	255	5	448	175	1053	1930	1074	2089	223	343	298	390	707	199	833	597	352	868	2051	619	107	972	1050	213	1399	1525	272	437	235	696	343	207	914	509	347	201	467	170	375	338	395	1791	331	287	606	272	393	405	127	316	467	1048	1399	392	956	191	1074	175	999	327	947	474	426	169	653	479	93	419	147	569	474	928	361	965	169	389	1231	1971	1081	1745	310	458	1236	1001	1195	1200	403	1729	98	119	494	273	330	410	330	389	393	2002	463	174	589	589	177	496	298	615	281	105	101	198	338	410	2581	470	1905	477	1001	41	594	2243	14	438	476	1329
1744	1309	1794	124	1406	1354	2619	1915	1510	1493	1772	337	1598	2030	1590	1484	1625	1543	1771	1714	696	1770	1755	0	1754	489	1995	1706	1456	2176	1763	1595	1931	1588	2922	1677	1873	1184	493	1795	1349	1393	1625	591	1368	1824	1867	1865	1654	1568	1796	1775	1647	2615	1318	1598	1781	2451	1598	1644	1714	1605	2022	3037	1785	930	1604	1597	2187	1613	1765	1638	1654	1794	1647	1917	1289	2145	1270	1625	1754	1839	1945	2236	1587	1867	1012	3195	1702	1667	1770	1589	733	2086	1245	493	1922	1586	181	1698	1623	1689	2184	1077	1778	1863	1589	2133	1721	1833	1534	1782	1752	1694	322	2442	538	1286	1484	542	2277	1146	989	1991	1724	727	1963	251	1771	1945	2155	1686	1588	1992	2621	2027	1588	2186	1797	1681	1420	1230	1750	1715	1602	1692	3317	1124	1759	989	735	1823	1659	1767	1686	788	1572	2714	1833	2050	1770	1323	1770	1247	1856	825	1563	1894	1851	1765	1618	1279	1841	1626	1637	1774	1794	740	1303	1629	2043	789	1686	1867	2508	2748	813	1354	1651	1354	668	1761	1745	1265	2035	1743	529	1769	1598	1576	2053	1697	1839	1316	1188	1437	1544	2478	1589	1677	3259	1503	1760	1318	1588	1547	184	2272	401	1543	2093	1482	1701	2442	1797	1254	2200	1765	1969	323	1498	1830	2482	1803	1544	2507	271	1498	1647	1968	1163	2093	1825	2459	1259	1772	1825	1307	1589	1870	2091	1667	1662	1743	1582	1444	1484	1702	1707	1859	1739	1960	768	2510	1692	1798	1795	2270	1588	1351	1738	810	1826	1833	1595	1381	1833	1664	1693	1867	1257	1826	1796	2114	2225	1595	1864	529	3453	703	305	1975	1303	1267	2530	1354	1766	1711	3079	1699	1680	1263	1638	1744	1604	1992	1692	1702	337	1825	1598	1186	1178	1595	1265	1656	1150	1570	1771	1767	1558	1747	1625	1427	1960	2860	1834	1796	1744	1166	510	1762	1641	1834	2866
379	502	209	1638	743	1468	905	438	749	586	1199	1954	446	1561	187	403	153	455	378	55	1163	21	358	1754	0	1284	549	56	2119	523	422	426	366	765	1239	310	120	793	1512	186	1137	367	152	1286	659	191	297	394	768	752	529	27	720	860	484	876	497	940	890	771	55	806	304	3541	478	1065	872	163	501	723	457	153	477	188	720	276	1306	1615	2514	449	0	364	507	2124	1218	390	1337	1472	64	94	450	345	1071	1604	1351	1512	393	638	1864	298	160	183	543	911	1252	175	345	1463	973	397	1809	495	27	178	1573	688	1813	518	403	1470	522	637	1936	545	279	1085	519	1547	2378	507	1344	186	331	282	923	1381	648	2603	1454	85	349	553	347	251	181	71	1668	1164	640	1936	1128	208	767	1187	103	970	326	1139	397	1504	21	1707	505	1223	387	1205	347	388	382	11	528	1410	390	148	444	376	1343	1060	506	147	324	1099	186	297	1074	1112	2265	1468	884	1468	1173	345	27	532	309	34	1227	377	287	667	334	175	139	470	582	329	424	805	516	310	1639	386	361	484	331	1362	1937	1429	2041	455	475	342	63	734	172	1080	911	12	1225	2069	347	448	760	1391	424	1071	1499	491	772	525	596	475	184	722	529	22	190	479	345	115	486	94	2078	28	593	894	403	64	68	314	43	209	1147	1072	71	1300	179	1430	331	1274	33	994	126	94	426	924	133	338	764	297	762	126	1272	500	1319	426	109	1227	1771	1153	1682	273	506	1493	802	1468	1531	65	1474	276	448	550	153	28	155	282	70	64	1954	117	446	585	600	308	538	118	630	579	463	460	409	20	741	2756	211	1570	131	1343	317	624	2262	345	773	131	1145
1321	822	1345	365	1062	1256	2133	1426	1168	1109	1531	676	1188	1848	1113	1056	1164	1132	1347	1240	238	1300	1329	489	1284	0	1583	1233	1580	1734	1347	1180	1495	1249	2433	1244	1403	835	334	1343	1132	933	1163	422	996	1371	1427	1439	1313	1227	1397	1306	1295	2143	881	1287	1377	2047	1290	1304	1240	1275	1564	3197	1377	672	1292	1123	1739	1263	1355	1178	1250	1343	1295	1432	1139	1956	1601	1216	1284	1410	1531	2174	1374	1440	900	2743	1228	1194	1359	1159	393	1905	1117	334	1492	1217	636	1264	1163	1237	1745	763	1551	1382	1159	1906	1425	1409	1526	1378	1284	1242	306	1972	794	852	1056	548	1806	713	1166	1579	1237	400	1549	263	1904	1531	1894	1235	1155	1535	2134	1796	1220	2284	1624	1207	941	790	1322	1229	1124	1219	2828	928	1383	1166	462	1372	1317	1523	1209	356	1137	2225	1409	1848	1300	1321	1369	1068	1429	639	1131	1465	1424	1295	1225	1170	1416	1164	1227	1350	1589	394	870	1167	1585	515	1235	1427	2024	2259	1200	1256	1338	1256	406	1333	1277	830	1575	1275	166	1346	1111	1213	1595	1245	1360	872	742	960	1127	2038	1193	1244	2770	1073	1334	881	1155	1384	673	2011	763	1132	1656	1040	1228	1992	1343	1021	1832	1295	1707	812	1011	1415	1998	1611	1127	2023	219	1092	1307	1554	687	1656	1372	1977	820	1303	1372	864	1159	1400	1656	1194	1719	1274	1202	1143	1056	1228	1232	1422	1272	1486	526	2025	1219	1581	1343	2010	1155	1183	1270	446	1347	1358	1180	1091	1354	1235	1348	1427	908	1347	1571	1678	1946	1180	1392	166	2964	440	417	1519	870	1192	2046	1256	1622	1236	2590	1261	1271	836	1178	1276	1130	1535	1219	1228	676	1347	1188	741	739	1159	832	1193	713	1188	1362	1358	1139	1278	1278	1797	1486	2391	1355	1591	1312	735	999	1333	1302	1355	2381
266	959	346	1895	644	1279	1084	947	570	513	830	2254	397	1139	695	529	535	453	243	598	1533	530	265	1995	549	1583	0	593	1954	284	235	403	188	525	1419	357	503	831	1871	366	965	703	537	1436	641	358	252	168	480	529	208	526	449	853	707	604	216	464	616	488	598	543	378	3208	210	1126	597	654	341	477	230	516	341	364	449	756	1146	1167	2479	370	549	202	53	1728	931	169	1289	1249	602	615	225	432	1262	1171	1206	1871	156	450	2064	344	529	431	272	956	885	668	432	996	621	185	1580	215	525	430	1889	701	1902	733	529	1583	613	870	1895	5	828	1269	35	1834	2159	53	854	431	439	365	1129	936	454	2304	1098	615	797	797	274	800	697	604	1849	1095	303	1895	1275	341	475	820	644	1229	459	1450	185	1068	530	1540	228	1088	177	1268	460	162	183	542	383	1250	184	541	358	241	977	1254	715	538	377	1228	431	252	1482	1369	2330	1279	578	1279	1337	266	528	755	395	523	1477	244	827	473	380	430	642	722	848	778	455	527	409	357	1853	513	259	707	439	1095	2166	921	2340	453	210	563	600	544	378	964	362	539	780	2283	861	168	955	1026	455	1478	1774	497	488	29	962	210	364	886	768	531	359	729	432	513	192	615	1843	528	434	713	529	602	611	236	516	567	1264	1478	604	929	372	921	439	1089	527	1184	636	584	403	774	640	357	448	252	764	636	899	209	807	403	531	1477	1902	1306	2001	354	715	1337	971	1279	1194	609	1717	356	315	747	516	527	646	365	601	602	2254	626	397	849	846	442	752	531	870	441	223	227	444	533	480	2728	571	1988	636	976	295	848	2473	265	492	636	1267
