NAME : VRPTW_INSTANCE_11.txt
COMMENT : Bangkok Supermarket
TYPE : VRPTW
DIMENSION : 263
DAYS : Wednesday
EDGE_WEIGHT_TYPE : EXPLICIT
VEHICLES : 34
EDGE_WEIGHT_FORMAT : FULL_MATRIX
CAPACITY : 1000
EDGE_WEIGHT_SECTION
0	800	177	883	193	991	185	78	963	88	559	155	199	428	390	1805	568	369	457	698	218	1321	577	196	901	2073	631	394	94	1321	415	504	497	206	577	309	464	765	2010	179	579	425	891	1126	207	201	556	382	404	1126	1927	215	613	179	1651	94	193	300	214	207	633	927	396	409	668	243	1053	224	350	435	111	1014	338	88	837	300	728	287	3417	503	422	993	1083	223	394	402	617	446	2835	394	255	165	344	745	309	401	1186	185	1021	371	407	891	210	202	1142	1181	1041	428	300	35	1321	588	807	184	776	1233	956	881	1126	170	814	464	1057	177	957	1114	993	611	383	28	133	1120	826	101	206	116	300	21	284	403	492	411	960	582	383	745	1066	1020	212	964	492	150	195	788	424	1237	979	391	207	494	153	409	510	863	255	83	496	629	739	358	431	394	787	246	3543	367	474	492	978	404	214	308	1607	201	1121	121	492	810	431	304	351	1036	193	2085	221	312	82	418	984	97	97	317	402	1321	214	1733	585	183	119	434	1824	597	371	413	390	112	347	184	533	185	90	1131	611	262	600	441	945	166	2200	33	59	149	101	989	1190	986	317	980	451	576	167	1864	386	994	1705	917	613	350	1258	639	169	362	1994	23	2076	111	140	284	1096	243	193	2045	73
800	0	809	1680	615	926	727	740	991	846	334	691	713	410	419	1589	1251	1163	484	1197	863	1294	323	619	1653	1289	1286	1184	851	1294	386	1295	1265	1004	856	717	415	688	1273	973	1305	1157	959	398	853	621	1240	1087	409	398	1683	1013	1229	973	1110	851	615	503	1006	853	1411	268	1086	1088	1314	1039	1804	1021	1136	1195	870	213	1031	846	1562	503	1063	1081	2775	1270	1083	782	358	1014	1184	1196	1272	1139	2189	1117	875	945	1102	354	1000	1189	1244	727	1797	429	1133	959	956	970	1941	438	795	386	503	836	1294	1379	233	800	702	559	278	845	398	966	244	415	1819	796	679	1675	257	1219	1170	829	928	385	906	800	681	876	503	801	1041	1190	1258	398	680	252	1177	284	867	860	628	855	795	851	956	1102	1154	671	863	1182	853	1261	709	1139	1054	263	874	880	1262	1386	718	1079	1102	751	1533	873	2804	1166	1213	795	861	1137	965	1002	1633	993	933	874	1161	235	1102	1003	1102	788	615	1287	707	1007	744	1137	1777	867	860	1030	1189	1294	964	1543	1266	982	878	927	1030	1374	429	1200	1179	871	1101	800	812	980	747	746	1219	1062	1395	1115	1671	963	1934	832	853	942	880	1134	415	847	1030	545	786	819	945	1738	417	730	1651	476	1229	1136	2054	1238	788	1157	1849	824	1375	875	689	528	902	1039	615	1256	754
177	809	0	933	218	834	81	231	797	260	515	129	96	402	443	1646	460	453	565	535	395	1152	532	205	844	2039	511	395	111	1152	452	583	458	257	405	161	415	626	1951	217	710	348	724	1086	384	198	448	535	460	1086	1770	264	476	217	1543	110	218	319	238	384	606	980	286	292	545	279	1154	266	451	556	116	1017	227	260	760	319	551	309	3315	463	296	856	1044	245	395	483	497	598	2737	309	431	304	295	675	195	396	1013	81	1103	408	325	724	155	345	1184	1143	906	422	319	180	1152	662	865	11	636	1172	1006	726	1086	283	873	415	1010	12	834	1274	964	472	481	179	192	1162	661	278	127	281	319	198	237	398	451	460	837	565	466	815	923	874	333	814	324	325	345	611	346	1324	829	393	384	454	108	331	347	922	431	177	454	577	594	507	310	559	898	423	3476	438	605	324	828	328	165	197	1432	231	974	289	649	868	310	196	294	902	218	2092	108	201	238	330	1043	126	265	473	397	1152	165	1572	476	245	283	259	1804	691	408	405	389	114	294	11	364	226	250	1246	472	342	604	323	870	276	2042	171	161	273	257	815	1166	839	473	1080	283	408	308	1696	427	865	1534	1011	476	451	1305	497	344	446	1827	185	2002	275	276	287	950	279	218	2018	234
883	1680	933	0	1075	1671	1005	940	1596	835	1434	1016	1022	1308	1263	2429	735	517	1268	1042	847	1894	1452	1076	536	2955	785	544	852	1894	1294	387	546	688	1226	1086	1336	1524	2882	725	490	677	1525	2006	854	1077	734	654	1274	2006	2557	679	856	725	2461	851	1075	1184	697	854	440	1774	768	783	805	658	369	674	547	515	835	1893	787	835	620	1184	1232	624	4233	547	808	1746	1963	690	544	484	786	633	3660	708	849	736	667	1607	803	548	1730	1005	242	1251	697	1525	780	714	260	2062	1799	1311	1184	848	1894	304	1654	944	1531	2103	1804	1580	2006	715	1658	1336	550	945	1746	893	1876	871	513	855	765	1972	1478	882	1047	805	1184	880	710	546	555	1284	1748	1465	503	1580	1798	1744	1058	1675	1184	839	730	1277	680	2014	1690	546	854	551	1002	688	959	1705	851	808	553	526	1483	646	788	1052	344	848	4410	515	527	1184	1690	684	770	798	2080	707	1835	808	652	1656	788	794	676	1796	1075	2957	1039	796	936	706	117	834	821	689	547	1894	770	2347	737	708	803	1016	2707	336	1251	542	551	835	672	944	1211	717	934	1839	871	620	364	779	642	718	2820	853	835	738	800	1531	2074	1707	689	1745	1152	1251	736	2417	1263	1768	2226	1700	856	547	375	887	908	523	2547	859	2936	806	993	1166	1818	658	1075	2929	926
193	615	218	1075	0	871	149	157	862	261	368	89	145	236	225	1681	678	562	354	730	344	1225	385	20	1053	1880	729	569	236	1225	239	697	656	391	511	234	275	624	1817	358	759	559	795	933	331	33	667	551	242	933	1800	399	692	358	1474	237	0	111	390	331	800	766	504	511	763	425	1242	407	542	623	256	828	444	261	975	111	699	466	3234	661	514	845	890	399	569	595	715	612	2651	522	374	354	494	558	412	574	1105	149	1214	194	537	795	347	387	1334	988	889	235	111	227	1225	781	649	214	638	1042	793	760	933	363	657	275	1215	207	796	1258	801	686	576	220	313	952	728	233	119	293	111	199	432	576	650	243	799	390	576	597	924	883	157	833	421	295	377	757	557	1105	848	567	331	652	110	542	548	706	373	267	653	782	608	532	529	415	974	367	3351	559	656	421	846	538	355	413	1531	378	984	294	653	652	529	412	496	884	0	1902	156	418	165	544	1177	251	274	485	575	1225	354	1612	695	369	296	439	1633	789	194	585	564	256	494	214	460	365	174	1033	686	454	779	542	1084	359	2072	221	240	342	287	921	998	851	485	862	384	498	355	1759	212	837	1612	793	692	542	1450	711	265	555	1887	217	1885	289	144	91	956	425	0	1854	172
991	926	834	1671	871	0	805	1006	113	1079	679	846	791	746	933	814	960	1267	1119	696	1199	377	675	853	1352	1652	937	1144	945	377	898	1384	1125	1076	451	682	687	265	1454	1038	1542	994	159	859	1186	840	957	1368	944	859	936	1082	856	1038	861	944	871	851	1048	1186	1249	1194	903	887	936	1086	1954	1079	1275	1385	949	1018	892	1079	1227	851	473	1100	2591	1125	862	188	841	1052	1144	1293	930	1431	2038	964	1233	1137	1016	572	884	1136	321	805	1880	891	974	159	945	1179	1890	905	220	794	851	1006	377	1453	1139	823	249	806	1203	111	859	1116	1151	687	1508	827	287	2105	842	840	1301	1003	1023	1278	193	1078	790	1106	851	1010	989	1137	1116	930	287	766	1280	1154	164	116	1022	74	514	1137	1177	455	991	1597	73	1142	1186	1120	842	983	715	1182	1233	1011	1118	1174	265	1341	883	1279	1714	1225	2874	1245	1437	514	74	987	954	888	712	1045	172	1112	1481	1142	883	893	1004	224	871	1891	769	889	1016	965	1788	960	1088	1304	1137	377	954	743	964	1070	1108	659	1504	1499	891	1139	1136	948	1010	823	477	1046	1028	1656	840	1163	1307	892	1310	1109	1209	997	993	1107	1086	286	986	99	1304	1453	553	433	1141	890	905	253	758	1379	856	1275	2014	836	1127	1261	1017	1007	1433	1100	1013	828	165	1086	871	1660	1018
185	727	81	1005	149	805	0	212	778	274	435	65	17	320	368	1620	536	513	503	583	398	1139	453	133	925	1961	584	473	159	1139	375	646	539	320	400	123	336	581	1877	282	755	429	708	1008	386	123	525	566	386	1008	1741	329	543	282	1483	159	149	242	307	386	686	901	364	369	616	347	1212	332	505	604	172	936	306	274	840	242	569	381	3254	544	369	811	965	315	473	545	569	629	2674	390	433	339	376	601	275	474	1007	0	1168	331	406	708	234	380	1258	1064	859	341	242	203	1139	727	787	73	593	1098	928	695	1008	329	797	336	1091	68	781	1300	884	537	537	200	248	1082	642	276	46	301	242	205	317	476	532	385	783	484	527	740	882	836	286	778	311	333	376	629	427	1252	794	470	386	535	47	412	399	845	433	219	535	658	554	541	386	531	952	425	3404	502	649	311	792	409	243	276	1430	298	936	307	677	790	386	277	375	855	149	2011	37	281	221	411	1113	177	283	501	475	1139	243	1547	552	304	304	294	1724	751	331	484	466	171	375	73	352	290	234	1183	537	401	682	399	949	322	2014	194	195	314	282	814	1086	801	501	1011	271	395	343	1680	351	815	1524	942	543	505	1379	562	334	506	1810	202	1932	296	241	209	911	347	149	1939	221
78	740	231	940	157	1006	212	0	987	107	522	160	221	388	323	1820	645	423	378	764	193	1348	539	168	979	2020	707	468	169	1348	353	556	575	278	612	333	432	769	1967	255	603	504	917	1079	180	177	633	393	336	1079	1941	286	687	255	1631	170	157	251	290	180	709	855	473	486	744	315	1089	297	397	469	188	953	414	107	916	251	777	360	3391	581	497	994	1036	299	468	456	694	455	2808	472	226	206	423	714	384	476	1219	212	1066	310	486	917	288	235	1200	1133	1040	380	251	110	1348	640	734	235	782	1194	884	895	1079	226	741	432	1134	227	950	1107	943	685	431	103	209	1049	851	76	217	139	251	68	363	477	570	344	953	533	437	670	1071	1027	134	974	524	138	223	837	503	1159	989	466	180	572	168	488	575	789	226	159	574	707	748	374	506	328	819	219	3502	426	500	524	988	483	293	383	1643	276	1128	140	496	737	506	380	430	1035	157	2020	242	387	9	497	1037	175	121	328	477	1348	292	1749	662	254	142	489	1768	641	310	488	464	189	426	235	564	260	21	1052	685	323	671	517	1023	223	2213	110	138	202	140	1026	1137	994	328	901	483	606	207	1888	322	989	1734	839	687	397	1314	712	122	416	2017	95	2039	137	61	242	1102	315	157	1991	15
963	991	797	1596	862	113	778	987	0	1051	717	826	767	766	951	854	874	1214	1138	597	1177	362	716	843	1256	1765	846	1079	907	362	919	1326	1050	1028	396	655	710	305	1567	991	1496	921	73	956	1165	830	873	1332	963	956	979	1033	765	991	969	907	862	857	997	1165	1167	1258	833	816	842	1034	1890	1029	1226	1338	909	1099	828	1051	1130	857	377	1044	2687	1049	790	296	936	1001	1079	1239	839	1395	2139	894	1212	1101	952	638	823	1070	259	778	1811	907	903	73	894	1142	1808	1005	333	816	857	974	362	1391	1194	786	290	912	1269	146	956	1076	1206	710	1409	792	388	2071	929	749	1251	972	981	1354	136	1055	770	1075	857	983	930	1071	1041	950	389	810	1226	1201	277	230	1017	177	472	1111	1142	351	919	1662	181	1077	1165	1045	819	912	636	1240	1212	974	1043	1089	287	1304	809	1276	1658	1204	2982	1191	1393	472	182	917	903	828	678	996	277	1082	1446	1197	809	833	939	336	862	1998	745	828	996	893	1713	922	1058	1270	1071	362	903	777	877	1024	1078	596	1614	1442	907	1072	1072	908	945	786	433	999	1009	1706	749	1114	1232	817	1210	1068	1251	965	958	1069	1053	174	1083	208	1270	1504	513	388	1105	901	923	360	750	1429	765	1226	1932	743	1109	1208	1031	976	1546	1070	1001	830	275	1034	862	1772	997
88	846	260	835	261	1079	274	107	1051	0	628	240	288	495	427	1894	605	317	458	765	137	1409	646	269	905	2128	672	386	160	1409	459	449	503	197	664	397	536	852	2074	186	499	453	979	1187	128	276	593	296	439	1187	2016	204	664	186	1731	160	261	358	219	128	628	950	441	457	711	234	982	216	290	362	169	1059	386	0	852	358	808	279	3494	510	474	1080	1143	227	386	351	659	359	2911	427	173	99	365	819	361	396	1273	274	958	417	439	979	253	127	1095	1240	1127	488	358	81	1409	533	829	269	864	1301	979	969	1187	126	835	536	1055	262	1042	1025	1051	664	324	81	147	1146	914	53	293	32	358	69	311	397	500	449	1045	641	331	762	1154	1108	225	1052	580	67	116	869	452	1237	1067	383	128	500	240	439	578	883	174	109	503	636	827	274	478	343	713	165	3610	323	395	580	1066	432	255	359	1693	206	1209	34	405	832	478	355	375	1123	261	2123	310	362	102	451	931	154	14	230	396	1409	254	1821	622	174	35	513	1875	533	417	408	383	171	370	269	620	188	99	1114	664	224	580	487	958	126	2289	89	107	102	37	1075	1245	1074	230	975	539	664	99	1952	428	1079	1792	916	664	290	1208	692	114	311	2082	75	2145	29	157	349	1184	234	261	2098	93
559	334	515	1434	368	679	435	522	717	628	0	418	419	133	287	1436	931	927	460	863	693	1056	17	362	1343	1525	961	908	583	1056	245	1062	971	746	524	396	99	416	1450	709	1124	853	672	573	681	359	921	911	293	573	1545	754	901	709	1124	583	368	275	738	681	1119	575	775	773	987	776	1611	760	909	991	600	523	723	628	1246	275	733	814	2873	975	765	583	530	747	908	960	948	971	2288	813	717	722	810	198	695	910	977	435	1581	259	828	672	669	755	1691	629	615	155	275	592	1056	1146	489	504	432	674	593	579	573	729	502	99	1511	502	503	1589	449	890	943	586	669	718	611	596	390	660	275	568	752	912	963	277	506	95	941	486	671	645	457	618	460	656	745	776	850	973	630	906	681	967	432	835	723	542	716	628	967	1083	430	895	786	675	1342	711	2983	922	1022	460	628	834	679	697	1389	728	737	661	1007	493	786	699	807	608	368	1588	407	701	529	830	1539	600	642	847	911	1056	679	1377	945	726	663	597	1289	1157	259	920	902	600	808	504	478	717	536	990	890	817	1118	799	1354	725	1811	585	600	709	655	838	652	622	847	791	451	489	724	1551	264	553	1435	715	901	909	1809	907	611	920	1672	583	1517	657	490	279	707	776	368	1503	537
155	691	129	1016	89	846	65	160	826	240	418	0	67	293	313	1660	589	511	440	648	352	1188	436	76	968	1942	640	496	165	1188	324	647	574	327	456	175	319	612	1867	291	735	473	757	990	340	70	578	537	330	990	1781	336	603	291	1495	165	89	192	321	340	720	852	415	422	674	358	1205	342	498	589	183	902	356	240	888	192	632	397	3263	580	425	840	947	330	496	544	626	600	2681	435	387	319	412	596	324	499	1060	65	1167	280	451	757	265	358	1273	1046	887	305	192	182	1188	729	736	125	625	1089	879	735	990	318	745	319	1132	118	802	1263	862	598	531	177	251	1036	690	232	56	270	192	171	350	501	568	331	805	455	526	686	914	870	222	815	366	292	351	691	471	1195	830	493	340	571	21	456	463	793	386	211	571	698	590	514	440	469	940	379	3399	505	630	366	829	452	274	325	1485	310	971	275	645	739	440	324	413	882	89	1977	84	330	170	457	1121	182	251	471	500	1188	273	1589	606	308	273	359	1699	746	280	510	490	183	412	125	407	299	182	1120	598	400	707	453	997	312	2054	174	185	299	256	870	1063	836	471	951	327	448	322	1727	299	839	1574	882	603	498	1391	623	282	505	1857	177	1928	266	180	163	945	358	89	1917	171
199	713	96	1022	145	791	17	221	767	288	419	67	0	305	360	1606	547	530	500	585	410	1127	436	128	939	1944	593	489	176	1127	364	664	554	338	391	112	320	566	1859	299	771	443	696	991	397	117	536	581	377	991	1728	346	551	299	1466	176	145	232	325	397	702	890	376	380	625	364	1230	349	523	621	190	921	319	288	852	232	565	398	3236	559	380	795	949	332	489	562	579	645	2657	404	445	355	392	584	288	491	997	17	1185	322	420	696	250	396	1276	1048	843	327	232	218	1127	745	777	87	577	1080	916	681	991	345	786	320	1105	83	764	1314	868	544	554	215	265	1070	630	288	32	315	232	218	333	492	547	376	767	469	544	731	867	821	288	764	302	345	392	624	441	1243	779	487	397	550	53	425	403	834	444	236	551	672	539	556	396	536	969	437	3387	519	665	302	778	423	260	289	1421	315	921	321	692	780	396	290	390	839	145	1996	21	294	231	424	1131	194	297	516	491	1127	259	1534	563	322	318	294	1708	768	322	500	483	189	391	87	342	308	243	1178	544	418	699	410	962	339	2000	210	212	331	298	805	1070	786	516	1004	262	384	359	1668	342	798	1513	934	551	523	1396	568	344	523	1798	217	1914	310	247	198	896	364	145	1922	231
428	410	402	1308	236	746	320	388	766	495	133	293	305	0	186	1530	841	797	373	812	560	1119	150	232	1243	1648	878	789	458	1119	152	932	860	620	504	310	59	482	1581	584	991	748	711	699	548	230	830	778	198	699	1643	628	825	584	1254	459	236	142	615	548	1007	612	676	677	907	652	1478	634	778	858	476	616	621	495	1152	142	714	691	3006	865	673	677	655	623	789	830	864	838	2421	708	585	590	697	329	591	792	1024	320	1450	146	724	711	553	623	1565	754	715	50	142	462	1119	1016	509	393	497	806	635	639	699	599	520	59	1410	389	609	1462	569	815	812	455	542	779	646	462	274	527	142	435	637	793	853	184	612	163	811	484	763	731	327	693	425	523	612	764	746	993	707	786	548	856	309	730	654	566	584	500	856	978	483	761	692	559	1208	580	3115	793	889	425	705	728	563	593	1445	603	827	528	874	512	692	594	696	709	236	1690	297	597	395	728	1411	475	509	714	792	1119	562	1467	856	599	530	528	1406	1025	146	802	783	476	696	393	452	592	403	975	815	688	999	705	1261	594	1912	455	472	577	523	866	769	703	714	783	405	474	591	1632	159	656	1504	708	825	778	1683	836	479	790	1756	452	1650	524	357	146	797	652	236	1624	404
390	419	443	1263	225	933	368	323	951	427	287	313	360	186	0	1715	903	745	187	932	449	1305	300	237	1277	1706	952	783	455	1305	43	877	877	596	660	417	246	668	1671	568	891	784	893	781	438	245	891	674	17	781	1826	605	911	568	1402	455	225	130	602	438	1019	541	729	735	985	633	1389	614	717	777	475	631	669	427	1200	130	866	677	3134	883	738	861	737	611	783	778	938	728	2548	747	465	527	716	480	638	789	1206	368	1378	45	763	893	570	550	1523	831	896	140	130	426	1305	961	424	438	684	913	569	825	781	550	432	246	1438	431	788	1313	640	904	751	419	522	731	827	381	329	457	130	388	654	791	871	21	790	250	759	372	947	916	210	880	574	431	536	919	782	883	893	780	438	873	335	767	757	481	463	473	875	1005	669	663	753	390	1118	461	3207	749	796	574	891	763	578	638	1629	589	1012	455	756	427	753	638	719	890	225	1696	363	643	327	770	1358	468	441	614	790	1305	577	1653	919	573	460	639	1449	955	45	801	778	475	717	438	607	575	328	828	904	647	990	766	1310	547	2094	423	447	526	462	1042	826	889	614	647	546	636	527	1819	27	836	1691	576	911	717	1636	928	371	739	1942	412	1756	456	270	166	982	633	225	1675	337
1805	1589	1646	2429	1681	814	1620	1820	854	1894	1436	1660	1606	1530	1715	0	1695	2069	1896	1392	2013	537	1427	1664	2028	1720	1652	1928	1757	537	1676	2178	1887	1882	1250	1497	1470	1059	1427	1845	2350	1764	928	1339	2001	1652	1695	2182	1723	1339	127	1887	1576	1845	774	1757	1681	1650	1852	2001	1992	1840	1679	1661	1639	1888	2738	1883	2080	2192	1760	1593	1679	1894	1902	1650	1198	1897	2037	1886	1634	853	1348	1855	1928	2093	1649	2245	1572	1740	2047	1950	1802	1274	1676	1918	703	1620	2652	1677	1748	928	1749	1992	2623	1357	821	1574	1650	1820	537	2241	1822	1635	1044	1193	1839	925	1339	1928	1834	1470	2161	1641	935	2919	1404	1560	2105	1818	1833	1856	988	1892	1605	1920	1650	1825	1783	1920	1878	1708	933	1508	2080	1860	767	801	1828	848	1323	1951	1991	1152	1762	2212	833	1927	2001	1883	1656	1757	1476	1852	2047	1824	1880	1908	1073	2154	1652	2081	2511	2039	2501	2044	2246	1323	834	1762	1757	1680	511	1850	703	1927	2295	1824	1652	1686	1788	828	1681	2112	1584	1681	1830	1736	2546	1772	1903	2118	1919	537	1757	83	1694	1877	1923	1449	1702	2295	1677	1920	1921	1759	1795	1635	1284	1853	1842	2333	1560	1968	2067	1658	1960	1920	396	1811	1806	1920	1900	898	1449	831	2118	2134	1363	1240	1954	228	1689	884	346	2066	1576	2080	2746	1548	1941	2062	281	1821	1305	1915	1825	1631	732	1888	1681	1759	1832
568	1251	460	735	678	960	536	645	874	605	931	589	547	841	903	1695	0	510	1015	308	726	1159	947	666	422	2421	74	316	476	1159	911	560	214	427	542	535	838	864	2294	422	791	157	806	1477	721	658	12	730	920	1477	1822	424	122	422	1793	475	678	778	395	721	296	1438	175	167	112	400	1064	412	547	651	457	1452	235	605	315	778	501	369	3549	210	168	1064	1438	389	316	515	65	774	2988	177	757	564	248	1049	267	301	994	536	965	868	167	806	357	589	934	1535	1117	870	778	542	1159	596	1324	465	866	1531	1464	881	1477	517	1333	838	590	471	1088	1394	1372	136	552	548	457	1616	767	651	579	601	778	584	294	302	207	920	1090	1000	514	1276	1102	1046	773	977	533	663	601	543	157	1784	991	316	721	211	568	168	252	1381	759	499	207	215	816	698	150	948	876	750	3788	476	713	533	990	175	354	266	1352	406	1131	610	829	1327	150	268	235	1116	678	2519	549	262	650	153	851	470	599	695	301	1159	354	1613	17	445	602	356	2204	669	868	295	312	456	242	465	547	422	658	1696	136	470	379	137	422	511	2085	539	512	532	575	796	1573	1011	695	1536	517	576	568	1683	887	1099	1493	1469	122	547	1058	156	718	507	1813	556	2318	596	704	745	1117	400	678	2407	641
369	1163	453	517	562	1267	513	423	1214	317	927	511	530	797	745	2069	510	0	762	774	350	1553	945	565	666	2441	584	194	354	1553	776	135	318	195	819	614	830	1077	2377	235	292	363	1140	1495	354	568	500	237	757	1495	2194	188	615	235	1995	353	562	668	220	354	386	1263	418	438	621	181	700	189	47	141	341	1376	398	317	650	668	898	173	3767	325	465	1306	1452	215	194	33	575	269	3188	366	363	219	288	1108	395	209	1400	513	656	733	366	1140	322	201	778	1550	1357	797	668	335	1553	219	1143	465	1086	1600	1293	1164	1495	199	1148	830	795	463	1287	896	1362	623	42	341	264	1460	1082	366	550	289	668	364	289	209	321	766	1290	951	14	1072	1370	1319	542	1255	754	327	218	954	364	1528	1271	193	354	319	501	360	620	1195	364	299	322	431	1042	209	455	578	447	359	3910	33	204	754	1270	353	313	391	1798	224	1417	292	322	1145	455	385	304	1353	562	2440	549	391	419	382	615	336	304	228	209	1553	313	1991	523	208	286	620	2191	238	733	217	198	342	296	465	790	226	416	1379	623	112	302	455	742	202	2465	341	327	221	283	1195	1559	1283	228	1261	716	833	219	2096	745	1317	1920	1209	615	47	891	650	398	6	2227	345	2440	289	475	653	1395	181	562	2413	408
457	484	565	1268	354	1119	503	378	1138	458	460	440	500	373	187	1896	1015	762	0	1084	421	1493	471	372	1357	1761	1072	843	542	1493	221	882	953	652	838	578	432	855	1757	633	846	880	1080	877	414	384	1003	633	175	877	2006	660	1041	633	1546	543	354	296	668	414	1085	507	841	850	1108	690	1344	671	725	758	562	677	780	458	1294	296	1039	735	3252	960	858	1042	835	676	843	793	1058	677	2665	847	422	549	802	642	749	852	1394	503	1352	231	861	1080	663	560	1527	921	1075	325	296	489	1493	963	389	563	870	1027	538	1012	877	584	392	432	1511	555	964	1192	734	1037	757	482	587	706	1014	405	472	481	296	446	741	853	949	189	966	401	774	312	1129	1100	244	1066	749	434	543	1094	879	780	1079	840	414	950	461	864	902	437	420	538	952	1086	856	632	870	268	1075	422	3286	774	763	749	1077	859	669	749	1817	654	1195	475	691	391	870	747	808	1069	354	1699	509	753	377	871	1352	551	470	584	852	1493	668	1835	1032	628	482	792	1493	941	231	864	839	563	804	563	785	637	372	681	1037	681	1039	882	1402	584	2272	489	516	560	496	1227	898	1074	584	522	718	816	547	2004	214	1014	1878	460	1041	725	1632	1062	363	756	2127	474	1858	482	317	330	1164	690	354	1723	387
698	1197	535	1042	730	696	583	764	597	765	863	648	585	812	932	1392	308	774	1084	0	901	855	874	712	658	2259	259	593	607	855	925	849	516	637	360	515	788	664	2101	615	1066	416	536	1346	893	700	310	966	949	1346	1520	638	186	615	1552	607	730	802	601	893	602	1424	358	338	248	623	1372	628	804	915	595	1378	394	765	532	802	222	609	3285	512	313	829	1311	600	593	788	256	1019	2734	407	937	760	486	925	411	580	690	583	1273	888	408	536	520	795	1231	1402	880	854	802	687	855	894	1321	533	661	1367	1445	635	1346	718	1332	788	812	541	875	1671	1262	171	817	690	633	1581	512	798	612	774	802	719	500	581	508	944	877	949	782	1290	850	795	866	726	403	831	803	248	414	1803	739	593	893	512	628	415	188	1378	937	657	509	516	613	934	320	1091	1175	928	3562	743	977	403	739	422	522	415	1046	608	868	783	1075	1325	320	420	470	880	730	2410	575	412	771	393	1158	611	765	919	580	855	523	1310	304	647	775	293	2065	962	888	577	587	594	478	533	392	620	782	1759	171	706	687	319	614	711	1780	680	658	725	746	496	1456	762	919	1578	412	399	765	1375	909	875	1185	1506	186	804	1353	155	867	770	1505	697	2105	768	811	766	859	623	730	2253	765
218	863	395	847	344	1199	398	193	1177	137	693	352	410	560	449	2013	726	350	421	901	0	1537	710	358	992	2153	796	473	297	1537	488	463	600	301	795	521	610	962	2119	304	442	571	1106	1229	12	368	714	224	456	1229	2134	306	793	304	1813	298	344	418	331	12	710	928	570	587	835	334	941	319	309	338	307	1072	518	137	952	418	945	374	3566	607	605	1187	1185	337	473	378	784	280	2981	549	36	166	480	890	494	485	1404	398	936	452	559	1106	385	156	1106	1279	1232	541	418	218	1537	542	809	403	975	1356	959	1088	1229	213	813	610	1133	395	1141	915	1088	795	339	217	273	1127	1040	121	408	128	418	197	433	486	598	469	1143	688	361	734	1264	1221	241	1167	709	70	140	1005	570	1179	1182	471	12	598	357	558	715	858	36	244	601	731	941	216	608	234	670	28	3655	368	350	709	1181	551	385	492	1825	319	1322	118	313	811	608	487	492	1227	344	2117	431	495	184	573	931	291	136	167	486	1537	384	1942	743	281	127	650	1892	521	452	498	472	308	485	403	749	303	172	1032	795	292	644	616	1054	217	2406	226	244	195	155	1208	1274	1187	167	911	668	792	162	2078	458	1181	1922	860	793	309	1211	823	81	345	2208	210	2201	133	204	419	1295	334	344	2120	181
1321	1294	1152	1894	1225	377	1139	1348	362	1409	1056	1188	1127	1119	1305	537	1159	1553	1493	855	1537	0	1052	1206	1493	1835	1114	1402	1262	0	1272	1656	1355	1372	747	1015	1062	641	1591	1337	1840	1234	431	1170	1525	1193	1160	1685	1317	1170	664	1377	1039	1337	926	1262	1225	1217	1340	1525	1455	1561	1152	1133	1101	1375	2209	1371	1568	1682	1262	1365	1157	1409	1366	1217	665	1380	2506	1352	1106	515	1161	1343	1402	1575	1111	1747	1993	1212	1572	1454	1278	942	1157	1392	166	1139	2119	1263	1219	431	1238	1495	2086	1208	515	1168	1217	1331	0	1715	1512	1142	625	1078	1568	480	1170	1427	1524	1062	1629	1148	622	2424	1181	1024	1591	1330	1331	1630	497	1415	1132	1432	1217	1342	1264	1393	1346	1304	622	1143	1564	1529	438	434	1380	441	829	1471	1496	617	1232	1961	432	1401	1525	1350	1180	1228	947	1553	1572	1328	1347	1371	636	1656	1123	1639	1989	1564	2886	1527	1739	829	434	1233	1246	1161	339	1341	379	1440	1800	1515	1123	1167	1263	522	1225	2139	1106	1162	1358	1207	2011	1275	1416	1624	1392	0	1246	454	1157	1370	1435	933	1734	1773	1263	1392	1395	1261	1270	1142	789	1345	1370	2030	1024	1457	1533	1128	1428	1419	926	1322	1314	1422	1410	364	1296	446	1624	1827	870	745	1458	544	1278	574	387	1753	1039	1568	2208	1010	1471	1547	676	1334	1526	1427	1363	1191	406	1375	1225	1856	1359
577	323	532	1452	385	675	453	539	716	646	17	436	436	150	300	1427	947	945	471	874	710	1052	0	380	1359	1508	976	926	600	1052	257	1080	988	763	533	412	116	413	1432	727	1142	869	672	555	697	377	937	928	305	555	1536	772	915	727	1108	601	385	292	756	697	1136	568	791	789	1001	794	1628	777	927	1008	617	509	740	646	1262	292	741	831	2856	992	781	575	512	764	926	978	962	988	2271	829	734	739	827	182	711	927	976	453	1599	273	845	672	687	773	1708	611	606	171	292	610	1052	1164	486	522	429	656	585	577	555	747	498	116	1527	519	493	1605	432	904	961	604	687	708	613	613	408	678	292	585	769	929	980	289	496	93	959	485	663	639	473	613	471	673	762	783	867	968	625	923	697	983	450	852	737	537	732	646	984	1100	430	912	801	689	1359	728	2966	940	1040	471	623	850	697	714	1387	745	730	679	1023	489	801	715	824	599	385	1572	424	718	546	847	1557	618	659	864	928	1052	696	1369	960	744	681	610	1272	1175	273	937	920	617	825	522	488	735	554	990	904	835	1136	815	1369	742	1801	603	618	726	673	840	635	616	864	789	463	497	741	1545	278	543	1430	714	915	927	1827	921	628	938	1665	601	1499	675	507	297	699	794	385	1486	554
196	619	205	1076	20	853	133	168	843	269	362	76	128	232	237	1664	666	565	372	712	358	1206	380	0	1044	1879	716	565	232	1206	248	700	648	390	491	214	268	607	1813	355	769	549	776	931	345	13	654	561	254	931	1782	398	677	355	1463	232	20	117	387	345	793	775	492	498	749	423	1249	405	547	630	251	831	432	269	964	117	680	463	3225	654	501	829	887	396	565	598	701	624	2642	512	389	360	486	550	400	570	1085	133	1218	203	527	776	339	395	1334	985	874	236	117	229	1206	784	659	201	621	1037	802	742	931	367	668	268	1207	194	782	1273	799	671	580	223	312	960	709	245	100	301	117	205	424	571	642	255	785	389	579	609	908	866	177	816	400	307	385	737	547	1119	831	563	345	645	97	532	531	717	388	268	646	774	590	542	516	435	981	382	3346	561	665	400	829	528	348	401	1511	375	967	303	665	662	516	401	488	869	20	1906	137	406	177	534	1179	248	282	496	570	1206	347	1594	682	369	304	420	1634	794	203	580	560	251	486	201	440	363	187	1049	671	456	776	529	1074	362	2055	223	240	346	293	901	998	834	496	877	364	478	362	1740	222	822	1593	808	677	547	1451	695	280	558	1868	220	1879	297	160	91	940	423	20	1853	183
901	1653	844	536	1053	1352	925	979	1256	905	1343	968	939	1243	1277	2028	422	666	1357	658	992	1493	1359	1044	0	2843	421	520	823	1493	1292	623	404	707	959	947	1248	1281	2716	724	852	496	1193	1898	992	1039	430	899	1293	1898	2154	700	501	724	2202	823	1053	1161	689	992	282	1819	568	570	416	670	906	688	714	770	803	1859	622	905	126	1161	879	626	3943	397	580	1473	1858	681	520	650	431	917	3390	535	1013	829	560	1470	652	509	1327	925	775	1247	519	1193	706	835	631	1955	1525	1267	1161	868	1493	599	1701	852	1282	1953	1846	1284	1898	786	1709	1248	168	857	1504	1390	1788	517	697	875	770	2005	1164	958	971	889	1161	911	622	508	408	1296	1506	1405	661	1644	1503	1447	1113	1378	956	946	852	906	498	2138	1391	523	992	407	948	513	670	1758	1015	819	405	272	1233	874	559	1227	822	1008	4204	639	821	956	1391	516	698	650	1624	703	1525	896	962	1704	559	649	557	1525	1053	2931	946	645	980	515	629	811	894	895	509	1493	699	1944	412	731	888	779	2624	681	1247	497	522	802	559	852	968	720	985	2018	517	700	370	546	105	783	2405	868	841	808	868	1147	1991	1413	895	1878	940	994	832	1981	1266	1512	1783	1818	501	714	743	517	1014	668	2107	883	2737	886	1041	1131	1514	670	1053	2829	970
2073	1289	2039	2955	1880	1652	1961	2020	1765	2128	1525	1942	1944	1648	1706	1720	2421	2441	1761	2259	2153	1835	1508	1879	2843	0	2434	2434	2107	1835	1671	2576	2492	2268	1905	1906	1625	1595	311	2233	2595	2367	1790	953	2143	1878	2413	2377	1697	953	1726	2277	2361	2233	952	2107	1880	1772	2263	2143	2639	1296	2283	2278	2450	2300	3094	2283	2418	2483	2125	1084	2237	2128	2734	1772	2055	2339	1712	2495	2264	1472	995	2272	2434	2475	2422	2429	1186	2328	2165	2226	2333	1375	2211	2436	1908	1961	3084	1711	2343	1790	2195	2254	3214	896	1432	1644	1772	2107	1835	2660	1394	2029	1599	893	1268	1660	953	2242	1396	1625	3012	2027	1398	2924	1079	2346	2452	2101	2191	1124	1781	2085	1916	2159	1772	2077	2276	2437	2484	1686	1396	1490	2455	1477	1493	1536	1916	1591	1891	2138	2241	2063	2365	1361	1585	2432	2143	2487	1957	2351	2181	1364	2163	2147	2487	2596	1646	2369	2286	2027	2823	2162	1551	2440	2503	1891	1584	2350	2205	2214	2093	2252	1516	2158	2449	1393	2286	2216	2329	1429	1880	479	1931	2218	2025	2343	3057	2124	2142	2320	2436	1835	2204	1737	2432	2248	2162	2065	280	2660	1711	2445	2428	2124	2330	2029	1885	2241	2029	1614	2346	2335	2644	2300	2837	2238	1839	2102	2120	2220	2160	1938	882	1557	2320	1517	1904	1867	2227	1947	1701	1412	1997	1502	2361	2418	3331	2356	2077	2434	1986	2096	490	2157	1973	1789	1505	2300	1880	70	2035
631	1286	511	785	729	937	584	707	846	672	961	640	593	878	952	1652	74	584	1072	259	796	1114	976	716	421	2434	0	390	537	1114	958	631	283	499	538	569	871	861	2298	492	864	231	780	1496	791	707	84	804	969	1496	1779	496	80	492	1781	537	729	825	466	791	345	1482	234	222	38	473	1123	484	622	725	520	1484	293	672	303	825	469	443	3528	278	215	1052	1458	461	390	589	14	848	2972	247	828	635	321	1067	324	375	949	584	1019	915	238	780	421	661	971	1554	1104	911	825	607	1114	664	1370	515	861	1541	1507	864	1496	588	1379	871	586	522	1082	1466	1395	97	626	612	526	1657	746	717	625	670	825	648	363	376	277	969	1085	1034	588	1325	1084	1029	833	959	542	732	674	504	230	1835	972	391	791	280	619	240	253	1427	829	565	277	258	811	773	202	1015	943	821	3782	551	787	542	972	248	419	324	1295	477	1109	680	903	1373	202	327	307	1104	729	2546	593	320	712	223	900	533	667	769	375	1114	419	1569	61	516	671	371	2223	738	915	368	386	518	314	515	550	493	721	1754	97	544	438	190	403	583	2040	603	577	603	644	755	1596	994	769	1591	531	574	640	1632	935	1091	1440	1523	80	622	1094	104	785	581	1761	621	2315	665	765	791	1097	473	729	2422	704
394	1184	395	544	569	1144	473	468	1079	386	908	496	489	789	783	1928	316	194	843	593	473	1402	926	565	520	2434	390	0	333	1402	805	257	131	190	693	543	809	982	2346	214	476	177	1005	1481	472	564	307	423	798	1481	2055	182	425	214	1917	333	569	681	180	472	242	1322	250	269	427	153	811	171	234	334	314	1397	251	386	480	681	738	108	3689	138	297	1206	1438	171	0	199	382	461	3116	191	497	308	127	1070	261	15	1244	473	737	760	186	1005	240	318	790	1537	1258	801	681	359	1402	313	1202	406	989	1568	1350	1047	1481	265	1209	809	669	408	1202	1081	1356	435	236	366	261	1514	953	439	517	368	681	400	165	15	131	803	1204	951	197	1139	1261	1208	602	1141	643	425	334	791	179	1623	1157	2	472	130	479	178	456	1257	498	311	134	259	942	392	282	707	588	491	3869	160	396	643	1156	172	230	257	1630	193	1303	376	515	1204	282	252	140	1256	569	2471	503	255	468	201	658	317	375	398	15	1402	230	1848	329	214	367	484	2195	372	760	25	7	314	134	406	673	208	471	1497	435	182	210	278	581	263	2324	361	336	287	348	1040	1558	1172	398	1361	610	714	311	1941	776	1226	1759	1302	425	234	912	460	493	191	2072	373	2394	365	529	657	1284	153	569	2411	457
94	851	111	852	236	945	159	169	907	160	583	165	176	458	455	1757	476	354	542	607	297	1262	600	232	823	2107	537	333	0	1262	474	487	422	163	514	268	484	734	2030	126	601	338	835	1155	288	230	464	424	470	1155	1881	172	518	126	1642	0	236	348	156	288	564	996	303	316	575	193	1053	177	347	448	20	1063	244	160	753	348	649	232	3413	428	328	964	1112	165	333	386	524	487	2834	305	334	193	263	757	215	338	1121	159	1009	429	319	835	120	234	1108	1211	1013	468	348	79	1262	569	878	121	744	1252	1024	837	1155	173	886	484	983	117	938	1163	1027	517	378	82	89	1186	771	190	197	175	348	113	201	339	416	474	940	619	368	820	1032	984	298	924	435	227	234	710	336	1319	939	330	288	418	150	321	420	934	334	66	420	551	703	396	337	487	793	325	3560	343	496	435	938	316	126	214	1538	145	1084	184	538	881	337	211	267	1009	236	2138	196	218	174	328	958	18	162	362	338	1262	125	1683	493	146	178	353	1864	591	429	349	328	21	264	121	474	134	183	1220	517	241	544	347	862	166	2153	72	53	162	150	921	1228	949	362	1065	394	519	197	1806	446	970	1642	1001	518	347	1226	545	260	347	1937	90	2089	170	228	323	1060	193	236	2082	166
1321	1294	1152	1894	1225	377	1139	1348	362	1409	1056	1188	1127	1119	1305	537	1159	1553	1493	855	1537	0	1052	1206	1493	1835	1114	1402	1262	0	1272	1656	1355	1372	747	1015	1062	641	1591	1337	1840	1234	431	1170	1525	1193	1160	1685	1317	1170	664	1377	1039	1337	926	1262	1225	1217	1340	1525	1455	1561	1152	1133	1101	1375	2209	1371	1568	1682	1262	1365	1157	1409	1366	1217	665	1380	2506	1352	1106	515	1161	1343	1402	1575	1111	1747	1993	1212	1572	1454	1278	942	1157	1392	166	1139	2119	1263	1219	431	1238	1495	2086	1208	515	1168	1217	1331	0	1715	1512	1142	625	1078	1568	480	1170	1427	1524	1062	1629	1148	622	2424	1181	1024	1591	1330	1331	1630	497	1415	1132	1432	1217	1342	1264	1393	1346	1304	622	1143	1564	1529	438	434	1380	441	829	1471	1496	617	1232	1961	432	1401	1525	1350	1180	1228	947	1553	1572	1328	1347	1371	636	1656	1123	1639	1989	1564	2886	1527	1739	829	434	1233	1246	1161	339	1341	379	1440	1800	1515	1123	1167	1263	522	1225	2139	1106	1162	1358	1207	2011	1275	1416	1624	1392	0	1246	454	1157	1370	1435	933	1734	1773	1263	1392	1395	1261	1270	1142	789	1345	1370	2030	1024	1457	1533	1128	1428	1419	926	1322	1314	1422	1410	364	1296	446	1624	1827	870	745	1458	544	1278	574	387	1753	1039	1568	2208	1010	1471	1547	676	1334	1526	1427	1363	1191	406	1375	1225	1856	1359
415	386	452	1294	239	898	375	353	919	459	245	324	364	152	43	1676	911	776	221	925	488	1272	257	248	1292	1671	958	805	474	1272	0	909	895	621	641	410	210	633	1631	591	930	798	864	741	476	254	900	712	48	741	1786	630	913	591	1359	474	239	132	625	476	1038	527	738	744	990	657	1427	638	749	812	494	600	679	459	1212	132	849	700	3091	901	744	822	697	634	805	809	943	768	2505	760	505	558	733	437	648	811	1176	375	1413	45	775	864	586	584	1554	791	856	103	132	451	1272	993	412	446	649	872	554	792	741	579	422	210	1455	440	747	1356	601	906	783	444	545	712	798	415	332	489	132	415	671	812	889	32	749	207	790	368	908	878	247	844	557	467	570	902	796	882	857	803	476	891	345	780	755	470	504	497	892	1021	636	701	761	433	1155	501	3167	779	834	557	855	777	595	649	1598	612	974	488	796	415	761	649	735	850	239	1669	365	654	357	782	1390	488	473	652	811	1272	594	1614	927	598	492	633	1415	990	45	822	800	494	734	446	589	598	360	839	906	675	1014	774	1322	576	2054	447	470	555	493	1016	789	852	652	654	531	615	559	1782	30	795	1656	581	913	749	1667	929	409	770	1905	438	1715	488	303	166	943	657	239	1640	367
504	1295	583	387	697	1384	646	556	1326	449	1062	647	664	932	877	2178	560	135	882	849	463	1656	1080	700	623	2576	631	257	487	1656	909	0	348	326	933	743	965	1203	2513	365	240	433	1252	1631	469	703	553	296	888	1631	2304	318	676	365	2126	487	697	803	345	469	362	1388	506	525	665	305	573	317	160	154	474	1508	498	449	633	803	994	284	3898	354	553	1431	1587	339	257	102	625	299	3320	448	469	350	378	1243	502	269	1499	646	521	867	444	1252	443	327	647	1685	1482	932	803	470	1656	84	1267	595	1211	1736	1418	1283	1631	334	1272	965	730	593	1416	835	1497	687	126	476	398	1585	1196	496	685	419	803	499	395	268	354	898	1419	1086	121	1195	1492	1441	671	1376	874	452	342	1048	435	1639	1391	258	469	351	635	436	712	1318	471	435	355	430	1167	278	539	679	333	467	4045	144	198	874	1391	429	434	497	1887	352	1538	422	340	1270	539	492	392	1479	697	2570	682	497	551	458	481	469	435	315	269	1656	434	2099	571	341	417	729	2324	116	867	272	263	474	385	595	908	356	548	1478	687	246	256	536	711	338	2574	477	462	356	416	1294	1693	1405	315	1370	837	951	350	2196	878	1445	2016	1321	676	160	758	711	521	142	2328	480	2575	420	607	788	1517	305	697	2547	541
497	1265	458	546	656	1125	539	575	1050	503	971	574	554	860	877	1887	214	318	953	516	600	1355	988	648	404	2492	283	131	422	1355	895	348	0	305	682	585	872	990	2389	320	584	133	978	1539	598	644	208	552	893	1539	2015	298	334	320	1929	421	656	766	285	598	148	1419	226	239	317	269	857	286	361	453	401	1475	258	503	352	766	689	226	3696	7	263	1207	1497	277	131	316	278	587	3128	170	625	434	162	1118	281	116	1193	539	764	850	156	978	309	446	770	1596	1259	878	766	464	1355	381	1300	467	995	1613	1447	1036	1539	388	1308	872	561	471	1214	1184	1420	347	358	471	366	1607	931	555	585	489	766	507	224	116	9	897	1217	1023	319	1241	1255	1200	709	1131	648	548	462	737	136	1734	1146	132	598	4	555	147	413	1356	627	415	7	133	946	522	242	833	662	619	3902	284	514	648	1146	146	300	278	1562	299	1290	497	640	1303	242	275	163	1258	656	2550	564	274	576	162	663	409	493	529	116	1355	301	1806	224	329	488	475	2260	455	850	105	130	401	163	467	673	316	580	1617	347	312	182	233	455	385	2281	464	437	409	467	990	1623	1164	529	1474	621	710	437	1886	867	1233	1699	1414	334	361	894	369	614	316	2016	479	2427	485	636	738	1274	269	656	2472	566
206	1004	257	688	391	1076	320	278	1028	197	746	327	338	620	596	1882	427	195	652	637	301	1372	763	390	707	2268	499	190	163	1372	621	326	305	0	631	418	647	881	2194	39	468	270	954	1318	298	390	416	330	611	1318	2007	8	505	39	1800	163	391	501	35	298	432	1133	284	303	538	37	896	19	199	310	148	1218	243	197	656	501	729	82	3572	313	326	1111	1275	38	190	226	487	386	2994	253	331	136	179	920	229	199	1224	320	847	577	261	954	134	162	945	1373	1161	626	501	170	1372	406	1013	269	890	1416	1162	971	1318	89	1019	647	859	267	1091	1056	1189	509	226	177	77	1326	894	250	360	183	501	210	140	200	303	617	1094	779	209	949	1175	1125	411	1062	562	244	174	788	270	1433	1077	188	298	303	314	259	464	1068	332	124	306	439	847	298	324	531	642	324	3724	181	366	562	1076	251	127	225	1630	31	1223	192	441	1015	324	220	192	1158	391	2290	356	227	277	275	794	145	187	281	200	1372	126	1805	444	23	183	440	2024	434	577	212	187	149	185	269	599	30	280	1311	509	86	394	329	761	84	2279	173	151	106	161	1020	1388	1089	281	1171	523	643	141	1917	591	1121	1745	1112	505	199	1063	538	308	189	2048	184	2252	180	339	481	1201	37	391	2243	267
577	856	405	1226	511	451	400	612	396	664	524	456	391	504	660	1250	542	819	838	360	795	747	533	491	959	1905	538	693	514	747	641	933	682	631	0	281	465	322	1761	594	1099	549	322	986	783	478	537	938	676	986	1375	636	461	594	1253	514	511	541	601	783	814	1098	457	443	549	638	1503	632	829	941	515	1026	442	664	841	541	211	650	3015	683	419	526	951	605	693	844	527	1000	2450	517	831	707	565	566	433	686	609	400	1430	614	528	322	498	748	1452	1042	578	552	541	585	747	1002	1005	395	324	1012	1117	354	986	680	1017	465	1124	402	545	1677	903	445	854	584	585	1241	263	674	402	686	541	598	538	687	673	667	548	616	831	987	572	518	668	449	90	727	749	260	547	1491	464	691	783	678	444	537	289	1060	831	580	676	747	274	909	441	924	1264	823	3246	796	996	90	464	541	506	437	1031	600	610	694	1052	1008	441	442	554	577	511	2050	371	438	621	520	1342	528	670	877	686	747	506	1174	550	627	688	209	1706	1049	614	689	686	513	559	395	53	602	634	1478	445	717	863	451	938	672	1647	576	566	674	663	414	1096	481	877	1287	129	39	711	1292	634	557	1128	1212	461	829	1577	452	734	813	1423	588	1777	680	636	508	592	638	511	1897	621
