NAME : VRPTW_INSTANCE_348.txt
COMMENT : Bangkok Supermarket
TYPE : VRPTW
DIMENSION : 273
DAYS : Thursday
EDGE_WEIGHT_TYPE : EXPLICIT
VEHICLES : 35
EDGE_WEIGHT_FORMAT : FULL_MATRIX
CAPACITY : 1000
EDGE_WEIGHT_SECTION
0	534	454	1627	408	1481	196	155	948	1077	208	1938	481	214	994	210	1606	22	1068	1105	413	402	390	126	148	221	942	67	46	24	225	540	972	309	1757	199	123	94	1727	891	1190	578	358	192	102	101	1083	650	201	1028	1923	202	670	1627	1087	874	101	479	449	1021	962	155	592	2133	579	707	334	1126	1126	440	202	772	201	482	118	866	248	506	1072	85	1627	663	207	88	582	451	1036	1120	1917	439	3292	1078	410	395	391	524	1189	633	2752	281	1934	566	264	412	1532	2125	939	240	1190	133	1386	866	23	101	97	2521	1028	1120	388	153	985	1006	1020	533	39	231	374	484	1019	2082	208	176	1152	257	2068	178	308	550	153	66	122	1005	1126	975	802	369	433	370	885	189	412	213	24	91	374	253	184	91	439	535	1121	362	1874	306	587	891	941	418	152	1078	300	178	140	307	85	1187	823	404	1618	464	255	243	153	145	258	938	1606	152	590	625	503	1606	424	484	527	1092	745	330	1003	1190	2073	1004	358	1706	283	350	402	352	1356	257	1568	224	437	1087	149	903	1727	266	1896	308	1162	155	145	363	635	202	960	609	909	135	1671	254	135	616	135	170	1014	3848	91	284	891	202	1935	1055	121	183	59	309	1903	998	916	621	492	54	395	1651	1014	493	2435	504	1822	344	1190	185	1033	79	2016	1418	220	26	202	183	306
534	0	811	1734	785	1525	557	394	1078	889	451	2112	411	361	856	362	1165	548	882	1590	454	295	459	642	405	421	705	490	578	522	593	944	850	663	1447	429	644	443	1699	859	1367	147	780	456	629	583	1227	349	545	1287	1695	636	400	1226	1575	727	634	416	594	1199	724	489	121	2348	397	914	605	1264	1264	743	708	1263	545	411	641	643	350	946	735	611	1226	205	358	601	826	301	1204	1456	2159	172	3296	1224	454	769	465	431	1362	370	2900	458	2013	782	351	300	1633	2091	1045	437	1367	552	1277	1009	549	634	601	2311	1287	1456	617	630	739	1233	1164	312	522	423	375	410	1477	2217	451	380	1016	769	2118	363	257	609	480	490	604	754	1143	1155	1281	367	693	355	1256	540	788	447	527	447	375	704	371	447	910	21	912	629	1818	552	366	566	710	267	673	1224	653	363	648	258	611	1330	936	200	1537	663	774	472	469	626	473	710	1165	673	360	120	286	1165	270	316	9	856	1148	674	781	1367	2121	1258	780	1362	608	344	455	352	1174	769	1404	757	190	803	565	486	1699	313	1789	259	867	475	626	346	1168	708	668	598	982	477	1238	466	510	611	510	560	768	3888	616	617	566	636	2162	648	617	489	494	663	1614	1325	828	423	307	510	812	1550	768	407	2848	429	2080	347	1457	425	870	463	1613	1233	447	560	636	648	259
454	811	0	1201	48	1925	285	476	548	893	658	2338	917	630	786	626	1600	467	885	1268	861	813	839	358	569	399	1374	517	425	478	245	892	757	158	1600	399	370	513	1361	622	752	915	737	643	391	531	663	1048	291	575	2368	621	693	1573	1244	707	452	916	904	591	848	361	912	1679	1002	297	783	707	707	86	307	964	291	918	375	766	468	181	1021	396	1573	833	619	497	182	555	1462	675	1462	799	2883	658	858	59	841	961	1608	670	2305	733	2365	1004	463	824	1111	1750	1382	688	752	331	1097	471	468	452	511	2247	575	675	210	561	872	1413	1453	609	493	676	809	920	677	1640	658	475	913	559	1655	507	687	367	606	515	542	892	777	546	1013	801	873	799	452	301	44	663	479	468	809	641	482	468	220	823	947	808	2327	258	622	872	827	818	357	658	169	507	340	686	396	762	457	775	2073	215	539	696	382	554	711	821	1600	357	630	928	604	1600	826	566	808	1528	337	141	864	752	1661	551	737	1586	208	777	850	780	1125	559	1304	462	807	984	594	964	1361	507	2351	688	1056	608	554	790	689	307	1379	449	554	588	1650	706	356	446	356	617	894	3423	391	201	872	621	1481	1074	528	637	509	158	1719	1354	688	615	579	508	101	1336	894	928	2649	942	1368	771	1569	410	837	513	1940	1866	670	449	621	587	685
1627	1734	1201	0	1249	3107	1431	1583	683	1005	1807	3539	2019	1746	960	1743	1706	1645	1006	2355	1990	1889	1973	1553	1702	1476	2428	1679	1609	1648	1401	2092	949	1321	1309	1490	1566	1656	429	883	454	1879	1938	1794	1585	1718	544	2069	1429	678	3428	1815	1367	1569	2329	1057	1648	2020	2067	610	1155	1491	1855	698	2072	920	1962	500	500	1191	1508	2102	1429	2020	1570	1180	1519	1269	1318	1586	1569	1613	1734	1687	1046	1441	2658	802	613	1821	1686	549	1987	1258	1977	2059	2807	1385	1166	1879	3560	2193	1501	1901	100	659	2566	1831	454	1494	701	764	1645	1648	1701	1410	678	802	1246	1755	1159	2615	2646	1422	1665	1815	1918	2021	1235	484	1807	1571	864	1760	464	1604	1756	1147	1766	1677	1732	1160	603	655	2157	1909	2060	1902	970	1441	1246	1811	1651	1607	1918	1840	1573	1607	1359	1755	1029	1989	3483	1335	1374	1338	1154	1882	1556	549	1329	1604	1536	1756	1586	440	820	1813	3215	1172	1739	1849	1505	1747	1864	1149	1706	1556	1381	1844	1448	1706	1889	1420	1737	2583	1095	1300	1106	454	470	689	1938	1403	1344	1879	1981	1885	894	1760	827	1663	1837	1198	1775	1507	429	1546	3484	1759	1208	1766	1747	1891	1786	1508	2401	1139	755	1747	1703	1858	1500	1126	1500	1797	1147	2222	1583	1343	1338	1815	573	1477	1720	1799	1672	1321	1297	2549	939	1320	1428	1676	1294	644	1147	2025	3710	2045	607	1875	2768	1507	980	1664	1760	2953	1817	1629	1815	1782	1755
408	785	48	1249	0	1877	246	438	594	918	613	2290	876	589	812	585	1609	421	909	1232	817	774	795	310	527	368	1333	472	378	432	206	845	783	123	1625	366	322	470	1406	653	801	884	689	598	343	484	711	1011	254	622	2326	573	691	1587	1209	728	404	874	857	639	864	323	883	1726	963	342	735	755	755	101	259	925	254	877	327	780	438	177	1032	348	1587	818	578	449	223	540	1413	716	1508	765	2930	705	814	15	797	919	1560	666	2353	688	2316	956	434	785	1159	1795	1334	644	801	288	1134	516	421	404	463	2284	622	716	204	513	888	1365	1405	599	448	632	767	878	695	1689	613	439	944	511	1703	470	650	380	561	470	494	908	818	594	972	760	825	758	489	263	4	619	433	427	767	593	446	427	196	796	970	761	2280	236	617	877	843	780	309	705	133	470	292	649	348	810	498	739	2027	225	491	651	344	506	666	837	1609	309	624	901	591	1609	788	554	781	1487	365	110	883	801	1708	599	689	1607	177	736	806	739	1156	511	1339	415	772	1000	547	962	1406	477	2305	651	1073	563	506	749	656	259	1340	462	595	543	1661	662	315	460	315	570	911	3471	344	168	877	573	1528	1078	480	592	464	123	1747	1307	715	615	567	462	65	1376	911	886	2612	900	1413	730	1521	375	862	469	1958	1823	625	402	573	539	648
1481	1525	1925	3107	1877	0	1675	1531	2425	2406	1302	681	1134	1373	2358	1376	2577	1464	2399	1432	1137	1269	1149	1566	1410	1640	916	1428	1502	1459	1707	1109	2346	1789	2955	1624	1555	1452	3171	2313	2671	1392	1209	1314	1533	1394	2563	1195	1677	2498	906	1303	1916	2682	1443	2227	1472	1131	1042	2502	2247	1617	1431	3596	1127	2188	1146	2606	2606	1920	1623	1354	1677	1134	1549	2160	1608	1917	2253	1529	2682	1724	1385	1427	2063	1743	496	2548	3371	1373	4758	2558	1139	1866	1144	1103	411	1880	4230	1232	489	920	1627	1259	3012	3571	542	1280	2671	1614	2780	2344	1463	1472	1413	3836	2498	2548	1861	1363	2263	601	485	1797	1443	1298	1217	1134	2306	3563	1302	1546	2522	1396	3542	1514	1389	1986	1341	1430	1383	2278	2578	2456	1308	1227	1051	1236	2305	1665	1881	1299	1457	1501	1217	1291	1545	1501	1827	1504	2434	1119	466	1774	1861	2090	2231	1287	1569	2558	1781	1514	1584	1389	1529	2668	2294	1365	370	1937	1419	1260	1603	1370	1245	2230	2577	1569	1858	1468	1763	2577	1281	1775	1517	841	2154	1811	2302	2671	3547	2476	1209	2856	1763	1258	1143	1251	2695	1396	2924	1490	1354	2329	1334	1990	3171	1589	584	1386	2390	1341	1370	1248	1605	1623	1006	2020	2373	1360	2655	1252	1606	2031	1606	1311	2292	5325	1533	1765	2090	1303	3397	2143	1397	1308	1435	1789	3127	823	2308	1917	1772	1431	1846	3054	2292	1133	1927	1111	3272	1260	641	1606	2380	1443	3045	635	1293	1481	1303	1339	1390
196	557	285	1431	246	1675	0	191	751	914	382	2133	633	345	822	341	1509	216	905	1226	580	527	560	170	287	137	1088	247	188	217	40	719	798	127	1609	128	181	232	1532	705	998	644	542	368	188	293	887	764	13	846	2084	395	563	1512	1206	710	245	632	638	827	816	76	646	1951	717	512	530	931	931	251	192	898	13	634	183	722	206	391	951	180	1512	626	334	269	389	364	1233	960	1738	520	3095	882	578	231	563	677	1386	529	2562	457	2130	762	208	539	1336	1930	1134	411	998	64	1202	670	217	245	282	2344	846	960	192	339	840	1202	1217	440	233	397	524	636	922	1889	382	193	976	401	1872	223	403	368	336	246	311	861	931	781	936	517	629	514	736	16	250	387	219	185	524	436	201	185	354	565	961	558	2062	116	479	776	795	534	194	882	117	223	160	402	180	992	626	493	1802	268	389	423	97	331	438	790	1509	194	484	668	420	1509	541	389	552	1243	609	146	850	998	1877	821	542	1569	88	492	570	495	1184	401	1390	326	526	948	346	822	1532	244	2078	404	1023	337	331	505	697	192	1093	436	713	317	1569	433	72	441	72	367	867	3652	179	91	776	395	1754	960	304	369	240	127	1747	1183	739	499	400	244	259	1463	867	643	2583	658	1647	486	1381	133	865	236	1896	1584	394	203	395	369	401
155	394	476	1583	438	1531	191	0	899	952	230	2027	449	164	876	160	1452	175	943	1259	407	337	390	248	121	109	899	144	192	153	231	672	857	317	1618	93	251	95	1646	794	1163	461	490	220	238	238	1042	573	184	1026	1899	328	522	1476	1241	752	256	449	489	990	826	115	468	2127	527	676	406	1085	1085	433	314	926	184	450	248	730	100	576	925	221	1476	509	152	239	559	301	1113	1150	1919	331	3228	1038	405	423	393	492	1270	484	2728	298	1997	640	119	349	1486	2046	996	250	1163	165	1283	819	176	256	245	2403	1026	1150	341	293	849	1099	1090	382	161	233	342	452	1105	2050	230	22	1039	412	2011	33	211	458	204	143	261	868	1049	943	954	334	512	329	927	175	442	232	158	64	342	390	29	64	527	398	993	436	1900	252	440	743	806	342	280	1038	307	33	254	210	221	1148	764	303	1634	413	410	273	94	286	286	803	1452	280	442	495	351	1452	349	335	387	1054	800	335	870	1163	2016	1000	490	1562	270	306	398	311	1236	412	1455	377	336	947	257	749	1646	111	1907	213	1021	202	286	319	786	314	902	503	842	187	1517	279	126	512	126	268	878	3795	225	276	743	328	1932	902	267	235	142	317	1768	1118	807	479	342	157	448	1552	878	458	2580	475	1829	301	1297	76	912	114	1866	1401	238	180	328	320	209
948	1078	548	683	594	2425	751	899	0	596	1124	2876	1337	1063	494	1059	1400	966	591	1792	1306	1210	1289	883	1018	792	1756	997	933	968	723	1436	466	647	1224	806	896	973	814	320	291	1219	1273	1111	913	1041	148	1401	748	315	2761	1140	753	1317	1767	517	976	1339	1383	139	664	808	1199	1270	1395	251	1281	188	188	520	847	1503	748	1338	900	640	837	663	864	913	1317	989	1050	1013	375	778	1983	564	1088	1148	2346	145	1304	599	1293	1378	2134	760	1835	1196	2882	1514	820	1222	586	1201	1885	1148	291	814	615	81	967	976	1026	1737	315	564	563	1082	681	1946	1968	774	984	1131	1236	1339	879	1154	1124	887	528	1102	1120	920	1076	473	1083	995	1057	693	261	114	1554	1226	1381	1220	536	760	591	1127	971	924	1236	1172	889	924	742	1098	646	1309	2799	651	737	803	653	1204	890	145	654	920	867	1075	913	253	142	1138	2532	488	1083	1166	822	1074	1180	646	1400	890	745	1194	794	1400	1211	762	1080	1913	582	626	642	291	1126	291	1273	1252	665	1197	1297	1202	710	1102	832	1007	1163	770	1097	960	814	865	2803	1079	818	1083	1074	1209	1207	847	1736	482	127	1064	1427	1174	818	469	818	1118	685	2900	910	664	803	1140	1086	990	1046	1116	990	647	1304	1900	412	690	772	995	648	816	685	1344	3172	1363	1017	1192	2112	823	542	981	1631	2278	1134	951	1140	1110	1075
1077	889	893	1005	918	2406	914	952	596	0	1168	2960	1273	1075	111	1073	804	1100	8	2130	1284	1139	1278	1084	1063	857	1585	1093	1089	1087	911	1617	142	885	707	879	1095	1047	843	299	823	1033	1435	1162	1101	1177	686	1237	903	911	2541	1275	491	725	2108	203	1154	1277	1405	726	172	924	998	1696	1283	684	1352	696	696	816	1090	1807	903	1273	1097	246	854	1068	312	1091	725	710	1064	1164	733	676	2042	1160	1564	1033	2425	686	1282	913	1283	1303	2201	526	2139	1221	2891	1578	834	1149	912	1219	1901	1178	823	971	397	595	1101	1154	1175	1453	911	1160	752	1230	166	2043	2010	612	1100	1159	1200	1273	1436	1474	1168	931	147	1314	1297	953	1029	554	1154	1092	1199	161	438	709	1847	1190	1457	1180	1098	911	917	1168	1092	1008	1200	1331	927	1008	1113	911	54	1381	2707	800	547	361	182	1120	1106	686	884	953	1073	1029	1091	744	535	1042	2425	699	1303	1208	924	1223	1219	181	804	1106	549	971	647	804	1125	642	896	1729	1097	872	114	823	1300	887	1435	696	862	1160	1280	1167	289	1314	517	1239	1052	195	1208	523	843	858	2672	1032	226	1151	1223	1168	1569	1090	1534	479	474	1139	832	1211	949	475	949	1220	146	3029	1091	869	361	1275	1543	471	1198	1183	1090	885	835	2071	212	493	641	1102	983	664	146	1274	3496	1296	1517	1158	2247	895	58	1065	1063	2107	1173	1095	1275	1260	1029
208	451	658	1807	613	1302	382	230	1124	1168	0	1799	277	100	1099	100	1599	201	1160	1139	205	225	182	329	109	339	736	141	247	183	418	497	1081	506	1815	322	323	151	1877	1024	1380	443	329	15	299	177	1264	466	382	1228	1715	191	710	1642	1124	971	263	274	259	1208	1032	317	468	2333	381	892	183	1307	1307	634	405	814	382	278	317	937	318	713	1108	286	1642	628	108	211	771	497	884	1327	2119	305	3457	1260	202	600	184	319	1042	671	2945	74	1767	412	338	232	1711	2277	765	33	1380	327	1510	1043	201	263	203	2622	1228	1327	561	203	1053	875	860	571	170	33	175	280	1219	2270	0	247	1262	344	2240	219	194	689	57	143	189	1072	1279	1161	830	171	288	176	1093	370	617	6	184	200	175	257	248	200	643	444	1207	213	1680	472	635	925	1013	249	350	1260	497	219	345	193	286	1370	991	269	1419	635	355	42	302	203	56	1010	1599	350	635	510	536	1599	253	532	442	885	953	527	1080	1380	2244	1203	329	1749	471	162	194	160	1456	344	1677	368	296	1144	129	899	1877	310	1695	192	1217	53	203	172	756	405	760	732	1071	72	1669	50	311	741	311	115	1083	4022	291	474	925	191	2136	1060	208	43	149	506	1970	914	1033	682	535	154	603	1780	1083	290	2411	299	2026	156	1079	304	1131	146	2032	1210	12	221	191	212	192
1938	2112	2338	3539	2290	681	2133	2027	2876	2960	1799	0	1702	1888	2896	1890	3219	1917	2952	1457	1678	1830	1683	1992	1908	2133	1576	1900	1946	1920	2157	1448	2880	2229	3559	2114	1979	1937	3665	2821	3088	1993	1603	1808	1962	1840	3001	1811	2139	2886	1455	1739	2479	3312	1477	2768	1899	1697	1555	2929	2812	2090	2034	3943	1723	2626	1620	3045	3045	2356	2031	1534	2139	1702	1975	2720	2118	2283	2847	1963	3312	2317	1899	1866	2501	2284	918	2882	3709	1946	5220	2996	1679	2282	1677	1680	759	2442	4605	1741	367	1387	2138	1821	3450	4064	1066	1786	3088	2069	3309	2795	1917	1899	1852	4410	2886	2882	2326	1796	2830	931	951	2349	1905	1805	1762	1702	2562	3964	1799	2046	3061	1779	3993	2019	1931	2482	1824	1902	1822	2848	3064	2885	1478	1772	1515	1783	2646	2127	2294	1798	1917	1983	1762	1704	2048	1983	2191	2092	2994	1590	853	2244	2414	2674	2794	1853	1986	2996	2222	2019	2009	1931	1963	3100	2758	1930	968	2402	1800	1758	2081	1804	1746	2792	3219	1986	2413	2076	2314	3219	1849	2318	2103	1517	2497	2250	2864	3088	3999	2868	1603	3470	2216	1802	1681	1794	3249	1779	3474	1876	1927	2909	1790	2594	3665	2107	1033	1928	2975	1825	1804	1795	1845	2031	1670	2530	2847	1842	3297	1754	2073	2540	2073	1772	2860	5759	1966	2215	2674	1739	3745	2753	1831	1792	1906	2229	3726	1004	2833	2467	2318	1898	2245	3580	2860	1705	1403	1682	3604	1803	775	2096	2926	1923	3685	1306	1793	1930	1739	1767	1931
481	411	917	2019	876	1134	633	449	1337	1273	277	1702	0	287	1223	291	1562	477	1265	1297	92	135	116	606	348	550	460	414	523	457	672	627	1211	760	1858	539	599	406	2044	1186	1609	313	510	292	576	451	1483	222	629	1476	1451	432	784	1632	1286	1092	539	6	213	1436	1116	559	352	2577	111	1123	296	1525	1525	882	681	994	629	1	594	1028	500	987	1145	562	1632	617	299	487	1008	610	792	1592	2369	244	3639	1479	94	861	119	43	950	748	3172	213	1617	393	517	124	1920	2443	635	243	1609	587	1646	1259	477	539	477	2713	1476	1592	788	465	1134	825	753	663	445	250	108	3	1496	2492	277	457	1388	595	2435	423	263	874	334	415	459	1150	1459	1389	996	116	341	119	1361	618	880	270	459	449	108	483	452	449	919	393	1303	305	1468	701	727	972	1100	153	627	1479	750	423	620	263	562	1589	1198	231	1196	858	610	253	540	467	241	1099	1562	627	724	398	628	1562	148	641	402	612	1225	780	1171	1609	2439	1449	510	1774	717	142	103	138	1562	595	1790	637	225	1207	394	897	2044	473	1465	260	1273	331	467	130	999	681	483	897	1267	349	1637	241	561	908	561	373	1163	4217	568	722	972	432	2382	1059	478	313	421	760	2024	939	1176	783	638	428	872	1920	1163	14	2477	25	2279	147	1053	524	1246	409	2017	951	264	497	432	464	264
214	361	630	1746	589	1373	345	164	1063	1075	100	1888	287	0	1008	4	1500	218	1067	1231	243	190	226	340	66	270	744	151	259	193	384	596	992	473	1716	257	337	124	1799	943	1327	373	424	100	316	230	1206	437	341	1189	1738	275	612	1542	1215	880	298	287	335	1155	936	271	393	2291	374	841	280	1249	1249	594	415	903	341	288	332	841	235	710	1008	299	1542	530	12	255	723	401	970	1305	2082	233	3385	1202	241	575	230	331	1129	572	2892	146	1844	503	255	200	1649	2199	843	102	1327	302	1423	983	219	298	251	2528	1189	1305	505	271	956	967	943	473	186	83	179	290	1230	2214	100	175	1173	413	2172	142	106	613	119	152	248	975	1204	1108	922	171	384	168	1077	330	593	97	196	162	179	343	173	162	649	356	1112	309	1736	417	537	826	916	204	366	1202	463	142	352	105	299	1312	927	196	1470	577	420	135	252	268	144	914	1500	366	537	431	438	1500	210	435	352	897	944	492	984	1327	2176	1163	424	1649	430	146	234	149	1363	413	1586	416	228	1046	204	799	1799	220	1743	105	1118	114	268	159	821	415	754	649	1002	118	1570	136	274	660	274	199	986	3955	305	435	826	275	2096	960	264	131	158	473	1872	1013	947	586	438	170	589	1695	986	297	2511	312	1991	140	1175	241	1039	134	1932	1239	101	236	275	288	104
994	856	786	960	812	2358	822	876	494	111	1099	2896	1223	1008	0	1006	906	1016	104	2032	1226	1088	1219	992	991	777	1559	1014	1002	1005	817	1534	31	785	814	798	1004	970	847	188	737	1003	1352	1091	1011	1094	595	1206	812	809	2531	1194	456	834	2009	130	1065	1227	1342	628	195	839	970	1641	1242	573	1281	610	610	711	994	1711	812	1223	1006	227	781	960	381	1002	834	692	997	1079	623	616	1978	1056	1498	988	2442	595	1225	808	1224	1255	2137	486	2111	1155	2839	1511	760	1098	863	1235	1844	1110	737	882	423	488	1017	1065	1090	1527	809	1056	653	1147	204	1974	1950	560	1019	1091	1144	1224	1325	1438	1099	856	165	1224	1285	880	971	457	1080	1013	1116	210	369	608	1752	1134	1387	1124	988	821	812	1099	1010	929	1144	1247	853	929	1006	878	165	1311	2673	707	498	378	193	1071	1013	595	786	880	980	972	1002	662	426	993	2392	597	1212	1139	841	1139	1151	188	906	1013	501	947	595	906	1077	583	862	1707	986	771	155	737	1288	784	1352	807	766	1103	1222	1110	362	1224	578	1146	1006	276	1129	547	847	789	2645	975	324	1078	1139	1112	1466	994	1514	386	370	1064	938	1143	862	381	862	1143	199	3038	1002	772	378	1194	1480	526	1114	1110	1011	785	935	1991	100	441	585	1022	877	697	199	1225	3401	1247	1445	1101	2173	815	53	988	1174	2085	1104	1010	1194	1177	971
210	362	626	1743	585	1376	341	160	1059	1073	100	1890	291	4	1006	0	1500	215	1065	1230	246	194	230	336	62	267	748	148	256	190	380	596	989	469	1714	253	333	120	1796	940	1324	376	424	100	312	227	1203	441	337	1185	1742	274	610	1542	1214	878	295	291	338	1151	934	267	395	2287	378	837	282	1245	1245	590	412	901	337	292	328	839	232	706	1007	295	1542	530	9	252	719	399	972	1301	2078	235	3382	1198	244	571	234	335	1131	571	2889	148	1847	505	252	204	1645	2196	845	104	1324	298	1420	979	215	295	249	2526	1185	1301	501	269	955	969	945	472	183	85	183	294	1227	2211	100	172	1170	411	2168	139	108	610	117	148	246	973	1201	1104	921	175	386	172	1073	326	589	98	193	158	183	342	170	158	645	357	1110	311	1740	413	535	825	915	208	363	1198	459	139	348	107	295	1308	923	199	1474	573	418	136	248	266	145	912	1500	363	536	433	437	1500	214	434	353	901	940	488	982	1324	2173	1159	424	1648	426	150	238	153	1361	411	1584	414	231	1045	203	799	1796	217	1746	107	1117	113	266	163	818	412	758	646	998	116	1570	138	270	657	270	198	984	3952	301	431	825	274	2092	959	262	131	154	469	1871	1015	944	584	436	167	585	1692	984	301	2511	316	1987	144	1177	237	1037	131	1932	1243	102	232	274	286	106
1606	1165	1600	1706	1609	2577	1509	1452	1400	804	1599	3219	1562	1500	906	1500	0	1626	808	2711	1617	1459	1624	1666	1523	1399	1662	1590	1636	1605	1524	2097	936	1535	557	1419	1674	1537	1396	1091	1617	1250	1923	1600	1670	1688	1486	1412	1495	1715	2419	1766	946	171	2693	922	1703	1568	1758	1530	767	1483	1209	2402	1512	1457	1766	1492	1492	1514	1701	2378	1495	1561	1673	836	1358	1781	579	1655	171	971	1494	1691	1475	1157	2342	1963	2307	1337	2770	1487	1617	1600	1630	1571	2494	980	2726	1619	3061	1946	1342	1463	1628	1656	2170	1592	1617	1547	1005	1394	1627	1703	1697	1450	1715	1963	1410	1741	745	2386	2295	1076	1612	1575	1540	1560	2214	2122	1599	1430	898	1863	1859	1435	1409	1232	1613	1589	1711	728	1223	1513	2406	1533	1858	1520	1885	1499	1610	1596	1610	1516	1540	1832	1422	1516	1801	1179	755	1792	2757	1420	1030	735	785	1430	1695	1487	1531	1435	1662	1410	1655	1534	1328	1365	2477	1385	1860	1627	1473	1736	1631	792	0	1695	1025	1164	1103	0	1432	1127	1175	1762	1862	1530	770	1617	1859	1690	1923	415	1494	1510	1619	1517	812	1863	923	1817	1354	639	1691	703	1396	1340	2671	1412	582	1609	1736	1511	2207	1701	1577	1151	1276	1605	78	1623	1511	1155	1511	1693	730	3392	1657	1503	735	1766	2275	550	1718	1631	1590	1535	716	2491	998	1011	1117	1606	1669	1142	730	1555	4010	1575	2276	1512	2615	1429	857	1559	467	2103	1597	1630	1766	1766	1411
22	548	467	1645	421	1464	216	175	966	1100	201	1917	477	218	1016	215	1626	0	1091	1084	406	404	382	128	154	244	938	67	45	26	243	517	994	325	1779	222	122	105	1747	913	1207	587	336	185	99	78	1100	652	221	1042	1915	180	692	1648	1066	897	85	475	436	1038	985	178	602	2147	578	724	318	1144	1144	456	204	752	221	479	116	888	269	511	1095	84	1648	682	213	66	599	473	1017	1129	1929	447	3311	1096	404	408	384	520	1169	654	2768	273	1915	547	286	414	1551	2146	921	234	1207	152	1409	885	1	85	75	2543	1042	1129	408	130	1008	986	1001	554	32	227	372	481	1020	2098	201	196	1175	237	2087	196	317	572	145	66	99	1028	1147	992	781	367	414	369	893	209	425	207	22	110	372	230	204	110	441	548	1144	345	1860	327	609	913	964	422	150	1096	317	196	143	315	84	1204	842	412	1605	484	235	234	175	122	249	961	1626	150	612	636	524	1626	427	506	540	1087	752	346	1025	1207	2092	1018	336	1729	301	350	395	351	1379	237	1591	209	445	1110	130	924	1747	286	1883	316	1185	148	122	362	620	204	959	632	930	128	1692	245	157	639	157	152	1037	3866	90	302	913	180	1949	1076	98	173	60	325	1926	976	939	644	514	49	404	1673	1037	490	2413	500	1835	344	1168	208	1056	87	2038	1409	214	19	180	160	314
1068	882	885	1006	909	2399	905	943	591	8	1160	2952	1265	1067	104	1065	808	1091	0	2122	1276	1131	1270	1075	1055	849	1578	1084	1080	1078	902	1609	135	876	716	870	1087	1038	848	292	820	1026	1427	1153	1092	1168	682	1230	894	906	2535	1267	484	731	2100	194	1145	1269	1396	722	167	915	991	1696	1276	677	1343	693	693	808	1082	1798	894	1265	1088	239	846	1060	312	1082	731	703	1055	1155	725	667	2033	1155	1564	1025	2431	683	1274	904	1275	1295	2193	518	2141	1212	2883	1570	825	1141	912	1224	1893	1169	820	963	403	589	1092	1145	1166	1461	906	1155	743	1221	162	2034	2002	604	1092	1150	1192	1266	1429	1476	1160	922	150	1305	1301	944	1021	546	1145	1083	1190	158	437	705	1839	1182	1449	1171	1092	902	909	1160	1083	999	1192	1322	919	999	1104	904	62	1373	2700	791	539	356	176	1112	1098	683	876	944	1064	1021	1082	741	529	1034	2418	690	1294	1200	915	1214	1210	174	808	1098	541	964	639	808	1117	633	889	1723	1090	863	109	820	1304	882	1427	704	853	1152	1272	1159	297	1305	525	1231	1044	195	1199	519	848	850	2666	1024	229	1143	1214	1160	1560	1082	1527	470	469	1130	837	1202	940	466	940	1212	143	3034	1083	860	356	1267	1543	470	1189	1174	1081	876	844	2062	204	485	633	1093	974	670	143	1266	3488	1288	1516	1150	2239	886	51	1057	1070	2101	1164	1086	1267	1251	1021
1105	1590	1268	2355	1232	1432	1226	1259	1792	2130	1139	1457	1297	1231	2032	1230	2711	1084	2122	0	1209	1336	1190	1058	1195	1318	1594	1123	1077	1106	1223	670	2004	1246	2833	1297	1048	1175	2601	1884	1911	1569	811	1134	1048	1025	1874	1518	1239	1677	2259	955	1774	2730	26	1930	1009	1290	1089	1789	2043	1236	1600	2613	1399	1554	1010	1914	1914	1330	1041	332	1239	1298	1048	1949	1354	1128	2172	1062	2730	1755	1234	1019	1450	1556	993	1589	2375	1440	4021	1869	1208	1233	1185	1317	1023	1736	3290	1144	1663	949	1370	1338	2284	2971	1094	1156	1911	1177	2366	1723	1083	1009	1014	3515	1677	1589	1379	972	2067	863	1038	1637	1099	1169	1257	1300	1196	2706	1139	1281	2172	847	2818	1277	1333	1576	1112	1123	1002	2087	2039	1753	308	1260	956	1272	1386	1232	1234	1144	1101	1194	1257	887	1288	1194	1054	1583	2180	994	1895	1334	1689	1993	2022	1365	1032	1869	1246	1277	1066	1332	1062	1954	1722	1404	1762	1435	852	1123	1244	977	1124	2017	2711	1032	1693	1644	1609	2711	1367	1588	1581	1678	1261	1260	2075	1911	2824	1669	811	2796	1268	1271	1201	1266	2385	847	2572	902	1428	2174	1029	2008	2601	1371	2012	1331	2250	1117	977	1276	584	1041	1671	1652	1820	1117	2776	1130	1209	1655	1209	1031	2094	4502	1060	1262	1993	955	2422	2161	993	1100	1122	1246	2966	615	1939	1718	1597	1106	1168	2601	2094	1310	1381	1300	2268	1267	798	1286	2079	1154	3118	1807	1144	1081	955	949	1331
413	454	861	1990	817	1137	580	407	1306	1284	205	1678	92	243	1226	246	1617	406	1276	1209	0	159	25	534	294	514	535	347	452	389	618	539	1212	707	1890	500	527	348	2034	1175	1570	378	417	221	503	371	1450	314	578	1427	1509	343	801	1680	1198	1096	461	86	141	1398	1133	510	415	2531	203	1083	204	1492	1492	832	608	903	578	93	521	1041	473	918	1177	490	1680	657	255	408	965	610	762	1532	2319	281	3624	1445	2	803	27	126	921	763	3135	133	1614	329	492	153	1892	2433	618	173	1570	529	1646	1226	406	461	397	2731	1427	1532	748	380	1151	781	727	672	375	184	83	96	1419	2458	205	419	1391	506	2413	385	255	852	261	348	376	1169	1443	1351	907	93	258	104	1298	567	821	199	389	395	83	392	416	395	846	438	1316	215	1493	659	736	999	1115	187	553	1445	697	385	550	254	490	1555	1169	257	1227	820	522	174	492	383	160	1114	1617	553	735	462	636	1617	185	643	444	681	1159	727	1185	1570	2418	1401	417	1812	667	123	12	116	1573	506	1800	552	263	1231	311	938	2034	452	1500	251	1300	258	383	116	908	608	566	883	1243	278	1691	161	508	894	508	288	1181	4196	496	671	999	343	2335	1101	396	235	355	707	2053	875	1173	790	642	359	808	1920	1181	106	2408	105	2227	125	1003	484	1253	348	2067	1005	193	426	343	377	255
402	295	813	1889	774	1269	527	337	1210	1139	225	1830	135	190	1088	194	1459	404	1131	1336	159	0	165	529	256	430	562	337	448	381	567	673	1076	654	1734	422	525	314	1909	1052	1484	233	527	238	504	400	1356	247	521	1360	1564	412	651	1521	1323	957	479	138	299	1311	984	451	266	2457	190	1002	328	1398	1398	770	605	1019	521	135	520	895	374	900	1020	487	1521	498	199	431	890	475	916	1488	2252	122	3504	1352	159	759	170	171	1075	615	3045	193	1752	488	390	12	1790	2307	765	196	1484	489	1510	1132	405	479	425	2582	1360	1488	668	429	1002	939	879	528	372	192	83	136	1421	2364	225	341	1253	569	2302	307	134	743	277	338	414	1019	1326	1265	1029	77	405	65	1263	511	778	219	383	350	83	474	335	350	839	279	1169	348	1602	583	592	844	967	30	555	1352	644	307	542	134	487	1462	1069	99	1328	735	581	223	431	428	217	966	1459	555	590	312	493	1459	30	505	285	718	1132	672	1038	1484	2306	1333	527	1654	607	66	160	70	1429	569	1656	591	104	1078	355	779	1909	344	1594	131	1146	272	428	60	981	605	566	763	1136	286	1532	213	458	774	458	340	1031	4083	493	613	844	412	2263	942	432	268	344	654	1898	1032	1041	648	503	355	777	1784	1031	138	2561	159	2164	72	1162	408	1111	324	1908	1071	215	423	412	437	135
390	459	839	1973	795	1149	560	390	1289	1278	182	1683	116	226	1219	230	1624	382	1270	1190	25	165	0	510	274	497	560	324	428	366	597	521	1204	686	1890	483	502	327	2022	1164	1552	391	395	197	479	346	1432	337	558	1407	1532	317	797	1685	1179	1088	436	111	135	1380	1129	490	427	2511	228	1065	182	1475	1475	812	584	882	558	118	496	1037	460	894	1177	466	1685	661	239	383	945	603	765	1509	2299	287	3611	1428	23	781	5	152	925	759	3117	108	1623	323	479	161	1875	2422	625	150	1552	508	1637	1209	382	436	372	2727	1407	1509	730	354	1148	779	732	666	352	163	84	120	1394	2440	182	402	1384	480	2398	369	248	839	237	325	351	1165	1429	1333	887	92	243	105	1275	546	799	176	366	374	84	367	400	374	822	444	1311	195	1510	641	731	998	1111	194	528	1428	676	369	526	248	466	1538	1154	260	1245	803	496	149	473	357	135	1109	1624	528	730	473	630	1624	193	636	449	706	1135	706	1180	1552	2403	1381	395	1813	647	120	13	112	1567	480	1793	526	269	1229	285	942	2022	440	1519	245	1298	234	357	115	883	584	592	871	1228	254	1697	137	487	882	487	263	1177	4182	471	651	998	317	2315	1105	370	211	332	686	2053	867	1163	784	636	336	785	1911	1177	131	2397	131	2206	120	1000	466	1246	326	2072	1028	170	402	317	351	248
126	642	358	1553	310	1566	170	248	883	1084	329	1992	606	340	992	336	1666	128	1075	1058	534	529	510	0	274	267	1066	193	82	149	176	559	967	237	1779	248	12	218	1681	868	1108	698	389	314	33	176	1011	777	181	932	2041	263	720	1675	1038	881	94	603	554	943	985	183	710	2034	705	635	427	1055	1055	363	76	729	181	607	17	890	319	384	1115	43	1675	751	333	140	509	510	1105	1007	1814	561	3229	1006	531	299	511	649	1254	685	2663	401	2008	646	330	539	1461	2077	1024	362	1108	118	1365	802	128	94	154	2510	932	1007	349	203	1009	1063	1095	590	160	355	500	609	892	1998	329	264	1144	233	2002	279	431	535	272	192	184	1030	1082	897	766	494	515	496	769	174	314	336	147	197	500	288	274	197	313	646	1131	452	1972	284	636	938	964	545	31	1006	231	279	17	430	43	1113	768	527	1722	420	219	360	195	196	375	960	1666	31	640	740	565	1666	551	539	636	1215	626	257	1020	1108	2007	909	389	1738	232	477	522	478	1353	233	1557	156	561	1116	240	971	1681	348	2001	431	1191	276	196	490	546	76	1087	605	861	257	1727	372	154	610	154	264	1037	3776	38	229	938	263	1836	1115	169	299	185	237	1918	1025	906	661	549	177	283	1624	1037	618	2413	628	1718	471	1230	241	1035	205	2061	1534	342	108	263	229	428
148	405	569	1702	527	1410	287	121	1018	1063	109	1908	348	66	991	62	1523	154	1055	1195	294	256	274	274	0	230	807	89	194	128	325	578	973	413	1718	213	271	58	1767	914	1277	433	400	99	250	178	1159	503	284	1133	1798	242	615	1558	1179	865	237	346	368	1105	931	215	450	2237	438	790	289	1202	1202	538	349	865	284	349	266	835	210	645	1016	233	1558	560	58	198	670	397	993	1244	2025	292	3349	1155	291	513	278	391	1151	576	2843	178	1876	521	230	266	1604	2167	874	130	1277	239	1401	937	155	237	196	2516	1133	1244	456	225	953	982	969	475	123	113	239	351	1164	2166	109	138	1155	364	2132	111	163	579	93	89	199	972	1170	1058	887	232	395	231	1014	272	531	111	132	101	239	309	139	101	583	403	1103	319	1783	367	536	833	911	270	301	1155	403	111	286	161	233	1265	884	257	1519	530	368	152	198	221	165	909	1523	301	537	486	441	1523	276	432	397	960	879	433	977	1277	2136	1107	400	1657	373	209	284	212	1350	364	1570	358	290	1047	168	820	1767	206	1794	162	1120	89	221	222	766	349	819	622	963	81	1592	158	214	632	214	170	982	3915	239	377	833	242	2041	978	212	119	94	413	1872	1012	925	581	437	108	525	1671	982	359	2493	372	1934	203	1183	196	1025	69	1949	1297	117	171	242	247	160
221	421	399	1476	368	1640	137	109	792	857	339	2133	550	270	777	267	1399	244	849	1318	514	430	497	267	230	0	991	237	242	230	172	760	756	244	1535	21	275	196	1538	687	1059	516	578	328	271	319	936	653	125	930	1994	418	455	1412	1298	655	309	550	598	886	740	84	515	2027	620	573	513	978	978	344	314	986	125	551	274	644	71	525	855	256	1412	492	258	310	460	242	1220	1067	1822	401	3119	931	511	352	501	592	1377	419	2623	407	2106	747	71	442	1378	1938	1105	359	1059	152	1178	712	245	309	319	2305	930	1067	239	373	763	1204	1198	322	243	342	445	552	1055	1944	339	94	938	473	1903	128	297	350	309	235	342	783	940	839	1018	436	618	431	851	121	371	341	235	152	445	474	97	152	491	431	900	542	2007	153	371	675	720	430	298	931	234	128	265	296	256	1042	656	378	1740	308	466	381	74	366	395	716	1399	298	375	534	297	1399	437	272	417	1147	733	258	781	1059	1907	903	578	1486	191	407	505	412	1139	473	1354	418	410	866	352	703	1538	109	2012	299	941	307	366	420	814	314	988	398	733	291	1461	388	113	407	113	366	792	3686	258	199	675	418	1833	848	343	341	233	244	1681	1214	704	401	282	244	391	1447	792	558	2656	575	1734	403	1398	37	814	211	1800	1500	347	242	418	403	295
942	705	1374	2428	1333	916	1088	899	1756	1585	736	1576	460	744	1559	748	1662	938	1578	1594	535	562	560	1066	807	991	0	874	983	918	1128	957	1554	1215	2064	984	1060	865	2404	1562	2038	557	903	752	1036	906	1905	359	1083	1922	1005	870	1103	1772	1590	1432	996	463	571	1865	1415	1012	589	3014	371	1560	704	1945	1945	1332	1141	1336	1083	459	1054	1341	932	1448	1383	1022	1772	875	754	943	1451	987	791	2049	2812	608	4001	1901	538	1318	560	417	914	1074	3591	668	1398	652	946	550	2327	2795	610	703	2038	1046	1978	1681	938	996	933	2965	1922	2049	1229	913	1427	886	733	1015	906	711	568	457	1954	2908	736	903	1717	1029	2821	869	693	1284	794	876	911	1439	1845	1819	1323	575	692	575	1821	1072	1337	730	919	906	568	909	897	906	1379	683	1602	699	1131	1144	1071	1239	1403	560	1086	1901	1205	869	1081	694	1022	2010	1614	620	847	1294	1048	709	992	916	695	1404	1662	1086	1066	613	985	1662	553	1010	700	156	1686	1234	1472	2038	2825	1894	903	1957	1170	597	547	594	1863	1029	2092	1085	594	1474	846	1114	2404	899	1087	691	1527	790	916	584	1412	1141	96	1289	1672	809	1740	696	1017	1301	1017	823	1454	4593	1028	1175	1239	870	2822	1256	931	770	882	1215	2239	1092	1533	1128	1003	889	1332	2249	1454	448	2594	437	2725	603	1110	970	1571	870	2130	527	724	958	870	907	695
67	490	517	1679	472	1428	247	144	997	1093	141	1900	414	151	1014	148	1590	67	1084	1123	347	337	324	193	89	237	874	0	110	44	281	528	994	367	1762	216	188	52	1766	922	1246	522	346	126	166	98	1134	585	249	1089	1856	184	666	1618	1105	891	148	411	391	1075	970	191	539	2194	512	760	284	1178	1178	497	269	790	249	415	183	873	244	573	1069	150	1618	635	146	110	637	445	992	1185	1979	381	3338	1130	344	458	326	457	1147	627	2809	216	1886	519	263	347	1583	2165	887	173	1246	188	1415	916	67	148	111	2542	1089	1185	434	151	993	969	973	526	35	164	307	417	1086	2137	141	166	1175	281	2116	155	252	582	89	1	121	1012	1166	1029	816	301	387	303	951	237	476	147	46	85	307	246	172	85	506	489	1135	313	1815	348	584	886	950	354	217	1130	358	155	207	250	150	1239	868	346	1558	510	284	178	181	145	194	947	1590	217	586	574	494	1590	360	479	482	1025	812	388	1013	1246	2121	1064	346	1707	335	284	335	285	1376	281	1592	269	379	1091	115	886	1766	253	1834	251	1165	91	145	296	678	269	893	635	952	70	1657	189	178	643	178	129	1022	3898	156	338	886	184	1997	1041	130	121	7	367	1912	977	941	623	486	19	461	1682	1022	426	2436	437	1885	277	1160	199	1051	31	2008	1352	154	85	184	177	249
46	578	425	1609	378	1502	188	192	933	1089	247	1946	523	259	1002	256	1636	45	1080	1077	452	448	428	82	194	242	983	110	0	67	210	532	979	288	1775	220	77	140	1720	892	1169	624	354	231	56	108	1065	695	195	1000	1960	207	696	1653	1058	886	67	520	479	1001	980	165	637	2105	623	688	357	1109	1109	419	158	744	195	524	72	884	278	466	1097	39	1653	701	253	80	563	479	1050	1085	1887	485	3279	1060	449	366	429	566	1201	659	2728	319	1950	583	293	457	1516	2118	959	280	1169	124	1389	852	45	67	94	2528	1000	1085	380	150	1003	1015	1036	560	77	272	417	526	975	2060	247	211	1159	231	2054	218	355	553	190	110	123	1023	1119	955	776	412	451	413	848	184	382	253	64	131	417	248	220	131	396	579	1134	383	1901	303	612	916	959	464	106	1060	280	218	97	353	39	1169	812	451	1648	455	225	279	168	143	294	955	1636	106	616	670	532	1636	470	511	570	1133	707	309	1018	1169	2059	977	354	1727	269	395	440	395	1365	231	1574	185	484	1107	168	935	1720	300	1926	354	1182	193	143	407	595	158	1004	616	901	174	1700	291	140	623	140	192	1031	3832	45	268	916	207	1907	1085	115	218	103	288	1918	995	922	644	520	94	360	1651	1031	535	2415	545	1791	388	1192	208	1043	125	2042	1454	259	25	207	180	352
24	522	478	1648	432	1459	217	153	968	1087	183	1920	457	193	1005	190	1605	26	1078	1106	389	381	366	149	128	230	918	44	67	0	247	530	984	332	1763	208	144	79	1744	906	1213	560	348	168	122	89	1104	628	220	1051	1898	189	673	1628	1088	885	111	455	426	1043	969	170	576	2157	556	728	313	1148	1148	462	225	773	220	459	139	873	250	530	1076	106	1628	657	187	86	604	453	1016	1144	1940	421	3312	1099	386	419	367	501	1170	635	2775	257	1913	545	267	390	1553	2143	917	216	1213	154	1401	887	27	111	92	2533	1051	1144	407	144	992	989	1000	534	16	207	351	460	1042	2104	183	174	1165	259	2089	172	291	565	129	42	112	1012	1144	996	801	345	412	347	909	208	436	189	5	88	351	244	182	88	462	522	1131	341	1851	324	590	894	949	397	173	1099	323	172	163	289	106	1208	842	386	1595	483	259	218	164	137	234	945	1605	173	593	610	504	1605	403	486	514	1068	769	353	1011	1213	2094	1027	348	1711	304	328	377	329	1367	259	1581	235	419	1093	130	902	1744	264	1872	290	1168	131	137	340	646	225	937	622	928	111	1670	230	152	630	152	150	1021	3869	112	305	894	189	1959	1055	115	159	36	332	1911	986	929	626	494	30	419	1666	1021	470	2430	480	1846	321	1175	193	1044	61	2018	1393	196	42	189	173	288
225	593	245	1401	206	1707	40	231	723	911	418	2157	672	384	817	380	1524	243	902	1223	618	567	597	176	325	172	1128	281	210	247	0	734	792	88	1610	165	189	269	1510	692	965	683	560	404	200	318	857	804	48	809	2123	418	579	1522	1202	708	261	671	672	795	820	116	684	1914	756	481	560	901	901	216	182	897	48	673	191	727	242	353	961	196	1522	656	373	291	356	388	1260	921	1701	560	3068	852	615	191	600	716	1412	547	2528	493	2159	791	243	579	1307	1907	1164	447	965	92	1189	641	244	261	304	2333	809	921	173	361	844	1225	1245	461	263	434	563	675	884	1856	418	232	968	410	1844	264	443	359	370	279	334	865	910	749	936	556	658	553	696	56	210	423	249	223	563	455	240	223	320	602	959	588	2096	111	497	789	799	574	196	852	78	264	164	442	196	961	601	533	1838	246	396	458	137	353	473	794	1524	196	502	706	443	1524	581	411	589	1282	570	108	852	965	1849	784	560	1574	58	531	608	534	1177	410	1380	329	566	953	374	842	1510	280	2114	444	1028	371	353	544	684	182	1133	431	690	351	1582	468	110	436	110	396	871	3623	194	58	789	418	1718	977	325	402	273	88	1746	1199	730	512	423	275	220	1448	871	682	2585	697	1609	525	1401	172	861	272	1905	1622	430	228	418	390	441
540	944	892	2092	845	1109	719	672	1436	1617	497	1448	627	596	1534	596	2097	517	1609	670	539	673	521	559	578	760	957	528	532	530	734	0	1512	795	2291	738	546	578	2240	1424	1640	906	182	496	533	440	1556	848	727	1439	1769	344	1192	2137	660	1415	473	620	420	1482	1498	695	939	2514	730	1185	344	1599	1599	917	588	379	727	628	543	1402	773	838	1594	539	2137	1126	603	454	1061	972	615	1455	2284	783	3775	1550	538	838	516	647	741	1153	3166	487	1504	308	792	673	2003	2634	604	507	1640	655	1921	1356	516	473	443	3060	1439	1455	907	387	1521	538	625	1051	517	523	591	630	1197	2518	497	694	1692	333	2548	680	690	1086	486	529	418	1541	1642	1438	373	596	287	608	1213	717	848	501	525	612	591	286	700	612	746	934	1661	326	1557	835	1111	1411	1478	703	547	1550	790	680	574	689	539	1654	1327	749	1347	980	353	472	693	394	470	1475	2097	547	1113	984	1018	2097	703	1007	934	1064	1062	815	1541	1640	2553	1421	182	2234	791	610	532	604	1896	333	2107	429	769	1619	415	1395	2240	778	1625	687	1694	490	394	613	512	588	1024	1148	1420	497	2166	477	671	1155	671	408	1550	4311	540	789	1411	344	2314	1555	420	466	530	795	2440	466	1455	1152	1012	517	797	2182	1550	640	1915	630	2181	606	676	723	1573	558	2527	1273	500	524	344	357	688
972	850	757	949	783	2346	798	857	466	142	1081	2880	1211	992	31	989	936	994	135	2004	1212	1076	1204	967	973	756	1554	994	979	984	792	1512	0	758	844	777	979	951	850	157	713	997	1330	1073	987	1073	570	1199	788	780	2530	1173	451	865	1982	122	1042	1215	1326	601	213	816	965	1626	1233	541	1262	586	586	682	968	1684	788	1212	981	232	763	929	404	978	865	691	980	1057	593	602	1962	1027	1479	978	2446	570	1211	779	1209	1244	2121	480	2103	1138	2826	1493	742	1087	851	1241	1830	1093	713	859	434	457	995	1042	1068	1549	780	1027	627	1125	224	1956	1934	550	998	1074	1130	1212	1294	1428	1081	837	181	1200	1283	862	957	432	1061	992	1094	232	352	580	1726	1120	1369	1110	957	798	782	1081	988	908	1130	1225	834	908	977	872	197	1292	2665	683	488	389	208	1059	988	570	759	862	956	958	978	640	395	983	2385	569	1187	1122	819	1117	1133	202	936	988	493	944	584	936	1065	571	856	1703	954	744	178	713	1286	755	1330	838	740	1089	1207	1097	385	1200	597	1121	996	303	1109	558	850	772	2639	961	353	1059	1117	1099	1437	968	1511	363	340	1045	968	1126	840	357	840	1123	223	3041	978	746	389	1173	1463	546	1091	1091	990	758	964	1970	69	431	573	1001	848	708	223	1213	3375	1235	1425	1087	2154	794	84	968	1205	2081	1086	987	1173	1155	957
