NAME : VRPTW_INSTANCE_124.txt
COMMENT : Bangkok Supermarket
TYPE : VRPTW
DIMENSION : 219
DAYS : Thursday
EDGE_WEIGHT_TYPE : EXPLICIT
VEHICLES : 30
EDGE_WEIGHT_FORMAT : FULL_MATRIX
CAPACITY : 1000
EDGE_WEIGHT_SECTION
0	419	665	437	494	1190	350	418	210	815	911	199	1058	1005	425	214	400	246	643	1855	243	31	534	963	1190	204	214	650	330	1904	862	1382	124	990	1247	133	962	248	135	1711	946	1647	623	752	840	1627	400	358	821	2008	310	633	2395	22	3371	347	532	639	1724	348	1435	815	1231	1049	1964	437	97	193	37	2065	1137	183	1095	1048	437	776	205	382	807	221	1171	46	889	216	311	492	952	118	977	400	3301	496	395	371	419	534	376	363	210	330	593	23	216	410	1993	264	207	204	46	590	206	89	402	497	24	390	368	402	221	24	404	1672	988	265	171	807	120	394	1468	379	425	570	991	153	201	308	1902	1231	2132	128	503	1004	220	254	1606	1131	46	3138	1178	213	379	215	3556	191	347	379	311	212	413	1066	218	568	373	124	124	200	485	840	428	1190	418	1847	165	330	135	645	482	1994	401	609	830	404	597	210	418	580	1447	946	2098	431	329	290	205	474	524	122	221	113	583	118	258	54	609	185	1096	1011	166	307	1056	1911	1707	964	395	503	124	1402	427	226	437
419	0	364	762	889	779	736	776	623	406	801	356	811	1417	793	590	812	515	439	2165	514	440	773	572	779	489	590	900	99	2212	482	966	321	795	835	293	824	425	549	1409	745	1577	940	394	441	1548	769	713	774	1893	649	880	1976	441	2984	731	557	917	2143	732	1051	466	826	630	2379	764	480	237	435	1651	1555	601	920	893	625	1193	618	796	421	356	763	392	982	593	645	539	635	346	573	769	2896	892	105	49	750	773	721	781	583	99	368	442	593	828	1815	419	620	489	392	1009	619	484	771	892	442	66	759	771	503	443	732	1528	694	608	589	421	344	778	1289	773	793	907	874	570	249	646	1701	826	1931	496	542	686	632	669	1572	1376	392	2808	772	590	765	632	3167	349	731	765	712	259	779	662	594	611	763	321	504	218	399	441	129	779	776	2266	565	99	316	1061	876	1881	811	414	445	45	616	626	776	634	1298	811	1730	75	707	421	579	846	921	511	638	496	604	346	188	472	414	367	920	1372	581	643	873	1776	1288	569	105	898	321	992	846	642	763
665	364	0	1079	1159	787	1016	1076	873	300	1138	686	447	1563	1086	873	989	620	770	2118	621	672	1118	686	787	618	873	875	444	2161	246	814	617	1096	665	579	1150	763	798	1590	1047	1906	1263	128	565	1874	1062	826	1128	2198	955	1226	1822	685	2992	1012	922	1255	2342	1013	1121	163	854	554	2519	1079	680	543	695	1593	1769	838	1224	1208	976	1416	868	979	222	693	790	623	1346	876	953	903	288	553	646	1062	2856	1161	301	377	832	1118	823	987	869	444	702	683	876	1032	2088	762	870	618	623	1224	868	751	1064	1162	689	332	1033	1064	622	687	1046	1826	335	910	829	222	550	1059	1575	1045	1086	1221	1205	813	569	952	1961	854	2186	680	906	902	883	912	1912	1293	623	2921	581	873	1044	870	3169	501	1012	1044	976	453	1074	476	878	976	1039	617	693	500	762	565	487	787	1076	2432	758	444	617	1234	1147	2188	1062	752	233	336	980	868	1076	998	1600	1138	1804	431	846	769	864	955	1190	706	878	690	969	553	522	718	752	693	1223	1421	794	951	1176	2074	1156	675	301	1169	617	986	1045	883	1079
437	762	1079	0	230	1441	162	79	295	1166	820	406	1491	927	106	229	482	638	733	1984	635	446	179	1185	1441	603	229	955	663	2034	1243	1705	461	972	1585	499	890	343	338	1742	943	1423	186	1145	1089	1414	107	618	689	1810	127	234	2690	424	3508	158	456	211	1484	157	1611	1214	1463	1361	1811	3	480	538	401	2299	906	340	1037	976	241	573	296	463	1183	408	1413	484	592	228	127	422	1367	554	1223	107	3486	234	783	727	690	179	643	400	230	663	722	429	228	415	1860	354	298	603	484	463	299	349	106	233	419	762	178	106	616	423	33	1522	1411	172	337	1183	556	155	1370	185	106	144	890	340	517	129	1799	1463	2020	503	434	1119	290	299	1351	1385	484	3169	1528	230	161	325	3695	629	158	161	220	638	99	1421	224	448	173	461	489	578	556	1089	701	1441	79	1658	458	663	462	603	219	1795	267	705	1207	768	486	316	79	440	1319	875	2215	735	560	363	235	657	254	475	316	483	478	554	575	398	705	395	1039	1105	406	130	1012	1738	2006	1191	783	235	461	1638	431	313	1
494	889	1159	230	0	1619	153	157	287	1295	1051	550	1536	697	129	299	334	618	941	1774	615	487	402	1369	1619	593	299	842	791	1824	1353	1853	568	1199	1725	599	1120	510	361	1969	1169	1638	279	1245	1263	1631	143	522	920	2027	266	422	2855	474	3723	159	680	366	1282	159	1812	1309	1647	1513	1588	227	491	652	466	2486	695	326	1267	1207	467	348	292	321	1297	560	1593	536	803	295	272	644	1446	607	1400	143	3691	4	884	846	586	402	546	264	305	791	920	476	295	253	2087	526	291	593	536	237	292	411	142	3	470	873	130	142	600	472	235	1748	1478	295	333	1297	609	114	1601	116	129	210	1120	347	641	270	2029	1647	2248	501	656	1330	278	254	1559	1227	536	3398	1660	298	125	296	3910	667	159	125	183	706	141	1550	294	676	126	568	487	680	759	1263	856	1619	157	1442	432	791	573	385	13	2012	115	911	1320	884	714	295	157	670	1548	1105	2432	879	463	544	310	515	31	472	287	486	706	607	704	441	911	535	1269	898	383	273	1242	1960	2167	1374	884	9	568	1822	262	282	229
1190	779	787	1441	1619	0	1466	1481	1382	486	964	1070	1013	2195	1504	1327	1589	1285	745	2893	1284	1214	1377	262	0	1263	1327	1630	860	2937	578	389	1078	801	384	1058	924	1110	1313	900	773	1556	1587	666	356	1514	1483	1489	1050	1733	1355	1467	1255	1213	2221	1460	1048	1530	2897	1460	348	678	74	252	3155	1444	1259	998	1200	874	2308	1367	895	923	1230	1947	1376	1572	572	1059	40	1169	1368	1331	1350	1062	777	1126	218	1483	2118	1622	843	829	1521	1377	1495	1553	1320	860	731	1214	1331	1600	1537	1094	1379	1263	1169	1772	1378	1243	1484	1622	1213	826	1492	1484	1275	1215	1417	1368	853	1323	1354	572	1123	1504	1113	1507	1504	1578	986	1335	998	1352	1389	74	1587	1276	1055	476	1390	1430	1617	2074	1169	2142	423	1328	1493	1397	2401	1122	1460	1493	1456	1035	1489	427	1331	1089	1495	1078	1283	993	897	356	769	0	1481	3035	1344	860	1069	1836	1605	1728	1560	762	570	806	1065	1389	1481	1110	1183	923	1019	759	1486	1080	1317	1623	1650	1290	1401	1275	1062	1126	935	1241	762	1086	893	2140	1356	1349	858	1593	586	252	843	1627	1078	213	1618	1405	1442
350	736	1016	162	153	1466	0	94	159	1143	943	397	1404	807	85	146	320	509	800	1830	506	348	337	1218	1466	479	146	797	638	1881	1204	1700	416	1078	1572	448	1009	360	224	1844	1045	1578	309	1097	1110	1567	65	462	819	1962	126	395	2701	332	3583	6	557	364	1432	7	1666	1162	1496	1359	1725	160	364	499	320	2336	844	204	1155	1097	355	488	162	300	1146	407	1441	395	751	143	133	519	1303	467	1248	65	3544	156	735	694	533	337	487	238	152	638	775	335	143	256	2002	377	162	479	395	340	164	264	66	157	328	722	27	66	489	330	144	1665	1339	145	206	1146	469	43	1502	41	85	244	1016	216	487	129	1935	1496	2158	380	531	1189	151	147	1510	1223	395	3276	1508	146	28	181	3770	533	6	28	61	563	78	1398	141	563	28	416	366	529	618	1110	702	1466	94	1585	322	638	420	464	140	1948	119	769	1170	732	601	175	94	560	1457	994	2294	725	402	396	157	495	185	351	172	363	591	467	551	300	769	381	1157	952	270	132	1127	1886	2013	1223	735	162	416	1671	274	168	161
418	776	1076	79	157	1481	94	0	247	1183	894	424	1476	851	28	204	408	597	788	1905	594	421	259	1227	1481	564	204	892	677	1955	1252	1732	463	1041	1608	499	963	372	303	1811	1011	1502	217	1150	1126	1493	30	556	765	1889	128	305	2725	402	3568	92	522	270	1430	91	1663	1217	1506	1388	1745	76	446	544	384	2344	847	292	1110	1050	309	505	249	390	1193	430	1453	464	671	202	132	486	1364	536	1262	30	3540	162	787	737	627	259	581	327	208	677	771	406	202	338	1939	386	250	564	464	385	251	329	29	161	397	770	103	29	576	400	77	1601	1404	169	292	1193	538	77	1447	108	28	155	965	299	527	131	1877	1506	2098	465	498	1176	240	240	1430	1313	464	3240	1547	205	85	272	3755	607	92	85	155	627	20	1438	199	518	98	463	450	580	608	1126	728	1481	0	1596	411	677	466	524	145	1874	188	759	1217	778	557	265	0	513	1397	948	2276	756	497	400	213	586	185	436	263	446	548	536	589	373	759	411	1112	1026	359	134	1084	1817	2038	1233	787	163	463	1681	354	259	78
210	623	873	295	287	1382	159	247	0	1024	972	323	1250	831	243	99	254	350	769	1774	347	200	446	1144	1382	319	99	666	529	1824	1073	1589	305	1084	1456	330	1032	319	75	1835	1045	1656	464	962	1027	1641	221	330	860	2033	190	524	2599	189	3538	158	577	507	1520	159	1607	1025	1418	1253	1779	294	206	387	188	2256	932	45	1174	1121	409	570	5	232	1018	340	1360	250	848	96	196	535	1158	320	1165	221	3482	289	606	577	403	446	355	187	104	529	732	190	96	229	2049	339	3	319	250	390	4	139	223	290	186	599	168	223	330	187	267	1718	1191	165	47	1018	323	199	1536	177	243	401	1049	60	384	190	1971	1418	2199	221	548	1150	9	48	1598	1116	250	3268	1388	97	183	34	3724	380	158	183	106	421	235	1276	100	597	175	305	206	406	592	1027	612	1382	247	1653	164	529	313	470	276	2018	190	736	1041	612	632	22	247	601	1501	1016	2255	625	275	364	103	396	316	192	29	204	620	320	447	156	736	306	1176	903	112	192	1141	1948	1911	1147	606	297	305	1591	249	30	295
815	406	300	1166	1295	486	1143	1183	1024	0	1001	760	610	1788	1200	996	1191	848	654	2412	847	832	1159	412	486	834	996	1157	505	2456	141	569	727	915	431	696	996	824	949	1312	869	1736	1339	184	313	1700	1176	1058	1027	1995	1055	1263	1586	837	2698	1138	890	1309	2537	1138	823	216	554	262	2750	1167	861	643	836	1311	1952	998	1039	1037	1007	1591	1019	1177	99	757	490	782	1296	1000	1051	885	371	723	359	1176	2572	1298	423	449	1077	1159	1059	1171	990	505	599	837	1000	1218	1855	815	1021	834	782	1404	1020	887	1178	1299	839	425	1165	1178	843	839	1136	1619	451	1014	987	99	720	1185	1362	1179	1200	1310	1057	968	656	1052	1721	554	1939	870	884	664	1033	1069	1761	1590	782	2623	365	997	1172	1030	2876	698	1138	1172	1116	622	1186	255	1001	943	1169	727	881	618	718	313	473	486	1183	2649	945	505	722	1440	1282	1986	1214	649	109	412	935	1025	1183	966	1401	987	1504	432	1066	812	986	1191	1327	890	1036	874	926	723	594	869	649	772	1038	1687	970	1049	992	1864	903	398	423	1305	727	688	1234	1041	1166
911	801	1138	820	1051	964	943	894	972	1001	0	711	1572	1746	923	874	1225	1145	367	2745	1142	941	663	728	964	1104	874	1560	769	2795	1138	1336	805	193	1276	823	72	671	945	939	199	776	871	1112	727	748	915	1261	139	1108	820	701	2167	921	2743	936	394	779	2261	936	968	1178	945	1036	2621	824	1008	792	888	1684	1706	991	217	155	588	1392	968	1203	1080	689	924	931	440	878	813	436	1355	952	799	915	2768	1055	901	816	1327	663	1282	1151	868	769	436	927	878	1184	1083	651	971	1104	931	1278	971	887	915	1054	917	860	969	915	1122	922	817	761	1429	821	979	1080	951	959	564	981	923	901	79	965	761	818	999	945	1227	1039	423	494	974	1010	774	2043	931	2353	1263	876	958	1004	2931	1013	936	958	975	943	913	1190	874	380	967	805	1034	835	440	727	672	964	894	2456	1058	769	793	1407	1039	1095	1063	388	1101	844	342	992	894	382	536	60	1458	726	1220	625	868	1359	1075	1029	1001	1023	353	952	749	927	388	725	220	1875	1030	815	201	1003	1539	743	901	1056	805	1095	1203	1002	821
199	356	686	406	550	1070	397	424	323	760	711	0	1117	1155	443	257	565	437	454	2051	433	230	432	826	1070	394	257	848	257	2100	838	1307	103	792	1183	135	762	79	267	1523	749	1454	584	743	714	1433	420	556	626	1811	296	540	2305	212	3214	391	339	568	1827	391	1284	813	1102	964	2101	407	297	145	181	1941	1237	322	895	848	298	878	318	544	777	21	1046	220	726	261	292	302	972	254	852	420	3160	553	385	322	618	432	575	508	250	257	410	217	261	552	1793	84	321	394	220	708	320	197	422	553	208	360	422	422	413	213	375	1473	1022	257	308	777	254	436	1268	437	443	551	791	290	117	292	1702	1102	1932	327	312	828	330	371	1419	1331	220	2955	1124	258	424	346	3400	328	391	424	386	288	429	1016	261	381	425	103	324	195	287	714	305	1070	424	1970	355	257	94	793	536	1798	491	420	801	364	406	336	424	396	1247	746	1932	332	522	103	247	665	582	320	347	313	392	254	169	223	420	17	896	1199	339	290	856	1713	1617	829	385	559	103	1276	572	351	406
1058	811	447	1491	1536	1013	1404	1476	1250	610	1572	1117	0	1813	1482	1272	1305	934	1207	2126	936	1056	1550	1016	1013	949	1272	1019	888	2162	471	851	1036	1511	720	997	1578	1196	1180	1899	1463	2330	1677	462	923	2296	1458	1109	1571	2602	1364	1657	1743	1074	3082	1402	1369	1679	2621	1403	1360	401	1088	762	2731	1491	1045	972	1092	1653	2076	1209	1638	1629	1413	1743	1246	1301	513	1126	1033	1012	1793	1274	1363	1349	242	939	955	1458	2889	1537	740	821	1088	1550	1097	1324	1268	888	1141	1071	1274	1365	2465	1197	1247	949	1012	1553	1245	1147	1460	1538	1079	775	1418	1460	946	1076	1457	2227	162	1318	1203	513	937	1447	1970	1428	1482	1628	1636	1190	1001	1361	2329	1088	2546	1035	1353	1274	1259	1281	2345	1308	1012	3130	638	1271	1431	1239	3248	871	1402	1431	1357	852	1471	590	1276	1423	1424	1036	1050	923	1209	923	934	1013	1476	2674	1108	888	1038	1527	1525	2593	1428	1191	500	781	1428	1240	1476	1445	2006	1567	2002	878	1147	1206	1263	1218	1564	1064	1248	1050	1416	939	960	1104	1191	1121	1637	1581	1154	1360	1590	2472	1161	1001	740	1545	1036	1166	1374	1253	1491
1005	1417	1563	927	697	2195	807	851	831	1788	1746	1155	1813	0	823	910	605	945	1596	1159	945	980	1098	1968	2195	954	910	819	1334	1208	1800	2355	1123	1886	2212	1138	1814	1145	891	2651	1853	2316	934	1679	1846	2312	830	737	1617	2708	933	1102	3373	983	4369	814	1365	1033	813	815	2437	1727	2237	2038	963	924	936	1198	999	3069	377	836	1961	1901	1158	387	836	622	1756	1172	2176	1025	1484	905	941	1327	1812	1072	1983	830	4306	693	1368	1368	736	1098	740	647	917	1334	1562	981	905	603	2782	1165	833	954	1025	468	834	963	830	694	984	1376	781	830	947	981	929	2442	1816	944	850	1756	1075	787	2298	767	823	879	1817	869	1203	936	2726	2237	2944	922	1339	1981	824	783	2226	904	1025	4084	2134	908	790	809	4555	1089	814	790	787	1169	833	2024	907	1368	782	1123	913	1201	1416	1846	1433	2195	851	869	851	1334	1132	361	708	2693	689	1564	1776	1394	1406	818	851	1364	2245	1799	3086	1436	722	1188	918	608	676	906	807	921	1397	1072	1263	956	1564	1137	1963	407	839	939	1933	2648	2691	1969	1368	693	1123	2407	583	804	926
425	793	1086	106	129	1504	85	28	243	1200	923	443	1482	823	0	213	388	594	815	1878	591	426	285	1251	1504	563	213	877	694	1929	1267	1751	477	1070	1626	512	992	394	304	1840	1040	1529	225	1164	1148	1520	24	543	794	1916	148	326	2746	408	3596	85	550	286	1404	83	1689	1230	1530	1408	1717	103	446	559	392	2368	820	289	1139	1079	338	477	246	370	1208	450	1477	470	696	210	153	515	1375	543	1285	24	3566	133	800	753	613	285	568	307	217	694	797	411	210	316	1967	409	247	563	470	357	248	337	22	132	403	784	87	22	573	406	106	1629	1413	185	290	1208	545	56	1476	88	0	159	994	299	543	151	1905	1530	2126	464	527	1203	236	231	1455	1293	470	3269	1565	213	68	266	3783	612	85	68	145	636	14	1455	208	547	80	477	449	593	634	1148	748	1504	28	1569	407	694	480	496	116	1901	164	785	1232	793	586	260	28	542	1425	977	2304	775	483	424	222	567	156	435	257	446	577	543	605	378	785	429	1141	1000	355	154	1113	1845	2059	1256	800	135	477	1705	331	253	105
214	590	873	229	299	1327	146	204	99	996	874	257	1272	910	213	0	350	412	686	1873	408	218	358	1083	1327	375	0	758	492	1923	1058	1554	269	991	1425	302	936	235	112	1746	953	1557	411	952	971	1542	188	424	761	1933	106	445	2558	198	3464	141	479	438	1569	142	1538	1018	1360	1214	1847	228	251	353	179	2199	980	131	1079	1024	310	620	97	329	1000	270	1303	259	753	4	109	438	1162	332	1109	188	3416	302	589	547	496	358	449	278	7	492	654	202	4	315	1950	255	100	375	259	453	100	125	190	302	193	576	169	190	389	196	196	1618	1200	69	123	1000	334	189	1438	183	213	357	951	119	341	105	1873	1360	2100	275	451	1071	101	136	1500	1213	259	3180	1361	1	175	133	3650	403	141	175	129	423	200	1251	4	497	173	269	262	383	506	971	560	1327	204	1714	240	492	274	552	286	1919	234	654	1024	586	533	121	204	501	1402	920	2177	580	371	278	10	495	331	248	128	255	521	332	405	170	654	241	1080	1001	192	105	1046	1848	1870	1087	589	308	269	1534	335	129	228
400	812	989	482	334	1589	320	408	254	1191	1225	565	1305	605	388	350	0	375	1017	1524	374	375	657	1364	1589	371	350	508	729	1574	1215	1760	520	1338	1619	534	1286	571	297	2085	1299	1893	602	1097	1241	1881	378	208	1111	2274	418	714	2777	379	3771	325	830	674	1353	326	1835	1151	1631	1436	1566	480	332	593	397	2463	780	243	1428	1374	652	438	257	21	1167	584	1571	420	1071	347	425	789	1258	469	1377	378	3702	333	768	763	261	657	229	82	356	729	975	376	347	82	2300	591	254	371	420	249	255	368	379	334	380	773	305	379	369	377	464	1967	1276	407	257	1167	471	332	1789	300	388	531	1302	274	600	420	2224	1631	2451	320	802	1393	250	214	1828	905	420	3518	1545	348	323	223	3956	495	325	323	267	568	389	1433	350	847	310	520	310	596	843	1241	829	1589	408	1458	246	729	531	250	332	2260	230	984	1188	790	884	235	408	850	1752	1270	2494	830	159	617	356	181	346	301	225	317	872	469	659	354	984	547	1430	650	234	422	1395	2193	2092	1364	768	340	520	1801	79	224	481
246	515	620	638	618	1285	509	597	350	848	1145	437	934	945	594	412	375	0	849	1660	3	221	764	1088	1285	42	412	416	461	1708	854	1412	340	1208	1268	324	1193	494	300	1898	1162	1891	814	734	956	1870	572	210	1063	2248	518	856	2429	245	3498	509	775	849	1723	510	1566	783	1336	1104	1905	638	164	367	279	2149	1155	305	1319	1276	680	811	348	369	811	458	1273	216	1134	412	521	736	883	199	1086	572	3402	618	442	467	235	764	211	390	412	461	789	239	412	430	2223	509	347	42	216	620	346	309	573	620	250	460	515	573	24	245	607	1907	900	478	304	811	200	547	1695	522	594	752	1225	299	392	517	2126	1336	2357	137	747	1178	358	368	1852	902	216	3314	1189	410	532	328	3681	166	509	532	452	256	586	1079	416	814	522	340	150	338	709	956	580	1285	597	1813	187	461	352	614	609	2235	504	815	830	481	841	333	597	826	1680	1177	2245	559	226	534	407	343	642	163	338	157	827	199	426	257	815	425	1320	857	239	517	1278	2149	1750	1084	442	626	340	1498	440	343	638
643	439	770	733	941	745	800	788	769	654	367	454	1207	1596	815	686	1017	849	0	2498	846	674	640	483	745	810	686	1264	422	2547	785	1073	522	365	985	528	385	451	720	1069	316	1140	856	749	427	1110	798	1001	373	1454	676	725	1998	660	2783	793	304	791	2217	793	878	817	753	741	2526	736	739	481	632	1574	1635	774	485	455	501	1287	765	997	725	434	711	649	653	690	669	323	994	650	539	798	2752	945	542	460	1059	640	1018	957	679	422	70	664	690	998	1389	431	768	810	649	1136	767	651	799	944	657	500	828	799	828	661	715	1092	1067	657	760	725	648	831	860	842	815	858	437	742	457	673	1283	753	1514	767	314	388	775	815	1142	1751	649	2501	956	688	823	796	2970	697	793	823	810	617	801	869	688	343	828	522	766	515	182	427	313	745	788	2383	806	422	510	1237	927	1443	913	34	747	483	321	785	788	365	862	372	1493	364	972	408	677	1117	971	765	796	755	317	650	425	675	34	471	486	1652	793	670	440	1340	1330	494	542	948	522	924	1018	798	734
1855	2165	2118	1984	1774	2893	1830	1905	1774	2412	2745	2051	2126	1159	1878	1873	1524	1660	2498	0	1663	1824	2164	2730	2893	1695	1873	1268	2120	50	2357	2910	1976	2843	2761	1971	2804	2078	1800	3558	2800	3407	2044	2246	2596	3398	1877	1496	2634	3793	1940	2196	3867	1840	5110	1836	2350	2138	1523	1837	3204	2259	2954	2672	1225	1981	1759	2022	1870	3708	1473	1753	2943	2891	2176	1532	1777	1545	2340	2073	2889	1848	2575	1869	1948	2309	2253	1855	2716	1877	4969	1770	2076	2120	1439	2164	1479	1601	1878	2120	2443	1835	1869	1575	3824	2098	1774	1695	1848	1541	1774	1862	1877	1772	1843	2104	1809	1877	1678	1839	1973	3491	2215	1931	1766	2340	1857	1828	3309	1800	1878	1980	2823	1780	2043	1942	3745	2954	3973	1730	2322	2839	1772	1738	3332	829	1848	4973	2673	1871	1824	1741	5288	1824	1836	1824	1786	1914	1884	2580	1873	2371	1813	1976	1731	1998	2339	2596	2240	2893	1905	1348	1695	2120	1987	1388	1780	3778	1717	2464	2350	2126	2407	1753	1905	2374	3275	2788	3890	2217	1529	2124	1878	1387	1763	1733	1745	1742	2394	1855	2084	1828	2464	2035	2944	879	1717	1945	2906	3716	3247	2724	2076	1774	1976	3100	1557	1744	1983
243	514	621	635	615	1284	506	594	347	847	1142	433	936	945	591	408	374	3	846	1663	0	217	760	1086	1284	39	408	419	458	1710	855	1412	337	1205	1267	321	1189	490	297	1896	1159	1887	810	734	954	1867	568	210	1060	2245	514	853	2429	241	3497	506	772	846	1722	507	1565	784	1335	1104	1905	634	160	364	275	2148	1154	302	1316	1273	676	810	344	367	811	455	1271	213	1130	408	518	733	885	196	1084	568	3401	615	441	465	237	760	212	388	408	458	787	235	408	428	2219	506	344	39	213	619	343	306	570	617	246	459	512	570	21	241	604	1904	902	474	301	811	197	544	1692	519	591	749	1222	295	389	513	2123	1335	2354	133	744	1176	355	365	1848	905	213	3312	1189	407	529	325	3680	164	506	529	449	254	582	1079	412	810	519	337	146	335	706	954	577	1284	594	1812	184	458	348	613	606	2231	501	812	830	480	838	330	594	823	1677	1174	2244	557	225	530	404	343	640	160	335	153	824	196	423	253	812	422	1317	858	236	514	1275	2145	1749	1083	441	624	337	1497	438	340	635
31	440	672	446	487	1214	348	421	200	832	941	230	1056	980	426	218	375	221	674	1824	217	0	551	989	1214	178	218	621	354	1873	875	1400	154	1021	1264	160	993	277	126	1741	977	1675	629	763	865	1656	402	327	851	2037	319	648	2414	24	3399	345	561	651	1705	346	1463	825	1256	1069	1940	445	66	219	58	2089	1120	167	1126	1079	460	759	196	357	821	252	1196	50	913	219	320	521	958	119	1002	402	3327	489	410	392	388	551	345	341	215	354	623	18	219	388	2023	294	197	178	50	572	196	97	403	490	29	407	363	403	196	24	413	1702	991	275	157	821	122	391	1499	374	426	575	1021	140	229	317	1933	1256	2163	97	532	1033	210	241	1633	1101	50	3169	1193	217	376	200	3584	185	345	376	304	220	415	1082	223	596	369	154	93	222	516	865	455	1214	421	1825	135	354	165	621	475	2024	390	640	843	423	626	197	421	608	1478	977	2127	455	298	319	210	444	517	90	207	82	612	119	285	48	640	216	1127	980	141	317	1087	1941	1727	990	410	497	154	1426	405	212	446
534	773	1118	179	402	1377	337	259	446	1159	663	432	1550	1098	285	358	657	764	640	2164	760	551	0	1115	1377	724	358	1113	679	2214	1253	1671	517	828	1562	555	735	354	469	1597	805	1243	219	1167	1034	1234	287	776	527	1630	255	107	2632	527	3382	332	339	153	1607	331	1513	1238	1390	1327	1957	182	600	578	497	2214	1043	486	881	819	152	731	445	637	1191	425	1345	578	413	359	250	317	1402	642	1162	287	3377	406	816	746	849	0	801	576	356	679	645	533	359	593	1685	356	448	724	578	638	448	456	286	405	522	788	356	286	740	526	193	1345	1454	288	480	1191	643	335	1202	364	285	238	728	477	549	255	1627	1390	1846	627	325	1012	443	461	1172	1555	578	3017	1513	359	340	479	3570	720	332	340	391	708	279	1409	355	314	352	517	615	626	479	1034	686	1377	259	1795	598	679	513	782	392	1615	447	618	1215	789	349	468	259	300	1146	720	2090	730	720	352	360	828	422	602	471	607	345	642	596	509	618	428	883	1285	549	254	861	1559	1955	1124	816	405	517	1563	610	469	180
963	572	686	1185	1369	262	1218	1227	1144	412	728	826	1016	1968	1251	1083	1364	1088	483	2730	1086	989	1115	0	262	1061	1083	1461	639	2776	545	609	845	586	552	830	697	859	1078	904	550	1386	1327	590	133	1346	1231	1284	802	1610	1104	1205	1516	985	2413	1212	786	1268	2651	1212	478	628	278	321	2923	1187	1040	770	968	1117	2062	1134	696	712	969	1704	1139	1346	511	812	229	947	1114	1087	1098	800	774	912	75	1231	2338	1373	654	620	1323	1115	1293	1321	1076	639	470	987	1087	1367	1452	843	1142	1061	947	1533	1141	1007	1232	1373	984	629	1245	1232	1075	987	1162	1236	854	1074	1120	511	910	1255	976	1259	1251	1319	761	1101	765	1101	1314	278	1530	1060	793	279	1152	1193	1431	1926	947	2254	551	1084	1245	1162	2597	921	1212	1245	1212	832	1237	499	1087	827	1247	845	1066	773	637	133	535	262	1227	2796	1123	639	835	1607	1355	1602	1317	500	520	607	804	1154	1227	848	1029	694	1161	536	1274	827	1073	1415	1401	1070	1165	1056	800	912	705	1011	500	842	694	1944	1129	1098	653	1475	847	17	654	1378	845	453	1386	1169	1186
1190	779	787	1441	1619	0	1466	1481	1382	486	964	1070	1013	2195	1504	1327	1589	1285	745	2893	1284	1214	1377	262	0	1263	1327	1630	860	2937	578	389	1078	801	384	1058	924	1110	1313	900	773	1556	1587	666	356	1514	1483	1489	1050	1733	1355	1467	1255	1213	2221	1460	1048	1530	2897	1460	348	678	74	252	3155	1444	1259	998	1200	874	2308	1367	895	923	1230	1947	1376	1572	572	1059	40	1169	1368	1331	1350	1062	777	1126	218	1483	2118	1622	843	829	1521	1377	1495	1553	1320	860	731	1214	1331	1600	1537	1094	1379	1263	1169	1772	1378	1243	1484	1622	1213	826	1492	1484	1275	1215	1417	1368	853	1323	1354	572	1123	1504	1113	1507	1504	1578	986	1335	998	1352	1389	74	1587	1276	1055	476	1390	1430	1617	2074	1169	2142	423	1328	1493	1397	2401	1122	1460	1493	1456	1035	1489	427	1331	1089	1495	1078	1283	993	897	356	769	0	1481	3035	1344	860	1069	1836	1605	1728	1560	762	570	806	1065	1389	1481	1110	1183	923	1019	759	1486	1080	1317	1623	1650	1290	1401	1275	1062	1126	935	1241	762	1086	893	2140	1356	1349	858	1593	586	252	843	1627	1078	213	1618	1405	1442
204	489	618	603	593	1263	479	564	319	834	1104	394	949	954	563	375	371	42	810	1695	39	178	724	1061	1263	0	375	457	429	1743	848	1401	299	1168	1258	284	1151	451	264	1863	1122	1848	780	728	930	1828	540	226	1021	2206	481	818	2418	203	3473	478	732	813	1723	479	1539	780	1313	1088	1916	602	124	329	237	2130	1151	274	1279	1235	638	803	316	362	802	416	1250	174	1092	375	484	693	888	161	1061	540	3381	594	421	440	262	724	232	377	374	429	752	196	375	419	2182	466	316	0	174	611	315	269	542	595	208	436	486	542	18	203	571	1865	908	440	272	802	162	517	1655	493	563	720	1183	265	353	480	2085	1313	2316	100	705	1144	327	340	1809	943	174	3281	1180	374	502	300	3656	140	478	502	423	229	554	1070	379	771	493	299	114	303	668	930	546	1263	564	1819	161	429	310	616	584	2193	481	777	822	457	798	304	564	784	1639	1136	2216	529	232	491	370	360	619	128	309	119	784	161	389	216	777	383	1280	883	211	480	1238	2107	1737	1058	421	602	299	1476	431	314	603
214	590	873	229	299	1327	146	204	99	996	874	257	1272	910	213	0	350	412	686	1873	408	218	358	1083	1327	375	0	758	492	1923	1058	1554	269	991	1425	302	936	235	112	1746	953	1557	411	952	971	1542	188	424	761	1933	106	445	2558	198	3464	141	479	438	1569	142	1538	1018	1360	1214	1847	228	251	353	179	2199	980	131	1079	1024	310	620	97	329	1000	270	1303	259	753	4	109	438	1162	332	1109	188	3416	302	589	547	496	358	449	278	7	492	654	202	4	315	1950	255	100	375	259	453	100	125	190	302	193	576	169	190	389	196	196	1618	1200	69	123	1000	334	189	1438	183	213	357	951	119	341	105	1873	1360	2100	275	451	1071	101	136	1500	1213	259	3180	1361	1	175	133	3650	403	141	175	129	423	200	1251	4	497	173	269	262	383	506	971	560	1327	204	1714	240	492	274	552	286	1919	234	654	1024	586	533	121	204	501	1402	920	2177	580	371	278	10	495	331	248	128	255	521	332	405	170	654	241	1080	1001	192	105	1046	1848	1870	1087	589	308	269	1534	335	129	228
650	900	875	955	842	1630	797	892	666	1157	1560	848	1019	819	877	758	508	416	1264	1268	419	621	1113	1461	1630	457	758	0	863	1314	1121	1687	755	1624	1538	741	1608	897	652	2304	1578	2295	1100	1003	1328	2276	861	337	1472	2658	857	1188	2685	642	3851	800	1182	1162	1633	801	1936	1029	1689	1419	1711	953	554	783	677	2466	1137	627	1736	1692	1060	871	667	521	1094	870	1624	628	1510	756	862	1142	1067	615	1448	861	3728	840	808	856	265	1113	311	579	760	863	1203	636	756	590	2639	915	665	457	628	718	664	691	863	842	647	837	790	863	438	642	930	2321	1052	827	634	1094	616	821	2112	789	877	1030	1639	640	809	857	2542	1689	2773	524	1153	1581	670	655	2248	486	628	3708	1452	756	809	633	4031	569	800	809	736	656	874	1350	760	1216	797	755	530	750	1126	1328	984	1630	892	1662	523	863	767	619	839	2645	732	1231	1108	859	1246	644	892	1227	2095	1593	2622	955	395	941	757	332	854	538	641	541	1233	615	839	643	1231	835	1737	564	566	859	1695	2561	2029	1456	808	848	755	1839	585	644	954
330	99	444	663	791	860	638	677	529	505	769	257	888	1334	694	492	729	461	422	2120	458	354	679	639	860	429	492	863	0	2168	580	1062	225	786	933	199	800	328	457	1441	737	1544	841	488	512	1516	670	647	726	1872	549	786	2070	353	3052	633	486	822	2050	633	1116	559	902	724	2294	665	401	141	343	1734	1462	510	907	875	533	1099	524	712	519	258	841	309	909	496	546	463	724	274	648	670	2973	794	148	67	691	679	658	693	486	0	354	354	496	740	1810	323	526	429	309	918	525	390	672	795	353	112	661	672	444	355	633	1513	779	508	497	519	272	680	1282	675	694	808	845	478	150	546	1702	902	1933	421	468	718	538	576	1530	1346	309	2853	870	492	667	541	3236	296	633	667	615	207	680	761	496	539	665	225	426	134	343	512	120	860	677	2178	485	0	218	976	778	1860	716	392	543	110	549	534	677	561	1283	785	1789	102	635	327	481	777	823	432	545	417	536	274	88	382	392	268	908	1309	496	544	862	1760	1381	638	148	801	225	1072	758	550	664
1904	2212	2161	2034	1824	2937	1881	1955	1824	2456	2795	2100	2162	1208	1929	1923	1574	1708	2547	50	1710	1873	2214	2776	2937	1743	1923	1314	2168	0	2400	2950	2024	2893	2802	2020	2853	2128	1850	3607	2850	3458	2095	2289	2642	3448	1927	1545	2684	3844	1991	2247	3904	1889	5154	1887	2401	2189	1559	1888	3250	2301	2999	2715	1250	2031	1807	2070	1919	3750	1520	1803	2992	2941	2226	1582	1827	1596	2383	2122	2933	1897	2625	1919	1998	2359	2293	1903	2761	1927	5011	1821	2122	2167	1488	2214	1528	1652	1929	2168	2492	1884	1919	1626	3874	2147	1824	1743	1897	1592	1824	1911	1928	1822	1893	2150	1859	1928	1726	1888	2024	3541	2254	1981	1816	2383	1905	1879	3359	1850	1929	2030	2873	1830	2091	1993	3795	2999	4023	1779	2372	2887	1822	1788	3383	870	1897	5021	2714	1921	1875	1791	5331	1872	1887	1875	1836	1961	1935	2622	1923	2421	1864	2024	1780	2046	2388	2642	2288	2937	1955	1378	1745	2168	2036	1439	1831	3829	1767	2512	2393	2173	2457	1803	1955	2424	3326	2838	3936	2264	1579	2174	1928	1437	1814	1782	1795	1791	2444	1903	2132	1877	2512	2085	2994	929	1767	1995	2956	3767	3287	2770	2122	1824	2024	3144	1607	1794	2033
862	482	246	1243	1353	578	1204	1252	1073	141	1138	838	471	1800	1267	1058	1215	854	785	2357	855	875	1253	545	578	848	1058	1121	580	2400	0	567	789	1055	419	755	1134	907	998	1437	1009	1877	1422	121	453	1841	1243	1063	1158	2136	1126	1359	1578	884	2758	1199	1004	1399	2568	1200	924	101	651	330	2759	1244	894	708	887	1351	1989	1043	1180	1177	1103	1631	1068	1204	62	838	589	824	1417	1061	1123	994	231	759	486	1243	2613	1356	468	516	1074	1253	1061	1205	1052	580	726	883	1061	1251	1994	901	1070	848	824	1441	1068	941	1244	1356	886	482	1224	1244	854	886	1212	1760	311	1083	1032	62	756	1247	1502	1237	1267	1388	1195	1015	726	1123	1858	651	2075	898	995	804	1083	1116	1901	1530	824	2720	336	1058	1232	1075	2933	720	1199	1232	1171	656	1253	229	1062	1057	1229	789	910	674	832	453	572	578	1252	2667	976	580	786	1463	1341	2127	1264	777	39	475	1053	1072	1252	1081	1542	1125	1596	524	1079	901	1047	1194	1384	922	1082	905	1043	759	668	916	777	848	1179	1668	1007	1121	1133	2004	909	530	468	1363	789	763	1266	1087	1243
1382	966	814	1705	1853	389	1700	1732	1589	569	1336	1307	851	2355	1751	1554	1760	1412	1073	2910	1412	1400	1671	609	389	1401	1554	1687	1062	2950	567	0	1287	1184	149	1259	1302	1363	1515	1222	1153	1944	1868	687	646	1902	1728	1622	1411	2110	1603	1770	1017	1404	2234	1694	1363	1825	3105	1695	636	658	437	345	3317	1707	1430	1203	1400	807	2520	1565	1282	1308	1519	2158	1584	1746	602	1301	429	1350	1720	1558	1599	1369	663	1292	541	1728	2061	1856	992	1011	1637	1671	1622	1740	1548	1062	1043	1404	1558	1787	1898	1351	1586	1401	1350	1972	1584	1451	1729	1857	1406	992	1723	1729	1409	1406	1678	1750	717	1565	1553	602	1290	1741	1497	1737	1751	1848	1365	1534	1212	1600	1746	437	1932	1439	1364	860	1598	1635	2006	2080	1350	2301	236	1555	1728	1597	2403	1266	1694	1728	1678	1191	1737	338	1559	1409	1727	1287	1450	1182	1197	646	1004	389	1732	3218	1515	1062	1281	2010	1840	2105	1777	1083	585	977	1391	1591	1732	1432	1570	1300	1182	975	1633	1343	1543	1755	1885	1460	1602	1443	1386	1292	1149	1436	1083	1321	1280	2235	1539	1597	1244	1968	342	595	992	1863	1287	398	1803	1607	1706
124	321	617	461	568	1078	416	463	305	727	805	103	1036	1123	477	269	520	340	522	1976	337	154	517	845	1078	299	269	755	225	2024	789	1287	0	873	1157	38	852	176	234	1587	828	1555	646	687	725	1533	453	479	725	1908	339	622	2295	143	3250	411	441	643	1825	411	1315	754	1116	949	2078	462	217	84	123	1952	1237	289	981	937	392	874	299	502	731	122	1057	128	828	272	337	404	905	152	862	453	3184	571	323	278	537	517	496	476	263	225	469	146	272	522	1883	186	302	299	128	695	301	165	454	571	141	307	438	454	317	144	429	1566	950	295	276	731	152	458	1356	451	477	604	884	256	80	336	1788	1116	2019	245	414	879	313	352	1521	1240	128	3015	1092	269	444	319	3435	224	411	444	390	191	463	982	274	484	442	0	244	117	370	725	310	1078	463	1957	289	225	11	761	555	1895	490	488	755	316	508	311	463	499	1340	837	1975	319	452	206	258	598	600	244	323	233	494	152	142	166	488	97	982	1135	286	334	941	1808	1607	846	323	577	0	1288	541	327	461
990	795	1096	972	1199	801	1078	1041	1084	915	193	792	1511	1886	1070	991	1338	1208	365	2843	1205	1021	828	586	801	1168	991	1624	786	2893	1055	1184	873	0	1138	884	131	768	1047	770	50	821	1042	1050	615	786	1059	1348	325	1103	953	878	1980	1004	2560	1072	521	954	2434	1071	778	1110	774	906	2782	975	1087	842	973	1492	1871	1097	127	126	732	1545	1080	1316	1003	770	761	1001	633	995	945	559	1282	1009	661	1059	2577	1203	900	821	1409	828	1366	1269	984	786	432	1009	995	1306	1024	748	1083	1168	1001	1418	1082	982	1059	1202	1000	859	1105	1059	1186	1005	964	734	1359	946	1084	1003	1008	1100	496	1119	1070	1066	188	1068	815	950	919	774	1150	1116	546	325	1088	1126	851	2111	1001	2199	1135	992	1096	1114	2748	1061	1072	1096	1103	981	1058	1073	992	523	1104	873	1114	878	504	615	674	801	1041	2623	1147	786	861	1538	1187	1092	1197	396	1021	840	485	1103	1041	532	505	136	1271	721	1313	722	984	1456	1225	1111	1112	1103	493	1009	788	1015	396	808	127	1984	1127	947	79	983	1365	603	900	1205	873	915	1326	1114	973
1247	835	665	1585	1725	384	1572	1608	1456	431	1276	1183	720	2212	1626	1425	1619	1268	985	2761	1267	1264	1562	552	384	1258	1425	1538	933	2802	419	149	1157	1138	0	1127	1249	1242	1381	1271	1102	1925	1753	540	559	1884	1602	1478	1338	2116	1479	1663	1161	1269	2375	1566	1264	1714	2968	1567	692	508	450	244	3173	1587	1291	1073	1267	951	2384	1430	1245	1264	1409	2023	1450	1606	456	1178	420	1214	1638	1429	1475	1267	520	1154	478	1602	2208	1728	854	879	1491	1562	1477	1602	1419	933	948	1269	1429	1649	1921	1232	1452	1258	1214	1836	1451	1319	1604	1728	1271	857	1595	1604	1265	1271	1557	1749	578	1440	1418	456	1151	1614	1492	1608	1626	1729	1312	1400	1084	1476	1773	450	1968	1299	1263	822	1465	1501	1977	1932	1214	2415	88	1426	1600	1462	2546	1125	1566	1600	1547	1052	1612	189	1430	1313	1599	1157	1310	1049	1095	559	884	384	1608	3076	1375	933	1151	1869	1711	2110	1645	991	438	843	1298	1457	1608	1336	1557	1244	1289	851	1490	1225	1415	1610	1757	1320	1468	1304	1291	1154	1021	1301	991	1196	1243	2087	1401	1474	1203	1976	491	535	854	1734	1157	468	1665	1473	1586
133	293	579	499	599	1058	448	499	330	696	823	135	997	1138	512	302	534	324	528	1971	321	160	555	830	1058	284	302	741	199	2020	755	1259	38	884	1127	0	869	211	257	1589	838	1579	684	651	707	1556	487	478	748	1929	376	661	2269	155	3238	444	468	681	1850	444	1302	718	1098	923	2096	500	217	59	143	1933	1262	310	995	952	429	900	325	516	698	152	1038	124	862	305	374	432	868	128	844	487	3168	602	288	247	532	555	492	494	296	199	472	157	305	541	1898	219	327	284	124	718	326	191	489	603	154	273	470	489	302	157	466	1584	912	331	297	698	128	491	1371	483	512	641	903	278	71	373	1801	1098	2032	242	442	876	339	377	1547	1227	124	3013	1061	302	477	341	3423	195	444	477	420	154	499	950	307	512	474	38	244	81	385	707	295	1058	499	1978	295	199	42	778	586	1916	518	494	721	284	535	334	499	529	1357	853	1967	298	455	238	291	600	631	246	345	234	521	128	125	183	494	132	995	1137	299	371	953	1827	1581	830	288	609	38	1269	559	350	499
962	824	1150	890	1120	924	1009	963	1032	996	72	762	1578	1814	992	936	1286	1193	385	2804	1189	993	735	697	924	1151	936	1608	800	2853	1134	1302	852	131	1249	869	0	726	1003	866	150	756	943	1116	710	725	983	1316	211	1072	886	774	2112	974	2671	1002	456	851	2333	1002	909	1180	900	1012	2692	893	1060	834	941	1623	1777	1051	147	88	655	1462	1029	1264	1079	740	884	980	505	939	878	497	1355	997	771	983	2698	1124	927	843	1380	735	1336	1213	929	800	456	979	939	1247	1030	707	1032	1151	980	1346	1031	943	983	1123	969	885	1035	983	1170	974	885	716	1431	884	1038	1079	996	1027	506	1048	992	972	63	1023	804	883	941	900	1170	1090	484	449	1035	1072	767	2093	980	2282	1241	937	1025	1064	2859	1055	1002	1025	1039	982	981	1172	936	446	1033	852	1086	875	483	710	697	924	963	2528	1113	800	841	1473	1108	1060	1129	410	1098	868	408	1052	963	450	488	15	1387	749	1277	680	930	1416	1144	1082	1061	1075	418	997	787	981	410	777	149	1936	1087	880	128	962	1493	713	927	1125	852	1045	1267	1062	891
248	425	763	343	510	1110	360	372	319	824	671	79	1196	1145	394	235	571	494	451	2078	490	277	354	859	1110	451	235	897	328	2128	907	1363	176	768	1242	211	726	0	278	1515	728	1398	515	816	754	1379	372	590	575	1761	245	462	2353	254	3229	353	284	493	1792	354	1307	887	1137	1018	2080	345	342	224	220	1976	1204	329	864	813	219	848	315	550	846	71	1083	278	653	239	240	244	1048	323	891	372	3185	513	462	394	657	354	611	507	228	328	418	260	239	547	1754	20	318	451	278	688	317	216	374	513	250	435	387	374	469	255	315	1429	1099	215	315	846	324	396	1233	401	394	487	750	299	195	242	1668	1137	1897	373	256	836	324	364	1358	1376	278	2948	1186	236	386	347	3415	399	353	386	361	366	379	1079	237	320	388	176	367	274	272	754	358	1110	372	1944	387	328	169	786	496	1747	465	418	870	437	349	336	372	332	1206	710	1942	392	550	46	226	690	541	360	346	356	335	323	243	256	418	79	866	1216	361	239	828	1666	1666	864	462	518	176	1312	567	349	343
135	549	798	338	361	1313	224	303	75	949	945	267	1180	891	304	112	297	300	720	1800	297	126	469	1078	1313	264	112	652	457	1850	998	1515	234	1047	1381	257	1003	278	0	1789	1006	1650	517	887	959	1634	281	325	841	2022	218	557	2526	113	3478	222	552	549	1593	223	1545	950	1351	1180	1844	338	143	315	114	2187	1005	55	1142	1091	407	643	70	277	943	286	1292	175	858	112	222	511	1084	246	1097	281	3417	363	530	503	395	469	348	243	112	457	678	115	112	289	2027	298	72	264	175	460	70	71	282	363	111	524	238	282	277	111	307	1699	1118	180	41	943	248	266	1509	248	304	458	1024	22	315	217	1944	1351	2173	164	523	1096	85	120	1598	1117	175	3221	1312	110	251	84	3664	309	222	251	178	346	294	1201	116	578	244	234	150	332	547	959	544	1313	303	1722	129	457	243	529	349	2008	266	686	966	537	612	77	303	585	1479	987	2198	554	277	325	108	413	391	136	88	145	599	246	377	81	686	250	1144	937	87	218	1107	1932	1838	1080	530	370	234	1523	308	92	338
1711	1409	1590	1742	1969	900	1844	1811	1835	1312	939	1523	1899	2651	1840	1746	2085	1898	1069	3558	1896	1741	1597	904	900	1863	1746	2304	1441	3607	1437	1222	1587	770	1271	1589	866	1515	1789	0	800	992	1809	1493	1025	949	1828	2066	1078	986	1718	1640	1601	1728	1819	1837	1289	1718	3200	1837	585	1527	828	1141	3553	1746	1804	1537	1701	1047	2641	1842	724	788	1502	2316	1830	2065	1411	1503	874	1712	1342	1750	1711	1326	1657	1703	953	1828	1888	1973	1508	1450	2120	1597	2081	2022	1739	1441	1118	1732	1750	2062	715	1495	1833	1863	1712	2185	1833	1720	1828	1972	1725	1474	1871	1828	1880	1729	1734	708	1736	1707	1828	1411	1701	1868	558	1885	1840	1835	886	1811	1517	1715	562	828	716	1831	1313	723	1840	1880	1111	2785	1712	1433	1322	1748	1863	1863	2005	1737	1837	1863	1864	1648	1828	1325	1748	1294	1871	1587	1832	1560	1242	1025	1320	900	1811	3393	1875	1441	1576	2298	1956	987	1962	1103	1417	1452	1256	1852	1811	1303	664	879	577	1349	2040	1470	1738	2185	1995	1832	1862	1821	1264	1703	1474	1745	1103	1540	722	2721	1863	1712	738	848	1198	916	1508	1975	1587	824	2082	1864	1743
946	745	1047	943	1169	773	1045	1011	1045	869	199	749	1463	1853	1040	953	1299	1162	316	2800	1159	977	805	550	773	1122	953	1578	737	2850	1009	1153	828	50	1102	838	150	728	1006	800	0	868	1021	1001	572	833	1028	1304	319	1153	919	859	1967	960	2578	1038	489	935	2412	1038	771	1062	750	867	2754	946	1043	795	930	1487	1845	1057	177	168	702	1516	1041	1277	956	727	733	956	635	957	911	526	1235	963	624	1028	2588	1173	850	771	1365	805	1322	1231	946	737	383	965	957	1269	1073	707	1044	1122	956	1385	1044	941	1028	1172	957	809	1072	1028	1140	961	934	784	1312	910	1044	956	962	1068	545	1085	1040	1042	212	1028	769	916	966	750	1198	1072	513	299	1050	1088	894	2064	956	2231	1097	955	1064	1075	2766	1013	1038	1064	1067	933	1027	1032	954	496	1071	828	1070	831	461	572	624	773	1011	2598	1105	737	816	1502	1156	1142	1163	348	974	790	458	1063	1011	506	555	150	1288	671	1271	681	946	1414	1195	1068	1073	1059	465	963	741	972	348	765	176	1944	1085	913	129	1033	1344	566	850	1175	828	897	1289	1075	944
