NAME : VRPTW_INSTANCE_42.txt
COMMENT : Bangkok Supermarket
TYPE : VRPTW
DIMENSION : 304
DAYS : Saturday
EDGE_WEIGHT_TYPE : EXPLICIT
VEHICLES : 34
EDGE_WEIGHT_FORMAT : FULL_MATRIX
CAPACITY : 1000
EDGE_WEIGHT_SECTION
0	973	153	650	155	395	504	813	639	221	212	135	1735	124	172	306	120	826	503	1045	935	47	1033	223	409	1009	2386	533	525	1944	201	3140	101	173	213	37	585	155	2025	2289	211	1050	78	288	1004	203	365	624	1293	573	239	708	156	2197	1611	438	153	309	401	183	189	214	119	374	1117	385	1637	185	221	2195	1959	288	178	477	1022	1123	1966	1915	1408	911	438	261	1120	576	1102	368	309	408	1759	569	670	239	135	785	199	497	1632	351	2027	574	582	622	984	889	1774	607	288	118	474	481	1082	1079	894	896	300	613	230	265	1185	437	154	25	609	1238	363	1617	189	410	262	277	681	636	407	202	491	1248	2406	601	975	30	2114	525	1117	668	1814	101	1162	1009	506	511	122	391	1213	650	202	1180	608	940	193	1745	155	558	177	563	618	1058	1418	334	583	376	218	3375	935	1070	1292	2154	330	396	212	1726	194	405	3163	893	431	1611	34	371	3290	60	1928	1465	394	217	235	118	978	211	1423	1758	910	206	283	395	210	255	380	394	394	278	1126	419	350	222	474	481	1585	150	133	612	1213	165	356	609	1808	541	996	3190	78	569	471	932	155	363	2213	153	1348	1480	1971	3920	1001	372	1642	383	527	85	423	964	3097	155	2330	2296	1123	59	1211	2193	272	2193	409	284	309	536	1165	288	2442	540	78	366	2974	394	1315	773	153	2660	386	424	1247	1030	1639	239	371	1067	401	404	1114	452	60	423	840	3101	782	1144	1660	885	332	978	541	219	2266	297	1001	891	46	283
973	0	879	1521	1124	600	1444	649	1339	1190	799	1102	2702	870	974	1189	891	305	474	736	933	1013	823	1184	1306	1926	1649	950	451	1154	1172	2182	972	889	1133	1009	992	861	1069	1356	1129	721	912	1161	534	1120	1300	961	2236	1418	1038	411	975	1230	1353	1276	879	877	1360	818	907	1177	1046	1303	1979	1357	1384	1152	873	1228	1366	1161	963	556	971	1134	2909	1949	2132	680	1276	716	283	1344	1072	1336	1167	1301	1742	1113	1577	1038	862	236	881	1434	987	1276	1718	1526	413	1475	258	591	1563	1559	1161	895	1382	1418	2018	929	88	783	675	1463	774	765	301	1275	846	989	659	360	1231	2590	803	1303	1136	755	640	1477	576	1141	941	1929	1492	947	930	1003	2868	451	970	1406	1599	1052	571	232	1444	576	1062	1353	360	1521	822	312	400	785	786	1748	861	442	964	417	1348	906	1179	854	997	1306	1032	2456	933	515	435	2000	645	1251	799	772	982	1362	2283	135	551	1597	1005	602	2398	1032	2895	1118	1317	1031	1107	895	275	1129	1056	1686	682	1176	703	600	1174	818	690	1317	1317	932	292	553	1307	1034	504	1416	2558	1021	844	790	360	1117	1287	659	888	1247	928	2230	1004	1523	1183	288	861	1297	1340	879	2292	596	1007	3043	1923	1339	2513	1349	1390	916	1264	922	2220	861	2129	1818	2051	1025	1109	1958	1245	1394	1366	699	665	1233	294	1161	1985	1464	912	1336	2264	1317	648	203	1081	1761	589	1374	332	877	679	1038	602	909	1362	580	447	630	1032	1264	229	2224	816	1001	1504	286	1258	926	1247	1137	1296	820	968	1052	946	703
153	879	0	666	262	356	565	661	583	325	240	240	1854	50	103	459	200	776	431	893	785	198	880	311	435	1153	2240	396	451	1804	311	3024	236	259	253	175	681	21	1912	2168	249	898	168	291	859	241	421	484	1428	574	378	673	99	2109	1459	428	0	165	482	63	59	306	271	425	1267	509	1486	285	74	2107	1808	291	96	448	871	977	2099	1782	1561	926	428	172	1057	541	954	498	303	431	1621	461	819	378	43	674	53	555	1485	397	1876	711	472	628	927	740	1625	744	291	201	625	539	1142	927	796	743	213	618	243	125	1117	428	200	178	458	1173	516	1722	81	433	265	136	530	789	352	354	355	1399	2280	461	824	173	2267	451	965	627	1665	253	1019	947	565	499	275	476	1090	666	247	1060	493	787	110	1608	21	501	97	492	571	905	1267	409	451	427	357	3247	785	927	1168	2010	241	394	240	1614	120	484	3029	816	327	1471	168	301	3157	191	2047	1311	439	356	386	201	924	249	1270	1616	758	314	177	356	304	102	235	439	439	153	1005	340	489	362	406	537	1688	295	85	460	1090	314	408	458	1686	480	845	3108	228	705	406	881	21	418	2081	0	1414	1356	1886	3784	1144	504	1790	515	680	182	414	812	2962	21	2185	2143	1263	175	1062	2045	394	2052	487	183	223	471	1046	291	2289	687	168	493	2824	439	1173	687	306	2530	320	566	1174	877	1556	378	301	914	484	352	1077	451	191	414	724	2966	630	992	1513	833	379	826	480	257	2176	357	851	749	168	177
650	1521	666	0	517	1019	217	1099	307	472	860	528	1407	696	563	732	770	1443	1096	1284	1039	638	1219	448	240	989	2639	657	1115	2270	493	3591	726	819	437	619	1186	688	2497	2720	440	1298	729	376	1346	448	300	713	1128	106	805	1338	567	2744	1643	245	666	644	324	730	624	459	673	287	1183	488	1661	488	653	2742	2150	376	572	1110	1112	1123	1728	1696	1609	1562	245	839	1720	227	1140	519	363	242	1601	518	804	805	698	1296	649	212	1901	303	2024	626	1107	53	1592	1202	1744	639	376	768	726	221	521	1207	1434	1097	879	67	875	763	1777	245	803	652	939	1834	765	1216	748	239	403	771	999	906	1019	642	640	1520	2812	707	1086	627	2198	1115	1226	245	1780	644	1504	1611	209	1153	655	340	1667	0	853	1646	1121	1141	776	1575	688	1168	571	1156	269	1196	1485	974	648	286	789	3760	1039	1425	1735	2032	906	273	860	2206	549	318	3508	1473	980	1479	618	968	3644	600	1588	1587	264	788	738	768	1590	440	1568	1638	1172	487	840	1019	463	706	830	264	264	588	1589	1005	573	791	1072	214	1172	731	732	845	1667	623	303	939	2246	332	1111	3748	682	619	367	1548	688	300	2586	666	794	1916	2524	4245	969	528	1603	531	823	735	257	1078	3439	688	2220	2375	1040	592	1254	2119	492	2507	315	846	889	347	1635	376	2493	708	729	504	3173	264	1655	1340	668	3039	987	606	1831	1183	2200	805	968	1206	330	1018	1744	1098	600	257	1333	3444	964	1240	1616	1500	322	1092	332	431	2807	945	1091	902	695	840
155	1124	262	517	0	550	353	909	563	66	364	22	1593	257	211	280	266	981	657	1137	991	127	1112	71	280	900	2495	564	679	2064	48	3283	210	307	112	118	677	275	2170	2429	113	1144	230	198	1118	111	219	656	1166	453	297	863	198	2350	1666	335	262	374	246	314	266	61	158	231	1029	247	1691	30	307	2348	2053	198	223	631	1078	1161	1837	1915	1359	1052	335	408	1275	484	1148	238	223	281	1773	555	578	297	266	930	288	346	1739	213	2079	453	726	495	1139	994	1818	486	198	263	397	331	927	1146	1043	974	449	489	384	387	1340	334	306	146	707	1394	333	1467	325	284	181	399	779	580	562	161	525	1216	2542	636	1035	125	2045	679	1180	577	1857	127	1278	1164	356	663	141	236	1351	517	351	1320	750	1020	338	1756	275	713	222	717	535	1126	1479	457	604	232	279	3510	991	1188	1429	2181	479	292	364	1871	222	250	3291	1047	576	1629	121	524	3419	95	1786	1538	253	278	247	263	1134	113	1501	1781	1004	52	425	550	56	357	497	253	253	323	1265	571	238	282	628	332	1434	215	279	683	1351	125	214	707	1947	477	1057	3344	166	447	418	1088	275	219	2343	262	1193	1618	2125	4046	890	244	1543	256	471	232	321	1024	3224	275	2361	2369	1006	98	1262	2230	132	2312	254	428	458	476	1306	198	2509	445	230	231	3074	253	1433	925	160	2792	539	316	1402	1101	1793	297	524	1136	246	559	1268	603	95	321	982	3228	851	1205	1699	1040	194	1038	477	117	2419	432	1057	922	193	425
395	600	356	1019	550	0	896	682	928	616	199	530	2104	323	459	589	296	431	133	900	908	429	927	618	783	1327	2140	646	155	1669	595	2782	375	288	589	432	512	334	1668	1949	586	897	324	643	787	577	753	712	1635	929	439	319	453	1810	1537	784	356	450	796	294	406	609	450	760	1392	766	1567	580	391	1808	1765	643	452	93	986	1126	2309	1973	1592	586	784	192	725	895	1085	743	657	779	1791	766	978	439	321	457	385	888	1406	735	1949	927	284	983	588	717	1727	959	643	300	781	871	1475	1007	531	809	162	973	175	296	791	783	251	406	516	844	632	2000	276	782	616	295	567	887	40	543	614	1402	2077	689	935	425	2325	155	1050	978	1766	460	924	614	898	153	467	787	890	1019	222	850	317	843	245	1785	334	165	453	183	920	981	1340	281	706	763	432	3045	908	832	972	2143	148	749	199	1371	476	800	2855	505	178	1637	429	86	2976	455	2297	1346	778	431	506	300	583	586	1294	1767	774	601	207	0	606	354	323	778	778	478	803	105	710	434	104	871	1970	421	288	601	890	522	743	516	1472	825	948	2798	411	923	751	537	334	751	1904	356	1743	1156	1584	3616	1323	745	1927	754	795	325	770	923	2790	334	2304	2157	1451	453	1174	2150	660	1918	804	197	153	814	834	643	2314	864	324	744	2745	778	1063	397	483	2340	70	774	854	949	1250	439	86	989	796	34	725	129	455	770	521	2795	742	1082	1630	490	716	934	825	595	1880	232	970	936	360	207
504	1444	565	217	353	896	0	1112	444	294	716	370	1345	581	471	525	619	1327	992	1319	1107	480	1269	282	161	813	2688	686	1013	2291	316	3569	560	659	312	469	992	584	2462	2704	316	1331	581	292	1348	324	144	762	998	227	616	1212	469	2675	1750	248	565	598	117	628	538	292	497	141	995	271	1771	322	575	2672	2216	292	483	981	1188	1226	1635	1868	1406	1402	248	733	1616	344	1233	303	294	169	1757	587	594	616	586	1233	565	13	1938	168	2145	417	1034	229	1483	1210	1870	434	292	616	508	26	579	1275	1360	1137	775	233	735	681	1679	248	658	499	928	1734	553	1184	643	168	313	691	996	689	903	448	659	1309	2807	750	1155	476	2020	1013	1300	409	1907	472	1510	1506	8	1015	478	132	1633	217	704	1608	1053	1183	665	1735	584	1055	482	1053	403	1260	1579	803	697	138	602	3767	1107	1425	1707	2185	805	240	716	2167	465	112	3529	1380	893	1628	470	859	3662	447	1533	1666	130	601	542	616	1478	316	1640	1786	1196	310	743	896	296	632	771	130	130	537	1551	902	358	604	965	31	1145	552	612	860	1633	437	157	928	2224	418	1179	3674	516	409	413	1434	584	147	2592	565	849	1893	2451	4275	795	312	1447	315	605	584	249	1145	3461	584	2371	2477	882	445	1349	2260	292	2534	108	748	786	428	1595	292	2604	492	581	288	3243	130	1664	1252	484	3045	876	388	1738	1242	2121	616	859	1270	122	901	1619	955	447	249	1278	3465	1004	1319	1744	1386	186	1159	418	307	2741	783	1166	992	545	743
813	649	661	1099	909	682	1112	0	837	963	778	888	2456	691	698	1116	814	802	594	232	286	859	245	938	951	1810	1588	442	587	1179	954	2497	879	854	852	837	1192	657	1422	1625	848	237	803	830	249	842	988	400	2068	993	1010	804	711	1735	855	879	661	538	1073	635	643	936	930	984	1929	1151	885	925	603	1733	1146	830	686	731	338	498	2730	1343	2210	1152	879	608	930	880	442	1146	821	943	1147	594	1480	1010	679	442	623	1099	833	957	1267	1362	434	1047	865	104	1047	1395	830	817	1287	1086	1621	331	574	143	591	1033	759	551	950	879	784	839	203	1008	1173	2293	635	944	816	540	132	1447	642	1015	460	2036	1712	399	291	835	2925	587	375	912	1086	914	404	856	1108	796	935	1074	616	1099	801	611	408	165	648	1146	657	657	688	603	860	305	658	937	460	987	992	2662	286	329	668	1470	576	875	778	1145	691	1073	2417	699	504	994	830	605	2551	852	2645	670	986	991	1038	817	876	848	622	1109	98	955	574	682	936	559	439	986	986	595	557	576	1146	997	606	1080	2253	941	696	254	616	976	972	203	1158	772	295	2731	884	1356	732	862	657	984	1487	661	1892	835	1533	3163	1799	1153	2450	1165	1339	815	872	281	2349	657	1626	1495	1914	835	509	1469	1039	1422	1075	579	591	757	606	830	1646	1348	803	1138	2165	986	555	593	965	1940	615	1223	973	273	1244	1010	605	312	1078	648	1066	803	852	872	423	2353	178	408	956	830	945	287	772	853	1788	879	329	407	818	574
639	1339	583	307	563	928	444	837	0	554	817	563	1715	627	488	836	750	1318	970	1001	741	649	928	518	333	1258	2341	404	985	1987	566	3334	736	808	452	621	1223	603	2255	2462	452	1016	708	366	1086	456	421	437	1425	226	855	1234	500	2537	1336	239	583	487	496	637	526	527	712	406	1439	661	1354	547	537	2535	1847	366	490	1022	810	815	2034	1424	1838	1508	239	736	1569	100	833	682	341	326	1313	242	1022	855	624	1105	544	432	1611	399	1719	850	938	257	1453	941	1440	871	366	749	897	430	805	908	1251	813	769	245	824	636	1618	241	768	652	705	1677	884	1519	655	325	386	639	754	1088	915	722	402	1726	2544	437	787	627	2465	985	924	75	1476	679	1238	1465	436	1078	699	509	1433	307	819	1419	943	855	689	1290	603	1050	491	1026	41	898	1178	970	376	408	835	3483	741	1166	1495	1742	790	280	817	1972	467	492	3222	1315	838	1185	616	857	3360	611	1894	1282	388	834	811	749	1454	452	1265	1344	899	562	724	928	530	576	664	388	388	450	1361	883	723	838	952	421	1475	766	665	592	1433	689	411	705	1995	102	812	3540	699	842	177	1418	603	418	2312	583	1067	1670	2323	3953	1240	693	1888	700	989	718	250	780	3153	603	1929	2067	1323	595	947	1822	611	2219	491	733	779	113	1410	366	2186	905	708	667	2868	388	1385	1180	722	2764	878	781	1664	887	2009	855	857	907	505	916	1625	1033	611	250	1131	3158	684	936	1312	1371	407	793	102	447	2596	926	789	597	683	724
221	1190	325	472	66	616	294	963	554	0	427	88	1528	323	264	282	328	1046	723	1188	1032	189	1160	36	246	849	2550	601	745	2124	21	3348	266	364	126	184	713	339	2235	2493	129	1196	293	200	1176	132	172	691	1108	419	332	927	253	2417	1705	317	325	425	184	379	324	31	204	185	986	188	1729	39	365	2415	2104	200	276	696	1118	1194	1776	1932	1331	1107	317	474	1341	467	1184	185	224	249	1794	573	536	332	331	995	347	290	1795	173	2116	400	792	456	1204	1050	1851	432	200	325	367	274	865	1190	1110	1022	515	452	447	450	1406	316	369	210	762	1460	330	1401	391	251	192	462	834	556	628	174	562	1197	2605	672	1076	191	2007	745	1223	558	1890	177	1337	1230	298	725	185	172	1416	472	412	1385	815	1068	404	1776	339	779	275	783	522	1171	1519	509	635	186	316	3573	1032	1247	1493	2207	545	274	427	1937	271	187	3352	1113	642	1652	187	591	3481	161	1721	1583	208	315	269	325	1199	130	1548	1806	1056	15	491	616	29	417	558	208	208	371	1330	638	197	318	695	277	1368	260	345	731	1416	150	170	762	2011	475	1099	3411	222	394	424	1153	339	172	2405	325	1128	1681	2192	4106	837	192	1494	204	450	294	304	1065	3285	339	2388	2412	951	165	1299	2261	78	2371	192	494	525	476	1370	200	2551	404	293	175	3127	208	1492	992	195	2855	606	272	1468	1147	1859	332	591	1180	182	625	1331	665	161	304	1047	3289	896	1247	1731	1105	157	1080	475	129	2485	488	1096	954	257	491
212	799	240	860	364	199	716	778	817	427	0	346	1904	191	328	395	99	622	326	1008	959	238	1017	434	620	1134	2300	617	349	1839	406	2980	175	92	423	247	454	222	1865	2142	420	1009	134	490	926	412	577	698	1438	779	253	500	317	2010	1619	639	240	388	610	202	299	425	251	587	1209	568	1647	395	304	2008	1902	490	327	270	1043	1166	2112	1993	1441	703	639	171	920	767	1134	544	508	618	1824	700	785	253	197	640	288	709	1556	564	2035	727	447	830	782	834	1797	760	490	103	587	693	1292	1082	727	887	187	821	25	260	988	638	58	217	585	1039	442	1801	188	620	463	267	649	707	223	343	578	1261	2267	674	993	240	2167	349	1123	856	1837	262	1074	809	719	298	268	600	1075	860	25	1037	478	926	157	1814	222	364	326	381	802	1058	1423	177	675	588	241	3236	959	982	1156	2198	207	599	0	1567	350	614	3039	705	303	1672	246	211	3162	269	2097	1447	606	241	310	103	775	420	1400	1811	875	411	205	199	421	295	350	606	606	391	988	259	511	244	296	694	1771	222	154	632	1075	323	569	585	1663	715	1010	2996	213	723	642	728	222	576	2087	240	1556	1343	1783	3799	1129	546	1744	555	609	132	624	981	2974	222	2368	2272	1256	272	1235	2220	464	2089	618	199	189	707	1021	490	2425	667	134	546	2900	606	1221	596	283	2527	217	575	1052	1027	1449	253	211	1066	610	219	904	239	269	624	701	2978	795	1153	1692	681	544	994	715	429	2080	120	1024	952	170	205
135	1102	240	528	22	530	370	888	563	88	346	0	1615	234	192	288	248	961	635	1117	974	110	1093	88	290	921	2474	549	657	2043	71	3261	197	292	110	98	670	253	2147	2406	110	1124	211	197	1096	107	234	641	1188	461	293	843	178	2329	1650	339	240	354	266	291	245	79	151	245	1047	269	1675	50	286	2327	2033	197	204	612	1061	1146	1859	1905	1374	1037	339	385	1255	487	1132	259	221	290	1761	545	596	293	243	907	267	363	1718	225	2063	474	704	505	1119	973	1802	507	197	246	413	347	947	1128	1021	955	427	498	365	365	1320	338	287	128	686	1373	343	1489	303	293	178	377	758	594	541	168	509	1229	2520	620	1018	106	2062	657	1163	579	1842	119	1257	1144	373	644	136	256	1329	528	333	1298	727	1000	315	1744	253	692	202	696	536	1108	1462	445	590	246	274	3487	974	1166	1407	2167	457	295	346	1849	204	269	3269	1025	554	1616	100	503	3397	76	1808	1520	266	273	248	246	1113	111	1483	1768	983	75	403	530	75	335	475	266	266	305	1243	549	257	277	607	349	1456	208	257	665	1329	129	227	686	1924	474	1040	3323	153	468	413	1068	253	233	2321	240	1212	1595	2103	4024	910	266	1562	277	485	214	325	1006	3202	253	2347	2351	1027	77	1246	2216	154	2291	273	405	436	472	1283	197	2492	463	211	253	3054	266	1411	903	159	2770	518	335	1381	1083	1771	293	503	1118	266	539	1249	585	76	325	959	3206	832	1188	1685	1020	206	1021	474	116	2397	418	1040	908	175	403
1735	2702	1854	1407	1593	2104	1345	2456	1715	1528	1904	1615	0	1849	1782	1525	1810	2507	2228	2664	2440	1692	2611	1543	1506	851	4032	2030	2251	3635	1544	4875	1729	1816	1617	1700	1900	1868	3760	4022	1621	2676	1790	1627	2688	1629	1468	2102	524	1501	1679	2375	1774	3909	3048	1587	1854	1929	1387	1907	1847	1548	1655	1472	938	1349	3065	1568	1888	3907	3553	1627	1794	2163	2517	2530	380	3006	1258	2421	1587	1996	2808	1632	2548	1367	1634	1514	2952	1915	1162	1679	1859	2521	1872	1358	3283	1499	3418	1177	2317	1459	2667	2552	3137	1145	1627	1806	1339	1370	962	2609	2626	2481	2036	1472	1928	1979	2879	1586	1855	1716	2268	2926	1493	256	1918	1513	1643	1990	2337	1309	2126	1560	2004	1374	4134	2091	2488	1705	1327	2251	2631	1648	3171	1650	2850	2699	1349	2167	1639	1388	2944	1407	1881	2913	2342	2527	1927	2922	1868	2267	1793	2285	1677	2597	2893	1887	2035	1469	1682	5099	2440	2763	3022	3383	2066	1584	1904	3462	1782	1387	4870	2608	2166	2848	1705	2101	5002	1678	193	2993	1469	1681	1603	1806	2657	1622	2973	3005	2541	1540	2017	2104	1550	1942	2084	1469	1469	1869	2859	2150	1394	1680	2198	1377	303	1682	1868	2205	2944	1585	1484	2268	3540	1732	2513	4881	1698	1180	1747	2608	1868	1472	3928	1854	803	3210	3681	5619	843	1364	740	1353	1360	1785	1591	2479	4802	1868	3570	3780	720	1688	2662	3489	1464	3879	1384	2018	2044	1745	2899	1627	3894	1252	1790	1369	4578	1469	3005	2499	1621	4380	2113	1329	2947	2580	3348	1679	2101	2606	1383	2122	2747	2105	1678	1591	2575	4807	2348	2646	3008	2565	1512	2493	1732	1615	3980	1904	2495	2309	1758	2017
124	870	50	696	257	323	581	691	627	323	191	234	1849	0	140	425	151	750	410	924	826	171	915	314	460	1133	2262	445	431	1821	306	3026	194	209	269	153	631	38	1912	2173	266	928	122	319	880	257	436	532	1414	606	334	642	131	2098	1499	462	50	213	490	59	108	307	238	442	1240	500	1527	283	122	2096	1836	319	136	414	913	1021	2087	1830	1524	885	462	153	1036	581	997	486	333	456	1668	511	794	334	11	672	103	571	1508	416	1916	695	469	660	903	766	1667	729	319	152	598	555	1160	965	788	778	195	649	196	141	1098	461	150	148	488	1153	482	1724	68	459	292	153	559	756	324	326	404	1359	2288	509	865	150	2234	431	1004	669	1707	224	1038	925	581	461	244	483	1095	696	197	1063	493	822	84	1656	38	476	136	471	614	943	1306	359	500	444	314	3256	826	946	1174	2055	225	426	191	1614	160	493	3042	799	319	1518	147	278	3169	173	2042	1347	458	313	348	152	900	265	1305	1662	789	310	168	323	305	138	256	458	458	203	1009	321	472	318	384	554	1691	254	38	499	1095	289	424	488	1691	525	885	3095	192	690	451	856	38	434	2092	50	1430	1362	1874	3798	1125	491	1766	502	648	135	448	853	2975	38	2229	2179	1246	161	1104	2088	385	2070	496	171	205	516	1049	319	2326	664	122	482	2850	458	1191	673	274	2540	296	547	1157	915	1543	334	278	952	492	323	1048	410	173	448	725	2979	669	1032	1556	808	396	867	525	274	2166	307	893	795	128	168
172	974	103	563	211	459	471	698	488	264	328	192	1782	140	0	459	266	879	533	925	784	203	901	241	334	1111	2286	367	552	1861	255	3105	273	326	165	173	750	125	1995	2244	161	933	226	189	913	153	328	459	1372	470	412	777	16	2203	1461	325	103	162	398	166	67	238	281	330	1240	452	1486	226	106	2201	1841	189	12	552	871	962	2038	1743	1558	1026	325	275	1158	441	946	448	199	329	1591	396	789	412	139	762	93	461	1530	303	1875	664	562	525	1029	785	1617	696	189	266	603	445	1045	937	889	762	315	514	336	209	1217	324	280	194	498	1274	517	1641	184	332	163	219	570	780	456	343	326	1407	2352	437	827	176	2252	552	972	528	1657	254	1075	1048	471	601	277	395	1168	563	330	1140	581	808	214	1576	125	604	11	593	474	916	1271	485	414	333	391	3317	784	985	1244	1990	343	290	328	1698	22	399	3092	915	423	1443	166	404	3222	178	1974	1328	343	389	399	266	1026	161	1290	1593	793	256	277	459	238	162	304	343	343	115	1084	442	450	395	509	442	1606	321	179	472	1168	301	314	498	1762	387	849	3204	249	657	314	984	125	325	2147	103	1318	1431	1981	3845	1100	455	1754	466	670	238	310	816	3024	125	2168	2159	1215	158	1058	2033	340	2108	402	284	326	379	1127	189	2301	656	226	439	2863	343	1229	785	309	2598	423	527	1274	891	1652	412	404	926	401	455	1181	551	178	310	808	3029	640	997	1501	936	285	830	387	168	2269	439	850	727	209	277
306	1189	459	732	280	589	525	1116	836	282	395	288	1525	425	459	0	317	982	719	1349	1239	262	1339	317	523	739	2678	826	742	2226	269	3372	240	303	392	289	478	460	2258	2536	393	1353	317	475	1296	391	440	918	1046	694	154	850	442	2384	1915	600	459	611	410	481	492	309	187	456	822	271	1942	291	527	2382	2260	475	468	640	1326	1421	1719	2193	1103	945	600	530	1283	750	1404	237	500	528	2046	833	390	154	436	1035	505	526	1927	450	2331	352	839	725	1142	1188	2076	382	475	314	192	513	1033	1385	1120	1202	562	722	420	565	1354	599	358	280	913	1401	58	1442	482	530	461	576	984	330	617	119	785	947	2662	896	1280	289	1809	742	1422	841	2115	207	1451	1174	532	642	184	393	1469	732	370	1432	868	1245	474	2030	460	748	467	772	805	1364	1724	365	871	455	158	3631	1239	1358	1551	2449	588	557	395	1960	476	415	3432	1087	690	1900	296	605	3556	281	1717	1770	479	158	84	314	1132	393	1729	2051	1214	273	560	589	305	560	679	479	479	573	1382	654	181	155	689	519	1417	180	421	917	1469	160	443	913	2058	754	1301	3358	232	350	698	1084	460	442	2481	459	1273	1737	2156	4192	734	231	1354	235	223	306	587	1268	3367	460	2627	2602	862	301	1515	2493	240	2475	419	558	567	754	1416	475	2748	275	317	248	3271	479	1601	986	153	2922	612	210	1422	1336	1823	154	605	1373	404	612	1232	580	281	587	1095	3371	1088	1449	1960	1039	437	1283	754	396	2456	379	1305	1186	297	560
120	891	200	770	266	296	619	814	750	328	99	248	1810	151	266	317	0	721	417	1046	970	139	1046	336	529	1052	2362	596	440	1908	307	3069	81	60	333	151	485	189	1954	2227	331	1049	42	406	982	323	482	683	1350	693	195	599	252	2107	1639	557	200	364	512	189	255	327	155	492	1139	470	1667	297	273	2105	1952	406	267	369	1055	1169	2025	1981	1395	791	557	214	1019	692	1142	447	426	528	1818	657	705	195	160	722	253	612	1613	470	2056	635	523	742	881	879	1811	668	406	3	506	596	1193	1103	817	912	244	733	122	268	1087	556	45	120	614	1138	369	1704	184	530	380	278	682	642	316	250	555	1224	2349	659	1007	144	2114	440	1143	783	1851	163	1135	908	622	397	171	500	1155	770	84	1119	552	954	165	1806	189	461	266	475	731	1080	1444	220	651	493	178	3319	970	1042	1236	2203	271	515	99	1656	288	515	3116	801	373	1667	152	293	3240	172	2003	1479	512	177	233	3	874	331	1434	1811	912	312	245	296	323	284	375	512	512	351	1068	343	416	182	387	597	1674	137	126	641	1155	226	474	614	1747	650	1026	3094	114	631	578	828	189	481	2165	200	1456	1424	1880	3875	1046	448	1671	458	538	34	542	995	3051	189	2376	2308	1172	178	1247	2233	365	2158	519	242	250	643	1104	406	2458	583	42	448	2957	512	1285	689	189	2607	303	483	1150	1051	1547	195	293	1089	511	312	1003	336	172	542	781	3055	809	1172	1702	781	450	1008	650	339	2177	178	1036	945	74	245
826	305	776	1443	981	431	1327	802	1318	1046	622	961	2507	750	879	982	721	0	349	951	1084	858	1020	1049	1210	1699	1954	973	333	1458	1025	2421	796	700	1019	862	709	755	1322	1625	1015	940	753	1067	768	1007	1184	1012	2020	1348	827	133	875	1402	1596	1203	776	831	1227	712	820	1040	871	1191	1731	1189	1627	1011	796	1400	1664	1067	871	352	1140	1300	2687	2144	1849	385	1203	604	301	1300	1245	1164	1079	1206	1944	1122	1356	827	746	372	796	1319	1285	1165	1980	1332	410	1404	160	778	1803	1363	1067	725	1169	1302	1906	1122	300	945	564	1393	600	688	372	1202	678	836	732	419	1015	2417	695	1208	1041	682	743	1237	425	959	952	1644	1768	993	1093	855	2584	333	1165	1376	1840	884	843	192	1329	339	889	1218	665	1443	640	617	422	961	668	1946	755	275	871	292	1317	1097	1411	622	1029	1193	826	2724	1084	772	740	2237	538	1170	622	1035	894	1231	2566	170	479	1794	860	475	2677	885	2699	1370	1208	826	905	725	153	1015	1310	1899	864	1031	605	431	1037	748	657	1208	1208	874	593	439	1125	827	371	1302	2389	833	716	856	665	943	1173	732	1171	1218	1098	2378	835	1329	1146	106	755	1182	1632	776	2174	896	1175	3325	1699	1164	2260	1173	1161	753	1189	1083	2505	755	2378	2107	1829	884	1304	2211	1087	1697	1235	597	553	1205	599	1067	2273	1255	753	1166	2569	1208	940	212	901	2042	455	1182	440	1065	843	827	475	1101	1227	426	307	402	885	1189	417	2509	938	1198	1730	59	1146	1090	1218	1024	1475	603	1131	1169	789	605
503	474	431	1096	657	133	992	594	970	723	326	635	2228	410	533	719	417	349	0	799	843	542	838	721	866	1458	2011	644	23	1537	704	2653	498	417	680	540	622	410	1539	1817	676	795	439	722	670	668	847	696	1764	1000	572	268	531	1694	1446	854	431	483	899	367	472	713	572	853	1525	884	1476	686	446	1692	1644	722	524	140	915	1064	2438	1916	1721	592	854	259	625	950	1018	863	733	862	1727	783	1110	572	405	324	447	982	1282	826	1853	1052	167	1056	496	614	1641	1085	722	421	912	966	1571	925	401	730	218	1044	301	338	687	854	372	518	455	742	764	2118	350	864	696	333	493	1021	102	667	618	1530	1944	674	865	533	2455	23	969	1027	1680	578	800	515	992	202	588	890	757	1096	350	717	199	758	326	1724	410	82	525	61	968	899	1251	411	703	855	563	2913	843	710	839	2064	190	823	326	1241	547	901	2722	390	137	1574	536	132	2842	563	2421	1246	868	563	636	421	493	676	1192	1697	681	709	256	133	710	398	317	868	868	524	670	91	833	566	30	965	2087	548	380	560	757	643	835	455	1340	870	876	2687	530	1049	797	452	410	845	1771	431	1841	1023	1468	3482	1454	865	2060	875	928	443	841	853	2657	410	2220	2046	1582	558	1099	2062	774	1786	905	249	207	857	700	722	2205	993	439	863	2618	868	936	271	607	2207	117	900	746	867	1135	572	132	906	900	107	656	219	563	841	388	2661	681	1002	1550	405	807	863	870	685	1763	365	901	893	473	256
1045	736	893	1284	1137	900	1319	232	1001	1188	1008	1117	2664	924	925	1349	1046	951	799	0	295	1091	104	1162	1158	2037	1370	634	789	987	1180	2349	1112	1086	1074	1068	1412	889	1310	1479	1070	20	1035	1045	205	1064	1202	570	2289	1180	1242	978	938	1673	651	1078	893	763	1289	868	872	1161	1162	1196	2160	1376	682	1151	832	1671	916	1045	913	939	282	428	2947	1212	2442	1322	1078	839	1017	1059	363	1373	1034	1149	1006	766	1710	1242	912	578	853	1305	619	1171	1054	1589	633	1231	981	185	854	1621	1045	1049	1518	1294	1801	205	680	187	821	1217	988	784	1021	1078	1016	1071	435	1074	1405	2492	867	1150	1033	772	364	1679	859	1247	660	2268	1550	577	263	1067	3158	789	240	1076	892	1146	279	963	1314	1002	1167	1291	578	1284	1031	591	603	145	881	1012	889	852	915	798	1030	187	461	1163	636	1200	1225	2482	295	256	603	1287	804	1079	1008	1058	917	1288	2224	820	725	860	1061	827	2360	1083	2851	447	1197	1224	1271	1049	995	1070	394	952	134	1182	805	900	1161	790	671	1197	1197	818	549	794	1374	1229	815	1287	2451	1174	929	462	578	1207	1186	435	1034	951	247	2651	1116	1583	922	991	889	1198	1312	893	2068	736	1489	2961	2026	1380	2679	1392	1572	1048	1073	262	2155	889	1433	1264	2139	1065	376	1269	1266	1222	1290	810	819	936	594	1045	1418	1578	1035	1364	1938	1197	399	739	1198	1763	835	1452	1027	168	1232	1242	827	186	1295	865	1179	1015	1083	1073	537	2159	319	269	779	967	1160	256	951	1074	1719	1105	289	460	1051	805
935	933	785	1039	991	908	1107	286	741	1032	959	974	2440	826	784	1239	970	1084	843	295	0	977	200	1000	950	1874	1600	433	841	1258	1028	2639	1020	1020	908	950	1402	788	1606	1771	904	315	948	859	461	900	1009	347	2100	940	1160	1075	800	1961	676	859	785	627	1098	780	747	1002	1054	1000	2018	1211	702	999	713	1959	1112	859	774	973	87	220	2742	1072	2342	1422	859	789	1215	812	177	1215	844	941	884	525	1568	1160	815	728	735	1094	874	977	1092	1427	697	986	1152	349	841	1457	859	972	1388	1084	1545	168	860	152	786	972	945	704	1233	860	950	961	392	1290	1297	2255	786	941	854	695	351	1564	871	1126	470	2184	1837	363	47	950	3036	841	193	814	881	1031	572	1142	1101	1040	1054	1103	851	1039	979	857	675	165	809	880	788	915	775	863	774	157	487	1132	411	1003	1141	2756	0	532	887	1240	779	869	959	1350	770	1097	2486	986	731	730	942	824	2625	959	2624	559	996	1140	1170	972	1162	904	533	859	261	1029	756	908	1003	687	610	996	996	669	807	806	1228	1145	849	1076	2212	1080	843	328	851	1085	993	392	1330	709	72	2944	1013	1420	695	1147	788	1004	1593	785	1806	1030	1771	3213	1861	1224	2520	1234	1455	961	857	39	2417	788	1408	1381	1966	940	277	1263	1110	1484	1098	763	788	695	855	859	1519	1435	948	1204	2137	996	694	877	1086	2041	838	1304	1252	148	1499	1160	824	166	1105	876	1352	1036	959	857	709	2422	166	215	733	1114	970	52	709	906	2009	1073	66	165	953	756
47	1013	198	638	127	429	480	859	649	189	238	110	1692	171	203	262	139	858	542	1091	977	0	1078	197	398	962	2433	569	564	1991	167	3183	90	181	207	30	575	202	2068	2334	205	1096	105	288	1051	199	345	661	1247	567	212	738	187	2236	1653	438	198	349	372	230	230	188	78	355	1070	343	1679	157	264	2234	2005	288	211	507	1064	1162	1921	1947	1365	926	438	305	1154	580	1143	324	311	398	1794	595	623	212	182	829	243	473	1679	335	2069	528	627	613	1017	936	1815	561	288	136	427	457	1054	1123	936	940	344	605	258	312	1220	436	180	24	655	1273	320	1576	236	400	265	324	727	591	443	155	528	1207	2452	638	1018	27	2069	564	1160	673	1854	55	1209	1043	483	536	77	361	1258	638	224	1225	653	985	238	1780	202	593	210	601	625	1102	1461	337	617	357	191	3421	977	1117	1338	2192	374	394	238	1770	224	376	3210	930	475	1647	37	411	3336	39	1885	1509	376	190	195	136	1011	205	1469	1795	957	173	328	429	183	301	427	376	376	315	1171	460	303	195	512	459	1545	120	179	655	1258	117	338	655	1853	554	1039	3226	50	523	487	964	202	344	2260	198	1317	1526	2010	3967	954	328	1595	338	482	105	423	1006	3143	202	2369	2341	1076	54	1253	2233	232	2240	380	329	352	550	1209	288	2486	493	105	322	3020	376	1362	812	109	2706	425	378	1283	1074	1677	212	411	1111	371	441	1142	476	39	423	885	3148	826	1187	1700	917	316	1020	554	213	2305	307	1043	929	69	328
1033	823	880	1219	1112	927	1269	245	928	1160	1017	1093	2611	915	901	1339	1046	1020	838	104	200	1078	0	1132	1109	2009	1421	583	830	1061	1154	2438	1107	1090	1041	1053	1437	879	1410	1571	1037	124	1031	1004	303	1032	1160	509	2251	1118	1242	1036	915	1777	609	1024	880	738	1248	861	852	1131	1151	1152	2140	1345	639	1124	814	1775	948	1004	889	976	177	325	2903	1129	2439	1383	1024	846	1105	993	260	1345	992	1100	925	701	1689	1242	903	649	836	1255	682	1127	1022	1560	676	1166	1062	242	802	1591	1004	1049	1501	1245	1732	106	761	138	832	1152	999	779	1113	1025	1020	1059	432	1167	1396	2433	864	1101	995	768	367	1669	888	1232	613	2270	1637	519	162	1052	3147	830	147	1003	842	1133	383	1046	1264	1041	1155	1251	681	1219	1040	694	647	93	880	929	879	898	890	843	960	85	413	1180	576	1156	1223	2559	200	359	708	1229	819	1029	1017	1161	890	1247	2294	898	749	776	1046	850	2432	1066	2797	432	1151	1222	1264	1049	1075	1037	390	878	159	1155	811	927	1132	778	671	1151	1151	789	650	822	1351	1228	851	1238	2391	1169	924	428	681	1192	1143	432	1132	887	144	2754	1107	1554	864	1068	879	1155	1394	880	1996	839	1593	3025	1997	1353	2654	1364	1560	1044	1021	164	2224	879	1382	1263	2107	1048	287	1224	1238	1291	1248	818	832	872	696	1004	1411	1556	1031	1335	1975	1151	496	808	1186	1843	860	1428	1123	63	1336	1242	850	86	1254	894	1261	1049	1066	1021	614	2229	266	179	716	1041	1118	156	887	1041	1822	1121	186	366	1043	811
223	1184	311	448	71	618	282	938	518	36	434	88	1543	314	241	317	336	1049	721	1162	1000	197	1132	0	216	877	2526	568	742	2103	48	3336	281	378	93	187	740	327	2224	2479	96	1171	299	163	1155	100	149	659	1130	390	359	932	231	2413	1672	283	311	400	178	368	304	10	225	161	1017	213	1696	40	345	2410	2077	163	254	700	1087	1160	1797	1895	1367	1123	283	467	1342	433	1152	214	187	218	1759	538	569	359	322	985	329	276	1771	146	2083	428	782	430	1206	1027	1817	459	163	334	403	260	858	1159	1103	994	509	424	453	436	1406	282	376	216	739	1460	366	1411	381	221	156	447	810	592	628	207	530	1233	2590	640	1045	194	2040	742	1192	525	1856	195	1316	1231	285	733	207	169	1402	448	421	1372	804	1040	397	1740	327	779	252	781	487	1141	1488	527	602	162	342	3556	1000	1226	1479	2171	539	240	434	1926	246	181	3333	1111	634	1617	188	588	3462	164	1736	1553	184	340	300	334	1201	96	1519	1771	1031	44	482	618	15	399	541	184	184	344	1317	634	231	344	693	261	1377	282	340	703	1402	179	145	739	1997	439	1068	3408	236	422	387	1156	327	149	2387	311	1124	1667	2188	4086	865	223	1522	234	486	302	270	1034	3266	327	2353	2381	977	164	1267	2227	111	2350	185	486	519	440	1358	163	2519	437	299	204	3100	184	1471	987	221	2837	604	305	1467	1117	1856	359	588	1150	179	625	1337	673	164	270	1035	3270	867	1215	1697	1108	128	1049	439	95	2480	503	1065	921	263	482
409	1306	435	240	280	783	161	951	333	246	620	290	1506	460	334	523	529	1210	866	1158	950	398	1109	216	0	948	2527	526	886	2131	264	3415	487	578	196	378	956	456	2311	2549	199	1169	488	145	1188	208	88	603	1151	173	575	1102	335	2535	1599	100	435	444	166	499	399	226	439	72	1117	327	1621	254	433	2533	2056	145	344	872	1031	1076	1794	1750	1507	1321	100	607	1492	237	1080	349	140	8	1630	435	691	575	463	1089	425	147	1777	73	1999	521	893	215	1362	1049	1725	545	145	527	564	135	712	1117	1220	976	648	208	635	541	1552	99	562	411	769	1608	565	1343	516	8	170	550	836	755	784	420	497	1392	2649	590	997	386	2146	886	1143	322	1763	408	1350	1382	156	914	422	178	1481	240	612	1456	909	1022	542	1608	456	935	343	927	296	1102	1425	735	538	75	558	3608	950	1265	1553	2053	676	80	620	2016	324	163	3368	1249	758	1495	377	736	3502	360	1694	1509	55	557	515	527	1359	199	1482	1652	1035	259	612	783	231	488	623	55	55	384	1399	776	393	560	841	129	1304	496	495	698	1481	395	81	769	2069	280	1021	3536	443	514	260	1316	456	85	2433	435	986	1738	2313	4114	931	360	1589	367	658	494	96	987	3300	456	2238	2323	1026	351	1196	2122	287	2373	162	618	659	288	1444	145	2453	572	488	334	3083	55	1504	1119	437	2886	754	448	1608	1083	1985	575	736	1111	174	783	1508	858	360	96	1131	3305	843	1162	1601	1268	88	1001	280	191	2600	704	1009	840	455	612
1009	1926	1153	989	900	1327	813	1810	1258	849	1134	921	851	1133	1111	739	1052	1699	1458	2037	1874	962	2009	877	948	0	3393	1441	1481	2954	856	4107	972	1042	969	980	1056	1162	2995	3276	972	2045	1044	1015	2013	977	874	1528	331	1036	887	1566	1099	3099	2540	1048	1153	1274	785	1193	1166	877	905	885	213	664	2562	886	1207	3097	2953	1015	1124	1371	1960	2020	988	2680	674	1578	1048	1260	1996	1158	2018	664	1032	956	2571	1379	348	887	1144	1773	1187	826	2638	905	2944	448	1576	1023	1856	1893	2672	418	1015	1049	547	829	873	2036	1858	1871	1295	1031	1159	1274	2070	1047	1095	986	1607	2112	694	853	1199	956	1020	1286	1680	468	1356	810	1405	670	3401	1511	1920	983	1209	1481	2067	1218	2710	911	2172	1892	822	1364	894	777	2208	989	1109	2171	1605	1917	1198	2548	1162	1483	1122	1510	1217	2018	2359	1079	1467	882	895	4370	1874	2080	2289	2998	1323	1024	1134	2697	1120	787	4168	1819	1425	2440	987	1343	4293	962	1034	2430	894	895	823	1049	1845	972	2396	2598	1904	855	1287	1327	877	1254	1388	894	894	1220	2121	1393	664	892	1428	838	848	915	1140	1581	2208	845	889	1607	2797	1226	1943	4054	952	455	1207	1796	1162	878	3217	1153	972	2476	2872	4927	23	657	646	645	537	1036	1044	1909	4103	1162	3184	3256	132	978	2134	3070	771	3203	787	1286	1302	1235	2155	1015	3391	470	1044	673	3975	894	2325	1723	868	3660	1351	587	2139	1994	2542	887	1343	2027	777	1351	1917	1303	962	1044	1833	4107	1745	2090	2548	1755	908	1924	1226	969	3173	1107	1937	1781	1018	1287
2386	1649	2240	2639	2495	2140	2688	1588	2341	2550	2300	2474	4032	2262	2286	2678	2362	1954	2011	1370	1600	2433	1421	2526	2527	3393	0	2002	1992	499	2540	1361	2437	2389	2440	2414	2617	2232	1004	809	2436	1359	2361	2414	1382	2430	2572	1931	3656	2538	2551	2054	2297	1465	1137	2445	2240	2126	2659	2203	2228	2524	2497	2566	3500	2739	1140	2512	2187	1464	515	2414	2273	2139	1532	1563	4317	1701	3732	2316	2445	2148	1793	2412	1526	2733	2404	2519	1551	2121	3057	2551	2251	1690	2206	2675	755	2541	1029	2948	1859	2586	1869	1500	1199	2981	2414	2365	2859	2663	3145	1433	1672	1551	2119	2572	2277	2120	1737	2446	2325	2411	1788	1749	2732	3854	2199	2520	2402	2108	1715	3004	2102	2588	2029	3541	703	1941	1553	2411	4465	1992	1419	2414	1194	2486	1227	1830	2683	2182	2505	2660	1291	2639	2326	1338	1826	1505	2204	1585	2232	2025	2275	1978	2375	1442	1213	2421	1997	2570	2537	1270	1600	1320	1213	1395	2095	2448	2300	1094	2279	2658	946	1784	1997	1525	2407	2093	1090	2431	4218	1080	2567	2537	2595	2365	1888	2436	1083	1448	1497	2542	2118	2140	2524	2139	2006	2567	2567	2183	1368	2048	2729	2541	2037	2656	3811	2498	2259	1832	1291	2551	2556	1788	903	2307	1529	2065	2450	2942	2286	1918	2232	2568	528	2240	3402	1070	1462	1624	3384	2739	4029	2751	2901	2372	2441	1561	878	2232	1365	694	3501	2415	1425	1233	2626	299	2660	2120	2114	2292	1356	2414	795	2927	2361	2725	614	2567	1079	1806	2534	684	2093	2806	1684	1456	1503	2551	2093	1433	2664	2108	1988	2221	2431	2441	1626	883	1684	1410	1290	1929	2530	1548	2307	2441	1446	2371	1553	1748	2383	2118
533	950	396	657	564	646	686	442	404	601	617	549	2030	445	367	826	596	973	644	634	433	569	583	568	526	1441	2002	0	653	1616	599	2938	628	654	475	540	1070	407	1853	2066	472	647	564	426	690	469	578	92	1671	551	770	912	383	2134	1103	444	396	231	667	415	345	570	647	570	1586	778	1128	569	322	2132	1530	426	358	734	518	596	2320	1385	1923	1227	444	471	1197	438	584	783	412	517	1226	165	1137	770	435	714	342	673	1254	546	1515	994	569	604	1092	546	1253	1024	426	597	962	661	1178	596	862	451	488	590	611	363	1240	444	590	557	302	1299	884	1858	428	518	420	360	351	1144	620	709	41	1774	2155	71	479	541	2608	653	626	477	1292	621	847	1098	681	799	644	672	1029	657	630	1015	567	496	460	1213	407	727	359	690	422	579	919	794	60	574	749	3104	433	770	1092	1623	497	446	617	1569	349	666	2854	942	507	1078	532	562	2990	545	2217	990	568	748	765	597	1096	472	960	1226	517	599	445	646	571	321	328	568	568	254	957	570	798	753	634	655	1817	682	472	190	1029	667	562	302	1595	330	502	3137	611	987	290	1065	407	574	1929	396	1449	1268	1923	3595	1427	791	2087	802	1034	578	439	468	2786	407	1801	1815	1533	525	698	1667	679	1855	667	455	495	315	1006	426	1951	1005	564	771	2558	568	998	809	676	2382	581	873	1281	558	1612	770	562	589	674	623	1277	771	545	439	734	2790	317	648	1135	1021	538	483	330	474	2193	738	496	360	560	445
525	451	451	1115	679	155	1013	587	985	745	349	657	2251	431	552	742	440	333	23	789	841	564	830	742	886	1481	1992	653	0	1517	726	2630	521	440	701	562	638	430	1516	1794	697	784	461	742	655	688	868	702	1787	1019	594	259	550	1672	1436	873	451	498	920	387	491	735	595	873	1547	907	1467	708	464	1669	1628	742	543	154	911	1061	2461	1913	1741	589	873	279	605	967	1014	886	752	882	1724	795	1132	594	426	304	465	1003	1264	847	1843	1075	155	1075	477	604	1633	1108	742	444	935	987	1592	918	378	724	238	1063	324	355	666	872	395	540	454	722	787	2141	370	884	716	349	489	1043	125	690	628	1549	1922	681	861	556	2475	0	962	1043	1672	601	783	496	1013	213	611	912	735	1115	373	695	186	752	347	1721	430	76	544	41	984	892	1242	431	711	876	586	2890	841	694	817	2057	209	842	349	1218	566	923	2700	368	148	1570	558	154	2820	585	2444	1235	889	585	659	444	475	697	1180	1692	672	731	275	155	731	415	328	889	889	541	648	110	856	589	53	986	2110	571	402	563	735	666	856	454	1317	885	871	2665	553	1072	813	435	430	866	1749	451	1862	1001	1446	3460	1477	888	2082	898	950	465	859	849	2635	430	2212	2032	1605	580	1093	2053	796	1765	927	268	227	872	678	742	2191	1016	461	885	2599	889	918	248	630	2185	139	923	725	860	1113	594	154	899	921	130	640	235	585	859	368	2639	679	995	1543	387	828	859	885	706	1740	387	898	894	496	275
