NAME : VRPTW_INSTANCE_224.txt
COMMENT : Bangkok Supermarket
TYPE : VRPTW
DIMENSION : 256
DAYS : Saturday
EDGE_WEIGHT_TYPE : EXPLICIT
VEHICLES : 31
EDGE_WEIGHT_FORMAT : FULL_MATRIX
CAPACITY : 1000
EDGE_WEIGHT_SECTION
0	186	474	351	204	293	535	496	118	495	382	496	192	482	825	1888	330	371	173	495	317	1137	97	284	539	1191	814	359	2240	231	39	1126	1627	1036	309	366	196	1036	946	891	977	290	214	1499	1902	253	577	201	937	1686	153	39	589	127	996	1150	37	566	153	585	88	1321	25	983	999	1808	1225	420	661	1321	1142	221	2201	737	363	1868	1185	1819	917	124	1672	213	1389	1032	400	1462	215	300	1822	1606	225	1465	1388	1648	1701	37	891	132	230	898	256	331	464	477	355	432	1405	213	2075	709	439	2488	1121	583	1851	269	1354	781	2191	474	104	505	1007	608	911	308	687	300	369	201	1247	220	109	1729	1622	309	2071	850	1192	124	1411	1055	199	374	59	1618	104	1074	982	91	410	845	118	2285	2525	349	1627	1662	2819	800	929	370	388	609	617	781	1225	101	24	83	351	1010	300	365	2045	437	1332	976	223	1521	1119	170	298	436	217	258	1577	1915	82	423	118	977	410	1627	330	882	351	193	1007	660	348	1351	608	1150	1856	495	2020	2274	395	83	421	315	400	102	419	588	522	1132	642	931	941	742	155	1126	829	1681	2818	792	1355	1079	528	309	634	379	697	891	667	474	1704	362	368	3306	101	1262	622	283	21	379	449	874	428	1307	193	97	1126	769
186	0	647	463	203	117	640	468	221	310	198	468	359	458	639	1744	492	518	339	467	152	1320	92	454	710	1371	990	498	2410	236	162	1291	1794	1222	391	364	375	1222	1132	1063	1152	465	282	1667	2085	69	743	172	1118	1563	339	161	758	92	1182	1304	170	448	35	753	105	1490	160	832	1182	1978	1187	569	710	1490	1322	405	2359	924	362	1689	1301	1673	1088	308	1859	130	1557	880	426	1648	181	463	1948	1791	216	1280	1556	1824	1871	203	1063	139	138	718	158	357	642	450	366	494	1220	280	2205	852	613	2672	1305	769	2009	437	1523	594	2367	290	240	675	875	515	1082	386	536	463	233	381	1341	213	78	1898	1445	488	2243	1002	1021	229	1585	1241	383	290	179	1765	281	1257	800	258	541	1014	221	2469	2690	362	1794	1831	2994	738	1089	373	246	796	788	940	1263	85	176	169	511	1192	463	364	2172	496	1493	1163	215	1700	946	88	140	500	131	216	1761	2086	206	444	221	928	437	1794	492	988	370	206	1193	483	364	1203	780	994	2014	467	2188	2446	517	205	319	385	350	209	236	528	627	1302	572	1117	785	878	168	1291	1004	1849	2994	633	1207	1263	714	470	554	372	798	1063	607	290	1863	371	365	3479	143	1334	647	121	171	384	418	1050	601	1480	192	209	1291	668
474	647	0	296	649	762	710	898	435	954	824	898	421	881	1276	2355	164	181	427	896	735	814	555	192	453	727	343	215	1974	663	510	654	1396	674	626	766	277	674	591	697	504	371	600	1271	1555	704	509	660	657	2137	351	511	493	560	624	692	505	1029	611	502	541	1098	496	1455	687	1334	1581	153	927	1098	678	334	1733	357	763	2242	805	2286	443	355	1253	600	915	1342	762	1084	672	188	1401	1160	668	1886	914	1369	1456	478	697	526	615	1365	631	487	43	881	745	732	1860	602	1644	302	395	2038	796	232	1384	407	880	1222	1889	935	497	449	1469	846	436	633	1026	188	842	274	920	664	570	1485	2092	338	1597	402	1666	428	938	697	344	674	515	1165	370	622	1393	453	223	372	435	1915	2052	738	1396	1422	2347	1208	463	764	862	262	498	323	1042	569	494	541	150	714	188	765	1621	741	863	597	666	1055	1592	644	772	733	605	710	1231	1654	442	783	435	1360	768	1396	164	560	734	635	638	1064	735	1821	488	1467	1388	896	1769	1992	258	514	882	648	834	443	853	767	703	658	1069	523	1272	756	611	654	357	1207	2347	1266	1825	748	263	183	840	781	839	697	1081	935	1235	752	769	2833	509	989	935	756	481	769	859	650	46	833	642	441	654	1214
351	463	296	0	555	578	800	847	249	741	599	847	431	831	1040	2207	160	115	424	845	502	1107	386	195	650	991	606	80	2263	582	389	860	1675	970	626	715	238	970	886	955	756	456	552	1549	1851	500	704	549	940	2023	330	388	699	371	920	854	388	902	430	703	373	1373	360	1295	976	1550	1573	150	975	1373	943	375	1908	652	712	1956	840	2136	679	292	1541	371	1129	1048	740	1380	563	162	1485	1435	576	1620	1128	1658	1739	377	955	324	381	1153	388	197	321	828	701	751	1621	553	1742	396	561	2306	1089	515	1559	470	1099	978	2183	725	432	631	1337	550	673	628	741	162	692	250	896	571	401	1768	1878	442	1821	554	1470	241	1171	993	366	396	410	1306	271	901	1126	392	91	601	249	2211	2248	695	1675	1704	2577	1151	653	717	707	546	715	504	897	410	375	434	159	1001	162	714	1709	757	1051	894	574	1311	1392	498	603	753	375	607	1527	1942	278	762	249	1327	749	1675	160	532	695	545	935	801	693	1666	704	1173	1565	845	2055	2284	56	427	762	639	751	264	620	471	789	882	993	819	982	931	506	860	617	1418	2577	1095	1670	1041	516	156	543	728	954	955	1018	725	1415	708	717	3053	323	914	952	585	344	725	799	916	261	1067	544	267	860	1114
204	203	649	555	0	227	447	295	314	419	362	295	256	282	743	1705	523	570	241	294	349	1209	201	470	578	1340	977	561	2259	34	166	1303	1640	1130	197	172	378	1130	1041	922	1139	360	97	1514	1967	257	600	35	1001	1491	298	166	620	239	1097	1338	167	380	202	612	209	1340	196	813	1072	1976	1026	617	508	1340	1292	335	2382	857	169	1839	1388	1637	1088	298	1781	319	1560	1069	225	1551	36	493	2022	1736	21	1402	1559	1684	1719	182	922	280	331	779	355	512	631	276	168	291	1300	95	2273	906	492	2615	1194	710	2033	321	1524	715	2228	398	152	541	820	718	1081	191	729	493	219	378	1452	15	193	1745	1485	393	2233	1040	1046	322	1574	1147	318	488	146	1809	297	1216	943	196	613	1020	314	2357	2698	163	1640	1678	2974	596	1112	178	241	731	653	968	1419	175	180	121	543	1076	493	171	2245	292	1513	1081	19	1669	979	115	200	297	321	60	1647	1936	280	245	314	775	236	1640	523	1086	170	15	1105	649	164	1174	646	1179	2038	294	2034	2299	599	136	234	187	196	298	402	725	433	1303	438	1052	971	699	50	1303	993	1852	2973	634	1178	1157	637	502	755	183	600	922	462	398	1885	174	173	3466	260	1464	449	197	212	188	246	919	606	1472	12	293	1303	570
293	117	762	578	227	0	672	425	338	206	138	425	443	418	538	1628	608	635	425	424	161	1411	207	569	788	1483	1104	615	2481	252	262	1408	1863	1319	423	348	487	1319	1229	1139	1266	552	323	1736	2173	89	816	192	1206	1453	441	261	834	209	1282	1421	269	349	152	828	221	1561	268	716	1273	2094	1118	686	703	1561	1434	502	2476	1027	347	1615	1414	1557	1204	417	1961	223	1673	848	421	1744	192	579	2062	1899	230	1189	1673	1901	1941	301	1139	254	223	605	233	458	755	408	359	506	1113	320	2320	969	696	2781	1395	874	2126	519	1639	500	2445	185	322	752	765	548	1197	417	513	579	138	493	1448	228	192	1967	1330	579	2359	1119	905	346	1700	1338	481	347	270	1881	393	1368	720	350	658	1130	338	2560	2807	357	1863	1900	3109	663	1207	359	144	899	865	1057	1352	193	278	252	627	1280	579	348	2286	505	1610	1263	230	1813	830	138	45	511	222	206	1851	2157	322	435	338	856	431	1863	608	1099	367	237	1292	422	359	1087	858	955	2131	424	2257	2520	633	289	239	412	304	326	177	582	658	1418	496	1222	748	926	216	1408	1119	1966	3109	516	1091	1355	813	587	594	352	821	1139	536	185	1980	361	349	3595	261	1434	627	33	281	370	377	1130	716	1595	220	326	1408	573
535	640	710	800	447	672	0	405	642	848	808	405	373	392	1150	1864	680	747	385	404	792	908	601	623	336	1215	933	760	1851	419	522	1275	1234	883	250	359	561	883	805	576	1074	353	358	1113	1623	702	312	482	705	1588	472	523	343	641	867	1354	515	660	628	328	601	949	550	1070	787	1878	907	774	234	949	1172	426	2328	710	358	2266	1515	1804	1055	517	1528	733	1494	1516	287	1264	479	659	2089	1534	441	1808	1492	1303	1317	498	576	664	748	1143	774	855	671	402	337	185	1663	360	2321	1012	330	2383	898	616	1991	330	1453	1135	1842	828	432	311	1013	1138	1050	256	1175	659	620	550	1627	443	601	1341	1789	378	2109	1095	1347	646	1477	891	433	902	492	1820	551	1077	1373	449	810	1010	642	2019	2603	335	1234	1275	2812	634	1125	347	639	618	372	1012	1695	582	521	487	696	776	659	358	2305	191	1485	862	442	1521	1297	557	639	180	736	468	1320	1534	608	287	642	727	280	1234	680	1260	323	439	870	1094	331	1379	372	1626	1994	404	1624	1899	817	461	565	260	452	630	849	1124	13	1251	567	874	1418	271	472	1275	949	1768	2812	945	1383	873	525	669	1167	364	162	576	549	828	1844	338	360	3313	634	1682	285	640	556	340	408	598	687	1386	455	624	1275	730
496	468	898	847	295	425	405	0	609	531	552	0	476	17	785	1497	794	849	470	1	584	1301	493	737	683	1535	1200	845	2248	266	461	1538	1633	1256	280	133	648	1256	1172	977	1357	547	302	1515	2027	497	681	311	1093	1250	554	461	710	528	1233	1589	460	262	481	697	502	1353	492	666	1173	2189	730	893	314	1353	1488	563	2615	1030	136	1906	1669	1434	1317	571	1910	598	1783	1243	146	1655	298	765	2293	1895	275	1430	1782	1708	1718	469	977	572	606	752	626	806	871	19	152	229	1264	301	2540	1176	629	2761	1289	900	2269	505	1745	785	2245	515	419	649	622	971	1311	272	925	765	309	644	1742	280	483	1741	1384	584	2436	1299	942	617	1785	1268	553	756	437	2062	580	1402	1029	464	897	1256	609	2423	2915	159	1633	1675	3161	311	1358	133	320	914	742	1221	1714	467	473	413	815	1167	765	134	2515	222	1750	1223	277	1856	892	388	380	234	599	256	1722	1934	575	132	609	480	145	1633	794	1374	163	304	1238	798	162	990	740	1338	2273	1	2021	2298	887	419	213	256	121	593	586	996	395	1528	180	1215	1139	672	346	1538	1216	2070	3160	543	995	1260	815	775	1015	119	500	977	184	515	2121	145	131	3659	555	1759	220	392	506	128	50	992	859	1685	307	589	1538	341
118	221	435	249	314	338	642	609	0	521	389	609	278	595	840	1963	274	297	262	608	302	1166	137	245	601	1163	778	277	2291	343	149	1072	1684	1052	425	481	183	1052	963	946	938	357	332	1556	1930	271	645	304	974	1774	201	149	652	129	1008	1083	151	653	186	651	124	1378	117	1052	1029	1760	1339	347	779	1378	1113	274	2137	741	478	1839	1090	1892	872	152	1672	170	1338	974	518	1477	317	247	1733	1591	335	1459	1337	1694	1755	153	946	90	186	934	206	215	436	590	471	550	1425	332	1989	631	501	2471	1149	587	1788	348	1305	787	2233	502	219	571	1089	521	865	425	635	247	444	194	1143	329	152	1784	1661	365	2026	781	1242	8	1369	1073	254	295	176	1544	110	1054	969	193	322	796	0	2306	2469	465	1684	1717	2779	908	869	485	460	616	677	719	1108	160	139	197	292	1045	247	480	1957	554	1272	986	333	1491	1165	249	358	553	175	362	1603	1967	36	540	0	1089	528	1684	274	781	468	305	1021	640	465	1423	668	1095	1793	608	2074	2321	300	201	512	432	507	16	419	487	630	1084	747	930	890	832	263	1072	792	1630	2778	854	1427	1105	548	253	539	494	804	946	775	502	1642	478	483	3262	77	1150	740	340	103	495	560	922	389	1264	302	21	1072	865
495	310	954	741	419	206	848	531	521	0	143	531	649	531	332	1489	795	814	631	531	243	1617	402	762	992	1680	1298	789	2678	438	466	1591	2059	1526	609	499	685	1526	1435	1341	1459	758	517	1934	2379	250	1018	386	1411	1348	646	466	1037	393	1487	1594	474	345	345	1030	415	1760	469	585	1479	2280	1138	864	839	1760	1631	708	2649	1232	498	1421	1554	1417	1393	618	2166	369	1858	713	575	1950	383	768	2206	2101	417	984	1858	2102	2139	506	1341	430	360	413	356	585	951	519	516	670	910	514	2466	1137	901	2983	1601	1078	2300	724	1826	296	2647	21	528	956	669	542	1386	601	415	768	232	691	1568	417	388	2164	1141	785	2547	1294	729	528	1890	1544	686	416	476	2046	591	1567	525	556	827	1317	521	2766	2987	516	2059	2097	3300	687	1387	510	216	1104	1068	1236	1423	394	482	458	813	1486	768	499	2429	668	1789	1469	417	2009	650	343	220	676	366	383	2056	2355	512	583	521	878	584	2059	795	1237	528	432	1498	267	520	950	1061	806	2306	531	2453	2719	797	495	318	593	424	511	136	612	835	1605	534	1426	609	1112	418	1591	1312	2150	3300	382	954	1562	1019	774	597	498	987	1341	581	21	2155	517	498	3783	445	1535	750	227	481	520	493	1334	908	1785	415	512	1591	551
382	198	824	599	362	138	808	552	389	143	0	552	556	547	451	1632	662	676	537	551	99	1519	285	633	906	1552	1167	651	2605	389	360	1454	1988	1419	559	485	561	1419	1328	1259	1327	663	456	1861	2283	129	938	327	1317	1483	535	360	954	267	1378	1453	369	428	229	948	296	1685	356	725	1380	2143	1219	726	839	1685	1502	603	2508	1117	484	1492	1411	1560	1259	502	2052	229	1721	710	558	1845	329	636	2062	1978	367	1082	1721	2021	2065	401	1259	298	218	553	213	442	824	536	496	644	1035	453	2322	996	811	2859	1503	962	2159	634	1689	400	2565	131	436	871	799	439	1252	553	376	636	246	570	1426	365	273	2092	1279	687	2412	1153	873	395	1756	1438	581	279	377	1903	470	1442	601	456	687	1182	389	2667	2847	495	1988	2025	3166	762	1248	496	242	990	984	1098	1293	283	374	364	680	1390	636	485	2285	643	1649	1358	366	1880	793	260	177	649	225	345	1959	2281	385	572	389	956	569	1988	662	1093	505	371	1389	289	497	1092	976	817	2164	551	2382	2642	656	401	350	548	433	381	40	493	795	1469	599	1310	610	1060	344	1454	1181	2013	3165	521	1096	1461	910	642	490	488	959	1259	643	131	2015	499	485	3646	317	1396	760	171	366	507	506	1247	778	1651	354	383	1454	649
496	468	898	847	295	425	405	0	609	531	552	0	476	17	785	1497	794	849	470	1	584	1301	493	737	683	1535	1200	845	2248	266	461	1538	1633	1256	280	133	648	1256	1172	977	1357	547	302	1515	2027	497	681	311	1093	1250	554	461	710	528	1233	1589	460	262	481	697	502	1353	492	666	1173	2189	730	893	314	1353	1488	563	2615	1030	136	1906	1669	1434	1317	571	1910	598	1783	1243	146	1655	298	765	2293	1895	275	1430	1782	1708	1718	469	977	572	606	752	626	806	871	19	152	229	1264	301	2540	1176	629	2761	1289	900	2269	505	1745	785	2245	515	419	649	622	971	1311	272	925	765	309	644	1742	280	483	1741	1384	584	2436	1299	942	617	1785	1268	553	756	437	2062	580	1402	1029	464	897	1256	609	2423	2915	159	1633	1675	3161	311	1358	133	320	914	742	1221	1714	467	473	413	815	1167	765	134	2515	222	1750	1223	277	1856	892	388	380	234	599	256	1722	1934	575	132	609	480	145	1633	794	1374	163	304	1238	798	162	990	740	1338	2273	1	2021	2298	887	419	213	256	121	593	586	996	395	1528	180	1215	1139	672	346	1538	1216	2070	3160	543	995	1260	815	775	1015	119	500	977	184	515	2121	145	131	3659	555	1759	220	392	506	128	50	992	859	1685	307	589	1538	341
192	359	421	431	256	443	373	476	278	649	556	476	0	459	981	1949	334	397	19	474	503	967	283	274	351	1087	732	402	2052	259	199	1065	1438	879	209	346	196	879	789	704	892	108	184	1310	1730	428	386	279	762	1720	101	200	400	318	843	1113	191	629	331	395	277	1133	214	1066	829	1728	1171	434	545	1133	1038	87	2144	600	343	2049	1206	1883	846	144	1527	405	1316	1223	341	1302	288	307	1820	1479	270	1632	1315	1465	1513	161	704	322	422	1031	448	485	395	459	323	327	1549	186	2065	706	254	2359	952	453	1797	78	1279	944	2008	628	121	316	1063	795	840	214	878	307	473	187	1296	267	291	1540	1742	137	1982	823	1303	281	1325	896	78	562	179	1586	179	960	1157	102	455	782	278	2116	2452	317	1438	1473	2720	786	882	343	495	474	429	745	1329	277	189	192	353	836	307	345	2041	334	1277	827	269	1414	1236	305	433	328	409	315	1407	1728	248	363	278	941	348	1438	334	925	312	241	853	842	314	1423	421	1341	1801	474	1831	2088	456	155	486	228	419	269	595	766	362	1060	649	795	1132	554	236	1065	747	1606	2719	891	1427	912	380	318	817	360	533	704	660	628	1649	331	348	3213	291	1334	532	423	213	347	439	691	384	1223	253	262	1065	799
482	458	881	831	282	418	392	17	595	531	547	17	459	0	790	1514	778	833	453	15	577	1286	480	721	667	1518	1183	829	2238	251	446	1521	1623	1240	263	117	631	1240	1156	963	1340	530	286	1504	2014	489	666	299	1078	1267	538	446	694	516	1217	1572	446	271	469	682	490	1341	477	680	1158	2172	744	877	311	1341	1471	546	2598	1013	120	1911	1653	1450	1300	555	1895	587	1766	1241	129	1640	286	749	2276	1879	261	1437	1765	1696	1707	454	963	560	596	760	616	793	854	12	136	215	1274	284	2523	1159	612	2745	1274	883	2252	488	1728	788	2233	514	404	633	638	963	1294	255	922	749	306	627	1726	266	471	1730	1397	567	2419	1282	955	603	1767	1252	536	747	422	2045	564	1385	1032	447	882	1239	595	2409	2898	142	1623	1664	3144	327	1341	117	317	897	727	1204	1701	454	458	399	798	1152	749	118	2498	207	1733	1207	263	1840	904	377	374	219	588	244	1707	1923	561	116	595	495	129	1623	778	1358	146	290	1222	797	145	1006	724	1337	2256	15	2010	2288	872	404	213	239	114	579	582	986	382	1511	196	1199	1138	660	332	1521	1199	2053	3144	554	1010	1245	798	759	1006	103	491	963	201	514	2104	128	115	3642	542	1744	219	385	492	112	41	977	842	1668	293	574	1521	358
825	639	1276	1040	743	538	1150	785	840	332	451	785	981	790	0	1294	1114	1125	962	785	542	1948	731	1085	1320	2003	1618	1097	2996	758	798	1899	2376	1858	923	791	1012	1858	1767	1666	1778	1089	840	2252	2709	575	1343	712	1742	1224	977	797	1364	717	1820	1892	806	536	674	1356	743	2081	800	487	1810	2590	1236	1174	1099	2081	1954	1040	2942	1563	792	1121	1814	1222	1709	948	2498	677	2168	599	865	2283	707	1088	2463	2429	738	660	2168	2426	2457	838	1666	749	664	178	653	863	1276	778	813	966	584	837	2725	1434	1231	3310	1932	1409	2595	1055	2137	75	2971	353	860	1284	627	689	1702	915	461	1088	534	1019	1802	739	717	2483	846	1117	2860	1594	490	847	2205	1876	1019	666	809	2329	919	1894	261	888	1130	1632	840	3097	3287	815	2376	2416	3615	830	1693	803	514	1435	1396	1543	1597	724	813	790	1131	1816	1088	792	2683	962	2091	1801	739	2331	408	675	548	972	673	699	2387	2675	836	869	840	998	873	2376	1114	1498	827	757	1830	287	819	785	1389	648	2601	785	2770	3039	1097	827	588	905	702	833	423	788	1137	1917	718	1757	506	1419	748	1899	1632	2458	3614	352	788	1893	1351	1093	744	787	1276	1666	766	353	2452	812	790	4093	768	1744	1002	558	811	811	760	1662	1230	2100	741	835	1899	656
1888	1744	2355	2207	1705	1628	1864	1497	1963	1489	1632	1497	1949	1514	1294	0	2219	2256	1938	1499	1729	2770	1826	2171	2177	3031	2681	2239	3540	1694	1850	3009	2972	2745	1775	1612	2080	2745	2664	2433	2842	2036	1765	2873	3445	1709	2168	1695	2569	342	2004	1849	2198	1836	2725	3039	1854	1326	1777	2185	1840	2741	1870	912	2652	3678	1163	2306	1662	2741	2983	2035	4088	2528	1615	1693	3039	72	2794	2001	3393	1844	3265	1815	1644	3126	1682	2189	3690	3391	1687	1288	3264	3090	3058	1878	2433	1883	1838	1124	1840	2072	2337	1509	1637	1719	980	1763	3948	2593	2127	4248	2761	2394	3738	1994	3228	1369	3588	1500	1858	2144	886	1978	2787	1767	1756	2189	1520	2081	3058	1691	1810	3075	668	2073	3930	2738	805	1971	3275	2755	2020	1904	1841	3506	1992	2899	1427	1902	2285	2726	1963	3837	4402	1643	2972	3016	4659	1230	2816	1617	1503	2410	2230	2670	2887	1805	1866	1815	2239	2640	2189	1613	3913	1710	3218	2717	1689	3354	887	1720	1604	1722	1841	1645	3164	3260	1941	1629	1963	1181	1643	2972	2219	2722	1651	1720	2729	1579	1647	541	2228	1804	3743	1499	3320	3607	2261	1840	1472	1751	1530	1949	1625	2071	1859	3008	1318	2713	1748	2091	1744	3009	2697	3556	4658	1114	537	2737	2311	2198	2033	1598	1885	2433	1323	1500	3591	1631	1610	5156	1886	3019	1583	1623	1886	1617	1522	2461	2311	3173	1712	1948	3009	1157
330	492	164	160	523	608	680	794	274	795	662	794	334	778	1114	2219	0	67	333	793	572	955	401	59	495	890	504	88	2107	542	369	800	1516	823	542	661	146	823	737	795	664	327	492	1390	1706	545	550	527	782	2014	241	369	544	402	775	820	365	896	456	549	387	1213	349	1313	822	1486	1504	99	875	1213	841	258	1871	504	658	2080	875	2150	597	225	1416	437	1065	1186	670	1240	541	30	1500	1324	543	1722	1064	1503	1581	343	795	365	451	1208	466	332	176	776	642	661	1698	493	1750	383	412	2202	937	361	1521	351	1031	1059	2031	777	377	479	1337	695	590	547	864	30	699	150	962	538	417	1610	1935	306	1752	519	1513	267	1094	846	257	512	380	1288	227	787	1229	332	131	522	274	2072	2198	636	1516	1546	2504	1105	599	661	717	392	558	451	1018	418	353	406	20	845	30	660	1723	668	1003	750	541	1218	1438	499	622	662	442	582	1381	1785	285	692	274	1270	678	1516	0	591	633	509	789	899	633	1682	547	1310	1526	793	1897	2129	148	386	750	560	716	284	691	623	670	810	957	682	1113	784	479	800	518	1357	2504	1119	1686	890	356	21	693	675	827	795	975	777	1374	650	663	2988	350	1004	866	605	334	667	752	756	120	989	514	283	800	1093
371	518	181	115	570	635	747	849	297	814	676	849	397	833	1125	2256	67	0	395	847	582	992	431	124	559	889	502	34	2149	592	410	777	1564	855	604	715	203	855	771	849	656	394	547	1438	1736	566	614	572	827	2058	301	411	607	426	805	786	407	937	483	612	417	1263	387	1347	862	1466	1564	50	940	1263	840	324	1840	536	712	2065	820	2186	584	278	1430	447	1044	1162	729	1265	585	89	1451	1329	591	1720	1044	1544	1627	388	849	384	460	1228	472	307	206	831	698	724	1708	549	1704	337	478	2203	974	401	1491	418	1013	1067	2068	796	429	544	1377	665	577	608	849	89	735	210	899	586	447	1656	1955	373	1735	484	1538	288	1080	878	322	500	425	1249	273	793	1226	385	64	506	297	2097	2173	692	1564	1592	2490	1159	573	716	752	432	619	422	950	451	395	451	55	887	89	714	1674	731	976	778	589	1212	1462	536	654	726	452	628	1412	1828	315	751	297	1327	737	1564	67	529	690	558	819	898	690	1717	609	1286	1496	847	1942	2169	86	435	793	621	766	309	702	586	738	792	1008	705	1093	851	524	777	514	1336	2489	1151	1721	926	408	79	659	730	895	849	1028	796	1345	706	717	2969	374	938	929	636	371	723	805	808	146	975	561	309	777	1140
173	339	427	424	241	425	385	470	262	631	537	470	19	453	962	1938	333	395	0	468	483	986	264	274	370	1100	742	398	2072	246	180	1074	1457	897	209	338	192	897	806	724	903	127	174	1330	1749	409	406	263	781	1711	95	181	419	298	861	1119	171	616	312	415	258	1152	195	1053	847	1739	1171	433	550	1152	1051	96	2154	616	336	2029	1208	1871	856	133	1544	386	1327	1204	338	1320	272	306	1824	1495	256	1614	1325	1484	1532	142	724	304	403	1014	429	471	403	453	317	329	1531	176	2070	709	273	2375	970	468	1806	98	1289	925	2028	609	102	336	1052	778	850	213	859	306	457	184	1294	253	272	1560	1726	155	1994	828	1287	265	1337	914	83	545	159	1593	166	974	1138	83	451	791	262	2135	2463	311	1457	1493	2733	781	889	336	479	489	448	751	1322	257	170	173	353	855	306	337	2045	336	1286	844	255	1428	1220	287	415	331	390	301	1426	1747	231	360	262	939	345	1457	333	924	306	226	870	823	308	1411	440	1322	1810	468	1851	2107	450	136	473	227	409	252	576	750	373	1070	641	811	1113	571	219	1074	758	1617	2733	876	1415	930	396	316	800	353	545	724	653	609	1658	325	341	3226	273	1330	534	405	194	341	431	710	389	1235	238	246	1074	789
495	467	896	845	294	424	404	1	608	531	551	1	474	15	785	1499	793	847	468	0	583	1299	491	735	682	1533	1198	843	2247	264	459	1536	1633	1255	278	131	646	1255	1171	975	1355	545	300	1514	2026	496	680	309	1092	1252	552	459	708	526	1231	1587	458	262	479	696	501	1352	490	667	1172	2187	732	891	314	1352	1486	561	2614	1029	134	1906	1667	1435	1316	569	1909	596	1782	1242	144	1654	297	763	2291	1894	273	1430	1780	1707	1717	467	975	571	605	752	625	804	869	17	151	228	1265	299	2538	1174	627	2759	1288	899	2268	503	1743	785	2244	514	418	648	624	970	1309	271	924	763	308	642	1740	278	481	1740	1385	582	2434	1297	943	615	1783	1267	551	755	435	2060	578	1401	1029	462	896	1254	608	2422	2914	157	1633	1674	3159	313	1356	132	319	913	741	1219	1713	465	471	412	813	1166	763	132	2513	220	1748	1221	275	1855	893	386	379	232	597	254	1720	1933	574	130	608	482	144	1633	793	1372	161	302	1236	797	160	992	738	1337	2271	0	2020	2298	885	417	213	255	120	591	585	994	394	1527	181	1214	1138	671	344	1536	1214	2068	3159	544	996	1258	813	773	1013	117	500	975	186	514	2119	143	129	3657	553	1757	220	391	505	127	49	991	857	1684	305	587	1536	343
317	152	735	502	349	161	792	584	302	243	99	584	503	577	542	1729	572	582	483	583	0	1453	220	547	854	1463	1077	556	2556	381	303	1358	1941	1347	542	497	481	1347	1257	1207	1236	606	433	1814	2218	92	889	315	1255	1576	467	302	903	192	1305	1356	312	499	172	899	228	1636	292	821	1315	2048	1278	632	850	1636	1414	538	2410	1040	495	1550	1312	1658	1166	429	1973	135	1626	728	565	1773	322	547	1964	1893	359	1158	1626	1966	2016	342	1207	213	122	651	114	343	738	567	503	641	1126	431	2223	898	756	2774	1437	886	2061	582	1595	486	2509	229	389	820	890	386	1159	537	383	547	297	491	1329	356	211	2044	1376	626	2318	1056	972	308	1663	1367	517	193	326	1804	394	1357	669	400	590	1089	302	2598	2750	501	1941	1977	3072	822	1153	507	299	914	932	1002	1206	226	314	319	589	1327	547	497	2186	641	1553	1284	359	1790	892	235	207	646	130	349	1893	2231	304	582	302	1016	576	1941	572	994	510	354	1317	343	502	1189	924	842	2067	583	2335	2590	559	354	400	535	463	297	119	422	778	1375	656	1231	633	1031	319	1358	1091	1918	3072	617	1193	1394	839	552	432	503	948	1207	697	229	1917	507	498	3552	236	1303	780	192	298	518	535	1191	690	1558	339	300	1358	723
1137	1320	814	1107	1209	1411	908	1301	1166	1617	1519	1301	967	1286	1948	2770	955	992	986	1299	1453	0	1235	947	633	566	638	1026	1161	1200	1158	804	614	163	1055	1217	984	163	226	339	630	858	1116	503	764	1390	623	1238	209	2485	985	1159	597	1261	215	945	1150	1536	1290	607	1226	365	1163	1966	138	1138	1733	967	1111	365	554	916	1618	458	1215	3003	1278	2711	692	1025	627	1333	876	2134	1162	355	1244	965	1618	679	1217	2599	873	557	660	1117	339	1246	1350	1987	1372	1287	785	1294	1191	1071	2509	1119	1786	950	717	1482	18	594	1332	892	837	1911	1076	1595	1088	670	1920	1649	693	1064	1800	965	1427	973	1460	1216	1246	690	2675	832	1313	886	2231	1163	803	139	938	1451	1143	1282	1062	468	2120	1063	1037	725	1166	1149	1820	1186	614	632	1953	1541	814	1208	1449	562	563	833	1731	1235	1145	1159	949	134	965	1216	1794	1079	945	244	1216	747	2172	1273	1399	1067	1337	1260	440	846	1154	1171	1166	1609	1160	614	955	1206	1175	1194	198	1797	1182	2287	568	2257	1331	1299	963	1178	1073	1122	1412	1077	1313	1167	1556	1578	915	742	1473	343	2054	687	1200	804	641	1067	1953	1819	2291	66	618	966	1648	1228	894	339	1458	1595	1206	1195	1219	2454	1219	1593	1187	1390	1156	1204	1292	310	845	757	1210	1162	804	1636
97	92	555	386	201	207	601	493	137	402	285	493	283	480	731	1826	401	431	264	491	220	1235	0	362	633	1278	897	413	2335	234	84	1201	1721	1134	359	373	282	1134	1043	987	1059	386	251	1594	2000	156	670	181	1035	1636	250	84	683	41	1093	1217	93	516	57	679	14	1416	72	916	1097	1887	1222	481	700	1416	1229	319	2271	833	370	1770	1227	1755	997	217	1767	132	1466	941	423	1559	194	372	1871	1698	220	1368	1465	1745	1796	122	987	79	147	811	173	312	549	474	368	475	1312	250	2127	767	535	2580	1219	678	1921	362	1432	684	2288	383	175	600	951	537	990	356	595	372	306	288	1276	215	15	1824	1537	406	2152	915	1112	146	1493	1153	297	302	111	1680	188	1164	884	180	459	923	137	2382	2600	363	1721	1757	2902	782	1000	379	322	705	712	851	1222	26	93	113	421	1108	372	372	2095	477	1404	1073	218	1608	1037	114	222	479	135	238	1675	2011	116	444	137	967	434	1721	401	917	369	197	1104	563	364	1286	703	1058	1926	491	2115	2370	437	142	377	359	383	123	321	532	587	1210	619	1026	849	823	152	1201	912	1759	2902	719	1290	1177	625	380	569	384	761	987	649	383	1775	375	374	3388	65	1277	648	204	80	390	443	970	509	1388	189	122	1201	730
284	454	192	195	470	569	623	737	245	762	633	737	274	721	1085	2171	59	124	274	735	547	947	362	0	454	918	535	138	2092	488	321	842	1496	822	483	604	91	822	734	767	697	271	435	1368	1704	512	508	476	766	1961	183	322	504	368	775	869	316	846	418	508	349	1191	305	1267	812	1525	1445	159	816	1191	869	199	1917	505	601	2073	934	2102	635	171	1429	414	1105	1187	612	1243	489	36	1556	1345	489	1703	1104	1489	1562	292	767	335	429	1173	447	343	191	719	585	601	1669	436	1805	439	365	2226	929	355	1568	293	1071	1033	2021	743	322	435	1287	704	628	487	859	36	653	93	1021	485	377	1591	1899	252	1789	570	1474	239	1130	844	198	507	329	1339	179	809	1211	276	187	561	245	2074	2241	578	1496	1526	2539	1048	645	603	672	386	520	499	1073	377	305	356	78	832	36	603	1778	609	1048	751	488	1247	1400	454	580	603	418	529	1378	1769	249	634	245	1211	619	1496	59	651	576	456	788	882	576	1635	510	1311	1572	735	1880	2116	197	333	700	501	661	252	664	640	613	849	901	690	1111	737	428	842	550	1398	2539	1076	1639	883	335	45	707	618	772	767	918	743	1420	592	606	3025	317	1063	807	564	290	609	695	732	146	1026	462	250	842	1040
539	710	453	650	578	788	336	683	601	992	906	683	351	667	1320	2177	495	559	370	682	854	633	633	454	0	879	609	584	1701	567	550	946	1088	573	423	587	442	573	488	353	742	248	483	960	1389	780	55	608	424	1913	400	551	51	666	549	1035	542	905	683	53	626	782	563	1340	499	1542	1242	566	569	782	836	326	1992	374	585	2399	1231	2114	730	449	1228	749	1159	1569	539	982	614	487	1775	1213	585	1977	1157	1114	1162	511	353	664	767	1353	791	777	410	674	561	458	1876	486	2000	743	100	2077	619	296	1657	272	1118	1288	1658	970	470	36	1306	1120	725	432	1225	487	794	428	1363	584	642	1190	2044	235	1775	797	1600	600	1141	586	347	896	530	1494	490	742	1507	453	623	692	601	1779	2267	556	1088	1123	2486	955	810	579	816	291	78	714	1493	628	540	542	504	499	487	586	1987	466	1154	540	584	1188	1540	651	772	454	754	627	1069	1377	578	551	601	1062	538	1088	495	1011	545	563	554	1193	552	1674	70	1688	1659	682	1481	1736	644	505	778	446	682	596	946	1074	336	919	861	542	1480	302	573	946	624	1432	2486	1187	1678	585	211	494	1134	599	416	353	854	970	1510	566	589	2986	633	1441	616	765	559	576	667	342	448	1050	579	590	946	1025
1191	1371	727	991	1340	1483	1215	1535	1163	1680	1552	1535	1087	1518	2003	3031	890	889	1100	1533	1463	566	1278	918	879	0	387	920	1555	1346	1225	281	1125	438	1255	1418	996	438	464	787	238	994	1270	1035	1023	1430	906	1358	626	2783	1050	1225	875	1287	413	423	1218	1716	1335	889	1265	925	1215	2153	563	662	2117	843	1448	925	49	1005	1121	508	1415	2942	787	2965	323	1067	596	1328	315	2024	1389	563	1369	915	1052	449	1356	2609	312	1008	1145	1188	787	1253	1342	2089	1357	1188	728	1522	1393	1324	2588	1272	1225	659	910	1314	555	636	800	1037	275	1949	1412	1661	1191	907	2146	1524	329	1264	1732	915	1550	990	979	1353	1293	1173	2813	958	900	519	2381	1156	266	451	1023	1387	1223	716	1090	138	2115	1151	901	400	1163	1313	1387	1387	1125	1129	1633	1826	406	1413	1570	620	849	519	1317	1290	1208	1247	875	602	915	1417	1229	1333	379	400	1355	329	2310	1358	1489	1322	1333	1401	754	1282	1168	1405	1163	1941	1391	1125	890	828	1379	1325	422	1787	1383	2509	847	2148	801	1533	1401	1545	938	1216	1573	1280	1502	1170	1581	1428	1216	213	1715	348	1966	1089	1311	281	374	557	1633	1973	2513	528	720	910	1504	1432	1270	787	1715	1661	663	1400	1420	2127	1235	1134	1496	1474	1201	1413	1508	728	773	195	1336	1168	281	1874
814	990	343	606	977	1104	933	1200	778	1298	1167	1200	732	1183	1618	2681	504	502	742	1198	1077	638	897	535	609	387	0	533	1778	987	849	342	1252	475	920	1075	617	475	424	677	162	652	916	1138	1303	1047	652	992	563	2450	681	850	624	904	423	426	843	1357	954	638	884	985	837	1789	548	998	1838	456	1166	985	338	646	1415	270	1072	2561	677	2614	122	692	945	942	584	1647	1056	821	1004	530	1167	829	995	2222	583	1184	1297	815	677	869	956	1709	970	803	349	1185	1051	1007	2203	918	1391	322	605	1701	620	317	1070	695	547	1563	1666	1279	826	625	1794	1146	116	927	1347	530	1179	613	844	991	912	1327	2435	615	1257	252	2007	771	598	499	661	1001	851	886	711	298	1728	783	516	97	778	1638	1721	1045	1252	1270	2004	1503	212	1071	1199	317	609	195	1092	911	833	876	488	587	530	1074	1378	1015	554	393	993	713	1934	983	1113	1005	946	1038	992	1473	785	1075	778	1638	1060	1252	504	567	1038	962	439	1400	1041	2151	603	1771	1074	1198	1593	1784	554	847	1212	943	1151	786	1196	1054	931	328	1377	294	1585	882	943	342	16	874	2004	1604	2156	574	408	524	1130	1089	1025	677	1384	1279	922	1058	1077	2492	852	964	1196	1097	823	1073	1167	616	389	494	972	785	342	1530
359	498	215	80	561	615	760	845	277	789	651	845	402	829	1097	2239	88	34	398	843	556	1026	413	138	584	920	533	0	2183	585	399	802	1597	889	606	711	206	889	805	879	687	409	544	1470	1770	543	639	561	860	2045	303	399	632	405	839	807	396	924	463	637	399	1295	374	1329	896	1492	1564	77	947	1295	872	334	1862	571	708	2032	826	2169	613	275	1464	421	1070	1127	728	1299	575	102	1462	1361	582	1689	1070	1578	1660	380	879	361	433	1203	444	273	240	826	695	728	1681	545	1716	354	500	2235	1008	435	1512	429	1039	1038	2102	772	425	568	1363	631	606	610	816	102	719	214	899	577	428	1689	1930	390	1762	505	1516	268	1108	912	330	467	415	1267	265	826	1195	381	53	535	277	2131	2197	689	1597	1625	2517	1154	597	712	736	466	646	446	935	434	383	441	82	921	102	710	1686	735	999	813	580	1243	1439	520	635	730	426	617	1446	1862	298	751	277	1324	737	1597	88	529	688	549	854	867	687	1699	636	1252	1517	843	1975	2203	60	427	780	622	757	290	675	552	750	820	1000	739	1059	872	514	802	545	1362	2516	1131	1704	960	439	93	624	725	910	879	1022	772	1367	703	713	2996	354	931	932	617	358	720	800	839	180	1003	552	291	802	1129
2240	2410	1974	2263	2259	2481	1851	2248	2291	2678	2605	2248	2052	2238	2996	3540	2107	2149	2072	2247	2556	1161	2335	2092	1701	1555	1778	2183	0	2240	2252	1837	619	1313	2072	2209	2115	1313	1387	1348	1724	1949	2161	744	572	2480	1667	2292	1325	3211	2096	2253	1652	2367	1366	1978	2244	2509	2384	1657	2328	919	2265	2891	1287	1771	2383	2127	1966	919	1573	2023	2169	1619	2208	4097	2342	3495	1803	2142	1062	2448	1769	3265	2138	992	2295	2114	2477	1279	2261	3656	1765	604	539	2213	1348	2362	2466	2995	2490	2435	1943	2249	2186	2037	3513	2163	2553	2100	1800	1404	1179	1748	2034	1974	1746	2973	206	2657	2169	1736	2802	2795	1806	2080	2924	2114	2461	2103	2534	2261	2344	513	3612	1932	1765	2012	3179	2289	1662	1289	2044	2585	2231	2140	2182	1532	3201	2155	2197	1854	2291	618	2171	2184	619	580	2021	2389	1919	2198	2482	1716	1623	1972	2854	2330	2242	2241	2104	1261	2114	2209	2586	2042	1887	1395	2260	1488	3137	2346	2459	2031	2453	2297	802	324	2273	2139	2291	2375	2132	619	2107	2337	2171	2246	1350	2894	2179	3144	1632	3387	2028	2247	227	86	2231	2204	2416	2090	2303	2289	2645	2730	1863	1769	2386	1489	3180	1580	2264	1837	1778	1788	2022	2791	3149	1228	1756	2116	2799	2216	1751	1348	2355	2657	1972	2188	2210	2441	2333	2686	2064	2454	2260	2191	2258	1369	2002	1684	2263	2283	1837	2536
231	236	663	582	34	252	419	266	343	438	389	266	259	251	758	1694	542	592	246	264	381	1200	234	488	567	1346	987	585	2240	0	195	1316	1621	1125	171	139	397	1125	1036	908	1149	358	83	1496	1955	289	586	65	991	1474	311	195	608	273	1093	1354	194	370	236	599	242	1323	226	806	1064	1985	995	638	474	1323	1298	342	2395	858	136	1859	1411	1626	1099	317	1778	354	1571	1099	191	1544	60	512	2042	1737	22	1418	1570	1668	1700	205	908	313	366	786	389	544	643	246	134	259	1309	81	2293	926	484	2615	1186	713	2047	318	1534	733	2212	417	166	530	807	752	1093	164	759	512	227	395	1478	24	227	1726	1487	393	2241	1057	1046	351	1583	1141	326	523	172	1826	319	1220	964	211	637	1032	343	2346	2708	129	1621	1659	2979	569	1126	145	249	733	641	984	1450	209	207	147	563	1066	512	138	2265	260	1526	1078	22	1674	981	148	222	265	356	60	1636	1918	309	210	343	746	202	1621	542	1111	135	38	1101	675	130	1164	634	1207	2051	264	2015	2281	624	157	226	159	173	327	430	759	405	1314	415	1052	999	675	82	1316	1003	1862	2979	633	1169	1149	637	522	789	151	570	908	437	417	1898	140	140	3473	293	1493	415	221	240	155	217	906	621	1481	46	323	1316	552
39	162	510	389	166	262	522	461	149	466	360	461	199	446	798	1850	369	410	180	459	303	1158	84	321	550	1225	849	399	2252	195	0	1164	1637	1061	287	332	233	1061	970	903	1012	304	186	1510	1922	231	586	162	956	1647	179	0	599	122	1021	1189	8	527	132	595	81	1333	32	945	1019	1845	1190	459	637	1333	1175	243	2239	765	329	1851	1224	1780	954	157	1700	213	1426	1026	370	1486	176	339	1861	1637	187	1442	1425	1663	1713	40	903	142	230	866	256	357	499	441	322	409	1375	186	2114	748	452	2519	1142	612	1890	278	1390	755	2206	445	91	516	968	616	947	286	680	339	331	236	1285	182	91	1740	1588	326	2107	889	1157	157	1447	1079	221	380	30	1657	142	1107	962	97	449	882	149	2306	2562	316	1637	1673	2854	762	967	336	351	637	628	820	1257	78	16	47	389	1029	339	331	2085	412	1370	1002	185	1554	1085	133	264	413	217	219	1598	1927	114	392	149	941	380	1637	369	920	319	157	1032	643	315	1313	620	1143	1894	459	2031	2287	433	61	382	291	362	133	399	603	509	1169	604	960	933	739	117	1164	864	1718	2853	755	1317	1101	553	348	645	344	684	903	629	445	1742	329	333	3342	113	1298	593	249	45	345	412	889	465	1343	155	128	1164	730
1126	1291	654	860	1303	1408	1275	1538	1072	1591	1454	1538	1065	1521	1899	3009	800	777	1074	1536	1358	804	1201	842	946	281	342	802	1837	1316	1164	0	1392	654	1259	1411	931	654	647	954	209	992	1249	1295	1303	1343	986	1314	810	2786	1005	1164	957	1201	614	144	1159	1683	1256	971	1187	1170	1147	2109	765	690	2181	727	1508	1170	267	978	1079	584	1408	2770	505	2941	221	1009	858	1224	268	1846	1396	845	1327	829	849	681	1322	2471	268	1284	1418	1133	954	1161	1236	2005	1246	1048	672	1522	1388	1349	2482	1251	1058	476	947	1489	791	659	731	1034	240	1839	1694	1573	1151	965	2123	1353	227	1266	1578	829	1496	929	697	1317	1217	1446	2732	955	960	314	2313	1064	323	672	991	1251	1170	548	1022	336	1980	1107	769	283	1072	1579	1398	1381	1392	1400	1717	1843	206	1407	1515	656	939	356	1043	1218	1147	1195	780	807	829	1410	1050	1357	212	591	1320	499	2238	1297	1422	1347	1228	1364	1035	1561	1085	1415	1072	1980	1400	1392	800	577	1375	1288	627	1659	1378	2476	933	1967	735	1536	1680	1827	803	1169	1537	1282	1484	1083	1478	1250	1272	68	1714	504	1798	1205	1265	0	326	559	1717	1918	2480	754	749	821	1325	1425	1361	954	1722	1573	583	1395	1413	2193	1149	853	1539	1405	1132	1410	1504	892	699	225	1296	1082	0	1864
1627	1794	1396	1675	1640	1863	1234	1633	1684	2059	1988	1633	1438	1623	2376	2972	1516	1564	1457	1633	1941	614	1721	1496	1088	1125	1252	1597	619	1621	1637	1392	0	777	1453	1591	1512	777	833	737	1237	1336	1542	128	547	1864	1051	1673	738	2652	1486	1638	1038	1754	829	1536	1629	1893	1769	1042	1714	306	1651	2284	717	1544	1833	1547	1360	306	1127	1412	2006	1052	1590	3478	1882	2923	1304	1533	838	1837	1402	2656	1521	615	1676	1521	2151	1017	1642	3037	1398	183	86	1599	737	1751	1855	2378	1879	1838	1361	1633	1567	1420	2897	1545	2282	1562	1187	1530	632	1164	1783	1359	1369	2354	619	2038	1553	1121	2202	2195	1305	1461	2313	1521	1842	1499	2068	1642	1729	107	3006	1321	1634	1501	2570	1682	1308	753	1433	1979	1616	1807	1574	1059	2583	1540	1616	1340	1684	898	2115	1565	0	44	2108	1791	1425	1580	1862	1134	1010	1447	2345	1714	1627	1625	1515	685	1521	1590	2301	1425	1497	859	1641	1181	2525	1729	1840	1414	1842	1678	459	300	1664	1522	1684	1794	1515	0	1516	1820	1552	1627	813	2277	1561	2551	1019	2776	1780	1633	394	665	1649	1588	1797	1471	1686	1680	2028	2136	1246	1326	1777	958	2568	963	1646	1392	1256	1515	2109	2177	2556	678	1161	1524	2202	1598	1140	737	1748	2038	1684	1570	1592	2586	1721	2205	1456	1835	1648	1573	1642	764	1420	1295	1644	1675	1392	1930
1036	1222	674	970	1130	1319	883	1256	1052	1526	1419	1256	879	1240	1858	2745	823	855	897	1255	1347	163	1134	822	573	438	475	889	1313	1125	1061	654	777	0	994	1160	869	0	90	365	471	771	1042	666	882	1290	577	1157	201	2472	883	1061	547	1155	53	791	1053	1477	1189	560	1123	522	1062	1913	126	1058	1750	826	1102	522	416	818	1534	318	1158	2892	1117	2684	530	918	655	1221	754	2008	1112	425	1165	837	1483	652	1141	2502	750	713	821	1020	365	1136	1238	1909	1259	1156	649	1247	1134	1029	2428	1045	1663	790	642	1504	146	467	1229	809	713	1816	1217	1504	999	608	1879	1518	531	1003	1681	837	1350	859	1298	1139	1146	851	2612	741	1258	723	2169	1048	693	24	839	1329	1049	1152	953	323	2017	969	896	562	1052	1253	1762	1129	777	794	1934	1517	652	1152	1371	436	515	671	1568	1136	1046	1068	816	164	837	1159	1666	1037	808	82	1140	673	2106	1183	1312	1025	1226	1185	557	1002	1044	1124	1052	1604	1112	777	823	1043	1118	1115	37	1690	1124	2247	517	2132	1229	1255	1121	1326	932	1031	1345	1018	1254	1054	1455	1441	887	594	1433	181	1933	699	1115	654	478	972	1934	1755	2251	102	508	837	1513	1172	899	365	1423	1504	1097	1139	1162	2436	1111	1430	1168	1301	1053	1150	1241	313	709	633	1130	1050	654	1597
309	391	626	626	197	423	250	280	425	609	559	280	209	263	923	1775	542	604	209	278	542	1055	359	483	423	1255	920	606	2072	171	287	1259	1453	994	0	166	400	994	907	749	1076	267	109	1328	1802	451	433	232	845	1531	303	288	458	400	967	1314	282	482	381	447	361	1157	318	918	922	1908	962	642	354	1157	1208	293	2335	753	164	2030	1416	1710	1038	333	1650	490	1503	1266	137	1405	231	515	2027	1624	194	1584	1501	1505	1533	272	749	428	505	938	530	640	597	266	140	125	1461	110	2271	915	355	2495	1041	620	1990	225	1464	901	2049	588	206	387	894	896	1032	9	924	515	389	393	1504	195	357	1559	1620	304	2156	1029	1177	431	1504	1008	288	661	257	1788	356	1124	1134	237	659	978	425	2195	2635	134	1453	1492	2883	584	1082	159	410	635	491	950	1520	338	290	246	562	920	515	165	2248	131	1471	955	194	1578	1117	307	393	128	493	226	1487	1751	389	156	425	733	141	1453	542	1133	124	189	973	846	130	1260	486	1376	1993	278	1846	2115	657	227	357	24	259	411	600	889	236	1248	459	940	1168	503	223	1259	936	1789	2883	764	1264	1008	535	526	928	178	406	749	463	588	1841	145	168	3380	401	1537	326	393	327	158	253	754	591	1405	205	404	1259	618
