NAME : VRPTW_INSTANCE_345.txt
COMMENT : Bangkok Supermarket
TYPE : VRPTW
DIMENSION : 314
DAYS : Monday
EDGE_WEIGHT_TYPE : EXPLICIT
VEHICLES : 40
EDGE_WEIGHT_FORMAT : FULL_MATRIX
CAPACITY : 1000
EDGE_WEIGHT_SECTION
0	309	625	125	437	258	524	437	221	1571	479	538	503	437	83	1119	262	1480	908	1884	221	149	609	586	196	320	33	1070	724	344	358	215	965	306	1663	603	2071	245	231	496	178	1116	2579	436	504	637	1138	214	714	603	254	93	432	258	388	931	214	514	540	1159	226	308	488	309	624	1987	534	977	338	1161	1028	386	527	216	811	582	1142	582	491	394	484	1701	503	438	351	932	1624	527	202	201	261	133	978	268	1027	395	432	586	828	309	395	702	885	395	315	495	1593	373	503	1519	820	1190	124	418	1126	901	218	373	1870	139	525	33	201	198	506	608	437	885	964	211	385	2202	371	60	374	902	495	542	135	245	464	1201	101	607	196	237	837	661	1670	412	399	255	1005	103	172	1001	189	185	965	189	631	1352	1240	1244	949	404	408	67	37	379	413	215	349	222	210	404	85	379	418	288	221	128	1107	1010	97	908	394	536	1124	815	400	2302	1929	91	410	177	539	373	386	2663	484	1695	448	1013	395	244	929	358	441	418	1729	639	836	1076	1075	255	1185	288	365	1666	39	369	153	379	714	2113	1322	431	492	120	199	196	351	737	491	608	978	157	213	1390	428	239	1122	481	2189	165	162	1089	581	1994	391	97	399	38	201	212	373	394	833	154	224	481	213	1809	2921	135	1090	1190	345	165	610	185	283	1014	957	307	185	113	983	2274	978	705	623	681	1035	409	490	1117	1768	578	494	1571	367	1276	1741	2114	214	610	806	1606	231	451	46	155	582	92	3665	315	124	440	246	441	172	1126
309	0	778	399	430	72	804	375	244	1263	691	675	466	649	366	812	57	1176	684	1624	425	455	403	527	495	549	342	1378	784	614	626	468	770	124	1936	544	1774	170	522	775	349	829	2287	644	587	909	1395	512	933	348	446	374	645	72	684	698	473	806	821	1462	529	527	446	0	565	1681	668	699	275	1468	721	99	659	514	1120	539	972	275	768	661	763	1555	782	650	615	658	1521	788	494	132	450	179	819	479	825	702	646	527	1119	0	153	973	660	153	543	468	1900	646	466	1236	545	881	205	660	821	677	259	646	1562	402	703	342	499	503	481	551	430	610	659	469	647	2050	79	361	680	750	773	849	199	547	192	894	329	852	495	435	669	860	1421	666	123	203	854	266	326	852	143	252	770	143	836	1051	1520	1447	1120	712	654	367	344	648	662	520	611	426	467	617	271	648	660	384	244	399	943	855	380	684	661	845	837	528	696	1995	2218	312	657	330	675	681	99	2362	763	1557	661	811	108	537	621	626	139	660	1621	809	839	884	896	556	894	515	641	1938	348	678	287	648	759	2304	1537	640	460	254	242	127	615	518	464	551	819	391	473	1091	138	437	1431	691	2040	463	341	911	541	1869	688	380	693	347	132	189	646	661	643	210	527	760	511	1508	2625	199	914	881	614	311	815	252	54	859	792	530	252	396	1288	2140	1252	805	832	867	1336	659	797	820	1491	761	772	1304	614	968	1584	2355	473	833	645	1535	522	430	288	321	275	262	3365	543	205	528	341	139	326	821
625	778	0	702	404	706	406	484	534	1811	191	105	429	216	546	1394	724	1691	924	1854	819	633	723	458	515	321	607	1125	238	378	832	425	898	670	1263	459	2196	608	478	397	463	1572	2652	211	221	406	1476	504	1190	814	851	539	220	706	475	962	431	851	419	1000	527	325	439	778	461	2329	112	1458	529	1221	1407	878	121	505	895	429	969	946	388	358	396	1395	395	215	361	1422	1239	961	701	657	858	658	824	358	956	692	222	458	629	778	926	435	914	926	325	415	1450	380	429	1609	1311	1484	620	282	1379	1455	520	380	2114	721	108	607	512	540	408	455	404	1375	1232	433	861	1872	857	578	691	761	392	770	617	518	783	1465	721	1057	515	835	758	143	1620	313	901	576	827	725	480	820	651	535	898	651	150	1552	1484	1691	1465	677	297	574	602	367	301	539	839	820	431	240	708	367	282	911	534	706	1705	839	682	924	358	709	1579	1032	471	2494	1596	543	296	475	105	664	878	2792	396	1370	210	1586	885	480	1233	832	829	282	1343	50	407	971	939	513	1627	347	392	1264	609	656	778	367	268	2541	1742	215	422	739	540	668	363	808	415	455	824	468	433	1797	799	837	1136	186	1853	668	784	946	424	1622	479	682	467	607	657	809	380	358	801	758	528	398	506	1971	3004	617	942	1484	375	494	146	535	724	841	825	328	535	686	875	1904	646	147	162	1207	1179	304	588	1320	2236	85	395	1591	315	1538	1452	2431	431	202	725	1164	478	419	670	493	946	713	3768	325	620	260	440	829	480	1379
125	399	702	0	558	362	524	562	347	1661	536	625	626	497	167	1210	362	1576	1030	2001	116	90	731	709	204	382	115	986	826	370	236	277	1090	421	1651	726	2173	366	246	499	289	1164	2685	499	608	640	1016	221	588	717	148	171	492	362	373	1052	271	407	537	1109	215	376	611	399	746	2054	622	1020	463	1074	1100	458	616	221	733	704	1267	675	496	416	487	1826	506	498	382	974	1746	404	95	313	156	241	1103	347	1151	312	491	709	804	399	449	704	1007	449	378	617	1530	392	626	1629	865	1276	243	460	1221	915	343	392	1957	19	597	115	209	189	628	731	558	927	1059	269	262	2327	448	135	289	1027	499	456	255	233	572	1293	74	482	204	132	963	716	1789	446	466	379	1131	135	289	1127	302	311	1090	302	683	1451	1125	1119	827	327	447	136	120	401	450	201	225	118	270	467	128	401	460	226	347	4	1087	1136	27	1030	416	463	1173	922	386	2394	1898	208	450	293	627	296	458	2762	487	1819	507	1014	467	253	1019	236	538	460	1851	708	948	1201	1200	243	1237	355	380	1653	110	295	144	401	820	1988	1197	494	614	152	325	306	381	859	613	731	1103	247	269	1448	530	134	1043	539	2313	74	108	1214	703	2117	375	27	386	112	313	249	392	416	958	200	213	484	219	1908	3024	255	1215	1276	372	285	663	311	385	1139	1083	373	311	16	931	2397	970	798	673	559	937	446	444	1219	1803	644	497	1686	411	1366	1866	1991	271	653	931	1724	246	573	117	272	675	137	3765	378	243	546	365	538	289	1221
437	430	404	558	0	368	624	79	232	1421	411	302	70	382	400	995	387	1306	581	1560	657	539	329	153	473	356	443	1335	355	464	774	370	596	307	1655	169	1842	273	465	599	275	1175	2321	373	184	691	1533	477	1142	410	690	400	381	368	582	615	381	884	642	1305	508	333	61	430	189	1927	294	1068	155	1432	1002	522	286	479	1077	145	738	547	589	490	590	1274	602	383	453	1035	1187	938	612	345	697	385	573	308	659	729	383	153	929	430	583	744	565	583	352	59	1761	492	70	1259	926	1083	354	439	982	1094	228	492	1726	575	372	443	474	499	69	173	0	989	831	379	803	1774	502	428	716	497	594	860	345	514	386	1067	534	1026	473	674	453	526	1333	465	547	240	594	503	270	589	345	260	596	345	513	1168	1601	1672	1386	726	443	429	439	485	454	510	769	659	375	364	491	485	439	698	232	562	1372	601	531	581	490	822	1181	634	588	2121	1976	350	445	267	301	699	522	2441	590	1265	391	1233	528	478	829	774	443	439	1292	448	418	695	682	518	1226	341	497	1657	448	692	557	485	329	2541	1745	371	57	508	251	358	455	435	55	173	573	337	383	1393	411	675	1367	407	1760	571	588	693	144	1559	587	531	584	446	345	533	492	490	473	502	508	589	478	1603	2670	345	693	1083	462	273	497	260	377	605	559	341	260	544	1152	1840	1004	389	516	1117	1344	452	723	931	1836	424	595	1269	419	1141	1318	2513	381	536	418	1169	465	20	466	287	547	490	3430	352	354	152	194	443	270	982
258	72	706	362	368	0	736	321	172	1314	619	603	410	576	305	862	18	1222	685	1643	407	407	393	477	434	477	289	1328	720	545	596	400	761	78	1865	495	1814	100	459	707	277	899	2323	571	518	839	1372	450	921	358	432	313	572	0	620	703	405	768	754	1400	470	455	391	72	516	1744	596	771	214	1420	785	172	588	452	1068	487	956	326	700	592	695	1535	713	577	546	731	1489	762	453	63	437	125	799	408	819	654	573	477	1053	72	220	904	661	220	471	411	1841	578	410	1266	617	935	142	589	868	748	187	578	1614	368	630	289	438	445	424	502	368	683	705	402	619	2033	152	304	633	727	705	801	134	487	210	944	297	831	434	419	650	787	1435	595	195	133	832	238	254	829	75	180	761	75	763	1094	1488	1442	1123	662	583	310	290	579	591	461	582	408	398	544	238	579	589	388	172	363	1010	834	340	685	592	793	908	559	632	2044	2150	247	586	258	603	631	172	2405	695	1535	588	881	180	474	672	596	183	589	1591	736	783	874	883	496	964	443	573	1867	295	627	271	579	696	2304	1529	567	404	229	169	62	546	515	407	502	799	323	406	1159	170	420	1379	618	2021	420	322	897	488	1844	625	340	629	294	63	194	578	592	631	194	468	693	450	1550	2664	134	899	935	545	239	742	180	25	838	773	459	180	356	1227	2118	1182	737	759	864	1293	588	738	859	1562	688	704	1326	543	1019	1567	2340	405	761	623	1497	459	371	246	250	326	231	3407	471	142	458	268	183	254	868
524	804	406	524	624	736	0	688	592	2013	240	417	683	251	447	1569	748	1907	1205	2180	624	434	941	749	331	279	492	732	637	190	539	336	1212	743	1139	758	2461	666	293	28	465	1631	2945	261	508	115	1077	312	848	993	648	438	250	736	154	1239	331	487	18	686	310	304	682	804	769	2476	422	1497	663	830	1519	895	422	311	491	726	1324	1051	36	145	40	1791	23	251	192	1453	1644	622	469	673	654	631	1165	346	1274	350	248	749	319	804	916	179	1189	916	284	668	1140	158	683	1882	1340	1650	600	185	1566	1425	576	158	2318	540	325	492	326	338	669	757	624	1405	1405	334	562	2274	878	464	359	1095	31	382	605	291	900	1648	581	713	331	636	1067	314	1950	159	912	648	1177	619	488	1171	662	567	1212	662	284	1771	1077	1316	1130	329	180	457	488	157	170	324	553	625	337	261	604	157	185	748	592	528	1612	1188	519	1205	145	315	1640	1224	142	2729	1414	492	178	486	419	330	895	3060	40	1769	245	1533	905	281	1386	539	910	185	1749	374	805	1302	1280	281	1698	307	163	1141	488	323	655	157	659	2150	1358	261	671	638	582	677	191	1056	666	757	1165	413	330	1895	888	637	754	246	2256	458	632	1290	721	2027	153	519	141	488	673	737	158	145	1094	678	312	43	314	2216	3294	605	1288	1650	191	502	274	567	761	1190	1159	298	567	513	528	2310	453	553	269	893	774	171	196	1531	2289	321	31	1893	210	1723	1846	2025	331	227	1032	1571	293	644	566	489	1051	612	4053	284	600	490	512	910	488	1566
437	375	484	562	79	321	688	0	218	1345	484	382	90	453	415	916	339	1232	523	1508	652	556	255	158	505	413	449	1387	422	519	788	409	551	251	1733	176	1774	236	503	662	296	1097	2258	444	264	760	1558	512	1151	331	683	417	451	321	633	555	420	912	706	1372	542	388	70	375	197	1848	374	993	111	1484	923	463	366	514	1127	165	710	470	652	550	652	1264	665	453	509	960	1192	954	626	310	690	362	545	357	615	763	453	158	998	375	526	816	505	526	409	93	1828	549	90	1194	853	1004	337	504	904	1027	219	549	1650	577	450	449	507	530	106	182	79	915	752	418	816	1764	442	440	748	469	657	899	327	551	310	989	527	1040	505	668	413	605	1283	528	487	206	570	488	285	566	313	252	551	313	592	1093	1636	1681	1385	762	507	442	446	543	518	542	781	653	413	432	478	543	504	678	218	565	1312	576	534	523	550	866	1104	556	640	2049	2052	357	509	283	381	733	463	2373	652	1257	462	1168	467	517	750	788	372	504	1296	528	463	656	648	555	1148	393	552	1735	455	727	540	543	392	2550	1758	441	86	491	239	324	511	368	90	182	545	363	422	1314	340	669	1423	480	1751	584	577	661	166	1558	638	534	636	453	310	501	549	550	423	477	541	651	513	1532	2606	327	661	1004	517	284	574	252	325	579	527	396	252	549	1216	1837	1079	464	594	1117	1389	516	773	856	1758	502	658	1211	479	1063	1304	2538	420	613	379	1186	503	67	460	299	470	476	3365	409	337	230	215	372	285	904
221	244	534	347	232	172	592	218	0	1426	451	432	292	410	216	979	189	1325	696	1679	434	352	400	371	330	320	237	1236	565	403	578	262	747	153	1707	389	1899	78	342	563	128	1063	2398	404	354	688	1355	342	936	417	465	220	406	172	496	722	270	718	610	1271	368	295	274	244	410	1885	425	938	116	1331	930	344	417	344	974	372	920	460	555	446	552	1481	569	410	400	899	1409	746	418	125	472	152	756	249	809	580	407	371	911	244	391	751	675	391	314	286	1720	436	292	1333	786	1059	122	430	978	920	16	436	1730	360	459	237	333	349	299	395	232	851	816	267	605	1981	324	233	562	680	560	723	113	382	308	1059	309	828	330	449	616	616	1461	442	367	56	783	272	106	780	121	37	747	121	593	1191	1446	1465	1167	583	426	237	234	435	436	364	569	435	263	378	261	435	430	466	0	349	1176	788	319	696	446	702	1070	644	506	2149	2001	152	429	108	432	553	344	2495	552	1475	421	1052	352	357	794	578	322	430	1514	564	649	856	854	389	1124	287	433	1709	243	547	325	435	546	2334	1544	400	282	276	21	137	400	528	282	395	756	192	271	1313	297	451	1280	450	1968	377	360	867	372	1776	501	319	503	242	125	304	436	446	615	270	367	550	342	1643	2743	113	868	1059	402	95	572	37	191	792	736	300	37	334	1103	2055	1028	572	590	900	1219	433	627	952	1727	516	560	1371	388	1134	1520	2333	270	593	584	1399	342	242	242	111	460	260	3494	314	122	292	96	322	106	978
1571	1263	1811	1661	1421	1314	2013	1345	1426	0	1829	1717	1383	1795	1616	451	1309	135	919	799	1663	1719	1092	1355	1744	1734	1602	2642	1658	1828	1876	1689	1000	1283	3074	1357	579	1359	1764	1985	1555	720	1100	1787	1594	2099	2603	1759	2119	1022	1674	1624	1793	1314	1922	880	1697	2065	2032	2697	1781	1709	1376	1263	1359	587	1709	834	1351	2732	604	1205	1702	1761	2382	1384	1098	988	1977	1868	1975	1424	1990	1796	1823	871	1591	2025	1756	1375	1677	1438	1128	1667	969	1966	1795	1355	2332	1263	1230	2157	921	1230	1729	1399	3146	1860	1383	425	921	386	1455	1838	448	1082	1441	1860	305	1661	1793	1602	1748	1757	1404	1362	1421	892	610	1694	1892	1735	1213	1618	1944	1146	1982	2112	1446	1797	1120	369	1588	2071	1744	1669	1102	1944	783	1857	1201	1370	1154	1525	1533	1160	1387	1456	1000	1387	1934	267	2757	2569	2221	1975	1838	1624	1604	1858	1848	1774	1857	1664	1690	1771	1532	1858	1838	1575	1426	1660	1332	1141	1643	919	1868	2107	713	790	1932	733	3397	1554	1841	1534	1716	1944	1205	1120	1975	1467	1805	1161	1196	1779	642	1876	1130	1838	1635	1859	1569	1003	1057	1806	659	1706	1859	3075	1609	1940	1533	1858	1616	3352	2673	1784	1392	1510	1440	1376	1824	1004	1399	1362	1128	1617	1698	521	1145	1669	2693	1825	1741	1727	1586	1062	1390	1729	1927	1643	1929	1608	1375	1422	1860	1868	1042	1463	1780	1973	1759	309	1409	1446	1070	386	1827	1521	1918	1456	1288	1142	1104	1716	1456	1658	2530	1889	2424	1741	1938	2022	2598	1846	2048	491	878	1844	1982	599	1804	295	1395	3511	1697	1958	1127	1727	1764	1403	1551	1536	988	1523	2119	1729	1455	1573	1501	1130	1533	448
479	691	191	536	411	619	240	484	451	1829	0	177	462	42	396	1394	634	1716	985	1950	651	459	740	520	337	158	456	973	403	189	645	265	982	602	1261	527	2252	529	298	223	346	1514	2727	47	272	282	1289	324	999	809	682	387	47	619	284	1021	268	660	256	899	344	173	465	691	536	2319	181	1390	488	1070	1373	790	182	325	729	495	1086	903	213	167	219	1552	223	42	171	1349	1411	770	522	561	689	543	929	218	1044	500	47	520	521	691	827	333	971	827	164	447	1355	188	462	1668	1236	1480	505	90	1386	1356	435	188	2134	555	90	456	334	361	445	526	411	1302	1229	271	673	2037	770	425	499	860	218	582	506	333	742	1470	567	865	337	667	838	182	1718	122	811	503	940	582	368	933	552	439	982	552	151	1578	1307	1499	1275	485	105	419	450	176	109	357	653	653	271	76	565	176	90	755	451	540	1583	950	519	985	167	523	1522	1038	281	2533	1570	410	104	363	179	472	790	2851	219	1531	31	1479	799	297	1220	645	771	90	1516	180	569	1069	1044	327	1575	191	201	1263	455	464	632	176	422	2350	1552	51	451	599	449	569	173	846	445	526	929	326	269	1760	743	669	993	6	2020	493	628	1054	490	1794	288	519	277	454	561	681	188	167	870	626	345	220	326	2014	3077	506	1051	1480	186	383	130	439	640	953	924	172	439	520	754	2077	595	329	144	1019	1012	112	404	1340	2179	113	220	1669	129	1544	1606	2251	268	142	802	1345	298	431	525	376	903	572	3838	164	505	265	356	771	368	1386
538	675	105	625	302	603	417	382	432	1717	177	0	333	180	464	1296	621	1599	843	1790	742	564	626	373	451	258	524	1149	230	339	777	352	826	565	1356	376	2115	504	419	401	369	1467	2579	171	123	444	1458	443	1143	713	774	457	183	603	450	879	360	819	432	1056	470	254	342	675	382	2230	8	1353	424	1246	1303	774	16	445	907	345	916	842	391	333	397	1375	400	180	321	1317	1235	917	635	556	782	561	763	278	886	657	186	373	679	675	823	485	830	823	260	318	1510	349	333	1528	1206	1385	522	256	1282	1352	418	349	2021	645	94	524	449	479	313	373	302	1270	1132	361	806	1860	753	496	652	696	395	752	519	465	678	1368	637	1012	451	758	683	226	1557	289	798	472	771	636	384	764	550	434	826	550	219	1460	1482	1654	1413	645	269	493	519	337	276	480	781	743	359	192	619	337	256	827	432	630	1606	782	603	843	333	696	1474	934	449	2407	1683	453	269	379	2	627	774	2712	397	1354	180	1484	782	424	1132	777	724	256	1341	145	392	906	879	461	1522	276	360	1358	526	619	690	337	245	2512	1712	174	325	649	439	567	323	718	318	373	763	383	361	1694	693	760	1167	171	1843	600	700	887	339	1618	455	603	445	524	556	713	349	333	722	665	471	398	446	1885	2930	519	884	1385	336	398	206	434	620	784	761	260	434	609	919	1902	721	174	226	1150	1189	278	578	1226	2131	129	398	1518	274	1441	1429	2424	360	255	649	1174	419	318	582	399	842	623	3693	260	522	155	339	724	384	1282
503	466	429	626	70	410	683	90	292	1383	462	333	0	437	470	965	429	1265	523	1497	722	609	293	83	544	421	511	1400	338	530	844	440	530	341	1690	100	1790	321	535	659	345	1173	2264	427	210	744	1604	547	1211	389	754	470	436	410	649	558	451	954	702	1361	578	399	19	466	120	1900	325	1073	197	1498	989	553	319	550	1143	80	668	548	649	554	651	1204	662	438	518	1042	1120	1008	682	395	762	442	503	376	594	800	439	83	984	466	617	796	508	617	418	15	1817	557	0	1205	936	1055	414	498	950	1114	290	557	1687	642	413	511	544	570	21	104	70	998	803	449	872	1704	533	497	786	428	655	929	404	585	392	1035	598	1096	544	738	386	560	1268	526	577	290	523	564	339	518	397	322	530	397	551	1126	1671	1741	1453	796	504	498	507	550	514	581	839	724	445	422	553	550	498	757	292	629	1402	531	598	523	554	891	1179	603	654	2076	2016	418	506	336	332	769	553	2389	651	1195	445	1256	557	548	807	844	458	498	1225	476	373	628	612	588	1221	408	562	1691	516	762	617	550	305	2611	1815	426	13	568	312	409	520	386	17	104	503	407	453	1380	426	740	1431	458	1690	640	651	624	80	1491	654	598	650	514	395	586	557	554	410	559	578	651	549	1555	2614	404	623	1055	528	341	536	322	415	534	490	407	322	612	1210	1771	1049	389	556	1185	1412	513	790	892	1830	461	656	1209	482	1108	1248	2584	451	580	351	1106	535	53	531	355	548	552	3375	418	414	197	264	458	339	950
437	649	216	497	382	576	251	453	410	1795	42	180	437	0	354	1359	592	1684	961	1930	614	423	708	499	302	117	414	982	410	163	616	224	962	561	1300	507	2224	488	264	230	303	1473	2702	9	257	308	1278	290	974	774	644	346	4	576	270	995	228	642	268	923	312	130	438	649	518	2281	182	1348	450	1079	1334	748	181	291	734	475	1073	863	220	152	224	1551	231	0	146	1307	1415	746	487	518	652	500	914	175	1024	481	6	499	547	649	784	363	945	784	122	421	1379	170	437	1642	1194	1444	462	76	1351	1313	394	170	2100	517	108	414	299	326	421	506	382	1260	1194	231	645	2039	728	384	478	843	225	571	463	302	703	1435	526	842	302	629	817	224	1699	109	769	462	926	540	325	920	509	396	962	509	194	1546	1303	1480	1249	467	88	379	409	158	96	324	623	615	230	33	523	158	76	715	410	502	1540	936	480	961	152	515	1480	1004	269	2502	1606	368	88	320	182	451	748	2823	224	1531	11	1436	756	265	1183	616	730	76	1521	212	572	1051	1029	297	1534	149	181	1302	414	443	590	158	425	2335	1535	11	425	557	407	526	148	817	419	506	914	284	229	1720	703	631	1005	43	2021	457	588	1038	470	1798	275	480	265	413	518	638	170	152	847	584	313	225	292	1984	3052	463	1036	1444	160	340	173	396	598	939	908	130	396	482	774	2081	630	344	187	991	1014	97	398	1307	2137	146	227	1646	99	1509	1603	2244	228	184	782	1354	264	402	484	333	863	530	3812	122	462	241	315	730	325	1351
83	366	546	167	400	305	447	415	216	1616	396	464	470	354	0	1165	313	1521	912	1895	280	140	616	553	129	237	61	1030	659	263	373	131	959	335	1586	570	2104	263	157	419	125	1186	2607	354	440	558	1143	146	742	626	313	9	349	305	318	938	130	502	463	1096	165	225	456	366	589	2047	460	1050	329	1123	1087	451	453	148	769	546	1126	631	413	313	407	1674	426	355	269	1006	1586	539	212	242	321	187	960	188	1022	365	349	553	756	366	468	623	891	468	232	460	1536	293	470	1544	893	1240	162	334	1169	982	207	293	1918	186	445	61	133	141	469	574	400	958	1006	127	402	2175	435	32	346	884	418	510	170	182	498	1247	175	626	129	297	826	578	1677	329	467	263	986	186	131	981	230	178	959	230	547	1390	1230	1271	990	370	324	30	55	298	330	157	368	281	126	321	169	298	334	365	216	171	1191	992	142	912	313	494	1194	847	330	2344	1858	65	327	133	465	339	451	2699	407	1665	365	1096	461	171	976	373	488	334	1691	558	781	1068	1063	191	1254	205	285	1588	62	334	235	298	653	2141	1345	349	457	204	196	242	269	744	456	574	960	81	129	1456	471	298	1078	397	2160	170	237	1076	544	1960	323	142	328	60	242	294	293	313	828	236	163	404	145	1845	2951	170	1076	1240	264	131	526	178	330	995	942	224	178	151	923	2241	900	634	539	722	1006	326	433	1153	1842	496	416	1586	284	1321	1717	2122	130	526	793	1559	157	417	130	116	631	176	3699	232	162	379	206	488	131	1169
1119	812	1394	1210	995	862	1569	916	979	451	1394	1296	965	1359	1165	0	857	371	577	985	1216	1267	672	950	1294	1291	1151	2190	1267	1382	1428	1241	689	833	2650	955	983	910	1314	1541	1107	471	1506	1350	1174	1658	2167	1309	1686	586	1229	1173	1356	862	1473	544	1249	1615	1588	2250	1330	1266	955	812	961	936	1288	514	910	2281	242	756	1280	1311	1931	979	853	537	1532	1423	1530	1331	1546	1359	1378	535	1434	1580	1305	924	1232	986	822	1223	684	1514	1358	950	1888	812	785	1718	570	785	1286	979	2698	1415	965	535	541	92	1004	1397	49	750	994	1415	752	1211	1366	1151	1298	1306	986	961	995	536	164	1245	1445	1741	764	1166	1493	815	1538	1661	995	1347	671	82	1138	1630	1294	1223	749	1521	856	1414	754	923	857	1075	1085	861	936	1008	689	936	1508	266	2314	2155	1808	1524	1396	1173	1152	1413	1407	1323	1410	1217	1242	1333	1082	1413	1397	1134	979	1210	1054	845	1192	577	1423	1655	469	362	1483	1183	2965	1104	1399	1087	1295	1492	756	1558	1530	1361	1369	866	747	1329	191	1428	678	1397	1503	1440	1204	737	789	1355	456	1262	1413	2652	1158	1489	1084	1413	1225	2964	2256	1348	972	1060	991	925	1379	607	979	961	822	1168	1250	493	694	1223	2241	1391	1741	1276	1138	799	984	1664	1478	1192	1481	1157	924	973	1415	1423	684	1013	1329	1528	1309	709	1833	995	807	92	1381	1072	1491	1008	837	848	791	1272	1008	1207	2082	1877	1989	1341	1511	1594	2148	1404	1598	159	970	1419	1538	678	1361	156	1324	3093	1249	1528	765	1537	1314	978	1100	1088	537	1073	2560	1286	1004	1146	1057	678	1085	49
262	57	724	362	387	18	748	339	189	1309	634	621	429	592	313	857	0	1218	693	1647	401	410	403	495	442	492	294	1333	739	558	594	412	771	93	1879	513	1812	118	468	719	292	886	2323	587	537	852	1368	459	914	364	425	321	588	18	630	710	417	768	766	1409	477	470	409	57	534	1734	614	756	233	1424	775	155	606	461	1073	505	968	320	712	605	707	1548	726	593	558	715	1505	758	454	75	430	129	812	422	829	657	589	495	1064	57	202	917	669	202	486	429	1849	590	429	1267	602	929	151	603	864	731	204	590	1608	366	648	294	447	452	442	519	387	667	702	413	616	2045	136	310	636	740	717	804	144	495	212	939	295	827	442	413	662	804	1440	609	178	152	845	234	269	843	86	195	771	86	779	1091	1487	1434	1113	667	597	317	295	592	605	469	579	402	410	560	235	592	603	377	189	362	991	847	340	693	605	798	894	560	642	2040	2162	257	600	273	621	635	155	2402	707	1548	604	863	164	483	666	594	178	603	1606	754	802	885	894	504	950	458	585	1881	300	632	264	592	715	2295	1521	583	422	224	186	71	559	524	425	519	812	335	417	1147	168	414	1384	634	2034	421	316	909	506	1858	634	340	639	299	75	182	590	605	642	187	476	705	459	1548	2663	144	911	929	558	253	759	195	24	851	786	473	195	356	1236	2131	1195	756	776	855	1295	602	746	858	1548	705	716	1329	557	1013	1580	2334	417	776	636	1513	468	389	246	263	320	228	3405	486	151	477	285	178	269	864
1480	1176	1691	1576	1306	1222	1907	1232	1325	135	1716	1599	1265	1684	1521	371	1218	0	789	727	1586	1629	977	1233	1648	1628	1511	2550	1532	1724	1797	1588	867	1185	2954	1234	613	1261	1665	1879	1453	724	1138	1675	1476	1989	2538	1662	2056	914	1600	1528	1682	1222	1821	750	1596	1982	1926	2592	1685	1602	1258	1176	1236	723	1591	819	1244	2642	565	1126	1584	1664	2290	1262	962	901	1870	1763	1869	1300	1884	1684	1718	851	1460	1950	1670	1282	1602	1347	993	1562	835	1876	1684	1233	2224	1176	1156	2047	793	1156	1623	1281	3044	1756	1265	313	885	329	1362	1729	355	1067	1339	1756	424	1578	1677	1511	1651	1662	1285	1239	1306	865	517	1593	1815	1628	1132	1525	1855	1013	1876	2023	1352	1701	1022	289	1504	2001	1648	1593	972	1826	679	1749	1124	1270	1019	1442	1431	1025	1294	1356	867	1294	1817	139	2684	2521	2173	1885	1730	1531	1512	1753	1740	1679	1779	1587	1589	1661	1447	1753	1729	1505	1325	1576	1340	1006	1556	789	1763	2014	718	682	1831	824	3282	1458	1733	1433	1598	1853	1126	1187	1869	1341	1694	1161	1117	1681	560	1797	1040	1729	1507	1739	1439	867	921	1709	673	1601	1756	2956	1518	1850	1453	1753	1489	3319	2623	1672	1274	1427	1339	1284	1719	882	1281	1239	993	1517	1597	575	1052	1594	2599	1712	1633	1639	1507	926	1268	1610	1826	1556	1828	1517	1282	1343	1756	1763	913	1381	1684	1867	1662	338	1462	1352	934	329	1723	1420	1801	1356	1197	1007	970	1609	1356	1572	2428	1780	2310	1616	1821	1964	2513	1738	1951	376	977	1726	1876	490	1697	225	1274	3460	1596	1843	997	1595	1665	1288	1464	1436	901	1438	2190	1623	1362	1458	1396	1040	1431	355
908	684	924	1030	581	685	1205	523	696	919	985	843	523	961	912	577	693	789	0	986	1091	1048	298	470	1019	935	930	1911	746	1042	1266	930	125	614	2182	466	1272	664	1022	1180	807	957	1741	951	722	1268	2046	1028	1605	339	1117	917	960	685	1156	38	940	1415	1224	1884	1057	911	523	684	463	1482	835	920	585	2008	717	705	830	1030	1650	497	333	513	1171	1071	1172	908	1184	961	1032	911	936	1435	1110	721	1122	792	249	880	155	1275	962	470	1507	684	771	1318	24	771	931	539	2340	1072	523	685	843	668	786	1020	542	1073	706	1072	1213	1040	930	930	1021	1041	539	469	581	882	455	938	1292	1389	696	930	1257	237	1176	1415	775	1068	493	622	975	1511	1019	1104	183	1065	764	1046	721	654	287	919	791	290	730	734	125	730	1062	652	2143	2127	1805	1276	1025	934	928	1065	1035	1055	1255	1092	933	945	916	1065	1020	1068	696	1031	1400	278	1004	0	1071	1387	959	300	1163	1572	2521	849	1027	790	841	1246	705	1869	1172	921	969	1219	701	1036	504	1266	565	1020	1023	974	650	220	254	1073	974	916	1075	2183	936	1240	957	1065	703	2988	2214	950	535	913	717	730	1034	171	541	469	249	876	942	1064	552	1105	1946	981	1381	1071	1007	268	503	1239	1162	1004	1160	935	721	872	1072	1071	125	880	1056	1171	1029	1048	2091	775	274	668	1041	785	1049	734	669	281	217	919	734	1020	1733	1494	1564	835	1069	1548	1909	1034	1297	448	1542	972	1177	688	1000	683	926	3020	940	1097	208	1006	1022	560	914	802	513	911	2852	931	786	720	730	565	791	542
1884	1624	1854	2001	1560	1643	2180	1508	1679	799	1950	1790	1497	1930	1895	985	1647	727	986	0	2048	2028	1279	1431	2005	1917	1908	2895	1635	2025	2238	1916	968	1580	3058	1422	562	1639	2008	2156	1792	1428	837	1920	1679	2231	3016	2014	2557	1284	2070	1900	1930	1643	2141	957	1926	2396	2198	2846	2043	1893	1500	1624	1413	1270	1783	1496	1570	2992	1225	1612	1780	2016	2635	1455	895	1381	2146	2051	2148	847	2159	1930	2014	1519	1083	2404	2087	1688	2075	1760	1030	1865	905	2259	1933	1431	2469	1624	1665	2276	1006	1665	1913	1512	3300	2053	1497	451	1522	996	1760	1995	942	1735	1689	2053	866	2009	1883	1908	2007	2027	1511	1424	1560	1520	1050	1924	2262	996	1610	1911	2242	1094	2152	2401	1749	2054	1435	930	1940	2474	2005	2059	1112	1998	234	2023	1621	1634	1029	1881	1776	1036	1699	1716	968	1699	2002	742	3123	3063	2726	2261	2001	1915	1907	2046	2011	2041	2225	2049	1919	1918	1881	2046	1995	2002	1679	2003	2034	1017	1976	986	2051	2373	1423	1104	2147	928	3417	1831	2003	1776	1788	2231	1612	1040	2148	900	1937	1848	1606	2022	1120	2238	1488	1995	1081	1904	1487	884	916	2059	1387	1900	2057	3059	1915	2226	1910	2046	1597	3903	3157	1920	1509	1872	1699	1696	2015	1152	1515	1424	1030	1862	1928	1303	1485	2060	2928	1944	1008	2049	1963	909	1460	1069	2146	1976	2143	1913	1688	1812	2053	2051	1087	1832	2042	2148	2015	581	1181	1749	913	996	2023	1770	1993	1716	1622	1015	1029	1901	1716	1993	2704	1159	2500	1734	2011	2485	2895	2010	2281	872	1674	1917	2153	323	1979	902	791	3980	1926	2045	1148	1254	2008	1540	1884	1787	1381	1874	1942	1913	1760	1689	1716	1488	1776	942
221	425	819	116	657	407	624	652	434	1663	651	742	722	614	280	1216	401	1586	1091	2048	0	196	795	804	317	499	223	1010	939	481	214	393	1160	476	1735	822	2191	436	358	600	397	1125	2708	615	720	739	969	332	514	765	33	285	609	407	470	1110	387	410	635	1168	321	493	706	425	842	2028	739	978	547	1092	1085	460	732	332	767	802	1346	691	598	525	589	1913	607	614	494	930	1842	365	156	371	40	302	1184	464	1220	360	607	804	885	425	434	801	1067	434	494	715	1574	501	722	1661	826	1276	317	574	1231	848	433	501	1954	97	713	223	321	298	726	827	657	885	1073	385	229	2414	455	247	338	1109	601	489	328	338	613	1299	124	426	317	16	1039	831	1842	558	462	456	1213	171	393	1210	362	400	1160	362	798	1466	1099	1039	733	379	561	250	228	510	563	307	194	1	387	583	177	510	574	130	434	112	995	1217	138	1091	525	512	1134	953	482	2396	1969	311	563	397	743	354	460	2774	589	1908	623	936	469	363	1026	214	564	574	1947	825	1056	1273	1276	347	1200	472	489	1738	219	355	137	510	932	1906	1123	610	711	177	412	361	493	920	711	827	1184	361	386	1415	563	18	1072	655	2401	167	84	1290	801	2211	471	138	483	221	371	244	501	525	1029	215	320	585	330	1922	3043	328	1292	1276	483	387	778	400	426	1221	1161	490	400	132	990	2489	1061	913	787	467	943	559	518	1240	1748	760	599	1729	526	1370	1951	1933	387	766	1009	1826	358	670	192	376	691	181	3777	494	317	657	467	564	393	1231
149	455	633	90	539	407	434	556	352	1719	459	564	609	423	140	1267	410	1629	1048	2028	196	0	750	692	121	311	120	923	776	285	234	212	1098	454	1562	709	2221	389	162	409	264	1243	2728	425	562	550	1003	136	605	750	224	139	418	407	283	1072	204	368	447	1027	126	310	596	455	728	2126	562	1101	467	1013	1169	525	556	136	665	684	1266	730	406	329	397	1814	417	423	298	1055	1722	399	74	350	231	282	1101	289	1161	247	416	692	715	455	524	614	1026	524	308	599	1454	305	609	1667	945	1337	271	379	1275	1002	344	305	2017	106	526	120	125	102	608	713	539	1008	1112	203	263	2314	512	118	225	1025	410	394	282	144	613	1349	155	486	121	210	966	636	1812	362	535	394	1126	207	271	1122	338	314	1098	338	603	1501	1095	1133	860	257	365	115	121	314	367	112	231	197	205	394	195	314	379	314	352	94	1177	1132	89	1048	329	391	1252	964	296	2450	1812	200	368	273	566	225	525	2812	397	1804	431	1103	534	167	1076	234	589	379	1828	636	908	1207	1203	153	1315	288	293	1564	114	223	229	314	774	2002	1205	420	597	226	331	346	297	878	595	713	1101	206	202	1524	577	211	976	462	2299	35	198	1216	682	2097	285	89	296	115	350	327	305	329	967	272	124	394	134	1958	3070	282	1216	1337	287	272	583	314	432	1136	1083	305	314	80	850	2379	880	738	592	593	885	363	359	1267	1887	570	407	1716	331	1423	1857	1982	204	570	933	1691	162	556	168	256	730	205	3814	308	271	503	345	589	271	1275
609	403	723	731	329	393	941	255	400	1092	740	626	293	708	616	672	403	977	298	1279	795	750	0	283	727	663	631	1627	605	766	967	644	368	318	1982	291	1520	365	733	914	515	915	2009	699	503	1016	1747	737	1309	119	821	620	707	393	875	322	654	1117	960	1626	765	638	284	403	302	1608	618	834	292	1723	712	446	611	739	1365	311	568	324	905	800	904	1151	918	709	758	811	1130	1136	811	423	827	494	418	602	426	980	709	283	1253	403	516	1072	276	516	659	308	2081	797	293	944	717	762	488	759	656	924	410	797	1397	741	701	631	729	748	314	298	329	771	510	651	993	1646	432	632	962	353	910	1122	476	777	227	742	677	1212	727	808	268	852	1061	781	467	355	455	623	498	453	433	437	368	433	841	838	1845	1834	1516	982	761	636	629	793	771	762	956	796	646	687	619	793	759	780	400	733	1238	454	705	298	800	1097	920	310	883	1793	2305	551	763	498	625	952	446	2119	904	1155	718	1072	445	748	520	967	309	759	1228	769	578	482	492	783	955	640	799	1984	638	946	662	793	566	2697	1918	697	301	618	420	433	759	128	308	298	418	584	655	1100	286	810	1666	736	1636	772	711	507	316	1470	881	705	880	636	423	585	797	800	239	587	764	903	737	1276	2357	476	510	762	765	491	825	437	379	458	390	646	437	721	1468	1738	1333	672	845	1256	1617	769	1013	601	1560	751	911	972	731	815	1180	2722	654	866	248	1161	733	311	615	508	324	614	3113	659	488	481	443	309	498	656
586	527	458	709	153	477	749	158	371	1355	520	373	83	499	553	950	495	1233	470	1431	804	692	283	0	625	495	593	1472	322	604	927	521	463	404	1721	18	1742	394	615	726	428	1190	2208	489	252	802	1686	628	1295	393	836	553	499	477	723	506	532	1036	767	1419	660	474	97	527	39	1885	365	1098	269	1569	994	608	359	631	1216	29	589	573	716	624	718	1121	728	499	591	1070	1038	1091	765	468	843	519	425	454	525	880	501	0	1041	527	674	850	457	674	492	94	1874	630	83	1155	968	1041	493	565	930	1156	370	630	1657	724	460	593	626	652	86	24	153	1027	790	530	956	1621	588	580	867	350	721	1008	483	665	427	1016	680	1179	625	820	318	597	1200	594	632	364	443	644	422	438	471	403	463	471	592	1094	1750	1825	1535	876	571	582	590	621	581	662	922	805	526	487	633	621	565	835	371	712	1452	452	681	470	624	968	1195	589	728	2036	2054	501	573	419	371	850	608	2339	718	1112	506	1300	611	628	803	927	501	565	1143	507	320	555	536	668	1234	484	635	1723	599	843	696	621	283	2694	1898	488	95	647	392	482	593	351	97	24	425	490	533	1383	470	822	1500	515	1607	723	732	547	34	1408	729	681	724	597	468	659	630	624	350	635	659	718	630	1513	2559	483	546	1041	602	424	579	403	479	455	414	482	403	694	1273	1688	1094	391	599	1267	1488	581	865	864	1841	502	722	1149	552	1087	1165	2666	532	627	283	1028	615	136	612	438	573	632	3321	492	493	258	347	501	422	930
196	495	515	204	473	434	331	505	330	1744	337	451	544	302	129	1294	442	1648	1019	2005	317	121	727	625	0	194	163	906	670	165	327	109	1057	462	1469	640	2228	387	41	304	212	1311	2728	305	463	445	1061	18	697	747	346	121	297	434	192	1047	98	410	345	967	38	197	534	495	658	2177	450	1173	435	1000	1217	578	444	19	644	613	1211	760	299	212	291	1743	311	303	177	1129	1638	477	185	371	353	316	1045	186	1120	257	295	625	631	495	591	510	999	591	191	531	1406	188	544	1663	1016	1369	291	257	1297	1094	318	188	2046	223	407	163	4	28	539	643	473	1081	1134	99	357	2241	563	137	243	969	303	396	300	53	625	1375	252	571	0	331	918	515	1783	241	593	382	1067	288	228	1062	359	295	1057	359	481	1516	1130	1219	963	257	244	130	159	196	246	37	330	318	103	274	273	196	257	430	330	209	1285	1075	193	1019	212	371	1320	971	204	2472	1733	189	246	229	453	228	578	2823	291	1730	310	1202	588	50	1105	327	617	257	1744	515	811	1162	1152	61	1380	176	177	1471	158	222	325	196	672	2085	1285	300	531	307	312	371	176	853	528	643	1045	143	96	1584	600	333	951	341	2226	155	307	1164	610	2017	195	193	202	158	371	406	188	212	927	348	37	288	17	1970	3073	300	1164	1369	167	236	461	295	460	1078	1030	191	295	190	793	2299	783	626	470	698	890	242	304	1278	1964	449	301	1700	210	1450	1789	2040	98	449	884	1599	41	492	235	219	760	281	3823	191	291	410	291	617	228	1297
320	549	321	382	356	477	279	413	320	1734	158	258	421	117	237	1291	492	1628	935	1917	499	311	663	495	194	0	297	979	482	109	519	107	952	473	1388	507	2184	396	161	252	200	1377	2671	117	289	368	1219	185	885	713	530	228	112	477	228	967	111	571	298	965	212	25	417	549	521	2204	257	1249	383	1076	1250	646	252	186	722	476	1083	780	242	137	241	1589	256	118	97	1207	1469	660	380	416	538	390	920	70	1015	409	111	495	597	549	678	431	917	678	5	406	1419	136	421	1606	1093	1374	354	111	1287	1204	304	136	2039	402	215	297	192	221	410	508	356	1159	1127	114	548	2083	627	266	402	846	248	521	356	207	625	1369	409	755	194	515	808	341	1689	122	666	375	936	423	223	931	407	300	952	407	310	1491	1263	1400	1155	400	106	261	292	130	116	222	523	500	113	85	406	130	111	598	320	387	1425	945	363	935	137	475	1385	945	233	2450	1681	254	109	219	260	378	646	2783	241	1572	127	1324	655	166	1110	519	642	111	1575	326	631	1049	1032	205	1441	34	140	1390	297	371	473	130	488	2262	1461	112	408	440	313	423	98	781	403	508	920	169	113	1632	617	516	1011	160	2066	346	470	1043	472	1850	234	363	229	296	416	524	136	137	829	468	212	240	187	1937	3019	356	1041	1374	107	238	289	300	501	948	909	19	300	366	804	2134	708	432	302	892	993	113	370	1252	2040	261	248	1623	69	1445	1638	2193	111	292	773	1420	161	377	367	228	780	413	3776	5	354	247	234	642	223	1287
33	342	607	115	443	289	492	449	237	1602	456	524	511	414	61	1151	294	1511	930	1908	223	120	631	593	163	297	0	1039	717	314	340	190	983	333	1631	611	2101	268	199	465	174	1149	2608	414	497	605	1118	181	702	629	256	69	410	289	355	953	188	488	508	1125	192	286	496	342	631	2021	520	1010	353	1130	1061	419	513	183	779	588	1157	614	459	363	452	1712	472	415	322	966	1630	509	181	230	264	164	992	249	1046	365	409	593	795	342	428	670	907	428	292	502	1559	342	511	1546	854	1223	151	391	1157	932	232	342	1902	132	506	0	168	165	512	615	443	918	995	185	368	2213	405	30	344	916	464	512	161	211	493	1233	113	591	163	240	854	638	1692	384	432	275	1019	130	173	1014	218	200	983	218	607	1382	1215	1232	943	373	380	37	5	348	385	181	332	224	185	382	113	348	391	303	237	119	1134	1024	88	930	363	504	1158	844	367	2333	1896	92	383	177	525	342	419	2693	452	1705	425	1043	429	211	960	340	472	391	1735	619	834	1094	1091	221	1219	265	333	1633	6	338	176	348	709	2101	1309	409	499	148	215	227	321	759	498	615	992	141	187	1424	459	241	1090	458	2199	141	176	1104	587	2002	358	88	366	5	230	244	342	363	852	186	190	449	180	1839	2950	161	1105	1223	315	169	586	200	314	1028	972	285	200	101	949	2282	946	693	598	674	1006	381	457	1147	1801	557	462	1596	341	1307	1753	2096	188	584	821	1608	199	458	74	156	614	121	3695	292	151	434	249	472	173	1157
1070	1378	1125	986	1335	1328	732	1387	1236	2642	973	1149	1400	982	1030	2190	1333	2550	1911	2895	1010	923	1627	1472	906	979	1039	0	1362	870	800	983	1931	1366	1034	1483	3134	1293	895	751	1113	2134	3634	992	1239	720	610	894	781	1653	1009	1023	981	1328	754	1942	973	602	716	373	868	1002	1396	1378	1495	3037	1154	1987	1335	97	2086	1444	1154	892	262	1451	2054	1653	761	847	757	2519	750	982	882	1939	2361	702	891	1268	1010	1204	1894	1030	1994	676	978	1472	535	1378	1434	705	1892	1434	982	1385	597	842	1400	2568	1836	2260	1188	910	2197	1838	1223	842	2940	988	1055	1039	903	889	1388	1483	1335	1895	2034	976	794	2996	1433	1025	698	1821	756	530	1198	854	1529	2272	1060	717	906	1009	1787	1002	2668	879	1452	1289	1907	1121	1132	1901	1256	1202	1931	1256	981	2420	469	953	980	666	902	1019	1038	850	892	873	822	1010	980	987	1113	850	910	1127	1236	987	1912	1917	1001	1911	847	536	2144	1877	747	3373	1116	1094	900	1131	1151	697	1444	3729	757	2495	977	1902	1454	880	1999	800	1512	910	2464	1084	1531	2027	2007	847	2210	995	838	1037	1032	701	1123	850	1387	1624	936	991	1387	1138	1219	1266	880	1751	1382	1483	1894	1045	971	2425	1498	1009	78	979	2977	916	1074	2018	1446	2742	748	1001	751	1033	1268	1234	842	847	1808	1186	869	757	893	2876	3979	1198	2016	2260	872	1141	980	1202	1353	1920	1886	994	1202	986	316	3023	669	1271	967	898	161	892	614	2183	2745	1042	754	2597	919	2346	2575	1383	973	924	1752	2273	895	1356	1091	1124	1653	1122	4730	982	1188	1216	1183	1512	1132	2197
724	784	238	826	355	720	637	422	565	1658	403	230	338	410	659	1267	739	1532	746	1635	939	776	605	322	670	482	717	1362	0	569	998	565	698	662	1442	314	2005	621	642	624	546	1508	2446	402	220	644	1688	664	1367	715	973	655	414	720	681	785	574	1049	651	1233	693	474	356	784	306	2201	229	1411	510	1458	1317	878	232	666	1128	295	743	886	614	563	621	1157	623	410	552	1381	1008	1143	849	688	980	713	608	487	752	887	416	322	866	784	938	672	740	938	483	330	1679	580	338	1419	1275	1359	677	486	1245	1449	555	580	1956	845	314	717	669	698	318	307	355	1336	1110	574	1027	1637	858	692	881	553	619	982	671	689	730	1330	826	1238	670	956	567	374	1401	520	903	587	606	812	554	599	686	581	698	686	387	1393	1710	1882	1633	875	499	690	711	568	506	702	1000	941	571	422	797	568	486	1009	565	831	1728	619	802	746	563	925	1514	908	680	2317	1790	633	499	550	228	857	878	2596	621	1133	410	1589	884	648	1125	998	795	486	1113	283	169	758	720	687	1554	494	591	1443	720	849	867	568	42	2742	1942	405	338	822	579	701	554	661	332	307	608	579	576	1705	763	958	1374	397	1619	811	887	726	290	1391	686	802	676	718	688	868	580	563	620	827	693	623	667	1793	2797	671	722	1359	566	565	384	581	731	620	614	481	581	810	1113	1674	867	99	400	1368	1412	508	807	1172	2162	319	621	1385	504	1399	1214	2654	574	440	538	943	642	359	764	571	886	799	3561	483	677	284	489	795	554	1245
