NAME : VRPTW_INSTANCE_199.txt
COMMENT : Bangkok Supermarket
TYPE : VRPTW
DIMENSION : 211
DAYS : Tuesday
EDGE_WEIGHT_TYPE : EXPLICIT
VEHICLES : 31
EDGE_WEIGHT_FORMAT : FULL_MATRIX
CAPACITY : 1000
EDGE_WEIGHT_SECTION
0	893	322	203	1740	609	212	308	88	88	1423	394	438	223	1758	568	633	307	439	814	248	2304	236	481	358	244	613	1221	413	607	404	258	582	465	172	364	521	358	628	1010	359	606	395	178	521	220	910	224	94	1221	1635	532	1003	155	403	253	308	610	1321	481	852	221	984	1036	242	1976	90	215	1149	492	284	964	400	1020	210	1175	101	412	1841	2068	367	1003	440	770	1052	656	428	672	101	208	477	218	582	481	586	436	17	308	502	221	1221	737	463	155	245	909	206	1119	379	1994	355	341	979	135	211	984	2418	391	1213	840	351	135	977	402	283	441	525	1010	152	111	543	185	309	246	3164	124	583	79	104	288	306	418	766	1126	582	890	904	120	1287	153	155	371	362	1117	2712	1826	1111	173	772	400	1945	988	395	145	194	204	474	202	815	217	309	154	472	22	652	628	1500	154	412	281	351	586	438	410	219	1300	2149	59	395	1912	167	88	534	284	1058	437	464	1994	2153	91	2098	402	308	1994	408	79	1132	196	438	62	223
893	0	1124	1036	1503	587	726	1083	941	941	1375	1232	1189	1102	1637	895	1411	1120	823	305	846	1474	1124	1331	1204	1131	1497	1122	492	876	507	645	327	929	889	1213	1101	1200	382	889	542	1389	530	879	1128	1101	617	1106	940	1122	1637	1158	850	777	1278	1084	1086	1368	1285	446	1650	787	298	768	971	1814	881	1052	1663	850	616	204	1215	524	1041	1078	975	1229	977	1613	1218	640	575	1551	828	1125	490	1563	897	1090	1331	962	327	1331	854	910	910	1087	1353	787	1122	563	895	777	1131	243	1088	273	1220	1814	1197	1224	860	780	1091	298	1774	1270	385	153	1185	955	309	1278	620	466	377	283	801	970	865	810	1088	876	2335	1009	911	839	950	893	1083	1217	1624	306	327	527	311	817	754	1006	777	524	1203	525	1898	2717	459	816	1339	1287	2821	1876	530	999	1048	1086	1312	1066	315	962	1093	1041	488	916	880	668	1362	1041	1205	1165	1191	1251	1184	501	1053	457	1286	943	530	2800	1041	941	1142	1126	321	1195	486	1814	1806	893	1373	1217	1089	1814	1215	840	299	707	1184	946	964
322	1124	0	118	1653	680	529	47	362	362	1295	114	123	162	1630	478	744	481	407	1103	282	2442	192	213	100	188	554	1135	691	529	687	490	797	354	237	111	775	93	921	970	639	287	687	246	273	170	960	170	230	1135	1472	267	976	358	206	434	43	288	1199	766	543	336	1264	1045	512	1849	403	108	1350	433	520	1147	91	1327	111	1095	335	105	2013	2043	115	1054	753	853	1041	444	634	495	407	177	216	490	797	213	519	340	316	42	235	336	1135	804	376	358	189	1078	177	1311	106	1873	90	372	945	366	171	1264	2456	209	1389	1037	73	195	1260	206	514	658	789	1286	474	358	471	314	41	253	3288	220	483	401	219	251	46	99	751	1307	797	1202	1191	442	1599	373	358	638	94	1418	2832	1667	1404	494	990	387	1833	870	687	371	382	176	553	367	966	489	35	212	770	306	573	657	1397	212	91	178	84	787	124	692	103	1478	2314	266	687	1770	340	362	280	69	1335	119	643	1873	2084	261	2182	93	39	1873	93	401	1317	435	125	264	495
203	1036	118	0	1683	640	412	112	247	247	1339	201	238	100	1676	494	683	392	394	996	226	2391	136	297	169	137	550	1162	585	542	580	393	712	371	153	178	672	167	812	977	532	404	577	164	354	105	934	108	113	1162	1530	357	978	259	246	340	111	407	1241	659	655	259	1161	1035	401	1895	285	15	1266	433	423	1075	199	1214	6	1119	223	212	1949	2051	182	1028	637	804	1038	513	548	541	289	102	296	379	712	297	527	349	197	111	319	259	1162	769	384	259	138	1011	102	1238	187	1917	163	321	950	262	99	1161	2442	241	1322	960	155	83	1155	245	418	570	688	1184	356	245	479	229	112	202	3244	108	503	282	101	220	110	215	736	1238	712	1087	1085	323	1484	266	259	535	170	1307	2789	1716	1296	375	899	355	1864	897	577	263	283	100	497	272	904	377	110	111	659	188	588	632	1432	111	209	154	158	699	238	585	17	1410	2253	147	577	1813	240	247	364	90	1233	236	566	1917	2109	150	2151	201	111	1917	206	282	1246	333	239	145	384
1740	1503	1653	1683	0	1180	1766	1613	1829	1829	398	1741	1589	1782	233	1190	2360	2043	1304	1784	1497	1560	1818	1804	1747	1818	2206	521	1646	1143	1664	1571	1452	1311	1583	1755	2233	1737	1754	737	1651	1689	1698	1574	1403	1788	934	1790	1691	521	440	1424	753	1596	1852	1988	1617	1639	469	1680	1831	1519	1799	771	1971	320	1810	1691	2874	1256	1568	1306	1693	2026	1681	565	1834	1701	1489	508	1760	877	1814	2486	728	1234	1470	2100	1828	1786	1815	1949	1452	1804	1161	1334	1753	1617	1819	1519	521	1082	1300	1596	1819	1260	1786	1350	1742	314	1736	2005	770	1623	1782	1799	1083	1859	1290	1364	1718	1663	1811	1851	1561	1489	1606	1777	1795	1849	1208	1554	1618	1508	2172	1761	1180	1763	1691	1475	1615	1668	2405	1301	1452	2010	1811	1780	2246	1889	1596	1617	1737	2022	1763	3166	1949	1829	2498	2035	3397	2482	1698	1882	1926	1783	2180	1926	1220	1948	1624	1782	1736	1750	1097	1131	263	1782	1654	1823	1731	2324	1583	1662	1687	1313	1626	1738	1698	3291	1888	1829	1403	1715	1805	1601	1410	314	436	1659	1108	1694	1621	314	1680	1764	1322	1600	1583	1739	1954
609	587	680	640	1180	0	589	632	694	694	928	794	699	735	1243	316	1242	915	286	741	414	1763	769	890	778	772	1187	688	476	290	492	396	336	381	495	788	1061	771	637	447	473	889	524	483	585	738	301	743	594	688	1176	617	426	454	877	862	636	857	826	524	1140	398	841	433	814	1450	660	654	1701	290	390	521	761	1010	642	639	710	774	1348	1466	793	394	644	1379	459	546	294	1173	679	732	895	794	336	890	271	373	626	637	911	398	688	129	347	454	773	442	730	683	787	1462	768	932	413	476	730	841	1811	876	740	449	752	583	845	877	383	318	465	842	627	720	290	435	638	439	2608	674	330	609	599	430	633	752	1362	667	336	941	806	618	1280	762	454	440	773	1056	2153	2347	1008	660	1327	981	2505	1538	524	754	804	728	1082	811	321	793	644	704	575	625	293	83	968	704	737	794	762	1167	692	491	652	827	1643	628	524	2448	775	694	598	712	889	708	236	1462	1572	550	1510	763	641	1462	755	610	681	436	693	630	798
212	726	529	412	1766	589	0	508	225	225	1483	606	639	434	1811	658	704	396	521	610	366	2176	443	694	570	451	774	1260	234	685	219	194	447	583	328	577	472	571	422	1029	185	816	199	327	691	430	875	434	299	1260	1713	708	1013	222	612	358	509	817	1380	288	1065	304	782	1021	254	2024	163	425	1111	577	199	829	611	808	419	1212	262	623	1695	2049	580	962	227	846	1049	799	327	868	175	418	690	241	447	694	659	552	224	509	714	304	1260	704	569	222	451	786	416	973	591	2039	568	503	995	197	421	782	2353	600	1075	701	563	334	774	611	205	325	349	811	76	253	626	286	510	380	3039	335	675	135	310	422	506	627	898	988	447	677	699	100	1074	283	222	211	575	905	2593	1997	902	91	738	568	2095	1154	199	277	323	414	587	343	713	241	511	363	268	232	724	635	1542	363	620	489	564	588	637	225	429	1159	2005	272	199	2075	322	225	705	496	857	639	381	2039	2161	270	2005	613	510	2039	618	136	990	177	638	275	244
308	1083	47	112	1613	632	508	0	359	359	1257	162	131	183	1593	433	773	498	359	1070	238	2395	217	259	148	214	597	1094	658	484	655	455	756	308	201	158	784	140	890	925	607	317	657	209	247	191	912	192	213	1094	1439	247	930	325	253	448	4	311	1161	734	576	295	1230	998	514	1812	394	108	1371	386	484	1102	134	1299	106	1053	336	147	1967	1998	163	1006	729	886	995	414	593	543	399	195	263	492	756	259	474	294	304	5	281	295	1094	756	329	325	216	1033	195	1266	154	1836	137	403	899	336	189	1230	2409	255	1344	993	120	174	1226	252	478	618	753	1251	459	358	425	276	6	209	3241	221	439	385	203	204	2	134	793	1262	756	1176	1158	426	1572	378	325	605	142	1388	2785	1715	1372	481	1006	424	1880	917	657	375	393	193	584	380	920	490	12	220	741	295	529	609	1357	220	123	212	132	805	130	660	102	1432	2267	255	657	1817	350	359	256	102	1300	131	600	1836	2042	237	2135	135	8	1836	131	385	1272	401	130	254	497
88	941	362	247	1829	694	225	359	0	0	1511	413	485	229	1846	655	548	221	528	835	335	2370	229	489	375	237	555	1310	452	695	439	326	641	549	256	380	440	378	648	1099	399	634	424	263	589	224	994	227	160	1310	1721	597	1091	240	397	168	358	645	1409	512	869	310	1007	1123	161	2064	62	255	1062	580	349	1026	429	1023	253	1264	37	439	1900	2155	382	1087	445	685	1139	733	495	642	53	211	483	137	641	489	674	520	76	358	508	310	1310	821	549	240	237	974	210	1178	397	2082	375	282	1067	217	216	1007	2500	383	1274	900	375	200	999	396	349	504	566	1037	150	29	631	274	359	332	3231	142	669	102	166	372	357	451	696	1187	641	888	924	126	1283	70	240	417	382	1125	2781	1776	1125	153	686	346	1884	934	424	62	114	209	395	127	886	136	358	158	493	81	740	715	1589	158	449	275	373	498	485	445	260	1360	2209	109	424	1858	99	0	601	312	1083	482	536	2082	2242	174	2174	431	358	2082	439	101	1192	269	486	109	142
88	941	362	247	1829	694	225	359	0	0	1511	413	485	229	1846	655	548	221	528	835	335	2370	229	489	375	237	555	1310	452	695	439	326	641	549	256	380	440	378	648	1099	399	634	424	263	589	224	994	227	160	1310	1721	597	1091	240	397	168	358	645	1409	512	869	310	1007	1123	161	2064	62	255	1062	580	349	1026	429	1023	253	1264	37	439	1900	2155	382	1087	445	685	1139	733	495	642	53	211	483	137	641	489	674	520	76	358	508	310	1310	821	549	240	237	974	210	1178	397	2082	375	282	1067	217	216	1007	2500	383	1274	900	375	200	999	396	349	504	566	1037	150	29	631	274	359	332	3231	142	669	102	166	372	357	451	696	1187	641	888	924	126	1283	70	240	417	382	1125	2781	1776	1125	153	686	346	1884	934	424	62	114	209	395	127	886	136	358	158	493	81	740	715	1589	158	449	275	373	498	485	445	260	1360	2209	109	424	1858	99	0	601	312	1083	482	536	2082	2242	174	2174	431	358	2082	439	101	1192	269	486	109	142
1423	1375	1295	1339	398	928	1483	1257	1511	1511	0	1373	1219	1434	336	856	2022	1716	984	1620	1175	1801	1470	1430	1383	1469	1841	254	1404	815	1420	1291	1243	970	1256	1391	1935	1374	1552	496	1398	1303	1451	1249	1033	1441	759	1443	1362	254	261	1051	530	1291	1486	1660	1261	1253	103	1451	1435	1208	1672	608	1662	555	1501	1345	2571	931	1294	1203	1325	1882	1336	300	1511	1332	1620	889	1395	740	1571	2142	547	860	1222	1721	1517	1441	1441	1639	1243	1430	837	996	1435	1262	1442	1208	254	862	965	1291	1470	1138	1441	1292	1377	578	1372	1658	529	1319	1436	1672	1439	1494	1264	1224	1355	1331	1682	1485	1286	1246	1387	1658	1500	1528	880	1241	1263	1180	2492	1426	843	1457	1361	1143	1260	1298	2042	1247	1243	1839	1665	1480	2129	1566	1291	1365	1373	1900	2062	2769	1835	1534	2194	1681	3004	2099	1451	1559	1599	1438	1837	1596	1064	1638	1268	1443	1503	1430	771	861	147	1443	1286	1470	1368	2009	1213	1419	1340	1312	1816	1412	1451	2895	1559	1511	1031	1359	1695	1230	1164	578	829	1337	1377	1326	1265	578	1311	1458	1269	1309	1213	1413	1644
394	1232	114	201	1741	794	606	162	413	413	1373	0	155	184	1706	580	700	479	519	1197	396	2557	196	99	37	187	467	1226	787	632	781	592	905	458	343	34	787	35	1013	1071	734	224	778	353	340	190	1072	187	311	1226	1538	325	1080	459	112	441	157	244	1281	860	458	446	1362	1153	543	1925	464	185	1326	541	622	1260	48	1413	195	1188	379	45	2127	2141	34	1165	834	796	1147	514	742	384	463	202	101	525	905	99	624	448	384	157	122	446	1226	918	483	459	188	1192	203	1423	15	1950	38	336	1048	463	197	1362	2563	122	1503	1149	46	285	1357	112	617	765	889	1385	544	400	577	421	155	367	3402	274	584	472	300	366	160	77	669	1421	905	1284	1286	512	1681	403	459	736	31	1507	2946	1553	1497	558	979	332	1723	763	778	404	401	204	511	381	1080	523	149	254	859	375	675	770	1481	254	88	157	42	775	161	787	183	1591	2429	334	778	1657	363	413	343	111	1434	144	754	1950	2174	352	2295	48	153	1950	63	472	1430	534	161	332	529
438	1189	123	238	1589	699	639	131	485	485	1219	155	0	283	1551	449	848	601	413	1193	344	2458	309	218	172	303	622	1078	782	500	780	576	862	333	325	178	898	163	1015	933	732	200	784	331	186	291	959	290	344	1078	1383	169	945	450	268	555	130	184	1128	859	461	409	1350	1026	635	1769	523	230	1465	423	605	1192	107	1426	231	1041	459	112	2046	1998	181	1050	859	949	1015	359	702	518	528	298	227	614	862	218	496	331	434	130	235	409	1078	815	363	450	305	1120	299	1357	161	1795	163	478	912	463	292	1350	2433	278	1429	1090	149	306	1347	267	598	730	873	1369	590	481	451	396	129	315	3296	343	450	516	334	296	133	79	824	1349	862	1305	1280	557	1701	496	450	728	161	1513	2840	1667	1495	612	1108	483	1852	902	784	494	505	298	657	489	1003	612	129	336	868	425	540	662	1329	336	67	286	160	905	6	785	225	1517	2342	385	784	1776	464	485	187	187	1418	11	702	1795	2023	368	2179	107	130	1795	92	516	1361	526	6	383	619
223	1102	162	100	1782	735	434	183	229	229	1434	184	283	0	1770	593	591	319	494	1038	321	2479	36	261	146	37	452	1260	633	642	625	457	782	470	241	150	616	150	851	1077	579	408	618	253	431	7	1031	8	162	1260	1621	428	1078	327	180	272	180	423	1337	703	639	345	1206	1134	361	1990	283	90	1188	533	486	1154	206	1242	100	1218	195	214	2030	2151	153	1125	661	707	1138	597	621	462	281	17	256	342	782	261	627	449	210	180	281	345	1260	865	484	327	39	1092	19	1314	168	2012	148	224	1050	322	13	1206	2540	169	1402	1035	151	156	1200	179	482	639	742	1232	367	216	578	311	179	299	3333	98	602	298	152	319	181	232	636	1317	782	1110	1127	336	1507	221	327	588	154	1340	2879	1632	1334	378	827	255	1772	806	618	220	224	20	403	207	989	340	175	72	696	202	687	730	1529	72	233	63	146	625	285	631	95	1490	2336	165	618	1725	183	229	439	96	1280	276	644	2012	2208	210	2245	208	177	2012	218	298	1324	394	286	162	346
1758	1637	1630	1676	233	1243	1811	1593	1846	1846	336	1706	1551	1770	0	1192	2359	2052	1318	1902	1511	1794	1807	1759	1717	1805	2174	555	1719	1151	1736	1618	1544	1307	1593	1725	2268	1708	1852	798	1717	1625	1768	1584	1365	1777	1037	1779	1699	555	239	1382	826	1624	1819	1997	1597	1575	437	1761	1738	1542	1936	875	1997	219	1835	1681	2905	1266	1620	1449	1658	2155	1673	604	1847	1664	1710	712	1729	997	1887	2478	821	1192	1538	2046	1852	1777	1771	1973	1544	1759	1172	1333	1770	1598	1771	1542	555	1163	1301	1624	1807	1394	1777	1512	1710	244	1706	1994	833	1652	1773	1936	1296	1827	1464	1490	1689	1667	1946	1818	1611	1561	1693	1917	1831	1864	1215	1575	1598	1517	2395	1763	1179	1791	1698	1479	1596	1630	2375	1465	1544	2126	1939	1812	2389	1902	1624	1684	1706	2162	1992	3065	2092	1866	2528	2017	3310	2422	1768	1895	1935	1775	2173	1932	1338	1972	1604	1780	1815	1765	1106	1182	279	1780	1618	1805	1702	2345	1545	1735	1676	1496	1857	1748	1768	3194	1895	1846	1363	1695	1949	1562	1479	244	561	1673	1341	1658	1601	244	1643	1792	1487	1639	1545	1749	1979
568	895	478	494	1190	316	658	433	655	655	856	580	449	593	1192	0	1171	860	136	1006	320	2028	629	663	577	629	1030	668	656	51	665	483	606	124	400	587	1086	569	868	491	628	615	688	392	293	599	520	601	506	668	1067	325	499	446	684	805	437	576	755	724	850	361	1129	577	809	1410	649	502	1717	80	497	837	537	1271	492	625	655	548	1642	1565	592	608	802	1296	567	230	493	963	665	597	671	786	606	663	51	144	579	438	682	361	668	401	110	446	631	758	596	997	578	1430	566	815	467	474	593	1129	1984	688	1049	763	549	476	1131	683	487	525	693	1135	659	672	34	390	439	324	2857	572	18	609	505	287	435	518	1224	979	606	1181	1081	636	1548	709	446	603	569	1332	2400	2115	1292	693	1340	847	2300	1344	688	703	743	594	989	740	636	785	445	592	762	574	95	249	941	592	504	638	561	1153	442	667	498	1134	1929	556	688	2225	703	655	303	533	1183	459	455	1430	1615	481	1733	538	442	1430	526	610	994	481	442	556	791
633	1411	744	683	2360	1242	704	773	548	548	2022	700	848	591	2359	1171	0	326	1056	1221	864	2877	555	697	676	558	351	1838	930	1217	912	864	1151	1052	778	671	368	685	1053	1638	887	883	885	788	1017	583	1542	582	669	1838	2212	1010	1633	788	597	380	770	922	1923	965	1005	853	1390	1670	450	2578	586	678	642	1103	881	1531	745	1320	686	1794	533	745	2388	2702	669	1634	840	141	1685	1187	1024	579	567	582	685	464	1151	697	1199	1028	617	769	699	853	1838	1369	1061	788	557	1491	582	1671	690	2600	685	371	1608	765	587	1390	3045	583	1775	1403	699	696	1378	598	884	1026	1040	1428	639	522	1152	816	768	852	3740	599	1182	637	668	885	770	776	293	1688	1151	1178	1300	638	1525	480	788	915	687	1434	3296	1408	1462	614	360	368	1445	616	885	488	439	584	190	436	1415	465	764	579	923	619	1263	1261	2112	579	784	565	687	221	852	918	683	1857	2698	625	885	1461	473	548	1024	675	1466	838	1072	2600	2780	705	2708	746	766	2600	761	635	1689	812	852	623	461
307	1120	481	392	2043	915	396	498	221	221	1716	479	601	319	2052	860	326	0	738	970	545	2571	291	520	446	298	405	1522	629	903	614	540	840	746	460	445	310	453	789	1316	582	698	590	469	745	311	1215	311	353	1522	1917	745	1310	461	410	55	496	723	1615	676	890	528	1143	1344	155	2270	261	392	874	788	559	1224	514	1118	397	1477	209	519	2092	2376	445	1308	573	465	1360	905	704	559	242	305	509	159	840	520	883	719	292	495	531	528	1522	1042	751	461	297	1178	304	1370	466	2291	451	179	1285	438	310	1143	2719	394	1471	1096	460	385	1133	410	562	709	744	1177	324	196	838	492	495	536	3434	292	872	312	354	572	495	543	503	1384	840	976	1056	317	1356	154	461	606	456	1227	2986	1618	1241	304	508	235	1701	778	590	162	117	305	191	121	1096	159	492	281	644	294	949	936	1799	281	546	322	451	307	604	620	398	1555	2402	305	590	1690	157	221	755	414	1220	594	750	2291	2459	383	2388	516	493	2291	529	310	1386	486	604	304	158
439	823	407	394	1304	286	521	359	528	528	984	519	413	494	1318	136	1056	738	0	901	193	2045	530	611	507	532	943	783	532	168	540	349	514	105	278	518	953	500	752	585	500	603	560	269	306	499	553	502	386	783	1200	338	584	311	611	683	363	571	882	603	855	226	1035	642	678	1536	517	405	1587	55	365	795	482	1162	394	739	530	495	1635	1657	523	646	671	1185	644	319	381	902	534	495	617	655	514	611	146	88	452	364	632	226	783	402	72	311	533	719	494	959	513	1554	497	711	556	339	492	1035	2052	612	1023	705	480	361	1035	611	356	413	581	1045	524	546	106	257	366	204	2886	458	153	475	387	175	361	470	1131	947	514	1065	981	501	1440	585	311	478	501	1229	2430	2071	1194	558	1210	749	2240	1276	560	579	621	492	879	621	599	654	372	482	637	447	212	251	1061	482	455	546	491	1026	406	542	402	1111	1929	433	560	2176	583	528	321	450	1094	422	353	1554	1724	355	1776	483	368	1554	474	476	960	345	407	434	660
814	305	1103	996	1784	741	610	1070	835	835	1620	1197	1193	1038	1902	1006	1221	970	901	0	856	1725	1050	1291	1164	1059	1370	1367	412	1002	416	617	406	1002	869	1172	878	1163	187	1124	464	1387	420	862	1179	1035	866	1039	886	1367	1879	1206	1090	745	1217	946	1072	1378	1524	337	1646	787	173	1027	815	2089	773	1011	1390	943	588	507	1193	269	1002	1320	872	1206	1212	1917	1175	908	398	1355	1082	1221	520	1478	784	1022	1288	813	406	1291	977	976	828	1073	1312	787	1367	766	973	745	1059	532	1021	564	1183	2092	1159	1106	1092	736	1025	173	2074	1206	675	422	1151	912	164	1217	596	488	325	207	685	861	973	797	1074	883	2579	939	1024	743	897	912	1069	1202	1466	603	406	227	89	710	542	888	745	465	1166	327	2154	2588	301	688	1091	1172	2661	1748	420	882	924	1019	1156	946	565	813	1077	968	342	836	1019	824	1624	968	1192	1096	1154	1036	1189	410	1013	734	1516	872	420	2659	930	835	1195	1086	250	1196	551	2092	2103	845	1663	1194	1075	2092	1196	744	592	668	1190	875	813
248	846	282	226	1497	414	366	238	335	335	1175	396	344	321	1511	320	864	545	193	856	0	2168	355	495	374	358	773	977	450	360	452	243	519	222	86	384	767	368	684	774	405	543	462	76	335	324	709	328	194	977	1387	357	771	144	467	490	242	527	1073	527	805	71	1009	818	489	1728	330	240	1397	244	270	864	372	1099	228	932	337	386	1732	1843	389	804	555	995	826	433	358	763	345	318	498	466	519	495	338	191	259	243	517	71	977	543	216	144	359	795	317	1028	386	1747	365	527	744	169	316	1009	2220	464	1107	754	350	173	1006	466	261	385	532	1026	351	353	295	79	244	29	3018	270	334	292	196	59	239	372	953	1024	519	986	942	324	1376	392	144	394	371	1180	2563	1939	1157	383	1020	571	2090	1124	462	385	428	314	690	428	684	464	249	296	545	254	404	410	1254	296	359	379	359	834	339	456	238	1195	2034	240	462	2037	391	335	350	302	1076	349	361	1747	1915	162	1924	374	246	1747	370	293	1034	206	340	241	471
2304	1474	2442	2391	1560	1763	2176	2395	2370	2370	1801	2557	2458	2479	1794	2028	2877	2571	2045	1725	2168	0	2509	2653	2539	2514	2916	1673	1947	1981	1964	2046	1731	2129	2239	2550	2575	2533	1852	1634	1991	2641	1992	2227	2321	2481	1507	2485	2323	1673	1974	2353	1602	2160	2635	2529	2399	2604	1787	1914	2877	2133	1595	1486	2429	1811	2317	2406	3115	2037	2022	1347	2525	1790	2394	1669	2399	2538	518	1185	2554	1422	2049	3018	1525	2223	1876	2932	2334	2472	2658	2417	1731	2653	1977	2128	2322	2400	2675	2133	1673	1643	2097	2160	2515	1396	2470	1207	2549	1781	2530	2646	1637	2173	2471	1595	781	2632	1101	1475	2514	2323	1611	2634	2022	1866	1837	1553	2247	2400	2017	2167	2401	2195	863	2401	2033	2269	2330	2191	2396	2515	3067	1188	1731	1883	1674	2255	1820	2440	2160	1965	2535	1702	428	4107	1628	2268	2809	2704	4248	3285	1992	2432	2483	2468	2760	2498	1491	2417	2407	2433	1960	2325	1953	1796	1673	2433	2500	2541	2524	2725	2452	1958	2405	1020	262	2343	1992	4204	2468	2370	2332	2470	1536	2468	1841	1781	1475	2274	460	2526	2403	1781	2518	2270	1187	2107	2452	2345	2420
236	1124	192	136	1818	769	443	217	229	229	1470	196	309	36	1807	629	555	291	530	1050	355	2509	0	262	159	8	418	1297	650	678	641	480	806	507	274	161	594	165	863	1114	596	420	632	285	464	31	1065	28	187	1297	1656	460	1115	353	169	248	214	439	1373	718	642	376	1220	1170	348	2026	286	127	1157	569	508	1180	225	1249	137	1255	192	231	2057	2188	162	1160	669	671	1174	631	646	439	281	37	255	330	806	262	663	485	222	214	279	376	1297	898	520	353	8	1120	38	1340	181	2049	163	187	1086	345	39	1220	2575	156	1429	1061	169	187	1213	168	505	663	760	1247	373	211	615	341	213	334	3364	114	639	307	178	355	215	253	600	1343	806	1116	1140	344	1511	209	353	606	168	1349	2910	1605	1345	381	798	219	1741	775	632	210	205	41	367	186	1018	328	209	83	708	214	724	765	1566	83	255	46	162	596	312	647	131	1517	2364	181	632	1696	168	229	472	124	1295	302	672	2049	2245	236	2278	226	211	2049	238	307	1351	417	313	178	334
481	1331	213	297	1804	890	694	259	489	489	1430	99	218	261	1759	663	697	520	611	1291	495	2653	262	0	128	253	423	1295	882	715	876	690	1005	544	442	119	830	130	1106	1151	828	186	871	452	402	266	1164	262	405	1295	1583	380	1162	557	109	489	255	224	1340	955	380	546	1457	1240	605	1977	545	281	1335	630	720	1359	129	1502	291	1259	454	116	2226	2216	115	1257	921	779	1231	570	841	300	541	278	12	589	1005	0	709	536	470	254	22	546	1295	1013	571	557	253	1291	280	1523	111	2003	134	355	1129	559	274	1457	2648	126	1602	1248	146	381	1452	109	715	864	986	1481	628	473	662	521	253	466	3497	358	665	559	393	464	258	144	625	1520	1005	1371	1380	597	1768	469	557	833	128	1598	3041	1459	1590	639	1001	333	1636	684	871	471	459	281	514	437	1179	588	247	333	952	461	756	863	1543	333	159	216	139	800	225	881	280	1691	2527	422	871	1565	426	489	401	206	1530	206	854	2003	2239	447	2386	127	251	2003	137	558	1530	631	225	419	593
358	1204	100	169	1747	778	570	148	375	375	1383	37	172	146	1717	577	676	446	507	1164	374	2539	159	128	0	151	459	1230	754	629	748	562	878	453	315	10	752	9	979	1069	701	261	744	326	352	153	1060	150	277	1230	1553	339	1076	428	106	406	144	280	1290	827	495	420	1329	1146	506	1936	427	153	1298	534	592	1236	70	1377	163	1191	342	73	2106	2141	15	1154	798	776	1142	526	714	395	426	164	127	487	878	128	620	441	347	143	150	420	1230	903	476	428	152	1169	166	1399	22	1961	11	308	1045	431	159	1329	2557	112	1480	1123	28	252	1324	106	587	737	857	1353	507	363	571	394	141	345	3387	237	582	436	266	348	146	100	659	1397	878	1248	1253	476	1645	366	428	704	11	1472	2931	1568	1463	521	947	310	1732	769	744	366	364	166	486	345	1059	486	135	216	825	338	672	757	1489	216	107	123	16	744	177	753	151	1569	2408	298	744	1670	326	375	356	78	1401	163	728	1961	2179	319	2283	71	139	1961	85	436	1407	503	178	295	492
244	1131	188	137	1818	772	451	214	237	237	1469	187	303	37	1805	629	558	298	532	1059	358	2514	8	253	151	0	415	1297	658	679	649	486	812	506	278	153	601	157	872	1115	604	412	640	289	460	33	1068	29	193	1297	1654	455	1116	359	160	255	211	431	1372	726	633	381	1228	1172	356	2024	295	127	1162	570	515	1186	217	1258	138	1255	201	224	2063	2189	154	1163	677	673	1176	628	652	432	290	42	246	338	812	253	664	486	230	211	270	381	1297	902	521	359	1	1126	43	1346	173	2047	155	189	1087	352	42	1228	2578	148	1435	1067	162	191	1222	160	512	669	768	1255	381	220	615	346	210	336	3369	122	638	316	184	357	212	246	598	1349	812	1124	1148	352	1520	217	359	614	161	1357	2915	1599	1354	389	804	218	1736	771	640	218	213	46	369	193	1023	337	205	90	716	222	724	768	1565	90	248	38	154	601	306	655	131	1522	2369	188	640	1691	176	237	468	119	1303	296	677	2047	2245	242	2282	219	208	2047	231	315	1357	424	307	186	342
613	1497	554	550	2206	1187	774	597	555	555	1841	467	622	452	2174	1030	351	405	943	1370	773	2916	418	423	459	415	0	1689	1006	1081	993	871	1194	905	691	450	640	468	1186	1521	954	593	974	703	808	448	1483	444	597	1689	2003	791	1525	756	355	424	593	639	1748	1062	668	792	1544	1585	558	2392	615	538	981	978	897	1577	515	1523	550	1650	523	509	2454	2595	446	1578	972	383	1587	981	1042	229	600	455	410	558	1194	423	1069	889	595	592	416	792	1689	1316	924	756	413	1522	456	1732	464	2418	470	273	1495	743	457	1544	2992	347	1826	1453	488	603	1534	355	896	1054	1121	1576	698	526	1020	756	591	751	3774	517	1037	658	590	770	595	543	202	1739	1194	1381	1457	680	1758	491	756	973	469	1632	3322	1222	1645	687	708	212	1332	379	974	498	450	459	245	431	1425	557	585	485	1036	591	1126	1183	1948	485	555	397	475	536	628	999	541	1913	2762	573	974	1302	456	555	810	497	1621	611	1075	2418	2638	644	2695	515	588	2418	530	657	1745	809	628	571	558
1221	1122	1135	1162	521	688	1260	1094	1310	1310	254	1226	1078	1260	555	668	1838	1522	783	1367	977	1673	1297	1295	1230	1297	1689	0	1164	621	1180	1065	994	790	1062	1239	1722	1221	1303	245	1161	1194	1212	1053	893	1266	505	1269	1170	0	515	916	277	1080	1336	1467	1098	1145	166	1207	1364	1001	1418	356	1455	764	1293	1170	2361	735	1066	951	1180	1627	1160	48	1314	1188	1435	929	1243	490	1332	1964	294	730	983	1594	1311	1265	1305	1432	994	1295	639	812	1234	1098	1310	1001	0	612	778	1080	1298	885	1264	1047	1227	779	1219	1483	279	1107	1261	1418	1422	1342	1027	969	1201	1142	1427	1336	1058	1005	1141	1405	1283	1330	686	1036	1099	986	2418	1239	658	1247	1170	953	1096	1155	1887	1004	994	1587	1411	1266	1874	1369	1080	1128	1221	1646	1974	2694	1581	1317	1984	1514	2910	1977	1212	1362	1405	1262	1658	1405	810	1431	1105	1260	1260	1230	575	627	282	1260	1141	1303	1214	1806	1071	1179	1165	1081	1657	1217	1212	2814	1367	1310	895	1195	1442	1089	924	779	948	1139	1281	1180	1102	779	1166	1248	1026	1089	1071	1218	1437
413	492	691	585	1646	476	234	658	452	452	1404	787	782	633	1719	656	930	629	532	412	450	1947	650	882	754	658	1006	1164	0	666	19	207	231	622	458	762	656	752	234	921	54	975	53	450	782	631	721	636	477	1164	1649	806	897	333	813	592	660	966	1302	77	1234	380	575	880	483	1924	391	601	1273	581	180	602	781	648	591	1115	487	794	1462	1885	766	798	168	1071	918	847	182	1086	406	619	880	472	231	882	639	594	429	661	903	380	1164	564	597	333	658	566	618	742	773	1935	749	734	887	324	622	575	2154	803	845	473	740	501	570	813	189	158	115	599	309	480	621	386	662	476	2810	536	674	351	489	508	657	790	1132	758	231	538	500	326	926	514	333	56	756	731	2365	2228	713	325	915	798	2329	1386	53	507	556	615	820	575	508	472	665	567	106	436	695	544	1443	567	780	694	744	792	779	15	603	927	1772	469	53	2308	551	452	797	676	647	785	240	1935	2021	435	1791	783	663	1935	784	352	759	256	779	472	474
607	876	529	542	1143	290	685	484	695	695	815	632	500	642	1151	51	1217	903	168	1002	360	1981	678	715	629	679	1081	621	666	0	677	503	598	175	442	639	1122	620	870	440	642	664	701	434	341	647	474	650	550	621	1032	373	447	479	735	848	488	624	713	732	895	395	1118	526	847	1368	686	551	1756	115	515	808	589	1269	541	578	696	600	1601	1514	643	560	817	1343	515	260	496	1015	702	645	723	824	598	715	26	193	619	489	734	395	621	363	157	479	680	727	645	966	630	1387	618	863	415	507	641	1118	1933	739	1013	739	600	521	1121	735	506	527	695	1123	691	713	65	426	490	367	2808	618	52	644	549	332	486	570	1274	945	598	1184	1074	669	1544	751	479	615	621	1326	2352	2166	1283	725	1379	897	2352	1396	701	745	786	642	1036	784	606	823	496	639	772	614	45	216	896	639	555	688	613	1194	493	678	547	1097	1885	598	701	2276	747	695	351	584	1170	511	453	1387	1566	522	1683	590	493	1387	578	645	961	507	493	599	829
404	507	687	580	1664	492	219	655	439	439	1420	781	780	625	1736	665	912	614	540	416	452	1964	641	876	748	649	993	1180	19	677	0	209	250	629	455	756	636	747	235	938	48	972	34	449	785	623	740	628	471	1180	1664	808	914	330	805	577	657	964	1317	79	1231	381	581	898	466	1941	378	595	1254	590	183	620	776	647	586	1132	475	790	1478	1904	760	817	151	1053	936	853	198	1076	392	611	873	456	250	876	650	600	420	658	897	381	1180	582	604	330	649	585	609	758	767	1952	743	721	904	320	613	581	2173	795	862	491	735	496	575	805	192	175	130	606	295	468	631	386	659	477	2827	527	684	340	482	510	654	786	1117	775	250	535	505	313	924	501	330	62	750	733	2383	2215	717	309	896	785	2314	1373	34	494	542	607	805	561	527	456	662	558	97	427	707	560	1459	558	777	685	738	773	777	6	597	944	1789	460	34	2294	538	439	800	670	654	783	256	1952	2040	429	1810	778	660	1952	780	341	776	254	778	463	458
258	645	490	393	1571	396	194	455	326	326	1291	592	576	457	1618	483	864	540	349	617	243	2046	480	690	562	486	871	1065	207	503	209	0	326	429	254	571	665	559	442	834	162	771	220	246	576	456	688	461	295	1065	1524	599	818	133	633	492	458	761	1188	285	1032	172	775	829	423	1830	279	409	1305	404	29	705	582	856	398	1017	353	595	1583	1860	575	777	323	1004	855	653	170	919	297	445	690	404	326	690	477	398	276	458	712	172	1065	515	408	133	487	650	444	862	579	1844	556	599	800	134	446	775	2181	625	955	583	546	310	771	632	25	183	298	795	232	355	450	180	459	268	2906	366	501	228	305	301	454	589	1022	868	326	743	704	227	1133	396	133	152	563	939	2456	2082	919	264	931	659	2204	1245	220	389	440	441	722	453	559	403	463	398	303	280	540	440	1348	398	578	520	551	772	572	213	410	1042	1891	302	220	2170	421	326	592	484	844	579	210	1844	1968	247	1848	584	460	1844	583	229	874	62	573	304	408
582	327	797	712	1452	336	447	756	641	641	1243	905	862	782	1544	606	1151	840	514	406	519	1731	806	1005	878	812	1194	994	231	598	250	326	0	618	562	888	887	874	309	748	266	1062	284	552	811	782	517	786	620	994	1497	840	718	455	956	798	759	1043	1143	236	1324	460	523	680	701	1742	586	728	1502	549	299	384	888	675	716	946	672	902	1259	1664	892	585	382	1293	726	828	163	1244	603	771	1005	688	0	1005	573	597	600	760	1027	460	994	381	586	455	813	339	769	537	894	1749	871	921	714	460	772	523	1922	949	633	258	859	631	524	955	301	143	155	531	515	671	573	484	761	549	2593	692	623	539	629	567	756	890	1336	546	0	606	476	524	948	710	455	236	877	727	2146	2408	685	538	1146	982	2526	1570	284	702	753	767	1029	769	277	688	765	725	293	604	613	418	1265	725	878	845	865	1022	857	246	728	718	1568	628	284	2495	740	641	826	801	580	868	163	1749	1811	571	1562	890	762	1749	887	540	550	389	858	631	691
465	929	354	371	1311	381	583	308	549	549	970	458	333	470	1307	124	1052	746	105	1002	222	2129	507	544	453	506	905	790	622	175	629	429	618	0	293	463	987	445	848	616	586	512	646	287	204	476	625	478	394	790	1172	236	622	362	560	691	313	478	871	696	759	279	1138	696	707	1526	551	379	1611	92	449	897	416	1260	369	748	545	428	1728	1689	468	717	752	1175	689	224	481	842	565	474	551	684	618	544	166	31	474	314	563	279	790	488	34	362	508	819	474	1060	455	1547	442	693	591	389	470	1138	2105	564	1121	809	425	361	1138	559	439	513	679	1149	573	564	118	300	315	219	2964	455	132	515	392	177	311	399	1100	1047	618	1159	1082	546	1539	599	362	567	445	1330	2507	2000	1297	605	1236	724	2180	1221	646	593	630	472	869	626	699	682	321	473	726	468	220	333	1060	473	384	513	437	1045	326	632	375	1208	2020	445	646	2108	589	549	218	408	1198	343	457	1547	1738	375	1845	417	317	1547	406	516	1060	412	327	446	689
172	889	237	153	1583	495	328	201	256	256	1256	343	325	241	1593	400	778	460	278	869	86	2239	274	442	315	278	691	1062	458	442	455	254	562	293	0	325	694	312	690	861	407	517	459	11	363	244	793	248	108	1062	1464	379	857	125	399	405	203	509	1155	534	778	106	1029	904	414	1810	260	169	1318	327	284	922	328	1101	157	1017	254	342	1796	1929	330	887	538	908	912	486	399	695	273	236	443	391	562	442	422	264	181	204	464	106	1062	624	292	125	279	857	235	1085	331	1830	308	441	831	139	235	1029	2304	395	1168	808	296	88	1025	399	277	422	552	1050	297	272	377	78	205	76	3092	183	414	230	110	115	200	334	868	1084	562	981	957	267	1376	309	125	404	314	1188	2638	1869	1171	326	943	487	2014	1047	459	302	343	233	603	343	750	389	208	210	543	175	488	496	1338	210	324	302	303	753	322	460	168	1257	2100	155	459	1965	305	256	377	239	1099	327	413	1830	2001	81	2004	330	206	1830	329	231	1093	201	322	156	396
364	1213	111	178	1755	788	577	158	380	380	1391	34	178	150	1725	587	671	445	518	1172	384	2550	161	119	10	153	450	1239	762	639	756	571	888	463	325	0	752	18	987	1079	709	259	752	336	359	157	1071	154	285	1239	1560	346	1086	437	97	406	154	279	1298	835	489	430	1337	1156	509	1944	432	162	1295	544	601	1246	74	1384	172	1200	346	75	2116	2151	4	1164	805	770	1152	533	724	385	431	168	118	490	888	119	629	451	354	153	141	430	1239	914	486	437	154	1179	170	1409	20	1969	20	304	1054	440	163	1337	2567	103	1490	1133	38	261	1332	96	596	746	866	1361	513	367	581	403	152	356	3397	243	592	443	274	359	156	104	651	1407	888	1255	1261	482	1652	369	437	713	18	1480	2941	1558	1471	527	945	304	1722	759	752	370	366	171	481	346	1069	489	146	221	833	345	682	768	1497	221	112	123	26	742	183	762	160	1579	2418	305	752	1660	329	380	363	87	1410	168	738	1969	2187	327	2293	74	149	1969	89	442	1417	511	184	302	494
521	1101	775	672	2233	1061	472	784	440	440	1935	787	898	616	2268	1086	368	310	953	878	767	2575	594	830	752	601	640	1722	656	1122	636	665	887	987	694	752	0	758	725	1497	626	1007	604	699	1025	608	1347	609	600	1722	2153	1029	1483	644	720	346	782	1031	1833	669	1197	727	1041	1494	279	2483	437	676	640	1008	671	1247	819	955	678	1674	453	825	2073	2521	752	1433	527	487	1521	1173	795	837	421	600	820	303	887	830	1099	957	513	782	841	727	1722	1177	983	644	600	1220	599	1371	773	2500	756	482	1464	616	606	1041	2810	704	1480	1120	764	640	1028	720	678	786	752	1080	438	431	1059	696	782	768	3436	564	1101	478	606	809	781	847	653	1394	887	814	952	455	1156	406	644	659	762	1070	2999	1777	1101	404	266	528	1809	970	604	409	393	599	395	409	1164	304	780	564	619	520	1165	1103	2003	564	848	629	756	159	900	641	681	1557	2382	548	604	1829	434	440	1036	712	1116	892	851	2500	2633	612	2445	820	781	2500	832	477	1392	633	901	549	298
358	1200	93	167	1737	771	571	140	378	378	1374	35	163	150	1708	569	685	453	500	1163	368	2533	165	130	9	157	468	1221	752	620	747	559	874	445	312	18	758	0	978	1060	699	257	743	322	343	157	1053	154	276	1221	1544	330	1067	426	115	412	136	274	1280	826	494	416	1328	1138	511	1926	429	151	1306	525	589	1231	62	1378	161	1182	345	66	2101	2132	23	1147	798	785	1133	516	711	402	428	168	131	492	874	130	611	433	348	135	153	416	1221	896	468	426	158	1164	170	1395	20	1951	3	317	1036	429	163	1328	2549	121	1475	1119	20	251	1323	115	584	733	855	1351	509	366	563	390	134	340	3380	239	573	437	265	342	139	92	668	1392	874	1249	1252	477	1646	371	426	703	3	1472	2924	1575	1462	523	955	319	1740	777	743	371	370	170	495	351	1053	491	128	219	825	339	664	750	1479	219	99	130	9	752	168	752	149	1564	2402	299	743	1677	332	378	346	76	1400	153	724	1951	2169	317	2275	63	132	1951	77	437	1402	500	168	296	496
628	382	921	812	1754	637	422	890	648	648	1552	1013	1015	851	1852	868	1053	789	752	187	684	1852	863	1106	979	872	1186	1303	234	870	235	442	309	848	690	987	725	978	0	1057	283	1207	234	684	1014	848	820	853	701	1303	1806	1039	1027	565	1031	762	892	1200	1452	157	1465	614	359	984	633	2048	586	827	1282	798	414	555	1010	415	818	1255	685	1023	1348	1936	990	879	216	1190	1032	1071	374	1290	597	836	1103	630	309	1106	844	820	642	893	1127	614	1303	690	821	565	872	552	834	656	999	2055	975	920	1023	555	839	359	2143	1019	767	439	967	729	351	1030	423	343	175	390	498	674	833	620	894	710	2712	752	886	556	713	742	889	1021	1289	685	309	313	276	523	693	702	565	289	982	497	2278	2406	484	501	957	986	2486	1565	234	696	739	832	977	760	544	630	897	781	155	649	894	716	1573	781	1011	909	970	879	1012	230	830	839	1656	686	234	2479	743	648	1030	902	435	1018	418	2055	2100	662	1751	1012	895	2055	1014	557	680	489	1013	689	631
1010	889	970	977	737	447	1029	925	1099	1099	496	1071	933	1077	798	491	1638	1316	585	1124	774	1634	1114	1151	1069	1115	1521	245	921	440	938	834	748	616	861	1079	1497	1060	1057	0	921	1079	970	851	759	1083	274	1086	969	245	754	788	42	862	1176	1261	929	1034	399	963	1283	788	1183	164	1236	1003	1076	987	2137	544	832	732	1028	1387	976	197	1107	1038	1327	1074	1083	287	1089	1769	110	620	741	1452	1094	1079	1160	1215	748	1151	451	632	1024	930	1169	788	245	366	596	862	1116	660	1079	846	1070	1015	1058	1296	34	889	1076	1183	1502	1180	844	736	1040	945	1191	1175	825	763	895	1172	1058	1121	500	825	931	788	2427	1043	487	1028	971	760	927	1007	1713	807	748	1343	1172	1044	1639	1162	862	887	1061	1410	1974	2589	1347	1092	1761	1333	2785	1834	970	1154	1200	1076	1464	1202	574	1213	937	1067	1016	1022	396	394	521	1067	992	1126	1053	1590	927	937	983	909	1580	1013	970	2704	1165	1099	765	1024	1211	945	682	1015	1143	934	1288	1028	933	1015	1016	1029	828	863	927	1015	1219
359	542	639	532	1651	473	185	607	399	399	1398	734	732	579	1717	628	887	582	500	464	405	1991	596	828	701	604	954	1161	54	642	48	162	266	586	407	709	626	699	283	921	0	924	60	401	739	577	734	582	424	1161	1639	762	899	282	759	543	609	916	1295	127	1182	334	628	889	438	1924	339	548	1252	552	138	644	728	695	538	1112	434	742	1510	1903	713	814	176	1028	924	811	180	1032	354	565	826	426	266	828	615	557	375	610	850	334	1161	571	563	282	604	605	564	788	720	1936	696	681	886	272	568	628	2184	749	890	516	688	448	623	759	147	164	167	653	259	428	594	338	611	429	2854	482	646	298	435	464	606	738	1083	802	266	581	552	274	972	463	282	34	703	781	2408	2176	765	277	889	745	2279	1334	60	456	505	561	772	523	538	426	614	513	141	382	673	536	1441	513	729	640	691	757	729	53	550	973	1820	415	60	2257	499	399	754	623	701	735	240	1936	2032	381	1827	730	612	1936	732	299	805	206	730	418	428
606	1389	287	404	1689	889	816	317	634	634	1303	224	200	408	1625	615	883	698	603	1387	543	2641	420	186	261	412	593	1194	975	664	972	771	1062	512	517	259	1007	257	1207	1079	924	0	974	525	323	414	1135	412	517	1194	1437	293	1096	642	293	662	314	50	1220	1051	262	607	1546	1188	768	1840	682	391	1522	605	801	1390	206	1615	397	1162	602	195	2238	2123	257	1224	1041	961	1169	465	902	424	683	425	199	749	1062	186	666	516	598	314	184	607	1194	1001	545	642	412	1316	427	1555	239	1869	260	540	1061	652	420	1546	2582	309	1624	1289	258	483	1543	293	794	929	1069	1566	759	623	624	592	313	514	3473	493	612	686	505	496	317	188	791	1546	1062	1490	1475	726	1887	628	642	922	253	1705	3016	1510	1689	776	1187	520	1715	796	974	628	625	427	701	604	1198	748	310	476	1057	589	699	845	1425	476	196	380	262	985	205	977	387	1712	2532	548	974	1625	588	634	316	323	1616	194	902	1869	2125	549	2347	204	312	1869	198	685	1558	719	204	546	753
395	530	687	577	1698	524	199	657	424	424	1451	778	784	618	1768	688	885	590	560	420	462	1992	632	871	744	640	974	1212	53	701	34	220	284	646	459	752	604	743	234	970	60	974	0	453	797	615	774	619	466	1212	1694	819	947	334	798	556	659	968	1348	88	1231	391	588	932	440	1974	362	592	1220	612	197	649	775	642	584	1163	460	788	1504	1939	756	852	119	1025	970	871	229	1063	375	603	868	432	284	871	674	617	409	660	892	391	1212	615	623	334	640	616	601	785	764	1985	740	703	936	321	605	588	2206	787	890	521	733	494	582	797	207	208	155	615	276	452	654	392	661	486	2855	519	706	327	478	521	656	787	1094	803	284	524	509	297	917	483	334	86	747	731	2412	2196	719	288	862	768	2292	1354	0	476	523	599	781	543	561	431	664	549	84	417	732	590	1492	549	778	677	735	742	781	38	595	972	1814	452	0	2275	522	424	812	667	663	786	288	1985	2074	427	1842	777	661	1985	779	328	804	259	782	455	433
178	879	246	164	1574	483	327	209	263	263	1249	353	331	253	1584	392	788	469	269	862	76	2227	285	452	326	289	703	1053	450	434	449	246	552	287	11	336	699	322	684	851	401	525	453	0	364	255	781	260	118	1053	1457	380	847	119	411	414	211	515	1147	527	786	95	1021	893	420	1802	264	180	1325	318	275	911	338	1095	168	1008	262	351	1784	1919	340	876	534	918	902	483	389	706	278	248	453	396	552	452	414	257	187	212	475	95	1053	613	285	119	290	846	247	1074	341	1822	318	452	821	135	247	1021	2292	406	1157	797	306	99	1017	410	269	412	544	1042	298	279	369	68	213	68	3081	194	406	233	120	109	208	343	880	1073	552	976	950	268	1370	317	119	397	325	1182	2626	1881	1164	328	949	498	2025	1059	453	310	352	244	614	352	739	395	217	221	537	182	479	484	1330	221	332	314	313	761	328	453	179	1245	2088	164	453	1976	314	263	378	250	1091	334	402	1822	1992	88	1992	339	214	1822	338	233	1082	194	328	165	402
