NAME : VRPTW_INSTANCE_191.txt
COMMENT : Bangkok Supermarket
TYPE : VRPTW
DIMENSION : 239
DAYS : Monday
EDGE_WEIGHT_TYPE : EXPLICIT
VEHICLES : 33
EDGE_WEIGHT_FORMAT : FULL_MATRIX
CAPACITY : 1000
EDGE_WEIGHT_SECTION
0	1130	211	196	1126	676	2294	861	891	135	186	2095	610	221	1090	614	207	1300	420	960	1510	1245	357	101	153	288	371	212	347	46	106	28	101	539	497	46	320	246	111	880	119	258	228	264	368	367	91	88	1627	530	212	124	367	208	248	213	481	83	424	193	981	1110	1627	484	727	978	215	401	693	447	1190	1213	399	202	221	330	363	33	400	451	613	610	2530	1268	394	104	1030	1126	1138	135	258	672	1124	538	21	629	916	306	264	847	541	364	882	877	614	731	593	3715	424	948	2923	1183	133	669	609	1221	609	530	124	436	223	552	212	166	1750	779	133	283	347	298	539	611	300	156	2177	978	580	587	496	372	1590	210	1036	505	437	155	650	2231	1636	374	504	887	420	1761	1010	996	474	1021	1415	242	978	807	359	258	3161	104	390	51	79	582	155	245	404	400	1621	300	1994	1721	366	2111	203	113	481	366	336	1234	207	309	92	91	956	438	394	1649	404	1028	1726	1932	408	464	371	1768	130	766	91	515	519	1728	74	1186	1058	396	1224	59	88	46	217	916	944	437	147	441	193	404	529	584	1714	102	148	1190	1121	1627	944	1532	205	410	101	366	192
1130	0	1066	1327	2252	1647	3202	770	1851	1262	960	3225	1069	1315	2128	1070	1046	2425	1528	211	2637	2099	780	1104	1267	911	1478	1271	978	1143	1112	1104	1035	1281	878	1143	1086	1273	1178	1728	1033	1388	1267	1316	762	948	1167	1064	2506	1284	1271	1252	777	1071	1296	1040	883	1103	1026	1239	2063	1079	2506	882	1584	2006	950	857	801	1128	2307	2339	854	937	1315	1452	969	1101	853	1024	1196	1069	3646	2185	850	1171	110	2252	205	1262	923	533	55	1282	1122	869	2045	1103	1316	1949	849	951	959	479	1070	710	1165	4843	1026	2018	4053	226	1263	619	832	2186	1713	1272	1252	1402	969	703	1065	965	2847	1801	1263	1412	978	1114	1535	1597	1423	1203	3245	2006	1537	1589	876	1476	2414	1066	2104	1499	1096	1277	1012	3359	2588	757	863	1813	1528	2621	2035	2073	687	129	2306	1030	2006	1836	1456	923	4291	1127	1481	1114	1107	1706	1277	936	1490	732	2742	1423	2887	2851	776	3083	1068	1034	1107	776	1410	2055	978	1112	1119	1167	380	1115	961	2622	1490	2120	2838	2801	1020	1594	1478	2797	1013	1815	1167	996	933	2804	1074	2135	2088	1090	2325	1094	1064	1143	1226	2011	1782	1108	1013	1107	1322	858	1270	1547	2845	1166	1087	2307	2168	2506	1857	2659	1068	1021	1035	949	1238
211	1066	0	342	1246	880	2225	674	825	271	281	2177	399	267	1072	403	377	1418	587	874	1584	1453	300	295	249	154	544	420	146	257	108	190	228	363	305	257	114	208	322	1090	260	402	204	252	332	173	159	253	1542	356	420	266	297	5	232	380	290	128	213	182	997	1242	1542	293	607	953	134	236	505	243	1324	1330	236	275	267	489	162	185	238	240	411	399	2582	1470	236	315	976	1246	1037	271	145	557	1070	361	227	432	1006	105	252	885	353	169	677	738	403	811	388	3816	213	953	3008	1080	299	718	719	1164	651	352	266	352	102	406	1	191	1781	971	299	426	146	102	482	550	459	155	2334	953	500	536	305	546	1486	0	1040	445	229	268	440	2336	1579	337	316	1093	587	1671	1196	1008	496	972	1331	406	953	997	541	145	3248	117	573	251	131	720	268	135	589	352	1683	459	1918	1816	299	2067	7	253	273	299	347	1122	100	110	123	159	964	233	192	1602	589	1186	1858	1847	197	574	544	1943	251	753	159	305	316	1741	148	1384	1241	189	1372	154	253	257	161	945	1155	231	115	234	350	238	351	508	1811	313	63	1324	1110	1542	1149	1646	5	200	228	172	181
196	1327	342	0	931	566	2160	1017	776	72	375	1899	710	137	934	714	345	1104	245	1156	1315	1143	553	245	97	464	203	177	489	188	244	223	293	567	648	188	423	228	181	802	302	62	210	208	565	515	185	269	1512	556	177	80	561	337	206	352	632	240	541	197	808	1223	1512	636	671	829	398	570	847	527	998	1017	568	395	137	146	505	227	570	566	677	710	2338	1144	565	184	1226	931	1333	72	438	863	1320	565	205	774	719	402	208	667	695	512	1011	1062	714	893	665	3519	541	782	2726	1378	64	847	756	1089	433	560	80	381	396	732	343	362	1565	636	64	88	488	390	442	509	117	197	1996	829	499	479	648	207	1491	341	869	416	529	76	764	2034	1499	571	658	779	245	1648	856	825	665	1217	1302	378	829	659	206	438	2964	231	237	218	236	389	76	425	254	597	1428	117	1868	1524	560	1961	335	298	568	560	222	1150	382	400	232	185	1143	523	534	1505	254	846	1534	1814	527	268	203	1601	319	617	185	635	656	1551	259	1054	900	492	1037	239	269	188	237	739	865	525	330	529	20	572	560	498	1517	188	287	998	961	1512	836	1336	337	530	293	514	196
1126	2252	1246	931	0	781	1820	1894	954	1000	1291	1005	1518	978	765	1521	1218	173	727	2087	486	984	1484	1149	1005	1387	777	988	1381	1109	1166	1154	1218	1280	1538	1109	1287	1053	1074	948	1219	868	1050	1008	1495	1412	1107	1187	1392	1269	988	1009	1492	1240	1024	1224	1524	1167	1399	1065	596	1888	1392	1527	1135	784	1327	1483	1730	1340	127	87	1482	1315	978	800	1396	1157	1484	1419	1427	1518	1500	858	1481	1081	2149	0	2264	1000	1364	1792	2242	1278	1132	1646	280	1264	1008	533	1585	1408	1838	1984	1521	1723	1432	2591	1399	647	1815	2309	993	1719	1568	1004	656	1281	1009	1036	1320	1651	1247	1292	872	625	993	843	1381	1251	946	940	829	1090	1139	784	1000	918	1538	780	1472	1245	654	965	1357	990	1589	1106	1242	1500	1551	806	727	1515	545	614	1573	2138	1252	1240	784	594	802	1364	2049	1151	781	1138	1164	546	990	1351	775	1527	632	829	1615	614	1491	1536	1240	1217	1382	1491	921	1298	1307	1259	1156	1107	2030	1344	1421	1199	775	288	616	1617	1392	672	777	870	1239	750	1107	1486	1526	944	1189	762	526	1333	244	1170	1187	1109	1094	547	964	1348	1259	1352	933	1484	1282	988	605	1086	1202	127	739	1392	824	406	1241	1393	1218	1411	1065
676	1647	880	566	781	0	2441	1535	1190	625	753	1772	1271	699	1213	1275	630	925	367	1525	1264	576	978	627	662	958	381	464	1023	634	772	702	718	1131	1173	634	978	794	570	258	699	528	777	768	968	1044	724	680	1870	1120	464	625	995	877	770	634	1157	755	1092	764	1036	1110	1870	1161	1182	1149	882	1073	1368	1091	772	859	1070	780	699	449	1039	708	1072	1118	1244	1271	2280	592	1064	578	1537	781	1713	625	926	1296	1624	1129	666	1306	746	959	768	883	1217	1041	1558	1513	1275	1014	1231	3281	1092	1043	2553	1760	588	1048	859	1430	750	1125	625	920	897	1209	881	806	1623	169	588	513	1022	948	933	983	467	757	1602	1149	1001	950	1172	375	1890	879	1111	922	1090	640	1319	1821	1795	973	1180	213	367	2007	389	1058	970	1522	1677	635	1149	206	366	926	2779	763	338	652	751	436	640	915	320	1003	1406	467	2182	1379	991	2192	873	703	1131	991	746	1593	881	959	757	724	1356	1086	1069	1778	320	540	1253	2152	1077	536	381	1149	721	972	724	1186	1195	1663	749	514	442	1051	742	736	680	634	804	953	314	1087	820	1091	551	1076	1125	995	1367	582	818	772	1219	1870	270	1145	874	1079	718	1043	762
2294	3202	2225	2160	1820	2441	0	2489	1405	2180	2468	1564	2133	2074	1242	2133	2493	1804	2156	2990	1451	2797	2518	2384	2147	2362	2181	2328	2258	2316	2239	2304	2386	1928	2328	2316	2160	2056	2336	2677	2411	2133	2072	2030	2554	2284	2211	2382	695	1927	2328	2191	2510	2222	2048	2499	2326	2261	2190	2107	1408	3384	695	2326	1632	1334	2360	2373	2410	2087	1923	1796	2377	2474	2074	2142	2262	2303	2378	2187	2005	2133	1406	2678	2384	2337	3138	1820	3095	2180	2365	2673	3223	1928	2314	2334	1711	2150	2030	1563	2354	2281	2316	2747	2133	3021	2036	2786	2190	1410	2011	3124	2210	2941	2903	1073	1750	1939	2191	1877	2326	2505	2226	2400	1064	2341	2210	2123	2258	2143	1758	1685	2151	2149	2492	1334	1727	1707	2330	2188	800	2225	1333	1793	2119	2153	2195	1878	661	2559	2343	2555	2156	586	2348	1386	2721	3141	899	2528	1334	2323	2215	2365	2196	2228	2219	2340	2261	2014	2153	2357	2228	2569	1333	2151	314	1626	2515	310	2226	2404	2101	2515	1959	1147	2326	2141	2241	2211	3183	2101	2262	665	2228	2097	1994	410	2199	1974	2181	2522	2417	1544	2211	2207	2270	927	2302	2580	2338	2134	2039	2288	2382	2316	2097	1491	2713	2107	2325	2108	2178	2372	1941	1721	1642	2340	2237	1923	1227	695	2590	1773	2226	2198	2386	2283	2109
861	770	674	1017	1894	1535	2489	0	1232	945	802	2766	407	928	1543	405	934	2063	1262	570	2175	2094	592	909	923	576	1218	1071	528	901	776	834	819	665	368	901	609	843	964	1717	841	1076	849	888	620	501	832	856	1800	673	1071	940	572	679	873	933	384	788	494	840	1532	1525	1800	380	944	1423	653	461	169	560	1982	1974	464	776	928	1163	512	828	463	474	532	407	3117	2127	470	956	747	1894	620	945	608	378	808	666	869	248	1635	632	888	1460	321	504	189	292	405	1035	511	4420	494	1476	3594	643	971	897	1046	1540	1254	659	940	876	638	348	673	732	2297	1640	971	1100	528	645	995	1036	1134	825	3003	1423	968	1041	368	1220	1690	675	1552	965	539	942	331	2956	1914	617	359	1743	1262	1903	1868	1536	739	759	1613	945	1423	1667	1213	608	3835	788	1245	882	792	1388	942	619	1260	593	2252	1134	2175	2429	578	2405	681	837	520	578	972	1346	654	636	790	832	935	553	483	1959	1260	1857	2510	2081	503	1234	1218	2618	820	1273	832	409	368	2223	787	2047	1914	560	2038	802	856	901	807	1503	1781	548	715	545	1024	458	657	980	2427	952	731	1982	1590	1800	1798	2282	679	501	819	502	841
891	1851	825	776	954	1190	1405	1232	0	785	1063	1594	828	675	320	829	1094	1077	840	1645	1033	1694	1122	984	749	968	849	952	877	916	834	900	981	579	976	916	772	651	943	1449	1007	761	667	626	1156	905	806	979	737	574	952	795	1117	821	644	1100	970	856	825	703	384	1994	737	971	288	212	959	997	1107	724	1079	1004	1000	1069	675	795	884	899	1001	829	699	828	1895	1630	1005	943	1774	954	1778	785	967	1318	1864	578	912	1021	684	758	626	424	1012	902	1103	1436	829	1616	723	3243	825	323	2402	1814	819	1537	1500	339	442	587	795	473	927	1148	825	995	1073	1155	819	758	876	750	353	280	795	744	2069	212	324	304	978	856	717	825	365	388	755	757	902	1830	754	1161	992	1365	840	873	1274	375	1319	1773	526	1129	212	1155	879	967	2642	822	893	938	855	765	757	958	907	1174	1073	795	1103	1313	1120	1242	825	1000	749	1120	562	403	925	749	836	806	1788	737	890	778	907	1099	1509	1041	830	657	849	1822	1012	230	806	867	928	991	897	1525	1293	760	1184	883	979	916	692	410	1501	743	920	745	795	996	589	317	1316	945	833	1079	368	737	1415	1240	825	830	981	905	704
135	1262	271	72	1000	625	2180	945	785	0	320	1962	646	113	964	650	313	1173	316	1089	1375	1202	485	205	43	392	273	197	417	140	172	159	236	519	576	140	356	183	158	853	250	134	164	178	500	444	113	217	1522	509	197	11	493	266	169	320	561	168	473	142	849	1209	1522	564	653	855	327	497	776	466	1069	1086	496	338	113	218	433	161	497	499	620	646	2395	1208	493	158	1163	1000	1264	0	366	792	1258	517	148	703	782	336	178	713	623	440	943	990	650	855	607	3586	473	818	2790	1309	42	801	725	1107	476	512	11	358	324	660	272	297	1615	703	42	160	417	324	439	510	189	132	2069	855	490	482	576	276	1494	270	906	409	465	28	698	2102	1520	506	586	839	316	1658	925	865	609	1155	1312	348	855	728	272	366	3029	158	304	168	164	460	28	353	320	531	1486	189	1884	1589	492	1989	264	245	506	492	222	1146	310	335	159	113	1091	461	463	1530	320	919	1605	1826	459	332	273	1673	264	643	113	567	585	1595	190	1119	971	427	1109	170	217	140	181	783	916	462	259	466	79	499	512	491	1583	160	214	1069	994	1522	895	1405	265	461	236	442	141
186	960	281	375	1291	753	2468	802	1063	320	0	2272	642	405	1274	645	132	1464	569	803	1689	1295	225	143	339	247	518	317	360	186	230	168	85	644	469	186	389	411	218	916	73	432	395	439	218	365	258	105	1794	637	317	308	242	282	420	130	454	206	457	360	1167	963	1794	457	874	1160	181	354	644	516	1347	1378	349	27	405	492	371	168	350	481	681	642	2713	1339	341	211	857	1291	987	320	216	545	950	642	171	600	1093	384	439	1034	504	363	863	760	645	553	654	3883	457	1134	3097	1033	310	484	444	1397	796	633	308	595	215	462	281	94	1936	882	310	455	360	383	710	782	463	319	2310	1160	744	760	468	516	1749	280	1222	675	496	342	661	2398	1813	223	471	952	569	1926	1118	1182	290	847	1583	147	1160	914	498	216	3334	240	525	156	207	745	342	211	535	252	1803	463	2166	1893	237	2291	276	76	538	237	518	1388	203	391	226	258	770	503	399	1828	535	1169	1880	2100	439	642	518	1884	56	949	258	531	513	1915	166	1267	1169	457	1371	179	105	186	371	1103	980	500	165	503	366	357	632	749	1886	206	243	1347	1306	1794	1006	1698	277	441	85	364	359
2095	3225	2177	1899	1005	1772	1564	2766	1594	1962	2272	0	2363	1915	1279	2365	2211	848	1721	3046	593	1798	2445	2133	1958	2328	1770	1981	2295	2085	2116	2121	2193	2105	2441	2085	2191	1970	2059	1896	2199	1839	1972	1925	2462	2328	2059	2166	1554	2096	1981	1973	2451	2172	1944	2218	2429	2122	2289	1996	1240	2882	1554	2431	1866	1382	2278	2409	2615	2209	1000	921	2410	2293	1915	1783	2309	2124	2411	2304	2248	2363	540	1641	2411	2065	3125	1005	3214	1962	2310	2734	3220	2104	2105	2527	1179	2170	1925	1307	2486	2324	2669	2907	2365	2728	2263	1655	2289	1299	831	3257	1963	2718	2573	1409	1528	2110	1973	1892	2264	2580	2178	2259	609	1607	1963	1816	2295	2156	1771	1732	1810	2028	973	1382	1800	1725	2441	1774	1702	2176	1234	1801	2233	1947	2439	315	1326	2468	2455	1750	1721	1611	1456	1239	2560	3117	1548	2236	1382	1572	1798	2310	1071	2100	1779	2115	2119	1534	1947	2297	1775	2492	520	1810	1536	393	2451	1262	2173	2196	2247	2451	1831	1749	2254	2162	2107	2059	3026	2217	2328	1250	1775	1236	645	1603	2286	1631	1770	1174	2217	1496	2059	2363	2413	761	2150	1581	1414	2219	1048	2130	2166	2085	2016	1262	1895	2222	2213	2226	1905	2410	2112	1788	404	2070	2145	1000	1230	1554	1751	630	2173	2287	2193	2326	1996
610	1069	399	710	1518	1271	2133	407	828	646	642	2363	0	593	1137	4	760	1682	949	858	1774	1846	520	692	612	401	912	817	281	656	506	590	615	258	227	656	292	498	722	1488	646	761	510	537	561	278	547	645	1438	266	817	645	502	402	527	762	233	527	188	514	1126	1551	1438	231	542	1016	461	326	282	186	1615	1595	331	625	593	849	270	584	332	162	130	0	2710	1854	341	715	1012	1518	966	646	428	549	1093	260	626	201	1249	311	537	1060	234	280	320	619	4	1075	105	4018	188	1070	3189	999	682	952	1026	1145	866	253	645	484	427	392	398	549	1890	1346	682	782	282	322	594	631	823	514	2644	1016	563	638	229	916	1345	400	1145	566	181	634	75	2560	1532	563	238	1484	949	1551	1560	1130	737	1017	1241	784	1016	1368	916	428	3430	512	947	650	531	1043	634	431	964	555	1847	823	1818	2032	509	2026	406	639	143	509	607	986	441	311	520	547	1109	187	244	1572	964	1513	2133	1731	206	881	912	2285	631	868	547	115	161	1818	546	1765	1602	219	1681	553	645	656	475	1100	1553	185	493	181	723	323	251	575	2031	713	462	1615	1183	1438	1541	1896	405	203	615	279	515
221	1315	267	137	978	699	2074	928	675	113	405	1915	593	0	868	597	419	1150	356	1131	1324	1274	534	309	74	414	324	304	404	242	203	237	319	432	563	242	320	96	270	939	340	172	82	71	556	435	152	310	1412	420	304	122	538	262	71	425	549	214	437	87	765	1319	1412	552	541	756	364	504	760	407	1059	1062	504	418	0	258	420	237	506	461	548	593	2332	1269	503	269	1220	978	1300	113	395	821	1314	430	240	680	740	297	71	638	611	431	903	1006	597	953	538	3550	437	729	2745	1343	152	889	829	1001	400	425	122	247	349	674	269	360	1541	757	152	191	404	284	326	398	234	113	2075	756	377	371	563	329	1382	267	818	296	413	84	653	2069	1415	562	575	911	356	1547	967	779	687	1213	1201	454	756	777	334	395	2985	187	363	265	211	460	84	382	381	584	1427	234	1776	1550	539	1889	262	334	450	539	115	1033	338	293	197	152	1169	405	446	1427	381	930	1591	1717	426	308	324	1697	350	544	152	531	560	1513	249	1176	1009	380	1110	231	310	242	121	704	1001	408	302	412	156	505	426	378	1545	271	230	1059	900	1412	968	1378	263	428	319	433	87
1090	2128	1072	934	765	1213	1242	1543	320	964	1274	1279	1137	868	0	1138	1276	851	914	1926	734	1642	1372	1170	937	1224	939	1094	1150	1104	1057	1105	1188	881	1266	1104	1041	875	1114	1461	1209	899	887	840	1402	1180	1016	1178	665	875	1094	976	1369	1068	859	1283	1258	1075	1111	920	186	2150	665	1260	604	122	1201	1271	1411	1015	892	792	1273	1285	868	902	1159	1105	1275	1119	1011	1137	1577	1550	1278	1117	2045	765	2069	964	1218	1600	2137	880	1108	1323	543	1024	840	330	1305	1177	1421	1734	1138	1820	1032	2924	1111	170	2082	2108	990	1757	1689	242	510	888	976	726	1174	1431	1073	1220	755	1135	990	888	1149	1014	593	531	913	961	1820	122	593	539	1267	946	718	1072	114	630	1045	939	1212	1525	584	1407	1282	1352	914	800	1195	164	1550	2042	495	1310	122	1124	973	1218	2322	1043	977	1131	1073	779	939	1207	986	1424	760	913	970	1018	1372	1028	1071	1203	1045	1372	755	545	1169	1016	1055	1016	2030	1027	1169	578	986	977	1252	938	1114	732	939	1628	1219	324	1016	1165	1223	682	1113	1446	1201	1043	1008	1097	1178	1104	921	265	1503	1033	1152	1035	950	1270	890	582	1022	1120	1067	892	48	665	1394	977	1071	1114	1188	1179	922
614	1070	403	714	1521	1275	2133	405	829	650	645	2365	4	597	1138	0	764	1686	953	858	1777	1850	523	696	617	404	916	821	285	660	510	594	619	260	229	660	297	502	726	1493	650	765	514	541	564	282	551	649	1438	269	821	649	505	406	531	766	235	531	192	518	1129	1554	1438	234	543	1018	464	329	281	190	1618	1598	334	629	597	853	274	588	335	166	131	4	2712	1858	344	719	1012	1521	966	650	432	550	1094	262	630	201	1253	315	541	1063	236	283	316	618	0	1078	106	4021	192	1072	3191	999	686	955	1030	1146	869	255	649	487	431	393	402	553	1892	1350	686	786	285	326	597	633	827	518	2648	1018	565	641	231	920	1344	404	1147	569	185	638	73	2563	1532	566	240	1488	953	1551	1564	1132	740	1018	1241	788	1018	1372	920	431	3432	516	952	654	535	1047	638	435	969	558	1850	827	1818	2035	512	2027	411	643	147	512	610	985	445	315	524	551	1111	191	248	1573	969	1517	2137	1731	210	885	916	2289	635	870	551	118	163	1819	550	1769	1606	223	1685	558	649	660	479	1103	1557	189	497	185	727	326	253	578	2034	717	466	1618	1185	1438	1545	1899	409	207	619	283	519
207	1046	377	345	1218	630	2493	934	1094	313	132	2211	760	419	1276	764	0	1388	491	904	1637	1165	352	109	345	374	441	229	480	177	296	207	148	733	598	177	490	454	164	785	116	391	435	470	339	488	298	128	1831	725	229	302	370	376	454	7	583	269	573	401	1154	903	1831	587	934	1168	303	484	776	620	1263	1305	480	157	419	430	492	211	481	598	787	760	2667	1212	472	160	939	1218	1091	313	343	666	1031	731	185	730	1040	482	470	1012	635	486	993	883	764	547	763	3806	573	1127	3031	1137	287	510	412	1420	779	723	302	643	333	593	377	214	1906	768	287	410	479	477	743	815	405	363	2206	1168	787	790	597	438	1796	376	1214	711	603	340	785	2323	1833	344	601	825	491	1965	1004	1171	360	927	1620	35	1168	801	415	343	3267	300	438	157	267	676	340	335	445	373	1757	405	2196	1827	366	2302	371	124	647	366	533	1442	319	487	286	298	815	609	521	1843	445	1073	1792	2136	555	597	441	1771	129	956	298	652	639	1895	234	1142	1055	564	1278	237	128	177	424	1084	848	607	268	609	331	488	722	790	1819	157	325	1263	1305	1831	878	1623	372	557	148	487	399
1300	2425	1418	1104	173	925	1804	2063	1077	1173	1464	848	1682	1150	851	1686	1388	0	898	2260	388	1047	1657	1321	1178	1560	949	1159	1552	1282	1339	1327	1391	1441	1709	1282	1457	1224	1247	1066	1392	1042	1221	1178	1668	1584	1280	1360	1438	1430	1159	1183	1666	1413	1195	1395	1695	1341	1568	1237	701	2035	1438	1698	1279	891	1500	1655	1899	1506	157	88	1655	1488	1150	973	1567	1331	1656	1588	1588	1682	1358	905	1654	1253	2321	173	2437	1173	1537	1965	2414	1439	1305	1815	434	1435	1178	668	1756	1580	2002	2156	1686	1888	1595	2418	1568	758	1648	2482	1166	1888	1733	1081	817	1442	1183	1199	1493	1824	1419	1466	799	761	1166	1017	1552	1421	1104	1092	1002	1263	994	891	1154	1072	1709	951	1533	1417	747	1124	1525	1164	1754	934	1267	1674	1722	921	898	1553	638	716	1745	2310	1318	1411	891	727	973	1537	1881	1324	951	1312	1337	718	1164	1524	944	1700	535	1002	1624	455	1665	1508	1413	1390	1549	1665	1091	1395	1480	1429	1329	1280	2199	1511	1591	1215	944	395	451	1638	1561	845	949	782	1412	888	1280	1654	1695	895	1363	820	606	1502	247	1343	1360	1282	1265	667	1074	1516	1432	1519	1107	1656	1444	1142	444	1258	1375	157	818	1438	930	234	1414	1563	1391	1582	1237
420	1528	587	245	727	367	2156	1262	840	316	569	1721	949	356	914	953	491	898	0	1371	1154	929	774	425	341	703	50	261	734	393	487	449	501	780	893	393	666	453	350	623	498	188	439	420	779	761	429	467	1547	768	261	322	785	583	426	497	878	479	784	435	754	1258	1547	881	815	831	633	812	1092	763	778	814	810	593	356	99	750	453	812	810	903	949	2187	914	807	357	1424	727	1552	316	675	1092	1516	778	421	1019	563	644	420	599	940	757	1254	1297	953	1012	895	3317	784	746	2540	1598	294	996	861	1110	413	775	322	557	636	970	589	582	1450	400	294	166	733	632	566	618	128	440	1757	831	634	585	893	53	1552	587	826	554	768	320	1006	1833	1498	785	903	569	0	1685	612	775	847	1412	1346	514	831	420	77	675	2775	474	65	421	475	188	320	662	72	813	1280	128	1881	1336	783	1930	581	497	805	783	383	1239	621	642	474	429	1305	761	779	1491	72	608	1312	1840	771	186	50	1356	518	634	429	879	901	1459	491	820	656	732	805	472	467	393	473	674	680	763	565	767	238	814	775	628	1328	362	531	778	929	1547	625	1132	582	774	501	759	434
960	211	874	1156	2087	1525	2990	570	1645	1089	803	3046	858	1131	1926	858	904	2260	1371	0	2455	2011	603	947	1089	720	1320	1120	777	979	930	932	870	1072	669	979	885	1083	1021	1633	873	1218	1078	1127	592	746	987	903	2295	1075	1120	1079	596	879	1107	899	675	925	819	1052	1868	1113	2295	674	1375	1805	767	656	589	921	2148	2173	654	778	1131	1288	767	929	652	816	984	858	3457	2085	650	1013	178	2087	188	1089	736	327	241	1073	955	657	1869	904	1127	1759	638	749	758	278	858	677	954	4675	819	1821	3877	235	1093	557	768	1978	1525	1063	1079	1202	782	497	873	794	2653	1671	1093	1243	777	915	1335	1395	1259	1018	3110	1805	1334	1388	668	1319	2203	875	1906	1299	889	1101	800	3191	2379	586	654	1704	1371	2409	1907	1878	555	193	2095	894	1805	1705	1301	736	4116	946	1328	950	928	1542	1101	749	1339	559	2557	1259	2676	2677	596	2874	878	874	898	596	1221	1843	792	912	939	987	426	907	757	2414	1339	1972	2683	2589	815	1421	1320	2673	852	1617	987	786	723	2605	899	2026	1959	885	2174	919	903	979	1036	1819	1690	901	833	899	1153	656	1061	1344	2672	1008	902	2148	1968	2295	1752	2493	877	815	870	747	1051
1510	2637	1584	1315	486	1264	1451	2175	1033	1375	1689	593	1774	1324	734	1777	1637	388	1154	2455	0	1435	1856	1553	1369	1736	1201	1410	1702	1503	1525	1535	1609	1518	1847	1503	1597	1377	1481	1434	1616	1257	1380	1332	1874	1734	1470	1583	1184	1508	1410	1386	1861	1579	1351	1644	1835	1533	1696	1404	661	2365	1184	1838	1291	821	1688	1816	2023	1617	539	420	1817	1710	1324	1206	1715	1537	1818	1711	1661	1774	1033	1294	1818	1486	2539	486	2622	1375	1719	2142	2633	1516	1520	1935	597	1576	1332	715	1892	1730	2083	2314	1777	2166	1676	2245	1696	721	1424	2665	1380	2147	2015	915	935	1521	1386	1300	1673	1986	1585	1672	414	1112	1380	1234	1701	1563	1180	1145	1232	1437	1136	821	1213	1136	1848	1205	1305	1584	667	1210	1641	1359	1849	798	982	1880	1862	1291	1154	1280	1019	663	1979	2531	1111	1664	821	1081	1231	1719	1665	1510	1215	1533	1530	965	1359	1706	1213	1904	147	1232	1305	283	1861	1147	1580	1613	1655	1861	1238	1256	1662	1569	1518	1470	2452	1625	1734	919	1213	766	578	1336	1693	1047	1201	1075	1634	911	1470	1770	1821	525	1562	1209	991	1626	636	1543	1583	1503	1423	674	1448	1630	1624	1633	1322	1816	1523	1200	289	1491	1553	539	688	1184	1306	325	1581	1694	1609	1733	1404
1245	2099	1453	1143	984	576	2797	2094	1694	1202	1295	1798	1846	1274	1642	1850	1165	1047	929	2011	1435	0	1517	1185	1238	1519	952	1033	1593	1202	1345	1270	1275	1705	1739	1202	1554	1369	1136	381	1252	1102	1353	1342	1501	1613	1299	1238	2306	1694	1033	1202	1536	1450	1345	1167	1723	1326	1666	1340	1455	1295	2306	1727	1732	1607	1443	1634	1930	1668	899	1025	1631	1322	1274	1020	1609	1276	1632	1693	1820	1846	2338	159	1624	1143	1989	984	2198	1202	1486	1824	2066	1703	1233	1872	1105	1535	1342	1321	1782	1609	2128	2042	1850	1404	1808	3102	1666	1481	2474	2244	1164	1479	1267	1878	1257	1700	1202	1486	1462	1758	1454	1362	1844	544	1164	1085	1593	1524	1484	1525	1041	1334	1310	1607	1552	1492	1738	947	2354	1452	1529	1477	1666	1217	1893	1745	2190	1505	1745	363	929	2439	451	1477	1463	1970	2133	1160	1607	540	940	1487	2676	1337	911	1216	1322	934	1217	1476	893	1534	1582	1041	2574	1436	1531	2519	1446	1257	1708	1531	1313	2095	1445	1535	1330	1299	1759	1663	1640	2157	893	700	1172	2563	1650	1074	952	822	1273	1465	1299	1759	1765	1927	1317	226	459	1627	800	1305	1238	1202	1380	1377	321	1663	1385	1667	1128	1637	1700	1545	1420	1147	1390	899	1634	2306	306	1195	1447	1653	1275	1612	1339
357	780	300	553	1484	978	2518	592	1122	485	225	2445	520	534	1372	523	352	1657	774	603	1856	1517	0	359	487	156	724	535	274	380	331	329	274	611	306	380	359	500	429	1137	283	615	491	540	41	258	386	309	1830	609	535	475	21	304	520	349	295	323	365	461	1291	1030	1830	297	890	1253	172	194	446	457	1548	1570	189	197	534	687	275	326	189	381	598	520	2867	1564	179	421	685	1484	780	485	155	322	779	611	353	421	1266	368	540	1171	327	258	679	535	523	558	567	4071	365	1249	3275	826	490	444	507	1462	934	600	475	652	198	245	299	191	2073	1105	490	640	274	375	782	850	658	424	2527	1253	798	836	304	723	1766	300	1337	745	427	498	516	2587	1876	43	301	1177	774	1957	1340	1303	221	679	1621	357	1253	1137	708	155	3514	347	737	352	326	940	498	165	749	51	1962	658	2209	2074	14	2365	301	282	461	14	633	1400	203	377	338	386	666	442	289	1900	749	1380	2083	2135	350	817	724	2106	261	1052	386	405	365	2037	295	1492	1391	400	1579	315	309	380	453	1235	1199	437	232	437	550	198	599	806	2069	416	309	1548	1409	1830	1230	1889	300	352	274	258	460
101	1104	295	245	1149	627	2384	909	984	205	143	2133	692	309	1170	696	109	1321	425	947	1553	1185	359	0	236	333	374	175	418	67	201	108	90	639	555	67	409	346	74	812	75	297	327	361	358	433	192	53	1721	630	175	194	373	294	345	115	539	174	504	293	1052	1012	1721	543	827	1061	257	449	745	538	1203	1236	446	169	309	350	433	113	447	530	705	692	2580	1218	439	68	999	1149	1130	205	301	681	1093	637	79	689	956	397	361	912	597	430	948	894	696	650	683	3740	504	1023	2957	1176	183	602	520	1311	677	629	194	535	278	582	296	179	1811	747	183	319	418	391	633	706	322	257	2169	1061	678	680	554	373	1687	295	1111	601	525	232	726	2255	1724	364	560	833	425	1856	982	1068	426	989	1510	144	1061	778	354	301	3194	202	381	50	172	603	232	291	392	393	1670	322	2086	1753	370	2195	289	76	569	370	424	1333	262	401	189	192	900	528	463	1735	392	1026	1736	2026	487	507	374	1747	97	848	192	591	587	1796	147	1141	1032	485	1227	143	53	67	318	983	876	527	203	530	233	452	628	681	1745	63	237	1203	1199	1721	888	1555	290	489	90	432	291
153	1267	249	97	1005	662	2147	923	749	43	339	1958	612	74	937	617	345	1178	341	1089	1369	1238	487	236	0	382	301	240	395	168	161	172	253	478	555	168	325	141	196	893	271	153	121	135	505	422	102	240	1486	467	240	50	493	244	126	352	539	164	443	102	828	1245	1486	542	611	826	323	482	753	430	1079	1090	481	354	74	241	411	173	483	469	582	612	2384	1241	479	195	1170	1005	1261	43	358	786	1264	476	170	678	779	304	135	696	602	419	913	980	617	882	569	3587	443	795	2787	1306	85	822	756	1074	458	470	50	316	314	648	251	304	1600	734	85	177	394	292	400	472	213	99	2085	826	450	445	554	304	1456	248	883	370	431	21	666	2104	1488	510	565	875	341	1621	953	843	625	1162	1275	380	826	757	303	359	3026	146	335	193	161	472	21	345	352	534	1477	213	1850	1588	493	1960	243	266	471	493	188	1106	301	303	151	102	1107	426	439	1499	352	936	1614	1791	430	333	301	1695	283	614	102	538	560	1576	193	1152	997	394	1123	173	240	168	142	764	956	427	256	431	110	484	470	451	1583	197	198	1079	968	1486	932	1408	244	432	253	421	101
288	911	154	464	1387	958	2362	576	968	392	247	2328	401	414	1224	404	374	1560	703	720	1736	1519	156	333	382	0	656	495	127	325	221	259	244	457	224	325	203	362	387	1145	269	527	357	406	194	122	280	280	1674	454	495	384	148	159	386	374	209	224	224	332	1152	1162	1674	212	733	1104	76	115	411	307	1460	1472	112	227	414	608	133	254	113	245	458	401	2737	1550	106	380	822	1387	885	392	32	407	915	457	294	357	1154	212	406	1039	263	121	619	598	404	704	429	3965	224	1108	3159	929	409	597	634	1308	805	446	384	500	67	267	153	161	1936	1067	409	552	126	219	632	699	578	300	2460	1104	645	686	223	657	1610	155	1194	595	279	397	415	2483	1721	198	228	1166	703	1800	1298	1163	372	818	1464	393	1104	1095	646	32	3399	236	677	306	228	852	397	43	692	207	1836	578	2052	1964	153	2211	157	264	317	153	501	1243	82	221	232	280	821	292	156	1746	692	1310	1995	1978	207	714	656	2056	250	907	280	287	265	1895	214	1470	1346	248	1502	231	280	325	315	1100	1209	287	140	288	467	118	445	653	1960	375	185	1460	1263	1674	1221	1789	157	210	244	121	332
371	1478	544	203	777	381	2181	1218	849	273	518	1770	912	324	939	916	441	949	50	1320	1201	952	724	374	301	656	0	211	691	344	442	400	451	753	849	344	627	420	300	632	447	152	405	390	729	717	385	417	1564	741	211	278	736	540	394	447	834	433	744	398	785	1223	1564	837	806	851	585	766	1049	728	829	864	764	543	324	67	707	405	766	770	872	912	2233	944	760	307	1373	777	1502	273	628	1043	1466	751	371	976	608	605	390	631	896	713	1215	1249	916	966	862	3367	744	773	2590	1548	247	947	816	1128	432	747	278	538	589	923	545	533	1492	434	247	133	690	593	559	615	89	401	1805	851	625	582	849	7	1564	543	855	544	731	280	968	1883	1521	735	859	590	50	1702	652	805	796	1362	1361	465	851	456	34	628	2825	429	45	371	429	236	280	615	62	763	1326	89	1902	1386	734	1960	537	446	770	734	364	1244	574	604	428	385	1256	725	736	1517	62	657	1362	1859	731	206	0	1401	468	650	385	839	859	1498	443	852	697	695	855	425	417	344	437	705	692	727	517	731	194	768	748	621	1378	312	486	829	957	1564	646	1183	538	733	451	716	397
212	1271	420	177	988	464	2328	1071	952	197	317	1981	817	304	1094	821	229	1159	261	1120	1410	1033	535	175	240	495	211	0	560	170	312	238	262	713	709	170	524	380	108	671	251	194	361	373	534	580	270	225	1686	703	0	191	549	417	366	236	693	293	633	337	956	1056	1686	697	845	994	420	610	904	645	1035	1075	608	343	304	207	576	244	609	660	806	817	2441	1055	602	116	1165	988	1304	197	464	857	1258	712	202	842	814	507	373	807	753	577	1095	1069	821	761	789	3577	633	935	2801	1350	154	737	615	1260	585	705	191	552	433	753	421	350	1690	574	154	205	560	497	619	686	187	317	1993	994	675	656	708	208	1668	419	1021	593	639	222	860	2093	1666	539	716	675	261	1822	807	974	587	1153	1477	254	994	604	185	464	3037	305	210	190	289	447	222	452	219	568	1532	187	2039	1597	546	2121	413	252	682	546	399	1327	417	508	297	270	1045	638	606	1669	219	852	1567	1987	617	381	211	1572	273	783	270	726	732	1687	285	975	857	599	1055	272	225	170	374	881	735	638	356	642	157	613	705	675	1589	120	357	1035	1117	1686	731	1393	414	620	262	579	335
347	978	146	489	1381	1023	2258	528	877	417	360	2295	281	404	1150	285	480	1552	734	777	1702	1593	274	418	395	127	691	560	0	392	252	323	336	338	160	392	108	329	458	1227	366	548	331	375	314	32	306	369	1567	337	560	412	260	151	357	481	144	268	98	317	1093	1289	1567	148	626	1028	179	121	358	183	1463	1464	123	344	404	635	16	318	125	120	331	281	2687	1614	128	450	898	1381	928	417	149	451	989	338	360	285	1134	127	375	993	207	28	534	612	285	829	302	3941	98	1045	3127	969	445	718	762	1215	767	327	412	424	146	286	145	267	1877	1117	445	572	0	139	557	619	606	298	2478	1028	559	611	159	693	1497	147	1130	521	154	414	307	2464	1625	317	171	1235	734	1691	1342	1102	494	896	1359	503	1028	1143	688	149	3367	263	719	380	272	863	414	151	735	320	1794	606	1947	1941	266	2117	153	359	190	266	466	1130	160	135	266	306	926	168	46	1653	735	1330	1996	1870	81	713	691	2090	350	840	306	173	172	1827	277	1529	1388	127	1514	288	369	392	287	1048	1291	163	215	163	496	120	326	569	1937	447	206	1463	1191	1567	1291	1778	152	83	336	31	317
46	1143	257	188	1109	634	2316	901	916	140	186	2085	656	242	1104	660	177	1282	393	979	1503	1202	380	67	168	325	344	170	392	0	152	68	108	583	539	0	367	280	66	835	113	246	261	293	386	411	131	80	1653	574	170	128	392	254	278	183	523	129	470	228	989	1080	1653	526	762	994	250	440	734	493	1169	1196	437	207	242	309	407	74	439	497	659	656	2526	1226	432	58	1041	1109	1159	140	294	699	1135	582	31	671	907	352	293	852	583	407	926	907	660	715	639	3700	470	959	2912	1205	124	661	587	1243	615	574	128	469	263	586	258	189	1752	742	124	269	391	344	566	638	280	194	2148	994	611	612	538	343	1620	256	1047	534	483	165	695	2215	1657	392	545	845	393	1788	974	1005	476	1032	1442	212	994	771	329	294	3149	149	358	30	125	563	165	282	372	420	1617	280	2018	1708	389	2128	249	110	527	389	356	1266	246	355	138	131	955	484	438	1668	372	1000	1704	1958	453	455	344	1735	131	782	131	560	563	1735	115	1145	1022	443	1199	103	80	0	255	922	899	484	186	487	180	443	574	613	1701	56	194	1169	1134	1653	901	1516	251	456	108	410	226
106	1112	108	244	1166	772	2239	776	834	172	230	2116	506	203	1057	510	296	1339	487	930	1525	1345	331	201	161	221	442	312	252	152	0	92	155	438	408	152	214	183	217	983	186	306	170	217	353	276	59	167	1564	430	312	165	335	104	197	300	392	26	321	136	964	1188	1564	395	646	940	163	325	607	341	1239	1252	324	235	203	390	268	87	325	348	506	506	2535	1362	320	210	1017	1166	1101	172	197	625	1111	436	125	537	938	199	217	840	454	272	785	819	510	782	486	3747	321	925	2946	1145	194	705	674	1170	602	428	165	365	153	488	109	163	1743	865	194	332	251	192	482	554	360	95	2241	940	514	533	407	444	1519	107	1013	446	331	176	548	2264	1586	359	417	985	487	1696	1092	977	493	1010	1352	328	940	892	437	197	3185	15	468	152	28	631	176	184	484	381	1630	360	1936	1748	336	2067	101	178	375	336	305	1159	140	202	14	59	973	332	298	1603	484	1091	1774	1870	305	494	442	1843	184	733	59	414	423	1712	65	1277	1138	290	1281	58	167	152	141	905	1047	331	99	334	249	327	428	519	1743	208	45	1239	1091	1564	1041	1570	102	308	155	274	134
28	1104	190	223	1154	702	2304	834	900	159	168	2121	590	237	1105	594	207	1327	449	932	1535	1270	329	108	172	259	400	238	323	68	92	0	82	530	471	68	303	251	134	903	106	285	234	274	341	342	94	81	1635	521	238	148	339	188	256	212	454	65	403	198	1000	1106	1635	458	728	992	186	373	666	431	1219	1240	371	181	237	359	339	5	372	429	597	590	2554	1294	366	127	1004	1154	1110	159	229	644	1098	528	36	603	941	289	274	868	515	339	858	848	594	718	576	3743	403	966	2949	1155	161	652	600	1232	630	520	148	439	195	524	191	138	1772	807	161	310	323	283	547	620	329	159	2206	992	586	597	470	400	1595	190	1054	513	419	177	628	2258	1648	347	477	913	449	1768	1038	1015	453	996	1423	241	992	835	388	229	3187	94	419	60	63	610	177	217	433	373	1645	329	2004	1747	337	2124	183	99	463	337	351	1238	179	293	80	94	935	421	369	1662	433	1057	1754	1940	386	490	400	1797	113	781	94	492	495	1748	47	1213	1086	378	1253	36	81	68	217	936	967	420	119	423	220	376	519	590	1741	123	129	1219	1138	1635	969	1560	185	388	82	341	197
101	1035	228	293	1218	718	2386	819	981	236	85	2193	615	319	1188	619	148	1391	501	870	1609	1275	274	90	253	244	451	262	336	108	155	82	0	586	467	108	342	330	155	901	32	353	314	355	278	348	175	37	1714	578	262	224	287	228	337	151	451	129	426	278	1082	1032	1714	455	801	1075	168	359	655	471	1277	1305	356	101	319	418	350	83	356	452	638	615	2630	1309	348	147	933	1218	1051	236	211	595	1027	585	88	600	1013	333	355	948	508	346	861	806	619	636	614	3808	426	1048	3019	1097	229	569	521	1314	710	576	224	517	192	492	228	88	1851	836	229	377	336	329	628	700	389	237	2252	1075	665	678	466	450	1672	227	1136	593	455	256	644	2324	1730	284	472	924	501	1847	1070	1097	373	924	1503	178	1075	867	434	211	3257	163	462	79	129	672	256	201	475	312	1721	389	2084	1816	284	2207	222	24	499	284	433	1313	177	338	148	175	855	460	379	1744	475	1106	1812	2020	409	561	451	1834	30	864	175	509	501	1829	89	1232	1120	415	1306	99	37	108	293	1017	965	458	121	461	287	362	575	669	1809	142	178	1277	1220	1714	979	1624	223	411	0	347	277
539	1281	363	567	1280	1131	1928	665	579	519	644	2105	258	432	881	260	733	1441	780	1072	1518	1705	611	639	478	457	753	713	338	583	438	530	586	0	403	583	260	339	641	1370	619	603	357	363	651	360	454	605	1234	11	713	523	599	362	361	736	399	465	261	377	868	1604	1234	399	302	760	482	447	529	159	1383	1355	451	637	432	686	339	525	452	258	146	258	2453	1694	458	636	1211	1280	1199	519	470	749	1299	2	560	442	1007	260	363	806	435	358	567	857	260	1160	158	3761	261	811	2931	1235	561	1054	1078	907	624	11	523	248	444	579	362	553	1633	1180	561	620	338	260	341	373	664	397	2415	760	305	382	405	758	1159	363	887	317	190	498	334	2307	1306	654	418	1342	780	1356	1378	871	830	1213	1029	764	760	1197	765	470	3172	436	794	589	467	840	498	466	812	659	1589	664	1616	1779	605	1801	367	610	174	605	404	793	450	253	449	454	1263	173	335	1341	812	1302	1893	1535	271	677	753	2076	612	609	454	288	350	1564	499	1599	1416	211	1457	496	605	583	339	843	1432	179	478	180	584	445	12	317	1778	635	408	1383	927	1234	1399	1649	366	270	586	360	378
497	878	305	648	1538	1173	2328	368	976	576	469	2441	227	563	1266	229	598	1709	893	669	1847	1739	306	555	555	224	849	709	160	539	408	471	467	403	0	539	252	484	604	1368	493	708	488	530	345	132	464	503	1633	406	709	571	286	310	513	598	16	421	155	476	1225	1332	1633	12	706	1144	299	117	199	252	1622	1620	122	447	563	795	144	465	121	147	333	227	2820	1765	131	596	809	1538	803	576	256	345	896	404	507	133	1287	274	530	1134	47	136	394	471	229	852	301	4089	155	1174	3271	841	603	727	813	1309	914	394	571	553	277	176	304	385	2006	1273	603	732	160	288	683	737	765	458	2638	1144	673	735	1	852	1550	306	1256	649	221	574	211	2616	1710	346	15	1384	893	1751	1500	1233	515	812	1430	616	1144	1300	845	256	3512	420	877	523	425	1023	574	265	892	334	1935	765	2015	2091	293	2205	312	488	229	293	619	1186	293	280	422	464	885	240	117	1744	892	1490	2153	1931	155	871	849	2249	474	968	464	123	65	1948	423	1683	1546	225	1674	437	503	539	445	1186	1432	233	354	231	655	113	391	684	2088	592	363	1622	1309	1633	1440	1933	311	154	467	133	476
46	1143	257	188	1109	634	2316	901	916	140	186	2085	656	242	1104	660	177	1282	393	979	1503	1202	380	67	168	325	344	170	392	0	152	68	108	583	539	0	367	280	66	835	113	246	261	293	386	411	131	80	1653	574	170	128	392	254	278	183	523	129	470	228	989	1080	1653	526	762	994	250	440	734	493	1169	1196	437	207	242	309	407	74	439	497	659	656	2526	1226	432	58	1041	1109	1159	140	294	699	1135	582	31	671	907	352	293	852	583	407	926	907	660	715	639	3700	470	959	2912	1205	124	661	587	1243	615	574	128	469	263	586	258	189	1752	742	124	269	391	344	566	638	280	194	2148	994	611	612	538	343	1620	256	1047	534	483	165	695	2215	1657	392	545	845	393	1788	974	1005	476	1032	1442	212	994	771	329	294	3149	149	358	30	125	563	165	282	372	420	1617	280	2018	1708	389	2128	249	110	527	389	356	1266	246	355	138	131	955	484	438	1668	372	1000	1704	1958	453	455	344	1735	131	782	131	560	563	1735	115	1145	1022	443	1199	103	80	0	255	922	899	484	186	487	180	443	574	613	1701	56	194	1169	1134	1653	901	1516	251	456	108	410	226
320	1086	114	423	1287	978	2160	609	772	356	389	2191	292	320	1041	297	490	1457	666	885	1597	1554	359	409	325	203	627	524	108	367	214	303	342	260	252	367	0	234	432	1196	374	477	240	279	397	140	254	367	1471	255	524	354	350	115	263	493	239	238	118	233	985	1345	1471	241	530	920	222	229	443	129	1374	1369	232	380	320	566	119	297	233	143	296	292	2579	1564	236	425	1004	1287	1036	356	211	560	1096	259	338	361	1035	22	279	887	299	136	587	716	297	900	274	3838	118	937	3022	1077	390	798	818	1111	663	249	354	316	184	394	113	296	1769	1059	390	501	108	36	449	511	538	226	2394	920	452	502	252	630	1406	114	1021	413	116	346	341	2364	1522	401	265	1192	666	1597	1278	994	573	1003	1262	519	920	1083	628	211	3263	220	660	363	241	780	346	207	676	409	1688	538	1850	1839	355	2014	120	366	160	355	367	1040	191	28	229	254	1023	119	137	1550	676	1250	1903	1775	106	625	627	2016	364	732	254	212	240	1719	262	1476	1322	75	1429	266	367	367	198	941	1260	117	225	120	434	229	248	462	1836	423	173	1374	1082	1471	1249	1681	119	108	342	139	234
246	1273	208	228	1053	794	2056	843	651	183	411	1970	498	96	875	502	454	1224	453	1083	1377	1369	500	346	141	362	420	380	329	280	183	251	330	339	484	280	234	0	325	1030	357	268	19	46	527	361	157	332	1384	328	380	189	499	203	29	459	470	204	349	53	791	1357	1384	473	481	758	327	438	677	312	1139	1136	439	418	96	354	343	249	441	372	451	498	2374	1365	440	322	1182	1053	1244	183	350	764	1276	337	268	595	805	211	46	676	532	357	811	939	502	964	442	3613	349	749	2802	1287	226	888	851	986	443	332	189	189	304	609	209	347	1574	853	226	287	328	198	298	371	330	92	2160	758	335	350	484	425	1344	207	837	263	320	160	560	2135	1402	532	497	1006	453	1517	1063	803	675	1178	1172	489	758	873	429	350	3042	171	459	297	204	549	160	338	477	551	1474	330	1754	1612	502	1884	204	350	355	502	139	987	297	206	184	157	1154	311	367	1420	477	1020	1669	1689	340	391	420	1789	361	553	157	441	474	1537	245	1272	1104	288	1196	231	332	280	47	737	1093	314	276	318	245	439	332	339	1608	323	191	1139	911	1384	1063	1449	205	342	330	359	54
