NAME : VRPTW_INSTANCE_171.txt
COMMENT : Bangkok Supermarket
TYPE : VRPTW
DIMENSION : 290
DAYS : Tuesday
EDGE_WEIGHT_TYPE : EXPLICIT
VEHICLES : 38
EDGE_WEIGHT_FORMAT : FULL_MATRIX
CAPACITY : 1000
EDGE_WEIGHT_SECTION
0	206	1926	1109	538	856	189	398	320	1987	113	782	1929	220	406	395	2215	399	288	399	1758	957	996	404	584	1776	29	54	1503	979	863	46	435	994	978	411	1058	243	799	1213	264	214	252	14	1058	695	1994	112	441	495	350	366	79	496	1247	317	214	539	582	1930	287	576	404	309	344	315	935	523	378	1345	2134	609	358	593	1037	1904	1075	952	1635	368	1814	153	346	474	495	432	239	91	213	815	434	1213	530	978	734	760	135	1143	152	422	424	695	309	428	132	1381	91	1117	807	580	379	1779	119	83	204	156	225	308	995	496	37	1239	920	135	1297	622	584	97	676	1435	169	54	113	428	216	124	515	1143	415	367	650	3418	59	248	404	584	135	503	413	364	59	133	173	379	622	1010	602	1727	376	350	408	165	248	348	172	372	411	309	23	133	849	678	2042	309	481	1980	379	264	312	404	113	582	779	294	525	153	231	474	984	401	319	609	308	933	987	213	101	1221	197	1962	977	372	1699	283	371	225	322	379	347	379	1994	525	363	419	885	300	623	576	525	119	2469	1321	173	1975	991	110	555	153	353	2137	631	520	887	848	153	206	582	212	608	373	118	418	172	449	1321	341	226	1126	307	30	890	492	170	1976	46	308	101	1244	715	366	122	196	1480	1065	737	539	451	522	201	201	1032	996	393	2041	243	172	394	215	1122	413	309	525	639	405	891	993	307	183	497	258
206	0	2021	903	466	652	84	518	345	1864	319	634	2087	355	580	355	2062	519	312	519	1913	1152	789	346	405	1575	226	243	1314	775	802	220	635	787	774	453	979	388	598	1048	108	117	440	218	852	890	1800	212	298	317	427	452	223	585	1151	524	353	468	438	2091	424	393	447	202	425	339	731	447	431	1163	1953	404	565	392	831	2085	869	833	1429	548	1613	53	426	678	317	436	384	150	349	634	319	1048	457	774	810	635	84	1017	267	470	473	894	320	455	283	1275	150	942	745	409	467	1583	326	248	360	127	374	325	789	581	228	1147	1105	84	1091	436	409	304	856	1240	77	237	319	274	352	94	524	1312	332	454	682	3220	227	107	408	400	84	589	529	449	227	120	114	455	641	807	639	1535	583	421	452	368	107	422	124	553	340	121	230	120	1047	772	1866	121	567	1790	455	108	326	346	320	402	572	500	433	311	420	678	910	522	469	404	323	1085	959	402	287	1023	354	1761	907	295	1508	490	290	374	351	455	424	455	1800	319	440	311	681	200	622	393	433	325	2263	1132	114	2071	790	219	555	53	558	1981	591	452	886	1018	360	0	378	269	422	554	245	456	124	545	1132	532	358	963	514	227	738	312	361	1789	220	322	307	1151	778	452	328	100	1313	1262	533	468	279	452	88	357	846	789	517	1927	388	300	436	369	1313	345	210	319	599	450	701	786	322	389	584	403
1926	2021	0	2512	1684	2490	2073	1528	1678	3884	1887	2650	782	1706	1569	2321	4046	1526	1710	1526	695	2094	2534	2328	2012	2872	1939	1873	3196	2394	2789	1963	1663	2535	2394	1570	2983	1684	2252	3031	1954	1910	1977	1914	2498	1491	2901	1838	2319	1998	1596	1573	1997	1439	3167	1829	1711	1682	2458	815	1639	2033	1576	2210	1599	1683	2365	1702	1590	3093	2800	2302	1793	2323	2493	1155	2505	2855	2904	1609	2910	1994	1598	1690	1998	1605	1687	1903	1712	2605	1830	3031	1690	2394	1211	2657	2016	3038	2060	1552	1549	1531	1705	1574	1793	3296	1903	2905	2734	1983	1559	3389	1885	1843	1723	1896	1702	1699	2534	1441	1889	3161	2194	2016	2782	2058	1996	1898	1397	3086	1945	1872	1888	2295	1710	2010	1526	1050	2333	1572	1363	4902	1868	1940	1629	2038	2016	1433	1512	1576	1868	2040	1907	1567	1414	2384	1398	3382	1806	1601	1571	1820	1940	1601	1897	1612	2332	2003	1918	2040	1483	1252	3783	2003	1456	2824	1567	1954	1698	2328	1888	2019	2390	1858	2442	1772	1969	1690	2910	1524	1612	2302	1701	1083	2902	1966	1963	2437	1731	3487	2903	2290	3357	1834	2288	1702	1671	1567	1599	1567	2901	2204	1583	2325	2507	2205	1457	2033	2442	1886	3700	2393	1907	49	2344	1834	1509	1994	1865	3959	1548	2445	2784	1230	1866	2021	2296	2132	2055	1611	2030	1568	1897	1483	2393	1663	1700	2953	1832	1896	2749	2004	1784	3655	1963	1702	1873	3166	1247	1573	1872	2088	3278	1398	2398	1682	1972	1688	2084	1727	2781	2534	1532	3948	1684	2062	1587	1713	1289	2336	2215	2169	1543	1572	2185	2489	1702	1852	1439	1668
1109	903	2512	0	893	340	950	1288	1057	1668	1222	782	2797	1191	1422	1040	1661	1289	1047	1289	2612	2049	182	1006	586	688	1130	1137	745	136	1181	1124	1517	187	137	1127	1218	1226	320	804	858	921	1339	1119	58	1752	950	1077	831	654	1167	1194	1122	1284	1256	1426	1192	894	799	2808	1243	579	1125	923	1171	1055	179	882	1133	725	1177	530	1465	569	82	2875	40	973	526	1400	724	956	1170	1568	654	1051	1221	1035	1186	592	811	804	891	137	1415	882	984	1026	1148	1145	1147	1765	1032	1101	1151	1292	1035	672	1143	608	1206	882	1228	1132	1214	979	1218	1041	183	1275	1126	1271	1989	984	270	535	597	1207	1687	617	946	1130	1222	812	1189	995	1093	2088	959	1196	1224	2428	1117	878	1043	571	984	1282	1290	1191	1117	1009	958	1182	1171	129	1211	889	1484	1155	1129	1262	878	1160	964	1409	983	805	1132	1009	1915	1430	1318	805	1265	965	1182	858	1038	1006	1222	584	360	1403	951	1177	1320	1568	1198	1293	1292	530	1038	1832	1380	1303	1189	226	1210	979	1210	967	868	1392	959	1218	1065	1182	1165	1182	950	590	1174	908	316	933	1113	579	951	1228	1369	393	958	2558	168	1086	1086	956	1461	1568	1001	1011	1409	1815	1261	903	563	1114	545	1409	1136	1121	964	1271	393	1402	1190	778	1416	1125	779	653	1246	1161	1124	1036	1207	1272	1361	1195	1229	954	941	2118	424	895	700	897	942	1212	545	182	1294	1770	1226	1180	1118	1219	2150	989	934	584	1003	1130	328	139	1037	1290	1281	1235
538	466	1684	893	0	807	548	450	259	2228	609	1007	1904	445	624	821	2363	451	277	451	1720	1421	870	810	331	1452	567	520	1517	759	1253	582	766	870	759	268	1414	469	591	1353	360	359	773	537	863	941	1615	433	721	314	338	359	608	407	1566	761	450	2	838	1915	459	350	269	662	346	261	722	20	290	1408	1696	622	778	649	851	1988	874	1234	1380	619	1493	476	344	829	314	185	466	452	445	930	162	1353	8	759	523	1040	517	1399	678	281	283	966	252	235	469	1675	452	1223	1195	303	365	1733	614	490	483	396	472	258	869	398	522	1566	1412	517	1148	380	315	603	847	1413	417	512	609	690	446	521	201	1205	790	360	336	3320	497	359	194	356	517	404	445	357	497	559	388	340	282	765	318	1713	803	326	271	600	359	332	383	629	801	382	552	559	1102	537	2101	382	391	1581	340	360	253	810	610	337	707	757	880	480	752	829	1350	455	500	622	255	944	1419	735	637	906	484	1863	1350	756	1687	732	751	472	263	340	338	340	1615	529	339	759	826	662	230	350	880	614	2233	949	388	1733	730	437	193	476	813	2276	142	909	1352	945	630	466	620	712	375	629	645	259	383	408	949	648	440	1278	754	528	1094	321	559	1984	582	255	585	1570	471	359	605	565	1595	1283	714	2	295	16	554	483	1096	870	460	2304	469	705	267	481	1295	807	672	490	149	273	578	834	256	648	404	470
856	652	2490	340	807	0	677	1117	893	1489	968	448	2680	985	1219	716	1569	1118	873	1118	2499	1758	166	682	478	1019	872	895	710	281	845	861	1287	162	279	984	900	1021	273	591	640	705	1062	869	282	1539	1289	853	511	502	1002	1030	852	1142	967	1170	985	809	461	2687	1047	457	980	620	1004	889	260	791	980	604	1516	247	1214	267	258	2714	300	658	824	1190	1052	705	1003	1330	502	922	1016	798	980	263	676	591	803	279	1318	546	722	746	863	1003	1006	1545	865	966	927	1027	798	451	805	507	1043	948	974	898	1000	755	1009	873	165	1135	880	978	1688	722	448	433	494	951	1494	613	711	889	968	497	983	734	986	1931	634	1031	1139	2575	879	660	906	452	722	1143	1123	1027	879	738	734	1023	1087	329	1114	914	1230	991	985	1019	660	995	742	1197	658	582	879	738	1698	1312	1293	582	1123	1305	1023	640	871	682	968	471	100	1143	615	956	1045	1330	872	1122	1096	247	870	1686	1045	1028	922	549	995	1112	882	648	888	1137	641	1009	901	1023	999	1023	1289	339	1012	585	30	631	1037	457	615	973	1626	709	734	2538	348	861	993	705	1198	1479	942	675	1069	1643	1008	652	274	817	435	1198	858	981	742	1117	709	1181	987	536	1160	878	463	497	1013	1182	861	869	957	979	1270	1030	978	676	803	1910	119	810	537	806	667	998	312	166	1120	1579	1021	894	971	1007	1956	663	629	356	946	985	419	201	870	1038	1140	1033
189	84	2073	950	548	677	0	554	407	1820	294	601	2110	381	591	276	2034	555	372	555	1938	1099	824	271	481	1629	198	238	1314	826	733	184	624	821	824	513	916	411	654	1027	193	192	389	203	896	884	1862	238	258	395	476	499	174	633	1095	493	377	550	401	2112	451	467	507	137	473	401	783	530	488	1156	2023	433	539	410	874	2092	914	785	1474	555	1667	81	474	660	395	505	406	172	374	626	404	1027	540	824	865	588	59	973	200	529	531	884	384	519	298	1223	172	929	676	487	513	1591	300	254	377	180	394	388	823	631	221	1089	1044	59	1123	508	486	277	863	1247	139	234	294	242	377	68	593	1328	264	500	748	3231	230	190	477	474	59	639	567	496	230	61	175	505	710	861	703	1538	554	472	511	353	190	472	184	559	268	201	210	61	1037	821	1854	201	616	1854	505	193	390	271	294	478	606	466	370	325	371	660	845	558	491	433	387	1110	883	354	244	1083	370	1777	841	223	1510	461	220	394	412	505	473	505	1862	360	489	252	707	132	694	467	370	299	2299	1198	175	2122	847	243	627	81	521	1955	671	382	805	1033	335	84	403	188	494	559	186	517	184	590	1198	530	385	941	484	217	707	389	358	1787	184	385	287	1094	836	499	306	16	1294	1254	559	551	359	534	12	374	843	824	551	1879	411	233	496	387	1312	273	143	369	678	510	767	827	385	365	633	426
398	518	1528	1288	450	1117	554	0	231	2374	373	1151	1574	178	182	793	2580	1	245	1	1397	1017	1223	801	702	1892	412	345	1812	1152	1261	436	342	1222	1151	182	1455	158	969	1565	484	424	503	386	1248	490	2065	315	810	637	121	95	471	119	1642	408	183	450	952	1579	113	709	181	690	117	233	1110	450	162	1672	2145	881	402	884	1232	1598	1263	1339	1800	192	1932	480	118	406	637	265	161	382	184	1147	479	1565	447	1151	348	1143	495	1527	536	171	170	516	257	216	265	1774	382	1456	1206	682	86	2065	373	315	198	391	175	248	1223	125	361	1635	1033	495	1521	753	692	381	402	1727	441	344	374	790	182	488	284	813	808	94	329	3688	340	465	260	717	495	129	17	98	340	515	407	111	329	1168	284	2027	426	134	179	315	465	129	397	202	806	541	391	515	652	282	2376	541	115	2032	111	484	251	801	374	704	1023	421	918	245	488	406	1382	4	102	881	251	572	1381	479	445	1337	205	2223	1375	764	2000	392	763	175	223	111	123	111	2065	781	115	804	1142	683	366	709	918	374	2652	1395	407	1577	1138	310	323	480	461	2499	446	917	1273	528	363	518	863	607	743	202	505	192	397	74	1395	241	172	1481	404	368	1256	639	271	2288	436	253	354	1640	342	95	359	567	1829	839	1003	450	593	438	565	201	1352	1223	11	2432	158	543	183	187	862	809	693	760	451	177	999	1202	251	360	123	143
320	345	1678	1057	259	893	407	231	0	2206	366	972	1788	185	380	678	2387	232	34	232	1608	1161	994	676	471	1668	346	287	1595	920	1140	367	512	993	920	108	1322	210	738	1369	279	232	529	315	1017	708	1850	208	642	406	110	138	399	253	1496	502	191	260	780	1795	205	478	102	542	114	5	879	251	90	1462	1947	663	519	672	1001	1827	1032	1178	1570	369	1708	325	113	573	406	112	207	254	185	945	249	1369	253	920	466	979	356	1359	473	125	128	728	28	112	221	1620	254	1252	1083	452	151	1841	370	253	224	226	213	21	993	248	295	1492	1154	356	1291	522	462	363	631	1505	270	281	367	617	186	354	195	1041	671	139	341	3459	267	263	85	486	356	256	234	135	267	390	233	130	306	937	296	1806	544	98	106	346	263	103	223	378	675	332	328	390	872	436	2165	332	234	1821	130	279	21	676	367	473	797	500	776	227	508	573	1252	236	250	663	23	793	1285	493	409	1111	226	1995	1249	630	1779	475	627	213	7	130	108	130	1850	562	119	654	917	538	302	478	776	370	2422	1177	233	1727	908	210	235	325	556	2304	318	789	1196	759	381	345	648	524	511	378	438	111	223	224	1177	392	181	1287	495	302	1073	408	303	2071	367	25	342	1496	433	138	360	423	1628	1066	781	260	363	244	416	225	1142	994	236	2270	210	493	91	222	1092	680	549	538	326	105	772	971	24	396	252	211
1987	1864	3884	1668	2228	1489	1820	2374	2206	0	2056	1234	3904	2200	2387	1604	445	2376	2174	2376	3739	2458	1534	1587	1929	2005	1982	2042	983	1711	1177	1958	2364	1531	1710	2313	972	2227	1763	898	1929	1973	2030	2001	1639	2620	2294	2058	1567	1917	2292	2316	1927	2449	765	2191	2195	2231	1426	3902	2269	1904	2308	1685	2289	2200	1714	2209	2294	944	2617	1611	2239	1579	1628	3827	1646	1035	1750	2347	2011	1896	2290	2372	1917	2280	2223	1992	2193	1301	2071	898	2221	1710	2672	1231	1879	847	1881	2331	2334	2603	2178	2310	2114	618	1992	1037	1220	1958	2331	1104	2059	2066	2191	1991	2210	2185	1534	2446	2024	781	2331	1879	1473	1895	1946	2041	2640	1108	1941	2041	2055	1589	2196	1886	2363	3112	1572	2318	2526	2117	2041	1943	2255	1902	1879	2454	2388	2313	2041	1861	1978	2320	2478	1750	2488	1003	2240	2285	2312	2126	1943	2286	1989	2349	1578	1882	2001	1861	2740	2637	736	1882	2431	2365	2320	1929	2185	1587	2055	1922	1577	2157	1462	2139	2028	2372	1048	2378	2306	1611	2183	2919	1170	2022	1979	1878	2183	1296	1062	1615	1001	2170	1616	2210	2212	2320	2289	2320	2294	1700	2305	1570	1485	1691	2443	1904	1462	2058	1991	2034	1978	3933	1784	2064	2384	1896	2183	450	2371	1474	1321	2821	2087	1864	1609	1804	1893	2350	1903	2315	1989	2409	2034	2307	2205	959	2184	2018	1137	1910	2150	919	1958	2181	2063	776	2636	2316	2071	1807	730	2952	1544	2231	1933	2222	1809	2188	1177	1534	2372	117	2227	1890	2296	2201	3037	1576	1682	1739	2377	2311	1899	1596	2182	2111	2449	2243
113	319	1887	1222	609	968	294	373	366	2056	0	869	1850	211	332	451	2298	374	338	374	1684	850	1109	468	690	1887	95	94	1606	1091	909	110	332	1106	1090	436	1109	217	911	1305	373	317	164	102	1171	595	2103	179	534	603	361	369	132	485	1305	204	204	610	672	1850	261	684	430	398	354	361	1048	596	400	1444	2237	721	246	703	1150	1810	1188	1024	1748	292	1926	265	355	366	603	476	215	193	206	916	525	1305	601	1090	721	837	245	1217	176	442	444	592	362	460	145	1444	193	1214	856	685	380	1886	6	119	178	257	201	359	1108	487	100	1295	819	245	1410	730	689	16	589	1541	279	102	0	525	207	233	551	1060	488	370	666	3525	118	355	450	692	245	494	390	368	118	234	276	386	646	1122	617	1831	263	365	432	70	355	361	274	293	479	420	89	234	745	655	2138	420	474	2087	386	373	363	468	1	689	891	181	596	145	143	366	1034	375	278	721	360	864	1015	127	77	1331	172	2071	1025	446	1803	170	447	201	365	386	359	386	2103	638	372	501	997	389	657	684	596	6	2582	1429	276	1936	1102	173	593	265	241	2222	684	581	902	767	40	319	693	252	716	294	152	445	274	436	1429	253	218	1218	194	98	977	599	103	2077	110	360	24	1300	710	369	15	298	1573	962	849	610	557	592	305	175	1135	1109	365	2104	217	175	421	188	1024	481	396	638	692	430	1000	1106	359	70	487	231
782	634	2650	782	1007	448	601	1151	972	1234	869	0	2710	981	1188	455	1433	1152	941	1152	2539	1510	599	425	739	1432	783	835	784	728	398	762	1199	595	726	1079	462	1012	668	437	695	741	894	796	725	1463	1715	837	343	707	1061	1087	737	1219	570	1042	978	1009	200	2712	1051	714	1074	473	1060	967	703	987	1061	603	1959	421	1091	377	702	2680	743	235	1209	1151	1461	671	1060	1223	707	1047	1008	771	975	189	845	437	999	726	1439	104	660	392	709	1098	1100	1456	945	1076	900	669	771	370	364	766	1101	1088	875	855	978	762	996	951	599	1215	817	574	1415	660	803	718	755	853	1457	756	712	832	869	361	978	669	1130	1925	390	1088	1293	2713	830	709	1021	714	660	1223	1163	1084	830	649	748	1089	1246	777	1254	1012	1099	1054	1079	937	709	1056	758	1154	406	648	800	649	1605	1406	1274	648	1200	1740	1089	695	952	425	869	732	480	1009	301	926	885	1223	426	1155	1092	421	949	1711	598	873	799	998	971	1305	435	429	985	1014	426	996	979	1089	1059	1089	1715	490	1074	368	468	482	1213	714	301	874	1931	1158	748	2699	792	843	1153	671	1050	1354	1149	348	635	1631	907	634	408	637	712	1155	722	1081	758	1180	1158	1120	986	350	1033	812	107	699	952	1235	762	947	871	578	1402	1087	884	589	705	1823	418	1010	714	998	589	975	349	599	1149	1302	1012	728	1063	988	1892	408	474	533	1156	1078	830	646	948	934	1218	1027
1929	2087	782	2797	1904	2680	2110	1574	1788	3904	1850	2710	0	1732	1522	2300	4144	1573	1811	1573	185	1717	2767	2318	2226	3288	1930	1875	3383	2664	2737	1952	1541	2767	2663	1696	2943	1700	2493	3135	2057	1998	1877	1915	2768	1293	3378	1877	2368	2181	1682	1654	1981	1537	3145	1716	1735	1903	2510	33	1663	2241	1699	2237	1681	1792	2627	1916	1700	3246	3340	2451	1668	2457	2756	391	2779	2875	3263	1561	3329	2044	1681	1538	2181	1760	1705	1942	1739	2721	2008	3135	1906	2663	1382	2687	2051	3067	2024	1676	1674	1316	1817	1714	1811	3288	1942	3029	2689	2200	1640	3625	1846	1855	1733	1962	1716	1808	2767	1544	1893	3133	1843	2051	3052	2277	2212	1865	1263	3293	2012	1878	1851	2352	1736	2041	1707	792	2339	1652	1573	5225	1880	2039	1775	2247	2051	1536	1565	1657	1880	2061	1979	1658	1625	2668	1586	3594	1671	1692	1695	1780	2039	1689	1970	1558	2330	2115	1912	2061	1199	1371	3950	2115	1557	3315	1658	2057	1810	2318	1851	2231	2582	1750	2446	1784	1878	1538	2866	1569	1620	2451	1811	1002	2801	1883	1926	2782	1739	3766	2855	2295	3568	1734	2296	1716	1780	1658	1684	1658	3378	2351	1671	2348	2703	2229	1684	2241	2446	1847	4104	2782	1979	791	2632	1870	1711	2044	1730	4065	1798	2430	2661	1083	1817	2087	2435	2100	2270	1558	2002	1699	1970	1563	2782	1597	1729	3050	1722	1898	2817	2185	1760	3859	1952	1813	1845	3138	1435	1653	1835	2121	3400	1019	2569	1902	2143	1900	2122	1735	2926	2767	1573	3947	1700	2014	1708	1723	912	2331	2238	2326	1797	1694	2475	2736	1812	1793	1539	1685
220	355	1706	1191	445	985	381	178	185	2200	211	981	1732	0	234	615	2414	179	171	179	1558	976	1106	623	616	1825	235	168	1666	1055	1083	259	337	1104	1054	230	1277	35	870	1403	345	280	363	208	1146	561	2019	144	639	538	151	157	294	279	1465	317	7	446	782	1736	69	618	224	515	143	183	1012	436	194	1519	2126	742	333	738	1127	1733	1161	1164	1712	209	1865	312	145	396	538	284	31	210	6	990	410	1403	438	1054	517	969	321	1353	362	234	235	574	195	257	87	1597	210	1298	1028	602	168	1929	213	137	39	234	29	188	1105	280	183	1458	969	321	1408	664	610	215	508	1587	282	166	212	621	4	313	348	957	631	158	455	3561	162	324	262	626	321	287	193	157	162	339	253	175	436	1078	406	1885	358	156	226	171	324	152	244	217	628	403	214	339	724	458	2221	403	266	1994	175	345	192	623	212	617	896	317	741	69	344	396	1204	181	113	742	190	731	1206	332	275	1266	43	2097	1197	587	1858	291	586	29	182	175	149	175	2019	646	161	629	1013	508	452	618	741	213	2560	1343	253	1755	1052	138	391	312	371	2334	494	739	1101	664	214	355	720	430	652	218	329	240	244	231	1343	217	6	1317	311	191	1087	538	124	2142	259	191	189	1462	502	158	200	394	1668	930	868	445	491	429	393	41	1200	1106	173	2256	35	372	217	36	971	631	518	631	501	223	927	1091	190	221	280	47
406	580	1569	1422	624	1219	591	182	380	2387	332	1188	1522	234	0	784	2621	183	381	183	1354	837	1340	799	843	2047	407	353	1895	1286	1240	430	163	1338	1285	360	1441	199	1102	1618	579	514	409	392	1378	330	2230	369	847	768	285	265	459	285	1638	273	234	624	988	1524	180	846	358	715	277	380	1243	621	334	1743	2320	975	251	969	1360	1505	1394	1354	1941	41	2087	532	279	226	768	439	203	430	239	1213	627	1618	619	1285	470	1164	532	1546	509	351	350	348	400	394	297	1776	430	1518	1187	826	261	2161	329	336	220	465	209	391	1339	293	371	1628	860	532	1642	892	835	346	276	1818	511	356	333	833	236	522	467	737	817	264	501	3794	360	559	430	854	532	295	194	267	360	539	485	285	507	1307	459	2115	272	297	356	262	559	291	476	43	809	637	389	539	494	387	2443	637	288	2200	285	579	395	799	333	844	1131	297	925	268	400	226	1365	179	131	975	395	531	1337	397	409	1489	226	2331	1357	773	2088	270	774	209	373	285	285	285	2230	879	284	825	1247	707	548	846	925	330	2791	1557	485	1618	1280	361	505	532	320	2543	628	913	1216	442	304	580	952	585	880	42	484	370	476	250	1557	95	233	1532	273	376	1296	769	238	2370	430	396	324	1632	482	265	317	600	1885	696	1101	623	722	610	603	223	1427	1340	171	2437	199	504	357	212	736	811	715	866	634	354	1149	1325	395	286	289	187
395	355	2321	1040	821	716	276	793	678	1604	451	455	2300	615	784	0	1858	794	643	794	2135	1069	881	34	696	1728	384	449	1234	936	468	360	765	877	934	781	663	638	794	890	460	468	444	407	981	1026	1985	487	208	619	735	754	327	887	854	598	609	823	284	2299	682	675	775	165	730	672	897	802	753	1057	2180	516	648	472	958	2244	1001	576	1541	743	1763	356	731	781	619	780	634	427	608	561	670	890	812	934	1124	400	321	769	276	796	798	1015	657	790	527	992	427	822	412	709	768	1532	455	478	599	453	620	660	880	886	432	845	984	321	1155	708	706	437	1037	1192	415	449	451	229	611	323	868	1509	82	755	1019	3164	453	462	751	681	321	894	808	752	453	288	450	764	983	979	973	1462	653	732	779	522	462	731	459	745	58	450	404	288	1161	1071	1727	450	871	1990	764	460	662	34	451	690	679	565	155	549	437	781	588	796	713	516	659	1316	607	427	375	1212	591	1740	582	79	1435	574	86	620	682	764	732	764	1985	493	748	132	746	162	970	675	155	454	2326	1348	450	2370	975	490	903	356	601	1785	947	129	531	1217	483	355	483	199	695	746	300	787	459	841	1348	703	621	803	590	425	559	612	548	1690	360	657	460	850	1100	754	467	259	1156	1378	615	823	595	807	269	595	775	881	788	1653	638	287	764	609	1453	53	153	523	954	777	936	903	658	507	888	653
2215	2062	4046	1661	2363	1569	2034	2580	2387	445	2298	1433	4144	2414	2621	1858	0	2582	2359	2582	3972	2801	1567	1835	2041	1842	2215	2268	916	1737	1486	2193	2622	1565	1736	2492	1294	2445	1831	1018	2108	2161	2300	2229	1647	2885	2110	2269	1776	2049	2484	2511	2166	2639	1093	2457	2410	2365	1633	4145	2484	2019	2487	1906	2483	2382	1751	2345	2478	966	2441	1744	2506	1724	1642	4102	1649	1284	1605	2583	1840	2102	2484	2640	2049	2446	2440	2203	2407	1444	2216	1018	2357	1736	2847	1461	2093	1092	2130	2510	2513	2873	2359	2483	2333	947	2203	1141	1519	2071	2525	904	2303	2288	2411	2189	2429	2366	1567	2635	2251	1114	2680	2093	1421	2000	2058	2282	2887	1046	2139	2266	2298	1793	2410	2102	2522	3358	1810	2512	2683	1672	2263	2125	2424	2015	2093	2643	2592	2508	2263	2083	2174	2511	2632	1766	2651	832	2510	2476	2491	2367	2125	2478	2184	2587	1821	2055	2232	2083	3018	2824	427	2055	2621	2192	2511	2108	2366	1835	2298	2035	1667	2423	1706	2360	2294	2640	1364	2585	2525	1744	2364	3145	1524	2286	2225	1843	2404	1033	1381	1852	842	2432	1851	2429	2395	2511	2482	2511	2110	1842	2497	1797	1556	1914	2589	2019	1706	2302	1666	1982	2174	4095	1804	2276	2537	2102	2457	93	2503	1731	1671	3063	2334	2062	1751	2055	2000	2587	2148	2492	2184	2604	1982	2551	2418	1100	2449	2245	1326	2043	2384	640	2193	2362	2301	1109	2805	2511	2313	2023	768	3235	1651	2366	2074	2359	2022	2408	1267	1567	2580	528	2445	2145	2476	2421	3311	1821	1906	1876	2508	2491	1943	1624	2363	2360	2638	2460
399	519	1526	1289	451	1118	555	1	232	2376	374	1152	1573	179	183	794	2582	0	245	0	1396	1018	1224	802	703	1892	413	346	1813	1152	1262	437	342	1223	1152	183	1457	159	970	1567	485	425	504	387	1249	490	2065	317	811	638	122	95	472	119	1643	408	184	451	953	1578	114	710	182	691	118	234	1111	450	163	1673	2146	882	402	885	1233	1597	1264	1340	1800	193	1933	481	119	406	638	265	162	383	185	1148	480	1567	447	1152	347	1144	496	1528	538	171	170	515	258	216	266	1775	383	1457	1207	683	87	2066	374	316	199	392	176	249	1224	124	362	1636	1034	496	1522	754	693	382	402	1728	442	345	375	791	183	489	284	812	809	94	329	3689	341	466	260	718	496	128	16	98	341	516	408	111	329	1169	284	2028	427	134	179	317	466	129	398	203	807	542	392	516	651	281	2377	542	114	2032	111	485	251	802	375	705	1024	422	919	246	489	406	1383	4	103	882	252	571	1382	480	446	1338	206	2224	1376	766	2001	393	764	176	224	111	123	111	2065	782	116	805	1143	684	366	710	919	375	2653	1396	408	1576	1139	312	322	481	462	2500	445	918	1275	528	364	519	864	608	743	202	506	192	398	73	1396	241	173	1482	405	370	1257	640	272	2289	437	253	356	1641	341	95	360	568	1830	838	1004	450	594	438	566	202	1353	1224	11	2433	159	545	184	188	861	810	694	761	451	177	1000	1203	252	361	122	144
288	312	1710	1047	277	873	372	245	34	2174	338	941	1811	171	381	643	2359	245	0	245	1632	1146	978	642	463	1666	314	256	1572	910	1106	334	505	977	910	141	1288	199	727	1341	251	200	502	283	1006	711	1853	175	610	394	129	157	366	280	1463	484	175	278	748	1817	202	468	135	508	130	28	868	267	120	1437	1955	640	503	647	989	1843	1020	1145	1563	366	1706	291	130	565	394	144	196	220	170	918	245	1341	270	910	498	947	321	1327	439	158	160	729	24	147	194	1587	220	1226	1048	446	170	1821	343	223	207	191	200	20	978	275	263	1459	1135	321	1277	513	455	335	639	1484	237	250	339	585	171	319	229	1058	637	158	376	3443	236	234	116	476	321	283	250	154	236	356	199	153	341	929	331	1785	528	119	139	324	234	122	189	375	640	306	296	356	875	465	2141	306	261	1826	153	251	25	642	339	465	778	479	742	203	481	565	1218	250	250	640	22	813	1250	466	378	1108	208	1978	1214	596	1758	455	592	200	39	153	126	153	1853	540	140	621	898	504	336	468	742	343	2414	1178	199	1759	901	177	268	291	536	2276	347	754	1161	773	356	312	624	490	502	375	405	145	189	247	1178	384	167	1259	477	270	1042	395	282	2048	334	21	314	1463	466	157	333	388	1601	1073	760	278	349	261	382	208	1117	978	249	2238	199	460	124	207	1102	645	515	517	354	138	768	957	21	372	279	203
399	519	1526	1289	451	1118	555	1	232	2376	374	1152	1573	179	183	794	2582	0	245	0	1396	1018	1224	802	703	1892	413	346	1813	1152	1262	437	342	1223	1152	183	1457	159	970	1567	485	425	504	387	1249	490	2065	317	811	638	122	95	472	119	1643	408	184	451	953	1578	114	710	182	691	118	234	1111	450	163	1673	2146	882	402	885	1233	1597	1264	1340	1800	193	1933	481	119	406	638	265	162	383	185	1148	480	1567	447	1152	347	1144	496	1528	538	171	170	515	258	216	266	1775	383	1457	1207	683	87	2066	374	316	199	392	176	249	1224	124	362	1636	1034	496	1522	754	693	382	402	1728	442	345	375	791	183	489	284	812	809	94	329	3689	341	466	260	718	496	128	16	98	341	516	408	111	329	1169	284	2028	427	134	179	317	466	129	398	203	807	542	392	516	651	281	2377	542	114	2032	111	485	251	802	375	705	1024	422	919	246	489	406	1383	4	103	882	252	571	1382	480	446	1338	206	2224	1376	766	2001	393	764	176	224	111	123	111	2065	782	116	805	1143	684	366	710	919	375	2653	1396	408	1576	1139	312	322	481	462	2500	445	918	1275	528	364	519	864	608	743	202	506	192	398	73	1396	241	173	1482	405	370	1257	640	272	2289	437	253	356	1641	341	95	360	568	1830	838	1004	450	594	438	566	202	1353	1224	11	2433	159	545	184	188	861	810	694	761	451	177	1000	1203	252	361	122	144
1758	1913	695	2612	1720	2499	1938	1397	1608	3739	1684	2539	185	1558	1354	2135	3972	1396	1632	1396	0	1610	2584	2152	2043	3103	1761	1705	3204	2480	2578	1784	1382	2584	2479	1514	2783	1527	2310	2961	1880	1821	1719	1745	2584	1141	3195	1703	2196	1999	1503	1475	1813	1356	2984	1557	1562	1719	2339	201	1489	2058	1518	2067	1502	1613	2443	1732	1520	3068	3161	2272	1511	2279	2572	468	2595	2708	3078	1393	3144	1871	1502	1383	1999	1578	1531	1769	1565	2544	1826	2961	1722	2479	1197	2518	1878	2900	1858	1495	1492	1168	1637	1532	1639	3125	1769	2853	2529	2017	1461	3444	1680	1684	1560	1787	1543	1629	2584	1363	1722	2973	1730	1878	2868	2094	2029	1699	1101	3112	1837	1707	1684	2179	1562	1869	1524	634	2171	1474	1388	5040	1709	1861	1593	2065	1878	1355	1387	1478	1709	1890	1804	1479	1440	2483	1402	3413	1515	1513	1514	1613	1861	1510	1794	1391	2163	1937	1743	1890	1061	1188	3772	1937	1376	3133	1479	1880	1630	2152	1684	2048	2401	1591	2279	1612	1718	1383	2706	1392	1446	2272	1632	827	2648	1722	1760	2597	1567	3583	2696	2127	3387	1575	2128	1543	1601	1479	1505	1479	3195	2171	1492	2178	2522	2059	1499	2058	2279	1681	3919	2597	1804	715	2447	1697	1526	1871	1575	3893	1613	2265	2512	918	1651	1913	2256	1935	2087	1390	1836	1518	1794	1384	2597	1431	1555	2876	1564	1728	2645	2003	1592	3679	1784	1633	1678	2977	1251	1475	1668	1949	3225	898	2389	1718	1962	1717	1950	1563	2748	2584	1396	3786	1527	1850	1527	1550	787	2165	2068	2146	1612	1513	2290	2552	1632	1629	1359	1512
957	1152	2094	2049	1421	1758	1099	1017	1161	2458	850	1510	1717	976	837	1069	2801	1018	1146	1018	1610	0	1915	1102	1541	2727	932	944	2295	1925	1318	933	675	1912	1923	1180	1506	952	1750	1927	1222	1168	712	949	1994	659	2951	1024	1256	1453	1098	1085	929	1123	1709	664	971	1422	1353	1702	968	1533	1177	1138	1089	1159	1881	1413	1148	2112	3087	1524	642	1493	1972	1501	2013	1557	2571	825	2765	1102	1091	611	1453	1251	954	1043	976	1630	1368	1927	1415	1923	1273	1433	1069	1732	900	1176	1176	614	1170	1214	966	1857	1043	1880	1292	1535	1086	2598	843	962	938	1108	948	1164	1914	1131	950	1689	135	1069	2206	1579	1539	862	787	2261	1127	952	850	1264	975	1058	1296	1045	1147	1085	1337	4221	967	1205	1234	1541	1069	1132	1031	1087	967	1040	1127	1107	1345	1959	1296	2523	617	1108	1176	833	1205	1102	1124	815	1125	1265	934	1040	614	1186	2747	1265	1126	2937	1107	1222	1168	1102	849	1539	1699	675	1212	948	732	611	1436	1015	935	1524	1166	1052	1287	749	865	2176	937	2809	1420	1122	2496	695	1128	948	1157	1107	1097	1107	2951	1458	1101	1189	1788	1127	1384	1533	1212	844	3384	2279	1127	2137	1943	1017	1337	1102	615	2742	1455	1162	1137	899	816	1152	1492	941	1565	815	912	1191	1124	1088	2279	782	980	1844	672	948	1606	1449	868	2736	933	1167	870	1694	1299	1085	847	1095	2181	715	1645	1421	1407	1406	1106	938	1844	1915	1006	2468	952	868	1173	940	828	1122	1128	1467	1461	1174	1848	1923	1166	791	1127	953
996	789	2534	182	870	166	824	1223	994	1534	1109	599	2767	1106	1340	881	1567	1224	978	1224	2584	1915	0	847	541	852	1014	1031	668	177	998	1005	1420	4	175	1076	1037	1141	282	650	762	827	1212	1008	128	1665	1124	981	675	589	1104	1132	999	1235	1081	1313	1106	871	628	2776	1164	526	1073	779	1107	991	184	856	1077	606	1359	392	1355	422	108	2821	144	791	660	1314	885	843	1107	1466	589	1007	1137	931	1101	410	759	650	866	175	1392	701	865	853	1016	1095	1097	1674	967	1054	1055	1124	931	513	961	568	1145	863	1116	1030	1124	882	1131	976	0	1228	1017	1095	1848	865	302	491	556	1093	1612	552	842	1024	1109	659	1103	877	1061	2035	799	1134	1206	2465	1013	783	994	519	865	1235	1228	1129	1013	885	861	1123	1153	217	1186	847	1372	1093	1077	1156	783	1097	868	1322	823	705	1020	885	1827	1396	1255	705	1216	1143	1123	762	973	847	1109	536	218	1288	782	1083	1195	1466	1015	1228	1213	392	972	1784	1197	1178	1068	405	1120	1001	1027	812	823	1280	805	1131	1002	1123	1102	1123	1124	470	1113	750	138	789	1099	526	782	1115	1474	570	861	2581	249	989	1062	843	1344	1475	994	842	1229	1752	1149	789	423	974	497	1322	1008	1071	868	1216	570	1310	1107	614	1303	1016	597	586	1145	1121	1005	971	1097	1096	1341	1133	1118	825	819	2036	270	872	631	871	815	1122	378	0	1227	1632	1141	1047	1065	1130	2076	829	789	476	997	1078	375	61	972	1179	1233	1152
404	346	2328	1006	810	682	271	801	676	1587	468	425	2318	623	799	34	1835	802	642	802	2152	1102	847	0	673	1695	395	458	1202	904	464	372	786	843	902	781	654	647	763	862	449	461	470	417	948	1049	1952	491	175	598	738	758	340	892	842	622	618	812	250	2318	691	652	775	148	734	670	865	790	754	1026	2149	484	671	439	924	2267	967	556	1507	759	1730	352	735	805	598	776	643	429	616	527	656	862	801	902	1127	375	320	749	295	796	799	1038	654	789	535	978	429	792	408	687	772	1500	472	486	609	450	630	658	846	890	441	834	1019	320	1120	683	683	453	1055	1160	410	458	467	198	619	323	865	1528	48	760	1018	3133	461	452	748	656	320	898	816	756	461	289	446	767	980	947	973	1431	677	735	779	538	452	734	455	761	24	434	415	289	1185	1077	1699	434	876	1958	767	449	660	0	467	667	646	589	130	558	462	805	581	805	724	484	657	1331	612	452	392	1180	601	1707	576	55	1403	596	62	630	681	767	735	767	1952	464	751	98	711	147	965	652	130	471	2291	1317	446	2378	944	494	898	352	627	1761	938	116	544	1235	501	346	451	219	670	762	316	786	455	847	1317	721	629	775	614	434	531	590	562	1660	372	655	475	839	1102	759	483	254	1129	1403	582	812	575	796	262	605	742	847	797	1638	647	309	764	619	1476	19	137	495	945	778	907	869	656	526	892	663
584	405	2012	586	331	478	481	702	471	1929	690	739	2226	616	843	696	2041	703	463	703	2043	1541	541	673	0	1209	610	598	1185	450	1051	612	951	541	449	541	1183	650	269	1040	319	372	835	591	549	1173	1413	523	529	88	580	608	623	699	1310	886	618	333	607	2235	662	25	539	534	585	469	408	316	547	1081	1551	322	918	362	534	2290	562	975	1099	824	1249	449	584	1007	88	468	646	497	613	629	224	1040	327	449	850	795	488	1121	673	559	562	1189	446	517	591	1404	497	906	997	29	619	1403	697	583	644	433	645	456	541	691	590	1314	1503	488	828	51	17	678	1102	1081	415	589	691	498	615	498	519	1503	637	609	666	3002	574	335	458	27	488	698	704	605	574	526	413	596	613	466	644	1381	940	568	543	716	335	573	416	833	656	285	606	526	1337	854	1771	285	680	1396	596	319	452	673	691	7	377	869	698	615	814	1007	1129	707	712	322	452	1249	1238	795	680	650	641	1540	1132	618	1356	853	611	645	479	596	579	596	1413	252	588	592	495	539	561	25	698	696	1951	739	413	2060	437	531	521	449	929	1953	464	743	1202	1228	726	405	331	670	44	833	650	536	416	684	739	833	615	971	877	592	812	93	690	1653	612	451	671	1317	800	608	694	493	1273	1536	391	334	133	331	479	643	775	541	708	2011	650	706	532	647	1564	663	546	209	468	544	312	509	452	752	696	658
1776	1575	2872	688	1452	1019	1629	1892	1668	2005	1887	1432	3288	1825	2047	1728	1842	1892	1666	1892	3103	2727	852	1695	1209	0	1799	1798	1031	803	1826	1795	2161	856	805	1715	1824	1858	977	1304	1515	1575	2015	1785	746	2376	299	1729	1520	1291	1771	1797	1797	1860	1812	2088	1828	1453	1480	3304	1868	1210	1714	1611	1777	1667	846	1448	1730	1134	611	1218	2124	1258	770	3422	727	1585	259	2031	40	1627	1776	2216	1291	1633	1855	1695	1822	1245	1420	1304	1453	805	1935	1536	1658	1584	1829	1730	1732	2395	1646	1684	1799	1804	1695	1210	1796	1222	1805	938	1894	1787	1853	1635	1854	1655	853	1851	1788	1831	2673	1658	643	1163	1215	1873	2294	920	1608	1790	1887	1501	1824	1669	1650	2648	1647	1798	1746	2061	1776	1533	1633	1202	1658	1856	1890	1794	1776	1686	1614	1781	1698	767	1747	1019	2145	1759	1717	1920	1533	1764	1619	2040	1671	1467	1799	1686	2540	1972	1424	1467	1843	360	1781	1515	1651	1695	1888	1209	1049	2069	1634	1824	1995	2216	1820	1896	1916	1218	1652	2386	2019	1978	1863	558	1851	854	1834	1656	1015	2055	1648	1854	1675	1781	1770	1781	299	1271	1776	1596	991	1621	1636	1210	1634	1893	828	509	1614	2913	785	1737	1631	1627	2128	1754	1520	1695	2068	2398	1925	1575	1251	1799	1176	2040	1815	1706	1619	1858	509	2042	1824	1317	2079	1789	1403	1293	1898	1214	1795	1651	1870	1831	1879	1797	1893	1634	1313	2731	1112	1453	1339	1462	1622	1852	1124	852	1899	2121	1858	1862	1710	1857	2747	1677	1622	1259	1519	1719	898	825	1652	1953	1856	1866
29	226	1939	1130	567	872	198	412	346	1982	95	783	1930	235	407	384	2215	413	314	413	1761	932	1014	395	610	1799	0	67	1512	1001	850	24	425	1011	999	434	1047	255	822	1216	290	241	225	31	1078	687	2019	138	444	522	371	385	59	513	1238	298	229	568	584	1931	299	602	428	309	365	341	957	552	401	1351	2161	625	342	607	1057	1899	1096	947	1656	368	1837	173	366	461	522	459	251	120	229	823	463	1216	558	999	752	757	149	1139	129	445	447	686	336	452	149	1374	120	1123	795	607	398	1790	102	101	215	184	237	335	1013	514	53	1229	893	149	1315	647	610	79	673	1445	195	70	95	433	231	137	541	1143	410	387	673	3430	80	274	431	610	149	521	428	384	80	139	201	399	646	1032	625	1736	358	371	431	156	274	369	201	371	403	333	21	139	839	693	2047	333	499	2005	399	290	338	395	96	608	796	274	519	166	203	461	972	415	329	625	335	937	970	185	72	1245	207	1975	965	366	1709	265	366	237	348	399	368	399	2019	544	384	417	901	300	648	602	519	101	2488	1347	201	1988	1014	136	581	173	331	2137	659	511	867	848	136	226	597	195	633	372	95	442	201	466	1347	337	241	1129	289	46	891	518	169	1984	24	334	89	1234	734	386	107	204	1484	1056	753	568	477	551	210	212	1041	1014	406	2034	255	146	418	226	1116	406	309	545	667	429	916	1012	334	166	514	270
54	243	1873	1137	520	895	238	345	287	2042	94	835	1875	168	353	449	2268	346	256	346	1705	944	1031	458	598	1798	67	0	1550	1006	916	91	392	1029	1005	370	1112	189	824	1265	283	225	254	41	1088	649	2011	87	493	511	305	318	126	446	1301	290	162	521	635	1877	233	592	364	362	298	282	962	506	336	1394	2143	648	327	634	1067	1854	1105	1007	1664	316	1837	190	299	435	511	399	185	102	161	864	431	1265	512	1005	684	814	181	1197	196	380	381	651	279	390	81	1436	102	1167	861	591	331	1824	100	35	150	164	171	277	1030	446	17	1293	914	181	1333	638	596	85	625	1479	191	8	95	479	163	170	479	1090	470	319	607	3462	24	264	372	600	181	453	361	317	24	185	184	332	582	1035	559	1773	347	305	366	125	264	303	181	321	465	333	46	185	805	626	2092	333	432	1994	332	283	281	458	95	596	815	271	580	100	233	435	1037	348	265	648	278	879	1038	216	122	1242	142	2004	1031	426	1746	256	426	171	288	332	302	332	2011	560	317	473	924	354	586	592	580	100	2502	1337	184	1922	1014	82	520	190	331	2190	604	575	935	795	128	243	621	262	625	321	163	378	181	398	1337	292	174	1178	280	24	942	508	120	2024	91	277	73	1298	666	318	96	247	1532	1020	776	521	464	504	250	147	1080	1031	340	2095	189	210	354	160	1075	468	363	557	611	364	908	1025	277	155	447	204
1503	1314	3196	745	1517	710	1314	1812	1595	983	1606	784	3383	1666	1895	1234	916	1813	1572	1813	3204	2295	668	1202	1185	1031	1512	1550	0	829	1066	1495	1937	667	829	1690	971	1700	946	402	1328	1390	1660	1517	735	2198	1326	1525	1078	1212	1701	1729	1476	1847	879	1796	1664	1518	955	3389	1732	1166	1686	1213	1702	1590	848	1501	1684	189	1642	931	1844	929	732	3399	735	789	772	1862	1041	1363	1702	1971	1212	1631	1696	1464	1660	690	1386	402	1512	829	2028	866	1369	687	1465	1709	1712	2198	1566	1674	1597	827	1464	415	1064	1214	1743	309	1612	1560	1674	1432	1687	1574	668	1841	1533	903	2199	1369	507	1138	1201	1589	2170	130	1384	1545	1606	1082	1663	1380	1696	2622	1162	1731	1850	1930	1538	1347	1613	1160	1369	1848	1820	1726	1538	1372	1413	1724	1797	855	1824	228	1855	1691	1690	1667	1347	1694	1422	1867	1181	1270	1524	1372	2351	2021	587	1270	1827	1391	1724	1328	1573	1202	1606	1180	810	1765	1084	1626	1648	1971	1000	1817	1779	931	1572	2385	1216	1634	1545	928	1668	541	1018	1195	201	1766	1191	1687	1602	1724	1699	1724	1326	1032	1712	1128	690	1223	1747	1166	1084	1611	1235	1072	1413	3243	894	1533	1703	1363	1812	823	1649	1133	1319	2330	1646	1314	949	1400	1142	1868	1471	1687	1422	1819	1072	1843	1668	469	1787	1530	691	1207	1671	476	1495	1570	1601	901	1981	1730	1619	1307	288	2568	815	1519	1246	1516	1302	1672	470	668	1814	1096	1700	1489	1676	1683	2625	1183	1218	1057	1653	1691	1039	721	1571	1675	1845	1714
979	775	2394	136	759	281	826	1152	920	1711	1091	728	2664	1055	1286	936	1737	1152	910	1152	2480	1925	177	904	450	803	1001	1006	829	0	1122	996	1383	180	1	990	1181	1090	184	825	725	788	1213	989	105	1616	1049	944	728	517	1030	1058	996	1148	1241	1295	1056	761	714	2674	1106	442	988	810	1034	918	43	748	996	781	1252	420	1333	464	99	2739	115	938	658	1264	841	828	1033	1435	517	915	1086	903	1051	544	674	825	757	1	1282	823	857	1016	1025	1008	1011	1629	895	965	1017	1292	903	687	1080	471	1069	995	1098	999	1079	846	1082	904	177	1139	995	1253	1869	857	391	398	461	1077	1550	707	814	998	1092	707	1053	868	958	1952	857	1059	1092	2560	985	744	907	434	857	1146	1154	1054	985	884	825	1046	1039	48	1077	993	1353	1018	992	1130	744	1023	831	1273	880	673	1003	884	1779	1295	1412	673	1129	1054	1046	725	901	904	1092	447	264	1273	861	1043	1194	1435	1153	1157	1156	420	901	1696	1322	1176	1062	279	1075	1106	1163	860	970	1261	853	1082	928	1046	1029	1046	1049	467	1038	805	265	819	982	442	861	1098	1505	432	825	2440	73	952	953	828	1332	1644	871	920	1338	1678	1131	775	453	995	409	1273	1012	984	831	1134	432	1268	1055	786	1285	995	743	517	1112	1266	996	899	1076	1255	1229	1058	1099	831	995	1982	332	761	564	763	819	1077	550	177	1157	1809	1090	1058	982	1083	2013	887	821	457	873	993	211	115	901	1160	1145	1099
863	802	2789	1181	1253	845	733	1261	1140	1177	909	398	2737	1083	1240	468	1486	1262	1106	1262	2578	1318	998	464	1051	1826	850	916	1066	1122	0	825	1197	994	1120	1246	205	1105	1042	666	897	919	860	875	1124	1447	2112	955	534	995	1203	1222	791	1355	411	1021	1077	1255	446	2734	1149	1026	1240	600	1198	1134	1094	1233	1219	876	2358	766	1069	716	1101	2650	1141	277	1597	1199	1854	814	1199	1200	995	1238	1101	894	1077	588	1092	666	1244	1120	1592	298	785	420	733	1261	1264	1428	1118	1253	995	559	894	675	57	1073	1237	1374	911	946	1065	914	1087	1121	998	1354	899	397	1202	785	1190	1044	1065	896	1477	1075	871	917	908	566	1079	788	1326	1946	470	1224	1481	2941	921	904	1209	1029	785	1362	1277	1220	921	754	909	1232	1443	1170	1437	1281	1067	1199	1244	978	904	1199	918	1199	465	870	871	754	1563	1540	1440	870	1340	2139	1232	897	1123	464	908	1044	865	987	372	1016	860	1200	128	1264	1178	766	1120	1769	200	856	831	1395	1058	1607	117	510	1256	1003	513	1087	1145	1232	1200	1232	2112	803	1216	494	866	603	1424	1026	372	910	2275	1553	909	2838	1182	958	1358	814	1009	1424	1387	351	255	1661	935	802	743	658	1034	1199	761	1251	918	1310	1553	1153	1089	598	1015	892	427	987	1009	1456	825	1119	920	402	1567	1223	924	717	890	1775	798	1255	986	1241	724	1062	714	998	1256	1212	1105	735	1228	1076	1861	460	592	845	1395	1242	1203	1044	1119	955	1356	1120
