NAME : VRPTW_INSTANCE_37.txt
COMMENT : Bangkok Supermarket
TYPE : VRPTW
DIMENSION : 208
DAYS : Monday
EDGE_WEIGHT_TYPE : EXPLICIT
VEHICLES : 30
EDGE_WEIGHT_FORMAT : FULL_MATRIX
CAPACITY : 1000
EDGE_WEIGHT_SECTION
0	418	373	1012	523	582	582	1063	993	1049	215	351	568	935	359	1627	2006	77	1969	358	347	370	426	394	378	412	1126	14	255	815	401	51	1913	83	113	625	1990	381	246	1036	449	1190	133	829	252	1190	226	253	309	123	978	705	404	345	112	1171	284	411	153	1028	1870	118	382	14	118	218	1051	1964	395	977	499	344	101	1213	482	498	367	586	1221	941	1045	30	747	2274	499	486	395	539	408	192	392	1135	2126	428	496	85	155	2043	118	1067	676	674	1068	412	248	66	111	548	432	2202	217	584	140	1429	255	1003	239	23	221	1046	206	309	351	820	1372	1028	995	3233	814	1229	543	978	46	367	1321	216	428	1080	957	219	154	2959	1727	1628	811	403	347	1263	996	23	2038	2076	185	1028	430	153	283	1058	1133	1728	255	2939	1539	1585	140	374	678	1028	482	411	365	1137	2714	185	348	373	258	814	248	1658	639	204	495	807	102	1727	948	650	334	2690	577	154	532	224	204	152	1190	1010	411	173	158	718	398	496	1028	649	1154	418
418	0	98	1028	259	855	890	796	1278	1274	272	94	197	932	738	1493	1848	495	2307	91	96	95	15	77	712	33	1392	411	485	1048	188	456	2067	335	446	282	2018	340	598	1029	152	1481	499	1068	602	1481	259	501	131	541	984	695	186	396	308	1453	618	10	453	1361	2058	536	390	411	536	199	995	1738	787	1206	164	99	498	1629	871	455	370	565	1155	946	1384	396	1143	2158	163	266	787	522	780	261	479	1382	2092	728	162	503	342	2262	536	1094	270	714	1478	790	372	355	443	284	70	2258	572	536	463	1500	485	1017	251	406	430	1284	456	660	94	1204	1126	1361	1071	3558	1202	1197	518	984	464	50	1207	242	728	1336	976	199	570	3279	1895	1470	778	28	92	1131	1287	406	1914	2269	411	1361	83	299	612	1433	1094	1600	240	3246	1678	1631	557	107	334	1361	153	21	103	1141	3045	411	91	381	589	400	372	1899	766	279	159	1193	316	1895	1013	233	358	2886	520	570	248	238	279	571	1190	997	788	344	275	1075	192	161	1361	282	1404	0
373	98	0	936	351	868	894	756	1292	1177	193	27	294	1003	717	1584	1942	450	2308	21	32	5	91	25	704	67	1412	364	492	1073	97	403	2117	294	378	380	1929	243	523	1102	91	1495	474	1092	527	1495	179	415	156	494	1054	602	96	299	273	1470	608	87	379	1361	2100	488	291	364	488	168	911	1692	760	1235	132	33	440	1584	846	360	272	630	1237	1016	1382	347	1116	2249	131	189	760	584	762	192	518	1408	2173	730	129	456	334	2298	488	1162	356	618	1441	770	388	307	376	377	164	2327	499	604	392	1564	492	1086	168	356	436	1311	455	646	27	1184	1082	1361	1130	3565	1180	1274	581	1054	417	80	1295	170	730	1359	1044	168	528	3288	1942	1564	851	69	35	1221	1299	356	2005	2311	409	1361	174	234	603	1418	1172	1691	155	3259	1730	1699	513	10	317	1361	115	77	8	1213	3050	409	35	283	578	445	388	1928	810	201	127	1172	278	1942	1073	289	260	2929	590	528	341	163	201	522	1101	1070	768	341	254	1065	100	129	1361	378	1429	98
1012	1028	936	0	1287	1578	1559	698	1959	585	873	953	1207	1908	1297	2521	2876	1032	2815	952	955	941	1016	952	1360	995	2100	999	1263	1816	840	984	2922	1007	904	1296	995	708	859	2010	882	2140	1138	1828	854	2140	875	766	1069	1039	1956	334	842	694	1018	2129	1279	1019	863	1938	2869	1035	673	999	1035	1002	176	1176	1298	1975	897	952	961	1774	1369	578	694	1535	2165	1919	1943	988	1553	3186	897	769	1298	1486	1345	911	1373	2120	3097	1424	897	1026	1120	3025	1035	2056	1210	340	1740	1338	1217	985	905	1312	1099	3209	871	1517	881	2435	1263	1985	870	990	1221	2038	1214	1289	953	1651	774	1938	1999	4069	1636	2193	1486	1956	1014	1015	2231	904	1424	2062	1941	1002	1079	3811	2733	2499	1765	1002	960	2157	1955	990	2942	3071	1183	1938	1110	917	1281	1879	2092	2627	866	3814	2551	2586	1068	925	866	1938	898	1007	934	2118	3551	1183	961	684	1259	1114	1217	2632	1646	878	899	1635	1011	2733	1948	1076	722	3678	1505	1079	1277	899	878	1043	178	1980	1338	1138	1052	1622	837	899	1938	1278	2136	1028
523	259	351	1287	0	763	818	1016	1163	1500	473	336	144	695	744	1234	1591	589	2210	336	335	346	272	335	682	293	1259	523	450	912	446	572	1860	449	597	128	2278	589	755	788	410	1362	541	934	760	1362	463	693	247	633	748	953	444	632	419	1330	607	268	619	1280	1867	629	634	523	629	347	1255	1956	802	1059	411	338	622	1667	875	711	614	353	900	711	1309	514	1140	1898	411	525	802	322	775	446	356	1238	1836	670	410	600	383	2084	629	861	262	968	1492	790	340	479	594	27	189	2018	725	316	621	1272	450	782	461	522	411	1138	447	653	336	1183	1345	1280	855	3441	1186	946	314	748	566	273	947	437	670	1199	745	346	646	3159	1698	1213	539	285	330	871	1176	522	1655	2078	414	1280	177	469	598	1394	844	1340	456	3116	1472	1394	637	361	546	1280	405	280	353	900	2936	414	329	625	581	493	340	1738	598	474	408	1175	430	1698	796	350	595	2693	299	646	23	437	474	662	1450	755	787	371	368	1031	450	409	1280	172	1262	259
582	855	868	1578	763	0	82	1617	424	1492	778	840	891	615	305	1353	1733	547	1455	847	835	863	870	877	218	870	549	596	375	239	935	599	1346	619	679	890	2531	957	728	690	958	627	448	249	733	627	785	812	726	538	632	1284	936	927	623	602	300	854	719	517	1291	542	964	596	542	705	1630	2538	336	397	998	835	616	1026	323	1079	947	499	913	609	545	610	477	1932	997	1032	336	492	271	745	406	554	1697	154	995	552	537	1461	542	670	1018	1246	820	288	483	628	678	771	821	1689	711	534	699	934	375	638	796	605	432	464	415	289	840	475	1936	517	553	2702	487	875	503	632	569	817	1062	764	154	500	599	705	499	2423	1155	1387	585	858	833	1037	432	605	1719	1496	460	517	810	717	300	648	808	1438	809	2392	986	1103	509	874	1182	517	982	861	862	755	2190	460	833	954	324	1230	483	1077	281	769	993	474	625	1155	531	1066	914	2108	544	499	785	773	769	536	1756	680	285	527	620	304	933	995	517	935	572	855
582	890	894	1559	818	82	0	1634	411	1445	788	867	941	697	266	1433	1813	538	1417	873	862	889	904	905	204	902	546	596	404	277	954	593	1376	629	671	946	2500	963	702	770	983	609	449	281	707	609	796	798	759	522	712	1275	956	926	638	588	299	888	710	470	1311	526	965	596	526	727	1620	2546	284	421	1025	861	603	944	255	1080	950	573	994	690	496	612	394	2007	1025	1049	284	562	223	757	462	561	1763	163	1022	541	559	1468	526	747	1068	1232	738	236	519	635	671	829	861	1740	688	607	689	993	404	718	808	606	460	479	438	275	867	396	1950	470	627	2671	406	954	573	712	563	849	1143	778	163	504	680	728	481	2394	1183	1469	668	890	860	1120	413	606	1796	1511	484	470	851	725	301	580	888	1517	822	2367	1026	1164	492	900	1211	470	1009	894	888	833	2156	484	860	955	326	1274	519	1079	364	778	1021	394	638	1183	609	1107	917	2119	616	481	840	786	778	515	1736	761	235	552	641	226	952	1022	470	990	577	890
1063	796	756	698	1016	1617	1634	0	2040	1245	849	783	883	1712	1422	2166	2477	1125	3032	777	787	761	781	751	1435	771	2165	1049	1242	1829	682	1068	2863	1006	1003	955	1480	688	1071	1805	665	2242	1190	1847	1070	2242	840	929	909	1158	1765	576	680	749	996	2219	1337	793	975	2091	2854	1153	705	1049	1153	912	542	942	1452	1990	635	788	1080	2169	1538	607	713	1356	1898	1728	2108	1032	1790	2819	635	585	1452	1316	1471	878	1271	2162	2822	1472	637	1126	1080	3054	1153	1878	814	659	2071	1474	1144	1003	1002	1032	855	3033	1062	1324	997	2288	1242	1799	827	1040	1186	2066	1201	1369	783	1872	329	2091	1864	4296	1864	1955	1311	1765	1093	820	1914	856	1472	2112	1761	912	1201	4022	2692	2121	1556	783	791	1830	2046	1040	2576	3064	1156	2091	869	912	1334	2112	1854	2271	813	4000	2475	2410	1186	747	470	2091	648	783	760	1916	3778	1156	791	712	1309	612	1144	2684	1562	859	639	1858	996	2692	1806	681	743	3682	1308	1201	996	847	859	1179	758	1771	1473	1090	996	1780	683	638	2091	917	2183	796
993	1278	1292	1959	1163	424	411	2040	0	1789	1198	1265	1299	784	662	1425	1777	948	1049	1271	1260	1287	1292	1302	615	1294	143	1007	800	262	1359	1003	1023	1038	1081	1286	2879	1374	1100	810	1383	202	860	238	1104	202	1205	1204	1149	929	770	1683	1360	1337	1045	178	710	1277	1119	206	931	934	1376	1007	934	1129	2027	2957	661	189	1422	1259	1011	948	598	1491	1361	849	1015	767	244	1023	532	1900	1422	1455	661	859	614	1166	813	185	1584	569	1420	950	961	1067	934	741	1423	1637	736	620	907	1045	1081	1167	1240	1461	1088	889	1098	801	800	756	1217	1017	856	164	839	686	1265	452	2359	206	611	2282	475	941	870	770	974	1240	1181	1186	569	128	737	1129	887	2002	828	1484	836	1281	1258	1188	24	1017	1721	1123	884	206	1229	1135	711	443	916	1487	1230	1968	725	968	900	1299	1606	206	1407	1285	1287	819	1774	884	1258	1366	736	1644	907	673	585	1188	1417	466	1046	828	632	1482	1328	1721	903	887	1186	1194	1188	920	2135	818	620	952	1044	366	1357	1419	206	1333	191	1278
1049	1274	1177	585	1500	1492	1445	1245	1789	0	1027	1181	1472	1977	1187	2676	3054	1026	2479	1184	1180	1180	1269	1201	1282	1245	1932	1041	1289	1722	1103	1002	2808	1090	941	1556	1135	941	811	2076	1166	1938	1134	1726	805	1938	1036	816	1253	1007	2017	706	1106	878	1115	1938	1233	1264	907	1709	2720	1006	889	1041	1006	1157	761	1726	1160	1860	1203	1177	958	1344	1202	862	906	1636	2269	1982	1702	1040	1292	3323	1203	1079	1160	1588	1223	1055	1440	1970	3157	1357	1202	1016	1200	2835	1006	2097	1522	635	1369	1208	1297	1060	944	1528	1333	3182	838	1632	914	2421	1289	2039	1039	1036	1268	1907	1246	1222	1181	1392	1359	1709	2008	3694	1371	2271	1592	2017	1026	1241	2371	1062	1357	1910	1993	1157	1031	3453	2612	2675	1860	1247	1185	2311	1779	1036	3088	2907	1234	1709	1341	1038	1239	1584	2179	2778	1045	3475	2470	2587	1027	1168	1256	1709	1196	1254	1172	2173	3186	1234	1186	896	1225	1507	1297	2440	1654	1025	1203	1375	1103	2612	1968	1413	916	3486	1625	1031	1498	1062	1025	994	657	2052	1210	1219	1163	1423	1097	1204	1709	1556	1980	1274
215	272	193	873	473	778	788	849	1198	1027	0	182	462	1035	575	1676	2045	283	2184	187	179	192	273	218	586	252	1327	202	415	1003	192	230	2085	159	189	539	1867	182	330	1136	248	1397	341	1019	333	1397	14	229	226	323	1082	546	194	179	157	1376	489	262	185	1241	2052	317	202	202	317	134	885	1759	609	1166	300	175	257	1404	696	312	182	662	1298	1045	1259	184	959	2335	300	271	609	614	623	37	501	1331	2225	628	298	287	256	2235	317	1183	543	535	1271	627	347	154	187	501	317	2340	305	647	200	1568	415	1112	27	193	364	1238	369	520	182	1034	1161	1241	1130	3447	1028	1321	614	1082	250	228	1377	35	628	1278	1067	134	362	3173	1902	1665	893	248	181	1309	1201	193	2095	2260	329	1241	322	62	487	1272	1221	1780	43	3151	1704	1715	347	190	470	1241	284	257	185	1244	2929	329	183	191	461	635	347	1854	784	10	297	1021	153	1902	1077	482	152	2877	636	362	472	36	10	349	1048	1107	626	272	180	932	187	298	1241	548	1351	272
351	94	27	953	336	840	867	783	1265	1181	182	0	290	979	692	1568	1927	428	2282	7	5	22	92	42	678	70	1385	342	465	1046	119	384	2090	272	363	374	1947	253	511	1079	118	1467	449	1065	515	1467	168	409	130	473	1030	619	118	303	249	1442	582	83	366	1334	2073	468	300	342	468	143	932	1719	736	1207	158	7	422	1564	822	375	280	606	1217	992	1356	326	1092	2232	158	213	736	560	737	176	491	1380	2152	703	155	435	307	2270	468	1138	361	632	1419	745	361	286	361	362	153	2303	486	581	378	1539	465	1062	159	336	408	1283	428	620	0	1159	1109	1334	1105	3538	1155	1253	557	1030	396	62	1277	155	703	1331	1020	142	506	3261	1915	1548	828	67	7	1204	1272	336	1989	2284	382	1334	162	217	576	1392	1151	1674	147	3232	1704	1675	492	35	344	1334	142	76	23	1190	3023	382	8	291	552	463	361	1901	783	189	153	1147	254	1915	1048	304	265	2902	567	506	328	149	189	502	1119	1047	743	314	228	1039	121	155	1334	376	1401	94
568	197	294	1207	144	891	941	883	1299	1472	462	290	0	832	839	1327	1672	642	2344	288	292	292	203	272	790	227	1399	565	554	1051	377	613	2003	487	619	89	2189	535	777	922	325	1499	617	1073	781	1499	449	691	260	688	885	877	375	593	457	1468	706	208	633	1408	2011	684	585	565	684	360	1158	1819	894	1200	310	295	661	1756	973	643	567	497	1019	849	1436	552	1242	1991	310	437	894	466	875	444	486	1379	1951	787	310	652	452	2228	684	998	127	903	1590	888	437	513	616	152	145	2149	748	460	640	1410	554	919	443	561	507	1279	541	752	290	1292	1209	1408	998	3579	1293	1072	458	885	614	234	1051	429	787	1339	883	360	709	3298	1841	1297	676	225	287	972	1311	561	1747	2222	501	1408	142	477	698	1510	971	1433	434	3256	1614	1528	698	304	416	1408	308	217	300	1033	3073	501	286	577	679	349	437	1882	741	466	308	1284	467	1841	938	207	555	2836	443	709	120	426	466	718	1363	889	885	445	411	1148	382	308	1408	86	1403	197
935	932	1003	1908	695	615	697	1712	784	1977	1035	979	832	0	857	741	1124	951	1766	983	976	997	947	996	749	962	807	945	687	547	1098	978	1186	914	1048	771	2902	1203	1166	101	1082	933	843	568	1172	933	1033	1186	852	971	52	1578	1098	1215	897	893	763	938	1086	976	1220	972	1235	945	972	906	1907	2651	908	605	1095	978	1020	1626	925	1336	1214	375	304	20	1014	950	1087	1353	1095	1191	908	423	846	997	544	755	1193	678	1093	961	798	1456	972	166	924	1571	1413	865	698	940	1045	680	865	1326	1140	398	1075	578	687	88	1038	952	713	670	732	788	979	1068	2040	976	211	2914	1083	294	424	52	953	924	446	1004	678	744	61	906	950	2630	1041	771	156	952	972	425	806	952	1127	1426	749	976	852	994	756	1183	204	831	1042	2566	804	699	952	1013	1241	976	1085	950	1002	210	2435	749	971	1224	764	1159	698	1161	349	1030	1091	1071	906	1041	163	1039	1186	2030	412	950	716	1009	1030	986	2082	75	862	779	858	898	1100	1092	976	816	779	932
359	738	717	1297	744	305	266	1422	662	1187	575	692	839	857	0	1597	1981	298	1610	699	687	712	749	734	107	742	802	373	295	538	758	355	1642	426	428	869	2234	736	438	945	800	850	242	545	443	850	585	543	610	271	885	1022	760	688	444	836	138	733	463	672	1576	277	730	373	277	549	1365	2314	60	687	847	685	354	923	133	842	717	615	1161	855	687	390	405	2204	847	846	60	584	50	550	435	823	1991	180	845	298	397	1728	277	943	962	975	750	53	405	422	428	762	728	1995	426	636	441	1237	295	899	598	382	334	745	299	93	692	467	1728	672	838	2874	464	1139	594	885	329	690	1295	573	180	765	856	549	228	2601	1449	1619	783	731	686	1256	660	382	1982	1775	338	672	722	512	147	701	1060	1689	614	2584	1289	1405	242	720	1031	672	831	737	709	1026	2355	338	687	721	162	1138	405	1336	508	564	843	455	440	1449	807	970	685	2381	639	228	762	582	564	259	1474	929	51	398	465	358	755	845	672	905	838	738
1627	1493	1584	2521	1234	1353	1433	2166	1425	2676	1676	1568	1327	741	1597	0	384	1658	2233	1569	1567	1580	1506	1569	1489	1527	1392	1635	1399	1240	1680	1675	1283	1587	1734	1240	3512	1818	1870	663	1642	1514	1556	1256	1876	1514	1670	1864	1459	1684	721	2187	1679	1850	1564	1474	1496	1502	1769	1631	1410	1684	1860	1635	1684	1541	2485	3055	1649	1235	1636	1569	1721	2338	1666	1944	1839	1041	439	745	1669	1636	1815	664	1635	1757	1649	1088	1587	1641	1240	1325	706	1420	1635	1668	1476	1663	1684	699	1361	2198	2122	1607	1379	1617	1732	1209	1422	1083	1842	1043	1762	750	1399	715	1671	1639	1412	1273	1438	1524	1568	1784	2472	1631	830	3207	1802	489	1083	721	1653	1505	306	1641	1420	1341	753	1541	1670	2933	1241	95	825	1519	1562	366	1450	1639	421	1567	1445	1631	1411	1650	1487	1862	544	106	1671	2838	1033	687	1669	1595	1729	1631	1632	1514	1586	614	2789	1445	1561	1849	1493	1554	1379	1523	1091	1674	1633	1789	1575	1241	831	1500	1816	2062	1051	1670	1245	1644	1674	1703	2684	673	1604	1457	1518	1620	1684	1633	1631	1268	1343	1493
2006	1848	1942	2876	1591	1733	1813	2477	1777	3054	2045	1927	1672	1124	1981	384	0	2039	2505	1928	1926	1938	1860	1925	1873	1882	1729	2013	1781	1609	2037	2054	1456	1964	2112	1584	3861	2180	2250	1043	1994	1846	1938	1623	2256	1846	2038	2239	1825	2066	1102	2544	2034	2217	1940	1807	1880	1858	2146	1983	1610	2066	2223	2013	2066	1910	2830	3334	2033	1589	1983	1929	2101	2705	2049	2302	2203	1422	821	1128	2021	2013	2190	363	1982	2107	2033	1468	1971	2012	1621	1660	639	1803	1982	2050	1854	1852	2066	1071	1691	2559	2489	1990	1757	1993	2109	1565	1778	1108	2222	1422	2140	1036	1781	1094	2039	2018	1793	1619	1820	1908	1927	2155	2770	1983	1200	3383	2173	861	1463	1102	2034	1864	689	2010	1803	1683	1133	1910	2053	3119	1462	380	1209	1875	1921	742	1801	2018	173	1734	1825	1983	1767	2022	1872	2219	925	295	2037	3012	1289	924	2052	1953	2060	1983	1980	1869	1945	985	3002	1825	1921	2214	1877	1865	1757	1782	1474	2044	1980	2161	1950	1462	1207	1831	2181	2148	1429	2053	1600	2012	2044	2086	3035	1055	1987	1835	1892	1994	2040	1981	1983	1606	1676	1848
77	495	450	1032	589	547	538	1125	948	1026	283	428	642	951	298	1658	2039	0	1908	435	424	446	503	471	334	490	1084	86	263	785	473	57	1889	160	133	696	1999	438	214	1051	523	1142	111	797	220	1142	295	265	384	46	992	737	476	391	188	1124	247	488	172	971	1839	41	432	86	41	296	1083	2016	327	944	574	421	72	1135	414	545	419	617	1244	956	986	103	675	2299	574	555	327	572	348	265	418	1097	2136	393	571	11	210	2005	41	1075	752	699	992	349	289	142	133	614	508	2196	188	620	152	1424	263	1014	309	93	245	1010	220	262	428	751	1429	971	996	3172	744	1245	578	992	33	445	1352	289	393	1041	969	296	79	2900	1701	1663	836	481	424	1297	949	93	2066	2043	215	971	505	224	248	990	1153	1758	325	2882	1520	1584	64	451	752	971	558	488	442	1149	2653	215	425	423	226	891	289	1617	638	273	570	738	179	1701	951	727	387	2655	615	79	600	297	273	76	1210	1027	348	225	231	656	470	572	971	722	1114	495
1969	2307	2308	2815	2210	1455	1417	3032	1049	2479	2184	2282	2344	1766	1610	2233	2505	1908	0	2288	2277	2304	2321	2321	1604	2319	972	1983	1821	1307	2362	1964	1155	2030	2033	2335	3615	2346	1999	1757	2397	855	1845	1284	2002	855	2194	2130	2176	1876	1736	2596	2364	2293	2044	891	1702	2305	2065	947	971	1882	2336	1983	1882	2140	2920	3911	1582	1183	2440	2275	1957	1176	1497	2446	2325	1897	1914	1746	926	2000	1268	2493	2440	2453	1582	1908	1561	2157	1858	1014	2071	1579	2437	1907	1974	826	1882	1666	2470	2534	1109	1558	1936	2030	2034	2216	2276	1712	1998	1937	2043	1484	1821	1711	2207	1992	1877	1107	1854	1666	2282	1174	3336	947	1560	1265	1187	1818	1918	1736	1939	2266	2072	2180	1579	1036	1709	2141	1833	997	1068	2315	1854	2307	2275	2107	1035	1992	2392	979	1900	947	2266	2121	1706	938	1836	2258	2222	1000	1216	1580	1848	2314	2626	947	2424	2311	2302	1720	745	1900	2275	2328	1731	2685	1936	724	1632	2173	2436	1190	2042	1068	1603	2521	2293	1264	1951	1833	2234	2189	2173	1858	2979	1777	1559	1968	2054	1251	2360	2437	947	2381	990	2307
358	91	21	952	336	847	873	777	1271	1184	187	7	288	983	699	1569	1928	435	2288	0	12	16	87	35	685	65	1391	349	471	1052	115	390	2095	278	369	372	1945	254	517	1082	112	1474	456	1071	520	1474	173	413	135	480	1034	618	114	305	256	1449	589	80	372	1341	2079	475	301	349	475	150	929	1714	743	1213	151	14	428	1571	829	375	281	609	1219	996	1363	333	1099	2233	151	209	743	564	744	182	496	1386	2155	710	149	442	314	2276	475	1142	357	631	1426	752	367	293	367	363	152	2307	491	585	384	1543	471	1066	164	342	415	1289	435	627	7	1166	1103	1341	1109	3545	1162	1255	561	1034	402	63	1278	161	710	1337	1024	149	513	3267	1920	1549	831	63	13	1205	1279	342	1990	2289	389	1341	161	223	583	1399	1153	1675	151	3239	1709	1679	499	30	337	1341	135	72	18	1193	3030	389	13	292	559	456	367	1907	788	195	147	1154	261	1920	1052	297	267	2907	570	513	328	155	195	509	1118	1050	750	321	235	1046	118	149	1341	373	1408	91
347	96	32	955	335	835	862	787	1260	1180	179	5	292	976	687	1567	1926	424	2277	12	0	27	94	47	673	73	1380	338	460	1041	121	379	2086	267	359	375	1949	254	508	1076	123	1463	444	1060	511	1463	165	406	127	469	1027	620	121	303	244	1438	577	85	362	1329	2069	463	300	338	463	137	934	1723	731	1203	163	3	418	1559	817	377	280	603	1215	989	1351	321	1087	2231	163	217	731	557	732	172	487	1375	2150	698	160	431	302	2266	463	1135	364	633	1414	740	356	281	356	362	154	2300	482	578	374	1535	460	1059	156	331	403	1278	423	615	5	1154	1114	1329	1101	3533	1150	1250	554	1027	391	62	1275	151	698	1326	1017	137	501	3256	1911	1548	825	70	5	1202	1267	331	1988	2279	377	1329	162	213	571	1387	1148	1673	144	3227	1700	1672	487	40	349	1329	147	78	27	1187	3018	377	5	291	547	468	356	1896	779	186	158	1142	250	1911	1044	308	265	2898	564	501	328	146	186	497	1121	1044	738	309	223	1034	123	160	1329	377	1397	96
370	95	5	941	346	863	889	761	1287	1180	192	22	292	997	712	1580	1938	446	2304	16	27	0	89	25	700	65	1407	360	487	1068	102	401	2111	291	377	377	1934	246	522	1096	96	1490	470	1087	526	1490	178	415	151	491	1048	607	101	301	269	1465	603	84	377	1356	2095	485	294	360	485	164	916	1698	756	1229	136	28	438	1581	842	364	275	624	1232	1011	1378	344	1112	2244	136	194	756	579	758	190	512	1402	2168	725	133	453	329	2292	485	1156	355	622	1438	765	383	304	374	372	160	2321	497	599	391	1558	487	1080	167	353	431	1305	451	642	22	1180	1087	1356	1124	3560	1176	1269	576	1048	413	75	1290	168	725	1353	1039	164	525	3283	1936	1559	845	67	29	1216	1294	353	2001	2305	405	1356	170	232	598	1413	1167	1686	154	3254	1724	1694	510	15	322	1356	120	74	8	1208	3045	405	29	286	573	447	383	1923	804	200	132	1168	274	1936	1068	290	263	2923	584	525	337	161	200	519	1106	1065	764	336	250	1061	105	133	1356	376	1424	95
426	15	91	1016	272	870	904	781	1292	1269	273	92	203	947	749	1506	1860	503	2321	87	94	89	0	68	724	23	1407	418	499	1063	177	463	2082	343	449	290	2006	332	601	1045	138	1495	509	1083	604	1495	259	500	144	549	999	684	175	390	317	1468	630	16	455	1374	2074	544	382	418	544	207	982	1722	797	1222	148	98	504	1638	882	444	363	580	1170	962	1398	403	1153	2170	148	252	797	538	792	264	495	1398	2106	741	146	511	354	2277	544	1110	270	704	1487	802	386	362	447	297	84	2273	574	551	466	1516	499	1032	250	412	444	1299	469	672	92	1216	1110	1374	1087	3572	1213	1211	533	999	471	59	1220	244	741	1351	992	207	578	3293	1911	1482	793	24	91	1144	1301	412	1927	2284	424	1374	97	303	624	1446	1109	1612	239	3261	1694	1647	565	100	318	1374	138	16	97	1156	3059	424	90	374	601	390	386	1914	782	280	144	1205	324	1911	1029	224	352	2902	536	578	260	239	280	578	1178	1012	799	356	285	1088	182	145	1374	287	1420	15
394	77	25	952	335	877	905	751	1302	1201	218	42	272	996	734	1569	1925	471	2321	35	47	25	68	0	718	45	1421	385	502	1080	111	425	2117	314	403	358	1943	264	548	1094	88	1504	491	1099	552	1504	204	441	158	515	1047	618	109	322	291	1479	622	67	403	1374	2103	510	313	385	510	184	922	1690	778	1241	120	49	463	1606	864	377	295	624	1226	1010	1396	368	1134	2234	120	195	778	580	778	216	520	1414	2163	742	117	477	347	2302	510	1156	331	637	1462	786	396	328	400	360	146	2321	523	598	417	1560	502	1080	193	378	446	1317	467	661	42	1201	1079	1374	1127	3577	1197	1265	577	1047	438	72	1281	194	742	1366	1038	184	548	3299	1943	1547	843	50	47	1206	1309	378	1990	2313	421	1374	158	257	617	1434	1163	1675	180	3269	1730	1694	534	32	305	1374	105	56	33	1206	3062	421	46	305	592	422	396	1934	811	226	115	1189	297	1943	1070	264	284	2931	583	548	325	187	226	544	1115	1062	784	353	269	1080	115	117	1374	355	1436	77
378	712	704	1360	682	218	204	1435	615	1282	586	678	790	749	107	1489	1873	334	1604	685	673	700	724	718	0	720	750	392	235	458	758	388	1565	429	467	809	2312	760	509	837	792	812	246	468	514	812	595	596	581	321	777	1072	760	722	440	793	97	708	506	658	1508	325	761	392	325	536	1417	2343	161	614	837	672	401	998	205	875	746	517	1053	747	678	408	459	2096	836	851	161	490	106	557	350	763	1887	75	834	337	371	1671	325	837	916	1031	813	125	353	433	467	698	692	1901	492	542	485	1139	235	791	608	402	285	677	255	71	678	502	1748	658	734	2864	504	1031	500	777	359	667	1187	578	75	706	748	536	281	2588	1374	1512	677	708	671	1150	617	402	1874	1711	300	658	683	524	101	723	952	1581	622	2565	1204	1305	292	709	1022	658	820	713	698	919	2347	300	672	751	126	1106	353	1283	400	576	832	494	439	1374	701	938	713	2321	546	281	702	587	576	317	1538	821	122	367	450	363	756	834	658	849	780	712
412	33	67	995	293	870	902	771	1294	1245	252	70	227	962	742	1527	1882	490	2319	65	73	65	23	45	720	0	1410	404	497	1067	155	448	2093	330	431	313	1985	309	581	1060	119	1496	500	1086	585	1496	239	479	144	535	1014	662	153	366	305	1470	625	25	436	1372	2082	530	358	404	530	195	962	1712	788	1226	137	77	488	1625	874	422	339	594	1188	977	1395	388	1145	2191	136	233	788	550	785	245	501	1401	2124	739	134	497	349	2284	530	1124	291	681	1477	794	386	348	429	318	104	2288	555	565	448	1530	497	1047	229	398	442	1303	466	666	70	1208	1100	1372	1099	3572	1206	1229	546	1014	457	53	1240	225	739	1354	1006	195	566	3294	1920	1504	809	12	71	1165	1302	398	1948	2293	420	1372	116	285	619	1439	1126	1633	217	3262	1705	1662	552	76	313	1372	124	13	73	1172	3058	420	69	350	595	401	386	1919	790	259	132	1197	312	1920	1041	238	328	2911	550	566	281	219	259	564	1157	1028	792	352	276	1083	159	134	1372	310	1423	33
1126	1392	1412	2100	1259	549	546	2165	143	1932	1327	1385	1399	807	802	1392	1729	1084	972	1391	1380	1407	1407	1421	750	1410	0	1140	922	348	1483	1138	884	1167	1217	1379	3022	1505	1241	815	1504	127	993	326	1245	127	1334	1343	1266	1067	784	1821	1484	1471	1173	86	842	1392	1256	288	788	1072	1509	1140	1072	1252	2165	3087	803	210	1541	1380	1149	1040	741	1625	1494	930	1004	789	319	1156	666	1828	1541	1580	803	946	755	1294	919	70	1490	699	1538	1087	1085	925	1072	735	1522	1777	833	762	1024	1176	1217	1261	1350	1339	1228	971	1235	721	922	764	1346	1150	978	137	963	821	1385	580	2485	288	613	2181	603	921	956	784	1109	1357	1170	1314	699	64	754	1252	1025	1899	690	1458	883	1397	1377	1187	153	1150	1661	979	1008	288	1338	1265	843	526	912	1446	1358	1858	606	880	1038	1420	1723	288	1526	1400	1407	804	1679	1008	1378	1499	868	1747	1024	533	666	1317	1536	594	1174	690	647	1589	1461	1579	986	1025	1283	1322	1317	1059	2276	830	761	1074	1169	508	1481	1538	288	1427	60	1392
14	411	364	999	523	596	596	1049	1007	1041	202	342	565	945	373	1635	2013	86	1983	349	338	360	418	385	392	404	1140	0	267	829	390	49	1927	77	102	623	1978	368	241	1046	438	1204	147	843	247	1204	213	242	305	131	988	691	392	331	107	1185	298	403	141	1042	1883	125	368	0	125	212	1037	1950	407	991	488	335	99	1221	494	484	353	594	1230	952	1058	17	758	2283	488	474	407	546	422	180	401	1149	2136	442	486	92	160	2057	125	1078	671	660	1078	425	255	56	100	549	427	2215	212	591	129	1441	267	1013	227	9	232	1060	218	323	342	832	1358	1042	1007	3246	826	1239	551	988	53	360	1329	204	442	1095	968	212	164	2973	1740	1635	820	396	338	1271	1010	9	2047	2089	195	1042	425	140	297	1070	1143	1736	242	2953	1553	1597	150	364	667	1042	472	403	356	1148	2728	195	339	359	272	805	255	1672	651	191	484	819	97	1740	960	642	320	2703	584	164	531	213	191	160	1177	1020	424	179	156	731	386	486	1042	646	1168	411
255	485	492	1263	450	375	404	1242	800	1289	415	465	554	687	295	1399	1781	263	1821	471	460	487	499	502	235	497	922	267	0	590	560	293	1671	261	368	576	2245	598	478	787	583	1002	157	607	484	1002	420	508	354	286	728	949	561	581	258	978	157	483	408	875	1636	285	612	267	285	330	1293	2168	354	752	623	459	333	1219	425	726	594	364	981	693	899	276	691	2036	622	658	354	323	324	380	164	921	1874	242	620	273	163	1821	285	814	680	924	1042	339	118	279	366	467	459	1948	452	374	394	1174	0	751	431	275	56	826	49	203	465	738	1564	875	740	3074	739	982	330	728	267	444	1092	397	242	870	706	330	271	2796	1487	1408	574	485	457	1041	807	275	1804	1845	87	875	450	358	148	958	889	1497	442	2767	1292	1330	270	499	807	875	607	489	486	886	2561	87	458	602	133	873	118	1444	384	407	618	729	262	1487	693	706	562	2461	372	271	469	405	407	304	1441	763	336	152	247	596	559	620	875	615	941	485
815	1048	1073	1816	912	239	277	1829	262	1722	1003	1046	1051	547	538	1240	1609	785	1307	1052	1041	1068	1063	1080	458	1067	348	829	590	0	1148	835	1107	845	916	1032	2770	1185	967	591	1165	452	683	23	972	452	1009	1050	924	777	543	1520	1149	1159	846	419	537	1048	956	433	1054	781	1194	829	781	918	1866	2758	561	163	1200	1041	855	1098	528	1309	1177	589	810	533	470	843	589	1773	1199	1247	561	601	499	968	572	334	1504	392	1197	790	753	1231	781	540	1174	1484	882	513	684	858	915	914	1004	1463	950	629	937	724	590	536	1020	839	644	237	634	528	1046	546	2152	433	409	2529	565	750	611	543	805	1014	972	986	392	289	509	918	738	2247	916	1288	580	1054	1038	966	280	839	1574	1260	677	433	992	944	536	637	706	1314	1031	2206	750	896	748	1081	1381	433	1185	1057	1069	625	2025	677	1038	1184	559	1399	684	855	324	994	1195	553	849	916	413	1241	1144	1875	643	738	935	994	994	775	1994	593	511	741	836	391	1147	1197	433	1080	356	1048
401	188	97	840	446	935	954	682	1359	1103	192	119	377	1098	758	1680	2037	473	2362	115	121	102	177	111	758	155	1483	390	560	1148	0	421	2204	332	378	466	1832	161	506	1198	68	1560	518	1166	508	1560	178	381	248	515	1149	507	3	231	318	1537	661	178	368	1416	2183	509	214	390	509	230	814	1611	796	1310	118	120	449	1595	883	267	197	724	1335	1111	1436	372	1148	2345	117	99	796	679	806	209	603	1481	2271	792	115	478	398	2377	509	1257	419	526	1463	811	465	336	376	472	258	2421	484	700	386	1657	560	1181	165	381	504	1385	519	696	119	1222	1004	1416	1222	3622	1216	1371	676	1149	440	177	1392	185	792	1430	1139	230	553	3347	2027	1659	947	161	126	1317	1365	381	2102	2393	474	1416	269	249	657	1459	1269	1787	149	3322	1818	1794	538	86	278	1416	104	167	97	1309	3106	474	127	207	632	459	465	2003	896	202	115	1209	320	2027	1165	324	195	3011	686	553	436	176	202	541	1004	1166	810	408	314	1113	5	116	1416	458	1502	188
51	456	403	984	572	599	593	1068	1003	1002	230	384	613	978	355	1675	2054	57	1964	390	379	401	463	425	388	448	1138	49	293	835	421	0	1938	126	80	672	1956	381	196	1078	473	1198	153	848	202	1198	242	218	353	93	1020	685	424	335	156	1180	298	448	120	1028	1890	87	375	49	87	258	1030	1959	384	996	525	376	50	1180	470	489	362	633	1267	984	1043	61	729	2320	525	500	384	587	405	214	438	1150	2167	445	522	58	206	2059	87	1107	719	648	1042	406	297	101	79	598	475	2237	167	633	103	1464	293	1044	256	51	265	1063	246	317	384	807	1372	1028	1032	3229	799	1272	591	1020	30	406	1369	238	445	1095	999	258	133	2957	1750	1677	857	440	380	1312	1004	51	2085	2095	231	1028	473	172	299	1046	1178	1776	272	2939	1567	1621	118	403	700	1028	508	447	395	1179	2710	231	381	366	276	847	297	1671	675	219	521	793	146	1750	986	686	330	2707	626	133	581	246	219	119	1162	1053	405	223	205	713	417	522	1028	695	1168	456
1913	2067	2117	2922	1860	1346	1376	2863	1023	2808	2085	2090	2003	1186	1642	1283	1456	1889	1155	2095	2086	2111	2082	2117	1565	2093	884	1927	1671	1107	2204	1938	0	1932	2019	1951	3876	2267	2074	1114	2205	912	1784	1098	2079	912	2088	2155	1960	1884	1135	2618	2204	2252	1928	899	1643	2070	2059	1149	183	1887	2284	1927	1887	1981	2964	3805	1656	954	2230	2087	1960	1852	1607	2397	2265	1510	1143	1167	1170	1939	1550	1370	2229	2302	1656	1548	1599	2048	1600	839	933	1498	2227	1895	1828	397	1887	1023	2105	2587	1668	1610	1743	1949	2018	1850	2008	561	2057	1544	2041	631	1671	1100	2098	1936	1720	901	1719	1635	2090	1461	3193	1149	1005	1932	1484	1047	1554	1135	1908	2046	1252	2063	1498	899	1129	1981	1846	1664	195	1378	1336	2081	2082	1321	1037	1936	1314	284	1757	1149	1994	2029	1641	1357	1121	1269	2107	1560	388	606	1856	2126	2395	1149	2217	2081	2114	1018	1549	1757	2082	2273	1663	2341	1743	496	1308	2077	2225	1476	1933	195	1064	2210	2233	845	1561	1846	1883	2070	2077	1883	3100	1147	1609	1813	1908	1390	2204	2227	1149	1997	832	2067
83	335	294	1007	449	619	629	1006	1038	1090	159	272	487	914	426	1587	1964	160	2030	278	267	291	343	314	429	330	1167	77	261	845	332	126	1932	0	152	547	1994	339	307	1015	374	1238	185	861	312	1238	167	276	227	206	959	688	334	319	30	1216	331	328	182	1086	1896	201	351	77	201	136	1032	1919	466	1008	423	264	174	1294	553	465	333	552	1191	922	1104	65	821	2240	423	423	466	503	473	128	370	1172	2107	469	420	168	116	2076	201	1054	594	667	1147	479	216	30	149	476	349	2202	277	545	179	1428	261	986	179	74	214	1079	213	364	272	891	1320	1086	991	3292	887	1205	506	959	129	285	1284	149	469	1119	941	136	235	3017	1748	1584	781	321	267	1222	1042	74	2002	2104	177	1086	347	98	328	1127	1108	1690	193	2994	1554	1580	221	297	605	1086	406	328	287	1120	2775	177	268	340	303	732	216	1695	639	149	419	879	19	1748	941	568	300	2720	536	235	457	158	149	235	1184	988	477	134	81	780	329	420	1086	569	1191	335
113	446	378	904	597	679	671	1003	1081	941	189	363	619	1048	428	1734	2112	133	2033	369	359	377	449	403	467	431	1217	102	368	916	378	80	2019	152	0	686	1878	314	158	1148	437	1275	234	928	163	1275	203	140	361	157	1091	604	381	260	180	1258	379	436	40	1100	1970	151	302	102	151	259	950	1885	451	1076	490	356	76	1216	536	414	291	695	1332	1054	1114	98	787	2384	489	447	451	647	478	186	504	1230	2239	525	487	131	258	2138	151	1180	715	568	1088	478	356	121	2	624	476	2314	129	691	27	1541	368	1116	216	96	334	1143	319	396	363	869	1302	1100	1108	3298	861	1341	651	1091	110	396	1429	208	525	1174	1070	259	200	3027	1831	1733	921	425	361	1369	1082	96	2147	2175	298	1100	477	146	379	1109	1245	1836	231	3012	1647	1698	186	376	656	1100	474	434	370	1250	2779	298	362	294	356	823	356	1750	751	179	486	855	168	1831	1061	667	260	2787	683	200	602	215	179	176	1082	1122	477	277	232	784	374	488	1100	704	1248	446
625	282	380	1296	128	890	946	955	1286	1556	539	374	89	771	869	1240	1584	696	2335	372	375	377	290	358	809	313	1379	623	576	1032	466	672	1951	547	686	0	2277	622	844	858	414	1484	658	1055	849	1484	527	767	325	741	824	967	463	678	516	1452	732	293	703	1407	1966	737	672	623	737	427	1246	1886	926	1177	399	378	721	1791	1001	732	653	458	943	789	1436	612	1267	1904	399	526	926	434	901	518	484	1356	1871	799	398	706	495	2188	737	938	153	992	1618	915	463	574	683	119	222	2080	816	419	709	1350	576	859	521	621	534	1256	570	778	374	1311	1279	1407	947	3561	1313	1000	425	824	670	315	968	505	799	1318	825	427	758	3279	1794	1210	616	310	370	888	1300	621	1660	2176	535	1407	217	548	724	1522	899	1347	513	3233	1563	1461	748	390	494	1407	397	303	385	968	3058	535	369	664	706	390	463	1849	714	542	396	1303	527	1794	887	273	640	2788	403	758	107	502	542	771	1451	824	912	486	467	1160	470	397	1407	48	1379	282
1990	2018	1929	995	2278	2531	2500	1480	2879	1135	1867	1947	2189	2902	2234	3512	3861	1999	3615	1945	1949	1934	2006	1943	2312	1985	3022	1978	2245	2770	1832	1956	3876	1994	1878	2277	0	1704	1803	3004	1869	3044	2109	2778	1798	3044	1869	1737	2064	1998	2950	1329	1834	1687	2008	3039	2240	2009	1837	2822	3807	1995	1669	1978	1995	1997	1032	1218	2223	2922	1878	1946	1927	2469	2281	1573	1690	2529	3161	2912	2820	1969	2411	4177	1878	1755	2223	2481	2278	1904	2363	3052	4092	2382	1879	1992	2109	3941	1995	3048	2176	1331	2505	2267	2208	1970	1880	2303	2089	4193	1822	2513	1853	3419	2245	2978	1865	1969	2206	2978	2196	2243	1947	2511	1320	2822	2985	4822	2492	3188	2481	2950	1985	2009	3224	1898	2382	2993	2933	1997	2034	4585	3684	3486	2760	1992	1954	3150	2872	1969	3933	4002	2168	2822	2101	1909	2244	2714	3088	3618	1862	4610	3516	3574	2025	1918	1813	2822	1881	1998	1927	3111	4317	2168	1954	1679	2224	2040	2208	3546	2629	1872	1880	2494	2000	3684	2935	2037	1717	4595	2500	2034	2266	1894	1872	1996	828	2975	2268	2128	2044	2521	1829	1880	2822	2255	3065	2018
381	340	243	708	589	957	963	688	1374	941	182	253	535	1203	736	1818	2180	438	2346	254	254	246	332	264	760	309	1505	368	598	1185	161	381	2267	339	314	622	1704	0	402	1304	226	1572	514	1200	402	1572	179	262	360	470	1252	375	165	81	339	1552	664	330	288	1408	2235	464	52	368	464	297	707	1583	764	1348	269	251	391	1509	850	133	39	828	1456	1214	1424	351	1102	2481	268	165	764	780	786	219	679	1511	2388	806	267	439	439	2416	464	1355	581	379	1394	788	527	329	314	616	406	2516	387	809	310	1745	598	1282	170	358	547	1419	551	691	253	1184	991	1408	1307	3610	1175	1485	780	1252	407	316	1524	205	806	1458	1239	297	512	3338	2085	1801	1057	312	259	1453	1377	358	2239	2443	511	1408	416	241	662	1424	1384	1924	162	3320	1886	1890	498	232	382	1408	259	319	238	1414	3092	511	260	47	637	601	527	2034	965	191	267	1170	335	2085	1254	480	57	3059	797	512	582	198	191	490	879	1274	787	454	360	1095	156	268	1408	618	1530	340
246	598	523	859	755	728	702	1071	1100	811	330	511	777	1166	438	1870	2250	214	1999	517	508	522	601	548	509	581	1241	241	478	967	506	196	2074	307	158	844	1803	402	0	1265	570	1283	324	976	5	1283	344	142	519	199	1206	598	509	327	336	1271	439	589	145	1089	2013	198	371	241	198	417	934	1912	440	1122	622	504	148	1108	515	463	368	829	1458	1171	1097	245	734	2513	622	557	440	782	486	337	631	1262	2350	578	620	205	402	2166	198	1289	869	543	1000	479	494	276	161	782	632	2400	29	829	136	1630	478	1229	355	239	458	1182	434	440	511	825	1350	1089	1206	3263	813	1460	787	1206	216	550	1564	356	578	1204	1183	417	231	2997	1883	1873	1049	576	510	1508	1097	239	2279	2214	425	1089	634	300	443	1063	1368	1971	370	2989	1713	1792	224	520	774	1089	607	585	515	1363	2743	425	511	366	425	962	494	1773	849	322	619	809	325	1883	1163	812	344	2819	823	231	761	362	322	193	1035	1241	479	420	388	770	500	621	1089	861	1277	598
1036	1029	1102	2010	788	690	770	1805	810	2076	1136	1079	922	101	945	663	1043	1051	1757	1082	1076	1096	1045	1094	837	1060	815	1046	787	591	1198	1078	1114	1015	1148	858	3004	1304	1265	0	1180	943	942	610	1271	943	1134	1287	952	1069	60	1679	1197	1316	998	902	857	1036	1187	1009	1159	1070	1336	1046	1070	1007	2008	2742	995	624	1192	1078	1120	1684	1006	1438	1315	476	223	94	1047	1051	1153	1260	1192	1290	995	524	931	1099	646	758	1091	765	1190	1060	899	1401	1070	97	1010	1672	1470	950	799	1042	1146	772	962	1229	1239	497	1176	494	787	55	1139	1052	814	681	832	880	1079	1127	2132	1009	202	2880	1144	196	524	60	1053	1023	381	1106	765	755	90	1008	1048	2597	979	701	251	1050	1071	378	833	1052	1037	1362	850	1009	949	1096	850	1226	118	748	1144	2528	738	605	1050	1112	1335	1009	1183	1047	1101	111	2410	850	1071	1325	859	1243	799	1126	437	1132	1188	1131	1007	979	179	1129	1287	1959	512	1048	808	1110	1132	1084	2183	33	948	880	960	961	1200	1189	1009	902	781	1029
449	152	91	882	410	958	983	665	1383	1166	248	118	325	1082	800	1642	1994	523	2397	112	123	96	138	88	792	119	1504	438	583	1165	68	473	2205	374	437	414	1869	226	570	1180	0	1585	558	1183	573	1585	234	448	245	566	1133	552	64	299	355	1561	695	144	430	1450	2190	560	279	438	560	256	844	1602	841	1326	52	123	505	1652	928	319	264	711	1308	1096	1470	421	1195	2307	52	114	841	667	846	259	607	1499	2244	820	49	529	424	2388	560	1243	355	579	1515	853	480	383	435	434	222	2407	548	684	446	1647	583	1166	221	430	526	1402	545	732	118	1266	991	1450	1215	3654	1261	1349	664	1133	490	160	1358	235	820	1450	1125	256	602	3377	2031	1617	928	130	126	1281	1390	430	2063	2401	499	1450	235	300	690	1501	1246	1749	205	3350	1818	1780	588	84	231	1450	37	132	96	1292	3139	499	126	273	665	392	480	2019	899	258	49	1254	359	2031	1158	255	263	3019	669	602	397	227	258	593	1042	1148	851	431	342	1151	74	50	1450	402	1520	152
1190	1481	1495	2140	1362	627	609	2242	202	1938	1397	1467	1499	933	850	1514	1846	1142	855	1474	1463	1490	1495	1504	812	1496	127	1204	1002	452	1560	1198	912	1238	1275	1484	3044	1572	1283	943	1585	0	1058	429	1287	0	1405	1394	1352	1121	911	1873	1562	1533	1246	40	908	1480	1311	238	794	1126	1572	1204	1126	1331	2215	3155	843	331	1625	1462	1203	962	772	1687	1558	1041	1131	915	257	1220	651	1933	1625	1656	843	1054	801	1366	1015	190	1583	769	1622	1144	1163	897	1126	862	1623	1824	764	805	1110	1244	1275	1365	1443	1400	1274	1081	1290	827	1002	892	1417	1214	1059	263	1041	881	1467	556	2559	238	741	2080	578	1046	1064	911	1169	1443	1296	1386	769	189	881	1331	1078	1800	722	1582	1006	1484	1460	1314	195	1214	1773	970	1086	238	1431	1335	910	452	1039	1565	1430	1765	678	980	1091	1501	1809	238	1609	1487	1489	931	1573	1086	1460	1563	935	1845	1110	502	776	1387	1620	572	1246	722	773	1684	1525	1551	1096	1078	1386	1395	1387	1110	2315	957	805	1154	1246	523	1559	1622	238	1531	170	1481
133	499	474	1138	541	448	449	1190	860	1134	341	449	617	843	242	1556	1938	111	1845	456	444	470	509	491	246	500	993	147	157	683	518	153	1784	185	234	658	2109	514	324	942	558	1058	0	696	329	1058	350	372	374	128	882	836	520	478	202	1038	150	493	274	900	1738	128	516	147	128	307	1182	2097	288	844	605	442	183	1139	373	631	500	519	1138	848	919	162	644	2193	605	608	288	476	288	312	318	1002	2026	295	602	119	165	1910	128	965	735	802	980	295	211	187	233	564	495	2085	298	526	257	1313	157	905	363	157	152	913	120	179	449	709	1502	900	884	3106	706	1137	482	882	124	450	1250	335	295	947	859	307	117	2832	1597	1564	732	490	444	1198	863	157	1961	1943	132	900	490	278	149	943	1045	1655	377	2810	1413	1472	114	478	789	900	588	496	467	1039	2589	132	444	506	125	899	211	1524	527	330	600	698	198	1597	840	732	468	2557	522	117	555	344	330	147	1316	918	293	172	224	595	515	602	900	690	1020	499
