NAME : VRPTW_INSTANCE_7.txt
COMMENT : Bangkok Supermarket
TYPE : VRPTW
DIMENSION : 257
DAYS : Saturday
EDGE_WEIGHT_TYPE : EXPLICIT
VEHICLES : 31
EDGE_WEIGHT_FORMAT : FULL_MATRIX
CAPACITY : 1000
EDGE_WEIGHT_SECTION
0	817	1142	408	431	404	677	1909	333	1407	79	154	1687	1776	91	376	347	2703	371	104	17	942	431	377	220	328	583	312	383	367	1733	589	951	368	968	948	637	1809	849	837	3927	1157	1148	2501	846	372	344	504	1347	379	1417	523	122	173	996	402	1447	124	1013	425	336	747	1213	1727	1606	1552	330	990	589	401	309	441	309	2132	976	1185	202	1809	202	965	213	422	135	1299	315	627	538	155	2351	434	309	60	611	434	3449	910	350	221	2818	379	446	1526	153	4013	835	2631	300	772	964	1193	1371	851	451	405	506	493	538	328	1730	218	421	942	106	1190	2103	891	681	1185	1221	1127	213	439	145	914	2098	852	309	2282	850	263	523	441	88	92	153	497	193	672	689	771	1234	1266	196	410	747	698	379	29	819	379	946	2086	1844	1994	212	1183	737	125	1049	891	378	383	632	904	1532	193	202	481	1747	759	718	935	891	1390	353	373	368	464	221	367	35	1321	215	1236	119	215	364	525	982	1354	746	1920	430	613	851	1119	206	609	258	193	1775	1658	1236	385	391	582	150	142	212	891	143	1003	1186	489	600	210	205	546	2238	1314	682	101	212	1037	230	622	609	891	442	887	423	1213	1002	815	312	705	1745	3008	611	3410	561	674	1206	1301	93	414	1171
817	0	826	737	746	993	1394	2711	1004	2096	794	835	2198	1270	739	1189	865	2102	718	763	831	236	629	794	890	865	1295	738	433	897	2037	1225	134	1099	170	642	1449	1807	1660	598	3421	1868	419	2113	1658	902	867	1243	543	884	2232	598	939	661	179	1133	630	708	197	751	497	1005	853	1111	868	762	670	220	276	987	509	600	742	1600	264	1190	864	1806	1008	213	792	704	863	538	1130	912	1159	680	3167	513	509	821	733	513	2895	264	1111	595	2208	884	1260	1072	666	3392	655	2044	675	241	690	656	1941	256	427	986	1237	1092	610	507	2030	791	552	210	777	922	1503	163	1393	1190	414	1260	1018	391	709	1256	1498	1663	747	2051	1641	665	598	600	905	846	666	988	694	515	1505	1536	1361	1466	676	772	1226	389	884	837	514	884	202	1292	1288	1194	845	864	735	912	1371	163	643	1138	1447	1214	1105	652	1008	769	967	72	1207	122	163	961	1166	892	897	518	595	897	833	544	1020	1244	936	1020	899	747	1528	2030	1131	1298	747	880	1643	1792	885	293	650	694	959	1735	471	1077	992	612	961	748	845	163	796	333	383	1187	1417	784	788	610	1738	851	1303	913	789	575	1035	893	293	163	408	1648	752	853	1663	502	740	580	981	2652	248	2828	331	1392	390	1618	798	811	883
1142	826	0	763	1360	1506	1818	2933	1067	2546	1180	1038	2805	651	1124	1462	1400	1590	790	1169	1160	625	712	1368	1335	1388	1725	1286	907	1431	2756	1721	846	1511	929	210	1697	1009	1761	312	2785	2293	612	1373	1766	1437	1399	1644	1120	1430	2397	1283	1232	1093	845	1545	1090	1026	841	1361	877	664	78	692	1518	919	814	701	982	1501	975	701	1288	1002	618	484	1025	1007	1329	679	1268	737	1263	708	1404	684	1663	1103	3224	1147	975	1188	1437	1147	2311	573	1490	997	1708	1430	1520	395	1023	2893	306	1513	843	599	180	302	2503	570	758	1503	1647	1607	1302	1027	2750	1271	1179	659	1184	100	1013	981	1823	484	1031	640	1236	970	997	839	1007	1762	1292	1237	1942	878	1283	701	1202	1097	1023	1559	949	1277	1662	1894	702	839	947	780	1826	1171	1430	1141	361	1430	674	1749	740	1637	1000	42	434	1151	886	981	765	1524	1673	786	393	1104	1329	1404	1517	784	1800	807	981	261	1441	1432	1432	690	997	1431	1176	1197	1239	523	1237	1239	1431	658	2100	2495	1774	862	1360	1548	1942	2262	1323	680	884	949	1240	977	702	1119	1497	560	1218	1003	1000	981	1226	549	1027	1630	1612	1260	1260	1306	1099	233	1813	1232	1266	262	1247	1561	680	981	1011	2008	1361	78	2144	371	1288	1346	1567	1897	965	2280	701	1815	941	1055	1194	801	59
408	737	763	0	759	808	1067	2189	325	1789	468	280	2095	1412	425	698	730	2349	41	469	424	755	108	732	625	714	979	651	408	757	2129	997	858	769	908	590	936	1413	1038	482	3539	1535	931	2101	1040	762	729	894	1271	763	1664	771	478	436	894	801	1333	318	906	756	323	370	839	1402	1603	1352	107	829	638	805	412	138	650	1765	784	780	261	1412	575	799	588	35	542	1088	641	246	946	436	2542	635	412	465	905	635	3074	703	740	364	2466	763	757	1157	342	3655	462	2274	130	576	594	876	1777	643	318	808	899	901	791	475	2125	592	647	770	482	799	1760	872	1073	780	1144	739	473	512	284	589	1754	1039	653	1874	1178	175	771	138	450	344	342	890	235	863	918	1132	849	902	244	35	1150	825	763	399	493	763	779	2018	1492	1915	236	802	337	390	722	872	101	775	914	563	1157	458	575	811	1701	665	1121	828	872	1021	677	761	758	220	364	757	444	1281	476	832	484	476	755	116	1391	1741	1133	1589	758	959	1179	1512	611	447	193	235	1623	1273	1035	391	797	219	457	268	236	872	528	781	1116	892	857	582	579	798	1862	960	1090	485	586	716	484	970	447	872	546	1245	755	839	1399	495	652	919	1718	2603	645	3043	406	1064	1098	983	484	74	784
431	746	1360	759	0	276	684	2041	764	1356	352	576	1471	1937	359	642	163	2821	718	328	427	953	726	77	287	176	592	118	453	183	1400	493	862	445	840	1150	857	2165	1151	1051	4108	1137	1157	2731	1144	186	166	566	1182	163	1616	176	491	324	906	470	1311	453	926	8	493	1128	1418	1825	1348	1503	654	963	470	270	389	719	121	2285	987	1522	627	2164	486	950	224	756	339	1285	602	1003	427	327	2575	236	389	378	187	236	3600	949	484	398	2931	163	701	1705	419	4122	1073	2758	628	832	1182	1315	1198	904	603	267	554	360	176	333	1395	219	198	938	324	1431	2217	737	681	1522	1071	1498	605	403	487	1324	2212	1155	121	2573	984	583	176	719	478	522	419	242	529	343	978	852	1608	1658	516	775	486	437	163	459	1000	163	935	1868	1980	1791	630	1403	1029	548	1459	737	684	497	875	1307	1724	301	486	52	1523	721	465	864	737	1575	624	175	184	691	398	184	409	1123	606	1577	481	606	188	862	785	1287	414	2018	1	200	985	1051	295	696	566	529	1658	2031	1217	814	281	852	541	520	630	737	292	1041	1034	488	878	225	231	182	2410	1479	562	453	225	1182	618	212	696	737	366	954	9	1418	921	992	118	340	1503	3257	498	3544	665	684	1091	1717	339	793	1403
404	993	1506	808	276	0	409	1765	696	1105	340	555	1300	2117	388	429	127	3024	769	342	390	1180	812	207	184	129	315	255	628	97	1330	233	1116	194	1103	1301	604	2214	917	1194	4284	875	1389	2877	908	92	126	293	1454	114	1344	452	389	412	1162	209	1580	494	1181	268	633	1151	1571	2032	1624	1755	719	1203	718	6	547	816	251	2470	1215	1588	598	2213	330	1186	237	818	268	1526	409	1031	167	402	2304	483	547	345	426	483	3790	1167	246	509	3136	114	475	1874	486	4331	1203	2957	689	1039	1325	1507	998	1115	758	9	280	103	453	513	1327	235	445	1171	328	1564	2420	1003	407	1588	1341	1531	484	615	527	1307	2414	921	246	2678	710	647	452	816	397	487	486	118	578	619	745	575	1637	1665	573	813	343	712	114	421	1159	114	1169	2145	2171	2067	613	1548	1125	478	1440	1003	762	247	628	1301	1887	403	330	287	1800	957	314	1114	1003	1740	418	103	96	815	509	97	369	1398	483	1639	378	483	94	924	594	1041	358	2226	275	327	711	802	198	886	635	578	1925	2061	1459	725	14	958	438	540	613	1003	283	1261	1303	212	645	245	245	459	2587	1654	317	360	240	1362	491	327	886	1003	589	678	267	1571	673	1153	253	610	1779	3392	746	3741	846	409	1355	1686	324	818	1541
677	1394	1818	1067	684	409	0	1360	839	730	649	787	1070	2453	709	413	535	3377	1035	669	659	1568	1106	617	513	532	98	658	1001	506	1269	208	1520	311	1510	1625	371	2399	691	1514	4603	484	1778	3169	678	502	533	173	1864	523	971	860	589	765	1566	276	1989	797	1585	677	985	1348	1890	2394	2026	2156	1004	1598	1122	415	917	1117	653	2809	1603	1812	812	2398	492	1579	606	1087	567	1919	452	1245	265	749	1928	889	917	635	811	889	4126	1548	328	857	3492	523	393	2203	810	4687	1511	3307	974	1414	1640	1862	736	1493	1110	418	171	327	859	896	1270	606	853	1561	654	1863	2776	1411	12	1812	1750	1718	616	1007	822	1443	2770	695	648	2925	340	940	860	1117	617	724	810	464	870	1023	549	187	1816	1813	873	1059	427	1121	523	677	1494	523	1561	2551	2519	2475	834	1859	1404	678	1564	1411	1053	293	416	1452	2209	764	492	687	2206	1353	410	1515	1411	2067	425	513	506	1139	857	506	643	1807	613	1858	583	613	502	1182	432	677	548	2588	683	678	341	444	521	1255	935	870	2334	2225	1853	831	407	1258	613	815	834	1411	619	1643	1712	206	475	614	611	864	2915	1991	202	585	608	1709	611	673	1255	1411	986	272	675	1890	335	1490	656	1007	2182	3667	1149	4086	1210	4	1762	1781	638	1051	1845
1909	2711	2933	2189	2041	1765	1360	0	1869	924	1919	1947	1487	3582	1977	1534	1885	4520	2173	1949	1893	2852	2270	1971	1826	1879	1449	2000	2287	1860	2021	1564	2844	1619	2845	2778	1273	3159	1176	2671	5617	991	3057	4150	1170	1856	1883	1481	3211	1878	544	2217	1789	2052	2889	1587	3329	2030	2908	2033	2245	2308	3011	3591	3386	3461	2174	2898	2452	1770	2206	2293	1995	3928	2886	2740	1942	3160	1709	2874	1925	2221	1848	3209	1595	2256	1624	2033	715	2231	2206	1894	2170	2231	5202	2819	1602	2127	4639	1878	1464	3326	2062	5814	2646	4442	2151	2680	2777	3064	1325	2759	2357	1774	1490	1687	2217	2204	2029	1927	2197	2852	1935	2944	3944	2752	1364	2740	3092	2582	1739	2320	2042	2259	3938	1176	1990	3798	1070	2133	2217	2293	1824	1908	2062	1823	2076	2383	1272	1189	2643	2572	2088	2166	1715	2476	1878	1895	2680	1878	2855	3910	3672	3832	1967	2967	2499	1842	2323	2752	2223	1576	1285	2296	3317	2060	1709	2047	3565	2660	1712	2833	2752	3194	1557	1867	1859	2344	2127	1859	1887	3161	1736	2768	1790	1736	1855	2281	1498	997	1853	3778	2040	2031	1069	1128	1829	2518	2138	2076	3668	2955	3146	1813	1761	2408	1780	2014	1967	2752	1915	2911	3055	1553	1334	1933	1928	2223	4005	3145	1521	1809	1927	2904	1724	2024	2518	2752	2308	1087	2032	3011	1231	2680	1998	2367	3542	4580	2479	5191	2469	1359	3094	2423	1914	2139	2941
333	1004	1067	325	764	696	839	1869	0	1530	412	201	1904	1718	411	431	668	2657	318	436	337	1062	420	708	525	648	765	645	597	684	2016	825	1134	584	1171	908	636	1561	712	803	3816	1275	1248	2363	715	688	665	675	1547	698	1340	846	306	476	1174	608	1624	350	1189	758	516	511	1145	1723	1849	1668	343	1129	836	695	554	447	642	2068	1092	977	153	1561	380	1100	544	359	445	1405	387	417	791	463	2219	739	554	387	944	739	3365	1014	538	468	2775	698	476	1462	400	3959	776	2580	331	881	907	1201	1573	953	579	699	685	764	862	600	2014	549	733	1072	439	1088	2075	1115	847	977	1418	879	228	687	330	619	2069	714	642	2092	886	338	846	447	301	241	400	804	322	983	597	864	978	985	342	298	1030	986	698	305	819	698	1080	2296	1804	2197	165	1103	632	222	748	1115	383	569	608	620	1457	500	380	814	1968	935	1001	1109	1115	1328	416	691	684	517	468	684	356	1542	230	1021	317	230	680	411	1220	1491	1053	1909	763	944	887	1273	511	734	354	322	1928	1392	1349	73	682	544	259	284	165	1115	474	1097	1387	703	545	541	536	871	2156	1276	913	337	543	1040	229	951	734	1115	705	972	756	1145	1173	820	645	1023	1976	2846	852	3342	687	835	1384	990	425	269	1080
1407	2096	2546	1789	1356	1105	730	924	1530	0	1380	1509	626	3184	1439	1100	1232	4108	1759	1399	1389	2285	1834	1303	1239	1234	827	1360	1724	1200	1112	872	2217	1042	2196	2355	919	3059	1086	2244	5328	255	2494	3887	1073	1195	1231	903	2527	1212	862	1523	1313	1492	2261	1007	2662	1528	2281	1350	1714	2040	2618	3124	2628	2857	1731	2308	1820	1111	1641	1847	1356	3539	2320	2506	1529	3059	1216	2292	1326	1811	1297	2631	1152	1947	938	1477	1625	1583	1641	1366	1431	1583	4855	2269	1057	1585	4222	1212	1054	2933	1541	5418	2239	4037	1702	2138	2369	2592	401	2216	1839	1112	901	1004	1516	1615	1119	1326	1545	2276	1383	2588	3506	2092	727	2506	2422	2394	1322	1720	1553	2094	3501	1089	1351	3620	678	1669	1523	1847	1344	1449	1541	1114	1599	1667	1046	665	2483	2459	1604	1778	919	1782	1212	1406	2225	1212	2274	3164	3250	3100	1553	2586	2126	1398	2201	2092	1781	1023	960	2113	2938	1490	1216	1343	2825	2063	927	2217	2092	2797	1119	1204	1199	1870	1585	1200	1374	2455	1320	2549	1308	1320	1197	1902	640	79	1050	3318	1355	1276	678	304	1248	1981	1665	1599	3009	2873	2564	1505	1108	1986	1331	1544	1553	2092	1347	2364	2385	930	1035	1335	1333	1520	3644	2721	793	1313	1329	2440	1314	1266	1981	2092	1694	561	1349	2618	434	2221	1358	1633	2790	4376	1848	4817	1937	733	2447	2387	1368	1765	2572
79	794	1180	468	352	340	649	1919	412	1380	0	231	1634	1807	60	397	271	2727	429	34	75	937	476	298	157	252	553	233	368	293	1664	540	928	337	938	981	655	1877	890	872	3965	1133	1145	2546	886	299	268	480	1315	303	1439	451	164	133	973	373	1420	156	991	345	338	817	1249	1745	1559	1542	380	979	551	336	286	482	230	2162	972	1248	281	1876	214	956	134	478	83	1294	339	696	485	114	2381	374	286	32	534	374	3481	910	331	211	2842	303	467	1559	161	4037	875	2658	350	773	1001	1213	1324	853	461	339	479	434	465	291	1661	139	356	935	28	1234	2126	855	652	1248	1190	1196	272	407	188	991	2121	894	230	2339	852	308	451	482	139	172	161	425	238	606	725	761	1304	1340	236	474	681	642	303	107	846	303	937	2047	1870	1958	289	1222	788	198	1126	855	425	363	655	979	1568	146	214	401	1706	741	653	915	855	1423	374	299	294	493	211	293	60	1283	274	1300	157	274	291	583	928	1324	673	1939	351	534	853	1087	144	611	299	238	1753	1729	1229	463	328	625	206	200	289	855	64	1005	1155	452	632	130	125	474	2272	1343	633	129	133	1059	288	543	611	855	402	876	344	1249	965	841	233	635	1701	3057	575	3439	565	647	1182	1379	15	482	1213
154	835	1038	280	576	555	787	1947	201	1509	231	0	1823	1683	216	427	501	2617	249	248	166	923	331	528	372	482	699	457	411	522	1886	725	968	492	997	855	677	1660	832	745	3818	1256	1121	2381	832	527	499	614	1376	533	1435	646	198	275	1010	523	1463	150	1026	570	338	596	1112	1655	1664	1535	230	982	645	553	358	350	455	2038	956	1042	51	1659	295	954	365	302	287	1276	367	479	679	263	2346	538	358	215	751	538	3350	883	461	270	2734	533	490	1429	200	3925	733	2543	205	744	865	1123	1501	822	425	556	619	639	663	400	1883	371	533	929	255	1078	2023	933	793	1042	1248	976	207	494	133	760	2017	835	456	2147	912	187	646	350	172	68	200	651	141	781	689	856	1082	1112	159	273	898	786	533	134	740	533	935	2123	1758	2027	58	1078	617	112	894	933	281	495	661	750	1432	300	295	627	1791	769	869	946	933	1293	405	528	523	397	270	522	187	1363	211	1092	205	211	519	395	1122	1461	900	1846	575	764	913	1231	358	587	194	141	1779	1506	1216	267	542	481	179	88	58	933	296	972	1216	616	614	362	357	672	2138	1226	818	208	364	963	222	773	587	933	509	970	569	1112	1119	738	458	823	1795	2881	662	3317	538	783	1222	1147	246	269	1062
1687	2198	2805	2095	1471	1300	1070	1487	1904	626	1634	1823	0	3405	1686	1484	1406	4291	2058	1641	1670	2418	2110	1447	1477	1417	1138	1525	1911	1374	561	1098	2296	1331	2254	2600	1386	3465	1630	2493	5576	773	2617	4177	1615	1368	1407	1228	2524	1377	1489	1600	1628	1712	2337	1303	2672	1790	2356	1468	1929	2407	2870	3295	2529	2922	2014	2418	1930	1304	1835	2115	1522	3756	2451	2864	1856	3465	1536	2409	1537	2109	1555	2732	1519	2297	1149	1702	2202	1705	1835	1633	1467	1705	5071	2418	1370	1808	4400	1377	1461	3168	1786	5589	2504	4229	1984	2304	2625	2786	336	2375	2052	1303	1218	1200	1587	1791	571	1534	1668	2400	1627	2865	3687	2146	1060	2864	2442	2782	1676	1873	1822	2513	3682	1633	1518	3969	1189	1943	1600	2115	1650	1755	1786	1250	1873	1699	1547	1109	2882	2883	1871	2094	986	1827	1377	1696	2454	1377	2395	3059	3451	3014	1876	2848	2422	1722	2634	2146	2059	1337	1432	2521	3183	1701	1536	1437	2740	2183	1010	2307	2146	3035	1495	1374	1373	2115	1808	1374	1651	2432	1674	2913	1620	1674	1374	2212	706	588	1067	3487	1471	1317	1190	689	1489	2164	1933	1873	3011	3294	2665	1900	1309	2258	1662	1828	1876	2146	1582	2509	2406	1208	1504	1545	1545	1587	3878	2945	1005	1614	1539	2648	1674	1304	2164	2146	1838	1045	1468	2870	749	2448	1523	1645	2690	4692	1957	5015	2129	1074	2489	2849	1620	2092	2842
1776	1270	651	1412	1937	2117	2453	3582	1718	3184	1807	1683	3405	0	1748	2109	2002	939	1436	1791	1794	1034	1353	1958	1956	1993	2358	1881	1494	2035	3300	2341	1224	2143	1297	829	2347	1120	2408	940	2171	2933	883	860	2414	2041	2002	2280	1302	2030	3044	1828	1874	1706	1200	2177	1199	1656	1186	1939	1483	1290	573	286	1662	891	1455	1069	1502	2112	1572	1338	1883	355	1007	953	1672	1119	1970	1064	1880	1384	1890	856	2050	1328	2280	1719	3851	1707	1572	1818	1978	1707	1673	1013	2126	1610	1057	2030	2169	255	1646	2243	950	862	1483	1109	818	624	3115	1046	1358	2113	2282	2220	1845	1614	3293	1882	1743	1060	1806	640	383	1387	2457	953	1271	1140	1884	1534	1630	1419	377	2409	1888	949	2591	1515	1828	1338	1842	1739	1646	2156	1584	1780	2313	2539	1148	1284	1579	1430	2419	1657	2030	1778	961	2030	1071	1689	128	1585	1647	615	1085	1795	1425	1387	1405	2160	2323	1368	267	1714	1970	1975	1575	1259	2395	1195	1387	390	2087	2034	2036	1314	1610	2035	1809	1411	1887	956	1878	1887	2036	1309	2706	3130	2350	312	1937	2109	2592	2894	1945	1241	1518	1584	1159	1208	900	1770	2110	1202	1863	1640	1647	1387	1846	936	1287	2259	2263	1872	1873	1847	473	463	2431	1871	1878	757	1896	2122	1241	1387	1572	2653	1939	573	2773	966	1882	1847	1647	1399	1478	1634	1276	2450	1178	1517	1819	1452	641
91	739	1124	425	359	388	709	1977	411	1439	60	216	1686	1748	0	450	305	2668	385	45	99	878	424	316	210	288	612	242	310	331	1703	596	873	397	886	924	709	1838	935	815	3908	1193	1086	2492	932	337	303	540	1264	338	1493	436	205	83	918	433	1367	107	936	354	277	783	1192	1685	1516	1484	332	921	502	384	230	428	240	2103	913	1205	268	1838	268	897	163	432	142	1235	391	660	539	64	2432	343	230	82	534	343	3422	850	391	152	2783	338	520	1501	102	3978	820	2598	302	713	944	1153	1378	793	401	386	539	485	452	241	1700	167	330	876	59	1179	2066	806	712	1205	1139	1160	304	355	141	967	2061	938	241	2290	911	259	436	428	174	170	102	464	191	582	773	821	1269	1310	185	434	726	607	338	119	787	338	878	2000	1810	1909	270	1166	737	215	1103	806	374	423	708	953	1511	102	268	411	1660	684	697	859	806	1366	427	335	332	435	152	331	95	1235	306	1258	200	306	329	539	980	1383	708	1879	359	552	912	1146	198	551	247	191	1699	1694	1170	469	377	571	239	165	270	806	104	945	1104	511	681	156	153	460	2214	1285	688	175	160	1000	321	561	551	806	355	936	353	1192	1024	783	242	617	1657	3005	526	3380	505	707	1128	1359	71	446	1157
376	1189	1462	698	642	429	413	1534	431	1100	397	427	1484	2109	450	0	485	3044	672	430	360	1318	759	565	358	469	353	550	758	479	1647	451	1324	243	1335	1282	261	1986	510	1172	4234	845	1523	2787	504	479	482	266	1712	500	1042	795	255	530	1369	245	1817	496	1387	634	712	943	1537	2082	1946	1929	658	1366	947	432	680	777	545	2463	1352	1409	436	1986	183	1342	447	724	341	1675	61	846	441	511	1984	755	680	368	823	755	3772	1285	186	597	3161	500	70	1854	529	4352	1158	2970	631	1146	1290	1548	1150	1225	824	437	280	445	803	688	1647	451	729	1319	418	1495	2450	1252	423	1409	1588	1308	225	804	509	1029	2445	514	542	2523	484	607	795	777	290	378	529	546	545	964	339	437	1404	1399	556	683	694	1021	500	361	1167	500	1322	2442	2185	2354	461	1500	1033	316	1150	1252	708	198	258	1038	1855	543	183	675	2100	1134	667	1309	1252	1718	23	488	479	819	597	479	356	1678	222	1453	256	222	473	807	822	1060	761	2273	641	752	485	841	353	984	609	545	2149	1811	1612	418	416	907	250	484	461	1252	410	1377	1552	324	240	452	446	811	2560	1653	525	277	448	1389	215	754	984	1252	799	548	632	1537	744	1165	549	976	2092	3275	972	3741	935	409	1578	1372	395	667	1482
347	865	1400	730	163	127	535	1885	668	1232	271	501	1406	2002	305	485	0	2904	690	262	337	1055	721	87	148	20	439	128	509	32	1398	360	988	281	975	1193	694	2144	991	1088	4172	1003	1263	2773	984	38	3	405	1329	32	1453	335	372	309	1034	307	1454	412	1053	155	523	1087	1463	1911	1509	1628	634	1076	590	121	430	721	124	2355	1090	1510	549	2143	344	1059	142	735	223	1399	451	965	293	302	2412	355	430	287	338	355	3673	1043	321	403	3016	32	542	1762	394	4210	1101	2838	605	916	1219	1389	1113	992	645	120	395	227	338	391	1395	137	318	1044	251	1463	2300	876	533	1510	1215	1465	481	490	446	1261	2294	995	119	2587	823	561	335	721	368	438	394	161	495	505	818	695	1573	1611	488	740	428	591	32	370	1048	32	1042	2026	2054	1947	559	1442	1034	446	1396	876	673	333	712	1251	1777	295	344	190	1681	830	401	986	876	1629	469	32	33	712	403	33	316	1275	481	1562	360	481	34	843	703	1167	403	2104	162	282	825	928	160	766	547	495	1799	1998	1332	709	127	862	423	468	559	876	206	1137	1177	332	718	148	151	345	2473	1540	441	335	144	1246	492	288	766	876	462	801	154	1463	799	1041	126	504	1663	3292	618	3623	728	534	1227	1648	255	750	1438
2703	2102	1590	2349	2821	3024	3377	4520	2657	4108	2727	2617	4291	939	2668	3044	2904	0	2372	2709	2721	1874	2285	2851	2872	2897	3281	2778	2395	2937	4131	3252	2021	3065	2079	1761	3285	1770	3345	1872	1360	3860	1683	779	3351	2943	2904	3206	1943	2930	3982	2693	2804	2619	1986	3100	1802	2580	1968	2824	2396	2221	1512	995	2204	1476	2387	1883	2362	3019	2477	2269	2782	595	1842	1841	2608	1768	2899	1888	2790	2320	2811	1590	2985	2265	3190	2633	4772	2585	2477	2741	2834	2585	805	1872	3052	2524	119	2930	3105	1195	2566	1310	1886	87	2415	1990	1754	1517	4015	1917	2270	3019	3206	3127	2707	2512	4123	2792	2623	1894	2725	1576	604	2182	3380	1841	1966	2024	2820	2421	2557	2326	609	3346	2786	1234	3527	2444	2693	2269	2772	2671	2566	3051	2512	2615	3252	3470	2007	2130	2506	2368	3307	2487	2930	2706	1884	2930	1901	1994	859	1923	2583	1554	2024	2729	2313	2182	2337	3086	3262	2279	1202	2624	2899	2853	2042	2109	3285	2002	2182	1328	3022	2935	2938	2238	2524	2937	2735	2059	2823	1831	2808	2823	2938	2247	3602	4051	3225	804	2821	2977	3528	3813	2862	2138	2446	2512	1584	1929	1653	2709	3018	2136	2796	2570	2583	2182	2763	1782	1994	3179	3202	2782	2783	2708	553	1390	3341	2799	2788	1668	2832	2990	2138	2182	2455	3586	2824	1512	3690	1887	2780	2678	2123	1061	2336	726	2177	3374	1888	2354	2739	2391	1579
371	718	790	41	718	769	1035	2173	318	1759	429	249	2058	1436	385	672	690	2372	0	429	388	749	102	691	586	674	946	610	374	717	2089	960	843	735	889	611	914	1454	1029	501	3569	1505	931	2134	1031	722	688	861	1256	723	1651	731	446	395	879	767	1322	278	892	714	288	411	864	1419	1583	1351	67	821	607	766	373	130	609	1790	779	820	236	1453	543	790	548	52	504	1087	614	287	909	395	2537	596	373	426	865	596	3101	699	707	324	2489	723	733	1182	301	3679	485	2297	89	569	618	890	1742	639	294	769	866	862	751	436	2085	552	607	762	442	829	1781	849	1041	820	1128	780	448	478	243	627	1775	1030	612	1911	1155	134	731	130	417	311	301	850	194	826	903	1104	890	942	203	64	1110	791	723	363	506	723	771	2004	1514	1902	211	829	369	361	760	849	75	742	894	602	1183	416	543	770	1685	647	1082	813	849	1046	651	720	717	206	324	717	407	1263	451	872	452	451	715	154	1354	1710	1093	1608	717	918	1156	1479	573	432	152	194	1617	1314	1033	388	758	236	428	230	211	849	488	780	1100	857	840	541	538	758	1889	982	1054	451	545	730	460	929	432	849	510	1218	714	864	1366	507	610	881	1700	2638	615	3069	389	1031	1085	1021	444	98	813
104	763	1169	469	328	342	669	1949	436	1399	34	248	1641	1791	45	430	262	2709	429	0	104	910	469	279	166	244	572	209	340	287	1660	552	897	358	905	967	687	1882	924	859	3952	1154	1119	2537	920	293	260	502	1282	295	1471	420	198	102	942	393	1388	152	960	322	315	825	1236	1725	1525	1513	377	950	517	339	257	473	206	2146	945	1250	299	1881	246	928	120	477	104	1266	372	702	494	84	2414	341	257	66	507	341	3465	885	356	187	2824	295	500	1544	146	4019	864	2640	347	748	988	1193	1334	828	440	341	500	440	435	258	1656	125	323	907	15	1224	2107	822	672	1250	1158	1203	305	375	186	1005	2102	928	207	2335	881	304	420	473	172	194	146	420	236	574	759	786	1311	1350	231	478	681	608	295	133	830	295	909	2014	1852	1925	305	1211	782	227	1140	822	419	387	688	992	1554	113	246	379	1673	711	652	884	822	1409	407	291	288	479	187	287	91	1250	307	1302	191	307	285	583	935	1342	665	1918	327	516	882	1104	154	587	292	236	1722	1736	1201	490	332	616	239	206	305	822	59	979	1122	469	665	115	111	443	2258	1327	644	163	118	1041	321	525	587	822	369	901	321	1236	981	825	209	604	1667	3050	542	3422	542	667	1150	1395	34	488	1202
17	831	1160	424	427	390	659	1893	337	1389	75	166	1670	1794	99	360	337	2721	388	104	0	958	448	371	206	318	565	308	398	356	1720	572	965	351	981	965	622	1823	837	855	3945	1139	1164	2518	834	361	334	486	1360	369	1402	525	108	182	1010	384	1460	141	1027	421	352	760	1231	1744	1615	1568	348	1005	600	388	322	459	305	2150	993	1200	212	1823	185	981	206	439	121	1315	300	641	522	163	2337	440	322	50	609	440	3466	927	332	236	2836	369	431	1544	168	4031	853	2649	318	788	981	1211	1354	868	468	391	488	477	539	339	1717	212	425	958	103	1208	2121	903	663	1200	1234	1140	205	452	163	925	2116	840	305	2299	833	281	525	459	76	101	168	485	210	677	676	754	1247	1278	214	425	734	705	369	33	836	369	962	2098	1862	2006	224	1201	754	123	1059	903	396	366	617	915	1550	201	185	476	1758	773	704	950	903	1408	337	363	357	482	236	357	21	1333	207	1251	105	207	353	541	966	1336	734	1937	426	607	834	1102	192	626	276	210	1789	1671	1252	387	377	600	140	159	224	903	136	1020	1199	472	586	204	198	548	2256	1332	665	84	205	1054	222	615	626	903	453	870	419	1231	984	833	308	708	1755	3025	623	3428	578	656	1220	1311	88	428	1189
942	236	625	755	953	1180	1568	2852	1062	2285	937	923	2418	1034	878	1318	1055	1874	749	910	958	0	648	991	1055	1051	1469	926	570	1087	2271	1413	221	1263	303	469	1579	1628	1755	461	3187	2049	209	1878	1755	1093	1056	1408	557	1077	2354	818	1062	809	222	1298	588	822	220	957	606	944	640	880	939	613	719	87	487	1175	654	619	930	1364	35	1039	941	1627	1143	58	962	720	1014	357	1257	874	1348	826	3269	716	654	960	960	716	2664	63	1266	726	1982	1077	1387	839	789	3170	524	1815	733	180	518	423	2151	113	498	1174	1404	1282	832	671	2264	962	755	33	925	725	1273	367	1569	1039	442	1137	1123	564	813	1191	1268	1757	935	1830	1789	738	818	619	1027	950	789	1190	785	749	1612	1696	1229	1347	770	789	1438	624	1077	957	379	1077	48	1281	1053	1175	918	659	645	1017	1291	367	679	1296	1571	1143	874	805	1143	982	988	234	1418	182	367	733	1294	1084	1088	544	726	1087	965	605	1126	1090	1061	1126	1089	729	1738	2222	1351	1070	953	1102	1790	1982	1048	336	728	785	867	1575	294	1134	1177	575	1075	845	918	367	953	97	427	1361	1532	953	956	833	1502	621	1496	1043	959	364	1139	1115	336	367	593	1811	957	640	1854	368	928	815	1020	2418	461	2600	385	1566	370	1523	944	828	684
431	629	712	108	726	812	1106	2270	420	1834	476	331	2110	1353	424	759	721	2285	102	469	448	648	0	710	633	706	1013	626	330	750	2115	1016	750	799	800	524	1007	1440	1130	413	3497	1582	828	2071	1132	756	720	932	1162	753	1750	714	521	413	785	833	1224	319	798	724	252	433	784	1325	1497	1249	102	721	546	808	352	29	627	1708	677	796	328	1439	617	691	581	75	556	985	699	316	961	418	2639	574	352	480	857	574	3022	597	777	327	2402	753	822	1100	327	3594	405	2212	131	468	536	794	1799	537	218	811	935	910	734	416	2111	584	591	662	484	759	1691	767	1111	796	1035	781	537	433	289	669	1686	1132	630	1867	1243	168	714	29	490	386	327	883	239	790	1002	1186	891	958	239	144	1148	740	753	428	410	753	671	1909	1426	1807	303	753	313	443	798	767	52	812	988	637	1104	431	617	776	1593	557	1120	719	767	964	737	753	751	111	327	750	465	1173	540	851	525	540	749	148	1404	1783	1118	1515	725	926	1244	1549	621	339	177	239	1516	1311	931	490	802	152	510	290	303	767	528	678	1007	920	936	573	572	741	1810	894	1109	520	578	634	550	938	339	767	470	1301	723	784	1433	409	628	849	1610	2581	551	2987	298	1102	989	1058	490	183	740
377	794	1368	732	77	207	617	1971	708	1303	298	528	1447	1958	316	565	87	2851	691	279	371	991	710	0	213	99	523	83	464	111	1406	433	914	368	897	1159	780	2145	1074	1056	4129	1079	1198	2741	1067	115	90	492	1247	93	1541	248	426	297	959	394	1373	417	979	68	491	1097	1428	1856	1422	1554	631	1008	517	201	392	706	82	2308	1026	1505	578	2144	413	993	164	733	272	1330	527	973	367	296	2500	280	392	321	259	280	3626	983	406	383	2962	93	624	1722	390	4155	1074	2787	603	861	1188	1339	1164	935	609	199	481	299	250	344	1401	159	242	979	273	1435	2247	796	614	1505	1133	1471	538	430	452	1284	2241	1078	79	2570	911	558	248	706	416	470	390	199	498	417	901	781	1581	1625	487	745	461	505	93	404	1011	93	976	1940	2005	1861	584	1410	1019	489	1419	796	665	420	798	1270	1738	278	413	112	1595	763	437	914	796	1590	548	104	111	687	383	111	352	1191	539	1559	415	539	115	840	751	1236	410	2049	76	236	912	998	223	717	542	498	1719	2005	1263	755	210	843	477	481	584	796	234	1076	1096	417	800	167	172	257	2430	1497	509	388	165	1201	551	245	717	796	398	885	67	1428	868	1003	82	417	1576	3264	545	3572	682	617	1149	1675	284	760	1408
220	890	1335	625	287	184	513	1826	525	1239	157	372	1477	1956	210	358	148	2872	586	166	206	1055	633	213	0	128	415	192	487	158	1513	386	1020	209	1018	1134	591	2030	869	1025	4118	997	1265	2703	863	162	145	353	1387	175	1369	436	224	253	1065	243	1502	313	1084	279	475	967	1403	1885	1597	1649	538	1088	626	181	403	639	187	2311	1090	1404	417	2029	199	1068	99	635	85	1408	315	847	328	238	2322	410	403	161	473	410	3630	1034	225	347	2986	175	421	1710	312	4181	1030	2803	508	900	1155	1355	1168	979	601	184	349	276	445	385	1510	101	379	1049	151	1390	2269	927	515	1404	1266	1347	332	499	346	1129	2264	873	184	2496	755	466	436	639	224	305	312	280	396	606	697	646	1454	1484	394	629	527	671	175	238	995	175	1050	2103	2016	2019	430	1377	945	304	1262	927	582	250	603	1121	1720	251	199	326	1759	844	498	1012	927	1575	339	166	159	645	347	158	186	1343	332	1455	213	332	154	741	770	1180	530	2079	286	431	757	941	14	742	456	396	1842	1878	1342	562	172	782	275	356	430	927	109	1129	1230	309	597	106	102	453	2423	1492	478	189	101	1205	343	436	742	927	482	759	278	1403	818	990	191	618	1746	3215	652	3586	698	511	1268	1511	143	634	1368
328	865	1388	714	176	129	532	1879	648	1234	252	482	1417	1993	288	469	20	2897	674	244	318	1051	706	99	128	0	435	126	501	43	1415	362	989	270	978	1182	681	2127	976	1076	4162	1003	1260	2761	969	49	16	398	1334	50	1443	345	352	296	1035	297	1457	395	1054	168	512	1069	1452	1904	1519	1627	618	1074	591	123	421	707	122	2346	1086	1493	530	2126	324	1057	126	719	203	1397	433	947	296	288	2402	357	421	267	354	357	3665	1038	307	391	3009	50	526	1753	379	4204	1089	2831	589	910	1207	1381	1121	987	636	123	388	231	349	385	1411	122	321	1041	233	1450	2293	879	530	1493	1219	1448	461	486	430	1242	2287	980	117	2573	815	545	345	707	348	419	379	176	479	515	803	689	1556	1592	472	723	441	598	50	351	1038	50	1040	2034	2046	1954	540	1431	1019	426	1377	879	658	321	698	1232	1767	283	324	206	1689	828	414	986	879	1619	452	46	44	699	391	43	297	1282	461	1546	340	461	42	827	713	1170	420	2098	175	302	816	931	140	759	531	479	1802	1980	1330	689	126	848	403	450	540	879	188	1132	1181	328	702	133	135	356	2464	1531	446	315	128	1237	472	308	759	879	460	796	166	1452	803	1031	125	517	1671	3279	618	3615	720	531	1230	1629	237	733	1426
583	1295	1725	979	592	315	98	1449	765	827	553	699	1138	2358	612	353	439	3281	946	572	565	1469	1013	523	415	435	0	561	902	412	1299	146	1422	215	1413	1531	376	2327	705	1420	4511	582	1679	3080	693	407	437	90	1769	429	1043	768	501	667	1468	181	1893	702	1487	584	887	1271	1796	2297	1938	2057	912	1499	1024	321	818	1024	556	2714	1504	1732	727	2327	405	1480	507	998	470	1821	382	1164	187	651	2003	792	818	540	728	792	4031	1449	238	759	3395	429	348	2109	714	4590	1419	3211	882	1315	1547	1765	808	1394	1012	324	81	242	768	798	1299	507	756	1462	556	1772	2679	1315	100	1732	1654	1644	539	908	728	1377	2674	709	551	2843	406	847	768	1024	528	635	714	381	776	933	549	262	1744	1747	779	973	395	1028	429	585	1398	429	1462	2460	2423	2383	749	1767	1315	592	1501	1315	961	204	416	1383	2116	666	405	598	2115	1254	373	1417	1315	1973	361	418	411	1044	759	411	549	1714	536	1779	494	536	408	1095	469	771	501	2491	591	601	408	536	422	1156	841	776	2237	2157	1754	764	312	1165	529	723	749	1315	521	1544	1617	108	464	515	512	773	2822	1895	184	495	509	1613	536	597	1156	1315	887	362	583	1796	420	1394	559	920	2093	3581	1052	3991	1112	97	1665	1725	541	966	1754
312	738	1286	651	118	255	658	2000	645	1360	233	457	1525	1881	242	550	128	2778	610	209	308	926	626	83	192	126	561	0	386	160	1489	488	862	382	852	1078	782	2062	1061	974	4051	1130	1135	2659	1055	166	129	518	1211	151	1555	244	378	215	908	413	1333	339	927	113	409	1017	1348	1784	1408	1500	548	948	464	249	311	623	5	2232	961	1422	508	2061	383	931	111	651	227	1270	505	893	422	215	2511	232	311	260	301	232	3550	915	411	300	2890	151	614	1643	308	4084	992	2713	521	789	1106	1265	1237	865	528	248	510	356	253	266	1485	105	196	916	205	1353	2174	755	657	1422	1094	1390	491	362	373	1208	2169	1065	9	2486	933	476	244	623	362	403	308	274	418	413	889	812	1500	1546	406	665	540	482	151	340	931	151	914	1918	1930	1836	512	1329	935	431	1344	755	582	430	795	1193	1659	195	383	170	1573	702	515	859	755	1511	531	157	161	604	300	161	291	1162	492	1476	368	492	162	758	825	1295	493	1978	118	311	934	1057	197	641	460	418	1676	1924	1203	696	253	760	427	404	512	755	174	1009	1057	453	790	109	116	261	2353	1419	570	339	110	1124	505	321	641	755	334	920	112	1348	928	923	1	427	1558	3182	492	3498	605	657	1104	1600	220	681	1326
383	433	907	408	453	628	1001	2287	597	1724	368	411	1911	1494	310	758	509	2395	374	340	398	570	330	464	487	501	902	386	0	542	1851	858	568	693	589	697	1019	1747	1227	598	3664	1484	779	2278	1225	548	509	838	969	536	1801	397	505	238	612	728	1064	276	630	453	87	764	965	1404	1253	1174	308	610	240	623	84	312	389	1846	605	1101	448	1746	578	587	398	389	443	926	698	645	794	256	2733	255	84	393	547	255	3164	547	696	161	2508	536	828	1257	232	3703	623	2329	298	413	729	879	1622	492	152	623	835	732	417	120	1845	398	280	567	354	979	1791	522	1002	1101	842	1105	584	103	280	996	1786	1229	393	2125	1221	270	397	312	472	414	232	661	275	459	1071	1126	1215	1287	255	438	926	416	536	403	547	536	568	1714	1544	1619	432	950	598	480	1127	522	309	726	1015	966	1274	236	578	497	1380	375	901	552	522	1125	735	541	543	258	161	542	401	952	587	1157	503	587	543	479	1211	1663	867	1597	453	644	1222	1424	480	257	251	275	1391	1631	861	669	623	421	528	322	432	522	383	642	808	795	983	389	391	423	1966	1033	946	481	395	737	601	656	257	522	139	1240	453	965	1298	540	388	520	1384	2804	254	3114	218	999	824	1387	374	471	950
367	897	1431	757	183	97	506	1860	684	1200	293	522	1374	2035	331	479	32	2937	717	287	356	1087	750	111	158	43	412	160	542	0	1372	328	1019	264	1005	1225	679	2169	981	1119	4204	972	1296	2804	973	6	32	382	1357	21	1432	358	383	340	1065	288	1483	438	1084	175	555	1111	1495	1943	1532	1659	662	1108	621	91	463	750	156	2387	1122	1537	569	2169	347	1092	169	763	239	1431	448	989	262	332	2392	385	463	307	348	385	3706	1075	308	434	3049	21	533	1795	422	4243	1132	2871	632	949	1250	1421	1080	1025	678	89	371	195	360	424	1368	165	348	1076	275	1494	2332	905	504	1537	1243	1490	489	522	473	1282	2327	985	152	2617	800	588	358	750	382	458	422	133	522	527	808	670	1598	1633	515	765	398	616	21	389	1080	21	1074	2051	2087	1972	580	1474	1063	461	1416	905	702	317	699	1272	1809	326	347	203	1705	862	370	1017	905	1661	464	9	0	743	434	0	336	1302	489	1589	372	489	5	870	671	1135	379	2137	182	278	802	896	172	799	575	522	1828	2022	1363	721	99	892	434	493	580	905	230	1169	1206	306	707	176	178	366	2506	1572	409	348	171	1278	500	282	799	905	494	774	174	1495	767	1073	158	523	1686	3323	649	3656	760	506	1257	1667	278	775	1469
1733	2037	2756	2129	1400	1330	1269	2021	2016	1112	1664	1886	561	3300	1703	1647	1398	4131	2089	1660	1720	2271	2115	1406	1513	1415	1299	1489	1851	1372	0	1200	2109	1436	2052	2545	1636	3542	1935	2449	5458	1169	2451	4119	1921	1367	1400	1382	2255	1366	1942	1477	1713	1702	2144	1418	2407	1810	2162	1400	1893	2481	2810	3147	2181	2693	2032	2252	1798	1332	1789	2112	1489	3636	2301	2908	1929	3541	1637	2250	1541	2134	1599	2541	1664	2360	1226	1698	2732	1608	1789	1673	1324	1608	4929	2287	1488	1790	4233	1366	1648	3082	1791	5400	2473	4077	2004	2194	2579	2676	719	2254	2003	1329	1368	1252	1459	1733	11	1536	1576	2248	1648	2830	3538	1948	1257	2908	2196	2861	1792	1786	1845	2634	3533	1938	1485	3974	1504	1959	1477	2112	1725	1818	1791	1239	1894	1522	1812	1381	2967	2995	1886	2138	988	1648	1366	1751	2394	1366	2239	2689	3325	2661	1943	2799	2425	1805	2765	1948	2069	1463	1682	2630	3107	1684	1637	1353	2396	2041	1017	2129	1948	2957	1651	1368	1371	2091	1790	1372	1699	2151	1790	2961	1703	1790	1374	2242	837	1052	997	3332	1400	1207	1505	1042	1527	2079	1944	1894	2727	3391	2477	2033	1343	2249	1757	1865	1943	1948	1602	2368	2163	1328	1745	1547	1550	1456	3771	2856	1122	1688	1543	2559	1795	1194	2079	1948	1745	1359	1400	2810	1034	2385	1488	1457	2335	4651	1821	4857	2055	1274	2260	3004	1648	2146	2801
589	1225	1721	997	493	233	208	1564	825	872	540	725	1098	2341	596	451	360	3252	960	552	572	1413	1016	433	386	362	146	488	858	328	1200	0	1347	240	1330	1520	519	2379	849	1411	4504	645	1623	3087	837	323	358	197	1675	341	1179	667	534	634	1392	218	1804	697	1412	486	858	1316	1789	2262	1823	1987	918	1436	949	238	776	1023	484	2695	1449	1768	761	2378	446	1419	462	1011	459	1759	463	1202	66	622	2136	713	776	536	606	713	4014	1400	289	731	3366	341	464	2096	698	4561	1416	3185	888	1270	1541	1735	783	1348	983	239	181	133	663	745	1199	460	675	1404	537	1775	2649	1229	202	1768	1564	1694	597	849	727	1444	2643	853	479	2871	545	848	667	1023	554	657	698	260	777	825	689	394	1797	1811	776	996	254	929	341	598	1380	341	1402	2350	2398	2277	780	1763	1326	628	1572	1229	964	262	557	1445	2106	628	446	489	2006	1190	230	1346	1229	1961	452	332	327	1031	731	328	553	1613	595	1817	525	595	325	1114	397	808	354	2456	492	469	546	568	397	1116	839	777	2151	2216	1692	835	236	1166	572	731	780	1229	495	1494	1527	127	599	470	469	668	2809	1877	93	517	464	1587	598	464	1116	1229	822	479	485	1789	440	1375	486	805	1981	3597	977	3968	1075	210	1582	1806	527	995	1754
951	134	846	858	862	1116	1520	2844	1134	2217	928	968	2296	1224	873	1324	988	2021	843	897	965	221	750	914	1020	989	1422	862	568	1019	2109	1347	0	1229	82	683	1583	1847	1794	659	3353	1992	345	2078	1793	1024	990	1372	413	1005	2367	704	1074	794	45	1263	496	843	64	867	631	1105	861	1041	759	641	798	157	398	1110	643	720	867	1541	233	1249	997	1846	1142	171	921	825	995	436	1264	1019	1280	813	3302	634	643	955	829	634	2820	275	1242	730	2124	1005	1394	1046	801	3301	721	1967	804	316	732	633	2048	296	556	1109	1366	1213	715	640	2102	920	672	187	910	946	1429	164	1519	1249	285	1334	1152	523	843	1356	1424	1797	872	2047	1773	796	704	720	1040	980	801	1104	827	599	1640	1666	1431	1543	809	894	1334	469	1005	972	575	1005	173	1162	1229	1063	977	880	821	1047	1465	164	768	1269	1582	1311	1084	785	1142	881	842	199	1317	40	164	946	1301	1014	1020	638	730	1020	968	427	1155	1300	1070	1155	1022	859	1637	2149	1232	1223	862	981	1775	1912	1016	411	782	827	825	1789	370	1208	1116	716	1096	882	977	164	929	307	257	1314	1552	914	918	713	1684	834	1423	1048	919	585	1169	994	411	164	537	1777	868	861	1782	563	864	658	862	2618	370	2747	453	1519	255	1707	932	933	905
368	1099	1511	769	445	194	311	1619	584	1042	337	492	1331	2143	397	243	281	3065	735	358	351	1263	799	368	209	270	215	382	693	264	1436	240	1229	0	1226	1315	414	2139	723	1205	4296	795	1473	2868	714	263	278	144	1591	286	1174	615	296	456	1275	35	1709	486	1294	437	674	1077	1581	2083	1788	1858	698	1297	834	198	609	810	377	2498	1298	1532	524	2139	206	1277	307	787	255	1617	236	965	210	439	2132	611	609	324	612	611	3816	1241	57	546	3180	286	282	1893	498	4375	1204	2995	669	1105	1332	1551	1009	1185	798	203	142	203	619	594	1435	309	578	1258	343	1559	2464	1133	315	1532	1473	1454	357	709	513	1203	2459	727	373	2639	550	632	615	810	320	425	498	306	561	785	550	436	1557	1570	564	765	462	864	286	372	1183	286	1258	2301	2207	2219	544	1552	1103	390	1331	1133	747	53	436	1204	1901	457	206	467	1956	1054	433	1221	1133	1757	236	273	264	829	546	264	334	1544	355	1581	288	355	259	886	637	987	519	2277	444	521	551	751	214	945	626	561	2051	1975	1551	596	182	951	332	509	544	1133	310	1335	1436	123	450	315	311	626	2606	1680	330	284	310	1397	358	522	945	1133	692	549	435	1581	633	1178	381	786	1940	3372	861	3775	900	309	1477	1567	327	761	1540
968	170	929	908	840	1103	1510	2845	1171	2196	938	997	2254	1297	886	1335	975	2079	889	905	981	303	800	897	1018	978	1413	852	589	1005	2052	1330	82	1226	0	764	1592	1929	1815	737	3417	1976	415	2153	1813	1010	977	1367	380	990	2377	675	1089	805	97	1259	484	865	113	846	659	1170	944	1106	698	670	840	237	392	1097	659	771	857	1609	315	1327	1029	1927	1152	253	919	875	1001	489	1277	1080	1264	824	3318	620	659	967	790	620	2880	356	1243	748	2181	990	1405	1125	821	3352	797	2028	844	388	813	714	2014	375	597	1095	1360	1197	684	647	2044	917	657	270	918	1028	1491	107	1508	1327	253	1409	1174	531	868	1421	1487	1818	861	2128	1774	832	675	771	1056	1004	821	1082	857	555	1657	1661	1507	1618	838	943	1303	427	990	990	652	990	255	1126	1299	1030	1010	963	891	1069	1533	107	813	1269	1593	1378	1163	792	1152	854	798	242	1287	121	107	1027	1312	999	1006	688	748	1005	981	373	1176	1380	1085	1176	1008	917	1606	2127	1195	1285	840	945	1775	1891	1016	463	816	857	824	1869	426	1244	1103	778	1115	909	1010	107	933	389	219	1305	1567	912	916	681	1754	914	1403	1061	917	668	1191	957	463	107	538	1771	847	944	1761	640	853	610	810	2694	366	2805	501	1509	252	1777	940	982	988
