NAME : VRPTW_INSTANCE_129.txt
COMMENT : Bangkok Supermarket
TYPE : VRPTW
DIMENSION : 291
DAYS : Tuesday
EDGE_WEIGHT_TYPE : EXPLICIT
VEHICLES : 39
EDGE_WEIGHT_FORMAT : FULL_MATRIX
CAPACITY : 1000
EDGE_WEIGHT_SECTION
0	968	1592	1054	378	2072	432	120	419	264	582	359	210	432	977	379	863	1742	808	146	723	1839	602	1014	400	412	369	568	1487	961	1283	486	1221	346	1225	3013	2122	59	1927	631	862	368	203	322	556	255	1225	611	304	603	189	532	1016	544	255	771	456	435	2178	119	866	1994	1627	190	358	614	737	167	153	1928	409	447	239	629	444	940	417	207	155	221	400	985	202	492	347	320	963	367	437	189	1010	358	815	995	394	92	595	358	39	109	93	978	309	866	474	153	464	639	1037	585	207	395	370	193	201	66	288	558	218	190	154	121	101	1030	495	283	281	363	418	306	308	2705	243	3154	2417	523	840	1650	891	1755	537	1987	388	221	1075	133	1026	135	2241	776	1221	373	309	1054	97	124	218	956	525	631	397	535	529	1096	1111	481	328	101	193	124	258	404	405	386	231	996	218	556	372	1143	264	419	59	118	1321	248	617	204	505	734	376	1879	348	968	403	368	312	1873	33	152	828	1607	205	33	330	231	135	1387	288	547	652	264	193	124	195	309	349	207	436	201	359	772	978	211	371	101	413	31	291	532	460	978	308	92	386	703	2224	288	1132	358	2052	101	340	1019	601	173	118	978	203	972	1191	307	120	248	502	92	1875	1049	205	195	258	298	283	202	185	409	193	1868	659	770	172	215	438	810	403	1190	1411	365	290	591	83	961	399	722	85	259	219	236	283	1121	405
968	0	624	1063	697	1442	995	975	737	739	586	801	983	998	982	1107	955	996	552	1092	1153	2669	1514	233	1208	1086	1296	1092	1442	6	1417	1209	446	1270	366	2394	1161	986	2887	1086	1418	1291	985	985	1258	713	673	493	958	492	793	536	197	866	1182	1738	771	1008	1248	1085	1422	1167	872	1158	1327	1582	235	1132	1121	1040	983	1190	1116	1295	629	69	714	1139	812	753	1074	230	1169	572	1086	978	491	1281	621	793	250	1327	367	42	1051	948	497	1093	994	1077	972	204	682	452	1440	815	563	485	346	533	978	842	1109	808	784	989	961	495	761	1158	945	1087	1038	1649	1218	735	1136	1114	1058	1272	958	1845	1119	2219	1459	610	524	2607	393	1400	579	1508	1315	753	187	854	1001	1036	1474	1716	446	1114	682	1063	976	847	1152	1231	741	1086	791	850	872	210	1221	1210	701	1069	808	847	751	782	1064	593	1163	43	991	530	1299	1991	739	737	984	976	611	760	1076	1101	570	1386	1344	2760	1080	73	1074	1291	957	1024	983	983	192	2570	988	988	738	1163	1041	437	961	1061	467	739	1073	1091	1163	815	1080	1063	608	1099	801	1678	204	987	767	968	790	999	989	872	570	204	954	974	775	882	1391	961	601	1327	1406	1069	856	533	492	837	976	204	848	7	388	955	978	760	1222	974	2756	1078	1075	1163	1131	946	735	963	1070	1073	808	1022	1130	1737	844	1105	993	1749	1206	707	2245	1115	714	751	1004	6	1207	1155	974	1108	991	1115	735	240	1064
1592	624	0	1479	1309	1309	1575	1598	1338	1357	1165	1408	1594	1577	1418	1702	1434	791	1024	1713	1675	3235	2132	639	1809	1673	1913	1648	1750	631	1817	1795	582	1887	512	2163	566	1609	3506	1626	1943	1907	1597	1583	1835	1337	899	1067	1558	1069	1417	1128	617	1418	1805	2361	1348	1587	688	1710	1946	793	708	1782	1951	2205	858	1756	1745	640	1566	1781	1731	1861	1227	655	1317	1763	1437	1375	1663	665	1793	1168	1684	1575	904	1895	1222	1417	652	1951	896	596	1640	1569	1076	1690	1618	1701	1593	659	1301	932	2063	1439	1177	1050	719	1107	1590	1442	1705	1431	1408	1611	1563	1088	1383	1782	1567	1712	1662	2175	1803	1356	1747	1712	1643	1897	1558	1390	1734	1648	862	1202	1007	3224	846	1519	1173	1506	1931	1375	545	1479	1419	1655	1178	2330	582	1711	1301	1479	1600	1472	1776	1717	1319	1626	1392	1404	1428	532	1645	1797	1313	1693	1431	1472	1373	1383	1652	1213	1786	596	1602	1115	1915	2575	1357	1338	1607	1600	672	1377	1619	1718	1162	1941	1968	3346	1678	628	1662	1907	1555	703	1606	1605	778	3190	1600	1612	1353	1786	1661	277	1563	1619	1031	1357	1689	1715	1787	1427	1678	1677	1212	1716	1408	2294	659	1599	1373	1588	1388	1623	1591	1427	1175	659	1554	1598	1379	1386	971	1563	891	1951	1263	1693	1463	905	1070	1456	1600	659	1464	620	556	1555	1601	1377	1806	1598	3342	1499	1690	1787	1744	1547	1356	1582	1687	1660	1431	706	1667	2360	1463	1722	1571	2364	1807	970	2819	1713	1331	1293	1626	631	1807	1677	1598	1727	1602	1730	1356	517	1652
1054	1063	1479	0	739	1203	1428	948	668	1085	614	704	1243	1428	90	1423	191	2056	1416	1185	1711	2830	1168	1282	1455	1446	1382	1571	445	1062	353	1536	1510	1367	967	2058	1801	1113	2686	1616	1900	1386	1238	1336	1607	974	614	1208	1309	1199	924	1168	1252	1444	1041	1595	1312	1436	2167	1095	1904	2196	1933	1158	1249	1465	936	1166	1123	1422	1404	1499	1293	1677	1173	1106	682	1035	984	1023	1433	1268	1180	1162	1392	1331	593	1393	1156	924	1294	1249	701	1105	1420	1125	1195	1403	1092	1100	1138	1243	1055	611	1379	1005	771	1228	779	1222	1238	660	1416	897	915	1119	1297	1150	1039	1162	905	1093	1020	2083	1546	833	1336	1412	1442	1196	1312	2033	1296	2617	2042	649	540	2444	1348	743	664	1015	1400	1023	1250	946	62	1190	1490	1710	1510	1420	1055	0	970	980	1042	300	559	1616	668	1427	1436	1273	165	1532	1119	1110	897	980	855	664	1434	1020	1043	1106	1253	1188	1386	2148	1085	668	1112	951	1672	1092	1602	1256	1176	1784	1246	2821	1391	1128	1435	1386	1314	1311	1087	922	1118	2371	1241	1087	766	1043	1190	1202	1297	1544	1224	1085	1248	1096	1164	753	1391	1261	1138	1253	704	1261	1243	1245	704	1144	652	1067	1312	1438	1117	1243	1310	973	685	1565	2409	1297	593	1249	1201	1110	714	577	1197	1099	951	1243	1147	1071	1452	1310	950	1092	1553	973	2818	22	1260	1164	1311	1298	833	865	1240	1439	897	1303	1655	1598	1109	1268	1431	1739	1457	538	2414	1414	1083	1404	1138	1062	1454	1711	980	922	1254	1290	833	1303	1434
378	697	1309	739	0	1694	691	323	77	346	204	107	525	692	653	705	551	1612	771	525	972	2218	824	818	759	720	747	834	1184	692	1026	822	1053	725	886	2637	1807	427	2272	877	1169	747	522	606	891	235	847	544	577	534	202	481	807	708	516	1111	579	700	1945	469	1173	1828	1489	547	698	956	465	536	506	1575	668	787	608	957	456	692	57	480	260	285	706	793	565	462	674	600	588	746	440	202	821	698	458	734	691	421	528	685	417	466	439	777	320	494	827	279	134	570	682	543	520	161	700	187	190	433	567	478	301	548	281	469	401	1364	832	101	646	697	712	639	580	2339	611	2810	2096	145	463	2000	774	1397	162	1617	766	285	848	246	698	502	1866	1146	1053	704	320	739	333	268	492	730	179	877	112	692	700	871	833	819	384	467	187	268	126	108	705	305	501	735	536	506	750	1521	346	77	426	325	1187	353	863	576	477	1064	708	2256	672	721	708	747	582	1511	408	317	617	1950	525	410	50	501	505	1074	567	806	573	346	559	473	553	118	672	564	424	573	107	985	777	528	75	442	121	403	586	702	414	777	577	334	91	839	2058	567	755	698	1674	467	160	643	531	367	325	777	413	703	1009	578	325	353	839	334	2253	739	568	553	626	565	101	281	552	712	187	1506	916	1112	377	586	694	1179	760	812	1789	699	345	684	452	692	757	972	337	422	537	605	101	901	705
2072	1442	1309	1203	1694	0	2314	2000	1657	1972	1492	1726	2203	2315	1227	2374	1335	2100	1991	2219	2539	3912	2348	1645	2444	2375	2440	2441	1081	1446	1332	2491	1755	2418	1083	961	1189	2121	3873	2457	2786	2440	2201	2259	2554	1884	858	1883	2229	1879	1893	1895	1606	2241	2153	2746	2119	2325	1808	2154	2790	2073	2011	2229	2359	2602	1526	2224	2189	751	2294	2460	2300	2611	1958	1511	1656	2133	1946	1940	2361	1654	2249	1915	2345	2252	1129	2440	1944	1893	1664	2359	1311	1459	2341	2111	1881	2355	2111	2154	2131	1631	1920	1230	2493	1962	1632	1887	1139	1918	2197	1711	2371	1881	1881	2127	2223	1857	1955	2232	1954	2153	2080	3005	2500	1793	2337	2371	2357	2301	2230	914	2304	1568	1273	1551	1238	3621	1834	578	1541	333	2459	1940	1549	1940	1185	2196	377	2824	1755	2376	1920	1203	2016	1961	2143	1494	1560	2457	1690	2223	2241	1558	1296	2489	1971	2157	1881	1961	1818	1681	2356	1844	2147	1459	2213	1900	2443	3215	1972	1657	2120	2003	1900	1989	2444	2270	1921	2715	2363	3942	2341	1509	2362	2440	2231	636	2102	1984	1620	3554	2204	2105	1742	2147	2198	1158	2223	2409	1872	1972	2251	2157	2236	1773	2341	2254	1925	2267	1726	2457	1631	2207	1707	2133	1675	2096	2247	2242	1889	1631	2227	2018	1696	2296	2210	2223	954	2359	46	2157	1764	1068	1878	2036	2003	1631	2072	1445	1702	2228	2002	1989	2506	2018	3938	1223	2260	2236	2319	2216	1793	1933	2244	2364	1881	629	2501	2749	2046	2280	2314	2855	2445	883	3484	2373	1957	2146	2146	1446	2443	2540	2023	2036	2214	2298	1793	1571	2356
432	995	1575	1428	691	2314	0	552	760	353	860	728	225	2	1343	154	1238	1521	596	392	293	1673	944	938	266	107	448	143	1871	989	1691	221	1082	426	1331	3272	2137	380	1975	198	481	437	232	111	262	459	1456	509	128	507	505	458	957	189	640	915	226	12	2061	484	485	1801	1420	494	612	784	816	457	490	2032	23	213	301	303	370	942	747	601	446	406	101	911	483	425	156	112	1185	417	381	505	927	612	1002	1006	82	340	502	155	409	471	340	915	398	1085	651	424	700	525	1193	469	227	780	163	535	514	374	144	500	390	489	579	489	521	692	228	594	279	174	73	593	125	2834	301	3208	2435	807	1088	1691	748	2077	806	2279	458	406	1029	495	1389	333	2424	807	1082	167	398	1428	529	458	607	1372	869	198	762	194	173	1043	1508	223	343	452	535	458	572	765	87	470	618	1007	219	466	448	1001	353	760	379	550	1133	341	184	323	425	402	637	1772	150	963	99	437	121	2004	406	584	810	1674	231	410	661	618	338	1431	144	118	543	353	302	488	493	682	149	277	398	325	728	1102	915	226	724	332	778	440	144	175	437	915	126	525	743	328	2022	144	1360	612	2287	452	731	1247	507	329	550	915	281	996	1072	126	552	341	231	525	1768	1427	290	493	299	136	594	630	308	95	535	2001	231	912	320	315	7	838	262	1441	1250	174	363	305	365	989	265	291	517	685	218	302	594	1059	87
120	975	1598	948	323	2000	552	0	344	335	524	274	330	551	874	497	758	1802	882	236	843	1916	549	1048	510	532	444	688	1376	969	1166	601	1266	425	1202	2932	2114	178	1950	750	980	446	324	442	671	285	1163	672	423	663	185	593	1046	654	207	789	555	555	2206	154	984	2044	1684	229	375	633	740	225	188	1896	528	562	346	745	516	955	348	164	190	274	521	1020	249	556	466	440	910	450	506	185	1046	375	779	1007	514	211	655	477	152	155	213	1010	365	817	505	201	434	700	1003	651	327	297	488	167	193	184	407	613	278	231	46	153	80	1144	610	246	390	481	538	316	427	2662	350	3130	2407	466	782	1678	946	1661	485	1900	463	274	1100	128	923	248	2185	827	1266	491	365	948	23	152	177	838	441	750	310	643	639	1121	998	596	401	163	167	152	227	319	526	426	187	1007	339	618	448	1222	335	344	178	2	1377	324	736	309	571	849	386	1942	467	984	524	446	430	1834	150	32	854	1628	326	148	272	187	247	1379	407	667	711	335	305	157	235	226	468	321	501	306	274	718	1010	331	294	221	326	122	411	642	517	1010	426	27	304	810	2274	407	1073	375	1982	163	242	963	660	263	2	1010	304	980	1231	426	2	324	617	27	1939	942	318	235	364	416	246	85	296	529	167	1829	779	789	267	321	557	860	513	1123	1490	483	357	688	199	969	509	842	35	161	339	344	246	1149	526
419	737	1338	668	77	1657	760	344	0	419	189	76	583	760	583	765	478	1671	845	564	1044	2256	807	873	811	783	782	903	1112	731	949	881	1110	762	895	2594	1822	472	2279	949	1235	783	580	671	950	309	820	618	643	609	260	557	859	784	520	1121	655	768	1985	497	1239	1881	1548	573	713	968	510	566	532	1572	736	845	655	1018	533	738	25	489	320	356	769	849	592	539	733	665	572	784	517	260	877	713	463	775	755	473	602	744	458	496	490	831	396	483	846	340	186	644	684	619	579	105	759	237	249	478	631	553	371	575	298	496	424	1425	890	165	695	755	776	654	646	2326	659	2811	2108	138	441	2011	841	1340	166	1567	801	356	896	293	629	549	1842	1171	1110	763	396	668	359	321	501	653	110	949	54	768	775	920	757	877	460	500	237	321	188	45	769	382	508	776	594	582	786	1560	419	0	471	346	1249	425	934	622	554	1125	721	2286	732	767	772	783	648	1503	450	331	672	1957	583	452	99	508	551	1094	631	876	647	419	607	500	579	117	732	615	501	619	76	962	831	587	49	493	53	440	649	777	491	831	643	360	44	916	2110	631	731	713	1638	500	129	622	606	432	346	831	480	743	1064	643	346	425	897	360	2283	667	618	579	674	631	165	285	600	776	237	1497	987	1122	442	633	763	1203	812	779	1828	757	421	761	498	731	810	1043	365	415	595	653	165	950	769
264	739	1357	1085	346	1972	353	335	419	0	507	402	247	354	998	403	897	1477	548	360	627	1969	866	758	486	402	557	493	1530	733	1366	518	958	531	1036	2928	1901	261	2148	532	835	552	248	286	581	110	1114	346	256	338	193	267	764	367	517	1008	244	363	1922	380	839	1730	1362	442	609	854	523	410	410	1744	331	489	377	640	181	702	403	470	151	71	388	729	447	227	375	279	843	541	173	193	752	609	667	762	369	215	330	385	277	369	238	724	58	742	710	135	347	374	872	321	242	460	401	227	196	262	251	294	60	440	336	384	361	1041	528	257	399	402	386	562	258	2537	380	2952	2199	454	739	1867	626	1724	453	1928	575	71	826	219	1043	298	2102	976	958	406	58	1085	322	186	481	1059	525	532	431	352	357	846	1177	517	65	355	227	186	240	433	384	147	494	762	257	291	559	1277	0	419	259	335	1056	20	518	361	240	745	630	2038	371	728	390	552	258	1702	266	361	581	1833	252	272	323	494	304	1172	251	464	387	0	333	386	446	364	371	324	171	359	402	1036	724	252	390	233	446	294	276	359	196	724	254	318	411	509	1959	251	1018	609	1947	355	420	904	336	100	335	724	110	742	930	255	337	20	534	318	2035	1085	335	446	392	243	257	382	330	392	227	1698	572	1007	106	366	355	1009	486	1094	1539	404	26	367	274	733	485	626	313	496	258	375	257	870	384
582	586	1165	614	204	1492	860	524	189	507	0	266	716	861	524	894	446	1558	809	729	1127	2421	994	754	955	902	951	1000	1055	581	939	1011	994	929	709	2438	1636	629	2468	1034	1342	951	714	786	1078	404	642	595	757	586	401	554	734	844	708	1308	712	870	1825	673	1346	1749	1433	751	898	1155	381	740	710	1382	838	977	808	1141	564	599	177	676	455	460	888	733	769	549	863	780	386	949	547	401	761	898	277	627	871	619	582	873	620	671	639	712	465	294	1029	472	163	616	495	608	711	284	889	390	389	635	748	536	476	752	481	673	603	1546	1021	301	845	888	890	839	759	2139	812	2621	1921	59	258	2198	765	1217	54	1425	970	460	759	449	563	704	1662	1350	994	894	465	614	536	469	688	686	155	1034	239	827	839	784	738	1008	526	672	390	469	326	229	886	414	696	628	727	574	955	1724	507	189	628	526	1143	519	1020	778	562	1247	907	2461	860	628	890	951	760	1314	611	515	561	2145	717	614	254	696	706	914	748	970	613	507	759	677	757	303	860	763	528	775	266	1147	712	720	236	641	231	607	770	840	505	712	756	537	233	955	1976	748	550	898	1470	672	318	439	584	552	526	712	593	593	943	756	526	519	1027	537	2457	620	768	757	827	744	301	472	752	893	390	1308	1076	1309	562	787	862	1383	956	609	1992	890	498	793	654	581	953	1127	541	605	728	806	301	815	886
359	801	1408	704	107	1726	728	274	76	402	266	0	538	728	623	720	512	1719	869	501	1017	2190	732	926	757	742	717	872	1145	796	966	833	1161	697	970	2659	1896	416	2203	921	1196	718	534	633	903	295	893	642	606	632	223	575	915	770	444	1046	645	735	2049	428	1200	1936	1597	503	640	893	571	499	463	1648	704	796	598	973	538	798	91	415	282	334	728	901	523	552	688	628	647	720	523	223	929	640	538	838	716	423	625	699	399	428	437	885	390	559	772	303	240	669	760	637	534	60	712	194	214	422	593	576	348	505	228	427	354	1380	843	147	640	708	738	580	609	2401	602	2887	2183	213	516	1935	879	1395	240	1628	736	334	955	242	671	493	1916	1099	1161	717	390	704	291	275	426	657	167	921	37	755	760	978	780	830	451	434	194	275	162	45	730	393	433	839	549	600	720	1495	402	76	415	277	1295	405	907	564	568	1080	647	2216	687	827	731	718	612	1579	392	259	725	1881	537	393	88	433	494	1167	593	846	673	402	552	431	509	50	687	562	509	561	0	889	885	541	34	442	54	378	608	762	504	885	607	293	32	910	2165	593	805	640	1708	434	55	697	629	398	277	885	447	807	1117	607	276	405	850	293	2213	701	563	509	617	595	147	210	544	735	194	1573	958	1047	407	575	732	1132	759	850	1763	710	409	759	441	796	756	1016	298	339	550	596	147	1008	730
210	983	1594	1243	525	2203	225	330	583	247	716	538	0	224	1162	181	1051	1647	702	180	513	1724	740	979	242	205	322	357	1681	976	1487	297	1160	296	1284	3154	2144	155	1913	421	659	315	7	114	366	319	1345	546	101	540	324	473	990	365	420	791	312	227	2136	262	664	1914	1537	284	427	644	771	246	272	1992	203	262	138	435	373	941	575	378	265	263	193	950	277	432	149	113	1076	301	375	324	971	427	907	1003	184	121	533	160	183	248	116	948	306	976	500	246	570	570	1117	511	5	584	175	347	335	149	84	510	249	279	362	266	296	841	307	423	153	172	208	396	105	2784	140	3198	2442	659	964	1630	820	1922	665	2141	339	263	1056	296	1209	112	2344	736	1160	179	306	1243	307	263	385	1162	694	421	574	360	348	1074	1310	294	282	229	347	263	398	580	196	395	397	1003	10	491	324	1030	247	583	154	328	1238	228	408	136	440	542	452	1791	148	967	196	315	109	1950	181	363	816	1600	7	185	486	397	118	1417	84	338	586	247	106	266	284	489	148	87	384	135	538	904	948	4	541	108	591	215	82	351	419	948	106	303	559	523	2141	84	1250	427	2179	229	531	1136	539	167	328	948	137	985	1139	105	330	228	313	303	1787	1240	102	284	150	100	423	411	108	201	347	1946	449	789	157	135	231	769	242	1320	1294	174	271	441	140	976	241	512	295	459	11	137	423	1095	196
432	998	1577	1428	692	2315	2	551	760	354	861	728	224	0	1344	152	1238	1524	599	391	293	1671	942	941	263	104	445	143	1872	991	1691	218	1085	423	1334	3274	2139	379	1972	199	480	435	231	110	260	459	1458	512	128	510	505	461	960	191	639	912	229	10	2064	483	484	1804	1422	492	609	782	818	455	488	2034	24	210	299	301	373	945	747	600	446	407	98	913	481	427	154	111	1187	414	383	505	929	609	1004	1009	79	340	505	152	408	470	339	917	399	1087	648	425	701	527	1195	471	226	780	160	535	514	373	144	502	391	487	578	488	520	690	225	595	277	171	70	591	124	2837	299	3211	2438	808	1090	1688	751	2078	807	2281	455	407	1032	495	1390	331	2426	804	1085	164	399	1428	528	458	606	1372	870	199	762	196	176	1045	1508	221	344	451	535	458	573	766	84	471	617	1009	218	468	445	998	354	760	378	549	1136	342	185	321	427	400	635	1769	148	966	96	435	121	2006	405	584	812	1671	230	409	661	617	336	1434	144	118	546	354	300	487	491	682	146	275	400	323	728	1100	917	225	724	331	779	440	142	178	439	917	125	524	744	330	2025	144	1362	609	2289	451	731	1249	510	330	549	917	281	998	1075	125	551	342	229	524	1765	1427	288	491	296	136	595	629	306	92	535	2003	231	909	321	313	9	835	259	1443	1247	171	364	308	364	991	262	292	517	684	217	300	595	1062	84
977	982	1418	90	653	1227	1343	874	583	998	524	623	1162	1344	0	1343	118	1977	1326	1111	1625	2768	1126	1198	1378	1364	1312	1487	534	980	436	1457	1427	1296	905	2104	1761	1035	2649	1530	1817	1316	1157	1253	1527	888	575	1118	1226	1109	841	1078	1169	1356	978	1544	1224	1351	2106	1023	1821	2123	1854	1088	1187	1410	849	1094	1053	1396	1320	1419	1216	1597	1084	1023	596	969	901	938	1351	1183	1111	1073	1311	1248	522	1322	1067	841	1210	1187	617	1024	1337	1046	1105	1322	1015	1027	1059	1159	968	531	1318	922	681	1138	709	1132	1157	582	1336	815	831	1042	1214	1060	954	1092	830	1021	948	2003	1466	749	1259	1332	1359	1132	1228	2033	1220	2605	2009	560	458	2403	1259	798	574	1060	1330	938	1169	865	49	1112	1497	1651	1427	1340	968	90	895	898	977	318	473	1530	587	1339	1348	1192	238	1453	1031	1037	815	898	771	581	1351	931	978	1025	1172	1098	1316	2083	998	583	1035	877	1589	1006	1516	1180	1086	1704	1185	2765	1310	1045	1353	1316	1231	1290	1010	849	1031	2332	1160	1010	682	978	1113	1141	1214	1459	1134	998	1171	1025	1095	672	1310	1183	1049	1177	623	1229	1159	1164	621	1064	570	991	1230	1350	1028	1159	1226	898	603	1475	2338	1214	542	1187	1221	1037	637	512	1107	1015	877	1159	1063	990	1370	1226	876	1006	1473	898	2762	98	1183	1095	1235	1214	749	792	1163	1357	815	1282	1569	1547	1025	1192	1347	1680	1380	500	2349	1334	996	1315	1060	980	1376	1625	905	858	1173	1213	749	1222	1351
379	1107	1702	1423	705	2374	154	497	765	403	894	720	181	152	1343	0	1232	1675	745	291	377	1570	815	1071	113	55	297	224	1861	1101	1662	117	1227	276	1428	3328	2261	319	1828	298	483	286	185	122	185	491	1516	636	151	633	505	575	1087	343	539	760	360	145	2207	394	487	1954	1573	382	475	631	911	348	388	2134	150	86	178	253	478	1059	757	506	446	435	54	1043	366	537	31	130	1245	264	485	505	1061	475	1070	1123	72	298	626	20	345	382	288	1045	458	1144	501	426	743	655	1274	596	186	764	11	528	516	313	153	616	419	377	533	398	448	660	127	604	143	23	85	465	150	2932	177	3326	2559	837	1137	1544	890	2103	841	2319	305	435	1158	477	1391	251	2505	656	1227	12	458	1423	474	444	509	1335	876	298	756	348	327	1173	1488	115	417	364	528	444	579	761	68	543	519	1123	170	587	296	884	403	765	319	495	1284	386	287	211	541	360	500	1653	33	1082	57	286	151	2099	347	529	929	1524	182	348	667	519	253	1545	153	218	673	403	200	396	380	670	33	179	499	213	720	967	1045	178	723	281	773	376	127	329	538	1045	154	470	741	480	2176	153	1420	475	2350	364	710	1306	632	341	495	1045	301	1109	1214	153	497	386	133	470	1649	1420	187	380	169	164	604	581	209	63	528	2095	312	757	331	200	161	687	109	1493	1142	21	421	456	297	1101	111	374	462	605	170	181	604	1191	68
863	955	1434	191	551	1335	1238	758	478	897	446	512	1051	1238	118	1232	0	1951	1256	995	1523	2649	1014	1160	1263	1254	1195	1381	633	953	492	1345	1395	1179	924	2220	1808	921	2539	1427	1709	1199	1046	1145	1415	787	634	1041	1118	1032	733	996	1133	1259	860	1428	1128	1245	2120	906	1713	2112	1828	971	1069	1292	798	977	935	1461	1214	1307	1101	1486	994	989	494	851	793	835	1241	1143	993	987	1200	1140	529	1205	977	733	1170	1069	588	998	1228	934	1027	1211	901	910	947	1120	870	516	1200	814	595	1063	715	1052	1046	468	1224	706	724	928	1106	981	850	975	714	904	831	1891	1354	644	1144	1220	1251	1014	1121	2123	1105	2683	2065	473	439	2290	1203	916	491	1176	1212	835	1141	754	167	998	1593	1533	1395	1228	870	191	779	788	858	283	372	1427	477	1243	1251	1165	291	1341	934	920	706	788	665	472	1242	840	860	998	1061	1017	1199	1964	897	478	921	761	1553	904	1413	1065	1002	1592	1067	2648	1199	1013	1244	1199	1123	1361	896	733	983	2221	1049	896	577	860	998	1158	1106	1354	1060	897	1057	908	977	561	1199	1069	959	1062	512	1123	1120	1053	513	952	460	876	1121	1253	941	1120	1119	782	494	1384	2331	1106	586	1069	1327	920	523	534	1029	909	761	1120	957	963	1339	1119	759	904	1361	782	2645	189	1069	977	1120	1107	644	676	1048	1248	706	1353	1465	1431	918	1077	1241	1562	1266	563	2231	1222	897	1225	946	953	1262	1522	789	740	1062	1099	644	1196	1242
1742	996	791	2056	1612	2100	1521	1802	1671	1477	1558	1719	1647	1524	1977	1675	1951	0	944	1814	1475	3003	2344	803	1787	1627	1955	1525	2409	999	2409	1725	563	1930	1161	2940	1163	1731	3479	1471	1710	1946	1652	1583	1737	1517	1574	1132	1569	1140	1623	1211	824	1332	1995	2429	1336	1531	691	1856	1712	297	124	1910	2070	2288	1176	1874	1883	1411	1524	1729	1779	1730	1299	964	1646	1947	1612	1529	1622	825	1911	1250	1670	1577	1468	1927	1305	1623	797	2070	1363	954	1602	1681	1148	1672	1752	1843	1700	845	1438	1445	2146	1603	1484	1103	1292	1157	1644	1772	1682	1650	1618	1731	1582	1189	1528	1907	1789	1859	1838	1916	1730	1608	1776	1693	1594	2030	1567	2076	1781	2150	1387	1567	1519	3197	855	2265	1538	2284	1968	1529	810	1674	1993	1745	1955	2327	563	1686	1438	2056	1792	1650	1959	2225	1704	1471	1721	1327	1347	786	2215	1730	1414	1828	1650	1650	1614	1714	1608	1377	1971	953	1650	1186	1955	2430	1477	1671	1729	1802	425	1494	1471	1783	1236	1772	2093	3169	1664	939	1620	1946	1563	1489	1741	1822	1000	3188	1654	1747	1639	1971	1751	979	1582	1506	1091	1477	1753	1861	1913	1716	1663	1733	1306	1783	1719	2514	845	1651	1687	1692	1725	1771	1605	1345	1285	845	1564	1789	1701	1218	504	1582	1531	2070	2055	1828	1769	1497	1142	1572	1802	845	1554	989	615	1565	1804	1494	1730	1789	3165	2072	1748	1913	1785	1562	1608	1823	1755	1616	1650	1494	1498	2426	1574	1781	1515	2357	1783	1631	2630	1693	1452	1220	1738	999	1786	1478	1786	1959	1650	1779	1608	755	1608
808	552	1024	1416	771	1991	596	882	845	548	809	869	702	599	1326	745	1256	944	0	871	651	2217	1411	395	858	703	1014	638	1845	547	1748	813	489	989	917	2946	1590	792	2571	607	919	1005	708	643	840	610	1188	227	628	236	718	297	426	415	1063	1488	394	607	1465	918	922	1213	835	968	1126	1345	509	932	943	1561	595	809	836	854	366	483	821	1016	693	608	695	373	968	329	736	637	951	987	376	718	378	1126	767	541	674	740	243	739	814	905	758	388	519	871	1202	681	674	200	866	235	699	928	751	749	716	790	639	292	604	965	878	922	907	1150	820	732	834	761	670	1087	626	2363	837	2672	1885	789	916	2287	179	1900	767	2039	1028	608	499	760	1360	801	2021	1401	489	756	519	1416	870	731	1027	1485	917	607	883	406	428	504	1547	817	482	889	749	731	729	879	682	480	1040	541	706	271	1015	1574	548	845	790	882	539	562	601	839	313	924	1149	2341	730	490	694	1005	622	1561	804	907	373	2269	710	810	781	1040	808	940	639	612	198	548	809	923	970	850	729	789	382	838	869	1580	388	706	842	751	892	835	663	427	373	388	622	866	861	362	1439	639	1102	1126	1957	889	908	1008	239	635	882	388	613	549	487	623	884	562	822	866	2337	1424	804	970	843	620	732	919	810	690	749	1560	646	1486	637	837	591	1433	854	1204	1807	761	525	291	797	547	857	653	862	1043	706	836	732	511	682
146	1092	1713	1185	525	2219	392	236	564	360	729	501	180	391	1111	291	995	1814	871	0	664	1693	560	1117	278	338	222	507	1611	1085	1396	380	1312	200	1363	3158	2251	107	1796	578	763	222	173	284	448	383	1372	696	279	689	333	619	1124	545	250	648	488	391	2281	103	767	2076	1703	103	255	494	866	65	98	2068	373	340	117	523	522	1059	563	214	291	339	329	1089	98	577	265	286	1109	220	519	333	1112	255	959	1117	331	144	681	274	109	93	121	1084	414	1012	350	282	608	722	1179	664	181	531	280	339	345	103	263	650	330	99	281	107	168	913	388	429	161	271	354	217	283	2849	120	3290	2547	670	987	1516	976	1895	683	2130	242	339	1186	280	1160	70	2388	634	1312	282	414	1185	215	266	219	1065	668	578	538	540	529	1206	1232	374	414	78	339	266	404	546	338	500	228	1118	182	640	226	996	360	564	109	234	1400	340	566	81	588	623	278	1733	268	1086	332	222	287	2016	119	263	941	1478	173	115	477	228	63	1517	263	494	737	360	92	105	104	451	269	116	524	78	501	724	1084	177	515	127	555	123	252	531	554	1084	284	212	529	703	2304	263	1279	255	2199	78	476	1166	687	259	234	1084	264	1095	1287	284	235	340	395	212	1729	1179	105	104	133	280	429	320	85	339	339	2011	598	647	253	93	399	668	282	1337	1265	273	386	620	87	1085	277	662	206	315	182	115	429	1230	338
723	1153	1675	1711	972	2539	293	843	1044	627	1127	1017	513	293	1625	377	1523	1475	651	664	0	1570	1188	1041	446	326	650	157	2157	1147	1982	336	1128	635	1511	3500	2241	668	2012	95	268	638	520	401	308	737	1689	665	421	668	794	644	1068	298	914	1066	423	288	2079	763	271	1768	1390	759	846	962	1015	724	762	2191	317	364	555	271	584	1091	1029	878	736	688	334	1017	743	624	400	403	1422	616	599	794	1025	846	1233	1155	334	632	665	391	697	751	630	1028	662	1324	849	714	964	669	1402	627	516	1070	388	825	802	662	437	683	672	753	872	768	808	500	335	879	520	399	310	841	418	2996	554	3323	2536	1078	1338	1733	828	2340	1073	2528	652	688	1142	788	1670	613	2619	907	1128	388	662	1711	820	750	883	1665	1152	95	1050	316	298	1150	1797	344	600	732	825	750	858	1053	325	717	893	1155	506	640	648	956	627	1044	668	841	1136	619	109	586	617	297	871	1709	396	1106	331	638	414	2178	695	876	961	1733	518	699	946	893	617	1574	437	176	686	627	572	766	756	972	395	548	618	588	1017	1334	1028	513	1011	622	1066	729	432	297	653	1028	419	816	1031	289	1978	437	1595	846	2509	732	1022	1484	668	619	841	1028	570	1152	1134	419	843	619	331	816	1704	1712	558	756	546	429	879	922	579	324	825	2176	65	1062	611	576	288	932	440	1683	1170	398	631	402	652	1147	445	3	809	970	505	557	879	1160	325
1839	2669	3235	2830	2218	3912	1673	1916	2256	1969	2421	2190	1724	1671	2768	1570	2649	3003	2217	1693	1570	0	1727	2596	1482	1585	1473	1587	3214	2662	2954	1462	2699	1494	2998	4849	3801	1791	943	1610	1309	1472	1725	1692	1411	2042	3062	2181	1721	2180	2021	2132	2619	1817	1789	1273	1898	1661	3641	1762	1306	3301	2934	1689	1580	1377	2481	1691	1728	3703	1686	1485	1615	1376	2041	2615	2257	1800	1970	1987	1598	2570	1668	2098	1596	1700	2796	1472	2050	2021	2582	1580	2632	2680	1620	1805	2174	1587	1801	1761	1784	2578	2026	2696	1450	1955	2289	2193	2842	2140	1730	2211	1571	2031	2033	1786	1722	2173	1973	1686	1962	1763	1837	1089	1453	2120	1581	1568	1611	1635	1721	4503	1611	4878	4098	2362	2678	833	2390	3565	2374	3814	1454	1987	2693	1972	2817	1718	4069	1121	2699	1565	2026	2830	1899	1952	1791	2634	2357	1610	2227	1831	1808	2704	2834	1461	1988	1756	2031	1952	2095	2235	1606	2112	1790	2680	1714	2139	1469	697	1969	2256	1792	1913	2701	1950	1617	1643	2099	1294	1583	266	1600	2636	1597	1472	1722	3669	1810	1935	2483	926	1722	1807	2170	1790	1715	3105	1722	1616	2212	1969	1664	1759	1683	2141	1601	1663	2066	1646	2190	1721	2578	1720	2207	1783	2242	1816	1695	1809	2105	2578	1725	1897	2219	1858	3494	1722	2968	1580	3892	1756	2157	2854	2179	1891	1913	2578	1861	2670	2703	1724	1914	1950	1448	1897	263	2819	1656	1683	1597	1734	2120	1989	1670	1598	2031	3666	1571	1268	1881	1634	1675	1094	1483	3030	430	1566	1989	1942	1766	2662	1484	1567	1892	1909	1713	1617	2120	2717	1606
602	1514	2132	1168	824	2348	944	549	807	866	994	732	740	942	1126	815	1014	2344	1411	560	1188	1727	0	1597	745	869	548	1039	1505	1508	1234	860	1814	557	1702	3226	2628	620	1524	1113	1211	559	733	841	911	833	1578	1212	839	1204	734	1133	1595	1105	349	454	1043	941	2753	494	1214	2592	2228	456	343	370	1278	494	473	2369	927	827	644	979	1046	1499	823	396	735	815	865	1569	464	1093	798	844	1360	580	1039	734	1595	343	1270	1548	873	672	1196	804	597	507	657	1558	906	1281	382	741	955	1240	1490	1187	741	711	804	712	741	623	823	1156	815	461	571	490	506	1286	864	778	672	792	894	351	842	3099	644	3610	2915	945	1227	1277	1490	1909	972	2183	551	815	1647	676	1172	628	2588	632	1814	803	906	1168	555	696	384	927	859	1113	755	1101	1089	1669	1136	852	930	524	712	696	764	764	876	973	372	1548	742	1157	550	1102	866	807	623	548	1922	850	1103	621	1107	1053	318	1680	802	1528	868	559	847	2292	606	534	1402	1206	733	601	779	372	622	1898	823	1033	1253	866	644	489	456	706	804	669	1038	620	732	170	1558	738	765	665	763	575	810	1091	1059	1558	844	557	763	1262	2822	823	1499	343	2339	524	677	1402	1201	775	548	1558	799	1519	1780	843	546	850	869	557	1677	1152	655	456	648	840	778	551	639	874	712	2286	1124	459	773	628	951	651	751	1521	1344	793	891	1177	619	1508	745	1186	560	405	742	642	778	1696	876
1014	233	639	1282	818	1645	938	1048	873	758	754	926	979	941	1198	1071	1160	803	395	1117	1041	2596	1597	0	1180	1039	1301	1009	1671	232	1634	1159	239	1275	562	2587	1204	1019	2890	988	1309	1294	983	955	1197	765	904	436	931	440	863	505	38	779	1252	1764	713	950	1164	1133	1313	1010	679	1199	1367	1612	372	1168	1165	1169	931	1147	1117	1222	605	177	848	1206	866	792	1029	28	1205	546	1055	947	721	1280	604	863	19	1367	580	200	1006	974	447	1060	1033	1122	996	41	706	674	1467	863	687	416	579	475	975	976	1075	885	856	1020	938	469	796	1197	1026	1135	1098	1541	1166	829	1128	1082	1008	1318	931	1969	1120	2284	1501	764	742	2607	215	1632	734	1730	1318	792	104	920	1220	1054	1643	1712	239	1080	706	1282	1043	904	1218	1428	901	988	924	765	789	109	1435	1161	704	1110	885	904	839	917	1017	628	1230	199	985	488	1303	1937	758	873	1017	1049	393	777	980	1109	538	1302	1387	2708	1049	160	1028	1294	928	1175	1022	1063	201	2579	985	1027	850	1230	1060	547	938	980	398	758	1080	1138	1203	928	1048	1065	596	1108	926	1766	41	984	893	990	927	1045	965	788	564	41	927	1041	905	754	1239	938	834	1367	1607	1110	978	766	442	858	1049	41	857	226	191	928	1050	777	1170	1041	2704	1295	1079	1203	1129	921	829	1054	1078	1026	885	1174	1029	1763	864	1111	935	1745	1178	940	2180	1083	731	654	1032	232	1179	1043	1039	1196	986	1116	829	121	1017
400	1208	1809	1455	759	2444	266	510	811	486	955	757	242	263	1378	113	1263	1787	858	278	446	1482	745	1180	0	160	204	307	1886	1201	1674	114	1339	189	1521	3393	2365	342	1715	381	491	192	243	225	175	561	1588	744	250	740	556	680	1195	455	506	652	471	256	2319	380	495	2066	1686	347	402	529	1005	320	365	2228	263	81	163	249	582	1162	806	481	500	506	165	1152	327	641	125	233	1318	170	588	556	1170	402	1150	1225	185	338	734	120	362	371	321	1153	544	1218	406	483	812	764	1359	705	248	795	107	574	568	335	247	720	491	342	551	384	447	634	120	657	119	98	194	405	251	3023	160	3427	2663	896	1205	1432	1001	2151	904	2376	208	506	1265	518	1426	265	2587	543	1339	102	544	1455	487	490	482	1344	920	381	795	460	439	1281	1508	107	510	356	574	490	632	801	178	632	489	1226	232	694	202	790	486	811	343	507	1397	467	372	200	646	346	427	1554	131	1186	166	192	253	2189	367	539	1033	1411	240	367	716	489	265	1645	247	310	782	486	206	381	343	707	132	195	600	203	757	888	1153	238	766	317	811	388	219	441	638	1153	255	484	782	586	2289	247	1492	402	2421	356	740	1378	739	409	507	1153	378	1210	1326	254	509	467	126	484	1551	1450	195	343	145	262	657	595	215	172	574	2185	384	648	399	188	272	574	5	1561	1053	97	508	569	317	1201	1	443	476	590	231	166	657	1300	178
412	1086	1673	1446	720	2375	107	532	783	402	902	742	205	104	1364	55	1254	1627	703	338	326	1585	869	1039	160	0	351	171	1886	1079	1692	123	1188	331	1413	3330	2234	354	1868	244	454	340	211	115	180	497	1516	606	146	604	523	550	1057	295	587	812	325	96	2167	438	458	1908	1527	432	530	685	896	397	436	2118	109	108	229	238	456	1035	773	552	463	442	13	1011	417	513	73	122	1245	319	465	523	1028	530	1067	1099	34	326	598	65	381	426	319	1014	454	1144	555	442	747	623	1266	566	209	788	65	548	533	348	154	591	426	427	566	443	488	644	132	619	197	78	33	519	144	2918	228	3302	2532	847	1141	1584	852	2116	849	2327	359	442	1128	500	1411	291	2497	700	1188	67	454	1446	509	466	557	1368	893	244	777	301	280	1142	1516	124	408	408	548	466	595	782	21	535	566	1099	195	560	351	905	402	783	353	530	1240	386	233	259	516	345	555	1676	69	1057	12	340	143	2085	381	564	903	1567	208	384	684	566	294	1523	154	163	642	402	245	441	430	693	68	222	480	261	742	1021	1014	203	742	312	794	413	134	281	519	1014	147	505	761	427	2129	154	1420	530	2349	408	736	1306	603	352	530	1014	308	1087	1177	147	532	386	137	505	1672	1443	232	430	221	159	619	615	253	12	548	2082	261	808	342	249	112	731	156	1496	1159	77	417	412	334	1079	159	324	497	648	195	231	619	1160	21
369	1296	1913	1382	747	2440	448	444	782	557	951	717	322	445	1312	297	1195	1955	1014	222	650	1473	548	1301	204	351	0	510	1797	1290	1566	314	1480	26	1580	3376	2458	327	1592	584	666	11	318	372	362	598	1594	868	385	863	556	796	1311	633	363	474	619	440	2458	290	670	2227	1849	224	209	336	1076	219	259	2287	438	285	183	431	696	1258	783	354	511	549	351	1272	201	754	291	378	1332	33	697	556	1293	209	1180	1319	366	353	855	293	331	288	330	1270	614	1234	204	501	830	891	1399	832	326	741	287	562	568	322	374	832	539	220	490	292	366	769	318	652	179	275	382	228	387	3070	181	3504	2755	892	1209	1311	1140	2104	906	2344	19	549	1377	502	1361	263	2610	419	1480	284	614	1382	426	488	350	1235	884	584	753	635	617	1395	1415	307	600	283	562	488	627	762	365	703	353	1319	316	814	3	778	557	782	328	441	1553	536	575	195	763	510	232	1510	297	1284	354	11	391	2236	341	465	1135	1278	316	338	698	353	258	1727	374	510	908	557	223	288	218	668	299	236	705	197	717	686	1270	317	733	332	769	344	350	619	739	1270	391	424	746	776	2452	374	1501	209	2420	283	686	1389	861	460	441	1270	449	1299	1461	390	442	536	322	424	1507	1375	223	218	173	393	652	521	226	360	562	2232	588	472	452	191	455	453	209	1559	1046	275	582	735	304	1290	204	647	418	470	315	184	652	1417	365
568	1092	1648	1571	834	2441	143	688	903	493	1000	872	357	143	1487	224	1381	1525	638	507	157	1587	1039	1009	307	171	510	0	2015	1086	1834	211	1128	493	1439	3401	2214	512	1953	74	345	498	364	246	211	601	1585	599	268	599	649	562	1032	230	757	950	326	136	2098	606	349	1813	1432	603	698	835	930	568	606	2133	167	229	401	215	485	1035	890	721	589	549	178	983	589	533	244	249	1315	476	498	649	996	698	1130	1099	177	477	595	237	540	594	474	990	535	1216	713	568	838	609	1313	559	360	923	235	678	658	506	283	602	533	598	717	610	651	566	213	738	368	247	153	689	265	2937	400	3291	2511	948	1223	1671	806	2217	946	2415	515	549	1106	638	1533	456	2540	812	1128	236	535	1571	665	601	726	1514	1013	74	905	244	221	1117	1652	217	477	575	678	601	716	909	169	601	736	1099	349	564	509	935	493	903	511	686	1159	483	65	430	530	294	723	1703	240	1053	175	498	262	2111	539	720	902	1663	362	542	805	736	460	1523	283	31	627	493	415	609	601	826	239	391	516	432	872	1189	990	357	868	466	922	572	276	222	554	990	266	660	887	306	2029	283	1490	698	2413	575	874	1377	599	473	686	990	425	1092	1125	266	688	483	212	660	1699	1571	402	601	393	278	738	768	422	168	678	2108	91	946	464	420	140	840	302	1573	1171	245	501	355	495	1086	306	155	653	813	349	403	738	1131	169
1487	1442	1750	445	1184	1081	1871	1376	1112	1530	1055	1145	1681	1872	534	1861	633	2409	1845	1611	2157	3214	1505	1671	1886	1886	1797	2015	0	1442	286	1972	1886	1784	1263	1788	1960	1546	2980	2061	2340	1802	1676	1778	2043	1420	853	1644	1751	1636	1367	1609	1638	1889	1443	1953	1758	1879	2422	1516	2345	2515	2290	1573	1645	1837	1350	1586	1542	1530	1848	1934	1722	2114	1617	1494	1127	1444	1427	1468	1873	1662	1596	1605	1829	1773	951	1811	1601	1367	1686	1645	1099	1481	1861	1562	1632	1840	1524	1522	1574	1636	1501	999	1769	1448	1215	1663	1118	1661	1677	1097	1853	1339	1357	1553	1738	1588	1484	1578	1334	1513	1444	2518	1981	1278	1766	1848	1883	1596	1754	1986	1726	2621	2158	1093	939	2758	1763	510	1106	799	1813	1468	1624	1385	492	1622	1434	2093	1886	1857	1501	445	1398	1420	1449	580	1005	2061	1110	1873	1882	1646	382	1968	1565	1534	1339	1420	1299	1106	1874	1465	1448	1482	1692	1628	1801	2546	1530	1112	1546	1378	2052	1537	2047	1686	1618	2220	1638	3183	1829	1512	1875	1802	1757	1403	1520	1348	1526	2676	1679	1519	1211	1448	1621	1483	1738	1988	1658	1530	1680	1517	1579	1193	1829	1694	1582	1683	1145	1563	1636	1684	1147	1580	1093	1497	1753	1884	1560	1636	1752	1402	1128	2009	2714	1738	880	1645	1096	1534	1150	914	1634	1542	1378	1636	1590	1449	1827	1752	1377	1537	1988	1402	3181	445	1692	1579	1741	1740	1278	1291	1671	1880	1339	1394	2099	1957	1551	1698	1875	2120	1888	786	2807	1850	1529	1848	1570	1442	1885	2156	1409	1328	1692	1720	1278	1673	1874
961	6	631	1062	692	1446	989	969	731	733	581	796	976	991	980	1101	953	999	547	1085	1147	2662	1508	232	1201	1079	1290	1086	1442	0	1415	1202	447	1264	371	2399	1168	980	2880	1080	1412	1285	978	979	1251	706	675	486	951	486	787	530	197	860	1176	1731	764	1001	1253	1079	1415	1171	875	1152	1320	1575	229	1126	1114	1047	976	1183	1109	1288	622	64	709	1133	806	746	1067	228	1162	565	1079	971	491	1274	615	787	248	1320	364	45	1044	942	490	1086	987	1070	965	202	675	451	1433	809	557	479	348	526	971	837	1102	802	777	982	954	488	754	1151	939	1081	1031	1642	1211	729	1129	1107	1052	1266	952	1852	1112	2225	1466	605	522	2600	389	1402	575	1511	1308	746	189	848	1000	1029	1480	1709	447	1107	675	1062	969	841	1146	1228	736	1080	785	844	866	212	1219	1203	694	1062	802	841	744	777	1057	586	1157	46	984	523	1292	1984	733	731	978	970	612	753	1070	1094	563	1379	1337	2754	1074	71	1067	1285	950	1030	976	977	186	2563	981	981	733	1157	1035	444	954	1054	461	733	1066	1084	1157	809	1073	1056	601	1092	796	1672	202	981	761	961	784	992	982	866	563	202	947	968	770	876	1395	954	602	1320	1410	1062	851	534	486	830	970	202	841	11	390	948	971	753	1215	968	2750	1077	1068	1157	1124	939	729	957	1063	1066	802	1028	1123	1730	837	1099	987	1742	1200	708	2238	1108	707	745	998	0	1200	1149	967	1102	985	1108	729	243	1057
1283	1417	1817	353	1026	1332	1691	1166	949	1366	939	966	1487	1691	436	1662	492	2409	1748	1396	1982	2954	1234	1634	1674	1692	1566	1834	286	1415	0	1768	1863	1556	1308	2074	2099	1342	2695	1887	2145	1573	1481	1591	1838	1257	929	1533	1566	1524	1188	1486	1605	1733	1205	1686	1605	1697	2503	1296	2149	2546	2287	1346	1401	1577	1283	1363	1318	1692	1667	1729	1511	1912	1478	1458	968	1213	1246	1299	1680	1619	1369	1475	1631	1587	945	1583	1462	1188	1646	1401	1053	1459	1670	1365	1519	1642	1318	1304	1374	1595	1346	965	1519	1267	1084	1555	1129	1543	1483	911	1653	1157	1180	1349	1552	1472	1314	1351	1128	1293	1227	2309	1777	1109	1555	1647	1694	1355	1569	2219	1514	2838	2321	964	893	2476	1691	779	983	1071	1582	1299	1604	1196	416	1415	1666	1837	1863	1657	1346	353	1190	1233	1216	331	851	1887	935	1717	1724	1627	201	1763	1410	1318	1157	1233	1127	933	1683	1325	1213	1459	1497	1508	1570	2297	1366	949	1343	1169	2025	1370	1872	1474	1490	2016	1392	2914	1631	1481	1683	1573	1572	1572	1315	1136	1466	2393	1484	1314	1043	1213	1414	1541	1552	1809	1553	1366	1471	1296	1352	1009	1631	1488	1445	1471	966	1284	1595	1488	976	1381	920	1289	1563	1726	1428	1595	1567	1193	955	1865	2757	1552	926	1401	1341	1318	960	925	1521	1362	1169	1595	1411	1424	1805	1567	1167	1370	1784	1193	2912	338	1484	1352	1528	1556	1109	1081	1463	1688	1157	1563	1922	1690	1371	1486	1695	1862	1677	854	2554	1649	1370	1708	1365	1415	1673	1981	1201	1096	1497	1508	1109	1657	1683
