NAME : VRPTW_INSTANCE_200.txt
COMMENT : Bangkok Supermarket
TYPE : VRPTW
DIMENSION : 270
DAYS : Wednesday
EDGE_WEIGHT_TYPE : EXPLICIT
VEHICLES : 37
EDGE_WEIGHT_FORMAT : FULL_MATRIX
CAPACITY : 1000
EDGE_WEIGHT_SECTION
0	153	639	77	215	197	535	815	394	350	382	66	1127	315	995	346	241	582	193	464	189	606	124	185	300	59	174	1117	826	946	196	300	382	1070	1300	145	404	481	404	1174	810	218	609	404	317	609	423	1994	201	283	644	413	182	152	815	154	17	402	469	118	1938	496	1987	204	193	600	212	213	1137	942	193	196	145	995	1747	309	423	54	213	495	1041	737	2678	101	909	281	609	246	773	219	132	436	1854	353	118	358	496	1013	2358	1460	298	366	1300	651	408	464	578	123	273	199	959	3007	807	201	190	390	123	1918	412	314	378	532	404	521	2520	344	46	1741	152	350	401	501	465	621	244	1511	581	998	76	1321	547	1092	1027	654	910	1943	46	283	230	464	448	904	24	400	160	862	288	309	681	1321	185	364	206	97	288	3574	551	211	506	611	84	46	155	23	33	38	826	442	1174	708	413	248	1063	547	1958	379	215	1124	365	585	422	968	206	403	978	428	195	991	496	102	404	542	890	223	438	221	2188	155	609	1010	456	1850	221	942	582	132	153	413	309	242	587	763	131	258	1314	437	1066	1090	1856	133	377	2389	133	350	165	367	270	436	2195	155	1183	403	373	609	965	1005	205	650	21	127	355	352	501	314	39	395	528	439	593	609	201	1037	201	1297	1119	540	609	585	153	1434
153	0	500	171	307	307	476	681	439	398	515	179	1144	319	844	476	379	446	110	333	81	552	50	47	213	173	95	965	776	793	97	213	515	1091	1178	298	483	471	352	1062	760	257	458	352	467	458	414	1850	90	177	704	492	104	226	665	200	168	430	334	201	1846	554	1848	238	110	690	240	306	985	789	118	97	298	843	1615	311	451	184	306	360	888	586	2533	236	801	410	458	384	663	257	235	426	2006	506	201	511	552	862	2507	1613	447	421	1178	784	431	333	549	202	371	53	931	2860	757	90	342	335	202	1777	442	444	279	473	425	369	2367	392	168	1602	226	480	482	366	347	618	327	1662	447	1150	196	1180	492	1031	889	556	758	1791	168	436	369	333	601	854	164	482	308	817	382	307	630	1180	285	421	300	250	291	3472	570	249	370	577	191	168	21	172	173	178	776	292	1062	559	492	126	942	542	1807	426	247	1061	495	734	451	815	53	496	826	309	348	838	634	169	486	660	741	363	426	325	2056	21	458	859	609	1734	74	791	446	235	0	354	165	380	725	736	241	153	1448	344	914	937	2009	238	407	2236	85	489	88	422	367	426	2107	21	1065	483	425	458	812	1147	242	666	174	65	403	398	367	327	179	356	465	423	444	458	90	884	90	1433	1002	601	457	731	0	1282
639	500	0	672	673	701	387	611	657	640	904	631	1510	529	545	865	878	59	558	476	527	429	548	457	575	629	468	532	1026	428	538	575	903	1060	1097	776	759	536	703	1047	1013	575	313	703	953	313	519	1356	524	534	865	763	463	722	232	691	650	613	169	700	1856	755	1348	566	558	936	715	675	549	434	456	538	776	490	1434	523	623	646	675	143	508	363	2236	734	373	911	313	883	736	575	650	520	2447	976	700	977	748	415	2990	2074	893	667	1097	1142	602	476	512	701	867	447	1218	2533	1010	524	809	688	701	1523	623	840	570	388	597	289	1967	639	666	1102	722	868	760	139	202	628	670	2082	65	1588	695	682	405	1214	740	254	463	1344	666	910	867	476	1066	1093	640	763	763	1072	721	514	478	682	673	672	674	734	523	3402	662	574	133	506	692	666	510	652	646	649	1026	352	1043	145	763	391	900	578	1446	655	564	1232	882	1222	623	444	455	987	390	520	815	453	1026	591	766	988	509	860	515	703	1555	510	313	414	1068	1640	426	512	58	650	500	692	335	879	1225	1047	661	533	1949	285	499	512	2450	654	608	1834	575	901	476	669	863	520	2126	510	1014	761	664	313	442	1526	570	715	660	512	643	639	138	546	650	728	371	505	358	313	524	477	524	1933	969	793	301	1225	500	910
77	171	672	0	289	265	603	785	471	427	432	142	1050	391	988	399	210	617	161	436	172	676	125	215	255	136	226	1128	756	949	173	255	432	1147	1257	164	476	556	340	1125	740	296	605	340	308	605	499	2021	182	248	719	485	235	76	832	79	87	480	505	41	1879	571	2019	280	161	668	137	286	1149	944	248	173	164	996	1712	385	500	128	286	531	1044	731	2654	72	962	238	605	214	726	296	206	512	1859	360	41	370	571	1029	2342	1458	328	442	1257	697	485	436	652	46	208	224	884	2988	738	182	214	327	46	1891	490	367	334	600	481	521	2515	421	33	1774	76	402	473	537	512	698	318	1526	618	1009	31	1352	616	1024	999	711	905	1952	33	292	200	436	456	833	100	472	201	791	358	384	752	1352	257	440	279	117	363	3518	629	288	542	685	20	33	164	93	107	111	756	436	1126	728	485	289	1020	624	1949	455	292	1057	417	570	500	971	220	338	992	393	219	996	537	179	476	599	877	194	513	290	2227	164	605	1025	468	1803	245	933	617	206	171	351	336	211	554	688	203	226	1276	494	1075	1100	1862	206	454	2385	111	393	217	444	205	512	2133	164	1139	475	450	605	969	1037	282	727	76	174	432	429	538	391	111	327	595	513	582	605	182	1044	182	1261	1074	615	607	564	171	1431
215	307	673	289	0	42	438	985	193	154	232	150	1327	182	1118	193	353	614	391	640	376	494	309	308	503	157	250	1193	1041	1046	389	503	232	867	1486	211	188	327	618	1369	1026	98	737	618	355	737	278	2016	388	477	430	197	249	358	885	368	202	217	513	325	2145	283	1991	107	391	388	426	2	1212	1045	247	389	211	1101	1919	182	235	161	2	535	1139	863	2823	271	860	407	737	357	969	98	83	290	1774	340	325	334	284	1081	2332	1405	238	161	1486	490	228	640	436	331	444	326	1173	3143	1023	388	205	604	331	2073	224	166	577	435	225	646	2621	147	255	1747	358	196	186	537	473	448	30	1411	609	914	275	1341	443	1307	1191	604	1030	2015	255	291	341	640	415	1119	191	185	157	1078	75	188	558	1341	31	158	10	212	169	3777	361	99	545	474	289	255	322	195	182	178	1041	584	1368	778	197	320	1250	382	2076	178	109	1339	211	598	235	1066	350	564	1050	616	209	1085	356	139	188	355	1026	337	294	30	2173	322	737	1079	411	2042	343	1068	616	83	307	627	399	352	651	977	85	451	1362	407	1150	1170	1776	82	193	2489	334	228	248	162	443	290	2404	322	1372	187	169	737	1064	867	102	458	212	244	157	155	538	170	178	610	438	299	733	737	388	1124	388	1341	1310	326	734	617	307	1543
197	307	701	265	42	0	479	988	232	194	213	136	1294	223	1133	174	312	642	382	640	370	536	302	315	493	143	262	1217	1021	1064	381	493	213	901	1484	172	212	369	601	1363	1006	132	749	601	313	749	320	2049	382	470	457	221	262	331	908	344	181	258	538	299	2134	314	2025	137	382	403	402	39	1236	1063	262	381	172	1119	1922	222	275	143	39	561	1158	876	2834	240	898	367	749	317	963	132	71	332	1747	300	299	294	316	1105	2298	1374	200	198	1484	479	269	640	478	305	408	332	1148	3157	1003	382	163	587	305	2081	264	144	569	476	266	658	2642	187	232	1781	331	177	209	563	503	488	70	1387	637	887	248	1373	484	1288	1196	642	1045	2040	232	249	301	640	378	1099	173	207	116	1057	94	228	600	1373	27	194	34	177	208	3768	401	131	571	516	263	232	320	175	163	158	1021	592	1363	801	221	336	1247	423	2093	216	141	1321	193	558	275	1085	354	526	1074	612	167	1105	336	138	211	353	1037	297	336	25	2209	320	749	1103	374	2038	351	1082	643	71	307	611	414	311	609	953	67	444	1321	441	1172	1192	1750	69	235	2509	323	200	258	199	408	332	2391	320	1369	210	207	749	1083	851	133	496	189	247	197	195	565	211	158	591	478	341	743	749	382	1145	382	1301	1306	355	747	576	307	1561
535	476	387	603	438	479	0	936	327	331	631	489	1619	256	930	599	759	344	582	678	549	76	520	433	664	492	387	905	1216	816	565	664	631	697	1445	623	437	166	811	1371	1201	352	628	811	789	628	178	1624	554	619	485	438	377	677	618	662	536	278	320	644	2183	397	1582	356	582	578	711	441	919	822	362	565	623	878	1812	256	279	509	441	321	894	721	2623	634	431	808	628	764	1009	352	464	172	2154	779	644	772	390	786	2751	1812	675	352	1445	823	264	678	126	647	809	437	1388	2916	1198	554	634	794	647	1910	284	584	704	3	262	558	2331	334	579	1342	677	600	439	315	237	241	419	1775	333	1310	611	958	20	1449	1099	192	846	1686	579	727	747	678	852	1292	521	443	583	1260	450	251	155	958	456	357	445	599	272	3763	281	357	323	128	617	579	496	533	521	521	1216	559	1369	531	438	360	1230	193	1826	332	348	1474	611	1037	279	831	467	939	768	693	639	840	740	441	445	663	880	741	166	467	1749	496	628	786	845	2000	431	893	348	464	476	809	385	759	1084	1196	476	602	1800	161	879	889	2157	468	286	2198	559	648	396	353	806	172	2452	496	1350	440	344	628	830	1201	358	327	550	436	332	330	317	268	522	822	17	157	655	628	554	860	554	1780	1298	427	618	1055	476	1292
815	681	611	785	985	988	936	0	1080	1045	1194	858	1099	940	334	1156	964	622	625	350	626	999	693	677	533	852	739	604	563	411	619	533	1194	1634	513	948	1149	1035	527	437	555	918	310	527	1080	310	993	1527	614	536	1338	1157	743	775	502	738	833	1054	616	781	1250	1197	1584	899	625	1355	713	985	625	397	749	619	948	409	934	931	1072	859	985	617	471	258	1870	855	959	963	310	967	199	918	916	1001	2625	1142	781	1153	1193	581	3041	2210	1111	1072	513	1464	1049	350	1058	777	871	660	752	2209	553	614	998	526	777	1106	1067	1124	458	935	1043	380	1786	1041	805	1363	775	1160	1148	624	699	1165	1001	2306	634	1789	815	972	957	658	214	858	304	1313	805	1075	959	350	1237	602	833	1149	975	602	1058	924	1064	972	965	1074	979	899	918	2831	1162	912	617	1065	801	805	669	839	844	849	563	409	434	494	1157	684	293	1098	1204	1070	906	667	1175	1316	1072	428	634	932	543	392	1003	457	1311	849	1153	1340	217	954	997	1005	1839	669	310	574	1251	1073	644	288	618	916	681	508	612	966	1250	648	922	559	1895	781	542	574	2628	919	1037	1662	683	1165	740	1074	865	1001	1519	669	413	1150	1073	310	425	1820	904	1241	833	741	1050	1045	622	954	850	561	919	989	282	310	614	514	614	1889	362	1243	321	1295	681	736
394	439	657	471	193	232	327	1080	0	43	313	328	1518	141	1160	287	544	601	542	754	518	360	458	421	651	334	354	1189	1208	1068	534	651	313	676	1591	404	109	172	781	1488	1192	184	800	781	532	800	150	1950	529	617	265	111	348	544	885	548	384	48	523	510	2282	117	1910	203	542	285	606	196	1206	1070	338	534	404	1127	2003	149	53	343	196	539	1156	918	2872	463	757	599	800	548	1094	184	267	155	1827	499	510	488	114	1072	2427	1486	390	35	1591	498	63	754	278	515	637	436	1350	3180	1189	529	391	765	515	2135	45	280	718	325	65	712	2624	49	438	1669	544	287	111	538	458	261	163	1449	592	983	461	1281	324	1468	1274	517	1072	1994	438	463	533	754	554	1286	370	116	348	1247	156	158	407	1281	224	39	203	405	162	3901	169	192	546	316	474	438	459	378	363	360	1208	671	1487	784	111	396	1360	206	2098	15	193	1498	295	749	53	1086	467	758	1047	742	394	1101	414	297	117	338	1084	529	161	208	2074	459	800	1071	543	2151	446	1115	604	267	439	787	468	543	822	1154	273	592	1513	371	1155	1169	1830	268	48	2491	491	341	357	34	636	155	2544	459	1483	112	25	800	1084	879	199	264	395	374	38	42	539	126	360	778	335	170	808	800	529	1131	529	1491	1423	164	794	775	439	1561
350	398	640	427	154	194	331	1045	43	0	300	285	1475	113	1134	270	506	583	499	715	476	372	416	381	609	291	314	1172	1165	1045	492	609	300	719	1555	365	119	189	738	1450	1149	141	769	738	500	769	153	1948	487	575	306	123	308	501	866	505	341	66	499	467	2242	156	1911	160	499	313	563	157	1189	1047	299	492	365	1104	1971	120	81	300	157	517	1134	889	2846	421	762	560	769	511	1055	141	224	161	1829	471	467	462	154	1055	2419	1481	364	28	1555	505	79	715	297	472	596	397	1307	3156	1146	487	356	722	472	2106	71	258	677	328	78	680	2607	6	395	1669	501	271	119	516	439	295	124	1454	575	980	419	1276	330	1425	1241	516	1045	1981	395	432	495	715	533	1243	327	123	310	1204	128	129	425	1276	184	32	164	364	129	3862	207	149	525	336	431	395	417	335	320	317	1165	636	1449	763	123	360	1323	233	2077	28	150	1456	281	725	81	1064	427	718	1029	702	359	1079	409	253	125	348	1055	491	167	172	2080	417	769	1054	523	2114	407	1087	585	224	398	744	433	505	792	1110	231	551	1490	355	1135	1151	1832	226	47	2474	448	322	316	30	595	161	2504	417	1446	121	28	769	1062	888	157	304	352	333	5	1	518	96	317	735	336	175	775	769	487	1111	487	1468	1386	203	763	749	398	1540
382	515	904	432	232	213	631	1194	313	300	0	336	1374	388	1346	39	368	845	576	844	570	672	502	527	682	342	476	1426	1172	1277	579	682	0	879	1683	278	217	486	770	1556	1157	328	963	770	294	963	454	2238	582	666	414	221	476	478	1117	503	365	360	745	454	2309	319	2207	339	576	296	554	231	1445	1277	476	579	278	1332	2128	392	367	335	231	767	1371	1090	3047	379	1062	418	963	371	1155	328	282	462	1544	229	454	212	325	1313	2119	1184	142	283	1683	269	374	844	592	460	498	544	1277	3370	1155	582	232	758	460	2292	358	70	761	628	375	872	2854	297	403	1964	478	36	214	769	702	560	233	1178	839	687	405	1564	631	1443	1404	812	1259	2247	403	231	362	844	254	1248	362	209	230	1204	185	400	721	1564	240	277	233	317	386	3950	458	330	777	630	422	403	525	359	352	346	1172	804	1556	1010	221	550	1446	516	2306	304	340	1478	21	450	367	1298	564	585	1283	811	229	1317	123	350	209	175	1251	361	468	204	2380	525	963	1311	238	2233	563	1295	847	282	515	783	628	367	546	1088	274	641	1207	630	1383	1402	1547	278	347	2721	516	53	472	282	500	462	2562	525	1566	213	291	963	1296	637	334	532	367	459	300	302	770	372	345	754	635	476	955	963	582	1356	582	1184	1502	337	960	483	515	1774
66	179	631	142	150	136	489	858	328	285	336	0	1191	257	1020	298	271	573	246	508	235	557	166	198	356	7	164	1126	891	962	246	356	336	1004	1350	146	338	422	468	1227	875	156	634	468	324	634	365	1988	247	334	578	348	168	216	821	220	56	338	462	182	1998	430	1975	143	246	537	279	148	1146	960	175	246	146	1014	1792	251	358	19	148	487	1057	762	2713	147	879	318	634	276	827	157	67	378	1837	345	182	347	430	1019	2358	1450	273	300	1350	606	344	508	522	187	326	214	1025	3039	872	247	178	453	187	1956	348	266	433	486	340	544	2540	278	110	1729	216	302	336	492	446	560	178	1487	571	978	135	1313	499	1156	1068	622	934	1953	110	278	259	508	438	969	42	335	135	928	224	252	630	1313	121	298	141	112	230	3632	487	149	498	557	147	110	189	50	36	34	891	471	1228	713	348	243	1113	487	1983	313	154	1188	317	591	358	984	230	454	985	477	184	1006	454	48	339	488	920	253	380	159	2171	189	634	1017	442	1903	235	968	574	67	179	476	314	271	610	829	68	308	1335	406	1078	1100	1840	68	313	2408	187	310	156	301	324	378	2255	189	1234	338	307	634	982	968	144	586	68	130	289	286	493	254	34	460	484	382	622	634	247	1049	247	1317	1171	474	633	597	179	1455
1127	1144	1510	1050	1327	1294	1619	1099	1518	1475	1374	1191	0	1439	1433	1359	1008	1480	1037	1035	1070	1696	1103	1186	964	1185	1237	1701	536	1502	1054	964	1374	2194	1171	1130	1503	1603	819	1009	544	1346	1240	819	1086	1240	1545	2626	1065	1010	1749	1512	1246	975	1528	976	1135	1530	1395	1009	1323	1609	2683	1331	1037	1665	920	1324	1723	1488	1261	1054	1130	1508	1604	1432	1550	1175	1324	1416	1569	1293	2592	1055	1877	956	1240	1005	900	1346	1250	1558	2180	1164	1009	1183	1610	1662	2339	1759	1232	1487	1171	1566	1536	1035	1691	1004	889	1182	355	2961	546	1065	1160	836	1004	1878	1539	1336	945	1617	1531	1226	2729	1469	1082	2459	975	1362	1500	1424	1448	1747	1358	1995	1488	1560	1056	2055	1636	571	1220	1668	1400	2373	1082	1143	1016	1035	1203	507	1149	1497	1189	499	1386	1431	1774	2055	1295	1485	1317	1116	1411	2893	1679	1338	1423	1720	1044	1082	1123	1141	1155	1158	536	1158	1016	1467	1512	1260	1047	1672	2154	1502	1342	597	1370	1105	1550	1520	1153	789	1621	989	1160	1551	1420	1229	1501	1545	1316	1018	1559	1320	2936	1123	1240	1656	1228	1487	1190	1388	1477	1250	1144	826	1252	1009	961	469	1244	1023	1183	1476	1638	1670	2182	1249	1504	2621	1064	1321	1229	1488	888	1558	1500	1123	1080	1501	1495	1240	1518	1752	1332	1778	1123	1191	1479	1477	1423	1440	1158	802	1607	1558	1189	1240	1065	1609	1065	1194	1036	1648	1252	1056	1144	1792
315	319	529	391	182	223	256	940	141	113	388	257	1439	0	1020	353	515	471	428	619	401	313	348	294	532	261	227	1060	1096	931	417	532	388	772	1452	375	231	165	670	1352	1080	103	659	670	535	659	108	1850	410	495	399	237	219	467	753	463	311	115	386	432	2149	257	1819	113	428	425	518	185	1077	933	208	417	375	990	1862	8	135	276	185	403	1021	777	2733	404	680	566	659	520	961	102	217	121	1930	523	432	516	253	944	2506	1573	420	141	1452	613	113	619	266	437	583	307	1248	3042	1077	410	381	654	437	1994	128	334	595	252	107	571	2495	112	361	1576	467	355	232	403	327	308	164	1558	464	1075	390	1176	261	1350	1133	426	932	1872	361	472	503	619	597	1174	296	235	330	1136	202	16	381	1176	201	145	189	359	28	3764	250	109	412	302	400	361	340	306	292	291	1096	531	1351	650	237	258	1222	232	1963	134	102	1379	367	781	134	950	339	711	917	611	385	966	505	213	238	459	943	498	123	212	1995	340	659	943	591	2012	314	975	474	217	319	674	327	515	830	1051	227	471	1545	246	1023	1039	1932	220	97	2362	384	398	232	143	581	121	2414	340	1345	233	140	659	948	997	113	347	324	259	117	113	405	17	291	672	256	125	667	659	410	998	410	1524	1286	303	653	799	319	1427
995	844	545	988	1118	1133	930	334	1160	1134	1346	1020	1433	1020	0	1307	1190	585	828	572	816	974	873	823	766	1016	870	282	896	140	815	766	1346	1602	620	1140	1250	1067	808	633	889	1032	386	808	1297	386	1040	1193	806	751	1394	1256	870	1001	333	963	1012	1123	638	996	1391	1269	1252	1017	828	1445	953	1118	301	127	871	815	1140	97	893	1013	1137	1028	1118	626	148	258	1712	1060	800	1201	386	1194	532	1032	1066	1044	2847	1346	996	1353	1264	298	3311	2445	1292	1162	620	1608	1114	572	1056	994	1120	806	1084	2025	887	806	1186	802	994	981	1135	1276	705	930	1109	476	1527	1131	1000	1036	1001	1310	1250	629	712	1171	1126	2507	596	1994	1019	663	948	965	280	792	88	998	1000	1276	1183	572	1442	932	1008	1252	1152	935	1183	1004	1021	663	1106	1165	1115	1091	1006	2876	1196	1028	620	1051	1007	1000	840	1017	1017	1023	896	554	627	399	1256	797	496	1117	963	1154	1020	968	1326	1552	1137	140	791	1204	271	629	1191	160	1469	997	1255	1466	125	1176	1039	1144	1510	840	386	291	1451	1124	785	55	581	1066	844	789	719	1191	1508	982	1075	768	2186	804	225	255	2850	1069	1112	1397	877	1328	874	1164	1115	1044	1657	840	575	1251	1161	386	139	1984	1022	1257	1016	891	1138	1133	627	1037	1024	842	913	1030	405	386	806	203	806	2178	556	1312	387	1539	844	444
346	476	865	399	193	174	599	1156	287	270	39	298	1359	353	1307	0	351	806	539	806	532	642	464	488	647	304	436	1387	1144	1238	542	647	39	877	1646	249	198	458	738	1520	1129	290	924	738	288	924	423	2202	544	629	412	203	436	448	1078	471	329	332	706	423	2277	306	2172	300	539	306	524	192	1406	1237	436	542	249	1293	2091	356	341	298	192	728	1331	1051	3008	348	1029	402	924	353	1120	290	243	432	1582	231	423	216	311	1274	2153	1219	131	255	1646	307	346	806	565	428	477	505	1253	3331	1126	544	206	726	428	2253	331	32	725	596	346	832	2814	266	369	1929	448	3	194	730	664	540	195	1217	801	724	373	1527	599	1415	1366	778	1219	2208	369	221	343	806	270	1220	325	190	198	1176	150	364	694	1527	200	249	194	285	349	3917	438	291	738	603	389	369	487	322	315	309	1144	765	1521	971	203	510	1409	492	2267	276	301	1449	19	466	341	1258	526	570	1244	774	204	1278	162	311	191	201	1211	342	438	164	2347	487	924	1273	257	2197	524	1256	808	243	476	750	588	349	554	1063	235	604	1228	593	1344	1363	1585	239	317	2682	480	55	432	254	478	432	2531	487	1530	194	264	924	1256	676	295	518	332	420	270	271	732	337	309	723	603	445	916	924	544	1317	544	1205	1466	328	921	496	476	1734
241	379	878	210	353	312	759	964	544	506	368	271	1008	515	1190	351	0	822	362	626	379	825	335	420	432	270	416	1338	825	1157	377	432	369	1205	1409	142	505	675	464	1265	811	412	811	464	120	811	622	2230	387	439	747	514	424	190	1043	228	233	570	709	194	1979	616	2226	405	362	656	252	350	1359	1152	434	377	142	1202	1875	512	588	252	350	735	1252	935	2834	144	1148	54	811	4	877	412	298	634	1663	196	194	212	619	1239	2132	1255	228	510	1409	596	580	626	781	196	133	432	914	3173	809	387	156	457	196	2068	577	328	506	756	577	729	2717	500	211	1981	190	354	502	741	707	801	382	1342	822	825	183	1559	768	1096	1179	892	1109	2161	211	146	12	626	281	898	247	499	196	853	395	515	896	1559	324	506	343	159	492	3625	713	406	746	817	190	211	374	234	244	242	825	642	1267	938	514	489	1174	734	2146	529	414	1132	363	362	588	1179	430	221	1202	575	155	1204	436	320	502	543	1076	18	637	335	2430	374	811	1235	299	1940	453	1135	822	298	379	481	544	2	346	730	288	421	1072	676	1284	1309	1666	295	546	2588	319	316	407	511	136	634	2225	374	1288	503	519	811	1177	890	403	808	222	368	509	508	741	508	242	438	754	640	785	811	387	1254	387	1056	1223	651	813	354	379	1634
582	446	59	617	614	642	344	622	601	583	845	573	1480	471	585	806	822	0	509	451	478	393	495	402	534	571	410	589	1007	475	489	534	844	1029	1118	718	702	486	667	1059	993	516	315	667	896	315	466	1415	475	492	815	706	405	670	284	640	593	558	112	647	1871	701	1404	506	509	882	666	615	606	480	397	489	718	536	1468	465	569	588	615	86	558	384	2285	678	397	856	315	827	732	516	590	468	2388	917	647	918	695	472	2931	2015	834	610	1118	1084	547	451	471	648	815	393	1196	2584	990	475	751	651	648	1565	569	781	536	345	543	274	2024	582	610	1159	670	809	703	81	144	586	611	2023	12	1529	640	740	363	1205	765	236	501	1403	610	852	811	451	1007	1076	582	706	704	1053	662	456	449	740	614	615	614	676	465	3429	614	515	75	468	637	610	457	594	588	591	1007	324	1056	188	706	334	913	532	1499	598	505	1225	823	1164	569	492	402	937	446	491	757	503	967	532	709	930	538	804	463	644	1609	457	315	471	1009	1666	372	549	4	590	446	657	281	822	1169	1021	602	488	1894	230	553	568	2391	595	552	1890	522	842	418	612	810	468	2141	457	1030	704	607	315	490	1468	511	672	603	455	586	582	80	489	592	690	327	453	355	315	475	530	475	1878	983	740	303	1167	446	962
193	110	558	161	391	382	582	625	542	499	576	246	1037	428	828	539	362	509	0	275	34	659	84	149	111	239	205	979	668	795	20	111	575	1200	1107	323	576	582	242	982	652	357	448	242	468	448	525	1887	33	90	805	585	214	177	692	141	210	537	401	168	1753	655	1893	339	0	779	157	390	1001	790	229	20	323	839	1556	420	557	242	390	427	890	573	2492	233	884	379	448	366	581	358	312	537	2020	522	168	532	653	885	2493	1617	485	521	1107	845	538	275	659	166	315	145	821	2826	649	33	372	225	166	1731	548	507	187	579	533	368	2356	494	180	1649	177	543	574	434	432	729	415	1688	512	1171	192	1225	599	925	839	648	746	1800	180	453	354	275	618	746	214	574	351	708	467	416	737	1225	365	521	383	274	399	3386	679	350	436	686	180	180	89	217	224	230	668	279	982	591	585	224	869	652	1787	528	349	956	558	725	557	817	119	430	846	236	377	843	688	254	578	733	716	348	537	404	2110	89	448	881	630	1658	156	773	508	312	110	245	234	364	694	625	314	65	1406	443	924	950	2023	313	513	2226	59	542	198	522	310	537	2013	89	990	576	526	448	815	1194	342	776	209	169	504	500	434	434	230	245	570	534	422	448	33	893	33	1393	926	701	451	715	110	1272
464	333	476	436	640	640	678	350	754	715	844	508	1035	619	572	806	626	451	275	0	275	751	342	336	194	502	402	763	557	565	268	194	844	1361	845	598	812	740	256	734	543	581	227	256	738	227	690	1696	263	188	1018	820	407	435	516	397	482	735	385	436	1530	871	1722	562	275	1019	381	639	785	556	416	268	598	599	1284	610	754	509	639	400	656	331	2217	507	847	632	227	629	342	581	568	700	2289	796	436	806	868	687	2738	1880	760	741	845	1114	732	0	787	433	548	320	745	2551	540	263	648	246	433	1455	747	774	134	676	726	191	2095	711	455	1484	435	810	811	408	457	882	659	1961	460	1445	467	1062	698	772	563	664	497	1563	455	728	620	0	892	628	483	811	624	602	714	604	826	1062	619	742	634	549	594	3147	858	574	405	803	453	455	319	488	493	499	557	128	733	438	820	361	610	808	1521	743	570	796	826	985	754	587	291	634	645	59	653	616	960	502	815	993	453	614	697	659	1956	319	227	682	904	1402	308	516	448	568	333	240	303	627	935	571	573	210	1620	517	703	732	2292	571	715	1966	332	814	401	743	543	700	1796	319	733	812	744	227	584	1469	567	947	482	396	721	716	407	631	499	288	662	691	183	227	263	671	263	1610	671	918	236	969	333	1016
189	81	527	172	376	370	549	626	518	476	570	235	1070	401	816	532	379	478	34	275	0	625	68	116	132	228	175	959	695	777	16	132	569	1172	1114	327	558	551	271	993	679	335	433	271	481	433	495	1862	12	100	783	567	184	200	668	165	207	511	369	186	1770	633	1866	316	34	763	188	375	980	773	198	16	327	823	1559	392	531	234	375	395	873	559	2489	244	850	399	433	383	593	335	298	507	2031	530	186	539	631	862	2512	1630	486	499	1114	839	512	275	627	185	342	111	851	2820	676	12	375	254	185	1729	523	500	202	546	506	350	2343	471	184	1622	200	536	556	402	398	699	398	1695	481	1179	202	1198	565	950	838	614	733	1781	184	461	370	275	627	773	208	556	349	735	451	388	704	1198	351	499	368	277	372	3400	651	327	404	654	191	184	60	212	218	224	695	263	993	566	567	190	877	622	1777	505	326	980	551	741	531	800	84	459	824	242	380	825	685	237	560	723	706	364	506	391	2081	60	433	859	637	1668	121	761	477	298	81	273	201	380	716	656	302	75	1431	408	905	930	2034	301	487	2213	61	539	169	500	337	507	2031	60	999	557	504	433	797	1194	320	748	207	144	482	477	402	408	224	276	536	503	410	433	12	874	12	1418	936	679	434	733	81	1258
606	552	429	676	494	536	76	999	360	372	672	557	1696	313	974	642	825	393	659	751	625	0	596	509	740	561	462	928	1292	854	642	740	671	637	1505	687	467	187	888	1435	1277	414	690	888	848	690	219	1607	631	696	475	466	452	750	653	736	606	312	385	717	2248	409	1559	420	659	584	786	497	941	861	438	642	687	916	1861	316	308	577	497	382	928	776	2655	704	403	875	690	830	1078	414	528	210	2177	833	717	826	402	810	2787	1844	728	388	1505	845	297	751	100	721	880	514	1464	2942	1273	631	695	870	721	1950	315	630	780	79	296	624	2345	376	651	1321	750	643	469	375	302	209	472	1795	381	1341	683	950	60	1523	1156	198	892	1692	651	785	813	751	902	1368	591	474	644	1336	497	311	78	950	514	394	501	666	333	3820	275	420	382	79	689	651	573	603	590	590	1292	631	1433	574	466	436	1293	185	1850	368	411	1548	652	1091	308	868	543	1010	795	768	699	874	774	510	475	686	932	808	205	522	1716	573	690	811	893	2057	507	940	397	528	552	885	460	825	1144	1273	539	679	1856	234	907	914	2180	531	325	2211	634	693	471	389	877	210	2517	573	1413	470	380	690	867	1217	422	298	620	511	372	370	377	324	591	899	90	198	719	690	631	890	631	1835	1361	433	679	1111	552	1320
124	50	548	125	309	302	520	693	458	416	502	166	1103	348	873	464	335	495	84	342	68	596	0	97	195	160	134	1004	750	828	80	195	501	1120	1183	266	492	505	323	1061	734	274	488	323	428	488	448	1895	80	168	721	501	143	176	707	150	141	454	383	152	1836	571	1895	255	84	696	191	307	1025	824	158	80	266	876	1626	340	475	166	307	409	923	615	2554	194	851	363	488	340	661	274	230	460	1974	472	152	479	569	904	2466	1577	422	437	1183	771	456	342	588	153	321	103	899	2883	731	80	313	307	153	1794	466	432	268	517	451	401	2399	410	128	1649	176	468	490	415	397	652	332	1634	496	1120	152	1227	535	1009	904	606	789	1829	128	403	326	342	569	828	140	490	284	789	384	337	674	1227	283	436	301	217	319	3468	598	266	419	617	145	128	38	146	151	156	750	319	1061	602	501	176	946	576	1836	444	265	1040	483	693	475	850	94	446	867	310	318	874	618	170	494	654	767	319	460	323	2104	38	488	900	578	1736	122	819	494	230	50	328	213	336	679	703	234	142	1401	392	952	976	1977	232	430	2268	38	472	125	438	317	460	2096	38	1067	492	442	488	848	1128	258	696	143	89	421	417	416	353	157	323	510	458	469	488	80	922	80	1386	1004	617	488	689	50	1314
185	47	457	215	308	315	433	677	421	381	527	198	1186	294	823	488	420	402	149	336	116	509	97	0	242	193	67	932	806	765	133	242	527	1061	1181	329	475	438	386	1070	790	244	437	386	502	437	382	1810	123	202	687	484	74	272	629	247	199	408	290	246	1860	538	1805	226	149	682	286	308	952	762	86	133	329	816	1611	285	428	207	308	316	860	565	2520	276	754	453	437	425	673	245	245	394	2034	536	246	541	535	828	2543	1644	471	406	1181	794	407	336	511	248	417	17	966	2844	787	123	370	368	248	1766	420	456	300	430	401	346	2341	376	208	1560	272	491	474	322	300	585	324	1686	403	1176	238	1139	449	1057	882	509	736	1758	208	467	410	336	631	884	192	475	332	848	381	280	588	1139	290	407	303	283	266	3482	543	238	326	537	234	208	65	202	200	204	806	277	1069	523	484	79	946	509	1785	409	233	1086	507	770	428	786	46	543	792	320	376	808	648	176	479	663	724	403	393	330	2012	65	437	825	637	1738	37	770	402	245	47	386	123	421	767	771	253	180	1491	297	882	905	2037	248	386	2210	132	505	64	408	413	394	2123	65	1069	476	409	437	784	1163	230	638	207	68	386	382	322	303	205	392	421	389	428	437	123	853	123	1475	1008	585	435	770	47	1257
300	213	575	255	503	493	664	533	651	609	682	356	964	532	766	647	432	534	111	194	132	740	195	242	0	349	306	943	564	750	117	0	682	1302	1002	420	687	680	147	873	548	467	402	147	547	402	624	1867	122	45	915	697	314	242	674	205	318	644	437	247	1642	765	1883	448	111	891	187	502	965	742	327	117	420	788	1456	524	664	352	502	460	843	519	2404	322	925	437	402	436	473	467	423	636	2096	609	247	620	763	858	2545	1686	584	631	1002	950	644	194	751	244	354	232	726	2741	545	122	470	130	244	1639	655	614	78	661	639	337	2289	603	280	1642	242	650	686	468	485	828	527	1772	540	1255	285	1217	681	817	748	704	688	1753	280	542	427	194	704	642	322	685	454	605	578	520	819	1217	476	631	495	372	504	3275	783	459	469	775	270	280	192	324	333	338	564	247	874	581	697	305	765	751	1716	638	458	847	665	791	664	772	200	447	817	142	474	800	792	366	689	842	647	421	635	515	2109	192	402	853	718	1550	234	710	532	423	213	145	288	434	742	532	425	62	1435	513	885	913	2099	425	620	2161	169	646	300	633	349	636	1901	192	884	687	636	402	769	1292	452	879	314	276	614	610	468	540	339	162	650	631	367	402	122	853	122	1424	820	811	408	774	213	1210
59	173	629	136	157	143	492	852	334	291	342	7	1185	261	1016	304	270	571	239	502	228	561	160	193	349	0	161	1123	884	958	239	349	342	1011	1343	147	346	427	460	1221	868	162	629	460	325	629	370	1986	240	327	585	355	166	210	817	214	50	344	460	176	1990	437	1974	148	239	544	272	155	1143	956	174	239	147	1010	1786	256	364	17	155	485	1053	758	2707	143	879	316	629	275	820	162	74	383	1841	347	176	350	436	1016	2360	1453	277	306	1343	612	350	502	526	181	322	210	1018	3034	865	240	180	446	181	1950	353	272	426	488	346	539	2535	285	103	1728	210	308	343	490	445	565	185	1492	569	982	130	1311	502	1149	1062	623	929	1949	103	281	258	502	441	962	36	342	138	921	231	257	634	1311	128	305	148	111	235	3625	493	154	496	561	141	103	183	45	30	29	884	466	1221	710	355	240	1106	492	1979	319	159	1181	324	592	364	980	225	451	982	470	186	1002	460	50	346	494	914	252	385	166	2170	183	629	1013	445	1896	231	963	572	74	173	469	310	270	609	822	75	302	1335	407	1074	1097	1843	76	318	2404	180	315	154	308	320	383	2248	183	1228	345	313	629	978	973	149	592	63	126	296	292	491	259	30	452	486	386	617	629	240	1046	240	1317	1164	481	628	598	173	1451
174	95	468	226	250	262	387	739	354	314	476	164	1237	227	870	436	416	410	205	402	175	462	134	67	306	161	0	964	870	805	192	306	475	997	1245	307	410	376	446	1136	854	179	488	446	485	488	319	1825	184	267	619	418	9	295	657	276	184	340	299	264	1927	471	1814	160	205	617	324	250	984	803	24	192	307	858	1672	219	361	178	250	324	899	614	2573	275	736	455	488	421	740	179	196	331	1998	509	264	511	468	856	2522	1614	433	339	1245	739	340	402	455	267	434	82	1026	2895	851	184	342	429	267	1822	353	406	367	383	334	396	2383	309	210	1569	295	439	409	329	290	523	263	1644	409	1138	242	1151	402	1123	942	485	783	1790	210	442	405	402	601	948	172	410	298	911	320	214	540	1151	236	340	246	266	199	3549	477	172	335	483	243	210	116	184	177	181	870	335	1136	550	418	79	1011	447	1831	342	167	1152	455	753	360	826	113	564	822	388	348	846	598	129	414	604	776	398	331	274	2014	116	488	853	605	1804	95	820	411	196	95	448	153	417	762	831	206	244	1488	268	917	938	2001	200	318	2250	172	459	9	341	431	331	2190	116	1135	411	342	488	824	1113	165	573	195	52	319	315	330	236	182	451	377	328	483	488	184	889	184	1472	1074	518	485	757	95	1300
1117	965	532	1128	1193	1217	905	604	1189	1172	1426	1126	1701	1060	282	1387	1338	589	979	763	959	928	1004	932	943	1123	964	0	1165	203	963	943	1426	1516	871	1262	1291	1063	1017	907	1157	1098	540	1017	1432	540	1050	939	951	917	1390	1296	961	1157	308	1120	1132	1146	681	1145	1629	1286	982	1086	979	1468	1123	1194	22	215	958	963	1262	194	1049	1054	1155	1138	1194	660	134	435	1732	1198	648	1358	540	1342	802	1098	1158	1051	2962	1468	1145	1473	1280	118	3470	2576	1398	1200	871	1672	1134	763	1023	1144	1291	917	1357	2013	1154	951	1302	1008	1144	1066	1156	1359	897	906	1130	611	1434	1171	1132	759	1157	1390	1292	659	733	1137	1194	2604	597	2102	1156	382	919	1247	557	730	301	826	1132	1400	1329	763	1563	1207	1124	1295	1261	1206	1247	1045	956	382	1189	1204	1193	1215	1053	3042	1185	1096	651	1008	1148	1132	966	1134	1132	1136	1165	702	900	416	1296	885	775	1098	922	1187	1086	1250	1404	1698	1155	182	911	1390	143	823	1308	152	1549	1093	1298	1519	386	1322	1045	1223	1235	966	540	118	1568	1324	895	317	586	1158	965	999	812	1339	1674	1241	1168	929	2378	818	63	31	2965	1162	1141	1301	1018	1418	970	1201	1285	1051	1889	966	843	1293	1196	540	185	2055	1091	1226	1138	997	1176	1172	657	1078	1137	1050	890	1035	579	540	951	93	951	2366	831	1323	534	1692	965	395
826	776	1026	756	1041	1021	1216	563	1208	1165	1172	891	536	1096	896	1144	825	1007	668	557	695	1292	750	806	564	884	870	1165	0	968	678	564	1172	1867	723	895	1230	1244	426	555	15	1023	732	426	939	732	1189	2089	685	605	1468	1239	878	697	1010	678	840	1205	941	725	1159	1318	2147	1005	668	1424	622	1039	1187	954	891	678	895	971	1196	1087	1225	880	1039	957	1033	767	2197	796	1400	792	732	825	363	1024	958	1200	2349	1020	725	1037	1317	1131	2653	1920	1044	1185	723	1420	1206	557	1311	719	693	796	196	2558	18	685	940	442	719	1445	1216	1114	512	1214	1201	737	2248	1159	789	1924	697	1147	1227	966	1009	1392	1069	2086	1017	1588	776	1524	1235	271	693	1221	864	1848	789	971	828	557	1095	78	850	1226	947	45	1114	1083	1369	1524	1011	1184	1032	860	1067	2804	1346	1015	963	1334	760	789	755	847	859	864	0	686	560	961	1239	865	545	1315	1664	1194	1015	306	1161	1087	1225	986	763	670	1090	527	943	1016	1259	913	1230	1346	779	826	1200	1046	2401	755	732	1124	1117	1174	796	851	1004	958	776	422	831	827	972	131	957	626	1476	1058	1103	1135	2352	959	1180	2133	716	1125	864	1186	689	1200	1400	755	611	1229	1190	732	983	1704	1008	1443	831	837	1170	1166	965	1102	864	431	1201	1196	681	732	685	1074	685	1477	554	1363	744	1048	776	1266
946	793	428	949	1046	1064	816	411	1068	1045	1277	962	1502	931	140	1238	1157	475	795	565	777	854	828	765	750	958	805	203	968	0	779	750	1277	1475	758	1091	1163	962	816	763	959	954	348	816	1257	348	940	1142	769	727	1290	1169	803	972	203	935	962	1028	545	963	1530	1173	1184	941	795	1352	933	1046	226	15	802	779	1091	61	1025	924	1040	972	1046	529	95	234	1809	1021	660	1174	348	1161	607	954	1001	942	2799	1299	963	1304	1167	172	3288	2405	1236	1073	758	1533	1018	565	941	961	1101	749	1161	2112	956	769	1135	808	961	1095	1039	1209	699	816	1013	427	1577	1043	956	957	972	1241	1163	530	611	1056	1050	2449	486	1941	979	560	833	1066	411	666	108	1005	956	1230	1148	565	1395	1012	956	1166	1097	1009	1106	915	897	560	1037	1077	1044	1043	919	3012	1089	951	521	933	969	956	792	965	964	969	968	515	757	286	1169	728	620	1007	1032	1064	942	1072	1256	1519	1040	22	739	1196	138	624	1140	51	1401	934	1169	1385	198	1142	937	1073	1434	792	348	165	1402	1263	727	143	471	1001	793	798	651	1158	1487	1040	1011	741	2184	702	140	172	2802	1005	1019	1445	838	1264	810	1075	1096	942	1797	792	708	1165	1071	348	19	1913	946	1144	967	832	1049	1045	528	948	970	850	800	927	383	348	769	109	769	2173	684	1214	344	1510	793	497
196	97	538	173	389	381	565	619	534	492	579	246	1054	417	815	542	377	489	20	268	16	642	80	133	117	239	192	963	678	779	0	117	578	1188	1104	331	571	568	254	981	662	350	433	254	481	433	512	1868	13	88	798	580	201	194	674	159	214	527	381	183	1757	648	1874	331	20	776	177	387	984	774	215	0	331	825	1550	409	547	244	387	407	875	559	2484	245	864	395	433	381	581	350	310	524	2032	533	183	542	646	867	2509	1630	492	514	1104	848	528	268	644	181	334	128	834	2816	659	13	380	237	181	1723	539	509	188	562	523	352	2342	486	188	1630	194	545	570	414	412	716	411	1698	492	1182	204	1206	582	934	832	629	733	1784	188	464	369	268	629	756	216	570	356	719	464	405	721	1206	363	514	381	282	388	3388	668	342	416	671	192	188	76	220	227	232	678	264	982	573	580	206	867	639	1775	520	341	964	561	739	547	802	100	449	829	232	385	827	693	250	573	734	704	362	523	403	2090	76	433	863	640	1657	137	760	488	310	97	256	214	378	711	639	314	62	1424	424	908	934	2035	312	503	2212	64	547	186	515	329	524	2017	76	988	571	519	433	799	1201	335	764	214	159	497	493	414	424	233	259	553	520	409	433	13	877	13	1411	925	694	436	730	97	1258
300	213	575	255	503	493	664	533	651	609	682	356	964	532	766	647	432	534	111	194	132	740	195	242	0	349	306	943	564	750	117	0	682	1302	1002	420	687	680	147	873	548	467	402	147	547	402	624	1867	122	45	915	697	314	242	674	205	318	644	437	247	1642	765	1883	448	111	891	187	502	965	742	327	117	420	788	1456	524	664	352	502	460	843	519	2404	322	925	437	402	436	473	467	423	636	2096	609	247	620	763	858	2545	1686	584	631	1002	950	644	194	751	244	354	232	726	2741	545	122	470	130	244	1639	655	614	78	661	639	337	2289	603	280	1642	242	650	686	468	485	828	527	1772	540	1255	285	1217	681	817	748	704	688	1753	280	542	427	194	704	642	322	685	454	605	578	520	819	1217	476	631	495	372	504	3275	783	459	469	775	270	280	192	324	333	338	564	247	874	581	697	305	765	751	1716	638	458	847	665	791	664	772	200	447	817	142	474	800	792	366	689	842	647	421	635	515	2109	192	402	853	718	1550	234	710	532	423	213	145	288	434	742	532	425	62	1435	513	885	913	2099	425	620	2161	169	646	300	633	349	636	1901	192	884	687	636	402	769	1292	452	879	314	276	614	610	468	540	339	162	650	631	367	402	122	853	122	1424	820	811	408	774	213	1210
382	515	903	432	232	213	631	1194	313	300	0	336	1374	388	1346	39	369	844	575	844	569	671	501	527	682	342	475	1426	1172	1277	578	682	0	878	1683	278	216	485	770	1556	1157	328	963	770	294	963	454	2238	581	665	413	221	475	478	1117	503	365	359	745	454	2309	319	2207	339	575	296	554	231	1444	1276	475	578	278	1332	2128	391	366	335	231	767	1370	1090	3047	379	1062	418	963	371	1155	328	281	462	1544	229	454	212	324	1313	2120	1184	142	282	1683	269	374	844	591	460	498	544	1277	3370	1155	581	232	758	460	2291	358	70	760	627	374	871	2853	297	403	1964	478	36	213	768	702	560	233	1179	839	688	405	1564	630	1443	1404	812	1259	2247	403	232	362	844	254	1248	362	208	230	1204	185	399	720	1564	239	277	233	317	385	3950	457	329	776	629	422	403	525	358	351	346	1172	804	1556	1010	221	549	1445	516	2306	304	339	1478	21	450	366	1297	564	585	1283	811	229	1317	123	350	209	175	1250	362	467	203	2379	525	963	1311	238	2233	563	1295	846	281	515	783	627	367	547	1088	274	641	1208	630	1383	1402	1547	278	346	2721	516	53	471	282	500	462	2562	525	1566	213	291	963	1295	637	334	532	367	458	299	301	770	371	345	754	635	475	955	963	581	1356	581	1184	1502	336	960	484	515	1774
1070	1091	1060	1147	867	901	697	1634	676	719	879	1004	2194	772	1602	877	1205	1029	1200	1361	1172	637	1120	1061	1302	1011	997	1516	1867	1475	1188	1302	878	0	2142	1071	699	624	1442	2068	1851	854	1326	1442	1164	1326	678	2001	1181	1263	465	691	988	1221	1272	1224	1060	668	1018	1187	2880	589	1909	871	1200	595	1282	870	1524	1484	975	1188	1071	1536	2494	780	648	1020	870	1018	1540	1413	3247	1139	883	1260	1326	1209	1699	853	944	667	2026	1107	1187	1091	587	1403	2729	1796	1008	707	2142	852	665	1361	577	1192	1310	1072	2020	3513	1848	1181	1048	1425	1192	2568	658	890	1360	698	670	1255	2872	726	1114	1703	1221	875	703	1012	935	479	836	1636	1017	1323	1138	1428	677	2117	1793	810	1523	2195	1114	1096	1195	1361	1124	1945	1047	706	1012	1908	812	783	581	1428	899	709	877	1079	800	4458	522	862	1019	568	1151	1114	1112	1054	1040	1037	1867	1250	2066	1205	691	1008	1927	554	2425	692	860	2145	872	1313	648	1487	1104	1425	1396	1366	1050	1488	902	970	703	755	1567	1192	668	876	1990	1112	1326	1405	1104	2695	1074	1572	1033	944	1091	1445	1058	1204	1423	1823	949	1241	2029	854	1507	1508	2028	945	694	2741	1156	928	1002	705	1309	667	3148	1112	2048	702	699	1326	1486	1091	868	424	1072	1031	715	718	1014	766	1037	1444	715	673	1353	1326	1181	1495	1181	2002	1996	554	1315	1353	1091	1911
