NAME : VRPTW_INSTANCE_269.txt
COMMENT : Bangkok Supermarket
TYPE : VRPTW
DIMENSION : 233
DAYS : Tuesday
EDGE_WEIGHT_TYPE : EXPLICIT
VEHICLES : 33
EDGE_WEIGHT_FORMAT : FULL_MATRIX
CAPACITY : 1000
EDGE_WEIGHT_SECTION
0	894	133	101	447	288	815	1627	1300	1087	258	221	503	283	287	394	358	425	300	1913	1116	135	1041	492	85	201	1758	610	521	982	1195	892	199	891	534	248	404	83	394	193	344	156	200	254	210	399	2476	946	993	358	309	311	287	1606	155	528	254	350	350	499	197	153	705	612	314	412	153	1029	123	60	547	1017	538	37	1721	737	726	1213	1738	244	474	238	437	24	214	1095	376	1148	1028	111	1727	185	314	241	2011	373	3160	221	378	537	204	981	2228	85	1110	438	417	221	135	697	729	586	620	641	2156	1958	2155	154	92	1571	317	582	1134	617	97	412	199	2317	38	447	482	153	941	496	737	60	603	212	370	611	244	2208	1098	1421	408	2861	196	404	152	645	978	708	86	1532	97	309	101	248	400	2001	2949	484	126	888	193	221	1226	2705	2528	415	2008	379	760	394	344	373	1727	601	127	999	760	309	412	306	254	503	1964	196	1458	1122	1126	348	317	367	1010	88	254	216	352	1121	1022	1430	127	155	1673	3002	3143	90	603	239	24	2191	317	2778	367	500	252	351	1076	1028	306	499	1115	991	585	1011	506	1749	479	204	948	668	484
894	0	786	968	882	871	385	871	766	1923	689	675	466	676	1057	1020	1012	993	699	1114	1048	764	147	479	911	717	978	1027	744	1874	550	1029	988	311	1071	677	742	925	1020	743	995	776	735	1116	901	1120	3348	52	102	1252	859	863	1057	925	974	758	1116	1190	985	1129	1013	741	749	922	881	992	741	184	908	927	964	173	771	878	1078	186	1567	692	2489	1000	1362	1099	904	903	906	223	1024	341	811	909	946	713	900	679	2569	1023	2445	1022	650	767	1018	99	1347	906	1470	899	673	696	764	1559	573	403	1082	374	1285	1238	1283	883	868	779	1211	432	264	979	908	992	1020	1423	917	540	1117	741	149	1127	186	927	396	882	1017	396	1000	1606	207	1195	971	2100	727	742	920	1290	157	1574	906	935	991	870	994	677	1118	1463	2088	477	898	1723	737	675	1384	1942	1853	721	1467	1016	363	958	995	1215	946	396	780	1858	638	600	981	1199	1038	466	2701	727	2351	1969	644	989	1211	1196	208	980	1116	907	997	253	1873	536	1020	740	813	2462	2730	913	344	669	909	1474	1211	2180	1206	1376	661	984	185	811	1199	1128	246	100	436	124	1136	998	923	1070	503	1419	410
133	786	0	183	504	356	683	1556	1166	1157	125	152	442	149	408	491	458	512	169	1837	1000	42	933	432	125	71	1685	682	538	1089	1132	789	319	819	624	211	284	206	491	59	442	170	192	331	298	517	2566	838	887	478	371	374	408	1547	279	548	331	483	445	605	323	85	713	662	383	500	85	933	127	189	613	920	561	143	1587	620	796	1079	1870	359	600	371	501	154	304	995	476	1061	900	125	1597	132	389	201	2130	474	3026	345	246	559	330	869	2129	119	1051	500	288	93	42	828	703	519	702	573	2061	1825	2060	117	181	1493	432	522	1035	678	122	500	327	2208	170	401	588	85	848	602	620	189	537	154	470	546	359	2075	992	1299	491	2728	64	284	147	760	882	839	120	1399	217	374	229	211	518	1869	2825	422	118	956	184	152	1138	2573	2395	292	1876	477	629	476	442	506	1597	534	127	1130	629	241	497	421	377	442	2097	64	1567	1254	993	444	432	500	918	204	331	305	450	1022	1154	1320	243	68	1550	2872	3019	127	523	186	157	2132	432	2646	500	590	202	445	970	900	421	605	1016	885	527	907	613	1681	543	284	814	797	385
101	968	183	0	538	378	855	1721	1321	990	297	309	598	319	332	463	426	502	322	2006	1091	205	1116	587	59	254	1852	692	621	906	1291	854	255	984	606	345	399	156	463	233	415	257	300	156	295	445	2388	1021	1069	299	401	402	332	1703	210	628	156	352	423	557	240	236	806	704	403	488	236	1112	83	129	633	1099	637	137	1746	804	629	1236	1732	302	426	241	526	112	298	1175	442	1236	1026	74	1771	276	401	337	2040	440	3185	266	401	637	247	1052	2310	65	1036	528	428	275	205	665	831	680	697	735	2240	1991	2239	125	189	1663	252	678	1216	704	67	488	239	2391	114	545	541	236	1025	554	804	129	697	175	438	706	302	2222	1175	1404	487	2895	245	399	99	690	1061	675	65	1555	65	399	90	345	447	2010	3004	578	94	791	293	309	1171	2740	2550	415	2016	448	803	474	415	370	1771	695	225	963	768	400	489	240	300	598	1960	245	1384	1091	1149	420	252	373	1095	53	156	300	423	1202	991	1503	74	232	1732	3003	3127	59	693	332	107	2288	252	2788	368	411	346	424	1153	1026	240	557	1196	1067	682	1088	564	1844	567	106	976	685	564
447	882	504	538	0	159	993	1393	1506	1435	576	407	420	597	309	176	193	127	638	1691	1470	466	1011	408	532	519	1531	186	165	1220	956	1282	317	724	188	340	770	382	176	541	186	334	323	660	244	296	2732	927	958	636	138	136	309	1330	349	158	660	454	171	255	349	430	321	165	135	133	430	945	568	409	113	935	156	410	1896	802	1092	1419	1608	284	677	435	27	429	242	1019	193	1011	1328	557	1820	396	140	349	1725	194	3309	334	693	159	347	982	2089	531	1551	20	749	525	466	779	438	479	223	515	2001	2095	2000	591	354	1367	624	452	1051	174	543	133	355	2229	424	351	247	430	856	253	802	409	488	645	190	489	284	2414	1049	1746	113	2976	527	770	598	409	893	798	532	1724	493	138	471	340	293	2233	2960	413	569	1248	330	407	1640	2818	2699	771	2239	181	932	109	186	474	1820	487	376	1051	1050	393	121	617	318	420	1819	527	1660	1142	1340	177	624	443	904	496	660	240	181	1037	1053	1380	515	452	1693	3247	3442	537	539	373	433	1900	624	2993	463	841	364	168	1031	1328	617	255	1032	955	448	967	261	1503	46	616	1151	559	545
288	871	356	378	159	0	918	1474	1429	1298	443	287	408	467	202	162	143	163	504	1770	1343	321	1010	395	373	382	1611	327	268	1112	1035	1143	175	768	273	234	633	223	162	399	126	191	195	503	86	249	2626	919	957	503	24	24	202	1427	198	270	503	351	119	282	208	291	451	325	27	154	291	963	410	249	261	951	276	251	1833	760	948	1341	1631	156	565	302	149	269	85	1035	158	1051	1218	398	1785	266	37	239	1811	157	3260	200	567	276	207	969	2139	372	1395	150	620	392	321	709	526	484	346	531	2057	2046	2056	434	195	1437	484	465	1071	329	384	154	215	2261	264	334	267	291	872	279	760	249	497	490	151	502	156	2342	1056	1631	140	2938	388	633	439	449	910	726	373	1654	335	21	314	234	247	2152	2959	395	411	1106	201	287	1494	2780	2640	637	2158	153	857	124	126	375	1785	496	230	999	940	306	148	475	196	408	1849	388	1567	1104	1259	122	484	349	929	337	503	84	129	1057	1009	1392	358	312	1683	3164	3339	378	531	261	273	2005	484	2920	365	700	258	118	1036	1218	475	281	1051	955	464	970	290	1590	191	459	1071	550	489
815	385	683	855	993	918	0	1240	513	1703	559	644	603	536	1058	1080	1059	1072	533	1460	664	682	471	610	795	614	1336	1170	903	1733	935	654	973	665	1173	684	505	876	1080	625	1041	758	732	973	911	1150	3142	411	458	1153	916	921	1058	1306	943	919	973	1160	1036	1200	988	681	980	1088	938	1067	681	563	776	866	1098	553	934	815	916	258	1367	425	2535	1001	1281	1051	1007	833	917	579	1075	719	433	782	916	677	954	680	2718	1073	2350	1005	458	930	994	387	1609	790	1107	1003	447	593	682	1512	837	589	1214	597	1565	1144	1564	738	831	1139	1106	622	615	1135	787	1067	993	1626	849	655	1185	681	533	1197	258	866	595	713	1068	601	1001	1425	532	838	1049	2045	619	505	775	1367	543	1523	790	735	899	926	912	684	1150	1240	2160	600	764	1511	730	644	1001	1890	1725	483	1246	1070	60	1033	1041	1184	916	593	741	1813	265	612	1058	1095	1031	603	2758	619	2208	1938	348	1038	1106	1174	593	886	973	919	1045	608	1838	771	923	669	906	2254	2466	795	524	661	837	1842	1106	2003	1177	1222	661	1035	514	433	1095	1199	602	457	630	481	1208	1365	1038	937	161	1451	449
1627	871	1556	1721	1393	1474	1240	0	1438	2711	1493	1412	1123	1487	1676	1569	1580	1520	1521	298	1877	1522	769	1134	1674	1499	138	1438	1228	2583	439	1894	1640	737	1541	1379	1591	1625	1569	1531	1569	1477	1431	1877	1542	1688	4094	833	783	1959	1453	1455	1676	171	1646	1234	1877	1826	1555	1636	1673	1486	1093	1322	1470	1527	1486	686	1684	1638	1411	698	1237	1599	1544	1052	2350	1399	2876	1630	2038	1768	1420	1627	1544	660	1584	530	1631	1680	1241	1445	1487	1386	2732	1584	2573	1670	1489	1234	1674	852	775	1668	2340	1414	1523	1482	1522	2172	955	1041	1496	986	669	1549	668	1670	1567	120	1928	1045	625	1380	1675	1527	1680	1006	1636	1182	1632	1486	745	1635	1052	1638	1023	1686	1580	1015	1630	2007	710	1951	1506	2176	1512	1591	1703	1754	721	2190	1669	1495	1721	1462	1714	1379	1686	1958	1880	1143	1675	2511	1436	1412	2237	2034	2114	1571	1960	1573	1229	1500	1569	1849	1241	1026	1500	2442	1502	1321	1515	1917	1671	1123	3055	1512	3042	2526	1392	1561	1928	1822	673	1714	1877	1544	1566	632	2441	640	1752	1494	951	2832	3211	1676	1032	1389	1634	603	1928	2508	1839	2127	1375	1552	726	1631	1917	1635	637	784	1042	759	1640	127	1412	1828	1317	1936	1183
1300	766	1166	1321	1506	1429	513	1438	0	2037	1042	1150	1109	1017	1560	1591	1569	1586	1002	1577	584	1173	754	1118	1265	1102	1494	1682	1412	2144	1267	769	1472	1077	1687	1195	931	1369	1591	1107	1551	1263	1240	1415	1417	1657	3460	758	778	1613	1429	1433	1560	1553	1439	1428	1415	1650	1547	1712	1484	1178	1473	1598	1450	1580	1178	882	1238	1355	1611	878	1443	1306	426	733	1739	88	3035	1504	1745	1538	1521	1320	1424	854	1586	1005	395	1247	565	1181	1466	1191	3232	1584	1863	1503	923	1439	1491	701	1549	1260	1192	1517	893	1083	1173	1987	1314	1084	1728	1082	1541	689	1540	1197	1329	1320	1564	1118	871	1646	1255	1580	1488	1474	1337	1166	1697	1178	902	1709	733	1355	1087	1159	1579	1092	1504	913	787	526	1562	1586	1104	931	1231	1879	891	1996	1259	234	1374	1438	1391	1195	1656	727	1811	1109	1227	1862	1237	1150	965	1435	1229	912	732	1581	574	1546	1551	1673	565	1085	1241	2284	563	1125	1571	1554	1531	1109	3260	1104	2606	2413	173	1549	1564	1666	933	1360	1415	1425	1556	872	2313	819	1394	1164	719	1741	1971	1263	1017	1170	1323	2001	1564	1490	1667	1643	1172	1546	782	395	1554	1711	870	779	1125	792	1720	1547	1552	1388	358	1954	962
1087	1923	1157	990	1435	1298	1703	2711	2037	0	1236	1299	1589	1247	1128	1282	1252	1338	1224	2994	1561	1189	2067	1578	1037	1218	2841	1517	1566	417	2282	1302	1123	1974	1395	1335	1203	1102	1282	1188	1254	1242	1287	834	1214	1182	1439	1974	2026	798	1322	1322	1128	2693	1101	1568	834	997	1268	1297	1090	1225	1748	1583	1313	1326	1225	2083	1029	1085	1488	2070	1574	1118	2447	1742	361	1969	1673	1151	782	1000	1413	1089	1214	2141	1259	2216	1651	1031	2575	1267	1301	1328	2266	1258	3823	1102	1279	1574	1091	1994	3270	1043	1069	1417	1268	1237	1189	848	1808	1670	1489	1725	3208	2723	3206	1047	1156	2650	813	1669	2182	1555	1036	1326	1083	3321	1083	1535	1289	1225	2001	1296	1742	1085	1688	1041	1260	1696	1151	2824	2130	1865	1338	3601	1206	1203	1011	1314	2034	832	1042	2258	997	1316	1008	1335	1185	2585	3836	1569	1038	200	1280	1299	1365	3457	3189	1226	2592	1270	1668	1334	1254	983	2575	1686	1214	887	1502	1390	1334	822	1117	1589	1880	1206	657	985	1888	1263	813	1015	2073	1002	834	1214	1261	2169	937	2440	967	1217	2609	3468	3447	1035	1680	1323	1083	3278	813	3330	993	598	1337	1271	2108	1651	822	1297	2163	2024	1672	2047	1299	2835	1443	884	1767	1153	1539
258	689	125	297	576	443	559	1493	1042	1236	0	172	410	25	526	592	562	605	62	1766	899	134	835	404	238	63	1617	761	576	1197	1080	707	437	761	717	243	194	328	592	65	545	252	253	432	401	631	2658	741	792	596	454	457	526	1497	400	589	432	608	546	710	444	153	737	724	470	595	153	847	225	313	689	834	603	265	1462	515	878	955	1994	474	722	496	578	278	407	905	580	983	785	228	1474	180	480	233	2241	578	2901	465	126	600	451	766	2037	232	1013	576	177	51	134	953	695	477	787	528	1973	1701	1971	194	294	1423	550	488	946	749	231	595	448	2105	294	389	694	153	766	707	515	313	495	194	573	504	474	1951	897	1190	583	2604	62	194	232	870	799	964	232	1274	340	459	353	243	632	1747	2707	391	213	1035	246	172	1069	2448	2270	195	1753	579	506	567	545	631	1474	492	218	1254	510	230	591	538	495	410	2220	62	1675	1379	868	546	550	624	839	326	432	409	552	933	1279	1217	363	133	1435	2751	2906	238	466	210	281	2079	550	2523	625	691	223	546	874	785	538	710	927	790	494	812	718	1619	619	389	689	918	310
221	675	152	309	407	287	644	1412	1150	1299	172	0	292	191	414	446	420	450	234	1696	1063	113	822	282	261	125	1542	593	406	1204	984	878	332	675	560	71	366	251	446	156	403	113	92	465	267	506	2696	727	773	578	293	297	414	1399	307	418	465	527	400	566	351	74	572	552	312	442	74	808	275	251	520	795	432	202	1561	528	937	1062	1891	357	687	428	411	229	273	873	438	927	930	270	1538	37	325	60	2098	436	2995	365	285	429	356	765	2006	256	1179	409	341	124	113	892	551	371	623	426	1935	1785	1933	270	197	1353	538	372	913	578	263	442	357	2097	242	248	551	74	720	563	528	251	389	304	431	398	357	2064	878	1345	427	2683	137	366	298	732	756	906	257	1378	319	301	319	71	506	1869	2745	272	267	1099	87	0	1241	2526	2370	365	1875	435	585	411	403	553	1538	387	106	1195	652	91	435	527	388	292	2113	137	1679	1312	978	401	538	538	788	310	465	274	408	900	1214	1211	349	84	1466	2879	3051	264	383	38	235	1984	538	2640	544	719	53	400	856	930	527	566	893	771	377	791	574	1536	451	416	792	806	265
503	466	442	598	420	408	603	1123	1109	1589	410	292	0	415	602	554	546	527	458	1410	1173	404	602	13	553	395	1255	580	303	1472	693	1042	544	388	609	256	572	507	554	429	530	355	310	754	449	656	2976	513	549	844	395	398	602	1106	539	318	754	744	520	662	573	366	389	489	417	526	366	556	567	517	512	544	333	476	1485	386	1228	1023	2023	548	937	666	441	505	454	628	558	656	989	562	1400	322	435	262	2134	557	2890	577	465	329	576	565	1744	548	1404	435	519	383	404	1111	293	83	630	137	1667	1676	1666	559	449	1069	809	80	664	539	555	526	580	1856	514	73	651	366	465	660	386	517	100	586	552	107	548	2007	647	1412	505	2555	409	572	589	825	503	1127	549	1318	598	405	593	256	654	1836	2553	20	559	1389	314	292	1418	2398	2283	561	1841	550	544	491	530	769	1400	97	377	1405	725	201	515	798	587	0	2237	409	1942	1512	950	524	809	747	526	591	754	454	531	650	1417	983	629	376	1280	2849	3069	556	123	266	511	1692	809	2586	759	1004	252	518	628	989	798	662	644	547	85	562	669	1245	462	705	764	953	168
283	676	149	319	597	467	536	1487	1017	1247	25	191	415	0	552	617	587	629	45	1759	876	160	822	409	259	89	1611	782	593	1215	1078	686	462	758	741	261	176	353	617	90	570	276	275	450	426	657	2672	727	779	618	476	480	552	1494	425	605	450	633	570	735	470	177	750	744	493	619	177	837	244	338	710	824	620	290	1438	499	891	930	2019	499	744	521	600	303	432	893	605	975	759	248	1452	202	503	251	2266	603	2877	491	101	617	477	751	2024	254	1000	598	153	74	160	976	702	479	810	529	1961	1677	1959	211	319	1416	571	492	934	769	252	619	474	2089	319	399	718	177	757	732	499	338	497	205	598	506	499	1926	883	1166	607	2580	88	176	249	895	789	987	254	1249	363	482	377	261	657	1722	2686	396	232	1047	268	191	1050	2425	2245	174	1728	604	483	591	570	656	1452	494	242	1278	485	242	614	560	521	415	2245	88	1693	1403	843	570	571	649	830	349	450	434	576	922	1303	1202	386	158	1415	2726	2881	259	464	228	306	2075	571	2498	650	708	240	570	861	759	560	734	916	777	498	800	743	1614	640	408	665	943	305
287	1057	408	332	309	202	1058	1676	1560	1128	526	414	602	552	0	159	125	213	578	1971	1403	391	1199	589	359	463	1812	403	457	915	1236	1177	89	970	294	387	690	204	159	466	125	300	332	400	156	113	2430	1107	1147	331	222	220	0	1625	131	455	400	150	140	228	92	381	629	455	205	199	381	1159	399	227	363	1147	457	266	1974	931	791	1472	1477	57	370	136	285	262	150	1230	135	1251	1309	386	1950	381	188	388	1724	133	3409	66	652	459	85	1153	2340	361	1365	290	697	480	391	509	724	681	391	730	2259	2199	2257	436	232	1639	325	664	1267	433	372	199	92	2459	248	529	212	381	1068	225	931	227	695	494	134	700	57	2473	1248	1707	210	3097	463	690	423	360	1106	526	362	1789	268	213	242	387	115	2272	3143	587	405	944	332	414	1503	2940	2783	700	2278	145	1000	205	125	173	1950	694	318	803	1037	465	206	319	32	602	1700	463	1366	912	1387	134	325	146	1127	279	400	150	132	1253	816	1584	276	397	1864	3278	3427	363	724	403	263	2201	325	3047	163	540	407	142	1227	1309	319	227	1247	1145	663	1161	234	1790	314	369	1203	393	659
394	1020	491	463	176	162	1080	1569	1591	1282	592	446	554	617	159	0	37	56	651	1867	1490	463	1156	541	477	529	1707	244	340	1048	1132	1280	209	890	142	396	775	313	0	542	49	341	354	553	193	119	2558	1068	1103	488	165	161	159	1507	253	335	553	287	46	120	232	439	494	301	143	45	439	1100	516	340	206	1089	333	363	1995	918	950	1503	1473	163	511	296	149	370	187	1173	23	1176	1374	504	1943	421	126	401	1652	25	3421	208	718	335	226	1119	2259	477	1499	155	770	542	463	603	614	624	236	667	2173	2207	2172	548	313	1542	484	601	1207	274	489	45	235	2393	360	480	105	439	1010	117	918	340	635	606	25	638	163	2505	1199	1783	63	3097	534	775	544	287	1047	622	478	1816	405	155	379	396	116	2313	3107	543	520	1101	358	446	1620	2939	2802	781	2319	15	1020	69	49	305	1943	634	374	877	1097	468	55	479	180	554	1690	534	1484	973	1421	46	484	274	1062	413	553	185	41	1193	882	1533	419	459	1834	3325	3496	481	677	422	373	2076	484	3082	295	698	419	46	1180	1374	479	120	1188	1101	599	1115	128	1679	167	517	1233	399	648
358	1012	458	426	193	143	1059	1580	1569	1252	562	420	546	587	125	37	0	87	620	1877	1458	431	1149	534	440	498	1718	280	352	1027	1142	1245	171	892	180	374	743	276	37	510	17	313	329	516	161	111	2539	1060	1096	456	152	148	125	1522	215	348	516	262	26	148	194	409	514	330	130	73	409	1097	480	303	237	1086	347	328	1974	903	917	1480	1487	125	486	261	167	334	155	1170	18	1177	1345	467	1928	394	111	378	1680	16	3403	171	688	350	189	1110	2263	441	1462	172	739	512	431	591	625	620	273	664	2178	2189	2177	512	278	1550	451	597	1204	307	452	73	198	2393	323	472	131	409	1006	145	903	303	631	570	12	635	125	2482	1193	1753	85	3081	503	743	507	311	1044	610	442	1794	367	141	342	374	109	2289	3100	534	484	1070	332	420	1584	2924	2783	749	2295	22	998	84	17	282	1928	630	344	872	1068	448	81	445	144	546	1706	503	1467	971	1397	22	451	251	1061	375	516	153	15	1191	879	1529	382	428	1825	3300	3467	444	670	399	336	2093	451	3059	271	666	397	28	1174	1345	445	147	1185	1094	596	1109	156	1692	191	480	1210	407	632
425	993	512	502	127	163	1072	1520	1586	1338	605	450	527	629	213	56	87	0	666	1818	1505	480	1126	515	510	543	1658	194	293	1104	1083	1302	252	849	112	394	793	347	56	559	91	353	358	600	216	172	2613	1040	1073	543	157	153	213	1455	294	286	600	344	80	135	278	452	440	244	138	14	452	1065	549	375	150	1055	282	392	1984	899	1004	1497	1496	208	567	349	100	403	211	1139	78	1136	1381	536	1923	429	126	400	1650	80	3406	257	730	285	273	1093	2215	510	1535	106	783	554	480	654	566	593	195	633	2128	2191	2127	579	339	1495	538	568	1172	219	522	14	283	2354	394	454	124	452	975	133	899	375	603	636	78	605	208	2497	1167	1794	23	3078	549	793	577	299	1013	673	511	1808	446	149	422	394	169	2310	3077	517	552	1157	364	450	1647	2920	2790	798	2316	68	1012	39	91	362	1923	602	390	923	1103	461	14	532	231	527	1710	549	1537	1015	1416	83	538	330	1026	453	600	210	83	1158	926	1499	463	473	1806	3322	3502	514	649	423	406	2022	538	3076	351	753	418	78	1148	1381	532	135	1153	1070	565	1084	142	1629	111	563	1228	434	633
300	699	169	322	638	504	533	1521	1002	1224	62	234	458	45	578	651	620	666	0	1790	839	189	843	453	264	122	1643	823	637	1207	1115	644	488	795	778	305	132	376	651	111	603	313	315	442	459	685	2653	750	802	620	515	519	578	1531	449	650	442	650	604	768	493	213	796	787	531	655	213	864	242	358	751	851	665	312	1425	519	870	916	2038	527	749	538	640	322	465	918	638	1005	731	249	1450	242	540	295	2297	636	2864	515	78	662	500	770	2045	259	955	638	119	113	189	986	747	520	849	570	1984	1668	1983	205	347	1447	572	534	960	811	255	655	496	2105	338	444	751	213	786	765	519	358	538	187	631	547	527	1908	905	1133	644	2572	117	132	242	926	817	996	259	1235	372	521	389	305	686	1701	2689	440	231	1025	308	234	1006	2417	2231	132	1707	638	483	628	603	673	1450	535	276	1286	460	288	651	562	546	458	2265	117	1684	1412	829	604	572	668	859	358	442	466	610	947	1312	1220	393	192	1423	2702	2851	263	503	272	325	2111	572	2478	667	697	284	604	883	731	562	768	941	800	541	823	776	1647	681	404	654	967	341
1913	1114	1837	2006	1691	1770	1460	298	1577	2994	1766	1696	1410	1759	1971	1867	1877	1818	1790	0	2068	1804	993	1422	1956	1777	159	1735	1526	2876	735	2113	1934	1022	1839	1666	1851	1915	1867	1808	1866	1765	1719	2162	1835	1986	4385	1070	1018	2250	1749	1751	1971	407	1939	1532	2162	2121	1852	1934	1966	1770	1391	1620	1766	1824	1770	933	1964	1927	1709	946	1535	1886	1607	1300	2632	1553	3165	1925	2332	2062	1718	1915	1838	893	1881	785	1821	1962	1276	1729	1784	1673	2995	1882	2475	1965	1752	1532	1968	1077	537	1951	2567	1712	1782	1759	1804	2469	1253	1327	1793	1272	425	1559	425	1948	1857	343	2218	1333	853	1677	1957	1824	1973	805	1924	1471	1930	1770	1004	1933	1300	1927	1310	1961	1877	1302	1925	2021	929	2103	1804	2073	1789	1851	1983	2052	975	2488	1952	1593	2009	1758	2003	1666	1983	2008	1697	1429	1955	2793	1724	1696	2440	1941	2075	1830	2009	1870	1459	1798	1866	2145	1276	1312	1787	2740	1725	1606	1813	2207	1966	1410	3340	1789	3337	2824	1561	1858	2218	2118	931	2001	2162	1839	1863	863	2739	759	2039	1777	980	2811	3224	1959	1313	1674	1921	431	2218	2479	2134	2414	1661	1850	949	1821	2207	1934	869	1019	1331	994	1938	207	1710	2112	1515	2234	1457
1116	1048	1000	1091	1470	1343	664	1877	584	1561	899	1063	1173	876	1403	1490	1458	1505	839	2068	0	1027	1114	1175	1049	961	1960	1656	1437	1749	1599	269	1314	1325	1617	1129	715	1198	1490	948	1442	1152	1151	1125	1297	1515	2944	1070	1112	1334	1353	1357	1403	1959	1271	1451	1125	1443	1443	1605	1312	1052	1560	1606	1370	1495	1052	1220	1012	1176	1583	1211	1467	1138	926	912	1318	559	2806	1357	1466	1332	1474	1140	1303	1225	1476	1372	246	1024	1145	1078	1379	1120	3127	1474	2262	1337	777	1463	1320	1035	2112	1046	614	1472	723	951	1027	1717	1450	1190	1686	1214	2093	1207	2091	971	1181	1769	1287	1219	1257	1638	1036	1495	1314	2055	1154	1199	1589	1052	1197	1602	912	1176	1201	916	1470	1209	1357	1263	1169	323	1483	2050	956	715	992	1760	1205	1721	1045	753	1155	1359	1179	1129	1516	1024	2365	1162	1003	1410	1145	1063	385	1912	1629	708	1031	1476	697	1467	1442	1461	1145	1198	1116	1990	450	1085	1490	1279	1370	1173	3035	956	2180	2123	520	1443	1287	1465	1255	1142	1125	1305	1449	1252	2027	1322	1163	1032	1295	1954	2038	1046	1134	1096	1140	2472	1287	1782	1459	1293	1106	1444	1155	246	1279	1605	1247	1111	1227	1134	1613	1999	1514	1116	560	1776	1005
135	764	42	205	466	321	682	1522	1173	1189	134	113	404	160	391	463	431	480	189	1804	1027	0	912	394	152	71	1651	646	496	1110	1096	822	302	785	592	169	312	195	463	79	415	132	150	358	270	497	2594	816	864	491	335	338	391	1511	266	506	358	478	416	579	311	43	671	623	348	469	43	906	162	184	576	893	519	133	1592	603	828	1086	1862	339	609	369	464	151	276	970	449	1031	919	158	1592	90	356	159	2108	447	3030	331	261	517	318	849	2104	146	1091	463	308	89	0	831	661	483	668	538	2035	1826	2033	157	159	1461	448	485	1010	640	152	469	315	2187	167	361	562	43	820	576	603	184	501	197	443	510	339	2084	970	1322	459	2728	72	312	185	737	855	843	147	1405	229	339	236	169	497	1881	2814	384	154	989	142	113	1174	2572	2400	318	1887	449	626	443	415	502	1592	498	91	1133	645	203	466	436	361	404	2087	72	1587	1256	1000	416	448	493	890	217	358	278	422	997	1156	1299	257	28	1538	2886	3040	154	491	145	156	2096	448	2657	495	616	160	416	948	919	436	579	990	862	489	883	587	1646	506	310	818	784	358
1041	147	933	1116	1011	1010	471	769	754	2067	835	822	602	822	1199	1156	1149	1126	843	993	1114	912	0	615	1059	864	866	1146	865	2022	514	1125	1132	362	1198	822	879	1072	1156	890	1133	922	880	1263	1043	1258	3494	95	52	1400	997	1001	1199	845	1119	878	1263	1334	1122	1261	1158	888	847	1036	1019	1126	888	129	1055	1074	1087	127	890	1025	1015	325	1713	692	2619	1143	1509	1245	1034	1051	1048	110	1161	261	870	1056	844	860	1038	824	2674	1160	2344	1167	790	886	1162	83	1202	1053	1576	1028	811	844	912	1703	665	532	1202	496	1142	1148	1141	1029	1015	668	1358	558	144	1095	1056	1126	1165	1275	1064	676	1250	888	177	1259	325	1074	523	1027	1154	521	1143	1541	64	1224	1104	1989	875	879	1067	1420	151	1718	1054	892	1139	1008	1141	822	1257	1416	1951	615	1045	1868	882	822	1468	1832	1766	857	1419	1152	465	1092	1133	1360	844	523	927	2002	735	745	1115	1347	1181	602	2829	875	2499	2112	661	1127	1358	1340	182	1128	1263	1049	1134	138	2015	388	1168	887	683	2399	2692	1060	479	816	1057	1371	1358	2108	1350	1523	807	1121	44	870	1347	1261	133	55	562	48	1268	894	1049	1217	554	1555	557
492	479	432	587	408	395	610	1134	1118	1578	404	282	13	409	589	541	534	515	453	1422	1175	394	615	0	542	387	1266	570	294	1460	703	1041	531	400	597	244	568	495	541	421	517	343	298	743	436	643	2964	526	562	831	382	386	589	1117	527	310	743	731	507	650	560	355	385	480	404	513	355	569	557	505	501	557	325	464	1494	396	1217	1031	2011	535	924	653	429	493	441	641	545	668	994	552	1411	311	423	251	2124	544	2901	564	462	320	563	578	1757	537	1401	423	516	375	394	1098	296	95	620	149	1680	1687	1678	549	436	1081	797	90	677	530	545	513	567	1869	502	61	638	355	478	648	396	505	112	577	539	119	535	2017	660	1417	492	2567	400	568	579	813	516	1114	538	1327	587	392	581	244	641	1844	2566	13	549	1378	302	282	1417	2409	2293	557	1850	537	551	479	517	756	1411	110	365	1392	728	191	503	786	574	13	2225	400	1929	1499	957	511	797	733	539	580	743	441	518	663	1404	996	617	366	1292	2858	3076	545	136	255	499	1702	797	2596	746	992	241	505	641	994	786	650	657	560	95	575	657	1257	451	693	772	940	171
85	911	125	59	532	373	795	1674	1265	1037	238	261	553	259	359	477	440	510	264	1956	1049	152	1059	542	0	195	1803	696	600	964	1246	818	275	936	618	305	347	164	477	174	427	226	265	206	296	473	2442	963	1013	358	394	396	359	1660	230	608	206	398	434	579	267	187	783	698	400	497	187	1057	39	137	633	1044	619	122	1689	745	676	1179	1783	322	485	285	523	107	300	1120	458	1183	975	26	1711	231	400	296	2079	455	3128	292	343	618	274	994	2254	5	1025	524	373	216	152	722	796	633	705	688	2186	1933	2185	77	178	1613	311	633	1160	703	12	497	268	2333	116	504	562	187	972	576	745	137	651	134	452	659	322	2167	1118	1359	493	2836	186	347	67	720	1007	732	5	1499	111	394	131	305	474	1956	2945	533	46	837	258	261	1145	2681	2494	362	1963	462	743	479	427	418	1711	648	189	1021	714	352	497	300	327	553	2011	186	1442	1148	1092	432	311	419	1042	97	206	302	436	1147	1048	1445	129	179	1672	2952	3082	4	643	288	104	2245	311	2734	415	465	302	435	1096	975	300	578	1141	1010	637	1032	586	1797	565	159	918	727	509
201	717	71	254	519	382	614	1499	1102	1218	63	125	395	89	463	529	498	543	122	1777	961	71	864	387	195	0	1626	702	530	1160	1079	764	373	763	655	195	251	266	529	33	482	190	196	399	337	568	2633	769	818	549	393	397	463	1495	337	542	399	548	482	647	382	90	697	671	409	533	90	867	192	253	631	854	556	203	1521	549	858	1015	1933	410	671	438	519	219	344	928	517	998	848	192	1526	123	418	184	2177	514	2960	403	190	553	389	798	2062	190	1054	518	240	21	71	898	669	468	727	522	1995	1757	1994	171	230	1433	504	475	968	692	191	533	386	2138	236	364	630	90	783	644	549	253	487	190	510	496	410	2013	924	1254	522	2660	13	251	206	806	817	909	190	1334	288	399	299	195	568	1810	2753	375	181	1018	189	125	1122	2504	2330	254	1816	516	559	506	482	571	1526	484	154	1200	574	201	529	493	432	395	2158	13	1638	1323	929	483	504	563	854	276	399	345	489	956	1223	1249	314	70	1478	2815	2970	196	466	164	223	2079	504	2585	565	659	178	482	902	848	493	646	949	816	481	838	655	1624	561	353	748	855	320
1758	978	1685	1852	1531	1611	1336	138	1494	2841	1617	1542	1255	1611	1812	1707	1718	1658	1643	159	1960	1651	866	1266	1803	1626	0	1576	1366	2718	576	1991	1776	867	1679	1511	1709	1759	1707	1657	1707	1609	1563	2008	1677	1826	4228	937	886	2093	1589	1592	1812	267	1781	1372	2008	1962	1693	1774	1808	1616	1231	1460	1607	1665	1616	795	1812	1771	1550	807	1375	1731	1564	1162	2479	1462	3010	1766	2174	1904	1558	1760	1680	761	1722	642	1713	1809	1246	1575	1624	1517	2854	1722	2522	1806	1608	1372	1810	949	657	1798	2442	1552	1640	1608	1651	2309	1093	1172	1633	1117	548	1544	547	1797	1701	199	2061	1177	723	1518	1804	1665	1815	904	1769	1315	1770	1616	861	1773	1162	1771	1155	1811	1717	1147	1766	2005	803	2015	1644	2121	1639	1709	1831	1892	834	2328	1799	1532	1853	1599	1847	1511	1823	1973	1789	1274	1803	2641	1569	1542	2327	1983	2088	1689	1974	1710	1331	1638	1707	1986	1246	1157	1632	2580	1601	1452	1653	2051	1807	1255	3187	1639	3178	2664	1463	1698	2061	1958	788	1846	2008	1680	1704	731	2580	679	1884	1624	951	2816	3211	1806	1161	1520	1766	511	2061	2488	1975	2259	1506	1690	822	1713	2051	1774	737	887	1174	862	1778	83	1551	1958	1402	2074	1308
610	1027	682	692	186	327	1170	1438	1682	1517	761	593	580	782	403	244	280	194	823	1735	1656	646	1146	570	696	702	1576	0	283	1257	1014	1466	446	828	124	527	954	536	244	723	285	514	507	795	400	335	2754	1068	1093	729	311	308	403	1355	487	268	795	520	274	228	473	612	347	118	300	208	612	1066	734	564	73	1057	255	575	2065	966	1191	1595	1485	403	737	540	182	589	396	1140	267	1111	1513	722	1972	580	296	535	1554	269	3468	451	879	260	468	1126	2165	696	1721	184	935	709	646	780	514	627	59	653	2072	2255	2071	761	520	1427	728	596	1168	58	707	208	477	2324	582	517	233	612	981	229	966	564	631	817	269	631	403	2586	1178	1932	206	3127	710	954	763	316	1016	800	696	1896	639	308	615	527	332	2410	3083	577	736	1340	514	593	1820	2969	2863	956	2415	258	1109	218	285	534	1972	632	555	1018	1236	578	204	723	425	580	1688	710	1669	1092	1518	278	728	502	1020	645	795	394	277	1155	1012	1499	657	634	1829	3423	3625	700	691	559	593	1905	728	3165	524	940	550	272	1161	1513	723	228	1150	1091	591	1100	229	1539	142	757	1330	504	720
521	744	538	621	165	268	903	1228	1412	1566	576	406	303	593	457	340	352	293	637	1526	1437	496	865	294	600	530	1366	283	0	1373	791	1274	443	562	338	335	768	476	340	559	342	376	346	761	352	459	2887	786	812	772	244	245	457	1170	465	15	761	606	328	418	477	454	185	185	255	299	454	790	631	499	221	781	31	484	1787	688	1215	1326	1757	420	827	570	193	508	352	865	355	849	1272	621	1689	410	270	345	1833	355	3185	467	676	27	476	843	1924	598	1584	186	734	530	496	943	273	344	337	370	1836	1973	1835	643	432	1202	753	313	895	237	609	299	484	2067	509	249	411	454	703	417	688	499	348	691	351	348	420	2310	899	1695	278	2844	542	768	659	563	740	962	598	1621	589	251	572	335	457	2139	2808	303	628	1374	354	406	1643	2686	2582	765	2144	344	844	271	342	628	1689	349	418	1216	999	356	287	744	459	303	1964	542	1819	1308	1251	333	753	599	747	589	761	351	339	881	1219	1225	616	474	1548	3152	3368	605	409	367	514	1743	753	2889	617	968	353	325	882	1272	744	418	876	810	308	820	424	1339	193	713	1065	723	456
982	1874	1089	906	1220	1112	1733	2583	2144	417	1197	1204	1472	1215	915	1048	1027	1104	1207	2876	1749	1110	2022	1460	964	1160	2718	1257	1373	0	2144	1480	942	1859	1133	1219	1231	965	1048	1137	1034	1118	1163	765	1041	933	1514	1926	1975	629	1135	1133	915	2539	937	1371	765	766	1048	1029	910	1135	1541	1344	1120	1093	1135	2012	972	957	1245	1999	1372	1003	2568	1710	435	2066	1264	956	546	814	1194	975	1038	2078	1028	2127	1785	969	2644	1167	1104	1214	1849	1027	3986	913	1277	1374	909	1958	3210	970	1360	1200	1285	1181	1110	500	1638	1556	1217	1609	3137	2832	3136	1004	1024	2538	666	1546	2117	1305	968	1093	903	3297	963	1407	1024	1135	1923	1028	1710	957	1572	1021	1031	1579	956	2995	2080	2069	1110	3730	1150	1231	966	1002	1960	480	970	2375	884	1126	884	1219	936	2763	3893	1454	983	401	1159	1204	1632	3580	3347	1253	2770	1040	1687	1111	1034	745	2644	1570	1103	472	1582	1288	1104	677	916	1472	1477	1150	478	567	1980	1043	666	776	1991	894	765	1038	1038	2104	521	2409	855	1135	2630	3699	3726	963	1582	1217	969	3116	666	3530	756	510	1229	1051	2058	1785	677	1029	2098	1972	1548	1993	1028	2700	1215	808	1830	818	1467
1195	550	1132	1291	956	1035	935	439	1267	2282	1080	984	693	1078	1236	1132	1142	1083	1115	735	1599	1096	514	703	1246	1079	576	1014	791	2144	0	1566	1201	320	1110	946	1200	1189	1132	1112	1130	1042	997	1447	1102	1251	3656	533	499	1521	1013	1016	1236	416	1208	797	1447	1386	1116	1203	1233	1059	666	897	1030	1090	1059	389	1259	1202	981	396	801	1165	1490	702	1920	1206	2478	1190	1598	1329	984	1194	1105	413	1146	267	1362	1255	1255	1015	1048	954	2400	1146	2713	1231	1094	798	1235	578	1154	1241	1992	977	1135	1064	1096	1733	517	613	1073	558	1058	1574	1057	1248	1132	413	1491	613	401	956	1248	1090	1241	1334	1202	747	1198	1059	402	1202	702	1202	595	1269	1142	586	1190	2002	480	1735	1069	2332	1093	1200	1280	1329	395	1752	1241	1389	1287	1023	1280	946	1248	1901	2153	713	1251	2082	1002	984	1929	2180	2181	1183	1905	1135	908	1063	1130	1410	1255	597	1067	2007	1180	893	1078	1481	1231	693	2667	1093	2602	2095	1173	1122	1491	1382	346	1281	1447	1105	1128	397	2008	640	1318	1068	1012	2856	3179	1249	614	958	1200	1000	1491	2550	1399	1693	944	1114	485	1362	1481	1202	399	498	609	480	1207	556	978	1397	1051	1505	773
892	1029	789	854	1282	1143	654	1894	769	1302	707	878	1042	686	1177	1280	1245	1302	644	2113	269	822	1125	1041	818	764	1991	1466	1274	1480	1566	0	1091	1266	1414	948	512	976	1280	744	1230	952	959	870	1087	1291	2702	1062	1110	1078	1156	1160	1177	1953	1046	1288	870	1202	1234	1390	1085	853	1418	1430	1170	1290	853	1212	779	951	1395	1201	1303	918	1156	863	1049	719	2549	1136	1208	1094	1284	916	1093	1233	1264	1369	374	791	1333	886	1178	938	2895	1261	2524	1110	598	1300	1092	1042	2221	815	458	1282	540	757	822	1459	1333	1076	1490	1111	2190	1435	2188	740	966	1794	1032	1101	1269	1456	805	1290	1086	2196	929	1053	1374	853	1169	1387	863	951	1090	683	1257	1099	1136	1525	1187	591	1281	2300	756	512	756	1537	1185	1462	815	971	919	1161	944	948	1292	1289	2579	1028	772	1145	952	878	376	2158	1888	512	1296	1265	665	1265	1230	1218	1333	1087	913	1726	391	918	1287	1025	1144	1042	2779	756	1913	1860	654	1233	1032	1225	1236	906	870	1094	1238	1262	1765	1399	923	832	1439	2223	2294	814	1031	915	915	2497	1032	2051	1217	1026	926	1234	1169	374	1025	1390	1256	1110	1109	1134	1398	2019	1325	867	613	1537	881
199	988	319	255	317	175	973	1640	1472	1123	437	332	544	462	89	209	171	252	488	1934	1314	302	1132	531	275	373	1776	446	443	942	1201	1091	0	922	352	312	600	116	209	376	162	219	255	348	98	200	2456	1039	1081	328	199	198	89	1598	45	445	348	201	172	303	33	294	625	477	190	238	294	1099	315	140	395	1087	450	177	1888	855	775	1385	1563	47	397	129	299	175	95	1169	188	1199	1219	302	1870	297	179	311	1813	185	3324	34	563	451	33	1083	2288	277	1292	302	608	391	302	570	698	626	445	677	2209	2116	2208	351	143	1598	310	611	1207	466	288	238	40	2399	161	474	286	294	1008	300	855	140	641	409	183	646	47	2385	1183	1617	241	3015	374	600	341	446	1046	585	278	1703	196	192	170	312	201	2183	3070	527	321	933	254	332	1421	2858	2697	610	2190	193	915	231	162	227	1870	639	232	870	947	390	242	301	58	544	1787	374	1403	984	1299	169	310	208	1070	204	348	96	171	1193	886	1520	210	309	1791	3189	3338	279	662	325	175	2178	310	2958	218	526	330	174	1163	1219	301	303	1187	1079	612	1097	310	1757	335	310	1116	482	584
891	311	819	984	724	768	665	737	1077	1974	761	675	388	758	970	890	892	849	795	1022	1325	785	362	400	936	763	867	828	562	1859	320	1266	922	0	901	644	881	894	890	795	878	744	698	1140	825	1004	3364	322	319	1231	749	753	970	735	922	573	1140	1117	866	979	953	749	502	712	769	852	749	251	946	905	778	246	582	864	1374	412	1612	1004	2314	919	1319	1048	750	893	828	322	900	286	1099	943	1205	708	788	650	2325	899	2702	954	774	577	955	384	1371	931	1682	744	816	747	785	1478	319	305	887	250	1288	1511	1287	933	836	681	1197	312	344	773	937	852	960	1505	902	451	971	749	186	978	412	905	288	952	894	280	919	1901	372	1497	831	2341	776	881	966	1125	212	1495	932	1240	987	760	981	644	1001	1767	2256	407	938	1774	703	675	1636	2184	2128	864	1772	890	628	821	878	1142	1205	290	765	1764	889	584	840	1186	960	388	2516	776	2325	1863	954	871	1197	1117	199	979	1140	829	877	332	1771	674	1017	757	1019	2759	3039	939	296	652	899	1317	1197	2470	1131	1391	639	863	361	1099	1186	979	328	317	311	314	985	861	755	1091	803	1283	453
534	1071	624	606	188	273	1173	1541	1687	1395	717	560	609	741	294	142	180	112	778	1839	1617	592	1198	597	618	655	1679	124	338	1133	1110	1414	352	901	0	501	905	454	142	671	191	465	468	694	327	213	2631	1115	1145	612	266	262	294	1464	396	327	694	399	184	104	373	564	447	222	248	123	564	1128	657	482	129	1119	319	502	2081	989	1073	1599	1421	305	614	430	168	511	322	1203	164	1187	1490	645	2009	540	237	507	1546	166	3497	350	841	323	368	1170	2255	618	1642	174	894	666	592	658	599	668	97	702	2165	2283	2164	688	450	1524	614	640	1233	173	630	123	377	2405	501	539	108	564	1040	104	989	482	675	746	168	676	305	2597	1235	1904	133	3164	661	905	685	224	1077	678	619	1906	548	259	522	501	210	2412	3146	602	661	1220	474	560	1758	3007	2885	910	2418	158	1112	149	191	412	2009	675	502	905	1212	564	126	610	320	609	1631	661	1548	985	1518	186	614	380	1086	556	694	320	182	1220	901	1563	562	585	1881	3426	3610	622	728	531	514	2021	614	3176	402	823	525	182	1217	1490	610	104	1215	1143	636	1154	105	1645	148	659	1330	395	729
248	677	211	345	340	234	684	1379	1195	1335	243	71	256	261	387	396	374	394	305	1666	1129	169	822	244	305	195	1511	527	335	1219	946	948	312	644	501	0	437	254	396	224	356	102	58	501	232	468	2721	728	771	590	236	240	387	1358	297	347	501	513	351	516	336	126	504	482	256	386	126	796	325	262	454	784	361	220	1600	543	974	1107	1856	329	690	423	347	248	238	864	390	907	990	318	1564	79	271	10	2044	388	3030	346	353	358	341	770	1992	300	1249	344	410	195	169	882	493	338	559	393	1917	1818	1916	326	196	1325	554	334	903	510	309	386	343	2093	258	200	501	126	706	513	543	262	356	366	383	363	329	2108	874	1407	370	2713	206	437	351	683	743	897	301	1420	342	244	337	0	467	1917	2758	236	319	1136	61	71	1312	2556	2409	435	1923	386	624	354	356	539	1564	353	121	1182	712	78	379	543	364	256	2077	206	1691	1296	1024	354	554	521	772	335	501	239	361	889	1198	1210	373	144	1479	2929	3109	308	362	33	255	1943	554	2686	530	748	24	350	853	990	543	516	883	769	337	787	524	1501	385	451	837	771	272
404	742	284	399	770	633	505	1591	931	1203	194	366	572	176	690	775	743	793	132	1851	715	312	879	568	347	251	1709	954	768	1231	1200	512	600	881	905	437	0	485	775	233	727	441	447	484	582	800	2641	790	843	683	645	648	690	1613	558	781	484	746	728	890	601	341	923	919	660	782	341	918	315	464	882	905	796	423	1357	555	862	848	2131	642	816	632	771	428	588	965	761	1066	627	325	1412	373	668	427	2414	759	2793	625	108	793	608	801	2076	343	833	769	68	244	312	1061	864	626	978	672	2021	1611	2019	273	465	1510	633	644	1006	943	336	782	604	2118	443	566	873	341	847	887	555	464	643	229	754	652	642	1825	943	1017	772	2513	244	0	303	1045	875	1069	343	1165	458	650	479	437	801	1611	2664	555	305	1008	440	366	874	2360	2157	22	1617	761	466	756	727	766	1412	640	403	1355	370	416	778	623	657	572	2359	244	1705	1485	761	728	633	765	921	444	484	589	734	995	1385	1241	473	320	1411	2604	2738	345	599	404	429	2188	633	2389	762	722	416	729	922	627	623	889	988	841	651	866	898	1719	812	457	600	1072	435
83	925	206	156	382	223	876	1625	1369	1102	328	251	507	353	204	313	276	347	376	1915	1198	195	1072	495	164	266	1759	536	476	965	1189	976	116	894	454	254	485	0	313	265	263	152	197	284	138	316	2470	977	1022	336	246	247	204	1595	73	481	284	283	270	416	117	197	661	548	247	334	197	1050	203	27	477	1038	490	63	1787	779	745	1282	1666	160	437	177	370	59	142	1118	294	1161	1106	190	1782	214	244	250	1928	291	3225	139	452	489	124	1016	2247	164	1188	371	495	285	195	642	705	590	543	644	2172	2020	2171	237	58	1575	302	582	1157	547	176	334	120	2345	47	444	399	197	961	413	779	27	607	295	288	614	160	2279	1126	1502	332	2922	265	485	231	562	998	656	165	1601	113	244	96	254	317	2075	2995	489	208	906	194	251	1308	2766	2596	496	2082	297	820	319	263	307	1782	605	145	945	836	327	335	292	172	507	1892	265	1436	1065	1195	268	302	297	1027	114	284	143	272	1144	966	1461	139	207	1717	3078	3223	168	617	256	60	2179	302	2851	300	506	266	272	1105	1106	292	416	1137	1020	584	1039	423	1745	410	237	1014	591	515
394	1020	491	463	176	162	1080	1569	1591	1282	592	446	554	617	159	0	37	56	651	1867	1490	463	1156	541	477	529	1707	244	340	1048	1132	1280	209	890	142	396	775	313	0	542	49	341	354	553	193	119	2558	1068	1103	488	165	161	159	1507	253	335	553	287	46	120	232	439	494	301	143	45	439	1100	516	340	206	1089	333	363	1995	918	950	1503	1473	163	511	296	149	370	187	1173	23	1176	1374	504	1943	421	126	401	1652	25	3421	208	718	335	226	1119	2259	477	1499	155	770	542	463	603	614	624	236	667	2173	2207	2172	548	313	1542	484	601	1207	274	489	45	235	2393	360	480	105	439	1010	117	918	340	635	606	25	638	163	2505	1199	1783	63	3097	534	775	544	287	1047	622	478	1816	405	155	379	396	116	2313	3107	543	520	1101	358	446	1620	2939	2802	781	2319	15	1020	69	49	305	1943	634	374	877	1097	468	55	479	180	554	1690	534	1484	973	1421	46	484	274	1062	413	553	185	41	1193	882	1533	419	459	1834	3325	3496	481	677	422	373	2076	484	3082	295	698	419	46	1180	1374	479	120	1188	1101	599	1115	128	1679	167	517	1233	399	648
