NAME : VRPTW_INSTANCE_141.txt
COMMENT : Bangkok Supermarket
TYPE : VRPTW
DIMENSION : 253
DAYS : Sunday
EDGE_WEIGHT_TYPE : EXPLICIT
VEHICLES : 31
EDGE_WEIGHT_FORMAT : FULL_MATRIX
CAPACITY : 1000
EDGE_WEIGHT_SECTION
0	1321	37	430	322	1917	1930	1041	401	190	1645	729	2861	379	204	308	808	288	1957	1190	502	398	548	1732	582	255	309	203	1392	153	2064	357	197	31	2855	121	1758	118	236	639	25	1078	600	152	127	337	122	588	1750	115	1109	977	258	2787	2562	1206	1716	118	172	2974	1967	280	982	91	995	1994	405	206	371	623	172	550	432	609	1469	394	312	29	607	490	170	982	517	97	1056	936	350	835	612	474	1824	505	355	503	603	543	1149	1995	834	2230	1641	438	264	561	1123	448	365	165	509	290	1817	206	214	394	1087	62	584	265	398	404	505	1815	563	176	711	307	492	716	1470	404	1994	449	3855	301	344	86	684	2222	524	395	400	206	528	309	520	1663	432	482	938	101	1531	501	38	165	2130	255	1137	258	379	365	330	783	215	543	1532	1920	2397	1915	1440	23	126	401	438	814	529	88	203	2246	314	2216	37	101	2333	418	972	1119	1741	1129	91	1879	371	1780	31	2065	2045	39	85	1421	2008	1727	1119	1806	1076	986	865	1208	218	571	208	418	227	1312	860	589	88	474	46	1011	1017	231	1589	300	610	210	927	102	392	308	641	804	529	688	1608	612	133	643	412	695	202	540	1247	1003	914	426	549	332	88	344	172	410	1878	136	77
1321	0	1329	1124	1183	1343	610	515	1220	1490	361	688	2211	1284	1340	1165	726	1178	2817	1296	1350	931	846	917	1143	1092	1164	1148	2255	1465	1631	1535	1373	1350	2754	1382	437	1378	1373	1010	1346	1162	1533	1397	1449	1533	1441	1703	1358	1432	1253	1591	1188	1933	1803	2197	1195	1378	1155	2014	1358	1041	1184	1235	570	676	1220	1132	1263	1128	1155	908	1569	835	362	1401	1163	1347	1243	1808	1427	1279	945	1416	2064	449	1568	1128	994	1739	1975	1810	1109	818	1900	778	1937	1704	1060	1806	1844	1121	1056	1310	903	1745	1543	1159	1355	1566	2686	1372	1245	1401	304	1312	739	1548	1395	1390	816	1959	1813	1154	1874	1015	829	1339	2261	1317	672	874	3275	1037	1278	1363	2005	934	1367	1584	1233	1132	948	1171	1829	381	1569	1341	1976	1415	2771	821	1332	1159	1653	1092	365	1580	1284	1300	1213	1000	1232	778	1342	842	1323	605	159	1344	1369	1392	1121	1524	962	1409	1241	2156	1175	1542	1329	1415	1019	1207	603	2102	448	380	1235	1078	1263	1408	1350	1632	1603	1333	1367	2023	690	1166	1787	1443	1281	927	1128	1357	1242	1050	1343	1149	1546	2067	1546	1613	1409	1739	1347	875	1858	1323	315	1217	961	1248	918	1376	1403	1161	1432	668	1267	733	370	1416	1250	1780	1240	1820	1495	1382	2039	2001	1537	1563	1824	1542	1409	1278	1155	1718	2845	1403	1352
37	1329	0	405	296	1947	1936	1061	437	168	1656	723	2892	345	168	284	832	263	1922	1226	467	412	570	1757	617	277	285	195	1355	136	2097	323	160	33	2892	152	1766	149	199	617	32	1112	563	183	125	365	112	553	1783	103	1145	1014	292	2815	2592	1172	1746	149	173	3000	1997	288	1017	93	1017	2003	375	228	408	596	173	576	397	633	1484	357	288	53	575	489	137	1018	503	88	1021	950	318	870	591	449	1861	511	387	511	585	550	1112	2029	867	2264	1678	413	273	598	1152	429	331	170	546	307	1781	169	186	357	1101	30	590	240	361	367	512	1852	579	176	679	314	499	753	1433	441	2001	454	3889	299	311	117	677	2235	489	362	369	228	513	284	524	1674	397	447	903	115	1509	507	3	170	2163	277	1154	252	345	331	366	815	188	550	1566	1940	2419	1920	1444	33	160	364	413	851	513	84	175	2283	289	2246	0	115	2343	388	994	1084	1752	1145	93	1905	408	1813	33	2098	2077	4	116	1384	2014	1756	1154	1839	1112	1016	899	1243	190	603	171	392	230	1346	824	552	84	449	77	1040	1051	195	1592	336	591	246	957	132	355	284	605	797	566	681	1609	649	168	610	381	661	179	504	1281	1033	878	391	562	359	84	311	173	394	1845	165	110
430	1124	405	0	110	2025	1702	1020	723	490	1479	439	2981	162	293	121	866	141	1804	1431	239	438	617	1751	851	450	120	258	1223	490	2223	436	328	438	3128	550	1549	546	306	216	438	1295	423	581	515	767	490	579	1901	478	1350	1336	565	2837	2639	1108	1826	546	314	2988	2068	341	1220	359	995	1792	96	428	717	197	314	678	454	696	1364	280	117	456	222	846	408	1251	178	474	965	855	482	1073	196	656	2126	888	607	425	833	442	926	2190	1046	2399	1946	8	344	902	1246	690	443	329	873	711	1665	322	222	280	973	375	457	512	273	267	414	2114	979	307	751	335	414	1044	1266	770	1773	365	4014	260	165	515	991	2058	261	483	110	428	176	120	897	1499	454	225	866	520	1650	407	406	329	2279	450	1060	613	162	181	654	974	217	442	1724	1859	2353	1670	1206	438	552	269	7	1182	165	477	230	2506	116	2308	405	520	2136	83	985	1013	1571	1057	359	1913	717	1939	438	2223	2199	406	515	1132	1772	1825	1500	1970	1331	1132	1098	1464	218	793	293	25	615	1717	555	492	477	656	476	1135	1426	261	1336	627	208	563	1075	532	282	122	361	484	857	393	1337	981	490	657	116	696	484	279	1656	1431	587	448	956	762	477	165	314	684	1782	566	505
322	1183	296	110	0	2012	1772	1031	643	382	1533	512	2968	122	187	28	853	39	1812	1381	247	408	593	1759	786	382	28	174	1231	380	2197	353	223	329	3074	444	1614	440	205	326	329	1249	413	475	405	660	380	527	1877	368	1299	1254	483	2842	2636	1095	1811	440	229	3002	2057	288	1168	258	1001	1857	99	351	632	300	229	642	386	671	1402	227	27	348	296	739	300	1192	255	363	948	879	394	1020	305	568	2062	779	538	429	741	454	948	2155	998	2371	1881	118	286	821	1223	594	361	244	786	601	1672	218	112	227	1009	266	479	409	223	221	421	2051	869	222	695	291	416	968	1286	681	1842	364	3991	219	101	408	890	2114	272	403	101	351	258	22	788	1553	386	227	841	410	1588	414	297	244	2256	382	1087	504	122	130	572	931	108	454	1688	1888	2380	1745	1275	329	447	221	118	1097	252	367	121	2454	14	2301	296	410	2201	105	987	1000	1626	1082	258	1919	632	1913	329	2198	2175	297	408	1179	1845	1814	1412	1942	1276	1102	1046	1409	107	738	187	95	504	1621	600	460	367	568	369	1111	1329	157	1411	544	312	472	1044	425	229	32	388	568	779	466	1417	894	395	603	115	647	377	290	1559	1326	642	380	845	655	367	101	229	583	1774	459	399
1917	1343	1947	2025	2012	0	1506	1044	1553	2101	1194	1739	956	2134	2067	1984	1160	1982	3824	858	2255	1605	1419	452	1363	1680	1983	1870	3243	2059	305	2264	2082	1945	1460	1885	1383	1883	2109	2045	1940	894	2425	1876	2009	1880	2022	2491	245	2021	913	1355	1662	904	654	3098	201	1883	1835	1148	60	1734	1002	1878	1048	1406	2098	1728	1599	2143	1835	1382	2332	1342	998	2225	1984	1925	2231	2251	2084	1060	1891	2002	2948	1235	2265	1121	2012	2384	1018	2201	1561	1600	2478	1588	2951	454	1099	467	1006	2028	1740	1471	795	2339	2273	1827	1549	1987	3684	2088	1998	2225	1202	1952	1582	2178	2223	2224	1612	1002	2096	1839	2627	1725	1611	1356	3292	1608	1493	1659	1998	1793	2109	1893	2465	1315	2279	2307	2106	1728	1904	1990	2225	1188	2332	2236	2835	1957	3412	1619	1950	1827	311	1680	1085	2114	2134	2139	1609	1137	1985	1588	506	766	870	1579	1456	1938	1866	2223	2028	1436	1922	1989	1985	935	1998	303	1947	1957	1521	2094	1050	3006	1213	1079	1878	346	1599	262	1945	306	277	1951	1898	3136	1569	200	1459	275	966	931	1092	888	1997	1349	2071	2042	2057	1673	2573	2458	1989	2384	1908	908	1660	2072	1540	1635	1977	1721	989	1895	2225	1979	2386	1782	1470	1763	1616	1513	1786	2554	2119	2605	2116	2297	1696	1897	2593	2326	2143	1898	1989	2109	1835	2290	3778	1898	1888
1930	610	1936	1702	1772	1506	0	1052	1821	2096	376	1263	2187	1864	1938	1757	1299	1771	3288	1759	1915	1542	1451	1060	1728	1703	1756	1752	2751	2071	1811	2126	1972	1959	2966	1993	185	1988	1969	1557	1954	1647	2092	2007	2057	2141	2049	2279	1614	2039	1735	2131	1796	1803	1758	2727	1428	1988	1763	1791	1496	1650	1694	1843	1113	151	1798	1742	1865	1672	1763	1507	2154	1434	642	1982	1755	1956	1789	2418	2029	1795	1524	2024	2604	1043	2164	1671	1549	2336	2353	2420	1715	1426	2502	1387	2433	1941	1603	1962	2254	1698	1665	1896	1367	2347	2134	1766	1947	2177	3164	1971	1843	1982	887	1918	1346	2151	1975	1969	1424	2336	2421	1761	2452	1623	1438	1906	2737	1918	77	1482	3216	1641	1862	1973	2613	464	1929	2176	1812	1742	1525	1762	2439	369	2155	1908	2527	2025	3351	1429	1939	1766	1806	1703	898	2188	1864	1882	1819	1555	1830	1387	1692	770	1095	87	497	1953	1979	1971	1698	2086	1537	2018	1840	2424	1766	1600	1936	2025	453	1783	1148	2635	311	913	1843	1169	1865	1663	1959	1813	1784	1940	1978	2463	84	1385	2321	1696	1773	1435	1664	1821	1839	1638	1941	1727	2156	2601	2057	2180	2018	2336	1957	1377	2418	1918	373	1824	1519	1857	1443	1987	1984	1754	1977	1223	1856	1309	398	2000	1860	2357	1817	2394	2100	1942	2581	2581	2034	2149	2433	2150	2018	1862	1763	2323	3346	2014	1962
1041	515	1061	1020	1031	1044	1052	0	812	1229	694	695	1989	1152	1134	1005	262	1009	2822	787	1258	655	493	731	687	786	1005	925	2241	1194	1287	1340	1158	1072	2342	1061	867	1057	1174	1008	1067	648	1439	1066	1160	1159	1162	1550	978	1156	740	1086	835	1818	1627	2125	856	1057	907	1971	1078	790	668	973	61	1064	1104	834	861	1113	907	512	1396	442	458	1257	1005	1060	1209	1489	1186	765	867	1138	1979	192	1357	622	978	1509	1488	1470	736	602	1644	579	1937	1311	554	1468	1346	1021	801	856	405	1490	1349	904	914	1224	2683	1161	1048	1257	225	1055	562	1301	1254	1252	610	1473	1433	909	1707	771	615	854	2276	904	1095	667	3041	826	1133	1053	1702	1229	1281	1389	1114	834	878	1012	1492	707	1396	1242	1873	1115	2569	618	1064	904	1329	786	155	1287	1152	1161	829	503	1034	579	891	879	1360	1073	674	1064	1044	1252	1021	1034	895	1127	1038	1725	1019	1308	1061	1115	1374	1097	96	2030	784	140	973	894	861	1024	1072	1289	1261	1065	1058	2100	1137	844	1279	1059	765	412	618	847	1046	606	1137	1040	1241	1560	1549	1491	1127	1509	1051	361	1366	1129	827	842	942	901	404	1062	1258	1001	1378	739	820	720	886	955	933	1621	1126	1669	1240	1299	1535	1530	1563	1389	1458	1172	1127	1132	907	1451	2801	1080	1044
401	1220	437	723	643	1553	1821	812	0	564	1489	816	2483	740	595	617	550	604	2358	791	872	381	378	1423	190	277	618	469	1793	521	1679	757	595	424	2456	338	1639	336	633	885	419	686	994	325	466	354	484	987	1370	485	711	613	160	2441	2205	1606	1354	336	414	2647	1606	396	586	405	755	1856	742	294	50	915	414	313	833	387	1269	784	620	399	938	711	569	581	717	468	1456	778	744	443	850	839	1429	676	138	508	925	543	1546	1600	453	1840	1247	730	387	178	775	787	765	399	165	442	2218	604	567	784	935	454	584	641	786	791	520	1419	622	421	1099	413	505	325	1870	97	1875	500	3463	476	705	352	929	2041	896	792	741	294	732	622	700	1505	833	851	1337	414	1860	521	440	399	1747	277	945	562	740	733	73	419	560	543	1141	1662	2115	1824	1365	417	319	788	730	462	742	454	553	1845	630	1855	437	414	2179	749	723	1519	1583	932	405	1556	50	1397	424	1679	1660	440	357	1807	1904	1371	782	1421	676	633	472	806	569	219	599	723	504	1018	1234	990	454	839	378	670	741	615	1524	103	832	191	578	351	782	615	1016	902	135	791	1561	267	272	1038	756	1090	581	914	964	815	1281	828	650	368	454	705	414	737	2274	348	350
190	1490	168	490	382	2101	2096	1229	564	0	1822	864	3041	377	197	382	998	362	1802	1354	467	581	738	1922	752	445	383	343	1249	42	2241	216	163	159	2997	227	1928	228	195	707	164	1249	506	248	100	375	80	433	1929	79	1274	1092	438	2975	2748	1047	1900	228	336	3164	2152	454	1150	260	1185	2166	430	396	525	659	336	740	293	799	1653	333	385	176	609	356	82	1141	625	98	898	1119	185	1006	687	285	1959	399	539	675	417	713	1032	2164	1011	2404	1776	498	440	704	1308	261	221	335	641	270	1663	171	277	333	1268	179	752	78	340	349	675	1951	509	337	534	478	663	857	1337	543	2162	616	4027	454	349	211	522	2401	483	238	419	396	632	379	406	1840	293	450	778	151	1341	670	165	335	2308	445	1323	124	377	356	498	964	286	713	1705	2108	2587	2077	1602	166	246	344	498	928	628	111	274	2396	380	2401	168	151	2507	446	1161	963	1917	1314	260	2069	525	1957	159	2241	2222	164	206	1324	2172	1912	1212	1982	1238	1170	1036	1367	281	752	198	470	145	1375	793	465	111	285	192	1197	1081	230	1747	470	695	381	1112	213	330	384	585	931	680	820	1761	733	315	476	427	528	18	494	1307	1024	855	288	475	362	111	349	336	228	1710	223	214
1645	361	1656	1479	1533	1194	376	694	1489	1822	0	1047	1971	1638	1683	1514	950	1525	3175	1383	1709	1248	1132	741	1379	1404	1513	1484	2615	1793	1497	1881	1714	1675	2649	1693	204	1689	1717	1372	1670	1271	1893	1705	1772	1823	1766	2057	1272	1758	1359	1762	1483	1645	1549	2558	1090	1689	1485	1694	1193	1368	1321	1563	755	370	1575	1447	1536	1489	1485	1177	1920	1103	266	1755	1512	1669	1604	2124	1763	1422	1301	1742	2425	719	1912	1304	1355	2080	1987	2118	1394	1146	2236	1109	2297	1609	1237	1659	1882	1477	1382	1549	991	2080	1890	1487	1604	1871	3045	1714	1588	1755	562	1642	1073	1884	1749	1744	1147	1970	2103	1485	2227	1343	1158	1547	2619	1585	406	1207	3026	1373	1630	1678	2328	581	1727	1931	1588	1447	1305	1520	2138	19	1920	1699	2336	1734	3122	1153	1659	1487	1503	1404	547	1903	1638	1654	1495	1194	1575	1109	1328	543	991	421	352	1668	1678	1746	1477	1724	1319	1734	1583	2085	1525	1335	1656	1734	692	1563	790	2464	95	560	1563	877	1536	1322	1675	1499	1469	1660	1683	2374	458	1049	1949	1356	1398	1063	1296	1445	1585	1294	1686	1504	1865	2228	1907	1971	1734	2080	1667	1005	2053	1667	366	1503	1321	1547	1074	1690	1757	1510	1793	1030	1511	1092	440	1649	1560	2134	1596	2175	1828	1742	2211	2224	1896	1914	2120	1834	1734	1630	1485	2050	3206	1714	1667
729	688	723	439	512	1739	1263	695	816	864	1047	0	2684	601	687	499	645	516	2165	1311	662	435	505	1406	852	574	498	528	1591	848	1974	866	722	752	2980	823	1109	819	714	334	749	1162	845	847	849	1021	833	1018	1658	822	1238	1378	705	2490	2314	1515	1549	819	557	2617	1774	472	1120	637	693	1353	535	592	837	450	557	594	891	563	957	719	497	757	561	1212	789	1183	261	810	1379	505	906	993	312	1080	2039	1234	677	309	1251	279	1277	1979	942	2155	1872	436	488	973	1023	1101	873	566	980	1012	2030	720	594	719	583	699	245	908	712	707	295	2026	1282	553	1191	445	311	1076	1612	899	1334	319	3737	428	599	794	1386	1623	679	915	549	592	262	504	1248	1067	892	653	1289	830	2089	294	725	566	2020	574	687	972	601	619	771	863	582	279	1530	1461	1957	1233	766	748	816	709	436	1252	275	807	593	2354	507	2002	723	830	1697	521	696	1419	1137	688	637	1574	837	1702	752	1975	1949	726	798	1412	1334	1539	1567	1736	1237	947	1011	1358	590	762	689	465	954	1822	884	925	807	1080	767	928	1554	664	899	758	277	743	900	811	721	496	748	86	923	46	904	1076	707	1096	555	1134	864	694	1773	1624	887	886	1276	1023	807	599	557	1083	2173	844	783
2861	2211	2892	2981	2968	956	2187	1989	2483	3041	1971	2684	0	3090	3018	2939	2116	2938	4780	1727	3211	2560	2374	1301	2292	2630	2939	2824	4199	2999	813	3212	3031	2889	1186	2821	2121	2818	3059	2996	2883	1802	3380	2808	2947	2792	2961	3441	1112	2961	1798	2176	2603	488	429	4051	1156	2818	2787	742	914	2688	1908	2826	1999	2051	3054	2677	2528	3097	2787	2335	3282	2297	1849	3179	2940	2867	3186	3161	3030	1945	2846	2943	3901	2178	3210	2042	2964	3321	1508	3104	2505	2555	3404	2543	3907	950	2031	681	1606	2984	2694	2381	1747	3271	3221	2778	2458	2906	4640	3038	2951	3179	2125	2899	2536	3119	3178	3178	2567	1499	2982	2791	3572	2679	2567	2250	4248	2528	2146	2615	1064	2749	3064	2831	3370	1832	3235	3254	3062	2677	2858	2946	3128	1959	3282	3192	3786	2894	4328	2574	2895	2778	739	2630	2010	3045	3090	3094	2544	2077	2939	2543	1354	1435	1150	2272	2292	2881	2801	3178	2984	2291	2876	2929	2939	1096	2954	682	2892	2894	2014	3050	2003	3959	1955	2006	2826	1134	2528	1088	2889	813	828	2896	2836	4088	2225	1155	2226	1066	1845	1878	2012	1737	2951	2289	3022	2998	2986	2371	3528	3412	2929	3321	2849	1860	2446	3024	2338	2572	2929	2660	1937	2831	3179	2935	3342	2721	2388	2710	2412	2406	2728	3501	3075	3553	3057	3253	2415	2688	3547	3275	3035	2810	2929	3064	2787	3220	4730	2831	2827
379	1284	345	162	122	2134	1864	1152	740	377	1638	601	3090	0	188	150	976	153	1690	1493	133	529	715	1881	894	491	150	281	1109	388	2318	279	216	376	3184	497	1710	495	181	354	377	1364	291	529	428	706	399	419	1998	388	1412	1343	579	2964	2759	973	1933	495	331	3123	2179	406	1281	338	1123	1954	68	455	723	285	331	762	291	793	1515	117	149	399	235	722	297	1301	340	390	827	997	330	1132	344	501	2166	773	645	550	679	573	829	2273	1113	2491	1984	166	403	914	1345	543	285	345	873	628	1550	208	173	117	1122	317	596	379	111	106	541	2156	884	325	590	411	537	1065	1166	767	1936	485	4112	340	34	463	848	2217	157	324	54	455	339	143	778	1657	292	112	722	448	1488	534	345	345	2377	491	1204	501	0	21	667	1048	179	573	1806	2004	2498	1833	1368	378	505	108	166	1183	327	397	187	2566	136	2423	345	448	2298	85	1109	879	1730	1200	338	2041	723	2033	376	2319	2296	345	462	1070	1934	1936	1493	2062	1387	1223	1159	1520	170	851	186	136	516	1691	494	341	397	501	422	1233	1396	155	1499	638	363	558	1164	477	120	154	276	646	875	555	1499	979	477	496	55	537	366	175	1626	1374	542	286	852	698	397	34	331	543	1652	509	455
204	1340	168	293	187	2067	1938	1134	595	197	1683	687	3018	188	0	191	926	173	1776	1375	302	480	659	1849	767	387	192	208	1204	202	2231	206	35	194	3051	316	1775	314	41	509	196	1256	398	347	239	519	211	424	1914	199	1294	1181	441	2921	2705	1034	1866	314	233	3095	2115	345	1165	196	1096	2016	234	342	570	463	233	685	266	731	1533	190	194	219	424	553	115	1173	437	201	883	1001	229	1016	490	398	2024	596	525	545	564	578	950	2172	1007	2401	1841	301	335	762	1272	413	215	240	713	439	1635	32	95	190	1142	143	611	222	193	199	541	2014	698	230	573	362	532	916	1276	607	2007	480	4025	313	157	283	704	2264	323	255	224	342	443	187	604	1702	266	282	768	260	1445	535	166	240	2294	387	1209	321	188	171	523	949	108	578	1707	2006	2493	1915	1442	198	326	196	300	1019	437	209	100	2439	187	2362	168	260	2359	250	1077	943	1777	1202	196	2003	570	1946	194	2232	2210	166	281	1217	2013	1873	1322	1973	1264	1140	1044	1396	98	741	4	273	329	1511	656	400	209	398	244	1159	1216	34	1582	493	499	405	1081	296	188	193	437	749	727	642	1591	816	323	491	234	541	191	337	1445	1186	711	259	669	510	209	157	233	398	1712	325	277
308	1165	284	121	28	1984	1757	1005	617	382	1514	499	2939	150	191	0	825	20	1841	1352	276	379	564	1733	759	354	1	148	1260	377	2169	369	227	317	3046	428	1597	425	214	334	316	1220	441	459	397	645	373	550	1848	361	1271	1229	458	2815	2609	1122	1783	425	203	2976	2029	259	1140	238	974	1839	127	324	607	316	203	613	406	642	1379	252	3	334	321	739	301	1164	246	356	975	855	407	991	309	580	2034	775	511	403	752	429	977	2126	970	2342	1854	129	258	795	1195	602	377	218	763	591	1700	223	106	252	986	254	455	414	248	247	395	2024	861	197	716	262	390	942	1315	657	1827	337	3963	190	127	393	895	2095	300	419	129	324	251	6	785	1533	406	256	868	399	1607	388	285	218	2227	354	1063	501	150	157	546	902	98	429	1659	1864	2356	1731	1260	317	431	247	129	1072	246	358	111	2426	14	2272	284	399	2183	131	960	1028	1607	1058	238	1892	607	1884	317	2169	2146	285	393	1207	1830	1786	1388	1913	1248	1073	1018	1381	101	710	192	111	499	1600	628	486	358	580	354	1083	1308	164	1397	519	314	449	1015	410	253	4	416	558	753	454	1404	870	373	625	144	670	378	319	1539	1309	669	399	839	641	358	127	203	589	1801	445	383
808	726	832	866	853	1160	1299	262	550	998	950	645	2116	976	926	825	0	825	2665	677	1095	450	267	925	429	554	825	721	2084	960	1361	1130	946	839	2335	815	1114	811	967	906	833	527	1267	817	921	899	926	1350	1040	921	610	871	584	1995	1784	1946	960	811	694	2170	1203	583	506	749	204	1320	938	603	599	995	694	261	1192	198	720	1071	826	823	1075	1237	964	588	742	903	1797	285	1140	415	871	1281	1406	1214	482	442	1407	435	1792	1345	349	1539	1245	869	592	598	387	1255	1139	687	654	969	2525	951	848	1071	422	830	438	1072	1069	1069	455	1391	1172	696	1498	570	453	613	2132	642	1347	500	3148	636	952	810	1452	1492	1119	1177	946	603	756	832	1236	965	1192	1077	1686	874	2339	462	835	687	1415	554	403	1045	976	982	570	280	835	435	888	1123	1592	1313	882	831	797	1068	869	798	773	891	837	1709	840	1447	832	874	1635	934	173	1852	1043	390	749	1077	599	1080	839	1362	1337	836	815	1987	1384	961	1068	1112	619	302	421	729	848	344	930	882	995	1346	1417	1306	891	1281	813	285	1131	926	1041	586	838	650	258	817	1071	821	1226	713	561	654	1091	700	690	1417	959	1467	1010	1138	1315	1282	1441	1186	1198	912	891	951	694	1213	2626	832	801
288	1178	263	141	39	1982	1771	1009	604	362	1525	516	2938	153	173	20	825	0	1842	1344	282	377	563	1736	748	343	22	135	1262	356	2165	356	208	297	3036	408	1611	405	198	354	296	1213	442	439	376	625	353	543	1845	341	1262	1214	443	2817	2609	1121	1782	405	189	2980	2028	253	1131	220	978	1853	138	312	592	336	189	608	396	640	1388	247	24	314	336	718	282	1154	264	335	972	862	392	982	330	565	2023	755	500	408	735	436	982	2121	962	2338	1842	150	251	781	1192	585	364	204	747	570	1702	205	85	247	995	233	463	395	245	244	401	2012	840	183	707	258	395	928	1319	642	1841	342	3959	189	126	373	876	2107	307	406	139	312	270	21	765	1545	396	262	864	378	1596	394	264	204	2224	343	1070	481	153	156	532	896	78	436	1654	1871	2362	1746	1274	296	411	243	149	1057	266	337	91	2417	27	2272	263	378	2197	145	963	1026	1619	1065	220	1894	592	1880	297	2166	2143	265	373	1216	1845	1785	1372	1909	1239	1070	1009	1372	81	701	174	130	478	1583	638	482	337	565	334	1080	1290	148	1413	504	334	432	1011	390	248	21	424	576	739	470	1420	854	356	617	154	663	359	325	1521	1290	680	389	818	620	337	126	189	571	1800	424	363
1957	2817	1922	1804	1812	3824	3288	2822	2358	1802	3175	2165	4780	1690	1776	1841	2665	1842	0	3148	1570	2220	2405	3552	2539	2161	1841	1960	581	1844	4005	1600	1769	1934	4798	2030	3181	2030	1736	1831	1939	3032	1400	2051	1903	2145	1881	1371	3685	1877	3067	2881	2213	4640	4444	756	3624	2030	2000	4780	3869	2093	2939	1972	2800	3413	1727	2117	2324	1718	2000	2449	1525	2483	3121	1604	1840	1959	1614	1854	1789	2939	1955	1893	904	2648	1617	2791	1857	1563	3757	1937	2301	2230	1572	2246	888	3949	2784	4176	3575	1802	2089	2506	3035	1642	1593	2011	2443	2021	140	1761	1834	1604	2747	1908	2259	1729	1605	1603	2219	3750	2108	1996	1284	2101	2218	2660	556	2346	3365	2167	5800	2031	1716	2009	1731	3717	1546	1567	1718	2117	1945	1834	1919	3195	1524	1588	1024	1953	1132	2212	1919	2011	4066	2161	2846	1846	1690	1686	2288	2725	1845	2246	3483	3627	4121	3228	2842	1941	2047	1605	1802	2719	1928	1907	1847	4199	1826	4112	1922	1953	3741	1731	2790	839	3255	2845	1972	3716	2324	3719	1934	4005	3983	1919	2004	835	3336	3626	2974	3747	3034	2910	2820	3165	1834	2518	1772	1786	1904	3075	1281	1376	1907	1563	1981	2922	2802	1765	2922	2258	1893	2168	2851	2014	1604	1845	1444	2160	2481	2128	2889	2532	2090	1327	1705	1276	1784	1528	3002	2660	1282	1530	2046	2128	1907	1716	2000	1696	261	2026	2009
1190	1296	1226	1431	1381	858	1759	787	791	1354	1383	1311	1727	1493	1375	1352	677	1344	3148	0	1626	996	835	928	609	1002	1352	1212	2579	1311	913	1548	1380	1214	1697	1127	1582	1126	1415	1530	1210	150	1768	1110	1255	1070	1274	1778	633	1276	81	502	935	1760	1502	2397	687	1126	1164	2005	918	1094	212	1179	741	1728	1478	1041	829	1598	1164	759	1623	762	1116	1557	1354	1190	1654	1436	1360	219	1354	1259	2247	928	1535	361	1493	1623	728	1377	852	1055	1688	1064	2320	812	386	1063	568	1437	1094	663	397	1563	1556	1151	737	1188	3007	1388	1330	1557	1012	1240	1081	1431	1559	1562	1070	714	1256	1169	1888	1097	1062	524	2651	818	1784	1094	2677	1172	1462	1143	1644	1792	1650	1584	1482	1041	1369	1358	1402	1390	1623	1605	2128	1203	2603	1076	1228	1151	987	1002	931	1339	1493	1491	860	461	1320	1064	373	1274	1612	1799	1454	1207	1108	1560	1437	578	1385	1245	1316	1074	1366	1154	1226	1203	1977	1481	713	2310	1455	916	1179	995	829	646	1214	913	898	1229	1148	2559	1841	722	638	663	119	386	334	62	1331	642	1380	1440	1279	894	1980	1775	1245	1623	1169	428	817	1390	1599	890	1464	980	419	1141	1557	1348	1768	1385	677	1314	1663	679	1058	1829	1496	1881	1372	1669	897	1048	2018	1617	1308	1088	1245	1462	1164	1510	3065	1134	1142
502	1350	467	239	247	2255	1915	1258	872	467	1709	662	3211	133	302	276	1095	282	1570	1626	0	653	838	1989	1027	623	276	413	988	488	2444	312	322	496	3316	618	1769	615	281	363	498	1495	184	649	535	820	505	371	2123	495	1544	1473	712	3075	2874	869	2055	615	464	3228	2299	535	1413	469	1233	2012	156	588	854	262	464	889	289	916	1602	138	274	520	164	789	395	1434	411	499	726	1095	369	1264	367	522	2299	850	778	660	699	679	701	2402	1245	2618	2117	239	533	1046	1469	581	315	478	1004	732	1430	312	305	138	1212	440	697	450	129	120	650	2289	975	458	543	538	648	1197	1039	897	1988	597	4237	465	166	584	887	2285	24	344	148	588	405	269	852	1729	289	21	629	561	1439	643	467	478	2502	623	1300	587	133	139	799	1178	312	679	1935	2098	2593	1878	1423	499	627	124	239	1313	390	509	319	2698	261	2541	467	561	2356	161	1221	773	1799	1297	469	2151	854	2159	496	2445	2421	467	582	937	1982	2056	1621	2189	1519	1349	1291	1653	302	983	299	218	612	1813	362	265	509	522	544	1357	1518	272	1545	770	396	689	1291	598	141	280	143	692	1007	617	1540	1109	608	448	135	480	454	43	1747	1485	412	286	938	810	509	166	464	593	1543	627	578
398	931	412	438	408	1605	1542	655	381	581	1248	435	2560	529	480	379	450	377	2220	996	653	0	185	1369	445	162	379	273	1639	549	1790	686	503	429	2693	450	1367	446	521	543	424	857	820	466	524	616	520	901	1469	513	916	964	278	2444	2233	1496	1404	446	252	2615	1650	135	786	321	616	1600	498	200	403	602	252	239	745	263	1071	621	380	421	659	878	532	826	366	496	1347	538	702	642	506	855	1702	878	242	132	998	171	1355	1752	610	1964	1525	443	146	544	815	842	695	249	546	636	2079	507	399	621	689	403	215	649	619	619	142	1690	891	254	1054	120	126	661	1693	465	1604	120	3584	189	504	431	1080	1824	678	734	505	200	382	386	897	1265	745	634	1236	486	1915	141	415	249	1848	162	741	655	529	534	337	536	386	171	1286	1531	2015	1532	1058	422	437	619	443	828	396	487	388	2069	394	1895	412	486	1937	497	596	1402	1343	733	321	1525	403	1505	429	1791	1767	416	436	1571	1621	1407	1147	1535	900	696	666	1031	398	370	484	450	617	1394	993	856	487	855	419	703	1122	478	1212	326	481	328	638	445	621	375	790	521	494	410	1238	645	318	971	519	1020	590	697	1343	1190	1026	738	897	622	487	503	252	807	2176	472	420
548	846	570	617	593	1419	1451	493	378	738	1132	505	2374	715	659	564	267	563	2405	835	838	185	0	1191	354	293	564	454	1825	701	1606	863	679	579	2528	571	1270	567	700	694	574	691	1005	578	667	692	669	1083	1285	663	757	877	351	2262	2049	1681	1218	567	426	2437	1465	316	631	484	447	1494	682	341	418	768	426	89	925	78	932	806	565	566	835	1001	699	685	519	645	1531	412	874	495	657	1019	1554	988	264	220	1151	234	1539	1573	452	1781	1381	621	324	497	630	997	872	420	525	741	2265	683	582	806	570	566	260	810	804	805	235	1541	972	429	1231	305	226	578	1878	474	1508	261	3399	374	689	561	1211	1698	862	910	689	341	534	571	1009	1149	925	819	1420	622	2079	240	573	420	1664	293	600	794	715	719	368	374	569	234	1108	1371	1849	1451	987	572	554	804	621	761	550	634	570	1903	579	1710	570	622	1824	680	424	1587	1227	590	484	1344	418	1322	579	1607	1583	574	566	1749	1533	1222	1069	1352	748	514	516	876	581	260	663	631	749	1333	1173	1041	634	1019	558	519	1079	659	1146	372	628	416	457	570	806	560	973	588	449	496	1183	606	440	1150	703	1200	749	881	1289	1184	1202	918	988	702	634	689	426	958	2361	590	551
1732	917	1757	1751	1759	452	1060	731	1423	1922	741	1406	1301	1881	1849	1733	925	1736	3552	928	1989	1369	1191	0	1249	1479	1732	1642	2972	1883	756	2055	1870	1763	1911	1728	931	1725	1890	1731	1757	887	2169	1726	1841	1775	1848	2271	565	1845	948	1415	1496	1088	910	2855	378	1725	1618	1245	453	1505	983	1675	758	969	1835	1528	1474	1839	1618	1181	2114	1124	559	1984	1733	1746	1938	2134	1890	1071	1597	1826	2708	906	2066	1053	1702	2206	1349	2099	1392	1331	2326	1310	2666	881	1006	918	1285	1752	1514	1393	664	2176	2063	1612	1468	1864	3414	1875	1768	1984	831	1756	1293	1997	1981	1980	1340	1331	2025	1620	2422	1489	1343	1318	3006	1499	1051	1396	2365	1549	1860	1728	2352	926	2012	2102	1844	1528	1608	1740	2123	735	2115	1973	2600	1792	3262	1347	1760	1612	761	1479	720	1961	1881	1890	1464	1012	1755	1310	707	369	703	1130	1016	1755	1710	1980	1752	1448	1625	1814	1758	1365	1747	626	1757	1792	1127	1828	773	2760	762	718	1675	168	1474	611	1763	758	728	1761	1733	2819	1126	330	1566	642	1001	803	1029	980	1767	1204	1853	1771	1908	1820	2277	2219	1814	2206	1734	757	1733	1848	1091	1485	1666	1561	851	1734	1985	1728	2109	1434	1377	1437	1167	1464	1610	2340	1856	2389	1935	2030	1826	1951	2288	2108	2063	1791	1814	1860	1618	2133	3532	1744	1720
582	1143	617	851	786	1363	1728	687	190	752	1379	852	2292	894	767	759	429	748	2539	609	1027	445	354	1249	0	404	759	614	1970	710	1489	940	771	607	2290	528	1543	526	806	986	602	497	1162	515	655	527	672	1171	1180	673	527	525	326	2254	2016	1789	1165	526	562	2464	1417	510	399	571	627	1749	886	438	236	1034	562	266	1015	324	1144	951	761	584	1073	894	752	407	810	655	1639	694	929	253	949	1029	1275	852	248	548	1115	573	1714	1413	263	1651	1095	858	507	169	592	978	948	549	229	626	2399	779	726	951	844	631	607	830	952	956	562	1264	778	568	1287	519	549	224	2043	250	1776	562	3275	592	861	541	1110	1913	1051	977	888	438	826	764	876	1394	1015	1006	1520	603	2049	565	620	549	1557	404	833	753	894	890	254	237	717	573	952	1506	1946	1739	1296	600	509	954	857	406	839	641	712	1674	772	1665	617	603	2061	890	593	1701	1471	819	571	1377	236	1206	607	1489	1470	620	546	1964	1812	1183	715	1230	497	450	283	629	727	97	771	856	694	978	1386	1166	641	1029	563	492	730	783	1456	283	926	373	398	540	950	756	1170	937	134	837	1500	272	449	1224	902	1276	769	1069	935	857	1428	1009	813	544	641	861	562	928	2460	538	538
255	1092	277	450	382	1680	1703	786	277	445	1404	574	2630	491	387	354	554	343	2161	1002	623	162	293	1479	404	0	354	210	1586	408	1844	584	401	286	2693	290	1527	285	429	608	281	875	768	304	375	455	376	810	1526	370	921	889	133	2541	2321	1422	1479	285	162	2723	1729	119	790	198	740	1759	481	49	281	640	162	301	651	355	1218	558	356	273	670	720	410	810	442	352	1271	688	589	641	573	727	1680	717	157	290	858	330	1318	1789	625	2014	1499	457	110	455	884	704	592	150	437	474	2020	407	329	558	842	276	374	518	559	561	297	1669	729	167	949	139	281	594	1651	340	1764	256	3638	199	459	274	926	1977	648	628	483	49	457	360	736	1421	651	603	1156	333	1786	295	281	150	1907	0	886	504	491	489	214	563	318	330	1322	1665	2142	1694	1220	278	276	560	457	739	467	341	315	2074	368	1977	277	333	2094	485	716	1330	1499	877	198	1629	281	1559	286	1845	1823	281	279	1560	1783	1487	1059	1586	895	752	668	1029	330	360	392	453	462	1291	982	785	341	727	267	772	1008	396	1375	193	557	170	693	286	558	351	767	659	409	543	1401	542	157	873	497	924	456	667	1235	1055	1024	645	734	461	341	459	162	665	2100	311	263
309	1164	285	120	28	1983	1756	1005	618	383	1513	498	2939	150	192	1	825	22	1841	1352	276	379	564	1732	759	354	0	148	1260	378	2168	370	228	319	3046	430	1596	426	216	332	318	1220	441	460	399	647	375	551	1848	363	1271	1230	458	2814	2608	1123	1783	426	204	2975	2028	259	1140	239	974	1838	126	325	608	315	204	613	407	642	1378	253	2	336	320	740	303	1164	244	357	975	854	408	991	308	582	2035	777	511	402	753	428	977	2126	970	2342	1854	128	258	796	1195	604	378	219	763	592	1700	224	107	253	985	255	454	415	249	247	394	2024	862	197	717	262	389	942	1315	658	1825	337	3963	190	128	394	897	2094	300	420	129	325	250	7	787	1532	407	256	868	400	1609	387	286	219	2227	354	1062	503	150	157	547	902	100	428	1659	1863	2355	1729	1259	318	432	247	128	1073	245	360	113	2426	14	2272	285	400	2182	131	959	1028	1606	1057	239	1891	608	1884	319	2169	2146	287	395	1207	1829	1785	1389	1913	1248	1073	1018	1381	102	710	193	110	500	1601	628	486	360	582	355	1082	1309	166	1396	520	312	450	1015	411	254	3	416	557	754	452	1403	871	374	626	144	671	380	319	1540	1311	669	401	840	642	360	128	204	590	1802	446	384
203	1148	195	258	174	1870	1752	925	469	343	1484	528	2824	281	208	148	721	135	1960	1212	413	273	454	1642	614	210	148	0	1382	322	2044	415	234	224	2903	312	1585	308	248	450	221	1084	562	341	320	527	305	628	1725	294	1131	1081	309	2717	2503	1228	1669	308	55	2888	1917	138	1000	115	888	1824	273	177	460	455	55	489	472	529	1327	355	151	232	469	683	278	1020	315	282	1078	794	435	851	420	596	1888	706	365	340	752	375	1109	1995	833	2216	1707	266	130	647	1076	596	424	71	616	493	1819	237	127	355	937	171	411	400	355	356	337	1878	766	49	781	153	327	794	1444	511	1819	277	3839	111	249	279	864	2065	438	464	274	177	327	153	719	1503	472	392	965	305	1651	331	197	71	2105	210	1001	445	281	279	398	768	115	375	1528	1798	2285	1733	1258	220	310	355	266	925	329	279	115	2284	160	2163	195	305	2166	279	869	1135	1579	994	115	1797	460	1759	224	2045	2023	198	281	1350	1829	1674	1242	1788	1106	949	878	1239	127	570	212	255	425	1458	772	588	279	596	245	964	1168	205	1404	371	414	304	890	296	355	145	557	602	605	486	1418	723	232	698	288	747	347	456	1398	1181	815	465	753	525	279	249	55	570	1908	332	268
1392	2255	1355	1223	1231	3243	2751	2241	1793	1249	2615	1591	4199	1109	1204	1260	2084	1262	581	2579	988	1639	1825	2972	1970	1586	1260	1382	0	1289	3426	1039	1199	1370	4245	1473	2633	1473	1164	1257	1375	2459	820	1496	1349	1607	1324	816	3106	1320	2498	2339	1644	4059	3862	262	3043	1473	1424	4202	3287	1514	2369	1400	2218	2870	1145	1543	1762	1142	1424	1870	961	1902	2549	1027	1259	1395	1036	1354	1226	2374	1375	1335	372	2069	1063	2220	1281	1036	3208	1439	1729	1648	1083	1665	318	3375	2210	3598	3025	1220	1510	1948	2455	1122	1032	1435	1889	1485	442	1191	1257	1027	2171	1340	1678	1179	1027	1025	1637	3200	1610	1419	761	1521	1636	2103	133	1788	2828	1586	5221	1450	1136	1449	1273	3168	965	1010	1137	1543	1365	1253	1424	2635	961	1006	486	1397	1009	1630	1353	1435	3486	1586	2268	1307	1109	1106	1722	2149	1268	1665	2908	3053	3549	2696	2290	1377	1489	1027	1221	2175	1348	1349	1270	3638	1245	3530	1355	1397	3204	1149	2208	305	2697	2267	1400	3135	1762	3141	1370	3427	3404	1353	1445	426	2804	3045	2446	3170	2467	2331	2249	2599	1256	1944	1200	1204	1362	2573	709	804	1349	1036	1418	2342	2290	1190	2380	1692	1317	1602	2272	1456	1027	1264	862	1591	1920	1553	2354	1982	1522	784	1124	736	1230	946	2501	2173	719	967	1550	1591	1349	1136	1424	1174	595	1471	1449
153	1465	136	490	380	2059	2071	1194	521	42	1793	848	2999	388	202	377	960	356	1844	1311	488	549	701	1883	710	408	378	322	1289	0	2198	253	171	121	2956	185	1902	186	209	707	127	1207	538	206	59	342	37	474	1887	38	1232	1052	396	2934	2707	1089	1858	186	309	3124	2110	425	1107	230	1149	2139	437	360	483	666	309	701	331	762	1620	356	380	136	623	365	92	1098	615	57	940	1087	227	963	685	325	1918	398	498	648	450	686	1069	2121	968	2361	1735	498	410	661	1267	295	260	306	599	244	1705	180	270	356	1237	153	726	120	363	371	648	1910	496	310	577	450	636	816	1376	501	2137	590	3984	431	359	168	542	2371	505	279	427	360	623	375	408	1811	331	469	820	108	1379	643	133	306	2265	408	1290	125	388	369	456	922	279	686	1662	2073	2550	2054	1578	129	203	367	498	888	620	70	266	2354	377	2359	136	108	2479	453	1125	1005	1888	1281	230	2029	483	1915	121	2199	2179	132	163	1359	2148	1871	1175	1940	1195	1129	993	1324	275	710	203	471	127	1343	821	502	70	325	150	1156	1048	236	1725	427	691	338	1070	170	353	378	610	918	637	805	1741	693	274	519	436	570	60	517	1275	998	882	327	467	330	70	359	309	258	1753	181	172
2064	1631	2097	2223	2197	305	1811	1287	1679	2241	1497	1974	813	2318	2231	2169	1361	2165	4005	913	2444	1790	1606	756	1489	1844	2168	2044	3426	2198	0	2420	2242	2091	1155	2017	1687	2015	2272	2265	2086	993	2606	2004	2144	1981	2161	2650	321	2161	985	1369	1806	924	652	3265	439	2015	2004	1207	319	1912	1098	2037	1282	1709	2289	1889	1722	2357	2004	1556	2491	1527	1294	2400	2170	2069	2436	2349	2234	1131	2103	2143	3114	1479	2414	1236	2231	2518	835	2290	1711	1803	2595	1796	3145	205	1230	180	874	2226	1916	1570	976	2464	2428	1994	1646	2096	3864	2249	2170	2400	1466	2107	1796	2318	2400	2401	1816	821	2168	2008	2774	1906	1813	1437	3484	1719	1797	1859	1795	1978	2290	2029	2557	1606	2468	2460	2295	1889	2117	2175	2315	1492	2491	2424	2998	2092	3516	1823	2100	1994	79	1844	1350	2238	2318	2320	1742	1283	2159	1796	541	1065	1097	1884	1750	2084	1998	2400	2226	1479	2134	2129	2157	650	2183	370	2097	2092	1811	2287	1278	3174	1518	1342	2037	646	1722	285	2091	1	28	2101	2035	3349	1873	465	1435	258	1031	1095	1206	924	2170	1493	2235	2237	2179	1610	2777	2629	2129	2518	2050	1087	1651	2240	1840	1770	2196	1860	1154	2029	2400	2164	2580	2025	1578	1994	1916	1592	1931	2707	2309	2759	2257	2487	1645	1893	2802	2485	2221	1999	2129	2290	2004	2413	3942	2027	2026
357	1535	323	436	353	2264	2126	1340	757	216	1881	866	3212	279	206	369	1130	356	1600	1548	312	686	863	2055	940	584	370	415	1039	253	2420	0	184	333	3205	433	1967	433	167	633	338	1435	298	458	313	590	287	230	2104	281	1467	1306	615	3124	2905	849	2063	433	436	3300	2313	551	1340	386	1302	2209	347	536	724	554	436	884	77	934	1737	180	371	358	474	482	188	1339	606	296	698	1206	56	1193	623	221	2169	548	709	750	399	782	816	2353	1190	2587	1987	442	540	909	1468	270	8	442	850	480	1460	179	296	180	1345	313	813	162	188	198	745	2161	689	434	367	568	737	1064	1123	749	2196	685	4211	518	270	410	577	2463	320	50	333	536	608	364	547	1900	77	301	580	359	1242	739	320	442	2484	584	1414	308	279	258	687	1137	309	782	1889	2213	2700	2099	1629	340	450	193	441	1142	599	309	303	2600	360	2561	323	359	2553	365	1283	761	1975	1408	386	2208	724	2135	333	2420	2400	319	406	1109	2199	2071	1428	2161	1433	1334	1222	1564	298	926	202	411	350	1589	592	249	309	221	380	1356	1295	215	1765	658	642	567	1275	416	176	373	399	918	881	819	1770	946	490	289	334	340	197	325	1519	1228	658	73	645	576	309	271	436	281	1522	433	409
197	1373	160	328	223	2082	1972	1158	595	163	1714	722	3031	216	35	227	946	208	1769	1380	322	503	679	1870	771	401	228	234	1199	171	2242	184	0	182	3051	301	1808	299	41	544	185	1263	403	331	213	498	184	409	1925	173	1299	1173	444	2939	2721	1023	1880	299	252	3116	2131	368	1170	205	1119	2049	266	354	568	496	252	701	250	749	1561	200	230	207	451	518	81	1175	473	177	872	1028	200	1022	525	366	2021	562	532	573	530	607	952	2180	1015	2410	1838	336	357	758	1286	378	193	258	706	413	1628	9	128	200	1171	140	641	187	205	212	570	2012	667	250	552	386	560	912	1274	601	2040	509	4035	341	187	270	668	2295	341	231	256	354	478	223	569	1733	250	302	756	240	1417	563	158	258	2306	401	1236	287	216	198	523	959	141	607	1715	2032	2518	1948	1475	187	313	208	336	1010	473	187	132	2441	223	2378	160	240	2392	283	1099	933	1808	1229	205	2023	568	1957	182	2243	2221	158	267	1225	2046	1889	1310	1984	1267	1153	1051	1399	132	749	35	308	299	1494	669	395	187	366	232	1173	1198	67	1616	493	535	404	1094	281	198	229	453	784	725	677	1626	808	323	472	264	523	156	355	1427	1163	726	243	637	488	187	187	252	362	1700	308	265
31	1350	33	438	329	1945	1959	1072	424	159	1675	752	2889	376	194	317	839	297	1934	1214	496	429	579	1763	607	286	319	224	1370	121	2091	333	182	0	2875	122	1788	119	223	651	5	1104	585	153	98	332	91	563	1778	84	1134	991	285	2817	2592	1182	1745	119	198	3005	1996	309	1007	116	1027	2024	407	238	392	629	198	581	409	640	1500	382	321	25	607	463	145	1005	535	66	1032	966	322	861	624	444	1842	481	384	532	572	572	1132	2020	861	2257	1660	446	294	579	1152	417	341	193	525	274	1793	191	218	382	1118	63	612	235	386	393	534	1834	546	201	683	335	521	734	1450	421	2023	477	3881	326	342	88	655	2253	517	369	401	238	545	318	495	1693	409	475	913	82	1500	529	32	193	2157	286	1168	229	376	361	354	811	221	572	1558	1951	2428	1943	1468	7	132	389	446	828	546	58	208	2268	322	2245	33	82	2363	421	1003	1095	1771	1160	116	1910	392	1807	0	2092	2072	32	86	1408	2037	1756	1129	1833	1100	1014	890	1231	223	599	197	425	202	1317	850	569	58	444	50	1040	1022	224	1617	324	624	234	956	102	380	317	632	826	549	711	1635	626	160	616	413	668	172	532	1251	1000	905	403	530	326	58	342	198	379	1853	133	83
2855	2754	2892	3128	3074	1460	2966	2342	2456	2997	2649	2980	1186	3184	3051	3046	2335	3036	4798	1697	3316	2693	2528	1911	2290	2693	3046	2903	4245	2956	1155	3205	3051	2875	0	2772	2842	2772	3089	3223	2871	1837	3450	2749	2896	2656	2920	3430	1396	2924	1777	1922	2611	1640	1452	4041	1566	2772	2852	1920	1471	2790	1907	2859	2320	2862	3173	2728	2484	3295	2852	2455	3283	2453	2435	3238	3048	2850	3351	2981	3018	1882	3048	2909	3894	2525	3183	2055	3186	3238	1042	2904	2538	2746	3259	2752	4002	1050	2083	1008	1223	3134	2789	2296	1961	3164	3212	2839	2356	2780	4659	3060	3016	3238	2548	2910	2764	3069	3241	3245	2762	1048	2744	2858	3516	2793	2754	2141	4326	2456	2950	2789	1416	2868	3151	2795	3154	2736	3341	3235	3175	2728	3063	3052	2926	2645	3283	3295	3775	2847	4091	2767	2894	2839	1162	2693	2437	2953	3184	3180	2528	2157	3007	2752	1454	2212	2142	3039	2884	2869	2755	3242	3133	2082	3079	2895	3002	626	3060	1414	2892	2847	2939	3175	2306	3960	2673	2427	2859	1798	2484	1346	2875	1153	1183	2894	2799	4253	3028	1603	1861	1310	1798	2034	2029	1665	3017	2336	3055	3136	2894	1863	3674	3444	2895	3238	2826	2051	2067	3070	2984	2558	3156	2646	2084	2789	3237	3042	3460	3045	2326	2989	3060	2265	2728	3471	3190	3522	3015	3359	1930	2276	3713	3277	2806	2674	2895	3151	2852	3109	4686	2774	2796
