NAME : VRPTW_INSTANCE_29.txt
COMMENT : Bangkok Supermarket
TYPE : VRPTW
DIMENSION : 309
DAYS : Sunday
EDGE_WEIGHT_TYPE : EXPLICIT
VEHICLES : 34
EDGE_WEIGHT_FORMAT : FULL_MATRIX
CAPACITY : 1000
EDGE_WEIGHT_SECTION
0	649	398	123	991	300	2057	1994	374	365	1695	314	2016	252	1227	1018	595	1038	368	432	609	91	111	372	185	2241	1117	300	1126	1526	358	350	890	94	135	185	875	2530	541	1113	958	535	1066	927	960	1974	25	960	1987	948	647	499	620	170	212	369	1014	762	123	189	339	153	2127	1070	255	28	815	584	876	747	223	153	1427	1946	561	319	1924	615	91	125	317	373	1700	294	371	1009	1922	412	451	1433	214	1086	531	411	317	484	1089	1040	783	996	347	244	406	212	614	391	438	1217	918	693	737	451	256	206	595	366	1028	1079	2093	1003	330	388	213	903	609	567	1107	277	523	816	236	135	293	202	395	522	155	1064	1102	505	2094	542	582	1193	351	46	1727	193	1055	222	113	85	556	300	404	66	401	1910	730	1606	1017	528	232	307	410	621	1010	101	428	1419	891	2772	1728	97	1438	2591	582	1053	141	308	288	404	1666	548	697	534	199	978	1937	79	135	523	1708	207	607	640	1024	2457	879	1088	1190	1041	404	948	791	379	212	367	382	909	410	942	371	355	1065	1914	1213	484	1153	562	590	210	451	1734	1994	1945	329	636	54	962	258	931	538	437	283	823	2751	1771	225	1822	623	609	215	387	795	97	961	885	1003	759	489	437	569	412	41	924	2214	412	352	1507	386	935	331	525	1967	309	2738	576	1186	1042	1676	112	379	835	358	2667	178	364	404	403	865	1842	2580	418	383	278	540	543	1183	1586	1058	965	3684	491	1980	2793	419	524	79	1915	258	1498	283	386	301	441	977	885	404
649	0	627	746	962	700	1883	1438	538	529	1171	436	1943	881	1685	1292	263	1608	788	1013	550	558	735	798	504	1770	1526	700	1554	1026	931	775	1039	565	594	504	1166	2297	614	1688	1201	178	1244	908	1251	1831	668	1172	1401	1044	1031	585	474	704	791	535	616	916	635	609	512	551	1826	763	900	646	857	227	419	1177	599	551	1681	1501	977	880	1764	1001	558	754	908	527	1842	829	783	796	2103	470	438	1681	506	1223	787	401	908	282	1234	1002	1056	1133	510	584	449	816	421	1023	966	1065	1533	700	616	845	901	603	263	774	1257	1214	2282	637	716	810	508	642	550	952	1595	399	176	1157	627	594	896	780	862	189	569	954	613	256	1524	1190	819	1107	511	688	1577	644	744	867	737	721	94	700	446	616	765	2395	989	1000	641	177	794	411	847	329	1366	714	692	1579	408	2800	1852	554	1285	2472	819	1437	554	413	429	627	1412	305	1101	986	603	601	1380	709	594	176	1894	603	53	204	1393	2199	962	1623	1309	1672	627	1017	146	515	507	535	807	979	448	676	783	511	1462	1778	1266	282	1189	941	817	857	286	1167	1438	1499	926	693	661	579	644	913	179	351	578	1258	2809	1401	599	1451	365	550	601	714	496	729	724	707	637	959	275	351	623	470	663	718	1741	424	545	1579	947	1414	929	891	2194	405	2859	443	1613	1663	1100	557	515	979	931	2372	476	532	621	462	998	1851	2435	436	807	458	614	250	1264	1666	773	792	3607	1076	1852	2743	1055	179	710	1430	644	1881	655	415	637	1073	1344	501	367
398	627	0	512	1311	683	1660	2065	89	99	1794	216	1620	448	1617	704	731	1011	192	473	881	382	372	202	473	2383	1514	683	928	1642	402	188	1256	335	495	473	1267	2806	156	1091	1344	450	1444	1246	654	2280	389	1341	2026	1303	404	123	309	271	607	93	1178	380	276	554	125	480	2368	1283	505	370	1147	702	998	1145	174	480	1113	2104	959	710	2223	374	382	384	408	100	2081	303	763	1260	2310	159	201	1826	232	1456	902	225	408	639	1460	1359	1171	1363	123	156	178	372	335	724	830	1503	980	300	1003	225	506	192	731	177	1414	1448	2483	1183	713	208	230	1126	881	325	1492	479	450	1212	163	495	415	326	793	438	497	670	1217	644	2151	802	952	1502	121	436	2027	572	1265	482	373	472	547	683	180	333	786	1768	1113	1622	1193	450	629	251	807	787	1408	354	790	1064	999	3136	1366	353	1731	2912	952	816	277	248	245	6	1923	359	1095	932	199	1151	2007	471	495	450	2095	190	573	736	775	2721	487	1458	1559	1140	6	1295	766	111	234	93	208	1255	180	1166	763	120	839	2222	1565	639	1499	314	223	482	606	1795	2065	2102	704	240	353	1131	629	1251	450	276	623	1220	3122	1972	173	2023	377	881	182	97	989	381	1199	1142	1183	1131	639	276	182	159	366	1172	2355	203	669	1128	773	789	706	918	1647	257	3121	807	987	1112	1727	315	111	1198	402	2915	409	96	9	165	1226	2194	2892	192	207	218	154	678	1542	1210	1280	587	4023	528	2291	3137	742	448	470	2045	629	1895	654	627	101	767	1375	1048	260
123	746	512	0	955	242	2171	2044	496	487	1738	438	2122	238	1107	1091	655	1020	450	436	614	198	158	452	248	2266	1002	242	1159	1567	378	433	824	216	162	248	783	2503	660	1091	871	646	989	893	1031	1935	124	879	2046	890	711	618	744	256	96	490	1047	862	235	184	462	202	2117	1084	208	146	776	650	927	635	339	202	1494	1969	458	199	1889	682	198	158	330	495	1617	346	290	1007	1830	536	575	1336	337	1015	471	535	330	547	1016	1004	699	928	470	362	530	238	738	278	318	1195	876	810	738	530	209	322	655	451	942	1008	1999	1030	269	467	337	917	614	637	985	353	633	717	348	162	300	253	293	634	190	1181	1149	572	2147	449	521	1160	474	78	1692	165	1071	183	159	39	654	242	528	188	331	1914	652	1673	1046	639	120	429	315	670	903	167	384	1502	946	2697	1813	214	1410	2542	521	1100	265	430	410	518	1653	669	591	425	315	1009	1987	44	162	633	1617	323	708	710	1075	2435	984	964	1119	983	518	895	882	501	336	489	461	858	534	955	290	478	1108	1875	1153	547	1098	633	690	168	517	1789	2044	1967	205	751	159	995	225	897	649	559	278	709	2672	1780	341	1830	745	614	331	488	824	144	967	885	1031	690	553	559	687	536	146	926	2241	536	354	1601	264	957	207	437	2032	430	2649	602	1217	993	1734	235	501	774	378	2651	270	486	518	527	803	1778	2537	542	462	401	658	607	1119	1679	1068	1086	3623	488	1938	2732	309	635	44	1947	225	1384	244	426	412	328	870	923	526
991	962	1311	955	0	712	2835	1428	1241	1228	1116	1111	2867	1193	1073	1997	701	1950	1351	1392	442	954	1092	1357	845	1478	878	712	2112	949	1332	1333	267	1002	857	845	502	1548	1399	2015	447	1055	386	64	1942	983	1014	392	1501	190	1636	1356	1352	1159	892	1235	562	1689	1096	801	1196	853	1189	425	1153	1016	179	739	666	720	1161	853	2409	1180	660	870	934	1604	954	1100	1285	1233	888	1284	686	281	1156	1221	1225	802	1079	329	496	1165	1285	730	345	49	451	276	1202	1169	1200	1188	1311	1065	830	266	1771	1538	347	1435	1153	1149	701	1346	458	321	1334	514	687	1373	1081	386	442	1554	1058	834	1041	575	1187	857	1256	1190	737	1055	842	1867	721	743	1545	1258	453	205	1205	983	737	803	430	1134	1093	974	950	712	1197	1031	637	2860	428	1260	528	1048	869	1077	699	634	695	1089	570	2375	700	1851	2677	980	458	1604	453	2044	1051	1080	1076	1315	727	1183	657	714	1143	532	1382	964	857	1041	957	1150	982	759	2015	1485	1782	1171	380	1834	1315	148	975	1229	1078	1234	1368	149	1203	379	686	1207	2056	923	307	730	230	1548	1533	1120	752	1244	1428	1179	941	1502	1044	544	737	59	1059	1142	710	762	1852	932	1163	975	1272	442	1155	1343	495	1077	330	282	514	349	735	1142	1422	1221	1033	298	1459	1185	648	2429	880	1913	943	596	2948	1072	1896	539	2171	1868	1226	1017	1229	261	1332	1707	904	1230	1312	1209	243	899	1590	1200	1368	1097	1399	730	317	2514	390	1718	2713	1441	988	1828	1094	1044	966	1217	737	1120	714	688	1244	1091	697	563	1129
300	700	683	242	712	0	2328	1867	640	629	1555	540	2303	480	1008	1318	531	1250	669	679	402	302	388	672	242	2058	870	0	1401	1380	620	650	590	348	189	242	584	2261	812	1319	661	659	766	650	1259	1693	319	661	1884	651	943	768	848	469	187	634	858	1057	421	132	598	213	1881	870	443	329	533	539	770	501	511	213	1725	1757	299	214	1646	912	302	392	572	636	1401	581	89	781	1627	655	682	1143	463	786	232	629	572	440	788	761	487	696	606	527	642	478	827	410	270	956	1090	964	519	751	443	495	531	666	731	778	1800	834	30	688	464	706	402	865	905	320	643	535	530	189	543	486	162	649	192	1331	978	469	1974	610	283	917	610	280	1450	111	859	422	389	264	622	0	639	356	103	2152	431	1531	851	650	168	517	151	522	739	389	142	1720	795	2471	2029	331	1169	2301	283	1340	406	519	504	689	1416	728	436	293	488	817	1812	256	189	643	1412	496	677	600	1313	2194	1170	923	890	1179	689	654	815	638	461	633	682	617	646	742	89	613	1349	1632	916	440	858	860	887	407	422	1622	1867	1756	283	913	354	807	62	654	662	634	122	583	2450	1556	513	1605	816	402	503	685	636	372	748	661	834	458	448	634	839	655	341	703	2033	639	175	1805	267	1200	285	238	2264	515	2440	421	1460	1200	1573	368	638	537	620	2412	307	629	687	644	566	1543	2294	649	683	510	811	496	884	1885	851	1215	3387	728	1695	2496	443	645	258	1746	62	1246	45	297	594	452	710	744	606
2057	1883	1660	2171	2835	2328	0	2900	1689	1699	2771	1790	311	2061	3272	1334	2136	2107	1755	1971	2398	2028	2025	1759	2094	3366	3174	2328	1670	2698	1946	1768	2857	1985	2140	2094	2909	4119	1517	2159	2977	1780	3058	2776	1379	3703	2049	2965	2774	2884	1615	1562	1498	1922	2267	1695	2464	1335	1936	2195	1730	2115	3621	2629	2125	2030	2705	2098	2272	2804	1834	2115	1230	3174	2615	2370	3632	1626	2028	2035	1981	1692	3687	1892	2413	2679	3934	1673	1652	3467	1865	3055	2526	1709	1981	2106	3063	2877	2807	2961	1722	1813	1689	1997	1533	2356	2490	2947	2254	1365	2488	1697	2127	1851	2136	1748	3044	3046	4111	2495	2357	1748	1864	2524	2398	1642	3144	2052	1794	2863	1823	2140	2003	1957	2451	1781	2135	996	2399	2091	2926	2372	2573	2990	1718	2096	3452	2219	2610	2111	2026	2132	1885	2328	1692	1992	2429	2182	2744	2429	2495	1787	2289	1817	2462	2205	3064	2010	2411	1004	2249	4682	881	1999	3165	4341	2573	1552	1927	1815	1827	1653	3258	1656	2753	2591	1858	2460	2853	2131	2140	1794	3719	1850	1856	2087	1521	4008	1205	3092	3151	2419	1653	2866	1915	1690	1867	1696	1753	2825	1685	2556	2413	1714	1583	3652	3129	2106	3054	1638	1501	2116	2088	2668	2900	3172	2358	1421	2013	2438	2269	2781	1776	1717	2244	2880	4687	3170	1832	3216	1565	2398	1842	1691	2379	2036	2606	2590	2495	2746	2101	1717	1490	1673	2026	2602	3336	1695	2267	791	2431	1781	2360	2566	1257	1820	4722	2296	1678	2351	2592	1965	1690	2795	1946	4144	2026	1700	1654	1685	2820	3731	4296	1683	1752	1818	1519	2105	3119	782	2644	1124	5479	1989	3728	4624	2366	1791	2130	3051	2269	3555	2293	2177	1759	2391	3032	2369	1739
1994	1438	2065	2044	1428	1867	2900	0	1976	1967	317	1867	3074	2246	2501	2710	1399	3021	2219	2413	1470	1909	2101	2228	1810	494	2305	1867	2992	493	2332	2204	1692	1937	1884	1810	1927	1490	2040	3099	1875	1615	1796	1442	2675	1423	2019	1820	167	1618	2469	2017	1871	2103	2039	1973	1010	2326	2027	1862	1948	1850	1020	1042	2243	2004	1527	1413	1118	2115	2019	1850	3076	464	1991	2081	1349	2439	1909	2117	2300	1965	2032	2239	1902	1177	2279	1908	1874	2134	1919	1726	1763	1839	2300	1510	1743	1412	1858	1699	1947	2008	1887	2198	1818	2276	2104	1217	2912	2095	1373	2281	2244	2019	1399	2205	1880	1721	2422	1038	1860	2241	1921	1181	1470	2390	2484	1718	1615	1989	2049	1884	2281	2171	1985	1627	1857	2229	894	1490	117	2475	1749	1336	1948	2018	1299	1887	1046	2212	2103	2036	1520	1867	1885	1988	1856	3833	1817	485	1020	1615	2028	1838	1951	1375	2123	2084	1756	2935	1103	2474	3168	1919	1221	1888	1749	2872	1947	1839	1853	2065	1009	1728	2040	2035	2017	1051	58	2024	1884	1615	2153	2019	1491	1362	2827	1359	2344	2588	1728	3027	2065	1576	1302	1954	1919	1972	2238	1571	1886	1154	1902	1948	2898	1411	1604	1510	1556	2379	2249	2199	1544	271	0	462	2150	2105	2027	1060	1844	1444	1615	1789	1776	2171	2548	695	2019	698	1759	1470	2018	2150	1231	2090	1171	1262	1038	1739	1506	1789	2044	1908	2023	1219	467	1862	1702	2882	2125	2850	2153	1902	3556	1831	2727	1449	3051	3035	343	1937	1954	1671	2332	1394	1821	1970	2060	1900	1662	1770	1799	1874	2238	1883	2041	1452	1650	2965	1072	2067	2927	2475	1471	2253	2310	1617	2025	314	1844	2510	1837	1618	2068	2319	2125	1124	1805
374	538	89	496	1241	640	1689	1976	0	12	1704	133	1664	476	1602	788	645	1090	264	532	806	339	374	274	415	2294	1490	640	1018	1552	455	255	1199	296	451	415	1224	2725	172	1170	1298	362	1392	1177	739	2205	371	1291	1938	1242	493	127	266	283	587	6	1091	449	263	508	45	430	2284	1199	525	349	1081	615	910	1118	161	430	1194	2016	926	694	2147	463	339	389	452	10	2028	351	724	1180	2262	76	124	1784	177	1400	850	138	452	555	1405	1289	1125	1306	39	137	92	398	279	732	812	1426	1048	324	926	309	526	178	645	248	1366	1392	2437	1096	670	283	176	1043	806	414	1481	407	361	1174	166	451	455	351	763	350	449	692	1128	559	2062	831	900	1429	35	417	1951	530	1181	498	376	456	457	640	94	308	743	1857	1065	1535	1106	361	607	168	773	702	1375	354	736	1136	910	3075	1436	310	1654	2838	900	905	238	165	166	90	1841	280	1064	904	184	1064	1918	452	451	361	2047	177	484	648	864	2639	543	1456	1501	1203	90	1233	678	22	179	7	282	1192	95	1083	724	34	928	2147	1503	555	1435	403	304	496	523	1706	1976	2014	697	273	338	1044	583	1182	363	189	568	1196	3063	1885	160	1936	312	806	169	177	905	380	1117	1063	1096	1077	555	189	198	76	350	1092	2266	117	606	1190	760	876	699	878	1727	174	3068	729	1077	1180	1638	276	22	1140	455	2831	349	11	85	79	1167	2130	2816	107	281	144	170	592	1482	1273	1197	590	3954	590	2217	3069	754	360	452	1956	583	1871	608	554	129	778	1343	961	171
365	529	99	487	1228	629	1699	1967	12	0	1695	120	1676	472	1593	800	634	1095	268	533	794	328	368	279	403	2284	1480	629	1027	1542	456	259	1187	286	440	403	1213	2713	183	1176	1286	354	1379	1164	751	2192	363	1280	1930	1230	503	138	270	279	578	6	1079	461	256	497	32	418	2272	1187	521	340	1069	604	899	1108	155	418	1207	2005	916	685	2134	472	328	384	452	8	2016	351	713	1167	2251	73	122	1772	166	1388	838	130	452	543	1393	1276	1113	1294	26	130	87	395	281	726	803	1413	1051	335	913	316	522	171	634	253	1355	1379	2425	1085	658	288	165	1031	794	423	1473	394	353	1163	162	440	453	348	753	342	438	703	1118	547	2054	827	888	1417	23	409	1938	519	1169	494	369	447	448	629	88	299	731	1866	1054	1527	1095	353	598	155	762	690	1364	347	724	1149	900	3062	1448	299	1642	2826	888	915	228	153	153	101	1829	276	1054	894	177	1053	1909	444	440	353	2035	170	476	637	874	2627	556	1448	1489	1205	101	1220	670	19	168	5	287	1179	89	1071	713	21	939	2135	1490	543	1422	412	316	491	511	1697	1967	2003	689	285	330	1032	571	1169	355	181	556	1186	3051	1874	153	1925	311	794	162	185	893	373	1105	1051	1085	1065	543	181	210	73	341	1080	2255	111	594	1202	751	884	691	867	1739	161	3056	716	1087	1183	1630	265	19	1128	456	2820	337	3	96	75	1155	2117	2804	103	286	131	182	580	1469	1286	1185	599	3941	592	2205	3056	748	351	443	1946	571	1861	596	541	129	772	1333	949	162
1695	1171	1794	1738	1116	1555	2771	317	1704	1695	0	1589	2919	1947	2190	2460	1103	2728	1938	2119	1155	1612	1803	1947	1509	614	1994	1555	2722	176	2039	1923	1378	1642	1581	1509	1612	1435	1783	2805	1564	1350	1489	1128	2421	1243	1720	1509	391	1306	2198	1757	1625	1811	1729	1701	696	2079	1735	1555	1673	1548	931	724	1940	1706	1210	1121	820	1797	1734	1548	2839	407	1674	1768	1165	2167	1612	1819	2005	1693	1770	1949	1588	860	2026	1640	1610	1844	1633	1421	1446	1570	2005	1214	1438	1103	1542	1389	1673	1725	1618	1902	1572	1965	1788	918	2611	1853	1056	2004	1941	1733	1103	1925	1571	1416	2178	722	1547	1961	1636	864	1155	2117	2169	1422	1347	1673	1764	1581	1985	1877	1670	1361	1553	2024	593	1196	432	2164	1432	1037	1675	1717	1078	1579	728	1910	1805	1733	1247	1555	1616	1692	1541	3558	1499	374	705	1349	1717	1558	1635	1073	1811	1787	1441	2713	808	2320	2961	1623	951	1781	1432	2608	1657	1560	1572	1795	785	1471	1723	1717	1730	737	267	1720	1581	1347	1886	1733	1224	1073	2565	1309	2108	2272	1429	2722	1795	1264	1045	1683	1633	1700	1958	1257	1618	836	1588	1675	2632	1221	1308	1214	1256	2106	1988	1896	1248	174	317	405	1838	1856	1730	747	1534	1129	1350	1522	1468	1854	2381	513	1735	538	1512	1155	1733	1875	919	1791	853	944	722	1422	1210	1522	1790	1640	1725	901	584	1594	1393	2677	1810	2571	1840	1584	3334	1552	2538	1139	2782	2732	218	1643	1683	1355	2039	1399	1525	1698	1789	1632	1347	1540	1703	1607	1957	1602	1784	1158	1352	2763	754	1858	2872	2180	1288	2132	1999	1350	1721	281	1534	2211	1526	1314	1789	2007	1812	815	1534
314	436	216	438	1111	540	1790	1867	133	120	1589	0	1780	484	1528	920	515	1173	352	585	674	252	353	362	303	2172	1405	540	1136	1433	504	339	1079	222	356	303	1119	2592	290	1253	1187	273	1275	1047	870	2072	320	1178	1835	1119	612	245	311	289	520	127	962	581	237	408	91	327	2152	1067	520	295	954	487	785	1033	169	327	1327	1891	835	627	2014	580	252	371	488	123	1910	399	628	1047	2149	116	142	1677	102	1280	737	97	488	423	1286	1159	1017	1186	94	150	101	410	300	701	741	1293	1108	435	793	415	521	177	515	339	1255	1272	2325	966	568	375	103	910	674	529	1413	278	267	1075	194	356	482	366	677	259	348	794	1006	427	1956	828	785	1298	97	360	1818	434	1049	489	355	400	348	540	98	254	640	1969	955	1436	977	269	536	34	682	571	1280	331	622	1269	788	2950	1567	228	1521	2706	785	1028	174	32	37	219	1708	241	973	819	179	935	1808	393	356	267	1934	176	384	523	989	2506	671	1401	1381	1254	219	1108	581	118	104	126	372	1067	105	950	628	99	1050	2015	1378	423	1308	519	436	483	390	1598	1867	1889	643	393	295	915	480	1052	274	127	454	1113	2940	1756	169	1807	309	674	172	287	773	353	984	930	966	961	423	127	313	116	303	959	2144	100	485	1318	696	983	645	778	1860	41	2950	595	1195	1239	1532	202	118	1020	504	2699	236	122	214	105	1046	2003	2684	109	371	36	289	461	1358	1402	1064	674	3823	647	2085	2939	726	266	393	1836	480	1784	503	423	202	749	1250	832	95
2016	1943	1620	2122	2867	2303	311	3074	1664	1676	2919	1780	0	1982	3201	1174	2182	1919	1684	1867	2424	2000	1968	1685	2079	3525	3120	2303	1467	2831	1854	1699	2859	1954	2114	2079	2887	4222	1493	1962	2962	1816	3055	2805	1226	3774	2004	2956	2958	2896	1501	1538	1514	1867	2218	1671	2546	1261	1892	2172	1708	2095	3733	2704	2047	1988	2724	2144	2350	2757	1794	2095	992	3315	2577	2317	3707	1517	2000	1975	1894	1670	3690	1815	2384	2737	3927	1663	1650	3446	1842	3060	2515	1709	1894	2136	3066	2912	2789	2966	1701	1777	1682	1926	1556	2277	2435	3004	2087	1344	2526	1616	2048	1811	2182	1679	3031	3051	4102	2573	2333	1673	1840	2584	2424	1542	3068	2054	1830	2832	1779	2114	1919	1890	2411	1815	2113	1000	2500	2126	3110	2267	2564	3035	1697	2051	3520	2191	2684	2038	1969	2084	1929	2303	1685	1953	2406	1904	2730	2594	2576	1823	2242	1810	2427	2250	3025	1956	2400	789	2331	4717	604	1971	3227	4415	2564	1364	1896	1807	1817	1614	3347	1684	2712	2547	1818	2538	3024	2085	2114	1830	3712	1810	1909	2142	1340	4116	1138	3003	3160	2245	1614	2881	1996	1670	1844	1672	1678	2841	1678	2619	2384	1694	1392	3721	3150	2136	3078	1540	1434	2044	2114	2831	3074	3313	2296	1391	1968	2515	2247	2810	1813	1727	2232	2829	4714	3287	1793	3334	1598	2424	1802	1634	2437	1981	2665	2640	2573	2741	2133	1727	1467	1663	1981	2656	3496	1692	2264	591	2373	1604	2297	2538	952	1814	4730	2328	1465	2172	2754	1935	1670	2799	1854	4267	2012	1676	1615	1675	2826	3766	4377	1679	1678	1803	1494	2144	3134	554	2715	1153	5550	1875	3795	4681	2283	1826	2084	3201	2247	3500	2272	2188	1714	2307	2992	2441	1743
252	881	448	238	1193	480	2061	2246	476	472	1947	484	1982	0	1219	892	847	789	305	198	845	338	148	302	437	2489	1146	480	925	1778	149	294	1051	318	373	437	984	2741	603	863	1080	745	1205	1131	832	2172	227	1094	2238	1121	511	571	742	196	307	472	1264	726	250	412	461	400	2355	1313	65	243	1013	835	1128	799	323	400	1285	2194	653	371	2126	485	338	130	100	480	1822	168	518	1242	2023	541	589	1523	387	1237	705	570	100	736	1237	1242	911	1153	468	347	545	77	753	295	477	1434	666	738	972	366	66	311	847	314	1150	1231	2187	1251	505	312	386	1145	845	448	1087	528	735	908	310	373	70	124	498	731	398	1096	1354	757	2346	355	753	1398	471	232	1930	400	1299	64	146	226	787	480	544	266	562	1677	871	1854	1266	740	332	492	529	873	1076	167	622	1315	1143	2911	1626	333	1649	2775	753	874	328	492	472	455	1891	723	772	608	307	1227	2189	237	373	735	1812	311	835	890	853	2673	855	1032	1341	793	455	1128	1026	491	386	472	307	1093	549	1184	518	474	880	2112	1382	736	1330	448	559	76	703	1986	2246	2192	328	674	223	1212	462	1135	747	610	509	862	2881	2012	324	2062	778	845	318	383	1043	157	1199	1119	1251	917	741	610	629	541	224	1159	2463	561	585	1435	410	720	328	652	1818	497	2846	823	983	791	1928	324	491	1004	149	2889	427	470	457	537	1033	2003	2771	561	308	450	602	795	1346	1507	1299	1031	3847	250	2173	2956	306	736	236	2165	462	1522	482	636	352	330	1040	1136	578
1227	1685	1617	1107	1073	1008	3272	2501	1602	1593	2190	1528	3201	1219	0	2083	1463	1625	1520	1349	1203	1276	1247	1518	1247	2506	195	1008	1989	2022	1350	1506	814	1311	1175	1247	587	2255	1767	1653	626	1665	714	1065	2023	1664	1231	681	2574	883	1714	1725	1840	1350	1014	1596	1582	1943	1342	1131	1566	1210	2074	1483	1153	1253	1002	1485	1603	510	1446	1210	2442	2220	712	908	1663	1693	1276	1237	1309	1601	945	1386	918	1339	1016	1636	1670	589	1435	788	904	1623	1309	1405	772	1089	679	803	1575	1469	1627	1277	1826	925	789	1296	1391	1917	1229	1585	1152	1429	1463	1525	624	791	1135	1538	985	1529	1436	1386	1203	1662	139	1328	1649	552	1453	1175	1283	1315	854	1656	1189	2287	1740	1433	2619	971	883	1183	1579	1184	1518	1100	1484	1164	1246	1146	1618	1008	1624	1293	925	2491	739	2308	1555	1657	995	1511	857	1423	379	1263	993	2513	1637	1977	2819	1301	1377	2088	883	1998	1366	1512	1495	1624	1673	1734	584	715	1422	1543	2456	1149	1175	1649	858	1430	1671	1539	1993	2245	2071	273	819	1347	1624	925	1777	1606	1433	1595	1524	934	1631	1399	918	1582	1990	1612	944	1405	969	1664	1773	1158	1399	2315	2501	2219	913	1857	1266	1546	1070	1063	1669	1635	1123	427	1909	1951	1448	1986	1821	1203	1438	1580	1420	1237	1365	1283	1538	802	1413	1635	1794	1636	1253	1320	2491	1629	1142	2648	843	1776	912	794	2946	1510	1796	1291	2034	1416	2292	1331	1606	846	1350	2490	1307	1592	1624	1626	849	1290	2129	1637	1525	1494	1765	1449	890	2717	1449	2192	2979	1356	1637	2133	921	1652	1150	2277	1070	335	1052	1270	1516	897	382	1526	1605
1018	1292	704	1091	1997	1318	1334	2710	788	800	2460	920	1174	892	2083	0	1433	781	650	734	1579	1043	933	646	1152	3062	2030	1318	397	2318	746	668	1908	995	1146	1152	1871	3509	678	840	1962	1115	2079	1933	60	2976	998	1970	2650	1966	382	709	839	848	1180	793	1876	384	904	1204	829	1146	3072	1987	955	991	1827	1402	1691	1691	837	1146	411	2792	1541	1260	2921	409	1043	933	793	798	2707	746	1380	1964	2914	837	859	2415	925	2103	1550	906	793	1343	2105	2047	1790	2014	825	831	860	858	891	1169	1370	2202	920	617	1703	566	955	848	1433	653	2032	2096	3080	1884	1347	630	922	1830	1579	454	1945	1177	1120	1799	810	1146	822	838	1380	1105	1158	660	1902	1347	2786	1119	1601	2194	823	1038	2724	1211	1969	955	933	1059	1226	1318	863	970	1416	1193	1742	2243	1893	1117	1206	955	1405	1490	1968	930	1446	429	1688	3787	737	1017	2429	3601	1601	251	947	952	949	701	2627	989	1663	1499	854	1851	2653	1065	1146	1120	2702	847	1240	1431	206	3425	398	1862	2207	1085	701	1965	1415	806	926	794	635	1926	859	1870	1380	822	287	2917	2231	1343	2170	457	484	966	1310	2439	2710	2790	1220	605	964	1831	1276	1938	1114	951	1290	1753	3763	2672	835	2723	951	1579	842	655	1693	948	1903	1845	1884	1776	1343	951	669	837	977	1876	3033	883	1348	586	1302	450	1220	1528	950	961	3736	1510	434	1017	2367	980	806	1854	746	3620	1095	797	705	847	1883	2861	3586	868	635	922	677	1380	2202	643	1985	752	4701	728	2985	3811	1167	1117	1064	2722	1276	2400	1301	1326	755	1189	1933	1747	945
595	263	731	655	701	531	2136	1399	645	634	1103	515	2182	847	1463	1433	0	1624	848	1015	289	510	701	857	413	1668	1294	531	1644	938	935	832	779	539	493	413	920	2093	770	1702	947	366	983	645	1385	1600	619	915	1393	781	1123	732	678	708	669	640	447	1077	632	482	606	455	1641	556	846	604	594	37	283	961	640	455	1837	1381	771	737	1535	1091	510	718	901	635	1578	846	599	559	1839	598	584	1422	539	960	558	530	901	111	972	742	811	871	608	634	575	799	630	913	800	823	1513	887	354	921	847	636	0	837	1001	952	2018	451	537	872	541	410	289	1039	1383	319	353	920	671	493	882	774	685	368	465	1184	510	93	1498	1101	582	854	611	621	1344	512	538	815	703	643	252	531	572	589	569	2467	744	1018	461	359	664	481	661	68	1126	685	479	1761	296	2545	2048	520	1048	2240	582	1542	555	483	490	734	1206	502	882	790	633	419	1342	630	493	353	1631	637	280	76	1503	2002	1146	1427	1046	1633	734	754	316	626	538	639	868	715	576	448	599	612	1563	1544	1003	111	927	1030	948	802	145	1139	1399	1379	797	865	627	399	487	651	369	492	415	1040	2552	1240	641	1291	584	289	638	799	265	690	490	457	451	707	106	492	787	598	624	475	1640	554	356	1784	796	1478	799	678	2365	475	2597	183	1704	1637	1081	540	626	720	935	2189	422	636	729	587	738	1595	2208	568	867	519	770	55	1001	1870	558	1028	3371	1077	1618	2499	946	357	631	1335	487	1638	489	237	704	960	1106	316	491
1038	1608	1011	1020	1950	1250	2107	3021	1090	1095	2728	1173	1919	789	1625	781	1624	0	827	609	1633	1116	927	816	1223	3279	1642	1250	459	2562	689	837	1768	1085	1162	1223	1638	3494	1106	80	1741	1443	1881	1891	746	2909	1012	1771	3002	1848	665	1105	1298	918	1063	1090	2052	973	994	1200	1105	1189	3131	2102	811	1024	1771	1608	1908	1395	1009	1189	962	2983	1329	1080	2871	682	1116	912	723	1100	2440	783	1264	2027	2592	1166	1211	2098	1106	1930	1454	1225	723	1514	1925	1998	1595	1858	1108	1023	1182	827	1336	894	1139	2203	234	1155	1758	787	810	1007	1624	842	1805	1925	2735	2040	1271	807	1104	1935	1633	713	1487	1306	1439	1546	981	1162	744	850	1215	1430	1188	1372	2135	1532	3116	725	1497	2154	1108	1022	2678	1185	2088	837	925	1014	1518	1250	1183	1035	1314	918	1574	2607	2055	1441	1085	1196	1252	1657	1650	941	1391	1131	1920	3534	1384	1104	2409	3484	1497	556	1073	1195	1179	1013	2666	1369	1405	1274	1008	2016	2963	1026	1162	1439	2398	1007	1556	1659	586	3435	1072	1361	2027	342	1013	1864	1754	1112	1106	1091	808	1833	1185	1974	1264	1110	527	2849	2094	1514	2054	725	917	851	1479	2756	3021	2982	1011	1104	999	2000	1244	1895	1444	1275	1297	1426	3484	2800	1009	2850	1384	1633	1008	914	1833	940	1987	1905	2040	1637	1518	1275	1118	1166	1004	1946	3252	1206	1373	1330	1080	332	1009	1366	1381	1202	3404	1612	477	262	2694	1084	1112	1731	689	3658	1203	1092	1018	1170	1759	2684	3492	1198	809	1150	1105	1570	2050	1366	2087	1406	4509	547	2905	3626	870	1438	1025	2953	1244	1960	1261	1424	974	879	1614	1923	1251
368	788	192	450	1351	669	1755	2219	264	268	1938	352	1684	305	1520	650	848	827	0	284	945	397	291	10	509	2515	1436	669	797	1780	220	18	1258	350	497	509	1233	2878	327	907	1320	618	1433	1287	592	2333	349	1325	2188	1316	286	307	500	199	544	264	1294	423	255	555	278	498	2458	1381	370	340	1178	824	1127	1077	208	498	1059	2230	908	636	2280	254	397	295	238	273	2065	138	735	1340	2281	340	387	1786	309	1455	900	398	238	745	1457	1401	1147	1365	281	213	356	242	527	600	753	1566	788	443	1072	83	371	214	848	15	1391	1447	2450	1293	698	23	306	1217	945	203	1389	553	615	1167	178	497	254	206	743	605	509	792	1351	756	2309	642	951	1551	281	391	2083	561	1364	356	292	416	700	669	357	320	768	1620	1096	1788	1305	616	570	380	765	895	1350	284	796	1053	1133	3140	1363	372	1791	2955	951	704	308	379	366	196	2004	544	1039	872	219	1264	2161	420	497	615	2067	214	735	867	670	2800	551	1338	1559	947	196	1315	931	286	310	264	19	1276	358	1258	735	283	721	2274	1581	745	1520	196	254	361	710	1950	2219	2228	612	379	314	1245	626	1292	619	448	642	1147	3118	2080	207	2131	569	945	211	98	1091	306	1285	1218	1293	1127	747	448	349	340	327	1253	2487	379	703	1152	690	632	612	886	1599	387	3100	889	857	920	1885	338	286	1204	220	3003	460	265	201	343	1233	2211	2941	371	19	336	325	793	1552	1228	1374	738	4052	336	2340	3161	611	613	419	2180	626	1815	651	697	150	636	1316	1163	425
432	1013	473	436	1392	679	1971	2413	532	533	2119	585	1867	198	1349	734	1015	609	284	0	1038	507	320	275	616	2672	1297	679	729	1953	82	285	1247	476	562	616	1169	2940	611	686	1267	858	1395	1329	674	2370	406	1283	2396	1318	367	591	782	311	504	530	1444	644	386	606	534	585	2551	1502	245	416	1212	999	1299	967	416	585	1111	2378	838	558	2325	349	507	307	115	540	2005	186	715	1436	2198	607	655	1696	507	1430	903	654	115	904	1429	1441	1101	1347	539	434	618	219	806	436	654	1632	522	718	1165	298	245	410	1015	298	1336	1424	2359	1434	704	274	504	1335	1038	329	1212	697	852	1089	391	562	139	241	690	844	586	1046	1525	923	2509	401	951	1596	540	422	2129	596	1488	259	319	422	920	679	618	426	760	1481	1064	2005	1448	854	528	604	722	1048	1244	333	821	1163	1311	3097	1471	495	1847	2972	951	687	466	603	585	478	2088	807	949	790	410	1409	2355	432	562	852	1989	411	963	1051	670	2872	774	1137	1533	672	478	1326	1159	552	506	530	272	1291	621	1374	715	542	690	2310	1578	904	1527	333	499	273	870	2149	2413	2376	504	655	390	1393	660	1333	860	701	703	1024	3064	2203	416	2253	844	1038	414	382	1227	334	1391	1313	1434	1112	909	701	632	607	396	1353	2645	639	778	1301	587	522	504	845	1638	609	3021	1008	786	653	2088	476	552	1200	82	3087	593	530	482	607	1230	2196	2969	634	273	558	609	961	1541	1368	1489	1011	4040	62	2372	3149	432	851	431	2344	660	1665	680	818	403	454	1208	1315	673
609	550	881	614	442	402	2398	1470	806	794	1155	674	2424	845	1203	1579	289	1633	945	1038	0	551	719	952	437	1656	1025	402	1731	980	967	927	490	596	476	437	640	1933	960	1705	660	618	694	380	1525	1399	635	627	1495	495	1231	917	910	765	585	800	460	1255	695	433	762	458	1518	471	822	630	310	322	410	718	743	458	1990	1357	549	613	1342	1199	551	731	924	797	1297	900	432	399	1555	781	783	1133	654	674	317	724	924	292	684	488	534	583	767	748	760	821	869	812	635	623	1486	1096	128	1027	823	734	289	937	712	665	1734	433	392	968	656	305	0	1148	1135	402	603	652	772	476	898	811	516	617	453	1425	593	308	1579	1013	324	623	770	615	1146	448	458	796	721	619	520	402	756	634	387	2519	468	1161	450	610	569	640	483	232	851	710	286	1943	442	2292	2242	574	850	2032	324	1649	637	642	640	885	1060	743	638	583	728	418	1415	607	476	603	1346	734	559	360	1615	1854	1343	1199	762	1581	885	471	600	793	652	799	963	431	762	342	432	772	1664	1341	730	292	656	1140	1104	782	311	1231	1470	1355	684	1062	657	410	393	385	622	700	336	792	2292	1166	745	1216	833	0	739	923	244	705	354	276	433	423	297	700	982	781	649	314	1632	744	260	1990	655	1544	686	454	2527	635	2325	106	1791	1599	1187	607	793	431	967	2060	485	795	881	769	449	1341	2010	759	963	663	960	302	722	2075	454	1278	3150	1094	1411	2268	846	607	609	1343	393	1357	379	253	823	853	834	357	687
91	558	382	198	954	302	2028	1909	339	328	1612	252	2000	338	1276	1043	510	1116	397	507	551	0	191	403	114	2165	1155	302	1180	1445	430	379	877	48	113	114	886	2482	511	1193	963	449	1062	889	987	1935	112	959	1900	928	683	466	564	214	270	332	937	759	143	172	297	102	2069	1003	345	94	783	497	792	783	213	102	1455	1872	588	376	1882	651	0	208	393	335	1699	351	385	949	1928	361	394	1446	162	1076	521	347	393	399	1080	1004	789	984	306	226	351	289	551	475	489	1169	1004	663	679	480	346	198	510	391	1032	1069	2102	928	332	419	163	836	551	600	1161	191	436	835	236	113	372	268	427	436	116	1031	1019	419	2008	632	571	1153	310	131	1685	191	987	313	193	166	465	302	348	84	405	1978	731	1516	942	442	285	237	434	540	1036	175	410	1432	806	2759	1739	29	1393	2558	571	1098	104	238	220	388	1612	474	726	569	192	902	1852	156	113	436	1713	199	517	552	1066	2405	869	1151	1179	1130	388	924	699	338	160	331	414	884	355	876	385	313	1113	1876	1192	399	1129	594	592	301	365	1648	1909	1870	399	610	117	886	247	894	452	366	247	862	2743	1704	215	1755	553	551	206	394	721	180	898	827	928	750	403	366	537	361	113	863	2138	353	306	1508	446	996	401	539	1994	237	2739	506	1240	1130	1589	66	338	820	430	2612	88	327	386	351	848	1822	2544	361	415	218	509	457	1166	1589	992	921	3659	568	1942	2770	504	437	156	1837	247	1535	272	313	297	525	1005	807	334
111	735	372	158	1092	388	2025	2101	374	368	1803	353	1968	148	1247	933	701	927	291	320	719	191	0	293	296	2352	1152	388	1020	1635	247	274	977	170	243	296	942	2635	526	1003	1030	604	1146	1029	874	2075	85	1037	2091	1040	555	487	637	102	253	369	1124	707	117	293	349	264	2236	1182	168	97	915	688	984	788	212	264	1338	2057	617	348	2027	525	191	18	205	376	1775	192	446	1119	1989	429	474	1495	252	1170	620	446	205	590	1172	1142	857	1082	357	237	428	101	640	358	467	1323	813	672	847	371	169	196	701	293	1101	1163	2158	1114	417	308	251	1014	719	479	1121	382	594	875	211	243	182	98	452	590	266	1041	1210	610	2200	474	671	1296	361	109	1830	289	1167	136	2	126	641	388	427	118	483	1799	808	1706	1128	598	278	357	474	730	1060	22	524	1343	998	2854	1654	185	1543	2688	671	952	186	357	336	378	1775	595	748	581	191	1089	2043	132	243	594	1776	197	690	743	925	2563	830	1086	1275	941	378	1042	879	385	251	369	302	1004	433	1054	446	364	963	2016	1304	590	1246	475	534	129	557	1840	2101	2056	333	611	75	1073	355	1033	607	481	389	860	2830	1883	214	1933	658	719	205	335	906	15	1072	995	1114	844	595	481	553	429	77	1034	2325	441	461	1443	406	826	335	595	1877	360	2808	687	1080	939	1781	177	385	925	247	2775	280	366	379	423	954	1931	2680	443	303	317	524	648	1272	1520	1169	957	3775	380	2080	2884	380	594	130	2025	355	1533	379	497	270	404	1026	996	448
372	798	202	452	1357	672	1759	2228	274	279	1947	362	1685	302	1518	646	857	816	10	275	952	403	293	0	516	2524	1435	672	789	1789	212	25	1262	356	501	516	1235	2885	336	897	1323	628	1436	1292	588	2339	352	1328	2198	1320	279	317	510	202	546	274	1303	425	260	559	288	504	2466	1389	366	344	1183	833	1136	1077	217	504	1055	2239	910	636	2286	247	403	296	231	284	2067	134	737	1347	2283	351	397	1788	318	1458	904	408	231	753	1460	1406	1149	1368	291	222	366	240	537	597	753	1572	777	450	1079	79	368	222	857	25	1393	1451	2451	1301	702	16	315	1225	952	197	1387	561	625	1168	186	501	248	205	745	615	515	797	1361	764	2319	636	955	1556	292	393	2089	565	1372	353	293	418	710	672	367	325	771	1611	1099	1798	1313	626	571	390	767	903	1350	286	800	1050	1142	3143	1361	379	1797	2960	955	697	316	388	375	206	2011	554	1039	873	227	1272	2170	422	501	625	2069	222	745	876	663	2806	554	1334	1562	937	206	1320	942	296	318	274	11	1281	369	1265	737	293	714	2279	1585	753	1525	190	257	359	718	1960	2228	2237	611	386	318	1253	630	1297	629	459	647	1146	3121	2088	216	2139	579	952	219	107	1099	307	1292	1225	1301	1130	755	459	358	351	331	1260	2496	390	709	1151	689	623	611	888	1594	396	3101	896	849	910	1894	344	296	1208	212	3010	467	275	211	353	1237	2215	2947	382	11	345	334	801	1556	1227	1382	745	4056	327	2346	3166	608	624	421	2189	630	1814	655	704	160	633	1316	1171	435
185	504	473	248	845	242	2094	1810	415	403	1509	303	2079	437	1247	1152	413	1223	509	616	437	114	296	516	0	2055	1112	242	1294	1341	541	491	784	159	90	0	815	2368	586	1299	884	429	976	781	1096	1824	211	876	1806	830	796	541	606	329	286	409	828	854	257	116	371	47	1955	889	433	200	677	405	691	742	315	47	1563	1762	541	380	1771	763	114	311	501	409	1612	465	331	835	1848	420	443	1373	241	984	435	388	501	302	989	895	713	891	378	324	404	397	585	520	479	1056	1102	736	565	592	434	303	413	503	952	976	2023	818	268	532	243	722	437	712	1139	106	414	774	341	90	478	380	392	418	65	1097	917	326	1911	697	484	1042	382	208	1573	149	874	402	298	231	416	242	401	198	338	2091	652	1429	832	421	291	277	390	436	980	282	320	1533	708	2663	1838	137	1281	2449	484	1212	205	279	266	478	1497	487	678	532	297	792	1753	218	90	414	1632	304	470	463	1179	2291	957	1145	1086	1220	478	823	637	409	239	408	527	782	408	762	331	385	1227	1765	1092	302	1027	705	691	389	271	1551	1810	1760	422	688	226	777	180	786	432	392	152	824	2649	1591	317	1641	574	437	309	498	610	283	784	712	818	661	308	392	611	420	219	749	2029	400	197	1601	449	1110	424	477	2102	275	2652	393	1354	1225	1495	171	409	725	541	2497	67	404	475	408	753	1722	2434	411	527	277	585	362	1069	1683	878	976	3555	676	1833	2667	553	416	219	1729	180	1488	202	201	399	570	951	700	364
2241	1770	2383	2266	1478	2058	3366	494	2294	2284	614	2172	3525	2489	2506	3062	1668	3279	2515	2672	1656	2165	2352	2524	2055	0	2315	2058	3308	744	2595	2499	1743	2200	2117	2055	1974	1048	2384	3353	1901	1948	1793	1513	3021	1134	2266	1846	654	1658	2784	2355	2232	2372	2242	2290	1227	2684	2296	2082	2260	2089	648	1187	2474	2255	1620	1691	1388	2199	2308	2089	3447	301	2116	2262	1073	2753	2165	2366	2557	2283	1869	2511	2073	1290	2084	2233	2206	2049	2206	1719	1906	2163	2557	1774	1735	1448	1930	1719	2261	2301	2211	2452	2179	2464	2259	1223	3142	2460	1539	2586	2475	2304	1668	2503	1887	1716	2203	1238	2044	2539	2209	1351	1656	2702	2516	1978	1943	2052	2338	2117	2534	2433	2147	1957	2091	2638	1166	1760	526	2665	1880	1328	2263	2256	1094	2102	1198	2446	2353	2267	1839	2058	2208	2248	2023	4135	1903	937	1223	1946	2226	2140	2110	1626	2144	2338	1928	3326	1384	2107	3576	2179	1135	1482	1880	3199	2222	2142	2152	2385	851	2073	2133	2166	2301	1263	528	2255	2117	1943	1999	2305	1822	1649	3158	919	2718	2642	1691	3238	2385	1620	1651	2273	2206	2289	2535	1627	2211	1315	2073	2263	3222	1142	1564	1774	1537	2692	2585	2431	1809	697	494	303	2334	2461	2281	1279	2049	1512	1948	2116	1989	2240	2196	555	2308	521	2119	1656	2306	2459	1446	2339	1311	1402	1238	1823	1771	2116	2393	2233	2275	1358	29	2187	1912	3292	2293	3146	2337	2036	3947	2134	2403	1666	3368	3256	774	2204	2273	1739	2595	915	2081	2286	2379	2224	1722	1546	1384	2200	2535	2182	2384	1723	1617	3377	1207	2472	2465	2732	1184	1852	2496	1946	2256	340	2049	2449	2036	1854	2369	2501	2154	1358	2126
1117	1526	1514	1002	878	870	3174	2305	1490	1480	1994	1405	3120	1146	195	2030	1294	1642	1436	1297	1025	1155	1152	1435	1112	2315	0	870	1974	1827	1286	1421	620	1194	1048	1112	397	2101	1659	1679	430	1520	521	870	1970	1503	1124	485	2379	687	1653	1615	1715	1254	907	1484	1391	1858	1237	999	1451	1080	1896	1289	1081	1144	810	1319	1419	371	1340	1080	2405	2027	571	804	1497	1629	1155	1144	1241	1487	834	1308	780	1144	952	1517	1547	474	1317	595	739	1497	1241	1244	579	893	494	607	1459	1361	1505	1196	1697	861	685	1102	1413	1810	1043	1507	1080	1322	1294	1440	429	598	1093	1347	845	1448	1318	1195	1025	1594	222	1185	1503	373	1350	1048	1213	1230	728	1511	1059	2181	1550	1271	2423	947	711	989	1464	1077	1344	970	1290	1086	1151	1041	1464	870	1502	1183	779	2533	557	2116	1363	1511	885	1384	723	1250	185	1165	836	2458	1454	1906	2767	1182	1189	1962	711	1967	1251	1386	1370	1520	1486	1598	434	586	1316	1353	2260	1042	1048	1503	768	1324	1515	1369	1958	2083	1983	376	633	1392	1520	730	1610	1491	1315	1482	1442	739	1509	1207	780	1467	1963	1449	757	1244	777	1594	1686	1078	1240	2120	2305	2026	824	1753	1160	1357	932	868	1523	1504	978	293	1848	1759	1342	1795	1687	1025	1332	1487	1235	1140	1172	1092	1347	615	1251	1504	1686	1517	1147	1127	2299	1505	989	2581	746	1758	823	642	2922	1383	1762	1118	2022	1455	2098	1214	1491	653	1286	2328	1176	1479	1520	1506	655	1152	1996	1514	1443	1372	1657	1284	701	2653	1255	2077	2899	1312	1480	2035	864	1506	1043	2082	932	381	912	1114	1414	843	192	1340	1476
300	700	683	242	712	0	2328	1867	640	629	1555	540	2303	480	1008	1318	531	1250	669	679	402	302	388	672	242	2058	870	0	1401	1380	620	650	590	348	189	242	584	2261	812	1319	661	659	766	650	1259	1693	319	661	1884	651	943	768	848	469	187	634	858	1057	421	132	598	213	1881	870	443	329	533	539	770	501	511	213	1725	1757	299	214	1646	912	302	392	572	636	1401	581	89	781	1627	655	682	1143	463	786	232	629	572	440	788	761	487	696	606	527	642	478	827	410	270	956	1090	964	519	751	443	495	531	666	731	778	1800	834	30	688	464	706	402	865	905	320	643	535	530	189	543	486	162	649	192	1331	978	469	1974	610	283	917	610	280	1450	111	859	422	389	264	622	0	639	356	103	2152	431	1531	851	650	168	517	151	522	739	389	142	1720	795	2471	2029	331	1169	2301	283	1340	406	519	504	689	1416	728	436	293	488	817	1812	256	189	643	1412	496	677	600	1313	2194	1170	923	890	1179	689	654	815	638	461	633	682	617	646	742	89	613	1349	1632	916	440	858	860	887	407	422	1622	1867	1756	283	913	354	807	62	654	662	634	122	583	2450	1556	513	1605	816	402	503	685	636	372	748	661	834	458	448	634	839	655	341	703	2033	639	175	1805	267	1200	285	238	2264	515	2440	421	1460	1200	1573	368	638	537	620	2412	307	629	687	644	566	1543	2294	649	683	510	811	496	884	1885	851	1215	3387	728	1695	2496	443	645	258	1746	62	1246	45	297	594	452	710	744	606
