NAME : VRPTW_INSTANCE_178.txt
COMMENT : Bangkok Supermarket
TYPE : VRPTW
DIMENSION : 272
DAYS : Tuesday
EDGE_WEIGHT_TYPE : EXPLICIT
VEHICLES : 37
EDGE_WEIGHT_FORMAT : FULL_MATRIX
CAPACITY : 1000
EDGE_WEIGHT_SECTION
0	1974	1005	1612	1395	1727	288	1321	941	2392	1960	893	580	388	993	172	991	1923	207	368	2980	217	492	2080	150	330	381	215	124	981	91	1137	97	199	395	737	504	308	644	438	300	1477	474	154	982	215	133	584	439	59	1699	28	1645	193	434	2257	891	133	623	948	2786	622	426	365	435	118	310	66	1036	223	482	759	961	608	1510	1010	893	1213	153	1055	932	139	378	102	118	51	580	367	83	254	148	1228	525	628	382	505	207	586	1994	254	412	199	309	422	234	26	955	1573	178	413	583	341	381	179	1428	150	506	59	152	2756	83	227	178	193	103	353	1899	308	1025	1058	1732	415	347	214	223	253	582	362	415	23	976	431	83	599	199	103	201	531	177	1075	320	88	348	1637	415	135	73	3005	422	135	33	408	133	153	993	423	599	329	339	412	903	1132	629	253	346	394	394	495	1077	376	1028	1054	497	14	1061	333	320	1658	171	779	404	135	213	537	496	786	355	374	124	521	101	300	639	436	884	376	1058	210	403	111	496	155	815	418	101	814	255	1430	25	97	199	224	2060	367	540	91	1459	984	322	1858	284	976	860	540	112	436	202	402	464	1149	561	600	196	521	153	1467	368	835	113	150	367	88	382	946	404	245	1078	978	24	1149	2545	192	485	461	255	530	896	456	394	406	1894	172
1974	0	1164	1259	3365	282	2009	1242	1194	1398	3930	1669	1609	2345	1107	1852	1078	408	2099	2157	1022	2117	2263	862	2124	1683	2179	2020	1850	1047	1926	1033	1990	1796	1675	1252	2286	2005	2600	2038	1707	3352	2447	1912	1120	2140	1847	1597	1644	2002	1724	1998	3340	1792	1799	282	1368	1847	2137	1108	923	2292	2126	2164	2060	1953	2011	2008	1024	2129	2262	1316	1058	2353	930	1486	1102	898	1828	1017	1536	2095	1633	1964	1953	2001	1609	2091	1990	2148	2004	914	1583	1386	2342	1622	2113	1549	1220	2161	1684	1796	1702	2133	2186	1984	1060	3528	1894	2126	2464	2309	2179	2093	3354	2086	1620	2004	1950	853	1990	2132	1865	2106	2068	2309	3478	2012	1129	1453	1003	1559	2130	1840	2117	2219	1448	2145	1655	1997	1048	2037	1991	1530	1796	1965	2107	1903	1865	1048	2027	2052	2141	1407	1655	1839	1964	1031	2139	1964	1995	1672	1965	1828	2968	2139	1606	2123	1678	2126	2747	980	2184	2219	2139	2163	2102	1627	1012	2337	1241	3026	2271	1988	1412	1821	2027	599	2104	1392	1678	1964	2033	1910	2266	1284	2139	2174	1850	1888	2025	1707	1531	2044	1759	2165	1453	2115	2125	2080	2272	1821	1175	2110	2074	1573	1728	1210	1999	2064	1796	2142	526	2167	1475	1926	3406	1490	2051	3804	1708	1048	1241	1920	1984	2038	1914	2126	1638	1033	1623	2448	2105	1888	1828	3297	2317	1221	2081	2086	2321	2052	2340	1102	1698	1792	1370	1161	1997	1052	1477	1852	2263	1542	1728	1907	1772	1692	2163	2115	400	1876
1005	1164	0	672	2363	1003	928	394	66	2119	2923	515	485	1308	807	960	143	1296	1055	1063	2083	1072	1149	1641	1136	845	1084	964	896	222	928	144	979	805	901	370	1172	918	1543	917	852	2219	1458	1019	808	1104	913	475	578	1008	1847	1019	2178	878	688	1432	204	913	986	734	2076	1152	1012	1072	939	1041	923	1011	178	1216	1150	782	237	1223	1218	1208	304	856	855	169	1189	1144	813	1043	1041	1049	485	990	984	1243	972	897	898	700	1385	528	1072	443	1015	1111	928	805	854	1021	1240	1025	247	2560	864	1015	1583	1289	1084	1060	2246	1150	527	1010	1055	1826	984	1220	845	1070	1072	1273	2316	925	34	1219	732	675	1039	811	1070	1256	752	1052	892	1022	227	916	986	426	805	1045	1068	761	846	116	936	1094	1052	1620	892	885	1030	2141	1027	939	1013	908	941	855	1945	1027	475	1037	666	1016	1900	840	1034	1256	1049	1062	995	536	161	1378	1005	1980	1157	1015	314	1030	936	1143	1079	913	912	939	978	766	1151	768	1047	1080	896	748	1090	852	405	923	1332	1070	1219	1201	1018	1116	1158	858	582	997	1102	1130	757	1340	1031	1103	805	1102	1094	1075	475	928	2453	1191	961	2848	831	227	149	777	967	916	1047	1019	561	151	503	1340	1067	748	855	2152	1273	740	1118	1150	1283	1094	1304	175	939	769	283	40	1022	946	2252	830	1150	553	757	765	1350	597	1062	1005	956	855
1612	1259	672	0	2879	1248	1458	292	735	2521	3421	808	1034	1846	1420	1600	776	1560	1608	1562	1904	1623	1609	1993	1722	1504	1580	1515	1519	845	1525	607	1564	1419	1567	1042	1630	1441	2047	1391	1508	2571	2022	1656	1424	1660	1542	1030	1173	1600	2440	1620	2402	1517	1215	1449	723	1542	1377	1355	2149	1556	1488	1573	1413	1670	1446	1602	771	1833	1614	1441	868	1646	1714	1852	953	1397	1472	747	1843	1750	1477	1669	1670	1660	1034	1488	1572	1863	1543	1440	1570	1370	1973	1106	1626	1026	399	1654	1595	1419	1512	1498	1841	1635	879	3096	1447	1496	2196	1842	1580	1622	2647	1762	1105	1603	1689	1607	1572	1838	1437	1628	1658	1814	2452	1448	671	1856	287	1335	1545	1401	1619	1848	1424	1552	1560	1624	852	1393	1573	1014	1419	1670	1624	1216	1438	678	1454	1700	1557	2178	1560	1508	1650	2011	1504	1518	1612	1576	1520	1472	2459	1504	1017	1549	1284	1498	2515	1411	1423	1848	1556	1552	1483	1116	718	1966	1626	2472	1615	1620	559	1690	1454	1527	1644	1572	1580	1518	1528	1217	1610	1423	1550	1578	1519	1211	1707	1508	973	1397	1999	1567	1856	1819	1502	1717	1617	1480	1233	1476	1699	1794	1385	1900	1636	1706	1419	1654	899	1576	1121	1525	3000	1838	1476	3384	1483	852	813	1223	1549	1391	1690	1504	1148	594	1054	1793	1624	1211	1472	2473	1808	1386	1719	1762	1822	1700	1842	825	1606	1367	536	711	1624	1526	2634	1423	1613	1195	1385	1220	2017	1160	1552	1488	887	1445
1395	3365	2363	2879	0	3110	1439	2609	2304	3558	565	2074	1885	1054	2324	1513	2372	3279	1307	1320	4375	1290	1272	3359	1247	1685	1300	1398	1518	2371	1453	2503	1394	1584	1706	2131	1252	1452	832	1489	1659	838	920	1454	2312	1259	1519	1894	1786	1374	2667	1373	1337	1573	1685	3647	2208	1519	1520	2296	4142	1347	1391	1309	1466	1412	1448	1369	2421	1240	1266	2088	2352	1253	2787	2158	2287	2553	1545	2438	2075	1270	1735	1401	1412	1365	1885	1394	1392	1223	1394	2559	1818	1988	1023	1834	1291	1919	3278	1251	1704	1584	1665	1380	1178	1382	2347	244	1504	1383	946	1076	1300	1304	622	1279	1835	1372	1417	4150	1392	1236	1528	1293	1307	1089	1661	1445	2388	2211	3056	1806	1339	1559	1292	1146	1931	1330	1727	1373	2367	1486	1390	1937	1584	1400	1295	1663	1527	2448	1436	1314	1326	2744	1727	1530	1401	4397	1374	1429	1377	1713	1428	1545	421	1374	1899	1338	1716	1382	783	2467	1478	1146	1328	1328	1397	1826	2457	1028	2290	418	1266	1382	2326	1569	1436	2997	1287	2058	1707	1429	1385	1662	1271	2119	1333	1303	1518	1669	1340	1659	1962	1482	1902	1314	2211	1253	1377	1286	1264	1550	2193	1403	1294	1975	1647	2625	1369	1302	1584	1261	3445	1306	1924	1453	229	2137	1412	515	1657	2367	2228	1655	1404	1488	1458	1376	1802	2513	1866	1097	1296	1669	1545	973	1089	2178	1285	1279	1079	1314	1059	2331	1691	1604	2356	2342	1373	2453	3710	1541	1267	1848	1647	1659	1901	1767	1328	1391	3285	1517
1727	282	1003	1248	3110	0	1785	1166	1021	1288	3673	1518	1409	2105	828	1596	895	313	1864	1934	1299	1882	2047	750	1877	1424	1957	1789	1603	848	1685	891	1750	1556	1410	1025	2069	1783	2361	1828	1450	3136	2196	1655	841	1902	1597	1397	1425	1758	1478	1751	3156	1540	1589	547	1205	1597	1943	833	1088	2088	1911	1941	1849	1697	1789	1764	843	1870	2045	1043	855	2143	672	1204	883	615	1585	842	1253	1842	1374	1709	1697	1750	1409	1872	1748	1889	1767	632	1312	1123	2086	1412	1876	1345	1299	1926	1417	1556	1444	1917	1932	1735	854	3266	1659	1910	2198	2065	1957	1855	3127	1831	1410	1760	1692	1136	1748	1874	1629	1869	1823	2069	3313	1790	969	1171	1034	1311	1907	1607	1882	1966	1183	1923	1390	1750	849	1826	1750	1327	1556	1710	1871	1705	1629	888	1806	1801	1918	1165	1390	1592	1711	1295	1923	1727	1749	1406	1728	1585	2719	1923	1409	1898	1446	1910	2476	698	1987	1966	1915	1943	1886	1416	843	2082	958	2781	2054	1740	1285	1555	1806	357	1864	1113	1412	1727	1802	1712	2050	1010	1917	1951	1603	1689	1771	1450	1334	1833	1476	1943	1171	1856	1908	1830	2055	1575	916	1895	1826	1290	1487	948	1750	1814	1556	1905	707	1944	1250	1685	3143	1207	1829	3540	1454	849	1054	1723	1745	1827	1653	1909	1423	894	1422	2227	1868	1689	1585	3090	2078	948	1830	1831	2081	1801	2099	909	1431	1559	1245	992	1750	770	1391	1618	2046	1311	1487	1709	1489	1479	1943	1898	527	1641
288	2009	928	1458	1439	1785	0	1178	872	2581	1996	680	446	389	1141	429	955	2016	157	149	2986	169	272	2226	305	532	172	78	319	969	220	1070	191	280	620	760	292	22	615	150	504	1353	565	434	1131	207	356	455	366	235	1950	271	1443	399	245	2290	768	356	336	1082	2867	366	157	156	148	405	22	230	1007	475	267	924	954	383	1672	1244	907	1341	291	1021	1173	374	567	390	405	331	446	100	205	503	141	1364	742	774	535	401	174	484	1853	196	645	280	515	158	439	312	951	1646	166	148	783	384	172	179	1345	402	402	236	439	2742	205	478	198	180	256	356	1671	20	955	1288	1618	528	122	200	163	426	748	138	637	279	966	143	205	503	280	391	174	273	198	1020	34	337	133	1859	637	321	361	3027	161	156	262	635	157	291	1019	161	459	114	344	148	1093	1269	347	426	130	162	124	394	1037	528	1218	1052	279	283	899	601	34	1772	205	978	633	156	86	276	275	945	132	166	319	268	378	504	523	148	1153	158	1288	466	142	336	279	312	918	145	314	1057	343	1632	296	335	280	199	2019	159	535	220	1545	1218	48	1934	473	966	800	276	175	148	485	142	375	1079	426	442	176	268	291	1316	352	982	339	402	365	337	385	919	642	241	925	910	278	1309	2733	201	268	475	343	270	1166	331	162	138	1871	189
1321	1242	394	292	2609	1166	1178	0	453	2391	3157	559	746	1567	1181	1307	515	1478	1325	1289	2021	1341	1346	1881	1434	1213	1309	1232	1227	591	1235	365	1275	1127	1278	763	1368	1162	1777	1121	1217	2347	1739	1363	1184	1377	1250	741	882	1311	2216	1330	2221	1225	933	1472	431	1250	1128	1111	2162	1307	1220	1300	1144	1378	1167	1313	522	1542	1350	1175	612	1393	1533	1597	691	1192	1180	501	1581	1460	1187	1376	1378	1369	746	1215	1284	1571	1256	1234	1287	1093	1685	816	1343	735	676	1373	1307	1127	1220	1230	1552	1344	623	2822	1159	1227	1905	1561	1309	1337	2408	1471	815	1314	1397	1736	1284	1546	1147	1344	1370	1535	2305	1169	400	1605	457	1045	1270	1111	1337	1560	1143	1279	1272	1334	597	1123	1285	723	1127	1378	1341	947	1148	427	1177	1409	1283	1971	1272	1216	1359	2108	1236	1231	1322	1287	1232	1180	2188	1236	729	1273	992	1228	2225	1192	1176	1560	1281	1281	1212	826	475	1678	1384	2207	1353	1329	284	1399	1177	1393	1359	1306	1291	1231	1245	949	1347	1160	1277	1306	1227	941	1415	1217	682	1127	1726	1295	1605	1528	1232	1427	1354	1188	972	1207	1410	1524	1092	1691	1346	1416	1127	1371	996	1303	830	1235	2723	1581	1199	3111	1191	597	528	957	1261	1121	1398	1234	857	353	766	1533	1341	941	1180	2259	1530	1128	1429	1471	1543	1409	1564	560	1317	1076	253	434	1334	1304	2514	1133	1349	903	1092	951	1744	872	1281	1218	924	1155
941	1194	66	735	2304	1021	872	453	0	2107	2865	504	433	1249	767	894	130	1307	996	1009	2129	1013	1099	1639	1074	779	1031	906	831	201	865	199	917	742	835	309	1122	862	1487	867	786	2174	1396	954	767	1045	848	422	518	945	1807	956	2146	812	636	1466	186	848	946	693	2101	1108	962	1019	890	976	868	948	179	1151	1100	728	210	1177	1197	1157	262	832	790	179	1136	1080	747	978	976	984	433	938	922	1178	911	872	835	640	1322	471	1012	387	1081	1053	862	742	788	970	1176	961	218	2500	803	964	1518	1229	1031	1000	2197	1085	469	947	990	1875	922	1155	783	1010	1010	1214	2292	870	84	1170	798	609	985	749	1011	1193	690	998	827	959	204	867	923	369	742	980	1009	716	784	151	882	1030	997	1587	827	820	965	2182	976	878	950	843	879	790	1886	976	425	982	602	965	1835	809	993	1193	995	1010	943	479	182	1315	961	1923	1107	952	338	964	882	1140	1018	858	847	878	919	722	1101	716	993	1026	831	703	1025	786	353	873	1274	1017	1170	1136	966	1052	1108	793	533	946	1039	1074	693	1307	967	1039	742	1043	1147	1021	409	865	2391	1139	906	2787	765	204	83	733	906	867	981	967	501	209	451	1289	1008	703	790	2110	1215	691	1054	1085	1224	1030	1245	143	874	706	314	37	959	912	2242	768	1100	488	693	720	1292	540	1010	954	1004	793
2392	1398	2119	2521	3558	1288	2581	2391	2107	0	4072	2596	2360	2766	1452	2221	1979	1001	2588	2720	1922	2602	2849	540	2523	2067	2739	2549	2292	1905	2399	2055	2461	2302	1996	1943	2867	2590	3006	2684	2097	3861	2769	2257	1460	2606	2266	2348	2300	2445	975	2421	4023	2209	2476	1422	2287	2266	2849	1520	1182	2943	2736	2722	2698	2306	2595	2452	1941	2424	2842	1657	1898	2964	928	1416	1870	1294	2302	1952	1500	2451	2024	2323	2306	2388	2360	2682	2452	2427	2499	1259	1867	1808	2638	2323	2593	2291	2584	2643	1981	2302	2087	2738	2509	2386	1891	3637	2419	2729	2623	2709	2739	2566	3785	2425	2321	2446	2282	1965	2452	2426	2385	2581	2494	2735	4248	2595	2089	1363	2322	2055	2693	2381	2607	2555	1833	2710	1976	2415	1902	2679	2453	2276	2302	2323	2587	2624	2385	2020	2613	2430	2700	815	1976	2285	2341	1798	2742	2461	2424	1984	2461	2302	3253	2742	2369	2678	2255	2729	2791	1344	2883	2555	2697	2739	2704	2322	1967	2636	1366	3347	2856	2405	2433	2088	2613	999	2562	1613	1988	2461	2557	2633	2853	1637	2703	2732	2292	2606	2381	2097	2307	2687	1656	2729	1363	2415	2723	2458	2856	2284	1704	2722	2466	1612	2237	963	2407	2444	2302	2614	1924	2725	2128	2399	3507	1440	2630	3864	2122	1902	2099	2644	2465	2683	2227	2723	2312	2063	2364	2989	2583	2606	2302	3859	2754	1605	2458	2425	2749	2430	2760	1965	1991	2342	2399	2092	2416	1280	153	2380	2845	2151	2237	2627	1656	2372	2739	2718	1781	2396
1960	3930	2923	3421	565	3673	1996	3157	2865	4072	0	2613	2443	1615	2881	2077	2936	3837	1869	1871	4941	1851	1812	3901	1813	2248	1851	1959	2083	2935	2018	3064	1959	2150	2267	2697	1791	2008	1383	2036	2223	1099	1485	2018	2869	1821	2084	2452	2348	1939	3153	1939	1587	2138	2241	4211	2763	2084	2049	2855	4698	1871	1937	1860	2013	1976	2003	1935	2985	1803	1807	2646	2917	1779	3332	2691	2853	3110	2111	3002	2610	1835	2299	1966	1976	1930	2443	1945	1957	1785	1957	3115	2375	2551	1588	2394	1853	2479	3820	1812	2263	2150	2228	1927	1743	1948	2912	435	2068	1930	1493	1639	1851	1867	908	1843	2396	1937	1981	4715	1957	1799	2092	1856	1873	1651	1876	2001	2949	2744	3608	2372	1892	2122	1854	1711	2492	1881	2287	1939	2931	2034	1955	2497	2150	1965	1857	2209	2091	3010	1991	1879	1879	3257	2287	2095	1966	4961	1921	1993	1942	2272	1992	2111	978	1921	2455	1892	2280	1929	1281	3024	2004	1711	1881	1877	1946	2386	3021	1593	2838	950	1805	1947	2873	2127	1991	3552	1851	2611	2266	1993	1945	2207	1811	2678	1885	1854	2083	2216	1905	2223	2520	2029	2425	1865	2744	1816	1926	1852	1804	2116	2757	1950	1859	2514	2213	3157	1935	1867	2150	1822	4008	1858	2489	2018	565	2672	1967	287	2221	2931	2790	2200	1968	2036	2020	1924	2363	3074	2423	1628	1858	2216	2111	1250	1649	2738	1851	1843	1640	1879	1620	2895	2250	2168	2904	2903	1938	3005	4223	2105	1808	2413	2213	2205	2422	2326	1877	1939	3849	2081
893	1669	515	808	2074	1518	680	559	504	2596	2613	0	353	1056	1195	941	635	1810	836	764	2543	849	801	2140	972	914	781	747	833	700	802	635	822	731	1003	676	823	660	1243	590	904	1790	1243	983	1192	887	866	358	504	865	2203	892	1690	865	460	1930	317	866	571	1119	2587	750	685	776	611	981	664	864	683	1115	807	1079	703	838	1675	1506	726	1306	783	680	1462	1020	910	974	981	944	353	692	834	1145	789	1344	1065	942	1213	435	854	396	1207	874	1035	731	912	696	1102	919	709	2295	715	694	1456	1061	781	855	1849	1040	435	867	1008	2269	834	1119	717	859	912	1028	1809	666	549	1532	1016	775	750	682	843	1098	966	756	1006	899	702	593	834	399	731	975	853	417	718	630	669	973	762	2020	1006	825	949	2615	702	775	883	1016	777	783	1655	702	334	756	626	696	1770	1269	618	1098	761	751	684	444	676	1206	1362	1664	808	897	284	1079	669	1643	880	1193	1018	775	760	417	803	1079	754	779	833	416	995	904	349	596	1541	768	1532	1103	701	983	810	798	935	674	963	1372	727	1748	914	976	731	879	1524	778	574	802	2203	1483	689	2582	870	702	497	422	806	590	1028	703	476	636	366	984	855	416	783	1705	1018	1077	986	1040	1034	973	1054	638	1041	664	324	529	898	1358	2736	704	806	611	727	421	1558	454	751	688	1420	721
580	1609	485	1034	1885	1409	446	746	433	2360	2443	353	0	832	917	598	532	1670	583	577	2561	600	665	1943	688	561	599	490	499	563	492	629	529	396	649	421	688	434	1060	434	551	1746	995	646	912	634	529	12	154	566	1884	586	1748	519	203	1886	324	529	533	845	2498	682	528	587	457	651	439	567	586	804	666	763	554	746	1432	1176	532	1069	450	596	1126	717	557	647	651	630	0	505	537	833	510	1102	716	616	939	83	601	69	1422	636	682	396	559	536	807	604	555	2089	412	531	1162	820	599	593	1764	730	83	568	675	2309	537	808	403	601	624	798	1923	441	514	1207	1176	425	554	367	596	814	630	566	653	591	562	434	538	85	396	648	598	295	404	585	452	667	567	1725	653	490	625	2611	543	484	578	663	486	450	1465	543	20	552	276	531	1482	1015	578	814	564	577	510	92	608	932	1059	1497	673	587	480	728	452	1460	614	866	664	484	504	303	668	769	562	595	499	280	678	551	80	440	1192	584	1207	790	532	683	674	462	658	513	665	1030	380	1464	604	673	396	630	1579	590	245	492	1986	1152	476	2378	517	562	370	314	514	434	688	534	126	637	20	856	598	280	450	1687	796	780	685	730	807	667	828	506	687	337	499	471	591	1088	2505	389	666	263	380	299	1209	126	577	520	1438	411
388	2345	1308	1846	1054	2105	389	1567	1249	2766	1615	1056	832	0	1382	550	1322	2310	253	296	3341	236	322	2467	244	717	283	344	507	1325	419	1449	355	549	774	1095	314	404	256	470	688	1095	197	509	1370	207	521	840	732	348	2025	360	1309	581	635	2628	1156	521	575	1336	3171	463	383	284	450	460	400	341	1371	367	310	1146	1308	393	1896	1364	1249	1601	520	1388	1283	316	766	443	460	381	832	364	356	377	344	1617	903	1016	242	779	237	865	2241	196	786	549	696	373	279	387	1304	1257	455	372	488	61	283	253	1039	345	781	346	483	3106	356	366	482	242	286	36	1590	398	1334	1415	2007	796	307	510	238	233	970	303	795	364	1321	466	354	882	549	443	242	639	481	1395	391	336	295	1994	795	517	427	3373	368	382	361	786	381	520	637	368	846	300	671	370	760	1521	551	233	296	314	376	771	1406	237	1408	682	320	374	1287	679	391	2046	241	1159	781	382	330	640	324	1174	303	283	507	640	384	688	908	464	1194	294	1415	371	363	308	318	531	1200	391	302	1165	617	1803	368	322	549	207	2393	283	879	419	1156	1339	369	1545	672	1321	1174	636	361	469	539	361	748	1458	812	292	243	640	520	1096	37	1224	308	345	24	336	5	1282	776	557	1314	1287	363	1536	2920	495	313	806	617	636	1202	712	314	375	2237	471
993	1107	807	1420	2324	828	1141	1181	767	1452	2881	1195	917	1382	0	836	669	956	1171	1285	2127	1187	1413	1089	1139	664	1306	1118	879	591	979	819	1045	868	622	518	1432	1148	1636	1234	694	2467	1435	887	12	1198	860	906	848	1039	1040	1021	2583	801	1024	1375	916	860	1397	76	1817	1496	1292	1289	1249	934	1153	1045	658	1091	1407	238	572	1524	531	451	505	229	878	680	469	1085	615	949	934	1003	917	1240	1038	1104	1076	236	506	370	1313	874	1179	849	1675	1230	620	868	686	1295	1164	994	561	2464	984	1286	1391	1332	1306	1153	2421	1067	872	1040	920	1955	1038	1094	951	1168	1096	1347	2798	1153	790	443	1362	613	1258	941	1190	1204	411	1275	601	1017	585	1230	1040	837	868	949	1173	1172	951	754	1171	1051	1266	826	601	870	958	2118	1300	1036	1022	614	1036	878	1954	1300	928	1244	806	1286	1655	142	1432	1204	1263	1302	1261	872	707	1309	206	2029	1419	1007	1103	755	1171	673	1155	285	620	1036	1127	1181	1416	208	1268	1299	879	1155	1011	694	873	1238	677	1294	443	1078	1281	1081	1420	862	262	1278	1083	475	800	553	1013	1065	868	1204	1384	1292	679	979	2338	443	1190	2732	710	585	727	1192	1045	1233	873	1282	860	832	919	1567	1169	1155	878	2447	1362	159	1081	1067	1361	1051	1376	632	633	899	1081	770	1018	172	1600	944	1409	698	800	1175	693	921	1302	1275	1187	962
172	1852	960	1600	1513	1596	429	1307	894	2221	2077	941	598	550	836	0	921	1778	377	533	2867	389	660	1917	306	173	548	368	118	899	209	1081	256	211	224	647	673	447	801	574	146	1644	603	62	824	388	79	598	444	229	1531	201	1818	82	504	2134	878	79	763	796	2642	784	580	531	576	101	450	237	962	277	651	598	877	777	1345	837	800	1060	164	983	760	249	224	113	101	169	598	521	244	300	304	1072	354	479	490	516	379	583	1969	427	239	211	152	578	335	165	869	1677	277	569	635	498	548	352	1587	235	516	230	100	2652	244	281	255	366	272	517	2070	449	975	885	1693	305	510	279	395	371	427	526	245	195	893	568	245	592	211	114	373	631	254	1013	464	215	512	1464	245	121	123	2884	580	276	205	237	275	164	1126	580	618	492	323	568	946	977	776	371	510	557	547	506	1007	485	859	1196	665	185	1066	171	464	1506	344	610	232	276	370	639	664	627	518	541	118	618	176	146	639	574	724	541	885	263	560	245	664	145	680	571	248	643	219	1258	186	229	211	397	1974	533	485	209	1558	811	471	1957	145	893	811	644	266	573	90	559	472	1093	581	773	368	618	164	1638	534	680	245	235	531	215	544	873	231	281	1077	927	196	987	2374	262	653	407	219	630	736	486	557	560	1800	258
991	1078	143	776	2372	895	955	515	130	1979	2936	635	532	1322	669	921	0	1177	1068	1098	2032	1086	1195	1508	1130	787	1120	981	874	79	922	174	978	793	831	285	1218	948	1566	966	800	2278	1457	983	671	1115	885	520	591	1002	1709	1008	2265	843	729	1354	317	885	1058	597	1979	1214	1057	1106	988	1010	953	1006	54	1189	1195	665	97	1279	1075	1082	176	712	838	66	1068	1127	750	1015	1010	1030	532	1028	981	1215	979	753	810	600	1373	556	1084	477	1091	1127	855	793	800	1065	1223	1008	108	2561	868	1059	1554	1296	1120	1069	2293	1128	554	1004	1020	1787	981	1193	844	1080	1068	1286	2417	955	121	1089	792	622	1072	813	1084	1244	658	1086	820	1010	85	965	983	458	793	1016	1079	824	845	101	969	1078	1084	1478	820	862	1005	2079	1071	943	1003	836	944	838	1958	1071	528	1067	657	1059	1868	697	1105	1244	1082	1101	1036	562	86	1367	870	2001	1203	1002	457	969	969	1009	1085	795	841	943	994	831	1198	647	1081	1115	874	810	1067	800	453	972	1223	1106	1089	1174	1059	1102	1204	837	457	1042	1090	1017	736	1198	1016	1088	793	1114	1072	1109	451	922	2449	1065	993	2847	783	85	163	842	968	965	1005	1060	579	188	548	1384	1078	810	838	2219	1289	613	1104	1128	1297	1078	1317	51	868	768	427	112	1010	804	2114	830	1195	529	736	828	1241	626	1101	1048	916	855
1923	408	1296	1560	3279	313	2016	1478	1307	1001	3837	1810	1670	2310	956	1778	1177	0	2079	2166	1256	2096	2284	460	2073	1604	2188	2011	1802	1122	1893	1193	1959	1768	1573	1265	2305	2017	2566	2074	1632	3368	2381	1833	968	2113	1790	1657	1667	1961	1356	1950	3418	1731	1838	539	1493	1790	2202	984	863	2338	2151	2172	2093	1878	2022	1968	1127	2042	2281	1191	1125	2385	608	1244	1137	726	1791	1129	1308	2028	1554	1892	1878	1940	1670	2108	1955	2057	1982	724	1462	1299	2264	1663	2090	1603	1587	2140	1575	1768	1625	2157	2112	1928	1122	3420	1878	2149	2347	2265	2188	2067	3344	2013	1661	1963	1868	1165	1955	2046	1846	2081	2024	2274	3588	2023	1262	1201	1336	1514	2138	1828	2098	2150	1352	2154	1552	1947	1121	2071	1957	1585	1768	1893	2084	1964	1847	1182	2040	1990	2148	1039	1552	1792	1898	1210	2162	1941	1949	1567	1942	1791	2903	2162	1672	2128	1671	2149	2604	813	2245	2150	2145	2177	2124	1665	1134	2260	1029	2974	2291	1937	1588	1710	2040	296	2073	1232	1573	1941	2023	1972	2287	1159	2148	2181	1802	1947	1955	1632	1599	2079	1530	2174	1201	2029	2146	2020	2292	1779	1110	2136	2019	1371	1698	885	1946	2004	1768	2117	930	2174	1487	1893	3294	1254	2062	3686	1642	1121	1331	1983	1956	2073	1824	2147	1668	1197	1681	2457	2081	1947	1791	3331	2286	1101	2020	2013	2287	1990	2304	1184	1588	1781	1548	1281	1948	845	1093	1836	2282	1540	1698	1967	1541	1727	2177	2137	780	1858
207	2099	1055	1608	1307	1864	157	1325	996	2588	1869	836	583	253	1171	377	1068	2079	0	167	3090	17	286	2260	159	521	177	93	296	1073	191	1196	127	310	595	847	297	177	501	286	490	1296	413	360	1160	51	322	591	478	148	1906	180	1441	379	392	2382	908	322	451	1119	2937	421	241	163	275	319	175	141	1118	339	276	942	1056	401	1695	1215	1000	1383	292	1134	1138	241	564	301	319	232	583	190	136	365	96	1402	724	801	378	527	17	612	2001	61	615	310	500	234	290	222	1052	1506	205	227	628	236	177	31	1265	273	528	147	352	2854	136	342	235	24	128	218	1693	172	1080	1262	1760	566	152	259	18	272	763	164	615	188	1069	280	134	629	310	302	17	429	234	1141	174	218	149	1841	615	303	275	3125	233	137	174	609	137	292	891	233	598	134	421	225	936	1305	448	272	148	195	214	519	1152	371	1222	934	291	196	1049	539	174	1823	54	975	605	137	79	433	290	966	158	171	296	425	268	490	657	282	1090	174	1262	333	216	206	290	308	970	238	185	1021	380	1629	201	210	310	46	2139	164	628	191	1402	1189	161	1795	467	1069	921	431	125	285	406	215	494	1205	563	400	20	425	292	1277	220	1011	208	273	228	218	248	1029	608	307	1073	1034	186	1333	2741	246	279	557	380	426	1101	461	195	223	1984	223
368	2157	1063	1562	1320	1934	149	1289	1009	2720	1871	764	577	296	1285	533	1098	2166	167	0	3130	164	130	2372	319	659	22	171	436	1114	329	1206	276	418	741	909	147	151	488	174	629	1203	490	523	1275	191	468	587	512	308	2064	343	1303	520	374	2438	893	468	298	1228	3017	254	89	11	154	484	146	302	1150	501	122	1064	1100	246	1815	1365	1055	1488	418	1164	1291	406	698	466	484	399	577	74	289	526	229	1510	867	917	495	542	175	623	1960	153	763	418	640	80	441	386	1098	1534	301	77	752	314	22	198	1197	438	543	308	517	2884	289	503	335	188	295	272	1542	144	1091	1411	1737	672	27	344	156	414	887	11	759	351	1112	171	287	642	418	467	180	347	334	1159	129	385	20	1987	759	441	439	3173	76	262	336	756	263	418	898	76	588	41	494	75	1045	1415	287	414	23	27	80	535	1178	489	1354	922	136	358	1006	700	129	1921	219	1111	752	262	165	347	133	1087	17	17	436	351	436	629	657	168	1252	9	1411	496	67	373	135	438	1066	95	352	1174	485	1766	366	378	418	178	2157	13	684	329	1439	1339	105	1822	601	1112	941	342	267	174	570	65	520	1215	559	292	184	351	418	1167	258	1126	375	438	275	385	294	1064	758	388	1036	1047	350	1452	2872	341	124	625	485	344	1264	471	27	79	2012	324
2980	1022	2083	1904	4375	1299	2986	2021	2129	1922	4941	2543	2561	3341	2127	2867	2032	1256	3090	3130	0	3108	3227	1529	3129	2700	3153	3007	2857	2018	2926	1941	2989	2795	2696	2247	3250	2980	3592	2996	2723	4303	3455	2928	2140	3134	2856	2550	2621	3004	2581	3003	4233	2803	2761	753	2278	2856	3069	2130	783	3236	3089	3139	3018	2967	2986	3009	1980	3144	3227	2339	2034	3306	1864	2482	2092	1911	2831	1967	2539	3106	2651	2977	2967	3010	2561	3061	2989	3165	2997	1923	2606	2407	3354	2588	3105	2509	1649	3151	2705	2795	2719	3097	3199	2992	2038	4544	2886	3091	3485	3309	3153	3087	4325	3099	2587	3006	2966	304	2989	3148	2859	3100	3071	3305	4326	2987	2051	2443	1618	2569	3105	2831	3108	3229	2469	3119	2677	3002	2022	2995	2991	2490	2795	2978	3100	2845	2859	1977	3001	3061	3117	2272	2677	2845	2975	175	3103	2959	2999	2693	2960	2831	3972	3103	2554	3100	2670	3092	3770	1996	3117	3229	3114	3133	3069	2595	1953	3349	2247	4024	3235	2994	2262	2843	3001	1541	3100	2412	2699	2959	3020	2850	3229	2307	3114	3148	2857	2832	3037	2723	2481	3002	2763	3138	2443	3130	3092	3088	3236	2825	2195	3074	3081	2585	2730	2140	3005	3073	2795	3135	1025	3142	2462	2926	4424	2489	3025	4823	2722	2022	2191	2860	2981	2996	2932	3093	2611	1935	2578	3416	3098	2832	2831	4233	3310	2244	3090	3099	3317	3061	3336	2066	2719	2784	2220	2092	3003	2058	1922	2846	3228	2534	2730	2849	2775	2659	3133	3080	1128	2870
217	2117	1072	1623	1290	1882	169	1341	1013	2602	1851	849	600	236	1187	389	1086	2096	17	164	3108	0	279	2276	156	535	172	109	310	1091	207	1213	142	327	609	865	288	189	483	293	505	1280	398	370	1176	37	336	607	496	159	1917	190	1428	393	407	2399	924	336	453	1135	2954	416	242	158	280	327	186	152	1136	338	268	957	1074	393	1711	1227	1018	1399	309	1152	1150	242	579	309	327	240	600	193	150	364	114	1418	738	817	366	544	10	629	2017	44	627	327	515	235	285	231	1070	1489	223	228	618	219	172	38	1248	274	545	159	360	2872	150	340	252	25	133	200	1682	184	1098	1275	1776	583	151	277	7	265	779	162	628	197	1087	287	149	647	327	310	16	440	252	1159	184	222	147	1853	628	318	284	3142	233	154	184	622	154	309	873	233	615	134	439	226	925	1322	448	265	146	192	217	536	1170	359	1236	916	282	206	1064	549	184	1840	54	989	618	154	95	443	282	982	156	166	310	437	273	505	674	289	1098	170	1275	332	217	208	281	324	987	240	188	1032	397	1643	210	213	327	30	2157	159	646	207	1385	1201	169	1778	482	1087	938	442	141	292	415	216	512	1223	580	386	21	437	309	1261	202	1027	210	274	211	222	231	1047	620	325	1089	1051	196	1348	2755	264	271	575	397	437	1110	478	192	224	2002	241
492	2263	1149	1609	1272	2047	272	1346	1099	2849	1812	801	665	322	1413	660	1195	2284	286	130	3227	279	0	2498	422	789	112	301	565	1217	458	1293	404	547	871	1023	23	268	445	232	760	1089	518	647	1403	296	597	677	621	433	2191	466	1173	650	466	2543	969	597	262	1354	3132	146	137	129	209	606	262	426	1248	602	12	1194	1205	116	1943	1495	1165	1613	549	1260	1420	513	828	588	606	519	665	175	416	623	358	1636	997	1045	554	641	289	718	2008	254	893	547	770	130	532	509	1203	1496	430	137	808	361	112	316	1098	546	643	433	639	2975	416	603	464	304	411	311	1412	262	1179	1541	1799	800	156	471	272	497	1016	139	889	474	1215	232	414	737	547	589	295	399	464	1251	244	500	150	2117	889	571	561	3274	124	392	460	885	393	549	855	124	673	172	616	136	1081	1541	231	497	153	110	161	636	1273	548	1484	863	7	482	1061	825	244	2043	332	1241	882	392	295	397	3	1215	146	119	565	408	552	760	746	226	1377	121	1541	599	138	483	8	568	1190	153	464	1302	613	1896	488	490	547	284	2243	127	798	458	1409	1468	224	1782	731	1215	1035	388	395	232	693	137	625	1300	648	191	300	408	549	1046	290	1254	485	546	309	500	323	1164	887	513	1094	1136	473	1580	3001	469	9	744	613	395	1388	571	110	148	2104	453
2080	862	1641	1993	3359	750	2226	1881	1639	540	3901	2140	1943	2467	1089	1917	1508	460	2260	2372	1529	2276	2498	0	2223	1749	2393	2206	1967	1440	2068	1561	2133	1956	1695	1522	2518	2231	2719	2309	1779	3555	2504	1964	1099	2286	1947	1931	1908	2126	1073	2108	3663	1888	2085	922	1824	1947	2459	1143	907	2574	2374	2376	2326	2012	2236	2133	1464	2155	2493	1320	1437	2608	575	1213	1424	886	1967	1472	1293	2162	1701	2027	2012	2086	1943	2324	2127	2164	2165	861	1570	1459	2377	1919	2268	1874	2044	2319	1688	1956	1770	2378	2234	2079	1431	3471	2072	2369	2412	2415	2393	2242	3505	2141	1917	2128	1994	1512	2127	2158	2039	2257	2183	2433	3862	2237	1610	1162	1785	1700	2344	2027	2279	2277	1498	2361	1674	2103	1437	2305	2129	1857	1956	2028	2262	2225	2039	1536	2254	2133	2353	786	1674	1958	2040	1436	2382	2125	2109	1685	2125	1967	3014	2382	1949	2331	1884	2368	2630	957	2498	2277	2350	2387	2343	1919	1484	2374	1072	3097	2505	2093	1950	1813	2254	498	2243	1315	1691	2125	2216	2233	2501	1294	2354	2386	1967	2207	2089	1779	1881	2313	1494	2381	1162	2144	2364	2162	2505	1951	1312	2359	2165	1386	1888	760	2098	2147	1956	2292	1387	2379	1729	2068	3342	1231	2274	3721	1797	1437	1644	2244	2134	2308	1943	2365	1915	1568	1950	2656	2258	2207	1967	3536	2448	1248	2162	2141	2446	2133	2461	1502	1699	1984	1914	1619	2104	930	641	2031	2494	1766	1888	2228	1500	1976	2387	2357	1241	2050
150	2124	1136	1722	1247	1877	305	1434	1074	2523	1813	972	688	244	1139	306	1130	2073	159	319	3129	156	422	2223	0	474	323	229	274	1124	209	1272	159	338	530	884	428	327	496	444	445	1339	327	265	1128	128	282	693	560	128	1800	126	1533	341	515	2407	1008	282	609	1096	2936	566	398	312	434	217	326	125	1177	182	411	903	1105	530	1651	1126	1040	1361	298	1196	1046	91	524	200	217	136	688	349	152	207	182	1375	659	776	251	620	146	704	2110	169	542	338	453	391	133	145	1100	1430	276	385	483	192	323	129	1282	124	621	126	243	2902	152	184	291	134	64	212	1800	324	1158	1176	1856	566	308	326	164	127	728	317	551	127	1120	438	151	719	338	199	143	577	290	1212	329	93	303	1756	551	285	183	3155	390	203	129	541	202	298	843	390	705	290	473	383	799	1279	604	127	302	346	373	610	1216	244	1164	904	425	137	1165	440	329	1806	104	915	536	203	219	581	425	931	312	318	274	571	145	445	754	440	973	324	1176	177	374	67	424	304	966	396	57	929	400	1560	127	80	338	141	2202	313	680	209	1319	1101	319	1716	432	1120	994	581	173	443	300	372	581	1282	668	489	139	571	298	1337	230	982	68	124	225	93	238	1087	532	367	1186	1111	126	1292	2677	306	414	602	400	574	983	562	346	381	2038	282
330	1683	845	1504	1685	1424	532	1213	779	2067	2248	914	561	717	664	173	787	1604	521	659	2700	535	789	1749	474	0	677	487	225	756	332	955	393	257	95	504	805	545	971	661	30	1807	777	230	653	541	199	557	412	380	1421	359	1960	141	528	1963	795	199	847	622	2468	898	689	660	669	274	549	387	823	446	781	428	733	905	1179	712	651	887	241	846	642	423	50	287	274	339	561	631	384	465	433	900	209	305	662	479	526	526	1860	576	126	257	21	689	508	330	724	1845	366	680	790	667	677	499	1757	408	479	381	267	2490	384	449	335	514	433	683	2200	549	855	756	1573	169	633	342	539	545	254	650	107	354	750	655	386	530	257	288	520	674	334	884	566	387	638	1328	107	218	294	2714	692	396	360	110	396	241	1299	692	580	617	295	679	1093	804	869	545	635	680	656	471	872	658	701	1370	795	344	995	185	566	1333	497	454	110	396	493	683	792	456	642	670	225	658	350	30	581	662	652	667	756	432	673	417	794	221	508	677	418	528	214	1108	349	401	257	548	1821	662	385	332	1724	686	579	2123	59	750	696	690	397	660	232	672	439	968	548	921	516	658	241	1795	699	507	417	408	697	387	712	737	128	319	999	809	355	819	2220	334	783	318	214	675	667	474	680	670	1643	343
381	2179	1084	1580	1300	1957	172	1309	1031	2739	1851	781	599	283	1306	548	1120	2188	177	22	3153	172	112	2393	323	677	0	190	453	1137	346	1228	291	438	758	932	128	174	468	191	647	1181	479	536	1296	195	484	609	535	321	2079	355	1284	537	395	2460	914	484	301	1249	3039	244	100	16	169	495	168	315	1172	506	104	1084	1123	229	1835	1382	1078	1509	437	1186	1307	412	716	478	495	410	599	94	303	529	245	1531	885	937	490	564	183	645	1978	155	780	438	657	89	443	398	1120	1516	321	88	747	305	0	208	1175	445	565	321	529	2905	303	508	355	197	304	261	1525	167	1113	1428	1757	693	49	365	164	414	906	33	776	364	1134	187	302	664	438	479	188	365	355	1181	151	394	40	2004	776	458	451	3196	84	280	348	773	280	437	879	84	609	61	516	86	1037	1436	287	414	43	31	97	557	1200	483	1373	901	118	371	1025	714	151	1942	227	1129	769	280	183	364	116	1107	39	6	453	369	445	647	679	185	1266	14	1428	501	80	380	117	456	1088	108	360	1190	505	1784	378	386	438	182	2178	14	707	346	1421	1356	127	1804	619	1134	963	359	283	190	583	78	542	1236	580	270	193	369	437	1146	246	1147	382	445	263	394	282	1086	774	409	1055	1069	362	1472	2891	361	106	647	505	361	1277	493	31	93	2034	344
215	2020	964	1515	1398	1789	78	1232	906	2549	1959	747	490	344	1118	368	981	2011	93	171	3007	109	301	2206	229	487	190	0	265	988	159	1105	118	250	571	768	318	100	585	226	458	1357	506	366	1108	144	299	498	389	159	1896	196	1474	349	299	2302	815	299	408	1063	2867	416	212	173	221	333	100	154	1031	397	293	895	972	417	1647	1195	919	1325	247	1047	1122	296	526	317	333	256	490	153	132	425	66	1346	696	749	465	435	110	521	1908	147	594	250	468	210	362	238	968	1599	134	201	710	329	190	108	1337	324	437	160	368	2768	132	400	167	112	178	309	1713	97	990	1241	1666	507	145	183	106	352	717	162	588	204	985	219	131	538	250	318	108	347	167	1052	107	260	151	1815	588	270	288	3043	211	92	187	585	93	247	980	211	505	129	343	200	1023	1250	414	352	148	193	180	427	1064	458	1183	1020	307	209	956	538	107	1761	132	939	582	92	13	352	305	918	155	183	265	342	302	458	564	223	1091	180	1241	388	192	258	307	266	906	204	236	1005	318	1594	221	257	250	139	2050	175	546	159	1495	1169	106	1887	430	985	831	352	104	224	416	191	404	1114	470	449	109	342	247	1329	309	959	261	324	319	260	339	942	589	230	980	943	203	1284	2701	176	296	479	318	345	1104	369	193	192	1897	156
124	1850	896	1519	1518	1603	319	1227	831	2292	2083	833	499	507	879	118	874	1802	296	436	2857	310	565	1967	274	225	453	265	0	861	107	1025	168	103	305	615	581	335	764	460	195	1588	598	150	868	319	38	500	349	160	1632	148	1734	84	389	2133	795	38	649	830	2664	681	474	436	464	152	339	166	918	319	557	647	841	682	1401	929	771	1095	50	938	856	253	268	149	152	156	499	415	160	347	208	1112	431	510	502	419	302	493	1895	352	328	103	205	473	349	136	835	1694	160	463	686	463	453	275	1545	254	419	161	176	2633	160	323	137	290	221	472	1978	338	915	975	1627	291	411	162	314	374	469	427	323	146	856	454	162	504	103	151	295	513	136	961	354	205	415	1551	323	11	133	2881	475	173	147	320	172	50	1117	475	519	394	235	462	1004	1016	665	374	412	458	440	409	960	496	926	1178	571	137	975	287	354	1539	276	679	316	173	270	520	569	673	420	446	0	499	194	195	548	460	835	444	975	304	455	232	571	38	693	463	224	740	138	1334	148	217	103	325	1940	438	425	107	1580	903	363	1978	171	856	749	525	172	458	197	454	375	1037	481	696	291	499	50	1572	485	720	233	254	485	205	501	828	323	169	989	867	147	1038	2445	144	559	345	138	512	848	381	458	454	1772	140
981	1047	222	845	2371	848	969	591	201	1905	2935	700	563	1325	591	899	79	1122	1073	1114	2018	1091	1217	1440	1124	756	1137	988	861	0	917	237	976	786	791	251	1240	963	1573	991	770	2305	1452	961	593	1118	869	551	602	997	1630	1000	2307	823	752	1325	384	869	1095	520	1935	1246	1080	1123	1013	991	969	1001	75	1171	1216	598	24	1306	997	1009	113	634	828	100	998	1115	715	997	991	1017	563	1047	978	1196	981	675	760	545	1363	576	1088	502	1146	1133	814	786	770	1087	1211	997	35	2554	869	1080	1534	1296	1137	1071	2312	1114	574	999	999	1781	978	1175	844	1083	1063	1289	2468	970	200	1015	843	595	1088	815	1090	1234	606	1103	779	1001	6	990	980	483	786	999	1083	859	845	166	985	1066	1100	1398	779	849	989	2058	1093	943	995	796	945	828	1960	1093	561	1082	655	1081	1844	617	1141	1234	1097	1119	1057	581	129	1357	793	2007	1225	993	534	933	985	942	1086	728	801	943	1001	866	1220	579	1097	1131	861	843	1052	770	487	997	1159	1123	1015	1157	1080	1092	1226	826	387	1064	1082	951	726	1118	1007	1078	786	1118	1079	1125	446	917	2441	993	1009	2839	757	6	209	877	968	991	979	1081	594	251	577	1404	1082	843	828	2250	1293	541	1093	1114	1301	1066	1320	62	827	768	506	189	1001	724	2041	831	1217	522	726	862	1177	645	1119	1069	913	855
91	1926	928	1525	1453	1685	220	1235	865	2399	2018	802	492	419	979	209	922	1893	191	329	2926	207	458	2068	209	332	346	159	107	917	0	1063	66	131	412	679	473	238	676	367	302	1487	535	216	968	220	139	496	355	80	1736	94	1627	191	343	2209	806	139	555	928	2753	576	371	329	368	193	241	84	969	314	450	750	898	575	1504	1036	835	1192	102	987	962	225	374	181	193	142	492	311	63	344	101	1211	539	609	456	419	199	501	1909	250	434	131	312	369	316	117	893	1639	87	360	670	383	346	174	1451	239	420	82	227	2697	63	318	88	189	146	383	1871	240	950	1082	1651	378	304	124	210	328	571	321	430	99	913	360	65	515	131	183	193	445	87	1003	254	174	308	1658	430	113	153	2955	371	67	86	427	66	102	1045	371	510	287	264	359	990	1114	567	328	305	352	337	409	1008	450	1032	1099	464	95	972	381	254	1634	179	786	423	67	163	451	462	775	313	339	107	434	192	302	553	366	934	337	1082	301	351	191	463	116	783	361	175	845	198	1441	112	180	131	225	1993	331	471	0	1528	1010	261	1925	276	913	785	455	66	365	268	350	378	1074	472	591	189	434	102	1468	393	820	193	239	396	174	414	878	429	160	990	902	99	1141	2551	102	452	395	198	444	946	366	352	351	1831	81
1137	1033	144	607	2503	891	1070	365	199	2055	3064	635	629	1449	819	1081	174	1193	1196	1206	1941	1213	1293	1561	1272	955	1228	1105	1025	237	1063	0	1116	938	1002	458	1316	1061	1686	1061	965	2362	1595	1142	822	1244	1039	619	717	1143	1851	1153	2313	1001	832	1297	339	1039	1128	750	1952	1295	1156	1216	1083	1166	1066	1146	163	1343	1294	835	260	1367	1176	1245	347	828	985	139	1235	1276	919	1170	1166	1179	629	1134	1120	1370	1111	870	985	775	1519	670	1212	586	916	1252	1027	938	966	1165	1372	1156	272	2699	1002	1159	1710	1428	1228	1200	2390	1279	669	1145	1179	1682	1120	1347	981	1210	1208	1414	2444	1068	115	1250	620	787	1182	948	1211	1390	833	1195	992	1155	244	1061	1122	568	938	1171	1208	904	982	73	1080	1226	1195	1606	992	1013	1158	2000	1171	1077	1147	1008	1078	985	2086	1171	619	1180	799	1160	2026	826	1176	1390	1193	1206	1139	678	111	1512	1023	2122	1301	1148	395	1138	1080	1064	1217	965	1013	1077	1119	910	1295	816	1191	1224	1025	892	1219	965	549	1067	1396	1214	1250	1329	1162	1248	1302	987	625	1141	1235	1188	886	1326	1163	1235	938	1242	950	1219	600	1063	2590	1230	1104	2986	947	244	277	920	1104	1060	1167	1163	701	14	647	1484	1207	892	985	2293	1414	778	1250	1279	1424	1226	1444	226	1039	905	355	161	1155	939	2184	967	1294	680	886	908	1414	739	1206	1149	813	991
