NAME : VRPTW_INSTANCE_188.txt
COMMENT : Bangkok Supermarket
TYPE : VRPTW
DIMENSION : 291
DAYS : Friday
EDGE_WEIGHT_TYPE : EXPLICIT
VEHICLES : 36
EDGE_WEIGHT_FORMAT : FULL_MATRIX
CAPACITY : 1000
EDGE_WEIGHT_SECTION
0	243	118	617	351	86	1986	307	1496	863	897	218	1845	437	2136	228	1296	726	1959	1003	612	1538	330	1967	349	830	1644	312	124	423	113	582	111	1142	351	648	394	254	567	1213	14	349	1221	214	505	996	1051	1028	547	618	400	1154	1005	537	502	362	970	533	722	246	609	650	1121	103	317	838	2001	17	484	609	524	1154	815	864	1095	1134	901	634	1665	1493	1092	1671	21	358	1740	373	173	119	153	455	2470	254	447	1124	540	116	352	211	264	202	24	113	382	399	290	505	306	85	165	992	135	1022	1577	349	588	452	205	54	611	94	1727	413	189	1382	2229	906	213	395	364	614	38	1890	557	1470	1941	309	460	437	978	349	555	264	410	38	1349	1627	2163	96	178	582	3431	948	529	991	79	111	532	599	1932	641	192	153	1633	430	1155	858	397	281	2059	937	1148	455	620	422	256	546	119	204	1648	502	1221	126	172	1321	283	267	201	248	19	1425	124	437	283	362	745	737	618	1373	585	395	231	212	1058	134	582	59	1080	1729	607	935	812	176	185	910	1002	408	120	1003	603	1068	1703	351	193	1753	223	1730	204	2057	374	365	91	400	738	374	957	1926	995	437	456	481	152	428	397	258	46	165	542	548	489	353	973	541	372	609	499	132	1347	583	589	155	246	993	651	993	124	865	1734	1081	409	1016	309	761	399	248	620	364	309	1573	1221	281	120	356	370	576	484	309	288	215	126	124	1651
243	0	347	461	158	318	2023	211	1564	1105	1034	334	2050	304	2375	331	1516	620	2116	1118	501	1718	561	2170	161	1072	1695	218	343	296	219	812	214	914	165	449	153	351	576	1435	230	317	1300	40	581	876	1263	1267	390	513	222	1185	1147	469	275	174	1208	608	509	338	777	455	1236	329	342	964	2017	228	257	777	461	1303	1023	975	1305	996	670	540	1832	1542	1335	1898	248	311	1813	167	288	219	89	617	2643	402	514	1360	466	219	159	43	380	47	220	218	343	159	405	324	216	317	287	1221	108	1127	1626	157	444	660	392	188	687	193	1919	174	411	1609	2329	674	332	638	153	439	204	2131	327	1232	2174	438	693	441	1089	317	649	380	171	204	1124	1673	2370	175	261	812	3662	1156	464	1220	313	216	292	684	1752	763	55	344	1733	269	933	640	492	468	2195	979	1366	696	429	239	364	476	219	328	1405	274	1300	289	279	1375	275	492	423	360	225	1615	343	307	511	165	986	903	513	1576	651	213	52	449	1201	140	653	187	1211	1489	681	1047	922	290	347	1114	826	236	348	1118	681	1200	1750	165	303	1963	34	1779	328	2186	169	172	242	222	777	160	1074	2012	1141	301	515	256	378	392	639	486	279	287	316	488	546	573	1044	309	183	777	270	113	1547	641	660	358	338	1221	886	835	343	948	1909	1324	170	1243	216	637	159	360	514	156	280	1812	1300	383	350	154	166	652	596	545	199	38	360	355	1408
118	347	0	734	468	31	2045	424	1544	761	916	175	1804	555	2054	310	1243	738	1955	1032	725	1520	214	1928	466	729	1699	428	152	540	151	526	154	1219	468	711	500	335	654	1159	125	357	1267	324	571	1007	1008	949	665	730	518	1090	1019	645	615	435	892	597	791	330	616	768	1149	17	302	864	2069	126	597	616	631	1162	781	900	1056	1152	1014	744	1656	1550	994	1608	103	373	1784	488	262	155	260	351	2453	307	520	1013	649	152	468	321	335	311	133	151	389	506	357	564	422	32	254	932	244	1057	1633	465	705	431	239	166	672	211	1697	521	186	1266	2257	1018	170	300	479	732	149	1802	669	1557	1869	365	403	532	1010	357	610	335	518	149	1420	1684	2121	214	278	526	3360	830	636	929	38	152	626	656	1969	548	301	201	1665	548	1227	928	331	175	2068	1004	1098	377	738	540	206	654	155	161	1749	615	1267	207	266	1378	295	240	194	323	130	1399	152	554	248	478	640	741	730	1337	651	463	343	103	1071	251	646	176	1100	1820	669	969	849	265	246	878	1044	526	2	1032	663	1088	1759	468	280	1708	332	1785	161	2070	489	440	193	518	679	489	987	1963	1008	554	531	595	34	427	313	228	72	254	624	654	434	322	1025	653	445	616	611	244	1314	652	652	190	330	934	539	1025	152	914	1719	987	517	956	426	781	506	323	732	479	324	1491	1267	355	2	472	485	638	534	253	405	325	17	8	1752
617	461	734	0	303	703	1704	310	1314	1413	972	784	2089	179	2566	496	1629	999	2022	999	121	1696	938	2199	300	1379	1409	306	640	194	656	1020	650	976	296	717	374	490	398	1559	612	772	1088	454	525	1216	1368	1488	71	140	239	1634	1080	213	271	572	1428	539	722	482	829	129	1101	720	804	891	1667	612	279	829	225	1232	1135	867	1395	1301	435	174	1771	1259	1619	2026	634	762	1558	299	509	658	510	1059	2573	570	480	1703	202	657	302	455	518	464	606	655	794	369	523	670	312	702	516	1386	516	983	1340	303	39	830	620	576	584	523	1925	360	684	1976	2108	443	780	960	314	58	591	2349	274	1182	2328	555	931	353	964	772	594	518	362	591	1184	1380	2405	520	480	1020	3783	1563	222	1390	695	653	468	600	1928	1221	472	604	1532	194	1024	802	951	894	2048	737	1483	975	112	223	817	211	658	775	1233	275	1088	559	501	1111	736	748	692	510	608	1628	640	180	769	297	1310	925	140	1628	544	599	428	819	1128	487	554	562	1113	1399	577	928	821	509	569	1204	1075	225	736	999	585	1103	1455	296	503	2022	449	1485	775	2025	296	564	548	239	1234	311	964	1773	1081	180	466	271	769	840	940	749	663	516	558	234	1008	797	848	288	574	829	278	510	1593	525	558	626	482	1382	1242	1119	640	790	1864	1593	360	1404	308	995	369	510	137	309	738	2012	1088	500	736	308	298	563	597	822	329	455	741	740	1237
351	158	468	303	0	436	1912	126	1472	1204	995	487	2057	157	2438	335	1546	735	2079	1062	351	1702	682	2175	8	1170	1593	130	417	154	364	867	358	904	13	505	119	345	479	1468	342	470	1217	155	524	977	1287	1334	233	366	64	1336	1109	338	160	287	1274	549	543	333	770	304	1177	451	500	920	1895	342	144	770	334	1266	1046	920	1324	1084	554	395	1804	1439	1426	1936	364	462	1721	27	314	365	217	768	2616	417	458	1474	334	365	1	157	379	167	334	363	494	119	398	414	132	435	318	1266	228	1063	1523	3	288	694	435	301	621	269	1915	122	478	1733	2250	559	484	736	31	282	318	2202	214	1189	2223	435	757	356	1030	470	597	379	121	318	1118	1568	2378	259	281	867	3703	1294	336	1268	430	361	282	624	1795	920	176	399	1658	114	934	659	649	611	2140	881	1396	777	276	81	518	345	365	479	1326	160	1217	343	304	1277	432	556	488	361	338	1611	417	162	576	10	1090	890	366	1585	582	321	130	564	1162	218	586	292	1164	1437	615	989	867	315	382	1130	888	79	470	1062	617	1153	1645	13	321	1977	149	1674	479	2126	26	280	310	64	932	40	1020	1926	1105	153	454	138	502	541	728	552	396	318	347	361	704	626	962	203	292	770	158	225	1554	568	593	418	333	1265	1002	911	417	875	1887	1410	118	1287	130	743	119	361	366	25	435	1875	1217	372	470	13	22	589	560	620	130	156	478	475	1329
86	318	31	703	436	0	2029	392	1530	788	909	180	1814	523	2076	286	1257	733	1955	1023	694	1525	245	1938	434	755	1684	397	135	509	132	540	133	1197	436	692	471	311	630	1173	94	351	1254	294	552	1003	1018	969	634	700	487	1106	1014	616	585	413	912	578	771	306	612	736	1141	18	302	856	2050	94	567	612	602	1159	789	889	1065	1146	983	714	1658	1534	1020	1624	72	365	1772	457	236	136	230	378	2457	289	499	1043	619	133	437	290	313	281	102	132	383	477	336	546	391	1	228	947	214	1047	1618	434	674	434	225	135	654	179	1705	492	179	1297	2249	988	174	324	448	701	118	1825	639	1533	1888	347	416	505	1001	351	594	313	489	118	1400	1668	2132	183	250	540	3379	862	607	945	8	132	600	639	1958	572	271	182	1656	516	1207	908	346	202	2066	985	1111	396	707	509	214	625	136	165	1722	584	1254	181	238	1362	287	242	189	300	98	1405	135	523	253	447	668	739	700	1346	632	443	313	131	1067	220	628	144	1093	1795	651	958	838	239	226	885	1032	494	33	1023	646	1082	1743	436	254	1719	302	1770	165	2066	458	418	164	487	693	458	978	1953	1003	523	509	564	66	424	333	231	40	228	601	625	446	327	1010	623	423	612	581	213	1322	632	634	174	306	949	569	1015	135	900	1722	1011	487	971	394	773	477	300	702	448	315	1513	1254	333	33	440	454	620	518	265	373	294	42	38	1725
1986	2023	2045	1704	1912	2029	0	1813	528	2170	1210	2203	1630	1761	2479	1759	1684	2642	1097	1069	1596	1258	2114	1651	1904	2148	351	1807	1894	1760	2093	1787	2089	2654	1898	2406	2025	1732	1447	1695	1993	2312	797	1991	1480	2889	1587	1955	1742	1578	1862	3135	1155	1574	1963	2191	1926	1453	2423	1742	1493	1820	976	2044	2299	1226	179	1997	1966	1493	1577	1099	1581	1171	1552	2992	2035	1543	1139	495	2204	1910	2007	2314	363	1927	1815	2098	2005	2365	1523	1739	1539	2447	1580	2095	1910	1989	1721	1992	1998	2092	2344	2023	1696	2326	1809	2029	1822	1760	1995	1025	413	1909	1688	1703	1805	1990	1375	1923	1432	2020	1865	2727	639	2044	2197	2009	1939	1761	1994	2428	1977	2769	2181	1682	1832	1584	1077	2312	1435	1721	2020	1994	2848	361	1796	1937	1820	1787	3192	2586	1575	1773	2021	2090	2160	1389	3621	2576	1994	1847	588	1813	2710	2507	2375	2204	904	1050	1648	1925	1813	1861	2239	1568	2098	2187	2664	1967	797	1859	1818	667	2252	1844	1860	1738	1994	1361	1894	1754	1849	1913	2162	1407	1578	1489	1400	2228	1971	2047	1125	1938	1403	1973	1064	2914	1378	1113	1214	1812	1805	1532	2777	1846	2047	1069	1383	1072	289	1898	1794	1668	1993	265	2187	835	1923	2186	1899	1862	2722	1943	1108	412	1173	1765	1533	1957	2064	2394	1957	1854	2013	1822	2244	1551	2473	1794	1020	1989	2197	1493	1969	1984	1459	1404	1397	1855	1742	1748	2212	2814	1894	1132	1227	2147	2018	1752	1808	2654	2023	1738	1579	1932	2270	2153	797	1705	2045	1924	1922	1410	1511	1885	1824	1993	2036	2043	2667
307	211	424	310	126	392	1813	0	1361	1122	869	488	1933	130	2330	221	1427	828	1953	939	311	1576	628	2050	117	1088	1488	6	336	116	358	761	352	1030	114	623	242	227	369	1350	302	521	1102	184	399	1079	1167	1231	242	321	128	1387	983	260	273	378	1171	424	666	215	646	359	1054	410	533	794	1805	303	259	646	251	1140	926	796	1203	1193	646	342	1677	1334	1337	1819	325	518	1610	152	214	361	220	755	2489	304	333	1403	259	360	125	183	260	189	297	357	550	243	277	519	6	391	219	1154	220	941	1419	122	281	581	334	269	498	212	1789	248	388	1672	2134	652	484	660	157	313	283	2099	324	1310	2110	314	657	237	907	521	472	260	247	283	1244	1465	2253	211	181	761	3586	1253	255	1156	385	355	408	500	1919	928	194	307	1540	133	1061	784	664	586	2017	772	1277	687	328	148	524	269	361	477	1433	274	1102	256	204	1169	471	461	398	244	299	1485	336	130	482	134	1013	764	321	1461	460	415	161	509	1036	181	464	254	1039	1555	492	866	742	214	281	1009	1006	125	426	939	494	1027	1542	114	214	1854	183	1571	477	2004	150	373	238	128	975	166	896	1813	978	130	329	252	458	599	645	459	353	219	469	279	735	523	846	317	384	646	273	213	1430	448	470	328	215	1152	937	1025	336	755	1760	1317	244	1174	5	842	243	244	322	151	482	1769	1102	251	426	139	147	465	434	530	19	186	430	429	1437
1496	1564	1544	1314	1472	1530	528	1361	0	1644	683	1708	1283	1332	2081	1274	1208	2183	891	542	1196	857	1598	1338	1463	1621	184	1355	1395	1329	1606	1260	1603	2290	1459	1977	1590	1248	993	1206	1505	1834	277	1529	995	2440	1079	1440	1337	1177	1430	2633	628	1148	1550	1737	1409	967	2007	1258	971	1440	448	1545	1813	702	616	1508	1549	971	1148	587	1055	652	1049	2555	1701	1142	793	128	1688	1488	1516	1838	248	1491	1330	1612	1534	1853	1427	1244	1059	1925	1156	1609	1471	1526	1232	1528	1510	1606	1866	1589	1206	1881	1356	1531	1336	1246	1522	501	146	1469	1290	1182	1305	1507	887	1442	1075	1589	1360	2209	794	1710	1702	1487	1501	1373	1509	1991	1574	2460	1784	1187	1308	1124	552	1834	940	1232	1589	1509	2495	192	1517	1458	1339	1260	2967	2058	1147	1259	1523	1604	1740	897	3241	2063	1529	1350	268	1385	2339	2105	1876	1696	812	591	1151	1400	1427	1434	1744	1144	1612	1693	2417	1554	277	1369	1334	203	1771	1332	1354	1250	1506	921	1395	1325	1335	1475	1634	879	1177	1034	918	1775	1512	1537	600	1464	919	1490	537	2640	892	590	699	1327	1311	1010	2357	1416	1545	542	894	546	245	1459	1309	1290	1532	264	1693	768	1488	1734	1412	1430	2223	1507	582	459	646	1337	1055	1540	1561	1916	1435	1343	1519	1336	1817	1124	1977	1277	524	1582	1745	971	1555	1511	999	925	912	1356	1258	1234	1685	2384	1395	630	898	1632	1586	1240	1356	2201	1589	1250	1179	1495	1792	1692	277	1218	1543	1485	1486	923	1012	1369	1369	1531	1534	1542	2421
863	1105	761	1413	1204	788	2170	1122	1644	0	977	858	1308	1243	1331	917	742	1374	1671	1118	1359	1200	559	1431	1199	34	1827	1124	788	1228	908	446	911	1964	1200	1447	1257	924	1155	666	875	1048	1395	1077	1002	1613	642	325	1354	1356	1241	1353	1015	1252	1361	1189	306	1011	1533	931	766	1481	1196	778	971	989	2253	877	1344	766	1235	1080	588	1058	693	1768	1758	1355	1372	1708	239	995	857	1069	1833	1228	909	910	1016	690	2058	845	1001	310	1260	908	1204	1074	897	1065	885	908	1069	1262	897	1300	1118	789	903	466	998	1170	1775	1201	1377	624	793	917	1041	935	1281	1277	733	605	2160	1763	856	468	1222	1430	901	1065	1416	2313	1194	870	493	1097	1120	1048	978	897	1274	901	2157	1828	1591	947	941	446	2667	461	1241	453	791	909	1387	1014	2612	809	1055	814	1642	1256	1964	1668	864	705	1860	1308	652	437	1450	1263	859	1259	910	852	2510	1361	1395	867	918	1553	1003	665	724	904	880	1049	788	1240	644	1215	124	798	1356	929	1052	1213	1093	658	1045	988	1041	921	1106	2577	1044	1094	1035	909	845	643	1729	1244	759	1118	1032	1098	1889	1200	912	1194	1086	1908	852	1888	1228	1195	894	1241	1076	1232	1086	1945	998	1245	1018	1340	733	1085	477	665	825	903	1381	1248	947	621	1247	1402	1199	766	1358	995	927	1067	1043	793	931	477	258	1686	788	1147	1390	248	1272	485	1122	1430	1262	904	1359	1220	1031	788	1395	917	758	1211	1224	1026	918	592	1106	1078	746	752	2513
897	1034	916	972	995	909	1210	869	683	977	0	1090	1126	900	1719	705	751	1621	1084	142	857	724	932	1231	986	952	861	865	779	890	1010	576	1008	1894	982	1481	1111	683	573	707	908	1246	419	994	472	1889	523	827	958	841	977	1984	114	760	1122	1206	783	450	1533	696	303	1096	243	921	1209	80	1280	912	1114	303	749	270	401	127	522	2021	1407	815	810	733	1059	1132	914	1255	901	1020	756	1016	978	1192	1621	648	536	1273	771	1013	994	991	657	989	916	1010	1279	1112	631	1358	863	910	759	644	961	192	805	991	935	513	692	922	390	869	954	1118	730	1565	1342	1415	1084	811	1026	1022	919	1554	1164	2145	1447	601	629	652	142	1246	398	657	1116	919	2108	857	1437	887	776	576	2844	1377	752	655	904	1008	1278	378	2783	1401	986	744	754	948	1928	1654	1242	1049	1164	409	632	720	1071	990	1122	761	1016	1074	2202	1125	419	779	763	575	1180	683	721	677	911	662	779	893	683	1002	956	197	841	685	430	1245	985	888	167	906	422	908	184	2370	396	123	156	753	715	391	1861	967	917	142	390	172	923	982	737	1070	1000	945	1074	1160	1018	1205	828	977	1585	1035	109	1059	110	904	543	1105	926	1325	759	695	908	759	1334	738	1347	616	300	1164	1215	303	1124	950	647	448	416	743	696	634	1001	1867	779	242	897	1008	1113	647	864	1651	1112	677	844	1020	1206	1219	419	651	915	1008	1015	415	439	707	869	996	903	912	2205
218	334	175	784	487	180	2203	488	1708	858	1090	0	1968	611	2177	446	1401	570	2130	1204	800	1694	303	2093	488	829	1860	494	314	600	130	688	135	1105	492	588	476	473	784	1316	213	197	1432	331	722	837	1173	1083	712	809	548	935	1194	739	607	345	1029	749	674	465	792	789	1322	169	130	1037	2219	210	588	792	727	1338	951	1069	1222	984	991	830	1831	1709	1097	1756	197	216	1951	500	391	127	274	283	2626	464	666	1077	741	128	488	330	481	320	211	131	224	482	506	442	489	180	384	1085	269	1227	1793	486	761	606	404	229	827	298	1867	498	359	1305	2430	994	5	432	487	769	219	1919	655	1458	2007	521	567	652	1181	197	769	481	495	219	1298	1843	2283	290	394	688	3496	833	732	1081	186	133	561	814	1809	439	311	357	1836	589	1105	810	180	157	2244	1155	1259	525	762	568	37	748	127	15	1679	605	1432	344	391	1537	145	415	368	466	213	1571	314	613	423	496	734	917	809	1504	803	362	357	241	1247	309	799	246	1274	1724	824	1139	1018	394	398	1048	892	560	174	1204	819	1262	1919	492	412	1869	337	1946	15	2246	502	353	309	548	519	494	1159	2133	1183	609	674	589	175	257	459	404	189	384	535	753	270	497	1187	636	354	792	601	276	1482	800	806	352	465	1088	612	865	314	1077	1893	1097	494	1110	492	615	482	466	811	490	173	1619	1432	499	177	486	499	792	695	422	470	331	190	181	1682
1845	2050	1804	2089	2057	1814	1630	1933	1283	1308	1126	1968	0	1994	864	1728	580	2538	603	1143	1978	442	1695	125	2049	1314	1420	1931	1722	1981	1944	1280	1944	2958	2047	2490	2162	1714	1692	665	1858	2161	1242	2010	1569	2803	796	984	2067	1963	2055	2657	1028	1876	2204	2203	1013	1552	2558	1727	1287	2209	1085	1817	2099	1206	1791	1862	2192	1287	1864	897	1029	1245	749	2952	2523	1939	497	1410	1157	408	1853	2177	1287	2085	1764	1949	1973	1922	770	1650	1623	1411	1887	1946	2057	2006	1681	2002	1869	1944	2191	2165	1660	2349	1927	1816	1763	898	1953	1183	1418	2054	2051	1393	1658	1889	1506	1859	207	2174	1655	1582	1248	2531	1963	1549	2087	2137	1879	883	2251	3242	576	1624	1402	1750	1177	2161	1497	1681	2172	1879	3171	1448	320	1878	1793	1280	1732	1748	1867	905	1813	1943	2328	1489	3773	2087	1995	1709	1070	2036	2982	2690	2056	1856	853	1484	712	1447	2182	2072	1988	1878	1949	1955	3323	2205	1242	1761	1773	1371	2099	1578	1643	1700	1863	463	1722	1987	1564	2066	1397	1173	1963	474	1545	2238	2010	1727	989	1910	1535	1881	1028	3478	1512	1200	1282	1762	1702	936	2846	2048	1804	1143	1504	1034	1459	2047	1751	117	2018	1457	1955	916	2083	2205	1811	2055	2341	2097	1164	1237	1023	1998	1634	2184	1795	2226	1513	1588	1833	1763	2366	1856	2158	1492	1349	2247	2213	1287	2204	1944	503	1564	1530	1698	1727	892	1527	2829	1722	1348	403	1109	2169	873	1930	2584	2165	1700	1967	2082	2128	737	1242	1686	1802	2070	2079	1525	1509	1550	1927	2012	1787	1797	3326
437	304	555	179	157	523	1761	130	1332	1243	900	611	1994	0	2426	329	1507	892	1975	951	196	1620	759	2108	150	1209	1446	126	463	15	482	866	476	996	145	647	264	327	348	1433	433	621	1084	288	429	1129	1246	1336	112	210	101	1489	1013	186	226	445	1276	449	674	318	711	242	1062	540	644	821	1741	433	221	711	184	1169	1007	811	1278	1231	546	238	1710	1293	1454	1902	455	614	1580	167	335	485	338	883	2519	408	370	1529	180	484	156	289	358	297	427	481	646	262	368	568	132	522	341	1247	342	946	1377	155	151	679	450	398	513	343	1840	259	511	1800	2117	553	608	785	180	186	413	2202	264	1250	2198	403	768	248	918	621	503	358	259	413	1210	1420	2312	341	304	866	3666	1384	186	1250	516	479	407	521	1917	1051	304	430	1528	53	1035	778	784	716	2023	741	1358	806	210	101	646	192	485	601	1345	229	1084	382	326	1134	578	579	519	347	429	1539	463	6	600	155	1137	821	210	1525	472	478	262	639	1064	309	479	383	1058	1484	506	878	760	334	398	1084	1025	85	557	951	511	1048	1497	145	331	1920	285	1526	601	2006	164	438	368	101	1081	183	911	1789	1010	4	361	211	589	695	767	578	484	341	485	210	847	634	832	265	449	711	229	335	1492	456	485	451	318	1244	1065	1056	463	754	1797	1431	257	1266	129	897	262	347	210	174	584	1868	1084	343	557	168	163	484	484	651	149	290	561	560	1348
2136	2375	2054	2566	2438	2076	2479	2330	2081	1331	1719	2177	864	2426	0	2108	968	2705	1462	1793	2476	1230	1874	885	2431	1356	2238	2330	2033	2412	2205	1570	2208	3273	2430	2761	2517	2104	2204	1022	2150	2371	1974	2341	2052	2942	1216	1108	2524	2465	2458	2589	1657	2364	2597	2489	1167	2046	2844	2115	1744	2666	1779	2071	2296	1787	2633	2153	2582	1744	2348	1578	1434	1847	1203	3096	2972	2450	1340	2201	1095	600	2136	2392	2126	2465	2123	2209	2287	2020	1450	2025	2088	1231	2374	2206	2437	2337	2071	2330	2160	2205	2395	2521	2059	2614	2324	2077	2120	1180	2268	1845	2225	2434	2526	1748	2002	2189	2028	2186	1049	2534	1967	1232	2107	2979	2174	1755	2462	2600	2175	278	2651	3606	298	2023	1683	2213	1821	2371	1993	2071	2531	2175	3473	2262	849	2203	2156	1570	1345	1619	2353	1176	2077	2206	2667	2005	3940	2116	2321	2041	1902	2456	3279	2981	2195	2030	1711	2126	1100	1681	2635	2478	2182	2368	2209	2169	3763	2598	1974	2098	2133	2127	2322	1886	1955	2085	2155	1163	2033	2421	1866	2448	1454	1671	2465	1070	2060	2517	2350	1955	1638	2242	2048	2188	1697	3865	2034	1828	1865	2122	2055	1377	3059	2455	2053	1793	2023	1698	2284	2430	2118	811	2350	2286	2169	1777	2464	2494	2139	2458	2385	2473	1796	2096	1645	2429	2103	2576	2031	2414	1742	1891	2108	2120	2676	2350	2277	1811	2002	2641	2499	1744	2596	2262	1108	2080	2046	2024	2115	1183	1590	3018	2033	1962	1258	1084	2529	1162	2328	2762	2521	2085	2469	2459	2351	563	1974	2084	2051	2448	2460	2035	1973	1829	2318	2342	2037	2045	3766
228	331	310	496	335	286	1759	221	1274	917	705	446	1728	329	2108	0	1211	921	1786	798	451	1388	473	1847	327	883	1419	221	169	313	333	540	330	1229	326	780	434	26	344	1133	234	559	1001	291	279	1187	953	1011	438	452	349	1382	818	354	491	501	950	307	839	19	447	570	916	304	540	639	1773	238	477	447	338	973	711	656	990	1316	866	458	1500	1267	1125	1601	249	565	1520	362	56	339	272	661	2311	83	219	1208	360	336	334	287	49	285	238	333	593	436	74	653	215	286	62	933	256	811	1351	331	460	360	124	232	386	168	1592	446	193	1485	2020	873	441	469	362	514	235	1878	544	1524	1889	107	439	223	770	559	335	49	444	235	1442	1401	2049	186	70	540	3368	1096	344	935	278	331	600	377	2083	859	281	121	1422	350	1254	966	625	486	1869	709	1061	479	539	369	484	363	339	432	1655	492	1001	104	60	1096	497	252	200	28	235	1288	169	325	273	345	815	572	452	1254	358	539	285	361	872	201	356	216	885	1772	382	728	602	53	77	797	1157	347	313	798	379	874	1477	326	35	1645	297	1504	432	1863	361	500	139	349	966	373	753	1710	811	331	227	470	340	642	444	253	261	62	642	358	717	305	750	536	510	447	491	245	1225	355	363	141	19	931	753	1161	169	645	1577	1102	441	954	219	948	436	28	454	358	518	1547	1001	56	311	346	357	351	271	326	209	293	308	312	1658
1296	1516	1243	1629	1546	1257	1684	1427	1208	742	751	1401	580	1507	968	1211	0	1969	955	834	1530	501	1120	705	1538	744	1384	1426	1177	1493	1388	717	1389	2430	1536	1944	1641	1200	1251	85	1310	1596	1045	1477	1106	2232	261	418	1595	1518	1554	2080	697	1420	1700	1658	439	1096	2017	1213	800	1739	837	1258	1531	819	1810	1314	1686	800	1406	642	500	879	237	2382	2052	1500	675	1312	631	397	1302	1614	1321	1573	1238	1393	1434	1342	1316	1128	1149	897	1431	1390	1545	1474	1167	1468	1321	1388	1626	1644	1150	1800	1421	1258	1236	319	1414	888	1354	1542	1590	856	1124	1344	1070	1322	540	1655	1109	1125	1514	2059	1396	976	1573	1669	1332	810	1751	2735	704	1113	840	1276	859	1596	1041	1167	1653	1332	2640	1399	885	1341	1269	717	2159	1196	1410	326	1256	1388	1803	1047	3210	1507	1461	1171	1100	1543	2448	2152	1479	1282	1169	1159	149	876	1709	1572	1418	1424	1393	1389	2852	1701	1045	1226	1248	1207	1537	1029	1097	1184	1315	354	1177	1501	1013	1555	821	712	1518	216	1104	1692	1481	1160	685	1376	1093	1338	748	2982	1076	863	896	1236	1172	424	2288	1549	1243	834	1065	747	1439	1536	1228	473	1486	1449	1389	1209	1572	1661	1274	1554	1760	1584	833	1369	683	1511	1162	1679	1231	1658	943	1037	1280	1236	1831	1404	1580	944	1040	1744	1668	800	1700	1406	234	1124	1089	1157	1213	314	948	2266	1177	994	669	575	1650	294	1424	2017	1644	1184	1522	1569	1566	488	1045	1176	1241	1557	1568	1080	1032	992	1418	1479	1226	1236	2856
726	620	738	999	735	733	2642	828	2183	1374	1621	570	2538	892	2705	921	1969	0	2685	1719	1078	2258	854	2663	743	1349	2315	835	849	889	615	1258	616	712	748	326	632	946	1196	1884	714	382	1916	654	1193	269	1743	1634	940	1095	792	714	1731	1074	730	451	1583	1220	386	934	1336	927	1838	727	439	1558	2631	710	720	1336	1069	1881	1519	1578	1792	413	947	1127	2390	2162	1611	2317	711	369	2431	725	868	609	651	687	3191	972	1127	1531	1070	612	737	656	968	654	706	615	350	635	995	328	833	732	863	1652	666	1733	2246	738	999	1168	931	698	1300	754	2436	642	908	1699	2941	944	575	994	711	954	701	2438	743	1083	2555	1022	1137	1061	1692	382	1255	968	641	701	853	2293	2853	736	852	1258	4039	1198	1072	1647	737	616	545	1294	1245	649	654	879	2344	844	681	457	510	691	2785	1599	1828	1093	916	798	551	1081	609	583	1386	726	1916	842	862	1995	447	976	919	948	711	2138	849	897	986	736	1251	1464	1095	2074	1266	415	672	811	1784	723	1267	712	1803	1346	1295	1650	1524	870	905	1616	367	808	738	1719	1294	1791	2370	748	887	2439	651	2399	583	2781	728	456	792	792	443	709	1674	2628	1721	888	1129	728	744	312	1026	965	723	863	454	1096	432	1060	1661	724	445	1336	723	677	2052	1258	1274	882	934	1656	1115	313	849	1561	2456	1621	643	1676	834	61	635	948	1095	717	419	2157	1916	978	740	724	728	1265	1193	991	818	652	755	745	1388
1959	2116	1955	2022	2079	1955	1097	1953	891	1671	1084	2130	603	1975	1462	1786	955	2685	0	1025	1901	471	1908	583	2070	1666	971	1949	1836	1966	2070	1481	2069	2972	2066	2565	2195	1764	1633	1017	1972	2304	979	2076	1554	2955	1041	1360	2021	1883	2058	2947	970	1818	2201	2287	1366	1531	2617	1778	1350	2150	920	1964	2257	1158	1270	1976	2193	1350	1811	814	1204	1163	987	3093	2449	1852	306	1017	1586	980	1974	2316	799	2103	1834	2076	2056	2163	556	1722	1620	1853	1829	2073	2077	2073	1737	2071	1981	2070	2337	2196	1711	2439	1947	1956	1836	1207	2038	1038	994	2075	1989	1523	1755	1992	1462	1944	461	2201	1778	2074	645	2457	2125	1765	2110	2077	1986	1482	2239	3204	1179	1679	1586	1730	1059	2304	1481	1737	2200	1986	3186	1007	702	1963	1856	1481	2107	2132	1812	1218	1951	2069	2361	1456	3868	2356	2067	1808	627	2025	3009	2738	2257	2054	250	1308	1019	1658	2129	2069	2158	1817	2076	2116	3219	2203	979	1850	1841	1048	2239	1715	1767	1757	1975	622	1836	1968	1707	2085	1726	1222	1883	747	1503	2325	2069	1902	917	1985	1497	1979	916	3414	1469	1097	1215	1831	1786	1109	2943	2046	1956	1025	1465	927	992	2066	1816	683	2082	982	2116	314	2101	2286	1900	2058	2582	2118	1063	685	976	1980	1625	2184	1956	2380	1718	1726	1962	1836	2419	1794	2364	1633	1182	2240	2296	1350	2203	2028	744	1519	1490	1803	1778	1197	1835	2945	1836	1232	285	1530	2197	1186	1948	2720	2196	1757	1886	2104	2266	1292	979	1733	1953	2092	2098	1492	1523	1713	1953	2078	1939	1949	3222
1003	1118	1032	999	1062	1023	1069	939	542	1118	142	1204	1143	951	1793	798	834	1719	1025	0	880	718	1063	1240	1053	1093	719	934	890	943	1116	718	1113	1948	1049	1560	1181	774	608	801	1013	1350	277	1079	540	1986	629	955	995	862	1037	2111	137	793	1177	1293	913	514	1605	786	433	1127	118	1036	1319	168	1138	1017	1171	433	786	246	536	143	618	2113	1430	832	774	591	1191	1197	1021	1358	765	1086	851	1122	1070	1322	1574	750	607	1411	804	1119	1061	1076	751	1076	1020	1115	1384	1181	724	1443	932	1024	856	766	1055	56	663	1058	965	645	801	1023	441	965	958	1185	846	1702	1226	1439	1198	947	1093	1053	1022	1644	1214	2181	1513	698	766	709	35	1350	470	751	1184	1022	2162	715	1444	983	868	718	2873	1519	787	778	1017	1114	1344	438	2858	1532	1074	851	632	1002	1987	1721	1362	1173	1078	342	729	858	1105	1047	1238	793	1122	1189	2215	1180	277	880	857	436	1286	807	839	771	1015	685	890	944	808	1068	1098	337	862	735	481	1332	1068	1013	158	998	476	1008	117	2397	447	72	197	848	818	514	1942	1025	1034	0	444	109	781	1049	832	1101	1084	803	1189	1067	1083	1291	928	1037	1707	1101	45	931	151	956	609	1162	1045	1431	895	818	1018	856	1408	770	1466	745	211	1216	1301	433	1180	1044	696	496	469	853	786	756	1143	1954	890	212	870	1139	1181	767	934	1746	1181	771	865	1087	1309	1315	277	742	1031	1076	1080	473	526	836	941	1082	1020	1029	2218
612	501	725	121	351	694	1596	311	1196	1359	857	800	1978	196	2476	451	1530	1078	1901	880	0	1581	916	2087	345	1325	1295	305	611	205	670	949	664	1095	340	813	446	439	286	1463	609	818	967	484	425	1306	1270	1412	145	19	289	1686	964	112	367	637	1351	435	826	434	733	250	981	712	839	776	1566	610	370	733	128	1115	1042	750	1295	1399	551	54	1653	1144	1555	1928	631	811	1441	356	477	673	530	1065	2453	515	388	1656	102	672	350	484	463	492	605	669	843	442	462	751	311	694	485	1298	532	863	1226	350	94	757	575	579	472	517	1812	437	645	1936	1989	560	796	920	371	178	592	2265	381	1303	2232	489	869	268	844	818	490	463	438	592	1304	1267	2293	519	453	949	3679	1543	123	1303	686	667	565	490	2044	1240	499	569	1411	237	1143	913	976	893	1927	616	1386	923	232	281	836	107	673	789	1345	371	967	531	471	994	774	700	651	459	606	1516	611	193	720	348	1262	821	19	1521	434	668	458	799	1011	492	444	563	994	1517	466	810	705	476	528	1106	1180	273	727	880	474	984	1343	340	467	1914	481	1372	789	1904	353	629	531	289	1278	371	845	1655	965	200	373	362	759	891	894	702	657	485	651	126	1042	738	727	392	640	733	373	524	1485	414	448	590	434	1294	1205	1219	611	669	1747	1527	435	1315	308	1079	442	459	17	365	781	1927	967	442	726	360	354	455	502	774	330	485	729	729	1348
1538	1718	1520	1696	1702	1525	1258	1576	857	1200	724	1694	442	1620	1230	1388	501	2258	471	718	1581	0	1454	525	1694	1194	1008	1573	1414	1609	1646	1025	1645	2606	1691	2167	1814	1369	1297	553	1552	1876	800	1678	1190	2528	570	893	1682	1564	1691	2482	617	1484	1839	1882	896	1170	2227	1383	941	1821	649	1531	1823	805	1406	1556	1829	941	1474	471	749	833	516	2670	2131	1537	175	980	1125	651	1551	1889	899	1729	1430	1651	1649	1705	932	1316	1251	1392	1495	1648	1701	1674	1339	1671	1561	1646	1908	1816	1315	2033	1570	1526	1432	735	1631	752	997	1699	1660	1090	1339	1576	1114	1535	242	1823	1352	1626	1015	2140	1688	1309	1733	1747	1569	1170	1882	2868	931	1280	1136	1372	753	1876	1116	1339	1821	1569	2821	1033	728	1555	1456	1025	2170	1661	1477	747	1521	1645	1982	1101	3466	1893	1666	1392	674	1666	2637	2354	1810	1606	670	1052	549	1202	1796	1706	1719	1485	1651	1680	2925	1841	800	1438	1439	931	1811	1282	1340	1359	1556	152	1414	1613	1272	1710	1255	815	1564	286	1154	1920	1674	1459	571	1581	1146	1565	601	3095	1120	780	876	1428	1376	652	2537	1682	1521	718	1114	608	1053	1691	1415	434	1684	1056	1680	708	1727	1883	1489	1691	2126	1742	744	901	615	1624	1259	1820	1519	1948	1264	1293	1536	1432	2030	1463	1916	1198	917	1881	1892	941	1840	1621	276	1173	1140	1384	1383	725	1365	2532	1414	928	200	1068	1819	714	1572	2297	1816	1359	1568	1728	1839	912	800	1339	1519	1716	1723	1138	1142	1272	1573	1680	1504	1514	2928
330	561	214	938	682	245	2114	628	1598	559	932	303	1695	759	1874	473	1120	854	1908	1063	916	1454	0	1820	679	528	1764	632	306	744	352	429	356	1405	681	890	714	492	800	1034	339	498	1321	539	686	1112	907	782	871	919	730	1056	1022	826	830	630	730	707	974	492	630	979	1175	232	425	897	2155	340	812	630	811	1150	705	946	959	1264	1228	929	1603	1621	796	1462	318	518	1828	703	439	354	475	261	2380	436	650	799	831	352	682	536	480	526	347	352	523	720	494	742	626	246	431	800	459	1098	1701	679	907	419	363	381	772	418	1609	735	288	1051	2267	1233	300	146	694	941	364	1616	884	1753	1706	487	322	694	1048	498	705	480	732	364	1601	1753	2005	425	463	429	3195	627	816	795	251	353	833	751	2099	469	516	351	1686	757	1408	1111	361	163	2045	1102	983	252	949	752	310	835	354	295	1957	830	1321	384	445	1449	448	277	286	475	344	1321	306	757	268	692	435	740	919	1241	762	653	558	119	1071	464	754	389	1111	2018	771	1008	900	441	397	802	1191	737	213	1063	763	1099	1826	681	451	1592	547	1850	295	2054	704	637	390	730	674	703	1020	1991	1008	759	664	810	182	547	190	267	286	431	822	831	464	320	1098	868	640	630	826	459	1223	767	759	332	492	805	326	1159	306	985	1655	795	731	825	630	905	720	475	922	694	477	1316	1321	502	212	686	700	743	627	229	609	539	203	207	1961
1967	2170	1928	2199	2175	1938	1651	2050	1338	1431	1231	2093	125	2108	885	1847	705	2663	583	1240	2087	525	1820	0	2167	1438	1464	2048	1845	2096	2067	1404	2067	3076	2164	2612	2281	1832	1801	790	1981	2285	1320	2130	1681	2928	920	1107	2179	2072	2171	2781	1130	1986	2320	2324	1138	1664	2679	1846	1404	2320	1174	1941	2223	1312	1817	1985	2308	1404	1974	993	1151	1347	872	3077	2634	2046	544	1466	1275	504	1976	2301	1319	2202	1883	2072	2094	2047	664	1770	1737	1526	1997	2069	2174	2127	1800	2122	1991	2067	2315	2283	1779	2471	2044	1939	1883	1024	2074	1277	1468	2171	2162	1515	1779	2011	1615	1980	283	2292	1778	1688	1225	2642	2088	1675	2204	2247	2001	941	2367	3357	615	1742	1526	1863	1275	2285	1609	1800	2290	2001	3290	1494	205	1999	1912	1404	1647	1868	1977	1031	1936	2066	2447	1599	3896	2212	2116	1830	1110	2151	3101	2811	2181	1981	829	1577	837	1572	2294	2187	2112	1988	2072	2080	3432	2322	1320	1882	1893	1441	2223	1701	1766	1819	1985	570	1845	2101	1687	2183	1521	1288	2072	594	1655	2360	2130	1851	1089	2030	1645	2003	1124	3591	1622	1300	1386	1881	1823	1057	2969	2163	1928	1240	1614	1130	1499	2164	1870	237	2138	1495	2080	896	2200	2326	1932	2171	2466	2215	1263	1249	1126	2112	1747	2300	1919	2350	1638	1711	1957	1883	2486	1965	2283	1615	1442	2363	2334	1404	2321	2066	622	1674	1640	1819	1846	1018	1652	2953	1845	1448	440	1228	2287	999	2047	2708	2283	1819	2075	2200	2252	832	1320	1804	1926	2188	2197	1636	1624	1674	2045	2132	1911	1921	3436
349	161	466	300	8	434	1904	117	1463	1199	986	488	2049	150	2431	327	1538	743	2070	1053	345	1694	679	2167	0	1166	1584	121	412	146	364	860	358	912	5	514	128	338	470	1460	340	474	1208	156	515	985	1280	1328	229	360	61	1341	1100	331	166	294	1268	540	552	325	762	304	1168	449	503	911	1888	339	150	762	326	1257	1038	911	1316	1092	558	389	1795	1431	1421	1929	362	466	1712	35	308	365	217	768	2607	410	450	1471	326	365	7	158	371	167	332	363	499	127	390	422	124	433	311	1259	227	1054	1515	5	284	687	429	299	612	265	1906	131	472	1731	2242	564	485	732	39	281	316	2196	220	1197	2216	427	751	347	1021	474	588	371	130	316	1127	1560	2369	255	274	860	3696	1293	329	1261	428	361	291	615	1804	922	177	393	1649	109	943	668	652	610	2131	872	1388	772	276	79	520	338	365	480	1332	166	1208	337	297	1268	436	550	483	353	335	1602	412	155	571	17	1086	881	360	1576	573	328	131	561	1153	215	577	289	1155	1444	606	980	858	308	376	1122	896	75	467	1053	609	1144	1637	5	314	1969	150	1666	480	2117	33	288	305	61	936	48	1011	1918	1096	147	445	144	500	546	723	546	393	311	356	353	707	620	953	210	299	762	164	224	1545	560	584	413	325	1258	999	920	412	866	1878	1404	127	1280	122	750	127	353	360	34	439	1869	1208	364	468	22	29	580	551	615	121	157	476	473	1335
830	1072	729	1379	1170	755	2148	1088	1621	34	952	829	1314	1209	1356	883	744	1349	1666	1093	1325	1194	528	1438	1166	0	1804	1090	754	1193	876	415	880	1934	1167	1417	1224	890	1121	666	842	1019	1370	1044	968	1591	632	330	1320	1322	1207	1344	993	1218	1328	1158	305	978	1503	897	736	1447	1173	746	943	962	2230	844	1310	736	1201	1062	566	1031	684	1745	1724	1321	1365	1684	268	1009	824	1040	1813	1195	874	879	983	667	2059	811	968	342	1226	877	1170	1041	863	1032	852	877	1041	1229	863	1271	1084	757	868	459	965	1145	1752	1167	1342	591	759	884	1009	901	1281	1244	699	636	2147	1730	826	435	1188	1396	868	1092	1383	2282	1214	836	459	1063	1094	1019	946	863	1241	868	2128	1804	1601	914	906	415	2690	469	1207	447	759	877	1355	982	2588	793	1022	780	1624	1222	1935	1639	839	677	1852	1279	648	403	1416	1230	830	1225	879	822	2477	1328	1370	833	884	1528	974	630	690	869	847	1043	754	1206	609	1181	98	771	1322	926	1020	1182	1060	626	1023	955	1009	888	1084	2546	1012	1068	1007	875	811	625	1703	1210	727	1093	1000	1075	1866	1167	877	1200	1053	1886	822	1878	1195	1164	860	1207	1059	1199	1061	1928	975	1211	985	1306	701	1058	443	631	793	868	1349	1214	923	587	1219	1369	1168	736	1325	962	923	1034	1010	759	897	469	236	1661	754	1118	1386	272	1239	479	1088	1405	1229	869	1325	1187	1002	810	1370	883	726	1177	1191	994	885	558	1072	1045	714	720	2481
1644	1695	1699	1409	1593	1684	351	1488	184	1827	861	1860	1420	1446	2238	1419	1384	2315	971	719	1295	1008	1764	1464	1584	1804	0	1482	1549	1444	1753	1438	1749	2377	1579	2094	1709	1393	1119	1386	1652	1976	445	1661	1139	2568	1262	1624	1439	1276	1546	2790	811	1260	1658	1866	1593	1112	2117	1403	1142	1531	630	1699	1960	875	432	1656	1658	1142	1261	770	1238	820	1231	2677	1772	1241	923	153	1872	1650	1665	1979	191	1609	1476	1758	1672	2016	1479	1395	1201	2109	1267	1756	1591	1659	1380	1662	1657	1752	2008	1707	1354	2006	1483	1685	1482	1429	1661	674	69	1590	1389	1352	1460	1651	1033	1585	1213	1706	1518	2393	739	1781	1854	1658	1621	1467	1655	2159	1677	2524	1939	1338	1481	1254	726	1976	1090	1380	1706	1655	2578	39	1633	1600	1482	1438	3072	2238	1260	1443	1677	1750	1852	1046	3337	2227	1663	1503	354	1499	2429	2209	2031	1856	846	716	1332	1574	1520	1548	1896	1255	1758	1845	2455	1661	445	1518	1479	323	1914	1494	1513	1397	1653	1085	1549	1440	1499	1595	1815	1056	1276	1203	1060	1903	1643	1699	784	1603	1062	1634	721	2690	1037	761	864	1473	1461	1194	2471	1531	1701	719	1041	729	62	1579	1455	1437	1664	86	1845	791	1606	1862	1559	1546	2377	1626	758	404	828	1451	1195	1649	1718	2058	1606	1505	1670	1482	1932	1236	2130	1444	673	1687	1873	1142	1663	1650	1170	1065	1056	1510	1403	1418	1863	2502	1549	785	1024	1816	1703	1423	1483	2330	1707	1397	1277	1614	1934	1865	445	1364	1699	1605	1605	1068	1165	1535	1497	1663	1690	1698	2459
312	218	428	306	130	397	1807	6	1355	1124	865	494	1931	126	2330	221	1426	835	1949	934	305	1573	632	2048	121	1090	1482	0	339	111	364	761	359	1033	118	628	247	226	362	1349	307	528	1096	190	395	1086	1166	1232	238	314	128	1394	979	254	274	384	1171	420	671	214	643	357	1049	414	540	790	1799	308	261	643	244	1136	925	791	1201	1199	645	336	1674	1328	1339	1818	330	524	1604	156	216	367	227	761	2486	304	329	1406	253	366	128	190	260	195	303	363	556	247	275	525	6	396	221	1153	227	936	1413	126	276	581	336	274	493	217	1786	252	391	1675	2129	652	490	663	161	310	289	2099	325	1312	2109	312	658	232	902	528	467	260	251	289	1248	1458	2251	216	183	761	3585	1257	248	1155	390	361	412	496	1923	934	200	309	1534	131	1064	789	671	592	2012	766	1276	689	326	148	530	262	367	484	1434	276	1096	258	206	1163	478	462	400	244	304	1482	339	125	484	137	1016	761	314	1459	455	421	167	513	1032	186	459	259	1034	1556	487	861	738	216	282	1007	1011	125	431	934	489	1023	1536	118	216	1852	190	1564	484	1999	153	379	242	128	982	170	891	1807	974	126	324	254	463	606	647	461	358	221	473	272	741	524	840	318	391	643	274	219	1427	442	465	330	214	1151	940	1031	339	750	1757	1319	248	1174	2	848	247	244	316	155	488	1769	1096	249	430	143	150	461	430	532	24	192	435	434	1437
124	343	152	640	417	135	1894	336	1395	788	779	314	1722	463	2033	169	1177	849	1836	890	611	1414	306	1845	412	754	1549	339	0	448	233	469	232	1255	412	768	484	191	508	1095	137	468	1118	307	419	1118	930	926	576	614	453	1241	886	520	576	481	866	445	839	189	488	696	1008	150	429	724	1917	141	559	488	505	1034	693	755	974	1257	970	623	1542	1399	1009	1556	137	479	1637	442	133	239	257	496	2346	155	369	1067	525	236	417	304	186	297	147	233	502	488	206	626	333	135	125	878	237	913	1482	413	607	329	89	166	520	153	1603	501	68	1336	2117	976	308	323	436	649	156	1792	631	1575	1831	213	350	392	867	468	458	186	499	156	1463	1533	2041	169	160	469	3319	932	510	878	128	232	635	504	2055	698	288	50	1522	470	1271	974	482	322	1940	852	1029	361	665	475	349	529	239	299	1737	576	1118	81	140	1227	403	149	80	176	141	1301	0	461	168	427	677	615	614	1250	499	516	317	191	939	208	494	160	963	1831	517	825	703	135	97	787	1126	456	154	890	511	952	1608	412	145	1631	316	1635	299	1939	442	483	107	453	828	447	845	1818	876	464	381	554	176	546	311	142	128	125	654	526	581	233	875	618	491	488	573	230	1224	500	500	38	189	879	601	1117	0	765	1610	993	496	901	337	884	488	176	616	435	429	1470	1118	207	152	424	438	486	383	205	319	309	145	151	1740
423	296	540	194	154	509	1760	116	1329	1228	890	600	1981	15	2412	313	1493	889	1966	943	205	1609	744	2096	146	1193	1444	111	448	0	470	850	464	1005	141	649	264	312	342	1419	419	613	1079	279	418	1129	1232	1321	127	217	102	1481	1003	185	234	441	1260	439	678	302	698	257	1054	526	634	811	1742	419	228	698	183	1159	993	802	1264	1232	561	244	1700	1291	1438	1888	441	607	1577	166	319	473	327	870	2510	392	358	1513	180	472	152	279	343	287	414	469	639	262	353	567	118	508	326	1232	330	938	1375	151	165	664	435	384	503	329	1829	261	495	1784	2112	568	596	770	179	202	399	2186	274	1261	2184	388	753	237	909	613	492	343	261	399	1220	1419	2300	327	289	850	3653	1369	184	1235	502	467	412	512	1923	1039	294	414	1522	59	1043	784	773	702	2016	737	1344	791	226	106	634	192	473	589	1359	237	1079	366	310	1131	569	563	504	331	415	1527	448	13	584	153	1122	808	217	1512	463	475	253	624	1054	296	469	370	1049	1497	497	870	751	319	382	1070	1028	87	543	943	501	1039	1496	141	315	1907	276	1525	589	1999	163	434	353	102	1073	182	903	1785	1000	17	349	218	575	688	752	562	470	326	488	209	838	618	826	274	445	698	237	323	1479	447	475	436	302	1229	1049	1057	448	746	1787	1416	258	1251	114	896	262	331	218	172	576	1853	1079	328	542	165	162	475	472	635	135	280	547	546	1362
