NAME : VRPTW_INSTANCE_207.txt
COMMENT : Bangkok Supermarket
TYPE : VRPTW
DIMENSION : 291
DAYS : Wednesday
EDGE_WEIGHT_TYPE : EXPLICIT
VEHICLES : 38
EDGE_WEIGHT_FORMAT : FULL_MATRIX
CAPACITY : 1000
EDGE_WEIGHT_SECTION
0	366	847	1668	363	1727	647	193	366	264	1994	609	374	221	373	1013	364	592	1064	666	404	654	304	631	503	219	135	270	637	133	248	1149	1647	620	211	34	1378	258	365	839	189	227	401	1221	948	218	221	341	1042	977	314	131	2117	124	1064	3864	172	891	205	429	940	22	525	454	196	1041	240	283	124	152	544	1030	3479	624	118	1124	217	1241	118	221	202	1142	1016	122	992	1012	582	415	265	1005	215	363	189	424	815	728	631	1508	307	815	202	1084	1649	24	2785	173	165	1994	128	363	3535	119	1126	617	193	606	133	155	374	92	891	474	1627	1466	759	612	1020	858	1056	176	838	1217	394	111	66	582	239	672	1321	815	835	1126	428	88	1392	165	101	440	395	193	135	132	30	214	183	609	119	204	945	33	374	366	130	1001	599	140	438	609	278	1131	206	529	527	1128	379	437	308	383	940	88	781	201	678	178	91	499	1113	212	407	96	1213	415	202	206	404	1067	972	1813	1124	300	934	1119	582	128	779	400	135	1011	1190	409	346	581	24	1026	963	1092	287	1426	2169	442	587	1352	1249	211	641	206	172	1611	1019	76	409	714	202	366	216	400	2080	649	1658	258	563	582	395	501	33	399	230	191	46	1964	309	133	1068	1703	189	609	1119	94	590	245	383	492	204	428	891	359	201	25	576	170	815	110	242	206	1462	1849	464	1727	437	704	211	576	1225	939	540	92	230	550	85	210	320
366	0	1214	1812	21	1943	785	521	249	405	1972	798	12	174	9	1083	3	240	1161	1027	759	776	286	819	139	164	442	604	666	469	388	902	1301	270	334	332	1088	574	264	1136	499	497	734	1243	1224	491	433	532	1180	1331	144	243	2413	373	701	4067	328	905	177	754	1069	364	869	799	546	1163	137	599	437	515	363	870	3681	659	481	1478	159	1250	481	433	346	1371	1100	358	1291	1239	531	761	326	1074	165	21	499	107	1074	519	369	1862	64	1072	346	1450	1616	343	2970	343	325	1972	387	546	3803	371	1411	309	521	258	238	331	12	457	905	479	1591	1451	1069	884	1387	1219	1177	323	866	1528	35	368	331	891	159	1039	1301	1072	1131	1411	727	381	1734	342	347	381	754	521	264	237	340	350	208	798	371	172	1308	335	12	249	359	767	652	383	181	798	439	950	453	875	356	962	14	178	162	317	1069	381	553	510	542	339	455	297	1296	579	91	276	1494	767	346	453	759	817	1118	1503	884	632	1023	1413	891	390	1043	75	236	1122	1493	85	254	603	343	1383	1245	1447	124	1701	2497	494	641	1362	1536	172	645	189	328	1535	1306	432	85	801	568	0	312	75	2412	413	1927	574	610	891	754	545	334	750	499	360	410	2243	158	469	1384	1720	499	753	1413	288	311	153	283	128	484	727	905	711	510	363	858	278	1072	264	509	171	1257	2129	742	1943	180	338	172	616	1591	1088	354	289	499	765	449	172	139
847	1214	0	1636	1211	1484	991	725	1151	941	2289	892	1222	1058	1221	1316	1212	1434	1296	245	492	1022	1069	898	1350	1061	799	652	1165	762	943	1874	2468	1462	960	881	2138	700	1143	620	757	791	566	1554	743	792	872	869	1180	298	1145	974	1562	870	1908	3505	938	1334	1047	574	1151	850	448	491	685	1229	1084	684	799	701	1308	1666	3139	1150	734	419	1061	1581	734	872	941	1009	1292	883	668	942	1228	516	1010	1315	1059	1211	757	1265	759	1468	1428	742	1154	762	941	242	2007	871	2521	927	934	2289	857	878	3004	869	801	1440	725	1447	978	926	1222	758	1334	1112	1991	1805	551	676	178	173	1239	945	1279	741	1241	869	888	569	1077	175	1708	762	626	801	647	847	716	923	884	1158	481	725	964	978	874	949	1020	892	870	1048	160	879	1222	1151	886	1725	1115	867	1262	892	914	1780	836	433	1289	1757	1227	1262	1133	1131	1151	847	1528	750	1371	933	760	1283	1124	635	1249	940	869	491	941	836	492	1802	1132	2585	1844	639	1217	760	569	854	731	1244	980	1233	765	1252	1128	1147	871	314	726	383	1125	1044	1488	1058	1108	1679	870	1053	1200	1042	938	2049	735	784	1252	1105	646	1214	978	1244	1385	1427	1250	700	1108	569	481	1086	880	507	791	920	805	1483	1136	762	624	1957	757	968	760	931	1398	1083	1151	1339	789	647	1334	538	750	851	661	972	762	953	787	1049	2107	1378	690	1484	1261	1551	1053	1122	387	1095	1308	930	791	829	765	1052	1152
1668	1812	1636	0	1792	412	2270	1499	1985	1442	890	1058	1824	1810	1809	753	1808	2013	659	1459	1454	2287	1951	1036	1908	1693	1534	1778	1155	1549	1463	2711	2937	1842	1520	1684	2866	1438	1992	1029	1488	1851	1374	716	896	1843	1455	1983	2620	1933	1668	1743	1167	1790	2319	2281	1547	964	1687	1338	743	1690	1357	1388	1529	649	1793	1420	1545	1670	1528	2666	1895	1160	1667	1366	1783	2898	1667	1455	1870	628	726	1789	970	717	1313	1408	1503	763	1696	1792	1488	1751	933	2326	1638	1492	1805	931	1870	1644	833	1680	1175	1536	1830	890	1790	2005	2194	1785	852	1732	1499	1829	1738	1557	1824	1667	964	2141	840	3126	1115	2082	1730	1804	634	1549	981	992	1805	1778	1731	1206	1819	1594	811	931	1025	852	1291	1751	1278	1542	1769	1438	1488	1499	1636	1734	1689	1507	1662	1058	1786	1777	1787	1689	1824	1985	1797	2579	1162	1804	1676	1058	1941	2756	1462	1369	1522	2763	1823	1678	1650	2028	743	1751	2364	1478	1390	1536	1666	2091	565	1618	1753	1669	810	1438	1870	1462	1454	2627	700	3233	2695	1431	2562	900	1206	1790	971	1763	1739	690	937	1762	1974	1216	1680	1404	910	1380	1845	746	1504	1318	1172	694	835	1689	1186	1804	1547	1011	902	1690	1762	2359	1642	1811	1878	1763	1497	1585	740	1438	1203	1206	1488	1267	1684	1441	1853	1859	1672	942	1654	1549	1043	618	1488	2233	900	1650	2123	1822	2013	1899	1828	1291	964	1459	1478	1693	1153	1822	931	1668	1861	1780	3069	887	1236	412	1676	2018	1689	1198	1663	2517	1537	1651	1853	1119	1667	1689	1673
363	21	1211	1792	0	1924	799	512	267	389	1951	780	32	181	17	1063	17	253	1141	1021	751	791	301	801	149	154	433	606	645	461	372	921	1313	265	319	329	1105	564	282	1123	489	503	724	1222	1209	496	420	543	1196	1332	124	243	2398	376	709	4048	316	884	168	743	1049	362	860	790	538	1143	141	588	429	513	343	891	3662	638	479	1469	162	1270	479	420	355	1354	1079	362	1278	1221	510	752	309	1053	156	0	489	91	1058	540	353	1853	71	1057	355	1446	1595	340	2951	330	332	1951	391	557	3786	375	1396	296	512	252	238	319	32	454	884	497	1570	1471	1056	892	1384	1219	1157	310	845	1515	30	371	331	878	166	1035	1280	1057	1117	1396	715	383	1723	329	350	360	748	512	255	236	337	335	199	780	374	174	1307	333	32	267	363	787	631	388	162	780	449	971	440	867	336	983	31	159	143	335	1049	383	574	500	521	326	453	318	1277	576	74	270	1479	760	355	440	751	837	1099	1518	903	622	1041	1398	878	394	1028	58	236	1102	1479	69	272	582	340	1375	1231	1438	136	1685	2485	474	621	1341	1521	162	624	195	316	1515	1291	431	69	818	566	20	321	58	2401	395	1911	564	590	878	748	524	331	743	505	368	407	2227	139	461	1371	1698	489	767	1398	282	331	161	301	138	489	715	884	704	500	362	844	284	1057	258	515	174	1277	2113	728	1924	160	344	162	596	1586	1103	334	282	505	748	447	163	119
1727	1943	1484	412	1924	0	2267	1540	2076	1544	1299	1146	1955	1903	1942	993	1939	2165	889	1358	1431	2289	2028	1124	2057	1802	1592	1776	1335	1597	1564	2841	3156	2026	1621	1750	3027	1474	2080	949	1538	1874	1371	1039	814	1867	1538	2005	2578	1770	1800	1825	756	1841	2527	2137	1641	1205	1793	1335	911	1747	1312	1361	1558	844	1895	1452	1603	1692	1715	2755	1752	1335	1697	1140	1882	2904	1697	1538	1927	584	957	1843	836	714	1500	1390	1618	1003	1804	1924	1538	1902	917	2434	1840	1176	1923	916	1927	1435	1237	1744	1069	1628	1891	1299	1838	2025	1901	1836	690	1925	1540	2012	1821	1646	1955	1704	1205	2196	1241	3136	1043	2032	1540	1657	834	1644	1203	758	1943	1830	1793	1183	1916	1486	1166	916	948	690	1308	1801	979	1632	1826	1597	1462	1540	1727	1818	1753	1607	1765	1146	1837	1873	1619	1754	1955	2076	1851	2700	1327	1852	1835	1146	1981	2854	1535	1321	1705	2853	1956	1837	1781	2107	911	1801	2480	1526	1607	1629	1704	2196	653	1628	1900	1751	615	1414	1927	1535	1431	2757	850	3422	2821	1450	2551	726	1183	1837	955	1907	1823	893	722	1908	2061	1387	1744	1205	813	1163	1950	459	1094	1459	1334	1053	615	1797	1375	1894	1641	1406	778	1731	1908	2367	1653	1942	1943	1907	1092	1794	357	1474	1364	1183	1462	1419	1749	1422	1875	1912	1720	530	1785	1597	860	1029	1538	2232	726	1732	2250	1920	2100	2047	1853	1308	1205	1449	1526	1751	1158	1893	916	1753	1882	1876	3179	477	1264	0	1835	2196	1797	1363	1422	2479	1723	1733	1875	1188	1706	1796	1806
647	785	991	2270	799	2267	0	779	548	911	2641	1227	781	639	794	1656	786	857	1700	964	836	33	498	1248	846	757	763	494	1283	737	894	966	1665	1030	851	646	1249	836	532	1321	797	429	902	1868	1453	438	866	305	402	914	850	641	2518	527	1252	4386	812	1538	751	938	1568	625	956	905	743	1669	679	852	752	603	1117	710	4007	1270	611	1395	668	637	611	866	481	1693	1657	535	1453	1573	1213	878	897	1649	752	799	797	891	1358	643	1153	1732	731	1359	481	1215	2295	645	3337	817	520	2641	520	283	3962	532	1602	1092	779	1023	649	796	781	616	1538	331	2273	869	1228	324	1100	883	1684	814	1485	1630	819	540	600	1085	645	874	1968	1359	1321	1602	980	558	1695	809	558	1059	804	779	742	653	637	856	755	1227	532	663	984	639	781	548	527	832	1246	510	953	1227	380	823	846	949	1104	790	787	950	857	480	1568	558	697	805	1281	820	617	598	1706	652	873	694	1688	852	481	846	836	912	1592	1688	933	839	292	1580	1085	519	1319	858	649	1644	1626	868	535	1226	645	1285	1458	1358	664	1897	2477	1087	1234	1999	1711	754	1285	631	812	2250	1501	599	868	114	627	785	499	858	2375	1191	2127	836	1210	1085	804	1146	645	845	426	479	625	2405	856	737	1483	2349	797	38	1580	708	717	649	519	842	453	980	1538	820	805	622	1122	556	1359	704	416	661	1134	2292	1034	2267	952	999	754	1222	1352	305	1110	706	426	1159	618	754	853
193	521	725	1499	512	1540	779	0	558	227	1887	448	531	404	526	885	518	759	922	514	242	793	497	469	661	358	79	310	556	59	224	1342	1820	746	235	222	1567	65	558	646	34	352	214	1108	755	344	156	484	1156	903	426	314	1925	301	1222	3677	214	795	344	239	788	211	347	277	51	890	414	90	84	177	589	1220	3293	541	168	956	393	1398	168	156	387	955	882	304	800	827	553	239	286	878	356	512	34	551	625	921	703	1340	471	625	387	949	1552	214	2602	202	354	1887	297	506	3342	296	933	715	0	730	313	203	531	167	795	656	1531	1627	567	665	903	770	904	221	739	1026	542	289	259	390	421	551	1225	625	642	933	236	261	1214	198	287	448	245	0	257	312	222	224	313	448	297	381	844	224	531	558	311	1194	510	312	539	448	444	1323	119	354	569	1318	535	539	413	576	788	261	973	33	679	208	167	690	938	157	537	252	1020	248	387	119	242	1260	813	1999	1317	111	1072	926	390	297	588	534	315	865	998	542	539	512	214	863	770	925	466	1232	1984	386	499	1241	1056	350	573	391	214	1534	826	192	542	861	173	521	407	534	1897	706	1465	65	483	390	245	434	221	231	354	372	180	1771	416	59	878	1583	34	741	926	236	776	427	576	650	329	236	795	194	33	214	385	363	625	261	364	383	1654	1656	275	1540	538	856	350	498	1086	1051	588	236	354	381	168	349	434
366	249	1151	1985	267	2076	548	558	0	543	2205	937	243	175	258	1283	251	328	1351	1004	759	535	83	959	299	297	492	501	871	499	522	783	1316	482	465	336	1016	623	15	1205	551	364	766	1460	1311	362	539	341	936	1214	356	251	2483	288	782	4212	439	1120	300	795	1244	349	885	815	560	1342	195	648	482	469	609	682	3827	861	444	1471	202	1005	444	539	210	1494	1294	277	1358	1362	755	777	485	1273	293	267	551	356	1174	363	618	1850	211	1173	210	1394	1850	344	3125	451	223	2205	300	348	3900	291	1491	549	558	475	255	432	243	425	1120	230	1826	1212	1125	699	1312	1122	1357	437	1076	1583	280	293	301	948	167	983	1531	1173	1201	1491	792	320	1748	446	284	598	744	558	351	258	336	478	323	937	290	208	1218	334	243	0	273	635	847	287	429	937	258	777	541	887	600	779	248	427	369	69	1244	320	415	563	785	451	425	135	1446	546	341	325	1578	772	210	541	759	701	1285	1455	758	666	775	1485	948	302	1139	325	253	1306	1557	334	22	808	344	1367	1328	1437	151	1790	2529	681	835	1584	1615	299	857	182	439	1777	1385	394	334	554	526	249	174	325	2438	662	2021	623	806	948	744	738	337	757	365	231	389	2330	367	499	1433	1942	551	519	1485	344	247	165	33	294	363	792	1120	718	563	347	939	197	1173	323	371	205	1103	2215	824	2076	428	469	299	815	1538	847	600	343	365	889	420	300	355
264	405	941	1442	389	1544	911	227	543	0	1730	398	417	367	406	757	402	642	816	716	449	918	510	420	534	257	178	501	372	219	20	1297	1693	571	77	266	1493	240	549	740	193	491	387	958	820	481	71	606	1307	1130	272	304	2009	385	1074	3676	106	626	249	395	702	286	525	463	277	802	353	257	186	361	367	1225	3290	359	335	1127	342	1494	335	71	447	968	764	378	893	835	333	430	85	749	259	389	193	393	668	892	490	1508	379	667	447	1156	1384	266	2584	98	406	1730	391	628	3397	379	1008	518	227	555	297	119	417	318	626	710	1362	1715	680	859	1120	996	816	107	574	1133	413	371	313	507	377	769	1056	667	734	1008	347	352	1361	105	355	220	460	227	194	293	275	64	222	398	380	335	1067	272	417	543	386	1156	335	401	355	398	537	1317	108	536	347	1322	419	356	254	585	702	352	936	196	452	96	316	654	905	373	385	232	1090	451	447	108	449	1212	742	1908	1276	301	1197	1012	507	392	639	387	298	767	1094	392	531	317	266	1043	843	1100	407	1295	2108	178	322	1089	1133	252	377	361	106	1348	904	323	392	974	382	405	447	387	2027	486	1522	240	298	507	460	236	266	434	493	442	293	1838	258	219	993	1442	193	873	1012	214	707	380	570	523	466	347	626	402	196	289	460	387	667	228	505	337	1638	1724	347	1544	355	710	252	311	1287	1204	367	215	493	360	313	252	279
1994	1972	2289	890	1951	1299	2641	1887	2205	1730	0	1470	1981	2047	1965	1010	1969	2095	1002	2066	1952	2648	2205	1454	2014	1918	1884	2197	1358	1916	1747	2775	2769	1876	1792	1996	2848	1844	2217	1678	1862	2217	1856	779	1576	2208	1776	2336	3035	2580	1849	2015	2044	2114	2229	2670	1830	1103	1919	1826	1150	2016	1902	1902	1933	1063	2016	1837	1895	2062	1613	2826	2320	1371	2045	2125	2017	3207	2045	1776	2171	1349	1022	2108	1686	1368	1450	1905	1750	1015	1923	1951	1862	1877	1530	2472	1661	2327	1995	1527	2171	2367	356	1996	1655	1825	2130	0	2121	2358	2850	2109	1615	1760	1887	1869	2007	1846	1981	2034	1103	2415	381	3417	1739	2549	2423	2437	1052	1829	1156	1791	1950	2101	2042	1749	2049	2194	676	1527	1671	1615	1756	2082	2107	1833	2084	1608	1985	1887	1906	2003	2004	1786	1906	1470	2110	2016	2450	2002	1981	2205	2115	2675	1395	2131	1795	1470	2266	2888	1800	1917	1617	2911	1978	1798	1836	2266	1150	2082	2491	1856	1434	1822	2033	2268	1185	2039	1887	1952	1604	1940	2171	1800	1952	2698	1160	3125	2769	1867	2926	1664	1749	2122	1558	1902	2008	1066	1728	1896	2202	1417	1996	2133	1602	2130	2054	1602	2393	1555	1407	645	1643	1918	1360	2048	1830	487	1622	2046	1896	2702	2058	1971	2163	1902	2387	1604	1628	1844	1431	1749	1985	1496	1996	1936	2220	2168	2018	1824	1838	1916	1795	334	1862	2603	1664	1937	2249	2048	2239	2008	2193	1756	1103	1936	1856	2019	1666	2103	1527	1944	2231	2019	3153	1776	1696	1299	1796	2039	1918	1419	2421	2931	1622	1939	2220	1544	2031	1918	1850
609	798	892	1058	780	1146	1227	448	937	398	1470	0	810	762	797	459	794	1026	480	648	484	1241	896	22	918	656	476	747	313	494	418	1695	2054	913	476	626	1885	393	942	439	433	800	387	696	471	792	400	931	1599	1155	657	690	1645	732	1425	3277	498	442	648	359	341	632	454	439	485	442	751	379	488	624	626	1620	2891	302	616	920	739	1845	616	400	811	574	449	731	573	442	443	437	472	455	658	780	433	766	312	1290	764	1273	777	310	811	1048	1152	622	2187	486	772	1470	733	953	3010	727	656	829	448	898	684	505	810	614	442	1083	1134	2072	423	1087	1057	1009	457	501	387	813	800	719	673	324	774	759	835	310	431	656	286	693	1092	491	710	481	516	448	586	681	631	462	620	0	728	731	1047	631	810	937	739	1555	271	746	706	0	884	1714	404	470	611	1717	811	708	638	974	341	693	1335	423	590	486	613	1052	508	585	761	615	730	473	811	404	484	1611	364	2291	1675	402	1520	672	324	733	296	767	686	420	762	769	924	327	622	867	500	903	805	924	1783	335	271	829	778	651	357	754	498	1169	562	635	769	1309	607	797	821	767	1712	732	1142	393	288	324	516	314	626	467	803	800	615	1461	642	494	694	1153	433	1190	672	596	1104	777	963	907	777	286	442	466	423	635	232	765	310	615	812	734	2036	1349	227	1146	706	1073	651	297	1153	1494	632	597	803	74	613	651	663
374	12	1222	1824	32	1955	781	531	243	417	1981	810	0	178	16	1095	15	229	1173	1036	768	772	283	831	130	174	453	609	678	478	399	889	1291	267	346	340	1076	584	258	1148	510	500	744	1253	1236	494	445	532	1176	1336	156	249	2424	377	692	4079	340	916	187	764	1081	372	879	809	555	1175	142	609	447	522	372	859	3693	670	489	1487	164	1242	489	445	348	1383	1111	362	1303	1251	542	771	338	1085	175	32	510	113	1085	508	374	1871	69	1084	348	1458	1625	350	2982	354	328	1981	392	546	3815	376	1422	311	531	256	245	342	0	464	916	474	1601	1442	1080	885	1394	1226	1189	334	877	1539	37	372	337	902	162	1047	1311	1084	1142	1422	738	387	1744	353	352	392	763	531	274	244	347	361	219	810	375	177	1315	343	0	243	363	755	664	387	189	810	439	938	464	885	365	951	6	186	174	312	1081	387	541	521	550	350	462	287	1308	587	98	285	1506	777	348	464	768	805	1130	1491	872	642	1018	1424	902	394	1055	82	243	1134	1504	91	250	615	350	1392	1257	1456	124	1713	2508	506	653	1372	1548	182	656	193	340	1544	1318	439	91	796	576	12	313	82	2423	419	1939	584	622	902	763	557	342	760	502	363	417	2255	170	478	1395	1730	510	750	1424	297	299	156	277	118	487	738	916	721	521	371	869	281	1084	273	512	176	1245	2141	753	1955	188	329	182	628	1600	1084	363	298	502	777	456	183	151
221	174	1058	1810	181	1903	639	404	175	367	2047	762	178	0	183	1110	174	376	1177	886	625	635	157	784	297	129	331	432	702	345	346	945	1426	445	289	187	1164	465	182	1046	391	322	618	1294	1147	316	365	365	1040	1161	212	90	2327	199	849	4039	264	954	129	643	1068	212	745	674	416	1167	41	491	323	357	478	858	3653	691	325	1346	30	1159	325	365	174	1322	1121	185	1201	1190	597	636	311	1101	124	181	391	267	1006	531	520	1729	110	1005	174	1297	1694	197	2950	276	150	2047	214	381	3736	199	1330	475	404	433	90	257	178	302	954	367	1670	1372	970	711	1227	1053	1181	261	908	1430	208	196	170	792	18	884	1371	1005	1042	1330	632	213	1613	271	177	439	616	404	176	92	191	302	148	762	198	32	1144	187	178	175	185	800	676	209	317	762	273	952	371	749	466	955	184	315	220	223	1068	213	579	403	646	275	300	294	1271	427	248	156	1416	636	174	371	625	862	1109	1595	923	515	898	1326	792	217	972	235	88	1131	1401	246	164	639	197	1246	1165	1313	66	1627	2388	509	664	1420	1454	129	691	15	264	1630	1223	273	246	672	412	174	144	235	2299	555	1857	465	635	792	616	567	188	620	324	187	257	2168	218	345	1282	1777	391	604	1326	174	372	25	204	287	309	632	954	580	403	210	775	103	1005	151	334	29	1275	2053	659	1903	316	497	129	644	1440	944	471	174	324	715	295	129	214
373	9	1221	1809	17	1942	794	526	258	406	1965	797	16	183	0	1079	9	237	1158	1033	764	786	296	818	135	168	447	612	662	474	388	904	1298	261	336	339	1088	578	273	1139	504	506	738	1237	1225	500	436	542	1189	1339	142	250	2414	381	696	4066	331	899	182	758	1066	372	874	803	551	1160	146	603	442	522	355	875	3679	655	488	1482	167	1258	488	436	356	1371	1096	367	1294	1239	526	765	326	1069	169	17	504	98	1075	523	360	1867	73	1073	356	1457	1609	350	2968	345	334	1965	396	556	3803	380	1412	299	526	249	246	334	16	464	899	488	1584	1458	1071	893	1394	1227	1174	325	861	1530	25	376	339	894	168	1046	1295	1073	1133	1412	730	389	1738	345	356	377	760	526	269	245	347	351	213	797	379	180	1316	342	16	258	368	770	648	392	173	797	449	954	455	880	349	967	14	170	160	326	1066	389	557	514	534	342	462	303	1294	586	82	282	1495	773	356	455	764	819	1116	1501	886	636	1033	1415	894	399	1045	67	244	1119	1495	76	264	599	350	1388	1247	1452	133	1702	2500	491	638	1356	1538	176	640	198	331	1527	1308	439	76	810	575	9	321	67	2416	404	1928	578	607	894	760	542	341	755	508	370	417	2244	156	474	1387	1714	504	762	1415	294	314	162	292	123	493	730	899	717	514	371	860	287	1073	270	518	179	1260	2130	744	1942	172	332	176	613	1598	1097	346	294	508	765	456	177	136
1013	1083	1316	753	1063	993	1656	885	1283	757	1010	459	1095	1110	1079	0	1080	1269	104	1079	943	1666	1263	444	1168	985	892	1193	417	920	777	1972	2188	1091	829	1021	2116	838	1292	747	862	1227	847	239	690	1218	791	1352	2041	1595	943	1059	1655	1137	1567	3034	863	214	982	818	178	1036	901	895	928	165	1087	829	904	1062	778	1952	2648	424	1048	1244	1082	2252	1048	791	1205	585	39	1133	814	514	565	896	799	10	989	1063	862	1012	585	1603	885	1539	1087	581	1205	1434	696	1019	1928	855	1163	1010	1141	1374	2892	1132	814	979	885	1078	1052	877	1095	1040	214	1466	679	2473	782	1541	1468	1449	170	863	228	1005	1072	1124	1068	754	1116	1201	393	581	739	814	746	1102	1329	862	1110	702	976	885	948	1048	1028	820	962	459	1132	1078	1476	1027	1095	1283	1141	1846	435	1153	934	459	1291	2034	810	917	772	2045	1094	936	926	1334	178	1102	1636	855	637	853	1039	1374	401	1033	1016	989	850	932	1205	810	943	1888	227	2480	1957	858	1946	852	754	1142	601	1028	1053	123	941	1025	1274	480	1019	1221	722	1238	1135	972	1885	602	447	370	902	983	441	1108	863	736	767	1056	1025	1727	1054	1083	1204	1028	1836	832	1134	838	477	754	976	544	1021	926	1230	1198	1031	1440	929	920	943	698	862	1618	852	972	1391	1118	1314	1159	1203	746	214	926	855	1039	666	1144	581	984	1240	1081	2337	1343	687	993	934	1267	983	469	1517	1936	787	973	1230	533	1038	983	946
364	3	1212	1808	17	1939	786	518	251	402	1969	794	15	174	9	1080	0	243	1157	1025	756	778	287	815	142	161	440	603	662	466	384	905	1304	270	331	330	1091	571	266	1133	496	496	731	1239	1220	490	430	533	1182	1330	140	241	2409	372	704	4064	325	901	174	751	1065	363	866	796	543	1159	136	596	434	513	360	874	3677	655	480	1475	158	1253	480	430	346	1367	1096	357	1288	1235	528	758	322	1070	162	17	496	105	1070	523	368	1859	64	1069	346	1448	1612	341	2966	339	325	1969	387	547	3799	371	1407	308	518	259	236	328	15	455	901	481	1588	1454	1065	884	1385	1218	1173	319	862	1525	34	367	330	888	159	1037	1298	1069	1128	1407	724	380	1731	338	346	378	752	518	261	235	338	346	205	794	370	171	1307	333	15	251	358	771	648	383	178	794	439	954	449	873	353	966	17	175	158	320	1065	380	557	507	539	336	453	300	1292	577	89	273	1490	765	346	449	756	821	1114	1506	888	629	1026	1409	888	389	1040	73	234	1119	1489	83	257	599	341	1380	1242	1444	124	1697	2494	490	637	1358	1533	169	641	188	325	1532	1302	430	83	803	566	3	312	73	2409	411	1924	571	607	888	752	541	332	748	498	360	408	2239	154	466	1380	1716	496	754	1409	286	315	153	285	131	483	724	901	709	507	362	854	277	1069	262	509	170	1260	2125	738	1939	177	340	169	613	1589	1089	351	286	498	761	447	169	135
592	240	1434	2013	253	2165	857	759	328	642	2095	1026	229	376	237	1269	243	0	1355	1258	993	840	405	1047	108	404	681	800	857	705	625	703	1061	226	573	558	861	814	343	1377	738	674	973	1403	1462	670	674	669	1223	1526	371	462	2651	568	473	4281	569	1075	417	994	1276	586	1107	1036	780	1365	352	838	675	733	498	734	3894	852	701	1713	375	1206	701	674	514	1600	1290	554	1531	1468	704	998	559	1259	404	253	738	263	1310	387	433	2097	288	1309	514	1673	1738	568	3180	583	508	2095	583	676	4036	569	1649	336	759	229	459	572	229	677	1075	526	1713	1383	1309	1027	1603	1424	1379	563	1044	1768	228	567	546	1131	357	1260	1439	1309	1371	1649	968	587	1973	582	550	575	986	759	503	459	563	589	448	1026	568	388	1518	559	229	328	553	585	852	575	337	1026	583	793	693	1112	500	816	226	334	389	386	1276	587	398	750	668	580	676	262	1515	802	265	509	1732	1003	514	693	993	620	1329	1266	690	870	1045	1652	1131	585	1281	258	457	1322	1733	257	348	796	568	1617	1484	1682	309	1937	2738	706	842	1513	1775	412	828	392	569	1635	1545	650	257	841	788	241	475	258	2653	490	2163	814	812	1131	986	751	559	986	676	533	632	2479	385	705	1624	1867	738	832	1652	523	171	350	349	119	668	968	1075	946	750	585	1097	466	1309	499	684	386	1073	2365	982	2165	336	142	412	815	1816	1144	488	524	676	998	670	412	364
1064	1161	1296	659	1141	889	1700	922	1351	816	1002	480	1173	1177	1158	104	1157	1355	0	1066	955	1712	1326	462	1252	1054	938	1227	498	962	836	2056	2288	1183	891	1074	2207	871	1359	704	903	1271	860	272	631	1262	843	1399	2078	1582	1019	1120	1554	1189	1665	2938	923	317	1050	828	147	1087	899	901	963	77	1155	859	950	1100	869	2026	2552	503	1089	1192	1149	2306	1089	843	1260	497	69	1185	754	441	653	907	865	114	1058	1141	903	1095	545	1679	980	1471	1160	542	1260	1398	712	1072	1833	914	1219	1002	1192	1421	2788	1183	738	1073	922	1170	1113	935	1173	1083	317	1526	698	2529	751	1567	1440	1437	76	924	324	931	1152	1175	1122	747	1184	1192	437	542	696	738	761	1152	1257	920	1163	783	988	922	1009	1110	1081	880	1028	480	1184	1144	1456	1080	1173	1351	1193	1927	509	1204	1018	480	1343	2110	858	914	862	2120	1172	1021	1001	1399	147	1152	1715	895	735	912	1082	1448	307	1064	1098	1048	768	942	1260	858	955	1972	168	2576	2040	883	1992	780	747	1192	568	1109	1114	63	866	1107	1341	559	1072	1177	662	1188	1205	878	1790	672	520	386	819	1051	527	1173	923	778	702	1102	1107	1776	1086	1161	1263	1109	1744	929	1034	871	551	747	988	617	1075	938	1273	1252	1078	1338	1005	962	880	678	903	1662	780	1030	1471	1186	1381	1243	1247	761	317	942	895	1090	663	1204	542	1044	1283	1147	2417	1242	701	889	1019	1359	1051	544	1472	1973	878	1031	1273	553	1082	1051	1023
666	1027	245	1459	1021	1358	964	514	1004	716	2066	648	1036	886	1033	1079	1025	1258	1066	0	272	992	926	655	1166	867	592	531	921	560	721	1764	2311	1260	745	700	2015	478	999	430	543	668	331	1319	565	666	650	773	1228	516	941	797	1554	716	1729	3440	728	1090	853	334	919	673	204	255	482	1002	906	459	595	535	1082	1586	3065	906	563	467	884	1590	563	650	797	832	1058	727	522	746	988	285	790	1077	865	1021	543	1065	545	1347	1207	845	972	548	797	440	1774	690	2419	716	781	2066	705	787	2998	713	670	1227	514	1245	799	717	1036	585	1090	1011	1758	1820	345	686	418	371	1013	735	1034	668	1051	712	717	327	904	134	1470	548	434	670	404	686	754	712	723	928	273	514	767	799	695	732	824	648	715	870	399	699	1036	1004	731	1614	871	717	1053	648	795	1698	616	189	1062	1681	1041	1053	928	997	919	686	1404	534	1134	721	586	1140	922	460	1051	751	750	267	797	616	272	1687	906	2458	1736	416	1226	638	327	703	512	1047	801	1002	671	1055	982	904	690	363	556	432	952	949	1543	821	864	1446	764	859	956	870	728	1810	582	615	1055	1075	479	1027	831	1047	1446	1201	1173	478	864	327	273	846	699	284	669	777	628	1442	931	560	525	1735	543	935	638	739	1246	911	1011	1155	659	404	1090	320	534	675	418	812	548	763	668	872	2030	1330	446	1358	1052	1365	859	878	572	1132	1082	738	669	584	592	858	949
404	759	492	1454	751	1431	836	242	759	449	1952	484	768	625	764	943	756	993	955	272	0	858	686	499	898	597	320	347	702	289	452	1536	2051	988	473	438	1775	209	756	488	271	461	97	1180	618	456	381	586	1166	703	669	535	1739	475	1460	3554	455	907	583	126	809	415	130	69	213	905	642	192	323	295	816	1383	3174	687	316	720	620	1473	316	381	561	858	930	483	630	743	743	48	520	939	595	751	271	793	526	1114	938	1104	705	527	561	709	1636	428	2501	443	538	1952	465	604	3172	471	775	955	242	972	536	445	768	333	907	805	1618	1705	397	629	671	562	918	462	849	835	781	468	462	250	644	323	1317	527	487	775	198	439	989	440	475	666	34	242	496	535	434	461	553	484	472	607	624	438	768	759	489	1386	652	479	780	484	583	1492	346	129	797	1480	772	780	655	762	809	439	1170	262	883	449	334	895	890	219	779	484	862	16	561	346	0	1456	814	2214	1509	147	1122	758	250	464	487	775	539	892	818	783	738	674	428	623	624	688	691	1075	1769	572	643	1313	891	589	731	611	455	1646	671	365	783	937	243	758	591	775	1679	935	1307	209	637	250	34	606	437	17	462	542	372	1601	658	289	684	1632	271	801	758	470	993	650	771	887	445	198	907	48	262	417	304	562	527	494	466	609	1826	1486	256	1431	780	1095	589	652	844	1063	816	470	462	410	339	588	676
654	776	1022	2287	791	2289	33	793	535	918	2648	1241	772	635	786	1666	778	840	1712	992	858	0	490	1262	832	756	774	514	1289	749	900	933	1634	1018	856	652	1216	851	520	1344	809	441	922	1876	1476	450	875	313	405	948	847	642	2546	533	1228	4410	818	1544	750	958	1581	632	979	927	759	1683	674	868	762	618	1114	676	4031	1276	624	1426	664	615	624	875	482	1713	1667	540	1478	1593	1215	899	901	1658	750	791	809	883	1378	615	1145	1764	724	1379	482	1247	2301	651	3359	822	522	2648	527	291	3991	538	1626	1083	793	1011	650	802	772	628	1544	313	2278	847	1251	357	1132	916	1697	819	1492	1657	810	546	605	1106	641	903	1973	1379	1344	1626	998	566	1725	814	563	1060	827	793	745	654	643	862	755	1241	538	660	1017	645	772	535	532	800	1253	516	947	1241	383	789	856	972	1101	756	778	944	854	467	1581	566	668	818	1279	826	629	579	1723	670	866	697	1712	874	482	856	858	880	1606	1655	901	856	280	1604	1106	526	1339	850	650	1656	1652	860	524	1231	651	1316	1481	1389	657	1922	2508	1092	1241	2007	1736	753	1290	628	818	2252	1525	610	860	83	645	776	497	850	2406	1185	2152	851	1216	1106	827	1152	651	866	438	482	635	2432	853	749	1509	2358	809	57	1604	712	696	643	505	829	465	998	1544	841	818	629	1141	556	1379	707	429	658	1100	2319	1051	2289	946	981	753	1228	1385	311	1106	710	438	1174	629	753	849
304	286	1069	1951	301	2028	498	497	83	510	2205	896	283	157	296	1263	287	405	1326	926	686	490	0	919	363	286	436	418	857	437	490	850	1399	540	435	278	1090	562	74	1142	493	281	699	1450	1252	279	496	264	895	1131	364	207	2417	212	865	4165	404	1111	285	730	1213	285	814	745	493	1312	191	587	425	393	628	727	3780	846	370	1393	188	1002	370	496	129	1443	1272	203	1294	1313	754	706	464	1254	282	301	493	392	1119	428	654	1771	233	1119	129	1311	1851	285	3082	415	148	2205	222	273	3839	215	1430	595	497	532	213	394	283	353	1111	210	1828	1215	1059	623	1229	1038	1327	403	1064	1515	320	218	237	885	157	902	1529	1119	1138	1430	733	247	1673	408	213	596	670	497	317	217	276	446	302	896	214	188	1135	274	283	83	197	701	830	209	457	896	177	828	494	815	617	825	289	454	374	79	1213	247	483	505	800	415	353	214	1405	470	375	281	1517	700	129	494	686	769	1251	1532	824	601	745	1422	885	224	1083	360	212	1278	1491	370	60	795	285	1289	1267	1359	166	1729	2456	662	817	1576	1552	286	848	156	404	1787	1323	322	370	520	449	286	95	360	2364	695	1962	562	789	885	670	721	278	685	282	150	321	2267	373	437	1365	1933	493	466	1422	300	330	158	84	357	280	733	1111	647	505	282	881	134	1119	283	288	186	1158	2152	768	2028	455	544	286	799	1456	802	620	299	282	844	348	286	365
631	819	898	1036	801	1124	1248	469	959	420	1454	22	831	784	818	444	815	1047	462	655	499	1262	919	0	938	678	498	767	320	515	440	1717	2072	932	498	648	1906	413	964	431	454	821	402	682	457	813	422	953	1619	1165	678	712	1628	754	1443	3255	520	436	670	373	321	654	464	452	505	422	773	399	509	645	642	1642	2869	310	637	917	761	1866	637	422	833	553	432	753	562	422	455	452	493	440	680	801	454	786	299	1312	779	1267	798	296	833	1050	1138	644	2165	508	794	1454	755	974	2990	749	641	846	469	916	707	527	831	635	436	1105	1120	2093	419	1105	1062	1019	437	523	382	800	821	741	695	329	796	768	823	296	422	641	302	715	1083	513	732	499	531	469	608	703	653	484	642	22	749	753	1055	653	831	959	761	1577	281	768	726	22	906	1736	426	480	627	1739	832	728	659	997	321	715	1356	445	601	508	634	1074	486	604	782	637	714	487	833	426	499	1632	343	2311	1697	421	1541	658	329	755	285	788	708	401	749	790	946	338	644	865	487	901	827	906	1769	352	281	814	763	673	365	777	520	1158	548	657	790	1330	627	818	843	788	1699	746	1123	413	300	329	531	329	648	482	824	822	637	1443	663	515	684	1136	454	1210	658	618	1126	799	985	927	798	302	436	482	445	657	237	787	296	637	833	756	2058	1331	242	1124	726	1092	673	308	1153	1514	648	619	824	91	635	672	684
503	139	1350	1908	149	2057	846	661	299	534	2014	918	130	297	135	1168	142	108	1252	1166	898	832	363	938	0	303	582	729	754	609	518	803	1163	186	467	469	969	713	314	1271	639	612	873	1309	1355	607	568	626	1228	1457	263	376	2544	496	562	4174	465	977	317	893	1170	500	1009	938	685	1260	266	738	577	649	405	812	3788	749	616	1617	289	1249	616	568	454	1492	1188	481	1426	1360	604	900	451	1158	304	149	639	157	1202	458	361	2001	195	1201	454	1587	1657	479	3074	479	441	2014	510	636	3927	495	1542	273	661	181	372	469	130	592	977	521	1632	1436	1205	984	1521	1350	1274	459	944	1663	122	492	463	1028	278	1175	1352	1201	1265	1542	864	510	1873	479	474	470	894	661	404	372	476	483	348	918	495	302	1441	471	130	299	481	679	747	504	234	918	535	879	589	1015	405	898	125	231	281	365	1170	510	479	650	580	475	590	280	1407	716	157	415	1625	907	454	589	898	720	1223	1374	789	771	1058	1546	1028	513	1173	150	370	1218	1627	149	314	692	479	1522	1377	1586	233	1830	2634	599	737	1422	1668	311	726	312	465	1561	1438	566	149	845	704	140	416	150	2550	415	2055	713	706	1028	894	644	470	890	614	471	545	2371	277	609	1520	1777	639	818	1546	428	235	272	327	11	602	864	977	851	650	498	992	395	1201	403	623	301	1170	2258	876	2057	233	201	311	710	1729	1142	395	428	614	890	584	312	256
219	164	1061	1693	154	1802	757	358	297	257	1918	656	174	129	168	985	161	404	1054	867	597	756	286	678	303	0	279	479	574	307	238	1039	1465	402	181	188	1240	410	307	975	335	398	570	1165	1066	390	274	470	1160	1196	102	125	2254	266	864	3933	168	825	14	589	949	223	705	635	384	1047	101	434	274	371	363	974	3547	564	337	1314	99	1288	337	274	279	1225	996	253	1130	1092	468	597	190	976	5	154	335	205	919	635	426	1699	123	918	279	1295	1564	198	2840	182	243	1918	279	488	3651	263	1252	400	358	387	117	168	174	312	825	496	1541	1501	906	796	1236	1077	1061	163	780	1366	184	256	204	728	132	886	1242	918	970	1252	564	260	1569	180	234	310	594	358	100	114	197	196	44	656	263	98	1163	193	174	297	257	898	549	281	225	656	381	1063	290	712	348	1069	178	223	102	351	949	260	678	346	523	179	310	398	1162	428	188	122	1336	605	279	290	597	955	993	1661	1019	467	1023	1253	728	282	887	182	116	1009	1331	191	290	511	198	1220	1087	1284	152	1545	2333	383	538	1290	1378	8	562	131	168	1503	1147	292	191	797	421	163	258	182	2248	452	1773	410	508	728	594	440	190	588	400	285	265	2087	102	307	1221	1648	335	722	1253	130	450	133	329	292	379	564	825	549	346	223	697	202	918	109	412	101	1381	1973	581	1802	224	498	8	517	1434	1062	356	131	400	616	304	9	107
135	442	799	1534	433	1592	763	79	492	178	1884	476	453	331	447	892	440	681	938	592	320	774	436	498	582	279	0	325	536	42	169	1274	1742	668	166	158	1495	134	493	715	59	335	292	1107	818	325	113	461	1151	966	348	243	1995	256	1143	3729	139	785	265	314	810	157	426	356	114	912	338	160	11	185	524	1163	3345	522	162	1035	318	1370	162	113	338	1007	893	256	869	877	511	318	220	885	277	433	59	473	682	855	633	1419	393	682	338	1026	1544	151	2649	129	300	1884	256	483	3407	251	1000	640	79	652	241	126	453	149	785	609	1522	1596	638	684	977	837	926	146	730	1099	463	243	201	460	348	624	1216	682	710	1000	301	217	1292	124	236	391	321	79	178	239	161	158	234	476	252	306	914	161	453	492	264	1127	494	270	463	476	408	1264	84	433	505	1261	457	463	336	516	810	217	906	71	628	135	148	622	978	197	459	177	1086	327	338	84	320	1191	840	1925	1250	189	1054	995	460	257	647	455	243	883	1069	463	474	486	151	942	835	1005	391	1297	2060	352	482	1240	1124	271	548	319	139	1517	893	164	463	838	204	442	351	455	1974	639	1529	134	462	460	321	406	157	310	337	325	140	1838	338	42	951	1587	59	725	995	159	703	353	512	571	310	301	785	272	71	160	446	302	682	184	348	309	1593	1723	332	1592	462	777	271	476	1163	1046	522	159	337	415	146	270	356
270	604	652	1778	606	1776	494	310	501	501	2197	747	609	432	612	1193	603	800	1227	531	347	514	418	767	729	479	325	0	860	287	490	1235	1817	871	469	294	1492	355	492	835	336	140	407	1418	964	140	438	244	852	728	579	364	2071	233	1272	3901	431	1104	466	444	1089	259	473	416	265	1190	466	368	316	140	814	1055	3521	845	167	996	444	1130	167	438	291	1199	1189	247	975	1079	833	385	525	1187	475	606	336	680	864	821	900	1367	539	865	291	894	1861	286	2845	428	291	2197	218	261	3510	233	1121	880	310	858	370	414	609	187	1104	479	1840	1361	743	358	811	624	1204	436	1048	1170	636	236	277	592	450	488	1534	865	834	1121	487	223	1286	421	256	702	317	310	405	372	284	466	449	747	234	432	719	288	609	501	247	1085	816	225	704	747	266	1167	407	468	796	1151	615	703	575	479	1089	223	880	341	941	434	189	631	1212	162	662	363	1208	363	291	407	347	1160	1107	1937	1206	348	785	1103	592	215	825	652	372	1168	1158	662	478	812	286	889	971	960	496	1420	2074	677	804	1551	1235	472	873	417	431	1840	1018	193	662	591	140	604	329	652	1978	919	1652	355	786	592	317	731	292	354	140	271	225	1942	576	287	1020	1891	336	458	1103	363	748	456	500	719	137	487	1104	327	341	258	628	334	865	377	138	432	1500	1828	542	1776	703	928	472	800	1039	747	810	362	140	676	193	471	585
637	666	1165	1155	645	1335	1283	556	871	372	1358	313	678	702	662	417	662	857	498	921	702	1289	857	320	754	574	536	860	0	573	389	1557	1821	694	434	637	1712	531	880	751	526	863	610	593	770	853	425	978	1680	1404	526	659	1911	756	1191	3429	472	255	572	594	427	659	717	680	607	509	675	533	547	721	380	1535	3042	15	699	1232	672	1856	699	425	813	811	434	749	880	690	164	664	395	407	578	645	526	597	614	1185	505	1587	671	612	813	1342	1012	638	2325	467	772	1358	763	1000	3231	751	947	590	556	680	652	487	678	685	255	1065	989	2072	735	1219	1338	1261	523	470	206	1116	655	743	683	616	706	1014	684	612	743	947	519	725	1403	474	726	285	727	556	549	648	646	427	555	313	751	670	1313	644	678	871	757	1429	50	773	520	313	907	1616	453	732	370	1628	676	523	509	925	427	725	1219	523	290	463	683	957	684	713	600	595	1014	696	813	453	702	1473	486	2091	1542	574	1567	969	616	764	604	611	653	465	1061	609	864	63	638	1174	801	1214	721	1191	2076	197	59	721	1065	572	45	700	472	980	862	694	609	1344	728	665	808	611	2010	461	1395	531	74	616	727	137	638	684	865	810	664	1714	512	573	1004	1076	526	1246	969	579	974	707	902	744	838	519	255	668	523	661	529	747	612	587	877	672	1920	1606	475	1335	520	867	572	61	1455	1576	388	580	865	351	681	572	529
133	469	762	1549	461	1597	737	59	499	219	1916	494	478	345	474	920	466	705	962	560	289	749	437	515	609	307	42	287	573	0	211	1282	1765	702	207	162	1508	125	499	706	61	308	272	1138	814	299	152	437	1121	925	383	255	1985	244	1171	3734	179	819	293	298	831	152	402	331	77	933	357	149	38	147	566	1162	3350	558	128	1008	336	1350	128	152	330	1012	919	246	859	883	552	292	262	913	305	461	61	506	683	861	674	1393	417	683	330	991	1577	154	2657	169	295	1916	242	459	3402	239	993	678	59	686	255	165	478	120	819	600	1556	1578	626	646	939	796	948	185	763	1086	491	233	199	449	363	586	1250	683	702	993	295	204	1270	164	229	434	288	59	206	253	162	200	263	494	240	323	874	164	478	499	254	1134	529	257	500	494	392	1264	120	407	547	1260	483	500	371	517	831	204	914	71	670	175	119	631	990	154	491	196	1079	298	330	120	289	1200	859	1941	1258	169	1029	986	449	242	647	487	257	907	1058	495	480	524	154	913	830	977	408	1292	2042	391	517	1271	1116	299	586	332	179	1553	886	141	495	815	162	468	348	487	1954	680	1524	125	499	449	288	444	161	281	310	315	124	1831	374	0	937	1616	61	699	986	181	718	369	516	597	284	295	819	242	71	155	443	303	683	206	320	326	1595	1716	332	1597	499	806	299	513	1129	1016	564	181	310	430	119	298	390
248	388	943	1463	372	1564	894	224	522	20	1747	418	399	346	388	777	384	625	836	721	452	900	490	440	518	238	169	490	389	211	0	1277	1677	559	57	248	1475	243	529	755	190	475	394	977	837	466	71	589	1291	1128	256	284	2026	367	1060	3696	86	644	229	403	722	269	532	468	273	822	333	261	176	351	365	1205	3309	376	323	1136	321	1475	323	71	428	987	783	360	909	854	343	435	72	768	240	372	190	379	686	872	486	1518	360	684	428	1160	1401	248	2605	78	387	1747	373	610	3415	362	1024	510	224	543	277	100	399	305	644	690	1379	1696	693	846	1122	995	837	87	592	1148	396	353	295	519	357	771	1073	684	749	1024	358	335	1373	86	337	223	462	224	173	273	257	44	201	418	362	314	1067	254	399	522	368	1136	353	383	344	418	519	1297	107	543	346	1301	401	345	238	565	722	335	916	195	458	76	303	634	925	366	370	212	1107	454	428	107	452	1193	763	1890	1257	305	1179	1028	519	374	656	372	278	787	1110	376	510	333	248	1051	859	1109	387	1313	2122	194	340	1107	1150	232	393	340	86	1363	920	309	376	956	373	387	427	372	2040	483	1539	243	315	519	462	252	249	438	478	423	278	1855	242	211	1007	1460	190	856	1028	194	688	360	550	506	451	358	644	405	195	272	475	368	684	208	489	317	1618	1741	361	1564	343	695	232	328	1293	1187	365	196	478	379	300	232	263
