NAME : VRPTW_INSTANCE_98.txt
COMMENT : Bangkok Supermarket
TYPE : VRPTW
DIMENSION : 264
DAYS : Saturday
EDGE_WEIGHT_TYPE : EXPLICIT
VEHICLES : 31
EDGE_WEIGHT_FORMAT : FULL_MATRIX
CAPACITY : 1000
EDGE_WEIGHT_SECTION
0	214	306	2552	739	128	367	145	704	127	1978	476	1002	3740	430	461	1994	1321	2283	621	252	609	2110	3481	1384	394	37	2414	534	226	1954	211	199	205	410	258	963	2068	258	373	178	93	1010	826	404	350	227	1750	212	2255	2161	192	582	482	1010	1331	654	1022	2785	37	368	368	981	172	1115	352	484	1661	1432	489	948	154	212	467	1010	589	484	97	104	1958	46	255	482	152	674	746	1044	309	185	976	283	595	1615	411	880	165	582	783	1923	1123	413	258	28	245	412	737	879	184	1132	170	1389	1058	123	478	1755	1868	1756	1969	86	955	666	404	400	560	1120	88	995	135	752	1425	266	365	288	133	395	1327	2237	113	418	1412	215	348	2783	1891	581	1109	371	548	34	309	1309	905	176	419	2453	1096	382	566	1904	1190	394	41	626	1119	202	1489	419	589	118	502	1090	119	309	399	1774	1753	245	121	165	584	215	1390	2558	1078	535	362	404	79	993	2219	1109	643	1191	1650	996	83	462	258	914	1033	133	3831	102	306	186	447	547	1134	685	532	232	948	221	154	202	1164	568	258	1630	408	365	3312	539	201	1885	433	2283	890	217	431	1068	395	407	1584	101	917	582	1498	379	214	104	761	225	1656	2009	595	82	334	773	167	775	2039	438	1727	576	609	492	402	124	1067	315	373	576	1701
214	0	419	2625	571	275	167	268	658	274	1894	331	1187	3847	347	489	1921	1245	2364	588	417	744	2192	3586	1329	187	186	2453	359	126	1857	5	260	13	196	407	1086	2059	141	315	179	121	992	838	235	323	393	1671	424	2408	2121	167	637	286	1198	1450	578	994	2861	186	167	168	1038	167	1098	146	438	1605	1479	440	1073	367	424	325	985	384	438	251	319	1834	260	329	286	367	474	841	938	110	243	998	432	788	1472	597	1085	228	726	778	1997	1064	240	407	194	130	199	781	850	176	1260	197	1280	1247	338	449	1623	1765	1671	2046	300	983	843	190	347	345	1281	255	1012	97	954	1331	210	493	85	304	591	1394	2149	255	203	1356	128	144	2927	1766	517	1094	549	732	183	110	1252	1113	178	585	2444	1083	450	747	1843	1330	226	256	752	1303	416	1371	623	460	332	305	1077	263	316	229	1725	1665	450	263	179	511	221	1566	2655	1205	357	156	356	159	1128	2294	1094	571	1296	1783	968	132	673	141	880	1028	98	3942	113	104	400	382	335	1262	482	482	443	1066	273	367	416	1229	500	407	1565	193	164	3401	362	129	1782	645	2365	1104	384	224	1146	591	595	1669	298	1043	726	1671	173	0	114	860	199	1575	1922	541	263	278	813	243	925	1964	230	1595	520	656	294	231	266	1282	107	171	378	1624
306	419	0	2246	711	422	585	445	1009	422	1761	744	794	3441	724	209	1766	1109	2538	409	502	848	2365	3182	1147	598	336	2111	558	499	1752	414	161	406	587	78	670	1786	529	672	243	343	750	1127	654	654	482	1532	273	1989	1900	261	288	702	810	1036	955	770	2479	336	583	585	1265	255	850	559	323	1419	1129	331	656	268	273	736	756	673	323	396	300	2245	303	99	702	306	729	440	1337	447	176	688	75	428	1890	250	744	191	307	523	1616	1428	659	78	331	515	595	443	636	248	843	473	1216	859	295	295	2037	1677	1544	1663	297	664	448	584	701	720	864	383	710	327	609	1724	560	75	441	179	276	1021	2023	413	583	1176	492	559	2507	2178	417	843	195	715	329	447	1075	787	244	196	2170	828	678	364	1664	910	644	302	872	907	293	1779	545	868	298	719	823	416	181	648	1524	1545	418	418	241	431	518	1159	2256	787	565	569	707	372	709	1913	843	477	890	1365	745	334	417	529	674	761	327	3534	339	450	337	329	671	845	747	361	267	652	153	268	293	859	413	78	1398	580	580	3008	565	481	1694	400	2539	832	473	551	761	276	254	1278	361	625	307	1261	586	420	330	457	523	1441	2311	414	370	632	480	473	507	1812	561	2009	403	318	708	650	421	1017	467	586	790	1482
2552	2625	2246	0	2456	2663	2763	2689	3256	2663	1749	2953	1882	1328	2962	2135	1650	1816	4586	2083	2710	2991	4422	1071	1659	2760	2582	430	2510	2731	1875	2620	2381	2613	2724	2300	1624	1027	2757	2915	2452	2581	1732	3362	2853	2900	2696	1724	2449	1129	1311	2460	1988	2861	1905	1283	3195	1754	238	2582	2760	2764	3457	2465	1643	2733	2220	1556	1159	2221	1643	2479	2449	2948	1754	2652	2220	2639	2528	4441	2545	2312	2861	2515	2632	1806	3562	2596	2399	1650	2277	2147	4058	2233	2138	2419	2003	1885	630	3674	2854	2300	2577	2744	2736	1845	1869	2453	1487	2719	2011	1894	2517	2196	4223	1936	1770	584	2531	1658	2027	2725	2945	2798	1638	2626	1644	2552	2145	3956	2801	2189	2604	2422	2278	1230	1825	2656	2710	1655	2726	2737	1084	4372	2182	1642	2239	2780	2576	2596	1705	2187	2454	2177	977	1646	2912	2108	1543	1481	2845	2545	3023	1819	2475	3989	2621	3084	2522	2873	1651	2659	2308	2846	1467	1800	2593	2661	2457	2199	2764	1630	328	1530	2521	2742	2951	2617	1626	334	1642	2158	1380	1106	1775	2574	2360	2757	1858	1669	2552	1446	2575	2603	2531	2283	2712	1485	2653	2189	2431	1629	2363	2479	2475	1396	2200	2300	1635	2715	2757	807	2515	2717	1940	2375	4586	2365	2689	2637	1485	2278	2242	971	2596	1672	2003	1558	2754	2625	2564	1792	2767	1756	4547	2149	2612	2875	1814	2719	1853	1668	2646	4195	2169	1968	2862	2848	2664	2425	2620	2760	2927	1719
739	571	711	2456	0	837	560	835	1124	836	1397	731	1461	3752	832	576	1441	792	2907	456	979	1316	2736	3488	917	531	726	2203	212	681	1340	571	612	572	475	763	1177	1708	678	833	574	662	725	1349	647	861	955	1188	898	2497	1700	555	688	578	1482	1483	1016	702	2694	726	556	560	1579	575	814	539	414	1171	1307	406	1174	854	898	735	702	265	414	809	831	2037	781	629	578	873	196	911	1261	462	612	837	776	1136	1640	961	1451	619	950	614	1859	1467	638	763	732	675	486	742	593	567	1342	769	761	1530	844	451	1816	1240	1179	1913	814	840	1132	483	861	438	1459	809	834	609	1317	1642	757	770	487	743	983	1287	1639	817	454	938	687	548	2967	1968	364	814	906	1287	721	462	845	1496	576	902	2078	810	1016	1064	1388	1438	646	776	1324	1563	903	1621	1154	840	841	578	805	825	533	642	1300	1167	982	826	587	341	788	1779	2556	1290	215	540	872	716	1248	2145	814	346	1308	1833	681	668	1114	678	600	790	610	3859	650	469	912	385	353	1344	214	401	907	1148	600	854	903	1136	353	763	1114	468	555	3260	209	694	1256	1091	2908	1541	945	377	1106	983	965	1583	840	1151	950	1867	538	572	642	936	761	1091	2217	393	812	806	753	815	1123	1479	378	1788	384	681	571	641	829	1726	471	551	590	1145
128	275	422	2663	837	0	388	28	603	1	2103	442	1052	3836	362	588	2121	1447	2155	749	142	489	1982	3578	1511	420	119	2533	627	219	2077	273	327	270	452	363	1060	2195	247	298	300	176	1138	705	393	262	118	1876	248	2326	2289	311	705	489	1057	1427	568	1150	2894	119	389	389	853	292	1243	382	610	1788	1551	615	1043	198	248	430	1138	659	610	30	140	1881	118	381	489	171	749	857	964	383	313	1101	386	644	1551	475	903	293	674	911	2033	1020	405	363	117	237	450	860	1007	305	1224	116	1509	1103	156	605	1683	1991	1881	2079	133	1080	731	444	320	597	1193	39	1121	231	783	1336	216	473	359	242	448	1442	2362	19	465	1540	207	376	2860	1816	706	1236	447	457	126	383	1436	920	298	503	2580	1223	257	631	2031	1276	384	120	503	1170	227	1411	359	535	150	508	1217	11	436	390	1902	1878	195	11	288	707	146	1446	2659	1171	626	390	321	120	1083	2329	1236	767	1293	1737	1124	172	475	247	1042	1160	229	3925	188	378	181	571	603	1226	757	658	270	1047	349	198	227	1281	692	363	1757	452	388	3415	631	193	2007	446	2156	879	109	498	1180	448	469	1692	73	1012	674	1556	405	274	197	870	173	1781	1914	721	51	266	897	76	859	2165	504	1656	702	733	501	393	9	1047	382	396	580	1827
367	167	585	2763	560	388	0	370	576	386	1939	197	1354	3999	272	632	1973	1303	2346	697	518	798	2176	3737	1401	35	333	2576	360	170	1891	173	424	180	86	575	1247	2156	148	273	341	278	1094	790	96	307	497	1721	580	2574	2197	326	783	118	1365	1608	478	1092	3000	333	4	1	1018	330	1200	30	550	1673	1610	550	1235	522	580	196	1084	318	550	373	468	1683	410	491	118	516	413	996	802	168	408	1123	600	954	1315	764	1247	394	892	894	2138	957	93	575	342	154	78	919	949	337	1422	278	1310	1414	488	569	1470	1794	1717	2187	450	1110	1011	78	301	212	1448	382	1134	265	1117	1198	218	659	159	470	755	1535	2187	371	108	1427	181	26	3090	1614	611	1197	717	831	333	168	1325	1273	341	753	2538	1187	479	914	1905	1494	91	406	799	1471	569	1225	747	327	482	137	1181	378	463	90	1797	1708	580	377	343	600	273	1734	2804	1366	353	23	311	296	1292	2434	1197	655	1451	1945	1065	289	829	148	976	1139	266	4095	273	160	544	488	241	1424	414	588	600	1226	435	522	569	1370	592	575	1627	93	6	3545	360	195	1810	800	2347	1254	490	184	1294	755	761	1815	432	1205	892	1839	22	167	277	1017	241	1624	1789	640	395	250	949	329	1092	2014	182	1442	618	799	127	91	378	1428	144	10	211	1675
145	268	445	2689	835	28	370	0	575	27	2114	416	1081	3863	333	607	2133	1458	2143	763	150	484	1970	3605	1525	404	130	2557	624	200	2086	267	344	265	438	389	1087	2214	226	270	311	179	1154	682	371	234	128	1887	277	2355	2305	320	727	469	1085	1454	540	1166	2920	130	372	371	836	302	1260	367	622	1802	1575	627	1071	227	277	404	1154	650	622	49	168	1852	143	400	469	200	741	882	935	378	329	1122	412	673	1522	504	930	309	702	928	2059	993	383	389	130	218	435	882	1023	315	1252	94	1517	1131	185	619	1654	1999	1892	2104	161	1100	760	430	291	581	1221	62	1141	234	811	1307	190	499	353	267	476	1466	2372	32	452	1553	189	360	2889	1787	717	1254	475	467	137	378	1450	946	308	531	2599	1241	236	660	2045	1304	361	143	497	1198	255	1383	378	507	179	488	1235	29	451	367	1916	1888	218	27	299	718	120	1475	2686	1199	623	375	292	122	1111	2354	1254	777	1320	1765	1140	177	503	226	1057	1178	232	3952	192	372	209	581	591	1254	748	670	299	1074	366	227	255	1305	703	389	1770	438	371	3442	628	175	2015	474	2143	903	120	490	1205	476	498	1718	101	1040	702	1584	388	267	201	896	148	1792	1886	733	77	238	918	49	887	2177	494	1627	713	754	480	371	25	1070	375	379	559	1838
704	658	1009	3256	1124	603	576	575	0	602	2513	392	1628	4439	312	1135	2549	1879	1807	1247	606	584	1641	4181	1975	599	673	3104	934	537	2463	662	878	667	654	960	1663	2717	517	346	813	677	1650	252	482	355	608	2297	843	2917	2770	810	1274	547	1628	2030	115	1652	3489	673	580	576	516	801	1757	603	1096	2248	2125	1098	1646	800	843	389	1643	862	1096	622	743	1300	715	945	547	768	950	1450	398	727	860	1652	984	1227	1009	1074	1442	840	1278	1436	2626	419	488	960	678	528	642	1425	1507	814	1828	536	1882	1670	758	1107	1117	2364	2292	2672	736	1635	1325	648	314	699	1788	636	1668	713	1340	738	459	1069	709	836	1040	2028	2760	606	675	2001	540	595	3455	1238	1172	1752	1049	769	679	727	1899	1444	811	1106	3102	1741	390	1226	2481	1878	485	715	559	1743	819	834	812	298	752	550	1735	605	963	487	2371	2283	732	602	807	1164	491	2023	3261	1775	926	599	307	638	1687	2922	1752	1222	1894	2339	1625	683	1031	517	1537	1687	712	4528	684	718	766	1039	774	1830	943	1140	865	1649	897	800	819	1864	1154	960	2203	662	582	4015	934	546	2379	1004	1808	1353	611	758	1770	1040	1067	2288	675	1615	1278	2134	595	658	695	1466	490	2199	1311	1198	652	386	1459	539	1461	2590	754	1091	1176	1297	555	487	600	1487	706	584	560	2251
127	274	422	2663	836	1	386	27	602	0	2103	441	1053	3836	361	588	2120	1447	2156	749	143	489	1983	3578	1511	419	118	2534	626	218	2077	272	327	269	451	363	1060	2195	246	297	300	175	1137	705	392	261	119	1875	249	2327	2289	311	705	488	1058	1427	568	1150	2895	118	388	388	853	292	1243	381	609	1788	1552	614	1044	199	249	429	1138	658	609	30	140	1880	119	381	488	172	748	857	963	382	313	1101	386	645	1550	476	904	293	675	911	2034	1020	404	363	116	236	449	861	1007	305	1225	115	1509	1104	157	605	1682	1990	1881	2079	134	1080	732	443	319	596	1193	39	1121	230	784	1335	215	474	358	243	449	1442	2362	19	464	1540	206	375	2861	1815	706	1236	448	458	125	382	1436	921	297	504	2580	1223	257	632	2031	1277	382	120	504	1171	228	1411	360	534	151	507	1217	10	436	389	1901	1878	196	10	288	707	145	1447	2660	1172	625	389	320	120	1084	2329	1236	767	1294	1738	1124	171	476	246	1042	1160	228	3925	188	377	182	570	602	1227	756	657	271	1048	349	199	228	1281	692	363	1757	451	387	3416	630	192	2007	447	2156	880	110	497	1181	449	470	1693	74	1013	675	1557	404	273	196	871	172	1781	1913	721	52	265	897	75	860	2165	503	1655	701	733	500	392	8	1049	381	395	579	1827
1978	1894	1761	1749	1397	2103	1939	2114	2513	2103	0	2123	2091	3041	2210	1553	100	656	4255	1362	2226	2585	4082	2797	623	1914	1984	1340	1579	2020	131	1892	1784	1889	1859	1839	1636	721	2027	2198	1802	1938	1033	2725	2031	2215	2203	229	2033	2419	477	1793	1504	1973	2123	1642	2410	1003	1943	1984	1934	1938	2933	1811	954	1913	1493	387	1128	1488	1651	2018	2033	2125	1018	1663	1493	2072	2030	3347	2004	1748	1973	2052	1587	1539	2651	1802	1795	1171	1833	2017	2948	1942	2246	1814	1762	1246	1427	2865	2025	1839	1986	2020	1871	1382	1126	1798	1679	2079	638	2153	2033	1502	3129	225	222	1471	2019	1203	1930	1865	2229	1836	1917	2065	1143	1884	2152	3020	2103	1763	1823	1905	1989	1274	262	2086	1838	593	2022	1921	2681	3280	1396	963	1905	2476	1977	1802	689	2308	1805	1858	924	979	2336	1934	219	1773	2029	2000	2604	2130	2051	2975	2306	2236	2033	1974	983	2093	1672	2027	361	230	2171	2094	1814	1396	2112	2178	2005	1665	1586	1916	2239	1995	1710	1574	963	1336	1530	1865	1025	1938	2135	2027	1087	1051	1886	3165	1926	1810	2088	1533	1750	1680	1600	1445	2028	1610	1762	2018	2051	1282	1410	1839	374	1851	1932	2491	1579	2023	220	2128	4256	2442	2192	1755	1381	1989	1951	1420	2072	1655	1762	2202	1918	1895	1915	1550	2093	321	3576	1382	2060	2165	1350	2113	1788	104	1759	3103	1401	1472	1967	2026	2098	2603	1819	1930	1987	278
476	331	744	2953	731	442	197	416	392	441	2123	0	1478	4179	136	818	2161	1494	2188	894	536	735	2020	3917	1596	213	439	2772	545	251	2071	337	588	344	265	720	1414	2354	219	183	510	406	1292	624	102	234	522	1908	677	2726	2392	498	967	157	1486	1779	286	1289	3190	439	201	198	870	497	1398	228	746	1867	1803	746	1401	621	677	11	1282	471	746	441	561	1503	510	658	157	603	560	1172	609	364	571	1318	745	1071	1145	888	1344	554	1045	1090	2326	760	104	720	448	233	253	1108	1147	507	1587	327	1490	1533	581	764	1293	1971	1902	2375	546	1304	1143	260	191	313	1594	454	1330	417	1220	1004	225	816	351	602	870	1723	2369	432	287	1621	261	222	3250	1435	809	1395	847	823	443	364	1520	1362	509	892	2736	1385	416	1043	2096	1654	109	507	727	1596	660	1040	780	131	574	163	1379	436	646	108	1991	1892	633	434	508	798	296	1867	2987	1532	537	221	200	397	1453	2623	1395	853	1627	2110	1263	417	916	219	1173	1336	417	4274	407	355	622	685	383	1589	555	785	699	1395	603	621	660	1558	790	720	1818	274	204	3732	544	275	1987	887	2189	1318	519	370	1478	870	884	2000	507	1370	1045	1975	213	331	416	1191	269	1811	1595	838	470	192	1139	367	1243	2201	366	1265	816	986	166	107	434	1482	340	203	197	1863
1002	1187	794	1882	1461	1052	1354	1081	1628	1053	2091	1478	0	2892	1414	884	2058	1538	2705	1035	1022	1194	2543	2645	1492	1374	1039	1902	1342	1228	2131	1182	948	1174	1372	782	455	1821	1260	1351	1027	1081	1116	1644	1405	1314	1020	1881	805	1296	2046	1048	788	1473	32	626	1614	1158	2087	1039	1354	1355	1665	1037	1162	1333	1047	1705	1065	1054	440	859	805	1468	1142	1465	1047	1044	920	2925	968	893	1473	881	1515	611	2010	1236	961	941	759	408	2604	592	256	970	510	985	1310	2026	1413	782	1031	1247	1378	809	1100	1034	463	1156	1722	71	900	1009	2733	2089	1910	1336	933	911	346	1368	1372	1511	247	1031	969	1089	298	2366	1260	721	1226	885	608	898	2340	1057	1371	1519	1218	1331	1841	2861	1106	1152	637	963	1036	1236	1446	305	1027	605	2161	1137	1238	440	1925	419	1394	971	1229	117	825	2457	841	1585	907	1492	1135	1055	967	1399	1763	1923	895	1057	1022	1127	1196	395	1783	452	1350	1343	1373	1081	385	1564	1152	1145	622	800	1146	1069	597	1260	1133	1072	1088	2968	1083	1238	873	1082	1465	464	1534	1062	782	480	945	859	825	825	1113	782	1721	1366	1351	2538	1349	1203	2105	623	2705	483	1018	1345	714	608	595	985	981	437	510	506	1360	1187	1078	590	1216	1814	2923	1084	1014	1318	825	1128	351	2105	1354	2706	1087	805	1482	1402	1058	573	1254	1358	1565	1835
3740	3847	3441	1328	3752	3836	3999	3863	4439	3836	3041	4179	2892	0	4166	3367	2940	3144	5531	3349	3854	4081	5380	263	2987	4001	3773	1703	3783	3940	3171	3841	3591	3834	3971	3481	2776	2326	3969	4112	3668	3785	3029	4506	4082	4089	3845	3040	3600	1671	2577	3680	3215	4104	2905	2409	4395	3056	1107	3773	3996	3999	4554	3681	2949	3969	3474	2881	2444	3477	2792	3640	3600	4172	3053	3928	3474	3816	3696	5681	3724	3521	4104	3673	3918	3006	4779	3835	3608	2923	3457	3243	5312	3371	3137	3627	3161	3157	1892	4856	4085	3481	3767	3955	3982	3086	3158	3671	2611	3910	3340	2877	3681	3447	5469	3241	3086	1838	3702	2926	3131	3971	4140	4061	2681	3803	2922	3764	3187	5165	4002	3375	3840	3606	3410	2479	3075	3832	3959	2984	3933	3972	1165	5613	3451	2946	3391	3853	3768	3835	3031	3170	3670	3333	2168	2948	4068	3226	2846	2567	4073	3725	4116	2796	3625	5218	3717	4306	3687	4119	2952	3834	3535	4075	2786	3116	3729	3836	3671	3470	3955	2537	1198	2664	3794	3979	4145	3812	2752	1611	2946	3436	2552	2110	3074	3776	3458	3969	3152	2962	3764	127	3781	3842	3680	3537	3980	2609	3940	3450	3579	2791	3575	3640	3625	2640	3469	3481	2961	3962	3993	552	3789	3923	3243	3479	5531	3336	3840	3893	2706	3410	3379	2188	3764	2823	3161	2433	3993	3847	3771	2987	3963	3079	5749	3417	3786	4073	3060	3901	2980	2952	3902	5441	3436	3200	4108	4077	3838	3335	3859	3997	4179	3040
430	347	724	2962	832	362	272	333	312	361	2210	136	1414	4166	0	831	2243	1570	2076	935	430	600	1906	3906	1664	300	394	2799	633	231	2163	351	580	357	356	687	1391	2405	207	64	510	382	1338	517	186	112	420	1991	609	2682	2458	504	974	279	1419	1759	233	1339	3197	394	276	273	750	498	1444	297	784	1938	1822	786	1376	556	609	125	1331	580	784	370	496	1528	454	650	279	533	673	1163	614	415	563	1345	712	1006	1190	832	1262	543	1012	1125	2332	718	197	687	401	219	345	1122	1195	510	1561	262	1582	1465	515	796	1326	2066	1988	2380	484	1328	1089	349	58	436	1548	384	1359	410	1144	999	164	791	396	562	808	1731	2459	357	378	1690	236	288	3212	1461	859	1440	798	699	400	415	1587	1275	508	849	2789	1429	284	988	2172	1621	186	452	591	1532	589	1059	672	177	508	290	1423	359	658	190	2060	1979	539	357	505	851	219	1807	2980	1507	626	294	65	354	1423	2629	1440	909	1614	2080	1313	390	835	207	1224	1376	409	4258	387	406	543	727	496	1563	671	827	632	1375	599	556	589	1566	841	687	1893	363	278	3731	633	245	2082	806	2077	1218	418	457	1478	808	827	1999	433	1345	1012	1917	294	346	398	1180	204	1894	1587	885	401	96	1156	286	1205	2284	455	1298	863	996	290	191	356	1376	394	281	333	1945
461	489	209	2135	576	588	632	607	1135	588	1553	818	884	3367	831	0	1560	900	2733	202	690	1045	2559	3105	941	633	481	1968	475	600	1543	484	263	478	605	287	644	1607	624	789	322	460	552	1283	718	783	668	1324	479	1984	1705	326	152	737	906	991	1065	568	2371	481	629	632	1442	334	656	602	162	1216	991	169	636	468	479	813	556	614	162	558	488	2315	474	207	737	503	646	378	1427	467	280	518	283	579	1944	431	887	301	374	324	1508	1549	720	287	478	611	615	291	430	321	818	608	1009	954	487	125	2101	1468	1335	1557	480	500	559	604	821	709	898	548	536	422	757	1821	676	229	472	360	467	905	1815	574	594	971	596	605	2484	2246	232	649	381	923	473	467	869	938	323	355	1992	636	843	500	1461	903	710	471	1066	988	498	1857	754	948	489	751	630	580	173	712	1324	1336	620	582	328	251	651	1213	2172	763	485	611	828	507	703	1805	649	285	827	1336	543	455	615	624	468	572	423	3465	452	474	538	204	640	820	666	181	476	619	242	468	498	739	235	287	1192	596	626	2914	482	589	1485	601	2733	1008	658	536	662	467	438	1183	540	608	374	1306	625	490	440	401	647	1233	2412	220	538	749	324	623	550	1605	545	2073	215	167	740	713	585	1191	491	630	813	1274
1994	1921	1766	1650	1441	2121	1973	2133	2549	2120	100	2161	2058	2940	2243	1560	0	676	4276	1375	2241	2599	4103	2697	620	1950	2003	1240	1615	2047	231	1918	1798	1915	1896	1844	1602	623	2056	2228	1821	1959	1027	2755	2067	2244	2217	253	2039	2340	377	1813	1501	2013	2091	1588	2448	1000	1843	2003	1969	1973	2958	1830	941	1947	1510	358	1070	1506	1618	2027	2039	2162	1015	1706	1510	2090	2042	3412	2018	1759	2013	2062	1634	1521	2700	1831	1810	1153	1837	2003	3012	1938	2222	1829	1749	1246	1342	2908	2061	1844	2004	2048	1908	1373	1130	1817	1636	2103	689	2118	2044	1516	3193	320	265	1385	2032	1184	1912	1902	2260	1880	1876	2082	1125	1906	2132	3073	2131	1764	1853	1916	1985	1221	282	2104	1874	590	2049	1955	2591	3344	1415	950	1902	2481	1996	1831	690	2285	1824	1854	825	965	2359	1921	142	1728	2064	2015	2618	2092	2058	3033	2310	2277	2045	2015	970	2111	1686	2062	301	282	2180	2112	1833	1416	2137	2129	1909	1625	1624	1950	2269	2015	1675	1481	950	1356	1484	1798	1023	1959	2130	2056	1092	1038	1908	3065	1947	1840	2098	1553	1793	1637	1647	1462	2034	1578	1776	2027	2058	1241	1430	1844	367	1887	1967	2390	1616	2049	316	2124	4276	2423	2207	1791	1345	1985	1947	1352	2086	1624	1749	2148	1954	1921	1936	1531	2119	350	3634	1399	2077	2194	1340	2134	1764	47	1795	3167	1419	1470	2008	2062	2116	2580	1850	1965	2031	298
1321	1245	1109	1816	792	1447	1303	1458	1879	1447	656	1494	1538	3144	1570	900	676	0	3601	707	1570	1929	3428	2884	156	1281	1329	1495	949	1371	643	1242	1127	1240	1228	1188	1100	940	1381	1554	1147	1283	423	2081	1398	1568	1546	428	1380	2164	907	1138	866	1350	1569	1223	1780	383	2046	1329	1299	1302	2282	1155	383	1275	837	379	803	832	1111	1363	1380	1494	399	1052	837	1416	1374	2816	1347	1092	1350	1397	989	942	2052	1157	1139	597	1183	1398	2417	1304	1656	1157	1143	608	1300	2248	1392	1188	1330	1373	1240	763	483	1142	1192	1427	223	1605	1377	846	2595	574	435	1354	1363	627	1324	1233	1585	1225	1407	1409	570	1231	1548	2435	1455	1117	1178	1250	1348	885	916	1430	1207	164	1373	1283	2539	2747	741	393	1263	1823	1321	1157	124	1716	1149	1220	1296	406	1683	1314	602	1296	1394	1344	1947	1599	1398	2411	1655	1613	1378	1354	408	1437	1015	1393	507	435	1516	1439	1159	741	1461	1707	1986	1162	958	1279	1595	1340	1181	1545	393	681	1071	1526	399	1284	1496	1381	444	466	1232	3259	1272	1166	1434	878	1136	1193	1005	789	1377	1071	1106	1363	1398	815	755	1188	324	1219	1296	2619	951	1373	590	1487	3601	1833	1536	1123	877	1348	1313	1135	1415	1106	1143	1756	1284	1246	1261	959	1443	334	3009	726	1404	1519	736	1458	1205	719	1128	2568	745	835	1346	1392	1442	2004	1176	1295	1376	380
2283	2364	2538	4586	2907	2155	2346	2143	1807	2156	4255	2188	2705	5531	2076	2733	4276	3601	0	2904	2042	1690	173	5300	3667	2376	2273	4561	2702	2241	4221	2366	2481	2368	2431	2462	3001	4317	2237	2074	2454	2317	3285	1564	2263	2049	2064	4029	2271	3863	4438	2462	2824	2345	2684	3308	1923	3301	4792	2273	2350	2347	1328	2445	3387	2367	2765	3944	3610	2770	2980	2269	2271	2183	3288	2656	2765	2186	2244	2057	2262	2527	2345	2232	2748	2904	1880	2462	2468	3221	2476	2466	2144	2435	2449	2448	2667	3057	3992	1610	2272	2462	2272	2242	2421	2975	3160	2458	3111	2175	3644	2700	2246	2761	2076	4129	4032	4025	2253	3195	2587	2424	2045	2501	2948	2194	3245	2370	2442	1741	2159	2560	2439	2372	2385	3468	4512	2172	2453	3696	2237	2358	4394	2054	2860	3380	2450	1853	2280	2462	3592	2403	2452	2510	4698	3366	1918	2523	4187	3105	2263	2265	1666	2778	2248	1916	2027	2106	2244	2351	3361	2165	2592	2266	4055	4028	2120	2163	2443	2859	2144	3010	4483	3075	2696	2367	2035	2260	2980	4262	3380	2919	3241	3501	3275	2317	2268	2237	3196	3299	2368	5590	2329	2454	2201	2723	2570	3113	2743	2813	2281	3004	2503	2269	2248	3328	2845	2462	3913	2438	2351	5228	2703	2234	4146	2260	1	2227	2075	2529	3210	2385	2425	3649	2194	2955	2667	3108	2368	2363	2340	2907	2164	3934	1712	2876	2201	2103	3012	2142	2768	4320	2528	2072	2857	2855	2355	2268	2160	2200	2447	2356	2368	3981
621	588	409	2083	456	749	697	763	1247	749	1362	894	1035	3349	935	202	1375	707	2904	0	865	1224	2731	3086	762	688	633	1880	433	712	1348	584	423	579	646	485	721	1470	730	903	455	597	403	1419	791	907	842	1134	674	2043	1543	450	247	783	1060	1030	1163	407	2321	633	693	696	1598	465	510	666	150	1039	924	148	719	656	674	891	397	579	150	718	667	2358	644	385	783	689	581	457	1498	530	436	433	484	768	1975	631	1069	456	540	199	1466	1648	790	485	633	719	658	287	262	451	885	745	807	1106	670	144	2140	1270	1143	1518	657	426	732	648	936	715	1009	710	441	548	942	1894	794	431	543	542	669	870	1624	733	630	791	711	672	2521	2289	102	505	582	1116	626	530	687	1122	457	553	1855	494	995	686	1282	982	785	640	1243	1130	691	1911	951	1024	670	794	488	739	312	785	1153	1142	809	741	465	123	785	1331	2151	833	444	674	944	651	793	1760	505	112	857	1381	381	595	817	730	295	442	550	3452	586	538	726	209	631	887	603	108	673	692	401	656	691	710	119	485	1009	637	690	2876	439	708	1286	803	2905	1203	832	554	662	669	638	1163	711	696	540	1415	684	589	575	482	773	1041	2484	68	703	865	301	770	687	1420	563	2112	86	232	783	786	745	1384	553	692	844	1084
252	417	502	2710	979	142	518	150	606	143	2226	536	1022	3854	430	690	2241	1570	2042	865	0	359	1869	3599	1627	552	255	2601	770	347	2205	416	442	413	588	431	1091	2288	371	366	431	317	1243	655	508	318	24	1998	260	2312	2396	444	791	610	1022	1452	598	1258	2938	255	520	519	764	425	1346	516	733	1903	1621	739	1073	237	260	525	1246	800	733	169	202	1904	222	484	610	199	891	914	992	526	431	1190	449	623	1594	483	844	412	707	1014	2083	1010	520	431	251	364	585	945	1118	437	1247	239	1641	1065	206	724	1715	2120	2005	2126	210	1166	726	580	377	729	1187	171	1212	371	736	1344	319	538	502	329	444	1501	2487	162	602	1656	336	509	2852	1841	832	1339	470	316	261	526	1553	852	428	532	2672	1325	217	629	2147	1287	499	226	378	1137	234	1436	243	607	203	628	1319	154	554	505	2013	2003	127	153	418	835	250	1417	2689	1196	769	523	374	263	1104	2375	1339	894	1331	1746	1233	312	425	370	1154	1259	370	3940	330	521	179	699	742	1248	899	781	279	1082	464	237	234	1344	819	431	1875	589	519	3448	774	323	2137	398	2043	788	35	640	1238	444	475	1738	154	1042	707	1528	537	417	338	924	283	1904	1909	844	171	345	982	188	874	2285	645	1688	826	820	622	508	151	946	524	527	697	1949
609	744	848	2991	1316	489	798	484	584	489	2585	735	1194	4081	600	1045	2599	1929	1690	1224	359	0	1517	3831	1984	834	608	2912	1103	643	2563	744	801	743	881	772	1368	2630	654	555	788	664	1596	484	752	507	383	2357	582	2484	2748	800	1134	859	1185	1712	643	1613	3213	608	802	799	473	781	1698	807	1092	2260	1941	1098	1348	579	582	724	1600	1109	1092	519	557	1830	581	841	859	542	1204	1229	973	854	790	1532	786	847	1579	767	967	772	1002	1368	2372	893	766	772	605	653	875	1286	1474	793	1506	547	1998	1220	557	1083	1668	2478	2364	2411	567	1507	966	872	544	1004	1400	524	1555	719	896	1252	580	872	829	684	718	1810	2846	508	899	2013	634	798	3031	1774	1191	1691	773	232	614	854	1911	950	785	835	3012	1676	323	883	2504	1528	747	585	35	1299	558	1382	370	746	556	874	1671	500	913	753	2369	2362	431	499	775	1194	532	1575	2943	1461	1101	811	535	606	1365	2658	1691	1252	1612	1973	1588	660	632	654	1511	1609	717	4160	676	847	510	1057	1038	1508	1208	1140	594	1365	823	579	558	1660	1178	772	2233	884	801	3703	1107	626	2495	615	1690	824	393	954	1547	718	757	2025	513	1319	1002	1687	820	744	686	1236	563	2264	1764	1203	527	560	1323	501	1138	2644	957	1644	1185	1165	871	755	496	931	847	808	928	2308
2110	2192	2365	4422	2736	1982	2176	1970	1641	1983	4082	2020	2543	5380	1906	2559	4103	3428	173	2731	1869	1517	0	5148	3494	2206	2100	4393	2531	2069	4049	2194	2308	2195	2261	2289	2833	4145	2065	1903	2281	2144	3112	1396	2093	1878	1891	3856	2098	3714	4265	2289	2651	2177	2522	3142	1757	3128	4630	2100	2180	2176	1157	2272	3214	2197	2592	3771	3440	2597	2812	2096	2098	2014	3115	2487	2592	2013	2071	1962	2088	2354	2177	2059	2579	2732	1729	2291	2295	3049	2303	2297	2022	2264	2287	2275	2496	2884	3825	1460	2103	2289	2099	2070	2251	2802	2987	2285	2945	2003	3472	2540	2073	2588	1964	3957	3860	3859	2079	3023	2418	2254	1875	2333	2784	2021	3072	2197	2277	1611	1987	2388	2267	2198	2213	3298	4339	1999	2283	3523	2065	2188	4249	1953	2687	3207	2279	1682	2107	2291	3419	2243	2279	2339	4526	3193	1745	2353	4014	2941	2093	2092	1493	2618	2075	1790	1856	1940	2071	2183	3187	1992	2419	2097	3882	3855	1947	1990	2270	2686	1971	2854	4323	2908	2525	2196	1864	2087	2812	4098	3207	2746	3073	3340	3102	2144	2098	2065	3023	3126	2195	5441	2156	2282	2028	2550	2401	2946	2575	2640	2109	2835	2330	2096	2075	3157	2672	2289	3740	2268	2181	5071	2532	2062	3974	2090	173	2067	1901	2359	3040	2213	2253	3482	2021	2786	2496	2953	2198	2191	2167	2736	1992	3761	1631	2703	2028	1932	2839	1969	2599	4147	2358	1959	2684	2682	2186	2098	1987	2046	2276	2185	2201	3808
3481	3586	3182	1071	3488	3578	3737	3605	4181	3578	2797	3917	2645	263	3906	3105	2697	2884	5300	3086	3599	3831	5148	0	2727	3739	3514	1457	3519	3680	2926	3580	3330	3573	3709	3222	2518	2079	3709	3853	3407	3524	2765	4252	3820	3830	3589	2790	3344	1451	2338	3419	2953	3842	2660	2150	4135	2792	856	3514	3734	3737	4304	3420	2685	3707	3211	2626	2181	3214	2534	3383	3344	3911	2790	3664	3211	3558	3438	5420	3466	3260	3842	3416	3654	2745	4519	3573	3348	2660	3198	2990	5049	3115	2893	3366	2903	2893	1629	4599	3823	3222	3508	3695	3719	2824	2895	3410	2354	3651	3082	2633	3423	3184	5207	2994	2835	1575	3444	2662	2878	3709	3881	3798	2430	3544	2658	3503	2939	4906	3742	3116	3578	3347	3154	2215	2841	3574	3696	2725	3673	3710	977	5351	3187	2683	3134	3604	3508	3573	2770	2927	3409	3075	1940	2684	3812	2971	2599	2312	3811	3466	3866	2552	3369	4958	3465	4045	3429	3857	2689	3576	3273	3814	2534	2865	3474	3578	3410	3207	3696	2298	935	2406	3530	3717	3886	3553	2496	1349	2683	3172	2292	1858	2811	3516	3205	3709	2889	2698	3504	375	3520	3580	3424	3274	3716	2352	3676	3186	3323	2532	3314	3383	3369	2377	3205	3222	2706	3700	3731	335	3525	3662	2997	3226	5300	3095	3584	3630	2443	3154	3123	1925	3506	2565	2903	2195	3731	3586	3510	2727	3704	2826	5491	3154	3528	3814	2798	3642	2724	2710	3639	5179	3173	2938	3845	3816	3580	3101	3597	3735	3916	2787
1384	1329	1147	1659	917	1511	1401	1525	1975	1511	623	1596	1492	2987	1664	941	620	156	3667	762	1627	1984	3494	2727	0	1382	1395	1340	1056	1455	642	1325	1185	1322	1331	1225	1042	795	1468	1642	1214	1355	409	2167	1498	1653	1604	398	1420	2035	795	1208	882	1458	1524	1123	1880	380	1889	1395	1397	1401	2357	1224	334	1373	903	277	671	899	1055	1409	1420	1596	395	1170	903	1480	1426	2951	1405	1143	1458	1445	1114	919	2169	1248	1198	555	1217	1394	2553	1319	1631	1218	1138	626	1150	2355	1493	1225	1395	1459	1343	758	511	1211	1114	1502	364	1557	1427	906	2729	597	422	1204	1417	586	1309	1336	1674	1341	1341	1472	526	1304	1532	2555	1539	1144	1268	1300	1366	770	885	1495	1310	30	1456	1380	2397	2882	813	344	1283	1862	1387	1248	76	1693	1217	1235	1161	359	1755	1310	520	1216	1493	1402	2005	1543	1439	2539	1690	1719	1428	1463	363	1501	1075	1492	396	432	1562	1503	1226	817	1538	1628	1832	1090	1066	1378	1684	1410	1121	1390	344	758	981	1409	403	1354	1512	1468	473	430	1306	3103	1344	1257	1480	951	1251	1115	1131	856	1414	1014	1163	1409	1439	724	829	1225	252	1322	1395	2462	1059	1455	613	1506	3667	1821	1593	1227	802	1366	1329	1002	1473	1055	1138	1669	1384	1329	1332	932	1523	322	3134	793	1465	1606	727	1530	1174	666	1232	2702	814	850	1454	1492	1507	1985	1269	1394	1491	350
394	187	598	2760	531	420	35	404	599	419	1914	213	1374	4001	300	633	1950	1281	2376	688	552	834	2206	3739	1382	0	360	2568	335	204	1865	192	436	199	55	592	1255	2142	183	305	354	302	1082	818	117	341	531	1697	606	2585	2178	337	785	105	1385	1615	498	1078	2998	360	32	34	1049	343	1188	41	543	1653	1605	542	1244	548	606	213	1072	285	543	405	496	1683	438	502	105	544	379	1002	810	165	421	1117	617	975	1311	784	1271	408	905	886	2136	974	110	592	369	188	45	918	937	349	1430	312	1284	1434	516	564	1468	1767	1693	2186	478	1105	1029	48	332	177	1462	413	1127	285	1141	1206	253	673	162	491	778	1533	2162	403	77	1408	215	45	3100	1614	599	1185	736	866	360	165	1306	1298	354	770	2523	1175	514	934	1884	1504	115	433	834	1490	596	1228	780	339	510	122	1169	410	468	112	1777	1683	611	410	357	587	309	1752	2805	1375	327	31	342	325	1302	2432	1185	641	1456	1954	1052	314	856	183	962	1128	286	4098	297	158	573	480	206	1433	380	579	626	1234	446	548	596	1368	580	592	1605	63	33	3545	335	228	1783	827	2377	1282	523	158	1295	778	782	1815	463	1214	905	1856	15	187	300	1023	276	1600	1796	629	425	284	947	363	1105	1990	155	1440	607	800	110	112	411	1457	141	25	192	1652
37	186	336	2582	726	119	333	130	673	118	1984	439	1039	3773	394	481	2003	1329	2273	633	255	608	2100	3514	1395	360	0	2440	519	189	1958	182	217	177	380	292	997	2087	221	338	181	67	1026	802	367	318	230	1757	247	2291	2175	192	607	447	1047	1365	621	1037	2815	0	333	334	965	173	1132	319	492	1672	1458	497	982	189	247	429	1025	566	492	88	135	1922	77	277	447	183	652	777	1009	286	201	998	317	632	1578	448	916	180	617	800	1952	1092	377	292	8	208	381	761	893	186	1167	137	1390	1095	155	489	1719	1871	1762	1999	117	978	703	373	367	529	1157	84	1017	117	789	1392	231	398	263	168	432	1355	2243	101	388	1423	178	315	2819	1856	588	1126	408	561	7	286	1320	940	179	455	2472	1113	364	604	1915	1226	357	73	622	1157	236	1454	440	552	149	467	1107	108	322	362	1786	1759	265	110	170	589	182	1427	2590	1112	519	329	371	42	1028	2249	1126	648	1223	1685	1010	59	496	221	927	1051	116	3865	78	282	214	452	521	1169	663	540	268	982	239	189	236	1192	574	292	1640	378	331	3343	524	164	1888	467	2273	922	220	407	1097	432	444	1615	115	951	617	1535	345	185	84	793	190	1663	1977	603	85	300	797	142	811	2047	413	1691	584	633	457	365	113	1098	290	339	541	1709
2414	2453	2111	430	2203	2533	2576	2557	3104	2534	1340	2772	1902	1703	2799	1968	1240	1495	4561	1880	2601	2912	4393	1457	1340	2568	2440	0	2287	2569	1469	2448	2228	2442	2526	2174	1560	623	2591	2758	2290	2428	1495	3239	2670	2751	2584	1340	2344	1437	888	2295	1832	2663	1930	1276	3032	1509	603	2440	2573	2576	3363	2303	1396	2545	2026	1192	982	2026	1580	2364	2344	2768	1512	2423	2026	2507	2407	4227	2415	2163	2663	2402	2390	1687	3379	2408	2245	1455	2154	2095	3836	2145	2149	2266	1910	1682	600	3517	2669	2174	2436	2579	2538	1679	1639	2290	1458	2573	1670	1929	2398	2008	4007	1538	1385	587	2406	1470	1974	2528	2790	2580	1655	2495	1442	2391	2129	3774	2645	2065	2420	2291	2194	1102	1399	2524	2509	1330	2565	2551	1490	4157	1971	1397	2141	2718	2433	2408	1396	2205	2292	2078	552	1403	2790	2041	1143	1484	2662	2413	2942	1864	2369	3788	2549	2903	2402	2673	1409	2528	2141	2663	1089	1414	2494	2530	2297	1986	2617	1730	739	1490	2298	2553	2797	2471	1584	444	1397	1938	1321	1214	1532	2422	2298	2591	1621	1442	2392	1826	2420	2416	2423	2088	2492	1457	2410	1989	2328	1557	2208	2364	2369	1256	1990	2174	1272	2517	2570	1156	2292	2558	1540	2308	4561	2381	2576	2431	1365	2194	2155	920	2472	1606	1910	1682	2564	2454	2409	1678	2615	1384	4365	1940	2482	2718	1645	2581	1793	1254	2439	3979	1962	1807	2662	2665	2533	2471	2432	2572	2719	1342
534	359	558	2510	212	627	360	624	934	626	1579	545	1342	3783	633	475	1615	949	2702	433	770	1103	2531	3519	1056	335	519	2287	0	469	1530	359	432	360	280	596	1115	1830	468	628	381	453	791	1150	452	653	745	1362	708	2454	1851	359	615	401	1360	1449	832	780	2748	519	356	360	1373	379	892	336	326	1324	1350	321	1109	659	708	547	776	146	326	600	631	1940	578	465	401	675	173	847	1114	250	428	862	613	986	1551	802	1301	432	834	626	1896	1300	445	596	525	464	292	710	647	373	1288	556	949	1409	646	361	1720	1433	1357	1949	613	857	1001	286	657	293	1373	600	866	401	1167	1505	547	626	274	555	816	1304	1827	607	259	1081	475	345	2944	1870	332	890	746	1080	514	250	981	1342	382	754	2208	883	804	922	1551	1377	450	573	1111	1451	710	1503	953	664	642	406	878	615	377	448	1449	1348	779	616	392	312	576	1686	2584	1233	11	338	668	506	1178	2189	890	351	1279	1799	755	460	937	468	666	847	403	3885	441	257	713	272	204	1290	192	339	720	1089	425	659	710	1144	314	596	1274	272	354	3307	7	481	1449	912	2703	1370	735	176	1092	816	804	1597	634	1082	834	1780	340	359	435	871	550	1265	2090	365	605	599	730	602	1021	1655	179	1692	347	618	397	447	619	1554	259	352	438	1317
226	126	499	2731	681	219	170	200	537	218	2020	251	1228	3940	231	600	2047	1371	2241	712	347	643	2069	3680	1455	204	189	2569	469	0	1981	129	351	133	243	470	1169	2183	32	191	279	157	1115	711	180	197	327	1797	432	2475	2247	273	743	270	1236	1536	464	1119	2966	189	172	171	914	266	1222	169	562	1731	1591	564	1155	374	432	242	1110	466	562	208	316	1746	262	420	270	362	561	935	838	222	333	1115	495	821	1395	637	1102	314	796	899	2102	948	191	470	197	19	239	891	974	278	1341	108	1403	1284	337	571	1539	1888	1797	2150	300	1098	891	234	224	382	1342	218	1130	179	976	1228	83	569	198	350	621	1500	2274	203	259	1483	11	162	3000	1678	643	1217	596	662	191	222	1379	1123	277	640	2568	1206	334	792	1969	1405	170	259	647	1346	418	1279	578	369	330	290	1200	210	427	176	1851	1790	413	209	274	638	110	1616	2752	1286	465	176	232	147	1205	2399	1217	697	1388	1863	1092	167	677	32	1005	1150	178	4034	159	214	385	507	400	1343	565	607	454	1152	368	374	418	1335	626	470	1691	245	171	3501	472	26	1905	648	2241	1094	319	311	1248	621	633	1769	271	1124	796	1723	189	126	169	953	80	1700	1817	667	233	152	925	159	993	2089	314	1511	645	765	282	179	210	1265	210	179	362	1749
1954	1857	1752	1875	1340	2077	1891	2086	2463	2077	131	2071	2131	3171	2163	1543	231	643	4221	1348	2205	2563	4049	2926	642	1865	1958	1469	1530	1981	0	1855	1763	1853	1809	1830	1678	848	1987	2155	1776	1908	1046	2680	1982	2175	2180	251	2022	2519	608	1766	1507	1918	2163	1710	2356	1012	2072	1958	1887	1890	2895	1784	977	1866	1471	448	1205	1466	1692	2004	2022	2073	1028	1605	1471	2046	2012	3257	1982	1732	1918	2037	1525	1561	2583	1761	1774	1198	1826	2032	2859	1946	2274	1792	1776	1248	1535	2804	1974	1830	1960	1981	1821	1394	1125	1771	1734	2047	581	2195	2016	1483	3040	110	220	1581	2000	1229	1951	1816	2186	1776	1968	2040	1169	1854	2174	2946	2064	1760	1783	1889	1991	1343	300	2059	1788	614	1985	1875	2795	3191	1372	986	1905	2464	1951	1761	698	2335	1779	1862	1054	1002	2304	1948	335	1831	1980	1978	2580	2176	2039	2895	2297	2180	2016	1918	1006	2066	1652	1977	455	211	2156	2068	1789	1369	2077	2239	2126	1715	1537	1868	2196	1966	1754	1693	986	1311	1589	1949	1032	1910	2138	1987	1086	1072	1856	3295	1896	1769	2074	1506	1693	1735	1537	1424	2019	1651	1743	2004	2039	1336	1385	1830	412	1801	1885	2621	1530	1987	99	2130	4222	2462	2170	1706	1429	1991	1954	1508	2050	1694	1776	2268	1870	1858	1886	1575	2057	320	3495	1361	2036	2123	1364	2082	1817	231	1709	3015	1379	1476	1912	1977	2071	2628	1777	1882	1927	296
211	5	414	2620	571	273	173	267	662	272	1892	337	1182	3841	351	484	1918	1242	2366	584	416	744	2194	3580	1325	192	182	2448	359	129	1855	0	254	7	201	402	1080	2055	145	319	173	117	987	841	241	327	392	1668	420	2402	2117	161	631	292	1193	1444	583	990	2855	182	172	174	1041	161	1094	151	434	1602	1474	436	1067	363	420	330	981	386	434	249	315	1840	257	323	292	363	476	835	943	110	238	993	426	783	1478	592	1080	222	720	773	1991	1069	246	402	190	134	203	775	846	170	1254	198	1278	1241	335	444	1629	1763	1669	2040	297	978	838	194	352	350	1275	253	1007	92	949	1336	213	488	86	299	586	1389	2147	253	207	1353	131	149	2921	1771	514	1090	544	731	180	110	1249	1109	172	579	2440	1079	452	742	1840	1324	232	252	753	1298	412	1377	621	466	329	310	1072	261	311	235	1721	1663	447	262	173	508	223	1561	2650	1199	357	161	360	156	1122	2288	1090	567	1291	1778	964	128	669	145	876	1024	93	3937	109	105	396	378	338	1256	484	478	438	1061	267	363	412	1223	496	402	1562	197	169	3395	362	131	1780	641	2367	1100	382	226	1141	586	590	1663	295	1037	720	1666	178	5	110	855	201	1572	1927	537	261	281	808	243	920	1961	232	1601	516	651	300	237	264	1278	109	176	383	1621
199	260	161	2381	612	327	424	344	878	327	1784	588	948	3591	580	263	1798	1127	2481	423	442	801	2308	3330	1185	436	217	2228	432	351	1763	254	0	247	427	169	826	1870	378	533	82	200	810	1019	495	523	419	1555	288	2149	1961	100	396	540	962	1190	814	822	2616	217	422	424	1181	93	915	398	292	1462	1247	298	813	252	288	581	810	531	292	297	249	2092	220	70	540	279	597	585	1189	288	17	782	190	566	1732	376	877	38	469	584	1751	1294	500	169	215	365	434	548	679	87	1000	345	1205	1011	255	281	1882	1681	1563	1799	236	762	602	423	565	563	1025	288	800	172	743	1579	420	236	280	135	385	1151	2044	313	424	1214	345	398	2667	2024	392	909	322	711	210	288	1111	914	82	343	2255	896	580	511	1706	1070	486	216	820	1063	297	1627	557	715	254	558	890	319	112	489	1574	1561	398	321	81	398	389	1319	2402	944	437	408	571	243	868	2048	909	454	1039	1523	796	194	504	378	715	834	173	3685	194	291	318	266	519	1002	613	339	296	807	21	252	297	987	381	169	1433	420	419	3150	439	335	1698	481	2482	937	408	398	897	385	377	1418	288	782	469	1421	424	260	183	603	387	1462	2168	402	280	493	583	359	669	1843	407	1854	384	420	547	491	324	1122	307	425	629	1506
