NAME : VRPTW_INSTANCE_157.txt
COMMENT : Bangkok Supermarket
TYPE : VRPTW
DIMENSION : 213
DAYS : Tuesday
EDGE_WEIGHT_TYPE : EXPLICIT
VEHICLES : 31
EDGE_WEIGHT_FORMAT : FULL_MATRIX
CAPACITY : 1000
EDGE_WEIGHT_SECTION
0	400	348	525	1615	437	367	1727	175	139	503	835	62	948	621	216	351	1822	1069	214	1125	1632	382	160	193	88	355	720	522	172	496	394	2285	395	104	3573	153	489	307	165	178	431	1877	412	611	2074	583	524	300	418	222	284	1142	940	223	482	394	608	26	224	33	214	412	1300	257	1936	525	582	97	307	1994	214	357	1702	131	583	330	148	170	747	582	196	394	371	1740	1001	359	2243	97	201	735	149	346	1221	249	641	3865	301	454	1321	111	305	204	497	101	842	190	581	401	1011	491	365	525	1087	288	2739	268	1092	155	391	619	133	530	625	348	493	1028	395	993	206	309	1342	213	449	837	1942	155	537	1784	206	192	815	535	3011	165	893	944	957	392	359	78	388	581	317	46	697	1365	431	212	97	212	400	2183	349	112	1990	622	437	1606	2771	214	436	948	334	652	223	103	588	205	1606	965	2035	22	558	2525	1727	609	454	442	482	298	101	204	2630	193	243	1027	491	193	422	747	1606	196	309	304	106	2228	201	1460	3299	911	1218	79
400	0	63	880	1510	328	319	1908	294	455	492	666	340	1348	466	185	57	1598	1343	188	1024	1481	553	373	535	429	63	777	274	328	142	48	2479	775	301	3832	429	249	132	343	339	110	1685	13	596	2305	567	172	642	30	550	612	1342	1023	553	129	163	593	421	211	372	187	13	1566	568	1919	880	888	423	144	1902	187	334	2032	288	567	670	254	570	975	888	525	48	729	1680	1012	728	2141	305	520	1006	353	331	1344	358	258	4028	200	811	1233	293	131	225	147	477	851	420	549	159	1073	136	75	880	1461	140	3033	567	1460	449	170	239	487	286	313	63	538	1358	67	1062	452	137	1565	545	450	1080	1835	335	287	2015	452	341	1053	279	3310	343	1026	1098	996	173	728	479	166	921	520	446	422	1194	110	611	423	611	378	2185	589	292	2316	228	106	1459	3049	187	408	1208	327	631	206	340	223	224	1459	1044	2310	383	925	2642	1908	768	811	450	129	142	398	225	2842	341	568	1107	136	535	22	1132	1459	525	137	132	299	2212	520	1498	3547	869	1494	322
348	63	0	842	1551	348	266	1907	231	394	505	710	286	1291	438	138	7	1596	1324	142	997	1527	491	310	495	370	11	788	319	298	159	47	2477	731	253	3820	393	291	125	311	309	158	1678	70	614	2296	584	190	604	92	488	576	1336	1034	490	145	126	611	367	149	318	140	70	1549	505	1949	842	860	363	138	1942	140	279	2003	229	584	633	206	515	962	860	487	47	689	1715	1033	686	2183	254	483	985	291	274	1351	340	321	4033	140	772	1270	245	121	163	163	419	871	356	569	126	1087	154	34	842	1420	122	3013	504	1421	412	132	302	444	331	370	0	544	1328	107	1075	422	131	1556	483	459	1065	1813	301	333	2006	422	314	1039	326	3290	311	1029	1041	1013	134	686	427	126	858	457	392	477	1180	158	560	363	560	325	2213	566	244	2289	274	157	1504	3032	140	419	1191	270	651	144	280	286	162	1504	1055	2293	329	885	2593	1907	763	772	458	145	131	338	163	2838	314	506	1119	154	495	81	1087	1504	487	131	122	251	2243	483	1519	3537	832	1475	271
525	880	842	0	1569	726	888	1312	700	593	651	999	582	662	1140	704	843	2336	590	700	1606	1646	814	667	347	566	852	652	868	552	1001	889	1842	155	594	3069	451	845	754	537	543	864	2380	893	693	1601	683	1031	238	887	589	268	748	752	588	986	913	692	519	745	559	703	893	816	621	1750	0	155	580	746	1902	702	875	1176	655	683	209	640	418	397	155	355	889	154	1624	898	167	2149	598	360	311	664	865	921	547	1069	3432	825	71	1287	603	754	725	1003	521	789	672	700	920	835	996	868	0	583	742	2222	639	580	430	912	1046	402	871	988	842	586	505	848	812	433	752	903	582	626	434	2404	545	880	1317	433	543	425	883	2491	537	647	1259	828	913	167	461	908	697	752	496	1008	1867	864	349	580	349	913	1958	342	603	1465	1108	872	1615	2261	703	653	498	853	718	742	627	1006	726	1615	777	1531	548	65	2780	1312	454	71	618	986	744	601	725	2165	544	596	822	996	347	902	285	1615	355	752	753	596	2024	360	1242	2804	1376	728	583
1615	1510	1551	1569	0	1221	1810	1237	1682	1753	1113	844	1605	2223	1971	1533	1543	2955	1386	1531	2521	190	1974	1735	1519	1703	1558	937	1235	1448	1617	1558	1665	1637	1553	3103	1475	1260	1448	1452	1440	1399	3082	1516	1004	1695	1032	1635	1509	1482	1835	1484	1118	829	1836	1612	1672	1007	1638	1632	1621	1533	1516	1429	1872	532	1569	1422	1710	1436	392	1533	1819	1998	1630	1032	1505	1547	1704	1209	1422	1500	1558	1552	238	671	1585	633	1567	1487	1327	1713	1813	854	1367	1376	2912	1678	1561	294	1554	1452	1628	1624	1710	797	1782	1035	1670	749	1613	1579	1569	1908	1463	2567	1884	1867	1483	1679	1373	1544	1223	1230	1551	1125	1621	1446	772	1426	1442	1253	1826	1167	1242	3307	1465	1223	1509	1426	1426	1229	1231	2832	1452	949	2549	741	1682	1585	1643	1674	2151	1916	1642	1115	2642	1399	1674	1710	1674	1870	801	1345	1553	2175	1564	1404	171	2499	1533	1187	1307	1805	963	1624	1662	1350	1628	171	806	1898	1622	1629	4127	1237	1122	1561	1174	1612	1448	1703	1628	2029	1425	1855	779	1613	1519	1511	1804	171	1500	1442	1451	1552	783	1487	551	2790	2380	1443	1575
437	328	348	726	1221	0	594	1594	464	562	168	403	406	1313	786	312	342	1921	1082	310	1346	1216	759	524	443	515	358	452	147	267	465	371	2165	674	350	3539	344	133	231	277	264	233	2012	338	267	2005	239	493	513	309	656	477	1041	698	657	455	475	265	463	411	431	313	338	1293	688	1601	726	681	518	219	1609	312	601	1800	415	239	533	333	579	703	681	424	371	601	1374	685	616	1854	364	412	759	501	593	1021	209	379	3704	462	668	934	349	236	407	472	539	523	574	221	475	745	460	381	726	1300	244	2763	696	1288	362	481	357	429	147	265	348	226	1143	261	735	324	225	1269	647	138	810	2161	284	156	1718	324	253	781	161	3042	277	711	1334	668	483	616	492	475	1018	705	476	287	1522	233	584	518	584	652	1865	385	348	2077	495	242	1191	2768	313	94	942	585	303	403	455	314	407	1191	718	2032	435	785	2907	1594	476	668	141	455	230	505	407	2532	251	676	781	460	443	338	1007	1191	424	225	235	349	1896	412	1171	3249	1176	1230	376
367	319	266	888	1810	594	0	2076	194	309	733	973	320	1199	253	292	273	1455	1435	295	779	1792	262	223	559	323	260	1002	585	438	289	274	2640	747	336	3940	493	556	363	445	450	424	1513	319	846	2436	816	300	668	350	368	650	1493	1241	370	282	168	843	369	193	335	292	319	1666	363	2192	888	949	310	375	2201	292	21	2064	251	816	698	311	484	1102	949	561	274	736	1968	1265	720	2444	325	563	1099	223	27	1545	512	555	4213	132	817	1527	329	358	206	284	373	1101	233	804	176	1303	288	243	888	1430	349	3106	353	1440	505	160	541	500	597	632	266	755	1393	374	1288	541	369	1701	368	681	1197	1601	430	599	2146	541	462	1174	592	3378	445	1217	778	1236	158	720	426	163	687	256	392	742	1002	424	549	310	549	59	2452	696	330	2353	430	422	1769	3139	292	647	1312	37	886	201	264	535	205	1769	1265	2403	345	914	2327	2076	936	817	677	282	363	287	206	2989	463	377	1329	288	559	327	1084	1769	561	369	359	335	2487	563	1745	3665	588	1585	332
1727	1908	1907	1312	1237	1594	2076	0	1884	1842	1425	1485	1761	1736	2319	1803	1904	3504	743	1799	2851	1421	2088	1887	1540	1801	1918	1147	1713	1641	2050	1943	571	1462	1739	1984	1585	1715	1783	1632	1628	1826	3581	1920	1341	471	1365	2080	1450	1895	1870	1454	585	911	1870	2038	2024	1343	1735	1889	1754	1802	1920	565	1907	954	1312	1183	1814	1770	1299	1802	2071	909	1825	1365	1424	1767	1693	980	1183	1532	1943	1419	1081	1010	1449	1464	1750	1526	1015	1875	2061	589	1575	1947	2138	1968	1361	1166	1746	1786	1873	2056	1771	1125	1912	1387	2027	893	2045	1941	1312	1215	1785	1339	1925	1163	1575	2027	1930	1597	1706	1794	1907	1371	958	1846	893	1535	1778	413	1862	1460	897	3669	1646	1712	285	1535	1618	916	1721	1611	1632	883	2572	982	2028	1449	1696	2021	2003	2022	1720	1722	3075	1826	1628	1814	1628	2120	984	1381	1745	998	2088	1835	1396	1288	1802	1504	814	2049	1317	1882	1823	1888	1874	1396	897	666	1746	1333	4075	0	1146	1361	1459	2038	1776	1826	1873	942	1617	1882	843	2045	1540	1923	1356	1396	1532	1778	1785	1740	1088	1526	698	1681	2638	649	1745
175	294	231	700	1682	464	194	1884	0	165	578	864	125	1074	447	155	237	1649	1241	157	967	1680	295	79	365	153	234	831	500	257	351	269	2447	565	148	3745	299	467	258	261	268	365	1708	302	692	2241	662	376	475	320	257	456	1301	1065	259	338	233	688	181	82	142	155	302	1471	273	2037	700	755	143	266	2068	155	187	1877	59	662	505	137	314	908	755	366	269	546	1825	1104	533	2314	135	368	904	60	177	1361	336	552	4022	136	629	1392	143	254	70	351	206	940	127	654	242	1131	347	235	700	1256	238	2914	273	1262	310	230	532	306	511	579	231	589	1203	317	1115	349	263	1507	252	524	1003	1788	246	515	1951	349	281	979	510	3186	261	1032	869	1068	230	533	241	227	627	245	205	673	1196	365	373	143	373	235	2292	503	144	2165	490	367	1655	2945	155	497	1117	165	733	87	73	512	71	1655	1089	2208	152	730	2445	1884	750	629	519	338	253	116	70	2795	282	274	1153	347	365	313	912	1655	366	263	254	147	2332	368	1577	3470	763	1390	139
139	455	394	593	1753	562	309	1842	165	0	640	964	155	910	554	291	399	1743	1164	290	1020	1767	249	93	303	50	398	858	629	306	516	434	2396	445	212	3660	290	596	395	301	313	513	1787	464	750	2175	721	540	395	479	98	389	1258	1075	100	503	395	746	119	246	132	289	464	1395	126	2075	593	676	44	399	2133	289	293	1763	170	721	423	238	177	863	676	313	434	447	1880	1140	426	2382	198	321	837	106	283	1350	386	711	3980	297	525	1460	214	392	230	515	73	982	79	719	404	1148	513	400	593	1121	374	2815	133	1132	289	390	690	249	639	721	394	632	1097	469	1130	343	398	1451	92	586	947	1830	289	645	1886	343	327	926	641	3084	301	1024	804	1096	390	426	146	388	473	183	126	805	1274	513	245	44	245	323	2321	478	215	2052	656	517	1741	2854	289	570	1050	272	791	250	118	666	231	1741	1101	2122	131	612	2385	1842	741	525	579	503	388	60	230	2735	329	118	1163	513	303	475	774	1741	313	398	392	213	2367	321	1597	3392	797	1310	185
503	492	505	651	1113	168	733	1425	578	640	0	363	492	1281	942	441	500	2088	934	438	1499	1130	864	624	440	590	516	285	296	335	632	533	1997	635	441	3375	370	293	382	339	327	401	2178	503	113	1839	83	660	475	475	725	441	877	531	726	621	631	110	527	542	508	441	503	1139	761	1461	651	575	596	368	1495	441	737	1662	522	83	486	441	610	555	575	420	533	552	1248	532	575	1742	456	406	626	603	728	853	254	535	3537	604	604	820	443	386	533	638	600	368	671	78	631	581	626	539	651	1202	391	2606	772	1185	382	636	515	449	291	399	505	72	1018	427	570	329	376	1106	715	54	661	2318	351	300	1554	329	313	633	307	2886	339	543	1438	507	638	575	538	630	1062	805	532	378	1685	401	596	596	596	789	1719	315	442	1934	662	410	1103	2608	441	86	794	719	154	533	551	472	533	1103	552	1873	509	714	3018	1425	323	604	60	621	378	590	533	2365	311	745	615	626	440	504	936	1103	420	376	385	441	1755	406	1015	3083	1321	1079	463
835	666	710	999	844	403	973	1485	864	964	363	0	809	1642	1127	709	702	2161	1161	708	1679	819	1160	927	801	916	717	427	391	663	773	715	2043	997	753	3469	721	418	615	671	658	556	2275	672	306	1938	316	793	839	638	1057	805	1021	594	1058	768	829	307	861	805	832	710	672	1331	1090	1280	999	900	920	605	1236	710	983	1896	818	316	848	736	963	808	900	781	715	913	1024	476	937	1475	767	767	907	904	978	898	591	549	3515	842	959	575	752	619	804	781	937	374	977	300	826	594	770	737	999	1519	632	2759	1098	1495	736	837	542	804	379	393	710	417	1300	603	597	686	609	1247	1048	406	901	2474	680	379	1669	686	645	875	387	3039	671	674	1732	505	839	937	883	832	1411	1108	871	283	1814	556	955	920	955	1033	1554	675	751	2151	732	560	795	2740	710	405	1027	971	287	796	859	513	803	795	600	2025	836	1064	3299	1485	592	959	415	768	617	908	804	2421	643	1077	647	770	801	667	1282	795	781	609	619	752	1570	767	923	3167	1536	1290	779
62	340	286	582	1605	406	320	1761	125	155	492	809	0	1008	572	157	289	1774	1116	155	1089	1614	375	137	241	109	293	727	478	156	434	332	2322	455	57	3620	176	445	253	155	166	376	1833	351	603	2116	574	462	352	358	251	332	1177	954	252	420	333	600	81	164	33	155	351	1346	281	1940	582	631	111	254	1987	155	313	1757	73	574	382	91	230	784	631	241	332	427	1737	1005	418	2235	44	243	778	119	302	1244	239	584	3899	243	511	1312	59	250	143	435	145	843	179	570	341	1023	429	303	582	1148	233	2791	289	1152	185	331	562	182	487	576	286	491	1083	337	1006	227	255	1382	243	437	877	1909	141	494	1826	227	180	854	491	3064	155	915	946	965	332	418	140	328	621	313	106	654	1322	376	275	111	275	359	2190	379	61	2045	560	382	1588	2821	155	418	991	290	644	162	64	533	145	1588	979	2084	43	617	2527	1761	631	511	431	420	244	99	143	2670	181	271	1042	429	241	362	808	1588	241	255	250	58	2233	243	1471	3345	881	1265	30
948	1348	1291	662	2223	1313	1199	1736	1074	910	1281	1642	1008	0	1404	1164	1295	2477	1013	1162	1692	2307	987	1003	870	923	1297	1314	1437	1072	1426	1335	2173	646	1051	3169	975	1408	1252	1057	1068	1376	2473	1359	1342	1880	1327	1451	807	1366	833	842	1269	1396	830	1413	1306	1340	926	1151	975	1163	1359	1171	835	2354	662	802	932	1250	2541	1163	1179	1212	1062	1327	794	1096	778	1019	802	888	1335	729	2260	1554	706	2784	1045	900	906	1016	1171	1501	1107	1588	3726	1208	688	1946	1058	1250	1133	1425	872	1452	973	1341	1315	1479	1422	1304	662	549	1234	2271	846	596	955	1301	1565	893	1443	1552	1291	1225	778	1343	1455	989	1253	1335	834	1246	1012	2379	1057	1451	1636	989	1075	1016	1451	2509	1057	1281	1120	1482	1300	706	870	1299	583	958	902	1600	1988	1376	745	932	745	1190	2535	967	1059	1472	1562	1383	2276	2355	1163	1262	1003	1162	1371	1153	1013	1533	1134	2276	1421	1706	964	599	2400	1736	1117	688	1237	1413	1242	958	1133	2429	1077	821	1457	1422	870	1369	427	2276	888	1253	1250	1053	2613	900	1850	2947	1456	1086	1027
621	466	438	1140	1971	786	253	2319	447	554	942	1127	572	1404	0	517	444	1201	1688	521	559	1932	418	473	813	574	428	1222	738	678	356	419	2886	997	583	4193	742	715	559	687	691	575	1263	458	1051	2687	1022	343	921	491	594	904	1739	1466	596	360	311	1048	622	430	588	518	458	1919	580	2384	1140	1203	560	573	2364	518	264	2315	502	1022	951	552	731	1351	1203	814	419	989	2145	1471	973	2601	574	816	1351	476	275	1777	745	624	4453	351	1070	1698	576	556	447	349	622	1309	474	1007	311	1522	359	405	1140	1674	551	3360	566	1686	755	306	619	753	749	748	438	975	1645	532	1509	789	566	1950	597	894	1447	1376	673	749	2396	789	701	1423	740	3631	687	1451	757	1450	304	973	678	311	852	447	645	864	755	575	798	560	798	230	2650	943	576	2604	448	569	1912	3392	518	856	1564	287	1089	437	518	632	446	1912	1488	2656	598	1165	2219	2319	1175	1070	892	360	563	538	447	3238	702	599	1552	359	813	462	1327	1912	814	566	556	582	2678	816	1956	3918	414	1838	582
216	185	138	704	1533	312	292	1803	155	291	441	709	157	1164	517	0	140	1705	1198	4	1066	1527	450	226	357	256	147	710	345	168	296	185	2371	593	116	3699	256	312	105	180	180	223	1777	197	555	2181	525	327	466	202	389	439	1226	952	391	282	225	552	238	100	190	1	197	1425	413	1902	704	727	252	111	1921	1	295	1868	121	525	496	68	386	843	727	349	185	551	1683	973	548	2166	119	345	858	204	287	1260	228	427	3936	167	634	1245	108	101	95	299	300	809	277	514	229	1012	291	163	704	1282	84	2885	416	1282	275	226	405	305	356	431	138	464	1193	181	997	290	109	1441	383	389	944	1888	168	361	1890	290	188	919	356	3160	180	933	1023	944	228	548	294	221	764	401	262	520	1272	223	426	252	426	347	2161	440	107	2155	411	227	1502	2907	1	357	1067	277	595	92	172	378	94	1502	975	2168	200	746	2594	1803	658	634	385	282	99	230	95	2727	188	409	1039	291	357	207	949	1502	349	109	101	114	2197	345	1453	3418	880	1349	137
351	57	7	843	1543	342	273	1904	237	399	500	702	289	1295	444	140	0	1600	1323	143	1003	1520	498	316	496	375	15	783	312	297	160	46	2474	733	255	3817	393	284	120	311	308	151	1682	65	608	2293	578	191	605	85	494	576	1333	1029	496	145	132	605	370	155	321	141	65	1547	511	1942	843	860	368	134	1935	141	286	2003	234	578	634	208	519	959	860	488	46	690	1708	1028	688	2176	257	483	984	297	282	1346	338	315	4029	148	773	1263	247	117	169	163	424	865	362	563	132	1082	154	39	843	1422	119	3012	510	1422	413	138	296	446	324	363	7	539	1328	100	1070	421	126	1553	489	455	1063	1819	301	326	2004	421	313	1036	318	3288	311	1024	1049	1007	141	688	430	133	865	464	395	469	1185	151	563	368	563	333	2207	565	246	2288	271	149	1497	3030	141	414	1189	277	645	150	285	279	167	1497	1050	2291	332	886	2600	1904	759	773	453	145	127	343	169	2834	313	512	1114	154	496	75	1089	1497	488	126	118	253	2236	483	1513	3534	838	1474	274
1822	1598	1596	2336	2955	1921	1455	3504	1649	1743	2088	2161	1774	2477	1201	1705	1600	0	2890	1709	786	2861	1545	1670	2015	1769	1585	2374	1823	1872	1457	1561	4074	2188	1783	5395	1943	1813	1720	1882	1884	1687	179	1586	2186	3885	2159	1428	2122	1613	1762	2106	2930	2620	1763	1468	1481	2184	1822	1627	1790	1706	1586	3120	1737	3436	2336	2405	1755	1734	3333	1706	1464	3504	1703	2159	2152	1748	1919	2548	2405	2016	1561	2187	3165	2589	2168	3543	1774	2018	2553	1675	1475	2942	1931	1615	5625	1545	2267	2724	1775	1718	1645	1451	1814	2434	1663	2139	1478	2664	1462	1562	2336	2840	1719	4558	1720	2858	1956	1479	1626	1955	1833	1775	1596	2136	2840	1662	2655	1987	1726	3146	1766	2049	2646	604	1868	1828	3595	1987	1893	2622	1819	4827	1882	2624	1432	2583	1477	2168	1876	1484	1895	1598	1844	1878	488	1687	1988	1755	1988	1424	3712	2141	1775	3792	1443	1679	2849	4593	1706	2006	2765	1487	2218	1633	1719	1661	1644	2849	2639	3858	1800	2355	2012	3504	2359	2267	2049	1468	1727	1736	1645	4432	1893	1760	2702	1462	2015	1584	2495	2849	2016	1726	1719	1782	3721	2018	3070	5119	1021	3040	1783
1069	1343	1324	590	1386	1082	1435	743	1241	1164	934	1161	1116	1013	1688	1198	1323	2890	0	1194	2184	1521	1398	1225	876	1130	1335	734	1226	1030	1481	1367	1254	745	1109	2504	949	1216	1211	1018	1018	1289	2946	1357	899	1013	910	1513	771	1340	1174	785	282	624	1173	1468	1423	900	1071	1266	1100	1197	1357	230	1207	1386	590	488	1144	1199	1630	1197	1427	736	1187	910	742	1147	998	379	488	874	1367	719	1353	807	744	1858	1117	872	339	1218	1416	548	985	1461	2843	1349	648	1164	1117	1212	1247	1486	1091	808	1240	934	1428	680	1476	1356	590	551	1206	1689	1225	503	934	1424	1440	936	1223	1334	1324	864	255	1293	660	908	1206	330	1166	946	273	2990	1030	1231	726	908	1011	301	1238	1967	1018	507	1844	736	1425	744	1022	1419	1265	1334	1051	1303	2434	1289	929	1144	929	1470	1538	758	1117	1000	1557	1299	1490	1709	1197	988	140	1404	896	1261	1172	1396	1248	1490	635	970	1091	600	3331	743	611	648	941	1468	1202	1160	1247	1576	1011	1182	632	1476	876	1363	615	1490	874	1206	1211	1110	1623	872	905	2230	1959	151	1107
214	188	142	700	1531	310	295	1799	157	290	438	708	155	1162	521	4	143	1709	1194	0	1070	1525	452	227	353	255	151	707	344	164	300	189	2367	589	113	3695	252	311	105	176	176	224	1781	200	552	2177	521	331	463	204	389	435	1221	948	391	286	229	549	236	103	188	3	200	1421	413	1899	700	723	251	110	1919	2	298	1864	121	521	492	66	384	839	723	345	189	547	1680	970	544	2164	117	341	854	204	290	1256	224	429	3932	171	630	1243	105	101	97	303	298	806	278	511	234	1008	295	167	700	1278	84	2881	416	1279	271	230	407	302	355	431	142	460	1189	183	994	286	109	1437	382	386	940	1892	164	360	1886	286	184	914	356	3156	176	929	1025	940	232	544	292	225	764	402	259	519	1276	224	423	251	423	350	2158	436	104	2151	414	228	1500	2903	3	353	1063	280	592	95	171	379	97	1500	971	2164	198	743	2597	1799	654	630	382	286	98	230	97	2723	184	408	1035	295	353	210	945	1500	345	109	101	111	2194	341	1450	3414	883	1345	134
1125	1024	997	1606	2521	1346	779	2851	967	1020	1499	1679	1089	1692	559	1066	1003	786	2184	1070	0	2471	793	965	1315	1056	987	1776	1293	1217	905	977	3411	1453	1114	4675	1265	1271	1117	1224	1230	1132	788	1016	1610	3195	1580	886	1415	1048	1018	1405	2266	2018	1019	911	870	1607	1119	971	1097	1067	1016	2415	988	2943	1606	1697	1042	1131	2913	1067	781	2752	1026	1580	1443	1090	1188	1872	1697	1321	977	1466	2701	2030	1443	3147	1102	1326	1856	976	791	2325	1291	1151	4989	899	1541	2253	1107	1113	985	898	1093	1867	945	1565	871	2078	909	964	1606	2075	1108	3818	971	2097	1275	864	1151	1257	1305	1291	997	1529	2103	1091	2064	1316	1124	2467	1024	1450	1962	822	1209	1303	2906	1316	1241	1940	1294	4082	1224	1996	670	2007	862	1443	1164	870	1110	854	1136	1407	300	1132	1258	1042	1258	732	3209	1469	1108	3039	964	1126	2453	3865	1067	1413	2069	803	1648	979	1027	1172	985	2453	2042	3138	1105	1616	1770	2851	1715	1541	1448	911	1121	1028	985	3754	1242	1013	2105	909	1315	1019	1735	2453	1321	1124	1114	1113	3237	1326	2514	4410	238	2330	1106
1632	1481	1527	1646	190	1216	1792	1421	1680	1767	1130	819	1614	2307	1932	1527	1520	2861	1521	1525	2471	0	1975	1739	1557	1718	1534	997	1207	1461	1575	1529	1855	1699	1560	3293	1500	1235	1434	1467	1454	1371	2995	1485	1029	1882	1054	1591	1560	1451	1855	1532	1263	932	1856	1572	1644	1032	1657	1623	1634	1527	1485	1583	1890	701	1646	1506	1723	1423	477	1527	1802	2160	1631	1054	1559	1549	1737	1309	1506	1537	1529	1612	414	758	1643	683	1575	1524	1427	1716	1797	1007	1383	1319	3084	1661	1630	366	1560	1438	1621	1583	1730	858	1788	1053	1640	858	1572	1553	1646	2027	1451	2755	1900	1989	1510	1651	1319	1575	1195	1184	1527	1154	1747	1420	880	1455	1428	1414	1846	1183	1353	3240	1478	1194	1690	1455	1440	1338	1201	3021	1467	1056	2550	833	1654	1643	1668	1647	2188	1921	1663	1068	2573	1371	1714	1723	1714	1851	958	1392	1559	2347	1507	1374	31	2688	1527	1197	1431	1790	990	1614	1668	1301	1621	31	912	2080	1636	1708	4118	1421	1192	1630	1191	1572	1436	1714	1621	2219	1439	1875	897	1572	1557	1479	1895	31	1537	1428	1438	1560	927	1524	728	2980	2345	1590	1585
382	553	491	814	1974	759	262	2088	295	249	864	1160	375	987	418	450	498	1545	1398	452	793	1975	0	239	552	296	489	1100	790	531	549	514	2638	660	423	3882	535	758	550	530	541	644	1574	556	977	2411	947	562	638	583	225	635	1504	1322	226	541	423	974	366	360	365	450	556	1627	194	2315	814	914	285	559	2359	450	241	1962	344	947	664	427	400	1110	914	562	514	679	2112	1379	654	2606	408	570	1078	261	239	1600	613	804	4224	353	750	1683	421	546	358	545	318	1218	195	942	432	1393	548	479	814	1295	531	3025	177	1313	537	416	788	499	802	860	491	866	1309	593	1375	589	555	1693	232	810	1191	1591	516	806	2123	589	554	1172	800	3291	530	1273	575	1338	414	654	394	417	438	66	375	960	1064	644	468	285	468	226	2564	727	422	2250	692	645	1950	3071	450	786	1289	237	1018	368	313	776	359	1950	1348	2345	368	822	2154	2088	990	750	804	541	546	282	358	2973	556	219	1410	548	552	566	950	1950	562	555	546	423	2608	570	1842	3619	562	1541	402
160	373	310	667	1735	524	223	1887	79	93	624	927	137	1003	473	226	316	1670	1225	227	965	1739	239	0	351	100	313	864	572	291	425	348	2446	524	183	3727	308	539	331	291	301	442	1721	381	737	2232	707	448	454	399	179	441	1302	1091	181	412	302	734	154	161	134	225	381	1456	194	2077	667	737	86	338	2119	226	209	1842	109	707	483	190	261	907	737	356	348	516	1872	1141	499	2366	168	361	893	23	198	1378	374	631	4026	205	597	1443	181	328	149	424	151	980	50	702	311	1160	421	313	667	1208	311	2888	194	1217	313	297	612	292	582	656	310	627	1172	395	1143	361	336	1502	175	570	997	1782	277	587	1942	361	315	975	583	3158	291	1050	814	1102	297	499	205	296	548	181	173	747	1208	442	326	86	326	246	2328	509	182	2131	566	445	1714	2923	225	547	1106	186	778	167	73	591	150	1714	1116	2189	141	691	2394	1887	765	597	564	412	326	65	149	2789	317	196	1179	421	351	392	862	1714	356	336	328	183	2370	361	1608	3455	751	1373	163
193	535	495	347	1519	443	559	1540	365	303	440	801	241	870	813	357	496	2015	876	353	1315	1557	552	351	0	261	504	592	568	214	653	542	2096	245	247	3380	110	540	414	198	207	530	2070	548	529	1881	506	684	111	544	348	91	955	788	348	639	567	526	196	401	224	355	548	1107	387	1800	347	390	274	407	1887	355	550	1518	314	506	141	292	188	560	390	20	542	194	1624	875	194	2137	251	33	542	342	539	1051	236	741	3678	482	277	1225	256	413	381	656	233	726	372	512	574	865	648	520	347	926	399	2549	403	925	89	567	718	59	573	685	495	403	843	508	845	119	412	1152	339	394	647	2130	203	582	1591	119	211	625	582	2822	198	727	1086	822	568	194	157	563	632	485	180	729	1558	530	157	274	157	593	2038	184	256	1805	763	538	1528	2579	355	400	755	527	567	397	295	681	382	1528	815	1843	214	390	2659	1540	448	277	386	639	403	287	381	2438	212	364	874	648	0	557	599	1528	20	412	412	249	2090	33	1312	3106	1098	1025	238
88	429	370	566	1703	515	323	1801	153	50	590	916	109	923	574	256	375	1769	1130	255	1056	1718	296	100	261	0	375	808	587	256	503	413	2356	424	166	3629	240	554	358	251	263	479	1818	439	699	2139	671	529	358	451	141	349	1216	1026	142	490	387	696	69	227	83	255	439	1360	173	2024	566	641	14	361	2082	255	309	1741	140	671	387	198	163	821	641	269	413	417	1829	1090	399	2331	154	276	800	102	299	1304	336	682	3939	290	497	1409	169	355	209	503	53	931	111	668	396	1098	499	380	566	1108	337	2788	182	1117	240	383	660	204	597	683	370	582	1072	437	1080	293	361	1412	133	536	907	1869	239	603	1849	293	277	886	600	3058	251	977	855	1045	383	399	107	381	512	230	80	764	1305	479	225	14	225	346	2271	431	171	2030	638	484	1691	2824	255	520	1013	287	740	229	89	634	210	1691	1052	2091	81	591	2436	1801	693	497	529	490	350	37	209	2697	279	161	1113	499	261	450	763	1691	269	361	355	167	2317	276	1547	3359	837	1277	139
355	63	11	852	1558	358	260	1918	234	398	516	717	293	1297	428	147	15	1585	1335	151	987	1534	489	313	504	375	0	799	326	308	149	38	2489	740	262	3831	403	298	135	322	319	164	1667	68	624	2307	594	180	614	93	492	586	1347	1044	494	135	116	621	374	152	325	149	68	1560	507	1958	852	871	368	149	1950	149	274	2013	235	594	643	214	522	973	871	497	38	699	1724	1043	696	2191	262	492	996	294	270	1362	351	320	4044	137	782	1279	253	132	167	152	425	881	358	579	116	1098	144	23	852	1430	133	3024	506	1430	422	123	302	453	338	374	11	555	1338	114	1085	432	141	1567	487	470	1076	1803	311	339	2018	432	325	1050	332	3300	322	1040	1037	1023	125	696	434	117	861	456	399	481	1169	164	568	368	568	319	2223	577	253	2299	267	162	1511	3043	149	430	1202	265	661	148	285	287	166	1511	1066	2304	336	894	2586	1918	774	782	469	135	142	342	167	2849	324	509	1130	144	504	79	1096	1511	497	141	133	260	2252	492	1529	3548	823	1486	279
720	777	788	652	937	452	1002	1147	831	858	285	427	727	1314	1222	710	783	2374	734	707	1776	997	1100	864	592	808	799	0	566	575	917	817	1717	702	685	3109	568	569	664	573	564	686	2463	789	194	1572	218	945	572	761	928	548	620	246	928	906	912	196	739	808	734	710	789	913	966	1216	652	522	818	650	1296	710	1003	1470	772	218	567	696	779	384	522	574	817	617	1032	283	649	1546	699	561	491	845	994	569	494	801	3252	877	633	646	689	667	797	923	803	140	905	240	913	301	912	822	652	1112	670	2363	980	1085	571	917	783	626	559	651	788	246	877	712	287	516	657	850	918	328	474	2597	587	565	1291	516	550	448	574	2643	573	271	1663	237	919	649	730	911	1219	1036	737	593	1968	686	742	818	742	1055	1463	411	688	1728	943	695	967	2355	710	369	599	984	175	800	791	741	797	967	267	1627	732	716	3243	1147	198	633	329	906	658	817	797	2088	549	946	330	912	592	790	916	967	574	657	666	685	1508	561	745	2814	1589	867	701
522	274	319	868	1235	147	585	1713	500	629	296	391	478	1437	738	345	312	1823	1226	344	1293	1207	790	572	568	587	326	566	0	368	389	323	2284	807	422	3670	461	32	241	381	369	164	1924	280	371	2134	348	412	649	247	727	613	1172	806	729	382	438	369	548	430	508	346	280	1434	754	1652	868	828	587	234	1627	346	597	1947	464	348	670	390	680	846	828	551	323	738	1408	765	750	1866	433	540	906	549	592	1132	332	238	3809	456	808	960	418	245	433	396	621	611	623	325	434	843	385	346	868	1446	261	2902	759	1435	482	445	219	544	12	119	319	363	1291	212	836	452	236	1402	719	280	953	2097	384	15	1849	452	362	925	14	3182	381	833	1355	760	447	750	589	440	1099	745	566	176	1446	164	696	587	696	644	1921	530	417	2223	381	169	1185	2905	346	238	1086	586	399	421	512	176	432	1185	823	2170	515	926	2912	1713	617	808	285	382	246	569	433	2654	360	747	884	385	568	276	1147	1185	551	236	245	420	1945	540	1248	3377	1144	1373	449
172	328	298	552	1448	267	438	1641	257	306	335	663	156	1072	678	168	297	1872	1030	164	1217	1461	531	291	214	256	308	575	368	0	457	343	2207	459	110	3530	103	337	201	15	12	316	1941	342	446	2013	417	488	315	334	395	284	1061	808	396	443	393	443	198	248	173	167	342	1257	429	1785	552	562	262	194	1830	167	436	1705	197	417	343	127	315	676	562	201	343	404	1581	850	407	2078	124	193	690	271	426	1107	82	527	3776	327	484	1155	114	201	233	461	273	688	336	413	398	874	452	327	552	1135	189	2717	439	1133	125	395	504	179	375	480	298	335	1031	295	857	124	199	1274	386	281	776	2039	17	383	1723	124	24	750	382	2993	15	778	1103	812	396	407	226	390	751	470	209	539	1434	316	328	262	328	487	2038	272	113	1991	556	324	1435	2739	167	264	898	415	488	241	217	467	233	1435	832	2000	175	600	2684	1641	498	484	274	443	191	254	233	2561	25	415	896	452	214	350	813	1435	201	199	200	110	2079	193	1321	3250	1019	1181	128
496	142	159	1001	1617	465	289	2050	351	516	632	773	434	1426	356	296	160	1457	1481	300	905	1575	549	425	653	503	149	917	389	457	0	114	2621	886	408	3973	552	370	271	471	468	234	1547	129	732	2446	704	31	763	156	603	735	1484	1163	605	14	128	730	512	276	464	298	129	1705	611	2041	1001	1020	493	284	2009	298	309	2163	369	704	792	361	658	1116	1020	646	114	847	1796	1145	843	2245	407	642	1143	410	311	1485	496	278	4168	220	930	1347	399	270	295	7	555	986	462	686	119	1211	5	132	1001	1577	275	3171	606	1578	571	135	269	601	400	391	159	679	1488	205	1200	581	276	1707	599	591	1220	1708	461	398	2157	581	473	1193	390	3447	471	1168	1052	1132	136	843	574	135	957	533	538	507	1060	234	708	493	708	338	2310	724	399	2448	144	227	1555	3188	298	548	1347	312	767	275	415	276	294	1555	1183	2449	475	1042	2566	2050	910	930	592	14	280	467	295	2984	473	618	1246	5	653	127	1241	1555	646	276	271	406	2334	642	1631	3688	770	1632	423
394	48	47	889	1558	371	274	1943	269	434	533	715	332	1335	419	185	46	1561	1367	189	977	1529	514	348	542	413	38	817	323	343	114	0	2514	778	300	3861	439	298	160	357	354	158	1646	45	638	2335	609	145	651	77	527	622	1374	1063	529	100	115	636	412	187	363	187	45	1591	541	1965	889	905	405	173	1950	187	289	2049	273	609	680	253	561	1003	905	534	0	736	1728	1056	734	2190	301	529	1029	329	287	1382	382	291	4066	161	819	1281	292	157	204	118	463	895	391	592	111	1115	109	35	889	1467	162	3057	539	1468	459	122	274	491	335	358	47	575	1374	113	1103	467	165	1595	522	489	1107	1790	347	335	2046	467	359	1080	327	3333	357	1062	1053	1038	125	734	472	117	894	484	438	469	1151	158	606	405	606	332	2231	610	291	2334	228	154	1507	3075	187	448	1233	284	675	184	323	263	202	1507	1084	2335	375	932	2595	1943	800	819	489	100	168	379	204	2875	358	544	1148	109	542	53	1134	1507	534	165	158	298	2259	529	1542	3577	821	1518	318
2285	2479	2477	1842	1665	2165	2640	571	2447	2396	1997	2043	2322	2173	2886	2371	2474	4074	1254	2367	3411	1855	2638	2446	2096	2356	2489	1717	2284	2207	2621	2514	0	1996	2303	1450	2147	2286	2354	2198	2194	2398	4149	2491	1912	316	1936	2651	2001	2467	2417	2007	1146	1479	2416	2609	2593	1914	2292	2455	2314	2370	2491	1037	2453	1243	1842	1725	2370	2340	1609	2370	2635	1098	2389	1936	1974	2333	2240	1538	1725	2089	2514	1961	1463	1566	1990	1704	2314	2084	1560	2434	2624	1155	2143	2517	1589	2535	1897	1663	2310	2356	2439	2627	2323	1690	2468	1958	2596	1456	2616	2511	1842	1626	2355	973	2470	1578	2137	2595	2500	2154	2276	2363	2477	1943	1422	2417	1458	2098	2348	945	2409	2031	1449	4226	2212	2283	540	2098	2184	1470	2291	1206	2198	1454	3098	1544	2597	1990	2250	2590	2515	2573	2276	2288	3641	2398	2172	2370	2172	2682	1139	1944	2310	1026	2659	2407	1835	866	2370	2075	1350	2612	1886	2448	2384	2459	2439	1835	1465	604	2306	1854	4559	571	1715	1897	2030	2609	2346	2383	2439	379	2184	2427	1408	2616	2096	2494	1838	1835	2089	2348	2355	2304	1244	2084	1185	1139	3193	1128	2308
395	775	731	155	1637	674	747	1462	565	445	635	997	455	646	997	593	733	2188	745	589	1453	1699	660	524	245	424	740	702	807	459	886	778	1996	0	478	3222	356	780	658	444	452	775	2228	788	701	1757	684	916	162	787	434	197	891	843	433	872	789	699	385	619	428	591	788	972	466	1855	155	284	437	652	1985	591	733	1318	526	684	148	525	268	519	284	259	778	86	1712	970	60	2234	478	269	451	524	723	1045	475	987	3585	696	101	1348	486	657	599	888	375	843	525	697	796	926	881	753	155	692	643	2371	484	697	334	787	963	288	812	926	731	581	653	752	903	355	657	1055	428	600	574	2248	448	820	1472	355	456	561	822	2639	444	751	1109	905	787	60	324	783	562	598	360	962	1716	775	199	437	199	768	2074	322	487	1607	1003	783	1669	2413	591	617	648	711	732	618	492	926	600	1669	869	1685	417	167	2643	1462	516	101	591	872	647	460	599	2321	457	441	920	881	245	798	356	1669	259	657	656	480	2136	269	1351	2958	1222	884	462
104	301	253	594	1553	350	336	1739	148	212	441	753	57	1051	583	116	255	1783	1109	113	1114	1560	423	183	247	166	262	685	422	110	408	300	2303	478	0	3613	159	389	202	112	121	327	1847	314	554	2103	524	438	359	317	308	334	1157	917	309	394	320	550	129	157	85	114	314	1338	338	1895	594	629	168	202	1936	114	332	1765	88	524	389	47	274	767	629	243	300	440	1688	960	435	2183	14	241	770	162	322	1213	191	537	3876	239	524	1261	8	200	138	410	199	798	229	519	327	983	403	275	594	1169	183	2790	345	1170	175	320	514	193	431	522	253	445	1089	291	967	205	204	1366	300	386	863	1935	98	437	1812	205	134	839	435	3065	112	884	997	922	321	435	181	315	677	363	150	598	1338	327	310	168	310	382	2148	360	9	2052	527	333	1534	2817	114	365	981	310	595	152	109	484	139	1534	941	2079	93	634	2577	1739	601	524	381	394	193	154	138	2654	135	328	1005	403	247	323	834	1534	243	204	200	1	2189	241	1431	3336	912	1259	27
3573	3832	3820	3069	3103	3539	3940	1984	3745	3660	3375	3469	3620	3169	4193	3699	3817	5395	2504	3695	4675	3293	3882	3727	3380	3629	3831	3109	3670	3530	3973	3861	1450	3222	3613	0	3453	3668	3701	3519	3518	3764	5447	3846	3304	1537	3324	4004	3273	3825	3657	3289	2498	2886	3656	3960	3924	3305	3573	3770	3604	3698	3846	2275	3687	2640	3069	2990	3643	3689	2994	3697	3930	1963	3691	3324	3243	3650	3488	2857	2990	3378	3861	3212	2889	2995	3233	3036	3621	3376	2843	3720	3919	2571	3479	3908	1122	3852	3135	3113	3621	3703	3751	3978	3587	3104	3738	3348	3929	2875	3968	3852	3069	2654	3699	903	3705	2620	3439	3925	3889	3439	3664	3761	3820	3313	2573	3776	2874	3411	3696	2270	3650	3401	2755	5462	3532	3672	1820	3411	3510	2781	3679	714	3519	2838	4245	2964	3927	3233	3521	3920	3652	3821	3553	3698	4934	3764	3418	3643	3418	3972	2469	3258	3621	1697	4032	3774	3275	817	3698	3446	2632	3907	3284	3765	3675	3846	3752	3275	2875	1538	3595	3059	5529	1984	3067	3135	3399	3960	3693	3661	3751	1075	3510	3662	2824	3968	3380	3850	2964	3275	3378	3696	3702	3614	2559	3376	2635	312	4443	2354	3612
153	429	393	451	1475	344	493	1585	299	290	370	721	176	975	742	256	393	1943	949	252	1265	1500	535	308	110	240	403	568	461	103	552	439	2147	356	159	3453	0	432	304	88	96	420	2006	442	472	1944	445	583	213	436	362	183	1001	787	363	538	476	469	170	316	173	255	442	1178	400	1785	451	472	250	297	1850	255	487	1612	241	445	241	198	242	609	472	97	439	301	1593	851	303	2099	168	90	610	292	476	1070	135	631	3723	399	382	1180	167	304	298	555	236	694	342	447	482	858	547	420	451	1033	291	2632	412	1031	21	476	607	85	467	577	393	349	936	399	840	53	303	1208	352	319	704	2085	94	475	1653	53	101	681	476	2907	88	742	1094	805	478	303	168	472	692	470	168	627	1495	420	240	250	240	534	2030	203	167	1898	657	428	1473	2658	255	316	822	464	512	311	239	570	299	1473	812	1919	168	497	2674	1585	458	382	311	538	294	253	298	2496	102	381	874	547	110	451	709	1473	97	303	303	161	2077	90	1307	3176	1057	1100	161
489	249	291	845	1260	133	556	1715	467	596	293	418	445	1408	715	312	284	1813	1216	311	1271	1235	758	539	540	554	298	569	32	337	370	298	2286	780	389	3668	432	0	209	351	339	139	1911	256	376	2132	351	394	623	223	694	588	1170	812	696	362	412	374	516	398	475	313	256	1426	721	1672	845	810	554	201	1652	313	567	1934	432	351	646	358	649	837	810	523	298	713	1430	778	724	1892	401	512	893	516	562	1137	305	245	3816	426	784	983	385	213	401	377	588	621	590	329	409	852	366	319	845	1425	228	2895	726	1415	453	419	224	514	43	145	291	357	1275	185	843	425	204	1399	687	270	943	2078	353	48	1847	425	332	915	45	3175	351	834	1324	770	421	724	557	413	1067	713	534	209	1429	139	666	554	666	615	1940	509	384	2211	374	145	1213	2900	313	227	1076	556	406	389	479	180	400	1213	830	2164	482	902	2883	1715	609	784	274	362	213	536	401	2656	330	714	891	366	540	253	1123	1213	523	204	212	388	1965	512	1262	3376	1119	1363	417
307	132	125	754	1448	231	363	1783	258	395	382	615	253	1252	559	105	120	1720	1211	105	1117	1434	550	331	414	358	135	664	241	201	271	160	2354	658	202	3701	304	209	0	216	210	124	1803	146	492	2175	462	303	517	133	494	485	1214	909	496	258	248	489	331	190	285	106	146	1434	518	1833	754	757	355	13	1838	106	371	1900	226	462	545	161	476	844	757	402	160	606	1605	913	608	2081	211	395	873	309	364	1226	225	335	3908	230	686	1163	196	4	192	276	398	749	382	448	249	963	266	159	754	1337	20	2900	522	1334	325	253	313	371	252	326	125	419	1227	94	951	323	6	1435	487	335	948	1935	210	257	1886	323	212	921	252	3178	216	904	1118	890	255	608	383	248	869	504	353	415	1305	124	508	355	508	421	2096	456	195	2184	355	130	1410	2917	106	296	1075	356	531	181	276	281	191	1410	931	2177	295	802	2684	1783	640	686	334	258	10	335	192	2715	211	513	994	266	414	152	1013	1410	402	6	3	201	2128	395	1397	3417	944	1362	228
165	343	311	537	1452	277	445	1632	261	301	339	671	155	1057	687	180	311	1882	1018	176	1224	1467	530	291	198	251	322	573	381	15	471	357	2198	444	112	3519	88	351	216	0	13	331	1951	357	449	2003	420	502	300	349	388	269	1051	804	389	457	405	446	191	257	169	179	357	1245	423	1785	537	549	257	209	1833	179	442	1691	201	420	328	135	303	665	549	186	357	389	1582	850	392	2081	126	178	678	272	432	1101	84	543	3768	337	469	1159	117	216	240	474	266	688	335	417	410	871	465	341	537	1120	204	2705	433	1117	109	406	519	164	388	494	311	336	1017	311	854	110	215	1264	379	284	765	2046	14	396	1712	110	26	740	396	2980	0	772	1101	811	407	392	215	401	742	468	200	551	1443	331	315	257	315	493	2036	260	117	1977	571	339	1440	2727	179	270	887	421	490	250	218	482	241	1440	829	1988	170	585	2682	1632	491	469	278	457	206	251	240	2551	27	408	892	465	198	365	797	1440	186	215	215	113	2078	178	1318	3239	1024	1169	128
178	339	309	543	1440	264	450	1628	268	313	327	658	166	1068	691	180	308	1884	1018	176	1230	1454	541	301	207	263	319	564	369	12	468	354	2194	452	121	3518	96	339	210	13	0	323	1954	352	437	2001	408	500	307	344	401	274	1048	796	402	454	405	434	203	261	181	179	352	1244	436	1775	543	551	269	202	1821	179	449	1694	209	408	334	139	315	663	551	194	354	396	1571	840	400	2069	135	185	678	281	439	1095	73	534	3763	340	475	1147	125	210	245	472	278	678	345	405	410	862	463	339	543	1127	199	2705	446	1123	118	407	510	175	376	483	309	325	1020	304	846	113	208	1262	392	272	763	2052	24	384	1710	113	13	738	384	2981	13	766	1112	801	408	400	228	402	755	479	213	539	1447	323	327	269	327	499	2027	259	124	1980	565	331	1428	2727	179	257	886	427	479	254	228	473	246	1428	821	1988	182	592	2693	1628	485	475	266	454	200	263	245	2548	15	421	884	463	207	360	805	1428	194	208	210	121	2068	185	1309	3238	1031	1169	138
431	110	158	864	1399	233	424	1826	365	513	401	556	376	1376	575	223	151	1687	1289	224	1132	1371	644	442	530	479	164	686	164	316	234	158	2398	775	327	3764	420	139	124	331	323	0	1781	116	499	2232	471	261	629	83	612	596	1268	932	614	225	273	496	456	287	409	224	116	1507	634	1811	864	853	476	126	1791	224	437	1992	343	471	655	285	601	915	853	517	158	719	1570	910	723	2031	335	509	957	420	433	1255	319	212	3938	298	797	1123	320	126	295	241	521	751	492	452	270	977	230	182	864	1447	143	2977	636	1442	441	280	189	492	176	215	158	455	1323	51	967	430	123	1494	605	366	1021	1940	328	176	1945	430	321	993	169	3255	331	943	1200	898	283	723	507	275	987	605	478	318	1294	0	631	476	631	484	2078	548	319	2274	268	9	1349	2988	224	322	1151	428	532	280	394	156	294	1349	951	2249	418	914	2750	1826	697	797	367	225	134	453	295	2764	320	631	1014	230	530	113	1129	1349	517	123	127	325	2104	509	1396	3476	980	1439	352
1877	1685	1678	2380	3082	2012	1513	3581	1708	1787	2178	2275	1833	2473	1263	1777	1682	179	2946	1781	788	2995	1574	1721	2070	1818	1667	2463	1924	1941	1547	1646	4149	2228	1847	5447	2006	1911	1803	1951	1954	1781	0	1674	2280	3950	2251	1519	2175	1703	1796	2161	3002	2709	1798	1557	1558	2277	1875	1694	1846	1778	1674	3177	1769	3554	2380	2459	1804	1816	3464	1779	1520	3537	1764	2251	2205	1816	1961	2614	2459	2073	1646	2234	3288	2689	2214	3679	1837	2076	2612	1728	1531	3029	2005	1726	5711	1613	2312	2844	1840	1799	1711	1540	1860	2532	1709	2233	1555	2758	1552	1643	2380	2863	1799	4599	1751	2884	2018	1555	1735	2011	1934	1884	1678	2221	2881	1751	2747	2052	1808	3214	1802	2135	2711	431	1937	1930	3659	2052	1964	2687	1921	4865	1951	2706	1394	2679	1553	2214	1926	1560	1895	1632	1895	1991	513	1781	2030	1804	2030	1476	3829	2207	1840	3825	1547	1773	2983	4641	1778	2094	2825	1543	2314	1700	1775	1767	1710	2983	2730	3909	1856	2394	1847	3581	2435	2312	2135	1557	1809	1786	1711	4502	1964	1793	2793	1552	2070	1673	2522	2983	2073	1808	1800	1846	3841	2076	3173	5177	1027	3094	1845
