NAME : VRPTW_INSTANCE_307.txt
COMMENT : Bangkok Supermarket
TYPE : VRPTW
DIMENSION : 264
DAYS : Friday
EDGE_WEIGHT_TYPE : EXPLICIT
VEHICLES : 32
EDGE_WEIGHT_FORMAT : FULL_MATRIX
CAPACITY : 1000
EDGE_WEIGHT_SECTION
0	613	3531	154	432	359	564	309	379	1056	451	124	2780	1078	305	368	305	528	140	368	212	524	307	1358	578	555	891	193	204	480	3882	808	208	773	430	460	209	463	972	358	17	185	830	133	1509	305	319	697	304	104	1962	491	2079	1091	413	352	985	431	165	284	182	394	220	1025	3298	1058	101	22	589	349	178	1078	395	1410	1126	440	355	673	1433	330	367	153	926	1487	681	1264	238	242	78	186	503	215	103	26	192	225	629	350	243	1992	886	1571	153	1720	580	241	776	153	1474	382	418	152	248	113	184	543	635	1061	1847	3669	90	59	126	1970	1235	602	550	298	794	170	365	1403	1536	583	1034	622	1115	963	521	1249	1569	1029	1065	307	284	155	1641	374	857	1902	309	523	183	88	1924	489	910	793	525	118	400	1183	644	211	1795	881	1045	1007	1728	412	24	741	322	1766	639	412	390	696	1452	1942	447	1194	1893	225	977	523	422	979	1915	1807	488	300	992	865	348	855	409	1078	298	839	499	437	66	1079	369	374	244	359	901	720	3153	283	1926	298	737	412	835	2783	609	1182	425	147	346	1002	66	258	309	118	411	1322	1195	404	431	942	2413	1030	428	369	408	600	176	1629	572	288	179	412	173	1318	62	611	766	101	388	1774	148	448	747	1041	891	412	213	714	922	1221
613	0	3177	651	552	610	173	526	630	495	173	513	2331	844	872	684	527	414	650	684	670	411	915	969	1097	1096	282	513	563	1092	3501	292	419	266	192	834	545	192	445	960	626	428	960	536	1607	553	851	1089	526	552	1353	139	1942	831	633	653	1177	540	456	490	438	772	727	834	2954	474	706	622	78	954	463	844	922	1972	880	310	658	1101	1160	523	683	761	450	1895	1290	1333	847	848	635	492	123	579	673	635	441	676	850	652	709	2438	274	1435	761	1352	122	848	695	761	865	986	617	684	369	724	442	826	108	673	2435	3178	657	612	655	2148	904	1208	280	519	952	736	678	1954	1991	840	1640	798	1572	732	399	1861	956	680	1601	915	490	660	2188	914	1407	2203	674	408	690	702	2103	136	414	892	651	664	634	570	660	667	1183	1040	526	855	1119	645	618	1346	568	1803	72	645	772	265	1399	1347	533	1202	1291	739	789	408	640	381	1323	1210	696	520	379	688	659	1022	632	844	522	247	781	193	613	1411	885	694	706	610	333	120	2746	481	2106	519	299	602	671	2535	228	1738	645	657	660	458	613	482	517	664	621	723	1756	618	541	398	2052	1287	455	885	638	958	455	1028	178	531	659	645	448	1021	611	555	558	704	907	1161	541	1051	1024	480	282	558	576	332	1109	607
3531	3177	0	3426	3711	3200	3350	3225	3763	2731	3310	3413	1002	2453	3830	3801	3646	3592	3439	3801	3385	3589	3781	2212	4107	4078	3101	3338	3628	3820	393	2885	3458	2911	3319	3942	3325	3350	2744	3839	3549	3405	2854	3397	4767	3670	3850	4203	3645	3552	2957	3294	1681	2440	3777	3771	2864	3700	3468	3247	3455	3872	3432	2508	235	2787	3622	3553	3255	3821	3500	2453	3927	4864	2404	3477	3776	4192	2098	3204	3800	3659	2727	5013	3914	2549	3642	3633	3483	3347	3280	3648	3633	3533	3479	3722	4014	3769	3750	5523	3075	2057	3659	1830	3299	3631	2764	3659	2716	3852	3765	3459	3411	3621	3469	3971	3264	2516	5194	1063	3494	3575	3456	5320	2307	3841	3033	3636	2901	3701	3795	4876	5067	3995	4112	3968	4646	2567	3577	4496	2801	2528	4570	3781	3247	3668	5108	3904	4360	5374	3288	3585	3701	3591	5275	3288	2763	4070	3037	3473	3774	2877	3838	3708	2675	2861	2665	2535	2935	3787	3552	4143	3689	2259	3226	3787	3870	3392	2252	3139	3697	2503	2453	3440	2555	3585	3786	2890	3172	3099	3103	3233	3026	2666	3774	4199	3775	2453	3639	2967	3922	3330	3580	3119	3900	3811	3750	3200	3233	3178	533	3248	5278	3636	2895	3750	2696	909	3013	4661	3791	3661	3774	2743	3580	3273	3639	3473	3766	2686	4663	3156	3701	2796	1127	4457	3103	3900	3161	4083	3484	3058	3071	3642	3683	3787	3465	2214	3576	3732	2767	3551	3919	2672	3574	3912	4182	2742	3101	3128	3644	3458	4285	2903
154	651	3426	0	579	228	641	210	533	1044	511	150	2703	976	408	523	451	653	15	523	58	648	359	1281	685	653	933	141	355	471	3783	794	306	760	491	609	123	536	950	417	166	247	682	117	1663	455	441	836	450	248	2003	550	1944	994	566	507	831	576	267	207	277	545	82	917	3193	1056	208	174	645	401	295	976	512	1473	1025	546	510	805	1328	230	522	234	891	1608	653	1115	235	230	76	158	559	367	243	138	300	377	783	505	391	2099	923	1441	234	1630	646	228	662	234	1488	434	570	38	326	200	287	696	696	995	1885	3602	74	214	32	2120	1148	569	518	443	644	297	520	1472	1644	737	995	777	1228	867	643	1253	1595	954	1148	359	207	306	1710	487	938	2039	159	646	330	172	2073	545	883	947	395	48	554	1205	792	363	1813	729	1017	892	1768	566	178	772	472	1616	691	566	541	784	1313	1997	591	1051	1893	92	871	646	575	989	1973	1861	346	205	1027	763	503	1009	562	976	444	850	653	502	220	928	492	529	394	228	965	767	3062	211	2075	443	710	564	733	2661	590	1253	579	298	501	986	220	194	453	48	563	1326	1261	273	577	929	2315	1179	348	492	272	746	286	1679	567	434	332	566	274	1221	216	751	680	125	509	1791	294	499	897	1029	933	298	365	813	1075	1248
432	552	3711	579	0	728	397	645	111	1045	401	458	2882	1305	485	175	127	185	566	175	634	184	594	1499	614	633	748	535	230	808	4042	838	316	808	392	307	573	364	996	612	428	392	1203	495	1140	129	432	545	128	331	1747	421	2378	1304	93	154	1384	11	336	601	337	264	652	1272	3485	1016	452	419	481	618	299	1305	477	1482	1349	241	156	567	1650	661	175	490	992	1344	1010	1633	619	629	509	509	436	224	393	456	306	281	303	154	301	1889	759	1863	490	1881	444	629	1058	490	1355	639	73	584	341	477	321	275	495	1195	1970	3729	523	380	556	1649	1411	946	688	136	1175	407	170	1453	1445	288	1359	259	1031	1185	191	1479	1413	1186	1099	594	601	329	1682	483	925	1663	715	186	333	478	1603	427	960	398	869	550	101	1062	213	285	1650	1266	1078	1272	1526	107	414	956	116	2133	525	107	266	448	1778	1691	27	1538	1792	658	1223	186	97	915	1658	1566	861	634	856	1108	163	501	95	1305	134	794	232	381	374	1508	440	183	296	728	690	598	3291	594	1605	136	816	61	1083	3029	699	1247	101	333	166	1010	374	572	125	550	82	1243	1271	765	10	950	2584	746	700	440	777	413	314	1402	640	144	305	107	333	1517	377	189	984	521	458	1631	285	686	473	1031	748	743	224	424	584	1082
359	610	3200	228	728	0	662	93	709	909	522	275	2490	753	636	713	607	751	242	713	185	746	582	1073	914	881	879	194	530	657	3558	668	414	637	507	818	159	563	807	640	375	338	478	242	1852	619	667	1057	606	425	1924	553	1720	774	739	692	656	722	392	138	391	751	237	692	2966	936	434	382	632	622	429	753	740	1686	802	621	696	1029	1103	88	713	463	733	1836	812	912	446	438	294	219	556	547	460	352	422	582	973	690	602	2327	863	1215	463	1412	649	436	435	463	1378	654	738	259	405	428	407	894	686	800	2081	3395	300	416	260	2327	933	728	392	597	447	520	709	1690	1873	932	1128	957	1457	647	739	1427	1499	752	1372	582	138	514	1926	715	1161	2262	100	744	543	399	2280	546	734	1119	167	277	728	1111	936	568	1703	538	864	665	1689	742	383	974	639	1415	669	742	747	810	1092	1939	733	835	1760	247	647	744	748	886	1918	1800	133	102	958	541	690	1198	735	753	599	756	847	523	422	822	719	721	604	0	943	730	2841	147	2282	597	571	729	512	2433	473	1471	753	507	688	847	422	162	606	277	733	1204	1477	45	723	797	2091	1388	180	719	49	960	414	1617	474	593	537	742	395	1000	418	874	472	354	736	1680	465	717	1103	895	879	85	544	855	1270	1161
564	173	3350	641	397	662	0	570	487	651	140	492	2497	1009	779	547	399	243	636	547	674	240	845	1143	978	985	360	520	460	1039	3672	465	356	440	156	694	558	105	612	883	573	395	1068	524	1434	425	748	942	398	481	1410	111	2106	998	485	517	1278	385	398	527	382	638	723	994	3127	620	644	567	94	881	391	1009	813	1855	1047	164	521	960	1331	574	546	698	623	1739	1243	1463	802	806	606	494	114	472	600	589	372	569	687	516	601	2285	367	1596	698	1526	51	806	832	698	970	910	466	668	319	665	379	672	98	847	2331	3335	628	547	637	1975	1076	1165	413	393	1054	653	540	1832	1842	682	1598	632	1427	894	228	1786	1042	852	1477	845	527	570	2064	809	1291	2034	705	237	596	648	1930	119	587	719	740	642	487	674	487	564	1276	1144	693	1010	1179	497	562	1263	435	1943	129	497	638	147	1549	1381	375	1340	1405	734	947	237	490	518	1352	1247	770	562	468	842	524	851	484	1009	396	400	629	142	545	1483	775	557	598	662	339	201	2916	518	1932	393	470	452	822	2707	382	1620	495	569	526	621	545	510	389	642	473	848	1640	680	386	562	2225	1119	539	775	699	809	389	1071	324	407	562	497	390	1192	545	381	710	663	796	1256	457	971	861	637	360	629	470	196	938	700
309	526	3225	210	645	93	570	0	634	857	430	205	2492	772	605	644	527	660	220	644	189	655	569	1071	882	854	800	121	458	674	3579	611	329	578	414	758	100	470	758	626	326	252	558	179	1776	541	627	1005	526	357	1854	462	1774	788	662	621	744	639	311	45	308	689	251	717	2992	877	397	331	543	611	349	772	702	1683	821	528	624	982	1126	21	643	434	692	1796	844	989	444	438	258	141	466	476	412	308	338	522	901	618	545	2298	784	1265	434	1422	559	437	466	434	1317	644	660	247	315	396	324	826	597	785	2093	3392	270	360	237	2260	939	759	330	517	530	478	639	1683	1842	862	1173	881	1422	660	647	1453	1433	744	1355	569	45	458	1920	679	1145	2208	151	653	489	366	2213	455	688	1040	227	253	652	1044	851	508	1642	622	821	697	1618	666	332	981	561	1490	582	666	686	718	1154	1863	649	902	1709	263	670	653	672	821	1841	1725	218	10	882	558	619	1124	659	772	519	687	778	430	366	915	678	652	546	93	857	646	2854	54	2215	517	518	650	529	2474	409	1463	676	451	618	796	366	72	526	253	656	1147	1471	121	640	743	2110	1324	138	678	136	901	332	1542	401	515	479	666	313	1015	361	785	470	329	696	1620	393	709	1037	842	800	104	473	762	1198	1092
379	630	3763	533	111	709	487	634	0	1125	467	433	2950	1337	379	64	117	294	519	64	590	292	495	1554	504	522	845	516	180	709	4099	908	320	876	454	206	550	438	1069	508	371	389	1188	468	1143	96	323	459	118	287	1856	493	2394	1340	35	44	1357	119	325	593	332	155	599	1299	3535	1102	376	361	565	516	287	1337	365	1376	1383	324	46	472	1687	652	64	406	1057	1269	908	1621	535	546	458	493	509	165	318	400	303	188	269	45	202	1808	854	1880	406	1933	532	547	1073	406	1455	535	48	531	358	400	316	208	585	1249	1862	3806	468	321	506	1630	1457	848	730	128	1156	317	59	1349	1360	236	1254	247	942	1217	299	1368	1517	1234	994	495	593	249	1579	372	816	1615	681	294	245	407	1584	498	1028	414	861	497	21	1160	282	197	1753	1246	1151	1294	1634	33	357	846	75	2123	612	33	156	554	1784	1802	138	1536	1891	603	1249	294	43	1003	1769	1676	843	623	953	1134	53	490	31	1337	125	876	159	446	315	1457	329	72	197	709	795	689	3352	587	1586	128	875	53	1107	3063	752	1141	46	255	56	1087	315	563	124	497	37	1336	1164	750	119	1026	2636	706	709	329	759	329	305	1511	695	124	223	33	325	1559	318	290	1014	456	347	1734	244	579	422	1111	845	736	167	533	565	1182
1056	495	2731	1044	1045	909	651	857	1125	0	663	938	1850	652	1342	1179	1021	892	1048	1179	1041	890	1363	580	1583	1578	372	904	1048	1514	3039	249	889	284	679	1329	921	687	107	1415	1072	875	1046	948	2036	1047	1330	1585	1020	1018	1060	632	1669	615	1128	1148	1258	1033	919	842	901	1266	1104	689	2514	74	1156	1070	563	1405	935	652	1404	2452	662	804	1152	1596	851	843	1178	1209	202	2389	1696	1291	1270	1268	1055	894	616	1065	1134	1073	912	1159	1339	1147	1193	2933	344	1207	1209	941	601	1267	718	1209	481	1438	1111	1081	837	1169	909	1320	556	376	2902	2684	1075	1070	1059	2591	589	1612	527	1013	1061	1202	1172	2437	2486	1332	2030	1283	2067	591	878	2296	619	430	2087	1363	842	1134	2674	1392	1889	2679	1002	887	1166	1143	2547	629	183	1358	854	1072	1129	286	1128	1150	800	1126	108	739	834	1140	1067	1797	1062	1678	522	1140	1266	665	1245	1116	1025	1133	852	1116	666	887	1135	160	1108	982	929	857	316	627	1154	1495	1127	652	1016	251	1275	683	1072	1562	1368	1189	1191	909	509	458	2279	836	2550	1013	339	1096	631	2158	453	2219	1140	1130	1155	64	1072	850	1011	1072	1116	299	2236	892	1034	114	1617	1767	729	1368	911	1453	924	808	483	1024	1137	1140	913	713	1070	1020	552	1131	1390	778	1017	1505	1513	15	372	828	1062	729	1582	344
451	173	3310	511	401	522	140	430	467	663	0	364	2483	924	699	517	358	302	507	517	540	298	747	1098	924	923	441	384	389	931	3640	440	249	409	20	667	421	49	602	791	462	271	936	393	1505	385	677	926	358	382	1510	40	2014	918	474	487	1144	390	288	387	271	604	591	900	3084	646	540	458	137	786	292	924	748	1798	965	170	491	934	1260	434	517	595	591	1736	1132	1339	688	691	483	359	53	405	503	474	270	502	704	485	535	2276	438	1501	595	1480	135	690	718	595	1037	817	460	540	203	559	273	670	185	795	2262	3339	505	444	510	2034	1014	1052	308	350	920	564	511	1780	1826	688	1485	657	1405	806	287	1693	1123	789	1428	747	387	487	2015	740	1233	2064	566	295	516	539	1988	38	561	772	604	516	473	741	545	493	1352	1011	683	910	1277	485	453	1175	401	1825	188	485	603	287	1441	1493	387	1222	1464	603	852	295	482	554	1467	1357	631	422	544	742	492	893	473	924	353	419	622	20	444	1344	711	528	533	522	455	269	2890	378	1991	350	415	445	719	2640	302	1564	487	484	493	621	444	371	349	516	463	897	1582	541	391	559	2183	1147	405	711	560	796	285	1178	241	361	485	485	280	1124	443	449	612	547	733	1331	368	880	875	648	441	491	402	333	978	775
124	513	3413	150	458	275	492	205	433	938	364	0	2657	961	428	439	333	510	144	439	191	505	426	1235	699	678	795	84	255	582	3763	689	160	655	344	553	116	387	851	479	141	97	754	38	1576	343	439	802	333	152	1867	404	1980	973	463	417	927	453	125	171	132	484	232	911	3181	943	224	143	500	468	160	961	516	1534	1009	397	421	783	1316	225	438	274	803	1601	777	1188	336	336	122	67	414	272	221	136	158	318	698	415	343	2111	788	1469	274	1598	499	335	666	274	1366	502	463	176	176	233	144	621	550	938	1967	3545	143	161	145	2055	1114	694	427	324	723	291	435	1527	1655	658	1126	681	1233	845	499	1360	1466	906	1189	426	171	257	1765	496	981	2005	258	503	289	205	2008	400	789	844	431	152	453	1077	669	304	1689	813	924	896	1633	466	141	858	363	1690	548	466	480	634	1359	1856	466	1107	1780	243	862	503	473	868	1830	1720	409	195	892	749	415	922	460	961	326	728	574	354	166	1058	487	447	343	275	820	626	3031	168	2010	324	615	454	720	2674	488	1306	477	250	414	883	166	142	333	152	458	1210	1318	316	454	824	2293	1118	310	487	325	696	147	1540	454	319	275	466	131	1199	162	617	646	194	507	1667	189	569	832	923	795	310	269	662	995	1118
2780	2331	1002	2703	2882	2490	2497	2492	2950	1850	2483	2657	0	1746	3085	2996	2837	2740	2713	2996	2672	2738	3062	1422	3354	3335	2206	2592	2839	3144	1227	2043	2668	2074	2495	3144	2588	2517	1886	3119	2798	2628	2251	2649	3869	2863	3093	3406	2836	2779	1955	2460	1435	1719	2958	2966	2330	2870	2687	2504	2671	3077	2728	1816	851	1895	2878	2800	2405	3104	2714	1746	3170	4175	1698	2641	2970	3407	1426	2472	2996	2923	1893	4219	3274	2072	2934	2927	2747	2594	2445	2858	2877	2788	2691	2943	3182	2964	2974	4752	2183	1563	2923	1085	2446	2925	2069	2923	1753	3137	2943	2739	2618	2882	2684	3153	2404	1719	4563	926	2761	2815	2729	4430	1556	3194	2242	2828	2296	2947	2990	4175	4299	3170	3531	3129	3875	1843	2726	3885	1823	1751	3845	3062	2504	2899	4413	3152	3636	4529	2587	2734	2933	2853	4387	2455	1922	3209	2344	2746	2957	1948	2979	2930	1681	2283	1804	1859	1942	2969	2798	3464	2880	1975	2368	2969	3075	2514	1779	2138	2864	1970	1457	2738	1855	2734	2966	2000	2172	2102	2420	2498	2119	1951	2970	3345	2957	1746	2831	2099	3106	2504	2819	2641	3139	3007	2973	2490	2327	2309	475	2503	4390	2828	2077	2928	1980	1045	2204	3955	2971	2894	2970	1875	2819	2526	2829	2746	2947	1750	3964	2450	2871	1935	560	3616	2358	3139	2460	3278	2699	2071	2257	2837	2910	2969	2682	1499	2815	2871	2023	2821	3160	1680	2793	3202	3355	1863	2206	2409	2855	2575	3432	1966
1078	844	2453	976	1305	753	1009	772	1337	652	924	961	1746	0	1377	1367	1219	1226	988	1367	939	1222	1335	372	1654	1626	929	885	1187	1400	2807	603	1020	609	926	1501	872	971	570	1393	1096	961	557	944	2430	1241	1397	1759	1219	1104	1657	921	1097	45	1357	1339	718	1295	1025	794	1014	1431	990	77	2220	723	1169	1100	920	1375	1060	0	1473	2438	49	1093	1343	1744	355	751	1366	1207	484	2563	1529	657	1200	1191	1031	894	910	1206	1180	1080	1040	1274	1601	1336	1301	3070	899	593	1207	662	962	1189	323	1207	1071	1407	1347	1010	979	1168	1029	1544	951	281	2817	2661	1042	1123	1006	2953	212	1448	618	1209	593	1248	1361	2443	2614	1573	1799	1563	2193	119	1210	2142	1223	221	2124	1335	794	1218	2679	1451	1914	2950	847	1219	1250	1139	2907	913	524	1693	600	1023	1351	938	1469	1260	1347	616	545	136	1450	1364	1099	1722	1261	1027	912	1364	1428	1107	595	1742	1296	495	1310	1000	109	1219	1365	768	1739	1613	674	780	926	213	1340	1806	1354	0	1212	741	1495	941	1128	1053	1447	1376	1302	753	1064	903	2087	795	2910	1209	550	1333	243	1725	627	2225	1371	1211	1339	605	1128	820	1214	1023	1347	894	2230	711	1296	613	1338	2043	650	1447	719	1644	1043	1447	688	1213	1234	1364	1023	247	1124	1372	322	1100	1466	1326	1129	1470	1759	648	929	678	1203	1175	1889	996
305	872	3830	408	485	636	779	605	379	1342	699	428	3085	1377	0	324	399	651	394	324	456	648	134	1663	277	250	1134	495	318	337	4184	1098	455	1064	679	299	505	694	1264	129	287	469	1073	436	1349	379	66	455	399	323	2187	736	2349	1393	410	335	1194	490	422	585	440	270	424	1322	3597	1336	208	285	830	141	409	1377	109	1112	1426	623	334	411	1731	626	324	173	1224	1200	531	1499	245	259	347	491	751	308	210	298	432	215	516	334	187	1693	1134	1848	173	2023	810	261	1068	173	1736	156	427	380	506	209	433	418	867	1366	1564	3973	337	274	376	1758	1539	475	851	401	1032	140	326	1101	1237	462	874	542	820	1264	651	1010	1818	1334	760	134	585	211	1339	81	553	1644	560	649	183	239	1712	737	1206	711	803	359	397	1440	652	217	2050	1110	1339	1299	1959	400	287	485	379	1995	881	400	266	885	1714	2149	510	1449	2163	420	1274	649	414	1250	2118	2019	751	597	1240	1164	326	721	407	1377	399	1112	396	681	271	1213	105	321	191	636	1115	964	3456	585	1714	401	1034	432	1134	3070	905	881	413	214	323	1292	271	561	409	359	416	1594	895	681	491	1231	2714	825	731	105	680	400	419	1846	862	385	216	400	429	1620	274	670	1070	282	112	2029	330	201	568	1327	1134	702	310	881	767	1472
368	684	3801	523	175	713	547	644	64	1179	517	439	2996	1367	324	0	159	359	508	0	581	357	445	1594	440	458	906	523	185	658	4139	957	346	924	503	149	554	492	1120	453	357	409	1191	471	1141	133	264	409	160	288	1921	546	2413	1371	88	30	1353	184	344	606	353	92	583	1325	3572	1157	349	348	622	463	307	1367	302	1313	1413	383	26	417	1719	663	0	371	1103	1223	855	1625	498	510	446	503	562	167	293	386	326	154	261	32	158	1758	914	1901	371	1972	590	511	1093	371	1516	480	107	517	389	371	338	182	644	1289	1798	3857	454	309	494	1615	1493	797	767	168	1158	279	6	1287	1308	218	1198	256	888	1247	363	1305	1579	1272	932	445	606	223	1518	311	753	1583	676	359	211	383	1569	550	1076	429	871	483	76	1221	329	166	1816	1246	1201	1317	1698	77	345	783	116	2128	669	77	93	617	1797	1867	202	1546	1951	586	1276	359	90	1060	1833	1741	846	633	1014	1160	26	487	85	1367	165	931	134	497	302	1439	266	10	154	713	858	747	3395	601	1571	168	919	115	1133	3091	794	1078	89	230	27	1139	302	576	168	483	96	1395	1100	755	183	1077	2674	682	729	266	763	283	325	1576	739	159	196	77	345	1592	306	349	1044	434	284	1796	250	521	396	1164	906	748	170	598	556	1244
305	527	3646	451	127	607	399	527	117	1021	358	333	2837	1219	399	159	0	254	438	159	506	251	493	1438	578	586	760	413	105	704	3983	797	205	765	344	308	450	335	961	518	301	277	1085	370	1249	26	357	569	0	203	1795	388	2279	1222	138	128	1261	125	216	485	220	245	524	1182	3418	1001	332	292	468	521	178	1219	417	1456	1265	235	133	575	1569	544	158	373	944	1381	909	1516	500	510	381	388	404	103	273	329	190	184	383	126	212	1918	765	1765	373	1817	438	510	958	373	1369	546	133	456	241	357	204	326	494	1133	1932	3698	395	253	428	1745	1340	841	613	10	1055	298	152	1433	1467	353	1261	355	1046	1100	253	1408	1439	1117	1079	493	485	215	1666	416	892	1733	589	251	227	355	1698	392	917	512	754	422	131	1073	340	183	1675	1145	1042	1177	1568	145	287	883	43	2018	517	145	244	488	1672	1751	142	1427	1803	530	1132	251	148	905	1719	1622	741	517	868	1017	133	600	135	1219	8	774	276	338	248	1380	378	169	208	607	725	597	3237	479	1701	10	761	122	990	2945	636	1220	153	218	134	980	248	456	10	422	130	1243	1241	646	126	918	2519	823	595	378	657	441	195	1452	580	17	195	145	215	1441	250	309	897	396	399	1655	157	600	539	1006	760	628	103	481	678	1099
528	414	3592	653	185	751	243	660	294	892	302	510	2740	1226	651	359	254	0	643	359	701	4	747	1382	799	817	573	570	353	958	3915	706	350	680	303	492	611	254	855	773	530	421	1206	548	1204	272	604	721	254	425	1562	306	2317	1219	279	335	1403	175	386	614	377	449	733	1203	3368	856	577	521	336	776	357	1226	656	1667	1267	139	337	748	1559	671	358	623	864	1504	1163	1623	746	754	594	542	318	356	521	554	352	438	449	334	464	2053	586	1804	623	1765	294	754	1015	623	1176	800	259	668	347	601	366	447	336	1083	2156	3573	612	488	637	1738	1309	1094	610	255	1184	552	353	1638	1615	450	1516	391	1207	1108	15	1656	1229	1083	1284	747	614	468	1865	659	1110	1791	763	7	482	595	1693	313	829	478	868	635	286	885	247	438	1467	1276	936	1212	1340	292	516	1132	272	2115	371	292	451	265	1739	1508	158	1514	1613	742	1155	7	281	753	1475	1382	877	650	679	1044	343	608	280	1226	256	641	409	286	484	1564	618	367	460	751	506	435	3159	605	1695	255	703	246	1021	2938	600	1432	286	470	346	864	484	589	245	635	268	1070	1456	781	176	805	2466	876	678	618	797	589	366	1217	540	270	450	292	379	1422	485	146	914	628	637	1448	385	853	624	878	573	745	355	239	695	902
140	650	3439	15	566	242	636	220	519	1048	507	144	2713	988	394	508	438	643	0	508	72	638	348	1292	672	639	932	144	341	465	3796	799	297	764	487	593	130	531	956	406	151	241	697	114	1648	441	426	821	438	235	2003	547	1959	1006	553	493	846	563	258	215	269	530	90	930	3206	1060	193	160	642	390	285	988	498	1462	1038	538	495	790	1341	241	508	220	897	1594	650	1130	226	222	61	159	556	354	228	123	291	362	769	490	376	2085	923	1456	220	1642	643	221	675	220	1491	423	557	34	320	186	278	682	692	1005	1876	3612	59	199	17	2105	1159	566	523	430	659	282	505	1462	1631	723	993	762	1214	878	634	1248	1596	965	1136	348	215	291	1699	472	926	2025	174	637	315	157	2058	542	888	933	409	34	540	1206	779	348	1815	744	1023	906	1768	552	163	764	459	1631	689	552	526	778	1328	1996	579	1066	1897	99	884	637	561	991	1971	1859	361	215	1027	775	488	994	549	988	431	853	638	498	206	941	478	514	379	242	962	765	3074	219	2060	430	715	550	745	2675	594	1242	565	284	486	991	206	200	441	34	550	1329	1250	287	564	933	2327	1164	357	478	286	731	276	1678	570	422	317	552	265	1233	202	739	691	112	494	1793	281	488	882	1033	932	310	352	806	1061	1249
368	684	3801	523	175	713	547	644	64	1179	517	439	2996	1367	324	0	159	359	508	0	581	357	445	1594	440	458	906	523	185	658	4139	957	346	924	503	149	554	492	1120	453	357	409	1191	471	1141	133	264	409	160	288	1921	546	2413	1371	88	30	1353	184	344	606	353	92	583	1325	3572	1157	349	348	622	463	307	1367	302	1313	1413	383	26	417	1719	663	0	371	1103	1223	855	1625	498	510	446	503	562	167	293	386	326	154	261	32	158	1758	914	1901	371	1972	590	511	1093	371	1516	480	107	517	389	371	338	182	644	1289	1798	3857	454	309	494	1615	1493	797	767	168	1158	279	6	1287	1308	218	1198	256	888	1247	363	1305	1579	1272	932	445	606	223	1518	311	753	1583	676	359	211	383	1569	550	1076	429	871	483	76	1221	329	166	1816	1246	1201	1317	1698	77	345	783	116	2128	669	77	93	617	1797	1867	202	1546	1951	586	1276	359	90	1060	1833	1741	846	633	1014	1160	26	487	85	1367	165	931	134	497	302	1439	266	10	154	713	858	747	3395	601	1571	168	919	115	1133	3091	794	1078	89	230	27	1139	302	576	168	483	96	1395	1100	755	183	1077	2674	682	729	266	763	283	325	1576	739	159	196	77	345	1592	306	349	1044	434	284	1796	250	521	396	1164	906	748	170	598	556	1244
212	670	3385	58	634	185	674	189	590	1041	540	191	2672	939	456	581	506	701	72	581	0	696	396	1252	733	697	952	157	412	484	3744	793	351	759	521	666	126	569	945	454	224	286	626	154	1721	511	493	891	505	305	2018	578	1893	959	624	565	773	630	315	199	323	602	62	878	3151	1058	262	232	670	436	346	939	562	1503	988	588	568	858	1288	207	580	283	881	1657	656	1058	262	254	134	181	586	425	300	196	348	435	842	563	449	2143	940	1392	283	1596	675	252	620	283	1494	468	627	76	366	252	334	755	722	972	1906	3575	131	272	88	2177	1116	571	514	498	588	352	578	1505	1689	796	990	835	1275	832	691	1264	1605	928	1186	396	199	364	1742	536	976	2093	104	694	387	225	2131	573	875	1005	349	103	611	1214	847	421	1819	672	1009	850	1783	623	236	795	529	1559	715	623	598	819	1260	2017	645	997	1893	74	832	694	632	995	1994	1880	294	187	1042	726	561	1067	620	939	499	858	711	533	279	874	545	587	451	185	991	788	3026	205	2133	498	704	620	697	2614	589	1286	636	356	559	982	279	194	508	103	620	1328	1293	229	631	927	2276	1236	327	545	225	803	335	1698	572	490	390	623	321	1185	275	803	650	175	560	1797	350	531	955	1026	952	263	423	851	1134	1260
524	411	3589	648	184	746	240	655	292	890	298	505	2738	1222	648	357	251	4	638	357	696	0	744	1379	797	815	573	565	349	954	3912	704	345	677	298	491	606	250	853	769	525	416	1201	543	1208	269	601	721	251	421	1563	302	2313	1215	277	332	1398	174	381	609	373	447	729	1199	3365	855	572	517	334	773	353	1222	653	1666	1263	135	335	748	1555	666	356	619	861	1505	1159	1618	742	750	590	537	315	352	517	550	348	434	450	332	461	2054	586	1799	619	1762	292	750	1010	619	1176	797	257	663	342	597	361	447	334	1080	2154	3572	608	483	632	1741	1306	1090	606	251	1179	548	351	1637	1615	450	1512	393	1207	1104	12	1653	1230	1080	1282	744	609	464	1864	657	1109	1793	758	3	478	590	1696	310	826	481	863	631	285	885	250	435	1468	1271	934	1207	1342	291	511	1129	269	2111	369	291	449	265	1734	1511	157	1509	1613	737	1151	3	280	751	1477	1384	872	645	679	1040	341	610	279	1222	253	639	409	282	479	1559	615	365	457	746	507	434	3157	600	1698	251	700	245	1017	2935	597	1431	284	466	343	862	479	584	242	631	266	1070	1455	776	174	803	2463	878	673	615	792	589	361	1218	536	267	446	291	374	1418	481	150	910	623	635	1449	381	849	625	877	573	740	351	240	697	903
307	915	3781	359	594	582	845	569	495	1363	747	426	3062	1335	134	445	493	747	348	445	396	744	0	1640	358	312	1188	476	397	214	4140	1115	498	1081	727	433	474	751	1278	57	292	492	986	423	1479	477	200	574	493	365	2254	787	2269	1354	528	451	1091	598	459	559	477	401	350	1274	3547	1365	209	294	883	42	456	1335	229	1115	1384	699	451	523	1685	590	445	154	1229	1279	416	1404	143	155	318	479	800	392	244	290	477	313	650	450	293	1750	1185	1777	154	1990	869	157	1017	154	1779	76	543	324	545	194	474	552	925	1351	1541	3959	302	302	332	1876	1508	352	853	492	943	196	447	1113	1299	596	768	674	892	1226	745	946	1870	1312	790	0	559	281	1351	200	579	1743	494	744	265	221	1830	785	1215	844	744	315	514	1486	774	310	2098	1016	1350	1246	2022	519	298	433	481	1895	934	519	397	963	1632	2224	618	1365	2200	342	1229	744	533	1285	2195	2092	682	563	1291	1122	443	855	524	1335	490	1146	528	731	302	1089	236	444	298	582	1184	1017	3421	562	1832	492	1042	546	1092	3004	915	893	533	280	440	1310	302	540	501	315	533	1629	902	625	598	1250	2673	950	704	236	620	530	462	1916	880	477	297	519	466	1581	304	782	1039	242	238	2077	387	142	699	1348	1188	657	393	967	899	1522
1358	969	2212	1281	1499	1073	1143	1071	1554	580	1098	1235	1422	372	1663	1594	1438	1382	1292	1594	1252	1379	1640	0	1934	1913	942	1169	1428	1730	2545	679	1256	702	1106	1739	1165	1138	556	1697	1376	1211	929	1226	2573	1462	1672	2001	1437	1362	1410	1082	1106	332	1567	1564	1082	1488	1272	1081	1257	1670	1310	449	1986	651	1456	1378	1048	1682	1301	372	1750	2754	335	1265	1569	1996	307	1050	1594	1500	521	2815	1874	965	1514	1507	1324	1172	1068	1447	1456	1365	1278	1528	1802	1562	1558	3339	913	696	1500	383	1091	1505	672	1500	855	1715	1553	1318	1208	1460	1270	1761	1062	304	3154	2322	1339	1394	1307	3118	159	1791	829	1427	965	1526	1588	2753	2884	1783	2158	1755	2460	439	1367	2490	1006	329	2422	1640	1081	1481	2991	1731	2213	3162	1172	1375	1515	1430	3073	1075	560	1861	937	1324	1563	825	1629	1515	1077	987	487	507	1230	1576	1376	2047	1481	1223	1022	1576	1668	1200	803	1524	1485	807	997	1320	473	1375	1575	738	1529	1408	1016	1076	896	546	1567	1988	1565	372	1431	779	1713	1118	1398	1418	1719	1604	1558	1073	1083	984	1801	1080	3075	1427	683	1539	574	1583	802	2533	1580	1475	1568	568	1398	1103	1430	1324	1555	707	2542	1036	1489	611	1085	2245	935	1719	1047	1877	1285	1263	860	1435	1493	1576	1268	208	1395	1524	602	1398	1740	1058	1378	1780	1971	586	942	990	1444	1268	2074	875
578	1097	4107	685	614	914	978	882	504	1583	924	699	3354	1654	277	440	578	799	672	440	733	797	358	1934	0	59	1338	770	535	466	4460	1346	697	1312	906	316	782	908	1512	308	560	727	1341	711	1185	553	261	268	579	576	2361	958	2622	1669	521	466	1448	623	672	861	689	349	696	1599	3875	1570	485	557	1044	330	650	1654	184	877	1703	814	463	201	2009	903	440	451	1480	925	594	1762	499	512	624	764	973	518	477	574	674	423	490	467	390	1415	1344	2124	451	2298	1016	514	1346	451	1948	311	541	656	749	487	678	412	1073	1634	1357	4236	615	539	654	1537	1813	576	1113	584	1299	408	446	856	960	443	876	542	542	1541	804	895	2017	1605	504	358	861	456	1091	203	313	1386	835	799	423	517	1492	960	1459	675	1081	637	512	1652	710	433	2253	1373	1590	1577	2139	508	558	405	543	2253	1093	508	348	1057	1986	2305	641	1719	2382	690	1552	799	520	1478	2270	2180	1027	874	1447	1441	458	629	519	1654	581	1343	423	904	535	1431	216	431	392	914	1298	1175	3731	861	1494	584	1290	553	1411	3347	1161	642	516	461	456	1537	535	836	589	637	532	1819	662	959	623	1475	2991	640	1006	216	957	303	663	2016	1114	570	448	508	677	1896	539	766	1345	560	195	2233	569	285	448	1568	1338	980	521	1038	645	1678
555	1096	4078	653	633	881	985	854	522	1578	923	678	3335	1626	250	458	586	817	639	458	697	815	312	1913	59	0	1345	746	533	408	4433	1338	689	1304	904	347	754	911	1504	260	537	713	1299	687	1244	562	248	326	587	563	2377	958	2581	1642	542	482	1400	642	661	835	678	370	657	1570	3845	1568	458	535	1047	282	642	1626	174	875	1675	822	479	260	1980	875	458	419	1468	966	535	1716	455	468	595	741	974	517	458	549	666	420	534	483	387	1446	1349	2086	419	2274	1021	470	1315	419	1953	260	562	622	741	458	669	451	1078	1616	1346	4221	584	521	622	1594	1789	516	1098	591	1256	387	463	859	991	485	822	583	580	1514	821	858	2026	1584	513	312	835	444	1096	186	311	1436	799	816	412	487	1549	960	1448	723	1046	605	533	1657	744	429	2261	1329	1581	1546	2153	529	536	356	554	2205	1097	529	368	1071	1944	2325	660	1677	2385	651	1523	816	542	1477	2292	2199	990	846	1453	1413	473	683	540	1626	589	1341	457	903	517	1376	211	450	390	881	1310	1179	3707	835	1551	591	1278	573	1383	3311	1149	641	539	449	471	1530	517	812	597	605	552	1820	659	925	642	1468	2964	699	982	211	922	352	654	2033	1104	577	440	529	667	1870	521	794	1320	527	189	2241	561	229	504	1563	1345	950	520	1056	701	1685
891	282	3101	933	748	879	360	800	845	372	441	795	2206	929	1134	906	760	573	932	906	952	573	1188	942	1338	1345	0	795	817	1371	3405	330	690	334	461	1051	826	439	389	1231	903	708	1174	819	1668	785	1106	1293	759	822	1071	401	2003	903	839	877	1394	737	730	767	712	998	1009	943	2885	314	981	899	304	1226	732	929	1173	2216	954	525	881	1315	1191	795	905	1036	453	2076	1570	1504	1127	1129	917	775	388	830	944	914	710	928	1021	876	960	2626	31	1517	1036	1311	324	1128	872	1036	609	1257	820	966	644	1000	714	1019	267	691	2690	3014	939	885	938	2226	924	1489	507	754	1174	1002	900	2193	2188	1023	1921	960	1779	836	562	2134	684	724	1838	1188	767	922	2424	1167	1652	2332	950	570	950	979	2182	402	410	1012	894	946	843	314	789	921	916	1256	455	979	837	852	894	1614	796	1942	253	852	998	317	1519	1065	724	1359	1045	1021	906	570	844	211	1043	928	950	795	108	827	884	1153	840	929	757	189	979	457	885	1654	1135	916	957	879	140	171	2643	758	2185	754	412	806	819	2525	430	1981	849	920	886	374	885	761	749	946	827	497	2001	881	738	335	1989	1431	711	1135	901	1160	726	746	410	768	917	852	722	1049	884	683	710	984	1156	896	806	1320	1194	363	0	818	828	372	1239	339
193	513	3338	141	535	194	520	121	516	904	384	84	2592	885	495	523	413	570	144	523	157	565	476	1169	770	746	795	0	339	609	3689	655	224	621	365	636	40	415	813	532	210	149	672	59	1659	425	512	884	412	236	1864	421	1896	898	545	501	849	529	198	91	200	567	213	832	3105	916	287	215	513	518	236	885	588	1590	933	448	504	863	1240	141	523	331	757	1679	794	1105	366	364	157	28	429	356	295	196	229	401	782	499	425	2185	785	1386	331	1528	519	362	585	331	1347	552	544	177	224	290	214	705	565	876	2013	3485	174	240	154	2139	1043	710	381	403	641	363	519	1586	1729	742	1136	763	1308	770	559	1391	1454	840	1253	476	91	338	1824	567	1044	2087	192	563	369	261	2092	416	746	925	347	168	535	1064	744	386	1671	732	881	815	1629	548	214	901	445	1607	558	548	564	666	1275	1861	541	1022	1753	225	784	563	555	848	1837	1724	327	111	887	671	499	1005	542	885	405	709	658	378	246	993	562	531	426	194	834	631	2961	90	2094	403	573	535	642	2593	451	1365	559	330	498	847	246	65	412	168	539	1185	1376	233	530	790	2220	1202	236	562	243	779	221	1542	426	399	358	548	202	1125	241	686	574	233	581	1650	273	618	916	889	795	226	353	702	1079	1108
204	563	3628	355	230	530	460	458	180	1048	389	255	2839	1187	318	185	105	353	341	185	412	349	397	1428	535	533	817	339	0	605	3971	813	171	780	371	314	371	379	979	428	198	226	1009	288	1321	102	289	574	105	107	1869	425	2228	1193	212	162	1177	229	161	420	173	244	424	1143	3398	1035	226	189	515	429	127	1187	359	1408	1234	305	165	568	1540	477	184	269	952	1386	811	1443	395	404	282	317	440	19	168	226	149	112	443	159	145	1913	819	1716	269	1802	492	405	909	269	1422	456	215	356	221	251	158	367	549	1124	1874	3711	294	149	329	1801	1321	740	599	101	977	201	181	1391	1459	403	1165	427	1035	1068	350	1328	1501	1102	1039	397	420	115	1626	351	843	1764	501	349	136	249	1754	426	928	594	686	322	200	1126	441	104	1734	1066	1058	1134	1640	213	184	804	118	1945	566	213	241	568	1612	1832	247	1361	1853	429	1094	349	221	944	1802	1701	664	448	924	979	160	667	208	1187	101	809	319	370	143	1282	322	194	143	530	797	648	3230	415	1757	101	764	209	951	2910	635	1174	225	117	159	1003	143	390	112	322	208	1287	1192	572	230	941	2503	867	545	322	580	457	144	1528	584	88	102	213	163	1416	146	415	865	291	343	1713	65	514	581	1033	817	562	16	570	740	1156
480	1092	3820	471	808	657	1039	674	709	1514	931	582	3144	1400	337	658	704	958	465	658	484	954	214	1730	466	408	1371	609	605	0	4187	1264	685	1229	910	631	594	941	1421	209	468	664	978	567	1643	689	403	723	704	558	2442	971	2259	1425	742	665	1040	812	643	678	661	608	424	1333	3585	1523	395	473	1069	196	648	1400	407	1044	1449	901	665	661	1739	692	658	342	1362	1331	205	1367	246	246	461	620	983	602	443	457	667	527	849	664	508	1757	1366	1784	342	2062	1059	247	1076	342	1949	186	757	433	728	374	661	751	1114	1456	1423	4053	440	492	454	2003	1589	138	989	703	932	406	660	1056	1319	795	560	878	942	1300	955	782	2048	1410	775	214	678	490	1288	382	576	1827	558	955	477	392	1958	969	1354	1045	800	441	728	1659	987	523	2271	991	1489	1296	2209	733	478	323	695	1840	1119	733	603	1164	1621	2420	832	1353	2360	413	1291	955	747	1450	2392	2286	726	671	1471	1193	656	1042	738	1400	702	1311	732	917	494	976	426	656	512	657	1379	1200	3483	682	1959	703	1181	761	1164	3014	1060	844	746	488	654	1456	494	666	713	441	747	1791	844	694	812	1399	2727	1101	812	426	683	708	650	2108	1033	688	508	733	651	1648	494	997	1130	388	421	2249	587	182	875	1498	1371	741	603	1173	1077	1699
3882	3501	393	3783	4042	3558	3672	3579	4099	3039	3640	3763	1227	2807	4184	4139	3983	3915	3796	4139	3744	3912	4140	2545	4460	4433	3405	3689	3971	4187	0	3208	3799	3236	3650	4283	3679	3679	3061	4198	3900	3750	3228	3749	5073	4007	4201	4545	3982	3898	3161	3622	2074	2791	4112	4110	3245	4031	3812	3599	3798	4214	3793	2866	621	3091	3975	3904	3578	4180	3843	2807	4278	5232	2758	3805	4114	4537	2455	3558	4139	4014	3052	5357	4287	2935	4003	3994	3838	3697	3607	3990	3984	3886	3821	4067	4345	4108	4097	5875	3380	2437	4014	2168	3620	3992	3123	4014	2979	4212	4098	3816	3752	3975	3812	4307	3583	2850	5571	950	3849	3924	3813	5630	2650	4213	3373	3973	3275	4053	4133	5242	5419	4328	4493	4296	4996	2919	3900	4874	3050	2868	4930	4140	3599	4016	5475	4257	4720	5704	3649	3909	4049	3946	5587	3616	3086	4391	3398	3830	4109	3163	4159	4054	2903	3238	2980	2895	3164	4122	3903	4510	4026	2652	3545	4122	4212	3704	2636	3346	4027	2883	2677	3802	2912	3909	4120	3195	3382	3319	3466	3587	3324	3020	4113	4523	4110	2807	3976	3282	4258	3661	3929	3507	4251	4150	4096	3558	3532	3493	763	3599	5590	3973	3226	4084	3050	1303	3347	5025	4125	4009	4113	3056	3929	3624	3975	3830	4101	2968	5029	3515	4032	3112	1469	4786	3454	4251	3521	4422	3827	3296	3404	3980	4030	4122	3809	2564	3925	4052	3116	3907	4270	2903	3918	4274	4515	3051	3405	3485	3987	3768	4610	3184
808	292	2885	794	838	668	465	611	908	249	440	689	2043	603	1098	957	797	706	799	957	793	704	1115	679	1346	1338	330	655	813	1264	3208	0	649	34	453	1106	672	473	165	1167	824	629	870	698	1894	823	1090	1366	797	775	1266	417	1690	580	915	926	1089	827	677	594	659	1041	855	612	2662	267	909	823	370	1157	696	603	1165	2210	631	598	930	1372	889	598	956	961	158	2177	1447	1177	1020	1018	805	644	401	831	889	825	672	923	1139	924	956	2715	301	1195	961	1061	413	1017	554	961	709	1191	899	832	597	921	668	1110	382	391	2655	2900	825	825	810	2439	626	1363	280	788	877	958	950	2197	2265	1126	1783	1088	1843	506	691	2046	833	409	1850	1115	594	893	2435	1152	1648	2495	758	700	926	894	2394	411	122	1184	633	823	914	454	952	913	1034	952	244	648	1034	926	820	1548	840	1612	343	926	1040	526	1189	1300	821	1030	1099	868	575	700	922	229	1285	1162	702	610	352	498	931	1314	913	603	791	142	1063	461	827	1372	1130	967	954	668	462	311	2455	587	2396	788	103	885	492	2253	204	1979	928	889	931	194	827	601	788	823	903	536	1994	655	828	134	1760	1578	487	1130	675	1237	683	980	236	799	898	926	671	747	825	846	387	881	1152	1011	777	1257	1312	234	330	591	828	594	1401	509
208	419	3458	306	316	414	356	329	320	889	249	160	2668	1020	455	346	205	350	297	346	351	345	498	1256	697	689	690	224	171	685	3799	649	0	614	228	484	264	256	815	541	217	76	887	198	1453	223	441	745	204	133	1758	288	2074	1025	344	318	1071	309	42	285	28	414	388	980	3228	881	291	211	385	536	47	1020	516	1563	1067	240	322	740	1373	344	345	346	783	1558	888	1316	446	450	257	197	302	190	254	233	23	276	588	316	308	2084	687	1560	346	1631	374	450	753	346	1284	568	338	326	52	311	24	524	429	952	2019	3542	277	195	294	1950	1150	809	427	194	859	317	340	1549	1630	555	1242	560	1206	901	339	1444	1372	931	1200	498	285	245	1786	503	1000	1930	414	343	277	293	1903	287	761	713	553	295	336	989	522	264	1601	951	892	974	1525	349	206	927	244	1816	436	349	412	489	1467	1735	319	1223	1709	397	930	343	353	795	1707	1601	546	318	793	815	319	805	340	1020	197	657	475	233	195	1216	481	355	307	414	694	518	3058	277	1906	194	595	326	788	2745	465	1331	358	241	319	840	195	256	201	295	335	1139	1347	450	311	779	2332	1025	389	481	463	625	36	1423	416	195	249	349	34	1247	193	462	698	308	502	1580	128	632	739	873	690	426	187	511	884	1025
773	266	2911	760	808	637	440	578	876	284	409	655	2074	609	1064	924	765	680	764	924	759	677	1081	702	1312	1304	334	621	780	1229	3236	34	614	0	421	1073	638	443	200	1132	789	594	853	664	1872	791	1055	1334	764	741	1294	387	1700	589	884	894	1072	797	642	560	625	1008	822	614	2687	299	874	788	345	1122	662	609	1131	2176	639	569	898	1339	904	566	924	927	184	2145	1413	1170	986	984	771	609	371	798	855	790	638	889	1110	892	922	2683	305	1203	927	1086	388	982	541	927	740	1156	869	798	562	886	634	1079	361	410	2621	2933	791	790	775	2415	643	1329	247	756	858	923	918	2163	2232	1096	1749	1060	1810	508	665	2011	863	423	1815	1081	560	859	2400	1118	1614	2467	726	674	891	859	2370	381	152	1158	606	788	883	480	927	879	1065	935	278	647	1060	895	785	1513	808	1610	321	895	1007	508	1190	1324	792	1024	1133	834	575	674	891	254	1308	1186	675	577	366	493	898	1287	882	609	759	150	1032	430	793	1350	1096	935	920	637	460	296	2483	554	2372	756	81	854	484	2272	170	1944	897	854	899	228	793	567	756	788	872	569	1959	625	798	169	1785	1550	456	1096	645	1205	649	1003	201	766	863	895	636	763	790	821	376	847	1117	1043	743	1222	1282	269	334	560	794	577	1374	534
