NAME : VRPTW_INSTANCE_19.txt
COMMENT : Bangkok Supermarket
TYPE : VRPTW
DIMENSION : 223
DAYS : Thursday
EDGE_WEIGHT_TYPE : EXPLICIT
VEHICLES : 32
EDGE_WEIGHT_FORMAT : FULL_MATRIX
CAPACITY : 1000
EDGE_WEIGHT_SECTION
0	525	85	258	541	379	199	458	252	1602	127	494	145	404	451	353	1085	307	618	217	288	425	193	1221	327	892	1069	643	192	1342	383	469	120	104	111	401	358	963	1067	428	89	183	178	747	345	3143	650	79	636	381	395	1321	412	202	362	977	2327	17	38	489	1647	2765	264	836	307	215	224	613	582	982	420	1010	1459	359	2393	349	133	239	202	1023	776	891	243	2229	394	1135	215	610	412	153	201	154	206	479	948	264	1918	585	255	101	932	990	453	350	1321	202	66	193	418	356	2814	33	492	1184	288	176	2088	207	1610	307	174	747	221	113	206	1606	1766	1024	1116	586	1498	584	423	135	496	411	1036	184	762	1727	582	309	399	130	309	439	938	67	1566	79	491	25	1036	474	636	244	1023	495	499	358	373	192	607	1022	979	355	1081	576	1887	590	1083	404	372	118	210	444	541	371	355	91	488	1936	1977	205	2275	593	189	255	2031	925	1300	810	223	201	1001	1026	1075	600	3005	1231	176	1078	145	358	882	369	568	242	202	308	520	1606	1295	830	474	751	1106	1036	124	1913	496	185	155
525	0	465	298	1050	876	725	603	599	1484	514	1000	623	924	919	787	1274	744	984	585	742	904	347	1141	835	1094	864	1163	564	1065	898	617	441	583	603	921	855	501	899	200	594	655	543	285	841	2634	1115	465	720	903	907	1287	118	690	878	474	2068	541	564	620	1573	2249	525	1089	550	585	745	1009	155	493	109	895	934	167	1868	843	402	594	373	1507	348	894	767	2024	889	675	585	1057	889	451	360	395	433	987	482	525	1521	921	600	521	1433	809	73	842	1287	373	586	716	887	856	2355	559	997	700	742	543	1611	728	1491	744	542	285	587	595	433	1615	2220	530	601	669	1013	678	902	657	1001	118	834	550	1005	1312	155	227	919	617	227	581	677	588	1040	466	996	540	918	935	984	761	1505	634	1005	801	874	714	695	899	861	852	577	674	1362	1116	605	130	888	444	694	626	885	154	788	539	1000	2398	1910	693	1750	404	370	600	1522	687	816	317	743	726	898	1161	911	1124	2484	739	543	600	623	801	867	884	1013	595	690	755	473	1615	820	338	935	261	1017	918	431	1482	1002	708	548
85	465	0	232	622	462	270	390	210	1633	185	575	161	481	536	354	1040	307	699	179	372	510	168	1254	370	847	1081	718	259	1345	432	515	35	187	196	477	442	926	1084	398	174	196	241	671	429	3095	735	7	567	439	441	1362	349	228	412	905	2339	93	117	534	1685	2713	313	799	357	177	302	696	541	939	366	1035	1395	298	2332	433	119	199	119	1055	697	931	316	2250	477	1100	177	696	497	182	190	75	230	559	910	313	1902	561	213	65	1012	1004	396	434	1362	119	149	271	503	439	2784	113	574	1143	372	238	2052	285	1641	307	237	671	183	130	230	1655	1788	980	1046	628	1421	628	508	214	577	348	1048	248	832	1706	541	266	475	152	266	483	938	150	1505	7	573	85	1060	491	716	323	1054	542	580	364	456	270	651	1046	1002	439	1034	620	1824	655	1043	339	422	32	295	495	619	316	356	163	568	1961	2018	291	2214	590	180	213	1983	928	1260	737	301	273	1027	1086	1093	671	2950	1188	238	1038	161	364	919	418	653	201	228	393	536	1655	1257	757	491	678	1137	1060	135	1889	577	262	222
258	298	232	0	755	579	448	550	431	1437	218	704	389	635	621	586	1232	540	701	403	443	605	65	1065	585	1040	862	872	266	1118	641	387	227	292	313	633	559	705	873	170	308	426	245	563	545	2887	817	228	714	636	654	1188	209	453	620	771	2118	276	294	399	1501	2512	240	1006	273	402	461	720	326	725	188	834	1225	162	2152	546	125	421	215	1280	611	761	486	2037	592	876	402	761	591	153	63	194	138	692	690	240	1669	784	433	297	1135	788	225	546	1188	215	308	433	589	561	2557	289	702	926	443	244	1830	445	1445	540	244	563	407	356	138	1497	2018	768	899	477	1308	481	604	377	705	206	829	251	762	1474	326	72	630	377	72	349	710	310	1324	229	700	280	859	722	706	474	1279	411	710	596	578	431	503	843	800	556	827	475	1649	837	825	209	630	228	398	383	605	152	588	247	706	2190	1838	398	2034	363	75	433	1776	703	1042	610	459	448	829	970	883	838	2756	974	244	820	389	596	744	627	716	423	453	457	335	1497	1037	631	722	552	944	859	142	1659	707	426	250
541	1050	622	755	0	176	357	889	659	1707	537	51	521	149	186	561	1310	555	411	635	326	175	702	1342	384	1143	1326	136	502	1620	338	671	656	466	447	154	196	1420	1294	907	460	516	519	1288	210	3607	202	618	1044	283	354	1381	945	481	338	1515	2520	529	505	692	1703	3244	577	1048	582	634	319	351	1070	1457	940	1205	1980	891	2905	210	649	650	741	782	1318	1012	309	2373	165	1578	634	234	188	602	691	695	632	63	1409	577	2265	789	660	597	390	1243	977	211	1381	741	475	350	203	194	3208	509	54	1645	326	519	2517	336	1714	555	519	1288	638	528	632	1582	1519	1502	1650	767	2040	756	175	407	51	943	1297	514	663	2099	1070	823	154	513	823	673	1263	474	2078	617	56	536	1227	528	449	298	787	686	44	546	176	351	771	1220	1183	199	1566	749	2403	212	1544	939	336	653	356	634	434	896	562	511	54	1664	1999	356	2787	970	680	660	2503	1236	1756	1349	320	352	1188	967	1297	152	3497	1698	519	1540	521	546	1022	339	229	651	481	322	845	1582	1744	1369	528	1289	1258	1227	618	2295	47	359	508
379	876	462	579	176	0	220	771	537	1601	361	125	388	112	103	486	1269	466	359	508	153	68	528	1227	319	1091	1180	304	325	1472	303	517	497	295	277	116	20	1245	1153	730	293	393	342	1120	34	3433	279	457	937	250	324	1284	772	366	293	1343	2397	369	345	538	1611	3068	403	1005	411	507	172	319	894	1281	766	1070	1804	720	2728	33	477	526	581	881	1153	890	177	2262	15	1405	507	258	64	426	516	533	455	115	1233	403	2107	738	539	448	558	1096	802	34	1284	581	313	200	85	23	3043	348	122	1470	153	342	2346	187	1608	466	342	1120	512	388	455	1512	1632	1326	1476	621	1872	612	65	251	126	771	1150	337	591	1936	894	648	111	377	648	513	1103	312	1901	457	120	377	1093	501	393	147	884	535	131	475	12	201	630	1085	1046	23	1389	604	2227	322	1369	767	296	495	181	478	340	723	487	338	132	1786	1919	182	2610	800	505	539	2327	1078	1581	1178	172	213	1055	896	1158	291	3321	1523	342	1364	388	475	896	297	224	528	366	152	679	1512	1570	1198	501	1118	1134	1093	444	2132	128	209	331
199	725	270	448	357	220	0	551	316	1680	253	314	168	212	316	293	1082	263	543	288	215	283	386	1299	172	897	1193	447	268	1477	207	544	303	169	148	208	204	1151	1180	616	143	174	271	942	194	3336	499	268	718	189	224	1380	612	150	186	1175	2442	184	160	566	1709	2960	363	820	393	287	49	517	775	1174	619	1111	1659	559	2593	200	327	306	387	858	967	960	47	2327	235	1320	287	477	273	312	386	345	360	297	1136	363	2079	552	318	239	746	1111	653	203	1380	387	140	35	288	196	2990	166	314	1373	215	269	2272	41	1688	263	268	942	292	171	360	1638	1610	1217	1314	662	1691	657	280	72	317	610	1161	271	741	1894	775	506	206	158	506	525	1084	138	1765	267	313	187	1135	358	571	74	859	568	318	287	210	38	679	1124	1082	200	1276	649	2087	391	1272	604	196	300	142	510	493	570	295	210	303	1775	2030	135	2475	749	374	318	2225	1065	1488	1007	50	7	1099	1033	1187	401	3203	1422	269	1267	168	287	958	193	440	308	150	236	652	1638	1482	1027	358	948	1193	1135	306	2084	316	35	247
458	603	390	550	889	771	551	0	234	1987	575	854	384	740	866	361	688	347	1069	264	730	834	509	1615	519	499	1402	942	648	1639	582	900	366	560	561	735	755	1103	1418	663	536	378	630	643	745	3163	1050	397	177	624	576	1734	507	409	572	876	2646	455	470	917	2051	2764	702	485	745	265	600	1056	743	1086	560	1384	1399	488	2326	751	488	245	336	1018	624	1304	595	2579	787	1275	265	1028	823	567	541	372	608	836	1083	702	2125	348	232	358	1260	1332	568	754	1734	336	503	574	836	748	2942	471	855	1289	730	628	2191	587	1995	347	627	643	260	392	608	2036	1670	1118	1025	1007	1306	1009	831	537	857	509	1369	637	1220	1916	743	533	735	397	533	865	1235	502	1528	397	855	442	1409	488	1090	625	1014	926	857	380	762	575	1032	1392	1350	752	1153	1001	1821	832	1200	493	578	366	646	882	998	522	361	548	837	1852	2387	640	2211	900	537	232	2065	1234	1403	726	600	558	1379	1476	1429	877	2974	1322	628	1194	384	380	1289	574	989	243	409	752	884	2036	1411	740	488	680	1494	1409	517	2082	855	567	610
252	599	210	431	659	537	316	234	0	1843	378	622	150	509	631	192	833	155	841	35	502	599	372	1464	304	640	1289	721	444	1549	372	719	205	344	340	504	520	1091	1295	584	315	144	431	736	510	3227	815	217	404	405	371	1570	483	177	358	977	2547	244	253	739	1894	2837	515	588	558	36	365	825	707	1092	519	1246	1491	443	2429	516	329	12	234	913	740	1139	360	2460	552	1266	36	793	589	390	397	237	440	604	1073	515	2089	353	2	154	1036	1213	541	519	1570	234	282	340	602	513	2951	254	622	1298	502	428	2210	352	1851	155	427	736	30	162	440	1858	1621	1130	1125	834	1457	833	596	305	625	483	1256	437	1008	1888	707	445	504	165	445	688	1141	281	1611	216	622	230	1271	342	865	390	910	746	625	209	527	340	857	1256	1213	517	1177	826	1920	623	1201	470	365	203	417	695	776	470	193	343	605	1798	2226	410	2312	794	389	2	2118	1134	1415	813	365	323	1238	1277	1304	660	3062	1339	428	1196	150	209	1128	361	755	10	177	524	746	1858	1417	831	342	758	1347	1271	346	2066	622	333	408
1602	1484	1633	1437	1707	1601	1680	1987	1843	0	1477	1673	1743	1713	1531	1946	2668	1904	1303	1810	1486	1554	1483	381	1852	2476	625	1832	1427	563	1871	1140	1644	1539	1554	1716	1594	1193	584	1342	1573	1778	1433	1697	1590	2572	1567	1626	2147	1830	1892	332	1525	1786	1854	1713	846	1615	1616	1119	151	2343	1340	2432	1300	1809	1649	1368	1331	1274	1465	603	1750	1522	2299	1583	1516	1831	1652	2480	1773	720	1680	668	1599	1150	1809	1499	1547	1454	1453	1624	1403	1679	1208	1340	1019	2188	1846	1690	1859	674	1476	1579	332	1652	1601	1645	1526	1605	1923	1612	1669	1243	1486	1436	1513	1645	7	1904	1437	1697	1815	1713	1403	390	3226	1291	1721	1021	2117	1025	1556	1627	1671	1522	652	1430	1053	1019	1331	1459	1712	1726	1459	1165	820	1602	1727	1627	1667	1627	578	2039	1266	1639	2484	1115	1679	1948	1611	1643	1002	595	637	1594	1337	1033	1970	1910	1222	1537	1861	1644	1540	1172	1273	1489	1948	1520	1699	3371	439	1547	2205	1098	1459	1846	1723	802	1248	1666	1647	1674	608	776	572	1858	2639	1284	1436	1224	1743	1948	722	1860	1486	1834	1786	1472	1103	390	1209	1676	2039	1644	496	578	1497	1170	1678	1645	1459
127	514	185	218	537	361	253	575	378	1477	0	486	266	421	408	471	1212	427	527	343	230	390	169	1096	414	1019	955	656	75	1234	459	342	213	84	105	419	341	903	949	374	111	302	55	768	327	3092	607	177	752	442	475	1195	415	314	438	985	2211	138	139	362	1520	2721	138	963	180	342	253	533	537	932	404	889	1443	363	2369	328	127	366	276	1110	808	765	282	2108	374	1070	342	555	375	65	154	225	106	474	890	138	1827	711	381	225	918	875	441	328	1195	276	130	230	375	343	2737	135	483	1127	230	53	2021	239	1485	427	52	768	348	236	106	1479	1859	976	1116	459	1518	457	388	182	487	413	923	62	647	1641	537	287	416	249	287	313	835	131	1541	178	482	151	914	581	541	262	1110	368	492	475	360	227	481	901	858	338	1037	449	1867	629	1026	411	448	212	180	317	441	363	473	46	488	2027	1850	180	2251	496	144	381	1982	819	1241	821	251	251	879	902	957	625	2968	1178	53	1021	266	475	756	445	511	368	314	246	408	1479	1233	842	581	762	982	914	89	1831	489	224	40
494	1000	575	704	51	125	314	854	622	1673	486	0	481	115	144	536	1297	526	387	597	275	129	652	1306	359	1127	1282	183	451	1576	320	625	609	417	398	121	145	1369	1252	856	411	478	468	1239	159	3556	211	571	1012	263	338	1350	895	445	317	1465	2483	482	458	645	1674	3193	526	1034	532	596	274	331	1019	1406	890	1164	1929	842	2854	158	599	612	694	809	1270	973	267	2339	114	1528	596	226	141	551	641	648	581	18	1358	526	2218	772	624	553	437	1199	926	160	1350	694	428	305	157	143	3160	462	4	1594	275	467	2467	291	1681	526	467	1239	600	486	581	1559	1552	1451	1600	722	1992	712	128	361	3	893	1253	463	637	2051	1019	772	120	472	772	625	1216	427	2027	571	6	489	1186	515	425	251	814	640	6	522	126	306	728	1179	1141	148	1515	705	2353	237	1493	889	317	607	305	587	400	846	537	461	29	1700	1973	306	2735	920	630	624	2452	1189	1705	1300	275	309	1147	942	1255	186	3446	1647	467	1489	481	522	983	319	211	614	445	272	796	1559	1693	1320	515	1240	1219	1186	568	2247	4	313	457
145	623	161	389	521	388	168	384	150	1743	266	481	0	372	481	207	958	162	692	120	353	449	323	1362	213	768	1215	597	320	1487	278	606	181	211	202	367	371	1087	1212	557	178	37	311	808	361	3255	668	163	555	295	285	1458	505	67	259	1047	2473	130	127	627	1785	2872	403	704	444	118	216	674	702	1100	526	1154	1546	456	2484	367	267	139	255	894	825	1029	215	2374	404	1261	118	644	439	298	338	227	352	463	1071	403	2057	446	152	101	906	1135	555	369	1458	255	146	190	452	365	2944	131	480	1304	353	308	2213	202	1751	162	307	808	124	32	352	1736	1629	1141	1191	724	1550	721	446	156	484	504	1182	315	867	1863	702	427	367	17	427	579	1083	145	1659	162	480	119	1180	333	716	241	893	632	484	213	379	190	745	1166	1123	368	1194	713	1976	516	1204	494	269	179	269	578	630	475	209	223	467	1802	2114	262	2366	736	327	152	2143	1070	1421	879	216	175	1145	1145	1220	542	3106	1349	308	1199	0	213	1022	265	605	141	67	375	666	1736	1418	898	333	821	1249	1180	266	2048	482	182	286
404	924	481	635	149	112	212	740	509	1713	421	115	372	0	199	421	1188	410	461	486	248	167	578	1339	244	1016	1285	239	401	1577	211	621	514	342	321	6	120	1321	1261	795	330	366	414	1151	127	3511	324	478	897	154	230	1396	814	332	205	1382	2508	391	366	642	1723	3141	488	925	503	485	179	413	958	1352	815	1179	1858	761	2788	132	522	500	599	769	1178	1001	164	2373	115	1485	485	328	170	486	571	555	523	97	1308	488	2206	660	511	451	535	1202	851	136	1396	599	339	210	192	109	3136	371	117	1546	248	413	2432	197	1721	410	413	1151	489	381	523	1622	1522	1396	1519	729	1902	720	165	269	119	813	1255	411	700	2031	958	699	5	365	699	614	1202	338	1960	477	117	396	1202	409	496	162	772	640	117	407	101	212	738	1194	1154	120	1458	712	2284	219	1444	807	206	511	245	583	450	769	422	388	96	1677	2030	243	2670	888	560	511	2402	1178	1659	1215	181	208	1164	1005	1266	204	3389	1597	413	1440	372	407	1007	208	303	502	332	254	773	1622	1649	1235	409	1155	1245	1202	494	2225	115	219	398
451	919	536	621	186	103	316	866	631	1531	408	144	481	199	0	589	1373	568	261	601	177	35	577	1162	422	1194	1140	321	356	1434	404	488	571	356	342	204	114	1255	1108	759	362	490	376	1176	122	3436	200	530	1034	349	424	1209	823	465	394	1392	2338	444	421	507	1534	3078	416	1109	413	600	266	217	921	1297	810	1019	1837	771	2753	115	532	620	653	950	1214	829	276	2195	91	1409	600	162	42	469	560	603	488	148	1245	416	2080	841	634	530	520	1057	847	112	1209	653	387	291	33	123	3026	424	140	1479	177	376	2341	279	1538	568	376	1176	605	477	488	1425	1696	1342	1521	581	1926	570	38	334	142	821	1111	370	503	1916	921	692	201	469	692	492	1080	387	1929	530	137	454	1041	602	296	241	954	502	150	578	115	291	585	1035	998	116	1408	563	2256	379	1379	819	397	569	241	450	258	770	590	394	168	1844	1836	245	2635	797	550	634	2336	1052	1588	1229	266	308	1003	808	1111	331	3335	1534	376	1375	481	578	838	398	123	622	465	164	668	1425	1574	1249	602	1170	1075	1041	496	2113	149	299	372
353	787	354	586	561	486	293	361	192	1946	471	536	207	421	589	0	789	46	832	201	508	553	522	1565	177	606	1422	592	519	1693	230	806	363	407	393	414	475	1271	1419	750	373	170	512	927	469	3418	745	358	492	280	220	1656	669	160	224	1169	2680	337	332	828	1984	3029	607	527	645	202	339	801	885	1276	701	1360	1683	626	2621	476	469	194	415	721	929	1230	318	2580	499	1446	202	741	548	506	541	405	559	518	1254	607	2256	259	192	288	911	1343	726	480	1656	415	345	328	566	465	3132	336	537	1482	508	510	2394	334	1954	46	509	927	200	239	559	1925	1438	1315	1317	925	1641	922	550	326	540	669	1389	516	1034	2059	885	615	416	223	615	781	1288	344	1803	357	538	327	1386	149	862	361	719	832	537	19	473	330	945	1373	1330	473	1364	914	2113	474	1384	657	228	361	431	776	786	651	2	427	513	1614	2310	424	2504	941	530	192	2308	1276	1599	1006	341	300	1351	1324	1428	524	3255	1525	510	1379	207	19	1224	225	709	194	160	529	873	1925	1600	1023	149	951	1453	1386	472	2241	535	324	487
1085	1274	1040	1232	1310	1269	1082	688	833	2668	1212	1297	958	1188	1373	789	0	819	1621	868	1296	1337	1185	2292	950	193	2090	1292	1275	2326	978	1553	1026	1169	1161	1182	1261	1760	2105	1351	1137	930	1263	1230	1256	3683	1508	1047	555	1034	959	2403	1189	938	983	1422	3333	1075	1080	1572	2725	3274	1349	263	1391	869	1129	1588	1422	1730	1245	2066	1917	1174	2784	1263	1154	846	1017	944	1181	1971	1108	3267	1281	1926	869	1516	1333	1222	1215	1044	1270	1280	1740	1349	2785	532	831	988	1585	2019	1248	1267	2403	1017	1104	1116	1352	1250	3550	1083	1300	1924	1296	1260	2795	1123	2676	819	1259	1230	863	983	1270	2691	1301	1756	1556	1668	1693	1667	1334	1106	1301	1191	2057	1268	1821	2571	1422	1220	1185	976	1220	1522	1922	1104	2056	1046	1301	1062	2091	782	1651	1150	935	1580	1297	797	1257	1118	1691	2075	2033	1259	1779	1659	2305	1151	1844	1175	982	1025	1216	1529	1575	1208	787	1174	1270	1479	3058	1209	2678	1588	1209	831	2625	1922	2032	1310	1130	1089	2061	2103	2115	1220	3449	1948	1260	1839	958	797	1959	980	1489	843	938	1317	1565	2691	2047	1317	782	1281	2173	2091	1176	2726	1295	1111	1239
307	744	307	540	555	466	263	347	155	1904	427	526	162	410	568	46	819	0	806	159	477	533	476	1522	174	633	1377	597	477	1647	235	764	317	365	353	404	454	1226	1375	704	332	125	470	891	447	3376	732	312	489	279	229	1615	626	121	226	1133	2635	292	288	785	1943	2988	564	558	603	160	311	777	840	1232	657	1316	1645	582	2583	454	423	155	371	763	895	1188	293	2536	479	1401	160	723	526	460	494	359	514	508	1209	564	2210	293	155	242	915	1297	682	457	1615	371	302	296	543	444	3087	292	527	1438	477	467	2350	304	1912	0	466	891	158	194	514	1887	1484	1271	1280	883	1611	880	530	289	530	626	1344	474	1002	2013	840	569	405	178	569	738	1242	301	1764	311	527	282	1342	191	834	334	761	790	528	57	454	298	903	1328	1285	451	1321	872	2075	485	1340	614	231	315	397	735	756	606	48	383	505	1659	2270	390	2466	895	484	155	2266	1230	1555	968	312	270	1307	1289	1383	530	3215	1481	467	1335	162	57	1182	228	690	155	121	498	828	1887	1555	986	191	913	1410	1342	426	2195	526	292	444
618	984	699	701	411	359	543	1069	841	1303	527	387	692	461	261	832	1621	806	0	808	339	294	679	948	676	1439	986	530	455	1276	663	414	732	514	510	466	364	1221	941	795	534	710	477	1262	367	3362	269	692	1244	609	684	975	910	693	652	1454	2128	617	600	425	1294	3020	461	1358	434	807	494	66	943	1277	880	843	1851	863	2737	360	652	829	803	1194	1313	633	513	1971	350	1355	807	197	295	571	652	752	565	397	1215	461	1942	1090	844	714	602	907	917	355	975	803	567	511	274	375	2903	600	383	1438	339	478	2249	502	1310	806	479	1262	813	679	565	1171	1928	1322	1568	459	1995	446	297	536	384	907	961	469	252	1796	943	773	462	677	773	437	967	567	1926	692	381	630	862	860	37	472	1199	414	391	824	372	510	451	859	827	366	1391	441	2253	622	1341	910	656	730	424	386	100	852	834	536	415	2069	1587	430	2620	751	646	844	2280	933	1538	1302	493	535	824	555	942	563	3288	1495	478	1338	692	824	651	656	184	832	693	317	614	1171	1518	1322	860	1245	876	862	614	1995	391	517	487
217	585	179	403	635	508	288	264	35	1810	343	597	120	486	601	201	868	159	808	0	469	569	343	1431	292	675	1259	703	409	1521	360	684	176	308	305	481	491	1073	1263	560	280	119	395	735	481	3217	788	185	436	389	361	1536	468	155	345	976	2517	208	218	704	1860	2828	480	622	523	1	336	792	688	1076	502	1213	1487	426	2425	487	298	22	215	922	743	1105	333	2429	523	1248	1	764	559	356	367	212	407	579	1055	480	2066	383	37	120	1016	1182	525	489	1536	215	247	310	572	485	2933	219	597	1282	469	393	2194	322	1818	159	392	735	4	129	407	1823	1637	1115	1123	800	1463	799	566	273	600	468	1226	401	973	1866	688	422	480	133	422	654	1113	246	1605	184	597	195	1239	350	831	361	920	711	600	216	499	310	823	1224	1181	488	1163	791	1917	609	1184	456	353	175	384	660	741	452	203	307	582	1814	2192	377	2308	766	358	37	2107	1105	1399	811	336	294	1206	1242	1272	643	3056	1324	393	1179	120	216	1094	349	725	25	155	491	715	1823	1400	829	350	755	1314	1239	313	2046	598	302	372
288	742	372	443	326	153	215	730	502	1486	230	275	353	248	177	508	1296	477	339	469	0	163	399	1108	374	1110	1038	456	180	1329	385	373	407	186	177	250	135	1093	1015	585	200	372	199	998	124	3281	376	366	905	343	406	1178	645	359	368	1214	2268	284	264	395	1507	2917	251	1035	258	467	172	326	748	1131	632	936	1663	593	2583	121	356	490	485	1009	1038	768	199	2141	162	1252	467	327	148	291	382	434	312	267	1082	251	1958	767	504	378	693	954	669	119	1178	485	230	180	145	142	2891	265	272	1318	0	199	2193	174	1494	477	199	998	473	339	312	1427	1764	1176	1343	484	1749	476	161	197	275	643	1007	193	526	1785	748	515	245	337	515	366	954	230	1757	366	270	296	960	565	363	156	1012	394	282	503	157	178	496	951	910	133	1241	468	2083	467	1217	642	375	405	84	336	279	592	510	220	285	1922	1824	91	2464	647	372	504	2176	930	1429	1051	170	208	922	819	1020	442	3171	1372	199	1213	353	503	770	374	283	492	359	22	527	1427	1417	1072	565	992	1008	960	319	1980	279	184	194
425	904	510	605	175	68	283	834	599	1554	390	129	449	167	35	553	1337	533	294	569	163	0	559	1184	387	1159	1153	311	343	1447	369	496	545	333	318	172	79	1251	1123	748	337	457	362	1156	88	3435	225	505	1001	315	390	1234	805	431	359	1375	2358	417	394	516	1560	3075	409	1073	410	568	233	251	911	1291	794	1036	1826	753	2745	82	512	588	628	925	1193	849	242	2218	56	1407	568	194	14	452	543	579	475	128	1240	409	2089	806	601	502	530	1070	831	80	1234	628	361	259	28	88	3032	397	124	1476	163	362	2342	247	1562	533	362	1156	573	446	475	1455	1673	1336	1505	593	1908	583	3	304	127	803	1124	356	532	1923	911	676	168	437	676	497	1087	360	1919	504	122	427	1058	567	329	208	929	511	135	543	80	259	599	1051	1013	82	1401	576	2246	357	1375	801	362	543	217	458	285	753	555	373	149	1824	1865	221	2626	797	533	601	2333	1060	1586	1211	233	275	1020	838	1127	314	3330	1530	362	1371	449	543	857	363	157	590	431	153	670	1455	1572	1232	567	1152	1094	1058	477	2119	133	267	355
193	347	168	65	702	528	386	509	372	1483	169	652	323	578	577	522	1185	476	679	343	399	559	0	1108	520	992	917	816	229	1178	576	401	167	236	256	575	507	770	925	236	248	360	207	599	494	2951	776	163	678	572	588	1225	246	387	555	815	2175	210	230	416	1542	2574	227	953	267	342	401	692	390	789	238	881	1280	194	2210	495	59	361	173	1214	641	795	425	2090	542	942	342	723	544	110	33	141	119	639	755	227	1734	725	374	233	1086	842	274	495	1225	173	246	372	544	508	2623	224	650	990	399	206	1896	384	1491	476	205	599	346	290	119	1528	1952	832	948	502	1349	504	557	315	653	243	884	214	762	1540	390	121	573	311	121	365	770	247	1382	165	648	214	906	656	687	415	1213	427	658	532	526	370	527	891	848	504	890	498	1706	776	890	242	565	168	347	391	586	194	524	191	652	2125	1878	346	2092	422	34	374	1839	761	1107	652	399	386	875	986	934	779	2817	1038	206	885	323	532	780	562	678	364	387	415	380	1528	1102	672	656	592	987	906	84	1724	655	365	206
1221	1141	1254	1065	1342	1227	1299	1615	1464	381	1096	1306	1362	1339	1162	1565	2292	1522	948	1431	1108	1184	1108	0	1472	2099	342	1471	1046	475	1492	759	1266	1158	1172	1342	1219	934	274	983	1191	1397	1052	1377	1214	2654	1216	1247	1778	1452	1512	166	1169	1405	1474	1429	1180	1234	1235	737	437	2376	958	2053	919	1429	1269	1014	994	1018	1110	245	1561	1161	2242	1208	1138	1452	1279	2108	1453	339	1300	1034	1226	942	1429	1145	1176	1074	1077	1248	1023	1310	946	958	1117	1807	1467	1311	1528	354	1124	1204	166	1279	1220	1264	1155	1230	2079	1231	1301	1042	1108	1054	1544	1265	389	1522	1056	1377	1435	1332	1023	497	2858	1045	1462	639	1885	643	1185	1246	1303	1166	356	1048	707	1039	994	1092	1338	1345	1092	783	523	1221	1568	1248	1299	1246	223	1658	912	1259	2111	733	1312	1566	1237	1262	621	243	279	1219	1103	652	1849	1541	995	1180	1482	1267	1160	790	907	1128	1567	1139	1330	3006	775	1167	2137	742	1083	1467	1690	494	1081	1357	1267	1294	243	476	261	1492	2667	1093	1054	996	1362	1566	341	1480	1128	1455	1405	1095	730	497	1044	1370	1658	1327	124	223	1118	1225	1310	1264	1077
327	835	370	585	384	319	172	519	304	1852	414	359	213	244	422	177	950	174	676	292	374	387	520	1472	0	773	1364	423	439	1646	67	717	394	334	314	238	312	1290	1353	756	303	185	440	1019	308	3465	569	371	663	105	72	1550	718	147	53	1258	2614	309	292	739	1879	3084	534	686	565	292	204	638	907	1307	736	1284	1760	668	2698	316	460	299	469	697	1032	1132	175	2499	331	1462	292	569	383	466	528	440	518	341	1275	534	2240	419	306	315	741	1282	767	320	1550	469	287	207	403	301	3141	298	361	1510	374	438	2416	207	1860	174	437	1019	294	240	518	1802	1445	1348	1403	835	1755	829	384	235	363	717	1332	441	894	2051	907	632	240	218	632	698	1250	285	1873	370	361	305	1308	190	707	218	697	741	360	162	307	210	851	1297	1255	310	1403	821	2190	318	1409	707	60	391	312	683	641	686	178	369	336	1613	2198	305	2580	910	516	306	2353	1233	1626	1091	206	178	1272	1192	1359	358	3319	1556	438	1404	213	162	1131	57	540	300	147	392	820	1802	1622	1110	190	1034	1366	1308	449	2239	358	208	415
892	1094	847	1040	1143	1091	897	499	640	2476	1019	1127	768	1016	1194	606	193	633	1439	675	1110	1159	992	2099	773	0	1899	1138	1083	2139	807	1360	833	978	970	1010	1081	1586	1913	1162	946	741	1071	1071	1075	3557	1339	854	382	863	790	2209	1004	751	810	1277	3145	883	889	1379	2531	3150	1156	110	1199	677	944	1408	1239	1560	1059	1874	1784	987	2673	1083	961	653	825	879	1029	1778	925	3076	1103	1754	677	1342	1154	1029	1022	851	1077	1109	1566	1156	2611	355	638	795	1441	1828	1064	1087	2209	825	913	930	1172	1071	3396	891	1129	1758	1110	1068	2641	938	2483	633	1067	1071	671	792	1077	2498	1347	1588	1416	1474	1594	1474	1156	917	1131	1006	1867	1076	1633	2399	1239	1030	1012	785	1030	1329	1734	913	1921	853	1130	870	1899	617	1467	967	871	1387	1127	616	1079	932	1498	1883	1840	1079	1615	1466	2185	999	1674	990	810	832	1028	1336	1389	1021	605	982	1101	1530	2865	1021	2564	1397	1016	638	2484	1733	1868	1154	946	904	1868	1913	1923	1066	3336	1784	1068	1669	768	616	1766	808	1313	650	751	1131	1372	2498	1880	1163	617	1120	1980	1899	982	2558	1126	925	1047
1069	864	1081	862	1326	1180	1193	1402	1289	625	955	1282	1215	1285	1140	1422	2090	1377	986	1259	1038	1153	917	342	1364	1899	0	1462	925	293	1399	664	1084	1031	1050	1287	1167	594	74	741	1064	1252	924	1072	1159	2427	1247	1075	1552	1369	1417	508	917	1268	1379	1100	1258	1085	1092	642	731	2120	830	1868	800	1258	1174	1049	710	677	857	172	1221	921	1938	1154	961	1278	1076	2044	1148	382	1206	1176	1183	602	1258	1172	1142	916	892	1056	862	1282	606	830	956	1642	1291	1144	1588	83	863	1150	508	1076	1086	1162	1124	1176	1921	1087	1278	703	1038	926	1306	1166	632	1377	927	1072	1263	1183	862	836	2799	703	1124	559	1543	570	1154	1129	1280	914	32	923	794	823	710	869	1283	1199	869	674	195	1087	1233	1076	1275	1095	169	1537	956	1171	2045	645	1288	1428	1188	1159	555	158	170	1166	760	577	1523	1502	652	929	1388	1085	1067	702	915	886	1424	1001	1302	2959	1060	1073	1829	502	900	1291	1406	178	750	1042	1172	1189	193	680	85	1467	2404	755	926	653	1215	1428	353	1386	1143	1281	1268	1031	549	836	715	1053	1537	1019	250	169	951	1021	1286	1159	949
643	1163	718	872	136	304	447	942	721	1832	656	183	597	239	321	592	1292	597	530	703	456	311	816	1471	423	1138	1462	0	628	1756	362	807	751	580	559	242	322	1549	1429	1029	569	584	643	1389	335	3737	284	715	1084	318	372	1505	1054	547	370	1621	2651	629	605	828	1824	3372	707	1036	714	702	419	466	1192	1583	1054	1339	2096	1001	3025	336	760	714	835	674	1414	1144	401	2500	294	1709	702	339	324	721	808	793	755	189	1537	707	2401	791	723	684	318	1379	1090	338	1505	835	579	449	339	317	3343	610	187	1774	456	643	2650	436	1840	597	642	1389	705	611	755	1694	1398	1628	1759	903	2139	892	311	508	184	1052	1433	639	783	2234	1192	937	244	593	937	809	1399	577	2197	715	189	633	1361	524	568	401	680	822	177	575	301	451	907	1355	1318	325	1691	885	2522	141	1672	1046	365	748	476	769	564	1008	593	625	171	1539	2113	475	2907	1103	797	723	2631	1372	1885	1454	420	444	1322	1082	1432	72	3622	1826	643	1668	597	575	1155	368	346	715	547	454	980	1694	1874	1473	524	1394	1389	1361	732	2431	179	457	630
192	564	259	266	502	325	268	648	444	1427	75	451	320	401	356	519	1275	477	455	409	180	343	229	1046	439	1083	925	628	0	1209	474	287	287	112	127	401	306	921	914	405	145	353	22	827	293	3110	551	251	825	449	492	1138	472	358	454	1038	2176	200	195	308	1465	2743	95	1023	128	408	254	464	569	956	454	847	1483	422	2403	292	197	431	350	1124	870	710	285	2066	337	1083	408	495	328	118	207	300	132	441	909	95	1817	766	447	294	873	843	492	291	1138	350	174	237	324	310	2738	192	448	1146	180	23	2030	243	1435	477	24	827	414	293	132	1416	1877	1000	1165	406	1574	403	341	204	451	470	893	14	573	1636	569	338	397	303	338	263	818	175	1577	252	446	214	872	616	467	256	1125	313	457	520	326	234	426	860	818	303	1064	394	1904	618	1044	470	463	286	157	257	367	417	521	101	457	2041	1793	160	2285	490	198	447	2003	798	1258	876	251	263	836	833	921	604	2995	1198	23	1040	320	520	705	461	450	434	358	191	385	1416	1248	897	616	817	935	872	158	1829	454	234	37
1342	1065	1345	1118	1620	1472	1477	1639	1549	563	1234	1576	1487	1577	1434	1693	2326	1647	1276	1521	1329	1447	1178	475	1646	2139	293	1756	1209	0	1684	956	1345	1312	1332	1579	1459	671	336	978	1344	1525	1206	1223	1450	2184	1540	1339	1777	1656	1702	614	1138	1544	1663	1195	1006	1358	1368	934	706	1901	1113	2117	1086	1520	1461	1340	910	745	1081	438	1187	1151	1780	1446	1226	1539	1327	2332	1298	656	1492	965	1476	598	1520	1464	1435	1190	1155	1313	1136	1575	690	1113	673	1903	1551	1409	1878	376	1079	1442	614	1327	1364	1447	1418	1468	1641	1363	1571	685	1329	1208	1070	1451	568	1647	1209	1223	1525	1454	1136	888	3086	754	1183	853	1561	863	1447	1411	1574	1135	323	1206	1074	568	910	1114	1574	1472	1114	963	408	1365	1165	1341	1569	1367	424	1814	1245	1458	2333	937	1582	1700	1480	1444	848	422	450	1458	792	871	1417	1794	676	1151	1673	1346	1355	994	1208	1117	1696	1280	1595	3248	990	1360	1679	755	1165	1551	1219	417	685	1177	1458	1473	459	917	336	1760	2191	723	1208	679	1487	1700	631	1670	1436	1541	1544	1322	826	888	645	1184	1814	1166	454	424	1221	759	1580	1444	1231
383	898	432	641	338	303	207	582	372	1871	459	320	278	211	404	230	978	235	663	360	385	369	576	1492	67	807	1399	362	474	1684	0	744	458	376	355	205	300	1346	1384	811	348	252	478	1086	299	3525	531	432	721	56	21	1564	781	214	21	1325	2644	365	346	766	1893	3145	570	714	598	360	225	620	965	1365	797	1311	1825	731	2762	307	516	367	534	650	1099	1152	193	2523	313	1518	360	539	368	515	582	503	565	302	1331	570	2286	452	373	379	681	1316	829	311	1564	534	336	237	389	289	3193	352	322	1567	385	476	2471	233	1879	235	476	1086	362	303	565	1807	1403	1407	1469	860	1822	854	366	277	324	780	1367	478	891	2100	965	691	208	282	691	728	1291	335	1937	431	323	363	1336	198	697	233	651	767	320	213	291	240	875	1325	1284	299	1463	846	2255	251	1466	771	11	455	334	708	638	747	230	415	294	1568	2208	328	2645	955	570	373	2413	1273	1683	1158	228	211	1299	1193	1390	295	3382	1615	476	1461	278	213	1153	14	514	368	214	401	860	1807	1678	1177	198	1100	1390	1336	502	2289	318	240	455
469	617	515	387	671	517	544	900	719	1140	342	625	606	621	488	806	1553	764	414	684	373	496	401	759	717	1360	664	807	287	956	744	0	534	399	413	623	503	807	642	416	432	639	294	902	494	2963	631	507	1074	709	763	853	572	646	724	1069	1900	480	479	22	1179	2614	204	1305	162	683	518	461	546	863	528	567	1440	537	2322	490	411	706	570	1381	963	423	550	1782	521	945	683	557	483	333	368	529	291	622	800	204	1593	1052	722	565	980	581	560	486	853	570	461	510	468	512	2538	475	620	1025	373	297	1859	511	1148	764	298	902	689	577	291	1139	2137	908	1172	119	1608	115	496	487	623	569	633	290	388	1428	546	446	618	588	446	37	591	462	1513	508	618	493	592	900	401	512	1384	26	631	807	524	507	139	581	540	502	977	107	1839	838	928	577	733	534	409	38	317	515	808	382	642	2295	1508	415	2205	336	369	722	1873	564	1127	928	516	538	555	584	648	806	2879	1082	297	925	606	807	417	731	520	709	646	366	200	1139	1109	947	900	875	650	592	382	1625	629	509	319
120	441	35	227	656	497	303	366	205	1644	213	609	181	514	571	363	1026	317	732	176	407	545	167	1266	394	833	1084	751	287	1345	458	534	0	221	230	510	477	910	1090	387	209	215	268	639	464	3074	770	40	542	467	466	1377	323	249	438	874	2342	128	152	552	1698	2690	335	789	379	175	336	730	524	920	345	1044	1367	274	2305	468	128	194	85	1072	663	946	350	2256	512	1085	175	731	532	201	193	46	245	594	893	335	1893	558	207	80	1046	1008	374	469	1377	85	184	305	538	474	2770	148	608	1125	407	266	2035	319	1652	317	265	639	180	154	245	1673	1801	960	1016	645	1388	645	543	248	611	323	1051	275	860	1695	524	251	509	175	251	501	937	185	1479	40	607	120	1069	505	748	358	1071	561	614	375	491	304	669	1054	1011	474	1013	638	1797	685	1025	313	448	2	330	516	650	294	365	195	602	1975	2032	326	2187	589	185	207	1962	929	1242	706	335	306	1037	1110	1100	703	2925	1169	266	1020	181	375	933	444	688	196	249	427	543	1673	1240	726	505	648	1148	1069	152	1877	611	296	251
104	583	187	292	466	295	169	560	344	1539	84	417	211	342	356	407	1169	365	514	308	186	333	236	1158	334	978	1031	580	112	1312	376	399	221	0	21	340	274	986	1022	455	33	242	107	825	260	3174	556	180	737	358	392	1250	478	246	355	1048	2285	104	90	420	1577	2802	203	915	239	307	170	509	616	1013	474	958	1516	425	2445	262	182	331	299	1027	860	822	198	2177	309	1153	307	512	319	146	228	248	190	403	972	203	1910	656	346	202	853	950	510	263	1250	299	64	146	322	274	2821	89	414	1210	186	105	2105	155	1547	365	104	825	313	186	190	1525	1778	1057	1183	518	1577	515	331	99	418	476	999	110	664	1725	616	357	337	193	357	375	916	65	1617	180	413	117	983	507	532	181	1027	425	422	408	291	143	538	970	928	271	1117	506	1941	547	1108	472	365	219	115	369	438	429	409	45	416	1944	1904	112	2327	579	217	346	2064	899	1324	883	168	167	947	935	1030	545	3048	1260	105	1104	211	408	817	362	468	333	246	206	486	1525	1317	903	507	823	1047	983	152	1915	419	140	82
111	603	196	313	447	277	148	561	340	1554	105	398	202	321	342	393	1161	353	510	305	177	318	256	1172	314	970	1050	559	127	1332	355	413	230	21	0	320	256	1008	1040	476	25	231	125	842	243	3196	542	189	737	337	372	1262	497	233	334	1067	2303	107	90	435	1590	2823	220	905	255	304	149	502	638	1035	494	975	1536	444	2466	245	201	327	311	1006	876	836	176	2193	292	1175	304	500	304	167	250	261	212	384	994	220	1931	645	343	204	835	968	530	246	1262	311	58	124	309	256	2843	90	396	1231	177	123	2127	133	1562	353	122	842	310	179	212	1535	1757	1078	1202	533	1595	529	316	78	399	495	1018	127	667	1746	638	377	317	184	377	390	936	59	1638	189	394	120	1000	489	530	160	1007	439	403	394	273	121	552	987	945	253	1139	521	1962	526	1130	491	344	228	100	383	437	449	395	66	396	1923	1916	97	2348	600	238	343	2085	919	1346	901	146	145	964	942	1047	524	3069	1282	123	1125	202	394	831	341	457	330	233	198	506	1535	1338	921	489	841	1063	1000	172	1936	400	118	101
401	921	477	633	154	116	208	735	504	1716	419	121	367	6	204	414	1182	404	466	481	250	172	575	1342	238	1010	1287	242	401	1579	205	623	510	340	320	0	123	1320	1263	794	327	361	414	1148	129	3510	330	474	891	148	224	1400	812	327	199	1379	2510	387	363	644	1727	3140	489	919	504	480	177	419	957	1351	813	1181	1855	759	2786	134	519	495	595	766	1174	1004	160	2377	119	1484	480	334	174	484	569	552	522	103	1307	489	2207	654	506	447	539	1204	848	138	1400	595	337	207	196	112	3136	368	123	1545	250	413	2432	194	1724	404	412	1148	484	376	522	1627	1519	1395	1517	731	1898	722	170	266	125	810	1256	411	705	2032	957	697	4	360	697	616	1203	335	1958	473	123	392	1205	404	501	160	769	642	123	401	105	209	741	1196	1157	123	1457	714	2282	218	1443	805	200	508	244	585	455	767	416	386	101	1674	2034	242	2668	888	558	506	2401	1179	1658	1212	178	204	1167	1010	1268	205	3388	1596	413	1439	367	401	1010	201	309	497	327	256	774	1627	1649	1232	404	1152	1248	1205	492	2226	121	216	397
358	855	442	559	196	20	204	755	520	1594	341	145	371	120	114	475	1261	454	364	491	135	79	507	1219	312	1081	1167	322	306	1459	300	503	477	274	256	123	0	1226	1142	710	272	378	322	1099	13	3414	297	437	922	249	321	1278	752	352	288	1322	2387	348	325	524	1606	3049	385	997	394	490	155	326	873	1262	745	1059	1784	699	2708	13	456	510	561	889	1132	881	162	2254	35	1386	490	273	72	406	495	513	435	135	1214	385	2092	729	523	428	579	1083	782	16	1278	561	293	182	91	11	3027	328	143	1451	135	322	2329	169	1602	454	322	1099	495	370	435	1510	1642	1306	1456	609	1851	600	76	231	146	750	1136	318	591	1920	873	627	118	360	627	498	1088	292	1881	437	141	357	1082	496	396	130	892	522	151	465	21	182	619	1074	1034	3	1370	593	2207	335	1349	746	293	475	160	465	339	702	477	317	151	1797	1916	162	2590	782	484	523	2308	1063	1563	1157	155	197	1044	895	1146	307	3301	1504	322	1345	371	465	886	293	237	512	352	137	662	1510	1551	1177	496	1098	1125	1082	424	2115	149	191	311
963	501	926	705	1420	1245	1151	1103	1091	1193	903	1369	1087	1321	1255	1271	1760	1226	1221	1073	1093	1251	770	934	1290	1586	594	1549	921	671	1346	807	910	986	1008	1320	1226	0	660	535	1007	1123	907	570	1213	2189	1426	924	1206	1340	1359	1100	610	1154	1325	524	1633	981	1000	796	1315	1823	843	1587	842	1072	1157	1268	386	83	571	715	666	647	1515	1212	830	1084	857	1982	641	836	1184	1628	1255	175	1072	1356	1237	840	765	867	798	1361	20	843	1025	1421	1092	989	1771	586	550	1210	1100	857	1012	1131	1227	1231	1860	994	1366	225	1093	907	1126	1142	1199	1226	908	570	1075	1056	798	1431	2710	116	530	780	951	793	1250	1078	1369	609	578	910	1134	813	386	660	1317	1078	660	787	415	1014	717	925	1364	984	728	1415	1206	1166	1980	807	1376	1284	1247	1129	796	709	690	1223	184	795	1039	1533	123	624	1335	912	1076	837	1124	620	1273	942	1377	2885	1632	1078	1398	470	777	1092	1082	450	338	513	1154	1150	729	1160	673	1525	2080	278	907	119	1087	1284	801	1332	1315	1086	1154	1099	607	1431	331	518	1415	513	829	728	845	980	1373	1125	922
1067	899	1084	873	1294	1153	1180	1418	1295	584	949	1252	1212	1261	1108	1419	2105	1375	941	1263	1015	1123	925	274	1353	1913	74	1429	914	336	1384	642	1090	1022	1040	1263	1142	660	0	762	1055	1249	915	1118	1134	2493	1206	1078	1572	1352	1403	440	943	1263	1364	1158	1262	1082	1088	620	680	2189	819	1878	787	1262	1159	1006	747	743	883	105	1293	943	2012	1129	965	1283	1088	2024	1194	322	1190	1165	1156	675	1262	1130	1113	914	897	1065	861	1252	671	819	1007	1646	1297	1146	1543	90	892	1125	440	1088	1079	1148	1094	1151	1974	1083	1247	776	1015	917	1372	1151	592	1375	918	1118	1267	1180	861	771	2780	771	1188	532	1610	541	1124	1118	1250	940	82	913	739	884	747	886	1259	1196	886	656	250	1080	1307	1079	1245	1093	97	1529	910	1154	2027	621	1258	1424	1162	1145	524	89	114	1141	830	549	1598	1475	723	956	1373	1091	1050	680	875	909	1422	995	1272	2938	1014	1056	1904	520	905	1297	1478	224	824	1093	1156	1176	126	609	13	1437	2474	829	917	724	1212	1424	296	1371	1104	1286	1263	1007	548	771	790	1105	1529	1067	176	97	952	1081	1256	1146	940
428	200	398	170	907	730	616	663	584	1342	374	856	557	795	759	750	1351	704	795	560	585	748	236	983	756	1162	741	1029	405	978	811	416	387	455	476	794	710	535	762	0	474	594	388	486	697	2720	947	394	811	805	824	1119	187	623	790	660	1983	446	465	419	1419	2346	347	1138	364	559	625	825	163	558	129	741	1078	180	1998	697	295	575	352	1450	548	711	652	1917	742	706	559	885	733	309	230	348	274	845	520	347	1506	933	585	462	1278	674	152	696	1119	352	477	599	728	713	2387	459	853	756	585	388	1660	610	1350	704	388	486	563	525	274	1442	2186	601	774	470	1201	478	746	544	856	184	709	393	805	1308	163	138	791	546	138	381	572	479	1171	395	851	450	765	889	792	636	1449	433	862	761	730	596	496	747	707	707	662	474	1498	1002	655	198	800	389	553	428	695	146	752	410	860	2359	1757	554	1879	243	242	585	1609	571	872	512	623	616	740	965	774	999	2593	806	388	650	557	761	687	797	841	577	623	595	280	1442	866	532	889	458	859	765	310	1491	859	592	399
89	594	174	308	460	293	143	536	315	1573	111	411	178	330	362	373	1137	332	534	280	200	337	248	1191	303	946	1064	569	145	1344	348	432	209	33	25	327	272	1007	1055	474	0	209	140	828	259	3194	561	168	712	333	364	1283	485	213	326	1054	2318	83	65	454	1610	2820	236	882	272	279	152	526	634	1032	485	991	1528	432	2459	262	191	302	291	998	860	856	177	2210	308	1176	279	521	323	168	245	241	217	397	993	236	1938	623	318	179	849	982	521	263	1283	291	33	124	329	271	2847	65	409	1230	200	138	2129	136	1581	332	137	828	285	155	217	1557	1748	1076	1190	552	1580	548	334	71	413	483	1031	143	692	1752	634	370	325	161	370	408	946	34	1630	168	408	95	1016	474	554	167	998	458	417	375	288	122	571	1004	961	269	1135	540	1954	529	1129	478	336	207	121	402	462	439	375	66	408	1915	1937	116	2340	607	233	318	2083	929	1345	888	150	142	980	966	1062	531	3064	1280	138	1124	178	375	850	333	479	305	213	221	517	1557	1338	908	474	828	1081	1016	165	1941	414	118	115
