NAME : VRPTW_INSTANCE_79.txt
COMMENT : Bangkok Supermarket
TYPE : VRPTW
DIMENSION : 209
DAYS : Monday
EDGE_WEIGHT_TYPE : EXPLICIT
VEHICLES : 32
EDGE_WEIGHT_FORMAT : FULL_MATRIX
CAPACITY : 1000
EDGE_WEIGHT_SECTION
0	33	1028	219	845	437	477	348	202	385	112	611	639	170	373	482	220	428	447	418	280	379	1126	650	1153	135	155	1087	383	152	493	283	527	550	404	189	350	1220	155	283	60	185	1654	661	153	492	1659	437	207	153	607	314	91	946	1113	1202	153	1454	532	752	1221	399	308	522	248	1807	358	328	578	2177	374	1899	24	368	1736	60	1994	1852	401	127	538	985	1119	189	2073	572	390	1352	402	714	412	891	705	347	719	932	405	258	1017	2005	1683	839	839	1348	1028	1018	201	153	481	814	245	363	321	563	929	214	189	283	314	190	600	208	426	254	213	153	1126	364	202	359	538	213	1035	165	1225	2022	283	1060	254	222	863	891	1029	995	474	373	210	199	193	1357	422	2312	385	264	394	759	332	1607	2159	156	1947	311	264	437	101	310	367	1321	563	1296	464	525	998	244	412	347	155	1063	139	124	1172	1140	874	202	482	1014	1840	306	93	810	1175	1555	436	1884	609	840	510	46	246	203	14	367	2009	978	584	815	692	948	312
33	0	1058	193	863	415	445	332	232	368	91	591	646	140	342	450	187	459	425	391	252	348	1157	622	1158	161	156	1121	352	180	462	314	509	574	377	213	320	1252	179	314	26	200	1665	638	173	499	1692	431	174	173	614	291	119	964	1146	1171	137	1488	539	720	1231	432	286	554	254	1820	340	297	557	2191	343	1866	9	337	1747	26	2002	1884	368	119	524	999	1151	218	2106	560	423	1386	374	747	399	899	693	318	687	966	378	289	1031	2037	1650	871	871	1359	1061	988	230	173	450	848	211	332	311	570	960	217	218	314	282	170	566	183	398	256	215	173	1157	333	181	393	524	187	1065	141	1257	2030	314	1049	256	224	896	899	1044	1015	452	342	177	215	224	1376	394	2343	368	272	360	791	353	1584	2177	156	1952	279	272	414	83	293	336	1328	570	1295	493	559	1029	211	384	317	179	1031	132	113	1204	1170	886	181	450	1028	1844	284	69	843	1207	1570	414	1887	630	872	497	74	249	178	21	341	1975	992	591	844	702	978	290
1028	1058	0	1243	1272	1443	1503	1118	825	1144	1133	1596	1343	1146	1312	1508	1242	826	1449	1441	1200	1407	876	1675	1771	983	1113	326	1318	879	1519	869	1231	1000	1428	992	1378	242	998	869	1083	1058	2029	1665	1020	1251	683	1337	1229	1020	1321	1328	939	1306	628	2061	1059	699	1266	1656	1704	691	1318	750	1128	2130	1144	1356	1569	2426	1402	2908	1049	1396	2112	1083	2423	1376	1418	1031	1486	1451	830	942	1454	1498	693	631	1428	335	1109	1501	1617	1376	1622	302	1430	885	1444	1401	2615	744	744	1798	588	1830	935	1020	1508	337	1259	1391	1054	1286	744	1134	942	869	1271	1092	1598	1232	1450	947	957	1020	876	1392	1110	722	1486	1238	912	1106	902	2444	869	1427	947	958	311	1501	1456	1309	1264	1401	1232	1051	909	1564	1449	1773	1144	1125	1410	689	1018	2174	2262	1115	2460	1337	1125	1446	1060	1118	1313	1862	1286	1325	867	626	44	1259	1439	1375	998	2083	1020	1038	850	115	1399	1110	1508	1466	2362	1316	1119	347	805	1866	1444	2445	1072	749	1451	984	1152	1227	1037	1391	2988	1428	1304	899	1325	854	1322
219	193	1243	0	849	224	279	429	421	456	110	405	576	202	317	280	101	565	237	199	289	178	1253	431	1061	279	165	1284	328	372	292	435	578	617	185	301	140	1429	276	435	174	245	1603	445	257	439	1863	309	100	257	547	102	310	955	1277	1097	275	1633	480	651	1165	588	101	670	238	1764	426	121	368	2140	167	1703	202	165	1682	174	1918	1976	229	279	357	957	1253	335	2215	401	581	1531	184	924	504	826	531	138	622	1130	186	410	997	2145	1531	976	976	1294	1194	944	346	257	280	1013	133	160	435	508	1067	196	335	435	264	281	437	13	207	423	386	257	1253	163	279	550	357	5	1149	243	1355	1946	435	1138	423	393	1062	826	1008	1011	496	168	100	261	358	1366	205	2434	456	258	225	906	396	1593	2156	163	1851	126	258	223	234	388	307	1242	508	1428	581	706	1213	131	195	137	276	863	294	271	1307	1356	840	279	280	987	1744	99	125	1008	1316	1526	223	1777	652	976	337	265	213	16	212	148	1830	955	526	918	648	1067	104
845	863	1272	849	0	832	1057	1194	865	1231	823	834	328	989	1161	1051	944	546	823	906	1102	979	683	1043	506	718	723	1092	1173	879	1060	638	1372	335	907	660	937	1324	693	638	877	663	836	930	693	420	1634	597	939	693	343	824	861	106	878	1929	998	1246	383	1495	442	726	810	562	623	978	1203	934	840	1340	963	2313	860	969	922	877	1210	1294	1057	973	707	181	715	682	1584	669	734	1160	923	976	1257	271	691	937	1468	998	912	650	189	1514	2291	566	566	553	833	1792	673	693	1050	934	979	965	1164	363	620	668	682	638	1104	1033	1246	839	921	1072	1035	693	683	971	1043	727	707	850	556	1003	775	1234	638	1901	1072	1045	965	271	202	165	1311	965	940	647	701	517	935	1727	1231	603	1056	591	516	2437	1315	724	1210	962	603	841	945	1156	1152	592	363	2087	486	698	1228	978	934	937	693	1521	982	970	756	1375	144	1043	1051	201	1107	810	840	925	797	717	838	1181	255	562	683	858	642	843	857	890	2508	161	354	401	241	532	810
437	415	1443	224	832	0	234	629	633	650	325	181	515	415	458	225	292	697	15	85	476	190	1343	250	932	460	330	1452	467	588	233	593	753	682	94	458	165	1615	446	593	398	392	1504	225	425	416	2039	235	300	425	493	123	527	937	1407	1106	497	1777	450	695	1071	765	129	804	339	1669	621	180	144	2046	175	1563	423	186	1578	398	1789	2051	272	503	174	900	1351	505	2309	227	760	1675	112	1115	703	737	337	167	673	1303	99	572	946	2238	1465	1085	1085	1197	1328	997	514	425	225	1189	307	185	646	468	1176	318	505	593	424	497	423	232	98	647	610	425	1343	191	491	728	174	230	1228	460	1447	1818	593	1310	647	617	1237	737	956	997	661	178	298	403	535	1332	114	2504	650	350	276	1029	497	1686	2096	328	1704	225	350	9	459	590	447	1122	468	1628	697	868	1409	306	118	167	446	729	519	495	1404	1557	785	491	225	930	1598	131	345	1183	1421	1450	6	1621	692	1084	174	483	310	238	432	105	1719	905	478	996	600	1155	125
477	445	1503	279	1057	234	0	522	677	530	382	350	746	369	301	12	261	842	247	152	369	101	1522	226	1161	558	443	1560	306	623	18	714	599	872	149	579	141	1698	556	714	420	521	1737	323	537	637	2136	461	274	537	723	244	564	1163	1555	874	462	1913	673	462	1305	865	259	948	498	1902	506	158	314	2279	112	1425	455	113	1809	420	2015	2241	99	483	401	1133	1525	615	2487	455	858	1810	133	1192	588	971	544	142	442	1406	144	690	1178	2417	1263	1250	1250	1430	1473	764	626	537	12	1288	246	118	560	695	1342	462	615	714	296	441	190	292	137	606	579	537	1522	116	428	826	401	283	1414	415	1625	2044	714	1135	606	582	1337	971	1189	1222	502	111	270	537	637	1563	122	2698	530	515	108	1183	662	1458	2330	440	1922	166	515	224	447	491	292	1351	695	1487	855	984	1474	246	123	143	556	586	496	475	1578	1614	1017	428	12	1162	1818	260	390	1284	1590	1684	228	1834	895	1250	407	519	469	294	467	170	1551	1137	707	1182	830	1335	258
348	332	1118	429	1194	629	522	0	408	38	391	807	972	229	233	533	339	744	644	566	156	469	1421	747	1478	479	483	1266	233	363	541	602	181	893	551	535	473	1344	502	602	321	531	1996	819	501	826	1793	732	333	501	941	522	349	1294	1362	958	195	1665	867	537	1561	653	526	820	584	2151	25	453	769	2523	477	1813	333	465	2078	321	2328	2140	423	222	783	1331	1407	524	2338	830	641	1566	538	866	74	1226	957	470	504	1114	549	580	1363	2271	1498	1132	1132	1689	1276	742	535	501	533	1000	322	464	63	898	1217	543	524	602	226	163	529	430	564	185	198	501	1421	460	157	619	783	424	1344	198	1515	2356	602	719	185	191	1044	1226	1376	1343	157	475	335	547	516	1704	551	2597	38	603	415	1043	680	1271	2507	483	2271	410	603	625	249	41	240	1653	898	1000	790	780	1100	323	541	470	502	1025	214	224	1458	1217	1218	157	533	1360	2164	524	369	998	1452	1902	626	2201	956	1134	766	340	574	423	336	526	1873	1324	918	1136	1032	1254	529
202	232	825	421	865	633	677	408	0	446	312	802	730	333	526	683	417	352	642	620	416	581	1013	853	1244	204	316	901	534	56	694	228	583	536	607	246	553	1022	230	228	257	294	1699	858	247	590	1464	590	404	247	699	512	113	955	960	1344	262	1282	624	901	1279	244	504	416	373	1843	429	530	770	2204	576	2093	223	570	1783	257	2058	1732	596	228	714	1027	998	202	1934	740	233	1182	605	517	448	969	872	550	867	746	608	215	1050	1866	1853	724	724	1402	875	1141	205	247	682	628	437	565	355	655	808	358	202	228	474	303	786	410	628	235	211	247	1013	566	321	210	714	416	938	303	1106	2085	228	1053	235	219	676	969	1063	997	562	575	408	297	173	1353	625	2189	446	382	588	635	367	1672	2155	318	2030	511	382	634	244	385	523	1398	655	1223	406	373	796	437	615	550	230	1261	223	233	1049	937	925	321	683	1053	1923	502	295	625	1044	1582	633	1977	611	726	683	158	386	405	211	569	2193	1014	676	738	763	847	508
385	368	1144	456	1231	650	530	38	446	0	424	826	1006	259	233	541	362	783	665	584	174	484	1460	756	1509	517	518	1298	231	401	548	640	142	931	569	573	491	1372	540	640	356	568	2031	834	538	860	1821	761	358	538	975	546	388	1331	1398	926	232	1699	901	512	1595	691	551	859	619	2187	29	471	787	2559	493	1796	370	481	2112	356	2361	2178	432	260	807	1367	1445	563	2374	855	679	1600	555	898	58	1260	980	488	479	1147	566	619	1400	2307	1471	1170	1170	1723	1313	708	573	538	542	1033	343	479	96	932	1255	577	563	640	236	198	523	457	580	220	235	538	1460	475	190	657	807	452	1383	232	1553	2389	640	687	220	228	1077	1260	1412	1381	123	490	360	583	555	1742	567	2634	0	638	424	1082	717	1232	2544	517	2302	428	638	645	285	75	241	1685	932	978	829	817	1127	344	557	488	540	1016	252	261	1496	1242	1253	190	541	1395	2195	549	402	1032	1490	1938	646	2231	993	1173	791	378	608	451	373	546	1850	1360	952	1175	1067	1292	554
112	91	1133	110	823	325	382	391	312	424	0	500	581	168	345	385	144	476	335	308	280	281	1173	541	1086	179	100	1178	356	264	396	339	559	558	295	212	247	1320	183	339	81	171	1608	549	167	436	1755	348	134	167	550	202	202	927	1182	1160	208	1533	477	710	1171	483	196	578	199	1765	395	226	466	2139	273	1807	98	269	1688	81	1937	1898	318	199	433	948	1170	238	2130	470	475	1431	294	815	463	835	603	245	678	1024	296	313	983	2060	1617	890	890	1300	1098	992	250	167	384	907	177	264	382	508	982	156	238	339	285	229	524	98	317	343	303	167	1173	266	234	444	433	104	1074	193	1274	1965	339	1111	343	311	955	835	996	980	490	273	136	189	256	1340	315	2357	424	219	311	816	333	1614	2137	99	1881	218	219	325	157	350	337	1261	508	1374	501	603	1102	176	305	244	183	968	215	193	1223	1246	833	234	385	977	1773	194	24	902	1230	1520	324	1812	605	891	407	158	185	94	107	258	1927	943	528	846	644	989	200
611	591	1596	405	834	181	350	807	802	826	500	0	506	596	622	338	473	815	168	242	652	348	1413	219	832	616	488	1581	630	760	340	732	921	757	257	603	335	1757	598	732	576	537	1418	96	577	456	2170	288	481	577	494	303	700	933	1506	1173	678	1883	477	799	998	908	306	919	470	1585	798	354	38	1960	336	1492	599	349	1487	576	1676	2101	420	684	135	865	1427	654	2372	165	905	1782	272	1264	880	683	202	337	783	1436	260	713	915	2301	1465	1174	1174	1118	1431	1097	661	577	337	1325	485	349	826	485	1262	462	654	732	594	678	516	411	248	828	791	577	1413	354	672	874	135	410	1292	641	1516	1705	732	1473	828	798	1373	683	923	994	827	339	478	544	686	1304	263	2547	826	475	426	1129	608	1800	2037	486	1576	398	475	184	640	769	611	1024	485	1803	803	1001	1561	484	272	338	598	686	700	676	1478	1711	758	672	338	893	1473	308	522	1318	1501	1384	184	1486	747	1172	168	657	445	418	608	281	1675	875	487	1065	592	1227	302
639	646	1343	576	328	515	746	972	730	1006	581	506	0	749	893	738	676	520	503	593	855	678	947	715	517	538	490	1237	904	722	747	534	1140	352	597	486	638	1448	510	534	652	457	1029	602	500	147	1814	285	674	500	31	527	685	428	1089	1620	782	1470	107	1198	591	686	515	593	391	1188	977	639	512	1564	661	1990	646	669	1108	652	1356	1606	760	764	379	388	969	527	1887	340	689	1375	614	1015	1043	253	376	638	1173	1113	602	533	432	1817	1964	751	751	719	1026	1499	524	500	738	1022	709	666	957	76	830	429	527	534	840	809	936	569	609	890	849	500	947	672	815	669	379	578	821	774	1047	1384	534	1692	890	859	1063	253	443	490	1066	664	674	447	558	817	623	2048	1006	374	760	735	369	2167	1589	490	1309	673	374	524	728	932	883	682	76	1933	476	718	1301	707	623	638	510	1192	777	759	1017	1455	271	815	738	418	1201	515	603	1013	1048	952	520	1250	301	749	356	666	398	574	647	585	2180	390	55	611	87	770	514
170	140	1146	202	989	415	369	229	333	259	168	596	749	0	203	377	124	599	429	365	114	287	1297	576	1250	302	267	1235	213	276	387	453	391	711	349	351	275	1351	318	453	118	329	1776	622	309	604	1796	502	115	309	718	299	228	1092	1278	1032	92	1612	646	582	1339	559	301	692	368	1934	230	252	558	2307	289	1764	147	279	1857	118	2103	2023	276	115	559	1116	1289	358	2242	603	549	1511	340	849	303	1002	733	272	549	1080	348	428	1152	2173	1522	1009	1009	1468	1193	848	370	309	376	962	124	276	233	676	1098	324	358	453	145	82	454	201	366	241	210	309	1297	274	76	520	559	197	1206	47	1395	2131	453	946	241	215	1009	1002	1164	1145	322	287	118	345	363	1505	357	2482	259	387	267	928	488	1450	2304	266	2043	217	387	412	89	188	198	1427	676	1226	633	688	1120	125	346	272	318	938	127	108	1342	1254	1001	76	377	1146	1935	300	149	958	1344	1688	412	1972	764	1010	539	192	354	194	156	318	1860	1111	695	984	813	1118	305
373	342	1312	317	1161	458	301	233	526	233	345	622	893	203	0	313	218	801	474	381	113	273	1499	528	1369	502	444	1425	11	470	319	656	300	902	368	548	293	1528	515	656	318	516	1920	617	504	756	1976	620	222	504	864	379	427	1266	1479	829	264	1808	798	379	1482	759	388	895	539	2081	213	280	584	2457	286	1599	349	274	1998	318	2228	2226	207	297	629	1274	1492	559	2445	680	749	1707	351	1032	291	1142	796	291	346	1270	364	631	1313	2376	1327	1212	1212	1610	1394	648	571	504	313	1152	184	274	284	826	1302	494	559	656	60	225	298	325	374	367	355	504	1499	269	206	721	629	315	1407	223	1598	2257	656	852	367	354	1199	1142	1325	1321	205	283	221	533	566	1679	359	2685	233	559	200	1131	677	1277	2472	442	2154	236	559	451	287	211	11	1554	826	1188	834	889	1290	185	350	291	515	795	303	293	1545	1417	1158	206	313	1304	2047	387	333	1150	1547	1844	453	2074	950	1213	620	394	519	320	359	353	1677	1272	843	1184	966	1320	390
482	450	1508	280	1051	225	12	533	683	541	385	338	738	377	313	0	266	842	238	145	380	103	1521	215	1151	560	443	1563	318	628	11	715	611	869	143	580	141	1702	557	715	425	521	1727	311	538	631	2140	455	279	538	716	241	569	1156	1556	881	469	1914	667	472	1296	868	256	948	496	1893	517	159	303	2270	113	1422	460	115	1800	425	2004	2239	109	490	392	1125	1524	616	2486	445	860	1812	128	1196	599	963	533	143	452	1409	138	691	1171	2416	1265	1249	1249	1421	1473	774	627	538	0	1292	253	120	570	688	1341	461	616	715	306	450	198	294	130	614	587	538	1521	118	437	829	392	284	1412	423	1624	2033	715	1147	614	590	1340	963	1181	1216	514	112	276	536	639	1556	116	2695	541	513	118	1183	661	1469	2322	441	1911	171	513	216	454	502	304	1341	688	1499	854	986	1479	253	117	143	557	583	503	482	1577	1619	1010	437	0	1155	1807	257	394	1287	1589	1676	219	1823	891	1249	398	524	467	296	471	166	1550	1129	700	1180	823	1333	255
220	187	1242	101	944	292	261	339	417	362	144	473	676	124	218	266	0	621	307	240	191	168	1317	455	1161	321	235	1307	229	362	278	482	479	697	224	357	152	1439	327	482	161	313	1705	497	312	538	1879	409	13	312	647	183	304	1050	1323	1017	214	1671	580	568	1266	617	188	722	324	1865	333	128	435	2241	168	1679	196	159	1783	161	2019	2043	181	228	445	1056	1315	381	2274	492	608	1569	215	933	413	927	618	149	537	1153	223	456	1095	2205	1473	1035	1035	1395	1239	855	393	312	266	1035	34	155	353	608	1126	280	381	482	163	206	383	107	241	364	332	312	1317	154	199	577	445	98	1218	171	1418	2047	482	1040	364	337	1083	927	1107	1105	396	166	9	330	396	1462	233	2502	362	345	173	960	473	1495	2254	234	1951	97	345	288	189	299	208	1343	608	1339	645	741	1214	33	222	148	327	844	243	220	1368	1353	940	199	266	1086	1843	187	143	1030	1374	1626	289	1875	738	1036	429	259	303	102	208	193	1790	1054	626	990	748	1134	191
428	459	826	565	546	697	842	744	352	783	476	815	520	599	801	842	621	0	698	728	707	742	699	947	992	301	399	766	811	385	854	146	924	212	720	265	701	954	293	146	483	320	1382	899	309	425	1355	534	610	309	496	610	395	624	714	1629	565	1079	439	1178	983	180	596	107	358	1519	761	685	796	1871	729	2255	452	729	1467	483	1756	1425	792	531	690	722	694	242	1653	691	188	977	727	495	793	711	800	699	1146	625	723	170	735	1584	2093	414	414	1099	633	1446	230	309	841	520	653	724	698	460	505	385	242	146	742	607	999	551	741	584	555	309	699	728	623	180	690	562	607	590	799	1781	146	1405	584	564	566	711	748	659	889	730	612	305	236	1008	746	1884	783	347	786	341	207	2016	1807	401	1749	689	347	703	523	714	795	1119	460	1551	59	200	786	652	739	699	293	1416	535	532	747	940	636	623	842	745	1644	595	479	512	753	1253	700	1710	294	415	654	415	387	551	442	686	2393	705	478	392	516	519	599
447	425	1449	237	823	15	247	644	642	665	335	168	503	429	474	238	307	698	0	100	491	206	1340	251	917	466	336	1455	483	598	245	597	768	679	110	462	181	1620	452	597	409	396	1490	217	430	408	2042	226	314	430	483	135	537	927	1406	1118	510	1777	441	709	1057	769	139	805	340	1655	636	196	131	2032	190	1565	433	202	1563	409	1774	2046	288	515	159	888	1348	510	2305	212	764	1676	128	1121	718	724	321	183	687	1306	114	576	935	2235	1473	1083	1083	1183	1328	1011	519	430	238	1193	322	201	661	459	1174	321	510	597	439	511	436	243	113	660	623	430	1340	207	505	733	159	242	1224	474	1443	1803	597	1326	660	630	1241	724	945	988	677	194	312	406	541	1321	129	2499	665	351	291	1028	496	1700	2084	334	1689	240	351	23	471	605	463	1107	459	1643	696	871	1416	321	133	183	452	732	531	507	1401	1564	774	505	238	918	1583	141	356	1187	1419	1437	21	1605	686	1082	160	493	312	250	443	121	1724	893	468	993	589	1151	135
418	391	1441	199	906	85	152	566	620	584	308	242	593	365	381	145	240	728	100	0	410	108	1392	233	1017	466	339	1470	390	571	154	612	679	735	15	475	93	1623	457	612	371	411	1589	257	436	486	2053	309	250	436	570	118	509	1011	1441	1026	453	1806	522	610	1155	776	131	835	372	1753	556	114	204	2131	94	1527	400	107	1663	371	1874	2106	188	464	259	980	1397	517	2358	312	770	1704	30	1119	639	820	417	95	588	1318	17	589	1026	2288	1402	1126	1126	1281	1361	913	527	436	144	1202	247	107	589	543	1218	342	517	612	352	446	343	210	15	603	570	436	1392	112	438	738	259	204	1280	411	1495	1903	612	1234	603	575	1251	820	1036	1071	586	98	247	424	544	1410	30	2561	584	386	192	1065	536	1601	2178	336	1788	156	386	76	421	529	370	1207	543	1561	733	887	1409	246	33	96	457	688	479	455	1451	1554	865	438	145	1010	1682	133	324	1196	1465	1533	79	1704	752	1126	259	464	342	214	411	50	1671	984	554	1048	677	1204	129
280	252	1200	289	1102	476	369	156	416	174	280	652	855	114	113	380	191	707	491	410	0	312	1403	592	1349	414	379	1313	120	360	388	561	288	825	395	465	317	1415	431	561	232	443	1884	662	423	712	1863	598	188	423	825	374	322	1206	1373	931	153	1698	754	485	1446	653	379	797	480	2042	145	297	613	2417	320	1710	258	308	1963	232	2205	2128	270	188	635	1227	1394	469	2342	683	643	1598	381	920	228	1108	807	314	452	1158	393	537	1263	2274	1438	1114	1114	1575	1288	739	481	423	380	1041	169	307	190	784	1203	436	469	561	77	112	404	292	407	257	242	423	1403	303	94	615	635	285	1315	118	1500	2233	561	849	257	242	1087	1108	1275	1259	211	318	189	460	471	1619	394	2587	174	500	261	1031	602	1336	2417	378	2140	254	500	470	185	122	113	1529	784	1152	744	783	1177	170	384	314	431	900	192	184	1446	1305	1111	94	380	1256	2033	378	262	1038	1446	1799	472	2066	879	1116	620	293	464	286	266	371	1790	1223	803	1095	922	1226	382
379	348	1407	178	979	190	101	469	581	484	281	348	678	287	273	103	168	742	206	108	312	0	1425	288	1120	457	342	1459	281	527	115	613	573	779	96	478	43	1599	454	613	324	421	1687	350	435	559	2036	392	181	435	653	156	467	1085	1454	949	379	1811	597	519	1251	764	170	847	401	1851	457	56	310	2228	17	1526	358	12	1762	324	1978	2145	83	396	365	1066	1427	513	2389	418	757	1709	79	1093	540	914	526	44	494	1305	92	588	1110	2319	1358	1151	1151	1378	1372	821	524	435	103	1188	162	17	498	621	1242	364	513	613	248	365	271	191	100	528	498	435	1425	14	354	725	365	181	1318	334	1528	2007	613	1125	528	502	1237	914	1121	1144	479	14	177	437	535	1490	85	2603	484	419	85	1083	565	1500	2267	340	1895	71	419	182	358	434	262	1309	621	1457	756	883	1377	161	77	44	454	687	411	388	1480	1518	950	354	103	1096	1789	171	290	1183	1491	1626	185	1812	805	1151	362	422	373	193	369	94	1652	1068	635	1086	759	1238	170
1126	1157	876	1253	683	1343	1522	1421	1013	1460	1173	1413	947	1297	1499	1521	1317	699	1340	1392	1403	1425	0	1589	1152	1000	1088	579	1510	1059	1532	843	1596	661	1387	960	1382	811	990	843	1182	1008	1224	1508	1005	957	1004	1130	1307	1005	945	1280	1083	647	270	2328	1256	579	941	1877	1004	770	1266	605	1024	1298	1442	1369	1406	1564	1411	2902	1150	1413	1301	1182	1615	726	1483	1221	1278	810	49	941	966	1257	782	507	1398	736	1459	954	1321	1381	1845	579	1391	868	778	895	2783	289	289	1059	288	2142	929	1005	1520	603	1350	1408	1368	939	206	1061	941	843	1440	1298	1691	1240	1407	1245	1224	1005	0	1412	1315	802	1278	1251	127	1285	103	1632	843	2013	1245	1232	598	954	784	613	1573	1412	1309	991	933	738	1415	1185	1460	1008	1478	378	859	2681	1386	1090	1689	1379	1008	1351	1218	1396	1494	1170	939	2058	672	648	836	1349	1410	1381	990	2072	1222	1223	73	942	825	1315	1521	809	1603	1264	1177	596	120	1048	1347	1700	667	287	1245	1109	1053	1240	1140	1357	3063	784	944	348	878	188	1267
650	622	1675	431	1043	250	226	747	853	756	541	219	715	576	528	215	455	947	251	233	592	288	1589	0	1045	698	569	1699	532	802	208	840	823	927	246	703	304	1855	688	840	600	638	1634	140	666	644	2284	463	467	666	700	349	741	1144	1657	959	668	2027	672	613	1216	1007	360	1055	589	1800	732	328	203	2175	287	1314	631	296	1701	600	1880	2290	324	684	336	1083	1598	748	2554	378	1001	1925	247	1352	814	902	415	307	602	1548	244	817	1132	2483	1249	1334	1334	1336	1578	901	757	666	214	1433	451	300	782	685	1425	565	748	840	520	654	334	443	224	817	786	666	1589	301	642	970	336	437	1472	623	1692	1910	840	1350	817	791	1481	902	1141	1205	726	289	463	649	776	1521	227	2741	756	600	332	1279	747	1610	2256	567	1772	359	600	244	644	715	518	1237	685	1711	947	1115	1643	450	238	308	688	485	698	675	1651	1788	974	642	215	1111	1670	362	557	1427	1669	1603	247	1676	930	1333	360	695	560	447	642	283	1478	1092	690	1241	802	1401	357
1153	1158	1771	1061	506	932	1161	1478	1244	1509	1086	832	517	1250	1369	1151	1161	992	917	1017	1349	1120	1152	1045	0	1055	1001	1599	1380	1239	1155	1038	1638	786	1026	1003	1087	1831	1027	1038	1161	974	589	906	1017	662	2133	752	1162	1017	548	990	1202	508	1373	2004	1292	1730	624	1622	222	1170	981	1036	905	756	1480	1095	859	1129	1104	2137	1159	1114	655	1161	859	1647	1203	1277	759	344	1191	1042	1957	706	1176	1649	1045	1463	1550	281	631	1088	1603	1503	1031	1040	374	1891	2246	1072	1072	309	1335	1924	1039	1017	1150	1435	1190	1112	1467	593	1121	941	1042	1038	1322	1316	1342	1057	1030	1406	1365	1017	1152	1118	1320	1161	759	1064	1032	1279	1231	887	1038	2196	1406	1375	1468	281	368	539	1557	1107	1161	964	1072	633	1046	2035	1509	889	1206	1096	879	2618	1234	1001	794	1136	889	941	1238	1436	1359	191	593	2449	937	1172	1727	1189	1051	1088	1027	1449	1290	1271	1225	1877	372	1320	1151	343	686	981	1109	1425	1271	586	938	733	707	1068	758	1182	908	1063	1160	1027	2376	370	572	906	484	1025	978
135	161	983	279	718	460	558	479	204	517	179	616	538	302	502	560	321	301	466	466	414	457	1000	698	1055	0	129	1005	512	185	572	160	659	415	455	57	419	1157	28	160	184	90	1536	682	43	394	1587	387	310	43	507	348	148	816	1002	1329	286	1355	431	877	1107	310	338	400	169	1687	491	400	587	2054	447	1982	156	444	1619	184	1884	1726	497	257	517	864	995	59	1953	540	304	1253	458	655	540	785	671	417	845	852	457	134	893	1884	1795	715	715	1233	919	1149	71	43	559	736	352	439	446	462	806	158	59	160	442	324	704	266	477	358	320	43	1000	442	338	272	517	275	905	300	1100	1911	160	1183	358	330	785	785	906	864	609	447	313	94	79	1226	478	2185	517	178	491	638	202	1743	2028	132	1846	397	178	463	236	443	495	1216	462	1396	332	426	949	352	469	417	28	1142	265	255	1048	1098	756	338	560	892	1739	336	178	731	1053	1432	461	1788	476	716	485	140	183	264	148	418	2106	855	483	682	581	818	341
155	156	1113	165	723	330	443	483	316	518	100	488	490	267	444	443	235	399	336	339	379	342	1088	569	1001	129	0	1130	455	282	455	273	655	461	329	137	302	1286	118	273	162	79	1513	552	97	343	1714	283	227	97	459	220	226	826	1112	1253	292	1471	384	804	1077	437	209	505	101	1669	489	285	459	2042	330	1862	158	330	1594	162	1846	1812	394	275	397	850	1088	178	2049	426	431	1369	334	785	553	743	559	300	773	978	331	250	885	1980	1696	810	810	1205	1030	1089	188	97	443	863	270	325	467	415	902	60	178	273	385	320	602	152	351	409	368	97	1088	328	327	400	397	163	985	286	1190	1874	273	1203	409	378	912	743	897	880	589	331	229	96	206	1239	354	2270	518	120	389	740	237	1714	2037	2	1795	291	120	333	238	443	435	1172	415	1451	416	548	1079	269	345	299	118	1022	289	270	1141	1227	736	327	443	879	1688	207	117	857	1150	1422	331	1730	505	810	367	193	92	152	160	293	1994	844	435	756	549	902	212
1087	1121	326	1284	1092	1452	1560	1266	901	1298	1178	1581	1237	1235	1425	1563	1307	766	1455	1470	1313	1459	579	1699	1599	1005	1130	0	1432	958	1575	859	1408	885	1459	995	1424	239	1012	859	1147	1061	1780	1662	1033	1176	588	1300	1295	1033	1221	1351	1009	1103	315	2224	1161	413	1180	1793	1499	695	1339	666	1116	1867	1291	1404	1561	2143	1451	2985	1111	1447	1861	1147	2175	1054	1489	1128	1457	1261	531	952	1154	1457	702	327	1463	400	1274	1347	1561	1422	1759	155	1462	881	1245	1097	2751	527	527	1577	296	2005	942	1033	1562	273	1332	1442	1203	1194	493	1134	952	859	1375	1200	1686	1270	1481	1082	1080	1033	579	1444	1218	734	1457	1279	640	1204	589	2194	859	1689	1082	1084	225	1347	1255	1093	1421	1451	1298	1049	926	1302	1483	1463	1298	1108	1481	508	974	2419	1960	1133	2231	1395	1108	1457	1146	1256	1423	1662	1194	1630	787	583	296	1332	1475	1421	1012	2146	1121	1133	541	368	1231	1218	1563	1270	2138	1337	1170	277	493	1610	1455	2228	941	531	1421	1050	1144	1268	1099	1423	3094	1236	1208	693	1199	602	1342
383	352	1318	328	1173	467	306	233	534	231	356	630	904	213	11	318	229	811	483	390	120	281	1510	532	1380	512	455	1432	0	478	324	666	293	914	376	559	302	1534	526	666	328	527	1931	623	515	767	1982	631	233	515	875	389	436	1278	1488	819	272	1817	809	370	1493	769	399	905	550	2092	212	289	592	2468	295	1594	359	282	2009	328	2239	2236	214	306	638	1286	1503	570	2455	690	758	1716	360	1040	289	1153	805	300	336	1278	373	641	1325	2386	1319	1222	1222	1621	1403	637	582	515	319	1160	195	283	285	837	1312	506	570	666	70	232	296	336	382	372	361	515	1510	277	214	730	638	326	1418	232	1608	2267	666	843	372	360	1207	1153	1336	1333	198	292	232	545	576	1690	367	2695	231	570	206	1141	689	1265	2483	454	2164	246	570	460	296	213	21	1564	837	1182	844	898	1296	197	359	300	526	793	311	301	1555	1422	1169	214	318	1315	2057	398	344	1157	1557	1855	462	2084	961	1223	630	404	530	331	369	363	1671	1283	854	1195	977	1330	401
152	180	879	372	879	588	623	363	56	401	264	760	722	276	470	628	362	385	598	571	360	527	1059	802	1239	185	282	958	478	0	640	249	541	556	557	236	501	1078	213	249	204	272	1707	813	226	579	1521	562	349	226	691	466	61	972	1014	1290	206	1338	615	846	1283	295	459	457	351	1855	382	478	727	2219	523	2037	171	517	1791	204	2062	1780	541	172	678	1035	1046	200	1986	708	284	1237	555	574	408	966	841	498	812	803	558	232	1060	1918	1796	770	770	1408	928	1089	206	226	628	685	381	512	313	646	855	329	200	249	417	248	730	361	578	200	170	226	1059	513	266	259	678	366	981	246	1153	2089	249	1028	200	179	733	966	1073	1016	514	522	353	279	177	1374	575	2238	401	361	532	682	370	1632	2177	283	2028	457	361	589	187	337	467	1397	646	1217	435	424	851	381	564	498	213	1206	169	176	1098	990	930	266	628	1062	1921	457	246	682	1094	1596	588	1972	627	772	648	106	360	356	160	520	2137	1024	668	775	761	890	463
493	462	1519	292	1060	233	18	541	694	548	396	340	747	387	319	11	278	854	245	154	388	115	1532	208	1155	572	455	1575	324	640	0	727	615	880	153	592	153	1714	569	727	437	533	1733	309	550	640	2151	463	290	550	724	252	580	1165	1567	873	480	1926	676	467	1302	880	267	960	507	1898	524	171	305	2276	125	1411	471	127	1805	437	2008	2250	117	501	397	1133	1535	628	2497	450	872	1824	138	1208	606	970	536	155	448	1421	148	703	1179	2427	1254	1261	1261	1427	1485	768	639	550	12	1303	264	132	579	697	1352	472	628	727	314	460	190	306	138	624	597	550	1532	130	446	841	397	296	1423	433	1635	2037	727	1150	624	600	1352	970	1189	1225	518	124	287	548	651	1564	125	2706	548	524	126	1195	672	1465	2329	453	1914	182	524	223	465	510	309	1346	697	1504	866	998	1491	264	127	155	569	571	514	493	1589	1630	1018	446	11	1163	1810	268	405	1298	1601	1682	227	1825	901	1260	404	535	478	308	483	176	1539	1137	708	1191	831	1344	265
283	314	869	435	638	593	714	602	228	640	339	732	534	453	656	715	482	146	597	612	561	613	843	840	1038	160	273	859	666	249	727	0	783	308	602	137	574	1025	158	0	338	202	1473	808	177	409	1445	468	470	177	506	493	252	727	843	1485	419	1198	435	1034	1058	177	481	241	261	1616	618	556	708	1976	602	2136	306	601	1558	338	1837	1569	657	386	617	803	837	100	1794	629	175	1096	607	534	653	758	750	572	1001	709	605	25	824	1725	1955	557	557	1179	759	1300	89	177	715	596	512	596	558	463	647	275	100	0	597	461	863	421	624	450	417	177	843	598	477	147	617	431	753	443	942	1863	0	1277	450	427	644	758	837	769	744	603	473	190	90	1126	627	2029	640	257	650	479	166	1873	1928	276	1815	556	257	598	377	570	650	1183	463	1448	188	275	832	512	619	572	158	1295	390	387	890	984	704	477	715	828	1709	479	339	589	894	1355	596	1767	383	558	582	269	287	420	297	566	2264	789	484	536	554	665	484
527	509	1231	578	1372	753	599	181	583	142	559	921	1140	391	300	611	479	924	768	679	288	573	1596	823	1638	659	655	1408	293	541	615	783	0	1074	665	716	588	1465	682	783	496	709	2167	917	680	995	1913	886	477	680	1109	659	531	1473	1524	830	374	1814	1037	456	1731	826	666	998	756	2324	168	572	883	2697	585	1759	511	572	2248	496	2493	2311	507	402	918	1505	1580	706	2501	968	814	1717	649	1008	137	1393	1089	586	427	1259	662	762	1539	2435	1394	1307	1307	1859	1440	600	716	680	611	1148	453	572	228	1067	1390	714	706	783	328	338	545	581	673	350	372	680	1596	567	328	793	918	574	1522	370	1688	2521	783	561	350	364	1191	1393	1552	1523	96	582	478	724	698	1884	658	2766	142	776	500	1217	860	1091	2686	654	2429	527	776	746	426	216	311	1816	1067	888	971	950	1218	455	649	586	682	1016	395	404	1630	1322	1391	328	611	1534	2321	665	538	1148	1622	2077	748	2355	1136	1310	905	521	744	575	515	647	1791	1499	1087	1316	1204	1431	669
550	574	1000	617	335	682	872	893	536	931	558	757	352	711	902	869	697	212	679	735	825	779	661	927	786	415	461	885	914	556	880	308	1074	0	731	361	735	1096	395	308	593	386	1172	850	401	308	1464	470	688	401	336	627	548	419	756	1713	701	1136	302	1265	770	393	613	252	379	1312	907	725	747	1669	764	2241	569	767	1257	593	1544	1370	844	672	622	509	671	369	1626	607	400	1038	743	680	951	507	691	734	1234	761	735	323	524	1556	2135	419	419	886	686	1550	359	401	868	673	731	762	856	312	506	420	369	308	843	740	1049	604	750	754	720	401	661	767	753	392	622	616	545	715	765	1569	308	1584	754	730	713	507	537	460	1025	765	690	368	381	818	760	1826	931	360	841	388	225	2158	1621	463	1536	741	360	690	651	858	894	908	312	1754	154	386	958	730	755	734	395	1411	679	670	724	1111	424	753	869	532	1431	612	569	664	745	1048	687	1498	82	417	588	553	406	606	563	703	2402	492	324	314	325	473	614
404	377	1428	185	907	94	149	551	607	569	295	257	597	349	368	143	224	720	110	15	395	96	1387	246	1026	455	329	1459	376	557	153	602	665	731	0	465	78	1611	447	602	356	402	1596	273	426	487	2042	312	234	426	573	110	495	1013	1434	1023	437	1798	523	604	1162	765	123	827	365	1761	541	98	218	2138	81	1536	386	93	1670	356	1884	2102	178	449	269	985	1392	507	2353	322	759	1696	18	1107	624	826	429	80	581	1307	5	579	1029	2283	1405	1120	1120	1288	1353	907	517	426	143	1191	231	93	574	545	1211	334	507	602	337	431	339	196	22	588	554	426	1387	98	422	727	269	191	1276	396	1490	1913	602	1220	588	560	1240	826	1040	1072	572	85	231	415	533	1413	28	2557	569	380	181	1058	529	1592	2183	326	1799	141	380	86	406	514	357	1215	545	1546	726	877	1397	230	26	81	447	695	464	440	1445	1541	869	422	143	1014	1693	124	311	1186	1459	1539	88	1715	749	1119	268	450	335	201	397	37	1677	988	557	1043	680	1199	121
189	213	992	301	660	458	579	535	246	573	212	603	486	351	548	580	357	265	462	475	465	478	960	703	1003	57	137	995	559	236	592	137	716	361	465	0	439	1157	34	137	233	66	1479	675	45	344	1580	356	346	45	455	356	204	759	976	1371	342	1334	379	920	1051	306	344	369	138	1629	547	422	577	1997	467	2000	208	466	1562	233	1828	1685	526	313	496	807	957	52	1918	514	302	1232	470	660	597	730	642	437	888	845	468	114	836	1848	1828	678	678	1177	893	1197	57	45	580	730	390	461	503	410	770	142	52	137	488	379	734	287	487	415	377	45	960	464	392	271	496	297	862	353	1061	1855	137	1240	415	387	779	730	849	807	664	468	349	59	86	1169	490	2145	573	141	521	606	144	1797	1971	139	1792	424	141	463	290	499	541	1161	410	1451	288	412	957	389	482	436	34	1159	322	311	1011	1107	699	392	580	835	1685	342	217	724	1018	1374	460	1736	420	679	462	197	159	286	202	429	2131	798	431	636	526	777	347
350	320	1378	140	937	165	141	473	553	491	247	335	638	275	293	141	152	701	181	93	317	43	1382	304	1087	419	302	1424	302	501	153	574	588	735	78	439	0	1567	416	574	297	380	1651	348	396	517	2003	353	163	396	612	113	440	1043	1414	992	366	1773	555	560	1214	729	127	807	358	1814	463	23	296	2191	28	1563	330	32	1726	297	1946	2102	121	380	336	1026	1385	475	2347	389	721	1671	65	1062	546	876	502	2	534	1270	75	550	1069	2277	1401	1109	1109	1342	1332	861	486	396	140	1153	155	28	497	580	1201	321	475	574	260	356	315	153	91	516	484	396	1382	33	347	690	336	144	1275	323	1485	1975	574	1145	516	489	1202	876	1080	1102	496	30	160	395	499	1449	81	2560	491	376	122	1042	523	1536	2227	299	1865	63	376	158	339	436	282	1274	580	1468	714	846	1348	154	70	3	416	722	395	371	1438	1490	909	347	141	1056	1759	127	259	1148	1450	1587	160	1784	762	1109	330	394	330	155	341	60	1692	1027	594	1043	719	1195	127
1220	1252	242	1429	1324	1615	1698	1344	1022	1372	1320	1757	1448	1351	1528	1702	1439	954	1620	1623	1415	1599	811	1855	1831	1157	1286	239	1534	1078	1714	1025	1465	1096	1611	1157	1567	0	1169	1025	1278	1224	2019	1833	1190	1376	449	1484	1426	1190	1430	1506	1134	1339	541	2294	1269	491	1384	1881	1736	850	1495	862	1287	2104	1369	1546	1733	2375	1592	3115	1242	1588	2100	1278	2414	1197	1619	1238	1639	1496	762	1109	1242	1644	855	444	1613	505	1339	1574	1755	1565	1847	335	1613	1045	1481	1194	2842	762	762	1816	534	2065	1101	1190	1702	434	1459	1583	1280	1401	732	1299	1109	1025	1483	1304	1806	1417	1633	1168	1173	1190	811	1584	1323	886	1639	1424	879	1315	809	2432	1025	1668	1168	1175	388	1574	1491	1331	1493	1592	1429	1215	1080	1540	1633	1569	1372	1281	1610	735	1158	2415	2181	1289	2470	1531	1281	1619	1263	1341	1528	1899	1401	1549	983	758	247	1459	1624	1564	1169	2283	1229	1245	767	200	1461	1323	1702	1506	2377	1493	1309	441	716	1848	1617	2467	1158	767	1603	1179	1313	1413	1231	1574	3205	1471	1416	928	1417	842	1499
155	179	998	276	693	446	556	502	230	540	183	598	510	318	515	557	327	293	452	457	431	454	990	688	1027	28	118	1012	526	213	569	158	682	395	447	34	416	1169	0	158	199	65	1509	667	21	366	1595	362	316	21	479	339	176	792	1001	1339	308	1356	403	888	1080	319	327	396	144	1660	514	398	570	2028	444	1978	174	442	1592	199	1857	1716	499	280	496	838	987	60	1947	517	313	1254	451	669	564	757	647	414	856	860	449	133	867	1877	1800	707	707	1206	918	1164	70	21	557	745	359	437	471	434	799	137	60	158	455	345	707	263	469	386	346	21	990	440	358	282	496	273	894	319	1091	1884	158	1209	386	357	793	757	880	841	630	444	319	67	89	1202	471	2175	540	151	493	633	177	1763	2005	120	1818	398	151	450	256	465	508	1188	434	1424	319	430	964	359	463	413	0	1138	289	278	1040	1113	729	358	557	866	1711	325	186	739	1047	1406	448	1760	454	708	463	165	160	262	168	410	2106	829	455	669	553	808	330
283	314	869	435	638	593	714	602	228	640	339	732	534	453	656	715	482	146	597	612	561	613	843	840	1038	160	273	859	666	249	727	0	783	308	602	137	574	1025	158	0	338	202	1473	808	177	409	1445	468	470	177	506	493	252	727	843	1485	419	1198	435	1034	1058	177	481	241	261	1616	618	556	708	1976	602	2136	306	601	1558	338	1837	1569	657	386	617	803	837	100	1794	629	175	1096	607	534	653	758	750	572	1001	709	605	25	824	1725	1955	557	557	1179	759	1300	89	177	715	596	512	596	558	463	647	275	100	0	597	461	863	421	624	450	417	177	843	598	477	147	617	431	753	443	942	1863	0	1277	450	427	644	758	837	769	744	603	473	190	90	1126	627	2029	640	257	650	479	166	1873	1928	276	1815	556	257	598	377	570	650	1183	463	1448	188	275	832	512	619	572	158	1295	390	387	890	984	704	477	715	828	1709	479	339	589	894	1355	596	1767	383	558	582	269	287	420	297	566	2264	789	484	536	554	665	484
60	26	1083	174	877	398	420	321	257	356	81	576	652	118	318	425	161	483	409	371	232	324	1182	600	1161	184	162	1147	328	204	437	338	496	593	356	233	297	1278	199	338	0	214	1674	620	191	505	1718	428	148	191	621	274	143	979	1172	1146	131	1514	546	695	1239	459	270	579	262	1830	328	274	541	2202	319	1840	35	313	1756	0	2008	1908	342	118	513	1010	1176	241	2131	551	450	1412	353	772	391	905	685	294	662	992	357	313	1043	2062	1624	895	895	1367	1088	965	253	191	425	874	184	308	305	577	986	222	241	338	258	158	540	166	377	261	222	191	1182	309	167	420	513	168	1089	126	1281	2036	338	1040	261	230	922	905	1056	1030	435	318	151	230	249	1391	372	2367	356	281	334	816	371	1566	2192	161	1956	254	281	397	77	282	311	1334	577	1294	516	585	1054	184	362	294	199	1005	134	112	1229	1194	896	167	425	1039	1848	268	57	870	1232	1581	396	1889	647	896	488	98	254	160	47	320	1949	1003	597	866	710	1002	274
185	200	1058	245	663	392	521	531	294	568	171	537	457	329	516	521	313	320	396	411	443	421	1008	638	974	90	79	1061	527	272	533	202	709	386	402	66	380	1224	65	202	214	0	1468	609	47	311	1647	297	304	47	426	292	229	765	1034	1331	337	1396	350	881	1036	373	279	427	79	1621	541	364	511	1992	409	1937	198	409	1550	214	1810	1732	474	313	432	800	1008	116	1970	453	369	1294	408	727	598	708	582	378	850	911	405	180	832	1900	1776	730	730	1163	952	1164	123	47	521	797	347	403	507	381	822	75	116	202	456	370	682	232	424	432	392	47	1008	407	380	338	432	243	906	339	1110	1837	202	1246	432	402	845	708	844	816	649	409	306	17	149	1177	428	2191	568	88	469	661	161	1779	1978	82	1767	371	88	396	282	493	508	1139	381	1475	336	477	1023	346	420	378	65	1097	325	310	1061	1173	688	380	521	828	1659	277	183	790	1071	1370	394	1707	435	730	399	208	96	232	195	367	2072	792	402	677	507	823	282
1654	1665	2029	1603	836	1504	1737	1996	1699	2031	1608	1418	1029	1776	1920	1727	1705	1382	1490	1589	1884	1687	1224	1634	589	1536	1513	1780	1931	1707	1733	1473	2167	1172	1596	1479	1651	2019	1509	1473	1674	1468	0	1495	1505	1172	2217	1301	1703	1505	1058	1546	1684	760	1491	2591	1803	1774	1130	2199	438	1560	1535	1386	1412	166	2002	1655	1444	542	1670	2689	1665	1680	85	1674	395	1448	1770	1782	1336	672	1272	1507	1759	1283	1568	1719	1615	1773	2065	778	1218	1652	2178	1731	1601	1483	649	1703	2832	1284	1284	309	1485	2502	1500	1505	1727	1698	1736	1677	1975	1100	1292	1453	1507	1473	1868	1833	1922	1597	1603	1895	1856	1505	1224	1683	1840	1563	1336	1606	1141	1799	1262	415	1473	2714	1895	1866	1718	778	636	737	2095	1673	1703	1454	1530	486	1619	1741	2031	1393	1772	1346	1338	3187	667	1513	477	1694	1393	1514	1748	1956	1909	401	1100	2922	1322	1518	1985	1735	1622	1651	1509	2036	1793	1778	1284	2118	780	1840	1727	645	411	1536	1629	1689	1337	179	1510	521	1092	1279	1330	1674	1423	1603	1663	1593	2941	684	1081	1134	964	1181	1533
661	638	1665	445	930	225	323	819	858	834	549	96	602	622	617	311	497	899	217	257	662	350	1508	140	906	682	552	1662	623	813	309	808	917	850	273	675	348	1833	667	808	620	609	1495	0	645	551	2251	379	507	645	591	347	752	1028	1596	1100	710	1971	573	748	1080	982	354	1004	547	1661	807	371	103	2035	341	1396	646	353	1561	620	1740	2197	409	719	230	957	1521	725	2468	262	978	1871	283	1336	890	772	277	351	735	1515	274	787	1007	2397	1373	1265	1265	1198	1520	1039	732	645	310	1403	503	355	845	581	1354	533	725	808	598	704	465	454	257	861	826	645	1508	359	695	947	230	451	1387	669	1611	1769	808	1459	861	832	1451	772	1015	1090	821	344	504	618	756	1396	268	2644	834	554	416	1218	693	1747	2121	550	1632	411	554	224	676	783	606	1097	581	1805	890	1080	1631	502	279	352	667	590	735	711	1573	1780	851	695	311	985	1530	356	569	1397	1595	1467	225	1537	842	1264	262	708	520	460	656	305	1578	967	584	1160	688	1321	350
