NAME : VRPTW_INSTANCE_161.txt
COMMENT : Bangkok Supermarket
TYPE : VRPTW
DIMENSION : 277
DAYS : Saturday
EDGE_WEIGHT_TYPE : EXPLICIT
VEHICLES : 36
EDGE_WEIGHT_FORMAT : FULL_MATRIX
CAPACITY : 1000
EDGE_WEIGHT_SECTION
0	395	464	364	1321	367	382	176	239	543	299	213	488	2175	3609	631	37	633	474	203	79	409	135	379	351	1419	1124	1426	757	2110	177	1185	497	1275	225	125	385	103	464	532	451	885	198	1606	23	1880	312	623	405	347	621	1124	815	582	2383	1479	101	1418	167	600	583	2223	179	2858	177	1922	541	390	524	474	382	677	258	371	193	94	2012	610	425	630	1627	1206	464	890	525	346	612	964	948	399	323	127	1493	256	215	810	546	656	2261	220	133	25	399	359	538	1889	502	641	525	1058	183	178	582	981	283	215	347	645	317	981	848	367	394	167	91	39	307	540	776	577	2067	111	603	1086	213	527	196	1809	199	815	1553	119	609	97	146	1959	1566	22	487	392	1150	314	1570	1356	737	494	202	609	91	1017	322	611	1350	202	122	217	198	76	962	135	401	283	497	639	641	118	985	201	199	530	124	1211	1112	113	191	1231	1565	588	215	91	639	173	2092	31	112	1427	540	83	2627	624	153	205	1488	22	60	216	636	165	2294	2221	39	497	203	394	207	1092	37	2624	2354	559	568	395	2255	119	525	367	438	625	1221	111	197	1127	212	383	14	216	205	154	153	620	153	1017	778	1203	1728	1863	93	916	1954	492	379	978	652	1083	737	201	1001	189	557	440	416	404	415	404	103	348	153	210	1144	1994	309	442	356	484	1880	395	862
395	0	288	752	1348	755	754	466	634	654	694	428	597	2089	3287	947	419	930	781	577	328	783	494	768	733	1290	738	1093	1146	2320	453	791	888	903	620	449	75	317	288	635	563	679	593	1669	404	1662	663	970	800	731	836	742	561	284	2137	1084	460	1602	468	229	706	2159	349	2554	464	1537	933	785	916	781	660	311	220	748	245	466	1695	667	771	858	1649	1169	857	559	155	120	920	923	648	794	571	412	1519	497	431	415	829	962	2150	615	288	406	794	60	821	1943	893	561	155	981	577	481	284	704	207	609	731	933	598	623	460	755	778	393	320	433	660	932	382	971	1913	486	691	738	589	917	259	2035	385	561	1406	403	516	454	531	2219	1337	417	651	658	1518	553	1548	1221	615	884	543	516	320	964	682	701	1039	222	448	612	593	350	927	494	796	207	888	961	1034	300	951	596	593	812	453	1576	925	451	523	895	1415	815	609	320	961	447	1739	410	487	1342	827	478	2318	712	483	582	1857	404	455	593	241	522	1995	2190	433	888	499	789	205	697	432	2409	2477	790	923	0	1879	455	155	742	781	926	1212	452	572	791	199	754	407	611	582	251	483	989	483	698	1094	813	1740	2227	478	780	2298	887	764	934	732	760	615	269	1367	276	952	319	298	775	82	34	317	731	356	584	893	1685	450	591	743	599	1662	0	468
464	288	0	739	1062	743	844	419	674	421	725	605	374	1809	3147	815	465	783	932	566	439	738	489	756	708	1017	886	973	1194	2541	403	843	872	1078	649	572	213	447	0	401	350	431	640	1385	485	1431	605	871	812	712	639	902	350	163	1926	1147	561	1832	427	469	473	1875	527	2393	415	1520	919	803	900	932	826	543	210	713	275	484	1550	406	690	1057	1361	881	895	448	242	188	785	634	488	810	748	396	1231	671	608	543	681	820	1876	645	332	487	810	240	675	1657	875	272	242	695	628	436	163	516	188	656	712	1099	759	559	621	743	754	350	440	500	606	918	528	999	1652	501	442	651	578	895	268	2246	320	350	1140	392	227	463	608	2411	1112	485	872	831	1605	734	1259	949	331	868	663	227	440	676	631	451	889	406	570	642	640	467	638	489	811	188	872	835	1018	436	662	629	645	665	574	1668	671	566	648	782	1150	629	656	440	835	399	1645	492	501	1059	683	527	2163	460	606	572	1941	484	516	581	412	628	1830	1902	500	871	441	809	281	772	493	2179	2734	608	838	288	1832	572	242	827	697	783	924	565	561	1015	381	844	478	641	572	397	606	918	606	939	1240	939	1451	2318	506	503	2417	913	743	645	475	629	331	263	1458	275	960	55	60	726	210	256	447	710	333	570	682	1530	303	394	727	379	1431	288	602
364	752	739	0	1299	4	283	320	158	582	116	487	553	2217	3856	369	335	400	480	178	442	84	261	16	39	1529	1488	1708	472	2067	336	1533	136	1639	151	382	728	463	739	583	533	1101	193	1530	363	2048	155	307	92	29	511	1488	1070	888	2564	1832	346	1433	312	964	593	2242	505	3090	323	2251	183	96	164	480	479	1042	571	58	519	285	2267	677	174	697	1589	1252	194	1188	866	681	365	1041	1221	97	493	353	1460	476	487	1167	364	404	2323	156	466	361	96	709	358	1810	141	810	866	1153	209	303	888	1236	596	183	29	625	449	1294	1210	4	35	393	453	330	151	182	1135	271	2173	265	642	1390	165	164	512	1757	420	1070	1672	361	795	299	272	1860	1754	345	664	501	905	499	1577	1476	915	133	345	795	453	1097	128	646	1615	566	381	158	193	430	1035	261	94	596	136	365	284	479	1054	174	200	357	377	971	1293	369	360	1520	1686	471	183	453	365	340	2382	360	265	1499	353	282	2867	656	368	173	1228	362	309	162	994	324	2529	2211	330	136	299	103	550	1444	329	2775	2398	450	246	752	2570	369	866	264	185	388	1241	366	183	1488	577	284	355	160	173	519	368	271	368	1375	680	1565	1696	1607	275	1077	1734	192	21	1055	683	1366	915	508	770	497	223	696	679	92	758	756	463	33	419	172	1371	2242	459	491	12	546	2048	752	1221
1321	1348	1062	1299	0	1303	1564	1154	1373	778	1382	1532	833	938	2980	1011	1294	956	1739	1241	1356	1228	1231	1309	1261	534	1815	1324	1709	3366	1148	1640	1355	2021	1343	1444	1272	1377	1062	789	870	837	1369	334	1344	1077	1163	1128	1389	1275	790	1845	972	1143	1559	1893	1410	2712	1165	1521	742	947	1476	2211	1152	2001	1381	1395	1367	1739	1683	1587	1188	1241	1225	1262	1594	716	1130	1933	306	250	1489	1165	1287	1236	994	441	1068	1396	1641	1195	172	1577	1534	1515	945	978	1064	1343	1250	1346	1395	1295	949	595	1350	790	1287	441	1370	1159	1143	999	1183	1377	1275	1904	1624	1279	1607	1303	1281	1156	1364	1333	1169	1382	1518	1528	1004	1262	718	1268	1245	1349	1206	3056	1127	972	644	1201	835	1244	1400	3156	942	1328	1809	1698	2135	1634	289	544	763	1350	1495	835	1364	419	1183	710	1190	1398	1441	1341	1369	1376	434	1231	1392	1183	1355	1032	1432	1378	411	1341	1380	948	1442	2199	723	1430	1493	1258	660	828	1377	1364	1032	1151	1860	1350	1261	389	957	1321	2037	697	1465	1245	2411	1343	1334	1245	1441	1454	1718	912	1333	1353	1138	1402	1260	1624	1324	1661	3666	848	1159	1348	2165	1436	1287	1543	1121	968	166	1427	1241	2025	1380	1564	1329	1342	1245	1363	1465	1229	1465	1971	1979	1831	406	2769	1284	663	2945	1474	1284	434	669	1161	763	1193	2024	1198	1460	1029	1052	1215	1272	1317	1378	1270	1180	1238	919	1540	1015	881	1290	837	1077	1348	1566
367	755	743	4	1303	0	281	324	159	586	115	489	558	2220	3860	370	338	402	478	182	445	86	265	12	43	1534	1491	1712	468	2063	340	1537	133	1642	153	383	732	465	743	588	537	1105	194	1533	365	2052	159	307	88	33	514	1491	1074	892	2568	1835	348	1431	316	967	597	2246	507	3095	327	2255	179	92	161	478	479	1045	575	61	522	289	2272	681	176	695	1593	1256	190	1192	870	685	366	1045	1225	93	493	357	1464	477	489	1170	367	406	2326	158	470	364	93	712	361	1813	137	814	870	1157	210	307	892	1240	600	184	33	623	449	1298	1214	0	35	397	455	333	156	178	1138	266	2177	269	646	1394	169	161	515	1754	424	1074	1677	365	799	303	273	1856	1758	347	663	500	901	499	1581	1480	919	129	346	799	455	1101	132	650	1619	569	382	159	194	433	1039	265	90	600	133	366	280	482	1058	175	201	360	378	966	1297	371	360	1524	1691	475	184	455	366	344	2386	362	268	1503	356	285	2872	660	370	177	1224	365	312	166	997	325	2533	2214	333	132	303	99	553	1448	331	2779	2396	454	246	755	2574	371	870	262	188	390	1244	368	187	1490	580	282	357	162	177	522	370	270	370	1378	677	1568	1699	1602	278	1081	1729	188	22	1059	687	1370	919	511	766	500	218	700	683	94	762	760	465	37	422	176	1375	2246	463	495	16	550	2052	755	1224
382	754	844	283	1564	281	0	463	196	812	182	361	770	2466	3991	650	378	684	198	333	430	367	377	281	314	1747	1444	1809	402	1804	476	1541	319	1568	226	304	759	437	844	808	741	1254	215	1807	364	2237	400	574	218	300	783	1436	1194	965	2747	1826	296	1154	451	925	834	2499	421	3237	466	2291	338	202	333	198	232	992	641	339	575	367	2394	899	455	417	1859	1494	174	1272	897	725	647	1268	1330	208	285	458	1728	312	359	1157	645	686	2565	228	516	362	208	730	638	2089	327	988	897	1374	222	450	965	1360	665	202	300	344	234	1360	1180	281	313	509	436	345	394	336	1119	272	2396	354	875	1468	326	350	578	1496	544	1194	1887	459	963	389	236	1619	1930	361	425	254	768	299	1835	1688	1090	320	213	963	436	1324	382	880	1732	534	306	231	215	405	1264	377	213	665	319	644	405	454	1285	237	207	636	301	829	1471	303	234	1614	1900	744	202	436	644	477	2474	357	355	1733	633	317	3007	892	271	328	1107	365	328	325	985	231	2673	2476	345	321	462	198	587	1443	351	2976	2118	720	514	754	2631	298	897	20	467	671	1492	302	335	1385	554	0	368	230	328	503	271	511	271	1266	425	1530	1965	1481	343	1264	1573	216	304	1283	920	1465	1090	581	619	569	296	815	792	376	789	770	437	305	515	334	1519	2375	627	711	289	764	2237	754	1204
176	466	419	320	1154	324	463	0	272	376	315	389	325	2025	3550	488	143	480	603	148	236	328	86	337	290	1287	1203	1390	779	2247	16	1224	455	1369	244	291	427	262	419	367	291	799	248	1432	196	1774	200	504	394	293	446	1208	755	568	2285	1525	256	1568	11	692	412	2067	352	2789	3	1932	502	386	483	603	531	774	261	298	221	108	1957	452	304	782	1458	1052	481	867	559	375	464	816	903	393	487	60	1325	426	391	870	385	508	2117	241	185	197	392	414	377	1716	458	524	559	917	242	17	568	922	284	261	293	774	471	974	924	324	337	76	247	180	198	501	841	581	1937	113	438	1069	160	479	208	1943	99	755	1426	71	501	89	253	2078	1469	178	658	545	1200	481	1409	1227	627	451	343	501	247	871	222	445	1300	336	288	237	248	246	813	86	393	284	455	500	602	271	835	228	256	369	289	1264	1009	277	339	1201	1438	414	261	247	500	20	2063	201	112	1282	381	169	2563	458	310	154	1531	195	179	163	701	302	2226	2059	180	454	34	392	261	1139	171	2513	2514	385	457	466	2249	282	559	444	315	474	1061	274	144	1244	335	464	181	238	154	286	310	527	310	1141	885	1274	1561	1910	132	800	2021	496	325	830	487	1047	627	200	1057	191	541	377	359	318	455	462	262	292	110	152	1067	1934	164	273	309	319	1774	466	927
239	634	674	158	1373	159	196	272	0	616	60	330	574	2271	3817	510	220	533	367	137	309	233	188	167	167	1551	1359	1647	523	1998	286	1425	271	1502	30	228	623	326	674	612	545	1070	41	1625	230	2046	217	462	169	156	602	1357	1020	808	2558	1718	195	1339	261	834	639	2305	354	3059	275	2159	312	152	297	367	339	908	482	195	421	189	2222	703	297	574	1671	1298	226	1114	763	581	501	1072	1162	162	339	278	1540	318	330	1049	476	543	2369	32	363	228	162	598	468	1908	278	796	763	1178	58	258	808	1187	507	27	156	530	299	1212	1085	159	193	327	319	200	210	311	1014	338	2200	173	679	1314	130	304	419	1691	361	1020	1691	281	774	210	117	1815	1741	217	514	359	932	344	1642	1493	900	269	188	774	319	1127	204	684	1563	431	227	35	41	292	1068	188	165	507	271	510	409	344	1088	45	45	464	223	995	1281	216	201	1454	1705	563	26	319	510	288	2317	225	173	1537	465	157	2831	696	211	132	1266	230	179	129	875	166	2495	2285	200	272	267	156	443	1331	202	2783	2299	537	401	634	2488	216	763	176	311	521	1298	214	138	1342	446	197	227	34	132	388	211	429	211	1228	621	1440	1776	1644	169	1072	1750	252	178	1086	725	1302	900	419	787	407	318	639	618	235	653	644	326	160	340	138	1338	2201	435	514	155	567	2046	634	1100
543	654	421	582	778	586	812	376	616	0	638	755	59	1655	3314	468	515	421	972	479	582	534	456	596	543	947	1306	1237	1047	2613	370	1242	680	1499	585	665	583	605	421	19	97	585	604	1066	566	1472	428	560	675	554	233	1324	611	573	1990	1543	631	1942	387	870	52	1693	703	2541	374	1858	720	675	702	972	907	949	450	531	469	484	1747	96	446	1158	1083	682	776	790	659	534	438	459	773	678	862	416	950	799	757	964	333	459	1753	584	482	567	678	594	330	1349	679	290	659	570	603	382	573	758	454	614	554	1141	847	917	1043	586	577	379	591	555	433	720	949	847	1591	487	63	980	485	688	449	2307	353	611	1090	423	302	466	626	2429	1189	550	1030	922	1483	856	1034	893	383	676	719	302	591	515	454	69	1124	640	662	581	604	600	454	456	676	454	680	492	802	607	474	578	615	322	663	1549	734	651	715	1073	1104	236	614	591	492	372	1905	572	485	922	341	545	2325	81	686	484	1798	565	555	486	829	678	1985	1682	555	679	362	682	510	1181	546	2193	2891	226	552	654	2135	657	659	791	444	425	686	648	478	1429	626	812	551	582	484	600	686	639	686	1345	1236	1357	1185	2174	507	515	2312	774	573	473	110	920	383	436	1352	438	788	368	377	520	596	631	605	549	406	477	847	1714	242	103	571	60	1471	654	1024
299	694	725	116	1382	115	182	315	60	638	0	384	600	2288	3865	483	278	511	371	169	370	199	236	121	138	1580	1420	1699	469	1984	330	1484	214	1563	77	285	682	387	725	635	574	1114	102	1625	291	2083	218	423	108	124	601	1417	1068	863	2596	1779	254	1336	304	895	657	2319	413	3104	318	2217	253	91	239	371	363	969	538	165	478	243	2271	728	278	586	1677	1318	169	1168	822	639	477	1096	1213	101	378	329	1546	366	384	1109	465	517	2389	81	420	289	101	658	457	1907	221	835	822	1205	119	299	863	1236	563	87	124	526	333	1268	1146	115	151	376	380	261	212	251	1075	279	2227	225	700	1369	159	247	475	1676	408	1068	1721	333	814	263	176	1791	1781	277	548	385	884	384	1655	1523	939	212	235	814	380	1152	199	705	1613	492	285	84	102	353	1092	236	104	563	214	480	348	405	1112	100	105	455	280	948	1320	275	251	1507	1735	561	87	380	480	332	2370	286	225	1560	454	217	2878	716	266	163	1217	291	239	157	935	219	2541	2294	261	214	305	95	502	1392	262	2817	2299	538	362	694	2545	274	822	161	290	499	1313	272	172	1401	507	183	287	85	163	449	266	381	266	1287	600	1500	1782	1595	225	1108	1706	193	138	1111	744	1355	939	474	741	462	257	688	668	204	712	703	387	129	392	168	1383	2248	474	539	117	593	2083	694	1161
213	428	605	487	1532	489	361	389	330	755	384	0	698	2372	3712	812	246	823	353	375	180	555	333	498	490	1603	1084	1518	763	1936	390	1195	598	1207	336	111	455	163	605	742	661	1037	294	1819	192	2037	491	783	489	481	831	1075	946	684	2529	1473	152	1231	380	570	795	2424	80	2973	390	1954	635	470	622	353	232	633	399	516	339	293	2117	817	597	452	1838	1407	507	981	582	439	797	1162	1059	480	145	340	1704	69	3	808	744	841	2453	332	294	191	480	422	736	2102	605	823	582	1250	279	390	684	1104	418	304	481	507	170	1051	824	489	522	375	174	213	485	633	769	619	2247	302	814	1165	381	631	353	1641	404	946	1733	332	787	304	216	1809	1717	212	280	232	1101	129	1776	1537	912	596	156	787	174	1213	493	822	1457	211	113	331	294	156	1161	333	484	418	598	817	725	170	1185	317	287	729	115	1157	1275	126	136	1320	1744	796	304	174	817	387	2167	188	304	1621	736	245	2739	835	118	375	1439	193	222	383	640	164	2412	2427	213	599	414	471	324	1094	221	2784	2154	768	723	428	2302	123	582	356	611	813	1427	129	371	1029	237	361	208	329	375	207	118	759	118	911	665	1171	1938	1805	279	1091	1870	545	507	1176	863	1181	912	363	950	354	623	596	570	555	483	452	163	484	352	381	1282	2104	516	655	483	695	2037	428	852
488	597	374	553	833	558	770	325	574	59	600	698	0	1701	3323	480	461	436	925	437	524	512	407	568	514	980	1260	1227	1023	2568	317	1205	659	1451	544	611	528	547	374	44	37	581	560	1124	511	1494	398	562	645	525	267	1276	593	531	2012	1507	578	1893	336	815	109	1742	645	2552	323	1836	701	644	682	925	856	895	391	505	410	434	1749	129	429	1107	1139	728	745	763	608	477	449	497	754	648	809	361	1005	744	701	917	341	475	1796	542	424	513	647	537	338	1407	659	281	608	605	558	332	531	746	395	571	525	1095	795	889	994	558	551	323	533	501	402	701	901	822	1627	437	115	957	444	670	390	2262	295	593	1121	368	284	414	577	2389	1205	495	975	870	1458	802	1084	924	381	655	668	284	533	553	425	123	1118	581	608	539	560	544	493	407	646	395	659	502	787	549	514	534	570	329	609	1524	746	597	664	1057	1135	262	571	533	502	319	1898	517	436	963	348	494	2334	136	633	442	1777	510	503	446	778	627	1994	1734	501	658	314	651	451	1141	492	2221	2839	246	548	597	2121	603	608	750	429	439	736	595	435	1376	567	771	496	540	442	541	633	635	633	1291	1196	1313	1240	2154	457	528	2287	746	546	512	164	903	381	376	1324	378	765	320	326	498	541	575	548	520	348	436	847	1718	183	62	542	8	1494	597	977
2175	2089	1809	2217	938	2220	2466	2025	2271	1655	2288	2372	1701	0	2344	1948	2154	1892	2627	2134	2192	2151	2108	2228	2178	804	2310	1524	2643	4269	2016	2057	2284	2502	2240	2301	2018	2209	1809	1661	1734	1427	2260	867	2199	788	2072	2065	2308	2191	1716	2350	1566	1824	982	2213	2272	3592	2037	2198	1632	140	2305	1651	2023	2073	2313	2313	2298	2627	2554	2243	1987	2160	2039	2133	1409	1573	2053	2804	717	973	2410	1694	1979	1998	1930	1211	1571	2314	2499	2054	810	2428	2375	2100	1874	1916	157	2239	2078	2201	2313	2048	1878	751	2280	1554	1979	1122	2259	2033	1824	1491	1974	2270	2191	2797	2491	1758	2191	2220	2202	2009	2198	2195	2077	2314	2120	2458	395	2138	1592	1686	2140	2280	2022	3962	1975	1566	715	2059	1594	2113	2278	4077	972	2187	2652	2567	3072	2489	649	874	1478	2279	2367	1594	2198	1159	2094	1586	1427	2202	2298	2237	2260	2216	1213	2108	2311	1974	2284	1969	2368	2205	1190	2234	2270	1876	2300	3137	1192	2289	2361	1584	712	1753	2270	2198	1969	2017	1738	2206	2137	752	1886	2193	1562	1574	2327	2139	3349	2198	2200	2141	2095	2326	1342	314	2195	2282	2016	2320	2064	2089	2186	906	4527	1770	2094	2089	2072	2295	1979	2446	2046	1905	976	2286	2134	2588	2180	2467	2186	2238	2139	2179	2327	2166	2327	2572	2889	2289	625	3706	2157	1308	3884	2399	2203	1197	1546	1577	1478	2011	2958	2019	2391	1797	1823	2138	2006	2054	2210	2185	2024	2133	1312	1346	1868	1758	2207	1707	787	2089	2136
3609	3287	3147	3856	2980	3860	3991	3550	3817	3314	3865	3712	3323	2344	0	3767	3612	3712	4062	3698	3573	3829	3629	3872	3819	2479	2900	2194	4327	5553	3534	2645	3976	2963	3791	3708	3257	3574	3147	3305	3335	2755	3785	3099	3629	1909	3704	3870	3940	3827	3502	2938	2797	3033	1427	2502	3703	4834	3560	3218	3327	2462	3632	777	3546	1958	4020	3934	4001	4062	3944	3198	3351	3816	3417	3629	1597	3219	3752	4142	2927	2826	4031	2731	3132	3278	3738	2920	2662	3940	3857	3539	2951	3782	3715	2984	3641	3748	2193	3787	3476	3631	3939	3290	3640	3074	3977	3049	3132	2804	3774	3566	3033	2630	3327	3801	3827	4219	3881	2666	3022	3860	3861	3490	3571	3646	3707	4020	3025	4126	2042	3645	3267	2550	3709	3990	3412	5290	3456	2797	2346	3536	3061	3608	3755	5495	2135	3631	3929	3944	4749	3840	2759	2501	2945	3972	3802	3061	3571	2871	3732	3268	2259	3501	3706	3784	3785	3601	2930	3629	3939	3327	3976	3791	4110	3560	2923	3772	3791	3632	3710	4813	2580	3704	3785	2392	2330	3525	3801	3571	3791	3532	1582	3636	3644	2597	3650	3674	989	3262	3743	3704	5081	3628	3663	3712	3115	3770	1329	2642	3646	3975	3563	3940	3411	2747	3640	1441	5569	3526	3866	3287	1597	3710	3132	3974	3753	3720	2895	3704	3694	3189	3476	3991	3623	3784	3704	3513	3743	3953	3743	3264	4375	2814	2875	5460	3651	2799	5564	4043	3854	2908	3243	2532	2945	3409	4604	3421	4077	3178	3200	3816	3228	3261	3575	3823	3478	3701	2485	1616	3397	3383	3844	3331	1909	3287	2969
631	947	815	369	1011	370	650	488	510	468	483	812	480	1948	3767	0	594	57	848	438	707	284	496	369	345	1340	1674	1705	700	2392	499	1659	365	1849	491	701	897	733	815	482	485	1054	532	1200	642	1895	322	117	436	359	265	1683	1073	979	2414	1963	660	1787	489	1175	444	1958	806	2991	490	2314	381	449	371	848	846	1258	729	318	703	537	2211	555	215	1066	1280	1021	521	1237	1015	843	30	858	1234	445	849	547	1158	819	813	1333	138	37	2068	494	674	642	445	891	142	1474	359	757	1015	976	544	476	979	1225	747	529	359	987	810	1361	1396	370	337	556	719	612	328	382	1309	531	1958	521	504	1435	431	351	688	2082	561	1073	1485	558	764	536	603	2159	1633	620	1025	867	1123	852	1299	1298	852	362	693	764	719	911	319	502	1593	821	699	494	532	708	849	496	441	747	365	24	420	745	861	504	543	152	696	1188	1189	686	703	1537	1500	241	529	719	24	504	2374	643	520	1276	133	570	2780	507	699	437	1407	641	597	429	1172	663	2440	1907	612	363	453	455	746	1585	606	2589	2753	244	152	947	2601	689	1015	632	201	47	988	683	442	1732	821	651	628	496	437	770	699	217	699	1630	1017	1738	1387	1774	543	973	1938	495	347	871	524	1383	852	677	1014	671	462	761	757	278	921	938	733	353	594	431	1314	2177	518	435	365	472	1895	947	1392
37	419	465	335	1294	338	378	143	220	515	278	246	461	2154	3612	594	0	596	485	168	114	376	97	350	319	1403	1152	1433	742	2126	146	1206	469	1305	202	149	403	139	465	505	425	880	181	1575	53	1871	275	587	381	316	586	1153	815	591	2376	1502	118	1438	133	629	553	2200	216	2858	144	1938	515	367	497	485	400	707	265	338	202	57	2015	585	388	650	1599	1183	446	898	543	361	574	943	952	376	347	100	1465	283	248	834	509	619	2242	197	143	54	376	380	500	1859	474	628	543	1039	167	143	591	982	290	198	316	657	336	993	875	338	363	146	126	41	270	513	801	558	2052	75	576	1097	179	499	202	1823	181	815	1539	95	598	60	143	1969	1559	34	515	412	1142	340	1545	1341	726	466	215	598	126	996	287	584	1354	236	146	194	181	113	941	97	378	290	469	602	615	153	964	178	184	493	148	1204	1104	136	206	1239	1551	552	198	126	602	143	2101	58	76	1407	503	63	2629	596	172	171	1479	52	51	182	660	175	2295	2196	41	469	168	372	223	1114	32	2615	2378	524	532	419	2269	142	543	362	401	588	1196	133	163	1161	243	379	38	193	171	186	172	587	172	1052	783	1230	1701	1855	60	904	1951	472	348	957	625	1089	726	203	994	191	534	437	414	371	433	426	139	317	140	175	1142	1996	285	413	326	457	1871	419	887
633	930	783	400	956	402	684	480	533	421	511	823	436	1892	3712	57	596	0	881	447	706	316	498	403	373	1283	1650	1658	754	2440	489	1627	412	1829	511	711	877	732	783	435	445	1006	551	1151	645	1839	332	174	474	387	209	1661	1029	946	2358	1930	670	1828	483	1159	393	1903	810	2936	481	2273	431	486	419	881	871	1242	710	346	689	539	2159	505	235	1097	1228	963	563	1198	990	823	39	801	1191	483	868	540	1105	834	824	1308	103	38	2011	514	664	646	482	872	110	1426	406	711	990	919	562	469	946	1179	727	550	387	1024	831	1323	1374	402	371	543	719	617	338	432	1285	581	1900	525	453	1394	442	400	673	2130	545	1029	1427	551	719	536	618	2210	1577	624	1046	891	1179	870	1243	1241	803	408	711	719	719	854	334	451	1545	816	709	513	551	709	792	498	478	727	412	81	475	744	804	522	562	119	707	1244	1136	696	719	1492	1443	189	550	719	81	494	2325	647	524	1219	102	578	2726	455	713	448	1464	645	603	441	1150	678	2386	1854	617	410	445	492	733	1555	610	2532	2794	194	204	930	2556	699	990	665	221	13	931	693	451	1719	815	684	631	516	448	765	713	273	713	1619	1061	1713	1334	1831	548	920	1995	539	380	814	470	1339	803	662	1069	656	512	728	726	308	900	919	733	381	582	441	1264	2124	492	396	395	429	1838	930	1367
474	781	932	480	1739	478	198	603	367	972	371	353	925	2627	4062	848	485	881	0	497	493	564	518	479	508	1887	1409	1869	493	1644	613	1542	514	1510	396	359	805	489	932	966	893	1359	369	1993	451	2355	583	773	416	494	968	1395	1281	1029	2856	1811	373	973	591	912	1000	2666	432	3318	605	2303	528	401	525	0	126	967	722	535	656	496	2465	1054	649	218	2038	1653	358	1331	935	783	845	1419	1403	406	217	581	1906	285	350	1155	836	884	2720	396	600	449	407	772	829	2275	522	1113	935	1520	369	593	1029	1443	744	362	494	172	183	1404	1162	478	511	630	493	445	576	526	1115	431	2537	489	1035	1517	493	543	665	1340	665	1281	2024	579	1083	517	350	1484	2040	457	274	135	761	235	2004	1826	1211	515	271	1083	493	1474	568	1041	1804	562	362	398	369	465	1416	518	411	744	514	842	580	502	1438	397	358	826	358	814	1587	366	284	1671	2036	929	362	493	842	612	2521	444	490	1885	825	437	3085	1054	325	493	1096	452	435	493	990	310	2756	2650	445	515	611	396	655	1439	453	3099	1931	904	713	781	2654	360	935	216	662	868	1658	367	497	1309	587	198	461	396	493	548	325	707	325	1187	313	1499	2143	1456	471	1389	1517	399	501	1434	1082	1529	1211	671	613	660	473	913	887	572	834	805	488	500	625	500	1614	2451	764	869	485	919	2354	781	1194
203	577	566	178	1241	182	333	148	137	479	169	375	437	2134	3698	438	168	447	497	0	282	208	83	195	155	1415	1315	1538	630	2135	164	1355	315	1472	106	264	551	306	566	474	408	946	128	1500	209	1914	115	420	246	154	481	1317	904	712	2426	1654	223	1471	139	794	503	2170	369	2936	152	2073	361	237	343	497	451	873	393	171	341	113	2105	566	225	696	1540	1161	333	1013	688	503	421	934	1052	244	430	175	1408	388	376	991	373	466	2232	105	290	208	244	532	365	1783	319	665	688	1041	131	132	712	1071	418	136	154	664	400	1118	1037	182	201	216	294	177	109	360	959	433	2063	93	542	1215	12	342	333	1828	246	904	1555	182	644	123	175	1952	1611	188	608	469	1052	430	1507	1357	769	311	272	644	294	990	121	547	1449	404	261	102	128	277	930	83	245	418	315	443	462	321	951	100	139	359	259	1117	1150	248	277	1349	1568	443	136	294	443	167	2211	208	93	1399	364	133	2711	559	266	5	1383	208	160	15	818	236	2373	2152	177	314	135	243	373	1267	172	2649	2427	416	364	577	2394	251	688	313	238	438	1162	245	5	1330	412	334	197	103	5	355	266	418	266	1220	758	1391	1645	1761	110	939	1876	347	187	949	588	1195	769	329	910	318	395	526	507	202	580	580	306	154	241	6	1214	2082	304	377	167	430	1913	577	1045
79	328	439	442	1356	445	430	236	309	582	370	180	524	2192	3573	707	114	706	493	282	0	488	211	456	430	1424	1050	1385	818	2110	232	1119	573	1197	299	134	328	26	439	568	487	869	268	1648	79	1868	390	701	477	425	682	1048	788	540	2366	1410	134	1409	230	525	625	2244	121	2826	236	1862	617	462	600	493	386	601	229	450	165	172	1976	640	503	625	1662	1228	530	846	467	296	686	982	912	471	313	178	1528	238	182	740	617	731	2273	294	115	81	471	299	608	1931	579	644	467	1070	251	242	540	950	251	283	425	659	320	930	775	445	472	203	12	111	385	615	705	644	2070	189	639	1039	292	604	176	1812	229	788	1555	168	609	171	203	1971	1550	97	460	393	1198	301	1597	1359	735	570	228	609	12	1033	401	648	1314	124	132	291	268	27	981	211	474	251	573	716	716	38	1005	274	267	601	136	1259	1103	131	211	1188	1567	650	284	12	716	228	2045	83	190	1441	611	159	2594	660	169	285	1537	79	133	295	566	200	2263	2248	111	573	267	465	162	1024	113	2615	2335	621	647	328	2200	136	467	417	515	699	1248	130	276	1048	136	431	87	289	285	78	169	700	169	938	803	1130	1762	1910	172	915	1994	560	457	996	688	1042	735	185	1049	176	628	424	398	484	359	341	26	427	175	289	1121	1960	341	485	434	521	1868	328	791
409	783	738	84	1228	86	367	328	233	534	199	555	512	2151	3829	284	376	316	564	208	488	0	289	86	65	1477	1521	1697	513	2142	343	1552	147	1680	219	446	752	511	738	537	496	1076	262	1452	412	2005	132	229	163	77	437	1524	1056	893	2523	1853	408	1515	322	1002	538	2173	565	3061	331	2257	190	172	171	564	563	1081	588	39	542	321	2246	630	97	781	1515	1190	261	1186	886	702	280	987	1211	170	572	372	1387	550	555	1194	286	320	2259	223	495	411	170	735	280	1731	147	780	886	1102	276	311	893	1221	612	255	77	708	530	1297	1243	86	55	404	500	379	132	190	1163	314	2117	301	591	1388	196	161	532	1832	425	1056	1621	381	769	330	339	1928	1717	392	745	584	950	577	1508	1426	884	143	420	769	500	1043	106	593	1599	612	445	224	262	481	981	289	166	612	147	281	284	527	998	238	271	280	441	1015	1257	432	433	1513	1636	399	255	500	281	348	2372	410	301	1440	274	332	2840	603	437	204	1265	411	360	193	1023	395	2501	2138	379	146	300	178	577	1466	376	2726	2480	380	168	783	2569	434	886	348	106	304	1175	429	213	1537	620	368	401	226	204	562	437	211	437	1427	756	1596	1621	1642	316	1039	1779	248	63	1001	629	1358	884	526	820	516	254	691	677	13	780	783	511	72	435	201	1346	2219	444	450	81	503	2005	783	1250
135	494	489	261	1231	265	377	86	188	456	236	333	407	2108	3629	496	97	498	518	83	211	289	0	278	239	1373	1232	1463	704	2162	99	1271	398	1391	161	227	467	236	489	448	374	882	162	1502	147	1860	179	492	324	238	499	1235	832	631	2370	1570	188	1486	74	713	488	2149	312	2870	89	1991	445	314	426	518	452	792	310	254	257	41	2035	535	292	702	1534	1135	405	935	605	419	476	901	977	322	415	94	1401	360	335	907	413	521	2201	158	206	147	321	448	405	1786	403	610	605	1003	155	75	631	1000	335	176	238	689	394	1037	954	265	285	140	223	121	174	444	876	510	2023	32	518	1136	96	426	250	1857	172	832	1512	100	586	41	170	1992	1554	126	590	467	1119	411	1490	1313	713	395	265	586	223	956	193	525	1377	329	224	154	162	211	898	0	323	335	398	505	546	250	920	143	170	398	223	1183	1094	211	263	1272	1525	463	176	223	505	100	2135	150	31	1367	406	93	2643	538	240	88	1453	146	111	99	735	223	2307	2138	121	398	93	320	290	1183	113	2599	2435	435	439	494	2314	216	605	358	304	490	1142	208	78	1253	334	378	133	154	88	278	240	498	240	1145	799	1307	1637	1831	55	887	1939	423	271	915	566	1119	713	246	975	235	476	452	432	282	496	496	237	238	159	89	1149	2013	250	352	251	401	1860	494	962
379	768	756	16	1309	12	281	337	167	596	121	498	568	2228	3872	369	350	403	479	195	456	86	278	0	53	1543	1503	1725	457	2058	353	1550	120	1654	164	393	745	477	756	597	548	1117	204	1537	377	2062	170	302	80	45	519	1503	1086	905	2579	1848	358	1428	329	979	606	2252	518	3106	340	2268	166	87	148	479	483	1057	588	67	535	301	2284	691	180	696	1598	1264	182	1204	883	698	366	1054	1238	87	499	370	1469	485	498	1183	371	405	2334	168	483	376	86	725	365	1817	124	826	883	1167	220	320	905	1253	613	193	45	621	454	1311	1226	12	32	410	467	345	166	165	1151	255	2186	281	656	1407	182	148	528	1749	437	1086	1686	378	811	315	283	1850	1769	359	669	504	890	506	1587	1489	931	116	354	811	467	1110	143	659	1632	581	392	170	204	444	1048	278	83	613	120	364	267	494	1066	186	211	364	388	956	1308	381	369	1537	1700	480	193	467	364	357	2399	374	281	1511	359	297	2883	669	379	189	1213	377	324	179	1010	334	2545	2220	345	119	315	94	566	1460	343	2789	2393	460	241	768	2587	381	883	262	191	390	1251	378	200	1502	592	281	369	172	189	534	379	261	379	1389	672	1581	1704	1591	291	1092	1719	178	24	1068	696	1383	931	524	756	513	206	713	696	96	775	772	477	48	435	189	1387	2258	475	505	28	560	2062	768	1237
351	733	708	39	1261	43	314	290	167	543	138	490	514	2178	3819	345	319	373	508	155	430	65	239	53	0	1490	1470	1674	510	2104	306	1509	164	1625	154	382	706	452	708	544	494	1064	196	1495	352	2008	116	294	132	14	474	1471	1035	859	2525	1809	344	1467	283	948	553	2204	502	3053	293	2222	211	135	192	508	500	1027	546	27	496	266	2232	637	141	724	1552	1212	234	1156	842	657	338	1001	1188	136	507	328	1423	485	490	1146	330	379	2283	158	445	351	136	688	324	1776	167	772	842	1113	211	273	859	1201	570	189	14	658	466	1264	1192	43	46	364	441	319	113	210	1115	309	2133	247	603	1359	143	188	487	1795	390	1035	1633	336	758	278	274	1899	1715	333	681	521	944	512	1539	1436	877	160	355	758	441	1057	89	606	1580	554	380	158	196	420	995	239	134	570	164	343	311	468	1014	173	205	322	377	1010	1254	368	367	1488	1647	434	189	441	343	310	2349	350	246	1459	319	272	2830	617	372	151	1266	352	299	139	974	330	2492	2173	319	163	266	142	529	1421	317	2735	2432	413	234	733	2540	369	842	295	153	361	1201	365	161	1478	563	315	342	161	151	505	372	272	372	1367	717	1546	1659	1645	259	1038	1773	231	35	1015	644	1333	877	482	810	472	258	664	648	68	735	735	452	8	392	149	1334	2206	423	452	28	506	2008	733	1201
1419	1290	1017	1529	534	1534	1747	1287	1551	947	1580	1603	980	804	2479	1340	1403	1283	1887	1415	1424	1477	1373	1543	1490	0	1537	864	1990	3529	1276	1306	1622	1736	1521	1543	1221	1439	1017	946	1006	622	1533	780	1443	571	1375	1453	1622	1501	1078	1575	762	1021	1082	1509	1519	2834	1299	1394	939	890	1530	1703	1285	1520	1659	1622	1642	1887	1802	1439	1207	1477	1264	1392	1060	853	1385	2048	641	347	1723	900	1176	1205	1315	490	779	1625	1737	1306	582	1663	1605	1303	1232	1315	859	1519	1309	1445	1625	1253	1234	937	1620	779	1176	376	1529	1298	1021	698	1192	1545	1501	2059	1736	977	1394	1534	1523	1257	1429	1444	1380	1660	1321	1792	649	1400	887	923	1423	1627	1249	3227	1222	762	144	1309	815	1370	1538	3365	410	1434	1880	1811	2427	1725	448	70	692	1617	1619	815	1429	434	1401	884	738	1419	1540	1516	1533	1450	497	1373	1623	1192	1622	1364	1733	1432	482	1510	1543	1229	1543	2493	390	1532	1609	855	160	1109	1546	1429	1364	1276	1335	1450	1399	159	1244	1450	1517	874	1572	1420	2734	1442	1452	1425	1291	1578	1191	959	1444	1621	1285	1629	1285	1322	1436	1251	3750	1117	1465	1290	1649	1539	1176	1727	1381	1293	419	1530	1413	1801	1396	1748	1431	1517	1420	1402	1572	1547	1572	1776	2172	1528	670	3107	1416	514	3255	1721	1520	476	848	810	692	1239	2298	1248	1731	1012	1039	1464	1208	1256	1439	1496	1266	1415	537	1006	1124	1041	1518	987	571	1290	1341
1124	738	886	1488	1815	1491	1444	1203	1359	1306	1420	1084	1260	2310	2900	1674	1152	1650	1409	1315	1050	1521	1232	1503	1470	1537	0	877	1846	2675	1189	286	1622	206	1349	1148	778	1032	886	1287	1235	980	1317	2149	1129	1666	1401	1706	1528	1468	1524	43	842	735	2023	426	1170	1969	1206	525	1357	2415	1024	2249	1201	972	1666	1512	1649	1409	1284	452	947	1486	982	1203	1418	1280	1508	1394	2077	1580	1573	654	660	831	1646	1379	765	1521	1195	1151	1964	1141	1086	343	1547	1685	2322	1344	1026	1131	1521	789	1540	2391	1627	1089	660	1377	1301	1219	735	844	927	1333	1468	1519	1239	559	279	1491	1515	1128	1040	1161	1399	1665	364	1689	2024	1223	1322	624	1327	1652	995	2433	1117	842	1598	1141	1051	1192	1247	2664	1371	1145	1182	1273	2171	1177	1924	1470	1073	1619	1232	1051	1040	1396	1421	1331	921	927	1147	1341	1317	1066	1388	1232	1524	927	1622	1690	1766	1015	1409	1324	1315	1531	1153	2222	1156	1154	1211	745	1599	1511	1333	1040	1690	1184	1323	1134	1224	1652	1548	1208	2012	1338	1177	1319	2504	1130	1183	1330	502	1223	1742	2496	1161	1622	1236	1515	944	222	1161	2345	2670	1489	1661	738	1345	1157	660	1437	1518	1648	1652	1156	1309	311	913	1444	1135	1339	1319	971	1177	1728	1177	365	1695	94	2146	2856	1212	1151	2887	1607	1500	1384	1349	733	1073	1003	2022	1012	1677	940	936	1514	752	740	1033	1468	1092	1322	1002	1436	1158	1276	1479	1265	1666	738	284
1426	1093	973	1708	1324	1712	1809	1390	1647	1237	1699	1518	1227	1524	2194	1705	1433	1658	1869	1538	1385	1697	1463	1725	1674	864	877	0	2167	3385	1374	593	1838	1037	1623	1519	1064	1384	973	1223	1227	655	1611	1624	1445	806	1566	1789	1784	1680	1462	921	641	844	1149	689	1517	2663	1399	1041	1268	1646	1438	1467	1387	679	1884	1776	1865	1869	1750	1035	1169	1677	1233	1457	605	1156	1635	1949	1499	1076	1868	538	937	1088	1674	998	486	1783	1663	1369	1422	1588	1521	825	1568	1697	1506	1618	1293	1447	1782	1096	1564	1801	1840	947	937	922	1599	1407	844	480	1144	1628	1680	2025	1687	476	885	1712	1720	1323	1381	1464	1567	1883	863	1971	1191	1474	1209	358	1550	1857	1231	3111	1292	641	861	1365	943	1436	1573	3306	552	1448	1738	1750	2576	1645	1310	817	856	1833	1613	943	1381	977	1593	1214	134	1307	1516	1615	1611	1412	1010	1463	1783	1144	1838	1728	1981	1369	1018	1602	1616	1556	1521	2638	616	1516	1596	198	856	1472	1628	1381	1728	1371	674	1452	1474	1017	1575	1496	1229	1212	1554	1544	2912	1444	1482	1553	932	1584	917	1761	1464	1837	1409	1782	1223	663	1459	1468	3467	1464	1770	1093	902	1521	937	1794	1638	1663	1165	1516	1534	1187	1282	1810	1441	1615	1544	1322	1554	1855	1554	1215	2182	826	1534	3289	1478	779	3379	1886	1710	993	1204	344	856	1229	2428	1241	1931	1012	1031	1685	1035	1066	1384	1677	1306	1542	428	603	1253	1278	1696	1235	806	1093	826
757	1146	1194	472	1709	468	402	779	523	1047	469	763	1023	2643	4327	700	742	754	493	630	818	513	704	457	510	1990	1846	2167	0	1716	795	1937	367	1969	545	702	1142	829	1194	1050	1004	1572	561	1896	744	2517	627	586	386	501	930	1838	1534	1332	3035	2225	686	1179	769	1326	1050	2657	822	3562	782	2679	332	393	348	493	596	1394	1006	517	944	712	2736	1142	604	656	1981	1695	299	1637	1283	1103	715	1499	1681	386	672	797	1859	711	761	1555	771	735	2758	550	886	742	387	1116	767	2165	369	1282	1283	1614	575	762	1332	1702	1031	544	501	508	622	1735	1581	468	471	844	825	718	623	331	1518	201	2627	694	1104	1838	618	365	943	1408	875	1534	2134	802	1267	732	615	1464	2226	735	768	614	437	688	1996	1939	1387	372	614	1267	825	1555	599	1106	2080	930	703	553	561	796	1492	704	387	1031	367	681	280	847	1509	567	559	771	698	502	1765	698	635	1976	2148	894	544	825	681	797	2839	738	694	1948	759	679	3339	1116	671	624	756	744	698	615	1382	627	3000	2607	718	369	763	386	964	1841	721	3239	2129	880	550	1146	3012	694	1283	409	609	741	1674	696	634	1782	949	402	744	553	624	895	671	486	671	1662	424	1932	2087	1134	692	1548	1265	283	477	1513	1141	1823	1387	943	315	931	259	1156	1136	526	1173	1159	829	505	862	627	1842	2712	929	960	484	1015	2517	1146	1603
2110	2320	2541	2067	3366	2063	1804	2247	1998	2613	1984	1936	2568	4269	5553	2392	2126	2440	1644	2135	2110	2142	2162	2058	2104	3529	2675	3385	1716	0	2257	2912	2028	2664	2029	1986	2370	2098	2541	2608	2537	2973	2009	3591	2086	3972	2203	2286	1979	2090	2578	2642	2874	2601	4457	3097	2009	721	2235	2344	2638	4304	2013	4851	2250	3648	2011	1971	2021	1644	1727	2357	2335	2125	2274	2140	3989	2697	2238	1485	3656	3296	1881	2872	2471	2367	2401	3064	2969	1972	1796	2224	3528	1872	1933	2571	2428	2429	4364	2030	2224	2084	1972	2336	2422	3867	2033	2751	2471	3164	2010	2238	2601	3024	2354	1999	2090	1473	1793	2910	2531	2063	2087	2272	2107	2084	2197	2009	2530	1861	4177	2134	2677	3028	2129	2041	2286	310	2307	2874	3663	2221	2717	2161	1994	359	3650	2095	1672	1718	1388	1809	3640	3466	2845	2032	1910	2717	2107	3119	2182	2682	3350	2137	1989	2032	2009	2083	3061	2162	1975	2354	2028	2377	1990	2107	3083	2035	1999	2422	1986	1343	3211	1997	1919	3191	3675	2539	1999	2107	2377	2257	3972	2078	2135	3530	2416	2081	4613	2694	1956	2130	1331	2087	2077	2128	2453	1951	4301	4278	2084	2030	2254	1964	2260	2808	2093	4720	604	2517	2239	2320	4021	1990	2471	1825	2248	2427	3296	1998	2135	2423	2162	1803	2098	2031	2130	2143	1956	2190	1956	2325	1386	2768	3763	1282	2116	3024	1060	1901	2083	3078	2723	3071	2845	2295	1430	2285	1930	2533	2506	2153	2393	2352	2097	2096	2263	2136	3210	3987	2408	2511	2076	2562	3972	2320	2584
177	453	403	336	1148	340	476	16	286	370	330	390	317	2016	3534	499	146	489	613	164	232	343	99	353	306	1276	1189	1374	795	2257	0	1208	471	1357	258	295	413	258	403	360	282	784	261	1429	198	1761	215	517	410	309	449	1195	739	552	2271	1510	261	1576	25	679	407	2059	351	2774	12	1916	518	402	499	613	539	761	246	314	207	117	1941	444	318	790	1453	1043	497	851	544	361	474	806	887	409	492	54	1320	430	393	856	393	517	2107	255	175	199	408	400	385	1713	474	511	544	907	254	33	552	907	268	275	309	784	478	958	910	340	353	61	244	185	213	517	827	597	1925	124	432	1053	176	495	194	1953	83	739	1414	65	487	97	262	2090	1455	181	662	553	1215	485	1402	1215	614	467	351	487	244	861	237	439	1285	329	292	252	261	244	804	99	409	268	471	511	618	266	826	242	269	376	293	1279	995	281	346	1185	1427	417	275	244	511	5	2047	204	123	1272	389	177	2547	451	316	170	1547	197	185	179	687	309	2211	2052	185	470	46	408	249	1124	175	2500	2521	389	471	453	2233	287	544	457	328	483	1053	278	160	1233	326	477	183	252	170	279	316	541	316	1131	897	1260	1555	1925	141	787	2036	512	341	821	480	1031	614	186	1071	177	558	361	343	333	440	448	259	308	97	168	1052	1918	152	267	325	312	1761	453	912
1185	791	843	1533	1640	1537	1541	1224	1425	1242	1484	1195	1205	2057	2645	1659	1206	1627	1542	1355	1119	1552	1271	1550	1509	1306	286	593	1937	2912	1208	0	1670	450	1409	1237	804	1108	843	1223	1187	808	1384	1970	1196	1389	1423	1710	1588	1510	1473	329	689	680	1737	303	1250	2196	1229	630	1289	2167	1124	1976	1221	765	1716	1574	1698	1542	1416	584	964	1521	1014	1249	1136	1196	1520	1563	1882	1395	1649	485	666	851	1629	1221	571	1583	1324	1181	1777	1260	1198	387	1524	1664	2060	1404	1067	1197	1582	826	1518	2196	1674	985	666	1198	1368	1241	680	641	940	1400	1510	1672	1362	362	391	1537	1556	1148	1111	1224	1422	1715	426	1762	1756	1269	1244	384	1367	1697	1021	2657	1128	689	1352	1173	955	1234	1323	2877	1102	1207	1346	1408	2297	1306	1717	1243	943	1666	1328	955	1111	1227	1446	1252	646	1008	1235	1401	1384	1141	1231	1271	1585	940	1670	1678	1817	1090	1249	1385	1384	1509	1241	2353	943	1240	1308	475	1352	1467	1400	1111	1678	1204	1063	1201	1269	1433	1527	1267	1737	1256	1270	1360	2635	1195	1245	1371	556	1311	1460	2259	1224	1669	1253	1578	984	105	1222	2059	2935	1448	1672	791	1128	1244	666	1531	1529	1627	1474	1241	1349	598	988	1542	1198	1400	1360	1042	1270	1748	1270	640	1844	236	1942	2998	1263	982	3049	1677	1542	1224	1262	497	943	1026	2146	1037	1740	898	902	1542	774	781	1108	1509	1117	1361	769	1152	1142	1234	1523	1211	1389	791	349
