NAME : VRPTW_INSTANCE_5.txt
COMMENT : Bangkok Supermarket
TYPE : VRPTW
DIMENSION : 268
DAYS : Thursday
EDGE_WEIGHT_TYPE : EXPLICIT
VEHICLES : 35
EDGE_WEIGHT_FORMAT : FULL_MATRIX
CAPACITY : 1000
EDGE_WEIGHT_SECTION
0	768	990	154	461	388	538	968	970	223	218	1727	245	2092	573	488	617	1080	1026	351	172	1735	14	309	83	620	173	1351	358	2240	212	622	581	1221	258	141	160	1727	224	495	815	1059	492	214	396	135	133	534	1212	393	1060	153	949	651	395	582	290	2246	1126	322	474	1126	101	344	350	206	412	893	2739	1727	2077	1007	620	1002	328	1146	929	132	1026	1797	224	481	1126	677	839	189	123	280	1321	309	1606	527	1172	287	996	1410	312	631	1577	332	300	328	1464	91	934	283	660	307	213	178	124	150	737	101	202	154	1978	140	284	170	617	2685	104	1121	153	148	547	201	830	2195	1190	587	1132	274	382	411	815	1426	417	359	1109	1250	404	786	228	650	373	190	1740	1411	347	254	119	202	985	377	193	1506	404	30	583	826	349	413	1010	91	284	397	539	911	1389	317	474	400	216	890	214	891	390	206	486	206	451	962	708	422	539	1231	145	1055	581	206	581	281	2789	352	438	202	1727	211	541	258	576	538	345	1116	891	1023	872	404	408	394	1322	182	876	1731	287	246	379	79	223	403	365	255	1321	369	939	702	737	284	330	1761	123	978	24	639	1111	1343	221	568	409	205	1024	464	102	835	985	935	350	2204	568	350	639	92	1437	397	891	196	86	502	458	984	497	459	204	190	527	1407
768	0	1752	829	1198	644	1092	1731	1640	617	975	2484	650	2780	305	1218	1009	1841	1593	758	898	2493	756	1039	726	918	904	2082	414	2938	861	851	1289	1947	1011	852	613	2484	678	1216	1567	1783	385	779	883	903	891	1100	1980	637	1450	617	1696	755	438	1297	480	2950	1848	841	295	1848	713	753	768	663	492	1662	3396	2484	2753	616	1110	311	747	1877	1642	712	349	2563	678	934	1848	1054	984	952	789	743	2023	856	2266	1090	1882	643	1762	2151	861	1141	2273	1077	1033	1056	794	831	1703	1032	1006	860	780	887	891	652	1506	667	835	690	1682	818	1030	617	1009	3445	788	1880	617	779	953	654	1404	2797	428	1315	365	1002	459	829	1383	2148	1130	1045	1863	592	1073	1421	957	931	743	578	2462	644	756	649	651	566	1391	729	946	2055	1087	746	1289	1402	428	1090	1758	780	1030	1077	1094	1271	2117	461	295	438	779	1604	779	1659	1067	973	733	973	1177	1710	1245	931	1262	1941	625	1818	1293	973	1296	777	3552	748	922	835	2484	783	1095	641	1297	1210	756	1618	1608	349	1504	1073	1079	828	975	909	1500	1520	643	607	755	772	681	651	731	1022	2023	477	515	785	1506	1030	1060	2440	789	1728	747	1096	1404	2088	982	1279	817	685	356	1220	778	1558	336	1704	758	2921	944	756	1357	780	812	1077	1608	923	779	738	1002	1558	733	664	632	578	252	1766
990	1752	0	982	682	1195	835	29	820	1188	777	895	1122	1497	1511	552	1041	90	1093	1077	854	896	1001	799	1025	1147	847	748	1348	1336	981	1214	520	354	788	901	1139	895	1092	563	456	283	1420	994	977	861	884	817	343	1203	1407	1143	141	1327	1335	503	1271	1331	674	976	1456	674	1066	1077	1067	1151	1312	175	2167	895	1519	1824	910	1949	1074	636	656	1042	1966	881	1092	989	674	1058	1346	824	1008	1141	517	952	851	824	747	1144	61	730	948	877	731	748	798	702	2367	921	170	775	1096	947	992	867	873	1127	284	1089	1003	1065	2535	986	782	1134	1041	1790	964	136	1143	978	1031	1106	1021	1812	2161	467	2111	753	1316	1046	1027	838	771	855	142	2231	866	602	796	1167	1104	1179	815	2386	1076	1126	1110	1188	1347	1119	842	1398	840	1008	523	1014	1339	848	132	1004	782	848	833	1372	789	1307	1456	1338	994	648	994	240	858	783	1193	783	593	131	1063	942	520	774	1135	67	513	783	504	1022	1874	1086	966	1003	895	989	834	1134	494	815	1075	1260	318	1963	599	866	859	1036	2036	844	620	2249	1144	1207	1096	979	1089	1199	1109	735	517	1299	1891	1357	284	782	786	934	1008	114	1009	954	1556	664	770	523	1057	1080	1961	614	1011	612	1919	173	1077	1269	1062	1078	453	1005	2315	848	318	885	1003	1203	1042	1064	1202	1337	1168	1179	1516	1659
154	829	982	0	369	539	665	957	845	216	276	1655	394	1979	680	541	764	1072	879	506	280	1665	164	210	236	773	275	1256	417	2274	58	777	644	1248	194	269	273	1655	376	555	738	1091	608	367	544	157	117	658	1165	543	906	234	963	804	512	640	379	2277	1025	471	548	1025	125	499	504	173	543	862	2617	1655	1959	1138	754	1090	482	1051	822	285	1118	1743	376	627	1025	823	993	165	43	173	1363	455	1664	651	1065	436	979	1323	457	761	1618	252	205	400	1565	216	901	211	810	453	365	295	150	179	710	208	51	305	2127	15	207	297	764	2617	253	1117	234	300	696	348	682	2059	1257	633	1193	356	503	563	665	1326	304	228	1111	1252	267	874	318	803	528	274	1764	1472	502	403	205	295	830	532	141	1360	273	181	646	678	401	280	1022	69	207	264	665	759	1293	368	548	517	369	783	367	848	256	237	640	237	511	975	555	565	593	1124	227	1045	642	237	639	435	2725	506	583	51	1655	363	667	406	630	406	500	963	933	1116	957	267	272	546	1464	286	964	1883	436	231	533	231	375	554	519	271	1363	492	910	855	710	207	230	1809	43	988	173	777	961	1259	270	630	562	358	1118	397	63	733	1080	901	505	2228	717	505	691	68	1547	264	933	98	73	657	303	837	651	374	198	274	577	1253
461	1198	682	369	0	821	738	654	528	584	356	1286	690	1632	1033	448	909	768	657	744	441	1296	475	159	535	962	431	891	786	2015	343	993	545	999	204	471	618	1286	663	475	370	861	954	604	720	337	328	723	810	828	836	593	705	1058	857	529	740	2011	665	667	915	665	488	739	738	539	871	534	2284	1286	1619	1463	843	1455	726	686	468	577	1481	1379	663	786	665	959	1196	278	409	491	1140	642	1465	722	711	729	664	955	641	833	1383	128	165	418	1924	448	567	178	966	637	602	464	346	547	398	553	368	602	2390	380	177	631	909	2247	506	817	593	548	856	652	490	1760	1626	498	1563	418	844	769	484	964	89	178	822	1599	184	800	422	992	772	634	1495	1842	740	698	560	652	764	782	268	1115	157	491	550	484	770	166	756	422	177	166	738	749	929	737	915	862	605	429	603	504	176	316	889	316	447	713	448	717	487	770	585	738	538	316	530	666	2357	748	743	368	1286	598	739	704	512	174	739	790	738	1479	868	184	177	752	1763	437	882	2128	729	597	772	502	661	833	768	286	1140	831	1236	1105	398	177	138	1584	409	720	486	880	952	890	341	532	773	645	1480	81	422	374	1442	566	743	1952	885	744	556	421	1898	166	738	277	423	905	361	615	901	672	567	634	947	1154
388	644	1195	539	821	0	450	1180	1346	473	482	2021	145	2448	348	643	379	1280	1414	122	390	2028	376	684	305	315	399	1687	393	2304	596	279	689	1337	620	352	296	2021	163	633	1140	1174	260	222	244	486	506	460	1477	8	1432	352	1114	269	220	702	305	2318	1474	221	399	1474	434	120	132	496	152	1146	3104	2021	2438	652	467	767	121	1485	1286	256	780	2059	163	290	1474	432	486	545	500	610	1396	243	1625	450	1526	102	1219	1733	248	497	1642	695	674	503	1172	373	1188	646	392	248	224	368	479	422	997	344	582	234	1590	524	650	261	379	2965	315	1311	352	273	315	191	1219	2575	1000	731	964	462	201	185	1203	1767	794	745	1286	1223	791	784	431	338	101	335	1841	1223	122	135	362	315	1358	85	563	1894	789	358	688	1214	405	800	1174	470	650	783	452	1273	1727	399	399	218	221	1248	223	1163	777	510	125	510	602	1129	1094	290	677	1584	355	1262	695	510	701	175	3058	112	279	582	2021	228	453	133	707	921	122	1503	998	775	864	791	795	185	942	397	859	1344	102	490	112	324	165	16	91	552	1396	187	1017	321	997	650	704	1802	500	1149	366	456	1465	1663	496	682	173	182	773	802	479	1190	730	1190	122	2294	313	120	760	471	1124	783	998	581	465	139	838	1372	133	720	466	335	495	1780
538	1092	835	665	738	450	0	827	1240	745	418	1717	465	2239	798	342	208	910	1396	334	384	1720	538	675	496	311	390	1459	777	1854	713	381	320	909	603	400	587	1717	444	316	934	752	710	361	208	519	561	18	1158	457	1530	630	726	499	657	341	680	1870	1282	262	827	1282	637	339	324	739	600	839	2911	1717	2243	1006	104	1207	347	1277	1132	469	1215	1717	444	171	1282	239	520	550	650	818	953	257	1174	16	1347	457	874	1482	252	98	1195	652	665	321	1571	453	878	620	267	255	361	369	522	670	718	585	715	474	1731	655	629	558	208	2626	438	930	630	407	197	483	1222	2450	1446	384	1413	336	636	265	1213	1547	762	766	897	1662	812	335	357	331	349	643	1401	1668	336	462	614	635	1454	364	584	1848	796	528	317	1217	781	810	782	621	629	794	2	1403	1502	760	827	656	360	1098	361	878	795	468	394	468	318	741	1145	161	343	1399	627	898	329	468	339	330	2708	343	171	715	1717	361	2	468	355	897	336	1523	582	1210	414	812	811	265	1201	379	409	1452	457	768	337	466	442	445	360	472	953	619	1416	524	718	629	686	1352	650	763	536	145	1610	1410	432	321	278	447	1207	678	634	1037	1163	882	334	1849	227	336	383	623	1506	794	582	635	617	398	940	1354	400	995	728	643	917	1867
968	1731	29	957	654	1180	827	0	794	1164	756	897	1104	1489	1493	536	1034	115	1066	1062	835	899	979	772	1004	1139	828	735	1326	1365	956	1205	510	382	763	881	1118	897	1074	549	428	305	1402	976	965	838	860	809	341	1188	1378	1121	153	1317	1316	492	1250	1359	653	961	1435	653	1043	1062	1052	1127	1295	146	2160	897	1509	1812	904	1931	1059	616	630	1022	1949	890	1074	978	653	1052	1340	800	984	1115	544	937	878	816	726	1127	50	721	933	872	759	722	772	685	2353	900	144	750	1090	932	975	848	850	1104	256	1068	978	1045	2533	961	756	1113	1034	1800	944	163	1121	959	1022	1088	992	1798	2142	455	2091	735	1297	1033	998	825	743	827	171	2208	838	604	777	1159	1090	1157	843	2366	1061	1108	1087	1167	1318	1105	817	1375	812	987	513	986	1317	820	154	980	756	820	825	1343	776	1285	1435	1319	977	621	976	213	830	761	1180	761	577	146	1034	930	506	755	1113	88	502	761	493	1006	1885	1071	954	978	897	971	826	1116	482	786	1060	1232	325	1945	605	838	832	1023	2028	824	626	2247	1127	1183	1082	958	1071	1184	1094	713	544	1281	1866	1347	256	756	759	963	984	131	987	949	1527	653	749	512	1044	1062	1944	587	987	584	1902	148	1062	1297	1053	1064	444	981	2301	820	325	860	979	1190	1014	1036	1190	1310	1144	1157	1495	1631
970	1640	820	845	528	1346	1240	794	0	1033	884	968	1210	1140	1525	913	1426	869	286	1272	969	983	984	662	1050	1487	959	503	1248	2077	798	1521	984	1173	725	998	1116	968	1185	941	378	1091	1453	1131	1246	859	842	1224	708	1352	651	1080	923	1587	1356	964	1223	2060	284	1195	1381	284	971	1267	1266	986	1382	650	1772	968	1116	1977	1344	1923	1254	339	164	1095	1953	1133	1185	1308	284	1472	1721	800	888	897	1337	1169	1670	1224	276	1250	768	600	1169	1329	1536	650	672	932	2405	972	650	699	1484	1165	1129	993	866	1020	632	1050	821	1120	2919	859	695	1136	1426	1897	1030	918	1080	1073	1377	1169	315	1231	2064	921	1993	941	1346	1297	334	542	553	616	948	1933	579	1216	949	1516	1300	1119	1567	2267	1269	1219	1050	1140	613	1310	783	619	571	1001	989	311	1228	565	946	910	695	580	1239	689	526	1198	1381	1362	1132	174	1131	581	589	845	1418	845	926	923	456	1240	934	329	1072	840	975	845	965	1194	2022	1277	1266	821	968	1125	1241	1224	945	438	1267	452	1043	1952	1263	579	573	1280	2288	965	1281	2656	1250	1038	1300	1022	1183	1358	1296	813	1337	1335	1541	1633	632	695	642	1737	888	916	995	1386	822	562	869	974	1302	1166	1954	568	907	225	1919	647	1271	1979	1407	1272	965	910	2391	580	1043	774	913	1434	644	268	1429	1010	1021	1119	1391	848
223	617	1188	216	584	473	745	1164	1033	0	436	1870	342	2173	505	709	788	1279	1026	492	396	1880	218	426	249	765	397	1465	215	2459	244	747	804	1437	408	361	181	1870	342	717	954	1277	451	390	575	330	304	743	1381	475	979	125	1159	740	363	804	212	2464	1231	501	348	1231	126	484	495	46	418	1076	2801	1870	2149	987	816	890	468	1260	1026	281	920	1959	342	658	1231	848	959	364	182	154	1542	496	1829	735	1267	378	1188	1534	500	832	1797	468	421	551	1372	314	1114	427	822	496	389	400	319	75	921	161	218	283	2019	208	423	217	788	2832	309	1322	125	338	717	300	829	2225	1045	807	980	498	362	568	810	1531	513	428	1313	1043	458	1009	452	793	504	138	1956	1258	488	350	132	159	907	502	348	1504	471	222	806	826	195	474	1219	184	423	461	746	811	1500	165	348	369	391	987	390	1063	451	413	595	413	673	1172	681	610	760	1326	125	1252	804	413	804	443	2941	488	620	218	1870	389	748	349	798	597	486	1084	1111	918	1095	458	464	554	1333	406	1098	1792	378	23	514	282	342	490	492	458	1542	357	718	790	921	423	446	1983	182	1186	216	828	996	1472	436	791	562	328	921	614	177	941	886	1115	491	2420	731	491	860	183	1362	461	1111	314	185	610	420	986	604	256	20	138	364	1324
218	975	777	276	356	482	418	756	884	436	0	1550	369	1967	750	273	563	867	999	391	92	1557	228	259	248	607	82	1204	572	2023	312	636	371	1003	187	134	362	1550	339	283	658	841	661	259	364	118	159	407	1018	489	1112	369	731	704	570	370	494	2028	993	310	679	993	309	388	385	409	562	692	2627	1550	1959	1134	518	1187	376	1003	810	271	1208	1604	339	434	993	617	841	133	279	448	1106	285	1396	403	1047	401	787	1252	284	517	1361	246	249	124	1632	144	734	206	618	280	257	113	126	366	537	315	321	296	2034	271	214	358	563	2502	191	906	369	217	505	343	817	2115	1389	370	1336	84	552	412	806	1285	357	348	892	1468	395	597	66	637	420	403	1522	1612	389	376	337	411	1035	432	167	1467	381	233	374	811	564	395	792	261	214	379	418	985	1245	533	679	573	260	772	259	698	378	49	536	49	239	744	729	365	324	1104	362	843	370	49	369	315	2601	397	389	321	1550	253	420	383	362	494	387	1116	675	1205	681	395	395	395	1417	84	688	1771	401	458	419	203	337	492	418	71	1106	536	1154	749	537	214	273	1548	279	760	235	549	1192	1183	16	358	417	323	1205	323	271	712	1163	735	391	1986	533	392	425	262	1594	379	675	221	258	552	524	957	548	646	416	403	740	1451
1727	2484	895	1655	1286	2021	1717	897	968	1870	1550	0	1919	720	2296	1399	1925	841	1205	1913	1641	18	1740	1444	1787	2026	1631	468	2070	1461	1628	2088	1396	1039	1474	1684	1887	0	1889	1417	916	1102	2209	1802	1832	1592	1597	1699	559	2029	1584	1871	1028	2193	2115	1376	2016	1426	690	1814	2196	690	1771	1911	1903	1825	2112	883	1339	0	774	2671	1799	2729	1904	642	885	1818	2752	229	1889	1858	690	1947	2234	1538	1694	1767	1166	1788	1396	1705	694	1950	847	368	1784	1768	1205	1406	1450	1519	3182	1685	842	1452	1983	1782	1801	1659	1603	1831	1025	1826	1653	1844	3430	1665	1454	1893	1925	961	1739	844	1871	1767	1908	1892	1284	1178	2911	1334	2848	1559	2099	1898	1303	459	1360	1449	889	2862	1431	1496	1592	2048	1942	1912	1081	3127	1911	1926	1837	1927	1562	1956	1540	1173	1412	1753	1400	1280	2055	1412	989	1704	1454	1422	1715	1652	455	2022	2196	2120	1803	917	1802	858	1433	1535	2044	1535	1435	1014	1419	1803	1381	648	1863	842	1387	1535	1378	1846	1073	1921	1828	1653	0	1797	1716	1933	1363	1308	1910	1338	1205	2749	1485	1431	1424	1886	2913	1632	1505	3144	1950	1883	1936	1745	1887	2028	1944	1487	1166	2084	2479	2227	1025	1454	1424	1349	1694	992	1750	1844	1758	413	1538	1396	1908	1874	2750	1264	1705	948	2709	839	1912	1321	1940	1914	1334	1704	3143	1422	1205	1560	1705	2056	1557	1207	2054	1923	1853	1912	2233	1666
245	650	1122	394	690	145	465	1104	1210	342	369	1919	0	2322	388	576	458	1210	1270	155	279	1927	232	547	162	424	288	1568	314	2290	451	405	640	1298	487	235	160	1919	31	571	1024	1134	297	130	263	352	368	469	1384	149	1289	217	1055	413	215	649	216	2301	1350	202	368	1350	290	148	161	358	193	1056	2974	1919	2309	773	511	826	133	1365	1158	114	845	1970	31	338	1350	517	620	412	355	470	1373	211	1624	459	1400	42	1140	1619	217	535	1625	562	537	420	1263	243	1098	512	486	215	131	261	344	283	903	201	437	91	1734	379	515	124	458	2870	185	1245	217	152	387	46	1075	2438	1042	671	996	370	194	236	1059	1646	657	604	1224	1201	649	780	331	451	163	208	1812	1266	151	9	221	192	1214	160	426	1751	648	215	640	1070	320	658	1116	325	515	641	466	1131	1608	303	368	217	130	1119	130	1066	635	389	256	389	534	1069	948	307	617	1459	218	1189	644	389	648	134	2968	150	308	437	1919	134	467	13	651	781	150	1358	958	841	864	649	653	225	1079	288	863	1489	42	360	174	188	33	160	151	434	1373	177	954	464	903	515	568	1795	355	1088	222	513	1324	1551	382	631	228	46	840	678	333	1062	798	1100	155	2271	396	154	709	326	1224	641	958	440	320	272	693	1228	266	596	331	208	453	1636
2092	2780	1497	1979	1632	2448	2239	1489	1140	2173	1967	720	2322	0	2659	1898	2445	1470	1234	2358	2059	732	2106	1783	2168	2529	2049	780	2387	2153	1935	2578	1928	1719	1836	2095	2245	720	2294	1922	1317	1750	2583	2226	2305	1970	1960	2221	1161	2455	1544	2213	1639	2664	2486	1906	2359	2114	974	2268	2521	974	2105	2354	2350	2126	2504	1420	673	720	82	3095	2334	3063	2343	968	1164	2209	3093	918	2294	2350	974	2479	2755	1910	2022	2037	1861	2242	2111	2224	921	2359	1439	769	2240	2309	1922	1761	1792	1977	3544	2079	1386	1811	2504	2236	2224	2081	1979	2157	1522	2179	1959	2235	3969	1992	1809	2262	2445	1043	2137	1488	2213	2175	2412	2285	1398	512	3203	1861	3131	2003	2474	2365	1419	691	1678	1751	1535	3036	1716	2086	2024	2555	2387	2253	1801	3403	2355	2330	2182	2273	1557	2399	1900	920	1706	2122	1933	1398	2368	1701	1616	2042	1809	1716	2238	1677	737	2337	2521	2491	2227	1203	2226	1369	1725	1937	2501	1937	1927	1628	1559	2287	1896	863	2206	1460	1919	1937	1908	2283	1186	2364	2314	1959	720	2220	2239	2336	1890	1576	2353	1289	1815	3091	2094	1716	1710	2349	3384	2052	2115	3691	2359	2179	2385	2134	2292	2458	2386	1896	1861	2462	2641	2706	1522	1809	1762	2069	2022	1608	2117	2379	1700	840	1952	1924	2372	2276	3094	1646	2039	1259	3058	1383	2357	2006	2444	2358	1879	2041	3526	1716	1815	1900	2044	2515	1780	1259	2512	2140	2161	2253	2531	1469
573	305	1511	680	1033	348	798	1493	1525	505	750	2296	388	2659	0	963	704	1599	1531	467	663	2304	559	877	509	612	671	1924	301	2652	727	547	1022	1678	831	617	415	2296	419	957	1388	1514	92	518	592	705	706	808	1768	341	1462	445	1442	456	180	1034	301	2666	1698	559	188	1698	554	464	478	549	203	1441	3297	2296	2639	490	808	438	460	1719	1498	479	458	2354	419	635	1698	748	692	762	636	658	1742	578	1973	798	1741	369	1529	1983	583	841	1989	905	869	808	891	611	1483	856	700	582	519	647	695	505	1287	480	704	454	1552	666	856	403	704	3251	558	1633	445	536	649	407	1334	2729	656	1057	617	759	197	533	1315	1998	981	908	1612	897	946	1132	718	625	449	405	2186	881	466	385	476	385	1393	434	766	2009	953	545	1022	1331	323	960	1503	616	856	944	800	1287	1962	346	188	176	517	1459	518	1448	935	761	428	761	922	1456	1186	638	1003	1801	452	1578	1027	761	1032	500	3351	458	627	704	2296	523	801	377	1036	1086	467	1587	1338	454	1212	946	951	533	848	673	1207	1351	369	507	460	550	422	353	438	809	1742	213	757	491	1287	856	898	2150	636	1475	549	792	1452	1916	760	1014	520	431	454	1037	619	1406	413	1485	467	2641	639	465	1092	617	867	944	1338	759	614	432	925	1492	427	668	512	405	260	1799
488	1218	552	541	448	643	342	536	913	709	273	1399	576	1898	963	0	546	637	1094	526	325	1403	496	446	500	635	321	1119	830	1752	567	691	106	736	391	370	617	1399	545	28	593	573	871	445	433	387	424	324	844	651	1281	633	479	794	790	99	744	1758	940	425	925	940	582	526	516	682	763	515	2569	1399	1901	1279	441	1400	522	934	795	507	1416	1420	545	460	940	582	857	378	550	715	833	400	1124	327	1006	594	577	1145	396	421	1088	405	439	163	1816	403	557	395	606	395	444	332	397	637	381	578	581	527	2070	538	405	604	546	2328	434	670	633	438	516	564	938	2111	1618	99	1571	218	770	501	932	1206	500	537	648	1734	575	358	265	659	553	664	1255	1842	525	579	603	668	1207	568	410	1528	553	498	109	931	825	566	540	533	405	555	340	1180	1161	795	925	792	446	763	445	546	559	303	648	303	41	493	891	404	52	1057	627	618	102	303	98	470	2418	535	429	581	1399	441	342	586	89	622	524	1235	403	1412	434	575	572	489	1515	315	445	1793	594	731	546	454	543	647	558	271	833	753	1427	829	381	405	448	1274	550	512	501	485	1386	1073	274	91	512	535	1411	374	544	701	1368	559	525	1718	548	527	151	535	1765	555	403	466	531	659	738	1054	658	915	688	664	995	1603
617	1009	1041	764	909	379	208	1034	1426	788	563	1925	458	2445	704	546	0	1113	1561	302	501	1929	612	822	552	117	509	1665	762	1989	819	195	529	1088	749	498	611	1925	450	522	1135	937	626	405	220	640	678	227	1366	383	1661	664	927	321	600	550	668	2009	1483	294	779	1483	704	309	297	795	528	1048	3115	1925	2447	827	137	1075	325	1480	1326	510	1078	1922	450	136	1483	60	311	684	739	892	1111	309	1297	222	1547	433	1081	1689	306	174	1342	808	811	494	1402	548	1087	769	59	310	406	480	640	720	925	631	814	505	1524	751	777	576	0	2830	512	1130	664	469	71	492	1380	2645	1323	593	1300	491	580	221	1369	1753	920	907	1095	1596	955	499	496	129	299	663	1560	1540	306	451	658	650	1585	308	715	2024	943	598	525	1374	772	956	980	707	777	940	210	1521	1707	759	779	597	404	1291	405	1086	938	611	275	611	518	942	1287	201	551	1600	663	1102	538	611	548	346	2910	308	180	814	1925	408	209	455	563	1057	307	1679	773	1073	562	955	956	234	997	500	551	1247	433	809	287	537	449	367	312	628	1111	566	1395	334	925	777	836	1483	739	964	606	101	1725	1618	578	530	229	461	1068	857	720	1230	1025	1090	303	1996	65	304	591	709	1329	940	773	758	703	271	1060	1519	276	1045	775	663	874	2005
1080	1841	90	1072	768	1280	910	115	869	1279	867	841	1210	1470	1599	637	1113	0	1147	1161	944	841	1092	888	1115	1221	937	742	1438	1257	1071	1290	600	308	878	990	1229	841	1179	647	517	282	1507	1081	1059	952	974	892	309	1288	1472	1233	189	1405	1423	583	1361	1250	697	1060	1546	697	1157	1162	1151	1242	1400	244	2135	841	1496	1905	980	2036	1159	653	704	1131	2053	810	1179	1067	697	1127	1414	914	1098	1231	474	1037	803	899	768	1231	109	712	1032	946	669	837	887	791	2452	1011	226	865	1167	1031	1080	956	963	1218	370	1180	1093	1154	2595	1076	872	1224	1113	1717	1053	52	1233	1067	1107	1195	1086	1806	2250	550	2200	842	1404	1128	1094	830	857	942	81	2322	952	657	885	1240	1188	1269	735	2474	1161	1214	1200	1278	1414	1203	932	1428	925	1099	602	1080	1429	933	149	1094	872	934	908	1444	781	1397	1546	1426	1082	700	1081	300	944	873	1274	873	679	175	1137	1022	603	789	1226	31	592	873	585	1108	1798	1170	1045	1093	841	1076	908	1222	576	895	1159	1314	364	2050	644	952	945	1118	2110	933	664	2308	1231	1298	1180	1068	1177	1284	1193	826	474	1387	1981	1433	370	872	875	871	1098	152	1099	1024	1625	649	860	604	1139	1168	2048	701	1101	669	2005	229	1161	1186	1137	1163	530	1095	2397	934	364	975	1093	1284	1127	1120	1284	1426	1259	1269	1607	1714
1026	1593	1093	879	657	1414	1396	1066	286	1026	999	1205	1270	1234	1531	1094	1561	1147	0	1362	1072	1222	1038	745	1109	1605	1062	739	1236	2363	823	1626	1181	1448	817	1090	1148	1205	1250	1122	639	1356	1473	1217	1361	942	913	1381	994	1419	380	1102	1186	1673	1379	1162	1234	2347	551	1300	1367	551	997	1356	1358	983	1420	919	1809	1205	1192	2009	1500	1894	1341	610	447	1158	1928	1389	1250	1434	551	1614	1837	888	920	874	1611	1277	1945	1380	521	1313	1044	843	1277	1491	1816	753	756	1075	2382	1052	925	795	1617	1273	1215	1095	946	1034	877	1086	841	1180	3004	894	788	1175	1561	2095	1106	1198	1102	1153	1505	1226	197	1204	2003	1123	1927	1070	1374	1402	216	752	642	671	1226	1803	623	1427	1066	1635	1388	1138	1853	2191	1358	1280	1078	1160	357	1395	863	481	629	1055	1186	201	1215	617	1214	948	788	634	1395	460	750	1188	1367	1386	1219	447	1217	853	639	953	1505	953	1099	1187	349	1365	1125	559	1096	1118	1173	953	1163	1285	2226	1365	1389	841	1205	1212	1397	1284	1144	505	1356	167	1289	1926	1484	623	621	1384	2342	1070	1500	2754	1313	1025	1391	1092	1249	1428	1381	933	1611	1365	1408	1723	877	788	728	2018	920	1182	1048	1538	554	818	984	1169	1404	1231	1931	722	941	482	1899	921	1361	2265	1533	1362	1174	947	2381	634	1289	835	952	1521	606	42	1516	932	1019	1138	1356	566
351	758	1077	506	744	122	334	1062	1272	492	391	1913	155	2358	467	526	302	1161	1362	0	303	1919	342	619	273	275	313	1590	463	2184	564	270	567	1214	551	274	312	1913	150	514	1044	1052	377	144	125	420	448	342	1364	130	1412	367	993	314	323	581	368	2198	1383	101	497	1383	422	7	10	504	266	1034	3018	1913	2350	758	364	889	24	1392	1202	225	902	1945	150	187	1383	361	487	476	473	609	1274	125	1508	332	1439	132	1103	1633	129	391	1522	623	609	393	1290	309	1076	575	331	131	146	279	416	427	888	340	554	214	1648	491	580	276	302	2852	257	1191	367	210	231	192	1170	2504	1121	611	1085	357	302	81	1156	1672	728	691	1165	1329	738	665	333	303	29	363	1719	1345	4	149	365	348	1336	43	499	1839	733	326	566	1165	472	744	1053	441	580	727	336	1260	1631	457	497	322	143	1164	144	1054	722	427	145	427	485	1008	1056	172	558	1496	366	1143	573	427	580	77	2944	9	165	554	1913	149	337	153	586	861	5	1461	876	898	746	738	741	73	1026	308	742	1392	132	512	28	275	150	122	32	463	1274	286	1101	362	888	580	638	1684	473	1028	334	362	1458	1562	407	561	73	164	895	715	452	1104	852	1078	0	2173	240	1	638	443	1239	727	876	528	436	161	809	1319	157	748	480	363	589	1759
172	898	854	280	441	390	384	835	969	396	92	1641	279	2059	663	325	501	944	1072	303	0	1648	177	326	175	533	10	1297	505	2075	328	556	412	1062	254	46	291	1641	248	329	750	898	573	167	290	139	179	377	1106	397	1161	309	799	617	483	415	420	2082	1084	229	603	1084	273	298	296	378	472	778	2717	1641	2050	1042	476	1101	286	1095	900	187	1121	1692	248	367	1084	558	765	184	269	439	1155	205	1435	371	1138	309	868	1344	205	481	1411	322	315	162	1542	81	820	277	553	201	165	23	140	321	624	254	330	210	1949	271	284	281	501	2591	110	981	309	127	438	255	884	2201	1307	425	1256	107	465	330	872	1377	431	407	964	1408	455	613	60	563	331	338	1580	1531	299	285	280	343	1084	342	214	1544	445	176	414	879	499	458	861	242	284	441	385	1025	1337	470	603	487	168	861	167	787	438	124	448	124	286	813	785	300	374	1196	302	921	413	124	414	225	2689	308	322	330	1641	161	387	292	411	566	298	1182	727	1117	699	455	456	313	1327	10	703	1689	309	419	331	128	246	399	328	162	1155	449	1109	663	624	284	343	1593	269	830	180	502	1230	1275	106	400	334	233	1117	413	255	802	1075	822	302	2044	464	303	473	244	1503	441	727	257	238	464	562	1029	460	628	376	338	670	1503
1735	2493	896	1665	1296	2028	1720	899	983	1880	1557	18	1927	732	2304	1403	1929	841	1222	1919	1648	0	1749	1454	1795	2030	1639	484	2079	1445	1638	2092	1400	1035	1483	1692	1896	18	1896	1422	926	1100	2217	1809	1837	1600	1606	1702	562	2035	1601	1880	1028	2197	2123	1380	2025	1410	704	1820	2206	704	1780	1917	1909	1835	2120	888	1347	18	787	2677	1802	2737	1911	656	898	1826	2761	212	1896	1862	704	1950	2237	1546	1704	1778	1159	1794	1387	1708	709	1957	850	383	1790	1770	1195	1415	1460	1525	3190	1693	846	1461	1986	1788	1807	1666	1612	1841	1030	1834	1664	1851	3432	1675	1463	1902	1929	951	1747	843	1880	1775	1912	1899	1299	1193	2920	1338	2858	1565	2107	1904	1318	476	1370	1460	888	2874	1442	1497	1599	2052	1948	1921	1068	3137	1917	1933	1846	1936	1578	1962	1549	1191	1423	1761	1403	1295	2065	1423	989	1713	1463	1433	1719	1668	471	2031	2206	2128	1810	930	1809	864	1444	1543	2049	1543	1440	1015	1433	1808	1385	664	1872	842	1391	1543	1381	1852	1062	1927	1833	1664	18	1803	1720	1940	1367	1320	1916	1355	1205	2758	1484	1442	1435	1891	2917	1639	1504	3146	1957	1893	1942	1753	1894	2035	1950	1495	1159	2092	2491	2232	1030	1463	1434	1337	1704	992	1759	1847	1775	426	1545	1400	1914	1881	2758	1273	1715	961	2717	844	1918	1305	1943	1920	1337	1713	3150	1433	1205	1570	1714	2061	1570	1223	2060	1935	1863	1921	2243	1684
14	756	1001	164	475	376	538	979	984	218	228	1740	232	2106	559	496	612	1092	1038	342	177	1749	0	323	71	613	179	1365	347	2248	222	613	588	1230	272	143	146	1740	213	503	829	1068	478	207	391	148	147	534	1225	381	1069	141	959	640	381	589	277	2254	1140	317	461	1140	99	335	341	203	398	906	2753	1740	2091	993	618	988	318	1160	943	121	1012	1810	213	476	1140	672	830	203	131	283	1329	304	1612	526	1186	274	1008	1424	307	629	1585	347	314	335	1450	95	946	297	654	303	206	181	137	143	750	88	211	142	1966	150	298	156	612	2699	101	1132	141	142	542	188	842	2208	1176	595	1120	281	368	403	826	1440	431	373	1119	1240	417	790	234	642	364	178	1749	1398	338	242	109	189	994	367	207	1518	417	17	590	838	337	427	1020	98	298	410	539	918	1403	306	461	386	209	904	208	904	403	218	475	218	459	972	719	418	546	1245	134	1067	588	218	589	273	2802	342	434	211	1740	204	540	245	584	551	336	1127	899	1009	876	417	421	387	1309	187	880	1720	274	241	369	74	211	391	355	267	1329	355	932	691	750	298	344	1768	131	988	10	636	1118	1357	232	575	401	194	1010	478	109	849	971	948	341	2213	561	341	647	100	1423	410	899	210	94	492	467	996	486	458	199	178	515	1417
309	1039	799	210	159	684	675	772	662	426	259	1444	547	1783	877	446	822	888	745	619	326	1454	323	0	387	859	316	1050	626	2116	189	881	552	1092	72	345	462	1444	522	468	528	943	800	475	616	199	179	663	959	690	856	434	799	933	702	541	581	2116	821	554	756	821	329	614	615	382	721	666	2430	1444	1767	1316	776	1296	599	844	621	432	1323	1534	522	691	821	876	1091	143	249	346	1220	531	1535	659	864	587	789	1114	531	773	1470	51	10	359	1767	312	703	54	875	527	473	349	205	388	518	397	214	457	2267	220	45	478	822	2406	369	935	434	413	762	506	559	1891	1467	521	1404	339	690	656	547	1121	110	93	934	1452	137	803	326	889	646	475	1600	1683	616	556	402	494	780	655	121	1219	121	339	556	553	611	135	855	263	45	119	675	739	1087	578	756	707	477	582	475	646	120	210	764	210	430	809	470	622	494	924	427	859	547	210	541	542	2515	623	646	214	1444	470	676	561	527	241	614	857	800	1320	880	137	136	638	1626	324	891	2012	587	440	648	360	520	697	641	203	1220	678	1096	982	518	45	21	1668	249	819	334	809	947	1050	244	538	659	503	1322	192	263	529	1284	703	618	2061	789	619	582	262	1743	119	800	118	265	780	292	703	776	538	409	475	788	1192
83	726	1025	236	535	305	496	1004	1050	249	248	1787	162	2168	509	500	552	1115	1109	273	175	1795	71	387	0	546	180	1421	330	2248	294	543	584	1236	331	130	116	1787	141	503	880	1073	424	146	333	199	208	494	1263	310	1139	140	974	569	328	588	246	2256	1199	258	431	1199	152	266	273	246	336	940	2817	1787	2153	929	568	943	249	1216	1003	49	966	1849	141	417	1199	612	760	257	200	341	1328	249	1602	486	1246	204	1036	1476	253	583	1583	406	378	337	1398	104	981	356	592	249	145	169	189	174	784	89	282	71	1895	221	358	109	552	2743	67	1153	140	89	481	119	913	2276	1140	600	1087	282	313	338	898	1497	497	442	1138	1234	487	769	235	575	293	165	1755	1363	269	171	118	168	1064	297	267	1589	486	54	585	909	325	496	1035	168	358	479	497	987	1460	296	431	333	147	964	146	942	473	252	404	252	460	987	790	364	548	1305	135	1091	586	252	587	208	2844	273	377	282	1787	144	498	175	585	619	267	1199	901	962	855	487	490	322	1241	185	858	1648	204	272	300	46	140	319	284	301	1328	299	943	619	784	358	408	1763	200	1004	62	583	1185	1409	256	573	335	122	963	530	179	909	922	982	272	2218	499	272	647	170	1367	479	901	278	164	421	538	1067	415	501	232	165	495	1487
620	918	1147	773	962	315	311	1139	1487	765	607	2026	424	2529	612	635	117	1221	1605	275	533	2030	613	859	546	0	543	1751	708	2104	830	79	630	1204	787	520	584	2026	424	613	1214	1052	540	406	243	668	702	329	1467	318	1679	640	1037	205	529	650	619	2124	1562	307	707	1562	697	282	273	779	453	1145	3198	2026	2529	710	254	966	299	1562	1397	500	967	2029	424	179	1562	141	234	718	744	884	1229	328	1411	323	1624	391	1185	1780	328	290	1458	853	849	559	1285	564	1185	810	89	332	407	510	666	702	1016	615	823	489	1442	760	817	548	117	2938	520	1241	640	473	118	465	1418	2713	1215	691	1195	546	511	210	1405	1838	963	940	1207	1509	988	615	541	30	261	632	1677	1430	279	416	640	615	1603	264	746	2075	978	597	627	1413	721	991	1092	711	817	974	313	1532	1793	712	707	526	404	1361	406	1180	971	652	194	652	603	1052	1314	247	646	1678	640	1210	639	652	648	339	3019	277	220	823	2026	410	313	418	662	1099	280	1715	887	962	679	988	989	227	889	535	668	1171	391	785	251	542	424	301	273	677	1229	499	1328	218	1016	817	876	1597	744	1074	606	218	1731	1708	623	630	211	438	957	918	723	1299	914	1188	276	2112	86	276	695	713	1212	974	887	783	707	185	1076	1562	191	1020	754	632	804	2025
173	904	847	275	431	399	390	828	959	397	82	1631	288	2049	671	321	509	937	1062	313	10	1639	179	316	180	543	0	1287	509	2072	323	565	410	1057	244	54	296	1631	257	326	741	894	581	177	300	132	172	382	1097	407	1153	312	794	627	491	412	426	2079	1074	238	609	1074	273	308	306	377	481	770	2707	1631	2040	1051	483	1109	296	1085	889	194	1129	1684	257	376	1074	566	774	175	266	436	1152	214	1433	376	1128	319	861	1335	215	487	1408	312	306	158	1551	83	812	267	561	211	175	33	133	322	616	257	325	218	1959	266	274	287	509	2582	116	975	312	136	447	263	875	2191	1314	421	1263	103	473	340	863	1367	421	398	958	1412	446	614	56	573	341	342	1576	1538	310	294	283	347	1076	352	205	1534	436	178	411	870	503	448	855	240	274	432	390	1018	1327	474	609	495	178	851	177	778	429	114	458	114	282	807	777	308	370	1185	305	914	411	114	411	236	2681	318	331	325	1631	171	392	301	407	557	308	1173	724	1126	699	446	447	323	1337	10	704	1699	319	420	341	133	255	409	339	152	1152	457	1111	673	616	274	333	1590	266	824	182	509	1223	1265	96	397	344	242	1125	403	252	792	1084	814	312	2040	473	313	470	242	1512	432	724	249	236	474	554	1019	470	626	377	342	675	1495
1351	2082	748	1256	891	1687	1459	735	503	1465	1204	468	1568	780	1924	1119	1665	742	739	1590	1297	484	1365	1050	1421	1751	1287	0	1674	1746	1221	1802	1149	1032	1093	1336	1509	468	1539	1143	546	1022	1844	1464	1530	1221	1218	1441	449	1694	1119	1485	888	1892	1747	1126	1631	1721	237	1498	1805	237	1379	1587	1582	1419	1756	647	1452	468	788	2339	1554	2346	1578	205	443	1459	2373	653	1539	1573	237	1699	1976	1163	1298	1347	1191	1471	1492	1444	227	1603	687	104	1469	1529	1322	1019	1057	1204	2815	1326	617	1068	1725	1466	1462	1318	1231	1436	742	1445	1246	1484	3189	1268	1068	1521	1665	1398	1383	773	1485	1418	1633	1534	818	1064	2510	1081	2443	1233	1733	1592	837	91	952	1036	818	2421	1010	1316	1258	1777	1620	1526	1279	2721	1588	1575	1451	1543	1094	1632	1158	786	995	1380	1153	815	1657	993	877	1313	1068	1005	1458	1184	42	1624	1805	1752	1465	480	1464	592	1015	1179	1731	1179	1148	880	958	1510	1116	180	1477	725	1139	1179	1128	1517	1520	1597	1537	1246	468	1458	1459	1582	1110	878	1586	877	1058	2370	1332	1010	1004	1577	2614	1289	1352	2911	1603	1475	1617	1384	1537	1696	1619	1135	1191	1719	2033	1933	742	1068	1028	1505	1298	862	1376	1599	1293	111	1190	1144	1600	1522	2372	890	1313	524	2333	613	1590	1626	1665	1591	1101	1313	2788	1005	1058	1168	1315	1745	1117	739	1742	1487	1450	1526	1830	1227
358	414	1348	417	786	393	777	1326	1248	215	572	2070	314	2387	301	830	762	1438	1236	463	505	2079	347	626	330	708	509	1674	0	2576	454	669	913	1566	596	460	213	2070	333	833	1153	1403	266	422	577	491	478	780	1567	391	1161	205	1302	627	202	918	97	2585	1442	515	133	1442	299	456	470	261	278	1251	3016	2070	2364	790	825	676	443	1468	1237	329	705	2149	333	650	1442	819	864	539	377	362	1656	520	1923	771	1479	331	1355	1740	525	849	1910	664	620	667	1157	430	1291	618	782	523	422	498	479	238	1095	258	429	314	1844	406	616	230	762	3031	396	1479	205	400	693	295	1040	2437	840	930	779	612	212	545	1020	1742	721	640	1465	905	671	1082	565	732	463	168	2085	1058	460	318	239	162	1092	454	532	1712	683	339	913	1037	21	687	1364	366	616	673	779	987	1710	50	133	208	423	1198	422	1246	663	565	517	565	791	1316	888	621	878	1539	213	1414	915	565	917	447	3137	456	622	429	2070	424	780	312	915	811	459	1287	1231	703	1168	671	677	536	1145	515	1168	1630	331	212	475	376	334	408	450	614	1656	218	640	675	1095	616	647	2088	377	1332	339	826	1158	1676	578	901	536	331	706	806	364	1150	671	1292	463	2548	698	462	977	366	1148	673	1231	509	365	529	630	1197	523	374	226	168	168	1501
2240	2938	1336	2274	2015	2304	1854	1365	2077	2459	2023	1461	2290	2153	2652	1752	1989	1257	2363	2184	2075	1445	2248	2116	2248	2104	2072	1746	2576	0	2286	2183	1663	1026	2091	2118	2363	1461	2263	1746	1765	1183	2562	2164	2060	2131	2163	1844	1372	2311	2713	2384	1316	2309	2500	1659	2485	50	1836	2096	2657	1836	2332	2188	2174	2430	2451	1501	2671	1461	2219	2801	1861	3058	2193	1779	1919	2247	3064	1240	2263	2023	1836	1966	2195	2108	2291	2444	919	2081	696	1854	1891	2295	1366	1657	2076	1826	665	2065	2114	1913	3380	2155	1480	2083	2019	2077	2163	2079	2142	2389	1618	2329	2305	2264	3110	2275	2091	2346	1989	1681	2181	1205	2384	2176	2025	2292	2332	2637	3300	1653	3268	1968	2478	2120	2341	1800	2103	2182	1194	3482	2198	1519	2015	2107	2203	2413	521	3522	2185	2290	2355	2415	2660	2218	2134	2532	2172	2250	1662	2326	2573	2181	1261	2279	2091	2179	1852	2699	1765	2544	2657	2500	2163	1925	2163	1553	2188	2047	2243	2047	1789	1306	2393	2013	1701	1883	2378	1288	1662	2047	1660	2161	1660	2194	2025	2305	1461	2160	1852	2297	1664	2151	2185	2528	1348	3059	1440	2198	2192	2118	2872	2065	1447	2833	2295	2481	2191	2203	2261	2300	2213	2005	919	2461	3178	2313	1618	2091	2106	506	2291	1297	2253	1889	2872	1636	2023	1675	2132	2258	3055	1942	2289	1907	3012	1482	2184	155	2044	2186	1601	2280	3298	2179	1348	2184	2277	2245	2376	2343	2248	2645	2439	2413	2736	2919
212	861	981	58	343	596	713	956	798	244	312	1628	451	1935	727	567	819	1071	823	564	328	1638	222	189	294	830	323	1221	454	2286	0	835	672	1260	194	321	326	1628	434	583	713	1105	658	424	599	197	154	705	1148	601	849	283	971	863	562	666	425	2287	988	527	587	988	175	557	562	198	597	854	2570	1628	1914	1190	805	1130	540	1016	783	344	1159	1722	434	682	988	877	1051	188	97	160	1380	510	1685	699	1025	494	974	1290	512	810	1633	237	187	436	1608	270	891	205	865	508	423	346	191	222	704	262	25	363	2185	72	199	352	819	2589	310	1117	283	357	751	406	626	2007	1289	656	1223	395	554	620	609	1288	269	185	1114	1262	219	908	361	860	586	322	1773	1502	560	461	256	343	773	590	157	1304	229	240	675	622	436	234	1029	126	199	219	714	703	1256	404	587	568	426	744	424	835	210	269	698	269	540	982	497	619	619	1084	277	1043	669	269	666	492	2700	564	638	25	1628	420	715	464	655	359	558	906	952	1157	991	219	225	603	1519	333	999	1941	494	255	591	289	433	612	577	295	1380	545	910	913	704	199	207	1826	97	994	232	829	906	1228	304	658	620	416	1159	381	118	697	1122	891	563	2236	773	563	715	125	1592	219	952	102	131	715	245	782	709	359	229	322	609	1195
622	851	1214	777	993	279	381	1205	1521	747	636	2088	405	2578	547	691	195	1290	1626	270	556	2092	613	881	543	79	565	1802	669	2183	835	0	695	1281	810	536	566	2088	411	671	1262	1127	481	412	275	684	715	398	1530	280	1683	622	1107	126	480	714	584	2203	1608	327	655	1608	690	277	272	764	402	1205	3245	2088	2576	632	331	889	294	1610	1437	495	889	2096	411	230	1608	218	216	738	744	874	1307	351	1489	390	1668	368	1251	1834	352	368	1537	878	870	601	1206	576	1246	833	165	356	414	532	681	688	1072	604	825	480	1399	762	839	530	195	3005	527	1311	622	479	183	449	1436	2750	1139	754	1120	582	464	225	1423	1888	987	957	1278	1444	1005	693	571	81	250	610	1755	1353	275	396	627	591	1607	248	763	2100	997	596	692	1431	683	1009	1163	712	839	992	383	1530	1844	678	655	476	411	1400	412	1237	988	678	153	678	657	1122	1326	291	707	1723	624	1278	703	678	712	344	3088	270	264	825	2088	417	382	397	725	1122	276	1730	960	884	758	1005	1006	242	824	558	747	1135	368	765	243	546	412	263	259	707	1307	454	1277	143	1072	839	898	1676	744	1144	605	296	1727	1763	652	693	221	428	879	954	722	1340	837	1249	271	2191	154	271	761	713	1134	992	960	796	707	139	1080	1584	146	997	737	610	751	2030
581	1289	520	644	545	689	320	510	984	804	371	1396	640	1928	1022	106	529	600	1181	567	412	1400	588	552	584	630	410	1149	913	1663	672	695	0	658	497	454	700	1396	611	88	644	494	930	510	460	488	526	302	837	697	1381	721	425	806	855	22	823	1671	986	468	1000	986	678	569	557	780	819	519	2601	1396	1936	1305	408	1454	568	974	857	584	1468	1401	611	468	986	555	840	483	650	817	743	446	1025	308	1054	653	555	1166	442	380	998	510	545	252	1855	493	558	501	587	441	509	415	497	731	407	667	685	603	2047	640	511	684	529	2310	517	626	721	514	513	635	1031	2163	1679	68	1636	306	834	529	1026	1238	602	642	598	1818	679	255	353	651	593	749	1174	1904	567	642	693	752	1308	608	515	1603	656	588	5	1024	909	670	485	632	511	659	319	1283	1191	881	1000	856	510	827	509	561	663	406	674	406	132	440	991	422	58	1102	715	585	9	406	20	522	2395	577	445	685	1396	506	319	649	39	719	566	1326	319	1464	328	679	676	520	1519	402	340	1766	653	826	584	539	608	690	599	376	743	817	1521	836	407	511	553	1180	650	461	592	453	1489	1094	375	14	540	603	1462	468	643	767	1419	561	567	1635	544	569	70	634	1798	659	319	571	629	684	844	1141	684	1017	784	749	1075	1699
