NAME : VRPTW_INSTANCE_90.txt
COMMENT : Bangkok Supermarket
TYPE : VRPTW
DIMENSION : 267
DAYS : Friday
EDGE_WEIGHT_TYPE : EXPLICIT
VEHICLES : 35
EDGE_WEIGHT_FORMAT : FULL_MATRIX
CAPACITY : 1000
EDGE_WEIGHT_SECTION
0	1838	283	474	368	529	1126	196	350	154	161	1321	218	67	1112	46	976	349	845	364	413	208	940	1105	2022	527	578	2080	2155	264	2015	1073	576	414	1190	961	1126	199	1106	1035	193	1739	246	370	119	1213	2518	39	1316	165	173	437	957	582	768	428	395	167	2723	366	1096	1989	1428	1190	711	368	1096	652	110	410	541	206	25	945	649	408	530	1909	883	378	215	246	154	1418	391	221	891	124	221	170	258	494	520	347	312	223	437	819	1230	349	819	404	110	91	564	264	133	491	367	1426	241	753	111	223	1627	248	2293	1113	1439	441	240	1098	1171	430	3878	153	154	1610	365	358	1614	1225	255	26	1392	83	212	154	1033	1994	1725	2052	113	330	394	631	1011	437	288	1426	373	2052	449	527	492	388	2530	371	1695	153	668	782	1232	357	404	1698	465	176	885	1307	640	1003	124	1126	1085	721	408	1030	320	202	395	957	517	479	4331	603	425	1149	444	207	261	648	344	504	374	1993	1109	778	85	2025	152	481	362	185	169	1886	486	368	2795	2552	408	35	451	215	438	154	314	975	149	2067	373	404	1525	2435	1117	387	1185	2011	582	1005	410	481	2064	757	130	386	253	152	1606	858	284	539	193	386	1902	178	352	307	367	365	497	397	529	1264	1258	172	457	1606	351	672	193	211	1190	404	83	2761	961
1838	0	1708	2237	2019	1434	1605	1841	2021	1849	1698	525	2055	1826	1077	1866	944	1756	1106	1778	1867	1738	1065	2944	226	1424	1502	2464	2110	1573	2825	955	1263	1610	1725	2292	1605	1881	1614	1390	1650	410	2083	1470	1950	1607	4332	1848	547	1674	1666	1401	978	1659	1842	1643	1873	1968	2952	1780	1453	161	2840	1725	2533	1769	886	1188	1778	1867	1835	1653	1862	1914	1871	1693	1425	3637	2108	1712	1839	1593	1849	2162	1879	1626	953	1834	2059	1933	1876	1811	2351	1758	1655	1985	1612	2024	1475	1751	2024	1841	1778	1750	1399	1573	1772	1346	1782	679	2072	1447	1772	1841	225	1590	1842	1701	401	1601	1836	1566	1685	2264	3261	1978	1887	237	1829	2163	3323	2570	1868	1863	3077	1796	1905	1849	2590	251	2401	1730	1943	1739	1689	1675	984	1556	1672	2844	1773	871	1826	1758	1346	1874	1693	1787	329	1700	1756	1800	2491	2026	1690	2647	1379	1664	2047	583	1379	1287	1956	1605	2923	1197	2022	2631	1666	1922	1873	978	1598	1820	3359	2041	1705	824	1394	2044	2097	1254	1760	1827	1790	3351	871	1660	1888	562	1920	1812	1760	1658	1669	3123	1809	1781	2427	2063	1835	1846	1496	1839	1595	1887	2131	1649	1930	2160	1773	1841	2061	1872	859	1636	2099	2821	1255	907	1840	1803	2134	2147	1954	1802	2071	1920	254	2010	1717	1422	1650	1802	2922	1661	1757	1531	1696	1780	1813	1651	1422	601	638	1669	1381	254	2178	2083	1749	1743	1725	1841	1796	2238	1102
283	1708	0	744	650	614	843	460	633	424	319	1183	423	335	867	269	789	573	638	596	667	421	720	1270	1872	604	708	1814	1872	257	2271	857	478	575	910	1236	843	474	823	758	288	1556	443	359	385	930	2720	320	1166	262	264	377	763	301	510	146	207	445	2457	598	815	1849	1711	910	935	596	894	540	344	665	780	158	304	1173	888	606	609	2157	676	101	477	287	424	1163	650	191	758	391	425	453	526	729	674	572	484	505	601	599	949	571	599	192	344	272	332	257	149	413	600	1221	487	478	339	484	1487	261	2012	833	1307	600	498	814	889	653	3595	419	211	1473	158	618	1871	1082	521	304	1657	330	205	424	1315	1837	1959	1771	379	67	591	351	800	177	467	1709	603	1823	690	746	409	646	2260	133	1524	177	880	516	1064	640	602	1485	439	267	661	1144	724	736	387	843	1245	729	326	1310	501	228	207	763	682	717	4054	438	629	952	392	410	455	458	570	743	609	2276	908	497	259	1828	249	717	587	202	231	2167	720	600	2512	2270	191	317	219	477	594	211	569	693	432	1787	603	192	1256	2156	917	108	940	2266	491	823	196	715	1784	1030	400	153	514	249	1494	1107	9	620	288	153	2172	268	576	288	566	598	732	577	606	1176	1092	277	390	1494	592	944	90	426	910	192	330	2479	728
474	2237	744	0	233	817	1573	397	223	397	562	1739	350	450	1586	476	1431	496	1311	481	419	501	1408	790	2435	824	789	2458	2588	710	1742	1539	1006	642	1623	655	1573	358	1551	1503	618	2182	345	787	360	1661	2095	445	1742	605	612	866	1416	1029	1166	889	781	307	3095	479	1558	2394	1008	1623	326	490	1556	1082	482	417	528	678	449	848	587	571	824	1441	1202	827	398	675	397	1783	396	687	1319	420	349	322	362	515	401	494	583	265	648	1161	1691	501	1161	805	482	535	1038	710	600	921	478	1885	264	1222	489	396	2038	690	2754	1547	1849	658	401	1549	1608	214	4327	325	548	2020	774	133	1142	1418	369	448	918	474	587	397	595	2415	1533	2512	366	777	570	1072	1476	910	565	1005	488	2519	476	579	924	399	3003	796	2129	625	682	1192	1463	221	572	1977	869	612	1226	1741	900	1477	358	1573	779	1052	704	576	573	562	781	1416	693	498	4799	915	567	1606	867	360	342	1113	491	508	474	1561	1568	1217	485	2475	514	506	497	649	624	1491	512	479	3239	3010	811	448	926	398	662	548	184	1415	334	2488	488	805	1920	2899	1575	853	1542	1738	1008	1458	811	514	2489	496	346	804	231	514	1993	701	743	829	618	804	1572	614	496	745	556	479	515	603	826	1642	1696	603	886	1993	190	447	656	496	1623	805	474	3218	1433
368	2019	650	233	0	590	1494	212	24	234	392	1530	367	316	1435	393	1249	266	1144	249	187	305	1244	1020	2221	598	555	2442	2523	544	1674	1370	815	414	1559	600	1494	183	1473	1393	449	1985	380	599	293	1580	2316	330	1538	447	452	679	1239	951	1131	795	748	227	3084	247	1457	2177	1061	1559	559	258	1379	889	325	185	309	543	350	675	387	339	598	1632	1218	747	203	502	234	1774	163	540	1120	266	368	201	154	288	561	264	366	160	417	1162	1593	271	1162	763	325	393	897	544	501	733	245	1703	283	1111	332	198	1825	523	2652	1482	1636	427	195	1464	1540	377	4243	270	496	1807	726	237	1324	1501	161	350	1087	329	549	234	677	2204	1417	2413	296	699	338	999	1306	792	352	1060	255	2346	245	350	736	166	2872	737	1927	495	465	1148	1529	19	340	2022	670	451	1229	1541	668	1350	297	1494	1008	826	716	684	354	530	748	1239	459	270	4683	929	334	1424	678	370	386	947	261	284	240	1628	1390	1146	419	2281	473	278	265	504	473	1517	284	246	3162	2913	767	334	793	203	432	496	252	1343	224	2436	255	763	1890	2792	1396	751	1538	1670	814	1273	769	285	2433	401	276	750	240	473	1772	550	652	602	449	750	1542	453	266	570	326	247	289	373	600	1421	1498	440	698	1772	301	323	561	300	1559	763	329	3123	1277
529	1434	614	817	590	0	1282	441	595	464	369	962	730	483	1027	574	764	324	714	344	433	349	814	1577	1641	16	126	2333	2288	357	1806	912	358	176	1385	934	1282	480	1268	1106	357	1435	758	268	604	1357	2906	517	978	390	384	301	767	839	1089	690	817	594	2967	347	1191	1593	1485	1385	1132	335	896	406	428	433	424	462	544	685	493	259	12	2204	1287	700	433	332	464	1722	445	426	589	462	733	548	458	389	1027	326	243	588	178	1206	1320	318	1206	806	428	444	608	357	553	319	348	1193	709	864	425	432	1247	355	2318	1311	1060	167	423	1241	1353	890	3928	620	656	1228	770	767	1891	1694	451	545	1647	454	705	464	1177	1628	1443	2093	599	681	255	890	850	619	266	1487	339	1843	395	348	326	440	2462	748	1366	470	409	1081	1679	599	256	2087	235	380	1266	992	112	1023	612	1282	1560	237	897	1209	248	707	817	767	185	394	4286	1050	273	927	286	722	772	559	328	407	356	2038	903	1008	610	1736	671	387	326	428	411	1862	385	347	2877	2585	806	517	570	433	161	656	747	1171	554	2234	339	806	1774	2439	907	643	1519	1801	347	777	810	378	2224	753	600	768	693	671	1184	695	623	12	357	768	1774	378	324	329	263	346	391	218	16	833	956	376	306	1184	800	676	577	351	1385	806	454	2797	868
1126	1605	843	1573	1494	1282	0	1297	1476	1264	1133	1170	1229	1178	535	1109	790	1381	685	1407	1492	1240	642	1917	1676	1267	1406	1063	1032	1008	3069	690	946	1332	127	2072	0	1315	23	232	1085	1277	1241	1035	1223	87	3379	1164	1119	1072	1070	982	754	546	464	699	803	1286	1688	1410	152	1692	2554	127	1701	1405	766	935	1179	1490	1585	963	1147	1947	1689	1392	1272	2925	648	750	1312	1053	1264	566	1479	978	954	1232	1230	1297	1364	1534	1389	1381	1267	1348	1357	598	175	1378	598	775	1179	1107	675	1008	993	964	1412	932	1309	418	1173	1320	1392	1024	1190	101	1279	1352	1332	46	86	1441	2754	1256	1025	1387	802	1442	2660	1044	1358	1147	2464	1169	988	1264	2156	1615	2723	947	1218	800	1376	501	693	714	1259	2553	1412	1298	1504	1536	957	1474	1499	777	1305	1005	1652	421	942	1484	1387	1044	1047	1073	578	1061	1359	349	1223	0	1889	1246	927	2147	1287	1013	803	754	1424	1526	3243	779	1416	817	997	1218	1248	744	1380	1551	1422	3119	778	356	1092	1448	1059	1524	1395	1008	1041	3009	1526	1413	1668	1439	768	1160	737	1312	1344	1025	1391	163	1275	958	1412	775	525	1342	789	743	505	3064	961	819	769	1520	951	1865	1239	770	1343	1059	1492	1912	842	1281	1085	770	2996	1072	1384	1006	1357	1410	1538	1350	1267	1322	1013	1084	976	1492	1401	1778	933	1246	127	775	1169	1645	578
196	1841	460	397	212	441	1297	0	202	43	180	1341	315	130	1223	235	1042	171	933	179	217	103	1033	1135	2038	444	449	2271	2329	331	1820	1160	611	282	1369	776	1297	39	1277	1186	237	1786	341	393	192	1382	2491	158	1345	236	241	473	1030	760	960	600	591	159	2913	180	1253	1997	1266	1369	696	184	1170	687	117	214	347	336	188	751	454	244	446	1832	1079	560	19	291	43	1612	195	330	922	72	318	109	67	301	595	168	198	147	298	1015	1389	172	1015	599	117	189	685	331	316	528	180	1496	273	905	124	26	1641	311	2445	1292	1451	306	44	1265	1347	448	4041	195	348	1623	560	327	1527	1411	61	189	1293	129	406	43	888	2017	1529	2207	190	516	234	811	1096	588	176	1265	188	2137	254	341	531	192	2661	563	1732	292	481	972	1423	209	242	1894	471	239	1081	1344	539	1140	199	1297	1119	667	597	896	194	393	591	1030	368	285	4472	798	255	1217	473	311	353	736	165	310	185	1833	1182	956	273	2081	338	288	181	295	263	1711	293	181	2961	2707	603	161	584	19	306	348	305	1151	121	2246	188	599	1714	2583	1188	553	1380	1816	612	1067	605	290	2243	570	182	579	252	338	1599	662	463	453	237	579	1712	241	173	359	210	179	304	251	447	1249	1300	228	492	1599	359	484	374	98	1369	599	129	2918	1065
350	2021	633	223	24	595	1476	202	0	221	382	1530	343	300	1425	373	1243	273	1135	257	203	299	1235	1007	2222	602	565	2420	2505	534	1698	1362	810	419	1541	622	1476	171	1456	1378	439	1982	356	593	271	1563	2312	312	1536	436	441	673	1232	933	1110	778	726	205	3062	255	1442	2179	1078	1541	547	267	1372	885	312	201	329	529	331	699	410	347	602	1635	1195	729	196	493	221	1753	178	527	1117	251	344	181	149	306	539	270	367	138	424	1140	1577	278	1140	742	312	379	885	534	483	727	254	1697	259	1096	319	191	1826	513	2637	1464	1637	434	191	1447	1522	357	4227	247	475	1808	705	217	1328	1477	157	331	1092	314	528	221	690	2204	1441	2398	275	680	346	981	1298	777	351	1076	264	2339	261	367	731	180	2860	717	1925	480	485	1128	1505	7	348	1998	666	440	1206	1538	676	1337	274	1476	994	831	693	695	355	508	726	1232	470	288	4669	906	344	1418	672	346	362	938	267	302	250	1644	1383	1128	398	2278	451	295	273	491	461	1536	301	255	3145	2898	746	316	780	196	438	475	229	1325	204	2417	264	742	1869	2777	1390	734	1516	1693	810	1268	748	302	2414	424	254	729	216	451	1775	574	634	607	439	729	1564	442	272	562	332	256	307	379	604	1424	1495	429	692	1775	279	347	543	294	1541	742	314	3107	1267
154	1849	424	397	234	464	1264	43	221	0	165	1344	278	89	1205	192	1034	212	920	221	260	116	1019	1116	2043	466	481	2231	2295	316	1861	1148	608	313	1334	812	1264	51	1244	1158	222	1784	304	390	152	1350	2485	115	1346	215	221	468	1021	725	920	566	549	130	2874	222	1224	2004	1294	1334	684	227	1161	685	91	257	391	309	145	795	497	282	468	1838	1036	523	63	279	0	1571	237	306	922	32	281	85	104	345	565	209	222	135	331	973	1359	213	973	558	91	159	664	316	278	523	223	1489	245	877	98	70	1646	296	2418	1257	1457	338	88	1233	1313	427	4011	160	305	1628	519	314	1535	1367	100	146	1304	95	363	0	911	2020	1572	2179	149	478	271	775	1084	558	198	1293	231	2126	298	384	526	234	2639	523	1732	261	525	933	1379	228	280	1850	473	220	1039	1344	566	1116	160	1264	1099	684	553	916	222	349	549	1021	404	329	4448	755	295	1209	469	273	317	722	206	354	229	1861	1173	921	229	2077	294	332	223	270	240	1744	337	224	2930	2679	562	119	559	63	338	305	286	1116	90	2211	231	558	1675	2557	1180	520	1339	1857	610	1061	564	333	2208	607	144	538	229	294	1608	704	426	476	222	538	1751	222	214	348	246	222	348	285	468	1260	1298	210	488	1608	338	521	336	113	1334	558	95	2889	1048
161	1698	319	562	392	369	1133	180	382	165	0	1187	373	129	1043	204	869	255	754	278	358	106	854	1252	1887	366	427	2130	2165	151	1954	982	446	271	1212	939	1133	212	1115	1012	57	1621	402	229	255	1218	2643	156	1187	61	63	305	855	609	829	445	491	271	2773	281	1082	1851	1442	1212	837	278	995	523	81	356	462	171	179	854	570	289	369	2003	982	420	190	113	165	1482	345	156	761	141	377	241	242	411	676	253	172	297	297	909	1217	252	909	490	81	75	506	151	204	361	283	1323	375	733	75	196	1491	131	2270	1135	1302	299	204	1100	1188	566	3869	280	292	1473	450	469	1701	1354	235	180	1470	99	344	165	1068	1863	1641	2033	249	383	274	661	918	419	151	1441	285	1960	374	427	363	340	2481	441	1571	141	562	835	1352	388	285	1796	318	61	973	1182	480	962	262	1133	1233	561	542	1077	186	343	491	855	379	400	4294	717	311	1044	308	364	417	557	252	425	293	2009	1007	802	241	1913	303	399	269	125	92	1880	402	283	2792	2533	491	155	408	190	294	292	434	993	234	2088	285	490	1570	2407	1014	397	1258	1950	449	895	495	397	2083	732	257	460	373	303	1461	790	324	379	57	460	1864	62	258	182	249	280	414	265	368	1115	1136	50	325	1461	480	645	248	112	1212	490	99	2744	885
1321	525	1183	1739	1530	962	1170	1341	1530	1344	1187	0	1537	1314	638	1347	430	1274	591	1298	1392	1237	566	2425	700	950	1051	2137	1875	1056	2554	482	745	1132	1296	1872	1170	1380	1174	941	1137	484	1564	958	1436	1192	3830	1333	60	1159	1151	885	467	1143	1342	1119	1348	1458	2689	1301	1018	669	2426	1296	2024	1289	406	669	1269	1392	1381	1132	1346	1534	1434	1218	951	3160	1609	1187	1341	1079	1344	1736	1401	1106	431	1326	1540	1427	1381	1350	1830	1275	1163	1480	1139	1523	1072	1268	1523	1317	1269	1235	875	1056	1250	830	1303	389	1558	946	1262	1343	306	1073	1717	1259	126	1128	1340	1127	1256	1750	3266	1465	1363	290	1305	1656	2849	2073	1374	1347	2607	1285	1380	1344	2138	676	2140	1548	1429	1213	1212	1163	493	1031	1178	2429	1295	956	1358	1304	829	1396	1706	1263	406	1180	1328	1302	2003	1535	1215	2211	871	1149	1551	123	930	827	1442	1170	2403	735	1497	2172	1177	1398	1348	467	1139	1356	3493	1523	1234	353	880	1525	1579	729	1278	1368	1311	2963	393	1164	1367	786	1397	1349	1279	1139	1152	2758	1347	1302	2316	1970	1312	1331	971	1341	1121	1363	1622	1183	1422	1889	1295	1317	1670	1791	382	1111	1640	2550	739	394	1317	1340	1867	1706	1441	1277	1560	1397	334	1603	1191	951	1137	1277	2603	1147	1275	1015	1215	1300	1353	1173	948	240	159	1155	865	334	1667	1634	1225	1242	1296	1317	1285	2169	615
218	2055	423	350	367	730	1229	315	343	278	373	1537	0	248	1289	189	1179	486	1041	490	498	384	1131	888	2237	730	758	2112	2239	481	2037	1267	792	591	1274	953	1229	289	1206	1173	411	1947	28	589	127	1316	2312	217	1530	384	392	655	1159	688	816	560	432	162	2751	491	1223	2205	1356	1274	513	497	1295	868	303	495	636	408	196	1031	733	560	732	1734	865	492	332	465	278	1438	471	431	1106	271	3	213	345	598	302	483	494	216	609	818	1353	488	818	456	303	309	745	481	299	708	491	1626	91	897	307	337	1843	466	2415	1199	1656	616	354	1206	1261	230	3980	121	212	1827	426	216	1450	1134	347	195	1241	278	241	278	944	2208	1784	2172	131	442	549	728	1206	598	470	1352	500	2241	549	647	709	470	2679	452	1906	357	784	842	1162	349	558	1660	684	394	884	1518	837	1158	119	1229	867	934	361	925	497	216	432	1159	683	580	4464	575	571	1350	662	12	43	848	480	602	494	1911	1309	872	174	2229	175	585	496	398	386	1833	591	492	2891	2668	462	218	629	332	615	212	166	1069	195	2138	500	456	1571	2562	1317	531	1198	2033	799	1211	462	589	2139	763	134	458	134	175	1824	915	419	741	411	458	1892	397	488	524	524	490	600	564	732	1483	1468	391	674	1824	173	689	344	384	1274	456	278	2874	1145
67	1826	335	450	316	483	1178	130	300	89	129	1314	248	0	1138	110	984	282	861	297	347	147	958	1122	2014	482	522	2142	2208	263	1950	1090	570	355	1246	902	1178	138	1158	1078	176	1743	276	356	126	1264	2518	35	1312	158	165	429	968	637	830	479	461	146	2785	299	1141	1979	1378	1246	710	301	1108	647	55	344	474	232	67	878	582	343	485	1891	950	434	149	234	89	1482	326	237	886	58	251	129	194	427	549	280	255	187	377	885	1276	282	885	469	55	85	592	263	188	485	300	1437	245	796	59	156	1618	244	2337	1168	1430	382	173	1148	1225	437	3927	151	221	1601	430	346	1592	1291	190	68	1366	30	280	89	989	1989	1658	2097	120	388	330	686	1027	477	230	1376	306	2069	381	460	486	322	2565	433	1694	181	601	843	1299	307	340	1765	447	166	951	1306	592	1040	133	1178	1103	687	475	990	261	269	461	968	456	411	4371	671	360	1158	433	239	290	663	277	437	307	1944	1120	833	150	2032	217	413	295	199	174	1831	418	301	2845	2597	472	37	483	149	380	221	308	1029	115	2123	306	469	1586	2477	1128	435	1250	1946	575	1012	475	414	2120	696	128	449	246	217	1590	792	338	494	176	449	1840	168	285	301	304	298	429	335	484	1245	1258	159	449	1590	352	611	247	148	1246	469	30	2807	984
1112	1077	867	1586	1435	1027	535	1223	1425	1205	1043	638	1289	1138	0	1117	317	1240	313	1268	1366	1134	214	2121	1169	1011	1152	1520	1329	891	2822	172	672	1141	660	1936	535	1254	541	313	985	785	1310	854	1230	553	3583	1141	585	989	984	777	292	681	798	744	953	1278	2102	1272	382	1176	2469	660	1802	1263	243	621	1114	1365	1418	907	1138	1710	1507	1220	1015	3019	1056	819	1232	933	1205	1100	1362	901	519	1176	1291	1267	1283	1372	1534	1241	1114	1325	1160	979	437	1235	979	919	1114	1053	548	891	994	734	1274	425	1344	437	1107	1238	860	911	1295	628	744	1152	1244	493	619	1519	2904	1264	1079	855	924	1470	2727	1507	1276	1138	2504	1117	1068	1205	2109	1114	2440	1078	1223	863	1207	675	205	690	1116	2469	1270	959	1357	1352	728	1357	1446	884	794	960	1436	753	1421	1431	1215	1579	816	984	990	527	1066	213	1233	535	2095	902	1108	2120	1133	1092	953	292	1204	1370	3267	1055	1243	286	785	1276	1322	493	1241	1390	1284	3034	253	615	1118	1010	1117	1365	1252	938	966	2878	1365	1274	1868	1562	912	1137	662	1232	1143	1079	1424	572	1252	1312	1270	919	1033	1412	262	763	1022	2818	681	331	915	1359	1295	1738	1242	890	1364	1117	957	1719	872	1021	985	890	2802	983	1243	867	1196	1271	1375	1172	1011	809	480	995	762	957	1453	1653	945	1141	660	919	1117	1773	162
46	1866	269	476	393	574	1109	235	373	192	204	1347	189	110	1117	0	993	393	858	408	452	255	950	1077	2047	570	624	2050	2135	293	2050	1085	603	460	1169	990	1109	233	1088	1027	230	1759	216	404	116	1196	2499	77	1341	200	208	466	973	563	738	415	360	176	2692	409	1085	2016	1446	1169	694	411	1110	678	157	449	583	220	47	987	689	453	573	1902	844	359	255	280	192	1385	429	242	916	165	192	192	294	536	487	391	358	239	483	782	1218	393	782	372	157	131	569	293	124	520	410	1441	228	746	157	262	1653	278	2282	1092	1467	487	280	1082	1151	411	3863	150	112	1637	334	354	1611	1180	292	46	1392	130	170	192	1047	2018	1765	2040	110	309	440	610	1024	433	334	1444	417	2062	490	571	520	426	2527	344	1717	168	711	755	1189	380	450	1658	499	211	848	1329	684	1000	118	1109	1056	761	364	1041	367	158	360	973	563	520	4324	562	470	1165	474	177	231	663	388	545	417	2010	1124	757	39	2042	106	523	406	208	198	1909	528	411	2778	2539	376	74	454	255	484	112	307	955	168	2044	417	372	1497	2425	1132	376	1151	2046	610	1023	378	524	2042	787	131	357	248	106	1636	896	268	583	230	357	1932	213	396	336	413	409	539	443	572	1297	1279	209	485	1636	338	704	180	257	1169	372	130	2748	968
976	944	789	1431	1249	764	790	1042	1243	1034	869	430	1179	984	317	993	0	1022	162	1050	1149	944	149	2055	1090	748	882	1821	1646	721	2531	158	437	902	917	1695	790	1078	790	558	813	768	1205	650	1095	830	3492	996	397	826	819	569	38	715	911	706	935	1131	2414	1053	645	1074	2241	917	1687	1043	132	368	948	1148	1178	772	1001	1432	1256	987	752	2872	1178	777	1047	755	1034	1349	1150	754	205	1010	1183	1109	1095	1136	1458	1023	898	1166	918	1092	732	1017	1092	903	948	900	463	721	881	516	1055	454	1217	516	941	1051	719	741	1595	868	555	908	1053	745	877	1404	3198	1127	987	707	894	1330	2569	1644	1087	1002	2336	958	993	1034	1906	1050	2140	1386	1088	809	976	733	111	624	906	2242	1049	1097	1129	1106	512	1144	1702	852	735	825	1172	873	1575	1249	983	1810	586	819	1121	363	783	442	1100	790	2032	605	1088	1926	916	1014	935	38	948	1137	3525	1097	1008	174	572	1167	1218	332	1024	1155	1065	2800	141	736	1005	1049	1023	1131	1032	790	811	2627	1130	1055	2176	1861	897	993	570	1047	900	987	1289	774	1098	1628	1049	903	1311	1702	147	704	1229	2526	440	37	901	1124	1611	1506	1104	865	1227	1023	764	1458	796	756	813	865	2527	816	1025	686	971	1052	1139	939	747	534	308	827	551	764	1328	1424	845	949	917	903	958	2070	212
349	1756	573	496	266	324	1381	171	273	212	255	1274	486	282	1240	393	1022	0	935	28	126	152	1037	1271	1961	332	296	2385	2412	375	1699	1155	585	147	1464	702	1381	197	1363	1246	296	1737	510	386	363	1464	2582	316	1285	314	315	463	1016	863	1083	700	733	326	3028	31	1320	1915	1228	1464	817	24	1154	655	244	125	207	425	348	602	315	78	332	1886	1225	675	153	329	212	1737	128	405	875	231	489	275	151	156	756	2	126	295	151	1156	1455	5	1156	736	244	307	731	375	446	511	33	1470	436	973	246	148	1565	357	2499	1387	1377	161	131	1346	1439	596	4103	365	504	1547	696	462	1575	1574	147	349	1333	268	561	212	883	1945	1388	2264	361	636	74	916	1091	667	126	1229	31	2118	122	178	516	123	2686	692	1674	395	318	1089	1582	276	78	2041	436	311	1221	1292	403	1186	371	1381	1257	561	758	907	107	552	733	1016	206	145	4506	951	85	1195	457	482	522	747	6	170	43	1793	1164	1056	432	2036	500	144	14	379	346	1647	147	33	3031	2763	738	319	647	153	165	504	453	1244	291	2338	31	736	1825	2630	1169	651	1511	1695	582	1043	742	142	2332	499	353	710	408	500	1508	535	578	336	296	710	1615	312	3	384	60	30	159	106	334	1156	1252	300	480	1508	508	413	497	147	1464	736	268	2975	1079
845	1106	638	1311	1144	714	685	933	1135	920	754	591	1041	861	313	858	162	935	0	963	1062	839	102	1908	1250	698	839	1739	1609	603	2513	228	360	830	809	1626	685	966	680	461	697	917	1065	551	965	737	3353	869	559	706	699	472	129	553	755	547	776	1006	2348	966	552	1236	2164	809	1553	957	255	309	831	1060	1108	639	871	1398	1195	911	702	2752	1021	620	940	642	920	1228	1060	625	270	893	1044	989	990	1062	1312	936	809	1047	849	934	659	930	934	743	831	776	307	603	741	425	968	584	1085	363	823	945	881	623	1605	752	716	840	949	639	770	1269	3215	998	842	869	736	1203	2453	1487	983	872	2224	837	844	920	1812	1209	2135	1384	958	654	898	572	165	468	813	2164	964	1208	1049	1040	419	1054	1755	694	891	692	1122	719	1422	1142	906	1678	505	700	966	525	756	352	970	685	1884	601	930	1827	828	866	776	129	891	1061	3578	934	933	314	478	1028	1079	198	936	1081	979	2727	269	584	867	1190	879	1056	946	663	687	2567	1056	968	2172	1872	737	866	419	940	831	842	1160	644	976	1576	964	743	1210	1724	279	548	1091	2508	368	199	741	1049	1562	1430	975	706	1099	879	924	1406	645	708	697	706	2489	697	938	573	889	966	1066	862	698	672	470	709	455	924	1196	1346	701	845	809	743	837	2084	154
364	1778	596	481	249	344	1407	179	257	221	278	1298	490	297	1268	408	1050	28	963	0	99	174	1065	1260	1983	353	308	2409	2438	402	1675	1183	613	167	1489	674	1407	201	1389	1273	322	1762	514	414	370	1490	2563	330	1310	338	339	491	1044	888	1106	724	752	329	3052	3	1348	1937	1200	1489	804	9	1182	682	262	98	183	449	362	583	292	90	353	1863	1244	698	160	356	221	1759	103	430	901	243	493	277	149	133	754	27	154	293	168	1176	1483	32	1176	756	262	327	759	402	466	539	5	1497	436	1000	265	154	1588	384	2526	1412	1400	178	136	1372	1464	590	4130	369	519	1569	716	454	1551	1587	145	363	1309	285	577	221	856	1969	1367	2292	368	658	90	940	1119	693	154	1201	9	2145	96	163	544	97	2714	713	1699	418	304	1113	1597	260	91	2059	463	336	1241	1317	419	1214	377	1407	1247	581	772	880	135	566	752	1044	214	121	4534	968	88	1222	485	487	525	775	28	146	15	1765	1191	1081	446	2062	513	121	18	403	371	1619	125	5	3059	2791	759	333	673	160	184	519	448	1270	295	2364	9	756	1849	2658	1196	675	1533	1671	609	1070	762	119	2358	471	358	730	406	513	1529	511	601	356	322	730	1589	337	25	412	82	2	136	126	355	1177	1278	325	507	1529	502	385	518	169	1489	756	285	3002	1107
413	1867	667	419	187	433	1492	217	203	260	358	1392	498	347	1366	452	1149	126	1062	99	0	252	1164	1207	2074	444	378	2482	2524	492	1605	1282	712	259	1570	582	1492	221	1473	1364	407	1859	518	511	390	1576	2481	375	1405	419	421	590	1143	965	1173	802	808	336	3125	96	1437	2027	1103	1570	745	106	1281	781	324	2	138	529	405	538	239	174	443	1771	1296	769	197	446	260	1826	27	514	999	289	500	288	159	104	734	126	252	284	255	1232	1572	131	1232	816	324	395	852	492	529	638	93	1596	429	1088	329	190	1680	473	2620	1493	1493	265	173	1458	1547	557	4222	380	565	1661	776	417	1458	1620	161	406	1214	342	622	260	757	2061	1312	2384	390	727	180	1016	1218	777	250	1103	99	2244	58	164	642	27	2812	777	1795	492	290	1183	1636	203	177	2110	563	419	1298	1414	497	1308	396	1492	1195	669	811	783	234	608	808	1143	280	86	4631	1014	161	1321	583	497	527	873	125	105	83	1668	1291	1159	488	2159	553	93	117	484	451	1526	99	94	3148	2884	819	379	762	197	272	565	422	1351	311	2447	99	816	1923	2753	1296	754	1596	1601	708	1169	821	99	2442	377	375	793	392	553	1617	445	671	445	407	793	1506	419	124	506	179	96	106	219	445	1265	1375	407	606	1617	475	290	585	246	1570	816	342	3095	1205
208	1738	421	501	305	349	1240	103	299	116	106	1237	384	147	1134	255	944	152	839	174	252	0	940	1232	1934	350	375	2235	2272	246	1849	1065	510	208	1318	833	1240	143	1221	1115	156	1684	412	293	257	1324	2594	183	1241	167	169	374	933	714	931	551	582	246	2878	176	1186	1894	1342	1318	798	174	1073	585	98	249	358	277	214	754	466	200	352	1933	1074	523	104	201	116	1585	239	261	819	114	388	201	151	307	678	150	109	247	230	1004	1322	150	1004	584	98	155	606	246	294	428	178	1397	360	837	99	108	1537	226	2373	1241	1348	235	110	1206	1295	543	3973	271	360	1519	545	428	1627	1432	144	215	1392	125	417	116	974	1913	1540	2136	253	484	186	767	1001	525	85	1341	181	2040	269	329	431	234	2577	539	1629	244	467	938	1435	305	196	1890	369	166	1069	1241	453	1063	265	1240	1215	568	615	987	114	410	582	933	309	295	4392	803	219	1118	372	377	426	644	148	321	187	1909	1084	909	294	1979	361	295	166	232	199	1776	299	179	2897	2636	586	184	512	104	233	360	402	1099	205	2195	181	584	1676	2508	1090	503	1359	1845	511	968	590	293	2190	627	252	557	345	361	1496	685	426	360	156	557	1758	167	155	267	159	176	310	188	352	1147	1197	155	393	1496	454	540	345	6	1318	584	125	2847	975
940	1065	720	1408	1244	814	642	1033	1235	1019	854	566	1131	958	214	950	149	1037	102	1065	1164	940	0	1990	1195	797	938	1681	1528	702	2608	136	461	932	769	1728	642	1066	641	411	796	846	1154	653	1059	685	3440	965	526	804	798	574	112	599	777	617	843	1102	2281	1069	500	1187	2266	769	1644	1059	184	407	929	1163	1210	733	965	1496	1296	1013	801	2848	1044	692	1040	742	1019	1200	1162	721	324	991	1134	1086	1091	1165	1395	1038	911	1144	950	960	594	1032	960	809	929	872	388	702	831	527	1071	501	1178	382	922	1045	840	722	1509	719	688	942	1050	597	729	1360	3118	1093	928	830	806	1298	2550	1508	1083	966	2323	935	926	1019	1914	1150	2227	1291	1052	730	1001	611	83	546	915	2266	1066	1112	1151	1142	522	1156	1653	764	828	787	1223	737	1436	1242	1008	1661	607	798	985	483	852	295	1063	642	1965	690	998	1928	930	949	843	112	992	1163	3476	984	1035	247	580	1118	1167	296	1039	1183	1081	2829	199	598	957	1108	965	1158	1048	759	784	2669	1158	1070	2080	1776	802	961	503	1040	933	928	1254	625	1073	1501	1066	809	1165	1626	210	625	1081	2604	469	180	807	1151	1486	1532	1070	774	1193	965	901	1507	727	807	796	774	2588	796	1040	673	991	1068	1168	965	797	683	428	808	557	901	1288	1448	788	946	769	809	935	1987	68
1105	2944	1270	790	1020	1577	1917	1135	1007	1116	1252	2425	888	1122	2121	1077	2055	1271	1908	1260	1207	1232	1990	0	3124	1580	1568	2530	2809	1370	2256	2127	1681	1411	1914	1279	1917	1096	1893	1939	1296	2824	860	1475	997	1998	1468	1098	2417	1271	1279	1543	2031	1452	1453	1379	1170	988	3117	1259	1962	3093	1322	1914	465	1270	2163	1756	1173	1206	1316	1293	1082	1595	1366	1349	1582	1093	1332	1303	1144	1351	1116	1890	1184	1318	1994	1125	885	1031	1123	1305	597	1269	1334	988	1421	1345	2075	1275	1345	1204	1173	1194	1602	1370	1177	1597	1258	2491	878	1693	1179	1144	2731	1354	3085	1853	2544	1430	1155	1910	1917	688	4554	972	1068	2715	1196	810	919	1270	1129	1081	849	1153	1064	1116	992	3094	2160	2845	1003	1261	1345	1472	2070	1443	1311	1314	1268	3080	1265	1368	1597	1187	3417	1237	2788	1244	1468	1496	1371	1005	1349	1884	1569	1281	1390	2402	1671	1956	990	1917	29	1801	1019	917	1329	1042	1170	2031	1475	1288	5129	1137	1349	2222	1550	900	846	1723	1265	1298	1255	1724	2178	1588	1057	3098	1033	1296	1274	1286	1274	1788	1302	1259	3474	3315	1212	1100	1489	1144	1433	1068	830	1756	1028	2677	1268	1204	2080	3244	2187	1365	1666	2252	1688	2088	1208	1304	2687	1204	994	1231	886	1033	2711	1435	1263	1589	1296	1231	2007	1283	1272	1412	1327	1259	1305	1374	1582	2368	2351	1276	1562	2711	778	1189	1210	1229	1914	1204	1153	3508	1993
2022	226	1872	2435	2221	1641	1676	2038	2222	2043	1887	700	2237	2014	1169	2047	1090	1961	1250	1983	2074	1934	1195	3124	0	1630	1715	2460	2068	1757	3050	1072	1445	1816	1790	2512	1676	2077	1688	1476	1837	403	2264	1658	2136	1667	4528	2034	708	1859	1851	1585	1121	1795	1958	1796	2025	2158	2911	1986	1529	83	3062	1790	2724	1974	1011	1369	1968	2074	2048	1830	2046	2138	2088	1900	1631	3846	2221	1867	2036	1780	2043	2218	2085	1805	1130	2025	2240	2126	2075	2022	2529	1962	1855	2178	1819	2141	1531	1955	2141	1993	1968	1936	1552	1757	1947	1530	1988	747	2259	1571	1962	2039	397	1774	1758	1776	586	1809	2035	1641	1752	2451	3111	2165	2060	414	1984	2355	3532	2676	2068	2047	3287	1985	2073	2043	2805	73	2626	1674	2129	1898	1895	1805	1111	1713	1871	3066	1979	748	2035	1971	1529	2080	1559	1942	375	1879	1974	1914	2591	2227	1897	2705	1570	1850	2157	728	1591	1382	2142	1676	3102	1406	2178	2844	1867	2092	2025	1121	1809	2031	3170	2180	1914	948	1580	2225	2278	1414	1965	2039	1996	3576	995	1774	2066	417	2094	2023	1965	1838	1852	3349	2020	1987	2327	1961	1987	2031	1656	2036	1802	2060	2322	1740	2121	2134	1979	1993	2099	1770	984	1793	2179	3046	1440	1054	1992	2014	2106	2363	2141	1955	2260	2094	476	2232	1880	1629	1837	1955	3149	1847	1962	1715	1901	1985	2025	1857	1629	814	782	1856	1566	476	2367	2298	1920	1939	1790	1993	1985	2124	1222
527	1424	604	824	598	16	1267	444	602	466	366	950	730	482	1011	570	748	332	698	353	444	350	797	1580	1630	0	143	2318	2272	347	1822	896	341	185	1369	949	1267	483	1253	1090	351	1422	758	256	604	1341	2914	515	965	384	378	286	751	825	1076	677	808	596	2952	356	1175	1583	1500	1369	1137	344	880	390	427	444	438	453	542	702	508	269	4	2215	1277	689	437	324	466	1708	455	417	574	463	733	550	463	402	1028	334	246	592	189	1195	1303	327	1195	797	427	440	593	347	547	303	358	1178	711	849	424	436	1236	346	2302	1296	1048	178	427	1226	1338	893	3912	621	651	1217	761	771	1902	1685	457	543	1658	453	699	466	1190	1617	1459	2077	599	670	264	877	834	606	269	1501	349	1828	407	362	310	450	2446	738	1354	463	425	1068	1669	606	266	2074	220	374	1254	978	119	1006	612	1267	1564	228	890	1222	252	702	808	751	200	407	4270	1041	284	912	271	721	772	542	337	420	365	2054	888	994	607	1723	667	400	335	420	404	1878	398	357	2860	2569	796	515	556	437	172	651	750	1156	556	2218	349	797	1759	2423	891	631	1506	1818	331	762	800	391	2208	767	601	758	695	667	1175	711	613	15	351	758	1790	372	333	318	272	355	405	227	2	823	942	371	291	1175	803	690	569	353	1369	797	453	2780	851
578	1502	708	789	555	126	1406	449	565	481	427	1051	758	522	1152	624	882	296	839	308	378	375	938	1568	1715	143	0	2453	2414	453	1679	1033	484	167	1507	826	1406	483	1392	1232	431	1530	785	381	631	1482	2859	557	1072	462	458	424	887	950	1197	796	904	608	3089	310	1316	1663	1380	1507	1112	299	1014	530	469	379	333	550	587	559	385	218	138	2136	1384	799	436	420	481	1837	396	516	700	488	762	558	447	309	1044	299	266	588	150	1305	1446	292	1305	896	469	502	731	453	626	445	311	1303	723	987	467	433	1325	446	2444	1433	1141	143	419	1365	1476	891	4054	641	719	1306	859	759	1821	1777	441	589	1575	496	772	481	1091	1706	1318	2219	627	775	222	1002	972	732	291	1382	301	1951	329	256	451	392	2583	840	1457	549	290	1192	1769	568	218	2190	360	454	1367	1090	123	1149	639	1406	1554	315	969	1129	261	770	904	887	98	319	4407	1135	221	1042	409	752	799	685	302	325	315	1928	1020	1125	663	1832	727	311	293	511	488	1745	307	310	3003	2711	896	558	687	436	143	719	747	1292	570	2359	301	896	1894	2564	1023	749	1628	1675	473	894	901	302	2349	655	624	861	699	727	1250	576	716	131	431	861	1650	452	296	432	242	310	311	197	142	901	1058	447	430	1250	802	584	659	375	1507	896	496	2923	993
2080	2464	1814	2458	2442	2333	1063	2271	2420	2231	2130	2137	2112	2142	1520	2050	1821	2385	1739	2409	2482	2235	1681	2530	2460	2318	2453	0	537	2027	4085	1692	2007	2361	950	3040	1063	2279	1073	1277	2091	2068	2113	2074	2149	1002	3874	2119	2079	2071	2071	2031	1789	1522	1311	1686	1694	2216	642	2412	1187	2503	3466	950	2482	2409	1763	1998	2158	2479	2593	1960	2095	2976	2700	2410	2322	3619	1264	1712	2288	2070	2231	675	2464	1983	2004	2200	2112	2241	2336	2542	2158	2384	2284	2283	2387	1296	1089	2383	1296	1678	2158	2087	1725	2027	1954	2019	2414	1804	2202	1472	2153	2296	2286	2040	1010	1022	2224	2383	2311	1108	985	2277	2069	2177	1945	2287	1716	2325	3405	1282	2332	2094	3254	2141	1893	2231	3052	2389	3760	901	2146	1755	2394	1470	1714	1730	2271	3463	2416	1829	2504	2553	2012	2460	1475	1708	2135	1991	2680	1298	1168	2427	2405	733	2098	2074	1232	2016	2415	1389	2147	1063	2501	2309	1754	3025	2303	1915	1694	1789	2460	2530	2754	1544	2433	1799	2046	2103	2116	1807	2383	2556	2423	4014	1772	1334	2022	2110	1970	2530	2399	2006	2039	3946	2533	2414	1061	1088	1674	2115	1768	2288	2375	1945	2277	1161	2217	389	2416	1678	561	1147	1781	1735	917	4081	2022	1844	1672	2527	421	2837	2166	1694	2243	1970	2423	2921	1810	2332	2091	1694	3982	2074	2388	2034	2372	2411	2545	2373	2318	2329	1979	2085	2027	2423	2269	2753	1897	2241	950	1678	2141	1202	1613
2155	2110	1872	2588	2523	2288	1032	2329	2505	2295	2165	1875	2239	2208	1329	2135	1646	2412	1609	2438	2524	2272	1528	2809	2068	2272	2414	537	0	2037	4089	1495	1935	2355	966	3104	1032	2346	1051	1181	2117	1701	2247	2055	2246	947	4220	2193	1814	2104	2102	1995	1621	1572	1426	1729	1807	2310	843	2441	1098	2122	3581	966	2677	2436	1556	1906	2211	2522	2614	1996	2175	2966	2717	2419	2276	3873	1479	1776	2344	2083	2295	934	2511	2010	1848	2263	2240	2324	2396	2564	2353	2411	2296	2374	2379	1480	968	2408	1480	1783	2211	2139	1692	2037	2022	1969	2443	1501	2323	1440	2205	2351	1961	2054	472	1042	1938	2373	2364	1065	983	2436	1752	2278	2044	1967	1814	2454	3630	1643	2390	2174	3452	2200	2001	2295	3178	1995	3730	406	2241	1825	2403	1524	1535	1746	2288	3579	2443	1376	2534	2562	1962	2506	938	1795	1782	2037	2673	1397	1521	2512	2414	1197	2054	2105	1426	1751	2351	1269	2245	1032	2779	2210	1905	3164	2316	2025	1807	1621	2442	2556	2341	1718	2443	1575	2008	2228	2252	1730	2410	2580	2453	4144	1560	1377	2114	1685	2076	2554	2425	2040	2073	4040	2556	2443	665	573	1777	2189	1765	2344	2365	2044	2404	1180	2302	161	2443	1783	730	611	1566	1775	1143	4085	1948	1659	1777	2549	136	2897	2262	1785	2360	2076	2116	2940	1871	2285	2117	1785	4027	2104	2415	2033	2385	2440	2567	2376	2272	2094	1725	2116	1986	2116	2408	2810	1962	2278	966	1783	2200	726	1462
264	1573	257	710	544	357	1008	331	534	316	151	1056	481	263	891	293	721	375	603	402	492	246	702	1370	1757	347	453	2027	2037	0	2064	831	311	334	1094	1075	1008	363	990	872	94	1479	509	117	380	1090	2779	278	1052	105	98	173	706	507	747	347	460	410	2667	405	945	1724	1588	1094	972	399	846	387	228	490	577	108	289	949	682	385	352	2152	932	346	340	46	316	1393	483	71	626	290	485	387	392	526	780	374	260	445	361	852	1080	371	852	449	228	180	360	0	219	227	407	1175	503	597	220	346	1362	20	2127	1018	1174	358	353	972	1068	694	3729	410	336	1345	413	609	1851	1338	385	290	1621	236	373	316	1218	1730	1733	1892	373	323	369	560	767	297	251	1587	406	1810	497	529	227	478	2331	390	1432	135	652	745	1322	540	380	1737	211	97	913	1043	467	817	386	1008	1349	493	552	1228	279	382	460	706	437	518	4146	693	409	896	181	470	524	405	374	543	417	2155	858	693	318	1768	361	516	388	88	95	2019	518	407	2657	2391	448	276	271	340	351	336	570	875	377	1966	406	449	1466	2262	865	298	1179	2060	318	749	453	512	1959	870	386	411	508	361	1342	904	266	363	94	411	1989	95	378	43	349	404	530	346	349	1004	996	106	192	1342	612	782	227	252	1094	449	236	2602	733
2015	2825	2271	1742	1674	1806	3069	1820	1698	1861	1954	2554	2037	1950	2822	2050	2531	1699	2513	1675	1605	1849	2608	2256	3050	1822	1679	4085	4089	2064	0	2688	2163	1736	3159	1089	3069	1816	3052	2908	1995	3022	2046	2035	1965	3149	2747	1976	2597	2014	2014	2094	2543	2563	2779	2399	2410	1900	4727	1673	2991	2974	966	3159	1912	1676	2655	2204	1929	1608	1492	2124	2003	1123	1385	1679	1818	1902	2891	2373	1801	2019	1861	3432	1624	2103	2330	1892	2038	1866	1757	1543	2137	1700	1804	1834	1711	2832	3122	1702	2832	2420	1929	1999	2398	2064	2135	2122	1671	2895	1948	2652	1934	1794	2736	2049	4118	3082	2594	1717	1778	3031	3132	1956	5726	1944	2161	2717	2381	1853	1691	3158	1760	2004	1545	1947	2217	1861	1269	3074	424	3897	1968	2331	1695	2615	2631	2361	1816	975	1669	3510	1580	1535	2129	1628	4222	2383	2927	2094	1417	2788	3197	1691	1684	3696	2036	2011	2898	2638	1756	2829	1970	3069	2265	1926	2391	1340	1785	2200	2410	2543	1647	1554	6036	2603	1655	2669	2081	2042	2049	2365	1702	1528	1661	962	2658	2755	2083	3310	2143	1555	1685	2078	2046	682	1551	1670	4683	4385	2423	1980	2332	1801	1725	2161	1892	2940	1890	4027	1669	2420	3525	4232	2658	2350	3201	4	2151	2534	2425	1557	4019	1274	1949	2399	1904	2143	2593	1164	2275	1810	1995	2399	313	2011	1696	2062	1716	1673	1540	1719	1822	2329	2625	2000	2103	2593	1922	1351	2190	1844	3159	2420	1947	4596	2667
1073	955	857	1539	1370	912	690	1160	1362	1148	982	482	1267	1090	172	1085	158	1155	228	1183	1282	1065	136	2127	1072	896	1033	1692	1495	831	2688	0	571	1042	817	1838	690	1194	693	459	925	713	1290	774	1193	717	3577	1097	433	934	928	694	146	727	888	753	977	1234	2274	1186	538	1068	2380	817	1779	1176	75	508	1059	1280	1320	867	1099	1586	1401	1125	900	2981	1154	828	1166	869	1148	1256	1281	854	363	1121	1270	1217	1216	1276	1532	1156	1029	1275	1059	1071	607	1150	1071	943	1059	1004	525	831	967	644	1188	365	1312	498	1052	1171	732	851	1436	777	596	1050	1175	646	776	1495	3040	1226	1064	723	941	1432	2682	1614	1209	1100	2452	1065	1063	1148	2035	1024	2298	1228	1186	867	1114	734	64	683	1034	2381	1183	979	1266	1249	639	1275	1550	899	701	920	1321	846	1537	1369	1121	1729	720	928	1091	381	938	345	1197	690	2102	762	1133	2052	1047	1086	977	146	1094	1276	3374	1112	1147	132	698	1254	1303	426	1157	1294	1198	2941	89	705	1093	972	1102	1270	1165	891	915	2774	1270	1188	2019	1702	936	1094	640	1166	1041	1064	1388	703	1205	1483	1183	943	1199	1544	99	761	1159	2684	577	164	941	1263	1465	1645	1203	909	1327	1102	810	1607	864	904	925	909	2681	926	1157	800	1106	1185	1279	1077	895	639	329	937	676	810	1423	1562	925	1071	817	943	1065	1912	150
576	1263	478	1006	815	358	946	611	810	608	446	745	792	570	672	603	437	585	360	613	712	510	461	1681	1445	341	484	2007	1935	311	2163	571	0	471	1056	1268	946	649	934	755	393	1176	820	218	690	1016	3088	588	742	414	406	141	431	582	835	474	675	716	2634	616	843	1412	1809	1056	1281	606	569	76	527	711	749	393	600	1043	835	554	346	2443	1072	520	614	335	608	1427	713	364	316	587	796	687	661	705	1089	586	461	743	489	985	968	580	985	652	527	490	295	311	513	85	618	888	813	536	521	618	1050	328	1960	987	863	480	619	903	1022	1005	3570	720	630	1034	627	915	2138	1519	653	602	1902	541	655	608	1468	1419	1795	1735	684	527	542	626	507	382	468	1810	613	1534	694	680	84	707	2114	590	1124	438	763	815	1480	816	549	1830	149	404	1035	736	416	667	697	946	1660	310	804	1489	478	669	675	431	531	704	3938	891	576	610	138	781	834	205	587	723	628	2370	579	715	625	1469	660	699	595	395	407	2207	699	618	2519	2227	648	586	316	614	471	630	878	853	680	1887	613	652	1455	2082	584	443	1245	2159	16	459	653	692	1876	1074	696	609	816	660	1035	1046	487	353	393	609	2131	402	588	269	535	615	708	505	341	703	690	411	121	1035	922	990	498	516	1056	652	541	2439	511
