NAME : VRPTW_INSTANCE_282.txt
COMMENT : Bangkok Supermarket
TYPE : VRPTW
DIMENSION : 243
DAYS : Monday
EDGE_WEIGHT_TYPE : EXPLICIT
VEHICLES : 33
EDGE_WEIGHT_FORMAT : FULL_MATRIX
CAPACITY : 1000
EDGE_WEIGHT_SECTION
0	231	79	170	436	2970	916	1123	830	1001	1994	97	506	962	3309	172	1264	355	1225	303	1002	223	525	1991	86	364	437	474	1504	401	332	298	119	208	106	865	190	1085	190	1742	206	128	359	404	539	379	978	309	1028	288	97	228	284	935	393	2128	37	373	534	957	705	474	328	1080	1095	985	826	46	282	91	790	382	283	1919	820	83	96	1815	119	982	288	83	1026	405	543	940	1986	401	976	986	215	2817	540	502	309	264	217	1036	288	786	154	207	1134	404	199	1036	73	367	355	223	2921	150	576	189	474	453	359	154	390	358	3881	1926	210	153	530	394	124	118	395	37	428	451	449	815	170	207	397	154	1658	582	404	214	1171	612	871	581	59	135	189	482	720	152	1028	948	428	152	359	153	428	258	1213	1014	193	2764	1064	221	546	581	2859	1003	191	91	213	419	289	586	14	252	492	126	1037	359	506	199	485	830	438	397	3232	1028	1202	155	283	986	428	101	760	550	94	3545	91	367	155	351	309	993	700	614	22	807	775	368	910	1029	199	124	227	503	208	1596	639	2083	365	428	2533	185	298	418	1727	1331	556	581	532	1408	1408	91	189	917	1742	815	428	168	183
231	0	307	393	437	3116	1029	1354	1059	1097	1998	149	531	1019	3471	237	1458	366	1419	131	1098	361	747	1915	313	138	265	417	1273	173	563	221	234	91	152	806	41	1312	236	1870	352	253	585	631	567	151	1038	171	1243	148	234	285	488	924	168	2280	195	234	379	1024	782	417	106	1265	1162	1040	1055	272	484	211	874	245	484	1921	1049	147	148	1622	239	1179	148	159	944	200	400	1031	1970	173	1078	1052	25	2977	431	271	171	334	24	1091	148	986	385	352	1197	194	326	1091	299	140	133	22	3086	296	600	383	509	598	585	83	616	136	4029	1970	30	311	731	170	351	343	265	194	621	245	469	986	148	33	622	385	1840	783	631	271	1394	458	905	661	172	324	383	251	590	377	1243	1039	639	377	585	236	621	459	1401	1070	401	2912	1137	342	428	594	3024	1068	40	211	354	637	282	757	220	386	522	355	1113	585	531	326	254	1060	265	622	3449	1243	1276	328	484	1052	230	293	837	690	164	3714	211	140	328	130	522	1190	469	672	227	1037	697	140	839	966	73	317	364	535	90	1401	471	2302	137	652	2668	309	213	216	1877	1356	340	598	563	1635	1311	211	383	1106	1724	986	234	191	369
79	307	0	91	485	2946	915	1050	760	1006	2025	176	546	981	3278	231	1221	359	1181	382	1007	190	466	1997	7	442	516	493	1580	474	261	337	136	288	184	920	266	1020	211	1728	224	134	299	341	576	457	995	386	971	366	115	279	249	976	465	2103	111	422	581	973	720	493	406	1042	1109	1005	756	34	249	156	801	431	251	1950	751	159	176	1867	133	938	366	162	1040	485	617	946	2022	473	978	1002	290	2787	610	578	386	306	291	1054	366	741	78	173	1149	483	229	1054	9	445	434	297	2889	131	613	175	511	448	299	226	327	437	3855	1944	284	175	488	472	45	38	441	113	395	530	492	787	221	281	336	78	1619	540	341	267	1091	687	899	547	138	140	175	559	790	73	971	955	381	73	299	170	395	229	1173	1033	165	2739	1076	249	617	622	2828	1018	267	156	180	365	308	518	87	216	531	48	1048	299	546	229	562	760	517	336	3172	971	1213	168	251	1002	491	69	774	544	171	3510	156	445	168	430	264	950	777	639	80	737	835	446	967	1083	267	129	194	541	287	1649	716	2022	442	366	2514	219	340	498	1703	1358	623	621	568	1329	1423	156	175	878	1779	787	507	205	177
170	393	91	0	558	2933	933	975	690	1030	2074	267	610	1022	3256	315	1187	373	1147	473	1031	177	418	1995	84	530	607	517	1665	556	197	388	189	379	275	995	353	955	254	1728	282	179	254	288	638	544	1034	477	921	457	175	357	250	1038	545	2090	200	480	633	1010	760	517	495	1017	1143	1046	685	124	252	245	835	488	255	2000	682	247	267	1918	185	905	457	253	1050	575	707	974	2077	555	1001	1039	374	2767	696	664	477	377	376	1094	457	709	46	162	1184	573	294	1094	96	532	522	381	2866	153	675	212	574	471	254	310	278	525	3840	1979	368	242	465	561	47	52	495	202	388	621	560	777	289	365	289	46	1590	514	288	347	1002	777	950	509	227	200	212	644	877	17	921	983	354	17	254	216	388	240	1144	1073	187	2725	1109	313	705	686	2806	1055	354	245	169	328	341	439	177	195	594	48	1080	254	610	294	647	689	608	289	3113	921	1244	228	255	1039	562	110	812	563	263	3484	245	533	228	519	249	917	862	689	167	668	914	533	1043	1157	346	192	180	604	378	1703	807	1963	530	317	2508	289	393	588	1693	1404	696	684	630	1242	1434	245	212	852	1836	777	598	263	222
436	437	485	558	0	2726	633	1280	984	682	1572	380	98	585	3102	264	1182	762	1147	339	684	659	653	2352	492	451	331	846	1428	545	596	646	543	347	365	437	424	1181	598	1472	283	558	557	600	133	466	605	290	1054	304	526	207	419	502	552	1904	437	671	810	593	367	846	423	975	730	605	984	469	414	346	459	682	409	1495	972	426	381	1983	545	929	304	388	1381	398	299	615	1555	545	669	620	451	2607	231	556	290	180	452	656	304	765	516	643	763	409	264	656	485	456	430	455	2722	585	164	366	90	327	557	449	583	433	3640	1533	452	316	559	448	516	515	702	433	456	412	44	688	530	452	580	516	1523	597	600	221	1449	358	468	1016	417	358	366	544	386	542	1054	622	526	542	557	571	456	398	1112	635	400	2527	707	247	251	157	2659	636	423	346	649	557	682	997	441	688	93	510	685	557	98	264	545	988	333	580	3216	1054	845	331	409	620	645	535	418	377	367	3353	346	456	331	427	464	937	695	250	456	965	363	456	486	599	487	366	663	106	348	1760	410	2092	457	602	2270	269	640	393	1504	921	712	161	131	1647	1747	346	366	841	1310	688	377	558	350
2970	3116	2946	2933	2726	0	2095	2382	2449	2049	1920	2992	2630	2186	460	2880	1795	3303	1832	3054	2047	3111	2543	4920	2947	3170	3055	3440	4012	3260	2761	3267	3079	3028	2981	2644	3087	2235	3155	1256	2777	3080	2686	2665	2598	3187	2164	3008	2127	3017	3057	2830	2696	2434	3264	843	2999	3331	3489	2162	2360	3440	3137	1926	2044	2175	2458	2963	2697	2927	2268	3342	2695	1949	2447	3025	2993	4709	3077	2055	3017	2990	3984	3125	2981	2115	2086	3260	2058	2141	3120	287	2896	3283	3008	2781	3121	2133	3017	2238	2897	3096	2027	3136	2797	2133	2954	3175	3150	3126	338	3074	2576	2781	2638	2523	2686	3085	2670	3153	913	1614	3118	2827	2469	3172	2933	2940	3358	2996	2551	3138	2684	2159	3136	3116	2658	2897	1394	2421	2665	2845	2782	3008	2328	3393	3001	2835	2781	3271	2925	2933	2127	2109	2579	2933	2686	3114	2551	2717	1815	2148	2783	209	2054	2779	2917	2597	331	2128	3086	2927	3103	2610	3254	3144	2983	3128	2633	2923	2068	2686	2630	2797	3272	2458	3057	2658	1701	2127	1935	2818	2695	2141	3345	3014	2310	2428	2974	739	2927	3175	2818	3146	2686	2042	3409	2477	2991	2464	2739	3176	2672	2605	3136	2846	3114	2621	3029	4487	3059	1656	3175	2635	470	2815	3266	3119	1243	2049	3433	2588	2598	2662	4368	2927	2781	2089	2145	2159	3103	3139	2787
916	1029	915	933	633	2095	0	1081	864	113	1229	917	538	252	2469	798	674	1269	650	960	113	1101	678	2907	918	1075	963	1389	2007	1166	820	1201	1034	939	905	690	1003	915	1107	843	711	1040	740	746	508	1092	242	913	724	922	1012	744	683	522	1170	1271	940	1253	1407	210	270	1389	1043	483	270	268	869	922	682	856	184	1264	678	1164	853	956	919	2615	1033	528	922	918	1941	1030	904	99	1277	1166	76	223	1035	1975	821	1189	913	695	1037	285	922	499	889	1084	313	1041	725	285	921	1080	1055	1041	2091	1045	491	739	543	466	740	1008	740	1058	3009	1070	1034	764	543	1077	916	921	1282	936	561	1045	589	309	1071	1033	729	889	934	523	746	759	1407	943	345	1441	935	783	739	1176	895	926	724	106	629	926	740	1069	561	694	594	273	752	1895	233	704	843	516	2027	230	1003	856	1091	675	1205	1288	929	1124	539	906	205	740	538	725	1177	873	966	729	2677	724	335	760	678	223	1255	983	228	371	900	2722	856	1080	760	1051	694	527	1324	387	939	858	738	1081	741	753	1057	795	1105	528	940	2393	997	1606	1081	722	1641	741	1199	1025	872	586	1338	506	507	1513	2321	856	739	444	1066	309	1010	1082	739
1123	1354	1050	975	1280	2382	1081	0	300	1186	2260	1209	1253	1322	2602	1182	671	1288	650	1398	1185	1101	634	2684	1045	1482	1505	1434	2622	1524	790	1355	1164	1312	1210	1621	1312	186	1220	1437	1066	1151	776	728	1255	1498	1317	1382	381	1369	1150	1181	900	1533	1515	1596	1159	1450	1594	1284	1162	1434	1444	693	1346	1342	302	1084	905	1157	1158	1456	908	2204	312	1206	1209	2859	1159	579	1369	1197	1871	1506	1553	1179	2334	1523	1149	1301	1338	2152	1503	1623	1382	1160	1340	1365	1369	593	972	1095	1386	1508	1098	1365	1059	1486	1470	1346	2220	1117	1274	997	1225	962	776	1276	744	1474	3228	2026	1334	1078	723	1508	1009	1017	1461	1160	824	1547	1250	774	1264	1330	741	972	1006	692	728	1183	415	1621	1362	1212	1181	1048	997	1603	1666	988	381	1186	762	988	776	1187	824	929	704	1352	970	2176	1310	1098	1521	1303	2168	1310	1313	1157	1100	742	1290	904	1134	1099	1240	1003	1284	776	1253	1098	1606	298	1507	741	2185	381	1379	1057	908	1301	1537	1085	1175	954	1196	2787	1157	1486	1057	1466	856	585	1819	1199	1130	321	1603	1487	1680	1744	1318	1052	1102	1240	1312	2651	1667	1050	1484	711	2048	1109	1361	1514	1289	1660	1671	1293	1246	434	2229	1157	997	644	2139	774	1517	1237	1016
830	1059	760	690	984	2449	864	300	0	976	2083	913	962	1087	2714	882	658	1027	625	1099	975	832	334	2513	756	1186	1204	1175	2324	1231	498	1077	880	1014	914	1341	1018	271	942	1383	766	869	477	430	967	1202	1086	1082	322	1070	865	880	599	1270	1223	1627	867	1170	1320	1053	898	1175	1147	588	1135	1109	8	793	604	859	908	1177	607	2021	12	913	913	2598	876	448	1070	901	1648	1207	1253	956	2141	1231	938	1073	1045	2243	1205	1327	1082	860	1047	1139	1070	367	682	824	1177	1209	798	1139	769	1190	1173	1053	2325	838	988	697	933	672	477	984	446	1177	3327	1882	1041	779	432	1211	721	729	1183	867	527	1248	955	557	978	1037	442	682	1055	409	430	883	542	1322	1107	999	888	749	697	1308	1370	702	322	964	462	702	477	906	527	628	656	1123	670	2240	1098	798	1222	1016	2269	1085	1019	859	829	441	1018	711	842	834	949	714	1069	477	962	798	1310	9	1206	442	2431	322	1187	757	607	1073	1251	801	919	675	900	2919	859	1190	757	1169	556	459	1522	921	838	22	1315	1190	1399	1472	1027	753	833	949	1014	2386	1367	1282	1187	412	2075	808	1082	1215	1272	1450	1383	1007	958	679	2020	859	697	474	1931	557	1217	954	716
1001	1097	1006	1030	682	2049	113	1186	976	0	1115	994	584	187	2435	872	737	1356	717	1018	2	1194	790	2991	1010	1132	1007	1471	2013	1225	926	1279	1120	1005	981	665	1074	1016	1192	792	795	1127	847	855	551	1147	169	969	822	981	1098	815	782	477	1230	1239	1022	1326	1476	146	316	1471	1101	561	160	194	981	1011	780	936	223	1337	776	1050	965	1035	996	2661	1120	623	981	997	2022	1080	933	66	1164	1225	38	144	1105	1942	849	1237	969	766	1106	193	981	609	985	1177	201	1091	805	193	1011	1137	1111	1111	2062	1136	527	830	596	559	847	1083	849	1114	2961	961	1105	848	655	1130	1010	1014	1355	1018	667	1091	640	419	1150	1104	837	985	954	636	855	831	1519	965	313	1539	1015	870	830	1226	901	1022	822	60	737	1022	847	1154	667	790	657	188	846	1852	124	784	870	548	1998	144	1073	936	1184	784	1289	1396	1013	1218	588	1001	99	847	584	805	1227	985	1009	837	2707	822	223	847	776	144	1319	1074	263	467	977	2693	936	1137	847	1108	796	620	1360	432	1024	970	730	1137	711	705	1130	882	1198	576	1007	2438	1018	1659	1137	832	1589	822	1276	1073	848	475	1394	539	551	1619	2399	936	830	544	956	419	1056	1164	828
1994	1998	2025	2074	1572	1920	1229	2260	2083	1115	0	1951	1490	1060	2380	1830	1668	2334	1669	1879	1116	2213	1902	3894	2031	1969	1796	2415	2378	2061	2012	2215	2109	1913	1936	1219	1992	2079	2168	1091	1800	2122	1936	1952	1456	1978	1051	1831	1880	1853	2090	1770	1845	1074	2073	1452	2003	2228	2346	1080	1318	2415	1954	1573	965	1035	2089	2018	1841	1909	1255	2238	1837	77	2072	1997	1952	3286	2110	1681	1853	1959	2933	1888	1664	1150	165	2061	1153	1053	2016	1975	1598	2015	1831	1730	2017	990	1853	1716	2027	2196	921	1902	1798	990	2028	1973	1950	2019	2110	2143	1419	1862	1520	1619	1936	2020	1944	1951	2711	345	2018	1850	1763	1950	2043	2045	2259	1998	1756	1874	1549	1527	2103	2019	1933	2027	1628	1749	1952	1786	2622	1648	1125	2572	1986	1884	1862	2013	1512	2062	1880	1140	1834	2062	1936	2139	1756	1844	1604	1011	1887	1798	1002	1776	1610	1417	2053	1038	1991	1909	2203	1881	2254	2481	2003	2241	1503	2035	1033	1936	1490	1798	2012	2093	1798	1933	3205	1880	897	1857	1837	1053	2174	2086	1269	1544	1937	2659	1909	1972	1857	1948	1869	1675	2043	1386	2016	2080	1338	1972	1206	1084	2056	1895	2217	1491	1915	3081	1680	2409	1975	1933	1492	1810	2209	1874	1299	671	2194	1415	1462	2693	3279	1909	1862	1623	314	1527	1851	2130	1853
97	149	176	267	380	2992	917	1209	913	994	1951	0	462	937	3340	124	1314	383	1275	205	996	296	598	1998	183	274	340	479	1414	322	420	284	168	111	15	796	109	1163	218	1753	215	185	437	483	496	289	954	213	1094	191	155	184	339	882	317	2153	73	339	498	937	687	479	235	1123	1075	959	909	143	336	66	776	350	336	1875	903	46	1	1764	171	1034	191	14	1028	309	450	930	1935	322	972	965	140	2846	454	414	213	230	142	1010	191	839	249	282	1113	308	194	1010	170	277	262	148	2954	221	533	235	433	468	437	93	468	266	3904	1898	137	168	584	301	221	215	366	69	475	354	401	849	156	134	473	249	1700	636	483	168	1267	518	835	642	45	176	235	394	631	250	1094	938	490	250	437	192	475	310	1258	989	251	2787	1047	214	458	533	2891	982	109	66	287	488	305	676	92	324	449	223	1021	437	462	194	397	913	341	473	3300	1094	1186	182	336	965	369	189	743	563	18	3580	66	277	182	259	373	1045	611	586	104	891	699	278	837	959	144	168	300	462	111	1543	544	2153	275	504	2549	177	281	321	1750	1294	488	535	491	1502	1405	66	235	963	1690	849	331	179	222
506	531	546	610	98	2630	538	1253	962	584	1490	462	0	488	3007	340	1109	845	1075	437	585	728	640	2446	552	549	425	935	1501	644	618	736	619	441	447	402	516	1143	679	1374	327	632	567	606	35	565	507	388	1004	402	600	280	435	430	650	1809	513	766	907	495	270	935	521	901	633	508	963	534	430	420	362	777	425	1414	950	507	463	2079	621	866	402	469	1475	496	376	517	1479	644	572	522	545	2513	298	654	388	241	545	559	402	712	565	711	666	507	317	559	547	554	529	549	2629	656	71	404	36	291	567	537	590	531	3543	1440	545	370	530	546	571	571	796	508	439	508	62	617	616	545	585	565	1440	561	606	296	1449	426	375	1087	496	410	404	642	424	595	1004	523	517	595	567	649	439	420	1037	538	436	2431	609	297	319	76	2565	538	516	420	718	554	767	1045	514	756	16	565	586	567	0	317	643	968	428	585	3145	1004	747	382	425	522	743	602	320	317	448	3260	420	554	382	526	476	872	786	152	528	945	354	555	457	557	578	419	732	14	442	1856	480	2028	555	603	2172	326	731	490	1410	832	811	75	32	1635	1843	420	404	775	1235	617	473	641	391
962	1019	981	1022	585	2186	252	1322	1087	187	1060	937	488	0	2585	813	919	1315	897	924	189	1172	855	2933	986	1034	891	1416	1847	1129	952	1219	1081	928	923	485	1003	1162	1147	935	759	1091	876	895	453	1048	22	874	974	890	1060	753	786	291	1137	1395	977	1254	1395	42	261	1416	1007	734	147	24	1091	980	783	886	196	1264	778	988	1075	981	939	2536	1081	780	890	942	1961	972	800	154	1083	1129	209	47	1032	2095	716	1125	874	707	1033	73	890	731	975	1154	177	984	762	73	986	1038	1013	1036	2218	1106	421	811	510	559	876	1020	885	1015	3095	963	1032	811	715	1027	994	997	1284	973	697	976	550	548	1094	1032	875	975	1140	710	895	769	1628	822	142	1527	965	841	811	1116	742	1011	974	150	777	1011	876	1114	697	787	838	51	834	1994	131	740	736	434	2154	57	1002	886	1161	824	1241	1420	972	1198	497	985	121	876	488	762	1117	1096	893	875	2894	974	262	814	778	47	1230	1046	210	484	921	2847	886	1038	814	1010	809	779	1229	351	985	1079	562	1039	529	518	1063	852	1176	484	930	2315	873	1845	1039	876	1720	777	1214	963	1014	389	1291	427	456	1750	2331	886	811	694	856	548	944	1114	805
3309	3471	3278	3256	3102	460	2469	2602	2714	2435	2380	3340	3007	2585	0	3234	2081	3629	2120	3420	2433	3432	2850	5218	3278	3536	3432	3770	4426	3624	3073	3607	3413	3386	3331	3055	3439	2476	3488	1650	3124	3412	3003	2977	2977	3553	2562	3376	2397	3382	3392	3188	3029	2845	3625	1197	3341	3677	3838	2557	2738	3770	3502	2238	2447	2576	2722	3298	3030	3274	2648	3688	3028	2408	2714	3370	3341	5082	3410	2356	3382	3337	4305	3497	3368	2500	2546	3623	2440	2539	3473	494	3284	3656	3376	3140	3474	2537	3382	2548	3222	3418	2435	3508	3147	2537	3286	3541	3516	3480	390	3401	2958	3120	3012	2873	3003	3433	2983	3519	635	2070	3471	3173	2792	3541	3260	3267	3702	3338	2883	3514	3058	2494	3478	3469	2972	3222	1672	2741	2977	3201	2981	3400	2728	3690	3345	3176	3120	3643	3327	3257	2397	2495	2902	3257	3003	3447	2883	3052	2115	2551	3118	603	2454	3130	3306	2981	450	2527	3439	3274	3425	2928	3586	3422	3323	3446	3008	3250	2465	3003	3007	3147	3644	2721	3435	2972	1461	2397	2342	3162	3028	2539	3701	3343	2691	2781	3322	279	3274	3541	3162	3513	3014	2344	3792	2856	3329	2731	3144	3542	3086	3027	3485	3187	3435	2997	3387	4859	3452	1732	3541	2947	908	3165	3608	3493	1598	2480	3798	2971	2976	2825	4688	3274	3120	2404	2600	2494	3479	3476	3127
172	237	231	315	264	2880	798	1182	882	872	1830	124	340	813	3234	0	1228	505	1190	221	874	396	552	2122	238	325	324	603	1445	398	414	408	280	155	110	693	206	1118	338	1637	124	294	407	455	374	343	830	199	1031	189	262	60	284	765	397	2044	173	455	610	812	563	603	286	1031	951	835	879	209	279	81	653	466	277	1754	871	168	125	1858	281	952	189	129	1151	327	400	808	1817	397	851	841	239	2740	382	464	199	106	241	886	189	762	280	380	988	331	93	886	230	330	308	246	2849	321	411	184	310	361	407	210	438	312	3793	1774	238	103	512	343	269	266	483	169	399	366	281	750	281	236	441	280	1605	562	455	44	1281	471	712	752	155	139	184	447	563	297	1031	816	432	297	407	309	399	254	1168	864	214	2676	923	106	391	413	2786	857	206	81	386	442	428	750	177	425	327	266	897	407	340	93	449	884	326	441	3233	1031	1062	125	277	841	467	273	619	453	108	3477	81	330	125	304	326	962	650	462	192	860	604	330	738	856	258	140	400	339	156	1636	507	2090	328	470	2434	78	404	334	1641	1171	571	414	368	1504	1527	81	184	876	1573	750	335	302	166
1264	1458	1221	1187	1182	1795	674	671	658	737	1668	1314	1109	919	2081	1228	0	1560	39	1440	735	1360	772	3137	1220	1551	1495	1705	2609	1626	997	1558	1357	1383	1308	1356	1421	490	1431	766	1106	1353	932	901	1091	1569	904	1404	337	1404	1336	1194	980	1197	1624	968	1299	1637	1798	876	891	1705	1513	207	875	930	666	1245	983	1248	835	1647	982	1622	655	1335	1315	3078	1354	282	1404	1308	2228	1536	1481	766	1766	1625	710	880	1454	1600	1406	1687	1404	1153	1456	930	1404	479	1158	1346	902	1544	1134	930	1229	1556	1533	1461	1691	1337	1090	1080	1097	879	932	1404	909	1537	2683	1398	1451	1146	734	1565	1197	1205	1659	1297	838	1565	1139	494	1434	1448	898	1158	408	682	901	1205	1084	1535	1019	1609	1309	1140	1080	1670	1520	1190	337	769	839	1190	932	1390	838	1007	80	926	1071	1586	848	1122	1428	1120	1632	881	1421	1248	1353	859	1525	1349	1278	1372	1103	1188	831	932	1109	1134	1672	667	1497	898	2036	337	860	1131	982	880	1683	1282	871	807	1297	2301	1248	1556	1131	1529	957	271	1858	985	1282	671	1389	1557	1410	1428	1455	1149	1363	1095	1384	2857	1588	935	1555	872	1416	1151	1560	1537	624	1154	1798	1109	1086	1072	2609	1248	1080	351	1604	494	1529	1425	1092
355	366	359	373	762	3303	1269	1288	1027	1356	2334	383	845	1315	3629	505	1560	0	1520	497	1357	201	788	1638	357	466	627	148	1466	422	564	159	236	433	397	1164	356	1298	167	2087	561	229	628	659	879	469	1331	535	1285	510	257	565	607	1264	405	2460	337	230	323	1311	1059	148	454	1390	1449	1337	1021	347	607	429	1144	229	610	2258	1021	337	381	1572	236	1278	510	375	681	550	766	1295	2316	422	1331	1340	342	3139	796	542	535	609	342	1388	510	1083	407	213	1488	540	553	1388	352	465	474	343	3239	229	916	532	815	804	628	319	650	475	4211	2278	338	508	837	500	370	363	220	341	752	590	784	1144	233	336	661	407	1963	887	659	549	1219	821	1217	303	350	486	532	526	956	371	1285	1303	727	371	628	201	752	588	1517	1366	524	3096	1419	575	794	916	3179	1356	357	429	206	702	84	491	343	193	832	380	1392	628	845	553	529	1024	627	661	3459	1285	1557	509	610	1340	352	290	1114	901	397	3858	429	466	509	473	617	1290	714	964	332	1005	1059	466	1201	1326	295	474	198	844	432	1362	828	2310	462	688	2873	538	170	567	2061	1677	475	918	873	1482	1065	429	532	1225	2071	1144	588	203	531
1225	1419	1181	1147	1147	1832	650	650	625	717	1669	1275	1075	897	2120	1190	39	1520	0	1403	715	1320	733	3099	1181	1514	1459	1665	2574	1587	958	1518	1317	1345	1269	1328	1382	467	1391	787	1068	1314	892	862	1058	1531	883	1367	305	1366	1297	1157	941	1172	1585	1002	1260	1598	1759	854	861	1665	1475	174	858	909	633	1206	944	1209	806	1608	943	1621	621	1296	1276	3039	1314	243	1366	1269	2189	1499	1446	743	1764	1587	689	859	1415	1638	1372	1649	1367	1115	1417	911	1366	440	1118	1307	887	1506	1096	911	1190	1518	1495	1423	1729	1298	1057	1041	1062	842	892	1366	870	1499	2720	1404	1412	1108	695	1527	1158	1165	1620	1258	800	1528	1104	459	1395	1409	859	1118	447	643	862	1167	1061	1500	994	1570	1270	1101	1041	1633	1488	1151	305	747	800	1151	892	1351	800	968	66	906	1032	1622	830	1084	1393	1087	1671	861	1383	1209	1314	819	1485	1312	1239	1333	1068	1148	812	892	1075	1096	1634	634	1461	859	2070	305	848	1093	943	859	1644	1243	843	771	1258	2340	1209	1518	1093	1491	918	231	1821	953	1242	637	1358	1519	1383	1403	1416	1110	1323	1061	1345	2818	1554	963	1517	832	1450	1113	1520	1500	653	1143	1759	1076	1052	1058	2570	1209	1041	313	1598	459	1492	1386	1053
303	131	382	473	339	3054	960	1398	1099	1018	1879	205	437	924	3420	221	1440	497	1403	0	1019	477	773	2023	389	116	140	543	1225	207	616	351	345	94	198	678	148	1339	361	1803	345	364	622	670	472	133	944	49	1252	37	340	246	504	806	213	2225	275	349	474	933	701	543	83	1241	1070	944	1096	349	500	243	794	359	498	1802	1088	231	206	1662	350	1168	37	220	1055	107	270	951	1847	207	1003	960	155	2926	300	246	49	288	154	994	37	980	454	466	1102	110	314	994	376	121	95	154	3038	406	503	402	422	563	622	195	653	99	3968	1863	159	321	733	124	427	421	379	272	619	150	378	955	275	161	657	454	1810	783	670	236	1472	330	802	791	247	349	402	229	459	456	1252	958	654	456	622	355	619	474	1378	973	428	2853	1046	322	297	491	2975	976	146	243	469	662	413	870	297	503	431	429	1024	622	437	314	231	1100	140	657	3453	1252	1184	342	498	960	306	388	755	646	212	3668	243	121	342	92	545	1177	429	586	308	1077	567	121	710	837	203	346	480	444	94	1439	347	2311	121	687	2601	299	342	117	1823	1246	378	497	470	1705	1414	243	402	1089	1601	955	125	316	384
1002	1098	1007	1031	684	2047	113	1185	975	2	1116	996	585	189	2433	874	735	1357	715	1019	0	1195	790	2992	1011	1133	1008	1472	2015	1227	927	1281	1121	1007	983	667	1075	1015	1193	790	796	1128	847	855	553	1149	171	971	821	983	1099	817	783	479	1232	1237	1024	1327	1478	148	317	1472	1103	559	161	196	980	1012	781	937	224	1338	777	1050	964	1036	997	2663	1121	621	983	998	2023	1082	935	68	1165	1226	37	146	1107	1940	851	1239	971	768	1108	195	983	609	986	1178	202	1093	807	195	1012	1138	1113	1112	2060	1137	529	831	597	560	847	1084	849	1115	2959	960	1106	849	655	1132	1011	1015	1357	1020	667	1092	642	418	1151	1105	837	986	952	636	855	833	1518	967	316	1540	1017	871	831	1228	903	1023	821	62	737	1023	847	1156	667	791	655	190	847	1850	125	785	872	550	1996	146	1075	937	1185	784	1290	1396	1014	1219	590	1002	101	847	585	807	1229	984	1011	837	2705	821	223	848	777	146	1320	1075	265	468	978	2691	937	1138	848	1109	796	619	1362	433	1025	970	732	1139	714	707	1132	883	1199	577	1008	2440	1020	1657	1139	832	1587	823	1277	1075	846	476	1396	541	553	1618	2401	937	831	543	957	418	1058	1165	829
223	361	190	177	659	3111	1101	1101	832	1194	2213	296	728	1172	3432	396	1360	201	1320	477	1195	0	588	1818	185	494	618	348	1589	489	363	260	132	390	310	1088	331	1101	138	1904	413	113	428	458	760	504	1186	499	1084	475	141	452	423	1158	475	2267	226	356	493	1163	911	348	468	1193	1299	1195	826	194	423	314	991	361	427	2138	825	255	295	1766	128	1079	475	283	873	562	741	1135	2208	488	1166	1192	337	2943	750	609	499	487	338	1245	475	884	216	17	1340	556	415	1245	186	496	494	342	3042	75	798	364	695	635	428	283	450	496	4017	2134	331	363	642	529	185	180	363	231	564	607	672	954	217	328	461	216	1764	691	458	438	1069	805	1088	359	252	330	364	590	925	178	1084	1144	531	178	428	125	564	408	1318	1223	348	2903	1267	436	753	804	2982	1209	333	314	10	503	189	395	218	28	714	194	1238	428	728	415	593	829	618	461	3263	1084	1403	357	427	1192	461	126	965	730	303	3659	314	496	357	491	426	1091	801	828	204	809	995	496	1131	1252	293	319	4	725	389	1554	825	2113	492	488	2685	403	268	577	1870	1547	597	804	753	1324	1257	314	364	1028	1964	954	593	175	368
525	747	466	418	653	2543	678	634	334	790	1902	598	640	855	2850	552	772	788	733	773	790	588	0	2377	464	866	872	935	1997	920	225	802	599	692	596	1032	706	567	669	1375	433	592	167	130	648	883	859	752	505	742	580	547	268	988	914	1701	562	889	1047	828	626	935	827	616	936	879	333	496	273	539	661	897	275	1833	322	605	598	2333	595	493	742	588	1455	880	918	752	1937	920	754	853	736	2364	871	1008	752	525	738	918	742	304	395	575	980	883	465	918	475	870	852	744	2460	571	674	370	608	356	167	677	140	855	3443	1746	731	451	139	889	435	444	907	561	200	919	626	425	688	728	130	395	1179	155	130	550	813	987	842	851	579	426	370	989	1038	424	505	761	127	424	167	630	200	298	735	899	347	2334	899	464	887	700	2400	867	707	539	582	110	759	634	538	599	625	427	868	167	640	465	991	338	874	130	2707	505	1013	430	275	853	954	521	660	386	583	3074	539	870	430	848	227	506	1200	622	538	314	995	871	1089	1173	725	431	591	627	692	2116	1032	1557	868	101	2131	477	805	887	1312	1240	1081	692	639	995	1838	539	370	453	1712	425	887	671	388
1991	1915	1997	1995	2352	4920	2907	2684	2513	2991	3894	1998	2446	2933	5218	2122	3137	1638	3099	2023	2992	1818	2377	0	1994	1927	2098	1520	2068	1833	2159	1714	1873	2005	2012	2676	1930	2769	1800	3723	2197	1868	2235	2254	2482	1916	2951	2072	2823	2053	1895	2181	2241	2827	1822	4077	1969	1681	1550	2934	2686	1520	1944	2993	3073	2954	2506	1986	2241	2055	2775	1670	2245	3817	2512	1957	1997	1197	1874	2867	2053	1995	972	2006	2230	2928	3847	1833	2967	2963	1901	4737	2296	1881	2072	2229	1901	3005	2053	2681	2035	1835	3110	1992	2185	3005	1990	1923	1946	1897	4828	1866	2516	2171	2423	2443	2235	1913	2250	1945	5818	3885	1901	2143	2455	1944	2002	1996	1650	1972	2383	2020	2384	2771	1842	1901	2263	2035	3546	2501	2254	2165	2404	2252	2820	1528	1975	2124	2171	1882	2392	1997	2823	2936	2345	1997	2235	1838	2383	2224	3109	2984	2161	4711	3045	2207	2284	2509	4770	2979	1931	2055	1827	2311	1702	1802	1979	1799	2436	2012	3020	2235	2446	2185	1883	2507	2096	2263	4823	2823	3185	2147	2245	2963	1722	1928	2742	2540	2015	5431	2055	1923	2147	1948	2244	2880	1889	2583	1968	2495	2557	1923	2693	2819	1869	2113	1815	2449	2004	1216	2226	3725	1921	2284	4502	2169	1719	2019	3684	3269	1703	2514	2478	2654	616	2055	2171	2830	3603	2771	2043	1827	2170
86	313	7	84	492	2947	918	1045	756	1010	2031	183	552	986	3278	238	1220	357	1181	389	1011	185	464	1994	0	448	523	492	1586	479	257	338	136	295	191	927	272	1016	210	1730	230	133	297	338	582	463	1001	394	969	373	116	286	251	983	470	2105	118	424	583	978	726	492	412	1042	1113	1010	751	40	250	164	806	433	253	1956	747	166	183	1868	133	937	373	169	1038	492	625	950	2028	479	982	1007	295	2787	617	584	394	313	297	1060	373	740	73	168	1154	490	235	1060	13	451	440	303	2889	128	620	179	518	452	297	232	325	443	3856	1949	290	182	488	479	38	31	443	119	397	537	499	789	224	286	333	73	1619	540	338	274	1085	694	905	541	144	146	179	565	798	66	969	959	380	66	297	170	397	231	1173	1038	167	2740	1081	256	625	629	2828	1023	273	164	175	363	307	511	94	211	537	42	1053	297	552	235	567	755	524	333	3170	969	1218	174	253	1007	495	66	779	547	179	3511	164	451	174	436	265	949	783	645	85	733	842	452	974	1090	272	135	189	548	294	1651	724	2019	448	364	2516	226	341	504	1705	1363	627	627	575	1323	1422	164	179	878	1786	789	514	207	182
364	138	442	530	451	3170	1075	1482	1186	1132	1969	274	549	1034	3536	325	1551	466	1514	116	1133	494	866	1927	448	0	177	481	1140	95	694	308	371	174	272	756	176	1433	362	1918	449	389	709	756	584	17	1054	162	1354	154	372	357	601	900	105	2341	330	276	377	1044	816	481	39	1353	1180	1052	1182	408	597	327	909	285	596	1891	1176	282	273	1546	375	1277	154	286	964	87	319	1065	1930	95	1117	1070	160	3042	372	141	162	402	158	1102	154	1088	519	487	1211	75	419	1102	435	4	20	154	3154	432	613	496	536	677	709	221	740	18	4084	1964	165	418	837	34	487	480	305	329	724	123	491	1069	277	169	745	519	1924	888	756	346	1531	363	908	769	305	440	496	122	504	513	1354	1072	752	513	709	369	724	571	1490	1082	518	2969	1157	430	363	599	3091	1086	175	327	488	756	386	890	355	517	544	490	1136	709	549	419	125	1187	176	745	3559	1354	1295	437	596	1070	205	431	869	761	286	3784	327	4	437	24	639	1287	336	700	363	1164	640	5	781	909	201	434	496	556	173	1323	363	2414	6	776	2717	403	298	104	1939	1345	262	606	582	1772	1315	327	496	1200	1684	1069	128	320	480
437	265	516	607	331	3055	963	1505	1204	1007	1796	340	425	891	3432	324	1495	627	1459	140	1008	618	872	2098	523	177	0	656	1132	266	736	474	486	231	331	580	287	1434	500	1799	439	505	731	780	456	184	912	129	1333	149	480	326	604	733	279	2235	412	453	551	906	695	656	176	1291	1038	908	1202	484	600	367	787	462	597	1719	1193	370	341	1654	490	1231	149	355	1139	92	142	940	1754	266	996	930	290	2938	198	234	129	355	289	956	149	1052	583	606	1066	105	406	956	510	180	162	287	3054	546	479	508	421	618	731	335	763	162	3968	1802	295	428	815	154	560	554	482	409	702	85	375	1003	412	297	765	583	1849	862	780	322	1600	193	758	925	384	462	508	227	330	589	1333	946	748	589	731	495	702	575	1429	937	538	2857	1019	408	186	460	2990	945	286	367	609	763	544	1010	432	644	423	561	999	731	425	406	226	1207	2	765	3522	1333	1153	449	597	930	379	527	745	689	344	3685	367	180	449	161	648	1240	366	577	445	1183	463	180	604	732	338	461	620	435	232	1432	207	2387	183	793	2596	395	465	78	1835	1182	406	468	457	1827	1484	367	508	1147	1509	1003	55	455	490
474	417	493	517	846	3440	1389	1434	1175	1471	2415	479	935	1416	3770	603	1705	148	1665	543	1472	348	935	1520	492	481	656	0	1372	411	710	199	361	501	493	1222	422	1446	285	2216	678	359	772	805	970	479	1434	588	1433	565	383	663	743	1340	395	2597	449	205	215	1416	1166	0	481	1533	1555	1438	1169	476	742	535	1255	198	744	2338	1169	437	477	1425	362	1423	565	475	552	569	798	1408	2388	411	1448	1445	398	3280	842	518	588	710	398	1489	565	1226	548	360	1592	557	665	1489	485	479	494	396	3381	368	1006	660	909	928	772	397	796	495	4349	2376	396	625	978	511	510	502	179	453	889	602	873	1281	322	395	806	548	2107	1029	805	647	1349	845	1311	358	455	609	660	507	986	514	1433	1416	869	514	772	325	889	722	1661	1468	656	3233	1526	687	836	1003	3320	1461	423	535	353	846	186	608	461	342	924	519	1500	772	935	665	509	1172	655	806	3607	1433	1665	630	744	1445	312	426	1222	1025	496	4001	535	479	630	495	756	1435	662	1065	452	1153	1110	479	1253	1380	358	598	346	937	499	1217	842	2458	475	834	3006	649	205	586	2196	1767	407	1006	966	1614	933	535	660	1367	2142	1281	609	307	656
1504	1273	1580	1665	1428	4012	2007	2622	2324	2013	2378	1414	1501	1847	4426	1445	2609	1466	2574	1225	2015	1589	1997	2068	1586	1140	1132	1372	0	1110	1834	1335	1488	1309	1412	1371	1314	2563	1451	2777	1566	1504	1846	1894	1522	1125	1870	1246	2465	1255	1495	1456	1729	1580	1121	3242	1469	1243	1156	1879	1744	1372	1178	2402	1980	1854	2321	1546	1724	1465	1823	1241	1722	2309	2313	1421	1414	1034	1493	2355	1255	1427	1440	1117	1128	1953	2265	1111	2016	1895	1291	3940	1203	1002	1246	1487	1289	1890	1255	2182	1658	1587	1991	1115	1534	1890	1573	1137	1151	1283	4064	1545	1528	1627	1512	1744	1846	1354	1878	1148	4907	2531	1296	1546	1947	1113	1624	1616	1247	1468	1834	1078	1470	2115	1385	1300	1882	1658	2936	1994	1894	1450	2657	1075	1706	1730	1444	1574	1627	1021	1113	1649	2465	1956	1877	1649	1846	1474	1834	1699	2538	1878	1653	3829	1976	1538	1182	1500	4000	1905	1313	1465	1586	1887	1420	1957	1493	1604	1506	1629	1968	1846	1501	1534	1018	2325	1129	1882	4644	2465	2083	1567	1722	1895	1129	1559	1780	1804	1426	4692	1465	1137	1567	1155	1770	2363	803	1635	1500	2302	1285	1136	1340	1411	1319	1570	1590	1515	1309	894	1021	3516	1139	1912	3541	1521	1326	1110	2861	1974	995	1510	1526	2905	1550	1465	1627	2268	2065	2115	1110	1421	1610
401	173	474	556	545	3260	1166	1524	1231	1225	2061	322	644	1129	3624	398	1626	422	1587	207	1227	489	920	1833	479	95	266	411	1110	0	734	264	378	242	325	846	214	1485	351	2009	519	395	758	804	679	83	1149	256	1416	244	385	438	661	995	17	2430	365	207	285	1139	909	411	123	1430	1275	1148	1227	440	657	384	1002	214	657	1984	1222	318	322	1461	383	1348	244	332	873	173	404	1159	2020	0	1210	1165	186	3129	464	121	256	484	184	1198	244	1156	553	484	1307	160	491	1198	466	91	116	178	3240	437	708	556	629	757	758	248	789	114	4174	2060	190	482	903	111	517	509	232	364	792	196	585	1148	276	194	795	553	2003	954	804	425	1548	441	1004	725	343	497	556	104	584	541	1416	1165	812	541	758	368	792	632	1567	1178	574	3059	1252	504	453	695	3177	1181	213	384	484	811	350	878	390	508	638	522	1231	758	644	491	107	1232	264	795	3622	1416	1390	499	657	1165	113	449	962	844	338	3869	384	91	499	119	696	1359	312	794	394	1209	729	91	869	997	209	490	490	651	242	1239	433	2475	89	826	2808	474	253	188	2027	1440	174	701	677	1795	1220	384	556	1274	1775	1148	212	315	541
332	563	261	197	596	2761	820	790	498	926	2012	420	618	952	3073	414	997	564	958	616	927	363	225	2159	257	694	736	710	1834	734	0	586	385	527	422	1020	522	759	451	1575	322	376	81	96	638	709	961	607	724	592	368	431	183	1023	725	1918	368	676	831	932	697	710	656	836	1057	976	494	294	188	373	756	684	193	1940	489	416	420	2116	381	718	592	407	1231	724	811	877	2031	733	893	960	548	2586	782	833	607	430	550	1021	592	525	183	350	1100	724	349	1021	270	697	682	556	2683	350	671	238	582	395	81	486	91	686	3663	1887	543	313	300	721	223	231	692	369	259	767	584	618	480	539	103	183	1403	343	96	428	868	882	906	641	391	274	238	814	961	206	724	886	195	206	81	413	259	199	959	1000	204	2552	1021	358	795	691	2623	976	523	373	357	154	537	470	344	374	602	216	990	81	618	349	816	498	738	103	2916	724	1147	291	193	960	752	305	743	468	409	3298	373	697	291	679	147	730	1031	654	339	476	959	698	1074	1176	528	274	366	608	526	1901	920	1765	694	126	2344	354	590	734	1525	1341	885	685	629	1090	1614	373	238	672	1796	618	739	458	257
298	221	337	388	646	3267	1201	1355	1077	1279	2215	284	736	1219	3607	408	1558	159	1518	351	1281	260	802	1714	338	308	474	199	1335	264	586	0	202	302	298	1027	223	1343	135	2034	493	210	634	674	771	310	1236	393	1307	369	221	466	580	1141	247	2426	267	95	245	1220	971	199	299	1377	1358	1241	1072	312	578	345	1061	101	580	2139	1069	245	283	1531	206	1275	369	282	743	393	615	1215	2190	263	1257	1248	200	3115	652	384	393	514	200	1291	369	1078	406	262	1395	383	476	1291	328	307	317	199	3219	238	807	487	710	746	634	199	662	318	4178	2177	198	440	824	341	366	358	106	270	726	432	674	1113	131	197	671	406	1954	876	674	450	1328	667	1112	463	267	432	487	368	804	379	1307	1223	718	379	634	172	726	555	1508	1270	489	3061	1330	497	647	803	3158	1264	224	345	259	702	87	625	284	271	725	374	1305	634	736	476	371	1075	473	671	3502	1307	1470	448	580	1248	206	281	1027	842	302	3843	345	307	448	316	600	1287	563	868	278	1054	918	307	1060	1187	159	421	260	738	300	1314	671	2352	303	701	2828	459	10	411	2024	1568	340	807	767	1584	1120	345	487	1213	1944	1113	432	132	480
119	234	136	189	543	3079	1034	1164	880	1120	2109	168	619	1081	3413	280	1357	236	1317	345	1121	132	599	1873	136	371	486	361	1488	378	385	202	0	257	183	964	201	1144	75	1856	325	19	432	471	653	382	1096	367	1104	343	22	339	384	1045	366	2237	106	291	447	1076	824	361	341	1178	1214	1104	875	115	382	199	909	299	384	2033	872	124	167	1733	4	1074	343	157	911	433	608	1058	2098	377	1095	1105	210	2921	619	493	367	379	212	1154	343	877	204	120	1253	427	318	1154	127	372	368	216	3024	62	690	299	588	569	432	153	459	370	3989	2045	205	272	624	404	163	155	308	111	530	479	561	921	103	201	468	204	1755	676	471	323	1169	673	988	474	126	251	299	474	793	178	1104	1067	517	178	432	35	530	361	1309	1132	296	2872	1183	340	622	693	2963	1122	203	199	123	500	174	525	108	159	606	172	1156	432	619	318	477	879	486	468	3301	1104	1321	273	384	1105	373	79	879	666	178	3646	199	372	273	365	401	1086	690	732	96	857	868	373	1006	1128	172	239	135	618	256	1517	693	2151	369	498	2645	304	206	448	1836	1448	509	694	646	1418	1294	199	299	1014	1853	921	463	73	296
208	91	288	379	347	3028	939	1312	1014	1005	1913	111	441	928	3386	155	1383	433	1345	94	1007	390	692	2005	295	174	231	501	1309	242	527	302	257	0	105	730	79	1259	284	1781	277	276	537	584	476	191	947	109	1180	85	250	198	426	839	242	2194	181	325	470	933	691	501	134	1187	1071	949	1011	255	422	155	783	336	421	1836	1004	139	112	1703	261	1106	85	125	1034	198	351	940	1889	242	987	960	104	2891	367	315	109	246	104	1000	85	915	360	377	1106	197	248	1000	282	178	159	108	3001	317	510	322	418	515	537	116	568	163	3941	1880	105	244	664	197	333	327	355	178	551	243	379	905	201	105	573	360	1760	714	584	184	1379	415	815	717	152	266	322	297	537	361	1180	947	578	361	537	271	551	397	1324	979	345	2825	1045	261	368	504	2938	977	78	155	381	582	350	779	202	417	431	335	1021	537	441	248	299	1015	232	573	3385	1180	1184	263	421	960	317	295	746	604	118	3630	155	178	263	155	465	1117	508	581	214	992	626	179	767	892	143	261	393	444	1	1481	437	2240	176	603	2579	232	295	210	1790	1268	416	508	472	1613	1402	155	322	1031	1643	905	219	239	306
106	152	184	275	365	2981	905	1210	914	981	1936	15	447	923	3331	110	1308	397	1269	198	983	310	596	2012	191	272	331	493	1412	325	422	298	183	105	0	781	113	1162	233	1742	206	200	437	484	482	288	940	202	1091	181	169	170	336	867	320	2143	85	350	508	923	673	493	233	1116	1061	945	910	152	332	59	763	360	332	1860	903	61	16	1771	186	1028	181	26	1041	303	438	917	1920	324	960	951	146	2837	440	413	202	217	148	996	181	834	255	296	1099	303	184	996	179	276	260	153	2944	235	518	231	418	458	437	103	468	263	3894	1884	143	161	579	298	229	223	377	81	470	348	386	840	170	140	473	255	1693	631	484	153	1273	506	821	657	58	172	231	394	618	258	1091	925	487	258	437	207	470	306	1252	975	249	2777	1033	203	445	518	2882	968	113	59	301	486	319	688	102	339	434	230	1007	437	447	184	396	914	332	473	3297	1091	1172	176	332	951	375	201	729	553	13	3571	59	276	176	256	370	1039	609	572	115	892	685	276	823	944	154	165	314	447	104	1550	533	2150	273	504	2538	166	294	315	1740	1280	492	520	476	1507	1418	59	231	957	1675	840	323	194	217
865	806	920	995	437	2644	690	1621	1341	665	1219	796	402	485	3055	693	1356	1164	1328	678	667	1088	1032	2676	927	756	580	1222	1371	846	1020	1027	964	730	781	0	809	1491	1009	1407	718	981	970	1007	386	764	507	634	1329	657	949	641	837	210	859	1873	861	1025	1131	521	477	1222	746	1155	610	489	1342	902	832	774	521	1035	828	1141	1328	841	797	2129	967	1160	657	807	1720	673	446	613	1174	846	677	533	827	2569	383	796	634	617	827	521	657	1046	953	1072	620	686	701	521	920	760	738	828	2694	1012	357	800	438	675	970	845	992	739	3545	1254	830	753	910	735	952	951	1056	857	832	656	439	903	931	831	987	953	1617	932	1007	653	1845	431	351	1438	838	795	800	794	305	979	1329	613	913	979	970	988	832	822	1277	510	833	2458	609	684	393	333	2630	541	807	774	1078	953	1081	1434	869	1116	418	947	605	970	402	701	793	1347	582	987	3366	1329	712	768	828	533	959	967	486	667	787	3321	774	759	768	737	879	1163	839	422	884	1326	119	759	58	163	871	803	1092	413	732	1914	468	2291	762	1003	2174	706	1019	658	1499	642	974	341	395	2019	2061	774	800	1067	928	903	634	966	784
190	41	266	353	424	3087	1003	1312	1018	1074	1992	109	516	1003	3439	206	1421	356	1382	148	1075	331	706	1930	272	176	287	422	1314	214	522	223	201	79	113	809	0	1270	213	1843	317	220	544	590	552	190	1021	180	1203	155	199	259	448	918	208	2250	154	252	404	1006	761	422	142	1229	1144	1024	1014	232	445	173	852	263	445	1916	1008	106	108	1658	206	1141	155	118	958	231	417	1009	1968	213	1054	1034	33	2945	441	312	180	308	35	1075	155	948	344	321	1180	227	292	1075	259	179	170	40	3054	263	586	344	492	566	544	48	575	173	4000	1957	31	274	693	208	311	303	282	153	583	277	454	952	127	30	581	344	1805	744	590	243	1354	479	891	644	130	285	344	292	606	337	1203	1016	599	337	544	208	583	419	1364	1053	360	2883	1118	309	440	582	2991	1050	1	173	323	597	272	726	179	357	506	314	1093	544	516	292	295	1018	287	581	3409	1203	1257	290	445	1034	263	255	816	659	125	3681	173	179	290	167	482	1152	510	654	186	996	703	180	844	970	63	277	334	519	78	1437	495	2262	176	611	2640	275	216	247	1847	1346	379	585	548	1595	1329	173	344	1070	1722	952	262	168	330
