NAME : VRPTW_INSTANCE_289.txt
COMMENT : Bangkok Supermarket
TYPE : VRPTW
DIMENSION : 200
DAYS : Monday
EDGE_WEIGHT_TYPE : EXPLICIT
VEHICLES : 28
EDGE_WEIGHT_FORMAT : FULL_MATRIX
CAPACITY : 1000
EDGE_WEIGHT_SECTION
0	1158	1331	533	1114	1123	349	523	153	525	1584	525	676	1050	1577	344	307	1126	669	1940	355	371	118	1015	1573	943	737	399	78	582	111	26	581	422	2339	130	59	2549	383	1701	153	1052	2055	1905	235	165	481	474	476	148	615	24	22	438	85	104	436	155	317	606	2003	1089	185	443	1480	3153	135	1113	1994	428	1078	402	972	408	438	399	242	386	1390	165	345	264	1080	214	976	1567	929	431	96	577	355	404	1213	411	154	464	225	1627	539	536	1213	218	502	123	1297	1019	977	1628	189	1142	582	1973	196	216	968	298	204	202	1857	245	94	611	300	165	488	215	464	1221	195	330	26	962	607	497	400	239	367	111	62	953	1190	919	463	515	91	284	221	1155	207	260	399	309	219	1114	510	113	456	695	428	88	230	368	126	773	1132	538	1929	330	1115	371	245	998	609	410	104	60	891	1929	941	118	135	1396	495	994	2081	563	1221	385	204	1019	3480	994	996	560	451	1014	1745	308	91	991
1158	0	615	1549	2104	2276	869	1309	1025	1394	2680	1649	1170	2208	2573	1002	1131	2281	1676	812	1014	1506	1210	2169	2515	1911	1866	881	1107	1735	1264	1153	1571	1156	3470	1041	1120	3638	792	973	1295	2128	1412	821	969	1249	905	1508	691	1114	1757	1135	1137	1138	1193	1200	1138	1305	898	1039	2807	2154	1306	1583	2636	4294	1290	2256	3070	1548	2232	880	2082	1525	1128	1520	1338	1516	2471	1249	1004	1342	2163	1090	2085	2592	2079	1586	1128	1567	1000	1519	2368	1531	1257	1622	995	2527	1560	654	2368	1065	902	1214	2399	2174	2068	550	1347	2193	1735	3102	1355	1086	2061	1135	985	1276	2843	963	1147	1622	1452	1249	1525	977	1622	2209	977	1480	1153	2011	1616	900	760	966	972	1063	1119	2091	2335	326	1462	1380	1151	1440	1342	136	1102	1342	879	1459	1088	2104	1311	1063	1453	1573	1548	1093	1012	984	1227	604	2285	1304	863	1480	2172	1506	963	432	1740	1044	1155	1106	1874	863	1993	1210	1290	378	901	2119	3239	1583	2209	837	1075	2174	4631	282	2051	1671	1484	2058	2904	1124	1197	2017
1331	615	0	1528	1985	2344	1175	1228	1250	1327	2620	1857	997	2319	2420	1039	1157	2419	1625	809	1040	1702	1425	2310	2324	1797	1904	943	1314	1895	1442	1339	1528	1120	3438	1257	1276	3880	963	1571	1423	2080	826	696	1098	1349	895	1509	892	1225	1827	1307	1309	1095	1398	1412	1095	1441	1193	912	2509	2094	1413	1771	2761	4270	1438	2293	2970	1759	2373	940	2076	1739	1085	1731	1420	1717	2722	1349	1039	1411	2119	1172	2078	2463	2236	1702	1261	1526	1031	1736	2502	1743	1473	1750	1112	2307	1541	1002	2502	1340	878	1431	2360	2314	2042	496	1497	2117	1895	3076	1510	1168	2038	1165	1127	1509	2667	1088	1277	1584	1625	1349	1524	1117	1750	2078	1210	1655	1339	1948	1577	881	972	1093	1007	1276	1274	2273	2500	505	1451	1315	1366	1601	1441	479	1185	1576	942	1635	1168	1984	1237	1277	1443	1461	1759	1302	1115	1013	1440	559	2428	1214	1304	1655	2102	1702	1088	1013	1792	1030	1280	1271	1777	1304	1935	1425	1438	952	883	2131	3304	1558	2078	1157	1343	2314	4633	454	1990	1892	1489	1987	2994	1150	1403	1935
533	1549	1528	0	589	826	866	309	676	212	1131	653	570	836	1059	547	417	957	138	2257	536	562	597	861	1043	410	387	667	611	569	505	556	56	412	1933	652	525	2467	775	2215	396	579	2100	2188	603	370	661	60	873	475	353	540	539	437	578	592	436	407	837	619	1474	605	352	567	1268	2763	435	766	1523	620	919	668	550	620	446	606	292	581	1395	370	545	268	615	473	552	1061	820	368	490	53	550	623	1029	615	590	416	575	1094	12	1015	1029	749	672	598	853	865	524	1929	428	647	569	1566	440	477	518	414	600	630	1338	607	474	79	488	370	49	604	416	696	709	497	556	463	75	671	824	606	577	638	523	891	1065	1251	86	221	611	455	322	1507	463	634	670	495	474	588	297	640	95	227	620	620	552	566	590	1014	972	327	2380	497	624	562	607	1485	302	517	462	545	360	2380	445	597	435	1846	670	603	1777	34	696	899	734	865	3115	1321	502	702	81	512	1475	425	581	477
1114	2104	1985	589	0	713	1454	796	1262	710	651	1052	990	837	472	1110	988	969	450	2761	1096	1032	1162	925	461	193	528	1229	1193	909	1069	1136	550	948	1469	1238	1112	2377	1355	2804	968	252	2409	2673	1188	956	1199	644	1450	1064	641	1124	1123	966	1149	1160	966	974	1424	1094	947	218	929	999	1144	2297	1002	597	986	1069	955	1230	386	1080	976	1068	872	1046	1502	956	1108	851	279	1058	381	488	952	810	1079	554	1111	1086	1000	1072	1145	829	1160	532	580	1603	1000	1326	1204	1162	447	927	313	2430	979	186	909	1121	986	1061	322	987	1187	1176	750	1191	1062	509	989	956	628	1190	829	107	1297	985	1136	200	513	1205	1407	1190	1137	1223	1111	1046	1096	1792	670	724	1187	965	895	2048	1048	1161	1232	993	1058	1	793	1225	679	536	1069	1203	1136	1125	1152	1532	990	803	2951	985	196	1032	1191	2071	602	1060	1050	1132	232	2951	219	1162	1002	2420	1204	457	1461	555	107	1488	1311	927	2671	1857	197	1093	668	163	1238	995	1150	143
1123	2276	2344	826	713	0	1452	1136	1267	1038	616	734	1395	171	882	1318	1192	275	765	3037	1313	824	1095	282	1001	763	441	1430	1183	592	1023	1131	841	1223	1237	1247	1156	1692	1486	2753	981	461	2922	2983	1311	1031	1454	837	1586	1166	523	1144	1142	1249	1103	1102	1249	971	1420	1442	1540	496	971	751	457	2035	988	119	1014	814	280	1432	348	835	1258	832	945	824	809	1031	1317	947	435	1201	352	802	365	691	1149	842	1324	843	288	827	1054	661	1287	1117	814	1655	288	1267	1469	1092	409	281	420	2714	934	544	592	883	928	1205	415	1185	1292	1055	1097	1318	1129	788	849	1031	823	1300	661	738	1314	824	1131	561	795	1467	1516	1315	1351	1226	1157	446	397	2012	897	1047	1148	851	936	2261	1188	1003	1432	844	1204	712	1124	1227	904	969	814	1197	1274	1342	1079	1807	296	1153	3046	824	524	824	1318	2104	552	1315	1122	1171	736	3045	556	1095	988	2515	1465	271	967	801	738	1489	1253	281	2357	2087	537	745	856	566	650	1199	1101	618
349	869	1175	866	1454	1452	0	773	196	809	1932	783	828	1363	1921	464	526	1424	1005	1676	483	647	357	1314	1909	1276	1084	418	275	881	432	332	909	627	2680	219	342	2774	270	1353	502	1401	1966	1663	316	498	524	810	295	398	959	334	335	628	350	350	627	503	32	712	2317	1437	532	724	1779	3488	480	1453	2343	682	1375	421	1320	659	623	656	585	654	1605	498	467	603	1429	426	1325	1914	1219	767	375	905	473	653	1511	665	401	792	339	1956	873	215	1511	197	543	361	1646	1318	1326	1384	526	1489	881	2315	529	424	1317	521	299	411	2201	320	391	946	605	498	825	301	792	1561	157	631	332	1309	941	537	227	317	463	237	343	1225	1471	696	788	796	305	601	569	895	431	475	415	611	428	1453	765	236	780	995	682	263	366	472	374	655	1427	782	1593	631	1463	647	320	653	956	551	403	322	1226	1592	1288	357	480	1064	535	1340	2398	899	1561	36	207	1318	3808	767	1343	802	786	1360	2056	522	352	1335
523	1309	1228	309	796	1136	773	0	619	99	1402	861	262	1142	1263	338	247	1259	397	1977	321	731	629	1159	1210	602	696	447	588	818	561	549	301	161	2215	598	483	2767	596	2066	458	855	1793	1899	460	379	404	308	680	394	649	515	516	174	600	619	174	478	751	315	1562	872	414	765	1577	3048	499	1074	1774	798	1219	447	849	789	183	776	369	752	1670	379	335	341	893	350	851	1285	1109	601	437	299	335	790	1334	787	646	655	435	1234	322	865	1334	727	407	633	1135	1163	814	1646	530	902	818	1851	546	351	809	252	474	697	1534	459	431	356	643	379	319	473	655	900	633	664	549	726	350	409	655	461	358	594	480	1172	1362	995	247	89	614	607	411	1251	347	730	450	653	346	796	15	597	242	263	798	590	408	346	631	738	1273	20	2162	664	884	731	459	1316	603	271	420	500	570	2162	711	629	499	1635	408	907	2084	336	900	799	714	1163	3407	1061	767	909	295	768	1785	251	605	720
153	1025	1250	676	1262	1267	196	619	0	640	1737	630	723	1186	1727	359	377	1256	814	1818	375	483	186	1145	1719	1087	890	365	84	710	244	138	721	490	2489	23	151	2647	287	1549	306	1205	2006	1792	208	306	466	618	365	225	766	139	139	498	168	175	497	308	164	628	2138	1241	337	559	1611	3301	286	1262	2147	529	1207	368	1125	506	495	500	391	493	1481	306	361	410	1233	271	1129	1719	1054	578	191	717	369	501	1343	511	234	606	218	1769	683	388	1343	121	488	191	1451	1149	1130	1513	335	1294	710	2124	339	271	1121	370	177	262	2007	217	204	755	427	306	633	185	606	1369	47	456	138	1114	751	481	285	211	370	42	153	1069	1311	807	601	628	126	418	373	1033	272	330	364	434	275	1261	608	40	593	820	529	70	239	376	203	699	1260	630	1780	456	1267	483	217	846	762	442	216	131	1036	1780	1093	186	286	1248	479	1146	2220	708	1369	232	114	1149	3625	882	1148	657	595	1165	1882	375	172	1140
525	1394	1327	212	710	1038	809	99	640	0	1306	801	357	1048	1180	405	293	1168	298	2073	389	682	621	1069	1135	516	599	521	597	745	543	551	201	238	2117	618	494	2677	658	2126	433	757	1887	1997	507	366	490	219	748	415	559	522	523	257	594	612	257	451	785	414	1509	775	386	707	1481	2950	476	974	1682	747	1128	521	749	741	267	727	332	703	1591	366	402	303	795	384	751	1197	1023	530	450	200	404	743	1241	738	631	583	480	1166	224	921	1241	739	496	624	1037	1073	714	1743	496	807	745	1753	512	386	710	295	515	679	1454	507	441	257	596	366	228	516	583	815	661	614	551	630	250	497	715	508	430	610	492	1089	1273	1084	160	14	615	560	374	1341	378	704	524	606	382	709	90	613	157	190	747	601	453	417	620	832	1182	115	2242	614	789	682	507	1381	511	350	428	513	480	2242	614	621	476	1713	496	807	1984	237	815	838	725	1073	3308	1151	671	850	210	672	1686	299	598	627
1584	2680	2620	1131	651	616	1932	1402	1737	1306	0	1309	1623	785	423	1678	1548	860	1010	3379	1668	1364	1591	896	594	826	849	1798	1656	1155	1505	1599	1114	1536	820	1714	1601	1921	1897	3276	1431	552	3060	3300	1720	1452	1790	1171	1997	1580	979	1600	1599	1559	1589	1594	1558	1429	1900	1714	1073	530	1405	1302	808	1651	1452	540	416	1371	881	1800	612	1390	1569	1384	1360	1370	1343	1452	1676	1350	516	1594	607	318	981	1178	1579	1117	1681	1397	831	1381	1558	1168	1693	715	1120	2114	831	1767	1798	1589	286	894	613	3049	1409	502	1155	470	1409	1598	621	1545	1711	1573	529	1726	1561	1061	1362	1452	1154	1717	1168	581	1779	1344	1599	676	1067	1798	1941	1723	1709	1695	1601	1061	958	2382	1217	1319	1633	1352	1368	2639	1583	1533	1801	1360	1595	651	1395	1696	1226	1158	1371	1669	1673	1698	1577	2137	879	1412	3500	1344	517	1364	1726	2581	976	1645	1550	1619	842	3500	691	1591	1452	2965	1797	598	867	1097	581	1969	1752	894	2021	2452	634	1330	1195	634	747	1556	1589	684
525	1649	1857	653	1052	734	783	861	630	801	1309	0	1095	609	1439	841	754	648	728	2448	846	154	444	541	1493	949	529	918	553	155	414	519	707	845	1968	617	580	2024	904	2025	451	879	2564	2421	759	537	987	608	992	640	411	550	548	869	465	455	868	430	752	1069	2000	926	477	96	1001	2750	426	774	1723	101	600	921	747	124	874	129	502	139	866	537	841	525	890	700	754	1395	442	285	598	704	851	130	735	118	395	242	745	1580	648	998	735	586	1008	438	1040	546	791	2143	370	991	155	1617	355	704	780	744	729	373	1704	768	584	693	238	537	608	740	242	1141	676	209	519	855	695	1003	913	763	870	595	582	442	688	1436	651	800	504	268	464	1662	689	307	919	227	706	1051	845	595	651	881	101	566	745	867	427	1298	649	880	2356	209	960	154	768	1411	454	884	583	585	894	2356	835	444	426	1837	1001	727	1632	660	1141	817	575	546	3052	1511	871	49	604	901	1286	759	461	909
676	1170	997	570	990	1395	828	262	723	357	1623	1095	0	1404	1437	368	369	1521	642	1773	350	955	793	1421	1359	801	957	421	722	1068	746	700	555	258	2441	709	623	3028	588	2012	660	1087	1531	1683	522	573	327	570	642	528	911	661	662	239	761	781	240	682	816	138	1638	1098	624	999	1838	3274	697	1328	1976	1022	1480	419	1097	1010	238	997	593	975	1924	573	365	570	1127	465	1098	1473	1369	851	580	554	358	1010	1596	1009	822	905	507	1361	582	855	1596	843	316	798	1367	1425	1056	1443	740	1120	1068	2081	757	464	1052	379	549	873	1696	516	582	609	865	573	581	543	905	1086	720	890	700	954	602	321	649	520	365	712	620	1429	1623	845	509	349	761	831	632	1091	470	919	424	876	460	989	276	715	504	465	1022	719	484	356	800	568	1535	243	2034	890	1106	955	516	1260	866	282	574	634	780	2034	942	793	697	1523	322	1159	2335	594	1086	845	834	1425	3639	901	995	1142	556	991	2042	368	767	938
1050	2208	2319	836	837	171	1363	1142	1186	1048	785	609	1404	0	1048	1282	1161	134	803	2984	1279	719	1007	110	1160	854	456	1388	1103	483	944	1054	862	1209	1363	1168	1090	1635	1426	2634	919	586	2935	2939	1255	980	1424	834	1523	1113	496	1072	1071	1235	1018	1014	1234	906	1331	1435	1699	628	917	643	441	2141	918	276	1178	698	119	1390	453	721	1243	720	901	716	665	980	1281	908	568	1155	458	971	199	627	1089	862	1289	728	193	713	962	587	1234	1274	825	1572	193	1171	1440	1002	577	109	527	2667	861	683	483	1020	853	1160	519	1153	1233	956	1268	1263	1070	814	759	980	822	1242	587	877	1233	732	1054	663	820	1438	1449	1259	1315	1146	1091	275	261	1959	896	1055	1062	768	885	2203	1143	898	1389	753	1159	836	1128	1147	901	1010	698	1117	1223	1307	990	1772	155	1160	2953	732	659	719	1263	2008	539	1290	1064	1103	820	2953	654	1007	918	2427	1436	380	1034	816	877	1399	1158	109	2447	2034	647	612	850	680	695	1168	1015	725
1577	2573	2420	1059	472	882	1921	1263	1727	1180	423	1439	1437	1048	0	1583	1460	1155	921	3210	1568	1450	1615	1156	173	664	915	1701	1655	1285	1523	1598	1023	1418	1125	1703	1579	2342	1828	3273	1428	561	2768	3114	1660	1422	1667	1112	1922	1534	1045	1588	1588	1435	1605	1614	1435	1432	1891	1551	672	515	1391	1404	1191	1922	1459	771	578	1476	1162	1701	693	1490	1445	1481	1336	1461	1679	1422	1580	1317	549	1530	686	105	1218	1234	1547	1026	1583	1497	1151	1482	1593	1243	1632	292	1050	2074	1151	1784	1671	1615	474	1156	648	2880	1430	452	1285	831	1435	1534	659	1460	1659	1620	279	1663	1530	979	1421	1422	1097	1662	1243	365	1763	1412	1598	618	984	1672	1879	1662	1609	1687	1578	1310	1272	2257	1142	1194	1645	1402	1356	2512	1521	1597	1704	1423	1530	473	1261	1689	1151	1000	1476	1666	1608	1597	1604	1993	1177	1268	3423	1412	482	1450	1663	2543	1019	1530	1519	1599	705	3423	639	1615	1459	2892	1672	727	1282	1025	365	1955	1769	1156	2312	2321	589	1472	1137	566	1167	1468	1606	586
344	1002	1039	547	1110	1318	464	338	359	405	1678	841	368	1282	1583	0	130	1380	674	1722	18	688	460	1271	1541	918	886	120	371	861	439	363	569	177	2476	347	285	2850	257	1727	392	1126	1723	1664	154	312	147	509	343	203	795	323	325	171	428	447	170	412	449	269	1900	1152	376	750	1724	3304	415	1281	2068	751	1334	121	1088	735	164	724	381	706	1705	312	3	374	1162	140	1090	1595	1198	663	251	566	10	732	1463	736	499	711	141	1569	558	528	1463	480	166	466	1399	1275	1069	1397	471	1191	861	2109	486	137	1062	135	182	547	1858	148	262	620	603	312	526	175	711	1217	353	633	363	1009	614	162	317	152	32	353	282	1238	1462	706	461	391	417	575	403	962	152	604	122	614	135	1110	334	356	452	593	751	365	121	26	471	490	1389	341	1841	633	1170	688	148	978	766	87	260	291	878	1840	991	460	415	1309	160	1131	2285	581	1217	484	472	1275	3651	778	1049	882	485	1056	1965	123	434	1016
307	1131	1157	417	988	1192	526	247	377	293	1548	754	369	1161	1460	130	0	1263	547	1852	122	605	424	1155	1424	797	757	250	359	756	378	332	441	115	2345	359	256	2744	368	1833	304	996	1815	1792	215	216	263	378	461	162	670	293	295	130	392	411	129	325	504	316	1801	1022	277	659	1603	3173	336	1152	1940	671	1217	251	957	657	131	645	267	624	1609	216	128	255	1031	105	960	1470	1086	550	212	438	134	656	1345	657	453	600	189	1458	428	628	1345	491	279	429	1269	1159	938	1526	385	1063	756	1978	402	106	932	10	227	504	1737	215	213	491	517	216	395	226	600	1095	388	544	332	880	485	276	422	216	162	357	253	1132	1349	837	331	279	394	485	296	1092	106	551	252	527	101	987	239	360	322	483	671	358	162	152	430	615	1273	256	1966	544	1041	605	215	1089	639	132	205	270	755	1965	862	424	336	1433	274	1001	2158	451	1095	552	480	1159	3520	908	920	797	354	928	1840	7	397	889
1126	2281	2419	957	969	275	1424	1259	1256	1168	860	648	1521	134	1155	1380	1263	0	931	3067	1378	777	1072	111	1276	989	584	1481	1173	546	1017	1129	986	1317	1363	1239	1171	1510	1507	2662	1005	717	3051	3027	1341	1072	1524	951	1603	1202	610	1150	1148	1343	1087	1081	1343	990	1392	1546	1815	757	1008	700	355	2114	1000	392	1234	745	49	1484	586	768	1352	770	998	770	536	1072	1379	1008	697	1249	591	1073	206	717	1174	986	1388	775	87	761	1025	672	1322	1392	946	1637	87	1229	1541	1067	681	106	660	2753	941	810	546	1037	931	1253	653	1254	1317	1013	1362	1350	1156	940	829	1072	940	1327	672	1004	1303	800	1129	797	945	1538	1527	1346	1412	1217	1172	237	127	2043	1012	1174	1130	842	978	2282	1236	951	1482	821	1253	968	1245	1217	1017	1138	745	1187	1313	1405	1055	1867	21	1278	3005	800	787	777	1350	2060	656	1393	1151	1182	954	3005	789	1072	1000	2484	1536	512	985	939	1004	1460	1217	106	2406	2119	781	642	965	813	637	1270	1083	859
669	1676	1625	138	450	765	1005	397	814	298	1010	728	642	803	921	674	547	931	0	2370	662	658	728	845	904	273	347	794	748	620	635	692	105	526	1819	790	663	2438	910	2353	529	459	2159	2295	740	508	779	195	1007	613	364	677	677	548	711	724	548	538	975	713	1343	480	487	650	1219	2651	566	689	1394	711	898	795	455	714	558	701	427	676	1404	508	672	404	497	610	456	925	820	445	629	108	676	719	996	708	717	485	712	958	131	1153	996	885	787	729	738	848	416	2040	553	517	620	1455	563	613	412	544	738	755	1200	743	613	58	595	508	181	741	485	557	847	599	692	335	63	788	960	742	703	776	662	900	1047	1373	221	311	746	564	455	1630	600	752	797	600	610	449	389	778	229	207	711	757	688	692	720	1127	949	410	2513	599	496	658	743	1622	309	636	601	683	221	2512	319	728	566	1979	786	518	1693	106	557	1038	870	848	3009	1442	376	775	219	381	1405	554	713	342
1940	812	809	2257	2761	3037	1676	1977	1818	2073	3379	2448	1773	2984	3210	1722	1852	3067	2370	0	1730	2301	2005	2955	3122	2569	2609	1607	1898	2522	2050	1939	2267	1846	4189	1833	1895	4449	1559	1319	2065	2830	1140	166	1729	2007	1596	2227	1463	1872	2513	1916	1918	1822	1985	1994	1823	2078	1704	1668	3318	2849	2068	2377	3420	5021	2067	3003	3746	2347	3018	1605	2806	2324	1812	2319	2091	2312	3281	2007	1724	2090	2868	1835	2809	3246	2869	2357	1895	2265	1717	2319	3153	2329	2053	2398	1751	3110	2269	1462	3153	1871	1585	2010	3108	2960	2781	330	2126	2879	2522	3824	2135	1831	2776	1858	1751	2076	3464	1721	1914	2322	2240	2007	2244	1742	2398	2859	1772	2269	1939	2703	2316	1586	1540	1725	1690	1854	1894	2888	3129	1025	2174	2060	1945	2224	2102	785	1848	2143	1605	2248	1832	2761	1983	1854	2165	2228	2347	1884	1763	1700	2022	1243	3073	1967	781	2269	2862	2301	1721	1185	2488	1740	1920	1884	2543	781	2688	2005	2067	823	1587	2853	4004	2290	2859	1645	1879	2960	5372	950	2744	2473	2204	2745	3677	1844	1989	2697
355	1014	1040	536	1096	1313	483	321	375	389	1668	846	350	1279	1568	18	122	1378	662	1730	0	694	472	1269	1525	904	880	132	384	862	447	374	556	160	2466	362	296	2852	275	1745	396	1115	1717	1670	171	314	145	500	359	211	791	335	336	152	439	458	152	416	468	255	1882	1140	378	754	1721	3295	420	1274	2056	757	1332	133	1079	741	145	730	380	712	1708	314	15	371	1151	147	1082	1582	1198	662	261	553	14	739	1461	742	509	711	157	1553	547	546	1461	496	164	477	1389	1274	1059	1404	475	1179	862	2099	491	143	1053	128	199	558	1843	166	270	608	608	314	516	192	711	1203	370	637	374	997	602	160	335	170	41	368	293	1240	1462	715	450	375	429	579	403	971	157	613	135	618	141	1096	318	371	441	577	757	379	136	30	482	494	1388	323	1854	637	1158	694	166	995	761	68	267	303	864	1854	979	472	420	1324	158	1123	2280	570	1203	503	488	1274	3643	787	1037	887	476	1044	1961	114	445	1003
371	1506	1702	562	1032	824	647	731	483	682	1364	154	955	719	1450	688	605	777	658	2301	694	0	297	667	1486	905	536	764	403	236	260	366	618	701	2061	468	425	2178	752	1930	301	890	2411	2272	604	389	834	509	842	486	405	396	394	724	315	307	723	280	615	922	1974	935	331	77	1132	2856	273	844	1781	66	728	767	773	59	729	45	364	20	1020	389	688	390	907	547	779	1416	573	222	444	614	698	62	864	55	249	206	591	1564	559	859	864	452	854	292	1085	671	804	1994	220	998	236	1703	203	551	793	595	575	236	1722	614	429	615	89	389	513	585	206	1128	529	67	366	843	615	849	763	609	717	446	427	586	829	1286	543	679	356	124	324	1515	536	179	764	79	553	1031	716	446	541	785	66	417	591	714	279	1143	780	751	2233	67	968	0	614	1288	432	733	429	431	849	2233	822	297	273	1709	847	768	1753	575	1128	682	440	671	3167	1361	866	193	500	893	1410	610	311	891
118	1210	1425	597	1162	1095	357	629	186	621	1591	444	793	1007	1615	460	424	1072	728	2005	472	297	0	961	1623	1000	741	506	110	526	93	97	649	538	2325	173	175	2464	464	1684	201	1075	2163	1977	339	254	594	537	549	266	612	137	135	554	32	13	553	190	325	724	2071	1114	246	373	1427	3131	162	1099	2005	343	1023	509	981	321	555	314	307	307	1299	254	462	335	1100	332	986	1598	869	415	214	645	471	316	1159	325	48	436	335	1684	601	565	1159	175	615	5	1306	965	995	1699	186	1171	526	1962	183	334	985	414	307	87	1894	349	211	672	247	254	549	317	436	1267	233	274	97	997	669	610	469	344	482	152	178	883	1126	992	537	612	60	245	274	1219	325	151	506	253	337	1161	616	151	531	780	343	124	343	484	17	869	1075	645	1950	274	1143	297	349	1009	616	528	219	170	946	1950	976	0	162	1422	608	994	2041	624	1267	394	161	965	3450	1067	1028	472	516	1049	1701	425	27	1031
1015	2169	2310	861	925	282	1314	1159	1145	1069	896	541	1421	110	1156	1271	1155	111	845	2955	1269	667	961	0	1265	926	498	1371	1062	434	906	1017	892	1212	1450	1128	1060	1607	1396	2561	894	678	2949	2916	1230	962	1415	851	1492	1092	510	1039	1037	1238	976	970	1237	879	1282	1441	1804	722	898	589	466	2213	888	385	1285	637	63	1374	539	660	1246	661	889	661	580	962	1270	900	663	1139	544	1081	103	608	1063	892	1279	667	198	653	915	562	1211	1377	850	1526	198	1119	1433	956	687	4	612	2641	830	780	434	1114	819	1143	604	1146	1206	903	1379	1239	1045	848	717	962	841	1216	562	972	1192	689	1017	743	854	1429	1416	1235	1303	1106	1061	165	203	1932	912	1075	1019	731	868	2171	1126	842	1372	710	1143	924	1145	1106	917	1050	637	1076	1202	1296	944	1757	118	1178	2897	689	754	667	1239	1952	558	1286	1040	1071	887	2897	732	961	888	2375	1427	470	1090	845	972	1350	1107	4	2510	2007	731	537	864	764	744	1162	972	806
1573	2515	2324	1043	461	1001	1909	1210	1719	1135	594	1493	1359	1160	173	1541	1424	1276	904	3122	1525	1486	1623	1265	0	633	963	1656	1652	1343	1530	1595	1000	1369	1286	1695	1568	2510	1793	3253	1429	621	2634	3020	1632	1412	1612	1100	1884	1514	1087	1582	1581	1384	1610	1621	1385	1435	1880	1481	539	573	1389	1448	1342	2069	1463	885	728	1519	1277	1656	764	1531	1394	1521	1330	1499	1808	1412	1538	1309	620	1503	758	277	1317	1265	1533	1004	1540	1538	1281	1523	1606	1281	1604	123	1036	2049	1281	1786	1613	1623	604	1265	707	2794	1440	508	1343	1002	1447	1506	718	1425	1634	1637	343	1634	1517	963	1448	1412	1085	1637	1281	359	1752	1442	1595	643	967	1616	1847	1634	1565	1680	1567	1411	1397	2194	1121	1150	1647	1425	1355	2446	1494	1621	1659	1451	1502	462	1210	1683	1129	948	1519	1661	1579	1552	1613	1923	1298	1213	3372	1442	538	1486	1634	2514	1053	1481	1505	1588	682	3372	664	1623	1463	2846	1615	812	1456	1011	359	1942	1771	1265	2462	2255	622	1530	1124	594	1334	1431	1611	597
943	1911	1797	410	193	763	1276	602	1087	516	826	949	801	854	664	918	797	989	273	2569	904	905	1000	926	633	0	460	1036	1022	819	907	966	367	754	1646	1063	936	2453	1165	2621	802	330	2249	2483	1001	780	1005	469	1259	881	544	950	950	772	984	997	772	810	1247	902	1075	323	760	883	1216	2477	838	658	1176	950	966	1037	414	957	782	945	701	921	1506	780	916	678	369	871	411	682	931	683	900	370	919	962	1036	950	988	712	973	684	404	1417	1036	1158	1010	1001	590	928	344	2239	822	327	819	1291	831	874	348	797	1002	1023	939	1003	884	331	851	780	454	1005	712	298	1119	850	966	204	335	1011	1218	1003	945	1049	934	1022	1115	1598	487	530	1020	823	728	1854	862	1016	1039	855	871	193	599	1051	496	342	950	1031	948	933	992	1338	1009	609	2759	850	320	905	1003	1884	496	867	872	956	55	2758	206	1000	838	2228	1010	491	1598	379	298	1309	1143	928	2847	1663	236	993	492	216	1348	804	986	158
737	1866	1904	387	528	441	1084	696	890	599	849	529	957	456	915	886	757	584	347	2609	880	536	741	498	963	460	0	1001	808	381	655	751	407	783	1606	867	760	2092	1074	2426	586	354	2487	2550	896	618	1018	395	1175	752	133	755	754	809	739	744	808	581	1052	1001	1474	400	565	489	882	2428	603	394	1264	561	550	1003	240	575	818	566	528	547	1066	618	885	523	370	778	246	879	482	331	743	407	892	582	650	567	710	331	871	1052	374	1272	650	917	1032	739	564	501	267	2284	559	463	381	1239	559	782	256	751	882	727	1185	903	724	358	519	618	381	889	331	612	933	504	751	328	363	1030	1111	900	918	847	759	569	700	1588	455	608	783	505	528	1841	766	693	1004	518	780	527	684	849	462	554	561	821	854	909	727	1373	601	714	2664	504	433	536	903	1736	128	877	715	777	412	2664	309	741	603	2129	1029	256	1402	363	612	1121	902	501	2767	1662	341	567	415	372	1092	765	739	386
399	881	943	667	1229	1430	418	447	365	521	1798	918	421	1388	1701	120	250	1481	794	1607	132	764	506	1371	1656	1036	1001	0	402	952	506	412	689	286	2595	360	340	2938	166	1623	480	1246	1657	1553	166	408	106	629	234	282	906	375	377	274	475	492	273	497	411	296	2004	1272	472	830	1828	3423	495	1396	2188	824	1434	3	1206	805	265	795	486	780	1784	408	122	483	1282	232	1209	1715	1294	763	320	686	118	802	1565	807	550	809	173	1681	678	437	1565	482	126	512	1519	1375	1189	1284	554	1312	952	2227	568	228	1182	254	199	594	1975	156	335	740	684	408	645	189	809	1335	344	714	412	1129	734	120	228	162	91	373	338	1330	1558	587	581	507	454	659	503	843	245	656	3	693	228	1228	446	375	572	707	824	393	173	103	519	386	1490	448	1722	714	1290	764	156	871	880	177	337	339	997	1722	1111	506	495	1191	118	1248	2398	701	1335	430	478	1375	3768	660	1169	956	604	1176	2074	242	481	1136
78	1107	1314	611	1193	1183	275	588	84	597	1656	553	722	1103	1655	371	359	1173	748	1898	384	403	110	1062	1652	1022	808	402	0	627	160	57	659	475	2406	65	104	2574	353	1625	228	1128	2056	1868	236	243	495	553	439	197	683	74	74	487	87	98	486	228	243	639	2081	1165	264	479	1528	3217	204	1179	2068	452	1124	406	1044	431	486	424	321	415	1410	243	372	343	1155	257	1049	1644	972	494	150	655	381	426	1260	435	159	522	236	1706	617	472	1260	142	517	116	1370	1066	1051	1591	251	1219	627	2041	255	258	1042	350	203	195	1935	246	157	690	344	243	567	213	522	1300	130	373	57	1040	686	511	359	240	389	43	107	989	1231	883	541	586	52	334	299	1112	253	261	402	352	262	1192	576	44	534	770	452	14	249	392	127	759	1178	602	1864	373	1192	403	246	928	680	446	168	89	970	1864	1019	110	204	1332	509	1064	2137	642	1300	312	128	1066	3541	958	1073	583	530	1091	1798	359	91	1069
582	1735	1895	569	909	592	881	818	710	745	1155	155	1068	483	1285	861	756	546	620	2522	862	236	526	434	1343	819	381	952	627	0	472	583	618	832	1830	693	629	1989	965	2161	472	726	2571	2487	804	549	1008	534	1059	670	274	606	604	857	541	535	856	455	849	1062	1855	774	484	160	901	2620	460	623	1570	221	497	955	593	243	864	240	490	233	857	549	860	507	736	723	599	1240	346	217	637	616	870	250	633	235	481	163	786	1433	562	1092	633	688	1027	522	885	439	639	2211	401	839	0	1474	389	727	628	747	778	472	1549	813	620	595	283	549	531	788	163	994	757	254	583	710	598	1023	982	808	892	671	631	377	609	1501	586	747	584	299	460	1737	711	415	953	275	728	908	802	671	588	794	221	641	780	887	509	1338	550	838	2470	254	808	236	813	1525	324	889	616	639	765	2469	690	526	460	1945	1021	572	1517	569	994	917	675	439	2931	1577	723	186	537	754	1175	762	537	766
111	1264	1442	505	1069	1023	432	561	244	543	1505	414	746	944	1523	439	378	1017	635	2050	447	260	93	906	1530	907	655	506	160	472	0	111	558	487	2247	224	166	2438	494	1772	112	984	2159	2016	344	181	581	445	587	236	527	136	134	506	84	91	505	98	399	690	1978	1023	159	331	1372	3057	70	1020	1918	318	968	509	894	299	509	289	219	275	1280	181	440	248	1010	301	899	1506	818	335	188	555	450	296	1104	301	88	362	332	1591	509	632	1104	264	603	93	1219	910	905	1740	95	1079	472	1883	96	304	895	368	315	136	1801	354	177	579	189	181	457	325	362	1173	290	219	111	904	577	597	510	349	465	203	168	841	1079	1030	449	535	128	175	183	1265	291	173	506	197	306	1068	546	203	443	694	318	174	334	464	84	883	1022	578	2023	219	1051	260	354	1086	529	496	180	171	853	2023	883	93	70	1492	595	909	1977	532	1173	469	248	910	3380	1105	936	450	425	956	1639	381	84	938
26	1153	1339	556	1136	1131	332	549	138	551	1599	519	700	1054	1598	363	332	1129	692	1939	374	366	97	1017	1595	966	751	412	57	583	111	0	605	447	2351	116	78	2544	385	1683	170	1070	2069	1906	246	191	497	497	476	171	628	39	38	462	65	83	461	170	300	627	2027	1107	206	440	1483	3163	147	1125	2010	420	1080	415	987	400	462	392	265	380	1382	191	364	288	1098	236	992	1587	929	440	120	601	374	396	1215	403	138	471	239	1650	562	525	1215	193	519	102	1313	1022	994	1629	197	1161	583	1986	203	237	985	322	214	184	1877	256	119	634	300	191	511	225	471	1243	183	330	0	982	631	513	399	250	385	96	81	951	1190	920	487	541	64	286	242	1154	230	244	412	308	241	1135	536	97	480	720	420	69	246	386	108	781	1134	564	1918	330	1134	366	256	984	624	431	129	73	914	1918	961	97	147	1385	511	1008	2087	586	1243	369	179	1022	3489	995	1015	552	474	1034	1750	332	70	1011
581	1571	1528	56	550	841	909	301	721	201	1114	707	555	862	1023	569	441	986	105	2267	556	618	649	892	1000	367	407	689	659	618	558	605	0	422	1921	697	570	2496	806	2254	448	563	2081	2195	637	416	675	114	902	514	390	587	586	445	630	644	445	460	880	616	1423	585	403	621	1289	2753	488	774	1499	675	949	690	548	676	455	662	342	637	1435	416	566	317	600	507	549	1029	857	421	533	3	571	679	1055	670	644	468	609	1047	58	1052	1055	799	684	650	840	896	515	1938	483	622	618	1556	495	510	510	439	636	685	1301	640	518	55	545	416	106	640	468	658	752	553	605	440	48	684	856	639	598	684	568	930	1096	1268	120	212	662	511	375	1525	498	690	692	552	507	550	291	687	129	175	675	668	585	586	643	1024	1002	316	2408	553	601	618	640	1520	336	531	506	590	319	2407	423	649	488	1874	682	606	1782	49	658	942	784	896	3109	1337	481	756	132	487	1487	449	632	447
422	1156	1120	412	948	1223	627	161	490	238	1536	845	258	1209	1418	177	115	1317	526	1846	160	701	538	1212	1369	754	783	286	475	832	487	447	422	0	2343	472	372	2812	435	1905	403	985	1741	1776	310	315	253	388	518	277	712	409	410	26	506	526	25	425	608	231	1722	1007	369	749	1649	3175	439	1173	1917	768	1273	286	963	755	35	743	345	721	1689	315	174	325	1022	219	965	1435	1150	619	327	419	174	755	1396	755	565	671	287	1394	424	706	1396	605	261	543	1263	1216	935	1517	484	1041	832	1978	501	219	930	124	329	616	1691	307	328	476	612	315	404	326	671	1053	496	637	447	861	470	261	495	310	197	472	369	1202	1410	848	331	223	510	578	381	1104	221	661	289	622	215	947	159	474	323	421	768	474	261	184	544	602	1329	163	2005	637	1022	701	307	1155	674	112	319	386	717	2005	845	538	439	1477	260	1014	2184	444	1053	650	594	1216	3528	916	902	891	368	906	1874	116	512	862
2339	3470	3438	1933	1469	1237	2680	2215	2489	2117	820	1968	2441	1363	1125	2476	2345	1363	1819	4189	2466	2061	2325	1450	1286	1646	1606	2595	2406	1830	2247	2351	1921	2343	0	2467	2365	1655	2680	3991	2190	1360	3871	4115	2501	2224	2595	1966	2780	2358	1723	2358	2357	2367	2330	2330	2366	2184	2647	2529	1579	1344	2171	1989	1090	832	2204	1226	565	2051	1405	2596	1388	2073	2377	2070	2134	2062	1643	2224	2474	2128	1322	2380	1385	1042	1553	1912	2350	1924	2480	2080	1291	2065	2286	1889	2476	1378	1921	2875	1291	2499	2604	2322	1081	1447	1408	3860	2154	1321	1830	367	2151	2384	1414	2340	2488	2291	1014	2508	2331	1867	2081	2224	1950	2495	1889	1390	2534	2058	2351	1490	1873	2604	2718	2505	2507	2447	2365	1601	1397	3182	2017	2130	2375	2080	2134	3438	2368	2240	2597	2077	2382	1468	2208	2448	2026	1976	2051	2419	2457	2496	2309	2946	1373	2227	4269	2058	1335	2061	2508	3333	1734	2450	2322	2382	1662	4268	1504	2325	2204	3735	2603	1351	564	1899	1390	2716	2485	1447	1202	3253	1448	1975	1990	1451	813	2353	2328	1503
130	1041	1257	652	1238	1247	219	598	23	618	1714	617	709	1168	1703	347	359	1239	790	1833	362	468	173	1128	1695	1063	867	360	65	693	224	116	697	472	2467	0	127	2637	294	1572	283	1181	2007	1804	199	282	459	595	376	204	744	115	116	481	152	161	480	285	188	616	2114	1218	313	544	1594	3280	264	1241	2124	516	1190	364	1102	494	479	487	367	479	1471	282	349	386	1210	253	1107	1695	1038	557	168	694	357	489	1326	498	221	586	206	1745	659	408	1326	134	481	178	1428	1132	1107	1526	314	1270	693	2102	319	252	1098	351	167	253	1983	208	181	731	410	282	609	176	586	1345	66	439	116	1090	727	474	296	203	360	21	129	1054	1296	819	577	606	113	400	350	1047	253	320	360	417	257	1237	587	21	570	797	516	51	225	365	189	703	1243	610	1801	439	1244	468	208	868	739	428	193	107	1012	1801	1069	173	264	1269	472	1124	2202	684	1345	255	125	1132	3605	894	1124	645	571	1141	1864	357	156	1117
59	1120	1276	525	1112	1156	342	483	151	494	1601	580	623	1090	1579	285	256	1171	663	1895	296	425	175	1060	1568	936	760	340	104	629	166	78	570	372	2365	127	0	2603	336	1694	175	1063	1996	1857	178	156	421	468	433	94	642	38	40	386	143	162	384	185	312	548	1987	1098	195	495	1524	3182	171	1142	2009	484	1123	344	990	464	386	455	244	441	1446	156	286	261	1093	158	994	1573	976	466	45	566	296	461	1257	467	214	503	167	1618	532	512	1257	244	443	181	1315	1064	991	1581	230	1149	629	1999	240	159	982	247	149	261	1859	188	54	605	350	156	483	160	503	1219	184	381	78	968	601	437	360	183	308	116	2	1003	1238	872	450	483	138	330	233	1112	152	319	341	360	163	1111	471	119	442	671	484	107	171	308	185	717	1177	497	1904	381	1123	425	188	980	631	353	66	20	885	1904	947	175	171	1370	435	1016	2119	557	1219	376	231	1064	3513	947	1003	616	444	1019	1785	256	148	993
2549	3638	3880	2467	2377	1692	2774	2767	2647	2677	1921	2024	3028	1635	2342	2850	2744	1510	2438	4449	2852	2178	2464	1607	2510	2453	2092	2938	2574	1989	2438	2544	2496	2812	1655	2637	2603	0	2928	3750	2459	2135	4553	4435	2782	2538	2997	2459	3013	2656	2117	2574	2572	2838	2488	2476	2837	2440	2747	3043	2987	2160	2473	2108	1237	1835	2442	1795	2026	2123	1548	2941	2040	2144	2845	2152	2477	2163	1168	2538	2849	2491	2102	2711	2043	2238	1662	2195	2618	2496	2859	2148	1441	2140	2415	2143	2767	2632	2456	2986	1441	2581	3016	2458	1956	1603	2109	4156	2383	2192	1989	1649	2369	2715	2105	2735	2753	2385	2408	2791	2602	2449	2254	2538	2448	2763	2143	2371	2692	2224	2544	2249	2455	3012	2932	2786	2881	2616	2605	1612	1404	3455	2519	2683	2524	2278	2449	3669	2699	2317	2938	2244	2716	2376	2752	2615	2524	2645	2123	2588	2764	2876	2447	3321	1494	2786	4228	2224	2181	2178	2791	3326	2165	2877	2600	2609	2429	4228	2247	2464	2442	3757	3010	1963	1145	2449	2371	2804	2574	1603	1873	3529	2221	1992	2471	2248	1176	2750	2483	2303
383	792	963	775	1355	1486	270	596	287	658	1897	904	588	1426	1828	257	368	1507	910	1559	275	752	464	1396	1793	1165	1074	166	353	965	494	385	806	435	2680	294	336	2928	0	1470	506	1348	1724	1521	178	457	265	729	100	322	966	359	360	427	439	452	427	519	271	460	2157	1378	515	825	1860	3502	507	1464	2296	804	1459	168	1293	783	420	776	546	765	1764	457	260	552	1382	303	1297	1835	1311	800	337	802	261	779	1593	787	513	839	204	1824	786	272	1593	385	282	470	1614	1400	1284	1245	566	1422	965	2312	576	299	1276	368	194	547	2105	172	356	853	684	457	746	185	839	1462	249	714	385	1239	847	276	61	174	241	313	335	1336	1574	536	690	644	405	666	550	777	314	614	163	692	302	1354	592	314	681	848	804	340	224	253	480	413	1514	599	1605	714	1399	752	172	722	948	334	364	325	1122	1605	1220	464	507	1070	274	1328	2451	810	1462	275	386	1400	3839	611	1277	936	704	1288	2120	361	444	1252
1701	973	1571	2215	2804	2753	1353	2066	1549	2126	3276	2025	2012	2634	3273	1727	1833	2662	2353	1319	1745	1930	1684	2561	3253	2621	2426	1623	1625	2161	1772	1683	2254	1905	3991	1572	1694	3750	1470	0	1853	2753	2300	1441	1622	1851	1693	2160	1388	1740	2296	1688	1688	1895	1687	1682	1895	1853	1384	1873	3627	2790	1886	2001	3000	4774	1828	2773	3690	1940	2615	1624	2666	1918	1887	1920	1939	1929	2657	1851	1730	1956	2780	1750	2671	3267	2458	2098	1725	2250	1730	1910	2746	1926	1717	2113	1649	3291	2223	1205	2746	1508	1700	1686	2990	2565	2676	1287	1868	2843	2161	3634	1867	1747	2667	1832	1619	1706	3552	1620	1742	2294	1918	1851	2176	1616	2113	2911	1510	1938	1683	2662	2290	1696	1412	1620	1708	1590	1695	2432	2672	1249	2133	2112	1644	1924	1922	1108	1758	1753	1620	1921	1751	2803	2062	1588	2125	2316	1940	1613	1675	1721	1699	1502	2658	2068	627	1938	2816	1930	1620	753	2301	1800	1754	1675	2573	626	2642	1684	1828	620	1696	2678	3644	2248	2911	1318	1524	2565	5066	1233	2697	2024	2136	2714	3296	1827	1687	2687
153	1295	1423	396	968	981	502	458	306	433	1431	451	660	919	1428	392	304	1005	529	2065	396	301	201	894	1429	802	586	480	228	472	112	170	448	403	2190	283	175	2459	506	1853	0	899	2113	2022	336	88	539	336	605	198	467	169	168	425	182	195	424	21	470	621	1870	936	47	358	1356	3007	43	966	1841	366	957	483	819	353	429	340	107	320	1312	88	392	135	927	252	824	1416	814	293	169	444	402	352	1090	352	200	333	316	1486	400	685	1090	357	559	202	1145	899	824	1748	81	990	472	1824	97	256	815	294	313	247	1707	345	151	472	213	88	348	323	333	1074	348	241	170	811	469	555	534	340	422	264	176	849	1079	1040	337	426	218	183	74	1284	241	272	481	223	257	967	443	266	331	582	366	240	309	418	195	866	1013	476	2078	241	963	301	345	1150	458	432	146	191	749	2078	790	201	43	1544	552	842	1945	424	1074	538	342	899	3337	1115	845	493	315	863	1613	309	184	842
1052	2128	2080	579	252	461	1401	855	1205	757	552	879	1087	586	561	1126	996	717	459	2830	1115	890	1075	678	621	330	354	1246	1128	726	984	1070	563	985	1360	1181	1063	2135	1348	2753	899	0	2571	2754	1172	910	1238	620	1448	1035	485	1066	1065	1008	1068	1075	1008	899	1369	1169	1148	48	868	843	899	2192	925	346	948	915	705	1247	145	929	1018	920	819	901	1252	910	1124	806	39	1045	139	527	713	679	1038	565	1129	936	747	921	1048	684	1145	720	568	1573	747	1248	1247	1073	279	679	87	2500	889	113	726	996	892	1049	98	993	1165	1071	831	1177	1019	509	867	910	603	1170	684	294	1245	855	1070	135	515	1247	1393	1175	1156	1163	1062	808	844	1830	665	770	1110	850	831	2086	1034	1042	1249	867	1046	251	847	1165	674	624	915	1139	1124	1145	1062	1587	739	867	2953	855	83	890	1177	2043	464	1093	1009	1082	324	2953	145	1075	925	2418	1245	207	1270	545	294	1437	1233	679	2553	1900	95	913	645	114	1018	1004	1068	172
2055	1412	826	2100	2409	2922	1966	1793	2006	1887	3060	2564	1531	2935	2768	1723	1815	3051	2159	1140	1717	2411	2163	2949	2634	2249	2487	1657	2056	2571	2159	2069	2081	1741	3871	2007	1996	4553	1724	2300	2113	2571	0	973	1823	2029	1578	2101	1671	1925	2441	2032	2034	1715	2132	2149	1716	2133	1979	1510	2652	2571	2092	2471	3369	4688	2138	2848	3346	2474	3009	1653	2608	2457	1708	2446	2081	2429	3424	2029	1722	2064	2611	1863	2608	2837	2891	2360	1970	2081	1713	2454	3127	2459	2207	2412	1830	2579	2112	1812	3127	2109	1557	2168	2839	2953	2557	1022	2193	2576	2571	3530	2209	1860	2556	1825	1856	2250	2969	1813	1983	2133	2326	2029	2112	1845	2412	2481	1972	2355	2069	2437	2127	1562	1747	1819	1694	2023	1994	2944	3150	1328	2039	1880	2108	2297	2112	1284	1874	2313	1657	2336	1858	2410	1806	2025	2034	1960	2474	2046	1825	1697	2176	1313	3064	1775	1883	2355	2570	2411	1813	1831	2396	1683	1982	1996	2247	1883	2429	2163	2138	1689	1564	2675	3841	2123	2481	1952	2110	2953	5071	1281	2475	2605	2086	2462	3564	1810	2138	2405
1905	821	696	2188	2673	2983	1663	1899	1792	1997	3300	2421	1683	2939	3114	1664	1792	3027	2295	166	1670	2272	1977	2916	3020	2483	2550	1553	1868	2487	2016	1906	2195	1776	4115	1804	1857	4435	1521	1441	2022	2754	973	0	1685	1959	1531	2162	1429	1826	2459	1880	1882	1751	1956	1966	1752	2036	1689	1586	3196	2771	2022	2346	3378	4947	2027	2944	3659	2320	2979	1551	2739	2298	1742	2292	2040	2284	3267	1959	1666	2036	2793	1784	2741	3155	2833	2313	1853	2192	1658	2293	3113	2303	2026	2355	1706	3003	2201	1453	3113	1853	1519	1983	3034	2920	2710	279	2087	2798	2487	3751	2097	1780	2705	1798	1709	2053	3363	1677	1871	2250	2205	1959	2178	1700	2355	2768	1746	2235	1906	2625	2243	1520	1508	1681	1632	1826	1855	2857	3095	986	2106	1984	1917	2188	2054	767	1797	2120	1551	2214	1781	2673	1907	1826	2098	2144	2320	1855	1716	1641	1994	1177	3034	1888	932	2235	2782	2272	1677	1225	2431	1674	1876	1847	2460	933	2611	1977	2027	904	1522	2789	3950	2220	2768	1634	1861	2920	5304	910	2667	2449	2140	2666	3628	1784	1960	2616
235	969	1098	603	1188	1311	316	460	208	507	1720	759	522	1255	1660	154	215	1341	740	1729	171	604	339	1230	1632	1001	896	166	236	804	344	246	637	310	2501	199	178	2782	178	1622	336	1172	1823	1685	0	280	260	555	278	144	789	210	213	311	309	326	311	350	298	420	2016	1203	339	673	1692	3324	343	1287	2120	662	1294	170	1115	643	307	634	368	620	1624	280	156	373	1205	130	1119	1664	1149	628	167	633	164	639	1427	646	384	670	27	1669	613	416	1427	329	282	345	1436	1235	1107	1412	403	1249	804	2134	415	126	1099	212	33	427	1938	9	185	682	528	280	571	23	670	1295	199	558	246	1065	676	275	221	4	162	210	176	1179	1413	704	518	493	287	506	374	950	139	490	166	537	129	1187	453	212	510	696	662	227	53	168	353	539	1349	468	1780	558	1225	604	9	883	770	240	190	175	955	1780	1046	339	343	1245	273	1150	2277	638	1295	340	323	1235	3662	779	1103	794	529	1114	1948	210	315	1081
