NAME : VRPTW_INSTANCE_137.txt
COMMENT : Bangkok Supermarket
TYPE : VRPTW
DIMENSION : 277
DAYS : Wednesday
EDGE_WEIGHT_TYPE : EXPLICIT
VEHICLES : 37
EDGE_WEIGHT_FORMAT : FULL_MATRIX
CAPACITY : 1000
EDGE_WEIGHT_SECTION
0	830	1321	814	862	1866	1606	88	170	83	2740	224	499	990	121	977	1022	1024	540	1183	202	91	501	815	111	590	1010	2005	1642	305	123	218	424	231	237	629	1190	916	208	582	197	373	349	79	92	481	379	1190	24	1432	218	843	215	197	487	284	306	1213	1002	116	345	737	284	153	1078	1092	124	1123	885	161	1807	911	408	1606	248	395	609	309	405	153	1067	1132	1010	202	88	239	1025	1014	231	406	1066	1848	193	650	1371	411	1014	113	228	192	135	428	740	288	284	964	365	964	1003	33	367	1140	193	212	83	2418	481	482	413	350	978	91	2167	308	208	408	805	22	1736	207	155	379	3313	730	404	904	1973	145	814	1994	465	432	885	1074	404	204	277	365	2112	726	422	1016	203	195	2106	493	650	650	2206	154	153	133	231	1994	189	541	1126	248	1016	765	1094	189	176	582	1213	1129	1855	910	153	1162	593	404	216	215	1141	373	112	506	309	986	519	373	616	535	258	124	404	496	307	283	971	399	815	373	463	170	976	464	1138	196	1825	366	202	35	101	382	1087	719	216	103	119	569	24	1221	535	133	176	437	359	1389	1213	431	1121	1025	1116	2083	201	351	305	481	866	672	365	1371	242	996	245	85	1753	155	1232	264	414	1149	284	1321	1028	510	135	1426	104	237	1321	2064	961	1163	369	1932	190	437	79	131	649	524	404	369	1505
830	0	1528	16	40	2027	1863	851	978	903	1992	1055	1325	1018	872	148	1145	1797	1226	612	962	860	970	566	921	1411	182	2725	2263	1085	722	829	1230	1061	830	1452	568	873	1038	415	1025	1168	1019	760	900	1307	1198	568	854	1155	829	991	1026	1027	346	602	656	666	908	877	1164	771	602	780	557	268	754	1898	843	874	2314	484	1210	1863	869	451	736	836	1208	983	1112	584	1128	644	851	1069	1128	1132	1060	1208	1107	2650	672	1447	629	428	1135	876	883	876	751	414	1297	1072	602	503	1188	1087	1093	863	1166	311	1024	626	913	2043	1249	1308	1198	1129	1094	860	1424	1087	1038	436	1525	852	1280	821	759	1198	2723	1559	1175	74	2745	898	16	2093	369	1204	55	491	1210	822	855	1188	2584	1288	1227	1109	922	946	1673	1319	1447	1447	1496	682	780	963	830	2093	699	1370	595	869	1109	302	1861	699	890	1114	666	1511	1056	868	780	1758	382	1234	1026	1043	1931	1195	922	1333	836	1082	786	1195	739	1215	631	876	438	1322	986	974	996	1229	566	1195	984	978	310	562	652	683	2062	1189	962	865	888	1041	257	1462	1026	925	873	1377	854	1370	1221	963	890	1063	478	592	666	1198	1136	1736	294	1474	690	1170	1085	352	1249	1494	1188	2173	831	976	1074	757	1189	985	1241	863	1184	1205	602	1528	330	1183	965	849	742	830	1528	1358	930	595	1168	2072	940	1206	760	961	1441	1351	1234	1168	678
1321	1528	0	1524	1566	546	334	1409	1427	1285	2507	1345	1355	517	1440	1591	383	2051	957	1223	1495	1235	821	972	1262	1587	1597	3004	2813	1168	1377	1537	1232	1372	1556	1371	1296	663	1343	1143	1373	1554	1653	1356	1264	1351	1284	1296	1323	804	1537	550	1247	1341	1351	1191	1109	1192	656	1432	1275	763	1191	1180	1162	1624	1227	2122	690	1482	3056	1102	1218	334	1073	1278	835	1015	1220	1349	431	1192	399	1398	1409	1373	400	396	1323	1218	438	2622	1225	1237	1546	1304	393	1430	1096	1133	1216	1301	2037	1178	1191	1117	1300	441	436	1328	1543	1737	1344	1380	1321	1502	1124	1350	1169	1568	434	1235	2036	1165	1343	1287	1974	1328	1188	1525	1188	1284	2619	1492	1135	1571	2850	1458	1524	676	1337	1136	1551	2008	1233	1522	1044	1300	3368	723	1230	420	1138	1496	1364	1346	1237	1237	1975	1363	1180	1331	1549	676	1198	1484	1170	1073	420	1229	2119	1198	1154	775	1192	325	1992	667	1180	2397	1174	1390	1246	1377	2091	1295	1261	1360	1015	446	855	1295	830	949	1188	1442	1291	1353	1615	1591	537	1395	972	1295	864	1427	1346	1062	1109	1206	537	1301	1495	1331	1410	1685	1662	1877	1246	1370	1437	1266	1323	166	958	1331	1154	934	1295	1687	1192	1123	430	2165	1627	1667	1193	1277	1168	1419	2187	1634	1300	2229	1560	570	1373	1362	1384	1345	375	1056	1132	353	1191	0	1384	947	1332	1274	1374	1556	0	1866	612	1219	1546	610	1493	1127	1356	1339	1732	1367	1390	1546	1905
814	16	1524	0	51	2025	1858	835	962	888	2007	1039	1310	1015	856	164	1141	1781	1213	621	946	845	959	565	906	1396	198	2709	2248	1070	706	813	1215	1045	814	1437	578	870	1022	406	1010	1152	1003	744	885	1292	1183	578	839	1160	813	985	1011	1012	331	588	643	675	907	861	1149	766	588	766	564	284	740	1882	840	858	2300	487	1195	1858	856	437	729	823	1194	967	1109	592	1124	628	835	1053	1125	1128	1044	1193	1104	2634	657	1433	644	413	1131	860	869	862	736	399	1282	1057	588	507	1173	1083	1090	848	1150	326	1008	610	898	2052	1235	1293	1184	1113	1090	845	1439	1072	1022	421	1509	836	1289	805	745	1183	2737	1544	1161	89	2729	882	0	2092	354	1190	71	491	1196	806	842	1173	2570	1277	1212	1105	908	930	1682	1303	1433	1433	1511	666	766	947	814	2092	685	1355	603	856	1105	300	1845	685	876	1103	675	1503	1072	866	766	1743	373	1218	1011	1028	1915	1180	907	1318	823	1078	777	1180	731	1202	617	860	424	1307	970	958	993	1214	565	1180	973	962	320	551	659	668	2058	1174	946	849	872	1025	273	1446	1011	909	858	1363	839	1367	1208	948	876	1051	464	608	675	1184	1134	1720	310	1487	675	1155	1070	336	1234	1478	1173	2157	815	974	1059	741	1200	970	1240	850	1170	1203	588	1524	342	1170	950	860	726	814	1524	1373	928	604	1152	2070	924	1192	744	946	1425	1336	1218	1152	693
862	40	1566	51	0	2063	1901	881	1007	937	1978	1087	1358	1055	901	123	1183	1821	1265	627	990	895	1011	602	955	1441	159	2744	2276	1121	752	854	1265	1092	855	1486	578	910	1070	456	1057	1196	1042	791	934	1341	1232	578	886	1180	854	1030	1060	1060	381	639	695	681	943	906	1198	810	639	817	577	245	789	1922	880	901	2320	513	1245	1901	907	487	777	875	1244	1015	1149	601	1166	673	881	1100	1166	1170	1093	1244	1143	2676	708	1484	623	464	1173	905	920	913	786	450	1312	1107	639	530	1222	1126	1131	895	1195	277	1056	656	946	2058	1286	1342	1234	1156	1133	895	1411	1123	1070	472	1547	884	1294	847	795	1232	2723	1592	1212	46	2767	927	51	2127	405	1241	39	458	1246	848	893	1222	2587	1328	1263	1147	959	974	1686	1352	1484	1484	1488	713	817	995	855	2127	735	1402	613	907	1147	338	1885	735	927	1155	681	1551	1036	905	817	1771	423	1266	1061	1075	1957	1229	956	1366	875	1120	827	1229	779	1254	668	905	475	1356	1010	999	1033	1261	602	1229	1024	1007	326	602	673	719	2099	1223	990	897	918	1063	228	1485	1061	956	902	1413	886	1408	1260	995	927	1103	514	575	681	1235	1172	1756	272	1475	726	1205	1121	382	1255	1523	1222	2199	855	1012	1106	788	1196	1017	1276	901	1221	1241	639	1566	340	1222	998	858	772	855	1566	1350	966	610	1196	2107	967	1243	791	993	1468	1384	1266	1196	649
1866	2027	546	2025	2063	0	308	1953	1966	1827	2653	1879	1860	1011	1984	2072	902	2538	1469	1627	2036	1779	1365	1460	1803	2092	2072	3457	3314	1697	1923	2082	1746	1905	2101	1857	1705	1155	1878	1665	1908	2083	2193	1902	1806	1858	1803	1705	1867	1077	2082	1082	1782	1877	1882	1735	1654	1584	1121	1976	1797	1284	1735	1726	1590	2087	1773	2601	1186	2026	3575	1569	1734	308	1618	1815	1370	1561	1736	1887	916	1608	918	1943	1953	1906	912	914	1856	1735	921	3025	1770	1716	1934	1840	912	1973	1639	1677	1762	1836	2574	1709	1735	1572	1821	964	946	1872	2072	2202	1880	1925	1863	1387	1633	1857	1686	2101	954	1779	2263	1694	1878	1823	2489	1872	1372	2070	1734	1803	2532	1967	1654	2062	3273	2001	2025	181	1869	1651	2043	2515	1750	2067	1589	1821	3887	1229	1744	930	1679	2038	1394	1852	1716	1716	2169	1909	1726	1870	2095	181	1743	1988	1586	1618	930	1725	2603	1743	1697	1308	1584	786	2318	1160	1726	2918	1693	1908	1781	1911	2560	1814	1802	1864	1561	960	1398	1814	1364	1463	1732	1986	1827	1858	2157	2133	1034	1913	1460	1814	1406	1966	1808	1597	1518	1751	181	1821	2036	1875	1953	2226	2129	2393	1781	1912	1981	1759	1867	673	1471	1870	1697	1467	1834	2089	1584	1640	891	2670	2085	1819	1738	1799	1697	1951	2731	2130	1821	2672	2105	1051	1905	1908	1608	1883	789	1601	1651	822	1735	546	1838	1466	1871	1607	1920	2101	546	2085	1097	1628	2075	76	2035	1643	1901	1878	2241	1869	1908	2075	2313
1606	1863	334	1858	1901	308	0	1691	1693	1559	2735	1599	1563	851	1720	1926	718	2234	1177	1543	1766	1516	1107	1306	1535	1794	1931	3149	3013	1415	1673	1824	1453	1625	1843	1554	1617	998	1599	1475	1631	1798	1922	1648	1539	1562	1512	1617	1605	1066	1824	879	1504	1599	1677	1503	1420	1507	986	1712	1509	1095	1503	1473	1487	1957	1521	2295	1025	1762	3280	1434	1443	0	1358	1600	1161	1308	1445	1613	763	1514	734	1701	1691	1625	735	730	1575	1443	769	2718	1528	1412	1863	1626	728	1709	1377	1414	1511	1625	2296	1427	1503	1448	1531	775	770	1608	1787	2070	1603	1685	1595	1583	1339	1561	1395	1819	768	1516	2297	1412	1599	1609	2194	1610	1420	1812	1483	1512	2727	1662	1365	1906	2964	1736	1858	485	1662	1360	1885	2341	1458	1809	1332	1531	3593	937	1451	755	1412	1769	1522	1555	1412	1412	2221	1664	1473	1598	1836	485	1499	1690	1492	1358	755	1564	2298	1499	1432	1033	1507	492	2291	1002	1473	2625	1505	1616	1503	1633	2253	1524	1533	1567	1308	781	1170	1524	1157	1172	1497	1721	1613	1561	1887	1863	872	1622	1306	1524	1142	1693	1678	1385	1429	1509	219	1531	1766	1611	1688	1953	1996	2099	1503	1643	1717	1458	1605	497	1179	1598	1432	1191	1614	2008	1507	1349	755	2371	1959	1891	1495	1510	1415	1743	2465	1829	1531	2363	1847	902	1624	1655	1637	1609	681	1342	1361	679	1503	334	1715	1178	1598	1570	1668	1843	334	2122	945	1540	1790	385	1766	1351	1648	1606	1944	1571	1616	1790	2228
88	851	1409	835	881	1953	1691	0	126	140	2789	227	504	1077	34	999	1110	970	605	1242	127	174	588	886	169	560	1033	1942	1565	355	130	137	452	223	156	636	1245	1000	211	641	187	322	263	101	158	487	397	1245	86	1513	137	932	254	202	518	349	383	1274	1085	32	367	821	349	240	1139	1117	205	1070	969	72	1723	974	439	1691	335	438	693	397	437	155	1154	1192	1099	207	0	231	1114	1102	242	437	1154	1807	261	676	1415	449	1102	29	314	277	217	466	653	337	349	1026	380	1052	1091	83	318	1157	197	225	114	2498	526	488	453	290	1066	174	2215	358	211	449	736	81	1810	128	240	397	3382	725	452	924	1921	62	835	2082	498	477	906	1054	432	124	365	381	2027	802	451	1105	282	116	2183	501	676	676	2259	172	240	147	149	2082	265	525	1187	335	1105	815	1038	265	259	664	1274	1213	1891	994	240	1080	649	398	255	204	1093	389	171	512	397	1074	606	389	700	601	326	38	444	502	221	197	1058	392	886	389	549	126	1021	536	1202	269	1911	381	127	81	37	296	1108	654	255	89	32	591	86	1310	600	147	259	515	399	1424	1274	479	1209	956	1142	2147	276	372	355	499	778	642	380	1329	161	1082	237	101	1819	159	1320	352	461	1237	349	1409	1072	578	148	1488	111	156	1409	2118	1046	1222	320	2020	110	484	101	140	600	529	398	320	1529
170	978	1427	962	1007	1966	1693	126	0	151	2908	126	390	1134	111	1126	1153	854	558	1353	76	214	609	984	167	433	1159	1835	1481	298	256	213	360	112	227	521	1360	1071	115	752	81	203	228	221	172	373	297	1360	150	1593	213	980	196	109	642	454	473	1383	1158	104	271	894	454	309	1248	1243	291	954	1041	132	1661	1082	351	1693	368	558	765	441	348	80	1206	1302	1142	333	126	119	1159	1146	148	349	1206	1684	363	576	1536	571	1145	104	341	305	302	588	611	282	454	1134	277	1097	1138	140	198	1283	104	352	115	2577	450	374	376	180	1111	214	2334	301	115	570	637	148	1903	210	318	297	3482	602	384	1051	1804	94	962	2103	622	405	1033	1172	341	207	403	277	1969	777	359	1151	290	86	2270	387	576	576	2375	297	309	95	222	2103	358	400	1297	368	1151	932	924	358	280	660	1383	1206	2016	1065	309	1009	762	279	197	93	973	287	168	396	441	1122	667	287	772	557	428	108	565	388	196	174	1116	272	984	287	563	0	1141	633	1308	367	1912	278	76	137	89	260	1235	550	197	70	109	487	150	1339	554	95	280	502	520	1548	1383	410	1262	857	1268	2254	370	275	298	625	774	516	277	1207	231	1145	124	223	1923	85	1370	387	392	1283	454	1427	1193	539	95	1596	236	227	1427	2233	1113	1333	200	2034	87	413	221	87	480	413	279	200	1655
83	903	1285	888	937	1827	1559	140	151	0	2793	156	421	982	163	1050	1002	984	465	1228	212	65	464	847	29	532	1082	1972	1631	222	207	278	341	170	297	550	1240	920	140	631	141	339	368	163	21	404	298	1240	64	1444	278	829	131	130	558	333	335	1255	1007	154	264	744	333	166	1121	1163	162	1081	891	205	1813	954	324	1559	217	461	616	290	322	96	1054	1176	991	285	140	177	1008	995	157	322	1054	1793	244	567	1429	479	995	152	191	155	170	495	758	205	333	1006	286	946	987	61	331	1214	128	294	37	2427	397	405	329	327	960	65	2221	225	140	475	784	69	1761	269	178	298	3343	655	321	977	1927	176	888	1960	536	349	958	1158	320	265	252	286	2120	662	338	1000	148	211	2124	415	567	567	2255	236	166	72	290	1960	230	474	1169	217	1000	819	1054	230	131	528	1255	1077	1919	914	166	1161	645	333	132	157	1093	293	30	429	290	971	516	293	622	461	305	164	471	419	330	306	965	329	847	293	420	151	1034	498	1176	242	1779	287	212	62	128	401	1160	694	132	86	159	487	64	1193	460	72	131	376	427	1454	1255	349	1110	1002	1186	2121	242	270	222	557	905	614	286	1318	301	994	182	169	1788	96	1219	236	331	1132	333	1285	1087	437	74	1466	188	297	1285	2113	961	1208	334	1894	208	354	163	75	607	447	333	334	1576
2740	1992	2507	2007	1978	2653	2735	2789	2908	2793	0	2949	3178	2169	2817	1856	2293	3759	2919	1575	2913	2734	2599	1985	2800	3326	1820	4713	4254	2903	2660	2801	3053	2963	2805	3285	1554	2097	2933	2162	2933	3110	2997	2688	2782	3162	3047	1554	2763	1707	2801	2304	2886	2924	2279	2460	2465	1559	2031	2819	3015	2197	2460	2633	1684	1737	2631	3860	2103	2830	4278	1850	3031	2735	2662	2351	2288	2594	3030	2887	2192	1628	2285	2594	2789	2970	2267	2285	2945	3029	2186	4587	2550	3226	1376	2341	2289	2818	2687	2701	2622	2324	3289	2897	2460	1798	3046	2287	2248	2773	3106	1756	2922	2571	2816	1471	3020	3163	2999	3079	2279	2734	573	2904	2933	2339	3505	2763	1320	2791	2617	3047	1096	3413	2965	1931	4711	2846	2007	2568	2296	2989	1941	2168	3037	2791	2631	3046	4527	2835	3050	2251	2745	2899	1278	3170	3226	3226	555	2618	2633	2863	2804	2568	2563	3260	1639	2662	2251	1975	3827	2563	2724	2713	1559	2741	965	2099	2633	3749	2148	3116	2886	2950	3881	3049	2800	3187	2594	2253	2402	3049	2284	2905	2488	2821	2345	3175	2960	2945	2166	3114	1985	3049	2644	2908	1768	2305	1650	2551	2806	3047	2913	2776	2823	3022	1767	3435	2886	2843	2817	3185	2763	2374	2915	2864	2724	2764	2390	1403	1559	2979	2153	3721	1709	843	2551	3022	2903	2316	3220	3407	3046	4112	2806	2112	2975	2688	1134	2888	2152	2646	2971	2214	2460	2507	1718	2877	2866	1365	2678	2805	2507	690	2103	1593	3107	2637	2892	2987	2688	2865	3388	3204	3116	3107	1399
224	1055	1345	1039	1087	1879	1599	227	126	156	2949	0	278	1092	225	1202	1095	837	443	1382	200	215	543	994	149	377	1234	1830	1513	186	340	337	233	26	352	410	1395	1044	16	786	45	214	337	298	167	260	172	1395	200	1572	337	931	99	27	711	490	487	1407	1132	216	144	872	490	316	1274	1316	318	933	1016	255	1719	1106	224	1599	328	616	746	407	221	73	1156	1329	1086	421	227	28	1104	1089	24	222	1157	1637	401	452	1586	633	1088	216	300	271	326	650	697	172	490	1159	154	1043	1087	191	205	1365	31	434	141	2552	325	262	250	223	1057	215	2377	189	16	630	660	203	1900	333	332	172	3487	505	261	1129	1776	216	1039	2021	689	281	1109	1282	214	330	366	154	2029	671	232	1099	239	212	2258	274	452	452	2410	376	316	91	347	2021	386	318	1322	328	1099	976	909	386	245	570	1407	1109	2075	1038	316	1061	801	179	100	36	941	163	149	285	407	1070	638	163	752	443	461	223	626	276	311	291	1076	174	994	163	492	126	1191	650	1327	398	1817	155	200	190	192	365	1312	566	100	138	222	365	200	1269	439	91	245	411	582	1610	1407	287	1214	874	1340	2270	397	149	186	705	881	458	154	1163	356	1109	31	302	1936	70	1318	349	269	1229	490	1345	1244	430	89	1618	320	352	1345	2268	1081	1362	208	1949	213	289	298	93	462	303	179	208	1730
499	1325	1355	1310	1358	1860	1563	504	390	421	3178	278	0	1205	499	1470	1175	704	398	1603	448	466	645	1199	403	232	1502	1688	1458	276	618	601	137	281	614	131	1625	1188	294	1025	317	316	537	575	424	17	131	1625	475	1716	601	1037	301	305	979	740	717	1623	1275	490	164	1033	740	557	1495	1582	573	785	1166	521	1717	1328	158	1563	516	879	917	587	157	352	1253	1550	1169	699	504	273	1189	1172	268	159	1256	1424	657	211	1830	898	1170	490	491	478	579	914	804	281	740	1380	137	1132	1180	467	307	1636	309	711	416	2678	231	16	202	362	1147	466	2609	276	294	893	632	478	2071	600	576	131	3660	237	241	1399	1592	484	1310	2017	956	229	1379	1559	147	596	548	137	2030	633	140	1189	433	463	2409	9	211	211	2632	653	557	367	609	2017	635	128	1541	516	1189	1220	774	635	456	606	1623	1074	2328	1184	557	1066	1044	114	301	300	771	131	403	8	587	1165	801	131	923	407	710	496	889	2	528	516	1193	122	1199	131	590	390	1439	874	1537	650	1773	136	448	466	468	553	1581	538	301	416	496	125	475	1311	398	367	456	473	847	1866	1623	242	1312	810	1605	2468	646	158	276	979	1034	283	137	964	617	1235	267	580	2131	348	1404	533	239	1311	740	1355	1493	414	365	1828	598	614	1355	2492	1215	1585	309	1934	467	236	575	371	381	26	114	309	1996
990	1018	517	1015	1055	1011	851	1077	1134	982	2169	1092	1205	0	1111	1075	146	1901	841	733	1188	921	562	456	968	1418	1080	2892	2605	951	1007	1183	1067	1116	1200	1270	801	146	1083	657	1104	1305	1339	999	962	1195	1096	801	1000	525	1183	168	996	1078	882	782	713	711	153	1106	1075	284	782	837	658	1107	873	1988	175	1148	2795	585	1048	851	768	829	396	692	1048	1068	95	695	132	1003	1077	1120	122	134	1074	1047	90	2603	842	1167	1057	851	138	1103	796	830	861	845	1731	954	782	603	1106	119	90	1007	1296	1219	1079	981	1019	1472	989	1195	1002	1304	114	921	1648	950	1083	835	1752	1004	913	1171	836	1096	2482	1403	964	1058	2792	1135	1015	1092	872	978	1037	1504	1060	1168	731	1106	3101	690	1065	102	854	1184	1214	1196	1167	1167	1617	982	837	1045	1195	1092	824	1323	674	768	102	717	1973	824	856	615	711	605	1532	151	837	2143	684	1197	995	1114	1977	1104	967	1212	692	88	470	1104	389	829	788	1114	840	1202	1297	1274	22	1199	456	1104	617	1134	829	614	620	826	1044	1107	1188	1011	1089	1372	1145	1658	995	1067	1108	1158	1000	354	839	1046	856	732	855	1187	711	964	136	1964	1110	1365	815	1079	951	954	1834	1484	1106	2161	1204	61	1122	1004	1041	1065	252	748	966	190	782	517	868	809	1047	838	1010	1200	517	1491	95	726	1299	1060	1179	972	998	1052	1540	1225	1197	1299	1400
121	872	1440	856	901	1984	1720	34	111	163	2817	225	499	1111	0	1021	1144	941	622	1273	96	204	618	919	191	540	1055	1911	1531	368	157	118	456	218	136	630	1275	1035	211	673	182	297	228	132	182	481	398	1275	116	1548	118	965	266	202	543	382	418	1306	1120	9	369	856	382	274	1170	1139	240	1042	1004	42	1688	1006	444	1720	366	466	728	430	442	158	1188	1223	1132	229	34	225	1147	1136	243	442	1188	1782	294	678	1443	476	1135	11	344	307	252	493	619	351	382	1057	380	1085	1124	112	294	1176	197	249	132	2533	535	483	462	262	1100	204	2244	372	211	477	703	111	1844	111	275	398	3415	713	463	945	1893	29	856	2114	524	488	928	1061	436	108	397	380	1992	825	454	1138	309	83	2217	495	678	678	2289	199	274	155	130	2114	299	511	1219	366	1138	845	1009	299	287	691	1306	1240	1916	1029	274	1046	680	390	267	198	1067	389	192	505	430	1108	641	389	735	619	360	4	472	497	186	163	1092	383	919	389	578	111	1049	570	1235	303	1940	380	96	109	37	262	1129	623	267	95	3	591	116	1342	618	155	287	539	427	1449	1306	490	1243	924	1164	2179	310	374	368	521	747	622	380	1304	141	1116	231	132	1851	162	1354	384	472	1271	382	1440	1099	598	156	1519	139	136	1440	2147	1081	1253	295	2050	77	495	133	147	573	522	390	295	1550
977	148	1591	164	123	2072	1926	999	1126	1050	1856	1202	1470	1075	1021	0	1209	1944	1358	561	1110	1005	1090	619	1067	1560	35	2867	2397	1227	870	976	1373	1208	977	1597	502	928	1185	525	1173	1317	1165	908	1046	1453	1343	502	1001	1143	976	1069	1171	1175	491	742	791	617	951	1025	1309	850	742	923	531	121	899	2045	901	1022	2435	504	1353	1926	1007	594	834	968	1351	1130	1166	544	1193	792	999	1216	1191	1197	1206	1351	1160	2798	815	1589	511	572	1200	1024	1021	1017	895	557	1434	1214	742	508	1334	1156	1156	1010	1315	172	1171	774	1060	1986	1388	1454	1340	1277	1161	1005	1292	1229	1185	579	1670	999	1221	969	902	1343	2617	1705	1316	77	2891	1047	164	2125	514	1344	92	492	1354	970	990	1334	2699	1406	1371	1171	1063	1094	1610	1464	1589	1589	1372	830	923	1110	977	2125	841	1518	560	1007	1171	370	2008	841	1032	1234	617	1600	913	924	923	1893	494	1381	1171	1191	2079	1340	1067	1479	968	1146	897	1340	836	1346	771	1025	582	1468	1133	1121	1054	1376	619	1340	1108	1126	278	682	625	825	2118	1335	1110	1012	1037	1186	110	1608	1171	1073	1022	1521	1001	1429	1353	1110	1032	1194	623	453	617	1338	1183	1880	148	1374	832	1315	1227	500	1371	1642	1334	2321	977	1027	1222	905	1106	1133	1282	999	1324	1255	742	1591	272	1314	1112	776	890	977	1591	1235	982	547	1316	2112	1088	1346	907	1109	1589	1497	1381	1316	529
1022	1145	383	1141	1183	902	718	1110	1153	1002	2293	1095	1175	146	1144	1209	0	1878	792	880	1213	945	552	590	985	1397	1216	2863	2604	938	1056	1227	1040	1121	1245	1226	948	286	1089	764	1113	1310	1368	1042	981	1166	1077	948	1029	615	1227	184	996	1085	979	846	770	857	299	1138	1059	382	846	871	805	1247	913	1961	310	1183	2812	727	1022	718	785	915	469	714	1023	1081	101	842	16	1063	1110	1124	26	12	1075	1021	108	2546	894	1112	1204	939	10	1135	811	847	901	935	1760	944	846	747	1089	62	56	1035	1300	1358	1087	1043	1040	1514	949	1166	974	1314	51	945	1780	937	1089	922	1751	1033	1013	1215	875	1077	2559	1357	936	1188	2747	1166	1141	1000	967	946	1167	1625	1035	1212	750	1089	3121	609	1037	45	864	1211	1285	1166	1112	1112	1743	1036	871	1060	1239	1000	872	1298	821	785	45	846	1949	872	872	570	857	462	1676	289	871	2156	794	1181	995	1121	1944	1086	984	1182	714	63	514	1086	464	780	848	1146	927	1173	1328	1304	163	1184	590	1086	604	1153	970	697	766	877	918	1090	1213	1039	1119	1401	1283	1656	995	1089	1141	1114	1029	229	791	1060	872	707	936	1333	857	932	152	1958	1250	1477	865	1063	938	1049	1882	1458	1089	2116	1249	207	1125	1047	1160	1078	228	765	936	135	846	383	1011	766	1061	977	1056	1245	383	1620	241	872	1303	957	1207	939	1042	1067	1528	1193	1181	1303	1546
1024	1797	2051	1781	1821	2538	2234	970	854	984	3759	837	704	1901	941	1944	1878	0	1100	2208	846	1047	1338	1830	983	482	1979	994	787	950	1098	968	838	817	966	681	2214	1870	850	1607	842	651	779	1071	999	712	804	2214	1003	2401	968	1734	921	858	1482	1308	1319	2237	1958	939	826	1704	1308	1150	2102	2065	1141	101	1845	930	1106	1935	856	2234	1162	1408	1580	1240	855	887	1954	2156	1872	1166	970	811	1892	1875	848	857	1956	864	1217	821	2384	1418	1873	941	1133	1108	1151	1435	659	948	1308	1988	795	1834	1881	993	657	2087	859	1189	955	3373	934	712	904	679	1848	1047	3185	951	850	1419	305	1002	2737	976	1162	804	4324	572	942	1867	952	913	1781	2701	1464	933	1851	1863	843	975	1199	795	1408	1328	841	1891	1071	860	3091	713	821	821	3229	1140	1150	911	966	2701	1210	580	2151	1162	1891	1786	71	1210	1081	1310	2237	1755	2851	1865	1150	548	1617	704	922	827	154	796	984	698	1240	1866	1469	796	1586	1109	1282	937	1414	706	810	822	1888	703	1830	796	1284	854	1991	1482	2160	1219	2435	794	846	990	937	761	2049	339	922	921	941	785	1003	2015	1100	911	1081	1172	1369	2384	2237	946	2013	227	2091	3105	1222	821	950	1452	904	421	795	400	966	1927	807	1071	2772	887	2107	1181	942	2014	1308	2051	2041	1118	909	2449	1081	966	2051	3087	1903	2188	654	2613	866	940	1071	908	376	688	704	654	2468
540	1226	957	1213	1265	1469	1177	605	558	465	2919	443	398	841	622	1358	792	1100	0	1354	635	455	319	941	435	630	1384	2074	1856	260	653	741	276	467	759	434	1391	852	448	847	483	625	780	611	450	393	334	1391	527	1365	741	674	362	451	896	633	570	1363	935	613	333	724	633	481	1248	1454	525	1177	837	662	2105	1090	265	1177	365	786	632	390	267	479	877	1302	788	718	605	465	809	790	418	266	881	1761	588	325	1624	813	788	611	360	381	522	824	1130	276	633	1138	353	755	804	525	614	1531	455	716	491	2305	166	393	217	651	769	455	2362	256	448	801	1020	533	1739	732	501	334	3321	565	189	1297	1955	627	1213	1622	872	182	1275	1571	280	729	373	354	2418	240	275	811	347	643	2056	389	325	325	2365	667	481	472	752	1622	554	526	1288	365	811	1040	1169	554	381	226	1363	685	2132	849	481	1449	875	439	361	479	1154	346	434	403	390	790	521	346	636	13	607	622	800	396	752	731	833	444	941	346	276	558	1254	683	1270	571	1392	354	635	527	585	808	1465	924	361	529	619	322	527	915	5	472	381	166	770	1691	1363	171	936	1207	1472	2164	560	334	260	925	1325	679	353	1324	763	880	463	619	1829	474	1020	367	184	926	633	957	1309	44	471	1554	638	759	957	2228	868	1338	617	1542	643	174	611	480	775	412	439	617	1854
1183	612	1223	621	627	1627	1543	1242	1353	1228	1575	1382	1603	733	1273	561	880	2208	1354	0	1370	1166	1037	413	1233	1758	543	3185	2779	1328	1119	1279	1477	1398	1288	1709	77	609	1367	601	1369	1556	1475	1141	1215	1588	1473	77	1205	606	1279	812	1314	1358	768	899	895	56	580	1274	1441	650	899	1065	108	517	1067	2307	600	1293	2874	275	1455	1543	1087	813	722	1018	1454	1324	801	52	866	1064	1242	1405	855	868	1376	1454	794	3018	990	1654	324	811	872	1272	1112	1127	1058	794	1817	1322	899	223	1472	846	824	1215	1551	627	1356	1039	1254	1431	1447	1588	1424	1531	845	1166	1010	1329	1367	805	1976	1205	668	1268	1050	1473	2158	1837	1390	597	3156	1302	621	1650	779	1415	589	1052	1462	1268	1055	1472	3156	1303	1474	835	1171	1357	1061	1595	1654	1654	1029	1078	1065	1300	1286	1650	999	1689	66	1087	835	438	2278	999	1151	1161	56	1335	808	609	1065	2277	593	1545	1314	1386	2321	1475	1232	1612	1018	821	833	1475	719	1341	926	1277	811	1601	1435	1417	719	1543	413	1475	1078	1353	301	733	114	988	1707	1473	1370	1217	1273	1504	567	1897	1314	1286	1273	1610	1205	1058	1350	1300	1151	1195	853	465	56	1404	793	2196	504	911	987	1447	1328	825	1816	1838	1472	2545	1290	673	1409	1141	595	1324	862	1071	1396	870	899	1223	290	1311	1302	252	1135	1288	1223	888	642	20	1553	1656	1351	1413	1140	1302	1832	1629	1545	1553	687
202	962	1495	946	990	2036	1766	127	76	212	2913	200	448	1188	96	1110	1213	846	635	1370	0	268	675	1013	233	457	1145	1815	1440	375	253	156	431	182	167	577	1372	1118	191	769	156	206	157	228	233	432	366	1372	189	1635	156	1038	273	186	637	476	507	1402	1204	95	343	940	476	354	1266	1230	326	946	1088	88	1607	1102	424	1766	428	563	811	499	421	156	1263	1319	1202	321	127	188	1218	1206	223	422	1262	1689	387	642	1538	571	1205	97	403	366	338	589	546	359	476	1153	346	1156	1197	181	205	1263	181	343	174	2620	525	433	451	167	1171	268	2339	378	191	573	608	185	1936	157	358	366	3510	647	460	1034	1798	67	946	2171	618	481	1018	1126	413	155	463	346	1913	852	430	1210	357	16	2308	446	642	642	2385	295	354	168	163	2171	389	440	1315	428	1210	941	913	389	343	732	1402	1280	2010	1112	354	959	776	334	274	165	972	356	234	454	499	1180	719	356	818	634	453	92	568	447	121	98	1170	327	1013	356	631	76	1145	663	1330	395	1985	346	0	177	101	190	1218	527	274	125	96	553	189	1405	631	168	343	576	523	1542	1402	486	1318	829	1255	2275	401	347	375	612	700	538	346	1211	170	1197	192	228	1946	161	1428	447	468	1342	476	1495	1195	616	168	1615	236	167	1495	2243	1162	1350	206	2104	22	489	229	160	480	469	334	206	1640
91	860	1235	845	895	1779	1516	174	214	65	2734	215	466	921	204	1005	945	1047	455	1166	268	0	414	783	66	592	1036	2036	1695	235	198	309	371	231	328	591	1179	856	200	571	205	404	423	156	48	449	338	1179	88	1379	309	769	165	191	514	276	272	1192	943	197	303	679	276	102	1059	1116	107	1144	827	246	1874	892	352	1516	162	412	551	230	351	161	994	1114	934	268	174	238	950	937	211	351	994	1853	191	594	1373	432	937	194	139	102	113	448	815	220	276	944	329	888	928	92	396	1172	189	270	99	2363	411	450	349	391	902	0	2162	238	200	427	848	93	1696	298	116	338	3279	703	334	934	1990	223	845	1909	491	363	914	1138	351	294	195	329	2181	635	369	941	112	266	2059	459	594	594	2194	216	102	136	321	1909	172	529	1107	162	941	762	1118	172	85	491	1192	1039	1865	850	102	1223	587	386	166	220	1155	335	66	474	230	912	453	335	558	449	247	206	423	464	383	359	903	382	783	335	374	214	978	435	1113	185	1736	330	268	95	175	456	1115	759	166	146	201	519	88	1139	450	136	85	346	381	1402	1192	360	1050	1067	1139	2057	183	310	235	520	952	673	329	1379	332	931	243	163	1724	160	1159	180	343	1074	276	1235	1032	423	138	1403	182	328	1235	2053	898	1147	399	1846	262	367	156	140	671	492	386	399	1529
501	970	821	959	1011	1365	1107	588	609	464	2599	543	645	562	618	1090	552	1338	319	1037	675	414	0	624	443	856	1112	2330	2053	389	568	718	507	569	737	719	1076	546	538	565	563	758	833	541	443	633	534	1076	502	1071	718	396	444	534	672	434	351	1044	632	611	513	406	434	366	931	1176	415	1425	527	660	2262	776	487	1107	252	569	314	203	487	534	618	985	543	603	588	572	561	546	523	486	620	2057	434	634	1313	598	545	608	274	311	406	604	1221	394	434	823	544	501	546	506	748	1262	536	590	501	2035	438	633	442	764	516	414	2043	388	538	583	1200	507	1433	706	378	534	3021	853	404	1037	2236	637	959	1496	650	420	1014	1371	499	703	225	544	2572	317	504	557	318	675	1765	635	634	634	2046	562	366	515	730	1496	402	761	970	252	557	747	1410	402	332	143	1044	641	1822	542	366	1605	596	635	443	570	1415	542	441	652	203	530	207	542	317	305	418	620	584	642	794	770	549	637	624	542	54	609	955	408	950	414	1326	544	675	509	588	865	1193	1104	443	550	615	609	502	730	315	515	332	174	567	1390	1044	408	676	1407	1191	1849	400	517	389	720	1366	922	544	1606	741	590	573	548	1513	531	777	236	407	686	434	821	1009	278	515	1234	562	737	821	1909	570	1020	751	1432	672	415	541	522	979	666	635	751	1563
815	566	972	565	602	1460	1306	886	984	847	1985	994	1199	456	919	619	590	1830	941	413	1013	783	624	0	847	1368	626	2819	2449	923	776	951	1070	1013	963	1301	452	309	981	277	988	1184	1138	788	831	1184	1070	452	834	667	951	462	919	972	507	537	511	425	342	918	1040	258	537	681	307	658	693	1927	281	946	2582	159	1048	1306	684	501	310	612	1048	944	548	361	574	738	886	1020	571	577	986	1047	542	2621	625	1241	697	511	580	916	711	730	682	499	1508	918	537	201	1071	538	536	844	1177	768	971	713	876	1637	1035	1185	1015	1165	543	783	1423	924	981	499	1620	836	924	938	669	1070	2498	1431	980	602	2770	948	565	1527	506	1004	582	1056	1056	937	651	1071	2877	901	1067	551	772	1003	1303	1191	1241	1241	1435	738	681	919	959	1527	626	1291	348	684	551	264	1902	626	755	752	425	1002	1203	304	681	1957	291	1149	919	1003	1936	1073	846	1208	612	526	419	1073	307	927	559	923	505	1197	1096	1075	434	1148	0	1073	664	984	387	350	337	619	1500	1072	1013	847	912	1170	693	1535	919	914	918	1199	834	810	936	919	755	781	538	793	425	993	569	1841	664	1275	614	1046	923	580	1554	1446	1071	2152	966	410	1024	790	941	943	675	667	986	639	537	972	433	897	921	628	787	963	972	1296	364	397	1180	1505	997	1002	787	922	1454	1224	1149	1180	989
111	921	1262	906	955	1803	1535	169	167	29	2800	149	403	968	191	1067	985	983	435	1233	233	66	443	847	0	526	1098	1974	1641	194	234	307	316	166	325	530	1246	910	134	638	142	344	390	189	21	386	277	1246	93	1436	307	813	107	125	575	343	338	1258	998	182	243	735	343	167	1125	1179	172	1080	882	233	1828	957	299	1535	200	476	608	276	297	101	1039	1180	974	311	169	173	991	978	145	297	1039	1786	256	542	1439	495	977	179	173	138	179	511	778	177	343	1010	267	930	971	90	336	1233	124	318	60	2419	370	387	302	336	944	66	2228	197	134	490	791	98	1757	298	183	277	3341	639	293	995	1925	202	906	1938	552	321	975	1184	296	294	237	267	2136	634	314	984	124	234	2118	397	542	542	2261	261	167	77	319	1938	238	462	1173	200	984	829	1055	238	113	502	1258	1052	1931	905	167	1174	653	320	107	156	1090	273	1	411	276	955	505	273	614	431	313	191	486	401	353	329	951	316	847	273	398	167	1045	501	1178	251	1754	268	233	91	155	423	1177	700	107	108	187	463	93	1172	431	77	113	349	444	1467	1258	320	1095	1009	1202	2122	250	249	194	577	930	606	267	1312	330	982	177	196	1788	99	1203	220	303	1116	343	1262	1098	408	78	1469	215	325	1262	2119	950	1213	339	1871	231	326	189	83	607	429	320	339	1592
590	1411	1587	1396	1441	2092	1794	560	433	532	3326	377	232	1418	540	1560	1397	482	630	1758	457	592	856	1368	526	0	1593	1475	1226	468	690	610	359	362	616	264	1772	1390	392	1163	394	256	475	653	544	236	322	1772	566	1920	610	1252	449	402	1075	866	863	1783	1478	535	343	1226	866	693	1651	1677	695	571	1366	546	1488	1483	376	1794	688	986	1104	765	375	439	1472	1706	1391	767	560	355	1410	1394	382	376	1474	1260	776	403	1961	1001	1392	536	660	638	703	1018	635	467	866	1536	312	1352	1399	557	254	1717	404	785	511	2890	463	236	424	305	1366	592	2754	469	392	999	407	568	2263	613	709	322	3852	242	462	1485	1403	516	1396	2249	1054	455	1467	1577	362	611	724	312	1801	866	361	1409	598	474	2611	241	403	403	2787	730	693	462	614	2249	762	103	1698	688	1409	1352	554	762	612	832	1783	1305	2446	1385	693	841	1178	223	449	377	569	314	526	227	765	1383	991	314	1110	638	837	537	994	234	485	484	1405	223	1368	314	801	433	1566	1026	1702	775	2003	311	457	555	523	477	1669	317	449	489	539	338	566	1541	629	462	612	690	950	1979	1783	468	1530	578	1702	2643	774	339	468	1059	885	82	312	786	618	1444	350	655	2308	438	1626	707	462	1533	866	1587	1618	643	460	1993	670	616	1587	2645	1421	1739	254	2165	480	463	653	462	153	222	223	254	2089
1010	182	1597	198	159	2072	1931	1033	1159	1082	1820	1234	1502	1080	1055	35	1216	1979	1384	543	1145	1036	1112	626	1098	1593	0	2903	2433	1257	903	1011	1403	1241	1012	1628	481	933	1218	547	1206	1351	1201	941	1077	1484	1374	481	1034	1131	1011	1079	1202	1207	523	771	818	599	953	1059	1340	862	771	953	519	86	929	2080	907	1057	2470	503	1383	1931	1035	624	851	995	1382	1163	1170	529	1200	826	1033	1249	1197	1203	1238	1381	1164	2833	846	1618	478	603	1207	1058	1050	1046	925	588	1469	1244	771	503	1365	1163	1162	1043	1349	150	1203	807	1093	1964	1417	1486	1369	1312	1168	1036	1256	1259	1218	609	1706	1032	1199	1004	932	1374	2585	1737	1345	112	2926	1081	198	2123	546	1373	127	509	1384	1005	1017	1365	2733	1427	1401	1177	1093	1129	1586	1496	1618	1618	1337	863	953	1143	1013	2123	872	1551	545	1035	1177	383	2043	872	1062	1256	599	1613	877	929	953	1928	516	1413	1202	1224	2114	1371	1099	1510	995	1153	917	1371	852	1372	801	1059	613	1500	1168	1156	1059	1409	626	1371	1132	1159	269	706	612	856	2122	1366	1145	1045	1070	1222	81	1644	1202	1106	1056	1551	1034	1434	1379	1143	1062	1219	654	417	599	1367	1185	1916	112	1343	862	1346	1257	534	1406	1675	1365	2356	1013	1031	1255	938	1079	1165	1283	1026	1353	1259	771	1597	257	1340	1145	752	923	1012	1597	1201	987	529	1350	2112	1123	1375	941	1141	1624	1528	1413	1350	496
2005	2725	3004	2709	2744	3457	3149	1942	1835	1972	4713	1830	1688	2892	1911	2867	2863	994	2074	3185	1815	2036	2330	2819	1974	1475	2903	0	599	1944	2066	1914	1825	1809	1908	1642	3185	2865	1842	2584	1832	1634	1717	2043	1988	1698	1796	3185	1985	3395	1914	2725	1916	1850	2437	2288	2307	3217	2953	1910	1819	2699	2288	2138	3081	2988	2126	904	2840	1893	906	2916	1844	3149	2156	2374	2574	2234	1844	1875	2942	3134	2857	2125	1942	1803	2878	2860	1842	1845	2944	603	2198	1769	3337	2380	2858	1912	2127	2101	2136	2397	1445	1942	2288	2968	1788	2821	2869	1975	1641	2992	1850	2150	1942	4365	1913	1698	1891	1655	2835	2036	4141	1945	1842	2384	1210	1984	3731	1924	2150	1796	5316	1515	1929	2790	332	1882	2709	3629	2421	1918	2778	2690	1832	1924	2193	1788	1032	2289	1828	2878	2065	1827	4085	1698	1769	1769	4195	2107	2138	1900	1910	3629	2194	1569	3130	2156	2878	2754	922	2194	2075	2292	3217	2694	3780	2860	2138	1019	2591	1698	1916	1817	919	1789	1974	1681	2234	2854	2464	1789	2581	2085	2263	1907	2378	1691	1755	1772	2880	1697	2819	1789	2275	1835	2950	2468	3143	2202	3335	1787	1815	1972	1912	1691	2965	1287	1916	1904	1911	1752	1985	2985	2075	1900	2075	2161	2334	3318	3217	1931	3001	992	3016	4089	2206	1814	1944	2396	1591	1408	1788	787	1907	2920	1799	2043	3758	1876	3091	2176	1928	2998	2288	3004	2997	2097	1898	3430	2050	1908	3004	4053	2897	3165	1638	3533	1833	1924	2044	1896	1367	1669	1698	1638	3375
1642	2263	2813	2248	2276	3314	3013	1565	1481	1631	4254	1513	1458	2605	1531	2397	2604	787	1856	2779	1440	1695	2053	2449	1641	1226	2433	599	0	1666	1673	1503	1582	1489	1492	1458	2768	2551	1522	2191	1502	1300	1311	1662	1650	1462	1534	2768	1626	3074	1503	2445	1610	1527	2012	1912	1948	2818	2638	1533	1548	2375	1912	1790	2682	2517	1766	747	2522	1503	389	2523	1597	3013	1839	1969	2247	1916	1595	1540	2670	2732	2596	1719	1565	1485	2615	2599	1531	1597	2671	997	1826	1601	2890	1969	2598	1535	1810	1778	1778	1985	967	1660	1912	2573	1520	2554	2599	1617	1309	2505	1526	1744	1596	4058	1689	1463	1646	1304	2569	1695	3688	1668	1522	1976	853	1624	3374	1514	1797	1534	4936	1357	1682	2322	837	1503	2248	3474	2000	1678	2313	2162	1582	1515	1876	1520	648	2092	1584	2610	1752	1449	3748	1467	1601	1601	3757	1712	1790	1563	1495	3474	1830	1329	2731	1839	2610	2341	730	1830	1752	2051	2818	2529	3302	2546	1790	505	2192	1428	1611	1491	813	1524	1642	1453	1916	2583	2146	1524	2253	1864	1891	1527	1970	1460	1353	1374	2589	1424	2449	1524	2000	1481	2518	2101	2754	1834	3217	1519	1440	1614	1542	1280	2488	948	1611	1551	1532	1555	1626	2762	1855	1563	1752	1900	1928	2851	2818	1691	2728	649	2544	3690	1841	1545	1666	1961	1053	1184	1520	854	1490	2622	1483	1659	3369	1542	2830	1859	1683	2739	1912	2813	2561	1867	1562	3030	1661	1492	2813	3617	2592	2759	1306	3389	1454	1686	1662	1558	1082	1447	1428	1306	2882
305	1085	1168	1070	1121	1697	1415	355	298	222	2903	186	276	951	368	1227	938	950	260	1328	375	235	389	923	194	468	1257	1944	1666	0	427	487	150	211	505	383	1351	922	189	757	223	386	521	383	212	261	150	1351	287	1452	487	785	103	191	740	485	450	1347	1009	359	124	761	485	304	1220	1334	333	1039	898	407	1889	1053	129	1415	241	633	642	310	128	219	1008	1275	931	501	355	211	950	934	161	127	1009	1700	413	362	1562	656	932	357	217	212	335	671	882	17	485	1105	156	890	936	283	375	1396	195	506	240	2422	176	262	114	404	904	235	2336	3	189	648	815	292	1799	480	325	150	3389	509	99	1158	1862	370	1070	1842	716	127	1138	1374	134	476	272	156	2201	485	148	947	165	383	2143	267	362	362	2357	451	304	215	499	1842	385	378	1265	241	947	954	1022	385	195	392	1347	923	2063	917	304	1230	779	246	102	221	1034	155	193	284	310	920	527	155	648	259	456	368	646	273	492	471	937	247	923	155	335	298	1173	602	1260	402	1632	157	375	284	331	550	1337	718	102	273	365	294	287	1100	256	215	195	236	607	1605	1347	126	1066	1019	1355	2192	395	129	0	752	1067	538	156	1237	509	976	209	389	1855	214	1165	257	109	1074	485	1168	1228	243	214	1552	409	505	1168	2216	952	1310	378	1768	383	132	383	223	590	301	246	378	1745
123	722	1377	706	752	1923	1673	130	256	207	2660	340	618	1007	157	870	1056	1098	653	1119	253	198	568	776	234	690	903	2066	1673	427	0	179	548	342	194	749	1119	918	324	521	306	452	362	44	214	600	501	1119	145	1418	179	873	339	313	387	241	295	1153	1000	159	468	738	241	202	1017	987	152	1199	885	173	1813	854	532	1673	325	310	614	365	529	267	1090	1069	1043	80	130	350	1056	1047	350	530	1089	1938	165	774	1285	319	1047	158	313	281	162	336	738	410	241	905	487	995	1030	152	449	1029	309	96	203	2401	603	602	536	419	1009	198	2086	430	324	320	856	141	1701	166	190	501	3266	845	526	795	2050	185	706	2044	367	554	777	950	527	164	345	487	2113	823	546	1045	307	239	2078	613	774	774	2132	42	202	250	189	2044	184	650	1066	325	1045	689	1167	184	274	668	1153	1208	1761	912	202	1181	525	518	339	324	1223	495	235	626	365	1014	542	495	620	646	225	161	315	616	320	300	987	512	776	495	539	256	892	432	1084	180	1893	488	253	153	167	393	979	778	339	205	157	692	145	1266	648	250	274	535	270	1293	1153	553	1142	1077	1012	2027	192	474	427	370	827	772	487	1460	198	1006	356	38	1700	270	1256	336	536	1177	241	1377	942	620	252	1366	20	194	1377	1991	967	1099	451	1987	232	560	44	247	730	643	518	451	1399
218	829	1537	813	854	2082	1824	137	213	278	2801	337	601	1183	118	976	1227	968	741	1279	156	309	718	951	307	610	1011	1914	1503	487	179	0	570	325	19	731	1274	1097	324	688	292	354	197	185	296	585	509	1274	222	1597	0	1045	384	316	522	419	474	1316	1179	128	482	917	419	357	1180	1097	314	1069	1064	82	1634	1020	560	1824	466	466	792	521	557	274	1265	1231	1215	216	137	332	1229	1218	357	558	1264	1822	344	789	1424	469	1218	130	446	410	325	486	560	470	419	1070	490	1167	1204	221	355	1123	311	241	249	2580	653	586	579	309	1181	309	2227	491	324	474	705	216	1874	12	352	509	3433	804	582	899	1917	121	813	2208	507	606	884	969	551	15	493	490	1934	939	569	1218	419	140	2254	599	789	789	2281	212	357	273	12	2208	359	597	1229	466	1218	843	1033	359	394	800	1316	1348	1883	1091	357	1007	689	488	386	306	1102	500	308	607	521	1187	716	500	799	737	404	119	468	600	159	145	1164	481	951	500	681	213	1035	610	1251	358	2044	491	156	218	155	224	1082	635	386	214	122	700	222	1432	736	273	394	652	426	1416	1316	609	1318	922	1123	2190	368	487	487	485	654	689	490	1346	23	1184	337	180	1867	279	1431	481	591	1350	419	1537	1083	715	274	1529	173	19	1537	2139	1146	1259	355	2148	135	613	185	265	616	623	488	355	1503
