NAME : VRPTW_INSTANCE_353.txt
COMMENT : Bangkok Supermarket
TYPE : VRPTW
DIMENSION : 317
DAYS : Tuesday
EDGE_WEIGHT_TYPE : EXPLICIT
VEHICLES : 41
EDGE_WEIGHT_FORMAT : FULL_MATRIX
CAPACITY : 1000
EDGE_WEIGHT_SECTION
0	406	1008	206	1321	78	205	378	423	307	982	379	978	1844	1157	1019	3292	504	101	1229	1023	1062	604	444	887	1503	1033	1260	148	990	1126	610	598	488	636	230	215	97	590	438	1041	1076	975	79	91	351	1994	474	1067	1001	2002	1029	830	211	400	264	975	3669	1132	1889	37	1056	21	59	314	618	417	891	172	170	422	300	103	611	283	185	172	204	1432	1132	368	1124	97	322	264	177	78	349	402	155	122	193	1535	379	525	1384	1001	157	620	399	423	1506	351	212	258	349	1594	127	437	211	1707	441	170	308	213	404	104	910	2043	565	908	404	916	395	1221	525	395	208	135	1221	394	2257	942	1469	891	283	225	1564	378	1321	976	394	24	891	63	1108	102	683	529	199	410	1946	355	301	211	448	556	497	890	409	328	203	487	1441	1066	812	353	1052	111	802	211	404	24	1203	397	156	287	492	1606	300	193	539	199	639	568	235	221	307	94	1912	236	212	390	404	394	1010	212	1853	1627	2914	612	355	1685	153	502	202	469	170	399	1036	88	2369	1010	176	996	374	609	307	910	24	957	403	192	882	309	418	334	170	529	214	451	399	21	88	653	278	474	418	1058	111	347	1619	644	810	388	740	418	1994	983	934	986	341	407	358	614	1655	348	37	153	488	97	428	183	835	506	284	85	1668	227	417	775	404	172	201	2038	438	122	306	1092	643	597	124	401	425	39	193	1620	751	569	1457	404	996	1110	309	2522	839	203	968	221	46	537	382	609	241	400	121	162	153	1126	240	88	135	1068	258	525	88	213
406	0	1413	450	1218	484	200	38	87	128	1291	70	991	1589	1130	859	3494	479	407	1593	852	1220	752	434	917	1801	863	1142	258	1085	1390	208	971	501	275	529	191	309	642	98	1103	1126	986	327	351	76	1887	570	1373	1079	1782	1043	1209	195	15	383	1259	3801	1453	2223	376	1293	411	348	112	290	758	830	327	349	112	642	508	258	509	404	327	263	1262	1401	356	1489	431	90	383	323	484	548	14	334	421	536	1466	94	879	1322	1079	480	214	183	25	1121	67	615	581	73	1362	471	85	195	1535	91	349	125	555	777	311	1025	2324	833	1024	769	1029	242	1165	879	777	234	457	1165	185	2395	1166	1434	830	605	245	1561	705	1218	1066	63	384	830	345	950	507	914	260	418	174	2123	546	214	195	610	537	157	1177	10	97	203	886	1580	1099	1048	549	1161	517	751	195	777	384	1179	764	329	565	148	1443	642	536	527	418	600	168	236	559	384	316	1643	237	615	761	777	585	1201	615	1680	1506	3071	274	551	1615	428	157	608	474	349	183	1101	437	2459	1015	337	1011	92	753	384	1162	391	983	13	246	724	124	16	342	349	271	227	463	176	411	437	1024	550	306	16	1091	426	76	1495	691	1059	181	1135	16	1887	1388	709	1009	393	1	540	212	1578	74	372	437	501	431	794	277	1117	166	635	491	1753	565	758	1081	85	327	519	1927	97	444	578	1460	336	721	454	175	25	376	536	1777	860	921	1512	777	1011	1247	435	2758	1123	203	1063	247	451	272	572	760	579	15	439	480	437	1390	206	437	288	1433	581	879	437	193
1008	1413	0	1051	2004	930	1213	1383	1429	1312	877	1378	1573	2601	1762	1750	3060	1347	1016	710	1767	1222	1092	1306	1388	1200	1775	1975	1156	1443	1099	1618	616	1305	1616	937	1222	1105	1232	1443	1533	1578	1574	1087	1076	1353	2596	1150	918	1481	2688	1606	513	1219	1407	1159	967	3612	883	1337	1037	1147	1002	1065	1321	1607	810	1617	1133	1094	1425	869	905	1609	1006	1081	1133	1174	2192	1085	1238	651	990	1330	1159	1138	930	1022	1408	1118	1008	932	2130	1374	723	1994	1481	982	1626	1366	1428	2476	1355	806	925	1351	2337	954	1444	1219	2339	1447	1094	1314	889	729	1108	1362	1679	948	1358	752	1368	1335	1853	723	708	1193	996	1853	1359	2300	1001	2018	1617	914	1196	2038	860	2004	1443	1394	1028	1617	1067	1816	905	934	1507	1078	1380	1933	1032	1265	1219	1061	1367	1482	929	1416	1328	1211	572	1642	1599	1057	1025	1452	896	1462	1219	729	1029	1791	750	1123	935	1480	2335	869	932	1351	1078	1431	1576	1207	888	1196	1100	2687	1208	806	745	729	1025	1250	806	2575	2292	2837	1604	1025	2260	1037	1489	809	1306	1094	1366	1526	981	2520	1608	1128	1582	1370	1188	1196	1046	1021	1540	1410	1178	1647	1314	1426	1216	1094	1503	1200	1291	1368	1002	981	603	948	1387	1426	1593	999	1349	2291	1255	1024	1355	420	1426	2596	25	1761	1563	1181	1414	1044	1622	2245	1350	1043	1003	1305	990	734	1154	935	1491	820	922	1942	884	810	847	1410	1133	962	2644	1443	983	985	621	1591	1130	993	1371	1431	1036	932	1730	1295	712	1704	729	1582	1426	1156	2246	929	1211	1429	1193	961	1513	1029	1177	874	1406	988	985	1003	1099	1226	981	1127	629	925	723	981	1221
206	450	1051	0	1132	217	280	438	426	323	846	455	774	1994	956	1193	3112	331	307	1144	1194	1266	811	276	1091	1361	1205	1075	239	784	963	624	532	303	719	432	290	215	793	436	834	870	771	210	150	427	1800	678	929	795	2165	825	769	283	452	108	822	3473	1006	1774	228	881	228	225	337	565	311	701	124	361	412	200	245	575	490	46	124	360	1258	972	548	1041	304	360	108	127	217	555	453	121	328	119	1337	467	433	1186	795	80	652	520	473	1570	421	269	138	422	1751	328	441	283	1884	442	361	325	402	346	190	705	1893	397	703	332	711	537	1023	433	355	346	84	1023	517	2060	1137	1267	701	158	374	1359	255	1132	770	467	218	701	231	1283	244	881	460	32	527	1756	561	441	283	655	373	585	738	457	410	275	483	1242	860	633	559	847	242	995	283	346	217	1001	329	127	489	578	1428	200	119	356	32	455	579	381	411	147	197	2057	383	269	329	346	601	819	269	1676	1438	2722	565	561	1487	53	588	280	291	361	520	829	293	2165	807	113	792	461	404	147	740	226	752	454	334	1054	326	456	514	361	455	349	273	517	228	293	583	482	623	456	852	318	421	1432	847	636	510	714	456	1800	1028	1087	781	532	452	565	628	1458	422	193	360	303	304	357	343	680	595	460	230	1463	418	311	635	408	124	88	1845	435	328	130	1012	755	804	94	519	475	232	119	1425	544	473	1664	346	792	908	121	2352	685	275	762	371	220	465	589	404	430	451	327	74	360	963	369	293	288	986	138	433	293	287
1321	1218	2004	1132	0	1348	1245	1248	1131	1163	1284	1284	434	2651	260	2057	2647	819	1410	1689	2045	2374	1903	880	2126	1534	2056	84	1256	606	1170	1170	1389	833	1403	1552	1247	1275	1834	1121	515	476	431	1283	1235	1274	676	1739	1312	561	2882	408	1531	1242	1233	1056	1183	2776	1412	2013	1329	1045	1343	1311	1175	975	1224	431	1155	1427	1106	1217	1377	1024	1591	1139	1155	1374	241	1192	1544	1629	1416	1199	1056	1152	1348	1653	1233	1171	1433	1225	261	1309	1287	158	561	1209	1229	1400	1236	1867	1261	1380	1188	1268	2470	1449	1134	1242	2695	1128	1427	1166	1531	1317	1250	667	1867	1057	672	1291	663	1454	166	1287	1348	1343	1216	166	1401	1473	2264	293	431	1183	1372	456	1187	0	597	1281	1323	431	1315	2144	1376	2005	960	1127	1392	1352	1656	1394	1242	1745	765	1355	1165	1228	1282	1241	1475	861	438	985	1656	639	1374	1970	1242	1317	1322	254	1297	1172	1608	1346	334	1217	1225	782	1127	682	1159	1371	1540	1015	1262	2678	1373	1380	1307	1317	1699	877	1380	570	306	2135	994	1658	402	1180	1350	1398	852	1427	1400	522	1409	1420	399	1149	426	1306	826	1015	1050	1334	467	1232	1342	1928	1167	1207	1519	1427	948	1340	870	1393	1343	1409	1402	1598	1524	1207	441	1426	1270	300	1887	1021	1396	1586	1207	676	1988	1880	446	1561	1219	1656	1170	362	1270	1294	1465	833	1416	1301	1370	1128	1360	1593	1362	812	1546	1224	1194	1135	1155	1193	718	1121	1441	1109	1624	1506	1884	1227	1392	1234	1333	1225	1035	709	1293	2721	1317	426	731	1015	2078	1137	1241	611	1371	1347	949	1685	835	1559	1233	1439	1203	1465	1170	1340	1409	1332	1594	1188	1287	1409	1245
78	484	930	217	1348	0	284	457	500	383	925	457	988	1904	1172	1070	3251	540	140	1159	1076	1054	611	481	909	1447	1086	1290	226	983	1079	688	527	517	713	224	293	175	618	514	1040	1077	986	157	152	430	2017	500	1010	998	2056	1038	757	289	479	300	924	3642	1072	1823	112	1016	79	138	391	689	361	917	226	226	497	251	31	685	296	212	226	276	1470	1084	424	1054	121	400	300	231	0	360	481	208	152	157	1554	458	461	1403	998	144	699	474	501	1584	430	134	222	428	1652	126	514	289	1755	517	226	384	187	336	178	901	1988	527	898	339	907	465	1240	461	324	283	133	1240	468	2231	920	1482	917	244	298	1570	329	1348	971	472	101	917	141	1158	30	665	596	221	485	1913	368	374	289	461	587	575	839	488	406	281	409	1419	1071	776	365	1041	35	840	289	336	102	1217	331	211	280	570	1641	251	157	569	221	669	645	308	196	344	170	1974	309	134	323	336	403	982	134	1889	1655	2883	683	367	1703	168	580	123	502	226	474	1035	107	2352	1021	226	1005	453	602	344	869	97	965	482	267	936	385	497	391	226	595	290	483	474	79	107	583	275	541	497	1062	139	426	1648	670	770	462	663	497	2017	905	996	994	389	486	374	692	1675	427	113	176	517	121	362	254	787	584	244	13	1656	202	361	721	480	226	177	2062	513	139	285	1021	717	610	122	476	504	113	157	1594	747	505	1467	336	1005	1091	333	2475	790	281	961	293	36	604	393	601	214	479	141	151	176	1079	316	107	211	998	222	461	107	291
205	200	1213	280	1245	284	0	175	223	112	1125	182	954	1715	1116	928	3381	439	223	1406	927	1135	661	380	888	1642	937	1175	58	1010	1243	405	779	442	447	362	10	108	592	238	1044	1073	950	126	155	154	1921	493	1209	1012	1891	1007	1016	5	196	252	1102	3722	1283	2050	177	1157	212	149	114	430	575	827	159	194	226	456	308	417	368	235	159	129	1325	1252	309	1302	244	116	252	157	284	421	198	158	241	346	1478	189	693	1329	1012	291	415	240	218	1313	151	415	398	150	1475	285	236	5	1618	239	194	112	374	584	112	940	2174	677	938	578	945	264	1167	693	582	98	267	1167	237	2310	1050	1428	827	423	128	1540	525	1245	994	196	185	827	147	1019	308	790	356	252	246	2019	422	173	5	505	498	310	1019	204	133	5	686	1491	1055	910	424	1081	317	759	5	584	184	1164	573	153	408	303	1504	456	346	483	252	576	362	129	380	274	116	1776	131	415	568	584	465	1084	415	1747	1545	2980	421	426	1629	246	314	407	416	194	240	1041	247	2397	983	170	974	184	646	274	1018	193	940	199	96	788	112	212	280	194	359	96	400	237	212	247	833	394	351	212	1046	243	149	1535	646	915	230	936	212	1921	1189	810	967	316	202	420	409	1595	149	171	265	442	244	603	127	960	320	454	291	1690	386	575	914	204	159	335	1963	238	261	411	1271	475	640	262	239	221	178	346	1681	773	736	1481	584	974	1155	310	2629	965	5	988	127	251	366	451	650	401	195	257	293	265	1243	103	247	105	1246	398	693	247	7
378	38	1383	438	1248	457	175	0	119	125	1283	35	1011	1583	1154	839	3501	495	373	1577	834	1182	714	446	884	1795	844	1172	233	1098	1388	242	953	514	280	493	165	283	606	131	1119	1143	1006	301	329	37	1918	532	1366	1093	1772	1063	1190	171	25	380	1254	3815	1444	2213	347	1294	382	319	108	327	744	854	314	312	142	626	480	297	471	392	314	226	1295	1398	318	1474	398	80	380	311	457	509	27	320	387	518	1494	60	864	1349	1093	462	243	151	45	1138	30	590	566	35	1352	438	120	171	1519	126	312	122	520	758	288	1036	2321	827	1035	751	1040	208	1191	864	757	198	439	1191	153	2407	1128	1459	854	590	207	1584	691	1248	1080	36	356	854	317	931	479	876	293	407	144	2131	507	176	171	572	553	151	1172	35	60	179	862	1591	1118	1048	511	1173	489	721	171	758	356	1202	746	314	528	143	1477	626	518	543	407	620	204	199	524	385	292	1639	199	590	742	758	547	1206	590	1714	1537	3083	312	512	1643	413	153	581	486	312	151	1117	405	2476	1035	325	1031	58	759	385	1160	363	1002	28	211	702	120	54	304	312	303	191	475	144	382	405	1007	512	277	54	1110	392	38	1526	656	1057	148	1112	54	1918	1359	695	1028	355	39	501	246	1607	36	346	402	514	398	776	241	1112	161	600	463	1769	529	744	1073	112	314	503	1958	131	410	568	1443	329	683	435	144	48	347	518	1787	870	906	1480	758	1031	1257	434	2761	1117	179	1076	210	423	304	533	765	543	25	405	463	402	1388	169	405	256	1418	566	864	405	168
423	87	1429	426	1131	500	223	119	0	116	1252	154	909	1658	1045	943	3426	403	444	1569	936	1298	828	363	1003	1755	946	1055	276	1010	1339	198	957	430	335	578	216	327	724	15	1024	1046	905	344	353	151	1800	648	1333	1002	1856	961	1194	217	102	343	1214	3724	1416	2186	399	1238	433	370	109	217	737	744	310	400	27	624	526	196	569	382	310	317	1176	1351	435	1467	467	109	343	306	500	613	101	322	462	525	1379	179	859	1235	1002	469	228	269	106	1147	139	624	562	146	1435	508	15	217	1615	17	400	115	596	766	321	953	2273	791	953	755	957	327	1079	859	770	285	449	1079	272	2320	1237	1347	744	584	303	1476	681	1131	991	150	405	744	369	1033	526	983	174	393	261	2053	612	288	217	682	459	236	1134	96	166	224	886	1507	1019	996	615	1087	534	838	217	766	404	1094	752	316	619	226	1358	624	525	451	393	519	153	296	601	335	329	1709	297	624	749	766	653	1138	624	1595	1419	2998	205	617	1528	414	234	620	402	400	269	1023	470	2379	932	319	929	177	690	335	1111	414	903	100	294	808	114	76	418	400	184	279	393	262	433	470	1008	604	393	76	1011	464	149	1408	775	1008	267	1130	76	1800	1405	788	928	468	87	607	202	1491	148	387	482	430	467	780	327	1073	244	676	508	1674	607	737	1044	19	310	504	1840	15	483	548	1438	410	799	448	261	104	400	525	1706	790	900	1598	766	929	1177	388	2697	1079	224	988	304	470	185	639	698	622	102	478	468	482	1339	263	470	325	1411	562	859	470	216
307	128	1312	323	1163	383	112	125	116	0	1163	152	901	1708	1052	954	3376	381	335	1466	950	1230	756	329	962	1672	961	1091	161	978	1263	310	848	396	402	474	107	211	671	131	1003	1029	896	228	237	130	1838	582	1245	975	1896	954	1086	107	132	255	1131	3696	1325	2094	283	1168	317	255	16	318	632	756	201	302	116	517	410	306	475	277	201	226	1230	1274	380	1363	355	45	255	197	383	525	134	210	354	414	1403	172	754	1256	975	357	332	255	152	1247	119	508	456	123	1476	397	131	107	1638	134	302	2	486	656	205	914	2197	705	913	646	919	299	1096	754	658	193	336	1096	254	2287	1154	1361	756	479	218	1480	578	1163	961	160	289	756	254	1046	409	896	246	290	253	2008	525	230	106	603	441	276	1049	136	126	111	772	1469	1006	923	528	1053	417	815	107	656	289	1101	642	205	519	268	1410	517	414	429	290	513	266	214	492	260	213	1765	215	508	639	656	568	1080	508	1652	1459	2961	309	530	1553	304	278	503	368	302	255	1000	358	2360	927	211	921	168	634	260	1036	298	890	134	198	816	4	133	356	302	251	188	355	249	317	358	901	504	380	133	998	355	124	1449	724	932	248	1017	133	1838	1288	817	916	401	130	522	315	1518	124	270	377	396	355	671	231	989	286	566	391	1653	499	632	953	97	201	395	1879	130	373	450	1334	455	732	334	249	154	285	414	1664	748	795	1557	656	921	1135	309	2636	995	111	956	218	353	257	554	640	513	132	369	357	377	1263	181	358	217	1308	456	754	358	106
982	1291	877	846	1284	925	1125	1283	1252	1163	0	1302	866	2826	1024	1996	2361	939	1066	408	2002	1810	1465	939	1789	521	2012	1281	1078	677	224	1442	451	892	1564	1110	1135	1042	1522	1259	769	811	870	1030	978	1273	1786	1405	84	723	2982	879	372	1128	1295	910	104	2825	166	934	1018	279	995	1031	1179	1325	564	1001	970	1150	1233	682	927	1354	1197	892	970	1182	1509	214	1349	345	1046	1204	910	973	925	1253	1297	967	1077	792	1343	1313	470	1228	723	841	1480	1362	1316	2398	1267	819	731	1268	2576	1040	1268	1128	2678	1267	1150	1166	1052	600	1023	621	1062	461	617	590	624	1371	1119	470	624	1177	866	1119	1358	1456	1614	1218	1001	706	1201	1205	605	1284	686	1313	1005	1001	1037	2083	927	1421	1221	877	1370	1098	1262	1275	1128	1344	917	1431	134	1300	1256	1120	629	765	846	324	1257	654	915	1756	1128	600	1005	1037	599	973	1151	1424	1615	682	792	910	877	935	1399	1209	1058	918	1026	2893	1211	819	610	600	1286	419	819	1833	1533	2050	1333	1258	1454	880	1434	843	911	1150	1362	762	1032	1654	895	959	868	1308	635	918	235	1007	833	1297	1162	1862	1167	1296	1315	1150	1210	1182	908	1360	995	1032	407	1155	1454	1296	842	1063	1268	1536	1569	293	1351	512	1296	1786	871	1916	847	1315	1293	1272	1445	1448	1268	994	1098	892	1046	571	1162	192	1441	1045	931	1067	1060	564	210	1237	970	795	1834	1259	1061	715	345	1601	1480	874	1362	1317	1021	792	857	650	429	2282	600	868	593	864	1565	184	1120	673	1197	958	1221	1280	623	1063	1294	1064	837	1098	224	1205	1032	1108	317	731	470	1032	1132
379	70	1378	455	1284	457	182	35	154	152	1302	0	1045	1556	1189	806	3529	528	364	1589	800	1150	683	478	849	1815	811	1208	238	1130	1410	258	962	546	265	476	172	286	572	166	1152	1176	1040	303	338	28	1954	501	1384	1126	1743	1098	1199	178	54	403	1274	3847	1461	2229	345	1318	380	319	136	359	757	890	331	297	178	638	478	327	449	409	331	211	1331	1420	286	1485	390	106	403	328	457	484	55	335	376	528	1530	24	876	1385	1126	473	251	115	65	1130	35	591	579	33	1323	428	155	178	1487	161	297	150	507	767	295	1066	2343	848	1065	761	1071	173	1227	876	764	186	449	1227	117	2439	1098	1494	890	604	190	1619	705	1284	1112	15	356	890	316	897	477	848	329	424	108	2160	482	148	178	543	587	129	1191	63	50	187	865	1622	1152	1071	486	1204	488	685	178	767	355	1238	756	329	508	122	1512	638	528	576	424	655	224	181	510	411	297	1614	181	591	751	767	520	1233	591	1749	1573	3113	344	487	1679	426	133	581	518	297	115	1150	397	2509	1070	342	1065	22	787	411	1183	361	1036	57	201	668	148	85	273	297	339	179	506	108	380	397	1016	493	241	85	1144	382	34	1562	621	1079	112	1117	85	1954	1353	664	1062	325	70	475	262	1642	33	348	388	546	390	786	228	1132	139	586	462	1802	516	757	1091	148	331	516	1994	166	399	586	1454	304	652	444	108	68	345	528	1817	900	918	1444	767	1065	1287	458	2787	1137	187	1107	193	422	340	507	793	529	54	394	475	388	1410	155	397	251	1429	579	876	397	175
978	991	1573	774	434	988	954	1011	909	901	866	1045	0	2546	194	1851	2576	519	1075	1274	1844	2040	1581	575	1840	1186	1855	417	949	210	784	1016	958	512	1231	1206	959	954	1541	905	151	150	6	958	902	1028	1051	1434	904	169	2756	53	1097	953	1004	724	768	2822	1006	1669	993	654	999	982	916	827	807	212	830	1111	882	817	1014	875	1260	792	830	1078	645	805	1264	1207	1076	944	724	828	988	1325	1004	843	1098	846	579	1068	859	432	169	843	1074	1155	1014	1876	1015	994	799	1021	2336	1102	918	953	2525	913	1111	903	1175	902	927	245	1598	628	249	875	242	1200	281	859	934	1050	855	281	1155	1432	1907	495	212	789	1082	588	777	434	194	1047	985	212	987	1941	1013	1653	767	778	1152	1210	1330	1122	952	1423	459	1146	742	1001	1027	949	1055	656	112	555	1329	276	1008	1712	953	902	984	232	882	845	1263	1136	768	817	846	472	778	390	990	1083	1184	689	938	2588	1085	994	893	902	1371	485	994	1003	721	2114	844	1331	724	826	1144	1014	537	1111	1155	155	1066	1470	36	821	19	1064	411	689	631	995	33	1004	1045	1714	905	984	1234	1111	753	1050	553	1149	999	1066	969	1255	1281	984	105	1088	1023	719	1595	591	1149	1154	984	1051	1557	1697	26	1267	992	1332	1018	699	1022	957	1129	512	1076	883	1068	700	1153	1227	1001	769	1190	807	761	906	830	817	1098	904	1100	721	1200	1318	1570	867	1149	1013	997	846	859	280	863	2426	902	19	388	671	1910	709	949	204	1080	994	759	1358	418	1202	1004	1099	836	1129	784	1057	1066	1021	1170	799	859	1066	956
1844	1589	2601	1994	2651	1904	1715	1583	1658	1708	2826	1556	2546	0	2648	857	5083	2060	1764	3047	844	1545	1508	2021	1230	3347	835	2567	1755	2667	2958	1529	2423	2088	1323	1752	1705	1786	1376	1659	2674	2690	2540	1797	1852	1582	3240	1475	2911	2656	258	2595	2639	1713	1580	1958	2813	5368	2976	3724	1807	2872	1831	1794	1691	1720	2262	2354	1874	1678	1684	2144	1906	1672	1665	1950	1874	1644	2590	2966	1480	2942	1786	1663	1958	1873	1904	1624	1579	1873	1756	2034	2913	1539	2366	2789	2656	1987	1472	1474	1564	936	1591	2023	2096	1588	263	1799	1647	1713	410	1650	1678	1705	1812	2239	1807	2611	3885	2391	2611	2244	2616	1458	2656	2366	2223	1651	1962	2656	1477	3973	1720	2919	2354	2121	1626	3068	2221	2651	2648	1548	1821	2354	1789	785	1906	1679	1780	1967	1469	3712	1614	1554	1713	1558	2115	1433	2729	1579	1593	1721	2275	3165	2658	2625	1621	2745	1919	1140	1713	2239	1821	2695	2235	1868	1727	1441	2754	2144	2034	2108	1967	2165	1556	1618	1808	1968	1803	98	1616	2023	2227	2239	1606	2789	2023	2935	2877	4653	1702	1620	3046	1953	1432	2002	2060	1678	1474	2673	1800	4012	2563	1886	2565	1544	2342	1968	2734	1819	2545	1580	1665	978	1704	1592	1513	1678	1794	1647	2051	1477	1831	1800	2479	1718	1373	1592	2650	1769	1587	2862	1347	2630	1484	2516	1592	3240	2577	909	2567	1519	1588	1602	1527	3004	1587	1832	1739	2088	1786	2266	1664	2672	1423	1850	1900	3315	1808	2262	2618	1666	1874	2033	3268	1659	1775	2123	2907	1254	1470	1953	1476	1564	1805	2034	3364	2448	2409	1282	2239	2565	2835	2015	4343	2676	1721	2645	1630	1870	1788	1606	2349	1811	1581	1771	1991	1739	2958	1626	1800	1718	2887	2096	2366	1800	1709
1157	1130	1762	956	260	1172	1116	1154	1045	1052	1024	1189	194	2648	0	1988	2530	677	1253	1428	1980	2220	1757	737	2005	1286	1990	271	1117	346	912	1126	1149	678	1351	1387	1120	1127	1708	1038	255	216	194	1132	1078	1174	857	1604	1052	301	2866	156	1279	1114	1144	898	922	2727	1152	1768	1171	785	1179	1157	1066	930	1001	301	1003	1283	1018	1010	1199	980	1438	972	1003	1243	493	934	1425	1369	1255	1093	898	1000	1172	1501	1144	1017	1276	1035	385	1213	1052	237	301	1029	1185	1302	1151	1927	1162	1185	990	1168	2448	1283	1051	1114	2651	1046	1283	1054	1359	1096	1100	410	1650	821	414	1070	406	1351	95	1052	1129	1214	1039	95	1303	1366	2093	312	301	981	1245	431	971	260	337	1189	1163	301	1162	2078	1198	1838	888	958	1297	1189	1506	1279	1114	1598	618	1279	906	1140	1177	1111	1249	658	177	728	1505	381	1194	1867	1114	1096	1162	48	1077	1019	1444	1270	592	1010	1035	633	958	540	1106	1246	1368	860	1111	2684	1247	1185	1087	1096	1548	617	1185	819	530	2045	949	1507	532	1008	1277	1205	702	1283	1302	262	1246	1367	158	995	181	1209	605	860	789	1173	224	1143	1210	1854	1056	1121	1396	1283	874	1213	719	1296	1179	1246	1159	1436	1429	1121	181	1267	1170	529	1762	764	1297	1342	1121	857	1747	1825	199	1432	1131	1508	1127	506	1169	1135	1307	678	1255	1078	1235	871	1286	1413	1186	690	1374	1001	939	1044	1003	1005	903	1038	1279	912	1365	1445	1743	1051	1296	1150	1175	1035	851	474	1055	2596	1096	181	478	849	1908	879	1111	351	1243	1177	878	1535	613	1386	1144	1278	1022	1307	912	1217	1246	1190	1335	990	1052	1246	1117
1019	859	1750	1193	2057	1070	928	839	943	954	1996	806	1851	857	1988	0	4305	1334	930	2194	27	832	660	1283	438	2517	29	1976	956	1932	2145	890	1578	1351	657	900	920	977	519	950	1957	1982	1846	985	1044	825	2709	618	2081	1930	987	1903	1787	927	846	1180	1993	4648	2139	2876	984	2071	1003	976	938	1082	1432	1687	1083	848	970	1318	1068	1034	813	1152	1083	832	2062	2151	650	2090	949	909	1180	1082	1070	768	846	1077	918	1212	2312	783	1529	2172	1930	1171	833	700	838	981	837	1181	1277	831	596	957	937	927	691	942	848	951	961	1400	1002	1865	3058	1581	1864	1407	1870	664	2019	1529	1380	847	1146	2019	701	3237	949	2288	1687	1302	818	2419	1397	2057	1915	803	997	1687	970	91	1069	848	1103	1169	701	2946	758	755	927	700	1393	709	1908	849	828	934	1423	2418	1958	1825	765	2005	1081	289	927	1400	998	2037	1398	1073	872	718	2242	1318	1212	1382	1169	1460	898	812	956	1199	995	939	810	1181	1388	1400	749	2010	1181	2462	2328	3908	1063	764	2458	1146	711	1158	1323	848	700	1955	963	3315	1874	1094	1870	787	1574	1199	1927	994	1842	847	859	139	950	868	684	848	1116	844	1310	705	1003	963	1632	864	578	868	1950	932	830	2316	494	1825	707	1660	868	2709	1726	201	1868	681	858	747	890	2419	830	1013	898	1351	949	1427	850	1854	702	994	1064	2608	956	1432	1792	945	1083	1217	2745	950	935	1315	2055	551	620	1136	705	839	981	1212	2609	1698	1571	837	1400	1870	2083	1238	3540	1858	934	1910	821	1038	1113	749	1579	958	847	932	1175	898	2145	828	963	905	2036	1277	1529	963	923
3292	3494	3060	3112	2647	3251	3381	3501	3426	3376	2361	3529	2576	5083	2530	4305	0	3026	3387	2352	4306	4165	3824	3063	4145	1883	4316	2720	3349	2425	2175	3570	2813	2996	3761	3456	3390	3327	3867	3426	2433	2426	2582	3320	3261	3505	2447	3748	2281	2442	5271	2533	2680	3383	3503	3132	2336	757	2258	1775	3324	2236	3309	3330	3393	3392	2896	2785	3224	3462	3400	3000	3260	3437	3540	3153	3224	3472	2836	2174	3657	2426	3372	3422	3132	3224	3251	3600	3504	3228	3403	3100	2435	3548	2822	2489	2442	3137	3624	3619	3519	4450	3494	3164	3034	3498	4853	3375	3438	3383	4996	3434	3462	3379	3400	2950	3303	2474	1382	2727	2474	2936	2470	3645	2561	2822	2978	3458	3160	2561	3617	1174	3960	2356	2785	3010	3486	2194	2922	2647	2445	3536	3312	2785	3336	4395	3259	3781	3316	3135	3622	1373	3609	3551	3382	3695	2974	3651	2419	3503	3495	3375	2990	1927	2465	2480	3604	2346	3248	4092	3383	2950	3311	2491	2946	3233	3502	3642	2770	3000	3100	2979	3135	2931	3537	3492	3407	3118	3309	5135	3495	3164	2957	2950	3637	2297	3164	2786	2598	559	3408	3606	2375	3159	3651	3189	3023	3462	3619	2433	3359	1293	2567	3212	2558	3543	2742	3118	2382	3317	2569	3503	3446	4166	3381	3491	3623	3462	3302	3461	3032	3615	3309	3359	2767	3503	3732	3491	2471	3389	3499	2614	3916	2482	3610	2833	3491	2447	3068	4190	2551	3634	3495	3617	3572	2414	3499	3294	3428	2996	3372	2920	3455	2467	3660	3402	3259	1844	3411	2896	2543	3417	3224	3091	2462	3425	3390	2990	2462	3830	3836	3171	3616	3519	3328	3100	1724	2635	2784	4641	2950	2558	2250	3074	814	2465	3375	2446	3483	3279	3310	3629	2736	3414	3502	3393	3131	3428	2175	3478	3359	3399	2463	3034	2822	3359	3387
504	479	1347	331	819	540	439	495	403	381	939	528	519	2060	677	1334	3026	0	591	1305	1329	1556	1086	61	1327	1409	1339	755	441	607	983	549	767	47	736	734	443	457	1030	401	624	648	515	464	417	509	1494	928	1011	599	2259	572	985	437	490	240	879	3321	1105	1865	510	870	525	492	397	395	544	392	336	610	376	479	570	432	772	327	336	565	929	997	747	1211	598	425	240	333	540	834	491	353	614	442	1042	551	654	892	599	412	600	636	503	1487	497	598	428	503	1839	631	414	437	2014	410	610	384	717	618	431	551	1907	495	551	595	555	680	729	654	639	536	412	729	636	1916	1446	989	392	435	567	1102	490	819	588	531	505	392	496	1425	569	1187	300	319	634	1652	838	603	436	928	59	636	809	489	508	434	775	1104	624	642	838	684	569	1193	437	618	504	725	597	353	789	627	1101	479	442	48	319	138	513	568	725	197	443	2110	570	598	602	618	880	751	598	1349	1123	2594	406	840	1193	372	635	611	41	610	636	622	591	1980	546	331	539	546	316	197	759	516	508	490	533	1196	386	474	719	610	287	535	58	630	525	591	806	779	762	474	616	607	504	1115	1084	662	629	970	474	1494	1326	1188	535	755	480	838	552	1161	504	475	646	47	598	616	559	748	645	783	553	1274	731	544	745	396	336	409	1537	401	622	362	1189	813	1070	422	630	502	514	442	1304	391	684	1919	618	539	775	210	2307	755	434	585	566	534	296	867	326	745	490	620	406	646	983	540	591	516	1159	428	654	591	440
101	407	1016	307	1410	140	223	373	444	335	1066	364	1075	1764	1253	930	3387	591	0	1293	936	967	505	529	785	1587	946	1346	178	1091	1218	615	662	578	602	146	229	140	490	460	1141	1176	1072	129	175	340	2084	373	1150	1102	1916	1127	888	228	398	355	1064	3769	1212	1961	82	1151	80	99	336	653	501	981	254	89	449	389	142	640	185	282	254	158	1512	1223	284	1188	26	335	355	257	140	249	400	238	23	287	1628	358	601	1477	1102	256	615	355	419	1471	344	262	353	339	1512	64	456	228	1615	461	89	335	151	475	163	1011	2128	661	1009	479	1017	336	1314	601	460	177	236	1314	349	2357	856	1565	981	377	181	1662	467	1410	1077	379	89	981	95	1018	142	596	575	298	368	2044	255	253	228	348	645	467	979	408	315	223	532	1542	1165	909	253	1153	155	705	228	475	90	1299	471	237	199	464	1688	389	287	628	298	728	575	191	157	395	150	1835	192	262	462	475	295	1110	262	1934	1714	3013	644	255	1779	253	473	244	558	89	355	1136	37	2470	1107	260	1094	354	710	395	1005	80	1055	401	163	796	335	421	251	89	577	185	540	356	80	37	718	188	407	421	1157	20	337	1707	543	905	344	785	421	2084	991	857	1084	249	408	258	619	1748	338	118	54	578	26	501	138	926	476	231	135	1770	164	501	861	426	254	299	2128	459	38	405	1154	593	497	224	359	422	78	287	1720	852	644	1357	475	1094	1211	404	2613	929	223	1069	177	108	584	283	710	178	397	34	263	54	1218	210	37	119	1132	353	601	37	228
1229	1593	710	1144	1689	1159	1406	1577	1569	1466	408	1589	1274	3047	1428	2194	2352	1305	1293	0	2205	1852	1594	1294	1918	494	2214	1688	1352	1082	547	1765	632	1257	1854	1294	1417	1308	1687	1578	1173	1214	1279	1293	1251	1560	2162	1578	378	1128	3178	1286	407	1410	1593	1228	506	2904	284	688	1266	655	1237	1286	1481	1674	834	1406	1265	1382	1553	951	1150	1697	1382	1189	1265	1434	1916	526	1574	105	1269	1502	1228	1269	1159	1426	1595	1258	1298	1060	1733	1596	713	1626	1128	1115	1796	1628	1615	2714	1556	1030	1011	1556	2788	1251	1584	1410	2852	1585	1382	1469	1234	825	1296	1029	976	809	1025	828	1032	1624	1523	713	835	1437	1139	1523	1623	1624	1637	1605	1406	988	1455	1574	888	1689	1092	1602	1254	1406	1291	2276	1150	1497	1567	1176	1639	1255	1436	1531	1410	1503	1292	1716	537	1599	1540	1402	772	1079	1251	729	1430	1054	1138	1929	1410	825	1254	1439	835	1264	1322	1710	2019	951	1060	1283	1176	1321	1721	1465	1238	1246	1295	3121	1466	1030	840	825	1450	815	1030	2232	1929	2131	1680	1431	1835	1164	1721	1049	1272	1382	1628	1166	1256	1867	1303	1255	1275	1591	1020	1246	643	1252	1241	1596	1421	2069	1470	1600	1542	1382	1557	1443	1266	1627	1237	1256	576	1330	1700	1600	1247	1285	1555	1933	1727	695	1617	540	1600	2162	716	2147	1255	1530	1594	1447	1769	1833	1556	1251	1311	1257	1269	804	1412	587	1726	1201	1160	1377	1239	834	562	1551	1265	1073	2209	1578	1277	1021	139	1872	1619	1144	1630	1617	1268	1060	1111	1053	671	2338	825	1275	980	1192	1538	579	1402	1079	1451	1195	1569	1447	1008	1236	1592	1281	1114	1311	547	1468	1256	1364	161	1011	713	1256	1414
1023	852	1767	1194	2045	1076	927	834	936	950	2002	800	1844	844	1980	27	4306	1329	936	2205	0	859	679	1279	464	2523	10	1964	957	1928	2149	877	1586	1346	644	910	919	979	535	942	1953	1977	1839	987	1045	820	2695	631	2087	1926	980	1896	1797	926	840	1178	1998	4645	2146	2885	988	2074	1008	979	934	1070	1437	1679	1083	853	963	1323	1075	1022	823	1152	1083	834	2048	2155	654	2101	955	905	1178	1082	1076	780	839	1078	924	1216	2301	778	1535	2161	1926	1174	819	696	830	953	832	1188	1280	826	584	964	929	926	691	934	853	947	971	1407	1003	1862	3064	1584	1861	1413	1867	662	2010	1535	1388	848	1149	2010	697	3235	974	2279	1679	1305	819	2411	1401	2045	1911	797	1001	1679	973	98	1075	870	1093	1170	696	2946	770	755	926	714	1388	700	1913	842	824	933	1433	2416	1952	1827	776	2002	1088	309	926	1407	1002	2029	1405	1073	884	709	2227	1323	1216	1377	1170	1453	886	813	966	1197	997	924	811	1188	1395	1407	761	2010	1188	2446	2315	3906	1051	776	2447	1148	703	1166	1319	853	696	1950	969	3310	1868	1094	1864	782	1573	1197	1930	998	1836	840	860	140	945	860	688	853	1107	845	1306	701	1008	969	1641	875	576	860	1944	938	825	2302	511	1828	704	1672	860	2695	1743	180	1862	686	851	758	877	2408	826	1016	905	1346	955	1434	852	1858	693	1006	1070	2603	966	1437	1797	938	1083	1220	2732	942	942	1318	2065	539	638	1140	701	831	985	1216	2608	1696	1578	863	1407	1864	2080	1237	3543	1862	933	1906	823	1044	1103	762	1577	968	840	938	1178	905	2149	828	969	907	2046	1280	1535	969	922
1062	1220	1222	1266	2374	1054	1135	1182	1298	1230	1810	1150	2040	1545	2220	832	4165	1556	967	1852	859	0	474	1494	405	2285	861	2308	1118	2035	2015	1374	1361	1546	1198	833	1134	1099	584	1313	2094	2132	2037	1092	1143	1147	3050	650	1887	2051	1564	2091	1487	1138	1205	1323	1852	4628	1907	2529	1049	1989	1040	1064	1222	1509	1336	1948	1220	948	1317	1266	1030	1475	783	1248	1220	1007	2460	2012	864	1762	965	1204	1323	1223	1054	721	1206	1205	944	1205	2596	1127	1374	2445	2051	1199	1336	1045	1212	1802	1159	1079	1262	1152	1297	937	1302	1138	1204	1308	948	1229	867	1258	1125	1951	2815	1538	1948	1279	1957	984	2282	1374	1226	1040	1185	2282	1041	3233	220	2532	1948	1279	1012	2624	1333	2374	2023	1159	1056	1948	1060	848	1031	399	1469	1262	1059	2892	718	1010	1139	630	1611	1145	1774	1213	1132	1139	1183	2443	2125	1777	718	2088	1038	612	1138	1258	1057	2266	1269	1204	776	1151	2639	1266	1205	1595	1262	1694	1354	1016	858	1363	1113	1642	1014	1079	1256	1258	675	1997	1079	2882	2677	3856	1493	716	2747	1213	1152	1055	1525	948	1045	2089	973	3382	2072	1227	2058	1127	1656	1363	1844	1046	2018	1207	1038	820	1228	1235	880	948	1476	1043	1507	1052	1040	973	1403	784	949	1235	2117	953	1149	2668	543	1760	1044	1335	1235	3050	1203	972	2047	831	1220	718	1376	2715	1150	1085	913	1546	965	1288	1007	1739	1146	828	1041	2698	853	1336	1650	1287	1220	1230	3093	1312	940	1334	1725	1100	499	1173	1054	1215	1045	1205	2600	1800	1406	486	1258	2058	2128	1371	3358	1739	1139	2013	1013	1045	1480	689	1653	842	1204	941	1206	913	2015	1049	973	1043	1718	1262	1374	973	1136
604	752	1092	811	1903	611	661	714	828	756	1465	683	1581	1508	1757	660	3824	1086	505	1594	679	474	0	1025	326	1971	686	1835	646	1593	1649	920	1018	1079	773	386	660	630	170	843	1645	1681	1578	625	678	678	2579	183	1547	1605	1604	1633	1194	664	738	858	1487	4243	1587	2282	587	1604	583	599	749	1042	936	1479	753	476	846	847	592	1010	321	788	753	533	1986	1650	398	1493	507	731	858	756	611	256	739	739	483	768	2129	661	1001	1978	1605	752	889	586	747	1506	690	667	830	682	1244	486	833	664	1264	839	476	755	434	874	657	1511	2514	1127	1509	889	1517	525	1815	1001	846	565	735	1815	581	2835	423	2069	1479	850	539	2168	921	1903	1579	693	595	1479	594	724	593	210	996	803	600	2509	250	539	665	158	1143	696	1405	747	661	665	844	2028	1671	1374	252	1652	602	371	664	874	596	1803	879	737	333	700	2165	847	768	1127	803	1225	896	542	426	896	645	1594	540	667	868	874	210	1587	667	2408	2205	3479	1027	250	2280	757	704	642	1057	476	586	1641	518	2963	1612	761	1599	661	1211	896	1456	586	1561	740	564	571	754	768	410	476	1004	569	1039	592	583	518	1068	336	507	768	1662	493	680	2196	171	1363	583	1054	768	2579	1069	705	1590	360	753	248	923	2247	681	623	452	1079	507	904	534	1361	698	422	599	2267	421	936	1281	816	753	788	2622	843	483	896	1457	690	46	723	595	750	583	768	2198	1354	1039	855	874	1599	1702	909	3031	1362	665	1571	538	595	1008	222	1210	415	737	484	759	452	1649	575	518	571	1442	830	1001	518	662
444	434	1306	276	880	481	380	446	363	329	939	478	575	2021	737	1283	3063	61	529	1294	1279	1494	1025	0	1268	1420	1289	816	380	651	997	523	738	67	698	672	384	395	970	363	674	700	571	402	356	458	1555	867	1014	647	2216	628	961	378	444	181	885	3368	1105	1869	449	888	465	431	345	386	512	453	275	549	337	437	512	417	711	269	275	506	989	1010	689	1198	537	374	181	272	481	773	445	291	553	391	1104	500	626	953	647	357	571	584	458	1471	446	545	383	452	1796	571	375	378	1966	371	549	331	656	579	369	591	1926	485	590	558	595	626	790	626	598	477	356	790	583	1961	1385	1049	453	392	508	1160	456	880	633	483	444	453	435	1375	511	1125	284	261	582	1690	776	547	378	866	118	591	811	444	455	374	734	1146	678	653	776	727	511	1136	378	579	443	784	559	292	728	582	1162	437	391	103	261	199	485	509	664	137	381	2072	511	545	563	579	819	778	545	1409	1185	2637	395	778	1254	315	591	556	40	549	584	671	530	2031	603	269	595	496	334	137	770	455	562	444	473	1145	333	430	660	549	272	476	31	578	465	530	780	718	708	430	670	546	453	1177	1025	671	576	938	430	1555	1285	1142	590	695	435	777	526	1222	452	414	584	67	537	580	498	750	600	723	495	1324	671	512	740	354	275	357	1599	363	561	322	1175	770	1009	364	578	458	452	391	1344	427	658	1859	579	595	814	156	2337	757	374	629	506	474	282	806	343	685	444	559	351	584	997	482	530	455	1145	383	626	530	381
887	917	1388	1091	2126	909	888	884	1003	962	1789	849	1840	1230	2005	438	4145	1327	785	1918	464	405	326	1268	0	2297	467	2052	891	1874	1969	1037	1343	1329	836	691	885	888	299	1015	1919	1952	1836	888	946	854	2799	412	1871	1882	1300	1893	1520	890	902	1118	1808	4551	1913	2607	862	1918	866	867	950	1198	1251	1715	1012	732	1026	1154	894	1157	612	1061	1012	762	2180	1970	582	1819	794	926	1118	1013	909	549	903	1000	766	1066	2365	824	1322	2216	1882	1042	992	734	904	1397	867	982	1131	860	969	782	1003	890	952	1009	732	960	745	1194	916	1796	2839	1434	1794	1208	1802	676	2055	1322	1167	791	1022	2055	732	3140	512	2317	1715	1152	760	2427	1231	2126	1859	854	872	1715	861	471	895	454	1178	1077	745	2820	541	731	891	450	1387	811	1725	909	845	893	1170	2327	1937	1683	545	1938	905	212	890	1194	873	2053	1198	997	643	818	2361	1154	1066	1372	1077	1465	1026	759	738	1151	905	1321	757	982	1187	1194	509	1891	982	2598	2419	3790	1180	543	2515	1037	817	956	1304	732	734	1915	806	3256	1869	1021	1859	826	1495	1151	1770	865	1824	904	795	415	958	931	609	732	1188	792	1287	742	866	806	1394	643	618	931	1928	778	858	2409	245	1675	736	1379	931	2799	1365	566	1852	573	917	534	1039	2480	858	897	736	1329	794	1224	771	1679	809	744	898	2554	734	1251	1601	996	1012	1082	2840	1015	772	1190	1782	730	308	1010	743	907	858	1066	2503	1634	1361	595	1194	1859	1996	1174	3355	1680	893	1852	761	887	1189	518	1495	730	902	771	1048	736	1969	788	806	820	1768	1131	1322	806	887
1503	1801	1200	1361	1534	1447	1642	1795	1755	1672	521	1815	1186	3347	1286	2517	1883	1409	1587	494	2523	2285	1971	1420	2297	0	2533	1558	1596	975	428	1938	954	1366	2075	1627	1652	1562	2037	1761	1048	1076	1192	1550	1497	1787	1875	1921	436	1017	3503	1177	798	1644	1805	1417	541	2411	384	483	1539	552	1516	1552	1689	1804	1086	1370	1485	1671	1734	1203	1448	1838	1714	1407	1485	1703	1774	412	1870	550	1567	1715	1417	1487	1447	1768	1807	1483	1598	1313	1504	1828	988	1431	1017	1360	1980	1880	1825	2892	1780	1337	1251	1782	3098	1560	1770	1644	3197	1768	1671	1675	1567	1118	1542	960	543	967	957	1110	960	1891	1372	988	1140	1697	1386	1372	1876	1141	2078	1372	1370	1226	1721	1296	1126	1534	992	1826	1526	1370	1558	2603	1447	1908	1705	1391	1887	776	1778	1794	1644	1857	1377	1945	623	1809	1771	1636	1127	750	1121	767	1772	915	1435	2274	1644	1118	1526	1280	1119	1489	1665	1937	1837	1203	1313	1373	1391	1375	1897	1729	1573	1420	1545	3413	1731	1337	1128	1118	1800	708	1337	2016	1715	1637	1815	1774	1574	1397	1947	1361	1388	1671	1880	1042	1553	1401	1204	1474	1179	1823	1093	1420	650	1528	1159	1807	1682	2383	1677	1804	1837	1671	1692	1701	1389	1878	1516	1553	903	1670	1974	1804	1121	1584	1782	1723	2083	749	1870	950	1804	1875	1204	2437	1161	1836	1802	1788	1941	1583	1782	1515	1618	1366	1567	1090	1682	683	1955	1555	1452	1012	1576	1086	729	1741	1485	1314	1920	1760	1581	1230	584	2117	1989	1394	1880	1826	1542	1313	706	1058	946	2765	1118	1179	809	1367	1073	677	1636	983	1717	1479	1703	1795	1082	1577	1804	1584	1357	1618	428	1724	1553	1629	582	1251	988	1553	1648
1033	863	1775	1205	2056	1086	937	844	946	961	2012	811	1855	835	1990	29	4316	1339	946	2214	10	861	686	1289	467	2533	0	1975	967	1939	2160	887	1596	1357	654	920	929	990	543	952	1963	1988	1850	998	1056	831	2705	640	2097	1937	970	1907	1807	937	850	1189	2008	4656	2156	2895	999	2084	1018	990	945	1081	1448	1689	1093	863	973	1333	1085	1032	832	1163	1093	844	2058	2166	664	2110	965	915	1189	1093	1086	789	850	1089	935	1226	2312	789	1546	2172	1937	1184	829	707	841	954	843	1198	1291	837	574	974	939	937	680	944	863	958	980	1417	1014	1873	3075	1595	1872	1423	1878	673	2020	1546	1398	858	1160	2020	708	3246	978	2289	1689	1316	830	2421	1412	2056	1922	808	1012	1689	984	88	1085	876	1104	1181	707	2957	779	765	937	723	1398	711	1923	853	835	943	1443	2427	1963	1838	786	2013	1098	315	937	1417	1012	2039	1415	1084	893	720	2237	1333	1226	1388	1181	1464	896	824	976	1208	1007	915	821	1198	1405	1417	771	2021	1198	2455	2325	3917	1061	785	2457	1158	713	1176	1329	863	707	1961	979	3320	1878	1105	1875	793	1584	1208	1941	1008	1847	851	870	151	956	871	698	863	1117	855	1317	712	1018	979	1651	885	587	871	1955	948	836	2312	519	1838	715	1681	871	2705	1751	188	1872	697	862	768	887	2418	837	1027	915	1357	965	1444	862	1869	704	1015	1081	2614	975	1448	1807	948	1093	1231	2741	952	952	1328	2075	549	645	1150	711	842	995	1226	2618	1706	1588	858	1417	1875	2091	1248	3554	1873	943	1917	833	1054	1114	771	1588	978	851	949	1189	915	2160	838	979	918	2056	1291	1546	979	933
1260	1142	1975	1075	84	1290	1175	1172	1055	1091	1281	1208	417	2567	271	1976	2720	755	1346	1688	1964	2308	1835	816	2052	1558	1975	0	1189	607	1181	1088	1358	773	1321	1489	1177	1210	1762	1044	520	486	414	1218	1172	1199	747	1669	1314	562	2797	402	1510	1172	1157	995	1182	2858	1416	2039	1265	1053	1281	1247	1102	893	1184	376	1092	1359	1030	1170	1320	942	1526	1079	1092	1305	227	1202	1472	1624	1353	1126	995	1088	1290	1587	1156	1108	1369	1171	346	1233	1253	236	562	1153	1147	1324	1159	1784	1186	1328	1137	1193	2386	1387	1057	1172	2612	1051	1359	1093	1471	1277	1185	660	1910	1026	664	1250	657	1379	188	1253	1307	1273	1158	188	1325	1546	2202	372	376	1134	1302	535	1145	84	596	1205	1261	376	1251	2063	1319	1942	882	1068	1316	1413	1590	1321	1172	1677	704	1276	1158	1151	1207	1171	1435	908	443	973	1590	650	1317	1893	1172	1277	1260	281	1256	1108	1545	1267	362	1170	1171	721	1068	621	1078	1300	1479	952	1197	2594	1302	1328	1265	1277	1632	884	1328	608	369	2212	913	1592	484	1121	1271	1345	790	1359	1324	527	1347	1500	386	1086	414	1230	789	952	1046	1271	451	1155	1272	1848	1094	1130	1447	1359	871	1270	808	1317	1281	1347	1374	1534	1448	1130	445	1363	1195	360	1815	1009	1320	1559	1130	747	1957	1798	434	1490	1142	1589	1088	444	1195	1231	1401	773	1353	1262	1302	1118	1281	1534	1304	880	1486	1184	1178	1059	1092	1139	788	1044	1378	1060	1617	1425	1815	1169	1316	1157	1269	1171	1089	682	1262	2648	1277	414	749	956	2139	1126	1171	609	1301	1287	871	1619	799	1499	1157	1375	1146	1401	1181	1269	1347	1264	1587	1137	1253	1347	1175
