NAME : VRPTW_INSTANCE_17.txt
COMMENT : Bangkok Supermarket
TYPE : VRPTW
DIMENSION : 289
DAYS : Tuesday
EDGE_WEIGHT_TYPE : EXPLICIT
VEHICLES : 38
EDGE_WEIGHT_FORMAT : FULL_MATRIX
CAPACITY : 1000
EDGE_WEIGHT_SECTION
0	88	488	113	196	1568	1221	1065	418	211	409	412	85	382	83	623	711	488	263	3679	257	169	212	1321	1810	127	1023	24	1609	197	529	1532	258	610	1930	523	413	210	727	165	1440	481	404	968	83	1627	1221	225	370	493	372	464	1986	124	78	211	215	255	201	374	1493	422	928	202	128	587	885	121	690	1067	993	2582	1229	312	1321	849	404	244	1010	978	153	2065	881	366	178	171	63	309	1606	62	25	176	30	146	283	379	3575	235	617	465	264	83	379	1265	900	1036	584	508	368	438	331	957	1606	404	1026	2288	1580	4116	362	351	123	839	300	422	199	477	319	256	578	584	1621	213	891	976	1055	102	477	240	217	83	1126	215	815	426	353	97	493	29	955	205	104	147	1057	481	239	228	118	111	224	443	1059	90	532	221	463	428	400	1121	1221	204	1126	565	70	124	584	1727	362	525	367	517	349	402	891	529	444	309	775	254	135	417	207	1119	210	146	101	1333	367	189	122	1716	23	397	212	154	578	153	262	165	1064	258	996	417	97	464	178	975	197	586	402	435	118	650	400	264	407	202	484	272	118	258	1932	481	120	149	365	85	150	420	212	383	362	1506	738	300	428	1114	115	1024	353	510	444	348	530	365	719	627	548	1456	284	372	1418	1994	1033	353	609	815	502	412	379	1174	190	611	441	177	426	223	190	165	977	1923	211	205	155	376	92	492	350	1019	169
88	0	576	30	269	1652	1310	992	451	295	439	439	101	296	140	541	774	576	213	3741	173	240	225	1409	1828	214	955	81	1698	202	594	1594	326	652	1883	590	408	214	638	251	1383	487	397	1053	114	1714	1310	228	387	501	386	536	2073	38	107	134	204	341	206	388	1579	474	1012	127	39	675	969	34	631	1155	1080	2648	1288	362	1409	934	439	251	1099	1000	240	2132	880	320	263	167	107	358	1691	109	63	261	80	115	289	392	3631	227	705	549	352	140	397	1275	901	1123	671	595	383	485	355	1045	1691	439	1049	2347	1665	4185	311	375	130	898	358	451	288	483	299	175	628	670	1550	218	979	1062	1142	159	483	244	222	141	1143	206	886	356	305	14	511	67	949	210	111	153	1145	487	158	314	124	169	216	493	1060	99	620	310	549	495	428	1209	1310	124	1187	606	58	205	672	1801	311	566	382	602	263	431	979	595	530	366	844	247	148	469	128	1178	131	115	53	1396	318	278	44	1683	75	317	225	172	628	70	260	251	1152	248	1084	493	14	536	266	1032	202	674	445	479	124	676	429	352	439	207	491	342	124	326	2004	526	124	102	380	101	93	467	225	331	382	1508	813	358	466	1057	31	956	305	578	530	370	549	380	739	687	492	1489	349	321	1428	2082	1033	305	693	904	509	449	397	1229	110	699	487	262	456	229	234	251	999	2011	253	249	239	296	106	580	302	963	257
488	576	0	597	390	1148	736	1470	497	289	512	524	531	856	456	1078	460	0	711	3414	744	370	567	833	1850	361	1412	496	1136	534	342	1311	391	543	2188	319	651	539	1210	327	1762	649	651	561	494	1139	736	544	548	651	561	374	1498	609	517	694	571	271	534	563	1049	404	538	668	614	99	507	607	1060	614	555	2296	1045	396	833	455	575	539	541	1057	348	1780	1086	741	316	545	486	405	1124	482	513	318	498	577	616	568	3344	571	129	107	223	456	546	1381	1092	604	103	54	557	429	586	498	1124	575	1094	2059	1145	3803	751	514	549	709	439	520	295	647	644	740	468	109	2008	538	403	565	618	445	647	545	539	455	1219	568	593	857	740	583	700	513	1173	535	544	525	568	649	724	265	549	437	568	520	1230	539	44	274	74	408	512	659	736	688	940	636	537	397	96	1399	751	608	557	230	825	513	403	327	67	446	580	579	512	500	692	955	695	577	582	1111	750	299	602	1909	501	878	567	541	468	633	622	327	610	586	531	226	583	374	309	834	534	97	539	450	549	659	512	223	503	581	649	378	549	391	1610	460	551	596	555	531	607	523	567	771	535	1528	377	439	572	1446	599	1410	740	306	67	521	718	555	850	428	921	1428	405	760	1517	1506	1220	740	284	352	659	570	546	1029	664	123	438	317	513	537	440	327	1055	1445	440	436	341	858	535	18	734	1351	318
113	30	597	0	298	1680	1331	962	445	312	431	431	131	269	150	512	778	597	224	3771	162	251	252	1429	1853	235	924	100	1722	190	599	1624	356	647	1854	596	390	202	615	270	1353	471	378	1080	119	1734	1331	216	376	485	374	566	2091	13	138	131	188	368	194	376	1606	474	1040	97	21	696	997	12	602	1180	1106	2678	1318	363	1429	961	468	239	1123	1026	265	2162	901	293	281	155	117	358	1708	120	87	279	98	97	314	380	3661	211	725	566	373	150	386	1298	923	1149	690	613	370	484	382	1070	1708	468	1075	2377	1692	4215	283	367	159	928	389	442	312	467	277	167	627	689	1519	206	1000	1089	1168	168	467	232	210	151	1168	190	916	326	277	16	537	95	969	199	140	145	1164	471	151	333	152	178	200	523	1082	128	640	334	566	525	420	1234	1331	120	1218	635	63	233	692	1831	283	596	370	629	236	423	1000	601	549	396	874	230	143	499	124	1208	127	97	77	1426	290	300	15	1656	95	309	252	200	627	40	284	270	1177	231	1109	503	16	566	287	1062	190	694	475	476	152	666	421	373	431	233	475	372	152	356	2034	523	153	79	368	131	67	497	252	302	372	1489	822	389	495	1028	2	926	277	585	549	361	575	368	765	689	462	1517	379	293	1452	2103	1054	277	721	928	493	478	386	1259	80	719	485	280	449	217	234	270	1026	2035	252	249	257	287	135	599	275	933	279
196	269	390	298	0	1390	1089	1260	534	220	532	539	180	562	242	810	736	390	331	3483	401	255	177	1206	1658	159	1220	219	1458	373	560	1336	62	695	2121	546	581	385	889	186	1636	633	573	794	265	1512	1089	398	514	643	521	268	1873	307	168	344	398	119	375	523	1324	501	750	395	307	479	706	303	887	908	829	2385	1034	406	1206	675	254	411	864	826	97	1868	774	560	194	355	245	408	1509	241	219	193	225	342	228	528	3380	415	514	412	208	242	520	1131	787	869	493	428	516	523	219	805	1509	254	872	2092	1407	3920	558	487	180	645	117	545	128	630	503	389	644	498	1817	387	776	803	890	250	630	411	390	240	982	398	619	622	549	282	369	204	856	380	184	330	943	633	376	210	183	251	405	263	941	187	433	137	395	232	524	967	1089	343	931	394	267	80	484	1532	558	355	515	345	529	527	776	554	371	127	578	433	314	236	345	925	348	342	245	1136	563	147	311	1897	220	513	177	159	644	339	232	186	906	438	846	420	282	268	164	781	373	482	237	529	183	764	525	208	527	192	636	75	183	62	1736	568	184	346	513	180	347	245	177	579	504	1646	719	117	269	1310	300	1221	549	531	371	487	400	513	576	665	744	1285	91	568	1280	1868	922	549	433	670	653	257	520	982	379	509	529	194	545	394	324	186	825	1774	342	335	194	496	180	400	545	1214	152
1568	1652	1148	1680	1390	0	607	2612	1636	1416	1652	1665	1570	1949	1569	2191	1431	1148	1694	2410	1790	1502	1526	710	1733	1459	2558	1585	383	1671	1426	770	1343	1620	3306	1404	1799	1677	2278	1439	2906	1789	1800	600	1605	766	607	1684	1695	1790	1709	1144	981	1690	1558	1733	1706	1313	1671	1711	161	1535	639	1769	1692	1063	683	1687	2206	543	593	1310	816	1544	710	719	1369	1682	639	1364	1415	868	1591	1881	1433	1674	1591	1553	921	1587	1593	1434	1589	1692	1528	1715	2405	1710	1054	1238	1338	1569	1692	1590	1573	543	1100	1165	1705	1558	1449	660	921	1369	1360	1233	83	2720	1888	1661	1568	962	1338	1659	1375	1788	1789	1776	1544	1112	3155	1676	851	592	529	1563	1788	1687	1678	1567	1460	1704	852	1983	1877	1664	1432	1584	1659	1673	1574	1651	781	1789	1764	1387	1571	1557	1706	1273	1612	1577	1117	1354	1213	1200	1654	519	607	1732	811	1262	1633	1446	1081	475	1888	1277	1705	1050	1915	1655	851	1409	1215	1336	902	1720	1636	1280	1734	860	1736	1692	1635	722	1889	1393	1690	2998	1588	1885	1526	1537	1544	1720	1555	1439	548	1728	637	1360	1664	1144	1412	919	1671	1071	1332	1581	1571	1748	1654	1338	1643	1550	1790	1325	1571	1343	637	1579	1572	1706	1702	1570	1713	1299	1526	1909	1682	2504	1270	1338	1342	2593	1682	2556	1877	1397	1215	1668	1416	1702	1379	1463	2065	1312	1330	1898	1639	860	1631	1877	958	800	1797	1355	1692	907	1758	1059	1567	1433	1651	1677	1580	1439	1360	588	1583	1578	1456	1872	1570	1156	1872	2498	1416
1221	1310	736	1331	1089	607	0	2177	1155	1025	1175	1188	1254	1593	1193	1811	876	736	1420	3018	1474	1104	1260	166	2039	1096	2112	1231	424	1262	918	1187	1065	1090	2763	900	1336	1265	1946	1063	2406	1305	1341	446	1230	439	0	1267	1232	1302	1247	924	797	1344	1240	1421	1298	981	1262	1248	453	1053	495	1405	1348	636	529	1342	1761	274	352	1915	1070	1094	166	512	1180	1259	245	1431	1074	1450	1579	1460	1053	1277	1222	1104	497	1218	1246	1054	1233	1312	1290	1251	3008	1295	611	790	958	1193	1227	1729	1572	356	650	728	1244	1071	1232	313	497	1180	1448	1801	559	3317	1474	1201	1266	974	1089	1179	1023	1305	1359	1467	1020	656	2694	1263	339	433	335	1181	1305	1266	1264	1191	1571	1295	810	1586	1462	1318	1284	1245	1662	1262	1265	1258	199	1305	1452	1001	1267	1172	1294	1092	1666	1262	693	1001	778	983	1180	213	0	1417	1004	1145	1273	1118	643	1039	1474	1141	1244	762	1561	1180	339	903	790	1092	845	1300	1246	1086	1420	1047	1423	1312	1311	1046	1471	1032	1337	2437	1236	1600	1260	1248	1020	1369	1306	1063	272	1307	270	897	1318	924	1044	1017	1262	639	1139	1094	1267	1216	1180	958	1166	1279	1304	1048	1267	1065	1228	1080	1268	1332	1242	1254	1343	1110	1260	1493	1221	1910	715	1089	1162	2110	1334	2108	1462	897	790	1210	1285	1242	1332	927	1631	1586	1066	1482	1825	779	1671	1462	696	422	1307	1169	1227	1122	1400	616	1079	1053	1170	1260	1167	1063	1427	715	1164	1161	1077	1582	1257	735	1457	2019	1052
1065	992	1470	962	1260	2612	2177	0	1025	1196	1005	992	1090	718	1048	476	1373	1470	1054	4724	912	1110	1186	2233	2660	1158	85	1044	2595	941	1271	2580	1319	1144	1042	1285	841	935	566	1174	496	884	836	2013	1014	2517	2177	928	944	890	930	1528	2849	955	1099	963	905	1310	940	928	2519	1127	1979	865	957	1563	1939	959	415	2085	2022	3638	2272	1084	2233	1896	1403	931	2009	1891	1210	3124	1685	731	1180	938	1030	1075	2444	1034	1041	1179	1039	927	1225	925	4602	901	1580	1394	1273	1048	950	2094	1715	2070	1536	1462	933	1111	1309	1968	2444	1403	1939	3326	2614	5176	723	975	1108	1884	1349	1002	1244	883	825	934	1194	1527	557	935	1838	2020	2086	1051	883	925	933	1050	2001	907	1879	638	734	979	1432	1056	1723	939	1094	962	1985	884	939	1224	1103	1056	905	1474	1859	1085	1506	1264	1412	1488	999	2129	2177	958	2174	1570	996	1189	1549	2792	723	1533	933	1572	750	999	1838	1284	1406	1356	1837	892	978	1453	958	2160	957	927	1026	2385	723	1223	949	1011	1042	906	1186	1148	1194	922	1190	1174	2081	884	2001	1280	979	1528	1202	2015	941	1557	1420	1088	1103	1042	999	1273	1013	1162	885	1334	1103	1319	2997	1110	1103	918	935	1090	915	1447	1186	702	956	1268	1506	1349	1433	290	960	95	734	1285	1406	966	1469	935	1644	1294	549	2399	1341	714	2243	2898	1822	734	1664	1823	887	1416	950	2206	882	1575	1104	1179	1012	935	1032	1174	1891	2892	1030	1035	1157	903	1093	1465	739	290	1200
418	451	497	445	534	1636	1155	1025	0	327	22	33	503	583	334	724	382	497	665	3905	594	279	627	1207	2192	375	958	400	1577	257	246	1782	589	204	1690	259	186	247	917	349	1270	153	194	1058	343	1493	1155	236	95	154	107	733	1832	455	497	576	272	485	253	107	1526	102	1036	438	465	574	1004	457	610	1094	1044	2789	1498	130	1207	953	786	213	1007	1360	436	2272	1292	356	343	292	358	126	1430	358	421	344	396	354	699	108	3827	252	581	399	386	334	85	1663	1309	1095	536	472	106	85	733	976	1430	786	1406	2538	1626	4300	378	83	542	1126	649	23	424	152	256	606	204	524	1539	243	820	1062	1107	316	152	222	240	335	1516	269	1048	502	367	446	894	442	1370	249	523	300	961	153	590	350	536	309	261	793	1466	508	522	430	426	728	31	1129	1155	564	1392	925	394	463	554	1895	378	887	107	679	564	30	820	259	430	660	1022	240	303	765	568	1397	571	354	498	1580	370	398	436	1421	406	737	627	570	204	453	679	349	1090	245	1004	276	446	733	375	1262	257	565	771	62	536	233	30	386	15	620	153	592	536	589	2107	96	538	379	106	503	396	777	627	390	89	1113	488	649	803	961	447	953	367	259	430	92	927	106	1109	292	491	1809	618	382	1813	1874	1444	367	759	835	161	790	85	1465	452	577	78	343	15	232	228	349	1359	1869	207	213	339	715	511	486	362	868	385
211	295	289	312	220	1416	1025	1196	327	0	330	339	276	567	167	790	526	289	465	3610	468	86	360	1118	1868	90	1143	214	1425	255	346	1474	267	476	1979	334	418	262	922	47	1521	449	414	817	204	1422	1025	270	331	457	340	409	1779	325	263	423	290	158	256	343	1327	282	784	379	331	389	745	324	793	894	827	2500	1182	197	1118	701	473	271	827	1039	125	1982	994	465	34	259	197	201	1396	194	233	37	215	287	427	348	3521	295	415	254	77	167	334	1348	1008	874	379	301	336	305	436	780	1396	473	1084	2232	1420	4024	472	299	305	803	329	342	98	446	378	467	424	377	1742	261	690	824	891	156	446	275	264	166	1197	288	739	571	461	301	590	240	1076	257	293	238	853	449	451	28	302	147	290	468	1162	283	331	102	254	400	324	943	1025	415	1076	601	250	169	382	1621	472	564	335	386	536	327	690	341	237	340	708	307	223	441	419	1079	422	287	312	1271	473	73	316	1731	220	609	360	314	424	347	418	47	891	314	816	215	301	409	56	940	255	386	452	313	302	551	325	77	324	363	451	268	302	267	1830	350	304	306	333	276	318	455	360	493	318	1439	532	329	486	1199	315	1142	461	319	237	301	620	333	794	449	651	1481	296	482	1496	1792	1142	461	476	635	466	475	334	1143	375	409	311	35	341	263	167	47	1037	1734	175	169	56	588	281	290	456	1102	69
409	439	512	431	532	1652	1175	1005	22	330	0	12	494	563	326	702	404	512	652	3916	578	276	620	1228	2190	372	937	390	1597	241	268	1791	588	222	1678	281	165	231	896	349	1253	137	172	1073	332	1515	1175	219	73	139	85	738	1854	441	488	561	255	488	238	85	1543	122	1050	420	451	590	1017	443	589	1111	1060	2800	1505	133	1228	966	783	196	1025	1359	435	2283	1286	334	343	277	348	128	1452	348	411	344	386	339	691	86	3836	234	598	415	392	326	63	1660	1303	1111	553	487	85	106	727	994	1452	783	1404	2547	1644	4313	356	65	533	1131	648	13	425	136	235	590	225	541	1519	227	840	1077	1123	308	136	205	224	327	1514	252	1056	480	345	432	889	432	1363	233	514	286	981	137	575	353	527	301	243	792	1461	498	537	433	441	730	10	1147	1175	550	1399	925	382	460	571	1908	356	886	85	688	544	8	840	280	444	659	1029	222	290	765	553	1404	556	339	487	1588	348	399	422	1411	396	720	620	562	225	437	671	349	1107	226	1021	292	432	738	376	1267	241	581	769	84	527	240	9	392	9	612	137	592	527	588	2119	118	529	363	84	494	381	776	620	368	69	1114	510	648	800	943	433	933	345	280	444	73	923	84	1106	314	469	1810	618	360	1810	1896	1438	345	769	851	147	788	63	1470	435	593	100	343	17	216	220	349	1357	1889	199	206	338	698	502	501	340	849	385
412	439	524	431	539	1665	1188	992	33	339	12	0	497	556	329	692	414	524	653	3927	575	283	623	1240	2197	379	924	393	1609	240	280	1802	595	226	1665	293	153	229	888	357	1240	124	161	1086	334	1527	1188	217	65	127	76	747	1865	441	491	560	252	497	237	76	1556	135	1062	417	450	602	1030	443	577	1124	1073	2812	1516	143	1240	979	790	194	1038	1365	442	2295	1291	325	351	276	351	138	1463	351	413	352	388	338	695	77	3847	231	611	428	402	329	55	1666	1308	1124	565	500	76	118	733	1006	1463	790	1411	2558	1657	4326	347	64	536	1141	655	13	434	123	227	588	233	554	1507	225	852	1089	1136	312	123	203	222	330	1520	249	1067	471	337	433	894	435	1367	232	516	286	994	124	574	363	530	305	240	800	1466	501	550	442	454	739	14	1160	1188	549	1410	932	383	466	583	1920	347	893	77	700	539	12	852	292	456	666	1040	218	291	773	552	1414	555	338	488	1599	339	407	421	1400	398	717	623	566	233	436	674	357	1120	221	1034	305	433	747	384	1277	240	594	776	96	530	238	13	402	21	615	125	600	530	595	2131	127	532	362	77	497	379	784	623	359	63	1107	522	655	807	930	433	920	337	293	456	70	929	77	1112	324	458	1818	625	351	1816	1908	1442	337	781	864	135	794	55	1480	432	606	112	351	23	214	224	357	1364	1902	204	210	345	696	505	513	332	836	393
85	101	531	131	180	1570	1254	1090	503	276	494	497	0	383	169	632	790	531	189	3640	223	249	132	1362	1736	185	1054	104	1632	275	608	1494	232	695	1984	600	490	289	709	228	1485	562	480	974	164	1668	1254	303	453	575	455	442	2029	136	13	167	287	273	279	457	1503	506	931	228	133	627	887	132	733	1084	1007	2549	1187	396	1362	855	339	323	1035	906	182	2033	799	420	241	245	146	394	1655	146	85	238	109	206	201	462	3530	309	660	523	313	169	462	1187	818	1048	631	558	451	522	258	979	1655	339	954	2246	1587	4086	412	435	38	798	259	507	235	558	389	213	661	633	1648	292	931	983	1068	187	558	319	296	168	1051	288	790	456	405	115	418	63	872	284	19	224	1098	562	199	286	32	196	298	391	977	7	575	256	516	398	485	1142	1254	164	1087	505	129	135	628	1706	412	465	450	524	350	487	931	606	495	266	747	329	214	368	167	1077	170	206	65	1296	419	234	146	1781	99	347	132	75	661	168	177	228	1082	332	1019	489	115	442	231	931	275	628	344	520	32	735	486	313	492	119	565	249	32	232	1908	566	34	199	448	0	193	366	132	432	446	1587	808	259	365	1159	132	1056	405	587	495	432	455	448	645	707	593	1391	252	422	1340	2031	951	405	613	840	584	349	462	1128	209	654	525	240	511	302	276	228	905	1948	296	290	222	328	7	537	402	1064	219
382	296	856	269	562	1949	1593	718	583	567	563	556	383	0	400	249	959	856	340	4005	194	491	468	1683	1994	500	693	367	1988	354	794	1862	616	781	1674	798	442	358	356	530	1149	534	429	1350	362	1986	1593	362	490	548	481	826	2340	258	394	244	324	637	356	481	1875	649	1309	188	257	956	1266	262	420	1449	1375	2922	1554	553	1683	1230	684	381	1389	1192	535	2409	1016	255	540	329	371	545	1950	375	356	538	364	282	506	483	3884	338	982	812	635	400	501	1428	1043	1419	945	867	480	649	590	1338	1950	684	1241	2607	1962	4461	230	500	395	1167	638	570	580	530	331	217	786	942	1275	361	1257	1358	1438	411	530	372	362	401	1316	328	1172	150	236	285	718	364	1070	359	384	341	1420	534	220	591	390	421	333	756	1198	378	899	602	819	780	552	1502	1593	239	1456	851	322	502	949	2088	230	814	479	899	33	554	1257	801	804	644	1128	346	352	736	239	1442	238	282	318	1668	241	566	260	1520	363	240	468	434	786	229	472	530	1446	340	1376	731	285	826	551	1297	354	953	702	634	390	756	553	635	567	443	537	633	390	616	2290	677	390	261	479	383	249	729	468	232	494	1463	1034	638	714	832	267	696	236	790	804	491	756	479	937	867	314	1697	635	233	1580	2359	1164	236	990	1195	553	697	501	1487	193	977	647	539	579	368	442	530	1192	2300	452	452	515	227	385	858	240	744	544
83	140	456	150	242	1569	1193	1048	334	167	326	329	169	400	0	626	635	456	342	3718	312	100	294	1285	1883	110	1001	68	1590	130	454	1573	305	527	1880	449	342	143	754	131	1401	404	334	968	37	1588	1193	156	289	415	293	498	1945	164	162	274	157	263	133	295	1486	340	932	212	171	556	891	163	658	1055	985	2615	1273	229	1285	850	474	171	992	1051	166	2098	962	327	140	115	33	226	1559	30	91	139	65	124	365	300	3619	173	582	417	236	0	298	1343	980	1031	546	468	289	355	408	942	1559	474	1098	2331	1576	4147	328	269	207	885	356	338	196	400	261	315	496	543	1600	145	857	976	1049	19	400	169	149	1	1201	157	847	414	318	142	570	109	1037	137	188	90	1021	404	298	191	201	29	163	502	1139	174	499	216	420	471	316	1106	1193	265	1169	629	87	162	549	1750	328	589	288	524	368	319	857	455	404	366	810	190	74	476	269	1165	272	124	175	1372	331	176	151	1655	74	458	294	236	496	181	345	131	1052	196	979	353	142	498	156	1022	130	553	467	352	201	567	317	236	324	285	407	315	201	305	1957	397	204	140	286	169	151	481	294	350	281	1427	672	356	495	1076	153	1000	318	437	404	266	606	286	793	549	514	1522	333	338	1495	1960	1114	318	616	798	425	480	298	1223	208	577	358	139	342	153	106	131	1049	1901	127	121	116	436	176	457	314	979	153
623	541	1078	512	810	2191	1811	476	724	790	702	692	632	249	626	0	1106	1078	579	4251	439	708	717	1890	2199	733	461	606	2215	549	961	2110	865	900	1471	969	547	547	229	758	933	626	536	1591	589	2189	1811	546	629	638	616	1075	2538	503	643	492	513	878	550	616	2112	810	1551	421	503	1177	1509	507	287	1682	1612	3171	1801	733	1890	1472	931	558	1617	1417	775	2658	1220	369	767	534	602	724	2141	606	598	765	602	503	751	615	4126	519	1200	1021	863	626	638	1631	1249	1656	1160	1083	617	803	836	1569	2141	931	1465	2853	2201	4710	349	650	645	1416	888	705	817	624	472	460	924	1155	1029	549	1472	1599	1675	635	624	550	549	628	1532	517	1421	227	360	529	956	608	1264	550	634	553	1630	626	466	816	640	642	518	1005	1398	627	1119	838	1032	1030	693	1733	1811	488	1705	1096	558	746	1167	2338	349	1060	617	1141	283	694	1472	970	1020	894	1378	518	566	986	487	1690	486	503	567	1916	355	800	501	1357	602	433	717	684	924	472	717	758	1679	510	1606	925	529	1075	783	1545	549	1173	950	784	640	841	693	863	709	692	629	881	640	865	2540	820	640	487	618	632	479	978	717	335	637	1403	1206	888	961	631	510	466	360	964	1020	640	993	618	1168	1016	276	1925	884	344	1782	2566	1361	360	1233	1424	640	944	638	1733	433	1194	798	766	716	553	643	758	1417	2523	648	651	742	429	634	1077	366	555	778
711	774	460	778	736	1431	876	1373	382	526	404	414	790	959	635	1106	0	460	975	3793	938	541	886	890	2310	612	1298	702	1298	611	181	1740	769	230	1887	191	561	605	1300	571	1541	495	571	922	660	1154	876	598	478	487	490	823	1477	790	779	908	637	636	609	490	1298	311	918	797	799	470	901	791	967	897	874	2673	1491	416	890	845	977	578	795	1506	649	2168	1502	739	558	643	667	422	1071	665	725	561	700	703	952	491	3744	621	452	366	529	635	468	1827	1513	925	417	408	489	309	956	788	1071	977	1546	2471	1405	4145	761	461	824	1169	829	400	608	497	639	945	183	400	1852	602	579	920	929	616	497	587	600	635	1668	633	1045	884	750	773	1100	740	1587	606	809	641	677	495	929	528	820	606	626	946	1660	797	450	600	398	845	414	912	876	897	1388	1073	716	695	444	1767	761	1040	490	691	937	412	579	184	421	839	1037	613	637	921	901	1407	905	703	809	1544	753	591	773	1568	709	1085	886	838	183	797	944	571	892	619	801	316	773	823	580	1291	611	458	948	326	820	347	413	529	398	888	493	764	820	769	1976	286	822	729	489	790	746	941	886	772	471	1102	162	829	983	1259	780	1293	750	206	421	470	1126	489	1282	91	863	1889	793	764	1968	1534	1645	750	736	674	489	975	468	1483	806	450	312	559	390	593	543	571	1504	1566	526	529	572	1063	797	442	745	1174	594
488	576	0	597	390	1148	736	1470	497	289	512	524	531	856	456	1078	460	0	711	3414	744	370	567	833	1850	361	1412	496	1136	534	342	1311	391	543	2188	319	651	539	1210	327	1762	649	651	561	494	1139	736	544	548	651	561	374	1498	609	517	694	571	271	534	563	1049	404	538	668	614	99	507	607	1060	614	555	2296	1045	396	833	455	575	539	541	1057	348	1780	1086	741	316	545	486	405	1124	482	513	318	498	577	616	568	3344	571	129	107	223	456	546	1381	1092	604	103	54	557	429	586	498	1124	575	1094	2059	1145	3803	751	514	549	709	439	520	295	647	644	740	468	109	2008	538	403	565	618	445	647	545	539	455	1219	568	593	857	740	583	700	513	1173	535	544	525	568	649	724	265	549	437	568	520	1230	539	44	274	74	408	512	659	736	688	940	636	537	397	96	1399	751	608	557	230	825	513	403	327	67	446	580	579	512	500	692	955	695	577	582	1111	750	299	602	1909	501	878	567	541	468	633	622	327	610	586	531	226	583	374	309	834	534	97	539	450	549	659	512	223	503	581	649	378	549	391	1610	460	551	596	555	531	607	523	567	771	535	1528	377	439	572	1446	599	1410	740	306	67	521	718	555	850	428	921	1428	405	760	1517	1506	1220	740	284	352	659	570	546	1029	664	123	438	317	513	537	440	327	1055	1445	440	436	341	858	535	18	734	1351	318
263	213	711	224	331	1694	1420	1054	665	465	652	653	189	340	342	579	975	711	0	3672	146	433	168	1536	1665	374	1033	273	1784	414	793	1535	360	865	2010	786	612	426	595	417	1489	695	599	1108	324	1842	1420	440	600	709	598	550	2204	216	202	112	412	443	418	600	1640	683	1062	278	206	805	1016	213	750	1233	1152	2598	1227	571	1536	991	358	463	1193	854	365	2089	696	487	430	379	312	567	1835	313	251	428	276	321	177	604	3547	435	839	710	499	342	610	1103	721	1189	813	742	595	696	264	1133	1835	358	903	2274	1717	4138	471	589	163	847	355	664	418	691	495	123	838	816	1608	430	1106	1119	1211	361	691	456	434	342	983	414	874	464	468	220	378	235	759	423	172	366	1273	695	124	475	164	371	424	442	879	181	755	437	702	494	642	1294	1420	123	1133	519	270	315	808	1786	471	485	594	669	312	645	1106	793	680	357	827	454	362	427	121	1115	120	321	168	1345	480	420	236	1839	267	191	168	172	838	231	145	417	1231	454	1175	678	220	550	419	971	414	807	383	691	164	890	643	499	652	145	698	378	164	360	1982	737	162	301	592	189	286	414	168	486	595	1707	997	355	388	1170	222	1036	468	773	680	583	416	592	597	890	625	1358	367	479	1257	2200	848	468	752	1001	717	371	610	1155	255	833	698	429	670	441	444	417	854	2102	464	459	411	179	183	719	468	1080	407
3679	3741	3414	3771	3483	2410	3018	4724	3905	3610	3916	3927	3640	4005	3718	4251	3793	3414	3672	0	3811	3690	3537	3110	2382	3614	4693	3703	2701	3845	3744	2147	3421	3947	5589	3720	4028	3856	4241	3613	5119	4049	4025	2874	3746	3071	3018	3867	3936	4054	3947	3219	3091	3776	3633	3760	3876	3463	3848	3950	2567	3817	2885	3869	3774	3356	2910	3772	4370	2904	2919	1120	2453	3787	3110	2964	3320	3875	3009	2891	3553	1633	3149	4043	3612	3834	3727	3795	3243	3723	3701	3612	3708	3826	3499	3955	304	3889	3361	3520	3536	3718	3937	2816	3117	2868	3404	3450	3943	3843	3414	3007	3243	3320	2848	1397	2463	617	4041	3902	3618	2842	3382	3926	3533	4047	3977	3790	3870	3420	5280	3857	3227	2875	2866	3722	4047	3877	3860	3717	2833	3875	2873	4097	4032	3755	3299	3683	3152	3851	3634	3808	3184	4049	3785	3582	3624	3720	3880	3251	3022	3644	3398	3518	3488	3251	3914	2903	3018	3765	2553	3154	3749	3561	3380	2026	4041	3190	3943	3229	3973	3916	3227	3727	3480	3375	2908	3904	3792	3273	3766	2564	3766	3826	3702	2346	4046	3558	3786	5323	3703	3839	3537	3577	3870	3809	3533	3613	2909	3911	2999	3640	3755	3219	3582	2709	3845	3367	3304	3862	3624	4070	3914	3536	3908	3562	4051	3407	3624	3421	1817	3875	3624	3828	3940	3640	3827	3277	3537	4062	3923	4891	3639	3382	3290	4793	3773	4695	4032	3709	3480	3907	3264	3940	3106	3805	4227	2411	3395	4052	2714	2925	3061	4032	3146	3121	4063	3307	3937	2517	3850	3365	3851	3613	3920	3862	3773	3613	2890	2641	3784	3777	3629	3836	3636	3428	4029	4697	3580
257	173	744	162	401	1790	1474	912	594	468	578	575	223	194	312	439	938	744	146	3811	0	412	280	1578	1810	384	888	254	1855	337	761	1670	447	798	1863	758	506	346	488	423	1343	595	493	1195	281	1884	1474	358	515	609	511	652	2243	149	236	57	323	495	340	512	1726	632	1151	163	141	843	1107	149	604	1307	1230	2732	1362	523	1578	1076	492	381	1257	1001	400	2220	837	358	435	301	279	517	1863	281	234	433	253	239	312	515	3689	345	873	722	522	312	526	1246	862	1270	842	766	508	640	397	1201	1863	492	1050	2414	1808	4272	338	512	222	978	459	588	451	591	386	23	784	842	1468	350	1147	1205	1291	330	591	372	353	312	1129	326	991	319	338	170	524	231	896	344	216	299	1313	595	27	486	218	340	335	568	1019	215	788	473	721	602	567	1365	1474	58	1266	657	225	357	841	1907	338	621	507	746	166	569	1147	763	702	464	946	361	301	549	55	1250	53	239	163	1478	349	445	165	1696	248	147	280	254	784	142	278	423	1305	359	1242	665	170	652	436	1105	337	842	511	631	218	804	568	522	579	254	599	464	218	447	2106	677	217	214	506	223	197	540	280	351	513	1588	984	459	521	1023	159	891	338	747	702	505	561	506	744	849	482	1504	461	346	1400	2250	987	338	835	1063	617	504	526	1294	144	868	640	434	595	361	395	423	1001	2170	411	409	412	125	221	749	338	933	426
169	240	370	251	255	1502	1104	1110	279	86	276	283	249	491	100	708	541	370	433	3690	412	0	358	1191	1914	95	1057	162	1507	168	360	1551	312	454	1900	353	341	175	848	78	1438	382	336	903	133	1494	1104	184	262	391	270	479	1849	264	239	373	204	228	169	273	1412	260	870	304	271	469	831	263	707	979	913	2582	1256	155	1191	787	507	187	910	1082	159	2063	1016	379	77	175	133	155	1462	130	185	77	161	209	429	278	3598	209	493	321	164	100	268	1384	1032	960	454	376	266	279	455	864	1462	507	1127	2309	1505	4108	386	233	285	873	372	289	159	379	293	415	414	450	1656	175	766	910	977	83	379	190	178	99	1237	202	817	487	375	242	615	198	1095	171	268	154	928	382	398	115	280	73	204	517	1189	255	411	172	327	463	269	1027	1104	364	1151	649	187	184	460	1705	386	610	265	471	461	272	766	359	313	382	784	221	141	490	368	1151	371	209	269	1348	386	133	251	1659	169	557	358	305	414	280	414	78	976	228	900	253	242	479	108	1010	168	465	492	281	280	511	270	164	272	356	384	318	280	312	1914	324	282	230	263	249	243	500	358	407	251	1391	572	372	523	1114	253	1056	375	341	313	234	648	263	830	458	565	1537	342	395	1534	1867	1166	375	561	719	401	511	268	1213	304	487	283	77	290	177	83	78	1080	1815	94	87	63	536	256	369	370	1018	114
212	225	567	252	177	1526	1260	1186	627	360	620	623	132	468	294	717	886	567	168	3537	280	358	0	1380	1604	274	1157	234	1618	407	705	1393	194	812	2105	694	623	421	758	315	1598	693	613	940	295	1686	1260	435	583	706	585	381	2047	253	134	225	420	295	411	587	1471	619	893	343	248	656	848	249	848	1066	985	2453	1085	512	1380	822	219	455	1029	775	240	1941	668	546	327	378	276	511	1685	275	217	325	240	337	71	592	3420	441	691	583	373	294	591	1055	687	1021	670	603	581	638	130	968	1685	219	823	2140	1549	3993	536	563	96	699	187	632	288	690	521	261	772	675	1743	424	952	950	1043	311	690	451	428	293	919	421	713	565	530	239	286	195	743	416	116	356	1118	693	253	361	103	318	430	288	846	131	610	304	569	327	610	1128	1260	229	988	387	261	191	662	1628	536	349	580	503	436	613	952	701	545	189	666	461	346	269	229	973	231	337	175	1199	543	299	268	1909	230	359	0	58	772	283	58	315	1064	464	1010	574	239	381	306	828	407	659	233	638	103	860	611	373	617	25	697	212	103	194	1826	682	101	327	578	132	319	261	0	555	575	1718	885	187	247	1274	253	1159	530	680	545	560	323	578	514	808	712	1264	199	546	1208	2039	821	530	585	838	715	230	591	1020	322	686	642	326	636	434	400	315	774	1936	420	414	315	346	125	577	528	1181	293
1321	1409	833	1429	1206	710	166	2233	1207	1118	1228	1240	1362	1683	1285	1890	890	833	1536	3110	1578	1191	1380	0	2204	1195	2164	1329	437	1341	962	1342	1188	1114	2761	947	1392	1342	2039	1159	2431	1351	1398	611	1321	306	166	1343	1290	1346	1304	1062	667	1442	1348	1527	1377	1092	1341	1306	549	1106	658	1495	1447	735	690	1440	1817	440	515	2019	1235	1162	0	669	1317	1333	399	1593	1180	1572	1734	1531	1147	1359	1315	1171	334	1312	1346	1149	1331	1400	1415	1309	3114	1371	704	871	1056	1285	1284	1893	1728	522	739	816	1302	1121	1363	467	334	1317	1611	1930	648	3385	1547	1261	1377	1137	1217	1230	1127	1351	1427	1573	1051	741	2735	1340	431	597	501	1272	1351	1340	1341	1284	1735	1373	972	1663	1535	1416	1426	1347	1818	1340	1374	1343	264	1351	1557	1096	1378	1262	1371	1232	1826	1370	789	1106	864	1119	1233	379	166	1522	1170	1294	1368	1227	737	1166	1547	1287	1302	893	1653	1234	431	948	880	1220	1005	1373	1332	1224	1525	1213	1528	1400	1415	1207	1543	1133	1433	2422	1334	1710	1380	1363	1051	1465	1429	1159	437	1381	426	966	1416	1062	1143	1183	1341	735	1276	1144	1378	1237	1233	1056	1219	1398	1350	1171	1378	1188	1344	1124	1379	1422	1300	1362	1434	1248	1380	1564	1279	1866	736	1217	1301	2145	1432	2159	1535	947	880	1270	1429	1300	1486	953	1693	1751	1191	1554	1991	676	1830	1535	835	556	1350	1307	1284	1288	1493	710	1128	1148	1220	1337	1247	1159	1589	677	1242	1240	1172	1690	1366	829	1530	2057	1152
1810	1828	1850	1853	1658	1733	2039	2660	2192	1868	2190	2197	1736	1994	1883	2199	2310	1850	1665	2382	1810	1914	1604	2204	0	1818	2659	1834	2088	2008	2165	973	1603	2337	3666	2145	2224	2021	2105	1842	3132	2287	2214	1612	1893	2411	2039	2035	2170	2298	2175	1490	2697	1851	1736	1777	2023	1715	2011	2177	1833	2148	1575	1934	1844	1863	1558	1847	2413	1770	1708	1587	971	2063	2204	1600	1410	2053	1839	832	1755	1297	978	2143	1849	1980	1873	2065	2522	1871	1820	1847	1839	1941	1538	2183	2169	2044	1892	1944	1824	1883	2177	567	951	1688	1912	1904	2171	2172	1478	1784	2522	1410	786	1175	1813	2958	2130	2145	1700	1156	1542	2203	1769	2283	2125	1786	2274	1928	3177	2024	1969	1624	1707	1897	2283	2050	2028	1882	685	2024	1307	2129	2126	1841	1318	1797	937	2016	1720	1958	2060	2287	1789	1849	1707	1901	2033	1399	801	1735	1866	1767	1911	1478	2183	1825	2039	1787	1035	1266	1865	1732	1887	1372	2130	1304	2170	1621	1971	2186	1969	2153	1889	1531	1298	2064	1945	1426	1785	994	1784	1941	1775	1024	2139	1795	1868	3504	1831	1768	1604	1661	2274	1877	1568	1842	1773	2067	1813	2020	1841	1490	1816	1057	2008	1874	1421	2181	1707	2419	2184	1824	2186	1621	2290	1599	1707	1603	1405	2217	1705	1930	2168	1736	1920	1414	1604	2147	2160	3305	2219	1542	1390	2823	1853	2664	2126	2129	1889	2144	1281	2168	1091	2265	2291	453	1573	2139	417	2589	838	2126	1593	1785	2307	1404	2177	917	1911	1891	2179	1849	2204	2033	1979	1842	834	2320	1998	1991	1852	1775	1729	1869	2124	2737	1806
127	214	361	235	159	1459	1096	1158	375	90	372	379	185	500	110	733	612	361	374	3614	384	95	274	1195	1818	0	1110	134	1488	231	431	1471	218	544	1980	421	427	241	850	42	1507	475	421	859	145	1500	1096	253	355	485	362	396	1859	248	172	337	262	153	233	365	1379	349	822	314	252	460	781	246	767	949	878	2509	1173	249	1195	741	411	262	889	986	65	1991	923	435	55	223	131	250	1479	127	151	53	137	232	343	370	3518	274	490	340	138	110	361	1288	938	923	457	381	358	370	362	838	1479	411	1032	2229	1468	4039	438	328	215	787	276	385	85	471	362	382	499	457	1710	242	765	867	941	109	471	263	246	108	1141	261	741	523	427	222	521	153	1003	236	202	198	930	475	365	102	212	105	266	422	1094	193	405	106	336	374	365	1002	1096	330	1068	554	178	89	457	1641	438	514	357	413	467	368	765	428	317	287	706	290	182	395	333	1067	337	232	225	1269	440	67	241	1746	140	523	274	225	499	273	332	42	946	296	876	305	222	396	52	924	231	459	396	374	212	607	366	138	368	276	477	224	212	218	1848	415	214	246	355	185	254	404	274	459	344	1487	623	276	428	1182	238	1110	427	407	317	328	553	355	734	533	623	1443	247	448	1438	1868	1073	427	506	694	494	415	361	1127	306	484	375	54	386	248	167	42	984	1800	184	176	40	502	191	365	423	1086	44
1023	955	1412	924	1220	2558	2112	85	958	1143	937	924	1054	693	1001	461	1298	1412	1033	4693	888	1057	1157	2164	2659	1110	0	1002	2531	888	1201	2548	1280	1069	1022	1217	775	881	585	1124	477	813	771	1961	967	2445	2112	874	879	818	865	1488	2775	918	1062	936	853	1264	887	863	2462	1059	1927	827	921	1504	1888	922	353	2027	1966	3603	2241	1022	2164	1845	1375	875	1949	1878	1165	3087	1681	678	1129	888	985	1013	2370	988	1000	1128	996	882	1199	860	4576	847	1520	1333	1221	1001	884	2092	1710	2014	1475	1402	868	1043	1282	1910	2370	1375	1927	3297	2558	5140	673	911	1075	1852	1313	934	1196	812	768	910	1121	1466	599	881	1774	1967	2030	1002	812	870	879	1002	1993	855	1839	598	683	941	1411	1016	1723	885	1060	913	1918	813	913	1172	1069	1007	852	1442	1857	1050	1447	1216	1353	1450	932	2070	2112	930	2141	1543	953	1147	1489	2750	673	1505	868	1524	723	932	1774	1215	1347	1320	1798	837	929	1420	930	2129	930	882	992	2351	671	1175	911	962	1000	895	1157	1116	1121	886	1165	1124	2023	829	1942	1217	941	1488	1153	1984	888	1497	1390	1020	1069	964	932	1221	946	1132	814	1295	1069	1280	2955	1040	1069	875	870	1054	873	1416	1157	651	891	1189	1434	1313	1404	224	923	11	683	1217	1347	903	1449	870	1627	1220	492	2386	1303	663	2242	2827	1821	683	1615	1765	815	1387	884	2177	845	1514	1035	1128	944	880	978	1124	1878	2826	974	979	1107	891	1058	1407	688	208	1152
24	81	496	100	219	1585	1231	1044	400	214	390	393	104	367	68	606	702	496	273	3703	254	162	234	1329	1834	134	1002	0	1622	174	521	1556	281	595	1906	515	390	187	715	170	1417	459	380	985	60	1634	1231	201	349	471	351	486	1992	113	100	211	190	272	177	353	1508	409	945	184	118	595	903	111	667	1081	1008	2604	1253	298	1329	866	429	221	1023	1002	169	2087	902	342	182	147	42	295	1610	41	22	180	5	123	305	358	3598	210	624	468	272	68	358	1288	922	1052	590	514	347	423	355	970	1610	429	1050	2312	1596	4139	338	331	143	863	325	403	213	455	295	254	564	589	1600	190	899	993	1071	88	455	217	194	68	1150	191	837	405	330	87	517	41	976	182	123	123	1064	459	238	233	137	97	200	467	1081	108	539	235	467	452	381	1135	1231	203	1150	590	48	144	591	1748	338	550	346	535	334	383	899	521	449	333	798	230	111	442	207	1143	210	123	107	1356	343	200	107	1692	6	397	234	176	564	139	282	170	1078	234	1009	414	87	486	187	999	174	594	427	420	137	631	382	272	389	223	462	295	137	281	1953	466	139	127	344	104	129	444	234	359	341	1484	735	325	452	1091	103	1002	330	503	449	327	553	344	742	617	524	1481	307	348	1441	2002	1055	330	627	828	480	437	358	1199	174	619	426	181	407	200	173	170	1001	1934	193	188	158	376	112	499	326	995	178
1609	1698	1136	1722	1458	383	424	2595	1577	1425	1597	1609	1632	1988	1590	2215	1298	1136	1784	2701	1855	1507	1618	437	2088	1488	2531	1622	0	1670	1341	1141	1424	1514	3183	1323	1756	1673	2337	1459	2831	1728	1760	696	1628	391	424	1677	1652	1725	1666	1252	608	1734	1619	1800	1706	1359	1670	1668	255	1474	748	1801	1737	1038	793	1731	2180	551	635	1634	1137	1510	437	804	1503	1670	599	1626	1458	1232	1822	1873	1449	1681	1617	1520	556	1614	1635	1451	1625	1713	1637	1671	2723	1705	1017	1202	1353	1590	1647	1886	1808	604	1060	1136	1663	1493	1569	653	556	1503	1631	1602	300	2954	1885	1620	1638	1184	1436	1601	1409	1728	1772	1846	1444	1068	3116	1672	757	683	580	1580	1728	1677	1673	1589	1743	1703	1040	1993	1873	1707	1590	1631	1898	1670	1640	1662	623	1728	1831	1399	1640	1572	1703	1408	1873	1639	1096	1387	1186	1312	1601	490	424	1797	1107	1432	1666	1498	1049	855	1885	1437	1663	1115	1956	1601	757	1326	1196	1437	1086	1711	1648	1408	1799	1156	1802	1713	1692	1065	1883	1422	1729	2851	1626	1971	1618	1615	1444	1761	1658	1459	553	1719	613	1314	1707	1252	1436	1179	1670	1043	1462	1516	1640	1640	1601	1353	1588	1640	1727	1406	1640	1424	997	1503	1642	1730	1661	1632	1741	1430	1618	1904	1640	2303	1138	1436	1480	2534	1724	2528	1873	1320	1196	1629	1582	1661	1588	1351	2047	1653	1419	1893	1955	507	1887	1873	1033	793	1731	1490	1647	1217	1795	1023	1501	1450	1591	1670	1575	1459	1622	318	1573	1570	1474	1954	1634	1138	1868	2443	1443
197	202	534	190	373	1671	1262	941	257	255	241	240	275	354	130	549	611	534	414	3845	337	168	407	1341	2008	231	888	174	1670	0	441	1702	435	461	1751	443	216	13	708	237	1276	287	206	1072	114	1641	1262	27	185	300	184	626	1993	200	273	319	36	383	3	186	1580	301	1039	186	209	631	1000	202	540	1146	1081	2740	1402	199	1341	956	601	49	1075	1176	293	2222	1074	210	241	35	134	191	1599	137	189	240	168	97	477	190	3748	43	653	472	332	130	195	1462	1094	1129	611	534	180	306	529	1031	1599	601	1223	2459	1674	4269	218	176	313	1015	487	253	314	283	131	348	448	606	1488	16	923	1079	1145	124	283	43	20	132	1324	33	972	323	206	194	691	212	1146	8	293	50	1081	287	333	283	307	125	36	632	1253	277	573	331	484	601	231	1193	1262	308	1298	759	149	293	620	1869	218	719	180	637	329	233	923	447	473	496	937	59	62	606	311	1295	314	97	253	1500	218	290	180	1525	177	481	407	349	448	195	452	237	1143	65	1066	379	194	626	267	1152	0	626	596	295	307	475	232	332	243	394	290	446	307	435	2078	341	308	122	178	275	139	611	407	238	181	1311	679	487	623	951	192	887	206	435	473	170	727	178	916	521	397	1651	464	227	1615	2017	1227	206	728	885	309	608	195	1354	197	647	305	240	259	27	94	237	1174	1976	99	101	220	459	282	531	201	855	268
529	594	342	599	560	1426	918	1271	246	346	268	280	608	794	454	961	181	342	793	3744	761	360	705	962	2165	431	1201	521	1341	441	0	1653	597	203	1881	23	433	436	1143	390	1492	389	440	872	480	1247	918	432	335	385	349	675	1586	612	597	728	470	467	439	350	1306	151	858	625	620	387	834	612	856	883	843	2624	1387	242	962	779	806	414	789	1350	470	2111	1332	592	378	471	487	249	1184	485	544	380	519	529	773	352	3680	456	383	235	357	454	327	1668	1343	895	339	298	347	161	780	767	1184	806	1392	2398	1410	4118	612	311	642	1043	659	269	432	389	488	767	126	324	1777	433	589	874	903	435	389	423	432	454	1512	466	935	735	600	594	928	558	1415	436	627	466	720	389	750	350	638	425	460	783	1494	615	349	426	270	690	274	910	918	718	1282	913	537	515	363	1721	612	879	348	566	771	274	589	16	286	669	919	451	461	758	722	1296	725	529	628	1453	605	414	595	1585	528	908	705	656	126	620	763	390	878	458	789	146	594	675	401	1171	441	376	780	183	638	327	274	357	259	707	388	594	638	597	1932	162	640	554	346	608	571	775	705	626	326	1185	245	659	814	1192	602	1197	600	37	286	321	955	346	1118	104	737	1755	623	617	1812	1628	1477	600	626	633	390	806	327	1369	633	379	167	379	258	425	366	390	1348	1628	351	352	390	886	615	326	595	1101	414
