NAME : VRPTW_INSTANCE_275.txt
COMMENT : Bangkok Supermarket
TYPE : VRPTW
DIMENSION : 202
DAYS : Monday
EDGE_WEIGHT_TYPE : EXPLICIT
VEHICLES : 29
EDGE_WEIGHT_FORMAT : FULL_MATRIX
CAPACITY : 1000
EDGE_WEIGHT_SECTION
0	426	330	379	961	264	850	345	1116	309	582	437	773	2195	1034	998	283	312	830	102	650	1133	639	196	335	584	539	983	1994	436	1199	214	977	737	288	223	215	203	464	225	25	348	1322	330	202	1727	252	322	365	351	199	1918	414	165	735	835	1003	995	843	908	103	196	411	255	642	394	995	189	367	363	556	1058	976	1911	834	309	474	830	220	214	1144	1727	215	618	1054	437	1213	206	488	135	747	442	123	33	97	97	378	3872	177	3235	410	1688	1272	309	309	1256	582	170	346	1480	1317	2033	170	124	1994	207	388	226	2021	195	333	568	1092	91	1549	90	495	420	362	1994	150	419	118	2192	815	1727	888	156	14	979	1321	682	744	178	909	25	373	154	1001	283	437	967	417	534	1005	347	381	865	575	499	2516	128	101	530	407	568	835	975	590	501	153	549	258	368	369	1562	368	51	407	650	1541	547	904	470	1033	88	1825	642	617	1089	410	283	639	1723	155	981	1727	584	97	506	1190	418
426	0	102	78	1067	401	517	95	1501	672	904	98	884	2543	687	1050	624	142	1229	324	224	1308	609	545	754	570	270	1003	1887	98	1607	212	1371	888	157	580	243	311	748	237	428	91	1452	689	628	1911	342	110	100	716	437	2112	460	554	387	653	1032	1087	962	1036	528	545	799	499	321	182	1087	529	59	85	547	1446	582	2081	892	452	579	1229	241	244	1159	1911	211	281	1453	85	1488	469	513	477	1153	452	549	398	450	450	724	4035	355	3574	176	1640	1499	452	452	1658	904	366	761	1745	1234	1891	366	474	1887	241	383	259	1821	451	138	150	1515	371	1579	515	144	789	371	1887	514	641	544	2541	1063	1911	464	348	418	1000	1220	925	670	355	1178	428	91	578	1089	624	89	1079	778	279	950	94	100	1161	310	148	2822	471	325	140	18	534	1135	1276	586	497	448	922	243	364	366	1555	364	463	798	728	1591	141	1302	607	1109	456	2131	797	211	1123	16	524	275	1604	469	1080	1911	214	450	155	1178	15
330	102	0	53	1059	353	560	19	1424	595	841	163	871	2479	739	992	551	108	1146	231	322	1229	621	468	653	576	330	1014	1935	163	1522	122	1291	865	105	478	141	250	691	135	330	19	1383	614	533	1890	295	65	51	639	372	2090	383	452	434	706	1042	1082	949	1022	431	468	718	439	401	138	1082	452	57	37	550	1367	656	2064	829	409	499	1146	139	142	1174	1890	120	365	1371	155	1442	402	506	396	1068	444	452	301	348	348	652	4024	288	3514	143	1673	1465	409	409	1575	841	264	671	1703	1273	1948	264	392	1935	138	310	158	1830	349	58	253	1422	285	1594	418	179	713	293	1935	411	547	447	2477	1020	1890	557	276	321	1011	1263	833	632	288	1132	330	53	484	1085	551	157	1069	704	335	914	22	67	1107	315	184	2771	368	231	234	86	544	1080	1222	591	496	373	819	146	288	290	1579	288	364	716	658	1601	241	1220	578	1108	355	2079	771	312	1133	85	426	366	1653	393	1073	1890	267	348	192	1135	100
379	78	53	0	1101	403	508	34	1476	648	894	166	914	2532	686	978	604	149	1199	282	279	1230	655	520	697	612	339	1049	1954	166	1573	175	1343	911	153	514	178	301	743	170	377	33	1377	667	581	1936	344	106	21	692	424	2136	382	493	382	721	1077	1123	992	1065	478	520	771	491	398	110	1123	505	70	15	587	1420	603	2109	818	458	501	1199	175	179	1208	1936	172	359	1423	155	1493	455	546	449	1120	484	500	348	390	390	705	4068	341	3567	108	1699	1514	458	458	1627	894	297	722	1753	1296	1962	297	444	1954	179	305	189	1787	380	61	224	1471	338	1627	466	127	766	293	1954	451	563	495	2530	1070	1936	510	329	369	1046	1284	847	606	341	1183	377	12	533	1126	604	158	1112	757	347	887	31	24	1159	270	131	2823	407	281	219	70	578	1132	1274	627	534	426	853	169	286	288	1609	286	410	768	651	1637	218	1272	625	1147	397	2131	817	287	1168	63	449	354	1671	446	1114	1936	214	390	139	1112	85
961	1067	1059	1101	0	733	1576	1077	1015	747	581	980	190	1729	1730	1959	729	952	932	957	1193	2071	479	787	1091	504	860	205	1171	979	1221	983	982	229	954	1150	1073	841	557	1080	987	1074	2272	733	957	855	781	995	1109	737	767	1059	1356	1081	1446	652	184	45	117	68	978	787	787	706	915	1196	45	787	1034	1090	523	994	1581	1016	1794	675	1433	932	1077	1072	272	855	987	940	1062	992	622	755	554	829	945	616	968	981	1058	1058	692	2968	827	2692	1202	809	523	675	675	1216	581	1113	893	803	570	1261	1113	841	1171	1056	1308	1102	2887	1157	1111	1086	1316	898	602	974	1211	731	1283	1171	1093	1375	970	1729	364	855	1387	851	973	204	612	1611	1668	826	439	987	1107	939	55	729	989	18	709	844	1944	1079	1123	516	1370	1215	1885	1086	961	1022	1057	542	519	572	486	570	809	1358	1124	1285	1286	646	1285	997	797	1610	584	1054	967	498	95	1046	1238	320	1070	202	1067	1244	989	951	806	24	855	1277	1058	1223	2144	1052
264	401	353	403	733	0	911	373	1120	311	507	350	542	2143	1086	1237	257	260	864	228	600	1395	374	208	544	319	363	728	1730	349	1246	255	999	523	251	487	340	110	347	347	289	371	1580	323	382	1544	59	299	404	351	84	1742	625	423	782	584	751	762	617	688	331	208	446	110	471	480	762	193	349	389	291	1067	981	1721	1071	58	710	864	345	340	891	1544	259	461	1085	358	1090	108	223	178	801	178	337	272	360	360	346	3684	97	3174	490	1428	1112	58	58	1288	507	387	451	1350	1053	1768	387	186	1730	324	575	369	2176	446	396	493	1191	180	1303	321	528	420	550	1730	414	678	335	2141	667	1544	839	121	272	725	1056	947	935	96	779	289	406	336	766	257	356	741	403	351	1211	375	420	760	666	533	2422	392	233	435	385	304	734	875	325	236	135	793	392	552	553	1308	552	313	448	887	1300	464	935	236	794	352	1731	427	518	839	393	540	498	1458	151	750	1544	611	360	541	1414	386
850	517	560	508	1576	911	0	540	1966	1145	1400	597	1397	3036	184	884	1105	652	1680	770	404	1244	1104	1019	1114	1073	727	1492	2272	598	2044	676	1827	1404	659	898	635	810	1251	625	839	541	1316	1165	1039	2425	852	611	510	1189	932	2627	581	909	130	1071	1523	1592	1475	1549	934	1019	1259	999	709	457	1592	1005	562	523	1052	1908	221	2592	776	965	666	1680	630	636	1641	2425	672	672	1903	584	2001	962	1026	946	1594	966	958	816	821	821	1207	4541	849	4073	441	2074	2016	965	965	2104	1400	707	1193	2260	1664	2248	707	940	2272	646	536	624	1332	757	529	498	1912	833	2054	924	382	1262	552	2272	862	810	952	3034	1577	2425	359	835	837	1489	1638	1019	486	849	1691	839	507	998	1594	1105	588	1589	1255	742	677	538	493	1668	278	377	3331	824	767	558	530	1035	1640	1782	1090	1007	929	1180	592	541	541	2015	541	865	1256	701	2074	527	1753	1124	1610	833	2640	1314	532	1613	521	772	631	1990	947	1587	2425	302	821	369	909	532
345	95	19	34	1077	373	540	0	1442	614	860	167	889	2498	719	981	570	125	1164	248	309	1224	637	486	666	593	338	1031	1947	167	1539	141	1309	885	124	486	149	269	710	143	344	5	1375	633	548	1910	314	82	31	658	391	2109	377	463	415	716	1058	1100	968	1041	445	486	736	458	404	122	1100	471	62	18	567	1386	637	2083	820	429	494	1164	147	150	1190	1910	138	367	1389	158	1462	422	524	415	1085	461	467	315	359	359	672	4043	308	3534	125	1687	1485	429	429	1593	860	271	688	1723	1286	1957	271	410	1947	149	302	164	1812	355	49	246	1437	303	1610	433	160	732	287	1947	422	548	462	2496	1040	1910	543	295	336	1027	1275	833	618	308	1151	344	33	500	1103	570	160	1088	722	344	900	2	47	1127	296	165	2791	379	247	232	81	560	1100	1242	608	513	392	827	148	281	283	1594	281	378	734	650	1618	236	1238	597	1126	367	2099	790	307	1149	78	429	366	1665	412	1091	1910	248	359	173	1122	96
1116	1501	1424	1476	1015	1120	1966	1442	0	829	627	1467	991	1104	2150	1874	876	1360	294	1198	1715	1784	1227	956	914	1201	1466	1208	2126	1467	215	1301	148	912	1343	1123	1330	1191	789	1340	1127	1443	2005	811	935	1145	1173	1390	1468	785	1066	1257	1469	1085	1849	1503	1195	1056	974	957	1036	956	707	1011	1569	1509	1056	972	1443	1461	1195	59	2080	1324	1744	1085	1466	294	1335	1329	1279	1145	1304	1568	120	1474	559	1033	1157	1027	389	1183	1013	1149	1155	1155	777	3112	1145	2143	1525	1749	752	1085	1085	201	627	1268	778	724	1584	2241	1268	1032	2126	1320	1474	1342	3059	1239	1442	1612	413	1139	1461	1046	1601	711	1450	2126	1130	1325	1019	1101	664	1145	1957	1152	1128	1206	1627	1393	1784	1145	576	1127	1474	971	1066	876	1473	1001	723	1452	1990	1444	1485	502	1690	1605	1494	1160	1200	1555	1483	1227	507	448	1187	1191	1052	1042	1374	1460	1460	1562	1460	1104	710	1597	1404	1583	225	1013	1102	1142	848	925	1638	1213	1489	1268	1610	1944	1032	1035	1145	1690	1155	1613	2104	1488
309	672	595	648	747	311	1145	614	829	0	275	645	578	1891	1328	1261	54	532	559	375	889	1330	582	127	345	532	675	825	1869	644	940	473	699	518	515	426	513	364	192	522	328	615	1536	21	214	1444	356	561	641	44	242	1630	715	360	1025	844	836	788	633	684	267	127	134	203	783	689	788	143	614	632	511	773	1251	1632	1102	297	756	559	518	512	975	1444	476	773	782	651	908	210	446	199	490	438	249	342	380	380	71	3587	318	2930	704	1532	981	297	297	987	275	478	168	1176	1203	1932	478	205	1869	500	696	529	2328	482	617	789	879	312	1349	270	773	117	670	1869	388	661	253	1888	528	1444	1131	323	323	821	1220	870	1046	318	610	328	646	210	796	54	649	748	110	663	1298	616	657	558	876	778	2207	398	378	735	654	538	529	667	528	476	223	615	561	677	678	1385	677	317	136	924	1329	762	631	340	832	366	1515	438	822	911	660	548	809	1615	203	770	1444	862	380	786	1467	660
582	904	841	894	581	507	1400	860	627	275	0	857	461	1639	1580	1525	301	761	417	638	1107	1564	616	389	561	584	841	717	1749	856	782	723	525	381	748	691	777	593	163	786	602	860	1777	254	472	1183	564	797	890	238	469	1363	991	629	1275	896	718	627	486	513	541	389	235	404	942	948	627	401	849	878	574	580	1486	1372	1370	465	1029	417	782	776	843	1183	727	943	614	866	633	438	531	460	394	555	522	614	655	655	204	3320	552	2673	962	1391	714	465	465	811	0	752	352	901	1114	1832	752	469	1749	763	970	796	2603	757	871	1000	796	571	1168	545	1021	188	944	1749	660	926	526	1637	277	1183	1346	565	596	714	1143	1109	1322	552	340	602	894	481	636	301	863	576	177	826	1572	863	906	283	1137	1025	1938	673	641	940	887	606	253	392	571	565	472	811	827	951	952	1226	951	593	245	1194	1137	970	476	388	676	641	1245	346	1020	774	894	821	986	1517	455	606	1183	1107	655	1033	1736	890
437	98	163	166	980	350	597	167	1467	645	857	0	799	2491	759	1144	593	125	1204	335	250	1391	515	522	772	478	173	908	1789	0	1585	229	1343	809	149	619	293	281	697	290	445	162	1542	660	633	1828	294	124	185	687	403	2030	544	583	467	556	938	997	878	951	540	522	777	457	238	276	997	505	105	166	456	1414	636	1995	984	394	661	1204	292	293	1063	1828	230	202	1427	13	1422	435	429	460	1134	370	558	415	481	481	690	3947	328	3519	271	1541	1424	394	394	1631	857	415	752	1675	1136	1796	415	459	1789	285	469	316	1912	501	216	144	1508	366	1482	527	238	760	454	1789	548	709	554	2490	996	1828	489	328	432	905	1122	996	768	327	1114	445	178	582	999	593	9	992	746	182	1048	167	190	1104	407	242	2758	506	337	93	98	442	1078	1218	495	409	425	963	308	448	450	1458	448	481	777	816	1496	117	1276	535	1017	485	2070	720	181	1029	106	584	209	1506	446	991	1828	297	481	249	1276	85
773	884	871	914	190	542	1397	889	991	578	461	799	0	1817	1555	1770	554	764	856	766	1022	1891	321	605	923	333	692	257	1300	799	1184	792	932	82	766	967	882	651	397	889	799	887	2088	566	782	1028	591	808	921	574	578	1231	1165	898	1266	549	262	222	78	152	795	605	637	518	758	1008	222	603	848	903	349	960	1414	1196	1605	484	1244	856	886	881	398	1028	797	779	1017	812	700	566	370	642	850	432	787	792	870	870	530	3153	636	2806	1014	955	648	484	484	1191	461	923	733	920	653	1375	923	654	1300	865	1117	911	2701	968	922	912	1243	708	779	791	1027	580	1092	1300	908	1189	788	1816	332	1028	1226	660	785	254	682	1431	1477	635	443	799	920	760	228	554	808	199	557	675	1753	891	936	493	1184	1031	2012	899	771	848	873	372	485	581	315	390	620	1193	933	1094	1095	807	1094	810	646	1421	768	881	902	307	260	859	1345	140	902	332	883	1057	828	1059	618	208	1028	1096	870	1039	1954	868
2195	2543	2479	2532	1729	2143	3036	2498	1104	1891	1639	2491	1817	0	3217	2970	1930	2400	1397	2267	2741	2844	2126	2017	2018	2121	2449	1927	2476	2491	1123	2360	1253	1762	2387	2224	2404	2233	1795	2413	2209	2499	3063	1871	2028	1178	2201	2436	2527	1847	2108	1099	2568	2183	2913	2364	1900	1750	1760	1704	2125	2017	1785	2043	2538	2580	1750	2030	2488	2517	2125	1164	3125	1227	2846	2097	2569	1397	2409	2403	1908	1178	2363	2548	1199	2501	1116	2076	2110	2089	1493	2154	2102	2228	2245	2245	1828	2325	2191	1041	2595	2141	1215	2097	2097	1040	1639	2355	1870	940	2186	2631	2355	2096	2476	2392	2568	2419	4163	2335	2506	2631	1365	2202	1834	2133	2659	1775	2543	2476	2226	2429	2108	5	1519	1178	2975	2203	2208	1927	2242	2485	2887	2191	1397	2210	2532	2059	1756	1930	2498	1711	1781	2433	3094	2501	2544	1390	2767	2664	497	2253	2269	2570	2526	2155	1414	1277	2103	2142	2107	2135	2451	2552	2552	1969	2552	2190	1790	2701	1760	2600	1330	1975	1775	2232	511	1822	2645	1865	2533	2369	2595	2411	2088	1738	1178	2746	2245	2672	3202	2529
1034	687	739	686	1730	1086	184	719	2150	1328	1580	759	1555	3217	0	972	1287	826	1864	953	539	1349	1254	1201	1296	1226	872	1634	2359	760	2228	857	2011	1568	835	1079	819	988	1429	809	1023	719	1395	1348	1223	2584	1026	787	690	1372	1111	2786	755	1093	304	1191	1666	1744	1633	1707	1119	1201	1443	1177	837	640	1744	1187	736	701	1208	2092	198	2747	888	1138	831	1864	814	820	1777	2584	853	804	2087	747	2175	1142	1187	1129	1779	1129	1142	1000	1005	1005	1389	4687	1027	4253	624	2184	2183	1138	1138	2288	1580	891	1377	2432	1776	2324	891	1122	2359	829	715	808	1218	940	711	644	2095	1015	2185	1108	559	1445	732	2359	1045	980	1137	3215	1750	2584	411	1015	1022	1631	1746	1169	606	1028	1865	1023	686	1182	1745	1287	750	1744	1438	888	738	717	673	1845	462	554	3508	1008	950	708	701	1188	1818	1960	1245	1165	1110	1353	776	721	722	2137	721	1049	1440	841	2209	676	1938	1292	1759	1017	2816	1479	666	1754	693	951	759	2080	1129	1740	2584	474	1005	546	954	702
998	1050	992	978	1959	1237	884	981	1874	1261	1525	1144	1770	2970	972	0	1257	1089	1590	1009	1131	389	1589	1183	990	1538	1318	1965	2927	1144	1855	1013	1726	1736	1074	835	915	1136	1445	911	973	986	431	1281	1053	2705	1199	1053	959	1290	1192	2889	619	900	909	1698	1988	1993	1842	1907	997	1183	1299	1253	1368	868	1993	1180	1043	979	1509	1815	1104	2893	166	1291	527	1590	912	916	2128	2705	1009	1328	1772	1133	2147	1204	1450	1132	1493	1393	1012	978	903	903	1331	4845	1140	3998	874	2653	2239	1291	1291	1935	1525	850	1184	2413	2260	2939	850	1120	2927	931	685	884	1238	802	933	1156	1639	1063	2540	998	943	1338	706	2927	877	599	1009	2967	1789	2705	1219	1116	986	1961	2252	488	412	1141	1865	973	966	1050	1998	1257	1136	1965	1347	1325	256	981	954	1802	798	942	3365	876	1004	1181	1047	1511	1772	1898	1548	1452	1150	835	872	708	706	2543	708	966	1290	350	2536	1167	1651	1464	2028	915	2694	1641	1220	2077	1039	718	1310	2645	1154	1979	2705	952	903	940	232	1061
283	624	551	604	729	257	1105	570	876	54	301	593	554	1930	1287	1257	0	484	610	338	840	1342	534	88	374	484	620	794	1837	593	992	430	749	499	467	427	477	314	188	486	304	570	1545	67	228	1452	303	514	598	94	190	1640	695	359	983	793	808	769	613	669	259	88	188	148	728	650	769	100	566	588	461	821	1205	1638	1096	242	744	610	482	475	948	1452	433	719	833	600	930	158	395	160	544	385	245	314	363	363	101	3596	268	2968	665	1504	992	242	242	1038	301	453	215	1197	1167	1895	453	168	1837	463	671	495	2304	466	575	738	934	272	1330	259	730	166	645	1837	380	660	248	1928	536	1452	1081	276	297	791	1183	882	1026	269	627	304	603	211	776	0	598	731	153	608	1283	572	614	582	839	735	2238	385	341	683	606	487	553	693	480	424	177	644	526	651	652	1361	651	299	191	916	1313	710	682	298	811	349	1546	414	769	885	613	540	755	1579	158	751	1452	818	363	743	1459	612
312	142	108	149	952	260	652	125	1360	532	761	125	764	2400	826	1089	484	0	1091	210	357	1310	514	407	647	468	255	906	1837	124	1470	109	1232	761	24	500	190	169	605	190	320	122	1471	549	508	1786	200	43	156	576	295	1986	473	460	523	615	934	974	843	916	415	407	662	356	344	247	974	391	89	138	442	1305	725	1959	925	312	583	1091	191	190	1066	1786	110	314	1315	126	1349	327	398	341	1018	336	433	290	360	360	583	3918	215	3432	251	1570	1366	312	312	1519	761	305	631	1608	1172	1854	305	339	1837	178	404	218	1936	390	164	261	1387	242	1486	402	270	649	384	1837	427	610	428	2398	925	1786	599	210	307	903	1163	897	738	214	1039	320	156	458	978	484	126	962	637	256	1020	127	171	1020	419	275	2682	386	212	218	125	436	993	1135	483	388	309	842	221	381	383	1473	381	356	661	749	1493	238	1164	475	1000	362	1991	668	306	1025	133	478	330	1557	330	966	1786	351	360	282	1238	129
830	1229	1146	1199	932	864	1680	1164	294	559	417	1204	856	1397	1864	1590	610	1091	0	918	1448	1524	1033	683	620	998	1222	1101	2095	1203	381	1024	148	773	1072	829	1046	923	563	1056	840	1166	1745	543	644	1284	913	1118	1189	516	801	1427	1175	791	1566	1313	1095	978	861	866	747	683	429	753	1329	1224	978	700	1170	1183	986	234	1802	1472	1456	837	1171	0	1051	1045	1204	1284	1026	1323	224	1210	668	769	938	751	96	953	723	863	864	864	518	3336	877	2437	1241	1723	834	837	837	428	417	978	487	898	1495	2193	978	755	2095	1036	1181	1055	2766	946	1160	1348	387	861	1463	757	1321	444	1158	2095	836	1032	729	1394	569	1284	1690	881	842	1099	1531	1114	1490	877	532	840	1195	682	987	610	1208	922	461	1209	1698	1167	1205	438	1403	1325	1775	868	919	1294	1210	1018	425	455	986	972	781	766	1088	1167	1168	1545	1167	815	430	1305	1417	1321	73	798	1027	851	1109	757	1380	1135	1216	974	1362	1884	760	956	1284	1410	864	1333	1818	1217
102	324	231	282	957	228	770	248	1198	375	638	335	766	2267	953	1009	338	210	918	0	549	1176	591	250	437	538	446	956	1947	334	1291	112	1063	740	186	301	139	134	502	148	110	250	1356	396	303	1750	194	219	271	419	194	1944	399	254	651	762	979	987	840	909	206	250	491	262	546	313	987	237	266	266	509	1141	884	1931	843	283	482	918	143	137	1119	1750	113	520	1142	335	1260	215	445	178	837	392	225	80	160	160	439	3894	131	3305	328	1653	1305	283	283	1346	638	159	439	1525	1271	1979	159	170	1947	125	355	159	1979	224	243	465	1191	67	1531	192	403	492	329	1947	226	459	220	2264	849	1750	788	106	97	953	1272	738	718	132	951	110	278	254	992	338	335	964	485	442	989	250	287	915	500	407	2576	190	4	427	306	516	887	1028	546	452	169	639	189	333	334	1536	333	146	489	659	1528	445	991	458	1021	159	1883	644	514	1068	309	320	539	1672	183	975	1750	492	160	415	1187	316
650	224	322	279	1193	600	404	309	1715	889	1107	250	1022	2741	539	1131	840	357	1448	549	0	1433	715	764	976	690	333	1095	1880	251	1827	437	1589	1040	376	793	458	525	947	450	652	306	1553	906	853	2048	544	333	298	933	649	2251	607	773	286	668	1127	1205	1099	1172	752	764	1019	706	305	332	1205	748	283	293	673	1661	393	2209	986	644	726	1448	455	459	1240	2048	435	269	1672	242	1667	682	659	698	1375	604	773	622	669	669	938	4148	571	3767	316	1671	1659	644	644	1877	1107	576	985	1916	1261	1865	576	696	1880	458	531	468	1735	656	338	111	1739	594	1652	739	212	1006	528	1880	731	819	768	2740	1241	2048	242	567	642	1092	1237	1091	723	571	1360	652	289	803	1206	840	244	1207	993	349	984	307	287	1352	333	211	3002	687	549	175	243	652	1327	1467	708	634	666	1130	445	519	521	1611	519	686	1019	845	1673	143	1521	777	1219	676	2316	956	129	1215	239	718	227	1597	688	1202	2048	179	669	209	1220	233
1133	1308	1229	1230	2071	1395	1244	1224	1784	1330	1564	1391	1891	2844	1349	389	1342	1310	1524	1176	1433	0	1767	1285	1003	1713	1559	2114	3124	1391	1721	1215	1643	1842	1290	924	1121	1310	1522	1120	1108	1229	221	1347	1116	2739	1370	1282	1209	1349	1332	2909	848	993	1248	1923	2132	2110	1954	2011	1096	1285	1329	1381	1628	1129	2110	1288	1286	1226	1684	1729	1466	2930	468	1442	730	1524	1119	1121	2274	2739	1211	1589	1670	1382	2146	1335	1618	1253	1432	1568	1104	1122	1036	1036	1393	4850	1301	3848	1140	2821	2268	1442	1442	1805	1564	1023	1211	2402	2447	3154	1023	1242	3124	1134	924	1091	1523	952	1175	1435	1480	1215	2670	1101	1228	1378	937	3124	987	717	1102	2840	1840	2739	1556	1277	1123	2110	2448	460	758	1302	1895	1107	1217	1132	2117	1342	1385	2074	1394	1563	645	1224	1208	1818	1108	1227	3272	1004	1172	1447	1300	1693	1790	1900	1720	1627	1282	769	1089	944	941	2692	944	1089	1319	587	2656	1440	1573	1599	2151	1044	2629	1753	1501	2216	1294	857	1581	2849	1279	2093	2739	1257	1036	1227	538	1315
639	609	621	655	479	374	1104	637	1227	582	616	515	321	2126	1254	1589	534	514	1033	591	715	1767	0	538	892	55	382	394	1356	514	1397	575	1139	363	523	860	673	458	476	677	663	633	1947	581	730	1334	397	555	667	602	447	1538	969	795	976	280	423	490	393	464	699	538	693	420	439	760	490	527	585	647	83	1186	1102	1494	1423	335	1066	1033	676	673	552	1334	580	462	1228	528	1014	455	151	538	999	199	701	645	734	734	570	3436	466	3124	762	1064	969	335	335	1420	616	749	749	1240	680	1394	749	548	1356	657	908	704	2427	815	678	609	1406	553	972	691	752	644	885	1356	789	1050	700	2125	611	1334	909	490	647	391	682	1321	1252	465	733	663	664	691	490	534	524	493	620	365	1534	638	679	760	919	756	2333	766	596	547	601	78	743	863	54	139	500	1153	718	884	886	959	884	687	700	1241	982	578	1093	246	505	727	1662	310	591	514	611	910	510	1084	510	487	1334	811	734	763	1749	593
196	545	468	520	787	208	1019	486	956	127	389	522	605	2017	1201	1183	88	407	683	250	764	1285	538	0	353	484	567	834	1868	522	1063	345	825	559	388	362	389	241	268	398	219	487	1484	146	192	1532	242	435	513	171	128	1722	611	293	898	779	850	825	670	730	190	0	255	119	676	563	825	16	487	505	459	900	1123	1717	1020	214	665	683	394	387	992	1532	349	662	908	527	1017	100	390	72	611	366	181	227	282	282	188	3677	194	3055	578	1545	1075	214	214	1112	389	367	242	1284	1194	1920	367	80	1868	375	584	407	2217	385	489	666	990	185	1384	187	646	245	558	1868	307	590	183	2014	619	1532	1006	197	210	831	1206	826	941	194	713	219	519	159	831	88	526	791	236	557	1201	489	530	670	751	651	2327	306	253	614	527	481	640	781	484	414	97	617	438	564	565	1408	564	218	254	838	1371	639	756	322	865	269	1634	468	701	932	533	464	695	1606	76	808	1532	735	282	659	1381	534
335	754	653	697	1091	544	1114	666	914	345	561	772	923	2018	1296	990	374	647	620	437	976	1003	892	353	0	838	869	1168	2211	772	948	546	766	863	623	219	520	524	533	528	327	669	1216	358	163	1740	557	655	680	354	460	1915	566	207	1015	1128	1181	1132	977	1027	233	353	325	472	974	682	1132	364	697	682	813	854	1270	1930	846	564	551	620	523	519	1320	1740	546	952	828	772	1161	443	743	366	524	715	218	358	308	308	399	3866	486	3058	701	1877	1268	564	564	1017	561	415	208	1425	1541	2269	415	359	2211	517	586	516	2145	356	643	900	798	415	1693	246	799	375	566	2211	254	412	221	2015	837	1740	1207	472	339	1165	1555	549	871	487	894	327	689	208	1140	374	772	1091	392	862	1079	668	694	822	837	803	2387	295	435	864	736	834	793	912	838	766	409	270	545	576	576	1731	576	292	316	687	1671	881	689	668	1177	299	1708	783	951	1256	738	360	974	1953	393	1114	1740	884	308	810	1212	748
584	570	576	612	504	319	1073	593	1201	532	584	478	333	2121	1226	1538	484	468	998	538	690	1713	55	484	838	0	358	437	1411	478	1366	525	1109	364	476	805	623	405	437	627	608	589	1894	532	676	1358	343	511	623	554	392	1561	918	740	943	318	465	519	409	482	644	484	647	366	427	715	519	474	543	604	28	1158	1080	1520	1371	280	1014	998	626	622	598	1358	530	446	1198	491	1013	400	96	483	961	145	646	591	679	679	525	3468	412	3125	718	1116	979	280	280	1392	584	695	699	1247	734	1449	695	493	1411	606	858	653	2391	761	633	582	1367	498	1017	636	714	600	835	1411	734	995	645	2120	602	1358	892	436	592	434	737	1266	1205	411	724	608	620	637	521	484	488	517	576	342	1486	594	636	745	878	718	2339	711	542	518	562	38	726	851	18	86	445	1099	669	834	836	1008	834	632	653	1189	1025	550	1060	203	539	672	1664	299	569	556	571	856	494	1139	455	514	1358	776	679	725	1701	554
539	270	330	339	860	363	727	338	1466	675	841	173	692	2449	872	1318	620	255	1222	446	333	1559	382	567	869	358	0	764	1616	173	1603	361	1353	716	278	746	445	345	677	444	554	333	1713	686	716	1715	325	277	358	713	439	1918	714	700	600	382	796	872	768	841	637	567	809	472	108	450	872	551	275	339	343	1416	722	1876	1157	385	829	1222	445	445	914	1715	364	102	1440	185	1355	468	340	519	1163	294	651	525	604	604	704	3815	387	3465	445	1374	1335	385	385	1642	841	560	809	1598	967	1622	560	523	1616	433	640	472	2056	644	387	229	1554	454	1330	624	402	780	624	1616	671	865	647	2447	933	1715	537	397	539	761	951	1152	941	386	1055	554	351	665	872	620	182	874	762	16	1220	338	364	1059	571	405	2688	633	449	170	271	320	1036	1171	377	311	478	1086	470	619	621	1298	619	589	811	988	1347	199	1292	474	886	605	2007	638	210	885	280	733	146	1333	498	868	1715	444	604	410	1449	258
983	1003	1014	1049	205	728	1492	1031	1208	825	717	908	257	1927	1634	1965	794	906	1101	956	1095	2114	394	834	1168	437	764	0	1046	908	1410	959	1165	335	914	1191	1055	829	651	1060	1008	1027	2305	814	1020	991	766	948	1061	825	783	1193	1349	1122	1365	489	33	177	240	252	1020	834	893	733	799	1153	177	829	979	1041	464	1183	1471	1133	1799	676	1438	1101	1059	1055	162	991	964	830	1248	922	826	779	516	860	1102	576	1015	997	1080	1080	782	3053	826	2877	1156	711	714	676	676	1409	717	1116	985	994	397	1117	1116	872	1046	1038	1292	1085	2819	1173	1071	994	1488	907	580	1014	1147	836	1268	1046	1126	1402	1015	1927	547	991	1266	850	993	3	429	1658	1642	825	635	1008	1058	993	170	794	918	222	812	749	1923	1032	1073	706	1313	1151	2064	1111	961	934	996	471	704	772	423	520	831	1438	1103	1268	1270	580	1268	1025	902	1615	587	964	1143	515	156	1071	1431	391	967	120	1006	1265	876	801	834	191	991	1203	1080	1157	2135	988
1994	1887	1935	1954	1171	1730	2272	1947	2126	1869	1749	1789	1300	2476	2359	2927	1837	1837	2095	1947	1880	3124	1356	1868	2211	1411	1616	1046	0	1789	2341	1919	2125	1373	1853	2213	2016	1813	1696	2019	2019	1942	3301	1860	2058	1299	1753	1873	1971	1871	1798	1411	2310	2146	2165	1234	1038	1125	1264	1239	2046	1868	1938	1759	1588	2064	1125	1862	1886	1951	1439	2118	2165	1287	2763	1686	2415	2095	2019	2016	906	1299	1923	1629	2196	1801	1604	1800	1506	1884	2115	1555	2045	2002	2090	2090	1828	2680	1823	3207	2061	377	1415	1686	1686	2317	1749	2103	2031	1610	677	165	2103	1895	0	2001	2241	2047	3576	2172	1994	1813	2472	1909	679	2039	2014	1881	2221	0	2143	2406	2045	2478	1527	1299	1948	1847	2003	1049	676	2677	2557	1822	1571	2019	1965	2027	1115	1837	1798	1178	1857	1607	2836	1947	1978	1662	2181	2017	2400	2122	1952	1771	1887	1430	1671	1683	1404	1496	1850	2481	2056	2219	2221	564	2219	2041	1947	2585	748	1793	2122	1546	1075	2082	1976	1437	1760	975	1896	2267	1659	283	1857	1146	1299	2039	2090	2021	3065	1874
436	98	163	166	979	349	598	167	1467	644	856	0	799	2491	760	1144	593	124	1203	334	251	1391	514	522	772	478	173	908	1789	0	1584	229	1342	808	148	619	293	280	696	289	444	162	1542	660	633	1827	294	124	185	687	402	2029	544	583	467	555	938	997	877	951	540	522	776	456	238	276	997	505	105	166	456	1413	637	1995	984	393	661	1203	292	293	1063	1827	229	203	1426	13	1422	434	428	459	1133	369	558	414	481	481	689	3946	327	3518	271	1541	1423	393	393	1631	856	415	752	1675	1136	1796	415	458	1789	285	469	316	1913	501	216	145	1507	365	1482	526	239	759	454	1789	547	709	553	2489	996	1827	490	327	432	905	1121	995	768	327	1114	445	178	582	999	593	9	992	745	182	1049	167	190	1103	408	243	2757	506	336	94	98	441	1078	1218	495	409	424	962	308	448	450	1457	448	480	776	816	1495	117	1276	534	1017	484	2069	719	182	1028	106	583	210	1506	446	991	1827	298	481	249	1276	85
1199	1607	1522	1573	1221	1246	2044	1539	215	940	782	1585	1184	1123	2228	1855	992	1470	381	1291	1827	1721	1397	1063	948	1366	1603	1410	2341	1584	0	1399	257	1103	1451	1167	1415	1303	938	1424	1207	1541	1940	924	1004	1341	1295	1496	1562	897	1182	1439	1514	1140	1934	1676	1399	1264	1173	1161	1109	1063	808	1135	1709	1592	1264	1079	1548	1557	1357	227	2175	1514	1739	1218	1494	381	1419	1413	1488	1341	1402	1704	168	1590	771	1150	1312	1129	453	1331	1086	1232	1223	1223	900	3245	1257	2143	1609	1964	965	1218	1218	84	782	1337	853	913	1791	2455	1337	1132	2341	1406	1530	1422	3068	1296	1532	1729	256	1237	1677	1120	1694	826	1508	2341	1187	1345	1092	1119	863	1341	2070	1260	1210	1408	1833	1367	1814	1257	784	1207	1569	1047	1273	992	1589	1208	842	1590	1996	1541	1578	705	1766	1698	1558	1222	1292	1675	1588	1389	706	660	1353	1346	1161	1022	1454	1519	1518	1778	1519	1179	808	1608	1620	1702	311	1170	1310	1210	962	1105	1761	1421	1594	1309	1743	2157	1139	1243	1341	1783	1223	1706	2087	1596
214	212	122	175	983	255	676	141	1301	473	723	229	792	2360	857	1013	430	109	1024	112	437	1215	575	345	546	525	361	959	1919	229	1399	0	1168	778	84	391	98	145	577	102	218	142	1383	492	415	1799	201	108	167	517	257	1997	393	353	553	708	984	1009	869	940	317	345	595	326	453	229	1009	330	154	159	497	1245	778	1976	848	313	495	1024	101	97	1121	1799	4	424	1248	228	1333	286	442	274	945	382	337	188	251	251	532	3939	175	3396	241	1639	1365	313	313	1452	723	199	550	1596	1247	1941	199	269	1919	82	333	129	1921	283	147	354	1302	162	1538	304	300	591	309	1919	318	508	332	2358	914	1799	676	159	207	955	1243	794	686	175	1023	218	173	366	1014	430	228	992	582	361	965	143	184	994	418	305	2658	277	112	319	194	497	966	1108	537	440	252	734	144	309	311	1533	309	253	593	667	1541	335	1097	489	1039	255	1965	682	405	1074	197	373	438	1640	271	999	1799	389	251	313	1176	204
977	1371	1291	1343	982	999	1827	1309	148	699	525	1343	932	1253	2011	1726	749	1232	148	1063	1589	1643	1139	825	766	1109	1353	1165	2125	1342	257	1168	0	850	1214	976	1193	1063	682	1202	988	1310	1864	682	792	1225	1050	1260	1334	656	940	1353	1323	940	1712	1419	1156	1026	926	920	894	825	572	889	1458	1371	1026	841	1313	1327	1100	89	1947	1410	1596	968	1318	148	1197	1191	1253	1225	1171	1454	88	1349	617	907	1056	895	241	1076	871	1010	1012	1012	653	3236	1017	2291	1388	1750	800	968	968	289	525	1126	635	819	1552	2232	1126	899	2125	1183	1330	1203	2910	1094	1306	1487	352	1005	1475	904	1466	583	1306	2125	985	1176	877	1249	619	1225	1831	1022	989	1163	1591	1246	1637	1018	554	988	1340	830	1036	749	1348	970	597	1339	1841	1311	1350	467	1551	1471	1640	1016	1064	1432	1353	1132	463	447	1096	1090	923	896	1235	1316	1316	1567	1316	963	574	1449	1423	1459	77	913	1074	999	986	849	1517	1185	1359	1121	1494	1928	902	1005	1225	1556	1012	1479	1956	1359
737	888	865	911	229	523	1404	885	912	518	381	809	82	1762	1568	1736	499	761	773	740	1040	1842	363	559	863	364	716	335	1373	808	1103	778	850	0	760	921	863	634	331	871	763	882	2043	504	727	1025	576	804	916	510	548	1225	1139	852	1274	612	337	269	114	171	749	559	567	483	791	1000	269	559	848	899	374	880	1434	1199	1572	465	1211	773	868	863	467	1025	783	808	936	821	650	533	381	603	769	439	739	759	833	833	465	3161	614	2761	1008	1023	618	465	465	1112	381	894	668	882	732	1451	894	615	1373	847	1095	891	2696	933	914	930	1161	679	831	746	1029	510	1069	1373	866	1148	741	1762	258	1025	1253	636	750	332	763	1381	1457	613	375	763	917	710	277	499	817	232	487	699	1730	887	932	418	1181	1033	1974	860	745	865	876	401	407	511	346	406	586	1131	916	1072	1074	869	1072	771	576	1388	813	898	820	288	314	821	1299	96	925	400	885	1019	857	1136	581	251	1025	1102	833	1041	1925	872
288	157	105	153	954	251	659	124	1343	515	748	149	766	2387	835	1074	467	24	1072	186	376	1290	523	388	623	476	278	914	1853	148	1451	84	1214	760	0	475	169	154	594	170	296	122	1453	532	485	1785	192	48	156	558	280	1984	456	436	531	633	941	978	844	916	391	388	643	343	369	242	978	372	100	140	450	1288	739	1959	910	306	565	1072	171	170	1075	1785	86	339	1297	149	1341	312	402	321	998	340	409	265	335	335	567	3919	198	3420	248	1582	1361	306	306	1501	748	282	610	1601	1185	1871	282	319	1853	157	389	198	1936	367	157	283	1365	220	1494	378	277	632	368	1853	402	588	405	2385	918	1785	618	191	283	910	1178	875	728	198	1031	296	157	434	981	467	149	964	620	278	1010	126	172	1009	420	282	2672	361	187	242	139	445	982	1124	490	394	291	818	203	366	368	1483	366	331	642	732	1500	261	1145	473	1004	337	1981	666	329	1032	146	455	354	1573	312	969	1785	360	335	290	1227	145
223	580	478	514	1150	487	898	486	1123	426	691	619	967	2224	1079	835	427	500	829	301	793	924	860	362	219	805	746	1191	2213	619	1167	391	976	921	475	0	337	424	614	343	202	490	1121	446	218	1870	476	495	495	455	415	2054	348	69	804	1058	1209	1188	1033	1092	172	362	471	458	843	480	1188	364	529	501	777	1063	1062	2058	678	526	348	829	339	336	1351	1870	389	814	1042	616	1318	413	709	330	735	665	182	226	141	141	496	4010	401	3265	498	1900	1404	526	526	1234	691	217	363	1586	1536	2255	217	319	2213	339	367	325	1945	143	454	731	1016	314	1747	177	602	505	347	2213	75	235	180	2222	954	1870	1015	379	218	1187	1542	466	662	402	1031	201	504	216	1194	427	617	1154	513	743	889	488	506	970	622	605	2580	113	298	706	564	791	941	1071	810	723	363	343	349	358	357	1768	358	174	463	504	1734	717	899	675	1228	142	1895	831	788	1292	564	145	828	1944	357	1171	1870	683	141	611	1045	577
215	243	141	178	1073	340	635	149	1330	513	777	293	882	2404	819	915	477	190	1046	139	458	1121	673	389	520	623	445	1055	2016	293	1415	98	1193	863	169	337	0	231	640	9	208	153	1286	533	413	1880	292	170	160	556	326	2076	295	315	520	802	1080	1101	958	1029	308	389	624	396	529	178	1101	376	195	164	595	1273	762	2059	749	399	398	1046	4	1	1217	1880	93	495	1270	288	1398	350	538	316	963	479	331	182	212	212	577	4023	250	3443	195	1737	1439	399	399	1472	777	123	561	1663	1346	2038	123	309	2016	16	236	30	1844	209	123	394	1301	205	1634	296	282	628	212	2016	272	420	325	2402	985	1880	687	229	204	1051	1341	707	594	251	1089	208	169	368	1105	477	289	1081	623	446	872	151	174	1054	363	286	2715	229	135	373	227	595	1025	1167	634	537	307	678	52	213	215	1630	213	238	620	569	1635	382	1119	576	1132	220	2022	767	453	1170	227	291	502	1737	322	1090	1880	370	212	293	1079	241
203	311	250	301	841	110	810	269	1191	364	593	281	651	2233	988	1136	314	169	923	134	525	1310	458	241	524	405	345	829	1813	280	1303	145	1063	634	154	424	231	0	441	238	223	269	1489	380	370	1654	62	203	300	407	125	1852	520	368	683	633	852	870	727	797	294	241	495	189	452	372	870	224	255	287	376	1136	894	1832	970	168	611	923	235	230	991	1654	149	433	1147	286	1192	158	314	180	852	259	307	198	286	286	413	3794	46	3266	383	1521	1220	168	168	1351	593	290	474	1454	1137	1845	290	181	1813	214	467	260	2066	358	288	425	1229	112	1406	282	428	480	442	1813	349	593	303	2231	772	1654	767	52	206	825	1138	871	826	46	882	223	303	320	874	314	285	850	468	338	1103	272	317	857	559	433	2521	318	138	373	294	382	830	972	414	318	143	752	282	444	445	1407	444	254	495	787	1405	398	996	345	901	282	1829	537	461	942	301	454	461	1538	165	858	1654	514	286	441	1308	298
464	748	691	743	557	347	1251	710	789	192	163	697	397	1795	1429	1445	188	605	563	502	947	1522	476	268	533	437	677	651	1696	696	938	577	682	331	594	614	640	441	0	649	487	710	1728	176	406	1264	406	643	741	179	320	1454	879	546	1125	754	659	599	445	493	447	268	242	251	779	805	599	275	694	728	423	741	1329	1450	1284	303	932	563	645	639	795	1264	581	779	771	705	757	291	374	332	524	394	433	493	549	549	134	3409	403	2826	818	1352	807	303	303	970	163	633	337	1022	1039	1766	633	342	1696	625	849	662	2480	653	725	838	930	435	1159	447	869	186	823	1696	568	848	436	1794	350	1264	1184	418	478	647	1062	1062	1208	402	449	487	744	397	607	188	703	557	162	663	1469	713	757	416	995	874	2080	572	506	778	731	455	389	531	426	408	333	801	692	829	830	1200	829	485	251	1104	1138	808	628	234	645	536	1388	259	857	728	739	728	822	1450	319	580	1264	955	549	882	1647	733
225	237	135	170	1080	347	625	143	1340	522	786	290	889	2413	809	911	486	190	1056	148	450	1120	677	398	528	627	444	1060	2019	289	1424	102	1202	871	170	343	9	238	649	0	217	147	1284	543	422	1888	298	168	152	566	334	2084	291	323	510	803	1085	1108	965	1036	317	398	634	404	526	168	1108	385	190	157	599	1282	753	2067	746	406	396	1056	5	10	1222	1888	97	492	1280	284	1407	359	544	326	972	484	340	192	220	220	587	4030	258	3453	185	1741	1448	406	406	1482	786	128	571	1672	1349	2040	128	318	2019	24	231	28	1835	214	114	388	1310	215	1639	305	273	638	207	2019	280	421	335	2411	994	1888	678	237	213	1057	1343	708	588	259	1098	217	162	377	1112	486	286	1088	632	445	866	144	165	1063	353	277	2724	237	145	369	221	600	1035	1176	639	542	316	684	44	207	209	1635	207	247	630	566	1641	377	1129	583	1138	228	2032	774	448	1175	221	294	498	1740	332	1096	1888	361	220	284	1074	236
25	428	330	377	987	289	839	344	1127	328	602	445	799	2209	1023	973	304	320	840	110	652	1108	663	219	327	608	554	1008	2019	444	1207	218	988	763	296	202	208	223	487	217	0	347	1296	349	205	1750	274	327	363	369	225	1941	391	146	727	856	1028	1021	869	934	101	219	425	281	655	385	1021	212	371	362	580	1069	970	1935	809	334	449	840	212	207	1170	1750	218	630	1064	445	1234	232	512	160	755	466	123	30	72	72	398	3896	199	3250	402	1713	1295	334	334	1265	602	149	354	1502	1342	2057	149	148	2019	201	368	215	2000	170	328	572	1094	112	1574	88	490	436	342	2019	127	393	117	2207	838	1750	887	177	16	1005	1346	658	722	200	931	0	371	159	1027	304	445	992	435	549	982	346	378	885	563	494	2534	103	108	537	410	592	856	994	614	524	178	532	247	349	350	1588	349	35	420	625	1567	553	914	496	1058	63	1843	668	623	1114	412	258	649	1747	181	1007	1750	578	72	501	1165	421
348	91	19	33	1074	371	541	5	1443	615	860	162	887	2499	719	986	570	122	1166	250	306	1229	633	487	669	589	333	1027	1942	162	1541	142	1310	882	122	490	153	269	710	147	347	0	1380	633	550	1907	313	79	34	659	391	2107	382	467	415	711	1055	1097	965	1038	448	487	737	458	399	126	1097	472	57	18	564	1387	636	2081	825	427	499	1166	151	154	1186	1907	139	362	1390	153	1461	422	521	416	1087	458	470	318	363	363	672	4040	308	3534	129	1683	1483	427	427	1594	860	275	690	1721	1281	1953	275	411	1942	152	307	168	1814	360	54	241	1440	304	1606	435	160	732	292	1942	425	553	464	2496	1039	1907	540	295	339	1024	1270	838	622	308	1150	347	34	502	1100	570	155	1085	723	339	904	5	49	1126	298	165	2790	382	249	227	76	556	1099	1241	604	510	393	831	153	286	288	1590	286	381	735	655	1614	231	1239	595	1122	370	2098	788	302	1146	74	434	361	1660	412	1088	1907	248	363	173	1126	92
1322	1452	1383	1377	2272	1580	1316	1375	2005	1536	1777	1542	2088	3063	1395	431	1545	1471	1745	1356	1553	221	1947	1484	1216	1894	1713	2305	3301	1542	1940	1383	1864	2043	1453	1121	1286	1489	1728	1284	1296	1380	0	1554	1322	2955	1550	1440	1356	1557	1521	3127	999	1191	1340	2086	2324	2309	2154	2213	1294	1484	1542	1574	1773	1270	2309	1485	1437	1375	1865	1951	1534	3146	567	1629	888	1745	1284	1286	2466	2955	1379	1734	1891	1531	2365	1527	1801	1447	1653	1748	1303	1308	1224	1224	1601	5070	1484	4062	1279	3008	2483	1629	1629	2024	1777	1198	1424	2622	2626	3324	1198	1435	3301	1301	1073	1256	1382	1133	1326	1570	1698	1399	2867	1297	1357	1589	1089	3301	1180	902	1301	3058	2052	2955	1650	1459	1311	2301	2625	668	843	1484	2110	1296	1364	1334	2316	1545	1534	2275	1604	1718	658	1375	1353	2035	1221	1356	3493	1193	1351	1588	1447	1871	2006	2118	1902	1808	1473	988	1249	1094	1092	2884	1094	1280	1532	725	2855	1578	1795	1791	2349	1233	2850	1952	1634	2410	1440	1040	1721	3023	1472	2293	2955	1374	1224	1355	480	1462
330	689	614	667	733	323	1165	633	811	21	254	660	566	1871	1348	1281	67	549	543	396	906	1347	581	146	358	532	686	814	1860	660	924	492	682	504	532	446	533	380	176	543	349	633	1554	0	232	1424	370	579	660	27	257	1610	736	380	1044	846	825	774	619	669	288	146	123	214	794	709	774	161	631	651	512	756	1269	1612	1122	306	777	543	538	532	964	1424	495	785	766	667	887	225	448	218	477	443	270	363	401	401	50	3566	334	2909	724	1521	960	306	306	971	254	499	173	1155	1195	1924	499	225	1860	521	717	550	2349	503	636	805	869	332	1335	291	793	99	692	1860	408	681	274	1868	508	1424	1148	341	344	811	1213	887	1068	335	589	349	665	230	782	67	665	733	90	674	1319	635	677	537	896	797	2186	420	398	750	671	539	507	645	527	479	241	627	582	698	699	1372	698	339	126	944	1314	777	615	338	819	387	1494	426	836	899	678	569	822	1607	221	756	1424	881	401	805	1488	677
202	628	533	581	957	382	1039	548	935	214	472	633	782	2028	1223	1053	228	508	644	303	853	1116	730	192	163	676	716	1020	2058	633	1004	415	792	727	485	218	413	370	406	422	205	550	1322	232	0	1653	398	522	567	238	297	1836	541	160	930	964	1034	997	841	896	105	192	254	310	823	588	997	202	569	566	650	876	1175	1842	897	400	562	644	417	412	1175	1653	417	803	865	635	1100	280	581	204	556	552	81	233	220	220	281	3792	329	3070	606	1730	1186	400	400	1065	472	333	158	1368	1385	2112	333	197	2058	406	539	418	2153	306	534	768	889	268	1558	116	695	286	515	2058	199	453	87	2026	738	1653	1090	318	211	1016	1398	656	868	330	813	205	575	51	1004	228	634	958	294	708	1105	550	583	751	761	699	2371	225	303	727	610	671	722	853	677	603	247	424	449	524	524	1589	524	175	247	723	1540	746	717	512	1040	207	1683	642	814	1113	613	354	828	1797	230	979	1653	783	220	706	1264	620
