NAME : VRPTW_INSTANCE_30.txt
COMMENT : Bangkok Supermarket
TYPE : VRPTW
DIMENSION : 247
DAYS : Monday
EDGE_WEIGHT_TYPE : EXPLICIT
VEHICLES : 34
EDGE_WEIGHT_FORMAT : FULL_MATRIX
CAPACITY : 1000
EDGE_WEIGHT_SECTION
0	3116	1001	124	394	3328	306	407	189	355	491	101	343	410	1333	394	1748	1010	153	307	977	366	368	431	1845	600	778	489	367	437	2113	620	1066	1028	394	309	581	153	1409	504	510	330	263	1213	1221	124	1213	347	986	197	362	309	255	491	613	94	389	412	203	662	79	624	694	298	190	199	1994	1124	622	405	411	976	1121	538	133	309	3361	350	993	815	1888	97	747	412	1022	1201	216	404	248	2056	436	332	1221	1975	1117	606	1090	637	419	395	592	122	896	1773	351	1429	298	333	505	534	101	133	1639	34	121	986	1762	3380	1994	1613	929	603	385	404	248	1051	2295	373	737	1080	309	158	193	737	135	215	529	891	761	306	978	1247	91	1036	173	396	909	844	124	244	264	3159	1092	964	824	1007	124	309	351	601	102	215	202	376	538	86	1882	996	1010	436	369	1235	46	305	464	436	363	527	908	1625	484	237	85	122	119	1144	110	1649	440	497	395	2181	178	227	851	170	212	300	436	2195	830	1124	2523	1026	213	672	118	348	600	202	399	412	1405	996	97	539	118	891	214	390	975	212	201	350	1056	539	372	379	258	214	985	213	178	1228	1994	221	77	815	217	451	1114	394	351	548	447	1175	815
3116	0	2407	2994	3439	762	3383	2772	2927	3432	2832	3211	2794	3317	1792	3438	2426	2387	2982	3196	2159	3475	3480	3242	1311	2834	2407	2826	3357	3252	4923	3440	2285	2191	2826	2895	2805	3245	4489	3484	3105	2797	2856	1915	2382	3220	1915	3324	2371	3194	3475	3199	2888	3460	3273	3131	2879	3336	3062	3740	3081	2752	3216	3186	3295	2958	2284	2173	3412	3438	3325	2265	2277	2610	2983	2818	252	3461	2303	2301	5003	3197	2606	3336	2370	1938	3285	2778	2972	1203	3251	2850	2382	1156	2279	2642	2068	3562	2719	3510	3698	3227	2660	1499	3315	1958	3190	2938	3531	2672	3211	2983	2614	3142	3217	2967	2039	708	2284	4656	2208	2758	3462	3311	2972	4149	1553	3355	2439	2085	2895	3205	3042	2439	2984	3304	3138	2604	3847	3203	2406	2136	3083	2252	3036	3248	2208	2297	3220	3298	2953	219	2302	2407	2292	2260	2994	2818	3317	2758	3150	3212	3311	3304	3130	3084	4992	2408	2387	3522	3482	2189	3103	3200	2652	3251	2835	3122	2294	2419	2709	3241	3089	3227	3215	2276	3154	4572	3015	3470	2764	1982	3034	3237	2270	3285	2990	2825	3245	1468	2515	2267	665	4132	3209	3735	3071	3320	3640	3275	3438	3336	2617	2261	3197	3651	3071	2604	3210	2783	2164	3206	3274	3466	2241	3132	3485	3369	3336	3210	2410	3208	3034	4008	2284	3305	3080	2301	3231	3333	2047	3357	3328	3128	3237	2044	2525
1001	2407	0	893	1167	2810	1305	932	852	1353	534	1098	865	1001	915	1166	802	20	851	912	803	1268	1279	909	1352	475	901	532	1069	918	3114	1069	124	1008	607	694	464	1060	2367	1166	744	843	846	861	243	1126	861	1038	61	964	1280	914	754	1140	889	959	1060	1022	842	1453	1021	409	817	905	1184	801	1017	1145	1038	1158	1009	232	139	832	909	852	2660	1263	149	585	2771	1099	1138	1022	37	898	1069	938	764	1624	916	669	243	1407	135	1009	906	1209	839	1319	1455	1121	1345	1442	1026	483	909	689	1507	952	1098	909	764	1008	1122	583	760	2522	1017	2589	795	424	1382	995	764	1856	1317	1064	370	918	694	1152	835	370	881	1099	771	197	1736	919	1204	1281	924	184	845	929	676	796	1126	1066	744	2505	1242	48	595	200	893	852	1028	426	972	974	1192	1352	760	1028	2695	6	21	1271	1286	1317	1020	916	681	916	638	755	290	678	525	1225	1033	1121	1120	153	971	2171	687	1150	899	1179	840	1216	700	1131	1024	850	910	1961	1138	1249	1936	1858	973	1436	1038	1033	1334	1064	1162	1022	1789	211	1099	1433	1038	197	973	927	810	969	1063	1292	185	762	1288	1078	1114	973	18	972	840	1602	1017	1096	1018	585	1206	1003	468	1056	1041	755	898	392	186
124	2994	893	0	486	3216	425	324	68	474	404	224	244	459	1215	485	1655	900	50	334	862	482	486	453	1728	522	676	400	438	461	2222	665	952	926	292	213	496	256	1533	581	488	225	153	1095	1118	243	1095	412	874	251	481	337	138	564	622	152	345	466	181	769	128	532	686	323	313	103	1895	1029	660	493	461	856	1008	434	38	205	3240	468	876	693	2011	217	679	466	911	1085	309	323	176	1943	460	225	1118	1855	1004	528	979	706	316	516	708	244	847	1664	412	1310	324	259	619	450	224	38	1555	147	240	932	1652	3256	1895	1736	815	511	505	452	176	1166	2177	442	615	969	213	260	158	615	11	319	515	795	884	336	900	1157	107	918	133	426	789	732	243	332	186	3039	1009	853	702	888	0	205	412	509	170	272	326	463	521	136	2001	887	900	543	488	1150	128	333	342	460	258	508	786	1531	369	332	141	244	238	1032	177	1738	397	571	305	2072	137	323	733	291	191	195	458	2096	755	1040	2405	1143	270	776	152	411	696	297	489	466	1362	877	217	658	152	795	271	307	860	267	295	472	938	523	491	451	358	271	876	269	137	1291	1895	323	125	693	313	496	990	458	417	530	466	1053	706
394	3439	1167	486	0	3692	395	800	552	407	640	348	728	187	1681	1	1806	1181	479	256	1340	167	182	282	2197	695	1162	644	100	278	2061	319	1261	1412	616	543	702	241	1212	131	456	711	639	1565	1344	373	1565	129	1172	248	191	254	559	132	425	333	778	167	377	301	466	758	541	264	332	489	2072	1514	339	20	179	1214	1303	920	513	691	3688	178	1206	1148	1608	375	1140	167	1196	1560	178	798	466	2422	278	588	1344	2316	1299	1000	1460	266	802	217	288	353	1281	2147	142	1639	260	506	551	927	348	513	1659	359	372	933	1903	3652	2072	1446	1293	743	417	189	466	711	2484	107	1005	1452	543	434	398	1005	493	182	446	1005	625	248	1372	1639	380	1256	407	250	1256	1213	373	153	485	3496	1486	1141	1158	1234	486	691	140	742	315	228	318	590	458	470	1558	1163	1182	108	194	1629	432	251	809	278	604	456	1164	1692	733	485	467	353	372	1320	308	1255	481	131	786	2307	408	477	1205	265	602	681	284	2582	1225	1518	2869	701	231	297	500	134	210	192	10	167	1781	1227	375	277	500	1005	230	783	1339	234	193	234	1273	458	192	94	138	230	1155	232	408	850	2072	174	465	1148	472	210	1400	123	126	468	299	1432	992
3328	762	2810	3216	3692	0	3557	2942	3147	3601	3145	3414	2987	3602	2015	3692	3003	2789	3215	3472	2353	3694	3697	3541	1501	3174	2561	3137	3623	3552	4896	3756	2686	2316	3109	3164	3138	3472	4614	3761	3429	2998	3065	2128	2843	3414	2128	3591	2762	3444	3690	3475	3133	3739	3608	3364	3025	3618	3320	3985	3279	3091	3573	3460	3489	3203	2905	2253	3733	3695	3608	2624	2696	2793	3196	3019	698	3678	2681	2551	5168	3395	2697	3618	2773	2132	3523	2947	3235	1272	3550	3117	2843	1409	2697	2775	2237	3859	2910	3721	3921	3426	2692	1561	3586	2422	3464	3219	3671	2824	3414	3196	3170	3359	3412	3392	2609	1435	2905	4748	2401	3092	3629	3595	3235	4380	2218	3624	2745	2248	3164	3386	3297	2745	3207	3535	3465	3000	3999	3478	2465	2170	3316	2634	3286	3539	2438	2484	3414	3542	3218	543	2347	2797	2540	2632	3216	3019	3587	3091	3383	3465	3506	3438	3459	3279	5202	2808	2788	3759	3696	2210	3306	3475	2883	3550	3109	3449	2630	2972	2995	3405	3284	3426	3411	2703	3389	4901	3326	3748	2943	2635	3285	3403	2487	3497	3166	3028	3545	1270	2600	2310	876	4353	3462	3989	3260	3589	3902	3511	3694	3618	2502	2629	3395	3865	3260	3000	3463	2956	2355	3458	3510	3671	2628	3461	3700	3636	3573	3463	2807	3461	3285	4366	2905	3538	3278	2551	3399	3625	2380	3631	3596	3459	3540	2420	2888
306	3383	1305	425	395	3557	0	617	482	50	785	207	589	530	1592	395	2037	1315	459	496	1227	248	237	597	2094	885	997	784	444	599	1812	709	1372	1241	697	611	872	275	1116	525	734	588	535	1469	1521	181	1469	446	1291	389	226	496	560	527	776	351	535	519	476	531	310	918	881	493	123	505	2289	1315	725	415	525	1281	1427	775	421	567	3626	230	1299	1095	1622	208	890	519	1327	1451	308	612	543	2289	598	638	1521	2233	1422	784	1330	656	664	229	420	184	984	1996	459	1735	490	624	205	732	207	421	1917	296	185	1231	2066	3671	2289	1312	1178	898	80	527	543	853	2600	453	1040	1316	611	179	476	1040	436	274	741	1186	466	490	1132	1422	382	1342	463	557	1177	1090	181	333	562	3416	1253	1268	1102	1312	425	567	457	896	342	391	119	203	752	306	1645	1300	1315	353	228	1399	297	491	748	598	668	744	1211	1916	790	154	300	184	187	1449	345	1544	697	527	621	2484	468	154	1114	194	395	562	602	2381	984	1288	2775	814	391	559	314	451	530	302	405	519	1454	1301	208	350	314	1186	391	604	1223	393	302	181	1362	753	231	449	297	391	1290	392	468	1218	2289	282	312	1095	158	567	1409	479	449	763	617	1477	1119
407	2772	932	324	800	2942	617	0	271	663	589	478	97	783	980	800	1734	933	352	656	613	763	763	770	1478	710	381	582	761	780	2280	987	950	629	464	432	671	560	1716	903	773	126	186	857	1175	474	857	736	894	575	754	659	339	887	928	472	134	791	495	1066	343	683	975	644	547	377	1947	718	981	809	786	815	1016	165	291	136	3013	745	864	522	2238	457	357	791	939	835	621	5	451	1672	778	405	1175	1619	1011	203	712	1030	93	783	987	487	538	1382	736	1260	646	506	759	127	478	291	1671	441	472	1146	1656	3090	1947	1892	564	663	692	776	451	1444	2114	765	576	699	432	443	469	576	321	622	805	902	1075	659	575	840	430	892	447	746	579	475	474	647	448	2800	687	885	525	857	324	136	737	660	489	596	565	537	808	342	2259	926	933	842	761	829	374	656	251	778	431	796	731	1609	456	469	346	487	471	1044	496	2055	664	894	35	2074	449	466	512	565	223	146	776	1790	430	718	2158	1413	594	1078	319	736	1007	607	804	791	1054	842	457	927	319	902	595	17	609	591	606	732	913	811	764	774	665	595	914	593	449	1616	1947	628	343	522	460	820	866	782	741	816	781	964	766
189	2927	852	68	552	3147	482	271	0	532	389	287	183	514	1146	551	1626	859	81	385	794	551	555	499	1659	511	611	384	500	508	2267	717	905	860	268	201	481	325	1595	643	514	161	89	1027	1083	303	1027	473	830	313	549	388	107	626	660	219	314	523	224	837	174	511	715	373	375	111	1862	965	710	558	517	803	963	368	61	143	3172	536	827	626	2078	277	628	523	869	1017	377	271	190	1875	507	198	1083	1787	959	473	910	766	252	583	776	306	804	1596	472	1258	375	262	671	393	287	61	1534	215	300	934	1609	3192	1862	1795	746	490	563	507	190	1234	2125	504	559	901	201	310	198	559	59	387	544	767	945	388	843	1095	172	867	175	475	721	664	303	398	193	2971	950	811	634	836	68	143	472	487	237	334	389	499	548	180	2069	846	859	612	556	1089	184	385	275	507	231	535	730	1501	327	376	186	306	298	988	243	1802	413	633	248	2030	178	368	664	358	188	132	505	2031	700	980	2337	1212	332	843	186	472	763	364	555	523	1320	824	277	726	186	767	333	254	792	328	363	539	887	550	559	513	426	333	835	331	178	1348	1862	391	172	626	358	550	928	518	478	556	510	994	668
355	3432	1353	474	407	3601	50	663	532	0	831	255	638	554	1640	408	2081	1362	508	530	1275	250	237	626	2141	928	1043	830	465	627	1766	725	1421	1285	745	659	916	314	1066	535	769	637	585	1517	1567	231	1517	471	1340	427	225	530	610	539	803	397	577	542	520	513	360	964	910	529	169	553	2334	1357	743	428	549	1331	1475	823	471	617	3674	233	1348	1144	1575	257	928	542	1375	1498	340	659	590	2334	627	686	1567	2281	1471	827	1376	663	713	220	397	233	1015	2040	484	1784	526	670	163	777	255	471	1959	344	234	1267	2113	3721	2334	1262	1225	944	30	552	590	818	2650	475	1090	1362	659	228	522	1090	486	305	775	1232	417	525	1171	1462	429	1391	509	587	1226	1137	231	362	609	3463	1291	1316	1152	1362	474	617	483	942	386	427	162	217	786	356	1602	1347	1363	353	226	1437	347	525	798	627	716	779	1261	1960	839	196	350	233	236	1498	389	1522	738	538	668	2531	514	198	1162	233	442	611	631	2421	1024	1327	2822	777	428	545	363	476	524	336	417	542	1478	1351	257	326	363	1232	428	651	1271	430	336	179	1411	787	229	469	323	428	1337	428	514	1213	2334	313	362	1144	203	590	1459	500	473	797	646	1527	1166
491	2832	534	404	640	3145	785	589	389	831	0	580	495	490	1136	639	1256	546	355	384	853	734	745	410	1644	123	783	8	545	420	2597	613	621	997	127	191	92	528	1833	659	285	465	428	1035	736	611	1035	513	533	430	745	386	282	634	466	433	680	510	312	935	529	133	457	376	662	302	1504	1128	588	633	498	579	666	585	432	462	3084	728	565	614	2249	586	913	510	560	1046	534	592	243	1892	418	194	736	1742	662	754	981	729	516	784	925	603	1115	1648	502	999	380	160	990	674	580	432	1151	491	608	556	1288	3016	1504	2055	817	113	859	484	243	1344	1850	541	400	981	191	649	308	400	394	565	322	401	1203	392	1078	1270	405	615	322	419	737	761	611	532	226	2904	1163	504	627	595	404	462	504	111	444	440	668	863	317	538	2190	529	547	741	752	1283	519	388	395	418	163	306	538	1134	175	727	542	603	606	685	442	1757	182	644	555	1703	317	717	709	602	578	454	412	2132	958	1184	2294	1340	438	922	556	508	822	530	637	510	1622	589	586	900	556	401	439	576	855	435	529	759	632	319	754	556	580	439	520	438	317	1227	1504	562	526	614	707	502	786	538	516	318	405	799	353
101	3211	1098	224	348	3414	207	478	287	255	580	0	426	411	1426	349	1835	1107	253	335	1067	284	284	453	1935	683	857	578	348	458	2018	616	1165	1106	490	404	668	122	1308	472	561	418	355	1305	1314	36	1305	335	1084	219	276	336	356	463	638	150	435	408	276	589	135	713	731	329	89	298	2084	1196	623	363	409	1077	1219	621	229	397	3456	267	1093	912	1792	26	800	408	1119	1291	185	475	337	2142	457	430	1314	2068	1215	670	1177	608	504	306	509	23	932	1856	344	1529	327	420	410	604	0	229	1720	89	34	1050	1858	3480	2084	1512	1018	693	285	406	337	967	2394	356	838	1166	404	99	273	838	236	168	575	981	660	332	1037	1314	175	1136	257	415	1003	932	36	217	355	3252	1154	1061	921	1107	224	397	343	691	145	229	101	310	585	136	1791	1092	1107	368	283	1299	108	331	561	457	460	575	1009	1713	584	173	131	23	32	1242	150	1592	507	467	472	2276	262	164	943	89	262	389	458	2268	888	1188	2615	939	229	605	160	338	542	173	356	408	1433	1097	26	451	160	981	229	462	1064	228	172	257	1156	586	286	358	211	229	1082	228	262	1198	2084	177	136	912	154	452	1214	379	340	595	471	1276	911
343	2794	865	244	728	2987	589	97	183	638	495	426	0	697	1003	728	1662	867	264	568	641	707	709	680	1510	616	435	487	682	689	2307	899	893	685	368	335	578	493	1702	825	677	29	94	881	1106	429	881	655	831	495	702	571	242	808	833	396	197	706	405	1005	291	593	879	556	504	283	1882	785	891	736	701	766	957	195	215	41	3037	691	808	512	2209	408	450	706	874	865	550	99	356	1715	688	308	1106	1645	953	292	750	949	77	733	934	439	635	1431	655	1218	558	409	751	210	426	215	1592	375	427	1051	1602	3090	1882	1887	592	573	668	690	356	1393	2079	686	522	739	335	411	379	522	238	555	709	821	1054	571	659	913	351	841	357	657	587	505	429	574	352	2829	767	819	518	806	244	41	655	570	413	516	521	542	712	293	2217	859	867	779	708	906	318	568	191	688	334	699	685	1538	369	452	298	439	425	984	420	1982	567	815	67	2022	359	447	524	510	201	51	685	1854	518	797	2190	1365	514	1014	277	654	938	537	732	706	1151	792	408	877	277	821	515	82	638	511	536	684	861	714	712	695	597	515	847	513	359	1531	1882	561	291	512	439	733	844	701	660	719	690	932	692
410	3317	1001	459	187	3602	530	783	514	554	490	411	697	0	1586	186	1620	1016	433	133	1263	342	357	96	2101	525	1115	495	93	90	2248	210	1101	1360	495	439	539	289	1395	168	271	674	603	1475	1166	445	1475	83	1011	214	364	130	485	143	249	322	793	21	297	452	490	595	360	145	434	422	1887	1473	212	172	8	1069	1139	875	494	657	3568	348	1052	1050	1770	436	1138	21	1032	1476	231	782	372	2337	91	486	1166	2211	1135	986	1387	259	763	396	468	425	1300	2073	71	1479	142	383	710	907	411	494	1471	379	443	746	1725	3505	1887	1632	1219	583	571	7	372	857	2314	84	878	1382	439	510	323	878	462	260	259	831	812	128	1357	1606	355	1103	342	72	1166	1145	445	201	387	3383	1464	979	1062	1084	459	657	72	582	309	195	426	704	271	496	1700	997	1017	296	368	1602	456	132	734	91	493	269	1027	1506	611	578	496	425	442	1154	301	1307	315	153	762	2126	341	569	1122	353	620	646	97	2529	1213	1494	2765	856	197	435	528	78	334	241	179	21	1813	1079	436	464	528	831	196	766	1263	199	242	400	1119	271	368	95	232	196	990	197	341	833	1887	251	488	1050	561	41	1271	64	81	280	112	1289	833
1333	1792	915	1215	1681	2015	1592	980	1146	1640	1136	1426	1003	1586	0	1681	1495	896	1208	1457	367	1697	1701	1526	515	1180	623	1129	1609	1537	3193	1743	810	449	1094	1148	1140	1470	2697	1746	1422	1008	1071	123	1059	1432	123	1577	855	1433	1695	1460	1122	1724	1602	1359	1090	1603	1307	1978	1293	1099	1579	1445	1507	1192	1582	504	1722	1683	1593	688	852	817	1200	1029	2034	1683	766	536	3213	1410	856	1603	885	155	1516	985	1220	756	1535	1101	1059	642	851	861	292	1844	927	1729	1923	1440	971	530	1571	779	1449	1204	1739	882	1426	1200	1559	1361	1429	1476	1208	2139	1582	2869	416	1096	1670	1579	1220	2380	1399	1609	743	313	1148	1414	1284	743	1205	1531	1459	1072	2054	1463	716	568	1310	733	1274	1523	426	505	1432	1533	1203	1826	656	884	524	715	1215	1029	1572	1095	1377	1453	1523	1513	1453	1295	3216	911	896	1754	1702	627	1317	1459	875	1535	1093	1443	662	1398	981	1448	1301	1440	1428	873	1382	2887	1314	1733	972	1543	1273	1445	482	1503	1198	1037	1530	1046	779	635	1190	2358	1450	1979	1281	1574	1890	1505	1682	1603	1185	705	1410	1872	1281	1072	1451	991	372	1447	1504	1682	736	1455	1705	1622	1567	1451	905	1449	1273	2363	1582	1534	1292	536	1438	1610	448	1616	1582	1454	1526	557	928
394	3438	1166	485	1	3692	395	800	551	408	639	349	728	186	1681	0	1805	1181	478	255	1340	168	183	281	2197	694	1162	643	99	277	2062	318	1260	1412	615	543	701	241	1213	130	455	711	639	1565	1343	373	1565	128	1171	247	192	253	558	131	424	333	778	166	376	301	466	757	540	263	333	489	2071	1513	338	19	178	1213	1302	920	512	690	3687	179	1205	1147	1609	375	1140	166	1195	1560	178	797	466	2421	277	588	1343	2316	1298	1000	1459	266	802	218	289	353	1281	2146	141	1638	259	506	551	927	349	512	1658	359	372	932	1902	3652	2071	1447	1293	742	418	188	466	712	2483	106	1004	1451	543	434	398	1004	492	182	445	1004	626	247	1372	1639	379	1255	406	249	1255	1213	373	153	485	3495	1486	1140	1158	1233	485	690	139	741	314	227	318	591	457	470	1559	1162	1181	109	195	1629	432	251	808	277	603	455	1163	1691	732	485	467	353	372	1319	308	1255	480	131	786	2306	408	478	1204	265	602	681	283	2582	1224	1518	2868	702	230	298	500	133	211	192	9	166	1782	1226	375	278	500	1004	229	783	1338	234	193	235	1272	457	193	92	138	229	1154	231	408	850	2071	174	465	1147	472	209	1399	122	125	467	298	1431	991
1748	2426	802	1655	1806	3003	2037	1734	1626	2081	1256	1835	1662	1620	1495	1805	0	804	1608	1575	1529	1943	1957	1524	1760	1152	1680	1259	1707	1529	3844	1598	813	1739	1362	1443	1167	1769	3013	1759	1350	1638	1634	1496	559	1867	1496	1682	847	1660	1960	1576	1521	1736	1419	1686	1859	1640	1561	2048	1783	1124	1308	1573	1914	1555	275	1866	1563	1791	1628	973	746	1634	1678	1646	2666	1943	899	1354	3328	1842	1932	1640	801	1546	1759	1739	1500	2027	1528	1431	559	1735	750	1809	1603	1749	1641	1997	2086	1858	2135	1949	1668	720	1577	1415	2243	1754	1835	1678	212	1747	1864	904	394	2307	275	3251	1535	1145	2108	1617	1500	2409	948	1699	1171	1621	1443	1905	1562	1171	1644	1794	1360	859	2423	1582	1969	1987	1661	891	1578	1556	1417	1559	1867	1748	1483	2582	1986	850	1361	927	1655	1646	1670	1147	1695	1664	1918	2117	1348	1791	3195	809	804	1915	1965	2034	1775	1580	1482	1528	1397	1350	1056	124	1305	1983	1795	1858	1862	717	1692	2498	1349	1744	1700	587	1573	1973	1459	1848	1808	1643	1522	2456	1922	1986	2151	2428	1663	2018	1806	1676	1920	1759	1799	1640	2548	943	1842	2084	1806	859	1663	1727	1537	1661	1758	1984	874	1348	1966	1712	1796	1663	821	1662	1573	1925	275	1788	1779	1354	1963	1605	1102	1683	1683	1339	1507	965	970
1010	2387	20	900	1181	2789	1315	933	859	1362	546	1107	867	1016	896	1181	804	0	859	926	789	1281	1292	926	1332	491	893	545	1084	934	3122	1087	103	995	617	703	479	1071	2380	1182	761	845	851	844	245	1135	844	1052	47	976	1292	928	761	1157	907	969	1061	1038	854	1469	1028	423	836	919	1194	810	1015	1132	1056	1173	1025	216	122	829	916	855	2640	1275	132	574	2786	1108	1133	1038	16	881	1081	938	774	1604	933	678	245	1386	118	1005	891	1226	839	1331	1469	1130	1339	1423	1040	465	923	701	1516	949	1107	916	772	1018	1131	604	752	2504	1015	2601	782	438	1392	1011	774	1872	1303	1078	366	904	703	1160	846	366	889	1112	788	217	1748	934	1195	1267	934	164	855	944	663	785	1135	1079	755	2484	1231	48	584	182	900	855	1042	440	982	987	1202	1358	778	1035	2711	20	0	1285	1299	1304	1028	931	682	933	647	773	278	681	532	1232	1040	1130	1129	138	982	2191	702	1167	900	1171	851	1224	689	1142	1029	853	926	1942	1131	1237	1915	1873	985	1452	1044	1047	1350	1076	1177	1038	1779	194	1108	1447	1044	217	986	928	797	982	1075	1304	165	779	1301	1093	1127	986	26	984	851	1622	1015	1109	1025	574	1213	1019	449	1071	1055	773	915	371	196
153	2982	851	50	479	3215	459	352	81	508	355	253	264	433	1208	478	1608	859	0	304	862	493	498	419	1723	472	688	352	422	428	2263	635	914	936	246	165	447	263	1559	565	443	241	170	1090	1074	277	1090	394	834	235	494	307	102	547	582	150	386	442	143	770	174	484	642	292	342	53	1850	1043	628	484	436	824	969	446	85	223	3229	480	840	681	2028	250	709	442	871	1083	308	352	126	1943	426	181	1074	1847	965	554	980	686	331	530	716	275	882	1667	392	1276	294	209	657	474	253	85	1507	168	273	882	1611	3233	1850	1766	814	463	538	426	126	1172	2141	425	586	972	165	301	118	586	43	323	470	749	912	307	924	1174	102	883	95	394	782	734	277	327	135	3030	1031	812	690	854	50	223	393	461	169	256	354	509	476	183	2011	845	859	545	501	1170	168	304	333	426	213	463	756	1484	331	376	187	275	271	992	174	1725	348	555	329	2031	97	367	728	309	240	213	424	2107	781	1061	2398	1151	254	774	201	393	690	296	481	442	1399	843	250	670	201	749	255	335	860	251	295	489	903	478	504	435	358	255	835	253	97	1267	1850	325	171	681	356	469	967	439	399	485	430	1024	664
307	3196	912	334	256	3472	496	656	385	530	384	335	568	133	1457	255	1575	926	304	0	1130	368	381	123	1972	443	982	387	162	130	2272	331	1005	1227	370	308	447	224	1460	290	239	544	474	1345	1095	372	1345	129	916	116	384	3	351	267	306	213	676	147	164	552	385	502	395	12	383	290	1837	1340	325	249	138	960	1047	743	371	527	3446	367	950	920	1864	356	1013	147	941	1344	191	656	239	2206	129	355	1095	2084	1043	859	1254	392	632	422	543	354	1181	1940	119	1383	10	258	693	779	335	371	1440	280	369	736	1653	3398	1837	1689	1086	487	552	126	239	962	2229	159	757	1249	308	433	191	757	336	226	245	755	848	7	1228	1474	237	1000	211	91	1035	1012	372	173	255	3259	1334	885	932	978	334	527	121	486	206	107	379	644	256	392	1809	907	926	359	390	1471	353	5	600	129	364	248	912	1458	487	509	393	354	368	1064	197	1440	230	276	633	2061	209	499	990	302	508	517	129	2396	1086	1363	2638	956	107	542	424	125	444	194	252	147	1696	972	356	523	424	755	107	639	1130	107	194	409	1017	257	391	173	221	107	899	107	209	964	1837	219	382	920	490	165	1152	161	133	266	139	1178	736
977	2159	803	862	1340	2353	1227	613	794	1275	853	1067	641	1263	367	1340	1529	789	862	1130	0	1343	1346	1213	868	924	264	845	1275	1224	2842	1436	737	210	785	825	880	1119	2330	1416	1133	648	714	244	1009	1070	244	1244	742	1093	1339	1133	784	1395	1314	1011	723	1278	973	1631	933	850	1310	1118	1146	852	1674	343	1418	1344	1269	578	798	451	844	670	2400	1328	662	248	2849	1049	523	1278	784	224	1170	618	891	1081	1222	778	1009	1006	795	501	127	1523	564	1372	1570	1080	679	809	1240	877	1122	889	1372	516	1067	844	1543	1007	1068	1288	1321	2496	1674	2502	49	842	1304	1256	891	2028	1644	1276	506	128	825	1050	948	506	853	1181	1170	906	1688	1136	457	478	963	653	935	1205	130	138	1070	1189	875	2188	458	760	235	621	862	670	1241	840	1030	1114	1163	1146	1167	934	2858	797	789	1406	1346	515	958	1132	532	1222	777	1155	512	1415	683	1082	939	1080	1067	825	1035	2570	1019	1403	606	1707	935	1079	144	1147	832	678	1217	1279	464	457	1549	2004	1111	1636	918	1242	1551	1157	1342	1278	1022	605	1049	1516	918	906	1112	624	9	1108	1156	1324	666	1169	1350	1288	1219	1112	787	1110	935	2069	1674	1185	932	248	1073	1291	437	1286	1249	1169	1216	575	743
366	3475	1268	482	167	3694	248	763	551	250	734	284	707	342	1697	168	1943	1281	493	368	1343	0	15	430	2210	808	1140	736	249	428	1909	485	1353	1390	683	601	808	230	1098	288	596	696	629	1578	1460	293	1578	266	1266	305	24	367	589	295	588	344	714	325	434	307	419	861	702	372	228	520	2205	1481	506	188	335	1289	1400	903	499	675	3722	19	1291	1173	1538	307	1080	325	1295	1567	201	759	522	2422	429	640	1460	2338	1396	954	1457	413	784	54	226	277	1199	2138	281	1728	368	583	384	888	284	499	1803	336	294	1086	2017	3718	2205	1323	1295	844	255	343	522	685	2584	258	1064	1446	601	342	448	1064	492	175	592	1120	480	361	1319	1598	391	1338	448	394	1272	1210	293	202	543	3522	1437	1238	1183	1313	482	675	279	843	326	293	210	451	604	420	1518	1264	1281	105	26	1582	389	363	824	429	663	600	1231	1826	794	369	416	277	295	1419	323	1319	598	293	756	2427	451	364	1215	197	546	666	434	2553	1170	1471	2888	661	295	327	444	272	284	208	177	325	1685	1305	307	176	444	1120	295	747	1341	299	209	70	1357	605	25	248	154	295	1255	296	451	970	2205	175	419	1173	362	371	1454	280	266	614	449	1500	1087
368	3480	1279	486	182	3697	237	763	555	237	745	284	709	357	1701	183	1957	1292	498	381	1346	15	0	445	2213	820	1141	747	264	443	1895	500	1364	1391	692	609	819	237	1087	303	610	698	632	1581	1473	291	1581	281	1277	316	11	380	595	310	604	350	711	340	444	311	420	873	718	385	224	527	2219	1480	522	203	351	1298	1411	904	502	677	3726	18	1301	1178	1531	306	1077	340	1306	1570	211	759	531	2424	443	648	1473	2342	1407	952	1459	426	786	40	224	276	1194	2140	296	1738	381	593	369	888	284	502	1817	339	292	1101	2029	3726	2219	1311	1297	856	241	358	531	683	2595	273	1072	1448	609	338	457	1072	497	183	607	1133	466	374	1317	1597	397	1348	456	408	1276	1213	291	213	552	3526	1435	1249	1188	1323	486	677	294	854	333	304	206	441	619	420	1514	1275	1292	116	11	1580	391	376	829	443	672	614	1239	1839	803	362	416	276	293	1430	330	1324	611	308	757	2440	459	358	1219	199	544	669	448	2552	1167	1469	2891	657	306	333	444	287	293	218	193	340	1678	1314	306	171	444	1133	306	747	1343	310	218	57	1366	619	10	263	165	306	1266	307	459	981	2219	185	420	1178	355	387	1461	295	281	629	464	1508	1097
431	3242	909	453	282	3541	597	770	499	626	410	453	680	96	1526	281	1524	926	419	123	1213	430	445	0	2039	434	1082	415	184	10	2339	224	1013	1322	432	389	451	335	1491	256	175	654	586	1418	1071	489	1418	163	922	236	450	121	451	230	185	337	797	117	275	545	508	507	284	133	491	396	1791	1440	212	267	104	987	1048	847	490	639	3493	434	966	992	1862	475	1128	117	941	1422	289	770	333	2280	8	435	1071	2145	1044	971	1339	320	740	484	564	470	1300	2021	149	1389	133	324	786	890	453	490	1377	403	487	656	1630	3420	1791	1727	1171	496	645	92	333	946	2221	175	805	1335	389	552	301	805	453	323	164	737	905	124	1338	1576	359	1017	324	39	1110	1101	489	264	344	3312	1441	889	1004	1000	453	639	151	496	329	223	486	758	176	516	1787	906	926	391	455	1576	477	125	691	8	436	174	949	1410	545	625	516	470	485	1062	320	1361	229	240	746	2030	321	616	1070	409	630	628	5	2487	1198	1469	2698	948	224	526	547	157	424	296	274	117	1815	995	475	560	547	737	224	753	1213	225	297	484	1033	176	455	188	304	224	899	224	321	862	1791	314	506	992	607	93	1195	159	163	186	19	1208	745
1845	1311	1352	1728	2197	1501	2094	1478	1659	2141	1644	1935	1510	2101	515	2197	1760	1332	1723	1972	868	2210	2213	2039	0	1678	1103	1637	2125	2050	3619	2255	1233	880	1608	1664	1641	1984	3187	2262	1929	1517	1581	632	1439	1939	632	2093	1298	1949	2207	1975	1638	2239	2108	1873	1577	2118	1823	2493	1801	1596	2078	1960	2014	1707	1771	865	2232	2199	2108	1146	1258	1319	1711	1538	1543	2195	1212	1051	3716	1918	1295	2118	1317	644	2031	1482	1736	275	2048	1617	1439	172	1258	1335	765	2358	1433	2240	2436	1949	1357	281	2087	1061	1964	1718	2230	1370	1935	1711	1873	1874	1937	1933	1402	1749	1771	3348	918	1596	2170	2094	1736	2894	1357	2125	1246	780	1664	1918	1800	1246	1718	2045	1966	1531	2552	1978	1099	844	1825	1169	1790	2037	941	1005	1939	2048	1719	1323	1000	1331	1040	1161	1728	1538	2088	1594	1892	1969	2031	2001	1960	1803	3727	1350	1331	2269	2214	903	1827	1975	1389	2048	1608	1949	1141	1688	1493	1947	1808	1949	1936	1271	1897	3400	1824	2248	1473	1631	1788	1944	995	2015	1699	1546	2043	706	1204	967	680	2871	1966	2495	1787	2090	2406	2020	2198	2118	1400	1155	1918	2384	1787	1531	1967	1490	872	1962	2019	2193	1167	1962	2217	2138	2082	1967	1346	1965	1788	2869	1771	2048	1801	1051	1938	2124	896	2132	2097	1960	2039	961	1404
600	2834	475	522	695	3174	885	710	511	928	123	683	616	525	1180	694	1152	491	472	443	924	808	820	434	1678	0	880	129	596	443	2693	608	579	1082	250	311	45	618	1903	691	274	587	551	1086	652	717	1086	565	488	511	822	444	404	665	439	534	803	547	408	978	645	82	400	437	761	419	1406	1216	579	685	534	568	613	696	552	584	3086	805	537	677	2296	692	1027	547	506	1103	614	713	353	1934	441	317	652	1766	609	868	1050	740	634	860	983	707	1230	1701	553	955	441	267	1090	790	683	552	1038	596	713	435	1210	2988	1406	2131	891	83	955	520	353	1381	1789	590	437	1053	311	759	410	437	513	648	305	312	1285	450	1182	1359	511	589	428	454	801	844	717	607	339	2914	1261	454	691	575	522	584	555	85	542	518	766	975	296	653	2221	471	491	801	828	1376	632	448	504	441	286	289	546	1031	274	838	657	707	711	628	539	1740	213	675	676	1619	423	828	782	696	699	577	435	2196	1067	1281	2315	1382	517	960	673	560	859	612	690	547	1734	573	692	966	673	312	517	697	927	514	611	841	604	298	829	604	655	517	464	516	423	1192	1406	643	641	677	817	528	797	582	568	294	424	789	314
778	2407	901	676	1162	2561	997	381	611	1043	783	857	435	1115	623	1162	1680	893	688	982	264	1140	1141	1082	1103	880	0	774	1111	1092	2578	1306	868	250	684	698	835	928	2084	1253	1037	451	522	501	1133	855	501	1082	846	923	1133	985	632	1235	1211	829	473	1126	818	1440	721	821	1230	970	929	692	1853	358	1294	1169	1119	707	934	242	650	471	2644	1123	782	327	2616	837	273	1126	892	470	985	385	748	1291	1091	655	1133	1251	930	238	339	1372	360	1163	1366	867	459	1000	1080	1084	973	771	1127	267	857	650	1665	810	853	1291	1518	2759	1853	2249	220	807	1071	1108	748	1824	1888	1113	542	322	698	825	792	542	669	991	1073	952	1449	986	310	495	782	789	774	1066	296	144	855	1008	737	2427	380	853	320	753	676	471	1080	805	847	945	946	897	1072	721	2640	894	893	1214	1140	501	751	983	397	1091	664	1060	625	1561	609	847	726	867	852	963	853	2413	920	1243	384	1920	775	844	235	943	605	481	1087	1420	242	401	1783	1795	942	1450	700	1080	1372	972	1165	1126	891	737	837	1307	700	952	943	396	257	939	971	1113	806	1075	1144	1124	1032	943	883	941	775	1944	1853	996	721	327	840	1148	645	1127	1087	1077	1088	773	789
489	2826	532	400	644	3137	784	582	384	830	8	578	487	495	1129	643	1259	545	352	387	845	736	747	415	1637	129	774	0	549	425	2596	619	619	989	120	187	96	528	1835	663	293	458	422	1027	737	610	1027	517	531	431	747	390	277	638	474	432	674	515	311	939	526	134	465	379	661	298	1506	1119	595	637	503	574	664	577	428	455	3078	730	562	606	2252	584	905	515	559	1038	536	585	241	1885	424	188	737	1736	660	746	973	735	509	786	928	602	1107	1640	506	996	383	159	988	666	578	428	1155	489	606	563	1288	3012	1506	2056	808	114	858	488	241	1348	1848	545	393	972	187	646	307	393	390	567	330	402	1204	395	1070	1262	403	612	321	424	729	753	610	534	224	2898	1154	502	619	591	400	455	508	112	444	442	667	860	325	534	2194	528	545	744	753	1274	516	392	386	424	156	314	533	1136	166	724	539	602	604	683	442	1764	189	648	548	1703	316	715	701	602	573	448	418	2124	950	1176	2288	1344	440	927	552	512	827	531	640	515	1614	585	584	903	552	402	440	569	847	437	530	760	629	327	755	560	581	440	519	439	316	1234	1506	563	523	606	704	507	780	542	520	326	411	794	351
367	3357	1069	438	100	3623	444	761	500	465	545	348	682	93	1609	99	1707	1084	422	162	1275	249	264	184	2125	596	1111	549	0	180	2155	271	1165	1359	530	463	604	227	1313	142	356	662	590	1495	1244	379	1495	33	1075	187	270	159	491	125	341	289	756	77	302	390	445	660	454	172	357	424	1973	1466	282	89	86	1122	1205	869	470	643	3606	255	1111	1074	1704	374	1111	77	1099	1493	162	760	389	2354	181	509	1244	2241	1201	964	1397	269	753	303	388	359	1263	2084	43	1543	167	419	619	888	348	470	1561	333	378	839	1803	3561	1973	1546	1230	646	480	94	389	800	2385	9	919	1390	463	444	327	919	444	185	348	906	721	155	1337	1595	331	1161	340	150	1185	1152	379	131	407	3417	1448	1044	1085	1140	438	643	41	645	273	166	347	626	360	451	1646	1065	1084	208	275	1589	411	158	743	181	522	357	1075	1592	647	506	449	359	377	1222	265	1302	382	132	744	2206	340	497	1137	278	580	633	186	2530	1191	1479	2794	794	168	380	482	37	283	175	94	77	1772	1134	374	377	482	906	167	744	1274	172	176	307	1178	360	274	13	149	167	1057	169	340	860	1973	175	444	1074	490	125	1313	34	29	370	202	1341	895
437	3252	918	461	278	3552	599	780	508	627	420	458	689	90	1537	277	1529	934	428	130	1224	428	443	10	2050	443	1092	425	180	0	2336	214	1021	1333	443	399	460	339	1486	248	181	664	595	1429	1078	493	1429	162	930	242	449	128	461	222	181	344	805	111	284	538	515	516	282	140	494	406	1796	1450	202	262	99	996	1056	857	499	648	3504	433	976	1003	1854	480	1137	111	950	1432	291	780	343	2290	1	446	1078	2155	1053	981	1349	310	749	482	558	475	1309	2032	147	1398	140	335	787	900	458	499	1381	409	491	658	1637	3429	1796	1722	1181	505	646	88	343	938	2228	172	815	1345	399	556	310	815	462	325	168	744	902	131	1348	1586	367	1027	333	42	1121	1111	493	266	355	3322	1451	898	1015	1009	461	648	149	505	335	228	488	762	180	523	1778	914	934	386	453	1586	484	132	702	1	447	179	959	1415	556	630	523	475	490	1071	327	1350	239	232	755	2036	330	620	1081	412	638	638	7	2497	1207	1479	2708	940	229	518	554	156	416	299	270	111	1824	1005	480	555	554	744	229	763	1224	230	300	483	1042	180	453	184	304	229	908	230	330	851	1796	316	513	1003	611	85	1205	154	161	190	21	1218	754
2113	4923	3114	2222	2061	4896	1812	2280	2267	1766	2597	2018	2307	2248	3193	2062	3844	3122	2263	2272	2842	1909	1895	2339	3619	2693	2578	2596	2155	2336	0	2336	3172	2754	2507	2421	2683	2075	1012	2140	2505	2319	2292	3075	3333	1989	3075	2176	3096	2184	1890	2271	2361	2159	2482	2163	2150	2229	2287	1891	2095	2730	2599	2274	1935	2312	4100	2754	2367	2079	2240	3065	3230	2439	2208	2303	5143	1907	3094	2802	1283	2015	2338	2229	3133	3038	2085	2275	2356	3730	2337	2444	3333	3785	3226	2342	2901	2204	2363	1855	1811	1995	2263	3427	2190	3521	2270	2437	1608	2341	2018	2208	3712	2108	1992	2994	3874	5333	4100	782	2797	2711	1738	2249	2356	1696	4385	2164	2819	2880	2421	1962	2289	2819	2233	2050	2502	2998	1436	2265	2520	2788	2193	3134	2275	2303	2845	2713	1989	2098	2374	4902	2621	3075	2805	3101	2222	2303	2188	2709	2153	2180	1929	1772	2514	2088	1576	3108	3122	1955	1885	2736	2094	2267	2496	2337	2476	2510	2988	3725	2591	1891	2083	1995	1994	3254	2155	2310	2495	2152	2303	4294	2280	1899	2776	1997	2115	2302	2342	3626	2422	2656	4265	1641	2181	1932	2081	2182	2008	2086	2070	2229	2399	3088	2015	1792	2081	2998	2181	2277	2835	2184	2086	1863	3154	2515	1885	2153	2051	2181	3098	2182	2280	2459	4100	2056	2098	2802	1909	2271	3147	2184	2176	2524	2358	3239	2927
620	3440	1069	665	319	3756	709	987	717	725	613	616	899	210	1743	318	1598	1087	635	331	1436	485	500	224	2255	608	1306	619	271	214	2336	0	1181	1547	652	613	635	493	1428	203	335	875	805	1637	1200	648	1637	280	1091	424	510	328	675	190	185	532	1003	209	494	458	700	688	290	343	628	618	1871	1665	34	298	209	1176	1209	1070	701	858	3692	498	1146	1211	1738	641	1344	209	1104	1643	431	987	558	2498	216	660	1200	2355	1205	1190	1562	151	962	532	525	628	1509	2243	272	1552	341	547	870	1110	616	701	1430	588	647	696	1750	3592	1871	1674	1394	682	736	216	558	815	2358	262	1013	1559	613	713	520	1013	667	456	302	882	907	328	1559	1800	564	1197	541	242	1331	1325	648	400	569	3516	1664	1056	1224	1184	665	858	273	682	519	405	617	896	311	706	1633	1067	1088	402	512	1800	666	331	916	216	659	318	1146	1492	762	777	706	628	646	1219	511	1145	430	194	965	2134	540	768	1293	549	830	848	220	2711	1417	1692	2907	831	407	424	738	277	333	443	309	209	2023	1181	641	550	738	882	406	970	1437	409	444	553	1211	310	510	263	419	406	1062	407	540	637	1871	446	698	1211	761	170	1396	237	276	315	220	1397	921
1066	2285	124	952	1261	2686	1372	950	905	1421	621	1165	893	1101	810	1260	813	103	914	1005	737	1353	1364	1013	1233	579	868	619	1165	1021	3172	1181	0	946	678	764	562	1138	2451	1268	852	873	887	766	272	1191	766	1133	91	1048	1363	1007	813	1243	1003	1032	1082	1122	922	1553	1077	506	935	997	1253	867	1001	1080	1151	1254	1110	161	67	833	964	886	2538	1346	87	542	2869	1164	1120	1122	87	807	1152	956	838	1506	1020	734	272	1284	63	1002	830	1318	857	1402	1547	1187	1322	1333	1122	377	1002	770	1570	953	1165	964	807	1077	1187	706	709	2410	1001	2669	735	519	1451	1096	838	1958	1232	1160	374	844	764	1212	912	374	940	1181	881	319	1814	1013	1161	1211	994	84	919	1029	616	750	1191	1152	818	2381	1188	125	550	116	952	886	1123	520	1047	1060	1262	1403	870	1084	2800	123	103	1363	1370	1252	1080	1009	703	1020	705	865	242	693	582	1281	1089	1187	1185	96	1046	2291	786	1253	919	1129	914	1273	650	1206	1066	885	1014	1853	1109	1191	1812	1957	1058	1537	1091	1128	1436	1146	1257	1122	1744	132	1164	1522	1091	319	1058	947	744	1055	1146	1373	75	872	1372	1175	1199	1058	124	1057	914	1724	1001	1179	1075	542	1263	1106	363	1155	1136	866	1003	272	269
1028	2191	1008	926	1412	2316	1241	629	860	1285	997	1106	685	1360	449	1412	1739	995	936	1227	210	1390	1391	1322	880	1082	250	989	1359	1333	2754	1547	946	0	910	934	1037	1178	2313	1501	1264	701	772	345	1218	1103	345	1329	947	1172	1383	1230	875	1482	1442	1078	709	1372	1063	1690	971	1014	1452	1214	1177	938	1880	139	1533	1419	1365	786	1007	492	900	721	2424	1373	870	433	2855	1086	417	1372	990	297	1235	633	990	1050	1331	889	1218	1038	1004	461	167	1618	610	1412	1616	1116	523	754	1327	1078	1217	1005	1360	508	1106	900	1753	1061	1101	1469	1523	2580	1880	2469	213	1003	1313	1353	990	2073	1814	1361	690	144	934	1071	1037	690	919	1241	1301	1099	1686	1231	273	281	1032	862	1021	1308	332	238	1103	1258	978	2200	250	963	421	829	926	721	1328	1001	1097	1193	1195	1128	1300	970	2886	1002	995	1465	1389	310	1000	1228	631	1331	895	1287	717	1625	822	1088	975	1116	1100	1034	1103	2661	1148	1490	634	1901	1021	1087	315	1193	852	731	1327	1171	332	247	1555	2043	1191	1700	949	1328	1622	1222	1415	1372	815	814	1086	1556	949	1099	1191	644	201	1187	1221	1361	875	1302	1393	1372	1282	1191	992	1190	1021	2184	1880	1246	971	433	1083	1391	643	1374	1334	1304	1328	782	934
394	2826	607	292	616	3109	697	464	268	745	127	490	368	495	1094	615	1362	617	246	370	785	683	692	432	1608	250	684	120	530	443	2507	652	678	910	0	86	215	461	1776	659	354	338	301	985	827	518	985	497	595	380	690	373	160	636	532	354	553	512	248	917	420	243	546	359	576	195	1603	1036	633	613	502	606	730	472	316	335	3076	674	610	559	2216	492	795	512	629	990	481	466	161	1847	441	69	827	1716	726	634	912	750	394	729	890	513	993	1591	489	1048	363	111	899	553	490	316	1266	401	515	683	1368	3039	1603	1991	744	222	775	488	161	1327	1910	528	389	909	86	547	235	389	281	508	391	503	1136	377	970	1177	316	656	240	429	678	680	518	487	141	2889	1060	571	571	631	292	335	490	219	368	395	585	755	389	428	2174	602	617	707	697	1185	415	373	287	441	36	377	550	1238	117	623	433	513	513	752	369	1794	237	645	430	1786	236	614	641	527	455	327	436	2063	844	1084	2269	1317	393	910	443	493	814	474	614	512	1503	622	492	856	443	503	394	450	786	389	473	697	675	391	699	542	531	394	592	392	236	1284	1603	507	417	559	603	516	783	531	501	394	433	819	421
309	2895	694	213	543	3164	611	432	201	659	191	404	335	439	1148	543	1443	703	165	308	825	601	609	389	1664	311	698	187	463	399	2421	613	764	934	86	0	283	376	1691	598	346	306	254	1036	912	432	1036	430	681	301	607	311	97	575	514	268	505	454	168	844	339	319	547	296	490	112	1686	1055	598	542	445	689	817	471	241	297	3144	591	695	612	2137	406	779	454	715	1037	400	434	78	1898	398	47	912	1777	812	618	950	698	376	646	812	427	970	1635	423	1134	300	75	813	536	404	241	1342	314	429	733	1454	3118	1686	1905	782	298	688	431	78	1254	1996	462	465	946	0	463	152	465	203	426	380	584	1050	314	970	1193	230	741	155	379	727	711	432	408	58	2954	1066	657	624	715	213	297	425	296	283	318	499	674	382	348	2100	688	703	630	614	1197	332	310	303	398	62	369	629	1320	193	540	352	427	427	839	283	1745	233	584	401	1872	151	531	683	441	388	288	393	2097	837	1092	2330	1241	316	840	365	427	746	392	542	454	1485	705	406	775	365	584	316	417	825	312	391	612	760	384	617	475	450	316	678	315	151	1250	1686	425	336	612	520	465	858	468	435	388	393	899	507
