NAME : VRPTW_INSTANCE_235.txt
COMMENT : Bangkok Supermarket
TYPE : VRPTW
DIMENSION : 300
DAYS : Wednesday
EDGE_WEIGHT_TYPE : EXPLICIT
VEHICLES : 39
EDGE_WEIGHT_FORMAT : FULL_MATRIX
CAPACITY : 1000
EDGE_WEIGHT_SECTION
0	1879	264	418	331	408	1190	1658	1762	1695	814	485	761	1425	1116	1079	1213	621	833	314	386	1107	348	503	404	411	300	499	351	1036	366	201	1112	283	535	740	405	424	309	687	177	1017	118	593	79	362	284	39	373	862	983	1247	210	239	255	261	214	25	418	711	2061	544	200	258	539	382	1036	430	371	223	390	1745	1075	202	334	135	827	355	196	204	413	128	109	587	309	964	1422	977	532	199	401	692	819	1091	394	255	196	214	891	534	258	684	1142	732	496	211	586	1221	404	410	261	309	228	281	932	124	404	149	113	355	830	1665	901	309	448	586	196	1154	97	488	133	1126	586	185	215	1149	612	284	738	1929	170	170	1055	641	1028	365	121	624	419	711	1113	408	437	539	250	2163	155	165	667	1459	515	214	650	199	413	258	368	252	1213	399	3884	193	432	808	59	1149	288	3255	1190	170	595	280	82	794	373	358	228	657	221	437	75	170	206	229	1775	12	409	221	940	97	394	603	438	474	379	227	973	2811	1029	124	270	2256	89	402	213	990	1330	1213	212	204	977	601	525	3920	582	525	246	122	539	401	580	257	112	568	237	412	1263	1481	1020	491	1993	92	253	404	306	428	1532	104	1480	449	202	231	977	189	147	900	807	1190	1025	1005	395	530	19	230	290	1167	413	186	840	176	904	3189	185	1902	637	404	183	97	92	993	991	264	217	1036	1941	501	409	350	435	1077	1124	264	1321	3142	101	367	609	353	631	257
1879	0	1768	2151	2120	1498	688	297	3583	1646	1209	2288	1291	3234	948	1338	678	1599	1078	2040	1508	1493	2138	1724	1494	1492	1578	2301	2144	2915	2245	1684	2499	1597	2031	2516	2151	2158	1715	1380	1846	1336	1814	1383	1920	1517	1595	1917	2173	1191	1560	809	2005	1968	1682	1974	2009	1898	2151	1328	359	2029	1829	1622	1722	2184	1421	1449	1517	2075	2235	353	2953	1747	2213	1756	2668	2163	1685	2074	2252	1964	1963	1652	1715	1421	893	1081	2030	1751	2246	2324	1203	2508	2181	1682	1685	1821	1617	2020	1622	2538	1129	1911	2298	1837	1721	1542	1504	1498	1974	2028	1656	1872	1124	1765	2247	2026	1963	2148	1197	807	2779	2019	2248	2465	1685	1201	1948	2229	1997	760	1661	2047	2013	1369	2134	1595	1150	364	2048	2048	1269	2443	885	2172	1966	1667	1462	1326	1125	2151	2105	2026	2122	505	1844	1832	2408	3166	2383	1821	2343	1751	1489	2122	2173	1972	678	2241	2035	1686	2106	2667	1924	1369	2145	1544	688	2048	1667	2060	1831	1445	2173	2176	1810	1306	1738	2105	1950	2048	1723	2003	111	1891	2087	1961	1294	1948	2181	1665	2106	2309	2171	2081	1898	1064	1392	1765	1850	476	1929	2243	1956	1302	550	678	1723	1949	1079	1664	1374	2133	2269	1374	1968	1963	2026	2243	1971	1994	1931	1715	1967	2169	959	712	1304	2289	1971	1828	2082	2281	2024	1455	380	1923	431	2264	2060	1965	1081	1696	2015	1325	1207	688	1406	1438	1528	2016	1898	1966	1752	3045	2161	2035	1040	1833	1148	1323	1768	3757	2412	2158	2054	1893	1913	1301	1485	1768	1960	1421	2111	1715	2159	2143	2117	803	3003	1768	1689	1658	1892	2173	1404	2232	2164	1994
264	1768	0	386	353	448	1094	1522	1970	1433	850	519	819	1470	1120	830	1090	360	691	272	411	846	371	239	433	446	301	533	377	1176	543	196	1375	257	362	753	384	393	58	767	105	1115	335	399	234	342	266	278	406	901	720	1232	252	502	110	524	255	289	386	498	1911	367	78	240	275	637	780	396	390	341	479	1593	1232	382	520	178	1043	609	208	361	492	391	369	322	58	709	1212	999	359	84	489	608	852	1355	413	110	208	64	626	356	240	776	1197	491	530	77	322	958	449	453	524	260	210	522	961	186	489	377	374	381	864	1459	1040	251	700	748	208	1226	360	466	297	1008	321	330	259	896	463	266	621	1773	387	387	815	675	978	406	382	359	402	500	1165	385	354	363	404	2002	119	105	651	1704	719	64	600	84	446	392	407	515	1090	483	3735	227	353	1010	259	896	406	3210	1094	387	330	295	309	544	406	609	49	475	71	354	326	387	108	494	1671	272	331	485	702	360	413	338	355	710	403	349	719	2644	776	186	85	2178	236	485	476	748	1219	1090	373	466	998	336	525	3749	845	525	509	384	363	484	824	522	219	304	500	402	1287	1294	776	521	1728	318	508	599	256	347	1403	216	1350	497	447	494	999	193	313	989	840	1094	771	749	460	351	274	493	26	1307	394	439	739	97	935	3054	88	1989	647	391	349	193	215	751	731	0	480	780	1678	236	392	376	363	991	1269	0	1056	2931	361	407	398	538	490	522
418	2151	386	0	99	788	1481	1899	1700	1611	1202	153	1159	1084	1488	1099	1473	630	1073	118	756	1066	92	475	778	788	649	164	92	840	356	527	1386	612	251	366	17	7	437	1093	330	1430	536	771	339	703	618	390	98	1252	926	1608	208	590	485	611	204	421	0	851	2281	262	339	589	496	588	1029	766	737	232	194	1963	912	620	358	466	825	567	534	279	186	465	440	574	437	970	1542	1359	248	424	196	275	1205	1357	77	485	534	342	820	259	589	424	1542	524	162	327	525	1155	786	791	611	129	552	676	1318	463	194	379	446	91	1217	1789	711	136	626	478	534	1560	446	79	304	1392	567	269	203	1149	258	618	1008	2141	365	365	1107	293	1361	110	454	586	766	852	1512	14	79	258	272	2365	342	349	267	1527	525	342	233	424	790	245	106	602	1473	189	4100	544	73	769	360	1149	222	3595	1481	365	568	138	500	830	98	556	350	849	430	79	405	365	456	553	2056	413	77	576	1007	446	77	574	79	586	85	234	772	3000	1036	463	302	2564	329	189	570	1041	1603	1473	627	564	1359	574	887	4100	816	887	598	459	258	188	950	594	308	518	589	33	1648	1644	1064	151	1854	511	501	419	133	728	1782	317	1729	152	438	583	1359	517	300	1311	1193	1481	1027	997	787	259	407	582	400	969	20	453	1126	344	1290	3428	411	1610	261	29	292	336	330	1044	965	386	572	1029	1762	481	22	93	62	1378	936	386	1207	3243	498	107	759	367	263	594
331	2120	353	99	0	718	1442	1875	1662	1663	1132	169	1085	1127	1425	1124	1442	646	1044	94	689	1103	18	492	710	719	586	183	23	830	275	464	1292	552	322	419	82	103	409	1015	276	1348	448	751	254	643	557	299	53	1181	966	1548	127	492	439	512	123	331	99	842	2264	334	291	527	518	493	1059	708	671	133	139	1946	893	534	271	397	765	471	468	179	145	367	343	592	409	995	1547	1292	319	372	146	371	1136	1263	65	439	468	298	861	328	527	423	1467	589	181	283	553	1200	716	721	512	105	491	580	1249	393	145	280	349	28	1147	1794	696	116	534	430	468	1482	349	157	209	1359	587	171	121	1178	350	557	971	2126	265	265	1124	329	1309	53	356	611	705	844	1438	85	158	330	175	2353	282	292	336	1462	453	298	320	372	721	148	53	503	1442	139	4087	476	151	716	272	1178	129	3545	1442	265	590	60	413	846	53	461	309	828	383	158	310	265	403	454	2022	324	139	477	1019	349	65	597	158	500	52	135	840	2993	1062	393	276	2523	244	140	471	1057	1570	1442	543	466	1291	596	824	4097	722	824	500	361	330	139	851	494	226	543	490	83	1580	1639	1082	173	1918	423	402	339	107	678	1756	235	1703	144	338	484	1292	453	203	1230	1124	1442	1054	1026	713	327	318	483	372	961	87	353	1086	290	1221	3408	357	1637	313	76	193	259	248	1060	998	353	473	1059	1833	495	83	23	146	1336	925	353	1262	3258	405	53	746	283	358	494
408	1498	448	788	718	0	811	1301	2093	1627	414	883	373	1832	709	967	855	638	527	670	38	1052	736	611	20	8	146	897	741	1433	764	263	1196	191	810	1137	779	795	432	319	461	667	321	433	471	119	182	447	766	464	962	839	590	471	339	479	594	421	788	551	1711	815	459	208	641	687	956	118	59	629	796	1403	1463	248	731	322	1170	665	255	612	819	470	473	639	432	884	1176	573	808	377	808	1042	417	1188	783	339	255	461	901	804	208	1092	755	900	894	473	681	1174	7	5	479	660	241	387	530	325	810	543	472	745	429	1402	1300	656	752	982	255	779	458	865	540	768	644	593	597	1046	911	182	414	1588	567	567	915	1042	628	760	473	682	92	550	725	781	780	811	658	1824	446	441	1052	1720	887	461	1019	377	12	666	763	477	855	805	3523	243	777	1168	464	1046	695	2847	811	567	656	659	344	723	766	677	461	454	380	780	469	567	346	504	1391	419	753	463	802	458	783	663	781	811	769	633	1088	2473	938	325	523	1856	481	808	458	859	959	855	225	451	573	660	124	3580	802	124	472	470	811	807	595	498	494	662	470	791	862	1194	892	888	1964	338	583	792	657	192	1172	485	1122	849	567	468	573	271	555	541	406	811	940	933	41	799	426	469	453	1561	789	541	484	448	503	2819	386	2309	1031	781	591	459	472	863	938	448	462	956	1956	603	785	740	784	695	1517	448	1312	2864	397	762	478	749	937	498
1190	688	1094	1481	1442	811	0	502	2902	1418	578	1611	657	2565	434	881	127	982	424	1366	819	1040	1461	1085	806	805	890	1625	1466	2227	1557	998	1883	910	1387	1847	1478	1488	1044	737	1166	812	1126	731	1234	828	908	1229	1495	578	1056	384	1324	1282	1002	1290	1327	1210	1481	707	913	1386	1150	935	1090	1499	943	760	829	1390	1552	624	2265	1060	1525	1069	1982	1477	998	1387	1570	1276	1275	1029	1044	912	675	502	1386	1070	1563	1675	573	1886	1504	1002	998	1144	1079	1377	935	1856	662	1313	1622	1159	1099	1131	818	812	1290	1354	969	1191	530	1078	1564	1337	1275	1470	570	801	2092	1346	1563	1777	998	742	1259	1560	1311	127	1038	1361	1332	943	1493	908	472	803	1360	1360	799	1768	238	1493	1277	1053	773	705	640	1479	1441	1383	1435	1037	1163	1151	1743	2504	1694	1144	1684	1070	802	1436	1494	1287	127	1558	2712	998	1441	1979	1237	943	1460	2129	0	1360	1046	1382	1143	872	1495	1489	1134	658	1059	1441	1261	1360	1041	1316	584	1202	1421	1275	769	1259	1504	1046	1442	1623	1493	1396	1361	1679	911	1078	1178	1084	1243	1561	1270	801	152	127	1035	1263	500	1045	688	2781	1595	688	1283	1274	1383	1560	1319	1309	1246	1089	1282	1496	568	574	818	1613	1782	1139	1394	1592	1351	769	373	1238	329	1585	1372	1280	502	1010	1328	752	572	0	923	946	843	1372	1209	1280	1080	2357	1489	1347	356	1153	545	2007	1086	3077	1741	1485	1367	1208	1228	802	986	1094	1274	943	1861	1076	1486	1465	1452	117	2315	1094	1296	2144	1203	1494	762	1544	1524	1309
1658	297	1522	1899	1875	1301	502	0	3394	1366	1075	2040	1155	2976	869	1042	446	1324	832	1791	1304	1195	1893	1456	1293	1294	1361	2053	1899	2686	2021	1458	2381	1374	1763	2260	1900	1906	1466	1238	1607	1268	1605	1127	1692	1301	1374	1695	1928	1069	1266	756	1766	1772	1444	1781	1769	1679	1899	1059	411	1760	1587	1399	1451	1987	1126	1235	1310	1842	1996	144	2731	1546	1991	1529	2468	1963	1461	1845	2012	1754	1750	1378	1466	1127	599	976	1762	1514	2007	2057	1069	2386	1934	1444	1461	1578	1326	1752	1399	2298	1082	1628	2051	1594	1447	1245	1307	1301	1781	1779	1430	1685	1012	1539	2008	1807	1750	1903	1065	547	2550	1770	2052	2241	1461	1161	1734	1975	1769	533	1387	1817	1774	1071	1863	1374	919	304	1828	1828	973	2192	733	1928	1754	1391	1252	1057	1069	1900	1848	1758	1893	535	1607	1594	2150	3006	2170	1578	2081	1514	1290	1890	1929	1778	446	2002	2226	1465	1849	2460	1699	1071	1912	1842	502	1828	1392	1817	1618	1161	1928	1975	1566	1050	1499	1848	1731	1828	1487	1803	261	1670	1831	1763	1004	1734	1934	1390	1849	2107	1925	1849	1604	1177	1097	1539	1601	773	1700	2004	1757	1009	350	446	1521	1750	974	1389	1179	2281	2094	1179	1773	1751	1758	2003	1822	1799	1699	1442	1771	1919	936	418	1010	2041	1702	1616	1876	2062	1776	1229	129	1691	178	2019	1848	1768	976	1470	1787	1229	1070	502	1111	1143	1335	1747	1676	1769	1503	2818	1910	1825	821	1594	1031	1534	1531	3509	2158	1908	1827	1662	1683	1008	1190	1522	1762	1126	1832	1448	1908	1898	1861	617	2777	1522	1393	1665	1682	1929	1142	2011	1893	1799
1762	3583	1970	1700	1662	2093	2902	3394	0	3307	2390	1552	2311	1247	2688	2785	2949	2305	2590	1756	2090	2764	1650	2153	2101	2100	2042	1545	1645	909	1427	1962	1324	2037	1943	1488	1688	1696	2028	2219	1866	2391	1794	2351	1750	2100	2036	1729	1621	2419	2626	2837	1724	1622	2008	1613	1722	1738	1700	2464	3804	1954	1892	2014	2181	1408	2721	2164	2085	1630	1523	3494	814	1848	1450	1897	934	1432	1956	1608	1521	1651	1659	2253	2028	2657	3179	2540	1941	1942	1517	1756	2395	1292	1630	2008	1956	1905	2520	1953	2014	1300	2597	2214	1546	1892	2216	2856	2087	2093	1613	1766	1988	1711	2493	1886	1518	1615	1658	1642	2404	3424	1011	1777	1342	1232	1956	2561	1674	1658	1677	2862	2248	1640	1717	2841	1907	2036	2487	3679	1598	1598	2780	1473	2698	1614	1653	2274	2145	2465	2583	1690	1778	1951	1566	3914	1857	1871	1585	555	1253	1905	1675	1942	2104	1579	1615	1616	2949	1524	5615	1948	1773	959	1734	2841	1570	4783	2902	1598	2252	1703	1786	2503	1621	1422	1921	2419	1962	1778	1686	1598	1959	1592	3473	1750	1776	1631	2670	1674	1630	2259	1778	1292	1630	1622	2448	4564	2725	1886	1915	3895	1745	1523	1637	2713	3052	2949	1874	1644	2541	2258	2216	5672	1318	2216	1621	1654	1951	1524	1645	1595	1755	2206	1623	1667	2769	3244	2739	1557	3524	1786	1524	1372	1768	2182	3266	1760	3216	1548	1561	1626	2540	1951	1660	2338	2389	2902	2717	2689	2060	1954	1745	1625	1995	814	1681	1582	2575	1876	2465	4906	1925	1068	1532	1675	1622	1788	1765	2716	2660	1970	1633	2721	3404	2156	1680	1645	1761	2785	823	1970	2900	4900	1719	1615	2362	1431	1893	1595
1695	1646	1433	1611	1663	1627	1418	1366	3307	0	1768	1756	1809	2423	1808	661	1297	1074	1218	1574	1597	589	1672	1203	1607	1619	1553	1762	1676	2418	1928	1548	2785	1524	1364	1844	1624	1615	1386	1833	1533	2094	1739	1194	1664	1529	1532	1711	1698	1803	712	1798	1635	1926	1454	1946	1636	1721	1611	1076	1492	1354	1506	1533	1169	2068	674	1508	1585	1730	1798	1295	2503	1748	1915	1580	2429	2041	1560	1766	1796	1823	1802	1110	1386	747	784	1804	1366	1497	1803	1571	1765	2770	1685	1454	1560	1491	810	1355	1533	2009	2020	1092	1761	1499	1126	474	1633	1631	1946	1565	1536	1916	1803	1592	1801	1806	1807	1679	1771	845	2301	1555	2130	2089	1560	2092	1792	1649	1718	1302	1112	1736	1640	581	1402	1532	1310	1366	1813	1813	722	1840	1562	1707	1815	1077	1535	1076	1990	1623	1532	1356	1797	1469	1551	1537	1736	3119	2111	1491	1645	1497	1616	1777	1705	1938	1297	1796	2999	1578	1538	2378	1691	581	1776	3138	1418	1813	1104	1634	1723	917	1698	2040	1475	1176	1475	1532	1759	1813	1497	1923	1627	1704	1537	1909	827	1792	1685	1096	1532	2130	1687	1738	868	1914	689	1592	1455	2109	1665	1796	1900	770	1385	1297	1728	1890	1801	1099	1579	2876	2277	1579	1932	1817	1356	1795	2197	1948	1645	1140	1924	1645	1972	955	738	1750	364	1730	1941	1992	1564	1438	1352	1644	1327	1763	1879	1918	1804	1554	1731	1985	1756	1418	689	701	1666	1354	1706	1917	1406	2536	1631	1871	1350	1529	1799	2477	1510	2992	1782	1637	1761	1625	1645	767	707	1433	1905	674	466	1203	1632	1676	1549	1433	2512	1433	408	1851	1784	1705	1152	1931	1419	1948
814	1209	850	1202	1132	414	578	1075	2390	1768	0	1296	81	2239	310	1123	675	946	550	1084	446	1249	1150	969	424	413	554	1310	1154	1811	1154	675	1306	596	1208	1550	1194	1209	823	171	873	330	713	678	882	507	588	852	1180	51	1198	453	1004	814	739	814	1008	824	1202	752	1480	1212	870	617	992	1025	1144	456	465	1038	1205	1202	1830	628	1120	736	1501	1008	668	1017	1228	854	863	967	823	1083	1151	164	1206	786	1216	1453	5	1311	1197	739	668	871	1167	1201	617	1494	348	1254	1307	884	1023	1367	416	410	814	1074	652	704	118	740	1219	937	860	1159	15	1333	1681	1069	1082	1364	668	387	848	1280	948	603	974	1000	1011	1203	1312	588	463	1378	962	962	1051	1454	342	1173	859	1007	447	750	316	1195	1192	1208	1061	1610	860	854	1466	1957	1252	871	1433	786	412	1072	1176	815	675	1214	3244	657	1189	1514	872	1203	1102	2459	578	962	985	1074	742	957	1180	1024	869	649	787	1192	867	962	754	857	1098	824	1166	813	962	848	1197	990	1193	1156	1183	1042	1403	2245	1118	740	929	1507	893	1217	810	1015	728	675	610	806	164	988	325	3337	1072	325	813	855	1208	1216	761	838	907	1006	814	1206	448	1105	1045	1301	2127	734	946	1172	1071	520	948	897	907	1261	946	814	164	685	962	217	12	578	1125	1130	420	1196	832	815	850	1935	1203	919	422	860	89	2527	797	2701	1445	1196	996	873	885	1018	1151	850	813	1144	2157	959	1199	1153	1197	473	1890	850	1524	2723	784	1175	729	1137	1340	838
485	2288	519	153	169	883	1611	2040	1552	1756	1296	0	1246	957	1591	1253	1610	783	1211	248	855	1217	151	629	876	885	754	14	146	686	285	632	1328	721	391	255	147	148	574	1173	446	1500	598	914	413	811	726	449	118	1345	1078	1716	295	603	609	621	291	480	153	999	2427	402	461	696	650	544	1183	877	838	264	121	2108	759	685	301	565	698	529	636	297	96	492	472	727	574	1123	1695	1457	389	542	113	296	1300	1296	106	609	636	467	971	401	696	270	1627	664	11	451	679	1304	880	886	621	261	660	705	1413	559	109	398	477	141	1311	1942	558	270	568	345	636	1639	482	108	354	1527	721	304	287	1302	370	726	1139	2287	377	377	1261	159	1479	123	483	740	874	1000	1598	147	228	399	267	2512	452	462	193	1402	422	467	218	542	887	245	120	613	1610	110	4248	643	223	635	426	1302	213	3715	1611	377	722	230	564	984	118	514	477	991	552	228	448	377	573	559	2190	477	231	592	1160	482	106	728	227	509	117	261	905	3150	1190	559	439	2693	403	107	587	1195	1738	1610	697	584	1456	728	991	4251	761	991	610	488	399	107	950	599	389	672	602	125	1744	1794	1218	9	1989	574	488	338	264	848	1922	398	1869	40	436	597	1457	621	342	1385	1288	1611	1180	1150	876	402	469	596	537	815	137	458	1255	460	1385	3572	527	1469	152	136	317	424	410	1198	1118	519	588	1183	1888	634	138	147	211	1505	782	519	1349	3397	544	121	905	302	364	599
761	1291	819	1159	1085	373	657	1155	2311	1809	81	1246	0	2183	382	1157	750	947	594	1042	408	1276	1103	956	386	374	519	1260	1107	1744	1092	637	1226	562	1180	1501	1150	1166	797	92	834	314	655	687	832	477	554	799	1131	109	1217	528	957	745	709	744	961	769	1159	772	1561	1185	833	581	981	953	1172	434	429	985	1151	1281	1760	569	1059	693	1426	937	628	962	1175	792	803	962	797	1109	1213	233	1178	751	1162	1416	87	1230	1150	709	628	835	1180	1174	581	1436	383	1244	1257	847	1015	1396	374	369	744	1033	615	633	185	695	1165	878	800	1111	94	1401	1616	1028	1009	1299	628	406	789	1236	894	675	969	946	964	1237	1282	554	498	1458	903	903	1088	1403	421	1124	798	1004	421	770	353	1151	1154	1181	1005	1691	819	814	1421	1876	1184	835	1391	751	373	1017	1127	745	750	1160	3325	615	1151	1441	820	1237	1048	2527	657	903	981	1027	686	974	1131	954	834	667	753	1154	810	903	719	789	1179	771	1127	745	993	789	1150	986	1155	1085	1135	989	1405	2326	1148	695	896	1585	843	1163	743	1048	807	750	552	739	234	983	304	3418	993	304	743	794	1181	1163	680	768	858	997	745	1161	505	1174	1079	1251	2165	678	879	1107	1029	505	1028	849	986	1210	883	746	233	645	908	188	85	657	1153	1156	372	1169	778	747	821	1867	1159	855	474	821	156	2608	760	2636	1396	1151	940	826	836	1051	1175	819	745	1172	2187	947	1155	1106	1157	549	1821	819	1550	2800	723	1126	738	1075	1310	768
1425	3234	1470	1084	1127	1832	2565	2976	1247	2423	2239	957	2183	0	2541	2083	2556	1666	2156	1198	1807	1999	1108	1524	1827	1835	1709	943	1103	591	1099	1589	1856	1677	1222	718	1086	1077	1521	2103	1403	2409	1527	1851	1361	1768	1682	1387	1075	2286	1867	2670	1251	1468	1565	1477	1247	1415	1084	1919	3349	1226	1417	1652	1533	1306	2000	1834	1791	1203	1036	3032	662	1614	1132	1520	1022	1309	1592	1222	1013	1394	1381	1609	1521	1957	2569	2403	1222	1499	1024	932	2244	1816	1063	1565	1592	1422	1767	1233	1652	748	2558	1421	946	1407	1546	2050	1829	1835	1477	1210	1616	1583	2357	1513	1022	1305	1384	1099	2255	2810	657	1219	1280	918	1592	2560	1395	1005	1292	2476	1601	1240	1243	2110	1130	1682	2092	3205	1281	1281	2113	798	2436	1079	1387	1606	1829	1920	2531	1085	1128	1227	1178	3422	1410	1420	826	1469	1063	1422	897	1499	1837	1167	1077	1472	2556	1027	5155	1598	1128	950	1368	2110	1137	4672	2565	1281	1598	1187	1497	1855	1075	1290	1431	1928	1509	1128	1372	1281	1530	1420	3139	1415	1147	1462	2032	1395	1063	1602	1127	1190	1075	1199	1579	4045	2016	1513	1386	3648	1351	1024	1462	2053	2687	2556	1630	1463	2403	1602	1945	5130	1425	1945	1472	1391	1227	1025	1740	1452	1341	1547	1467	1068	2687	2692	2069	954	2549	1505	1330	1098	1214	1805	2863	1350	2810	987	1309	1464	2403	1577	1277	2304	2233	2565	2004	1970	1821	1237	1408	1463	1484	559	1075	1336	2209	1417	2329	4497	1484	570	823	1079	1243	1377	1362	2056	1927	1470	1461	2000	2388	1531	1078	1104	1116	2461	591	1470	2031	4210	1460	1077	1833	1118	1102	1452
1116	948	1120	1488	1425	709	434	869	2688	1808	310	1591	382	2541	0	1208	559	1147	639	1370	736	1354	1443	1200	715	707	839	1605	1448	2121	1462	961	1551	876	1467	1844	1481	1496	1085	473	1158	398	1019	869	1180	785	870	1154	1474	272	1333	149	1297	1125	1011	1124	1301	1127	1488	907	1253	1470	1151	899	1218	1335	1250	724	753	1338	1505	1009	2140	935	1428	1027	1808	1318	956	1320	1528	1162	1170	1178	1085	1201	1101	148	1465	1066	1517	1728	304	1561	1490	1011	956	1150	1325	1459	899	1799	228	1474	1602	1164	1242	1462	712	706	1124	1359	936	1014	196	1032	1519	1243	1168	1452	294	1235	1991	1353	1391	1674	956	308	1155	1567	1248	520	1186	1301	1304	1281	1573	870	601	1170	1268	1268	1129	1750	246	1468	1167	1214	722	905	207	1483	1471	1466	1365	1392	1146	1139	1755	2239	1562	1150	1715	1066	704	1374	1471	1125	559	1514	2969	948	1469	1823	1173	1281	1404	2149	434	1268	1197	1365	1046	1108	1474	1334	1145	818	1063	1471	1172	1268	1033	1167	837	1126	1446	1123	1064	1155	1490	1201	1472	1466	1476	1342	1587	2006	1220	1032	1203	1207	1190	1517	1120	1110	553	559	916	1116	147	1198	601	3081	1372	601	1123	1163	1466	1516	1047	1148	1202	1227	1124	1495	182	1008	1135	1596	2173	1039	1256	1481	1355	774	753	1193	724	1558	1255	1124	148	972	1264	377	314	434	1230	1244	721	1454	1134	1125	1115	2246	1491	1228	502	1144	225	2249	1078	3009	1738	1485	1298	1167	1181	1112	1274	1120	1123	1250	2231	1191	1488	1447	1477	379	2200	1120	1627	2535	1091	1470	915	1445	1603	1148
1079	1338	830	1099	1124	967	881	1042	2785	661	1123	1253	1157	2083	1208	0	782	480	580	1030	938	160	1137	632	947	958	901	1263	1142	1940	1364	911	2140	876	883	1408	1108	1105	776	1175	935	1453	1105	536	1063	872	883	1101	1168	1162	232	1229	1063	1297	827	1316	1065	1105	1099	415	1334	876	908	888	605	1461	88	848	926	1159	1263	1042	2012	1103	1344	954	1868	1434	922	1187	1267	1207	1188	531	776	130	503	1179	884	880	1270	1156	1121	2126	1162	827	922	894	318	872	888	1522	1403	663	1261	904	574	254	973	971	1316	1019	895	1274	1171	965	1269	1206	1193	1145	1128	731	1811	1008	1527	1552	922	1470	1177	1157	1127	754	536	1156	1070	80	959	883	660	1188	1218	1218	81	1373	964	1174	1201	513	875	416	1372	1107	1027	876	1226	1379	949	935	1293	2534	1544	894	1207	880	955	1209	1173	1308	782	1263	3089	939	1030	1830	1087	80	1216	2883	881	1218	533	1081	1094	286	1168	1436	877	515	858	1027	1149	1218	873	1301	1279	1089	1022	1281	166	1177	1162	527	1027	1540	1160	1167	572	1973	67	965	873	1812	1066	1264	1272	109	906	782	1082	1263	1177	528	918	3048	1656	918	1302	1201	876	1263	1544	1321	1050	581	1295	1130	1384	660	78	1250	1009	1099	1332	1423	1017	780	970	1047	927	1249	1275	1290	1179	919	1143	1338	1111	881	79	114	1007	870	1092	1289	803	2068	1117	1263	718	928	1163	2463	895	2646	1323	1120	1177	1023	1045	106	160	830	1277	88	1034	628	1117	1142	1043	859	2036	830	419	2147	1159	1173	498	1362	986	1321
1213	678	1090	1473	1442	855	127	446	2949	1297	675	1610	750	2556	559	782	0	937	400	1362	858	943	1461	1053	848	848	916	1623	1466	2245	1578	1015	1969	930	1359	1838	1472	1480	1036	824	1170	929	1159	707	1249	855	929	1251	1495	681	971	511	1329	1326	1006	1335	1333	1234	1473	661	855	1357	1152	955	1053	1541	850	788	864	1402	1559	549	2288	1100	1547	1086	2021	1517	1017	1403	1576	1307	1304	987	1036	826	548	617	1358	1076	1570	1651	669	1970	1503	1006	1017	1144	1004	1348	955	1862	787	1261	1620	1159	1057	1027	862	856	1335	1350	987	1242	640	1095	1571	1362	1304	1470	668	678	2109	1341	1607	1798	1017	867	1288	1551	1327	87	996	1376	1337	839	1463	929	476	733	1383	1383	701	1764	345	1494	1308	1007	805	659	764	1473	1428	1355	1451	970	1169	1157	1731	2567	1724	1144	1667	1076	845	1449	1496	1332	0	1565	2672	1020	1428	2014	1256	839	1472	2169	127	1383	1003	1383	1172	806	1495	1529	1133	630	1062	1428	1286	1383	1048	1357	584	1225	1409	1318	685	1288	1503	1003	1429	1661	1493	1408	1288	1618	818	1095	1172	1108	1258	1568	1311	711	137	0	1075	1304	614	1001	735	2724	1652	735	1328	1305	1355	1567	1393	1353	1258	1049	1325	1491	696	450	725	1611	1659	1170	1430	1618	1346	785	319	1250	268	1587	1402	1323	617	1027	1344	861	667	127	831	856	890	1344	1232	1323	1073	2376	1483	1378	374	1157	652	1976	1092	3079	1734	1480	1384	1220	1241	711	898	1090	1316	850	1744	1044	1481	1465	1440	202	2334	1090	1192	2051	1236	1495	730	1566	1494	1353
621	1599	360	630	646	638	982	1324	2305	1074	946	783	947	1666	1147	480	937	0	560	552	601	486	660	154	617	631	522	794	665	1469	884	486	1720	484	444	964	636	636	312	928	463	1261	670	278	594	521	493	638	692	996	362	1224	584	853	385	874	586	647	630	276	1683	440	436	485	135	997	422	531	582	680	784	1368	1537	691	865	509	1389	969	499	709	790	749	728	57	312	354	914	1061	444	423	792	737	947	1702	688	385	499	421	277	433	485	1054	1285	333	792	430	122	599	642	643	874	540	479	853	1035	520	791	736	733	668	957	1160	1338	530	1060	1073	499	1333	718	694	653	869	65	678	590	540	540	493	552	1539	745	745	478	914	945	697	741	71	553	278	1251	636	562	439	746	1755	479	465	849	2062	1065	421	771	423	630	730	696	865	937	785	3489	518	565	1350	619	540	736	3105	982	745	68	602	652	201	692	970	405	335	401	562	686	745	425	849	1514	630	553	836	377	718	688	66	563	1067	684	688	458	2382	421	520	394	2044	595	786	827	412	1074	937	674	818	1060	65	648	3477	1203	648	860	743	439	786	1146	875	577	119	851	658	1328	1026	436	781	1378	659	869	944	538	453	1219	575	1167	775	808	845	1061	490	667	1135	934	982	415	390	669	429	632	845	333	1599	646	799	668	457	1016	2831	436	2217	870	648	700	553	575	415	371	360	832	422	1342	150	645	664	577	904	1565	360	707	2614	711	696	232	883	570	875
833	1078	691	1073	1044	527	424	832	2590	1218	550	1211	594	2156	639	580	400	560	0	962	517	719	1063	661	513	519	548	1224	1068	1854	1193	632	1714	553	964	1438	1072	1080	637	631	774	876	795	309	862	491	554	869	1097	586	694	686	933	977	611	989	937	856	1073	289	1229	963	755	576	665	1184	613	432	517	1010	1164	912	1902	750	1164	701	1656	1159	636	1015	1180	938	931	605	637	562	654	598	963	681	1174	1254	547	1708	1104	611	636	746	693	954	576	1466	824	893	1221	762	675	831	534	530	989	950	605	909	591	712	1176	982	933	1072	553	875	1719	941	1252	1412	636	889	916	1151	939	321	614	986	942	658	1070	554	114	1096	1003	1003	505	1365	406	1096	937	631	454	287	792	1073	1028	960	1062	1329	775	762	1331	2242	1348	746	1268	681	515	1059	1098	985	400	1169	3054	642	1028	1641	871	658	1080	2553	424	1003	623	985	803	476	1097	1169	735	234	666	1028	908	1003	656	1001	983	846	1009	966	427	916	1104	624	1029	1297	1094	1017	965	1978	585	712	772	1501	870	1172	959	476	532	400	725	950	596	622	428	3086	1324	428	980	935	960	1171	1115	1004	867	665	976	1091	819	667	504	1212	1577	803	1065	1237	947	407	711	860	659	1188	1030	972	598	644	957	767	538	424	593	605	568	949	852	972	674	1986	1083	1008	138	761	584	2366	699	2680	1334	1080	997	830	852	478	635	691	963	613	1614	652	1081	1067	1039	344	1946	691	993	2339	870	1097	338	1183	1101	1004
314	2040	272	118	94	670	1366	1791	1756	1574	1084	248	1042	1198	1370	1030	1362	552	962	0	638	1011	108	398	660	670	531	261	113	922	356	409	1344	493	256	482	113	126	325	977	211	1317	431	665	235	584	499	291	142	1134	874	1489	109	511	368	533	106	321	118	752	2178	266	220	470	424	549	965	647	619	175	232	1859	987	512	346	348	854	525	415	221	238	382	356	498	325	901	1455	1241	252	305	240	380	1087	1317	143	368	415	224	769	259	470	512	1425	510	259	209	460	1109	669	674	533	12	434	585	1199	346	239	307	362	117	1099	1702	789	22	597	523	415	1444	358	198	219	1280	493	201	107	1085	308	499	893	2039	299	299	1030	402	1243	145	371	518	647	754	1395	114	123	262	236	2265	224	230	386	1547	537	224	349	305	672	211	145	524	1362	233	4000	426	118	807	260	1085	203	3478	1366	299	496	63	395	752	142	517	232	742	312	123	315	299	337	479	1943	311	96	495	925	358	143	503	124	573	136	181	762	2904	969	346	190	2449	226	234	488	963	1491	1362	517	482	1240	502	768	4006	778	768	519	375	262	234	872	519	202	450	510	130	1530	1549	988	249	1835	406	444	420	15	610	1674	209	1621	230	376	504	1241	399	220	1196	1075	1366	961	933	670	257	305	503	288	1053	123	385	1011	225	1172	3323	292	1718	376	119	227	224	222	966	905	272	491	965	1755	401	120	113	121	1262	1017	272	1175	3164	403	145	657	361	323	519
386	1508	411	756	689	38	819	1304	2090	1597	446	855	408	1807	736	938	858	601	517	638	0	1020	707	572	21	34	110	869	712	1417	746	229	1217	154	773	1108	748	763	394	357	427	705	306	402	445	80	145	425	738	496	928	863	561	468	302	478	565	401	756	523	1713	778	425	172	602	682	925	92	20	604	771	1404	1449	242	714	291	1164	659	222	590	794	457	458	601	394	853	1161	603	771	342	783	1008	449	1208	754	302	222	426	866	767	172	1069	789	861	866	439	642	1142	42	43	478	628	206	392	561	296	785	525	457	716	461	1390	1283	623	748	965	222	815	442	834	516	771	606	569	568	1018	874	145	406	1589	548	548	888	1014	644	732	459	644	66	522	758	750	746	774	636	1824	414	408	1022	1725	875	426	987	342	35	643	735	474	858	780	3529	212	744	1159	440	1018	671	2869	819	548	618	630	326	691	738	671	425	428	344	746	450	548	310	498	1402	397	720	459	775	442	754	625	747	804	741	609	1049	2474	908	296	487	1872	455	783	453	832	965	858	217	446	603	622	139	3582	807	139	470	456	774	782	615	495	466	623	467	761	892	1185	864	860	1933	322	574	777	625	159	1176	457	1126	822	553	464	603	239	532	578	437	819	909	901	70	762	404	465	415	1546	758	528	484	414	534	2826	351	2288	1002	751	569	431	445	835	905	411	457	925	1922	564	754	711	751	704	1502	411	1278	2856	384	734	446	732	901	495
1107	1493	846	1066	1103	1052	1040	1195	2764	589	1249	1217	1276	1999	1354	160	943	486	719	1011	1020	0	1115	624	1031	1044	967	1225	1119	1899	1359	958	2196	937	832	1347	1076	1070	798	1286	949	1579	1149	619	1080	948	945	1125	1143	1291	139	1382	1060	1336	864	1356	1062	1133	1066	510	1472	823	922	945	592	1483	105	933	1006	1157	1242	1188	1976	1159	1342	991	1863	1456	971	1189	1243	1235	1214	527	798	169	635	1316	833	908	1248	1084	1248	2180	1134	864	971	907	245	821	945	1482	1543	583	1223	916	552	122	1058	1056	1356	1001	946	1327	1306	1002	1247	1222	1219	1122	1255	847	1774	991	1546	1534	971	1607	1204	1115	1137	913	530	1159	1066	128	894	945	787	1327	1231	1231	241	1323	1113	1151	1228	498	959	511	1511	1075	989	824	1224	1508	965	952	1233	2544	1541	907	1144	908	1041	1205	1149	1348	943	1241	3201	989	993	1819	1106	128	1207	3037	1040	1231	523	1068	1133	330	1143	1456	891	615	886	989	1172	1231	907	1335	1436	1116	988	1319	291	1204	1134	516	989	1551	1134	1164	444	2084	133	1002	875	1967	1081	1241	1310	245	1066	943	1139	1301	1314	517	1018	3145	1689	1018	1342	1229	824	1241	1610	1359	1062	564	1334	1098	1532	803	222	1212	913	1140	1355	1421	1000	860	1128	1060	1085	1217	1294	1328	1316	964	1151	1462	1237	1040	125	120	1090	819	1118	1328	820	2024	1084	1286	858	943	1296	2589	921	2566	1270	1089	1182	1040	1061	243	117	846	1315	105	912	623	1085	1119	1006	1013	1994	846	275	2213	1195	1149	573	1360	918	1359
348	2138	371	92	18	736	1461	1893	1650	1672	1150	151	1103	1108	1443	1137	1461	660	1063	108	707	1115	0	505	728	737	604	165	5	814	271	483	1295	570	326	400	74	94	427	1032	295	1365	464	769	271	661	576	315	34	1200	977	1567	146	503	458	523	142	347	92	859	2282	337	310	546	531	496	1071	727	689	144	126	1963	878	550	270	416	757	475	487	189	130	380	356	606	427	1008	1563	1310	323	391	133	359	1154	1266	47	458	487	317	872	332	546	406	1485	595	162	301	565	1210	734	739	523	120	509	593	1267	411	132	291	362	9	1166	1810	681	131	536	419	487	1500	363	143	224	1378	600	183	139	1191	348	576	989	2143	275	275	1138	310	1328	37	369	624	724	861	1456	77	158	333	180	2370	301	311	319	1455	447	317	306	391	740	153	36	514	1461	126	4105	495	151	706	288	1191	131	3564	1461	275	603	79	429	861	34	464	328	846	402	158	324	275	422	464	2040	341	142	489	1034	363	47	610	158	499	33	145	846	3010	1076	411	294	2542	261	127	483	1072	1589	1461	560	478	1310	609	842	4113	725	842	511	374	333	126	861	505	244	556	501	70	1598	1656	1096	154	1925	439	409	335	123	697	1774	253	1721	125	347	496	1310	472	217	1248	1142	1461	1067	1039	731	331	334	495	390	945	77	363	1105	309	1239	3426	376	1618	294	66	204	277	266	1075	1010	371	485	1071	1838	510	73	4	144	1354	909	371	1270	3273	419	36	763	281	354	505
503	1724	239	475	492	611	1085	1456	2153	1203	969	629	956	1524	1200	632	1053	154	661	398	572	624	505	0	592	606	475	639	510	1315	736	406	1614	431	307	815	482	481	207	922	332	1266	571	354	463	492	441	513	537	1020	491	1292	437	741	300	763	438	527	475	397	1824	304	306	425	36	866	570	522	552	533	630	1508	1383	608	719	410	1241	839	420	565	636	627	604	100	207	504	1067	1100	306	317	638	600	970	1594	533	300	420	291	392	296	425	899	1315	289	637	297	83	730	614	616	763	386	408	758	1068	419	637	603	610	514	981	1314	1184	376	927	920	420	1355	596	541	515	979	95	535	443	689	410	441	629	1682	609	609	633	762	1018	542	619	126	539	399	1282	481	409	302	600	1901	351	339	701	1920	918	291	627	317	605	582	542	754	1053	631	3636	440	412	1199	491	689	586	3214	1085	609	100	449	547	355	537	838	276	427	297	409	560	609	329	732	1636	510	399	724	531	596	533	108	410	927	529	541	490	2531	572	419	252	2160	463	632	715	567	1189	1053	596	706	1098	106	651	3628	1081	651	748	621	302	631	1058	761	442	65	739	503	1378	1174	591	626	1491	556	740	797	384	450	1347	441	1294	620	676	733	1100	407	528	1139	957	1085	564	537	635	291	511	732	215	1444	492	670	750	329	1046	2973	325	2069	719	493	558	424	444	570	512	239	719	570	1438	9	491	510	424	997	1410	239	820	2769	600	542	323	736	441	761
404	1494	433	778	710	20	806	1293	2101	1607	424	876	386	1827	715	947	848	617	513	660	21	1031	728	592	0	14	132	890	733	1433	763	251	1214	176	795	1129	770	785	416	335	449	683	321	413	465	99	167	443	759	475	941	843	582	478	324	487	586	419	778	531	1703	800	447	194	621	693	935	99	42	623	791	1395	1464	253	730	312	1176	670	244	608	813	472	474	619	416	864	1161	582	792	364	802	1030	427	1205	775	324	244	448	881	789	194	1088	768	881	887	461	661	1154	26	25	487	650	228	398	540	316	805	542	473	737	439	1388	1299	645	759	982	244	793	458	856	535	761	624	588	589	1027	896	167	401	1579	565	565	895	1035	627	753	474	662	72	531	736	771	768	796	655	1815	435	430	1043	1731	889	448	1008	364	13	662	755	484	848	799	3517	233	765	1172	459	1027	691	2850	806	565	636	651	343	703	759	683	447	435	366	768	467	565	332	510	1388	415	742	470	783	458	775	643	769	816	761	628	1068	2465	918	316	509	1856	475	803	464	840	953	848	229	457	581	640	122	3572	813	122	480	471	796	802	612	505	487	642	477	782	870	1181	872	880	1944	338	587	792	646	171	1165	478	1115	842	568	475	582	260	551	557	415	806	919	912	60	784	422	475	437	1562	779	542	475	436	512	2813	373	2306	1023	772	587	451	465	843	917	433	468	935	1935	584	775	732	773	690	1518	433	1291	2852	399	755	457	748	923	505
411	1492	446	788	719	8	805	1294	2100	1619	413	885	374	1835	707	958	848	631	519	670	34	1044	737	606	14	0	144	899	742	1438	768	262	1205	188	808	1138	780	795	429	322	460	670	325	425	473	113	180	450	768	464	955	836	591	478	336	486	595	425	788	543	1704	813	458	206	636	694	948	110	55	631	799	1396	1468	254	735	322	1177	671	255	615	821	475	478	633	429	876	1167	572	805	376	810	1041	417	1197	784	336	255	460	894	802	206	1095	756	895	896	472	675	1166	15	12	486	660	240	395	530	326	813	547	477	746	429	1394	1304	655	759	986	255	781	462	866	542	761	638	595	598	1038	909	180	406	1581	571	571	906	1044	623	762	478	676	84	542	725	781	779	808	662	1817	446	441	1053	1728	892	460	1019	376	3	669	764	483	848	807	3516	243	777	1174	466	1038	698	2844	805	571	650	660	348	716	768	684	459	446	379	779	472	571	344	510	1385	422	753	470	794	462	784	657	781	817	771	636	1082	2466	930	326	521	1852	483	810	464	851	952	848	230	457	572	654	118	3573	809	118	479	475	808	810	603	505	495	656	477	792	861	1186	884	889	1956	342	589	796	657	184	1165	486	1115	851	571	475	572	271	558	544	405	805	931	925	50	797	429	475	450	1566	789	546	477	447	502	2812	385	2312	1032	782	594	461	474	854	930	446	468	948	1948	598	786	741	784	689	1522	446	1304	2856	402	764	470	753	936	505
300	1578	301	649	586	146	890	1361	2042	1553	554	754	519	1709	839	901	916	522	548	531	110	967	604	475	132	144	0	768	609	1337	666	122	1239	45	664	1005	642	657	288	466	319	813	247	367	350	61	36	339	636	605	866	962	459	432	193	446	463	319	649	492	1767	669	315	62	507	636	878	130	89	509	676	1454	1375	211	635	189	1110	611	117	500	697	392	388	515	288	805	1170	710	661	232	687	898	557	1226	651	193	117	316	795	658	62	977	899	761	765	329	550	1089	147	151	446	521	97	381	669	195	689	447	388	613	569	1406	1202	515	704	887	117	925	372	728	425	829	519	476	466	978	764	36	445	1638	469	469	859	913	731	631	392	558	121	492	868	643	637	664	548	1873	307	300	916	1701	808	316	879	232	145	551	633	441	916	684	3588	111	634	1098	349	978	578	2964	890	469	531	526	257	637	636	620	315	411	234	637	371	469	200	454	1474	312	611	420	743	372	651	538	638	749	638	515	960	2522	864	195	377	1957	360	687	412	798	1030	916	187	404	709	535	238	3631	788	238	436	390	664	686	644	459	368	530	431	655	999	1210	831	758	1879	256	518	703	517	142	1235	359	1184	722	486	427	710	132	441	687	545	890	864	852	162	653	319	427	307	1467	652	463	541	306	642	2891	242	2199	898	645	480	331	347	802	851	301	417	878	1858	468	648	608	642	777	1424	301	1217	2880	322	633	402	654	791	459
499	2301	533	164	183	897	1625	2053	1545	1762	1310	14	1260	943	1605	1263	1623	794	1224	261	869	1225	165	639	890	899	768	0	160	677	293	647	1334	735	398	241	158	158	587	1187	460	1514	612	927	427	826	740	463	132	1359	1086	1731	309	615	623	632	305	494	164	1011	2439	408	474	710	660	553	1192	891	852	278	131	2121	751	699	310	579	696	538	651	310	106	505	485	738	587	1133	1706	1471	396	556	123	291	1314	1302	120	623	651	481	979	407	710	260	1641	670	2	465	688	1312	895	900	632	274	674	718	1427	574	119	411	490	155	1325	1953	549	283	575	343	651	1653	495	113	368	1541	731	318	301	1311	373	740	1153	2300	390	390	1271	145	1493	137	496	750	888	1013	1612	158	236	406	279	2525	466	476	182	1401	425	481	211	556	901	258	134	625	1623	121	4260	658	232	633	440	1311	226	3729	1625	390	732	244	578	995	132	523	491	1004	566	236	462	390	587	571	2204	491	241	604	1171	495	120	738	236	515	131	275	910	3162	1199	574	452	2707	417	117	600	1205	1752	1623	711	597	1471	738	1005	4263	769	1005	622	501	406	118	961	611	403	682	614	137	1758	1806	1228	12	1993	587	499	344	277	862	1935	412	1883	52	448	609	1471	636	356	1399	1302	1625	1190	1159	890	409	483	608	550	805	148	470	1269	474	1399	3585	541	1456	139	147	331	438	425	1208	1126	533	600	1192	1891	645	149	161	220	1519	773	533	1355	3407	557	135	917	310	365	611
351	2144	377	92	23	741	1466	1899	1645	1676	1154	146	1107	1103	1448	1142	1466	665	1068	113	712	1119	5	510	733	742	609	160	0	808	269	487	1294	575	329	396	75	95	433	1036	300	1369	468	774	275	666	580	319	29	1204	981	1572	150	504	463	524	146	350	92	865	2288	340	315	551	536	496	1076	731	694	146	122	1969	873	554	268	420	753	475	492	190	125	382	358	611	433	1013	1568	1314	326	396	128	358	1158	1265	42	463	492	322	876	335	551	401	1489	598	157	306	570	1214	738	744	524	125	514	595	1271	416	127	293	364	4	1170	1816	675	136	534	414	492	1503	365	140	227	1383	605	185	143	1196	349	580	994	2149	276	276	1143	305	1333	32	371	629	728	866	1460	77	160	336	180	2376	306	316	315	1451	443	322	303	396	744	153	31	516	1466	121	4110	499	154	701	292	1196	130	3569	1466	276	608	84	432	866	29	463	333	851	407	160	327	276	427	465	2046	344	145	490	1039	365	42	615	160	497	28	147	849	3016	1080	416	299	2547	265	122	485	1077	1594	1466	564	480	1314	614	847	4119	724	847	512	376	336	121	862	506	248	561	503	69	1603	1661	1101	149	1928	443	410	333	128	702	1780	257	1727	120	348	497	1314	476	219	1251	1146	1466	1072	1044	735	335	337	496	396	939	77	364	1110	314	1243	3431	381	1613	290	65	206	281	270	1080	1015	377	486	1076	1841	515	73	0	146	1360	903	377	1274	3278	422	31	768	278	355	506
1036	2915	1176	840	830	1433	2227	2686	909	2418	1811	686	1744	591	2121	1940	2245	1469	1854	922	1417	1899	814	1315	1433	1438	1337	677	808	0	671	1230	1265	1317	1066	581	833	835	1234	1657	1082	1927	1112	1575	995	1399	1319	998	780	1853	1759	2261	924	999	1243	1002	921	1018	840	1672	3083	1075	1104	1292	1337	801	1868	1467	1405	844	697	2765	101	1190	703	1159	435	813	1229	841	685	963	959	1414	1234	1810	2377	1975	1065	1173	687	852	1816	1226	782	1243	1229	1114	1653	1077	1292	417	2099	1329	679	1099	1366	1980	1428	1434	1002	934	1259	1113	1927	1150	687	892	961	805	1827	2624	135	945	759	451	1229	2088	975	783	917	2159	1408	869	916	1987	1016	1319	1768	2947	869	869	1947	578	2061	777	960	1427	1456	1673	2076	833	913	1074	793	3177	1080	1093	683	943	561	1114	774	1173	1441	795	777	1000	2245	693	4908	1228	909	369	990	1987	774	4270	2227	869	1409	882	1090	1670	780	795	1128	1650	1189	913	967	869	1198	954	2812	1024	918	999	1846	975	782	1415	912	672	787	837	1551	3820	1876	1150	1104	3289	986	691	1001	1882	2365	2245	1211	1005	1975	1414	1555	4925	870	1555	1002	963	1074	692	1208	978	987	1359	999	811	2246	2468	1905	690	2620	1095	865	641	937	1460	2563	994	2511	694	868	998	1975	1218	900	1835	1807	2227	1867	1836	1411	1079	1017	997	1197	131	823	895	1875	1095	1898	4220	1156	901	635	821	860	1024	1003	1884	1802	1176	998	1868	2496	1320	824	809	897	2114	96	1176	2010	4084	1036	777	1573	684	998	978
