NAME : VRPTW_INSTANCE_31.txt
COMMENT : Bangkok Supermarket
TYPE : VRPTW
DIMENSION : 309
DAYS : Tuesday
EDGE_WEIGHT_TYPE : EXPLICIT
VEHICLES : 41
EDGE_WEIGHT_FORMAT : FULL_MATRIX
CAPACITY : 1000
EDGE_WEIGHT_SECTION
0	453	201	264	474	153	432	404	652	128	1068	355	111	109	101	145	1739	358	401	145	258	1040	2424	996	350	221	3003	589	842	820	283	51	300	395	205	371	1684	607	34	617	1221	349	481	46	1013	1058	1591	949	873	539	379	844	1123	192	402	214	506	2629	92	449	379	747	1007	191	932	325	124	34	525	135	891	258	1727	221	1076	77	193	367	215	394	2268	212	124	119	264	196	395	215	629	885	525	400	610	223	785	620	622	365	399	135	399	482	513	1114	373	978	130	412	371	207	1198	961	135	413	166	605	1321	349	78	170	1906	85	404	212	1078	1321	1164	400	1028	401	932	464	484	607	352	1801	346	413	978	300	221	815	264	1022	965	451	1179	1120	525	440	396	196	344	344	1213	284	165	1135	196	1445	1041	422	1052	422	1004	1037	438	525	595	38	696	300	300	193	611	1418	373	1120	464	212	2053	2907	496	610	165	1627	694	388	307	217	581	645	1521	629	78	395	1010	1081	1078	419	415	437	534	1994	398	976	150	213	418	962	1426	1473	1758	619	525	1010	284	3003	86	91	1073	820	779	330	2061	376	940	420	418	367	394	97	222	2979	308	38	89	113	524	1003	687	37	185	309	97	2162	145	541	398	195	2200	529	992	444	724	964	2008	23	371	842	301	549	764	915	815	383	124	1793	1265	3761	248	207	415	620	957	1064	350	398	409	964	1627	155	154	560	601	46	128	1027	498	113	1032	177	103	73	283	91	244	314	753	155	290	59	300	428	358	981	950	437	179
453	0	651	632	515	583	486	48	201	378	1451	274	371	372	367	348	2153	255	228	519	711	1492	2838	1393	103	629	3436	906	1248	1239	736	446	753	839	391	818	2112	928	424	939	1541	341	321	474	1368	1432	1142	656	483	671	331	731	670	553	50	381	320	3077	508	286	331	1153	1453	303	1346	747	571	424	968	339	1202	241	2167	265	1459	503	646	311	265	216	2707	625	571	375	632	300	824	265	895	1252	968	57	546	244	1161	515	599	316	224	581	224	49	641	732	319	1153	352	394	818	395	1590	1365	441	233	287	966	1608	335	507	283	2256	498	841	625	1531	1608	1602	57	1473	852	1346	913	315	928	334	2248	106	853	1338	753	629	1214	632	1380	1355	785	1631	1542	968	677	248	649	331	331	1666	737	536	690	649	1858	1430	870	1429	870	576	1414	498	968	921	416	445	753	753	646	931	1121	80	1547	913	625	2502	3344	324	546	536	1900	303	840	658	290	886	293	1975	928	415	839	1360	1533	1531	870	865	497	671	2280	224	1378	309	292	415	1319	1878	1038	2039	712	968	1360	737	3436	504	481	1457	1239	327	783	2514	274	486	868	415	310	338	387	424	3418	444	416	414	373	667	1369	1073	448	593	452	387	2610	348	328	224	298	2505	669	1445	763	1144	1324	2245	435	818	1295	216	100	1121	1260	1263	70	571	2241	1608	4210	612	430	860	511	1403	1438	125	224	480	1324	1900	522	574	463	927	474	377	1419	929	373	1397	540	513	493	736	481	287	139	1156	594	657	411	753	881	255	1382	1400	497	312
201	651	0	196	550	90	514	603	851	314	894	543	305	303	299	338	1546	549	567	231	63	840	2231	815	548	125	2804	480	658	677	89	225	122	238	331	210	1519	494	227	501	1077	483	627	195	855	888	1783	1090	1047	556	516	989	1321	187	601	344	655	2428	190	601	516	619	827	387	790	229	80	227	360	318	763	438	1526	403	902	182	33	511	399	563	2091	190	80	309	196	371	269	399	550	788	360	600	702	413	621	726	696	508	566	71	566	677	608	1310	514	921	325	529	210	330	1069	777	246	578	365	462	1193	485	177	370	1739	195	262	190	880	1193	964	600	848	223	790	263	632	494	488	1600	544	264	817	122	125	636	196	862	789	350	986	966	360	417	588	13	482	482	1015	93	178	1336	13	1254	864	252	880	252	1205	866	515	360	479	236	839	122	122	33	497	1594	571	962	263	190	1852	2731	642	702	178	1499	874	188	235	390	481	843	1323	528	262	238	854	882	880	241	237	514	549	1856	565	793	351	386	527	804	1227	1658	1625	642	360	854	93	2804	189	183	898	677	975	150	1862	564	1137	250	527	511	529	288	372	2778	397	236	245	305	537	839	521	203	123	393	288	1961	338	691	565	392	2052	543	798	357	582	804	1892	222	210	650	480	749	613	765	614	582	80	1607	1172	3560	195	356	254	727	778	895	542	565	490	804	1499	184	171	672	484	195	314	848	356	305	930	186	193	192	89	183	410	512	572	70	208	240	122	230	549	798	762	514	355
264	632	196	0	382	135	353	589	831	392	825	609	370	369	355	403	1521	609	484	374	240	904	2206	762	534	71	2806	324	616	848	257	313	301	419	246	390	1660	342	266	352	958	371	512	293	757	810	1718	953	951	363	403	1109	1286	82	587	258	541	2464	318	497	403	801	955	442	961	426	186	266	525	304	626	392	1544	367	833	302	227	406	368	485	2212	373	186	381	0	331	460	368	372	978	525	591	537	390	536	569	520	401	485	178	484	644	763	1344	406	736	386	394	390	242	1245	733	194	492	380	347	1056	375	300	387	1652	318	449	373	962	1056	981	591	978	387	961	347	519	342	378	1634	531	446	724	301	71	582	0	767	726	186	1082	1124	525	220	646	208	374	374	1090	266	105	1321	208	1225	802	422	806	422	1208	790	351	525	330	276	711	301	301	227	346	1673	559	1117	347	373	1893	2853	526	537	105	1362	794	302	43	342	317	875	1394	365	343	419	752	953	962	402	399	350	356	1730	484	746	387	339	386	707	1295	1573	1494	448	525	752	266	2806	313	180	831	848	933	323	1926	630	1098	420	386	407	413	360	486	2792	258	276	236	373	343	751	443	238	88	251	360	2001	403	577	484	446	1937	349	893	181	756	709	1744	287	390	757	425	732	507	656	667	570	186	1715	1361	3600	20	470	430	571	909	816	508	484	331	709	1362	119	336	522	336	293	391	790	538	373	1118	97	327	308	257	180	349	501	524	151	26	259	301	347	609	750	876	350	321
474	515	550	382	0	461	42	495	668	542	1044	661	514	514	495	530	1769	650	288	619	607	1259	2441	1010	461	439	3071	483	893	1225	629	518	670	788	272	759	2042	504	446	515	1069	185	226	521	932	1014	1422	583	637	164	185	1194	1052	362	494	266	247	2774	566	244	185	1170	1337	534	1338	765	496	446	903	380	738	337	1845	351	1051	550	572	206	360	299	2589	674	496	528	382	339	817	360	430	1334	903	509	154	380	768	189	148	202	292	496	291	497	955	1235	198	637	515	121	759	269	1619	994	341	285	442	580	1114	189	550	448	1792	560	813	674	1326	1114	1295	509	1359	764	1338	728	235	504	189	1950	461	814	912	670	439	850	382	948	964	414	1452	1506	903	247	672	558	195	195	1448	636	373	1122	558	1477	1032	797	1017	797	1048	1001	36	903	504	450	361	670	670	572	506	1636	481	1499	728	674	2212	3229	234	154	373	1398	522	685	370	324	455	808	1745	484	523	788	921	1312	1326	780	777	37	165	1779	292	1003	477	326	100	890	1646	1253	1537	196	903	921	636	3072	560	403	1051	1225	715	696	2267	676	870	795	100	208	177	517	652	3073	166	450	386	519	166	945	704	438	427	166	517	2318	530	273	292	534	2009	167	1265	382	1131	897	1732	482	759	1134	328	595	708	822	1022	490	496	2086	1718	3909	372	643	802	192	1291	1019	409	292	64	897	1398	370	620	154	509	521	539	1026	907	519	1478	364	577	547	629	403	300	450	805	483	390	421	670	730	650	1005	1255	37	347
153	583	90	135	461	0	424	535	784	280	915	508	264	262	253	298	1588	511	481	240	153	912	2274	843	480	74	2858	452	689	768	177	193	213	329	242	301	1609	469	168	477	1074	393	537	168	862	905	1706	1000	961	478	426	987	1251	101	533	255	565	2494	186	513	426	709	914	343	881	307	50	168	451	244	749	358	1585	325	923	171	110	422	323	478	2178	240	50	271	135	292	356	323	507	873	451	534	612	339	633	635	608	418	481	43	481	605	629	1264	425	871	283	438	301	241	1159	809	159	492	304	457	1180	395	168	309	1754	187	352	240	957	1180	1021	534	936	313	881	333	542	469	398	1664	476	354	826	213	74	662	135	871	812	315	1067	1057	451	348	549	97	392	392	1090	183	88	1272	97	1294	888	343	899	343	1147	884	426	451	455	178	749	213	213	110	472	1570	504	1053	333	240	1919	2819	552	612	88	1486	791	265	179	309	448	795	1398	496	228	329	860	956	957	331	327	425	472	1850	480	824	298	305	436	811	1301	1575	1616	563	451	860	183	2858	182	102	920	768	902	241	1936	529	1065	341	436	422	439	250	362	2837	306	178	168	265	460	851	534	140	47	303	250	2027	298	602	480	348	2053	465	878	315	673	812	1873	176	301	732	399	682	614	766	681	515	50	1692	1257	3628	126	345	345	636	866	912	468	480	400	812	1486	94	200	581	461	168	280	874	446	266	1017	97	193	178	177	102	327	444	600	21	156	173	213	309	511	828	846	425	277
432	486	514	353	42	424	0	463	646	499	1045	622	472	471	452	488	1768	612	261	577	572	1240	2442	1007	427	406	3070	481	885	1190	594	475	634	752	230	724	2013	503	404	514	1082	149	214	479	937	1016	1425	604	640	185	154	1155	1042	327	462	223	238	2765	525	225	154	1133	1309	492	1303	726	458	404	869	338	748	299	1836	310	1052	508	535	175	319	271	2563	634	458	486	353	297	780	319	438	1295	869	476	188	340	765	216	189	170	265	458	264	470	913	1211	167	667	473	95	724	227	1584	989	300	260	400	573	1133	154	509	407	1804	518	776	634	1305	1133	1284	476	1331	730	1303	700	223	503	154	1939	426	778	915	634	406	843	353	953	962	401	1429	1473	869	241	635	522	159	159	1428	601	336	1108	522	1475	1031	763	1018	763	1029	1002	11	869	502	408	372	634	634	535	505	1607	447	1467	700	634	2201	3204	224	188	336	1420	515	654	344	283	455	778	1728	487	480	752	927	1292	1305	747	743	11	185	1801	265	998	435	285	73	894	1628	1260	1559	230	869	927	601	3070	518	363	1051	1190	702	661	2252	637	859	761	73	176	149	475	610	3068	125	408	344	476	184	948	696	396	392	125	475	2307	488	268	265	493	2029	185	1241	370	1096	900	1759	440	724	1108	292	570	707	827	1002	456	458	2063	1679	3900	341	601	767	218	1262	1021	375	265	23	900	1420	332	579	171	507	479	497	1024	871	477	1440	328	536	506	594	363	260	413	796	446	363	379	634	700	612	1000	1228	11	305
404	48	603	589	495	535	463	0	248	330	1410	243	322	323	318	300	2110	225	214	471	662	1444	2795	1351	55	583	3390	869	1205	1191	687	397	704	791	351	769	2065	890	376	901	1507	315	316	425	1329	1391	1190	683	523	647	310	726	718	509	2	341	320	3029	459	278	310	1107	1404	256	1299	699	523	376	920	292	1167	201	2120	221	1418	454	597	289	220	201	2659	576	523	326	589	257	776	220	863	1208	920	17	540	199	1120	512	590	293	210	533	210	88	609	767	297	1130	303	374	769	355	1544	1322	396	222	238	925	1576	310	458	234	2220	449	792	576	1483	1576	1556	17	1425	803	1299	865	311	890	309	2200	59	805	1299	704	583	1171	589	1342	1314	746	1582	1494	920	644	225	600	305	305	1617	688	491	736	600	1814	1388	821	1389	821	619	1373	475	920	883	367	461	704	704	597	893	1144	31	1499	865	576	2454	3296	322	540	491	1871	340	791	616	248	849	315	1926	892	366	791	1322	1485	1483	821	817	475	646	2250	209	1335	260	250	395	1281	1830	1086	2009	692	920	1322	688	3390	455	435	1416	1191	376	734	2465	246	535	819	395	288	318	339	380	3371	411	367	368	324	642	1329	1031	400	547	419	339	2563	300	333	209	251	2473	644	1397	724	1097	1285	2220	386	769	1246	182	146	1081	1222	1215	21	523	2193	1566	4163	568	385	812	509	1354	1397	90	209	456	1285	1871	477	525	458	889	425	328	1377	881	325	1353	496	465	444	687	435	248	91	1113	546	614	363	704	832	225	1339	1352	475	267
652	201	851	831	668	784	646	248	0	567	1646	408	563	565	561	537	2352	390	387	705	910	1692	3036	1590	304	830	3636	1093	1447	1418	935	641	950	1032	587	1012	2292	1115	624	1127	1722	513	448	670	1557	1624	955	632	398	831	495	729	471	753	250	576	435	3278	700	424	495	1329	1644	489	1523	934	771	624	1160	540	1383	438	2368	465	1653	697	845	478	465	379	2892	812	771	565	831	500	1012	465	1074	1412	1160	251	660	446	1356	617	721	484	384	782	384	187	752	568	485	1301	543	551	1012	591	1756	1562	641	387	486	1159	1779	508	701	481	2441	691	1031	812	1730	1779	1803	251	1664	1048	1523	1114	439	1115	506	2449	307	1044	1529	950	830	1412	831	1570	1551	978	1828	1721	1160	859	366	848	505	505	1865	936	737	490	848	2056	1625	1064	1623	1064	385	1607	658	1160	1110	615	486	950	950	845	1118	993	280	1727	1114	812	2703	3527	445	660	737	2066	261	1040	855	489	1072	228	2173	1112	608	1032	1549	1733	1730	1065	1061	658	832	2447	384	1575	505	491	573	1510	2078	871	2205	858	1160	1549	936	3636	697	683	1651	1418	150	980	2713	398	293	1062	573	477	498	580	592	3619	627	615	616	564	830	1560	1269	648	794	635	580	2811	537	426	384	484	2676	832	1643	954	1325	1515	2398	633	1012	1491	408	102	1312	1448	1464	269	771	2433	1754	4411	811	601	1053	613	1594	1630	322	384	646	1515	2066	722	764	579	1116	670	565	1615	1116	565	1554	740	705	687	935	683	483	339	1355	795	856	612	950	1080	390	1579	1595	658	513
128	378	314	392	542	280	499	330	567	0	1196	229	27	28	47	30	1859	235	394	140	362	1140	2545	1122	283	350	3117	715	966	861	385	89	391	465	272	446	1734	734	127	744	1349	384	494	118	1142	1186	1519	948	837	633	407	719	1037	315	328	277	514	2731	136	455	407	778	1076	78	970	368	245	127	592	161	1018	249	1837	217	1203	136	297	391	207	384	2328	246	245	13	392	211	446	207	750	891	592	322	660	201	913	660	683	390	391	257	391	416	415	996	399	1090	31	456	446	276	1220	1086	233	408	121	734	1448	382	141	119	2034	127	464	246	1170	1448	1277	322	1097	484	970	572	494	734	385	1907	279	477	1106	391	350	941	392	1150	1092	578	1263	1164	592	552	274	306	377	377	1306	384	289	1037	306	1567	1168	498	1179	498	899	1165	507	592	722	117	700	391	391	297	737	1290	300	1168	572	246	2155	2965	507	660	289	1753	654	494	433	231	706	530	1614	754	52	465	1139	1177	1170	502	497	506	629	2122	390	1101	82	227	467	1091	1520	1416	1886	708	592	1139	384	3117	133	213	1200	861	705	420	2154	251	859	496	467	390	423	32	111	3089	382	117	176	23	619	1131	815	154	314	386	32	2264	30	545	390	83	2329	624	1080	569	766	1092	2132	105	446	928	289	466	893	1044	921	309	245	1866	1261	3860	374	101	486	659	1027	1192	302	390	479	1092	1753	277	197	598	728	118	2	1153	550	22	1038	300	139	126	385	213	260	250	878	280	418	142	391	530	235	1106	1029	506	199
1068	1451	894	825	1044	915	1045	1410	1646	1196	0	1423	1180	1178	1168	1214	725	1427	1271	1124	867	584	1398	99	1356	849	2029	563	247	1055	853	1108	876	904	1060	896	1472	541	1080	530	313	1144	1257	1080	148	47	2466	1586	1681	897	1169	1880	2080	907	1408	1070	1283	1768	1083	1259	1169	1092	893	1258	1119	1012	952	1080	879	1130	356	1210	848	1189	7	1074	920	1181	1191	1276	1854	1059	952	1187	825	1154	974	1191	621	1291	879	1415	1155	1214	290	1207	1099	1175	1273	940	1272	1458	1480	2169	1177	719	1198	1130	896	1055	1360	146	1019	1275	1205	486	479	1149	1069	1212	847	1088	941	1059	683	479	416	1415	906	847	1119	690	1266	541	1151	978	1354	922	144	876	849	259	825	128	106	667	812	1155	879	805	1464	905	1151	1150	721	860	929	2131	905	438	38	868	32	868	2028	46	1035	879	543	1091	1399	876	876	920	539	2485	1382	1127	690	1059	1237	2458	1268	1155	929	731	1559	759	794	1162	589	1701	915	561	1143	904	166	635	683	842	844	1035	893	1025	1272	129	1208	1160	1112	167	830	2291	825	930	879	166	860	2029	1082	999	6	1055	1731	863	1347	1445	1894	868	1112	1182	1172	1166	1266	2036	1023	1091	1060	1181	887	109	382	1051	886	1015	1166	1335	1214	1313	1272	1262	1189	889	713	692	1021	156	1138	1092	896	716	1237	1550	337	238	509	1393	952	1343	1588	2893	846	1250	893	1211	879	48	1326	1272	1035	156	731	943	1060	1194	538	1080	1195	59	954	1182	1373	922	1087	1083	853	999	1164	1325	322	915	799	1079	876	750	1427	122	789	1035	1145
355	274	543	609	661	508	622	243	408	229	1423	0	243	245	255	209	2089	19	422	339	588	1357	2774	1351	233	575	3342	927	1196	1021	610	318	611	668	430	653	1893	947	344	957	1567	478	532	347	1365	1412	1357	926	756	787	487	534	859	528	242	428	542	2948	357	491	487	928	1265	167	1122	556	474	344	788	322	1232	323	2061	313	1431	362	524	466	305	408	2498	442	474	236	609	334	634	305	949	1003	788	226	742	282	1139	725	782	468	417	486	417	323	366	769	475	1265	225	549	653	435	1348	1316	427	433	241	956	1658	474	367	233	2259	350	659	442	1381	1658	1503	226	1285	696	1122	798	529	947	475	2126	232	675	1331	611	575	1170	609	1375	1320	791	1465	1321	788	738	49	535	468	468	1517	607	504	839	535	1797	1396	705	1407	705	691	1392	632	788	936	334	701	611	611	524	950	1064	230	1330	798	442	2372	3129	541	742	504	1961	577	719	647	342	914	312	1823	961	282	668	1361	1391	1381	713	708	631	784	2334	417	1331	223	341	567	1315	1731	1280	2096	850	788	1361	607	3342	357	429	1428	1021	558	637	2362	21	695	703	567	465	500	257	199	3311	529	334	375	242	777	1356	1042	373	538	535	257	2481	209	562	417	163	2545	781	1287	778	930	1316	2331	331	653	1134	338	323	1115	1265	1144	230	474	2052	1347	4073	590	213	689	723	1216	1419	285	417	606	1316	1961	490	407	665	942	347	229	1382	734	242	1145	513	358	352	610	429	362	225	1107	509	636	350	611	752	19	1336	1228	631	332
111	371	305	370	514	264	472	322	563	27	1180	243	0	1	20	34	1848	247	373	152	356	1137	2534	1107	272	332	3109	693	952	872	380	80	389	469	245	448	1744	712	104	722	1329	358	470	110	1123	1169	1513	928	822	606	382	742	1034	293	320	249	492	2728	137	432	382	791	1082	81	982	377	232	104	597	134	997	227	1831	193	1188	134	290	366	184	363	2336	255	232	13	370	185	454	184	726	909	597	315	634	180	896	634	656	365	370	244	370	406	442	1005	373	1064	20	429	448	249	1236	1072	207	386	100	715	1426	357	139	100	2017	128	470	255	1170	1426	1269	315	1102	485	982	566	471	712	359	1902	269	482	1088	389	332	926	370	1132	1077	556	1265	1175	597	526	286	298	351	351	1305	379	267	1038	298	1555	1153	501	1163	501	903	1148	480	597	701	94	678	389	389	290	716	1306	291	1178	566	255	2152	2974	483	634	267	1731	639	488	411	205	683	538	1613	731	45	469	1120	1175	1170	502	498	479	602	2100	369	1087	64	202	441	1073	1519	1406	1864	680	597	1120	379	3109	133	190	1185	872	698	418	2153	265	855	498	441	365	397	17	139	3082	355	94	150	4	592	1113	798	132	295	358	17	2260	34	523	369	87	2308	597	1081	546	777	1074	2108	87	448	929	267	461	874	1024	916	300	232	1871	1280	3858	353	128	490	634	1032	1175	287	369	451	1074	1731	254	202	572	706	110	25	1138	559	5	1056	277	142	124	380	190	235	238	864	266	397	117	389	525	247	1092	1032	479	172
109	372	303	369	514	262	471	323	565	28	1178	245	1	0	19	36	1846	249	373	151	355	1135	2532	1105	274	330	3107	691	951	871	378	78	388	467	244	447	1743	711	102	720	1327	358	470	108	1122	1167	1514	928	823	605	382	744	1036	291	321	248	492	2726	135	433	382	790	1080	83	981	376	230	102	596	134	995	227	1829	193	1186	132	289	366	184	363	2335	254	230	14	369	185	452	184	725	908	596	316	633	180	894	634	656	365	371	242	370	408	443	1007	373	1063	22	429	447	248	1235	1070	205	387	101	713	1424	356	137	100	2015	126	468	254	1168	1424	1267	316	1101	483	981	564	471	711	358	1900	270	481	1086	388	330	924	369	1130	1075	554	1263	1174	596	525	287	296	350	350	1304	377	265	1040	296	1553	1151	499	1161	499	905	1146	479	596	699	92	679	388	388	289	714	1308	293	1177	564	254	2150	2972	484	633	265	1729	640	487	409	205	682	540	1612	729	43	467	1118	1174	1168	501	496	478	601	2098	369	1086	65	202	440	1071	1517	1407	1862	679	596	1118	377	3107	132	189	1183	871	700	417	2151	267	856	497	440	365	397	15	140	3081	354	92	149	5	591	1112	796	130	294	357	15	2259	36	523	369	88	2306	596	1079	544	776	1072	2106	85	447	927	268	463	872	1023	914	302	230	1869	1280	3856	351	129	488	633	1031	1173	288	369	450	1072	1729	253	201	572	705	108	26	1137	557	5	1055	276	141	122	378	189	234	239	862	264	395	115	388	524	249	1090	1030	478	172
101	367	299	355	495	253	452	318	561	47	1168	255	20	19	0	48	1840	258	358	163	353	1135	2526	1097	267	319	3103	677	942	880	377	79	389	472	225	451	1751	696	89	706	1314	339	454	108	1110	1157	1509	913	812	586	364	760	1033	277	316	229	476	2725	141	416	364	800	1085	90	991	384	224	89	601	115	981	211	1826	177	1176	136	287	348	168	349	2342	262	224	33	355	167	460	168	709	922	601	312	615	166	883	616	637	347	356	236	355	401	462	1013	356	1045	30	410	451	229	1247	1062	188	371	88	701	1410	338	140	89	2004	131	475	262	1169	1410	1263	312	1106	486	991	561	455	696	340	1898	263	487	1075	389	319	916	355	1119	1065	540	1266	1183	601	507	296	293	332	332	1305	377	251	1040	293	1547	1141	503	1151	503	906	1136	460	601	685	79	663	389	389	287	700	1319	287	1186	561	262	2149	2980	467	615	251	1714	630	485	395	188	667	544	1613	714	49	472	1106	1174	1169	504	499	459	582	2084	354	1077	57	184	421	1059	1518	1399	1847	660	601	1106	377	3103	137	175	1173	880	695	418	2153	277	852	501	421	348	379	26	159	3078	335	79	131	24	572	1101	786	118	282	338	26	2258	48	508	354	94	2293	577	1081	529	785	1061	2091	78	451	929	253	459	860	1010	912	296	224	1874	1294	3856	337	148	493	615	1036	1163	278	354	431	1061	1714	238	208	554	691	108	45	1127	565	25	1069	261	147	125	377	175	217	232	853	256	382	99	389	523	258	1082	1034	459	154
145	348	338	403	530	298	488	300	537	30	1214	209	34	36	48	0	1882	213	370	171	389	1168	2568	1142	252	366	3142	725	987	891	412	113	420	495	265	475	1765	745	137	754	1362	367	471	143	1157	1203	1489	923	807	628	388	712	1007	325	298	267	491	2759	165	432	388	808	1107	49	1000	399	266	137	623	150	1029	226	1863	196	1222	164	323	371	186	359	2359	277	266	29	403	194	476	186	756	920	623	291	644	177	930	641	669	371	367	278	366	386	425	971	379	1091	17	439	475	269	1250	1107	234	383	97	749	1458	365	168	94	2051	156	494	277	1199	1458	1302	291	1127	514	1000	598	471	745	367	1934	249	507	1122	420	366	961	403	1166	1111	588	1293	1194	623	554	251	331	359	359	1335	411	299	1008	331	1589	1187	528	1197	528	871	1182	496	623	733	127	675	420	420	323	748	1272	270	1199	598	277	2183	2996	484	644	299	1763	624	521	444	213	715	505	1643	763	76	495	1154	1206	1199	531	526	495	624	2133	365	1122	58	209	452	1106	1548	1386	1896	701	623	1154	411	3142	162	223	1219	891	674	448	2183	230	829	526	452	370	404	49	123	3115	374	127	178	33	615	1148	833	165	329	378	49	2292	0	521	365	54	2341	620	1109	578	797	1108	2139	121	475	957	264	435	907	1058	948	278	266	1896	1288	3888	385	117	516	640	1057	1209	273	365	468	1108	1763	286	227	579	739	143	28	1173	581	33	1066	309	169	153	412	223	241	220	898	300	430	147	420	557	213	1126	1059	495	183
1739	2153	1546	1521	1769	1588	1768	2110	2352	1859	725	2089	1848	1846	1840	1882	0	2095	1986	1763	1503	846	686	764	2055	1530	1303	1286	905	1431	1484	1770	1492	1478	1764	1481	1396	1265	1757	1254	824	1860	1979	1741	850	758	3191	2308	2406	1622	1887	2488	2797	1600	2108	1775	2005	1093	1733	1979	1887	1508	1150	1929	1440	1599	1616	1757	1403	1821	1064	1913	333	1888	718	1727	1565	1898	1889	1990	1529	1678	1616	1853	1521	1853	1540	1889	1346	1667	1403	2112	1880	1911	1004	1932	1824	1892	1988	1604	1988	2164	2070	2853	1894	1382	1868	1851	1481	1760	1579	789	1713	1992	1890	1200	920	1865	1723	1896	557	1740	1506	1678	894	920	619	2112	1149	1430	1440	1298	1987	1265	1868	476	2051	1486	863	1492	1530	939	1521	832	807	1381	935	1370	1403	1527	2134	1554	1867	1867	809	1488	1619	2841	1554	295	737	1438	754	1438	2729	769	1759	1403	1266	1767	2125	1492	1492	1565	1263	3130	2080	1336	1298	1678	658	2033	1990	1880	1619	942	2280	1376	1496	1863	1313	2384	728	1286	1807	1478	865	851	894	1419	1422	1758	1618	968	1987	776	1886	1861	1834	885	718	3016	927	1653	1403	865	1488	1303	1733	1682	718	1431	2446	1471	852	2110	2610	1439	1834	1899	1891	1833	1911	1316	1739	1767	1747	1849	1612	828	1084	1728	1567	1731	1833	726	1882	2036	1987	1934	974	1614	989	1408	1445	876	1217	1762	1481	1097	1943	2253	1061	956	979	2091	1616	1108	1840	2190	1541	1894	1460	1937	1169	754	2029	1987	1757	876	942	1634	1695	1919	1261	1741	1860	744	1481	1849	1690	1614	1735	1737	1484	1682	1868	2021	997	1583	1496	1760	1492	1350	2095	773	1087	1758	1842
358	255	549	609	650	511	612	225	390	235	1427	19	247	249	258	213	2095	0	407	350	596	1367	2780	1355	217	578	3351	926	1200	1037	618	324	620	680	425	664	1909	946	346	956	1566	466	517	354	1367	1415	1340	908	737	779	475	543	843	528	224	422	527	2959	366	476	475	945	1279	168	1139	569	479	346	801	318	1231	312	2070	304	1434	370	532	453	297	393	2514	454	479	241	609	327	648	297	946	1021	801	208	729	274	1141	711	770	456	402	491	403	304	385	761	463	1258	228	537	664	430	1366	1320	425	418	237	957	1656	462	374	230	2261	358	671	454	1393	1656	1511	208	1299	707	1139	806	513	946	463	2136	216	687	1332	620	578	1174	609	1376	1324	791	1478	1338	801	733	38	542	456	456	1529	616	504	825	542	1803	1400	716	1409	716	678	1394	622	801	935	336	684	620	620	532	949	1063	213	1346	806	454	2383	3145	526	729	504	1959	558	728	647	334	913	300	1835	959	287	680	1362	1402	1393	724	719	621	776	2332	402	1335	222	333	556	1316	1742	1261	2093	840	801	1362	616	3351	365	430	1432	1037	540	647	2374	25	677	714	556	452	488	262	213	3321	521	336	375	246	769	1358	1045	375	541	527	262	2491	213	546	402	164	2544	773	1299	777	946	1318	2327	335	664	1146	326	304	1116	1265	1153	212	479	2066	1366	4085	590	226	701	708	1230	1421	269	402	597	1318	1959	490	417	651	941	354	235	1386	748	246	1163	513	367	359	618	430	353	211	1111	514	636	350	620	761	0	1340	1241	621	326
401	228	567	484	288	481	261	214	387	394	1271	422	373	373	358	370	1986	407	0	520	631	1383	2667	1222	193	504	3280	712	1086	1221	656	420	685	791	243	765	2081	734	366	745	1335	127	110	439	1175	1247	1234	555	479	447	108	936	811	417	213	230	124	2948	484	69	108	1148	1394	348	1333	726	490	366	920	265	997	147	2026	183	1278	473	573	91	191	13	2658	610	490	384	484	204	796	191	687	1279	920	229	327	193	983	304	375	96	4	496	4	209	765	950	97	925	362	166	765	246	1598	1198	322	13	273	786	1392	122	475	275	2055	475	803	610	1435	1392	1464	229	1416	788	1333	810	107	734	120	2118	194	811	1149	685	504	1048	484	1189	1180	605	1548	1520	920	473	419	569	120	120	1566	660	409	862	569	1691	1253	814	1246	814	772	1230	273	920	730	363	305	685	685	573	737	1349	207	1519	810	610	2377	3299	120	327	409	1681	312	746	498	183	689	521	1873	727	404	791	1166	1430	1435	806	802	272	447	2061	5	1209	312	187	188	1129	1775	1095	1819	483	920	1166	660	3281	479	383	1277	1221	460	715	2407	432	623	811	188	90	111	384	486	3271	247	363	326	377	444	1181	902	377	474	255	384	2485	370	151	5	346	2289	446	1359	578	1125	1134	2020	394	765	1214	105	308	934	1066	1147	213	490	2174	1653	4084	465	484	810	301	1345	1252	138	5	258	1134	1681	397	552	246	735	439	392	1244	898	377	1426	408	494	465	656	383	158	196	994	499	505	343	685	791	407	1212	1328	272	221
145	519	231	374	619	240	577	471	705	140	1124	339	152	151	163	171	1763	350	520	0	261	1017	2446	1044	423	314	3006	692	886	720	279	104	274	331	348	314	1593	709	173	717	1306	486	611	99	1086	1119	1659	1074	975	681	514	757	1175	316	469	357	634	2609	57	575	514	638	939	217	829	228	191	173	456	261	986	373	1724	337	1132	75	204	500	328	511	2188	107	191	146	374	321	306	328	747	759	456	462	753	329	852	761	767	499	517	201	517	557	389	1107	507	1106	169	552	314	351	1083	1005	280	533	252	689	1417	486	76	252	1970	61	326	107	1042	1417	1168	462	959	357	829	466	613	709	488	1787	420	340	1048	274	314	866	374	1093	1019	556	1130	1023	456	573	388	220	480	480	1179	275	291	1169	220	1475	1094	366	1112	366	1027	1097	583	456	695	171	823	274	274	204	712	1368	441	1027	466	107	2032	2824	625	753	291	1723	792	387	418	342	689	650	1485	737	115	331	1085	1052	1042	373	369	582	676	2084	516	1021	217	338	560	1035	1392	1557	1852	763	456	1085	275	3006	63	227	1129	720	845	299	2024	359	998	364	560	500	529	138	147	2973	453	171	233	149	665	1070	752	182	286	454	138	2141	171	667	516	222	2282	670	950	555	625	1035	2112	138	314	797	415	605	843	995	807	449	191	1728	1133	3735	362	131	352	761	889	1126	440	516	555	1035	1723	285	68	700	700	99	142	1078	411	149	906	304	48	74	279	227	371	390	802	230	397	199	274	417	350	1027	895	582	305
258	711	63	240	607	153	572	662	910	362	867	588	356	355	353	389	1503	596	631	261	0	782	2187	784	608	172	2754	491	626	617	25	276	62	180	394	152	1455	503	286	509	1065	546	690	246	838	864	1846	1153	1110	603	579	1012	1381	245	660	407	718	2372	231	665	579	563	763	438	731	196	142	286	298	380	761	501	1474	465	874	226	65	575	461	627	2027	194	142	359	240	434	220	461	572	738	298	659	761	475	603	786	752	571	630	134	630	738	619	1357	578	945	377	591	152	393	1011	744	310	642	424	459	1188	548	222	428	1714	238	209	194	820	1188	914	659	785	160	731	210	695	503	552	1545	604	207	799	62	172	608	240	843	761	371	923	904	298	458	635	62	545	545	955	29	239	1392	62	1213	835	191	855	191	1259	841	573	298	487	294	902	62	62	65	506	1630	631	900	210	194	1796	2668	705	761	239	1493	938	132	273	453	497	893	1263	542	312	180	839	822	820	177	173	572	596	1844	629	761	407	449	589	787	1167	1721	1617	689	298	839	29	2754	231	247	871	617	1036	88	1802	609	1197	188	589	575	592	340	408	2726	458	294	308	356	584	818	503	265	180	454	340	1904	389	755	629	443	2036	589	736	383	523	786	1890	277	152	587	543	807	603	754	559	641	142	1544	1121	3503	243	391	195	787	714	871	604	629	549	786	1493	246	194	733	492	246	363	819	300	356	878	246	231	237	25	247	474	572	544	133	246	302	62	170	596	766	698	572	418
1040	1492	840	904	1259	912	1240	1444	1692	1140	584	1357	1137	1135	1135	1168	846	1367	1383	1017	782	0	1490	500	1388	879	2000	838	468	587	758	1056	748	694	1140	706	902	826	1067	819	897	1275	1417	1026	699	625	2616	1842	1856	1165	1308	1684	2162	966	1441	1153	1445	1591	1004	1402	1308	661	334	1217	609	814	920	1067	592	1155	833	1270	721	1237	587	1003	848	1310	1235	1383	1359	917	920	1138	904	1204	743	1235	943	826	592	1441	1405	1251	614	1448	1369	1306	1384	910	1383	1516	1263	2123	1311	1202	1157	1296	706	1137	804	465	1066	1393	1206	723	1064	1279	999	1210	1249	1012	712	917	98	1064	248	1441	342	660	609	578	1424	826	1282	771	1385	694	668	748	879	510	904	684	536	851	235	591	592	1021	1405	843	1278	1278	189	758	975	2175	843	616	550	655	606	655	2040	607	1235	592	815	1076	1610	748	748	848	825	2344	1412	560	578	917	1015	1991	1431	1405	975	1297	1695	652	900	1220	867	1668	490	871	1092	694	714	57	98	644	649	1234	1159	1538	1383	476	1190	1217	1286	680	391	2477	1372	1232	592	714	758	2000	1006	1014	582	587	1814	720	1024	1377	1977	657	1286	1311	1317	1120	1162	1959	1161	1076	1080	1136	1148	650	611	1043	911	1154	1120	1124	1168	1482	1383	1223	1653	1152	152	883	599	668	1694	1060	706	254	1310	1589	688	722	237	1422	920	844	1051	2721	922	1146	674	1451	338	628	1380	1383	1221	668	1297	987	950	1411	813	1026	1141	532	665	1136	866	975	1002	1014	758	1014	1235	1352	514	898	887	1080	748	612	1367	481	249	1234	1189
2424	2838	2231	2206	2441	2274	2442	2795	3036	2545	1398	2774	2534	2532	2526	2568	686	2780	2667	2446	2187	1490	0	1446	2740	2216	676	1961	1590	2056	2167	2456	2174	2153	2448	2158	1792	1940	2443	1928	1429	2541	2655	2426	1510	1426	3860	2961	3076	2289	2567	3162	3478	2286	2793	2459	2681	756	2418	2658	2567	2141	1755	2615	2045	2275	2301	2443	2070	2507	1716	2598	792	2573	1391	2412	2250	2578	2574	2672	1682	2359	2301	2539	2206	2538	2212	2574	2013	2279	2070	2797	2543	2596	1684	2597	2484	2573	2669	2290	2669	2848	2741	3539	2574	1995	2554	2528	2158	2444	2128	1473	2399	2672	2576	1880	1478	2546	2407	2582	828	2424	2179	2359	1516	1478	1286	2797	1750	2108	2045	1980	2664	1940	2548	824	2737	2160	1529	2174	2216	1623	2206	1493	1486	2062	1519	1936	2070	2203	2819	2239	2547	2547	1406	2171	2305	3524	2239	980	1414	2113	1424	2113	3414	1440	2433	2070	1941	2453	2791	2174	2174	2250	1937	3810	2765	1903	1980	2359	760	2002	2666	2543	2305	1376	2957	2059	2180	2548	1987	3070	1209	1956	2493	2153	1523	1481	1516	2095	2099	2433	2285	1200	2669	1460	2572	2545	2510	1550	1248	3679	1295	2312	2070	1523	2171	676	2418	2368	1392	2056	3128	2152	983	2795	3291	2114	2510	2579	2570	2518	2594	744	2420	2453	2433	2535	2280	1495	1767	2414	2253	2411	2518	727	2568	2711	2669	2620	1056	2282	1618	2088	2084	1543	1479	2447	2158	1744	2627	2938	1736	1619	1651	2777	2301	1436	2389	1650	2226	2578	2135	2601	1784	1421	2714	2669	2433	1543	1376	2319	2378	2588	1936	2426	2545	1423	2147	2535	2277	2300	2419	2422	2167	2368	2553	2707	1682	2269	2181	2446	2174	2031	2780	1457	1713	2433	2527
996	1393	815	762	1010	843	1007	1351	1590	1122	99	1351	1107	1105	1097	1142	764	1355	1222	1044	784	500	1446	0	1296	779	2062	527	158	956	769	1033	789	812	1003	805	1397	507	1010	496	405	1096	1216	1005	200	128	2432	1567	1647	871	1123	1796	2033	843	1349	1013	1243	1776	1005	1216	1123	992	799	1187	1020	922	877	1010	782	1066	375	1152	847	1129	105	996	840	1134	1130	1226	1801	974	877	1114	762	1094	881	1130	600	1192	782	1354	1130	1153	242	1181	1078	1128	1224	865	1223	1402	1392	2104	1130	750	1126	1088	805	998	1265	46	956	1228	1139	436	570	1101	992	1145	934	1011	847	974	599	570	362	1354	814	756	1020	600	1225	507	1104	968	1293	829	175	789	779	181	762	184	50	617	732	1061	782	766	1393	825	1103	1102	650	775	864	2078	825	469	61	775	110	775	1970	108	998	782	505	1021	1369	789	789	840	505	2410	1322	1034	600	974	1230	2413	1228	1130	864	829	1517	671	735	1103	555	1635	867	534	1070	812	217	553	599	750	752	998	866	1124	1223	29	1139	1101	1071	192	777	2263	925	913	782	217	775	2062	1004	931	100	956	1682	775	1324	1372	1846	775	1071	1135	1128	1093	1188	2062	975	1021	994	1109	859	151	320	981	817	967	1093	1332	1142	1275	1223	1191	1285	862	622	644	922	180	1237	1020	805	618	1181	1493	305	252	410	1333	877	1287	1491	2906	783	1171	799	1185	784	133	1269	1223	995	180	829	878	979	1163	501	1005	1122	40	858	1109	1274	858	1009	1006	769	931	1107	1264	243	841	737	1011	789	659	1355	22	694	998	1084
350	103	548	534	461	480	427	55	304	283	1356	233	272	274	267	252	2055	217	193	423	608	1388	2740	1296	0	527	3335	817	1150	1144	633	345	650	739	298	717	2017	839	321	850	1457	278	302	373	1277	1338	1242	701	559	608	277	743	773	454	53	289	310	2974	408	261	277	1061	1352	212	1253	650	468	321	868	236	1117	149	2064	167	1364	402	543	255	165	179	2609	528	468	278	534	202	726	165	815	1168	868	58	520	144	1066	498	566	259	189	478	189	134	591	818	264	1092	254	342	717	303	1502	1267	341	203	184	872	1530	273	406	181	2168	398	742	528	1428	1530	1500	58	1373	750	1253	810	298	839	272	2145	3	754	1247	650	527	1117	534	1289	1259	693	1529	1447	868	596	226	545	267	267	1563	634	436	792	545	1759	1334	769	1335	769	674	1320	439	868	832	313	469	650	650	543	842	1186	25	1451	810	528	2398	3247	310	520	436	1826	375	736	562	195	799	359	1871	842	316	739	1270	1430	1428	768	763	438	606	2204	188	1280	209	196	362	1228	1775	1133	1963	657	868	1270	634	3335	404	379	1362	1144	429	680	2411	241	589	767	362	254	287	289	343	3316	364	313	312	275	601	1276	976	344	491	372	289	2507	252	329	188	208	2426	604	1343	672	1049	1232	2179	333	717	1192	137	202	1028	1170	1160	36	468	2141	1530	4107	513	346	760	495	1303	1344	55	188	417	1232	1826	421	475	440	837	373	281	1323	831	275	1314	440	414	392	633	379	197	36	1058	491	559	308	650	778	217	1284	1299	438	212
221	629	125	71	439	74	406	583	830	350	849	575	332	330	319	366	1530	578	504	314	172	879	2216	779	527	0	2807	378	627	786	191	265	234	352	260	324	1609	395	231	403	1001	401	546	242	791	837	1737	998	980	432	435	1060	1292	87	581	273	574	2452	260	526	435	735	908	409	899	354	122	231	464	291	675	395	1538	365	856	245	156	434	364	503	2169	304	122	340	71	330	391	364	436	909	464	584	593	384	563	622	581	430	504	113	504	647	703	1325	436	804	350	435	324	258	1182	746	189	514	360	384	1106	405	242	366	1684	261	381	304	931	1106	973	584	930	325	899	308	552	395	408	1622	524	380	756	234	0	598	71	800	747	242	1046	1067	464	292	615	137	403	403	1062	199	95	1320	137	1235	822	358	831	358	1200	816	405	464	381	242	752	234	234	156	398	1639	553	1061	308	304	1879	2810	560	593	95	1412	816	251	111	344	375	855	1369	423	299	352	788	926	931	341	337	404	425	1776	503	761	359	341	430	740	1270	1599	1542	518	464	788	199	2807	256	152	854	786	941	258	1904	597	1105	356	430	435	446	319	435	2788	299	242	217	334	413	781	466	202	37	293	319	1987	366	611	503	413	1980	418	857	243	693	742	1798	245	324	716	432	729	542	694	644	564	122	1677	1293	3588	71	419	365	623	861	843	509	503	383	742	1412	109	270	571	387	242	349	809	472	334	1050	95	267	252	191	152	357	493	537	84	86	231	234	297	578	765	833	404	317
3003	3436	2804	2806	3071	2858	3070	3390	3636	3117	2029	3342	3109	3107	3103	3142	1303	3351	3280	3006	2754	2000	676	2062	3335	2807	0	2588	2194	2514	2732	3029	2732	2692	3052	2701	2032	2567	3025	2556	2094	3156	3279	2999	2152	2062	4494	3610	3709	2926	3184	3681	4090	2883	3388	3063	3305	583	2984	3277	3184	2609	2205	3191	2478	2814	2879	3025	2593	3098	2364	3198	1282	3171	2022	2981	2819	3194	3171	3284	1710	2910	2879	3112	2806	3135	2744	3171	2650	2712	2593	3391	3183	3191	2304	3236	3127	3189	3282	2868	3282	3451	3261	4112	3191	2661	3130	3151	2701	3048	2493	2083	2994	3287	3162	2498	2151	3161	2976	3168	1502	2992	2713	2910	2001	2151	1840	3391	2194	2653	2478	2544	3287	2567	3164	1238	3331	2694	2167	2732	2807	2232	2806	2134	2107	2678	1965	2332	2593	2828	3389	2810	3162	3162	1873	2734	2899	4126	2810	1594	2039	2652	2057	2652	4006	2073	3060	2593	2567	3035	3428	2732	2732	2819	2565	4344	3360	2302	2544	2910	1038	1804	3290	3183	2899	2051	3579	2622	2785	3147	2616	3647	1607	2589	3066	2692	2166	1977	2001	2639	2643	3060	2922	1851	3281	2072	3154	3145	3134	2189	1676	4320	1966	2956	2593	2166	2734	0	2985	2957	2022	2514	3738	2706	1173	3363	3903	2654	3134	3195	3189	3093	3153	167	3035	3035	3023	3109	2916	2131	2379	2998	2843	3027	3093	943	3142	3337	3281	3196	1676	2918	2104	2706	2561	2180	2126	3025	2701	2247	3231	3536	2363	2259	2198	3371	2879	1666	2739	995	2826	3137	2672	3240	2243	2057	3314	3281	3058	2180	2051	2914	2937	3222	2562	2999	3117	2045	2665	3109	2678	2896	2984	2991	2732	2957	3155	3300	2286	2850	2782	3032	2732	2589	3351	2070	2189	3060	3123
589	906	480	324	483	452	481	869	1093	715	563	927	693	691	677	725	1286	926	712	692	491	838	1961	527	817	378	2588	0	419	992	494	637	537	630	520	607	1697	22	588	33	642	584	693	617	463	536	1905	1045	1120	347	608	1433	1518	400	867	528	719	2297	638	697	608	974	1000	761	1094	686	500	588	691	610	304	668	1367	653	570	623	513	621	657	718	2196	670	500	704	324	620	692	657	110	1173	691	875	605	681	286	655	556	615	715	490	714	906	1081	1635	616	465	708	567	607	515	1380	512	500	716	690	114	733	589	620	697	1351	639	668	670	920	733	830	875	1021	579	1094	450	702	22	592	1478	815	658	437	537	378	373	324	477	481	137	1056	1220	691	242	960	493	592	591	1026	504	426	1574	493	994	549	614	537	614	1479	521	472	691	23	598	842	537	537	513	24	1986	843	1204	450	670	1741	2829	704	605	426	1038	995	463	282	623	30	1173	1306	51	668	630	455	895	920	586	585	472	342	1407	714	521	703	622	549	417	1208	1735	1170	401	691	455	504	2588	634	502	569	992	1171	544	1811	947	1332	612	549	622	610	683	810	2590	466	598	551	696	334	469	234	561	408	458	683	1846	725	750	714	764	1618	337	882	148	915	422	1420	611	607	782	689	1002	225	354	616	854	500	1682	1542	3430	340	794	632	659	962	541	781	714	471	422	1038	438	645	635	26	617	714	543	736	696	1299	415	646	629	494	502	620	789	338	462	299	578	537	491	926	522	901	472	614
842	1248	658	616	893	689	885	1205	1447	966	247	1196	952	951	942	987	905	1200	1086	886	626	468	1590	158	1150	627	2194	419	0	836	611	877	631	657	859	649	1367	401	857	392	514	962	1088	849	278	257	2308	1463	1525	766	991	1638	1896	695	1203	871	1116	1881	848	1085	991	862	722	1032	912	765	721	857	635	917	367	1008	951	983	254	839	682	1000	984	1089	1816	816	721	959	616	947	727	984	509	1066	635	1207	1022	1006	150	1071	975	994	1088	709	1087	1260	1234	1953	997	734	972	961	649	856	1172	119	808	1092	987	312	671	967	835	994	1092	853	693	816	563	671	412	1207	739	600	912	443	1097	401	970	1059	1146	675	237	631	627	46	616	271	142	485	702	976	635	645	1238	668	968	968	644	617	714	1936	668	609	212	621	243	621	1824	233	877	635	395	867	1254	631	631	682	399	2252	1175	952	443	816	1322	2441	1101	1022	714	952	1387	513	591	958	448	1483	902	438	914	657	288	525	563	595	597	876	761	1266	1087	135	986	955	945	240	806	2145	1058	818	635	288	617	2194	847	779	250	836	1544	617	1394	1217	1708	621	945	1001	996	938	1030	2186	841	867	844	954	752	237	188	828	665	833	938	1427	987	1149	1087	1037	1435	755	560	515	793	231	1361	865	649	519	1039	1348	226	263	308	1186	721	1299	1384	3016	636	1013	645	1075	698	263	1124	1087	871	231	952	729	820	1047	392	849	966	194	709	954	1158	709	851	849	611	779	964	1116	92	686	591	859	631	502	1200	140	614	876	937
