NAME : VRPTW_INSTANCE_234.txt
COMMENT : Bangkok Supermarket
TYPE : VRPTW
DIMENSION : 315
DAYS : Tuesday
EDGE_WEIGHT_TYPE : EXPLICIT
VEHICLES : 41
EDGE_WEIGHT_FORMAT : FULL_MATRIX
CAPACITY : 1000
EDGE_WEIGHT_SECTION
0	496	178	990	2683	1743	2651	185	464	501	1010	1036	1627	978	603	315	26	436	196	555	499	189	127	347	178	309	185	248	996	402	620	616	149	1221	1056	888	371	527	172	485	418	443	207	211	1213	348	1537	373	352	394	447	1142	737	213	1567	474	104	2705	24	368	1816	769	202	394	414	1156	366	128	721	230	1036	1221	368	154	893	214	33	172	135	2128	122	640	840	590	1038	215	1812	2257	255	737	24	172	1007	1619	369	458	97	115	258	349	1031	407	955	489	610	115	394	996	409	22	428	307	737	96	1088	300	330	1673	405	309	647	379	174	934	350	116	170	172	253	582	135	1117	524	737	211	1446	374	365	238	113	1699	373	1185	22	155	123	2163	213	431	506	206	522	1807	197	346	888	909	126	722	977	650	571	1120	1016	1108	167	66	1037	488	650	248	39	210	978	601	332	541	196	404	872	431	941	1055	629	582	451	155	201	503	1002	624	1247	1079	211	372	1092	127	206	140	390	1994	133	611	153	205	978	156	128	118	309	371	331	221	369	1525	348	4115	772	841	942	1743	610	1122	1066	140	193	413	372	1957	253	479	135	410	3196	529	1297	14	202	348	540	185	928	522	865	202	586	1003	97	411	622	101	1028	103	155	135	124	25	210	1052	591	350	620	399	404	358	600	474	23	1268	178	152	582	339	1089	499	202	88	133	214	1026	499	236	494	1126	214	1973	992	550	314	263	152	412	581	1301	593	977	1727	2436	1161	476	451	1213	153	447	372	482	1465	1321	397	242	1064	613	31	2041	482
496	0	468	1197	2980	1829	3011	535	868	637	1498	1251	1394	1139	730	253	512	228	646	232	8	631	529	157	467	773	535	510	1228	141	383	449	368	1303	1240	1382	847	616	457	11	156	477	599	459	1132	159	1831	127	153	114	582	1298	1026	299	1680	519	418	3047	476	292	1889	1049	696	114	281	1381	266	504	920	608	1251	1303	129	650	1168	298	464	457	574	2124	499	428	1263	727	615	296	1729	2546	617	1026	472	457	1233	1387	313	623	493	489	705	539	536	892	1450	660	222	489	114	1159	110	475	429	531	1026	407	740	763	792	1276	150	773	151	118	468	1059	160	489	389	457	500	1020	574	1280	400	1026	288	1017	123	132	304	488	1990	320	1667	475	571	615	2517	599	235	15	306	389	2297	317	311	410	805	621	667	1400	207	434	1605	1439	1602	438	430	1226	653	207	510	460	306	1468	668	804	51	646	140	1367	235	1101	1106	904	958	142	571	299	654	816	224	1726	1254	303	850	1578	487	581	498	875	2009	396	340	349	309	1139	455	504	609	580	847	177	290	129	1602	159	4453	780	737	1184	1830	222	782	890	498	307	108	125	1635	500	217	396	110	3667	386	1300	485	696	159	50	535	1082	389	1285	696	680	1172	407	152	144	555	1488	594	461	396	617	491	304	1241	530	154	383	122	233	526	296	755	478	1513	467	642	698	619	1263	8	696	503	365	298	1514	8	615	3	1534	285	2438	1418	882	255	652	629	129	678	1307	920	1400	2050	2771	1490	742	609	1617	482	247	320	14	1645	1347	743	617	643	327	489	2459	14
178	468	0	843	2577	1578	2573	67	401	325	1046	892	1735	819	430	227	203	330	194	450	474	177	304	311	1	317	67	75	856	340	479	714	246	1052	903	979	396	681	12	460	344	269	386	34	1353	309	1425	343	315	354	270	984	612	177	1405	614	107	2618	188	453	1649	641	329	354	492	1335	440	300	565	409	892	1052	342	280	766	179	181	12	134	1953	294	491	796	417	1065	181	1958	2146	150	612	177	12	865	1728	461	621	269	285	245	509	997	448	1041	318	516	285	354	838	415	182	551	132	612	136	1150	307	334	1720	337	317	616	354	3	1104	307	285	292	12	414	551	134	961	369	612	248	1474	349	339	164	282	1586	467	1208	182	118	270	2081	391	322	482	269	369	1845	161	439	814	733	266	545	934	572	674	1149	972	1200	315	167	885	316	572	75	186	169	1018	423	480	519	194	341	934	322	782	881	495	755	376	118	243	330	1114	532	1264	925	173	400	1123	55	113	310	431	1821	101	481	226	169	819	26	300	267	150	396	291	276	343	1358	309	4028	593	666	804	1578	516	1188	1182	310	242	419	347	2037	414	375	100	417	3199	378	1121	184	329	309	518	67	767	369	818	329	409	846	135	340	565	278	1020	256	24	100	270	201	173	901	419	314	479	409	299	515	481	651	188	1136	1	298	407	513	935	474	329	263	202	179	1063	474	415	468	1072	251	1971	951	440	225	184	313	352	404	1125	481	934	1628	2345	1061	331	277	1156	317	333	467	454	1316	1147	576	420	1093	486	205	1997	454
990	1197	843	0	1788	787	1868	808	614	562	1080	54	2564	114	467	965	1007	971	826	1025	1205	824	1110	1077	843	799	808	768	61	1059	910	1549	1089	354	79	1264	821	1516	854	1195	1041	720	1171	824	2196	1071	658	1104	1078	1100	620	182	284	992	601	1456	950	1885	1009	1288	868	251	1003	1100	1323	2080	1272	1116	281	1195	54	354	1109	982	175	994	1007	854	861	1237	1111	872	615	470	1804	995	2799	1354	735	284	1000	854	52	2557	1299	1447	1087	1105	788	1339	1611	861	1284	546	1091	1105	1100	107	1198	1004	1394	717	284	979	1936	798	786	2463	1048	799	1305	1119	846	1913	1067	1106	1134	854	1243	657	861	153	821	284	1080	2189	1114	1106	956	1103	808	1305	1125	1004	836	1008	1382	1178	963	1212	1107	833	1704	982	1277	1349	657	996	624	661	1167	1511	1113	679	1424	1151	1005	60	552	1167	768	1014	984	1076	538	1129	1246	826	1060	1117	963	131	354	364	1448	1057	836	1079	546	1950	1106	1138	109	988	828	1107	875	783	1129	859	1092	943	953	1069	987	114	868	1116	1009	692	821	1059	1112	1109	598	1071	3276	501	665	87	787	1091	1978	2019	1129	1079	1202	1113	2832	1243	994	942	1201	2800	840	545	1001	1003	1071	1243	808	152	833	610	1003	519	90	977	1046	1214	1066	868	1008	866	942	1005	1016	988	69	705	1078	910	1197	964	1348	994	1435	1009	319	843	1019	499	1319	117	1205	1003	1077	1045	994	1093	1205	1199	1199	674	1084	1626	678	468	963	735	1054	1070	520	541	432	661	895	1606	422	514	597	711	1143	955	1305	1187	474	517	1337	1204	1832	970	1021	1458	1187
2683	2980	2577	1788	0	1474	478	2525	2223	2342	2096	1734	4308	1864	2254	2738	2692	2757	2490	2813	2987	2495	2781	2849	2578	2404	2525	2509	1753	2840	2694	3290	2812	1811	1758	2431	2378	3192	2589	2976	2824	2504	2815	2567	3880	2844	1152	2878	2851	2877	2397	1727	1966	2746	1495	3155	2676	344	2707	3029	1487	1939	2613	2877	3069	3552	3018	2796	2060	2835	1734	1811	2882	2615	1816	2747	2709	2589	2548	1711	2793	2654	1901	2255	3591	2749	4457	434	2440	1966	2700	2589	1749	4301	3036	3108	2772	2791	2433	3014	3394	2384	2393	2320	2879	2791	2877	1846	2969	2702	3112	2469	1966	2704	3713	2409	2384	4251	2829	2404	3092	2892	2579	3506	2840	2791	2848	2589	2925	2142	2548	1737	2610	1966	2825	3978	2888	2879	2716	2788	991	3042	1954	2702	2531	2653	633	2821	2749	2995	2845	2622	1984	2732	3013	3127	2372	2640	2396	1787	2955	3248	2015	1756	2431	2851	2718	1769	2326	2955	2509	2716	2737	2123	2326	2680	3029	2490	2840	2270	2749	1899	1993	2086	2953	2842	2531	2820	2325	3685	2894	1895	1750	2741	2383	2038	2593	2488	2810	2393	1654	2678	2739	2799	2739	1864	2600	2796	2657	2431	2378	2830	2853	2882	1626	2844	1503	2269	2405	1795	1472	2879	3753	3749	2810	2819	2973	2886	4608	2925	2781	2677	2972	1960	2629	1951	2697	2613	2844	3027	2525	1920	2622	1875	2613	2307	1829	2702	2828	3003	2730	1873	2662	2596	2677	2650	2707	2741	1754	2492	2851	2694	2966	2747	3029	2781	3038	2706	1468	2578	2652	2286	2963	1743	2987	2613	2759	2773	2747	2094	2987	2837	2981	1631	2828	1552	1780	2139	2736	2422	2689	2851	2308	1942	2097	1787	959	355	1522	2252	2371	1549	2829	2741	3041	2968	1399	1881	2932	2842	3619	2756	2713	1077	2968
1743	1829	1578	787	1474	0	1749	1557	1402	1259	1782	757	3224	769	1151	1641	1763	1605	1598	1613	1837	1593	1868	1746	1578	1583	1557	1502	809	1709	1466	2240	1818	531	710	2018	1608	2258	1588	1831	1684	1383	1937	1552	2916	1740	796	1767	1746	1756	1318	611	1072	1698	188	2187	1684	1702	1759	1991	84	1039	1783	1756	2018	2863	1970	1871	1025	1961	757	531	1774	1757	944	1699	1755	1588	1623	493	1865	1420	1340	1162	2382	1700	3523	1103	1496	1072	1749	1588	793	3217	2006	2199	1840	1857	1567	2087	2110	1648	2027	1260	1661	1857	1756	752	1863	1753	2115	1445	1072	1713	2553	1582	1572	3010	1696	1583	1897	1781	1581	2676	1734	1858	1867	1588	1992	1437	1623	639	1429	1072	1791	2722	1778	1772	1656	1855	814	2013	1772	1753	1597	1779	1363	1943	1600	1843	1823	1440	2237	1692	1986	1837	1060	1768	1164	1332	1729	2209	1784	1333	2151	1893	1745	730	1263	1729	1502	1761	1690	1787	1184	1914	1869	1598	1709	1859	1600	803	723	1143	2234	1689	1597	1792	1250	2635	1672	1761	682	1695	1615	1786	1619	1541	1882	1647	350	1671	1514	1794	1695	769	1604	1871	1779	1434	1608	1732	1824	1775	227	1740	2954	1049	1116	863	1	1661	2596	2708	1882	1795	1866	1778	3430	1992	1612	1670	1866	3016	1443	557	1752	1783	1740	1867	1557	815	1440	1326	1783	1185	748	1712	1692	1798	1829	1536	1777	1602	1670	1776	1768	1695	718	1300	1747	1466	1865	1609	2093	1561	2205	1759	667	1578	1793	1178	2080	673	1837	1783	1831	1773	1699	1792	1838	1965	1832	1267	1794	2015	1343	1253	1640	1504	1826	1717	1189	548	1218	1332	972	1455	955	1271	1304	1253	1893	1585	2013	1822	402	495	2112	1971	2408	1530	1773	1672	1822
2651	3011	2573	1868	478	1749	0	2514	2188	2386	1911	1816	4271	1963	2312	2760	2656	2799	2454	2873	3018	2463	2734	2867	2574	2352	2514	2513	1821	2870	2772	3267	2791	1978	1859	2245	2312	3131	2585	3006	2858	2550	2753	2570	3806	2863	1211	2898	2870	2901	2435	1853	1985	2749	1723	3107	2663	148	2676	3014	1782	1964	2548	2901	3057	3392	3006	2752	2114	2771	1816	1978	2900	2559	1851	2750	2681	2585	2520	2070	2749	2736	1822	2310	3626	2752	4358	652	2426	1985	2671	2585	1821	4264	3018	3041	2731	2749	2393	2959	3471	2305	2197	2357	2943	2749	2901	1947	2982	2672	3077	2482	1985	2688	3723	2359	2331	4286	2861	2352	3138	2912	2574	3395	2860	2750	2821	2585	2876	2078	2520	1856	2672	1985	2818	4026	2907	2897	2725	2748	1073	3022	1744	2672	2507	2600	493	2759	2790	3026	2833	2684	1639	2734	2995	3215	2505	2588	2493	1691	3019	3223	1814	1655	2205	2815	2696	1865	2364	3019	2513	2688	2740	1943	2393	2589	3062	2454	2871	2098	2790	1993	2136	2107	2830	2881	2507	2812	2367	3649	2959	1678	1858	2744	2315	1841	2579	2472	2766	2317	1990	2670	2813	2783	2741	1963	2594	2752	2605	2437	2312	2847	2843	2901	1856	2863	1469	2369	2525	1853	1748	2943	3761	3709	2766	2809	2987	2905	4607	2876	2830	2669	2985	1483	2692	2149	2665	2548	2863	3060	2514	2015	2684	1796	2548	2368	1928	2687	2860	3056	2681	1724	2612	2589	2669	2597	2674	2744	1851	2566	2870	2772	2978	2784	2976	2851	2948	2675	1557	2574	2593	2343	2895	1853	3018	2548	2718	2757	2750	1905	3018	2771	3012	1535	2822	1189	1680	2134	2758	2402	2630	2881	2368	2140	2095	1691	973	294	1520	2268	2406	1448	2787	2786	3022	2998	1570	2080	2843	2776	3653	2829	2679	756	2998
185	535	67	808	2525	1557	2514	0	336	322	980	855	1784	792	421	294	206	394	133	513	541	116	311	378	68	252	0	79	817	408	532	764	288	1036	872	922	331	709	78	527	411	300	386	87	1389	376	1374	409	382	421	274	957	565	242	1381	649	151	2561	202	504	1630	595	294	421	546	1334	494	313	536	410	855	1036	409	247	720	243	200	78	90	1944	307	539	730	407	1130	245	1991	2096	87	565	193	78	827	1777	511	643	283	300	180	532	1065	385	982	306	580	300	421	811	479	197	592	132	565	178	1209	242	268	1782	405	252	683	421	67	1119	375	301	329	78	437	484	90	932	416	565	304	1538	415	405	231	298	1536	516	1141	197	65	248	2022	392	386	549	320	418	1778	225	488	879	754	241	566	868	638	723	1082	907	1141	343	198	853	306	638	79	206	234	952	428	447	586	133	409	871	386	756	872	451	738	443	65	298	322	1161	597	1196	895	237	336	1057	68	46	325	369	1810	155	537	273	233	792	82	313	246	123	331	358	330	409	1340	376	3971	600	689	764	1557	580	1247	1228	325	295	484	414	2094	437	439	155	481	3132	428	1117	195	294	376	585	0	743	418	753	294	408	818	177	407	633	276	952	238	76	155	247	211	237	868	450	381	532	472	364	541	540	655	202	1093	68	272	402	524	904	541	294	274	248	243	997	541	415	535	1008	307	1903	885	386	292	117	295	420	403	1120	428	868	1573	2289	1006	293	273	1092	337	396	516	521	1282	1139	572	421	1157	543	216	1932	521
464	868	401	614	2223	1402	2188	336	0	408	706	649	2090	645	442	619	471	700	268	809	874	275	558	713	402	192	336	361	600	735	783	1079	603	924	691	747	206	971	413	861	733	512	597	409	1660	710	1082	744	716	754	410	791	331	578	1216	932	479	2241	488	826	1482	364	406	754	870	1469	820	573	416	620	649	924	744	397	475	580	493	413	332	1839	570	773	394	426	1466	582	2249	1799	251	331	483	413	614	2083	830	889	549	568	210	792	1390	251	790	367	881	568	754	659	815	485	892	357	331	503	1541	194	176	2118	730	192	1013	756	402	1325	708	568	633	413	702	163	332	763	658	331	635	1875	751	740	565	566	1244	834	843	485	319	433	1699	604	691	882	647	664	1487	561	806	1184	847	420	683	532	947	1036	794	571	949	630	508	671	374	947	361	500	570	684	508	517	920	268	736	645	691	617	811	272	835	763	319	629	392	1466	899	892	720	574	214	772	396	291	587	247	1696	490	803	596	570	645	418	573	436	303	206	692	659	744	1204	710	3650	650	800	545	1401	881	1577	1529	587	625	820	749	2419	702	742	489	818	2807	675	1061	478	406	710	918	336	613	664	416	406	472	659	501	732	954	507	631	440	413	489	430	487	573	684	628	715	783	809	674	806	820	844	488	843	402	435	448	748	728	874	406	536	571	580	722	874	622	868	672	639	1578	549	154	617	219	473	747	468	1061	183	532	1264	1972	701	243	383	757	606	696	833	854	1071	1062	742	627	1494	814	492	1596	854
501	637	325	562	2342	1259	2386	322	408	0	1112	615	2005	516	107	403	524	415	414	488	645	402	628	514	326	476	322	252	590	498	411	995	560	730	611	1141	544	1000	334	634	481	163	706	296	1660	509	1196	542	516	538	60	680	406	442	1091	928	429	2417	512	738	1328	423	603	538	769	1655	719	625	283	730	615	730	546	562	536	442	506	334	406	1628	619	389	740	97	1249	444	2266	1908	295	406	502	334	596	1998	751	946	595	610	418	833	1090	603	1190	42	560	610	538	535	636	507	856	193	406	457	1374	468	479	1910	487	476	753	556	329	1429	504	611	609	334	739	565	406	659	294	406	534	1642	552	544	402	607	1354	758	1240	507	378	568	1894	712	407	652	565	304	1881	434	730	848	457	561	279	864	634	959	1195	900	1350	638	492	595	34	634	252	512	434	1091	112	756	686	414	499	1051	407	478	555	290	1058	499	378	534	20	1395	576	1282	628	438	551	1176	373	324	635	591	1496	413	443	535	438	516	350	625	567	203	544	497	567	547	1036	509	3820	282	401	547	1259	560	1415	1466	635	536	640	551	2270	739	443	412	639	3154	314	796	508	603	509	684	322	460	304	755	603	87	546	455	485	669	597	1009	560	350	412	567	525	438	611	226	516	411	635	404	837	474	975	513	876	326	591	82	838	637	645	603	588	515	442	1129	645	735	639	970	537	1932	884	323	401	325	616	509	82	800	345	864	1419	2140	869	171	49	1044	643	401	758	626	1023	821	894	741	1277	458	529	1879	626
1010	1498	1046	1080	2096	1782	1911	980	706	1112	0	1082	2474	1168	1130	1272	999	1374	856	1491	1502	872	1027	1342	1047	729	980	1035	1031	1383	1484	1560	1155	1434	1154	336	652	1343	1055	1488	1389	1215	1004	1067	1962	1341	1148	1371	1347	1388	1116	1251	862	1199	1599	1353	1080	2004	1032	1356	1866	881	826	1388	1403	1481	1361	1052	1034	1013	1082	1434	1368	863	906	1201	1043	1055	925	2269	1053	1477	465	1115	2038	1202	2474	1733	917	862	1034	1055	1047	2468	1350	1249	1046	1059	801	1201	2035	606	299	1070	1560	1059	1388	1173	1418	1032	1358	1048	862	1092	2057	739	712	2649	1382	729	1650	1380	1045	1513	1341	1059	1159	1055	1145	547	925	1225	1359	862	1220	2442	1375	1365	1203	1059	1271	1351	190	1032	932	904	1478	1009	1366	1510	1215	1365	799	1181	1330	1860	1530	895	1380	450	1618	1514	116	453	378	1128	1074	1137	1078	1618	1035	1048	1193	35	1205	788	1546	856	1384	190	1366	1157	1395	897	950	1422	932	1210	1095	1881	1577	260	1183	1195	649	86	1015	936	1065	623	2123	1102	1500	1163	1190	1168	1052	1052	910	995	652	1323	1230	1369	1642	1341	3365	1327	1491	993	1781	1560	2086	1927	1065	1203	1423	1373	2868	1145	1418	1103	1420	2198	1375	1620	1022	826	1341	1545	980	1164	1365	470	826	1169	1162	1091	1385	1610	982	257	923	1047	1103	902	1020	1195	1141	1334	1345	1484	1409	1345	1222	1511	1116	1031	1116	1047	883	1142	1112	1188	1502	826	1033	1143	1201	16	1502	1011	1497	545	1224	994	439	806	1271	875	910	1395	1165	1617	802	450	1204	1774	835	942	1090	599	1087	1374	1350	1484	1385	1597	1021	1013	2063	1509	1024	1189	1484
1036	1251	892	54	1734	757	1816	855	649	615	1082	0	2616	155	521	1018	1053	1025	869	1079	1259	867	1155	1130	893	837	855	818	53	1113	964	1600	1138	356	77	1279	855	1563	904	1249	1095	774	1214	874	2245	1124	605	1157	1131	1153	673	169	318	1044	569	1504	999	1831	1056	1339	839	285	1044	1153	1374	2118	1323	1163	334	1238	0	356	1162	1024	188	1045	1055	904	906	1216	1157	926	618	524	1858	1047	2847	1300	781	318	1047	904	37	2609	1350	1493	1134	1152	829	1385	1665	892	1295	598	1145	1152	1153	143	1251	1051	1444	768	318	1028	1990	837	823	2517	1102	837	1359	1172	895	1956	1120	1152	1183	904	1290	680	906	142	876	318	1131	2243	1167	1159	1008	1149	754	1356	1117	1051	882	1051	1330	1221	1017	1266	1158	887	1686	1033	1327	1403	704	1039	677	653	1221	1562	1110	668	1432	1199	1053	66	604	1221	818	1061	1035	1079	592	1166	1299	869	1114	1128	1017	179	384	408	1485	1111	882	1129	599	2001	1160	1127	102	1040	862	1105	923	829	1176	891	1071	993	1007	1119	1039	155	918	1163	1052	741	855	1111	1163	1162	577	1124	3222	553	714	105	756	1145	2031	2070	1176	1130	1255	1166	2886	1290	1048	992	1254	2761	895	556	1048	1044	1124	1297	855	200	887	611	1044	573	124	1026	1100	1268	1111	862	1052	915	992	1048	1062	1040	63	759	1131	964	1250	1018	1395	1048	1477	1056	265	893	1061	553	1364	107	1259	1044	1123	1095	1045	1094	1259	1242	1253	654	1134	1595	669	507	1016	780	1096	1124	575	551	469	653	843	1553	386	562	649	685	1189	1009	1356	1240	429	522	1379	1248	1886	1024	1068	1415	1240
1627	1394	1735	2564	4308	3224	4271	1784	2090	2005	2474	2616	0	2520	2107	1602	1619	1621	1822	1613	1386	1816	1537	1491	1734	1919	1784	1805	2585	1520	1763	1020	1496	2698	2616	2202	1960	1145	1722	1393	1543	1857	1520	1747	548	1497	3158	1466	1490	1474	1945	2682	2347	1573	3074	1163	1633	4330	1603	1281	3283	2376	1724	1474	1243	1298	1295	1520	2282	1502	2616	2698	1461	1712	2501	1572	1599	1722	1761	3498	1523	1810	2450	2100	905	1570	584	3880	1868	2347	1609	1722	2593	7	1273	1238	1542	1523	1881	1313	1256	1970	2272	2018	1572	1523	1474	2539	1371	1607	1198	1850	2347	1605	693	1912	1940	649	1532	1919	1336	1452	1732	1032	1502	1523	1460	1722	1395	2193	1761	2662	1795	2347	1488	796	1456	1463	1608	1525	3320	1267	2664	1607	1778	1670	3786	1513	1627	1381	1465	1784	3181	1584	1296	1481	2184	1683	2060	2582	1510	1061	2590	2619	2365	1460	1589	2600	2013	1510	1805	1592	1581	2439	2055	1702	1354	1822	1519	2289	1627	2482	2501	2229	1540	1536	1778	1491	2019	624	1563	2735	2633	1577	1957	2559	1715	1820	1505	1957	3390	1633	1716	1510	1578	2520	1710	1520	1666	1883	1960	1508	1458	1460	2997	1497	5738	2175	2120	2535	3224	1572	650	562	1505	1492	1367	1456	460	1395	1612	1634	1368	4632	1781	2689	1613	1724	1497	1357	1784	2463	1784	2475	1724	2062	2551	1606	1536	1435	1590	2584	1659	1714	1634	1673	1603	1577	2616	1924	1490	1763	1370	1619	1295	1669	1358	1603	2869	1734	1677	2076	1383	2642	1386	1724	1555	1535	1572	2486	1386	1503	1392	2737	1485	3466	2594	2170	1603	1886	1641	1511	2060	2696	2212	2582	3353	4062	2787	2064	1967	2824	1485	1640	1268	1402	3027	2739	1455	1499	885	1701	1598	3624	1402
978	1139	819	114	1864	769	1963	792	645	516	1168	155	2520	0	412	917	997	910	829	953	1147	824	1102	1028	820	819	792	743	175	1004	830	1511	1064	281	106	1333	851	1499	830	1138	984	664	1168	797	2171	1022	751	1054	1029	1047	576	165	331	956	589	1434	927	1975	995	1253	845	302	1014	1047	1285	2096	1235	1106	256	1193	155	281	1059	988	266	957	992	830	855	1193	1100	789	704	419	1737	959	2776	1431	728	331	985	830	165	2513	1265	1436	1076	1093	799	1325	1529	897	1357	508	1016	1093	1047	19	1149	990	1367	689	331	956	1879	817	809	2393	993	819	1237	1068	822	1909	1017	1094	1111	830	1229	712	855	143	751	331	1047	2116	1064	1056	917	1090	896	1272	1224	989	829	1010	1480	1175	903	1153	1076	763	1812	948	1244	1263	549	999	534	762	1092	1475	1208	782	1502	1133	985	98	512	1092	743	998	948	1162	471	1149	1185	829	1005	1192	903	37	242	377	1468	997	829	1046	503	1911	1031	1240	116	952	859	1200	857	774	1118	893	1051	917	875	1042	952	0	845	1106	1010	671	851	1011	1080	1060	561	1022	3359	407	562	187	768	1016	1921	1982	1118	1048	1153	1063	2773	1229	929	915	1152	2914	769	451	988	1014	1022	1183	792	57	763	702	1014	459	35	954	990	1144	1061	966	1008	843	915	1007	1003	953	112	629	1029	830	1149	906	1332	918	1436	995	406	820	1024	443	1313	124	1147	1014	1066	1020	957	1182	1147	1197	1141	784	1050	1740	780	492	916	735	1057	1014	461	448	462	762	992	1697	536	503	556	824	1129	893	1272	1129	507	434	1343	1203	1765	891	1009	1569	1129
603	730	430	467	2254	1151	2312	421	442	107	1130	521	2107	412	0	505	626	504	500	562	738	490	730	615	431	544	421	356	501	593	463	1100	667	623	510	1189	605	1107	439	728	574	253	807	402	1766	609	1112	641	616	635	167	576	353	548	984	1035	535	2338	616	844	1221	363	692	635	874	1755	825	729	197	831	521	623	646	654	463	549	611	439	501	1524	723	433	728	16	1337	551	2373	1819	382	353	606	439	504	2100	857	1051	698	714	495	939	1159	663	1233	115	631	714	635	432	736	611	963	297	353	563	1470	538	544	1997	582	544	838	656	434	1535	605	715	716	439	845	586	501	555	360	353	641	1725	652	644	508	712	1268	864	1244	611	473	664	1820	813	496	745	672	372	1881	541	837	907	404	655	252	842	707	1065	1205	876	1391	744	597	495	115	707	356	616	540	1112	87	842	778	500	594	1086	496	374	451	254	1151	590	473	641	100	1499	648	1282	527	545	613	1187	477	417	740	652	1391	520	502	642	545	412	456	729	663	298	605	598	674	647	929	609	3737	208	361	461	1152	631	1511	1571	740	643	740	651	2365	845	527	518	739	3122	380	696	611	692	609	776	421	356	372	740	692	56	444	561	580	750	697	1003	657	455	518	662	628	545	511	260	617	463	736	497	943	539	1076	616	785	431	685	32	942	535	738	692	691	621	549	1146	738	836	732	934	643	1906	862	324	503	406	712	604	56	698	333	842	1340	2060	802	201	153	1003	748	488	864	720	920	718	993	842	1365	518	632	1828	720
315	253	227	965	2738	1641	2760	294	619	403	1272	1018	1602	917	505	0	339	121	417	240	259	401	400	111	226	543	294	258	991	115	319	599	252	1110	1014	1190	621	659	217	247	117	258	486	211	1278	106	1587	140	113	141	344	1080	777	108	1481	572	214	2798	305	354	1706	801	513	141	377	1388	331	382	684	503	1018	1110	144	463	922	107	292	217	350	1974	376	348	1013	498	866	107	1884	2304	369	777	296	217	997	1595	371	629	359	364	471	520	772	671	1254	420	298	364	141	937	232	301	489	278	777	219	975	532	560	1526	111	543	394	154	227	1109	102	365	300	217	444	774	350	1060	252	777	182	1269	150	141	77	362	1747	378	1435	301	340	437	2267	489	116	267	219	246	2071	120	353	589	680	439	509	1149	347	567	1376	1188	1411	348	257	998	414	347	258	292	108	1244	457	648	305	417	117	1155	116	879	920	655	871	149	340	189	418	996	313	1491	1031	109	624	1350	259	339	384	654	1850	185	302	223	114	917	220	382	432	327	621	93	212	144	1415	106	4205	599	608	944	1641	298	1016	1068	384	196	237	148	1871	444	164	184	235	3424	250	1138	310	513	106	303	294	861	246	1034	513	461	949	218	113	339	404	1245	418	225	184	438	322	110	1014	362	113	319	232	89	516	286	713	306	1276	226	467	474	566	1040	259	513	362	220	107	1289	260	510	253	1282	183	2195	1167	629	1	408	466	128	458	1143	667	1149	1802	2523	1240	491	369	1364	377	134	378	239	1425	1176	666	515	893	301	323	2207	239
26	512	203	1007	2692	1763	2656	206	471	524	999	1053	1619	997	626	339	0	460	203	579	515	197	105	366	203	308	206	272	1012	423	646	612	156	1243	1074	870	366	512	198	501	440	469	182	237	1199	367	1547	391	371	412	472	1161	751	235	1587	463	129	2711	36	370	1837	783	184	412	416	1132	370	109	740	205	1053	1243	386	138	907	236	48	198	147	2150	104	666	842	613	1044	237	1796	2267	271	751	42	198	1023	1612	369	440	81	99	262	332	1046	399	937	511	633	99	412	1015	422	38	421	331	751	120	1089	300	330	1676	427	308	662	397	200	913	369	100	169	198	238	583	147	1136	550	751	225	1452	392	383	262	97	1709	372	1176	38	170	102	2169	188	455	522	216	548	1795	220	347	907	935	108	748	978	671	567	1110	1016	1090	159	85	1055	511	671	272	51	232	967	626	309	556	203	424	857	455	961	1078	645	555	472	170	214	527	995	646	1238	1098	233	366	1082	151	224	122	382	2017	158	636	165	227	997	182	109	97	330	366	351	232	386	1546	367	4120	797	867	958	1763	633	1123	1058	122	207	426	390	1954	238	503	160	423	3188	555	1321	28	184	367	555	206	948	548	866	184	610	1022	120	432	641	75	1024	82	180	160	104	21	232	1070	617	369	646	412	428	343	624	450	34	1283	203	131	606	317	1107	515	184	69	147	236	1015	515	211	510	1129	228	1966	993	563	338	276	127	433	605	1324	605	978	1735	2443	1170	495	475	1215	138	471	372	498	1482	1344	372	217	1070	637	25	2041	498
436	228	330	971	2757	1605	2799	394	700	415	1374	1025	1621	910	504	121	460	0	524	121	236	507	520	162	329	647	394	342	1003	106	207	647	368	1077	1012	1305	726	748	322	228	79	252	606	307	1332	156	1611	172	160	155	363	1069	814	229	1453	656	334	2831	427	426	1666	834	633	155	438	1492	400	502	696	622	1025	1077	181	582	950	228	414	322	461	1914	495	243	1088	501	834	228	1936	2322	459	814	418	322	1008	1613	445	728	479	483	574	624	694	778	1368	442	186	483	155	930	263	423	568	344	814	340	968	636	662	1495	93	647	338	185	331	1200	150	484	412	322	554	860	461	1051	178	814	291	1228	183	180	198	482	1769	453	1531	423	448	558	2306	608	8	243	326	168	2171	241	432	487	602	559	448	1222	247	621	1474	1260	1526	462	378	998	434	247	342	413	229	1346	439	769	274	524	106	1264	8	873	881	693	990	86	448	299	433	1032	203	1584	1026	230	730	1449	370	437	502	761	1795	305	184	339	235	910	329	502	553	398	726	158	316	181	1378	156	4235	555	532	961	1605	186	1010	1105	502	307	266	184	1863	554	45	304	266	3507	167	1084	432	633	156	272	394	853	168	1107	633	453	944	339	88	260	526	1331	539	334	304	559	444	231	1014	305	161	207	268	32	617	164	824	428	1289	329	588	471	677	1035	236	633	483	339	228	1390	236	629	231	1347	290	2278	1241	687	122	500	588	112	451	1090	721	1222	1833	2554	1279	538	393	1427	495	21	454	219	1416	1127	783	633	862	181	445	2269	219
196	646	194	826	2490	1598	2454	133	268	414	856	869	1822	829	500	417	203	524	0	644	650	16	294	489	194	127	133	206	825	527	665	813	340	1089	897	788	203	708	201	636	534	426	345	220	1398	487	1346	519	493	534	377	989	559	346	1417	665	231	2508	221	563	1675	592	192	534	608	1269	558	307	574	369	869	1089	516	159	714	348	227	201	72	2006	303	672	646	484	1220	349	1991	2065	119	559	217	201	837	1815	565	631	282	300	62	529	1181	254	848	388	710	300	534	846	576	218	624	247	559	249	1281	117	146	1864	526	127	797	528	192	1086	487	301	367	201	436	389	72	963	548	559	384	1629	523	513	347	298	1508	569	1021	218	76	181	1966	352	516	659	390	551	1655	328	542	1007	864	170	679	783	764	768	960	822	1008	362	246	877	390	764	206	233	339	826	526	342	695	0	528	740	516	795	940	461	652	566	76	375	409	1198	726	1079	922	342	207	934	159	100	321	237	1868	249	671	337	337	829	197	307	183	214	203	469	403	517	1388	487	3918	696	802	770	1598	710	1316	1261	321	370	580	521	2154	436	569	250	578	3022	560	1191	210	192	487	694	133	785	551	670	192	500	850	248	529	754	245	846	183	191	250	179	219	341	892	573	492	665	568	493	542	673	608	220	1089	194	194	488	495	932	650	192	269	312	348	872	651	373	645	931	387	1796	799	368	415	96	228	539	495	1193	409	783	1532	2240	967	330	368	1017	339	527	568	631	1298	1206	513	378	1247	677	224	1848	631
555	232	450	1025	2813	1613	2873	513	809	488	1491	1079	1613	953	562	240	579	121	644	0	240	627	633	246	449	766	513	456	1062	178	151	681	476	1092	1058	1427	845	822	443	238	151	326	717	425	1364	242	1675	243	243	218	444	1105	894	345	1470	727	454	2900	545	493	1669	912	754	218	495	1579	466	613	760	732	1079	1092	252	703	1022	343	531	443	582	1894	607	197	1192	563	785	343	1962	2379	575	894	536	443	1065	1606	514	813	593	595	693	714	602	898	1490	521	73	595	218	973	310	541	636	452	894	459	941	755	781	1440	168	766	287	250	452	1272	237	596	516	443	653	971	582	1090	203	894	394	1164	251	252	318	593	1830	522	1646	541	568	678	2381	719	128	243	427	191	2287	359	505	375	575	680	449	1324	146	663	1590	1362	1648	567	496	1045	513	146	456	531	346	1464	486	888	262	644	177	1384	128	917	893	776	1099	127	568	404	508	1047	90	1698	1069	346	849	1566	492	555	613	881	1781	426	107	448	352	953	450	613	673	506	845	251	415	252	1385	242	4299	570	508	1024	1613	73	984	1120	613	412	311	252	1828	653	76	424	312	3613	184	1075	550	754	242	259	513	896	191	1210	754	507	988	458	162	191	642	1441	659	455	424	679	562	347	1061	325	245	151	319	153	705	64	922	546	1344	449	708	530	777	1077	240	754	597	451	343	1508	240	739	236	1444	393	2385	1343	783	241	616	706	175	507	1082	814	1324	1903	2623	1357	630	475	1522	603	117	522	230	1452	1125	888	743	812	95	562	2362	230
499	8	474	1205	2987	1837	3018	541	874	645	1502	1259	1386	1147	738	259	515	236	650	240	0	635	530	162	473	778	541	516	1235	148	390	442	369	1311	1248	1384	852	612	462	13	163	485	600	465	1124	164	1839	131	158	120	589	1306	1033	304	1688	515	422	3054	479	288	1897	1056	699	120	276	1377	262	505	928	608	1259	1311	134	653	1175	302	467	462	579	2132	500	436	1269	734	607	301	1722	2553	622	1033	475	462	1240	1379	309	619	495	490	710	537	533	896	1452	668	228	490	120	1166	108	478	424	538	1033	411	732	768	797	1269	157	778	148	122	473	1054	166	490	390	462	499	1025	579	1288	408	1033	290	1010	127	137	309	489	1998	316	1672	478	576	617	2525	599	243	8	307	397	2301	322	307	410	813	623	675	1406	211	427	1609	1444	1604	439	432	1233	661	211	516	463	311	1472	676	806	45	650	147	1370	243	1109	1114	911	956	150	576	301	662	808	229	1730	1262	308	854	1582	492	587	499	879	2017	401	347	352	313	1147	460	505	611	587	852	182	291	133	1610	164	4460	788	745	1191	1838	228	774	882	499	309	106	129	1627	499	225	400	109	3672	394	1308	488	699	164	44	541	1090	397	1290	699	688	1180	411	159	146	557	1493	597	466	400	619	494	308	1249	538	159	390	120	241	523	303	753	480	1521	473	644	706	617	1271	0	699	504	367	302	1518	0	614	6	1541	287	2444	1423	889	261	658	630	136	686	1315	926	1406	2057	2778	1497	749	617	1623	482	255	317	19	1653	1355	742	617	635	335	492	2465	19
189	631	177	824	2495	1593	2463	116	275	402	872	867	1816	824	490	401	197	507	16	627	635	0	292	473	178	143	116	190	824	511	648	804	330	1083	894	805	220	706	184	621	517	410	347	203	1395	472	1350	504	478	518	364	985	559	331	1413	660	217	2516	213	553	1670	591	202	518	598	1275	548	303	569	370	867	1083	501	165	714	333	218	184	59	1999	299	655	656	474	1208	334	1990	2069	107	559	208	184	836	1809	555	629	277	296	75	526	1166	271	865	376	693	296	518	842	562	209	618	232	559	236	1271	132	161	1852	510	143	781	513	175	1088	472	296	358	184	433	401	59	959	532	559	371	1617	508	498	331	294	1512	559	1037	209	60	185	1974	354	499	644	378	534	1671	313	532	990	850	174	665	794	748	760	976	833	1025	356	235	874	378	748	190	225	324	843	513	354	680	16	512	756	499	790	932	459	661	550	60	363	397	1191	710	1095	919	327	223	950	144	84	317	254	1862	235	654	325	322	824	180	303	186	201	220	454	391	502	1382	472	3925	684	788	769	1593	693	1306	1255	317	358	567	506	2145	433	552	235	564	3037	544	1182	203	202	472	679	116	779	534	680	202	488	846	235	513	738	244	860	184	175	235	182	212	326	889	558	476	648	554	477	539	656	612	212	1090	178	200	477	496	928	635	202	265	301	333	888	636	375	630	941	375	1810	810	369	399	89	232	523	483	1184	410	794	1538	2247	972	323	355	1027	335	510	559	616	1296	1198	518	380	1234	660	218	1859	616
127	529	304	1110	2781	1868	2734	311	558	628	1027	1155	1537	1102	730	400	105	520	294	633	530	292	0	400	304	381	311	375	1114	464	717	546	163	1348	1177	864	426	414	297	517	486	564	87	336	1103	403	1640	419	405	443	574	1265	851	291	1691	374	214	2792	116	329	1942	883	202	443	375	1031	336	25	845	107	1155	1348	412	177	1006	292	125	297	249	2255	29	742	913	717	1011	292	1697	2358	375	851	127	297	1125	1530	322	338	41	40	348	234	1049	446	935	616	679	40	443	1120	427	122	347	434	851	194	1036	375	402	1627	471	381	673	421	300	808	406	39	142	297	143	655	249	1240	631	851	246	1414	417	410	328	41	1801	323	1210	122	273	134	2248	91	516	537	223	628	1815	281	303	936	1029	146	844	1048	708	501	1141	1085	1081	101	152	1158	615	708	375	121	292	994	727	276	566	294	466	873	516	1066	1182	747	472	517	273	236	631	915	691	1275	1202	291	424	1112	254	328	37	431	2121	240	703	187	286	1102	280	25	129	435	426	389	238	412	1651	403	4200	897	960	1059	1868	679	1067	975	37	227	430	415	1885	143	560	242	427	3224	635	1425	119	202	403	566	311	1053	628	938	202	713	1126	195	477	667	52	1076	121	280	242	137	103	290	1173	709	403	717	415	490	248	685	347	116	1382	304	147	710	212	1211	530	202	41	182	292	1042	530	114	526	1201	249	2008	1061	661	399	376	117	472	708	1428	703	1048	1822	2526	1259	599	579	1288	59	535	323	516	1584	1449	276	119	1036	702	98	2104	516
347	157	311	1077	2849	1746	2867	378	713	514	1342	1130	1491	1028	615	111	366	162	489	246	162	473	400	0	310	616	378	357	1102	68	367	495	238	1215	1125	1236	691	586	300	148	95	365	480	304	1178	6	1698	31	4	46	456	1190	887	143	1588	494	263	2907	330	264	1810	911	550	46	279	1335	239	378	796	492	1130	1215	32	502	1033	141	318	300	417	2069	372	405	1107	609	760	140	1784	2416	461	887	325	300	1109	1484	283	569	361	361	548	468	692	737	1303	531	281	361	46	1048	121	329	406	385	887	255	864	606	635	1419	78	616	307	44	311	1038	11	361	272	300	406	863	417	1171	334	887	154	1166	39	29	147	359	1858	291	1510	329	414	469	2374	481	163	170	183	325	2142	161	269	541	762	474	601	1245	307	466	1449	1284	1456	324	282	1110	525	307	357	315	149	1312	564	669	208	489	69	1214	163	990	1023	765	856	120	414	164	530	889	292	1569	1142	147	693	1422	330	424	375	719	1947	240	337	213	152	1028	298	378	464	431	691	20	169	33	1519	6	4315	699	691	1056	1746	281	904	962	375	173	125	37	1759	406	185	239	124	3509	326	1235	338	550	6	206	378	972	325	1129	550	570	1060	255	85	274	418	1330	449	303	239	471	346	147	1125	455	3	367	121	144	460	307	675	332	1388	310	498	584	530	1151	162	550	369	223	141	1359	162	499	156	1381	152	2281	1262	734	113	496	489	73	568	1241	773	1245	1912	2632	1348	600	480	1464	363	183	291	143	1536	1276	644	503	787	331	345	2306	143
178	467	1	843	2578	1578	2574	68	402	326	1047	893	1734	820	431	226	203	329	194	449	473	178	304	310	0	318	68	76	857	339	479	713	245	1053	904	980	397	680	11	459	343	269	386	34	1353	308	1426	342	314	353	270	985	613	176	1406	614	107	2619	187	452	1650	642	330	353	491	1334	439	300	566	408	893	1053	341	280	767	178	180	11	135	1954	293	490	797	418	1064	180	1957	2147	151	613	176	11	866	1727	460	621	269	284	246	508	996	449	1041	318	515	284	353	839	414	182	551	133	613	136	1149	307	335	1719	336	318	615	353	3	1104	306	285	291	11	414	552	135	961	368	613	247	1473	348	338	163	281	1587	466	1209	182	119	270	2082	391	321	481	268	369	1846	160	438	813	733	267	546	935	571	673	1150	973	1200	314	167	886	316	571	76	186	168	1019	423	480	518	194	340	934	321	783	881	496	755	375	119	242	330	1113	532	1265	926	172	400	1124	55	114	309	432	1822	100	480	226	168	820	25	300	267	151	397	290	275	342	1358	308	4029	593	666	805	1578	515	1187	1181	309	241	418	346	2036	414	374	99	416	3200	378	1122	184	330	308	517	68	768	369	819	330	409	847	134	339	564	278	1021	256	24	99	270	200	172	902	419	313	479	408	299	514	480	651	188	1137	0	298	408	513	935	473	330	263	202	178	1064	473	415	467	1073	250	1972	952	441	224	185	313	351	404	1125	482	935	1629	2346	1062	332	277	1157	317	332	466	453	1317	1147	576	420	1092	485	205	1998	453
309	773	317	799	2404	1583	2352	252	192	476	729	837	1919	819	544	543	308	647	127	766	778	143	381	616	318	0	252	315	789	654	776	920	458	1092	874	680	79	788	326	764	660	522	410	340	1476	615	1270	646	621	661	452	972	518	473	1399	756	357	2411	334	678	1662	552	214	661	724	1281	676	399	575	432	837	1092	644	210	666	475	342	326	199	2010	397	778	534	528	1344	477	2060	1984	203	518	332	326	802	1912	678	703	380	398	72	611	1309	136	737	442	833	398	661	835	702	331	725	343	518	374	1397	10	21	1983	652	0	924	656	316	1133	615	398	478	326	524	275	199	944	655	518	508	1752	651	641	474	396	1430	681	894	331	203	249	1867	417	639	786	511	659	1528	455	655	1131	933	237	753	670	889	875	833	708	897	464	366	854	446	889	315	348	467	700	587	330	823	127	655	619	639	788	961	442	650	692	203	499	466	1296	850	952	902	469	84	807	287	210	414	120	1869	377	785	458	464	819	323	399	253	297	79	597	525	644	1381	615	3818	750	876	733	1583	833	1432	1357	414	493	707	648	2262	524	691	377	704	2896	669	1212	323	214	615	821	252	781	659	558	214	557	836	373	656	881	329	721	260	317	377	246	328	469	867	663	619	776	693	617	626	791	652	333	1036	318	247	539	560	911	778	214	366	434	475	745	778	434	772	821	512	1670	684	330	541	162	285	666	552	1213	367	670	1444	2145	886	350	435	908	434	649	680	759	1261	1220	549	438	1370	793	333	1732	759
185	535	67	808	2525	1557	2514	0	336	322	980	855	1784	792	421	294	206	394	133	513	541	116	311	378	68	252	0	79	817	408	532	764	288	1036	872	922	331	709	78	527	411	300	386	87	1389	376	1374	409	382	421	274	957	565	242	1381	649	151	2561	202	504	1630	595	294	421	546	1334	494	313	536	410	855	1036	409	247	720	243	200	78	90	1944	307	539	730	407	1130	245	1991	2096	87	565	193	78	827	1777	511	643	283	300	180	532	1065	385	982	306	580	300	421	811	479	197	592	132	565	178	1209	242	268	1782	405	252	683	421	67	1119	375	301	329	78	437	484	90	932	416	565	304	1538	415	405	231	298	1536	516	1141	197	65	248	2022	392	386	549	320	418	1778	225	488	879	754	241	566	868	638	723	1082	907	1141	343	198	853	306	638	79	206	234	952	428	447	586	133	409	871	386	756	872	451	738	443	65	298	322	1161	597	1196	895	237	336	1057	68	46	325	369	1810	155	537	273	233	792	82	313	246	123	331	358	330	409	1340	376	3971	600	689	764	1557	580	1247	1228	325	295	484	414	2094	437	439	155	481	3132	428	1117	195	294	376	585	0	743	418	753	294	408	818	177	407	633	276	952	238	76	155	247	211	237	868	450	381	532	472	364	541	540	655	202	1093	68	272	402	524	904	541	294	274	248	243	997	541	415	535	1008	307	1903	885	386	292	117	295	420	403	1120	428	868	1573	2289	1006	293	273	1092	337	396	516	521	1282	1139	572	421	1157	543	216	1932	521
248	510	75	768	2509	1502	2513	79	361	252	1035	818	1805	743	356	258	272	342	206	456	516	190	375	357	76	315	79	0	783	374	461	785	321	977	828	993	394	756	86	503	372	221	454	57	1429	354	1357	388	361	396	200	909	543	236	1329	690	183	2556	260	523	1574	571	373	396	561	1404	509	373	490	478	818	977	389	326	696	238	254	86	169	1880	367	466	754	343	1117	240	2033	2078	118	543	250	86	792	1798	533	697	342	358	243	584	1028	451	1051	242	527	358	396	762	469	254	626	58	543	212	1210	305	328	1775	369	315	653	401	79	1179	351	359	368	86	490	519	169	885	342	543	316	1523	396	386	212	355	1519	539	1189	254	144	325	2021	460	333	524	340	345	1830	223	510	829	675	319	487	891	589	746	1133	929	1211	391	243	810	241	589	0	260	228	1008	354	527	562	206	375	934	333	706	807	424	815	402	144	313	256	1185	544	1242	850	232	399	1109	121	107	383	435	1747	175	470	300	229	743	102	373	323	78	394	337	346	390	1282	354	3965	526	610	732	1502	527	1249	1254	383	313	473	395	2101	490	385	173	471	3168	355	1049	255	373	354	560	79	691	345	775	373	337	770	211	370	593	345	990	314	100	173	324	272	232	826	371	360	461	464	315	590	477	722	260	1064	76	351	334	586	859	516	373	335	277	238	1051	516	484	510	1024	319	1939	909	379	256	159	371	386	332	1052	418	891	1564	2282	998	259	203	1107	392	340	539	496	1241	1073	643	489	1145	477	277	1949	496
996	1228	856	61	1753	809	1821	817	600	590	1031	53	2585	175	501	991	1012	1003	825	1062	1235	824	1114	1102	857	789	817	783	0	1088	952	1567	1102	405	123	1226	805	1524	868	1225	1071	751	1171	840	2207	1097	614	1130	1104	1128	647	221	270	1012	621	1466	962	1841	1016	1306	891	237	997	1128	1342	2069	1290	1122	307	1195	53	405	1135	979	135	1013	1015	868	865	1269	1117	916	567	502	1837	1015	2808	1319	741	270	1008	868	16	2578	1316	1452	1093	1111	784	1345	1654	842	1242	570	1130	1111	1128	168	1223	1011	1408	735	270	991	1965	789	775	2498	1078	789	1339	1145	859	1912	1093	1112	1145	868	1250	628	865	194	859	270	1098	2226	1140	1132	977	1109	767	1322	1070	1011	841	1007	1333	1178	995	1243	1123	871	1645	1001	1293	1394	715	995	673	605	1206	1528	1061	622	1380	1160	1015	108	577	1206	783	1022	1003	1028	576	1117	1277	825	1089	1075	995	190	415	367	1436	1089	841	1095	573	1968	1146	1081	151	1008	812	1055	885	789	1135	841	1124	957	995	1083	1006	175	882	1122	1008	705	805	1084	1129	1135	630	1097	3236	553	720	55	809	1130	2006	2037	1135	1095	1228	1139	2861	1250	1028	956	1226	2739	879	601	1008	997	1097	1274	817	210	871	560	997	555	151	990	1076	1251	1068	814	1009	878	956	1004	1022	1008	110	746	1104	952	1222	994	1355	1035	1432	1016	286	857	1016	533	1321	157	1235	997	1082	1059	1013	1044	1235	1198	1229	614	1101	1564	622	461	989	737	1052	1099	555	596	422	605	847	1563	362	525	621	650	1149	988	1322	1217	473	570	1333	1204	1865	1011	1027	1399	1217
