NAME : VRPTW_INSTANCE_130.txt
COMMENT : Bangkok Supermarket
TYPE : VRPTW
DIMENSION : 240
DAYS : Wednesday
EDGE_WEIGHT_TYPE : EXPLICIT
VEHICLES : 33
EDGE_WEIGHT_FORMAT : FULL_MATRIX
CAPACITY : 1000
EDGE_WEIGHT_SECTION
0	385	891	104	322	317	759	479	650	508	544	398	2550	1007	932	195	1321	113	210	101	650	385	176	985	154	420	1676	481	350	256	2188	3251	91	1606	1011	544	1627	1106	1606	650	166	394	582	317	255	469	984	33	851	31	705	374	479	345	349	400	351	1055	485	139	364	1606	374	214	83	535	1899	428	409	422	113	196	775	22	437	101	394	843	1826	155	190	522	231	1831	283	352	189	214	952	199	423	1075	243	639	287	133	1033	437	261	367	123	3562	135	283	713	819	374	193	527	185	346	400	737	482	153	133	395	210	1002	397	1627	1809	113	1003	1966	504	910	309	1147	364	745	952	1001	884	241	404	783	214	369	674	191	67	221	231	737	496	279	729	155	309	961	101	59	199	522	1691	1172	505	505	133	587	800	978	111	1741	189	2778	86	367	83	353	500	135	196	852	359	66	127	213	1994	629	312	365	1529	1705	595	631	1633	1698	885	394	1110	3705	239	1032	1685	371	916	373	1013	611	118	1007	153	622	358	891	124	324	1989	153	179	152	86	1014	255	287	1888	224	352	2083	428	411	1254	491	618	525	349	1315	1727	1028	86	830	677	887	28	589	284	1190	191
385	0	860	445	654	623	391	787	984	576	774	778	2206	824	564	540	1272	458	557	385	984	690	369	876	537	42	1413	849	709	478	1803	2960	400	1593	852	927	1573	1479	1593	984	286	752	231	623	297	752	1369	418	762	404	897	740	848	704	705	745	710	883	415	334	728	1593	741	563	465	764	2284	154	787	765	457	219	910	407	743	462	773	460	2205	296	536	754	615	1446	149	713	236	423	580	338	730	927	626	905	669	262	855	743	480	732	302	3230	289	149	519	452	740	414	148	348	706	780	542	848	317	262	75	557	817	26	1573	1685	457	872	1581	874	657	620	801	728	393	575	817	1264	470	784	1168	594	747	347	535	447	340	607	542	863	644	372	296	96	766	462	439	338	754	2069	806	850	559	515	595	1174	859	464	2107	236	2402	326	732	448	659	804	289	219	738	34	446	458	594	1910	273	627	730	1906	1937	612	897	1368	1420	675	775	856	3339	470	1159	1333	16	565	740	900	934	307	824	493	945	672	860	293	593	1932	317	560	291	326	900	297	669	1846	605	713	1709	109	39	892	858	930	140	707	1614	1414	644	327	464	1048	517	413	974	141	818	535
891	860	0	822	796	1197	840	755	902	390	578	999	2064	369	1242	1069	431	1000	820	984	902	1260	714	195	922	840	1021	972	878	1142	2100	2564	806	735	314	1229	737	1769	735	902	975	890	765	1197	662	691	1498	899	147	920	502	910	977	876	870	843	879	363	451	989	901	735	916	826	894	576	2330	711	995	844	1000	776	374	899	743	981	998	1090	2383	757	1063	584	956	1810	758	886	767	683	1239	696	744	320	960	678	970	819	366	743	1147	905	947	2985	785	758	420	1167	910	703	941	708	882	1001	412	963	749	819	936	820	374	886	737	933	1000	247	1916	992	1492	749	1502	901	1158	980	371	1523	1128	1001	1311	924	1135	1160	1065	886	675	908	412	971	1108	1132	757	800	389	981	885	696	584	2262	1028	1326	388	907	304	1204	212	836	2386	767	2470	931	905	856	1230	1365	785	776	201	879	885	1017	925	1103	1065	756	904	2121	2577	296	676	990	1078	417	1005	1679	3280	1126	1919	1331	849	822	915	214	844	946	369	1036	850	1231	0	795	1214	1099	749	917	966	931	215	662	970	1003	929	886	1816	762	894	1057	967	1467	894	875	2141	1205	1099	932	1176	1405	1201	900	1229	767	1079	1065
104	445	822	0	224	374	795	378	556	433	441	336	2560	972	1005	246	1250	184	115	202	556	437	130	932	119	474	1656	404	266	347	2240	3235	45	1525	970	517	1553	1089	1525	556	267	309	616	374	237	366	936	89	797	120	604	295	403	260	262	308	267	1017	448	243	283	1525	296	120	72	432	1852	455	345	329	186	231	679	95	335	163	332	905	1797	161	240	419	188	1886	318	268	217	140	1023	168	321	1030	198	535	235	182	996	335	353	287	223	3564	158	318	691	892	295	122	592	151	262	339	715	404	146	182	469	115	968	461	1553	1749	185	954	2020	429	1007	206	1229	283	823	993	967	857	333	342	731	160	360	758	243	65	187	166	715	418	297	805	161	357	931	163	66	168	419	1663	1202	526	434	97	521	729	927	21	1727	217	2810	187	287	34	407	545	158	231	804	425	64	204	160	1925	705	209	285	1503	1758	527	527	1614	1683	861	335	1208	3727	331	1116	1702	429	940	295	960	514	219	972	216	525	408	822	152	396	1914	146	131	253	187	961	237	235	1811	170	268	2115	466	476	1280	413	655	583	264	1346	1725	1077	187	904	668	959	94	552	322	1224	243
322	654	796	224	0	488	973	160	333	424	281	206	2680	1024	1219	377	1199	359	111	407	333	532	290	943	212	679	1727	218	86	525	2427	3305	261	1441	1008	435	1493	994	1441	333	488	114	797	488	392	170	782	297	811	327	449	122	220	82	78	91	87	1059	533	458	111	1441	126	108	250	275	1687	634	205	110	361	435	557	306	122	335	204	1110	1666	358	373	261	193	2079	514	93	419	249	1235	328	109	1056	192	334	184	399	1043	122	530	115	445	3667	366	514	783	1106	122	249	803	314	88	208	804	213	338	399	687	111	1022	674	1493	1727	360	976	2210	244	1231	51	1449	111	1041	1174	1021	750	512	209	576	171	349	979	376	260	336	146	804	227	360	1022	358	561	995	335	266	328	261	1536	1364	546	437	217	527	537	944	211	1628	419	2968	408	115	239	510	614	366	435	833	639	260	379	173	1873	922	43	113	1383	1803	525	326	1687	1763	941	211	1431	3866	509	1246	1841	638	1099	126	971	290	440	1024	373	301	502	796	363	533	1846	338	189	474	408	971	392	184	1737	170	93	2274	656	689	1437	222	696	789	83	1348	1829	1267	408	1118	610	1172	302	443	520	1392	376
317	623	1197	374	488	0	1015	636	736	808	766	408	2828	1324	1091	128	1624	204	405	252	736	69	489	1301	289	665	1987	516	455	162	2385	3556	393	1895	1329	399	1928	878	1895	736	337	484	849	0	572	658	850	301	1166	286	935	452	511	452	459	520	455	1373	802	290	450	1895	449	402	302	759	1734	714	422	538	203	496	1031	304	607	218	404	1038	1612	471	133	745	296	2022	571	450	493	514	1116	516	595	1392	299	817	325	432	1350	607	162	450	328	3849	448	571	1027	982	452	494	736	501	448	409	1052	523	470	432	598	405	1319	624	1928	2122	204	1319	2161	528	943	509	1261	450	897	1194	1318	692	164	413	679	317	236	808	131	310	538	342	1052	533	141	888	471	578	1277	218	312	516	745	1475	1430	234	809	298	895	762	1294	362	1493	493	3017	318	450	340	36	186	448	496	1169	590	312	191	315	2300	798	506	449	1311	1388	901	810	1943	2005	1200	398	1122	3961	162	758	1956	615	1187	448	1329	722	325	1324	164	730	49	1197	436	65	2288	470	305	333	318	1329	572	325	2184	318	450	2327	699	634	1516	531	310	752	455	1005	2022	1250	317	992	458	1052	301	464	569	1440	131
759	391	840	795	973	1015	0	1074	1279	728	1003	1131	1816	637	407	928	1175	844	894	774	1279	1082	686	766	903	349	1083	1186	1043	867	1454	2592	750	1510	689	1303	1449	1864	1510	1279	677	1083	178	1015	580	1024	1731	791	701	783	1079	1077	1186	1038	1038	1064	1044	697	524	725	1065	1510	1080	901	832	994	2647	341	1138	1081	844	567	1039	781	1033	846	1127	254	2585	633	924	989	979	1109	479	1048	579	724	401	646	1022	763	990	1146	1030	626	668	1033	870	1070	691	2842	638	479	419	351	1077	724	304	661	1042	1133	428	1183	650	626	425	894	628	392	1449	1482	844	739	1239	1212	734	929	663	1065	377	200	629	1643	860	1137	1526	954	1128	426	923	814	637	961	428	1197	1029	355	633	450	574	846	807	646	989	2450	415	1240	705	880	688	1510	742	816	2495	579	2019	712	1070	807	1050	1195	638	567	655	424	813	847	954	1739	342	937	1067	2288	2300	707	1140	1037	1076	487	1130	892	2949	861	1491	942	400	183	1079	782	1222	696	637	881	1233	1064	840	647	983	1787	650	923	682	712	782	580	1030	1719	965	1048	1324	331	383	501	1192	1321	271	1041	2000	1043	302	713	358	1434	369	787	1344	476	431	923
479	787	755	378	160	636	1074	0	205	431	182	280	2722	1032	1349	533	1130	520	271	567	205	673	417	924	372	806	1735	220	184	684	2526	3305	410	1345	1006	497	1412	1013	1345	205	645	167	903	636	503	65	752	456	800	486	329	198	226	186	178	121	184	1058	589	617	195	1345	203	268	410	181	1630	743	270	109	521	569	457	465	43	496	280	1233	1643	493	529	171	341	2184	640	190	552	365	1364	449	57	1044	337	180	314	543	1046	43	689	197	601	3691	506	640	828	1239	198	372	935	439	190	280	846	211	471	543	827	271	1031	808	1412	1669	521	963	2313	238	1385	173	1587	195	1179	1274	1029	767	672	279	558	324	464	1122	532	419	451	298	846	217	501	1158	493	691	1012	496	426	449	171	1518	1447	659	450	377	530	473	929	368	1632	552	3039	565	197	396	654	743	506	569	831	775	420	539	326	1794	1058	168	197	1371	1903	522	173	1698	1779	971	289	1586	3919	669	1389	1901	770	1183	204	950	149	596	1032	531	160	645	755	505	686	1757	471	347	631	565	951	503	314	1644	321	190	2349	772	823	1514	213	810	915	183	1427	1862	1373	565	1251	673	1302	461	483	648	1480	532
650	984	902	556	333	736	1279	205	0	620	333	329	2910	1208	1548	656	1237	666	441	726	0	756	615	1083	518	1006	1907	222	304	819	2731	3465	594	1412	1176	477	1500	902	1412	0	816	264	1107	736	706	260	599	622	967	651	415	292	229	309	304	249	304	1229	790	781	298	1412	294	437	572	338	1444	947	315	228	667	764	556	633	246	644	332	1434	1480	688	654	335	463	2389	840	306	748	565	1563	649	257	1207	455	227	417	732	1219	246	823	297	773	3868	698	840	1024	1436	292	571	1133	638	310	328	1040	215	666	732	1019	441	1208	1004	1500	1782	667	1127	2518	217	1561	363	1781	298	1373	1479	1206	665	808	324	429	459	521	1312	657	585	653	434	1040	207	595	1354	688	889	1193	644	592	649	335	1360	1651	692	641	530	714	302	1092	542	1494	748	3238	736	297	568	745	800	698	764	1004	970	586	684	461	1880	1253	357	298	1222	1883	703	227	1872	1954	1159	339	1759	4112	805	1456	2098	968	1387	295	1108	61	768	1208	668	53	732	902	696	794	1829	666	490	802	736	1109	706	417	1713	452	306	2550	975	1019	1717	208	838	1115	305	1382	2048	1578	736	1448	634	1501	628	437	846	1684	657
508	576	390	433	424	808	728	431	620	0	296	631	2291	604	1078	680	816	613	433	605	620	870	333	519	532	573	1309	625	510	763	2148	2884	420	1098	584	859	1120	1417	1098	620	613	530	585	808	309	366	1181	513	386	536	350	545	628	507	502	489	511	636	204	618	535	1098	550	439	505	289	2061	460	630	495	614	428	334	513	405	594	629	938	2072	389	674	289	569	1820	440	518	415	296	1085	323	401	631	574	438	587	456	621	405	768	539	579	3260	417	440	406	980	545	316	698	331	513	633	421	617	377	456	645	433	603	603	1120	1321	614	551	1943	648	1234	374	1336	535	944	917	601	1172	749	634	982	536	750	918	676	498	304	522	421	628	718	920	389	492	581	594	497	323	289	1945	1055	938	23	517	102	905	520	446	2048	415	2623	557	539	467	840	975	417	428	408	584	497	631	538	1491	832	382	537	1795	2187	100	432	1271	1349	540	636	1433	3491	747	1541	1479	562	798	550	547	558	578	604	648	568	841	390	426	827	1481	377	528	602	557	548	309	587	1380	543	518	1938	507	616	1113	623	1078	661	507	1757	1431	1028	558	991	1032	1032	515	868	450	1094	676
544	774	578	441	281	766	1003	182	333	296	0	454	2578	874	1320	649	947	615	365	643	333	813	424	753	481	784	1573	403	342	783	2439	3136	458	1168	842	677	1231	1194	1168	333	698	338	844	766	476	124	921	530	634	561	168	366	409	342	335	290	342	895	487	682	360	1168	372	366	496	10	1777	697	446	284	616	572	279	537	183	591	453	1191	1809	503	644	22	475	2107	624	349	555	366	1331	443	189	875	474	143	464	566	886	183	788	364	656	3535	524	624	703	1214	366	382	915	439	348	454	717	393	483	566	828	365	874	799	1231	1486	616	795	2231	420	1410	258	1570	360	1165	1198	872	948	769	453	733	450	625	1120	648	499	436	426	717	400	641	1142	503	679	860	591	503	443	22	1686	1348	823	319	478	383	631	760	440	1808	555	2919	623	363	470	790	895	524	572	670	770	499	635	452	1613	1046	260	362	1543	2075	372	137	1538	1620	829	462	1612	3783	766	1525	1775	757	1089	372	778	273	652	874	636	280	783	578	527	807	1578	483	462	685	623	779	476	464	1467	450	349	2235	735	813	1409	396	973	887	340	1606	1715	1305	623	1226	853	1273	535	665	633	1386	648
398	778	999	336	206	408	1131	280	329	631	454	0	2873	1230	1331	341	1395	373	240	445	329	426	449	1150	244	809	1931	108	121	506	2577	3510	382	1622	1214	229	1684	789	1622	329	549	115	952	408	559	329	601	365	1018	386	609	89	103	124	130	163	121	1265	730	506	98	1622	84	232	315	450	1516	790	14	171	374	567	733	376	271	354	4	1238	1473	497	340	438	169	2222	654	114	554	424	1350	489	265	1263	158	451	113	515	1249	271	510	93	511	3866	495	654	981	1217	89	417	923	473	118	2	1003	115	480	515	793	240	1228	792	1684	1927	374	1183	2357	122	1281	257	1543	98	1143	1330	1226	546	497	6	395	183	194	1070	343	332	503	171	1003	125	267	1127	497	693	1199	354	340	489	438	1341	1534	382	644	265	734	403	1151	315	1425	554	3142	475	94	329	415	477	495	567	1040	755	333	387	184	2065	1027	249	95	1185	1623	731	446	1891	1966	1142	9	1475	4051	494	1132	2025	763	1271	84	1177	323	505	1230	363	329	402	999	488	468	2032	480	218	536	475	1178	559	113	1921	173	114	2447	802	806	1611	122	533	918	124	1153	2027	1414	475	1228	406	1285	370	237	658	1559	343
2550	2206	2064	2560	2680	2828	1816	2722	2910	2291	2578	2873	0	1711	1900	2733	1968	2647	2635	2581	2910	2896	2433	1868	2677	2163	1067	2897	2764	2684	1062	986	2518	2135	1754	3077	1966	3649	2135	2910	2491	2795	1979	2828	2323	2658	3462	2579	1959	2577	2553	2801	2900	2759	2757	2762	2765	1703	2147	2537	2789	2135	2804	2643	2612	2572	4352	2122	2877	2772	2647	2353	2436	2571	2692	2645	2870	1865	4346	2404	2729	2575	2747	1221	2268	2770	2361	2450	1870	2392	2686	1744	2757	2707	2790	2417	1705	2692	2686	2794	2501	1034	2418	2268	1898	1968	2801	2458	2112	2410	2765	2875	1878	2891	2416	2417	2241	2635	1709	2208	1966	1661	2647	1817	1148	2923	2296	2629	1936	2789	2052	1655	1712	3415	2676	2878	3257	2718	2915	2142	2728	2595	2376	2718	1878	2904	2828	2045	2404	2252	1718	2645	2589	2392	2575	4215	1408	3048	2271	2654	2196	3195	1852	2581	4287	2361	635	2517	2793	2580	2864	3011	2418	2353	1915	2239	2593	2652	2718	1888	2098	2638	2791	4059	4084	2206	2704	1088	996	1751	2875	2322	1218	2676	3245	874	2213	1641	2804	1850	2848	2505	1711	2686	2857	2877	2064	2428	2799	2025	2416	2691	2494	2517	1849	2323	2790	2070	2728	2770	678	2130	2199	1319	2899	3137	2086	2761	3815	863	1635	2518	1963	3225	1915	2576	3106	2268	1409	2728
1007	824	369	972	1024	1324	637	1032	1208	604	874	1230	1711	0	1037	1202	554	1120	1011	1080	1208	1392	843	190	1088	790	704	1229	1110	1227	1743	2280	941	886	65	1454	813	2019	886	1208	1033	1133	644	1324	752	966	1784	1026	248	1038	842	1147	1233	1107	1103	1093	1111	61	524	1063	1135	886	1151	1018	1040	870	2652	674	1230	1100	1120	837	730	1022	1008	1107	1227	887	2675	852	1196	874	1142	1468	782	1118	836	836	1026	811	1005	128	1150	998	1172	897	32	1008	1232	1140	1019	2660	876	782	308	988	1147	852	846	827	1113	1232	284	1222	854	897	896	1011	8	844	813	865	1120	139	1567	1253	1362	973	1282	1135	1007	716	7	1775	1215	1233	1586	1109	1324	1037	1197	1027	789	1101	284	1233	1269	982	852	802	63	1107	1023	811	874	2549	700	1498	589	1068	503	1503	165	991	2652	836	2101	1016	1140	1002	1360	1507	876	837	205	854	1025	1133	1111	1108	943	981	1138	2400	2708	509	995	666	746	154	1234	1528	2923	1214	1974	961	819	548	1151	188	1147	1021	0	1160	1155	1366	369	888	1323	1150	854	1093	1029	1016	187	752	1172	1082	1118	1118	1446	715	847	714	1228	1623	798	1108	2318	848	829	1017	995	1622	1003	1025	1468	788	754	1197
932	564	1242	1005	1219	1091	407	1349	1548	1078	1320	1331	1900	1037	0	1048	1581	979	1119	902	1548	1147	933	1173	1086	543	1371	1409	1271	929	1298	2770	962	1916	1092	1453	1850	1970	1916	1548	792	1314	496	1091	850	1311	1907	966	1106	946	1424	1300	1408	1266	1268	1309	1272	1096	879	841	1289	1916	1301	1125	1016	1310	2815	625	1341	1329	978	784	1407	954	1306	991	1326	152	2704	860	1045	1302	1163	934	709	1274	800	984	30	900	1293	1164	1175	1457	1219	822	1068	1306	929	1293	825	2934	852	709	823	113	1300	977	415	911	1268	1333	834	1409	881	822	537	1119	1028	544	1850	1859	978	1145	1073	1434	414	1184	261	1289	194	356	1029	1777	928	1337	1711	1147	1269	284	1043	999	899	1162	834	1423	1156	205	860	658	975	991	991	900	1302	2567	560	1325	1056	1065	1060	1732	1149	1023	2575	800	1972	858	1292	1004	1121	1244	852	784	1061	580	997	973	1146	2126	303	1191	1290	2403	2194	1078	1450	1326	1343	891	1327	520	2940	929	1347	1053	580	506	1300	1189	1497	831	1037	1006	1508	1139	1242	856	1040	2181	881	1112	803	858	1188	850	1219	2118	1157	1274	1304	585	530	642	1418	1364	435	1269	1982	1253	295	859	102	1547	47	960	1507	702	530	1043
195	540	1069	246	377	128	928	533	656	680	649	341	2733	1202	1048	0	1496	86	284	155	656	192	362	1174	168	580	1872	447	359	164	2330	3445	266	1769	1205	406	1800	939	1769	656	260	394	757	128	450	547	863	176	1039	164	817	365	442	355	362	423	359	1250	679	210	360	1769	362	283	174	641	1766	612	356	443	86	385	909	180	499	94	337	979	1668	351	5	628	195	1969	466	356	380	386	1070	392	487	1268	202	711	239	320	1227	499	168	360	237	3750	330	466	909	935	365	367	667	376	352	343	933	452	348	320	528	284	1198	545	1800	1995	86	1194	2106	464	949	391	1238	360	854	1115	1196	732	155	348	674	208	222	771	5	182	413	234	933	464	108	842	351	482	1157	94	184	392	628	1532	1344	314	681	173	767	730	1168	234	1567	380	2943	217	360	212	161	304	330	385	1043	509	184	81	206	2172	747	390	359	1369	1514	773	704	1829	1893	1081	334	1138	3878	152	879	1865	529	1094	361	1202	634	233	1202	47	643	164	1069	318	157	2160	348	188	252	217	1203	450	239	2056	212	356	2249	604	557	1429	461	422	676	359	1120	1917	1180	216	946	509	1005	176	463	465	1358	5
1321	1272	431	1250	1199	1624	1175	1130	1237	816	947	1395	1968	554	1581	1496	0	1429	1238	1415	1237	1685	1145	411	1344	1248	905	1351	1276	1573	2222	2311	1235	334	493	1623	306	2134	334	1237	1405	1281	1143	1624	1092	1071	1834	1328	511	1350	822	1306	1356	1275	1268	1233	1277	501	876	1420	1298	334	1311	1243	1321	949	2599	1119	1389	1230	1430	1206	682	1328	1127	1410	1394	1430	2696	1188	1490	960	1372	1982	1183	1284	1198	1111	1573	1127	1131	427	1375	1010	1380	1250	526	1127	1579	1302	1378	2798	1216	1183	780	1523	1306	1131	1335	1139	1281	1396	763	1341	1180	1250	1348	1238	562	1297	306	545	1429	436	2068	1368	1877	1157	1832	1298	1529	1270	561	1891	1559	1396	1664	1340	1546	1545	1493	1314	1106	1323	763	1347	1529	1504	1188	1220	612	1410	1314	1127	960	2583	1240	1741	816	1331	735	1535	434	1262	2730	1198	2461	1362	1302	1284	1656	1788	1216	1206	540	1295	1313	1447	1342	676	1449	1163	1300	2453	2997	726	1011	891	982	690	1402	2055	3179	1558	2351	1383	1263	1103	1311	393	1186	1378	554	1465	1190	1656	431	1227	1643	668	1180	1337	1397	1362	393	1092	1380	574	1345	1284	1867	1168	1304	1240	1343	1886	1287	1274	2547	1166	1384	1363	1531	1799	1545	1330	1613	1191	1296	1493
113	458	1000	184	359	204	844	520	666	613	615	373	2647	1120	979	86	1429	0	253	77	666	272	286	1098	149	497	1786	471	361	167	2254	3359	193	1708	1124	475	1734	1020	1708	666	186	402	672	204	368	524	928	100	963	81	781	376	467	357	362	421	362	1168	598	138	368	1708	374	254	119	606	1837	525	386	442	1	298	862	101	482	24	369	903	1747	267	81	592	207	1894	379	360	294	317	1001	312	468	1188	217	692	261	234	1146	482	173	370	157	3663	245	379	824	866	376	297	589	298	355	375	849	474	265	234	451	253	1115	465	1734	1921	0	1115	2031	491	908	362	1178	368	787	1033	1114	808	154	379	733	207	292	708	81	120	334	231	849	487	185	773	267	396	1074	24	118	312	592	1611	1260	401	612	142	696	773	1090	178	1651	294	2861	132	370	151	240	387	245	298	965	428	120	20	205	2103	676	363	368	1448	1592	703	684	1743	1807	997	367	1102	3794	151	931	1779	447	1009	373	1126	636	152	1120	40	646	246	1000	233	214	2095	265	176	176	132	1126	368	261	1993	214	360	2167	518	477	1344	484	507	596	361	1205	1831	1101	131	877	590	936	99	527	379	1275	81
210	557	820	115	111	405	894	271	441	433	365	240	2635	1011	1119	284	1238	253	0	296	441	457	209	950	116	584	1707	294	152	421	2345	3287	156	1496	1002	446	1537	1019	1496	441	376	195	716	405	319	270	840	185	815	215	533	184	293	147	148	193	153	1051	498	346	172	1496	186	7	140	357	1753	553	245	214	255	339	626	195	230	229	236	1016	1712	265	279	343	135	1993	423	156	324	185	1136	250	217	1056	140	439	160	296	1033	230	426	176	333	3632	268	423	748	1006	184	177	705	234	149	242	771	292	246	296	584	0	1008	574	1537	1753	254	978	2126	319	1120	108	1345	172	938	1094	1007	780	408	245	634	103	317	873	283	148	263	90	771	306	292	920	265	467	976	229	155	250	343	1580	1295	505	440	113	531	620	948	100	1657	324	2903	296	176	127	431	552	268	339	830	538	149	274	105	1914	819	109	174	1423	1759	533	431	1666	1738	914	240	1320	3811	405	1163	1786	541	1032	185	978	401	328	1011	272	412	427	820	263	442	1895	246	101	363	296	979	319	160	1788	109	156	2208	569	589	1371	301	647	694	150	1323	1792	1182	296	1018	611	1073	190	470	428	1320	283
101	385	984	202	407	252	774	567	726	605	643	445	2581	1080	902	155	1415	77	296	0	726	321	271	1070	209	425	1735	539	421	158	2177	3304	192	1703	1088	552	1721	1094	1703	726	109	463	603	252	333	563	1005	113	937	82	806	439	536	416	421	477	422	1131	564	61	431	1703	438	298	156	634	1914	462	457	499	76	245	877	106	527	90	440	826	1822	232	151	621	276	1817	319	421	244	314	923	288	513	1155	287	733	332	183	1107	527	163	433	82	3600	205	319	779	788	439	293	513	276	416	447	804	542	236	183	375	296	1075	390	1721	1896	76	1084	1954	560	839	401	1102	431	709	960	1074	884	144	451	811	270	369	631	150	148	309	293	804	555	260	696	232	329	1031	90	142	288	621	1686	1190	467	601	195	680	847	1061	204	1722	244	2787	66	433	174	288	438	205	245	935	354	147	74	269	2086	599	403	431	1523	1628	689	725	1692	1753	951	439	1036	3723	142	936	1711	374	941	437	1098	692	77	1080	108	702	299	984	194	242	2083	236	237	99	66	1098	333	332	1984	279	421	2094	451	402	1274	551	562	521	420	1257	1771	1026	65	800	664	858	108	605	317	1203	150
650	984	902	556	333	736	1279	205	0	620	333	329	2910	1208	1548	656	1237	666	441	726	0	756	615	1083	518	1006	1907	222	304	819	2731	3465	594	1412	1176	477	1500	902	1412	0	816	264	1107	736	706	260	599	622	967	651	415	292	229	309	304	249	304	1229	790	781	298	1412	294	437	572	338	1444	947	315	228	667	764	556	633	246	644	332	1434	1480	688	654	335	463	2389	840	306	748	565	1563	649	257	1207	455	227	417	732	1219	246	823	297	773	3868	698	840	1024	1436	292	571	1133	638	310	328	1040	215	666	732	1019	441	1208	1004	1500	1782	667	1127	2518	217	1561	363	1781	298	1373	1479	1206	665	808	324	429	459	521	1312	657	585	653	434	1040	207	595	1354	688	889	1193	644	592	649	335	1360	1651	692	641	530	714	302	1092	542	1494	748	3238	736	297	568	745	800	698	764	1004	970	586	684	461	1880	1253	357	298	1222	1883	703	227	1872	1954	1159	339	1759	4112	805	1456	2098	968	1387	295	1108	61	768	1208	668	53	732	902	696	794	1829	666	490	802	736	1109	706	417	1713	452	306	2550	975	1019	1717	208	838	1115	305	1382	2048	1578	736	1448	634	1501	628	437	846	1684	657
385	690	1260	437	532	69	1082	673	756	870	813	426	2896	1392	1147	192	1685	272	457	321	756	0	555	1367	344	732	2056	534	489	220	2443	3626	458	1952	1396	379	1988	824	1952	756	404	515	917	69	640	700	819	368	1232	354	980	482	528	487	495	554	490	1441	870	359	482	1952	478	454	365	806	1690	783	441	571	272	566	1082	371	647	285	424	1098	1558	540	198	792	338	2080	640	484	563	577	1172	583	635	1459	339	854	358	502	1418	647	219	481	397	3918	517	640	1096	1038	482	558	800	568	483	428	1121	541	538	502	663	457	1388	690	1988	2187	272	1386	2218	543	979	557	1308	482	952	1259	1387	649	225	431	657	363	239	862	196	374	605	386	1121	550	172	944	540	647	1346	285	376	583	792	1421	1496	181	872	355	958	754	1360	423	1432	563	3081	388	481	403	32	117	517	566	1235	657	376	260	361	2361	857	554	480	1257	1322	964	847	2012	2075	1269	417	1153	4026	223	715	2024	682	1255	477	1395	747	394	1392	232	755	29	1260	505	106	2347	538	356	401	388	1395	640	358	2242	362	484	2391	768	700	1583	548	241	817	490	936	2092	1313	386	1049	412	1108	368	446	638	1506	196
176	369	714	130	290	489	686	417	615	333	424	449	2433	843	933	362	1145	286	209	271	615	555	0	811	249	390	1526	500	357	429	2138	3105	97	1432	843	644	1450	1217	1432	615	288	397	508	489	110	384	1050	187	677	206	570	391	500	352	351	382	358	889	319	287	379	1432	393	216	196	414	1963	345	455	400	287	152	621	185	373	270	445	820	1919	79	357	403	315	1789	224	361	135	57	948	40	360	905	324	544	358	142	868	373	435	383	251	3434	100	224	560	822	391	45	518	24	355	451	584	497	58	142	412	209	839	391	1450	1634	287	831	1921	525	986	251	1170	379	761	886	838	982	415	454	844	285	490	707	358	183	57	285	584	511	425	741	79	274	801	270	180	40	403	1786	1085	655	330	228	410	825	805	151	1855	135	2693	225	383	158	523	667	100	152	680	358	181	303	285	1817	641	259	381	1627	1877	419	536	1484	1552	731	449	1189	3604	413	1207	1579	353	822	393	839	564	248	843	325	575	527	714	105	500	1812	58	260	276	225	840	110	358	1712	295	361	1998	365	406	1162	506	780	500	354	1474	1595	977	226	834	798	886	188	674	231	1111	358
985	876	195	932	943	1301	766	924	1083	519	753	1150	1868	190	1173	1174	411	1098	950	1070	1083	1367	811	0	1041	848	829	1134	1028	1225	1933	2382	908	745	127	1379	701	1931	745	1083	1042	1045	733	1301	737	858	1674	999	135	1016	693	1063	1138	1025	1020	1001	1029	171	507	1064	1052	745	1068	956	1003	750	2519	722	1147	1004	1098	840	569	997	907	1082	1148	1021	2562	838	1168	756	1085	1657	803	1036	835	791	1166	785	906	125	1091	863	1107	893	178	907	1230	1057	1020	2793	864	803	370	1112	1063	810	928	800	1031	1151	352	1125	835	893	951	950	196	899	701	826	1098	53	1757	1155	1467	894	1427	1052	1118	875	194	1685	1211	1152	1482	1052	1268	1135	1170	993	763	1040	352	1135	1227	1093	838	834	228	1082	990	785	756	2439	883	1452	510	1024	419	1384	26	949	2556	835	2280	1010	1057	965	1335	1477	864	840	139	901	991	1113	1054	1035	1039	901	1055	2295	2689	419	861	797	884	289	1155	1644	3085	1210	1993	1145	868	709	1067	28	1024	1021	190	1136	1031	1339	195	876	1309	1056	835	1041	1035	1010	28	737	1107	974	1060	1036	1632	769	905	902	1130	1587	879	1025	2273	1010	992	1011	1120	1552	1136	999	1384	810	937	1170
154	537	922	119	212	289	903	372	518	532	481	244	2677	1088	1086	168	1344	149	116	209	518	344	249	1041	0	571	1775	332	213	312	2340	3354	159	1608	1084	402	1646	972	1608	518	307	254	725	289	356	380	833	120	906	142	649	230	329	208	213	272	213	1131	565	267	221	1608	229	114	71	473	1748	566	255	293	151	335	742	132	335	126	240	996	1684	274	163	459	77	1983	424	212	324	252	1106	287	322	1142	89	547	133	278	1111	335	317	224	267	3682	264	424	810	973	230	236	680	270	207	246	833	334	261	278	549	116	1084	550	1646	1853	150	1065	2118	354	1048	223	1299	221	899	1099	1083	743	300	251	630	62	240	826	167	89	306	83	833	347	186	883	274	457	1048	126	97	287	459	1549	1313	411	536	23	625	647	1037	98	1610	324	2921	232	224	97	317	443	264	335	916	513	91	168	61	2020	783	222	222	1389	1655	629	539	1733	1802	980	240	1245	3841	297	1046	1818	523	1053	228	1069	486	262	1088	160	496	314	922	255	326	2004	261	28	294	232	1070	356	133	1899	71	212	2226	572	564	1393	343	546	677	212	1233	1844	1178	231	984	549	1041	125	441	426	1334	167
420	42	840	474	679	665	349	806	1006	573	784	809	2163	790	543	580	1248	497	584	425	1006	732	390	848	571	0	1372	878	737	521	1769	2917	429	1571	820	964	1547	1518	1571	1006	328	779	188	665	309	769	1404	453	737	441	902	768	877	732	733	770	738	849	401	376	757	1571	769	591	499	774	2319	129	818	789	497	245	908	443	763	501	805	431	2243	320	576	765	648	1413	166	740	260	441	557	357	750	895	660	918	702	294	821	763	523	761	342	3187	316	166	487	433	768	435	130	368	734	812	510	877	341	294	106	584	783	55	1547	1652	497	843	1548	903	663	642	785	757	380	535	783	1302	512	815	1201	627	785	344	575	481	356	638	510	891	683	357	320	117	731	501	473	357	765	2107	765	891	554	548	585	1204	831	494	2148	260	2363	365	760	479	701	847	316	245	711	77	479	498	627	1881	262	649	758	1945	1979	602	910	1326	1378	639	807	860	3298	513	1199	1291	50	522	769	872	955	347	790	533	966	714	840	322	636	1905	341	593	332	365	872	309	702	1820	638	740	1669	79	57	851	886	973	109	735	1657	1372	608	366	444	1088	495	449	1009	159	778	575
1676	1413	1021	1656	1727	1987	1083	1735	1907	1309	1573	1931	1067	704	1371	1872	905	1786	1707	1735	1907	2056	1526	829	1775	1372	0	1933	1813	1869	1450	1580	1621	1109	731	2153	950	2721	1109	1907	1669	1837	1188	1987	1424	1670	2488	1700	939	1707	1522	1849	1937	1809	1805	1797	1814	678	1210	1707	1838	1109	1854	1714	1720	1570	3347	1285	1932	1804	1786	1490	1396	1694	1712	1777	1929	1260	3379	1521	1866	1574	1834	1307	1419	1820	1493	1526	1347	1490	1709	703	1842	1691	1868	1554	689	1712	1873	1843	1665	1964	1541	1419	965	1379	1849	1540	1376	1507	1815	1933	941	1926	1526	1554	1472	1707	705	1425	950	720	1786	782	1350	1957	1775	1675	1544	1838	1436	1021	707	2477	1859	1935	2290	1802	2015	1502	1867	1706	1469	1796	941	1937	1949	1419	1521	1423	732	1777	1701	1490	1574	3253	822	2179	1292	1754	1207	2204	817	1677	3355	1493	1565	1669	1843	1684	2023	2173	1541	1490	904	1447	1704	1797	1803	1001	1424	1684	1840	3104	3348	1213	1688	45	84	795	1935	1888	2283	1858	2565	603	1414	907	1853	807	1846	1667	704	1827	1854	2032	1021	1553	1975	1116	1526	1782	1668	1669	806	1424	1868	1120	1811	1820	1030	1312	1422	757	1932	2294	1334	1810	2991	299	1080	1670	1380	2318	1358	1698	2169	1423	866	1867
481	849	972	404	218	516	1186	220	222	625	403	108	2897	1229	1409	447	1351	471	294	539	222	534	500	1134	332	878	1933	0	142	612	2638	3508	449	1562	1208	281	1632	797	1562	222	640	104	1008	516	606	281	564	449	1006	474	543	109	6	148	148	136	141	1260	750	599	121	1562	108	287	398	402	1469	845	94	129	473	633	676	460	228	451	112	1310	1451	559	445	391	263	2287	717	138	618	464	1427	539	228	1251	253	371	210	587	1246	228	616	117	599	3880	561	717	1000	1296	109	462	997	524	144	107	1020	10	540	587	872	294	1228	866	1632	1889	472	1171	2420	25	1379	268	1629	121	1225	1386	1226	551	602	103	360	270	298	1156	449	414	550	250	1020	16	376	1208	559	760	1203	451	421	539	391	1322	1581	474	640	350	727	325	1137	386	1423	618	3186	563	117	405	524	578	561	633	1033	830	415	487	271	2014	1108	260	119	1171	1695	722	366	1895	1973	1154	117	1574	4084	599	1235	2060	834	1316	109	1160	223	594	1229	465	228	510	972	556	577	1975	540	304	627	563	1161	606	210	1862	260	138	2492	863	881	1654	14	623	988	145	1210	2044	1476	563	1308	455	1363	455	262	722	1609	449
350	709	878	266	86	455	1043	184	304	510	342	121	2764	1110	1271	359	1276	361	152	421	304	489	357	1028	213	737	1813	142	0	518	2495	3391	309	1510	1094	351	1567	908	1510	304	514	43	866	455	464	220	700	320	896	348	504	36	143	5	8	65	1	1145	617	478	25	1510	41	146	270	337	1609	702	119	84	363	492	622	332	162	339	120	1169	1582	417	356	325	164	2145	575	7	476	323	1288	397	153	1142	157	364	130	448	1129	162	523	30	472	3752	420	575	868	1158	36	319	858	381	6	123	889	140	398	448	735	152	1108	727	1567	1806	362	1061	2277	168	1258	137	1495	25	1089	1243	1107	664	506	124	494	155	284	1022	359	284	407	130	889	154	318	1071	417	619	1081	339	291	397	325	1452	1439	481	523	226	613	468	1029	248	1542	476	3045	435	29	271	471	560	420	492	919	691	285	379	157	1948	971	129	27	1298	1733	610	357	1773	1849	1026	127	1456	3947	503	1205	1921	694	1175	40	1055	275	467	1110	365	285	462	878	416	507	1918	398	185	501	435	1056	464	130	1807	149	7	2351	720	742	1513	149	632	847	2	1270	1914	1333	435	1170	527	1225	326	357	581	1466	359
256	478	1142	347	525	162	867	684	819	763	783	506	2684	1227	929	164	1573	167	421	158	819	220	429	1225	312	521	1869	612	518	0	2224	3431	346	1861	1239	548	1879	1040	1861	819	200	555	708	162	487	691	1004	258	1092	230	948	526	607	514	520	580	518	1280	718	164	521	1861	524	421	286	774	1895	585	520	601	166	389	1027	254	648	192	502	878	1774	387	166	760	355	1861	451	515	392	470	954	446	634	1306	364	858	402	332	1255	648	5	522	208	3708	360	451	923	820	526	449	580	434	511	508	947	616	393	332	445	421	1222	475	1879	2051	167	1238	1999	628	793	530	1101	521	734	1041	1221	853	14	512	824	363	370	646	162	285	467	389	947	628	256	726	387	447	1177	192	282	446	760	1638	1280	396	759	308	838	890	1215	344	1653	392	2860	214	522	315	192	329	360	389	1088	444	285	147	361	2244	637	530	521	1474	1483	847	851	1825	1883	1094	498	979	3807	16	778	1810	472	1044	523	1252	794	206	1227	153	803	209	1142	349	116	2241	393	337	201	214	1253	487	402	2142	369	515	2171	564	484	1367	625	455	600	517	1136	1889	1092	213	830	620	890	255	610	447	1288	162
2188	1803	2100	2240	2427	2385	1454	2526	2731	2148	2439	2577	1062	1743	1298	2330	2222	2254	2345	2177	2731	2443	2138	1933	2340	1769	1450	2638	2495	2224	0	2045	2195	2502	1807	2729	2362	3264	2502	2731	2070	2536	1630	2385	2034	2473	3173	2222	1957	2207	2485	2529	2638	2490	2490	2518	2496	1771	1952	2120	2517	2502	2531	2352	2268	2431	4088	1793	2585	2535	2253	2009	2412	2211	2486	2262	2573	1351	3996	2080	2327	2427	2417	363	1922	2500	2023	2178	1272	2099	2476	1841	2429	2583	2471	2062	1757	2486	2224	2521	2097	1944	2081	1922	1756	1404	2529	2178	1665	2114	2493	2579	1748	2636	2099	2062	1802	2345	1737	1792	2362	2170	2254	1882	225	2664	1591	2383	1197	2517	1491	1253	1739	3062	2221	2583	2970	2396	2546	1583	2325	2250	2090	2406	1748	2650	2437	1498	2080	1883	1712	2262	2242	2099	2427	3860	1095	2620	2124	2317	2082	2963	1908	2261	3874	2023	773	2125	2521	2248	2416	2543	2081	2009	1903	1829	2248	2251	2395	2452	1587	2391	2519	3696	3419	2098	2577	1434	1368	1687	2575	1537	1739	2223	2573	857	1816	1350	2530	1929	2673	2102	1743	2285	2684	2434	2100	2088	2337	2566	2099	2362	2079	2125	1928	2034	2471	2563	2406	2500	464	1775	1778	1047	2644	2663	1663	2493	3266	1153	1162	2126	1394	2837	1335	2217	2777	1918	1054	2325
3251	2960	2564	3235	3305	3556	2592	3305	3465	2884	3136	3510	986	2280	2770	3445	2311	3359	3287	3304	3465	3626	3105	2382	3354	2917	1580	3508	3391	3431	2045	0	3199	2339	2300	3733	2174	4300	2339	3465	3230	3414	2729	3556	3002	3239	4056	3275	2505	3281	3064	3427	3512	3388	3383	3373	3392	2248	2790	3271	3416	2339	3432	3294	3298	3133	4889	2845	3510	3379	3359	3061	2928	3269	3284	3352	3508	2704	4945	3096	3440	3139	3414	2199	2985	3398	3065	3107	2741	3068	3282	2260	3423	3242	3448	3125	2262	3284	3434	3421	3230	655	3116	2985	2544	2817	3427	3120	2897	3085	3393	3512	2520	3501	3103	3125	3010	3287	2282	2968	2174	1825	3359	2341	2133	3531	3181	3254	2852	3416	2893	2471	2284	4055	3421	3514	3862	3382	3594	2975	3440	3283	3048	3376	2520	3511	3526	2881	3096	2983	2312	3352	3278	3068	3139	4822	2226	3755	2869	3333	2781	3767	2375	3256	4932	3065	1462	3238	3421	3262	3593	3743	3116	3061	2476	2994	3282	3369	3383	1927	2914	3262	3419	4677	4893	2786	3241	1621	1553	2374	3514	3236	1346	3420	4078	1719	2963	2409	3431	2357	3406	3233	2280	3400	3413	3603	2564	3127	3540	2061	3103	3362	3231	3238	2356	3002	3448	2151	3391	3398	1657	2866	2963	2137	3506	3866	2861	3388	4562	1549	2482	3239	2815	3898	2775	3274	3748	2988	2244	3440
91	400	806	45	261	393	750	410	594	420	458	382	2518	941	962	266	1235	193	156	192	594	458	97	908	159	429	1621	449	309	346	2195	3199	0	1516	941	560	1540	1131	1516	594	240	352	571	393	198	393	981	92	773	116	617	339	447	303	305	348	310	987	417	223	327	1516	340	162	99	449	1897	410	390	369	194	185	684	93	367	175	378	861	1841	116	260	436	231	1841	272	312	172	124	979	131	353	1003	242	561	280	139	965	367	352	331	197	3523	113	272	655	849	339	104	549	114	305	384	679	447	102	139	427	156	937	418	1540	1729	193	928	1975	473	974	237	1188	327	781	948	936	901	332	388	777	204	399	718	261	85	152	211	679	462	328	763	116	312	898	175	82	131	436	1707	1157	558	419	136	503	774	902	66	1769	172	2766	164	331	63	427	569	113	185	778	381	84	211	204	1909	662	242	329	1547	1780	510	553	1579	1646	827	380	1175	3683	330	1122	1659	385	896	339	936	550	193	941	230	561	430	806	107	407	1902	102	174	227	164	937	198	280	1800	215	312	2070	420	432	1236	457	682	539	307	1377	1685	1032	164	861	708	916	94	596	276	1179	261
1606	1593	735	1525	1441	1895	1510	1345	1412	1098	1168	1622	2135	886	1916	1769	334	1708	1496	1703	1412	1952	1432	745	1608	1571	1109	1562	1510	1861	2502	2339	1516	0	826	1842	171	2313	0	1412	1705	1507	1475	1895	1392	1293	1989	1608	836	1633	1018	1535	1568	1509	1502	1459	1510	831	1187	1714	1529	0	1540	1500	1595	1172	2677	1442	1614	1451	1709	1509	889	1610	1351	1688	1622	1764	2814	1483	1763	1185	1625	2282	1494	1517	1499	1392	1907	1419	1358	758	1627	1198	1625	1547	857	1351	1866	1532	1674	2878	1511	1494	1112	1857	1535	1412	1663	1429	1515	1623	1095	1552	1473	1547	1669	1496	894	1619	171	516	1709	770	2360	1575	2209	1404	2166	1529	1862	1602	893	2077	1847	1622	1840	1596	1790	1876	1765	1590	1399	1575	1095	1555	1789	1837	1483	1535	945	1688	1590	1419	1185	2711	1561	1988	1102	1598	1030	1694	768	1535	2878	1499	2672	1654	1532	1559	1925	2048	1511	1509	870	1614	1589	1727	1598	485	1780	1409	1531	2594	3243	1018	1200	1107	1193	1025	1630	2388	3322	1845	2638	1649	1583	1435	1541	727	1370	1673	886	1741	1372	1923	735	1521	1921	417	1473	1598	1695	1654	728	1392	1625	300	1599	1517	2120	1492	1626	1554	1552	2137	1615	1508	2772	1396	1715	1655	1865	2017	1879	1611	1823	1503	1617	1765
1011	852	314	970	1008	1329	689	1006	1176	584	842	1214	1754	65	1092	1205	493	1124	1002	1088	1176	1396	843	127	1084	820	731	1208	1094	1239	1807	2300	941	826	0	1441	759	2002	826	1176	1048	1115	683	1329	757	940	1758	1028	208	1042	800	1129	1212	1090	1086	1073	1095	53	526	1075	1119	826	1134	1008	1039	838	2617	700	1213	1078	1125	849	682	1025	984	1111	1212	941	2649	858	1199	843	1135	1534	800	1101	847	832	1082	813	982	75	1141	962	1161	907	51	984	1243	1123	1031	2693	883	800	333	1040	1129	848	884	828	1097	1216	310	1200	858	907	926	1002	73	874	759	832	1124	75	1632	1231	1409	957	1340	1119	1054	777	71	1757	1226	1217	1562	1102	1317	1081	1200	1027	791	1092	310	1211	1267	1030	858	824	118	1111	1023	813	843	2524	765	1495	570	1065	481	1473	104	988	2632	847	2156	1026	1123	1001	1364	1510	883	849	175	881	1025	1138	1103	1066	986	965	1121	2377	2716	486	959	695	779	201	1219	1578	2969	1225	1994	1019	846	609	1134	123	1115	1032	65	1164	1123	1369	314	895	1330	1102	858	1087	1043	1026	122	757	1161	1031	1110	1101	1505	743	877	779	1206	1624	835	1091	2317	893	891	1027	1047	1611	1057	1028	1451	806	820	1200
544	927	1229	517	435	399	1303	497	477	859	677	229	3077	1454	1453	406	1623	475	446	552	477	379	644	1379	402	964	2153	281	351	548	2729	3733	560	1842	1441	0	1909	573	1842	477	661	341	1126	399	754	553	457	512	1246	522	824	319	275	354	359	389	350	1491	945	612	328	1842	313	439	471	675	1362	968	234	393	476	736	954	522	495	466	231	1378	1282	676	408	663	329	2369	824	343	725	631	1475	684	491	1491	319	652	287	676	1474	495	550	323	632	4077	666	824	1195	1340	319	620	1063	666	347	228	1217	292	662	676	926	446	1451	937	1909	2156	476	1411	2506	272	1340	484	1643	328	1260	1497	1450	340	544	228	279	358	183	1177	410	488	701	360	1217	290	298	1247	676	854	1421	466	496	684	663	1147	1715	242	871	425	961	383	1379	495	1211	725	3322	603	324	499	386	369	666	736	1266	900	490	480	358	2290	1151	477	325	987	1413	960	648	2112	2185	1360	224	1522	4244	542	1008	2220	914	1456	313	1406	496	626	1454	447	498	367	1229	657	464	2254	662	385	652	603	1407	754	287	2142	348	343	2627	972	950	1795	292	372	1067	354	929	2237	1572	602	1351	176	1410	516	67	826	1734	410
1627	1573	737	1553	1493	1928	1449	1412	1500	1120	1231	1684	1966	813	1850	1800	306	1734	1537	1721	1500	1988	1450	701	1646	1547	950	1632	1567	1879	2362	2174	1540	171	759	1909	0	2402	171	1500	1712	1569	1433	1928	1399	1356	2089	1633	812	1656	1093	1595	1638	1566	1560	1521	1568	753	1181	1726	1588	171	1601	1542	1625	1234	2808	1420	1677	1516	1735	1512	956	1633	1414	1714	1683	1700	2931	1494	1794	1246	1670	2156	1487	1575	1504	1416	1839	1433	1419	686	1673	1279	1676	1556	782	1414	1884	1592	1684	2708	1522	1487	1071	1800	1595	1436	1629	1445	1573	1685	1052	1623	1486	1556	1649	1537	821	1597	0	348	1734	715	2228	1648	2165	1453	2093	1588	1813	1522	820	2163	1865	1684	1930	1639	1842	1835	1796	1618	1412	1621	1052	1628	1830	1788	1494	1524	875	1714	1618	1433	1246	2824	1458	2038	1121	1633	1041	1791	721	1566	2983	1504	2509	1668	1592	1587	1959	2089	1522	1512	836	1597	1617	1752	1641	381	1739	1458	1590	2701	3295	1032	1280	951	1034	961	1692	2337	3150	1863	2657	1506	1564	1356	1601	679	1454	1684	813	1769	1456	1959	737	1533	1948	362	1486	1638	1703	1668	679	1399	1676	273	1644	1575	1970	1468	1604	1443	1624	2184	1580	1565	2837	1241	1631	1669	1807	2085	1816	1635	1895	1496	1514	1796
