NAME : VRPTW_INSTANCE_337.txt
COMMENT : Bangkok Supermarket
TYPE : VRPTW
DIMENSION : 287
DAYS : Sunday
EDGE_WEIGHT_TYPE : EXPLICIT
VEHICLES : 36
EDGE_WEIGHT_FORMAT : FULL_MATRIX
CAPACITY : 1000
EDGE_WEIGHT_SECTION
0	1696	2783	1932	813	442	727	431	349	1994	269	949	698	447	1859	437	97	933	869	135	201	79	2159	1093	1939	202	1013	401	155	991	368	1606	979	112	170	436	379	192	1221	235	691	358	363	670	642	202	587	846	978	2033	22	931	30	1109	412	2105	255	645	568	1947	554	425	101	1036	735	499	1773	620	236	964	1058	390	529	89	962	996	432	215	365	330	212	402	33	91	372	1036	1620	2377	386	332	946	308	1426	778	1962	277	227	535	283	948	793	830	1892	4117	891	395	31	217	155	508	390	46	106	996	253	430	202	1125	196	300	1148	994	412	428	851	437	930	101	257	284	288	22	126	322	199	315	632	504	2128	1115	2396	566	623	372	1038	2038	160	345	173	451	165	830	432	412	215	91	304	128	437	421	101	172	423	911	366	985	153	581	693	154	309	2956	614	935	568	576	24	97	893	745	373	388	503	207	1151	981	1531	488	819	241	1193	216	178	970	887	620	942	217	493	394	1291	1068	589	314	2134	386	1016	862	383	89	215	2228	1521	189	451	607	199	485	891	673	1895	716	1075	1112	217	309	624	248	745	133	840	639	224	155	865	963	809	978	1932	152	33	916	737	1277	661	128	83	353	2106	212	857	309	527	1484	433	464	232	972	535	202	828	851	1685	399	243	582	586	513	400	559	444	522	482	540	207	202	204	111	191	408	1646	2413	195	2059	178	121	942
1696	0	1558	357	1343	1387	1025	1318	1842	1099	1777	984	1493	1396	1219	1767	1708	2628	2396	1560	1499	1680	783	2592	760	1645	869	1367	1541	790	1877	1207	875	1702	1858	1749	1870	1569	880	1911	1156	1857	1859	1207	1851	1645	1250	2512	1312	1134	1714	775	1720	757	1849	888	1879	2341	1310	677	1250	1751	1796	852	1494	1986	1096	1700	1865	887	770	2067	2074	1711	1792	887	1761	1735	1877	1413	1620	1838	1720	1645	2047	852	3144	797	1418	1714	814	1720	586	1545	355	1945	1605	1630	1431	839	2480	1349	3482	2488	1083	1470	1726	1833	1541	1351	1437	1694	1610	887	1943	1748	1645	873	1821	1436	2682	2458	1849	1293	2142	1750	1313	1750	1895	1434	1722	1717	1664	1748	1514	1736	1121	1339	819	759	1489	2191	1849	1884	1392	1222	1855	1846	1584	1840	1586	1349	1761	1849	1855	1645	1720	1813	1757	2050	1750	1592	1851	2405	1879	889	1845	1308	1911	1641	1720	1881	1884	927	1852	1279	1711	1668	862	1410	1877	1962	1323	1733	553	2640	3146	1325	915	1869	2872	1833	1581	799	1226	1937	763	1853	1976	1970	2777	2760	2204	1753	575	1418	836	957	2058	1736	1750	911	591	1509	1245	1259	1514	1975	1083	2254	351	1642	763	2767	1873	1723	1245	1511	1410	1570	972	1242	1858	1603	949	846	1046	1312	1186	1678	1720	1486	1043	511	1839	1813	1708	1532	886	1620	1245	1433	2214	1160	2099	1243	1601	762	1619	1898	906	2342	3327	1967	1871	1186	1258	1338	1969	1380	1251	1236	1974	1632	1829	1898	1732	1602	1885	1430	746	722	1890	542	1581	1809	1721
2783	1558	0	1207	2047	2664	2078	2354	3057	2593	2720	1834	2219	2678	1005	3038	2841	3597	3631	2665	2594	2730	2119	3256	2228	2637	2327	2382	2660	2208	3089	2765	2318	2843	2951	3023	3090	2743	2408	2923	2515	3071	3075	2568	3183	2637	2576	3618	1900	2619	2806	2098	2814	2236	3090	2295	2853	3347	2639	2128	2554	3020	2866	2317	2896	3221	2638	3049	2847	2324	2225	3169	2922	2839	2283	2341	3031	2917	3088	2453	2614	3078	2816	2776	3153	2317	4395	899	2403	2621	2206	2946	1405	2199	1223	2942	2596	2956	2505	1869	3542	2037	4675	1675	2525	2415	2806	2984	2660	2656	2405	2759	2677	2341	2971	3019	2637	2376	2965	2483	3364	3733	3090	2366	3477	3023	1939	2787	2875	2503	2939	2799	2693	2975	2667	2962	2164	2639	2191	2242	538	3349	3174	3096	2882	2718	2932	3058	2751	3100	2748	2037	3031	3090	2992	2776	2944	2860	3029	3203	2787	2761	3096	3662	3089	2338	2896	2643	3248	2661	2946	371	3198	2359	3156	2605	2806	2805	2236	2134	3091	3148	2619	2912	1813	3500	4313	2612	2250	2848	3938	2983	2750	2203	2677	3241	2087	2844	3212	3155	3386	3785	3371	2976	1018	2403	2288	1931	3163	2857	2929	2241	1307	2606	2416	2598	2667	3207	2525	3083	1774	3029	2226	3884	2999	2948	2590	2704	2134	2652	1953	2594	2999	2763	1930	1845	1975	1900	2705	2690	2816	2942	2389	1621	3180	2859	2834	2475	2291	2614	1968	2636	3196	1371	3215	2347	2591	2140	2946	2956	2007	3598	4456	3157	3017	2205	2584	2278	3159	2257	2409	2264	3205	2959	2976	2956	2910	2672	2937	2390	2296	1484	2942	1866	2750	2861	2230
1932	357	1207	0	1442	1672	1219	1523	2118	1406	1973	1097	1609	1683	1024	2058	1958	2850	2686	1797	1731	1904	997	2734	1048	1851	1202	1568	1782	1107	2153	1559	1203	1954	2099	2041	2148	1827	1234	2131	1462	2133	2136	1515	2160	1851	1548	2769	1370	1437	1952	1055	1958	1096	2133	1144	2087	2569	1610	953	1541	2042	2030	1187	1819	2270	1433	2013	2075	1214	1100	2316	2252	1959	1858	1219	2052	2000	2153	1624	1825	2121	1959	1893	2296	1187	3443	462	1612	1897	1122	1998	594	1643	47	2162	1809	1935	1654	1005	2725	1443	3769	2193	1415	1654	1961	2091	1782	1645	1626	1923	1837	1219	2168	2039	1851	1220	2077	1650	2831	2758	2133	1510	2455	2041	1384	1973	2105	1656	1997	1952	1881	2026	1764	2014	1317	1631	1055	1099	1191	2457	2157	2160	1739	1532	2092	2121	1841	2130	1841	1443	2052	2133	2110	1893	1997	2040	2048	2313	1973	1850	2136	2700	2154	1219	2074	1610	2222	1855	1997	1540	2189	1252	2153	1577	1950	1918	1166	1521	2154	2232	1613	1997	788	2834	3424	1612	1206	2078	3123	2091	1838	1111	1561	2240	1043	2065	2261	2240	2908	2999	2473	2030	224	1612	1167	1115	2307	1983	2014	1128	540	1742	1492	1562	1764	2258	1415	2431	592	1964	1096	3030	2124	2000	1549	1774	1521	1801	1134	1548	2114	1858	1108	1000	1196	1370	1508	1891	1959	1825	1342	659	2150	2040	1956	1718	1141	1825	1342	1696	2433	1078	2352	1468	1804	1063	1924	2131	1107	2636	3598	2239	2128	1378	1556	1513	2240	1537	1494	1434	2257	1937	2085	2131	1995	1830	2116	1616	1089	632	2121	732	1838	2038	1788
813	1343	2047	1442	0	934	452	466	1148	2081	682	359	177	950	1073	1193	896	1550	1679	733	672	743	2032	1299	1885	628	1121	457	742	1006	1173	1848	1082	905	962	1185	1181	859	1356	897	989	1160	1165	1016	1388	628	959	1594	165	2122	835	838	843	1145	1203	2054	817	1304	999	1850	914	1176	872	1134	1290	1308	1922	1307	815	1073	1087	1165	878	891	460	1115	1186	1003	1171	525	610	1192	847	843	1152	1134	2417	1821	442	580	958	1069	850	202	1484	909	592	1203	592	527	1507	19	2659	3517	1158	418	827	1031	742	972	430	777	711	1115	948	1179	628	1254	1010	551	1399	1808	1203	514	1642	1185	117	784	840	584	1054	822	698	1094	782	1083	428	954	2033	1154	1613	1364	1372	1178	1487	2166	935	1147	857	1232	851	19	1186	1203	1028	843	1066	854	1189	1226	784	866	1212	1724	1172	1103	889	1012	1450	666	1070	2178	1378	1073	1329	976	837	871	930	88	1178	1202	936	995	840	1465	2293	918	865	815	1897	1029	859	982	1256	1400	840	815	1301	1208	1468	1740	1389	1089	1597	442	1095	416	1161	901	1009	2137	922	681	660	994	782	1294	1158	1047	1651	1355	1105	1857	1026	1071	999	852	88	703	410	1014	1037	860	426	510	332	165	2077	685	847	1435	918	832	1399	852	885	464	2053	610	100	818	1152	692	1216	544	587	927	1197	947	540	1665	2422	1213	1056	398	966	328	1214	258	638	423	1291	1208	1021	947	992	708	927	411	1662	2037	931	1845	859	857	392
442	1387	2664	1672	934	0	616	470	457	1555	678	895	897	16	1834	386	396	1317	1013	352	352	484	1753	1535	1522	552	602	491	324	614	492	1164	573	382	550	369	484	252	789	673	264	472	474	233	520	552	155	1139	1077	1593	448	618	450	709	462	1684	696	1032	126	1539	139	369	529	624	361	599	1331	398	678	557	666	722	967	403	1242	583	380	371	493	443	540	451	447	355	700	624	1771	2133	530	697	580	336	1259	993	1695	716	541	297	385	801	1127	953	2098	3864	453	591	470	480	324	65	555	472	429	583	679	366	552	700	475	430	1591	1089	462	419	813	370	1032	539	700	395	340	463	506	362	258	351	560	62	1716	713	2345	812	511	499	621	1597	564	461	271	457	278	953	380	462	509	355	336	566	376	678	539	274	464	1028	494	574	584	138	586	509	335	2884	534	523	493	137	443	363	528	902	491	581	69	372	890	1405	1759	62	471	683	1504	481	266	599	446	579	629	659	590	589	1733	1412	822	368	1889	530	613	767	711	428	387	1813	1358	352	283	168	258	588	453	1115	1531	423	681	1387	533	338	185	194	902	391	747	199	509	291	764	829	759	1077	1490	537	447	526	349	1061	519	568	403	599	1685	540	929	151	941	1490	742	394	542	625	288	616	661	964	1941	585	517	555	151	613	587	697	302	515	587	301	479	616	371	422	612	569	1222	2080	616	1680	266	559	1202
727	1025	2078	1219	452	616	0	305	978	1637	757	280	532	632	1217	967	771	1632	1553	598	528	690	1633	1572	1464	632	668	349	588	555	1010	1396	630	770	897	953	1011	664	904	913	580	993	996	618	1131	632	582	1573	540	1678	748	391	756	694	1013	1634	868	1352	636	1439	544	949	821	681	932	1142	1472	1015	856	622	636	1117	1048	770	894	663	960	840	1009	407	606	1000	757	705	1099	681	2318	1654	395	688	506	869	699	614	1252	943	590	913	444	220	1518	468	2611	3392	723	444	754	912	588	630	412	713	626	663	952	948	632	801	895	434	1659	1656	1013	298	1417	954	506	757	886	444	860	746	664	897	590	885	98	611	1625	703	1733	1282	1119	1017	1075	1719	885	979	673	1026	671	468	960	1013	924	705	867	827	959	1134	757	683	1019	1583	1011	652	861	646	1196	637	869	2279	1137	624	1092	606	748	733	478	476	1013	1072	591	835	474	1621	2253	578	415	859	1918	911	672	530	838	1175	394	846	1133	1079	1761	1787	1301	897	1413	395	642	151	1110	791	852	1729	795	540	343	615	590	1128	723	1228	1288	1029	654	1839	934	871	614	626	476	594	131	626	930	686	149	237	156	540	1628	673	757	1050	487	559	1133	826	765	507	1634	606	395	560	1214	877	1159	270	585	478	904	920	120	1519	2412	1081	947	161	590	314	1082	369	333	215	1127	918	905	920	832	619	903	404	1223	1747	909	1474	672	825	831
431	1318	2354	1523	466	470	305	0	720	1807	459	521	434	485	1447	741	488	1326	1283	312	240	387	1873	1308	1681	328	798	52	309	722	749	1497	758	491	600	731	753	411	1035	608	572	734	738	587	929	328	517	1275	617	1847	453	604	460	861	766	1852	564	1047	547	1670	471	724	520	816	830	885	1614	841	552	745	803	820	762	485	794	785	734	574	748	102	303	754	463	424	803	816	2043	1960	110	405	671	625	998	530	1557	638	288	737	151	524	1215	485	2322	3697	767	178	455	630	309	513	136	411	326	785	647	725	328	930	611	131	1388	1397	766	56	1195	731	571	452	582	148	612	447	359	651	332	640	206	496	1856	869	1978	995	914	755	1054	1874	585	719	413	788	409	485	734	766	638	424	622	523	736	848	452	423	774	1319	749	774	558	561	992	331	625	2534	924	731	876	530	453	453	626	431	753	798	480	568	764	1322	1962	461	547	555	1616	629	414	698	836	951	611	541	877	805	1502	1482	1016	649	1718	110	785	432	813	503	584	1959	1092	252	215	552	332	871	767	940	1558	889	822	1542	645	627	560	392	431	298	410	576	645	422	435	536	378	617	1775	367	463	985	539	864	938	522	480	228	1852	303	475	352	909	1080	864	111	283	671	731	617	417	1257	2116	807	663	152	523	143	809	229	191	92	868	742	622	617	565	320	600	139	1414	2040	605	1737	414	521	746
349	1842	3057	2118	1148	457	978	720	0	1940	593	1234	1044	450	2167	147	255	905	576	416	483	428	2190	1280	1950	552	1047	706	413	1071	35	1502	1022	245	277	160	33	314	1208	442	711	15	18	669	320	552	605	686	1312	1975	330	1069	324	1159	68	2107	518	638	555	1975	596	148	339	1070	563	165	1702	360	504	1007	1119	319	768	262	1308	1028	146	146	35	634	561	63	319	305	299	1070	1342	2576	708	674	1037	121	1667	1126	2143	476	575	324	571	1190	688	1166	1652	4312	870	732	347	154	413	502	719	393	441	1028	412	155	552	1130	172	605	1310	679	68	697	502	160	1264	421	507	576	121	349	476	94	391	105	894	511	2147	1162	2697	357	300	42	882	1963	312	7	308	115	311	1166	146	68	181	305	121	381	155	236	421	297	79	605	36	1020	367	561	360	503	122	3251	281	970	239	580	326	277	985	1086	35	128	524	153	1331	1044	1306	519	927	508	1051	156	308	1057	806	275	1081	487	157	135	1469	970	365	88	2332	708	1063	1126	308	260	139	2240	1765	472	644	606	391	151	870	859	1987	480	1133	929	203	119	623	353	1086	445	1104	632	172	298	1126	1212	1090	1312	1855	500	319	732	806	1488	346	384	268	697	2108	561	1181	427	593	1799	317	710	580	1081	330	349	1056	541	1485	130	161	860	599	832	132	891	649	803	149	326	164	349	156	442	362	737	1645	2537	362	2131	308	374	1291
1994	1099	2593	1406	2081	1555	1637	1807	1940	0	2198	1773	2167	1553	2301	1806	1951	2844	2339	1884	1856	2024	547	3075	365	2058	1010	1856	1857	1091	1969	485	1049	1937	2103	1789	1954	1807	779	2228	1304	1951	1951	1324	1765	2058	1407	2600	2126	41	2002	1245	2004	950	1908	352	2243	2570	1430	465	1441	1798	2084	990	1390	2017	246	1630	2225	1063	1009	2250	2505	1958	2531	1023	1804	1908	1971	1860	2039	1901	2002	1909	2228	990	2959	1719	1915	2184	1142	1839	1602	2251	1381	2270	2032	1624	1837	1576	2623	2095	3343	3084	1103	1985	2024	2017	1857	1491	1942	2018	1959	1023	2235	1792	2058	881	2017	1867	3139	2330	1908	1756	1978	1789	2106	2086	2250	1845	1853	2016	2035	1857	1798	1850	1693	1493	462	941	2586	2278	1775	1975	1097	125	2119	1947	1827	1874	1833	2095	1804	1908	2049	1909	1841	2121	1796	2176	2086	1830	1903	2316	1972	1035	2139	1419	1798	2027	1838	2940	1818	1081	1813	1419	1997	1919	1183	2113	1965	2066	1491	1911	1291	2957	3073	1506	1260	2230	2952	2018	1822	1116	1134	1876	1243	2207	2008	2072	3273	2900	2277	1867	1574	1915	1022	1672	2239	1984	1923	483	1643	1862	1621	1387	1798	2012	1103	2664	820	1517	990	2802	2075	1841	1371	1747	2113	1916	1673	1356	2047	1846	1662	1602	1750	2126	150	2062	2002	1256	1282	1414	1740	2122	1959	2028	356	2039	2005	1686	2493	2170	2256	1696	2031	1160	1615	2171	1540	2266	3281	2065	2051	1749	1408	1906	2066	1984	1641	1767	2013	1622	2019	2171	1911	1951	2168	1946	424	1245	2172	745	1822	2114	2467
269	1777	2720	1973	682	678	757	459	593	2198	0	913	529	687	1756	700	362	890	1033	326	343	201	2315	877	2110	142	1195	410	354	1147	604	1836	1158	379	332	702	619	445	1419	218	899	600	604	889	903	142	805	912	843	2238	279	1051	283	1277	661	2279	134	627	800	2107	766	689	254	1216	997	722	1987	889	133	1143	1222	498	311	353	724	1180	696	477	601	369	164	653	287	355	490	1216	1745	2399	361	104	1098	574	1423	589	2008	226	175	805	370	967	825	696	1977	4129	1105	321	256	442	354	743	346	225	249	1180	271	695	142	1318	422	351	947	1175	661	489	1086	702	798	175	157	363	553	258	171	585	420	579	659	735	2292	1285	2296	705	883	607	1293	2252	297	588	429	704	421	696	696	661	423	355	570	216	702	582	175	431	672	1086	602	1168	241	814	950	172	575	2861	871	1120	826	801	284	367	1047	600	610	593	730	469	1223	864	1611	712	969	133	1218	440	434	1124	1123	869	1060	137	718	597	1075	1067	733	576	2161	361	1191	861	497	343	474	2394	1513	338	587	832	420	709	1105	484	2014	985	1240	1174	410	574	846	490	600	288	841	863	433	415	867	974	788	843	2148	140	287	1177	918	1314	924	213	348	256	2280	164	752	529	478	1375	551	545	179	1109	804	288	873	1032	1740	605	450	595	807	464	606	465	571	542	706	809	432	288	466	255	268	357	1828	2499	271	2190	434	222	715
949	984	1834	1097	359	895	280	521	1234	1773	913	0	515	911	941	1235	1009	1804	1803	832	761	898	1684	1637	1551	813	877	548	828	746	1264	1594	843	1011	1117	1223	1267	920	1097	1101	849	1248	1252	891	1406	813	860	1788	355	1814	972	568	980	872	1274	1717	1040	1536	915	1509	823	1218	1034	885	1210	1399	1636	1294	1032	837	820	1336	1168	1006	812	876	1228	1091	1263	619	788	1262	982	944	1320	885	2564	1498	573	824	705	1130	517	561	1137	1125	771	1191	672	197	1720	366	2841	3219	972	595	972	1151	828	910	578	926	843	876	1147	1218	813	1001	1132	649	1734	1913	1274	537	1689	1223	342	958	1061	669	1120	965	863	1158	842	1146	343	891	1689	882	1464	1515	1394	1271	1337	1867	1099	1234	926	1291	922	366	1228	1274	1159	944	1128	1030	1229	1369	958	936	1281	1837	1265	866	1066	925	1471	832	1131	2016	1410	849	1364	885	972	973	693	429	1267	1318	871	1085	496	1756	2480	858	648	1033	2120	1150	926	724	1098	1445	565	1026	1391	1325	1813	1976	1537	1157	1265	573	844	138	1330	1024	1101	1793	602	773	617	892	842	1385	972	1345	1295	1309	835	2055	1165	1132	891	889	429	818	153	902	1166	936	144	170	143	355	1785	863	982	1322	745	473	1410	1029	1001	658	1716	788	261	829	1390	597	1382	527	765	658	1183	1126	283	1774	2628	1327	1184	373	869	452	1328	453	604	432	1383	1196	1143	1126	1082	838	1108	564	1349	1680	1113	1489	926	1030	742
698	1493	2219	1609	177	897	532	434	1044	2167	529	515	0	912	1237	1107	788	1379	1550	641	590	622	2155	1126	1995	500	1180	406	655	1079	1065	1901	1140	799	831	1101	1075	777	1419	747	999	1055	1059	1018	1308	500	951	1440	321	2209	718	923	726	1220	1104	2165	663	1140	981	1967	905	1091	743	1195	1259	1197	1995	1244	663	1129	1161	1023	703	782	370	1171	1100	902	1063	458	486	1093	730	743	1013	1195	2274	1996	370	425	1028	979	1021	96	1651	755	470	1142	523	659	1348	183	2504	3695	1185	321	706	914	655	945	348	657	603	1171	800	1094	500	1315	893	478	1225	1684	1104	489	1545	1101	280	652	686	514	961	702	574	1000	707	990	477	929	2151	1229	1776	1227	1291	1070	1487	2246	802	1041	772	1137	765	183	1100	1104	907	743	975	719	1104	1095	652	780	1113	1598	1064	1159	751	995	1367	544	980	2341	1292	1124	1243	964	722	768	993	90	1070	1082	913	894	970	1288	2138	894	921	662	1733	912	775	1054	1267	1307	926	665	1192	1088	1299	1573	1254	995	1769	370	1159	541	1021	787	906	2256	1096	598	647	986	707	1183	1185	870	1789	1306	1180	1700	901	980	994	782	90	605	530	1010	916	771	551	648	452	321	2153	556	730	1418	948	985	1322	717	776	347	2164	486	272	764	987	856	1076	535	466	1007	1137	807	640	1541	2261	1094	935	426	957	294	1095	205	624	426	1181	1147	904	807	890	602	786	332	1756	2196	791	1980	775	722	315
447	1396	2678	1683	950	16	632	485	450	1553	687	911	912	0	1850	375	398	1315	1003	361	364	491	1756	1541	1523	562	605	506	333	621	484	1158	577	383	551	357	476	256	789	677	267	464	466	233	505	562	158	1134	1094	1591	452	628	454	713	453	1685	702	1031	122	1541	146	358	532	628	347	590	1328	383	683	561	671	720	974	405	1256	586	368	368	485	458	551	442	451	359	697	628	1760	2144	545	708	587	329	1273	1008	1705	719	552	282	399	816	1123	969	2088	3874	451	605	475	477	333	61	570	478	437	586	682	355	562	700	473	444	1596	1077	453	435	799	358	1048	545	705	408	334	468	515	355	266	344	576	63	1717	717	2360	805	496	491	610	1593	566	454	275	446	282	969	368	453	507	359	329	571	365	673	545	278	455	1017	486	577	587	134	571	518	328	2899	520	526	479	137	447	366	536	917	483	575	73	369	902	1406	1750	71	480	689	1498	479	270	607	439	566	640	664	580	582	1739	1408	815	361	1900	545	618	782	709	430	384	1814	1372	364	300	168	266	579	451	1120	1537	407	686	1379	531	331	185	200	917	401	763	198	507	295	779	844	775	1094	1486	546	451	513	356	1073	504	572	406	612	1686	551	945	163	942	1506	738	410	553	633	273	618	676	953	1932	579	514	571	153	628	580	713	318	531	578	286	477	618	369	431	615	584	1223	2087	618	1685	270	563	1216
1859	1219	1005	1024	1073	1834	1217	1447	2167	2301	1756	941	1237	1850	0	2176	1930	2614	2727	1755	1686	1797	1989	2250	1977	1691	1673	1464	1755	1536	2196	2294	1650	1935	2019	2164	2200	1855	1835	1968	1753	2181	2185	1801	2348	1691	1784	2667	916	2338	1882	1379	1890	1618	2211	2107	1891	2377	1843	1896	1751	2158	1931	1672	2130	2332	2250	2233	1888	1651	1585	2230	1932	1927	1278	1681	2169	2022	2195	1537	1670	2199	1893	1869	2216	1672	3478	1139	1473	1654	1514	2068	723	1206	1069	1982	1653	2131	1597	1048	2581	1061	3731	2606	1829	1471	1878	2071	1755	1844	1470	1828	1753	1681	2019	2159	1691	1766	2051	1567	2358	2844	2211	1471	2630	2164	959	1846	1913	1592	2057	1871	1755	2095	1777	2083	1284	1825	2034	1627	540	2423	2336	2202	2205	2419	1996	2166	1859	2230	1855	1061	2169	2211	2074	1869	2066	1919	2170	2281	1846	1870	2218	2765	2196	1674	1954	1851	2413	1723	2068	1105	2352	1677	2306	1811	1883	1898	1526	1158	2200	2241	1805	2015	1139	2503	3366	1793	1510	1888	2970	2070	1860	1523	1973	2386	1371	1887	2324	2248	2382	2810	2447	2094	1019	1473	1634	1067	2226	1941	2031	2119	662	1697	1559	1813	1777	2318	1829	2088	1559	2241	1593	2931	2077	2070	1809	1828	1158	1735	1086	1818	2082	1868	1070	1016	1082	916	2367	1747	1893	2221	1635	952	2351	1917	1921	1526	2104	1670	1008	1770	2224	381	2280	1467	1647	1450	2122	2013	1184	2703	3496	2251	2101	1309	1792	1346	2253	1307	1546	1364	2315	2136	2062	2013	2012	1748	1993	1452	1906	1622	1998	1731	1860	1920	1224
437	1767	3038	2058	1193	386	967	741	147	1806	700	1235	1107	375	2176	0	340	1043	629	465	521	515	2075	1425	1831	635	945	738	452	984	168	1362	923	325	408	18	150	334	1089	574	617	153	152	569	205	635	517	801	1352	1841	423	1003	418	1059	101	1984	643	782	459	1861	518	17	455	967	421	224	1567	214	626	908	1024	465	903	349	1397	925	6	223	170	668	639	95	413	368	445	967	1385	2519	750	770	954	130	1637	1194	2080	610	651	183	601	1169	816	1211	1715	4249	755	786	444	284	452	416	766	483	509	925	549	19	635	1017	298	642	1456	703	101	708	455	18	1304	525	634	609	149	444	561	115	411	121	892	428	2029	1062	2699	473	186	172	738	1826	441	154	336	74	343	1211	6	101	316	368	133	499	10	372	525	327	97	642	171	918	491	463	260	584	129	3246	185	870	136	489	418	347	905	1139	163	262	445	231	1277	1189	1381	446	854	631	1162	286	334	972	677	210	1015	608	215	268	1614	1095	475	124	2276	750	965	1118	453	356	226	2121	1736	512	623	511	411	216	755	1002	1891	333	1037	1029	341	129	526	349	1139	501	1097	533	308	335	1117	1194	1093	1352	1717	589	413	587	724	1445	224	502	354	762	1986	639	1214	406	740	1817	459	708	654	1004	191	483	1030	578	1569	260	301	868	510	867	261	936	633	815	216	184	292	483	234	509	494	784	1525	2450	494	2028	334	491	1373
97	1708	2841	1958	896	396	771	488	255	1951	362	1009	788	398	1930	340	0	935	796	176	247	176	2139	1157	1913	298	988	466	182	978	277	1549	955	16	156	340	286	148	1185	284	656	266	270	628	545	298	548	810	1060	1989	83	936	79	1089	317	2077	327	647	520	1925	521	328	140	1010	656	411	1725	527	309	940	1040	359	601	9	1059	969	335	118	275	393	306	306	75	66	338	1010	1555	2408	460	430	936	211	1469	871	1987	326	320	446	336	990	771	914	1840	4148	849	478	106	142	182	459	468	143	186	969	284	333	298	1093	124	363	1205	916	317	475	757	340	1012	189	325	339	191	104	223	225	194	218	679	458	2105	1094	2464	510	525	282	967	1990	168	252	130	354	126	914	335	317	153	66	208	183	340	363	189	124	327	835	276	959	192	532	596	249	213	3022	517	909	470	533	78	40	883	832	282	311	462	110	1172	1009	1482	449	813	314	1166	141	134	960	830	524	947	290	405	317	1353	1052	530	217	2164	460	994	912	350	32	118	2203	1567	235	466	564	194	397	849	732	1891	627	1057	1073	166	212	581	211	832	195	890	595	159	110	914	1008	866	1060	1883	250	75	837	718	1310	564	185	14	441	2078	306	934	285	546	1558	394	501	324	968	447	220	863	773	1644	321	176	636	546	586	322	639	463	577	394	451	134	220	106	188	217	486	1615	2420	220	2051	134	175	1039
933	2628	3597	2850	1550	1317	1632	1326	905	2844	890	1804	1379	1315	2614	1043	935	0	739	1068	1129	948	3070	716	2839	1001	1918	1283	1089	1914	877	2406	1888	945	779	1059	893	1083	2101	719	1582	894	894	1547	1136	1001	1472	362	1700	2880	916	1865	910	2022	942	2999	766	288	1434	2856	1450	1049	832	1941	1465	853	2607	1240	777	1872	1975	597	684	930	1413	1899	1045	947	875	1226	1026	947	911	993	619	1941	1102	3285	1243	982	1872	1006	2313	1409	2883	688	1043	1226	1198	1849	259	1560	1205	5018	1761	1210	902	837	1089	1375	1232	933	1018	1899	685	1056	1001	2016	841	1200	668	875	942	1341	1076	1059	1659	879	747	1196	994	911	968	988	1124	995	1533	1378	3033	2027	3151	593	1120	871	1780	2868	776	898	1065	981	1062	1560	1045	942	807	993	1004	814	1053	670	879	1059	948	805	874	1890	783	1443	1131	995	1007	3716	1080	1839	1068	1453	919	974	1818	1462	881	780	1386	945	2080	268	858	1375	1747	774	397	836	1069	1895	1710	1032	1875	785	860	775	826	219	604	978	3044	1243	1927	1748	608	904	931	3129	2403	1118	1385	1482	1124	854	1761	553	2826	1362	1992	460	784	1004	1500	1145	1462	1057	1727	1512	807	1045	1752	1858	1677	1700	2760	959	911	1625	1652	2191	1165	815	932	1146	3001	1026	1630	1220	417	2234	588	1386	1048	1902	1233	730	1743	803	923	783	801	1474	1469	1353	781	1354	1376	1416	852	1228	837	730	945	1025	742	1244	2537	3346	738	2986	1069	818	1442
869	2396	3631	2686	1679	1013	1553	1283	576	2339	1033	1803	1550	1003	2727	629	796	739	0	972	1043	936	2666	1380	2414	1052	1563	1263	975	1611	543	1865	1544	793	718	647	544	888	1682	819	1243	562	558	1194	582	1052	1145	378	1844	2369	846	1631	838	1679	553	2558	910	635	1087	2454	1147	645	807	1585	972	417	2093	731	905	1530	1647	538	1052	800	1745	1543	635	714	544	1190	1069	565	835	859	544	1585	765	3145	1254	1134	1583	693	2244	1619	2708	826	1086	777	1132	1767	486	1696	1086	4877	1362	1263	853	655	975	1045	1259	903	974	1543	767	648	1052	1621	675	1160	1364	155	553	1266	384	646	1797	898	889	1136	697	858	981	664	964	676	1467	1058	2613	1681	3261	330	576	536	1242	2337	747	575	880	556	883	1696	635	553	653	859	694	830	639	454	898	870	549	69	543	1538	798	1089	542	1013	693	3818	535	1491	556	1117	844	830	1534	1607	541	485	1074	719	1901	986	758	1074	1483	907	645	656	881	1600	1259	477	1643	897	426	479	1529	662	302	661	2902	1254	1586	1700	538	785	702	2699	2342	1031	1221	1138	964	429	1362	1043	2511	830	1659	478	653	690	1153	930	1607	991	1678	1158	644	868	1701	1788	1660	1844	2231	995	835	1084	1353	2063	605	833	805	1215	2559	1069	1726	1003	724	2353	485	1284	1092	1634	787	745	1633	77	955	476	626	1429	1138	1381	474	1427	1226	1371	431	776	664	745	721	978	766	1277	2108	3075	762	2640	881	827	1745
135	1560	2665	1797	733	352	598	312	416	1884	326	832	641	361	1755	465	176	1068	972	0	71	139	2032	1192	1816	204	892	292	28	862	443	1511	857	179	302	459	449	141	1107	361	580	429	433	566	667	204	482	976	896	1923	154	797	161	984	469	1984	359	781	474	1821	444	449	236	914	683	579	1668	614	342	841	931	520	622	174	944	875	459	270	441	218	197	458	161	113	501	914	1731	2244	291	351	816	338	1297	729	1827	401	202	517	160	818	927	751	2014	3984	785	321	165	318	28	417	304	140	76	875	386	453	204	1009	300	189	1254	1089	469	301	909	460	848	205	368	163	321	157	154	361	94	350	505	409	2004	990	2289	685	650	449	970	1933	295	415	132	499	124	751	459	469	327	113	334	256	462	538	205	139	478	1009	442	864	286	488	725	157	338	2846	650	815	602	476	152	142	764	675	447	486	404	263	1016	1109	1655	387	688	347	1326	317	135	841	797	668	807	324	572	493	1390	1203	705	356	2001	291	893	737	512	193	277	2104	1394	59	316	507	94	565	785	780	1762	693	949	1241	336	339	522	169	675	42	716	538	334	129	739	835	690	896	1829	185	161	861	614	1144	682	257	168	298	1984	197	765	203	659	1385	560	332	204	840	514	338	695	947	1814	496	351	460	483	415	497	475	308	401	562	522	310	338	260	70	325	322	1527	2277	330	1928	135	252	915
201	1499	2594	1731	672	352	528	240	483	1856	343	761	590	364	1686	521	247	1129	1043	71	0	184	1987	1219	1776	205	855	223	70	816	511	1495	819	250	370	513	516	187	1077	414	557	496	500	549	719	205	466	1046	833	1895	221	741	228	942	533	1944	400	842	467	1777	424	504	299	877	701	647	1644	655	383	804	888	590	650	245	909	839	514	336	509	150	190	521	230	183	571	877	1802	2176	229	346	769	397	1227	681	1761	452	189	554	89	748	994	691	2085	3915	763	269	229	390	70	414	245	195	113	839	444	507	205	976	371	122	1285	1158	533	230	970	514	785	254	411	93	382	221	181	422	117	410	434	403	1961	949	2218	756	703	517	974	1909	361	482	184	560	178	691	514	533	398	183	394	314	517	609	254	193	542	1079	510	828	346	481	779	171	398	2775	706	779	658	464	220	212	717	618	514	557	395	330	952	1159	1726	376	640	387	1394	389	186	794	789	727	751	367	639	564	1417	1268	777	418	1933	229	853	666	582	264	345	2062	1323	12	261	494	117	632	763	815	1707	725	906	1311	407	399	508	195	618	71	644	524	405	188	668	765	619	833	1805	206	230	874	577	1076	732	314	240	258	1945	190	699	201	716	1316	631	263	189	788	550	401	627	1017	1884	566	423	389	468	349	568	415	249	329	630	560	381	401	327	105	387	263	1490	2217	392	1876	186	310	875
79	1680	2730	1904	743	484	690	387	428	2024	201	898	622	491	1797	515	176	948	936	139	184	0	2169	1054	1955	123	1031	351	167	998	446	1647	996	190	222	514	457	245	1247	231	720	437	442	704	721	123	620	890	908	2063	97	925	104	1122	492	2123	220	664	609	1959	583	503	135	1053	796	576	1807	694	202	981	1069	438	484	168	883	1015	510	294	444	285	135	482	109	156	422	1053	1681	2345	327	254	952	386	1385	700	1936	268	151	606	250	911	828	759	1944	4083	923	327	84	292	167	550	327	35	71	1015	263	507	123	1149	270	256	1114	1066	492	394	930	515	860	70	229	248	366	80	47	401	228	394	593	543	2141	1129	2335	626	701	450	1094	2072	201	424	228	530	220	759	510	492	285	156	382	136	515	484	70	230	502	981	444	1004	171	622	772	77	387	2896	694	954	647	612	101	171	899	672	451	461	540	286	1131	975	1582	523	823	207	1228	290	233	977	931	700	935	185	570	466	1252	1096	650	393	2103	327	1032	819	432	168	295	2242	1480	174	445	644	228	562	923	640	1892	787	1087	1157	283	387	659	292	672	113	797	675	295	214	822	924	760	908	1967	73	109	976	754	1247	740	135	162	279	2123	135	791	339	534	1420	485	438	156	972	605	230	797	922	1730	472	313	539	620	453	473	491	434	479	559	611	281	230	283	79	213	344	1666	2400	218	2060	233	134	863
2159	783	2119	997	2032	1753	1633	1873	2190	547	2315	1684	2155	1756	1989	2075	2139	3070	2666	2032	1987	2169	0	3182	260	2173	1152	1925	2007	1170	2223	945	1183	2127	2296	2057	2210	1990	986	2393	1488	2203	2204	1525	2083	2173	1598	2875	2034	557	2172	1269	2176	1050	2173	195	2387	2784	1640	214	1619	2064	2258	1129	1693	2298	716	1935	2371	1198	1101	2476	2626	2144	2492	1170	2071	2125	2224	1949	2150	2164	2175	2086	2454	1129	3345	1224	1983	2276	1218	2076	1364	2224	961	2434	2139	1901	1945	1504	2876	2042	3718	2541	1321	2048	2190	2233	2007	1697	2008	2173	2099	1170	2412	2058	2173	1060	2228	1964	3259	2683	2173	1832	2334	2057	2026	2238	2399	1951	2085	2182	2168	2098	1960	2089	1712	1692	84	1045	2186	2545	2089	2229	1454	659	2304	2196	2009	2148	2013	2042	2071	2173	2263	2086	2077	2287	2064	2423	2238	2014	2171	2655	2225	1180	2312	1631	2128	2153	2075	2479	2130	1231	2114	1618	2168	2102	1270	2084	2220	2319	1684	2125	1191	3141	3420	1694	1347	2375	3238	2234	2004	1192	1407	2189	1262	2355	2289	2326	3376	3160	2550	2107	1120	1983	1144	1618	2465	2171	2140	130	1375	1996	1729	1589	1960	2291	1321	2798	433	1837	1083	3103	2286	2078	1572	1928	2084	2056	1626	1561	2263	2029	1608	1521	1706	2034	692	2191	2175	1600	1422	1240	2061	2287	2143	2102	191	2150	1941	1855	2683	1943	2493	1774	2136	1205	1892	2354	1518	2598	3621	2321	2271	1777	1602	1939	2322	2002	1744	1811	2291	1901	2233	2354	2125	2091	2347	2006	558	705	2351	264	2004	2281	2423
1093	2592	3256	2734	1299	1535	1572	1308	1280	3075	877	1637	1126	1541	2250	1425	1157	716	1380	1192	1219	1054	3182	0	2984	1019	2073	1256	1220	2020	1268	2699	2035	1173	1028	1435	1287	1285	2296	873	1773	1277	1280	1758	1589	1019	1674	1038	1403	3115	1090	1912	1089	2153	1342	3154	839	749	1661	2977	1637	1422	1016	2094	1809	1318	2861	1639	857	2021	2097	988	570	1148	972	2057	1423	1236	1265	1233	1039	1341	1093	1183	1002	2094	1815	3120	1199	905	1970	1329	2147	1105	2775	831	1048	1582	1245	1754	911	1300	1875	4801	1977	1137	1067	1145	1220	1601	1175	1063	1117	2057	883	1429	1019	2196	1135	1220	108	1532	1342	1349	1640	1435	1377	995	836	1238	1310	1073	1040	1326	1282	1326	1482	1596	3163	2161	2761	1120	1569	1267	2123	3126	1001	1273	1266	1391	1259	1300	1423	1342	1111	1183	1326	974	1431	1108	995	1265	1352	1450	1265	2046	965	1674	1611	1047	1331	3312	1539	1998	1508	1666	1095	1181	1921	1215	1275	1196	1594	1231	2046	455	1552	1577	1842	852	1091	1142	1271	1997	1980	1509	1920	876	1321	1194	198	920	1144	1315	2895	1199	2068	1636	997	1126	1225	3265	2221	1213	1463	1698	1282	1312	1977	426	2859	1755	2116	1176	1085	1329	1713	1341	1215	1159	1621	1729	1118	1248	1645	1750	1549	1403	3021	1013	1093	1989	1796	2097	1617	973	1146	1080	3154	1039	1397	1394	707	1895	1019	1408	1050	1977	1585	951	1693	1428	1575	1205	1124	1417	1674	1258	1204	1212	1445	1376	1309	1586	1138	951	1229	1124	947	1178	2705	3308	945	3042	1271	982	1027
1939	760	2228	1048	1885	1522	1464	1681	1950	365	2110	1551	1995	1523	1977	1831	1913	2839	2414	1816	1776	1955	260	2984	0	1968	926	1733	1790	963	1982	694	960	1901	2069	1813	1969	1764	742	2175	1258	1963	1964	1291	1831	1968	1367	2632	1906	391	1951	1083	1955	833	1930	171	2175	2555	1405	101	1392	1820	2036	903	1441	2052	476	1684	2158	975	888	2242	2421	1919	2344	944	1827	1891	1984	1751	1946	1922	1953	1862	2220	903	3087	1355	1792	2079	1013	1838	1302	2070	1020	2216	1937	1655	1740	1361	2637	1897	3461	2774	1080	1859	1970	2001	1790	1463	1817	1956	1886	944	2190	1814	1968	823	1997	1763	3057	2428	1930	1637	2078	1813	1892	2022	2185	1747	1848	1962	1957	1860	1739	1851	1535	1460	199	826	2234	2303	1837	1989	1195	490	2080	1956	1783	1903	1788	1897	1827	1930	2031	1862	1839	2067	1820	2185	2022	1789	1927	2401	1985	954	2091	1396	1874	1944	1837	2576	1879	1004	1864	1385	1947	1877	1062	1930	1979	2079	1454	1893	1055	2920	3166	1465	1141	2162	2993	2002	1779	986	1158	1938	1078	2141	2043	2086	3180	2921	2306	1868	1210	1792	923	1469	2231	1945	1907	290	1331	1784	1522	1356	1739	2045	1080	2590	457	1584	869	2856	2055	1840	1339	1702	1930	1842	1474	1327	2031	1804	1458	1383	1554	1906	489	1981	1953	1343	1202	1141	1808	2068	1918	1910	171	1946	1800	1632	2459	1881	2257	1577	1934	1010	1645	2131	1354	2345	3368	2080	2037	1597	1370	1759	2081	1828	1539	1626	2046	1654	2001	2131	1893	1878	2124	1818	306	903	2128	387	1779	2061	2277
202	1645	2637	1851	628	552	632	328	552	2058	142	813	500	562	1691	635	298	1001	1052	204	205	123	2173	1019	1968	0	1054	282	230	1005	570	1701	1016	312	333	633	581	339	1279	288	762	561	566	755	840	0	671	980	793	2098	221	911	228	1135	615	2137	236	726	671	1965	630	621	244	1075	887	699	1849	805	224	1001	1080	538	453	291	761	1038	629	416	567	232	25	605	232	268	525	1075	1789	2283	242	147	955	504	1313	577	1885	314	42	713	228	847	907	644	2042	4018	969	222	207	415	230	616	234	158	133	1038	334	626	0	1177	393	211	1089	1185	615	352	1054	633	746	155	254	221	485	204	76	522	297	513	533	606	2150	1143	2231	735	821	574	1173	2113	306	548	325	653	317	644	629	615	406	268	501	227	634	598	155	330	625	1099	568	1027	262	685	893	51	506	2794	815	979	768	669	225	288	905	554	575	582	599	408	1092	995	1678	581	827	227	1306	413	330	982	993	823	920	215	694	587	1216	1164	761	514	2043	242	1049	747	534	291	417	2252	1405	202	445	699	297	685	969	625	1875	891	1098	1247	401	506	713	373	554	162	726	730	416	316	751	857	680	793	2010	56	232	1065	777	1192	858	225	284	165	2138	25	683	400	583	1312	588	406	47	968	711	321	746	1041	1819	593	434	472	673	360	595	384	429	416	683	718	404	321	405	137	301	248	1686	2367	306	2050	330	229	740
1013	869	2327	1202	1121	602	668	798	1047	1010	1195	877	1180	605	1673	945	988	1918	1563	892	855	1031	1152	2073	926	1054	0	847	866	138	1081	727	39	976	1144	926	1070	839	239	1249	337	1061	1063	378	996	1054	447	1734	1201	1050	1025	311	1028	116	1038	1092	1252	1632	492	938	467	931	1110	22	626	1170	818	844	1234	52	102	1324	1505	993	1549	19	940	973	1082	850	1033	1028	1027	936	1302	22	2292	1660	905	1175	172	930	972	1269	1213	1290	1026	786	829	690	1728	1137	2644	3353	214	976	1044	1082	866	547	933	1031	963	19	1264	926	1054	134	1076	858	2141	1608	1038	746	1281	927	1171	1098	1261	837	937	1036	1037	954	813	944	704	542	1117	117	2114	1404	997	1088	555	1076	1154	1053	858	1019	862	1137	940	1038	1111	936	931	1141	934	1277	1098	863	1037	1564	1083	28	1164	486	1053	1026	929	2602	1035	78	1008	469	1020	951	190	1137	1079	1175	533	974	539	1994	2321	542	259	1239	2098	1083	853	155	359	1091	317	1217	1160	1182	2270	2012	1412	962	1426	905	39	749	1314	1020	989	1215	1059	862	611	441	813	1161	214	1670	947	776	105	1973	1134	932	424	777	1137	920	742	415	1111	878	740	722	808	1201	978	1062	1027	624	278	736	981	1142	993	1018	1093	1033	1061	706	1533	1414	1343	687	1024	227	775	1205	601	1503	2513	1178	1119	754	451	904	1179	986	631	764	1160	787	1081	1205	974	955	1198	937	634	1513	1202	1084	853	1135	1490
401	1367	2382	1568	457	491	349	52	706	1856	410	548	406	506	1464	738	466	1283	1263	292	223	351	1925	1256	1733	282	847	0	293	774	734	1542	807	471	569	729	740	404	1084	566	612	720	724	624	931	282	551	1241	614	1897	424	656	432	912	756	1904	518	1005	577	1722	505	721	486	866	853	870	1663	850	507	794	854	788	711	463	759	834	731	560	733	73	257	744	434	405	771	866	2019	2002	58	353	723	617	1035	501	1602	595	241	747	136	565	1178	476	2293	3738	810	128	424	608	293	539	85	378	295	834	607	723	282	979	588	103	1336	1381	756	101	1190	729	567	414	537	130	604	416	319	643	326	632	250	523	1908	920	1998	968	915	740	1087	1923	552	706	404	781	399	476	731	756	613	405	615	486	733	822	414	414	764	1301	734	823	521	591	993	290	618	2556	922	779	874	562	424	434	677	414	738	777	508	553	813	1274	1932	489	598	509	1579	607	406	749	874	946	663	497	863	784	1450	1442	990	640	1761	58	835	468	782	478	569	2011	1129	234	254	586	326	856	810	889	1609	904	873	1508	618	619	595	394	414	272	447	611	621	410	472	576	409	614	1823	325	434	1012	585	909	941	484	457	176	1904	257	477	363	865	1093	833	160	236	723	741	581	464	1239	2082	787	639	190	557	129	789	207	231	133	854	752	599	581	550	289	563	91	1465	2089	568	1788	406	485	714
155	1541	2660	1782	742	324	588	309	413	1857	354	828	655	333	1755	452	182	1089	975	28	70	167	2007	1220	1790	230	866	293	0	837	441	1483	830	183	318	446	446	122	1080	386	552	426	430	538	653	230	454	989	903	1896	172	776	179	958	463	1957	387	801	446	1796	416	436	256	888	658	576	1640	594	369	815	906	534	650	181	964	849	446	266	439	221	222	451	179	116	515	888	1736	2230	299	377	792	327	1287	745	1811	426	226	496	158	808	943	760	2022	3970	757	334	186	324	0	389	313	165	105	849	408	439	230	982	306	192	1282	1088	463	293	900	446	855	232	395	163	312	178	183	352	67	340	497	381	1978	964	2287	693	636	447	942	1905	313	412	116	490	109	760	446	463	335	116	324	280	449	546	232	125	471	1010	440	838	308	460	712	185	328	2843	638	788	589	448	170	145	739	686	444	489	376	260	999	1134	1665	358	664	374	1341	323	119	817	769	658	786	351	569	496	1418	1220	713	348	1986	299	867	730	526	203	275	2078	1384	60	296	479	67	562	757	807	1739	671	924	1253	346	329	494	144	686	68	708	510	342	118	731	826	685	903	1800	213	179	835	588	1130	667	280	177	316	1958	222	769	175	682	1386	573	319	228	816	493	358	682	948	1825	498	358	455	454	420	500	484	289	396	560	501	316	358	257	98	346	331	1500	2257	351	1904	119	275	934
991	790	2208	1107	1006	614	555	722	1071	1091	1147	746	1079	621	1536	984	978	1914	1611	862	816	998	1170	2020	963	1005	138	774	837	0	1106	849	114	968	1135	965	1097	830	352	1224	367	1086	1088	417	1060	1005	468	1754	1078	1132	1005	178	1009	141	1071	1133	1216	1626	524	961	475	969	1090	140	711	1206	917	910	1200	118	82	1328	1458	983	1446	144	978	981	1107	787	982	1060	1008	922	1306	140	2353	1569	833	1116	51	950	839	1165	1122	1264	973	840	777	555	1737	1022	2696	3279	317	901	1022	1086	837	570	859	1003	928	144	1244	964	1005	255	1078	800	2094	1667	1071	675	1352	966	1050	1067	1228	783	955	1014	997	976	793	966	602	560	1145	150	1982	1427	1058	1113	682	1167	1140	1076	848	1058	852	1022	978	1071	1112	922	951	1118	973	1292	1067	855	1071	1617	1108	137	1144	521	1120	983	950	2476	1093	151	1062	494	1001	940	99	1030	1105	1196	547	980	406	1971	2365	552	178	1204	2118	1087	844	25	468	1147	181	1184	1196	1204	2217	2022	1437	983	1331	833	100	621	1317	1010	996	1246	928	825	559	472	793	1195	317	1629	917	856	101	2001	1134	953	457	769	1030	885	617	453	1114	868	612	588	686	1078	1074	1020	1008	734	265	604	1048	1118	981	949	1133	982	942	693	1517	1276	1352	616	970	90	829	1189	475	1555	2551	1200	1124	658	474	815	1202	892	576	677	1195	842	1084	1189	979	920	1180	861	691	1467	1185	1072	844	1112	1384
368	1877	3089	2153	1173	492	1010	749	35	1969	604	1264	1065	484	2196	168	277	877	543	443	511	446	2223	1268	1982	570	1081	734	441	1106	0	1529	1056	268	280	183	19	345	1240	442	746	20	18	703	324	570	639	653	1337	2004	348	1104	341	1193	74	2138	522	613	589	2008	631	172	349	1104	589	136	1731	378	508	1041	1154	297	765	283	1323	1062	169	174	2	661	580	74	337	330	278	1104	1309	2611	734	688	1072	156	1700	1146	2178	474	595	349	599	1223	656	1191	1617	4347	902	755	363	161	441	536	744	411	463	1062	408	179	570	1163	182	632	1295	648	74	727	485	183	1289	434	509	604	156	366	494	129	422	140	926	545	2180	1196	2727	323	304	7	907	1991	316	31	338	122	342	1191	169	74	183	330	156	389	177	206	434	328	84	573	3	1054	372	595	358	522	157	3281	280	1004	242	614	344	302	1020	1109	6	97	558	180	1366	1021	1271	554	962	512	1017	163	339	1092	836	268	1116	492	128	103	1455	938	331	123	2367	734	1098	1158	286	278	165	2273	1799	500	677	640	422	121	902	849	2021	499	1168	895	203	154	657	387	1109	470	1136	666	174	328	1158	1245	1121	1337	1883	516	337	755	841	1522	351	392	289	718	2140	580	1208	461	575	1827	291	741	600	1116	356	349	1089	509	1450	97	160	891	633	858	99	915	682	833	119	351	172	349	183	465	363	762	1677	2572	362	2165	339	382	1307
