NAME : VRPTW_INSTANCE_80.txt
COMMENT : Bangkok Supermarket
TYPE : VRPTW
DIMENSION : 275
DAYS : Tuesday
EDGE_WEIGHT_TYPE : EXPLICIT
VEHICLES : 36
EDGE_WEIGHT_FORMAT : FULL_MATRIX
CAPACITY : 1000
EDGE_WEIGHT_SECTION
0	411	458	1850	524	196	1031	155	217	91	264	1213	1508	1399	383	1005	503	929	93	1747	879	196	165	737	225	221	242	248	819	325	257	111	1507	133	890	436	128	307	885	1138	1424	1727	210	1183	650	1395	258	182	438	92	264	201	594	1096	374	189	148	401	815	1126	215	423	204	1423	631	367	797	438	149	154	582	911	373	193	2138	404	382	1221	347	358	103	1300	412	863	93	374	1213	649	101	237	1024	437	497	367	379	948	411	390	896	288	1479	34	2191	407	83	2918	244	307	208	295	133	464	598	890	111	264	210	804	154	212	402	183	122	224	193	1235	1066	1746	436	93	1190	492	603	1222	482	255	1089	242	207	2184	428	469	28	1750	228	346	93	957	910	368	135	39	1300	1606	1225	506	881	929	1685	1739	1090	603	525	14	589	196	740	1016	212	308	333	863	1213	170	113	284	1978	214	351	441	63	124	220	300	307	404	1917	494	408	221	877	287	2178	208	1903	379	359	608	92	62	153	517	183	1947	257	388	587	707	1381	264	815	1640	101	133	153	1994	454	152	993	840	328	640	399	1095	1089	193	395	411	406	2673	501	3314	1052	124	25	192	474	1189	369	972	170	60	993	207	218	631	147	264	1085	1300	1067	310	1994	195	1380	492	93	437	239	214	1087	309	418	541	1055	735	1079	124	221	341	1648	488	192	436	814
411	0	500	2130	171	533	652	457	226	357	393	1481	1114	1776	369	1090	148	1224	318	1973	1286	533	350	885	221	561	579	377	1204	85	579	303	1113	291	1187	99	452	149	984	946	1242	1909	202	1463	239	1139	228	339	106	504	393	527	614	1129	74	474	264	167	1057	1400	257	96	210	1755	239	46	388	106	365	564	894	584	591	238	2040	14	569	1175	78	72	513	1570	13	1250	318	74	1481	576	488	575	899	453	147	329	64	1224	12	768	985	146	1271	379	2019	777	328	3085	229	138	235	619	293	739	575	1187	428	393	202	1118	564	621	9	447	423	223	238	1312	1110	1634	343	317	1487	434	591	1389	129	592	1393	634	206	2514	731	483	389	1642	354	83	317	1296	1035	86	464	381	1570	1451	1503	505	902	945	1404	1696	720	591	888	403	389	533	970	1044	621	132	736	1250	1481	350	433	619	2220	346	68	756	350	461	225	650	149	165	2009	797	787	247	1273	533	2153	204	1601	64	544	591	324	350	439	282	447	1945	579	370	590	1055	1326	393	1057	1588	488	496	287	1895	819	563	1285	677	397	335	175	1470	879	543	784	0	10	2754	496	3513	1103	461	413	326	496	1486	86	1074	350	352	1060	225	193	748	288	393	1453	1570	1111	132	1895	435	1733	138	317	326	233	197	1469	445	21	190	1123	468	1117	461	247	389	1300	512	326	407	1201
458	500	0	1655	671	358	1113	327	516	374	194	1011	1534	1421	748	598	649	785	429	1479	1058	358	298	386	521	676	696	212	904	469	714	410	1532	382	752	427	585	366	487	1437	1734	1408	418	1002	657	1640	564	287	422	503	194	345	137	660	536	302	413	629	588	936	547	421	408	1331	560	465	801	422	569	509	512	1080	827	497	1680	486	830	764	509	517	516	1098	512	947	429	536	1011	1011	551	692	1369	48	647	715	531	770	490	531	490	385	1768	460	1741	518	427	2585	551	379	515	357	484	353	143	752	565	194	418	707	509	535	500	632	573	522	497	825	635	1288	766	429	1037	849	146	888	630	708	952	661	409	2075	383	33	468	1292	237	513	429	901	535	542	355	471	1098	1155	1038	59	435	483	1902	1286	1187	146	584	466	867	358	501	577	535	386	710	947	1011	577	567	375	1729	253	500	415	457	365	519	409	366	629	1523	427	544	544	997	742	1730	414	2094	531	805	151	407	453	604	316	632	1505	714	752	128	695	924	194	588	2034	551	392	506	1536	536	540	838	425	136	432	634	1124	1374	378	568	500	490	2274	59	3012	624	365	482	282	24	1036	542	578	577	455	574	498	421	1072	499	194	1094	1098	636	385	1536	639	1336	638	429	194	550	423	1139	152	487	690	638	439	645	365	544	731	1773	31	282	100	903
1850	2130	1655	0	2296	1657	2767	1719	2043	1836	1738	648	3184	834	2233	1220	2273	921	1905	339	1328	1657	1803	1281	2051	1936	1942	1755	1181	2073	1968	1902	3183	1892	960	2074	1937	1981	1260	2989	3273	570	1976	669	2312	3240	2093	1808	2070	1800	1738	1656	1591	1311	2142	1691	1932	2213	1073	730	2055	2066	1964	529	2215	2087	2456	2070	1998	1739	1268	2712	2127	2017	1935	2116	2158	1511	2112	2122	1802	559	2139	1158	1905	2142	648	2493	1864	1941	2866	1703	2269	2218	2141	908	2121	1487	1276	1989	3330	1880	2273	1460	1895	1290	2078	1993	2036	1557	1969	1402	1652	960	1937	1738	1976	1048	1739	1696	2127	1999	1951	2051	2017	1134	1296	1815	2286	1905	661	2341	1634	866	2251	1945	763	1829	1967	540	1426	1682	1878	1803	1780	2114	1905	928	1189	2143	1727	1889	559	1926	628	1676	1432	1419	3522	1551	2840	1634	1347	1864	2432	1657	1160	1358	1696	2000	1757	1158	648	2020	1936	1567	261	1791	2107	1410	1902	1736	2046	1550	1981	2214	1019	1359	1471	2058	1211	2060	1638	1971	3728	2141	2146	1639	1884	1899	1973	1967	1999	1442	1968	2238	1620	1165	1536	1738	1073	3417	1864	1717	1993	1868	1413	1770	857	1828	1734	2066	2215	950	2940	1658	1501	2130	2120	1450	1684	1556	1282	1736	1870	1817	1668	662	2144	1197	2020	1898	1269	2027	1983	2383	1986	1738	920	559	1293	1999	1868	2020	660	2261	1905	1850	2073	1982	1000	1684	2121	2316	1237	2019	1307	1736	2058	2188	3426	1656	1817	1756	1187
524	171	671	2296	0	677	507	602	309	492	558	1648	983	1917	334	1259	23	1386	438	2143	1402	677	502	1056	302	624	639	541	1340	224	632	429	982	427	1349	254	528	315	1154	782	1078	2080	335	1629	202	968	281	493	260	612	558	673	783	1293	158	624	391	138	1224	1566	324	256	345	1912	284	210	305	260	434	678	1051	416	599	331	2171	185	568	1326	188	177	619	1737	159	1384	438	158	1648	465	581	636	751	624	28	300	157	1389	181	905	1154	307	1103	490	2128	917	449	3255	291	303	319	768	393	900	742	1349	508	558	335	1276	678	737	171	503	499	303	331	1479	1275	1765	276	437	1650	355	758	1560	45	650	1554	716	342	2672	888	653	498	1774	516	187	437	1449	1206	160	605	488	1737	1571	1669	674	1066	1109	1233	1843	569	758	1031	514	252	677	1139	1208	737	296	825	1384	1648	413	512	766	2390	506	191	910	461	600	307	794	315	135	2175	955	923	315	1402	562	2301	339	1433	157	547	757	450	462	505	430	503	2098	632	332	758	1205	1474	558	1224	1447	581	631	377	2027	961	670	1448	814	567	444	144	1612	714	684	916	171	181	2918	666	3684	1269	600	519	483	667	1649	159	1244	413	464	1228	318	326	695	381	558	1597	1737	1277	297	2027	485	1884	35	437	493	297	328	1607	612	185	19	1291	581	1281	600	315	376	1141	682	483	578	1336
196	533	358	1657	677	0	1181	76	390	185	208	1017	1648	1243	579	836	654	735	250	1550	772	0	186	559	398	361	378	206	672	456	401	251	1647	249	696	524	307	395	715	1333	1620	1532	341	988	764	1584	438	201	523	180	208	13	477	940	518	70	287	570	619	931	398	512	331	1241	716	487	917	523	346	159	389	1081	545	365	2011	523	561	1089	489	500	189	1104	539	717	250	518	1017	846	245	374	1221	358	648	561	520	752	529	237	729	388	1674	224	2093	243	240	2723	424	402	382	99	312	268	501	696	298	208	341	613	159	177	527	369	311	398	365	1063	908	1628	629	250	998	688	500	1031	631	388	898	315	334	2002	232	381	223	1631	210	489	250	776	733	516	72	233	1104	1509	1030	416	738	785	1871	1596	1245	500	355	210	776	0	545	865	177	406	352	717	1017	367	298	91	1782	209	488	246	245	80	394	117	395	571	1736	298	255	403	745	461	2024	337	2086	520	541	506	232	241	339	539	369	1788	401	584	479	529	1248	208	619	1832	245	64	337	1868	285	194	799	779	267	672	570	937	1282	20	259	533	525	2490	414	3117	892	80	219	215	380	997	517	798	367	241	829	375	350	811	330	208	921	1104	908	407	1868	385	1207	642	250	424	419	348	936	214	534	695	890	735	922	80	403	538	1816	390	215	381	668
1031	652	1113	2767	507	1181	0	1106	814	999	1042	2121	482	2424	763	1652	529	1873	945	2588	1907	1181	1002	1496	807	1107	1119	1028	1847	725	1107	937	481	933	1836	694	1023	800	1564	654	885	2499	840	2106	456	663	781	991	698	1118	1042	1177	1196	1652	663	1125	898	633	1695	2042	825	702	850	2407	564	698	323	698	930	1185	1547	217	1033	838	2351	664	995	1622	693	681	1124	2209	645	1892	945	663	2121	713	1082	1116	753	1065	535	745	661	1869	658	1412	1559	799	860	997	2223	1423	956	3646	792	790	824	1270	899	1390	1141	1836	1006	1042	840	1770	1185	1243	657	987	995	808	838	1853	1642	1957	687	945	2134	717	1159	1985	551	1128	2042	1209	847	3165	1384	1088	1004	1969	1006	693	945	1949	1625	667	1110	994	2209	1731	2145	1098	1440	1475	847	2098	77	1159	1537	1020	543	1181	1608	1570	1243	784	1319	1892	2121	906	1009	1269	2841	999	693	1409	968	1106	812	1299	800	630	2530	1450	1430	817	1909	1022	2550	844	1004	661	980	1156	958	969	996	810	987	2378	1107	759	1167	1707	1747	1042	1695	1393	1082	1138	881	2215	1467	1174	1932	1095	1036	740	637	2118	580	1189	1423	652	661	3245	1090	4096	1641	1106	1025	979	1102	2133	666	1649	906	971	1614	824	831	1022	886	1042	2103	2209	1644	784	2215	967	2385	540	945	919	798	834	2114	1090	656	490	1672	841	1644	1106	817	819	660	1115	979	1013	1843
155	457	327	1719	602	76	1106	0	324	116	151	1076	1572	1319	526	851	579	799	186	1602	846	76	109	581	332	355	375	144	748	381	395	183	1571	177	760	448	280	319	730	1275	1565	1575	267	1050	688	1520	373	125	447	177	151	70	456	945	444	33	215	499	669	990	336	436	257	1311	640	410	841	447	299	185	455	1010	525	298	2000	447	537	1080	414	425	189	1164	463	793	186	444	1076	796	232	370	1170	317	574	505	446	811	453	313	742	312	1615	175	2068	320	177	2766	359	325	317	166	251	319	471	760	266	151	267	680	185	222	451	338	277	332	298	1080	914	1612	571	186	1063	635	473	1068	557	386	963	334	260	2073	293	345	177	1615	141	415	186	847	755	442	28	185	1164	1483	1091	382	734	782	1805	1594	1171	473	430	168	713	76	590	867	222	330	391	793	1076	318	267	163	1837	137	413	312	189	38	327	192	319	501	1762	360	331	339	821	440	2028	263	2017	446	514	478	165	185	308	471	338	1796	395	531	454	602	1239	151	669	1795	232	68	276	1857	361	213	862	737	215	603	500	1013	1222	89	334	457	449	2517	378	3166	899	38	181	140	346	1061	443	816	318	185	840	308	276	786	268	151	996	1164	915	330	1857	351	1281	568	186	362	354	274	1012	175	457	621	902	674	928	38	339	489	1743	358	140	331	745
217	226	516	2043	309	390	814	324	0	207	342	1399	1293	1616	232	1109	289	1123	140	1920	1093	390	249	865	7	335	353	321	1036	146	353	141	1292	154	1084	289	228	197	993	955	1248	1882	99	1374	456	1196	51	250	293	303	342	390	651	1176	169	352	114	184	987	1314	37	277	108	1631	464	193	595	293	139	370	779	695	380	25	2162	225	366	1264	149	159	310	1487	222	1080	140	169	1399	497	273	349	864	478	282	200	176	1135	230	605	1000	169	1295	183	2175	621	150	3070	36	188	10	488	84	642	633	1084	205	342	99	1004	370	428	216	221	199	7	25	1339	1151	1760	256	140	1387	334	644	1367	268	366	1288	414	108	2393	618	512	190	1766	292	146	140	1166	1031	161	318	180	1487	1596	1415	545	951	998	1481	1789	872	644	738	206	389	390	905	1092	428	184	520	1080	1399	124	210	482	2158	277	157	636	154	310	3	505	197	186	2033	685	623	30	1095	313	2239	103	1695	176	340	647	159	157	213	433	221	2018	353	236	635	917	1421	342	987	1519	273	336	67	2017	667	360	1187	814	382	528	182	1312	900	393	612	226	224	2787	538	3480	1140	310	210	246	522	1386	161	1083	124	158	1088	17	99	580	71	342	1301	1487	1152	186	2017	210	1594	279	140	407	34	95	1305	400	240	325	1152	648	1162	310	30	219	1431	539	246	452	1032
91	357	374	1836	492	185	999	116	207	0	180	1192	1469	1425	415	939	470	915	70	1716	929	185	76	679	215	311	332	162	849	276	347	66	1468	66	877	366	211	234	820	1159	1450	1685	158	1166	594	1403	256	91	367	170	180	183	511	1022	335	145	101	384	783	1107	220	353	149	1426	562	311	745	367	200	216	571	896	452	181	2054	349	456	1139	306	317	182	1280	361	894	70	335	1192	685	192	328	1058	350	464	391	338	928	355	413	830	220	1499	86	2101	424	63	2875	242	237	200	282	136	435	512	877	190	180	158	797	216	270	350	258	198	215	181	1169	994	1659	456	71	1179	523	518	1174	447	345	1080	330	152	2188	410	383	94	1664	139	305	71	962	850	332	113	97	1280	1516	1208	420	804	852	1688	1659	1061	518	539	95	596	185	703	941	270	240	413	894	1192	214	193	276	1953	124	306	428	85	107	210	302	234	386	1858	477	431	223	916	367	2101	155	1901	338	432	522	48	81	230	430	258	1872	347	419	503	714	1299	180	783	1693	192	139	162	1909	468	227	979	749	241	556	384	1119	1106	191	427	357	351	2613	414	3279	981	107	112	101	388	1178	332	908	214	82	924	191	167	701	154	180	1105	1280	995	241	1909	266	1393	458	71	346	237	164	1115	230	361	511	987	646	1006	107	223	383	1630	403	101	346	845
264	393	194	1738	558	208	1042	151	342	180	0	1090	1492	1407	570	769	534	831	238	1592	972	208	105	523	347	484	505	20	852	335	522	220	1491	195	794	353	391	244	652	1290	1585	1544	252	1071	600	1513	392	96	351	318	0	196	331	846	405	139	230	484	667	1008	368	343	241	1365	532	349	753	351	377	336	507	974	633	319	1874	380	637	958	375	385	331	1178	402	897	238	405	1090	839	361	500	1205	173	531	541	403	831	385	432	660	251	1626	266	1928	429	235	2730	378	255	338	257	297	347	333	794	370	0	252	728	336	373	389	438	378	349	319	1000	818	1481	598	238	1094	676	338	1027	513	517	1000	480	242	2123	347	204	274	1485	49	377	238	910	689	407	178	277	1178	1342	1110	241	625	672	1787	1479	1111	338	525	272	718	208	582	764	373	262	542	897	1090	387	373	266	1836	64	369	375	264	186	345	301	244	485	1693	410	448	367	934	548	1921	247	1990	403	612	343	215	260	410	333	438	1694	522	575	322	676	1118	0	667	1857	361	219	321	1730	463	361	891	587	65	467	487	1102	1231	227	460	393	383	2447	236	3145	806	186	289	95	209	1093	408	742	387	261	751	324	257	880	313	0	1080	1178	819	261	1730	446	1349	523	238	216	376	258	1108	58	386	577	815	526	830	186	367	547	1693	223	95	180	850
1213	1481	1011	648	1648	1017	2121	1076	1399	1192	1090	0	2545	692	1596	664	1625	293	1262	553	874	1017	1157	650	1407	1318	1328	1107	669	1425	1353	1258	2543	1247	331	1427	1307	1333	665	2350	2638	615	1329	56	1667	2595	1449	1161	1423	1170	1090	1015	958	792	1494	1047	1287	1567	425	87	1413	1419	1318	411	1572	1439	1813	1423	1362	1112	633	2064	1513	1374	1710	1468	1541	1027	1464	1474	1173	88	1491	666	1262	1494	0	1861	1236	1325	2235	1059	1621	1579	1493	265	1473	869	686	1341	2691	1242	1972	840	1253	1761	1435	1345	1393	917	1327	757	1021	331	1305	1090	1329	428	1112	1075	1479	1370	1319	1407	1374	680	766	1468	1646	1262	127	1705	1003	390	1603	1332	185	1218	1320	1078	785	1040	1240	1460	1133	1466	1262	384	593	1496	1086	1250	88	1507	42	1037	847	847	2875	1264	2193	1003	735	1227	1789	1017	513	811	1075	1352	1162	666	0	1383	1305	929	767	1144	1459	772	1262	1095	1403	916	1333	1568	999	719	855	1416	741	1441	1526	1325	3081	1493	1526	1008	1241	1258	1343	1326	1370	1284	1353	1601	987	566	1106	1090	425	2814	1236	1079	1352	1604	794	1146	229	1228	1086	1431	1568	568	2299	1020	890	1481	1471	1680	1044	2118	747	1095	1234	1170	1026	126	1497	625	1383	1258	711	1383	1336	1776	1344	1090	517	88	764	1351	1604	1390	503	1613	1262	1206	1430	1336	623	1036	1473	1668	701	1395	782	1095	1416	1553	2778	1014	1170	1112	675
1508	1114	1534	3184	983	1648	482	1572	1293	1469	1492	2545	0	2891	1243	2018	1004	2313	1420	2980	2386	1648	1465	1903	1285	1589	1601	1481	2318	1193	1589	1409	2	1403	2278	1139	1505	1257	1945	931	1044	2868	1310	2536	892	763	1261	1452	1141	1596	1492	1642	1594	1991	1136	1588	1371	1113	2122	2470	1305	1149	1320	2855	974	1161	739	1141	1411	1662	2000	662	1510	1315	2511	1125	1471	1912	1164	1153	1603	2631	1109	2363	1420	1136	2545	1162	1563	1599	1092	1487	1011	1226	1132	2302	1119	1882	1935	1260	973	1474	2313	1892	1431	3976	1272	1249	1303	1732	1377	1839	1533	2278	1487	1492	1310	2219	1662	1720	1121	1470	1477	1286	1315	2197	1987	2145	1167	1419	2570	1190	1552	2367	1026	1610	2482	1691	1317	3607	1839	1505	1482	2159	1461	1164	1419	2403	2012	1140	1579	1472	2631	1906	2572	1508	1798	1827	766	2334	439	1552	2002	1497	1017	1648	2035	1915	1720	1244	1801	2363	2545	1388	1491	1734	3236	1456	1163	1866	1444	1575	1290	1765	1257	1111	2839	1903	1901	1297	2384	1502	2766	1314	805	1132	1458	1548	1431	1446	1478	1218	1470	2626	1589	1239	1564	2167	2014	1492	2122	1602	1563	1609	1360	2387	1934	1653	2369	1416	1477	1119	1117	2585	877	1658	1896	1114	1122	3518	1501	4442	1990	1575	1503	1439	1518	2569	1140	2024	1388	1447	1975	1302	1302	1473	1364	1492	2567	2631	1989	1243	2387	1449	2842	1015	1419	1340	1278	1305	2584	1536	1115	967	2027	1183	1985	1575	1297	1299	403	1530	1439	1434	2315
1399	1776	1421	834	1917	1243	2424	1319	1616	1425	1407	692	2891	0	1745	1298	1895	691	1480	1014	608	1243	1426	1170	1624	1395	1393	1416	581	1699	1415	1487	2890	1490	710	1757	1439	1634	1258	2473	2730	1188	1583	646	2003	2759	1657	1439	1755	1320	1407	1248	1428	1442	1760	1303	1525	1800	914	687	1613	1746	1573	348	1939	1730	2156	1755	1523	1252	911	2310	1560	1592	2402	1766	1598	1682	1731	1742	1316	680	1782	538	1480	1760	692	1969	1369	1393	2318	1458	1889	1743	1763	744	1772	1012	1283	1630	2805	1433	2661	1000	1469	2125	1644	1642	1607	1159	1532	1074	1491	710	1449	1407	1583	722	1252	1196	1770	1492	1462	1623	1592	1362	1411	2155	1813	1480	569	1841	1476	1080	1872	1390	577	1279	1576	879	1061	1454	1427	2148	1433	1731	1480	528	1195	1757	1313	1437	680	2175	651	1467	1432	1447	3058	1956	2486	1476	888	1411	1975	1243	979	1440	1196	1647	1180	538	692	1548	1447	1157	1085	1437	1730	1032	1461	1318	1619	1126	1634	1802	1635	1003	994	1620	542	1516	2202	1579	3285	1763	1594	1483	1466	1459	1473	1721	1492	1965	1415	1750	1454	731	1780	1407	914	2769	1369	1286	1552	2296	957	1271	670	1759	1434	1848	1798	305	2440	1234	1004	1776	1768	2227	1472	2363	1390	1318	1410	1452	1443	570	1757	1250	1548	1458	1340	1604	1592	1780	1547	1407	327	680	1409	1648	2296	1515	207	1883	1480	1592	1638	1589	312	1372	1776	1935	1347	1857	1429	1318	1620	1690	3047	1438	1452	1508	585
383	369	748	2233	334	579	763	526	232	415	570	1596	1243	1745	0	1340	327	1312	344	2128	1181	579	472	1091	227	359	367	550	1165	325	351	355	1243	377	1273	462	307	413	1223	755	1041	2100	330	1567	532	1020	185	476	468	437	570	582	883	1409	295	558	340	214	1195	1510	202	454	340	1796	589	363	635	468	235	503	965	594	273	252	2384	376	239	1493	300	301	438	1683	359	1207	344	295	1596	270	379	365	643	710	320	39	304	1331	379	758	1230	386	1096	355	2382	780	351	3290	197	401	233	678	279	844	864	1273	300	570	330	1186	503	555	360	252	287	226	252	1570	1383	1980	76	344	1573	109	875	1589	318	374	1471	472	339	2555	811	744	355	1987	522	294	344	1332	1259	283	512	346	1683	1808	1609	777	1183	1230	1316	2018	805	875	898	369	236	579	1117	1325	555	395	579	1207	1596	213	302	667	2361	506	313	824	336	502	229	683	413	217	2264	877	775	204	1208	259	2469	335	1540	304	220	878	367	340	272	634	252	2250	351	5	866	1082	1649	570	1195	1287	379	516	254	2239	828	478	1376	1027	614	704	205	1448	709	576	754	369	374	3018	769	3693	1372	502	363	475	755	1571	282	1313	213	340	1320	249	329	379	261	570	1443	1683	1384	397	2239	230	1745	323	344	631	198	326	1432	628	390	339	1384	836	1394	502	204	57	1318	771	475	682	1160
1005	1090	598	1220	1259	836	1652	851	1109	939	769	664	2018	1298	1340	0	1237	620	1005	970	1206	836	871	283	1114	1197	1215	790	988	1067	1237	989	2016	964	614	1005	1131	963	120	2034	2331	851	1013	687	1205	2224	1158	865	1000	1016	769	825	476	150	1132	817	1000	1226	427	629	1137	1003	1003	1070	1090	1059	1329	1000	1140	990	643	1654	1376	1088	1240	1076	1388	388	1106	1113	1025	729	1102	1015	1005	1132	664	1606	1078	1211	1967	642	1237	1309	1127	558	1079	855	109	983	2361	1019	1415	824	1000	2000	1145	976	1107	766	1066	613	519	614	1116	769	1013	655	990	986	1091	1188	1127	1116	1088	230	115	908	1362	1004	756	1444	502	358	1219	1224	722	1142	1004	1716	673	609	1024	905	818	1111	1004	807	126	1138	874	1030	729	885	704	585	220	199	2474	796	1729	502	797	1017	1465	836	413	147	986	984	1145	1015	664	1153	1118	787	1228	834	1097	688	1024	886	1112	801	963	1226	925	647	854	1135	1092	1290	1197	1009	2653	1127	1365	503	981	1021	1158	849	1188	956	1237	1344	500	761	509	769	427	2627	1078	895	1090	1108	805	1027	628	616	727	914	1232	1070	1969	851	895	1090	1079	1678	593	2443	93	886	1031	865	597	754	1139	52	1153	1021	49	1091	1017	1637	1083	769	1023	729	114	982	1108	1200	1139	1228	1004	765	1143	1019	1111	713	1074	1277	61	835	134	886	1135	1317	2308	580	865	683	991
503	148	649	2273	23	654	529	579	289	470	534	1625	1004	1895	327	1237	0	1363	416	2120	1382	654	479	1033	282	607	623	518	1317	201	617	407	1003	404	1325	235	510	292	1133	802	1098	2057	312	1605	205	991	263	470	241	592	534	650	761	1274	135	601	369	123	1201	1542	305	236	322	1888	278	187	318	241	416	657	1028	439	589	311	2157	162	559	1309	165	154	599	1713	137	1362	416	135	1625	472	562	620	766	602	7	292	134	1366	159	882	1133	283	1124	469	2118	894	427	3233	272	280	299	745	372	876	721	1325	490	534	312	1253	657	716	148	487	481	283	311	1458	1255	1752	273	415	1627	356	737	1537	22	634	1531	698	319	2649	864	631	477	1760	493	164	415	1426	1184	137	582	467	1713	1559	1645	653	1046	1089	1256	1826	591	737	1009	493	263	654	1115	1188	716	273	806	1362	1625	395	494	743	2367	483	168	887	439	577	287	771	292	120	2155	931	901	297	1380	549	2284	316	1456	134	537	737	428	441	488	412	487	2081	617	326	737	1182	1457	534	1201	1461	562	609	356	2014	938	649	1424	799	544	432	131	1589	734	661	894	148	159	2898	644	3662	1248	577	498	459	645	1625	137	1223	395	443	1207	297	303	694	360	534	1575	1713	1256	274	2014	469	1861	11	415	472	278	306	1585	588	163	42	1270	569	1261	577	297	366	1164	661	459	556	1314
929	1224	785	921	1386	735	1873	799	1123	915	831	293	2313	691	1312	620	1363	0	984	846	651	735	887	482	1131	1026	1035	846	430	1162	1060	982	2312	973	39	1179	1018	1075	568	2067	2352	885	1059	256	1425	2319	1172	894	1176	881	831	734	763	769	1230	771	1013	1296	223	206	1134	1170	1048	545	1339	1180	1575	1176	1076	822	346	1801	1220	1097	1808	1211	1248	1008	1199	1210	884	376	1233	441	984	1230	293	1574	946	1033	1948	829	1359	1296	1229	69	1217	576	593	1080	2408	959	2023	547	974	2050	1157	1086	1116	635	1047	486	827	39	1017	831	1059	135	822	783	1221	1081	1031	1131	1097	732	735	1513	1365	984	264	1420	810	506	1341	1038	168	925	1051	1293	505	817	957	1508	870	1201	984	188	508	1230	806	967	376	1505	299	821	740	757	2603	1354	1943	810	442	943	1511	735	298	756	783	1092	869	441	293	1098	1016	645	1060	880	1195	488	980	815	1126	629	1075	1297	1216	438	562	1137	521	1149	1681	1055	2814	1229	1234	817	964	977	1054	1100	1081	1433	1060	1317	791	278	1122	831	223	2521	946	796	1072	1687	501	855	65	1077	837	1217	1297	450	2018	736	597	1224	1215	1932	828	2411	713	815	948	904	804	262	1231	569	1098	976	658	1107	1067	1483	1065	831	402	376	734	1092	1687	1101	564	1351	984	974	1153	1066	493	782	1218	1406	675	1203	754	815	1137	1267	2525	795	904	882	434
93	318	429	1905	438	250	945	186	140	70	238	1262	1420	1480	344	1005	416	984	0	1787	970	250	133	748	148	285	307	218	902	233	317	23	1419	53	945	345	175	217	886	1089	1379	1756	117	1236	557	1335	188	142	347	186	238	250	567	1084	284	216	55	321	853	1177	150	332	111	1491	538	274	705	347	139	246	639	834	402	114	2104	311	402	1193	257	268	195	1350	320	946	0	284	1262	615	182	302	987	400	410	320	288	998	317	468	895	196	1429	63	2141	482	11	2946	173	217	132	349	65	506	562	945	151	238	117	864	246	303	310	209	154	148	114	1235	1056	1707	385	0	1248	453	570	1244	394	320	1148	329	114	2252	479	434	74	1712	192	255	0	1025	918	279	178	68	1350	1557	1277	470	863	911	1620	1715	1006	570	598	86	527	250	774	1002	303	217	424	946	1262	149	155	342	2023	176	259	496	38	170	143	365	217	323	1925	546	486	153	964	319	2159	115	1835	288	376	573	23	37	184	439	209	1933	317	349	556	777	1352	238	853	1625	182	196	91	1959	528	245	1048	783	293	556	321	1175	1036	253	478	318	313	2680	463	3350	1044	170	99	146	441	1246	279	975	149	39	988	125	125	642	83	238	1163	1350	1057	219	1959	212	1454	405	0	372	168	121	1169	292	325	455	1051	658	1068	170	153	313	1570	457	146	388	898
1747	1973	1479	339	2143	1550	2588	1602	1920	1716	1592	553	2980	1014	2128	970	2120	846	1787	0	1389	1550	1671	1092	1927	1867	1877	1611	1203	1927	1902	1780	2978	1765	883	1906	1848	1828	1034	2875	3167	231	1841	598	2133	3106	1970	1673	1901	1712	1592	1546	1393	1036	1996	1571	1805	2077	933	639	1937	1900	1830	667	2026	1933	2269	1901	1896	1657	1176	2557	2062	1894	1596	1959	2088	1215	1967	1976	1716	479	1984	1191	1787	1996	553	2396	1778	1874	2771	1527	2118	2107	1993	808	1963	1419	1045	1840	3215	1773	1934	1389	1778	1209	1956	1841	1914	1451	1852	1283	1450	883	1844	1592	1841	981	1657	1623	1972	1912	1858	1927	1894	844	1028	1483	2172	1787	630	2237	1431	614	2100	1881	724	1769	1832	877	1319	1502	1773	1470	1639	1970	1787	921	967	1999	1615	1782	479	1604	557	1489	1190	1169	3377	1214	2663	1431	1288	1760	2307	1550	1014	1095	1623	1848	1715	1191	553	1916	1844	1465	257	1652	1960	1310	1791	1625	1923	1456	1828	2077	688	1255	1406	1939	1259	1987	1305	1836	3573	1993	2072	1435	1765	1787	1883	1778	1912	1104	1902	2133	1422	1120	1223	1592	933	3364	1778	1614	1878	1529	1345	1692	782	1586	1576	1863	2079	1033	2820	1555	1442	1973	1962	1212	1498	1569	1018	1625	1769	1680	1488	630	2000	958	1916	1787	1017	1902	1847	2326	1870	1592	991	479	1025	1847	1529	1930	811	2109	1787	1671	1952	1847	1089	1535	1961	2163	974	1799	1035	1625	1939	2088	3248	1474	1680	1578	1209
879	1286	1058	1328	1402	772	1907	846	1093	929	972	874	2386	608	1181	1206	1382	651	970	1389	0	772	955	970	1100	822	816	975	223	1202	836	983	2385	994	635	1292	887	1160	1117	1883	2132	1488	1084	819	1524	2178	1125	972	1292	789	972	782	1120	1354	1253	842	1022	1273	782	808	1081	1280	1076	802	1486	1241	1674	1292	979	724	595	1768	970	1071	2437	1278	1009	1577	1227	1238	782	924	1289	211	970	1253	874	1384	825	818	1721	1081	1375	1186	1258	720	1284	540	1142	1149	2210	913	2618	546	959	2586	1114	1165	1083	718	1009	719	1171	635	903	972	1084	562	724	666	1278	932	914	1099	1071	1363	1318	2114	1254	970	767	1269	1162	1158	1361	812	689	709	1079	1482	677	1090	905	2111	982	1225	970	492	1080	1248	831	914	924	2066	853	1115	1248	1281	2479	1985	1962	1162	477	889	1417	772	795	1316	666	1168	602	211	874	1003	899	707	1542	981	1229	645	942	831	1095	671	1160	1276	1860	647	524	1089	133	936	2330	1081	2710	1258	1009	1169	962	941	918	1306	932	2082	836	1186	1138	445	1713	972	782	2161	825	794	1026	2310	522	732	688	1466	1019	1440	1270	378	1855	757	513	1286	1280	2554	1117	2884	1296	831	883	986	1082	767	1248	1153	1003	940	1231	1084	1093	1176	1021	972	408	924	1317	1170	2310	954	691	1371	970	1184	1108	1089	332	957	1290	1419	1267	1487	1337	831	1089	1125	2499	1084	986	1120	219
196	533	358	1657	677	0	1181	76	390	185	208	1017	1648	1243	579	836	654	735	250	1550	772	0	186	559	398	361	378	206	672	456	401	251	1647	249	696	524	307	395	715	1333	1620	1532	341	988	764	1584	438	201	523	180	208	13	477	940	518	70	287	570	619	931	398	512	331	1241	716	487	917	523	346	159	389	1081	545	365	2011	523	561	1089	489	500	189	1104	539	717	250	518	1017	846	245	374	1221	358	648	561	520	752	529	237	729	388	1674	224	2093	243	240	2723	424	402	382	99	312	268	501	696	298	208	341	613	159	177	527	369	311	398	365	1063	908	1628	629	250	998	688	500	1031	631	388	898	315	334	2002	232	381	223	1631	210	489	250	776	733	516	72	233	1104	1509	1030	416	738	785	1871	1596	1245	500	355	210	776	0	545	865	177	406	352	717	1017	367	298	91	1782	209	488	246	245	80	394	117	395	571	1736	298	255	403	745	461	2024	337	2086	520	541	506	232	241	339	539	369	1788	401	584	479	529	1248	208	619	1832	245	64	337	1868	285	194	799	779	267	672	570	937	1282	20	259	533	525	2490	414	3117	892	80	219	215	380	997	517	798	367	241	829	375	350	811	330	208	921	1104	908	407	1868	385	1207	642	250	424	419	348	936	214	534	695	890	735	922	80	403	538	1816	390	215	381	668
165	350	298	1803	502	186	1002	109	249	76	105	1157	1465	1426	472	871	479	887	133	1671	955	186	0	618	256	387	408	86	857	278	423	117	1463	95	849	338	288	209	753	1204	1498	1632	172	1134	578	1438	300	18	337	234	105	178	436	950	344	123	135	410	740	1072	271	326	161	1409	531	304	732	337	272	267	549	914	528	225	1977	339	531	1063	314	324	246	1245	357	903	133	344	1157	742	266	403	1112	273	474	445	345	894	345	423	762	204	1543	162	2025	429	130	2821	286	216	244	268	195	401	435	849	267	105	172	774	267	315	345	334	274	257	225	1102	923	1583	505	133	1151	579	441	1118	457	421	1054	396	163	2170	385	306	171	1587	62	315	133	947	787	344	124	173	1245	1440	1174	343	730	778	1718	1584	1068	441	537	172	635	186	657	869	315	221	472	903	1157	283	270	269	1911	48	311	408	159	125	252	300	209	411	1793	452	441	271	931	443	2027	168	1927	345	506	446	110	155	306	373	334	1799	423	477	426	704	1223	105	740	1757	266	164	219	1833	469	285	949	675	164	503	411	1120	1148	198	444	350	342	2548	337	3230	910	125	188	33	312	1150	344	842	283	156	854	231	180	775	212	105	1102	1245	924	221	1833	341	1383	467	133	277	282	179	1120	158	349	521	918	583	935	125	271	446	1644	327	33	270	854
737	885	386	1281	1056	559	1496	581	865	679	523	650	1903	1170	1091	283	1033	482	748	1092	970	559	618	0	871	920	937	543	765	846	960	735	1901	714	460	814	860	745	166	1811	2107	1025	775	650	1040	2024	915	615	809	740	523	549	309	409	915	548	752	1002	258	584	889	808	764	1011	937	848	1180	809	878	710	381	1466	1103	842	1510	871	1117	612	887	895	748	733	896	798	748	915	650	1361	804	933	1729	435	1031	1063	911	443	875	574	186	760	2146	754	1654	545	742	2208	902	757	861	484	812	331	372	460	848	523	775	461	710	704	884	920	859	872	842	505	374	1157	1121	748	700	1197	353	505	1013	946	631	860	766	1727	390	409	758	1156	572	890	748	646	173	919	603	765	733	1095	682	398	280	311	2288	1072	1571	353	529	750	1239	559	193	353	704	765	862	798	650	894	849	505	1344	587	878	407	763	615	868	519	745	1003	1180	369	575	889	869	1018	1480	770	2481	911	1095	358	725	759	890	688	920	1239	960	1095	339	530	757	523	258	2373	804	620	837	1373	529	748	518	596	494	784	1006	904	1751	573	615	885	874	1935	406	2628	354	615	763	618	395	698	920	240	894	760	287	847	780	1367	829	523	862	733	373	764	1373	933	1045	1023	748	578	899	781	935	465	872	1075	341	745	391	615	889	1062	2157	381	618	485	766
225	221	521	2051	302	398	807	332	7	215	347	1407	1285	1624	227	1114	282	1131	148	1927	1100	398	256	871	0	340	358	327	1044	142	358	148	1284	161	1092	286	234	198	999	948	1242	1888	103	1381	450	1188	44	256	290	310	347	397	655	1181	163	360	121	176	994	1322	38	275	112	1639	460	190	589	290	144	377	786	687	382	33	2164	221	367	1267	144	153	317	1495	217	1088	148	163	1407	492	280	354	857	482	275	194	170	1143	226	613	1005	170	1288	190	2176	629	158	3076	31	189	17	496	92	649	637	1092	212	347	103	1011	377	435	211	225	205	2	33	1344	1156	1762	250	147	1395	329	648	1373	261	370	1295	420	112	2400	625	517	197	1769	298	141	147	1173	1037	154	326	187	1495	1597	1423	550	955	1002	1473	1792	865	648	745	213	381	398	912	1097	435	184	526	1088	1407	128	216	489	2165	283	153	643	162	318	5	513	198	178	2039	692	631	30	1102	316	2243	107	1687	170	340	651	166	164	218	433	225	2022	358	231	639	925	1425	347	994	1514	280	344	74	2019	674	367	1194	815	387	526	174	1320	893	401	620	221	220	2792	542	3486	1145	318	217	253	527	1393	155	1089	128	166	1093	24	102	578	78	347	1308	1495	1157	186	2019	214	1601	272	147	410	29	99	1312	406	236	318	1157	647	1166	318	30	217	1424	544	253	456	1040
221	561	676	1936	624	361	1107	355	335	311	484	1318	1589	1395	359	1197	607	1026	285	1867	822	361	387	920	340	0	21	468	820	478	40	309	1588	338	987	613	112	496	1076	1081	1350	1870	385	1282	790	1364	346	403	616	181	484	371	809	1298	503	386	335	486	953	1231	307	601	383	1472	798	526	924	616	196	215	691	951	195	323	2354	559	222	1435	485	494	171	1402	558	860	285	503	1318	576	124	16	938	657	600	367	510	1058	564	450	1090	472	1417	230	2411	478	280	3057	339	493	325	441	275	613	817	987	137	484	385	893	215	244	551	121	139	338	323	1424	1267	1964	434	286	1276	448	822	1381	589	34	1174	116	386	2223	563	688	219	1968	449	481	286	1014	1093	493	328	220	1402	1826	1325	726	1089	1137	1663	1949	1155	822	588	215	596	361	888	1221	244	491	220	860	1318	214	133	422	2086	435	493	564	247	317	336	420	496	489	2094	619	465	317	854	125	2382	385	1892	510	210	827	298	249	122	724	121	2148	40	364	804	770	1594	484	953	1497	124	302	275	2211	525	178	1091	1061	548	838	480	1103	1045	347	434	561	559	2848	720	3435	1251	317	199	413	693	1275	493	1160	214	247	1190	336	391	461	275	484	1103	1402	1267	493	2211	140	1409	599	286	654	334	386	1084	524	574	637	1251	943	1281	317	317	302	1678	706	413	657	814
242	579	696	1942	639	378	1119	375	353	332	505	1328	1601	1393	367	1215	623	1035	307	1877	816	378	408	937	358	21	0	489	820	497	25	330	1601	359	996	633	132	517	1094	1081	1347	1882	405	1290	807	1366	362	424	636	200	505	389	829	1316	520	405	356	501	966	1240	325	621	404	1475	817	545	940	636	214	230	701	960	185	343	2374	578	215	1455	503	512	189	1411	576	860	307	520	1328	576	144	4	935	678	616	377	528	1068	583	458	1108	492	1416	251	2433	487	302	3069	356	513	344	456	295	627	838	996	158	505	405	901	230	254	570	136	159	356	343	1441	1285	1984	442	307	1284	452	842	1395	605	13	1181	116	407	2225	577	709	241	1988	470	499	307	1019	1110	510	348	242	1411	1847	1333	746	1109	1156	1666	1968	1166	842	595	237	604	378	902	1240	254	512	214	860	1328	231	154	437	2095	456	511	577	268	336	354	434	517	504	2109	632	472	334	852	123	2401	406	1895	528	205	847	319	270	140	745	136	2166	25	372	825	777	1614	505	966	1487	144	320	294	2231	533	192	1099	1082	569	859	495	1103	1046	364	440	579	578	2863	741	3445	1269	336	220	434	713	1283	511	1177	231	268	1208	355	412	450	295	505	1104	1411	1286	514	2231	154	1411	614	307	676	351	407	1082	544	593	651	1268	965	1299	336	334	310	1685	727	434	678	815
248	377	212	1755	541	206	1028	144	321	162	20	1107	1481	1416	550	790	518	846	218	1611	975	206	86	543	327	468	489	0	859	318	506	200	1479	175	809	342	373	229	673	1270	1565	1564	232	1087	589	1495	372	76	339	305	20	195	350	866	387	136	210	465	684	1024	347	331	221	1378	524	333	742	339	357	326	519	957	614	299	1891	365	618	977	357	367	318	1195	386	904	218	387	1107	819	345	485	1185	189	514	521	386	848	370	435	680	234	1607	248	1943	434	216	2750	358	239	318	262	277	361	350	809	353	20	232	741	326	366	374	420	360	328	299	1020	838	1498	578	218	1110	655	356	1047	496	502	1015	468	222	2137	358	221	256	1502	28	360	218	922	709	389	169	259	1195	1358	1127	258	644	692	1769	1498	1097	356	532	255	698	206	599	783	366	246	533	904	1107	368	355	270	1854	44	352	385	245	176	324	305	229	466	1713	422	451	346	939	529	1941	227	1973	386	593	360	196	241	392	332	420	1714	506	554	340	687	1136	20	684	1837	345	211	300	1747	468	351	907	599	80	466	468	1111	1212	224	462	377	368	2467	252	3165	826	176	272	75	226	1108	390	763	368	242	771	303	237	861	293	20	1090	1195	839	245	1747	427	1361	506	218	219	355	238	1116	78	372	561	835	530	850	176	346	527	1678	241	75	191	856
819	1204	904	1181	1340	672	1847	748	1036	849	852	669	2318	581	1165	988	1317	430	902	1203	223	672	857	765	1044	820	820	859	0	1125	843	910	2317	915	412	1194	859	1067	904	1901	2166	1285	1008	616	1436	2183	1076	872	1193	739	852	679	947	1138	1184	736	948	1220	563	598	1032	1182	998	675	1382	1158	1589	1193	942	670	406	1729	994	1012	2216	1195	1030	1365	1155	1166	735	728	1209	45	902	1184	669	1396	788	820	1753	934	1312	1162	1187	498	1201	436	930	1060	2236	853	2403	428	891	2409	1063	1074	1027	596	952	552	1003	412	868	852	1008	339	670	614	1198	913	881	1043	1012	1141	1102	1897	1233	902	573	1263	991	936	1295	818	485	704	1001	1408	522	937	847	1894	872	1154	902	285	863	1180	740	857	728	1857	653	958	1045	1075	2480	1763	1908	991	327	831	1394	672	583	1104	614	1078	611	45	669	966	866	591	1376	874	1155	490	881	743	1039	557	1067	1222	1643	477	417	1039	104	943	2107	1004	2706	1187	1024	999	889	879	893	1180	913	1859	843	1170	968	235	1498	852	563	2249	788	709	972	2089	390	689	470	1293	889	1312	1218	283	1865	661	424	1204	1197	2347	961	2730	1080	743	829	886	928	573	1180	936	966	878	1016	1025	1016	1230	966	852	285	728	1101	1079	2089	935	593	1306	902	1053	1057	1014	268	825	1205	1357	1049	1342	1121	743	1039	1111	2466	927	886	978	5
325	85	469	2073	224	456	725	381	146	276	335	1425	1193	1699	325	1067	201	1162	233	1927	1202	456	278	846	142	478	497	318	1125	0	498	219	1192	210	1124	145	369	103	957	968	1265	1871	118	1405	324	1179	159	268	150	418	335	451	593	1117	69	400	180	160	1003	1342	180	135	127	1687	319	47	472	150	284	479	826	639	522	154	2061	81	504	1180	40	49	427	1514	86	1170	233	69	1425	561	403	493	904	424	197	286	67	1165	87	689	960	86	1300	293	2056	699	243	3053	157	90	154	545	208	675	563	1124	344	335	118	1052	479	537	77	367	340	144	154	1292	1095	1657	317	232	1426	407	577	1352	179	510	1330	548	123	2448	663	457	303	1664	292	44	232	1226	1003	72	386	295	1514	1482	1445	484	889	934	1451	1704	790	577	811	318	398	456	918	1032	537	82	650	1170	1425	270	349	544	2172	282	33	686	264	382	146	573	103	159	1990	730	707	171	1192	458	2159	121	1655	67	478	578	240	264	357	308	367	1945	498	328	572	982	1334	335	1003	1583	403	415	203	1916	742	478	1223	701	352	388	165	1394	905	465	703	85	81	2739	475	3475	1087	382	327	258	469	1424	73	1047	270	266	1040	142	109	699	203	335	1377	1514	1097	84	1916	356	1661	189	232	317	160	112	1391	391	96	244	1104	514	1104	382	171	335	1365	486	258	385	1121
257	579	714	1968	632	401	1107	395	353	347	522	1353	1589	1415	351	1237	617	1060	317	1902	836	401	423	960	358	40	25	506	843	498	0	340	1589	370	1022	637	141	523	1117	1058	1324	1907	411	1316	804	1345	359	439	640	221	522	411	848	1338	518	426	364	494	991	1266	323	625	410	1500	818	546	934	640	214	254	727	945	160	344	2393	578	190	1474	502	510	212	1436	575	882	317	518	1353	553	163	28	911	695	609	363	526	1093	584	484	1131	498	1393	264	2448	513	312	3095	353	519	344	480	300	652	855	1022	166	522	411	927	254	280	569	132	165	356	344	1464	1307	2002	427	317	1309	433	860	1420	600	24	1206	140	413	2249	602	726	254	2006	486	498	317	1044	1134	508	368	254	1436	1863	1359	764	1129	1177	1645	1989	1153	860	621	251	587	401	927	1261	280	517	235	882	1353	229	162	461	2120	471	511	602	279	357	354	459	523	497	2133	657	498	332	873	100	2422	411	1875	526	181	865	331	281	142	754	132	2188	0	356	843	802	1634	522	991	1461	163	342	297	2250	559	216	1125	1096	586	866	487	1126	1025	387	466	579	578	2887	758	3471	1291	357	235	448	731	1308	508	1200	229	279	1230	356	417	424	299	522	1127	1436	1307	519	2250	147	1434	608	317	688	348	412	1105	563	594	644	1291	973	1321	357	332	294	1668	744	448	693	838
111	303	410	1902	429	251	937	183	141	66	220	1258	1409	1487	355	989	407	982	23	1780	983	251	117	735	148	309	330	200	910	219	340	0	1408	30	943	325	199	196	871	1095	1387	1746	101	1233	542	1337	191	124	327	203	220	250	548	1066	273	211	39	318	847	1173	156	312	93	1493	520	259	691	327	159	261	638	830	424	115	2082	296	423	1172	245	256	214	1346	305	955	23	273	1258	626	204	325	997	380	401	329	277	994	302	475	879	177	1435	84	2118	488	29	2936	176	196	134	348	77	501	541	943	174	220	101	863	261	318	295	231	178	149	115	1219	1039	1685	392	22	1246	463	549	1233	385	343	1147	350	97	2254	476	413	95	1690	173	244	22	1028	905	269	179	90	1346	1535	1274	449	844	892	1621	1695	998	549	603	106	530	251	766	984	318	197	444	955	1258	167	178	343	2018	157	247	495	62	172	144	367	196	320	1911	544	493	158	974	342	2140	98	1834	277	397	553	21	59	207	416	231	1914	340	360	536	780	1332	220	847	1639	204	201	101	1938	532	263	1045	760	273	534	318	1182	1041	256	486	303	297	2666	443	3342	1027	172	120	127	421	1245	270	960	167	62	972	125	110	662	94	220	1169	1346	1040	199	1938	234	1458	396	22	349	172	106	1177	276	309	447	1035	635	1051	172	158	328	1565	437	127	366	906
1507	1113	1532	3183	982	1647	481	1571	1292	1468	1491	2543	2	2890	1243	2016	1003	2312	1419	2978	2385	1647	1463	1901	1284	1588	1601	1479	2317	1192	1589	1408	0	1402	2276	1137	1504	1256	1943	932	1046	2866	1309	2534	890	764	1260	1451	1140	1595	1491	1641	1592	1989	1135	1587	1369	1112	2120	2468	1304	1148	1319	2853	972	1160	738	1140	1410	1661	1998	662	1509	1314	2509	1124	1471	1910	1163	1152	1602	2630	1108	2362	1419	1135	2543	1162	1562	1598	1092	1486	1010	1226	1131	2301	1118	1881	1933	1259	974	1473	2310	1891	1430	3974	1271	1247	1302	1731	1376	1837	1532	2276	1486	1491	1309	2217	1661	1719	1120	1469	1476	1285	1314	2195	1985	2143	1166	1418	2569	1189	1550	2365	1025	1609	2480	1691	1316	3605	1838	1503	1481	2157	1460	1163	1418	2402	2010	1139	1578	1471	2630	1903	2570	1506	1797	1825	768	2332	439	1550	2001	1496	1016	1647	2033	1913	1719	1242	1800	2362	2543	1387	1490	1732	3234	1454	1162	1865	1443	1574	1289	1763	1256	1110	2837	1902	1899	1296	2383	1502	2764	1313	807	1131	1457	1546	1430	1445	1477	1217	1469	2624	1589	1239	1563	2165	2011	1491	2120	1603	1562	1608	1359	2385	1932	1652	2368	1414	1476	1117	1116	2584	878	1657	1895	1113	1121	3516	1499	4440	1988	1574	1502	1438	1517	2567	1139	2022	1387	1446	1973	1301	1301	1473	1363	1491	2566	2630	1987	1242	2385	1449	2841	1014	1418	1339	1277	1303	2583	1534	1114	966	2025	1181	1983	1574	1296	1299	405	1528	1438	1432	2314
