NAME : VRPTW_INSTANCE_103.txt
COMMENT : Bangkok Supermarket
TYPE : VRPTW
DIMENSION : 328
DAYS : Thursday
EDGE_WEIGHT_TYPE : EXPLICIT
VEHICLES : 39
EDGE_WEIGHT_FORMAT : FULL_MATRIX
CAPACITY : 1000
EDGE_WEIGHT_SECTION
0	404	1679	97	719	353	781	112	418	203	2576	1119	194	441	106	1867	887	528	583	529	582	622	231	637	482	402	2313	538	1805	910	177	201	189	2238	412	683	975	2715	1747	412	1231	348	225	1882	885	1727	599	614	464	213	503	526	503	348	1954	412	371	500	189	2114	678	1627	403	124	1198	390	412	1010	418	135	488	309	359	825	2004	235	1049	404	394	495	190	1891	202	97	406	310	201	362	435	373	517	491	363	83	1112	640	426	300	63	609	415	639	170	1627	153	677	221	1221	350	314	650	291	527	2115	152	948	1121	950	1973	815	130	30	938	217	359	1151	1393	1605	994	366	1213	240	331	85	815	1089	761	403	2077	1806	2055	474	103	524	529	763	201	895	195	97	213	1410	3705	517	3456	1115	735	153	716	769	172	348	258	383	1727	418	288	119	600	145	213	437	162	858	535	1014	614	694	411	1593	410	638	205	264	891	685	215	3296	976	367	221	364	368	1010	358	1126	402	155	611	741	1347	580	385	486	855	214	549	211	1010	399	103	309	1107	2065	409	288	975	559	205	1011	212	412	367	76	193	315	17	201	865	191	465	204	202	330	379	85	489	153	1992	1052	652	305	404	349	1311	825	523	735	248	492	46	395	1009	174	584	203	135	190	211	474	254	21	1683	288	1606	408	394	540	409	350	766	328	215	300	948	86	284	204	640	133	891	1274	532	379	1909	1946	499	2004	135	300	482	202	1522	203	645	1221	1426	113	831	584	567	2033	441	815	1073	1814	1284	314	1307	315	670	1200	236	1980	4061	345	355	307	201	636	1739	548	1052	523	959	88	409	581
404	0	2081	336	367	669	685	487	778	574	2238	1082	549	772	479	1828	1208	781	661	790	229	970	628	704	873	802	1958	796	1696	714	437	251	387	2226	782	1003	600	2436	2149	64	1087	732	626	2240	686	1685	628	1000	230	464	879	914	104	728	2261	64	42	899	260	2376	1074	1363	803	476	1588	791	64	911	778	538	553	121	45	1225	1973	558	846	26	775	576	548	1734	253	458	769	651	251	412	259	762	172	880	745	469	1498	899	789	132	464	457	22	931	565	1591	341	849	366	1154	746	710	1008	600	835	2277	303	792	740	1323	1630	505	494	434	579	618	45	783	1794	1326	817	753	848	640	709	343	505	704	397	771	1688	1469	2450	816	505	918	782	939	602	569	554	458	586	1727	3328	766	3089	988	342	341	426	380	445	728	194	768	1412	778	633	478	1004	501	615	772	489	656	795	915	958	1020	777	1406	25	1017	577	433	881	972	467	2943	794	755	366	751	766	911	683	826	771	558	907	1013	1118	961	26	876	1226	586	902	203	911	800	505	645	887	2006	258	691	600	901	577	866	229	768	626	369	233	661	420	251	500	549	609	457	568	110	761	343	563	341	1648	910	682	646	26	665	1181	507	774	884	437	568	374	60	610	436	660	574	312	548	461	816	484	402	1303	633	1613	20	796	800	813	732	1158	478	467	286	589	342	167	572	899	535	881	1068	903	761	1525	1552	890	1943	312	132	108	253	1813	484	1027	1154	1061	473	818	633	893	1645	148	505	917	1703	934	660	1098	661	867	835	475	2380	3678	727	670	646	602	504	1706	792	910	845	634	444	742	651
1679	2081	0	1747	2345	1475	2223	1616	1411	1548	4166	2342	1544	1468	1623	2873	1125	1609	1911	1592	2254	1319	1471	1940	1266	1302	3935	1597	2994	2429	1712	1865	1768	3093	1388	1385	2643	4182	86	2091	2607	1402	1467	773	2413	2775	1981	1100	2114	1660	1228	1238	2175	1411	1208	2091	2050	1215	1853	1571	1078	3135	1301	1611	554	1311	2091	2375	1411	1549	1906	1987	2036	923	2960	1555	2546	2079	1370	1889	1545	3170	1844	1626	1409	1525	1865	1894	2070	1365	2166	1265	1393	1625	656	1572	1395	1978	1622	2170	2094	1487	1516	2686	1783	1767	1807	2466	1337	1371	1267	1532	1372	2072	1788	2410	2791	1031	3585	2449	1591	1649	2548	1475	2036	2813	295	3136	2470	1377	2870	1456	1429	1739	2449	2762	2392	1400	3748	3413	762	1333	1577	1218	1609	1766	1490	2472	1539	1626	1536	1009	5351	1621	5086	2491	2414	1783	2349	2424	1701	1411	1928	1323	3305	1411	1532	1608	1095	1588	1478	1460	1607	2393	1593	2378	1340	1218	1399	2974	2085	1097	1544	1782	2166	1490	1658	4900	2463	1376	1807	1380	1315	2375	1456	2636	1400	1529	1484	1355	2831	1148	2063	1266	1094	1537	1247	1889	2375	1303	1577	1536	2615	3083	2043	1402	2643	1373	1544	2443	1865	1426	1560	1714	1867	1512	1662	1865	2530	1543	1803	1664	1523	2008	1379	1739	1896	1783	3604	2468	1998	1528	2079	1478	2645	2464	1614	1820	1765	1893	1707	2064	2689	1712	1914	1548	1794	1545	1711	1333	1661	1679	3348	1532	2565	2083	1305	1591	1278	1406	941	1795	1658	1881	2608	1740	1957	1552	1572	1553	2166	2735	1298	1379	3576	3622	1252	3041	1794	1978	2147	1844	1171	1677	1082	2466	3078	1612	2137	1951	1301	3703	2111	2449	2504	3005	2854	1513	2769	1512	1714	2857	1661	601	5717	1409	1474	1530	1490	2171	2762	1625	2468	1341	2526	1639	1483	1922
97	336	1747	0	629	355	806	208	515	300	2546	1162	216	537	202	1915	900	617	640	619	536	719	323	693	574	489	2276	628	1838	915	250	191	242	2293	509	779	926	2705	1813	356	1252	443	314	1916	888	1774	646	664	440	171	545	618	428	444	1966	356	309	587	182	2110	767	1620	490	141	1252	476	356	1039	515	224	538	262	291	911	2054	236	1054	331	489	549	214	1913	108	122	503	406	191	398	422	467	430	584	458	180	1163	731	522	255	158	615	351	733	231	1675	189	755	263	1259	410	375	747	287	530	2081	55	963	1070	1045	1940	787	158	120	847	307	291	1106	1458	1593	1004	460	1169	330	427	11	787	1036	672	500	2023	1775	2143	494	178	615	617	842	290	801	220	122	310	1424	3658	605	3414	1139	677	189	692	686	248	444	231	432	1704	515	384	142	681	166	302	533	161	860	625	1043	712	708	508	1607	337	683	302	322	937	779	174	3261	985	461	263	459	431	1039	366	1030	499	243	706	732	1348	626	320	578	951	311	576	171	1039	486	178	404	1108	2110	400	373	926	656	302	1029	122	510	343	33	168	412	105	191	820	215	532	161	233	283	474	11	541	189	1959	1071	701	401	331	351	1336	795	611	809	309	545	51	317	946	247	640	300	152	214	285	494	208	82	1633	384	1662	336	480	630	491	446	821	387	174	204	906	10	250	301	731	223	937	1280	628	474	1857	1888	591	2048	152	255	402	108	1526	285	692	1259	1383	136	875	635	579	1979	401	787	1090	1847	1191	410	1313	412	752	1157	192	2065	4010	441	357	403	290	648	1788	636	1071	533	864	108	506	636
719	367	2345	629	0	873	980	820	1125	912	2194	1377	806	1128	813	2098	1359	1148	1016	1157	437	1323	950	1055	1202	1118	1889	1163	1922	940	794	611	748	2503	1125	1364	593	2478	2405	412	1315	1066	943	2402	912	1956	974	1244	550	684	1116	1245	272	1065	2355	412	409	1216	618	2415	1397	1460	1119	747	1821	1106	412	1183	1125	853	911	488	397	1539	2243	790	1049	350	1111	935	806	1921	521	739	1115	1002	611	776	597	1093	206	1211	1081	797	1724	1266	1135	498	783	756	373	1296	853	1868	697	1213	731	1429	1020	988	1358	813	1007	2215	578	1038	687	1667	1594	653	768	747	219	936	397	756	2050	1407	1046	1085	821	958	1047	640	653	643	48	1115	1540	1453	2772	1021	807	1243	1149	1303	919	204	812	739	924	1847	3190	1133	2976	1237	369	697	622	128	801	1065	559	1024	1435	1125	982	752	1307	768	931	1127	743	886	1162	1187	1313	1189	1121	1581	346	1250	915	799	1198	1337	686	2862	1021	1086	731	1083	1043	1183	891	465	1114	872	1272	1130	1270	1198	393	1205	1571	924	1110	554	1183	1115	807	997	1070	2259	605	1003	593	1256	915	1112	507	1117	798	660	587	1011	731	611	551	808	974	681	828	477	1096	640	922	697	1611	1154	1025	997	350	870	1413	642	1141	1245	802	927	678	342	493	792	1015	912	662	806	821	1021	684	710	1194	982	1912	351	1109	1167	1119	1067	1404	846	686	464	626	638	533	912	1266	851	1198	1248	1246	1096	1395	1387	1219	2195	662	498	259	521	1900	841	1264	1429	1012	749	1139	984	1075	1500	474	653	1151	1928	571	1010	1271	1011	1233	811	684	2692	3522	1063	874	998	919	804	1982	1159	1154	1029	269	727	1097	1005
353	669	1475	355	873	0	1133	395	566	427	2899	1458	160	628	395	2198	545	778	913	773	885	741	364	967	525	421	2625	783	2152	1262	511	541	538	2557	540	836	1269	3060	1533	702	1584	464	341	1570	1236	2060	940	376	796	204	248	565	744	475	1610	702	651	492	530	1762	656	1974	421	229	947	408	702	1360	566	320	829	615	626	758	2331	119	1400	657	499	832	165	2243	415	255	549	527	541	712	776	462	709	538	477	373	851	868	563	609	343	960	688	835	231	1959	506	962	573	1565	232	224	745	69	175	1778	369	1301	1410	973	2292	1142	223	335	1073	340	626	1451	1179	1948	1346	464	1516	351	469	354	1142	1373	922	539	2353	2129	1964	149	285	542	779	1037	334	998	161	255	426	1068	3996	773	3758	1467	1010	506	1047	963	503	475	586	194	2059	566	508	233	524	207	337	619	196	1208	779	1364	744	353	547	1946	663	377	425	607	1230	880	202	3610	1329	464	573	465	253	1360	19	1177	537	316	807	388	1697	327	659	531	894	428	238	527	1360	416	285	533	1457	2400	752	343	1269	701	425	1364	440	570	98	329	522	523	337	541	1166	165	786	212	160	635	486	354	828	506	2311	1405	990	524	657	4	1662	1150	776	1026	588	830	345	633	1269	509	915	427	484	165	539	149	192	336	1971	508	1925	663	406	782	385	472	534	665	202	417	1254	355	606	432	868	327	1230	1626	623	486	2192	2212	537	2340	484	609	704	415	1172	518	392	1565	1729	239	1171	922	225	2310	755	1142	1426	2161	1383	523	1659	523	941	1503	197	1865	4344	469	2	528	334	989	2070	803	1405	178	1053	267	605	914
781	685	2223	806	980	1133	0	752	824	765	1945	399	972	759	749	1143	1650	616	312	633	543	907	855	290	977	979	1733	629	1034	220	628	617	595	1540	852	861	683	1986	2303	620	451	864	871	2585	216	1000	241	1315	455	976	1236	997	733	852	2711	620	658	1041	624	2890	1148	915	979	905	1843	976	620	234	824	836	332	622	691	1300	1287	1016	323	711	881	342	968	1110	815	878	830	733	617	420	430	899	838	975	868	766	1778	677	840	620	793	228	665	756	919	906	628	498	559	470	1061	1030	960	1072	1305	2887	824	188	795	1247	1381	434	909	797	1138	866	691	768	1973	913	247	887	797	874	838	802	434	795	985	841	1645	1210	2376	1242	853	1022	616	547	860	1177	972	878	773	2167	3159	603	2879	334	666	628	393	915	638	852	599	1116	1088	824	735	900	1165	926	866	768	942	210	633	238	887	1460	840	819	710	1352	768	532	233	769	979	2681	240	889	559	884	1069	234	1137	1434	842	849	752	1521	613	1298	667	976	1160	771	1305	660	234	980	853	722	392	1325	440	923	683	850	768	236	794	809	1144	820	646	746	795	617	595	968	425	966	976	613	877	802	339	628	1400	274	228	731	711	1129	531	456	610	474	552	340	796	743	843	630	309	765	656	968	607	1242	1014	799	1246	735	934	705	983	635	1022	857	1439	484	979	911	613	801	598	760	677	829	233	523	926	877	1468	1558	988	1262	656	620	773	815	2291	636	1352	470	961	894	187	272	1337	1600	537	434	300	1042	1461	744	557	746	548	787	998	2351	3534	856	1135	728	860	181	1021	603	274	1297	1235	869	748	300
112	487	1616	208	820	395	752	0	308	93	2601	1063	237	329	7	1803	898	424	518	424	638	511	145	572	386	318	2346	433	1759	904	123	250	166	2166	305	571	1027	2715	1687	482	1202	246	148	1863	881	1665	547	585	501	304	489	428	589	244	1962	482	449	414	238	2139	587	1629	319	193	1155	308	482	973	308	85	436	378	444	739	1937	292	1040	491	291	438	233	1857	312	172	296	198	250	335	461	276	616	394	261	30	1076	532	317	368	63	607	494	528	168	1564	167	585	207	1171	319	285	541	345	559	2172	264	929	1174	846	2002	846	186	96	1039	141	444	1199	1336	1611	979	267	1258	160	226	197	846	1146	860	295	2132	1833	1963	490	109	431	424	667	128	1001	235	172	104	1417	3748	414	3494	1083	802	167	746	862	113	244	313	368	1745	308	175	185	524	203	138	325	233	855	429	977	503	708	302	1571	497	615	95	219	835	574	305	3326	963	268	207	265	332	973	395	1236	294	100	500	779	1340	559	464	389	750	104	553	283	973	317	109	197	1102	2005	434	214	1027	447	95	987	319	302	433	187	256	203	108	250	914	232	392	295	234	397	276	197	434	167	2022	1026	596	193	491	391	1277	859	419	646	199	436	158	487	1078	121	520	93	179	233	146	490	343	130	1734	175	1533	494	314	434	337	247	728	272	305	412	994	198	343	93	532	78	835	1261	425	276	1961	2006	403	1945	179	368	575	312	1539	123	619	1171	1469	181	777	528	586	2087	495	846	1051	1768	1388	202	1295	203	573	1245	326	1893	4108	242	397	195	128	626	1675	445	1026	548	1066	171	297	519
418	778	1411	515	1125	566	824	308	0	215	2756	1035	456	78	315	1723	931	259	521	246	890	203	216	561	153	189	2524	256	1737	1021	343	527	398	2053	33	277	1262	2809	1489	761	1244	101	236	1773	1004	1593	584	544	733	570	512	173	882	91	1943	761	737	221	517	2167	334	1739	189	455	1021	194	761	1007	0	307	497	660	738	492	1846	512	1144	786	77	483	452	1869	620	446	16	128	527	488	683	113	919	151	89	335	962	314	15	649	358	759	782	270	365	1493	436	458	430	1155	362	352	233	548	679	2289	571	1013	1407	545	2173	1048	439	396	1344	240	738	1420	1151	1734	1071	106	1473	222	99	503	1048	1385	1163	28	2356	2001	1681	586	363	197	259	512	253	1309	450	446	205	1409	3942	261	3675	1124	1065	436	949	1158	334	91	589	424	1895	0	145	448	343	452	244	68	488	983	251	1010	197	767	21	1620	791	588	213	386	820	314	570	3490	1062	107	430	104	353	1007	556	1544	30	294	242	891	1437	546	753	151	448	204	608	575	1007	192	363	136	1212	1933	656	222	1262	144	213	1055	627	14	642	491	544	117	411	527	1147	450	399	564	438	677	85	503	488	436	2193	1086	612	133	786	564	1301	1064	259	525	372	486	464	787	1339	344	524	215	466	452	327	586	603	433	1953	145	1430	788	201	252	241	93	636	387	570	717	1217	504	618	215	314	304	820	1346	127	85	2182	2240	164	1877	466	649	874	620	1557	298	582	1155	1676	446	776	554	674	2311	753	1048	1118	1747	1695	118	1381	117	421	1460	589	1623	4310	96	567	133	253	759	1596	283	1086	652	1374	451	77	530
203	574	1548	300	912	427	765	93	215	0	2649	1049	283	240	99	1777	893	357	503	354	712	419	90	555	300	245	2400	364	1751	934	164	329	220	2132	212	481	1097	2744	1621	565	1210	158	106	1827	912	1641	544	551	566	375	472	340	677	154	1947	565	535	335	318	2139	502	1660	246	259	1104	237	565	977	215	113	437	461	532	657	1909	341	1067	580	201	433	278	1860	404	244	203	113	329	364	522	190	707	307	171	120	1029	458	223	451	145	644	580	445	196	1540	241	535	259	1162	297	268	448	389	577	2200	356	948	1244	754	2054	904	247	182	1131	102	532	1264	1272	1647	1001	180	1322	109	135	288	904	1217	952	202	2200	1884	1876	497	165	347	358	611	100	1094	279	244	12	1403	3808	350	3550	1090	880	241	803	951	153	154	393	355	1790	215	91	251	453	263	103	236	297	888	360	981	411	709	209	1584	585	587	3	246	822	492	376	3377	988	182	259	178	304	977	423	1329	201	111	417	798	1367	533	551	303	658	12	549	370	977	244	165	115	1131	1982	494	160	1097	356	3	1002	412	209	482	277	341	115	197	329	983	277	371	368	272	480	187	288	432	241	2073	1038	588	108	580	424	1280	918	353	599	226	433	249	577	1156	164	505	0	262	278	168	497	412	219	1800	91	1500	582	243	364	274	157	683	281	376	503	1059	289	423	5	458	107	822	1283	333	187	2028	2077	317	1923	262	451	665	404	1534	135	587	1162	1530	248	768	521	594	2155	570	904	1066	1760	1481	114	1318	115	515	1309	396	1808	4171	153	429	111	100	658	1649	380	1038	560	1159	247	210	507
2576	2238	4166	2546	2194	2899	1945	2601	2756	2649	0	1929	2761	2698	2596	1909	3444	2561	2258	2579	2014	2853	2735	2233	2906	2887	325	2574	1583	1736	2487	2375	2436	2148	2781	2803	1644	596	4245	2198	1619	2778	2745	4459	1752	1875	2185	3185	2112	2698	3080	2930	2183	2768	4499	2198	2250	2963	2387	4598	3087	1054	2888	2684	3753	2882	2198	1824	2756	2682	2259	2284	2278	3242	1975	2782	1622	2254	2804	2276	2758	1354	2487	2660	2759	2650	2375	2286	2143	2815	2255	2906	2785	2602	3677	2616	2772	2291	2617	2005	2217	2698	2745	1892	2438	2427	2394	1824	2919	2883	2906	2830	3070	4401	2530	1761	1518	3186	608	1761	2698	2604	2128	2739	2278	1462	3908	1038	1701	2803	1395	2753	2751	2549	1761	1560	2153	2769	823	770	4288	3041	2675	2953	2562	2452	2728	2240	2764	2660	2659	3965	1263	2549	957	1718	1910	2438	1859	2066	2498	2768	2320	2959	861	2756	2645	2683	3088	2709	2737	2705	2708	1773	2578	1823	2832	3253	2770	1320	2249	3213	2652	2403	2042	2706	2701	736	1705	2804	2394	2799	2933	1824	2911	2338	2770	2700	2696	3250	1352	3155	2244	2905	3103	2658	3122	2376	1824	2888	2675	2638	1552	1851	2170	2808	1644	2795	2652	1738	2461	2742	2864	2575	2386	2663	2594	2375	1737	2759	2362	2690	2774	2264	2797	2549	2270	2438	589	1720	2173	2647	2254	2895	1619	1752	2556	2386	2423	2272	2566	2283	1701	2487	2255	2649	2443	2758	2480	3041	2722	2586	1017	2645	2063	2247	2889	2581	2923	2773	3329	2380	2701	2518	1648	2548	2298	2644	2616	2676	2042	1454	2867	2797	873	971	2918	1825	2443	2291	2231	2487	4050	2513	3218	1824	1188	2677	2055	2216	3125	836	2145	1761	1681	1575	2137	2661	1422	2663	2479	1407	2711	4279	1650	2770	2901	2644	2728	1998	1915	2548	1720	3077	2243	2647	2683	2245
1119	1082	2342	1162	1377	1458	399	1063	1035	1049	1929	0	1299	958	1062	755	1940	780	546	795	940	1042	1134	494	1183	1216	1775	787	704	487	948	984	929	1145	1067	961	1010	1849	2427	1018	314	1104	1154	2800	506	612	519	1572	853	1327	1515	1189	1133	1091	2976	1018	1053	1254	990	3186	1312	878	1217	1240	2038	1218	1018	213	1035	1142	630	1010	1085	1446	896	1349	465	1108	1106	625	1294	839	1189	1214	1045	983	984	764	824	1134	1237	1177	1103	1084	1989	781	1049	1007	1116	627	1063	865	1230	514	975	590	901	124	1342	1316	1092	1404	1621	3233	1189	378	1090	1316	1436	785	1240	1129	1527	1150	1085	1042	2124	909	408	1123	1050	1152	1082	1156	785	1103	1380	1058	1800	1276	2366	1546	1172	1220	780	577	1149	1572	1297	1214	1054	2438	3183	774	2885	248	1049	975	771	1306	955	1091	978	1402	1126	1035	992	1234	1370	1257	1152	968	1280	524	792	211	1022	1758	1054	640	1107	1614	1052	854	228	855	1330	2658	428	1124	901	1120	1344	213	1459	1826	1060	1150	874	1842	602	1565	1063	1180	1247	1052	1597	1035	213	1219	1172	972	511	947	830	1192	1010	1005	1052	324	1171	1021	1486	1171	1016	993	1131	984	945	1294	677	1317	1297	1004	1107	1156	630	975	1453	303	467	983	1108	1454	314	805	778	529	872	628	1143	1139	1185	950	544	1049	1010	1294	918	1546	1367	1139	1428	992	535	1102	1225	792	1266	1096	1671	793	1330	1292	938	1156	981	1043	781	1135	228	502	1103	1107	1629	1744	1190	886	1010	1007	1172	1189	2578	940	1609	124	1160	1228	287	536	1643	1757	935	785	335	714	1837	992	527	993	639	1043	1350	2369	3567	1096	1460	979	1149	580	629	758	303	1607	1629	1207	959	544
194	549	1544	216	806	160	972	237	456	283	2761	1299	0	507	238	2041	693	641	755	637	753	649	240	809	456	354	2492	647	1992	1105	351	389	377	2404	436	733	1143	2908	1608	573	1424	359	219	1700	1080	1902	780	451	650	132	330	499	636	366	1761	573	525	444	378	1920	623	1821	354	76	1039	340	573	1200	456	171	669	478	505	750	2175	57	1244	542	401	673	4	2083	301	100	440	392	389	552	625	367	621	467	374	214	948	739	457	471	183	804	566	716	91	1802	347	816	413	1405	214	184	663	107	332	1935	247	1142	1286	927	2155	1000	64	175	1017	216	505	1323	1253	1797	1188	366	1386	233	356	212	1000	1252	852	432	2238	1990	1979	282	128	485	641	894	204	955	6	100	285	1217	3874	634	3631	1306	892	347	903	880	343	366	440	221	1915	456	371	78	512	51	212	500	63	1052	643	1204	648	500	441	1787	548	467	282	447	1071	763	131	3476	1171	367	413	366	238	1200	164	1161	430	173	688	548	1542	411	535	460	840	287	361	384	1200	349	128	396	1302	2242	601	248	1143	599	282	1205	323	457	198	185	375	390	178	389	1036	6	630	131	23	499	386	212	668	347	2174	1245	831	388	542	156	1502	1009	637	879	428	670	194	523	1159	349	757	283	328	4	380	282	155	180	1850	371	1771	547	340	647	336	366	610	505	131	343	1122	213	462	287	739	177	1071	1469	538	386	2073	2102	470	2182	328	471	603	301	1327	360	477	1405	1599	84	1012	763	372	2195	617	1000	1267	2001	1347	390	1502	390	799	1374	145	1891	4227	361	162	392	204	831	1913	664	1245	328	1015	114	480	756
441	772	1468	537	1128	628	759	329	78	240	2698	958	507	0	334	1644	1009	180	451	167	865	199	267	489	226	267	2470	177	1659	961	334	521	385	1976	112	242	1227	2740	1547	749	1172	170	289	1847	945	1515	517	623	705	612	589	238	876	158	2021	749	731	296	512	2246	389	1674	267	496	1092	272	749	935	78	346	438	652	735	545	1767	564	1081	783	155	421	502	1794	638	483	91	130	521	448	652	189	922	221	162	358	1035	242	91	641	386	709	774	209	415	1415	431	379	412	1079	434	421	242	605	750	2364	592	948	1372	561	2119	1005	481	423	1346	292	735	1380	1214	1671	1006	181	1431	277	160	525	1005	1351	1164	105	2315	1947	1707	658	402	267	180	434	302	1318	501	483	233	1487	3890	183	3621	1052	1042	431	908	1153	327	158	579	497	1837	78	153	489	415	496	296	10	532	926	172	938	185	843	99	1548	788	667	239	358	745	255	613	3432	998	181	412	178	427	935	620	1559	107	337	181	964	1372	624	747	223	463	232	683	574	935	271	402	133	1149	1854	627	288	1227	129	239	987	642	66	699	516	542	125	437	521	1112	501	335	606	491	667	161	525	428	431	2138	1017	542	136	783	626	1227	1023	181	447	347	425	487	787	1313	336	454	240	466	502	311	658	648	459	1910	153	1352	784	278	174	319	161	713	347	613	741	1179	526	608	239	242	342	745	1279	169	161	2139	2202	234	1798	466	641	872	638	1636	288	660	1079	1631	486	703	487	748	2269	732	1005	1050	1669	1699	126	1314	125	342	1419	633	1656	4260	164	630	134	302	706	1517	204	1017	724	1383	487	31	461
106	479	1623	202	813	395	749	7	315	99	2596	1062	238	334	0	1803	902	428	518	428	631	518	152	571	394	325	2341	437	1758	900	120	243	162	2167	312	577	1021	2711	1694	475	1199	253	155	1868	877	1664	545	590	494	301	494	435	582	251	1965	475	442	421	231	2142	594	1624	326	191	1161	315	475	971	315	89	434	370	437	746	1937	291	1036	484	298	437	233	1855	305	169	303	203	243	331	455	283	609	401	268	26	1081	537	323	360	60	602	487	533	170	1564	161	587	203	1170	324	290	548	344	561	2173	258	925	1168	853	1997	840	184	91	1032	148	437	1192	1342	1606	975	274	1252	166	233	190	840	1139	853	302	2125	1828	1970	493	110	438	428	670	134	994	235	169	111	1420	3742	418	3488	1080	795	161	740	855	110	251	306	372	1740	315	181	183	531	202	145	331	231	850	433	975	510	711	309	1568	489	620	102	217	834	579	302	3320	960	275	203	272	337	971	396	1229	301	104	505	781	1336	564	457	396	757	111	557	276	971	324	110	202	1098	2004	428	221	1021	454	102	984	312	308	432	182	249	209	103	243	908	232	392	292	235	390	284	191	432	161	2016	1023	595	199	484	392	1274	853	423	647	197	434	152	480	1071	118	519	99	172	233	144	493	340	125	1727	181	1534	486	320	438	344	254	733	270	302	406	987	191	336	99	537	82	834	1257	432	284	1955	1999	410	1944	172	360	568	305	1542	122	624	1170	1462	179	776	526	589	2081	488	840	1047	1767	1381	208	1292	209	575	1239	323	1900	4102	249	397	201	134	622	1675	449	1023	550	1059	167	303	518
1867	1828	2873	1915	2098	2198	1143	1803	1723	1777	1909	755	2041	1644	1803	0	2651	1464	1285	1476	1665	1675	1856	1232	1858	1911	1881	1466	335	1160	1693	1739	1679	407	1756	1574	1638	1599	2960	1764	798	1806	1878	3430	1187	143	1269	2267	1598	2078	2227	1853	1870	1793	3655	1764	1802	1929	1744	3890	1946	1068	1912	1986	2666	1915	1764	919	1723	1878	1379	1763	1835	2054	145	2093	1070	1855	1799	1371	2036	555	1944	1961	1736	1697	1739	1517	1574	1831	1977	1850	1802	1827	2632	1425	1734	1760	1859	1371	1809	1499	1967	240	1727	1265	1653	674	2060	2038	1717	2147	2355	3976	1944	1059	1671	1855	1616	1461	1985	1875	2223	1876	1835	1604	2700	1138	1056	1822	1585	1873	1787	1909	1461	1698	2094	1749	2096	1508	2717	2274	1913	1888	1464	1214	1877	2282	2039	1961	1780	3129	3151	1463	2830	861	1745	1727	1476	2012	1699	1793	1733	2122	1349	1723	1709	1980	2033	2002	1877	1655	2027	1212	1471	915	1657	2478	1744	727	1854	2311	1780	1602	978	1473	2080	2563	1081	1823	1653	1819	2059	919	2197	2527	1751	1884	1517	2576	977	2268	1811	1854	1814	1779	2316	1790	919	1915	1913	1687	1073	213	1582	1908	1638	1657	1780	986	1926	1711	2232	1923	1771	1705	1878	1739	1605	2035	1411	2068	2037	1755	1803	1909	1378	1727	1627	945	1215	1698	1855	2194	702	1477	1464	1197	1619	1374	1894	1887	1818	1695	1284	1777	1763	2036	1661	2274	2118	1888	1812	1709	309	1849	1922	1470	1963	1797	2344	1539	2080	2047	1570	1909	1736	1772	1425	1871	978	934	1763	1803	1953	2097	1861	167	1763	1760	1913	1944	3280	1680	2304	674	1608	1974	1040	1283	2369	2061	1680	1461	952	340	2501	1704	929	1705	1302	1583	2101	2762	3536	1798	2200	1694	1877	1324	128	1440	945	2337	2334	1954	1653	1286
887	1208	1125	900	1359	545	1650	898	931	893	3444	1940	693	1009	902	2651	0	1187	1396	1176	1429	1026	806	1447	809	742	3167	1186	2643	1796	1022	1083	1059	2985	898	1135	1808	3601	1161	1245	2100	845	787	1044	1772	2520	1437	397	1341	745	425	826	1274	858	1067	1245	1193	741	1072	1246	802	2514	741	768	574	737	1245	1869	931	814	1329	1160	1167	797	2777	664	1934	1194	854	1327	697	2753	957	794	917	958	1083	1233	1318	820	1225	820	849	885	475	1241	920	1154	861	1495	1228	1180	732	2419	1037	1386	1098	2055	597	625	1001	614	373	1382	914	1827	1946	1079	2836	1688	758	864	1532	791	1167	1991	844	2491	1876	829	2056	788	864	898	1688	1908	1407	904	2878	2673	1767	412	800	792	1187	1443	794	1439	691	794	887	524	4526	1188	4295	1981	1546	1037	1593	1465	1012	858	1131	538	2604	931	948	771	669	744	790	999	740	1744	1181	1873	1039	193	910	2470	1200	350	890	1118	1715	1216	742	4152	1860	829	1098	832	595	1869	534	1559	902	802	1156	243	2233	386	1200	814	1040	889	345	1072	1869	738	800	968	1993	2860	1294	747	1808	1020	890	1886	982	942	583	873	1066	949	870	1083	1708	696	1264	753	684	1181	848	898	1325	1037	2855	1925	1482	958	1194	549	2173	1695	1187	1454	1098	1326	887	1167	1795	1020	1398	893	1022	697	1043	412	723	873	2504	948	2361	1201	730	1183	689	854	398	1168	742	938	1796	900	1151	899	1241	821	1715	2158	915	848	2721	2733	811	2803	1022	1154	1231	957	641	1015	362	2055	2269	777	1661	1414	321	2836	1300	1688	1949	2653	1795	950	2192	949	1352	2044	732	1636	4869	853	543	962	794	1520	2524	1212	1925	367	1482	806	998	1400
528	781	1609	617	1148	778	616	424	259	357	2561	780	641	180	428	1464	1187	0	303	17	826	291	415	331	403	447	2345	15	1480	829	374	542	407	1800	292	258	1156	2581	1690	745	1007	343	438	2021	816	1334	377	803	662	727	765	408	882	330	2201	745	739	474	536	2426	542	1525	447	613	1261	451	745	772	259	470	326	660	751	689	1589	699	939	798	335	303	636	1618	703	595	271	251	542	394	607	367	946	397	338	454	1209	118	271	650	487	610	778	161	552	1234	465	199	418	902	604	586	344	745	914	2535	668	801	1296	640	1993	919	603	519	1360	438	751	1295	1367	1527	861	358	1341	429	327	606	919	1281	1179	285	2220	1821	1786	825	521	440	0	260	444	1347	636	595	355	1668	3770	16	3494	888	1004	465	828	1153	372	330	589	667	1704	259	270	606	589	619	441	191	653	800	17	774	271	1018	279	1382	801	847	358	348	573	194	728	3298	856	358	418	355	599	772	773	1598	286	468	146	1132	1222	803	755	399	549	353	857	603	772	450	521	245	1008	1674	585	453	1156	236	358	833	701	246	839	604	570	256	530	542	1044	635	220	719	629	671	339	606	313	465	2012	860	389	254	798	776	1057	938	7	266	347	310	572	809	1264	377	306	357	506	636	340	825	766	549	1816	270	1173	797	457	21	499	334	891	306	728	815	1101	606	614	353	118	465	573	1126	325	339	2043	2116	409	1618	506	650	888	703	1816	333	840	902	1532	602	535	346	918	2175	708	919	895	1490	1715	256	1160	256	165	1329	749	1749	4143	336	780	250	444	597	1337	24	860	891	1413	595	189	316
583	661	1911	640	1016	913	312	518	521	503	2258	546	755	451	518	1285	1396	303	0	321	623	595	589	54	674	688	2042	317	1247	526	407	485	398	1655	551	553	898	2288	1991	606	724	574	609	2293	515	1147	76	1038	473	795	972	690	744	560	2442	606	622	741	486	2642	837	1225	689	701	1542	688	606	487	521	596	109	556	646	988	1421	807	636	684	584	91	750	1361	688	675	528	446	485	259	421	607	832	671	575	541	1482	373	536	548	573	342	649	449	684	1046	451	223	377	658	799	771	648	862	1075	2691	676	499	1030	939	1690	649	699	590	1211	605	646	1019	1664	1225	558	595	1060	608	549	632	649	1020	1036	540	1931	1519	2077	1000	628	718	304	301	603	1221	753	675	509	1901	3467	291	3190	603	791	451	569	989	414	560	501	858	1400	521	452	694	864	716	606	461	741	500	320	490	574	1212	538	1100	685	1078	506	319	319	466	798	2994	553	596	377	592	802	487	913	1481	542	604	442	1296	922	1027	636	672	850	507	1052	545	487	690	628	435	705	1486	411	651	898	537	506	535	675	506	946	643	518	457	593	485	791	750	132	786	753	558	582	632	102	451	1709	565	90	445	684	910	785	670	297	234	334	97	612	706	1027	409	3	503	490	750	375	1000	836	604	1528	452	1023	680	695	323	735	566	1149	254	798	800	836	632	515	498	373	589	319	827	616	582	1754	1833	684	1426	490	548	768	688	2036	395	1075	658	1243	689	265	47	1096	1886	543	649	598	1256	1558	456	862	457	263	1048	818	2046	3842	565	915	441	603	315	1158	291	565	1061	1285	669	443	14
529	790	1592	619	1157	773	633	424	246	354	2579	795	637	167	428	1476	1176	17	321	0	839	274	409	348	388	435	2362	10	1495	846	379	549	414	1810	280	242	1171	2598	1673	755	1024	333	432	2005	834	1347	394	790	675	726	755	393	891	320	2188	755	748	459	544	2414	526	1543	435	612	1245	439	755	788	246	467	342	669	760	672	1600	695	956	806	323	319	633	1634	707	594	259	246	549	407	619	356	954	382	327	454	1193	112	258	659	487	626	787	147	548	1247	470	212	426	918	595	578	327	741	906	2526	671	819	1312	623	2010	935	600	519	1370	432	760	1311	1350	1545	878	347	1357	423	317	608	935	1296	1188	272	2236	1838	1769	817	518	425	16	269	439	1355	633	594	351	1655	3787	31	3511	905	1017	470	844	1163	376	320	597	658	1721	246	266	604	574	617	435	178	651	817	5	791	253	1008	267	1398	810	835	355	357	589	182	727	3315	874	347	426	344	590	788	767	1606	274	464	131	1123	1239	791	764	385	532	350	847	610	788	438	518	241	1026	1686	598	445	1171	219	355	850	705	234	835	605	577	250	530	549	1059	631	235	718	625	681	327	608	330	470	2029	877	406	249	806	771	1074	954	23	279	355	326	574	817	1277	381	324	354	512	633	346	817	765	550	1832	266	1184	806	446	10	487	324	877	317	727	818	1117	608	623	350	112	462	589	1143	309	327	2060	2132	394	1631	512	659	897	707	1804	336	828	918	1549	600	552	363	909	2191	720	935	912	1505	1725	250	1177	250	175	1345	748	1732	4160	326	775	246	439	613	1349	37	877	883	1421	594	178	333
582	229	2254	536	437	885	543	638	890	712	2014	940	753	865	631	1665	1429	826	623	839	0	1063	783	653	1009	955	1740	842	1506	517	552	389	495	2069	902	1073	392	2206	2325	184	896	867	786	2453	489	1523	568	1195	163	684	1080	1047	217	860	2487	184	236	1047	401	2606	1211	1135	956	677	1780	945	184	748	890	706	531	275	266	1367	1811	770	640	250	905	557	751	1528	472	655	885	762	389	431	219	901	322	1014	878	629	1694	936	904	283	634	324	207	986	752	1433	472	839	460	994	933	897	1107	816	1056	2501	515	609	538	1426	1407	277	693	612	601	779	266	570	1972	1097	623	890	633	798	841	541	277	508	442	890	1496	1244	2571	1029	685	1057	827	923	764	634	757	655	724	1950	3123	810	2877	808	178	472	207	376	562	860	326	964	1183	890	748	677	1162	702	776	868	697	461	842	752	1047	1238	894	1195	246	1217	715	507	765	1020	687	2725	599	892	460	888	951	748	898	892	890	726	967	1240	898	1160	231	1011	1329	723	1113	372	748	953	685	753	674	1832	241	852	392	993	715	683	447	878	851	567	390	774	600	389	283	752	618	675	769	254	894	541	544	472	1426	726	613	758	250	881	992	277	818	858	519	549	563	284	448	551	621	712	460	751	563	1029	708	587	1101	748	1475	243	951	847	976	864	1349	526	687	515	369	540	299	708	936	702	765	856	1017	894	1327	1367	1025	1769	460	283	267	472	2040	593	1225	994	846	671	708	584	1111	1451	143	277	727	1513	940	772	883	774	870	620	697	2513	3478	860	887	757	764	371	1548	830	726	1063	693	641	838	610
622	970	1319	719	1323	741	907	511	203	419	2853	1042	649	199	518	1675	1026	291	595	274	1063	0	415	621	227	324	2635	278	1728	1119	532	718	584	1979	215	109	1419	2865	1401	948	1290	290	432	1765	1107	1554	668	629	901	769	635	201	1075	285	1981	948	929	287	710	2232	273	1816	324	656	1000	336	948	1056	203	509	607	850	932	405	1789	703	1231	980	248	587	645	1882	823	648	217	321	718	640	848	283	1117	215	275	539	959	261	197	839	562	888	972	179	560	1456	628	453	611	1166	518	518	53	734	830	2405	775	1093	1562	364	2283	1191	638	600	1542	437	932	1567	1084	1819	1153	283	1617	417	298	707	1191	1543	1360	221	2499	2112	1514	733	565	235	290	472	452	1510	643	648	408	1463	4059	304	3785	1173	1240	628	1096	1351	525	285	777	575	1995	203	341	648	365	650	442	197	686	1090	274	1059	20	884	213	1661	985	675	417	556	850	201	769	3589	1148	282	611	283	503	1056	729	1747	223	495	168	1027	1512	646	945	221	268	408	735	771	1056	329	565	326	1300	1888	823	404	1419	69	417	1123	830	209	826	695	739	312	615	718	1304	644	500	764	629	866	263	707	595	628	2303	1148	680	326	980	741	1334	1209	297	513	545	592	668	983	1510	534	598	419	661	645	510	733	801	637	2094	341	1372	981	339	272	370	284	675	539	769	921	1369	708	807	418	261	507	850	1415	120	263	2323	2390	221	1836	661	839	1069	823	1624	486	663	1166	1813	647	819	637	811	2453	931	1191	1184	1739	1894	314	1449	312	403	1604	787	1468	4432	289	743	325	452	879	1551	305	1148	799	1575	654	228	607
231	628	1471	323	950	364	855	145	216	90	2735	1134	240	267	152	1856	806	415	589	409	783	415	0	640	251	174	2485	419	1836	1023	248	395	301	2206	199	494	1172	2834	1543	627	1300	125	22	1738	1002	1722	633	461	643	354	383	295	730	130	1858	627	592	270	383	2053	447	1750	175	241	1018	163	627	1066	216	99	526	522	585	596	1986	297	1157	631	170	522	236	1948	431	234	201	164	395	453	602	144	749	261	141	159	942	504	218	512	167	733	637	477	148	1621	311	603	342	1248	209	182	434	337	501	2125	377	1039	1319	723	2139	986	223	203	1169	24	585	1342	1192	1736	1091	139	1401	18	117	311	986	1291	992	194	2276	1969	1825	417	152	293	415	675	37	1124	234	234	82	1314	3890	411	3633	1179	947	311	885	999	237	130	459	268	1877	216	148	234	379	236	28	260	272	977	415	1070	412	624	202	1673	637	497	86	334	908	523	354	3462	1078	140	342	138	214	1066	357	1350	192	82	448	722	1457	443	607	255	630	83	463	426	1066	172	152	171	1221	2062	574	72	1172	360	86	1092	443	216	431	293	401	159	219	395	1058	234	457	349	223	542	155	312	521	311	2158	1128	675	162	631	362	1369	999	412	669	314	522	272	624	1223	247	591	90	324	236	257	417	387	240	1877	148	1575	634	168	418	193	130	595	372	354	517	1137	313	488	95	504	99	908	1374	311	155	2105	2151	268	2004	324	512	712	431	1446	224	497	1248	1611	233	854	609	512	2232	640	986	1156	1846	1514	159	1408	159	579	1388	373	1751	4251	125	366	166	37	747	1728	439	1128	481	1187	242	242	594
637	704	1940	693	1055	967	290	572	561	555	2233	494	809	489	571	1232	1447	331	54	348	653	621	640	0	714	733	2023	343	1196	509	461	536	452	1601	592	571	909	2252	2021	648	682	619	660	2335	500	1093	86	1085	508	849	1022	728	785	606	2490	648	666	782	538	2693	871	1194	734	755	1582	733	648	445	561	649	159	602	692	1020	1367	861	611	728	627	144	804	1313	740	730	569	493	536	309	459	651	875	711	619	595	1523	386	576	595	627	357	691	466	737	992	504	215	431	608	849	822	674	915	1128	2745	729	472	1037	956	1671	657	753	644	1246	656	692	1023	1697	1197	532	640	1061	658	595	686	657	1030	1074	582	1925	1500	2087	1052	681	757	331	282	655	1260	807	730	560	1949	3449	320	3169	562	817	504	583	1023	468	606	550	909	1378	561	500	748	904	770	657	499	795	489	347	448	600	1264	579	1059	729	1125	557	373	268	479	852	2970	529	641	431	637	852	445	967	1521	583	656	462	1349	891	1075	680	712	870	558	1103	595	445	735	681	482	680	1432	450	700	909	567	557	502	726	547	1000	697	570	504	647	536	804	804	183	840	806	603	626	686	153	504	1690	529	62	493	728	963	740	679	326	211	388	149	666	751	1044	463	53	555	544	804	429	1052	890	658	1523	500	969	724	740	349	781	611	1193	308	852	851	845	686	563	549	386	642	268	795	651	626	1748	1831	724	1373	544	595	810	740	2086	448	1122	608	1238	743	217	71	1148	1880	581	657	564	1206	1592	503	829	504	262	1049	872	2061	3825	610	969	489	655	324	1104	315	529	1113	1324	723	484	57
482	873	1266	574	1202	525	977	386	153	300	2906	1183	456	226	394	1858	809	403	674	388	1009	227	251	714	0	104	2669	397	1883	1172	457	630	514	2179	124	333	1390	2962	1342	866	1397	142	261	1621	1154	1731	737	414	859	585	409	44	976	149	1800	866	835	71	619	2033	202	1891	104	480	868	118	866	1160	153	350	649	762	831	358	1978	504	1296	878	105	635	452	2020	683	479	147	258	630	628	811	110	999	12	130	406	809	434	138	751	419	904	880	370	374	1632	541	599	551	1305	296	301	221	527	603	2183	628	1166	1537	475	2320	1185	460	455	1421	268	831	1553	1002	1885	1223	120	1608	245	168	563	1185	1512	1243	136	2490	2148	1576	507	400	48	402	643	285	1375	449	479	288	1270	4085	408	3820	1277	1180	541	1085	1248	447	149	694	350	2045	153	267	474	189	469	272	216	503	1133	392	1163	235	660	137	1773	884	460	297	518	971	407	584	3638	1214	118	551	122	278	1160	511	1599	135	332	347	800	1590	425	851	5	384	288	508	670	1160	109	400	269	1364	2069	784	210	1390	211	297	1208	695	168	615	545	641	245	470	630	1275	450	552	581	433	781	115	563	640	541	2339	1239	765	262	878	525	1454	1201	405	665	501	638	524	873	1456	458	677	300	562	452	450	507	611	492	2088	267	1561	881	119	393	144	144	489	529	584	766	1349	565	724	303	434	351	971	1499	108	115	2317	2370	16	2015	562	751	961	683	1424	417	450	1305	1814	474	929	708	584	2445	868	1185	1272	1893	1766	247	1534	245	557	1596	600	1507	4451	149	526	264	285	907	1732	426	1239	572	1439	488	230	684
402	802	1302	489	1118	421	979	318	189	245	2887	1216	354	267	325	1911	742	447	688	435	955	324	174	733	104	0	2643	445	1920	1162	409	568	465	2242	155	425	1342	2965	1375	801	1412	114	176	1607	1143	1781	744	357	811	484	326	146	903	127	1760	801	766	97	556	1979	278	1887	0	384	868	13	801	1175	189	266	646	696	759	423	2035	400	1291	805	112	636	351	2046	597	385	175	245	568	601	767	82	919	117	113	333	799	500	178	686	339	881	811	446	276	1681	483	646	505	1335	194	196	324	422	507	2104	541	1166	1489	573	2295	1149	363	372	1336	184	759	1510	1027	1877	1222	93	1567	162	140	478	1149	1462	1161	162	2445	2125	1654	411	311	131	447	701	201	1286	347	385	233	1223	4053	448	3793	1291	1121	483	1048	1171	398	127	632	251	2027	189	244	378	207	371	188	256	404	1119	439	1178	329	580	167	1788	810	400	241	485	997	487	484	3617	1210	92	505	96	178	1175	407	1505	160	247	421	711	1589	356	781	110	486	234	423	601	1175	4	311	256	1357	2121	740	116	1342	294	241	1214	611	200	510	458	575	233	388	568	1228	349	559	481	331	716	108	478	639	483	2315	1247	778	247	805	420	1474	1163	447	713	466	638	440	797	1397	410	691	245	498	351	410	411	509	409	2045	244	1619	808	15	441	52	122	461	508	484	673	1305	480	661	249	500	269	997	1501	204	108	2274	2321	118	2065	498	686	884	597	1369	377	394	1335	1776	379	950	716	494	2401	812	1149	1278	1930	1678	234	1536	233	610	1555	498	1578	4416	123	422	250	201	890	1784	471	1247	477	1349	396	259	696
2313	1958	3935	2276	1889	2625	1733	2346	2524	2400	325	1775	2492	2470	2341	1881	3167	2345	2042	2362	1740	2635	2485	2023	2669	2643	0	2359	1546	1516	2237	2112	2183	2169	2547	2595	1359	846	4012	1923	1460	2537	2493	4192	1528	1823	1968	2926	1849	2422	2816	2697	1897	2527	4215	1923	1974	2723	2124	4301	2858	902	2644	2416	3502	2637	1923	1643	2524	2425	2032	2014	2000	3014	1967	2510	1416	1973	2566	2051	2489	1332	2210	2393	2525	2411	2112	2043	1885	2574	1962	2670	2545	2345	3422	2410	2539	2021	2358	1765	1938	2490	2483	1823	2181	2227	2142	1681	2660	2624	2688	2556	2793	4088	2255	1556	1225	2980	352	1500	2431	2341	1813	2486	2000	1176	3669	865	1496	2562	1110	2502	2510	2280	1500	1266	1847	2535	508	523	4103	2769	2414	2717	2346	2262	2474	1925	2496	2393	2412	3684	1425	2332	1151	1545	1623	2181	1600	1763	2248	2527	2055	2697	653	2524	2405	2415	2847	2441	2484	2477	2437	1546	2362	1642	2615	2977	2536	1217	1967	2951	2404	2158	1858	2502	2425	985	1496	2563	2142	2559	2676	1643	2638	2017	2535	2443	2485	2966	1176	2894	1966	2669	2893	2410	2853	2108	1643	2643	2414	2400	1346	1859	1912	2557	1359	2574	2404	1545	2185	2509	2585	2306	2121	2424	2331	2112	1458	2490	2138	2414	2507	1993	2558	2280	2043	2181	333	1534	1962	2408	1973	2621	1478	1488	2339	2192	2177	2046	2300	2001	1400	2237	2039	2400	2182	2489	2233	2769	2443	2321	700	2405	1988	1966	2643	2365	2675	2532	3074	2140	2425	2234	1371	2279	2031	2396	2410	2419	1858	1279	2639	2558	548	649	2683	1823	2182	2021	1943	2210	3762	2266	2958	1681	898	2409	1862	1999	2850	516	1875	1500	1494	1540	1813	2422	1250	2424	2279	1122	2434	4083	1803	2529	2627	2405	2474	1764	1864	2334	1534	2803	1926	2379	2452	2029
