NAME : VRPTW_INSTANCE_117.txt
COMMENT : Bangkok Supermarket
TYPE : VRPTW
DIMENSION : 247
DAYS : Thursday
EDGE_WEIGHT_TYPE : EXPLICIT
VEHICLES : 32
EDGE_WEIGHT_FORMAT : FULL_MATRIX
CAPACITY : 1000
EDGE_WEIGHT_SECTION
0	972	255	1566	584	109	1042	502	127	155	855	968	225	300	1109	1748	839	1410	506	2717	1322	489	367	170	1426	830	1119	1925	63	202	1727	880	544	713	320	451	889	587	177	1730	1610	153	202	2017	300	582	1407	133	382	474	406	443	478	1434	309	609	1792	567	851	1352	639	1221	352	124	28	255	390	371	1247	207	309	2434	60	215	594	176	1455	457	1915	911	199	128	606	131	301	220	1560	206	202	359	401	422	464	245	206	494	359	2531	531	309	1107	1161	418	258	1629	226	258	632	307	34	154	1847	962	897	91	28	140	364	584	62	689	170	410	201	221	350	1267	201	139	170	1132	185	315	968	826	284	203	497	402	1250	1727	2503	404	808	395	932	929	525	991	221	815	178	603	606	388	211	97	820	22	155	814	924	203	540	513	404	1116	923	1606	2016	394	221	155	1738	178	273	456	221	1213	203	120	251	1902	2783	465	558	503	413	1231	1128	30	211	160	421	147	672	355	202	947	369	582	948	60	617	494	3088	30	1010	481	2220	210	309	413	582	101	464	254	1126	499	367	184	815	1213	506	288	762	166	1099	836	373	153	1085	127	372	309	1151	930	413	985	358	320	406	148	154	165	399	39
972	0	739	654	395	1077	1510	1059	1099	836	1828	382	1039	865	271	792	856	443	1348	2584	422	484	988	1085	1134	1221	994	2243	970	1044	1159	104	656	478	855	910	1761	439	806	759	677	1118	1152	2393	865	394	1881	897	1236	1402	912	890	604	1073	848	497	2418	965	1371	1440	483	256	968	985	982	1221	959	915	1548	1174	870	3404	968	898	532	803	1332	1380	1841	1539	776	1099	377	998	1069	1010	646	780	1044	947	1080	926	718	1042	780	1461	947	1831	1085	664	966	203	902	835	2449	861	835	850	826	974	1010	1785	164	1769	888	982	1110	984	390	966	283	1085	922	839	755	961	302	1006	1111	1085	979	1009	854	382	1214	839	909	1057	1249	2218	1159	2212	826	228	1002	450	910	951	294	755	691	801	370	951	1081	772	1068	1198	980	836	1213	1499	906	440	1415	926	1355	1888	667	2389	903	1038	836	767	814	878	988	755	1001	775	1027	1223	2464	2495	1207	1432	1058	1082	1063	273	983	905	1100	1304	1004	1343	1314	1044	1314	1224	394	857	988	357	1352	2890	983	172	1053	1277	904	870	936	395	1063	718	1220	1833	1060	988	796	1075	1001	1066	852	664	1126	1840	205	982	1118	1598	846	685	870	700	1265	1081	157	1313	855	912	916	1005	812	1083	986
255	739	0	1314	374	364	1011	624	381	101	1096	713	420	193	857	1502	646	1182	737	2563	1071	277	491	410	1215	753	923	2053	280	310	1487	642	476	578	375	516	1136	333	164	1499	1359	408	456	2162	193	370	1394	157	612	727	480	319	373	1213	360	355	1994	453	997	1218	385	981	469	325	274	486	323	281	1169	440	203	2681	277	318	471	150	1276	642	1761	940	70	381	364	338	486	400	1308	49	310	295	560	501	251	434	49	724	295	2285	657	97	906	936	485	133	1872	141	133	461	342	270	271	1694	713	1143	198	274	394	486	366	276	456	410	490	105	56	464	1027	385	391	410	931	377	369	713	748	157	318	620	630	1500	1487	2315	432	559	354	678	738	415	736	56	590	151	382	660	552	158	352	738	270	101	739	930	315	335	761	486	1011	1149	1392	2160	466	417	101	1507	184	350	384	56	1006	144	287	499	2090	2599	659	800	625	569	1033	877	276	180	410	574	351	856	610	310	1052	598	369	744	293	396	730	2924	276	761	606	1969	319	203	324	370	356	251	485	1337	622	491	154	872	1006	631	343	534	391	1319	588	492	408	1074	153	130	203	909	843	570	737	614	375	480	283	356	150	560	282
1566	654	1314	0	1029	1675	1792	1712	1694	1415	2405	635	1670	1383	457	245	1112	453	1987	2335	244	1104	1636	1701	1022	1530	1077	2843	1577	1588	782	713	1311	1126	1500	1563	2401	981	1418	465	76	1718	1760	3003	1383	1026	2108	1466	1871	2024	1563	1349	1255	927	1491	981	3066	1369	2023	1509	953	414	1616	1603	1582	1797	1436	1401	1727	1753	1383	3992	1574	1531	1186	1412	1284	1916	1716	1902	1366	1694	965	1616	1708	1642	7	1361	1588	1435	1727	1578	1196	1675	1361	2030	1435	1247	1738	1261	1052	564	1554	1373	3101	1405	1373	1224	1469	1575	1566	1678	607	2409	1492	1582	1706	1632	1017	1573	899	1701	1573	1398	1345	1608	377	1635	1704	1701	1049	1635	1498	635	1525	1367	1539	1710	1885	2814	782	1885	1477	759	1478	703	1111	1373	583	1345	971	1410	996	1604	1728	1387	1664	1508	1579	1415	1529	1842	1537	1071	2044	1577	1542	2444	618	2998	1554	1668	1415	468	1430	1518	1439	1345	1015	1386	1594	1813	3105	2147	1854	2067	1711	1730	1081	437	1583	1448	1710	1825	1625	1996	1920	1588	1955	1858	1025	1042	1593	985	1989	2579	1583	559	1706	657	1536	1383	1405	1027	1664	1196	1797	2488	1713	1636	1407	1716	1015	1719	1493	984	1702	2493	732	1631	1718	1890	1447	1221	1383	706	1533	1730	585	1922	1500	1563	1538	1627	1419	1730	1588
584	395	374	1029	0	686	1303	699	708	460	1439	533	645	539	586	1186	761	826	958	2653	786	97	609	690	1223	1020	990	2012	576	684	1381	316	334	279	471	550	1372	221	413	1147	1061	726	757	2146	539	9	1687	526	844	1007	542	613	242	1191	462	322	2092	725	1045	1380	335	650	588	589	591	837	657	611	1408	790	546	3010	574	504	233	410	1356	1013	1868	1275	395	709	133	602	679	616	1022	405	684	636	700	559	458	649	405	1078	636	2128	728	285	966	578	536	493	2075	511	493	658	439	583	643	1805	428	1380	497	591	718	605	27	573	134	690	553	479	375	580	697	611	722	690	986	613	469	533	1014	506	514	696	857	1824	1381	2341	458	295	696	544	842	698	507	375	629	408	40	630	700	379	678	1000	590	460	1009	1252	511	44	1020	556	1226	1506	1023	2142	532	643	460	1155	420	488	704	375	1040	383	652	834	2157	2628	825	1040	698	704	1087	601	592	553	705	948	608	980	920	684	1028	831	11	816	595	45	961	2991	592	474	689	1668	510	546	644	7	671	458	836	1477	699	609	403	801	1040	706	463	578	744	1476	315	604	726	1379	457	368	546	827	1091	704	447	918	471	542	521	609	420	703	595
109	1077	364	1675	686	0	1068	488	25	264	753	1077	197	388	1218	1856	928	1512	419	2783	1431	592	366	100	1517	879	1207	1884	112	234	1829	986	610	793	361	471	787	696	272	1833	1718	43	98	1968	388	685	1420	232	301	368	425	522	558	1529	353	718	1713	637	810	1415	748	1327	356	134	94	172	457	447	1289	129	395	2328	113	255	675	275	1534	396	1982	915	308	26	714	130	268	207	1669	316	234	428	374	438	564	217	316	402	428	2635	514	416	1196	1264	440	355	1529	321	355	718	357	102	201	1915	1071	795	189	94	32	364	687	115	795	100	427	303	330	357	1374	190	41	100	1221	173	356	1077	875	377	241	483	321	1143	1829	2583	445	917	452	1040	1016	596	1100	330	914	277	707	620	359	307	15	871	97	264	863	937	242	641	411	420	1170	827	1703	1967	416	193	264	1841	268	311	519	330	1304	303	153	149	1831	2862	409	462	490	386	1319	1237	94	296	72	384	140	615	245	234	926	288	685	1039	93	720	404	3157	94	1119	467	2329	248	395	484	684	19	564	170	1045	485	366	282	820	1304	492	333	863	111	1014	945	373	43	1102	231	478	395	1255	981	387	1094	249	361	425	196	145	265	371	90
1042	1510	1011	1792	1303	1068	0	1544	1055	1001	1248	1215	1258	819	1441	2035	688	1903	1441	1829	1611	1228	1410	1168	1002	289	757	2951	1105	841	1457	1409	1488	1564	1342	1483	1682	1113	1130	2161	1864	1084	1137	3028	819	1294	385	951	1348	1305	1440	700	1382	1080	1328	1027	2705	577	1878	557	1034	1657	1393	1165	1068	978	690	730	279	983	809	2613	1102	1247	1470	1118	832	830	1082	248	1050	1053	1207	1170	1333	1259	1790	1019	841	720	1438	1458	844	1278	1019	1008	720	2228	1573	1101	774	1702	1450	881	2373	888	881	662	1318	1076	887	1020	1385	1686	1089	1068	1064	1406	1281	1104	1302	1168	1446	935	1054	1392	1691	1240	1045	1168	787	1223	1336	1215	296	855	1238	1539	1367	1635	1457	1761	1417	1282	666	1133	681	608	1305	1054	848	1120	1286	1638	1423	1145	1055	311	1062	1001	298	173	1237	1282	1375	1440	317	1173	2151	3027	1427	1254	1001	2168	1147	1301	626	1054	857	1129	927	1048	2846	2008	1474	1443	1545	1450	812	1464	1069	869	1137	754	1185	1676	1163	841	1988	1337	1293	750	1099	1298	1418	2219	1069	1416	1523	2391	1244	809	687	1296	1081	844	980	2046	1541	1410	1126	1851	857	1548	1307	857	967	1998	1304	1415	1084	97	1078	948	809	1095	259	1450	1406	1181	1342	1440	1183	1191	1110	1435	1077
502	1059	624	1712	699	488	1544	0	507	579	1035	1222	291	770	1283	1841	1271	1428	370	3186	1475	652	137	393	1830	1328	1545	1434	438	702	2058	1003	407	614	256	149	741	845	462	1742	1736	486	452	1538	770	705	1905	607	324	518	159	916	460	1819	270	918	1400	1049	373	1833	945	1310	157	378	475	632	881	854	1747	603	780	2481	441	312	529	475	1901	858	2383	1402	558	508	803	374	224	285	1705	589	702	850	121	141	876	271	589	791	850	2824	32	588	1528	1196	164	712	1391	691	712	1083	292	467	656	2316	1125	750	469	475	502	141	718	440	833	393	148	649	568	161	1354	304	520	393	1552	321	261	1222	1323	742	317	4	321	1322	2058	2937	241	994	892	1217	1363	1008	1206	568	1201	475	738	184	137	467	498	1317	481	579	1312	1421	319	663	484	148	1608	1155	1561	1536	172	295	579	1751	441	274	949	568	1625	480	616	572	1480	3222	199	461	2	110	1655	1296	474	694	429	867	359	283	542	702	445	322	706	1365	445	745	389	3549	474	1169	20	2329	313	780	899	703	472	876	630	778	3	137	471	341	1625	7	283	1144	599	781	1015	134	486	1585	494	750	780	1485	1426	110	1142	527	256	159	368	353	478	126	466
127	1099	381	1694	708	25	1055	507	0	280	730	1093	217	393	1236	1876	932	1535	419	2778	1450	614	387	115	1521	871	1210	1896	137	228	1838	1007	635	818	386	494	779	714	296	1855	1738	34	95	1978	393	707	1404	243	305	358	449	524	583	1536	378	733	1715	635	823	1411	763	1348	378	159	116	147	455	448	1280	104	400	2307	138	280	700	297	1534	371	1979	897	327	1	734	154	285	228	1688	333	228	428	391	461	573	236	333	377	428	2646	533	436	1200	1286	464	363	1522	329	363	721	383	125	199	1911	1090	786	211	116	13	385	709	140	816	115	451	314	349	379	1395	212	15	115	1225	195	381	1093	867	385	266	502	325	1122	1838	2583	470	936	449	1054	1019	595	1118	349	923	299	729	643	376	331	30	864	118	280	855	921	267	664	404	443	1163	803	1727	1977	440	213	280	1864	292	336	516	349	1308	325	151	125	1835	2861	420	458	509	404	1322	1256	116	301	82	362	164	624	229	228	943	293	707	1044	118	742	403	3154	116	1138	487	2348	274	400	484	707	44	573	145	1046	504	387	305	841	1308	510	358	872	91	1014	964	395	34	1087	252	492	400	1265	973	404	1113	235	386	449	222	168	288	388	114
155	836	101	1415	460	264	1001	579	280	0	996	812	343	192	958	1602	707	1278	650	2610	1172	362	442	318	1287	760	987	2013	189	230	1575	740	503	635	346	490	1042	434	129	1595	1461	308	358	2115	192	457	1378	68	525	630	449	338	412	1291	331	453	1922	471	946	1254	483	1080	421	241	177	386	313	280	1180	340	203	2580	185	266	521	117	1333	553	1806	905	67	280	462	253	414	327	1409	56	230	282	499	469	319	359	56	626	282	2377	611	175	972	1030	457	133	1781	115	133	509	319	175	185	1739	814	1050	116	177	293	437	455	185	552	318	457	70	84	417	1126	310	289	318	998	299	340	812	755	163	262	574	544	1398	1575	2377	417	660	334	776	799	430	837	84	669	119	473	642	489	146	251	747	172	0	745	904	259	418	666	452	1032	1052	1483	2113	435	339	0	1604	147	311	380	84	1076	130	192	398	2025	2659	586	709	579	510	1099	978	179	132	313	492	268	790	509	230	1018	511	456	811	199	487	641	2975	179	862	559	2071	265	203	325	457	256	319	386	1261	576	442	125	856	1076	584	312	614	291	1238	689	444	308	1056	84	217	203	998	855	510	838	514	346	449	215	274	109	498	186
855	1828	1096	2405	1439	753	1248	1035	730	996	0	1784	847	1031	1950	2598	1488	2265	680	3077	2164	1345	986	766	2052	1231	1736	2045	864	821	2438	1735	1325	1527	1060	1111	588	1427	1026	2585	2454	714	691	2063	1031	1438	1455	941	712	516	1076	1105	1297	2092	1059	1426	1587	1152	1142	1768	1455	2075	992	862	847	609	1013	1035	1527	655	1033	1586	865	974	1411	1028	1983	521	2324	1004	1052	730	1458	851	861	875	2399	1052	821	1002	926	1077	1225	855	1052	376	1002	3255	1040	1163	1735	2017	1092	1033	1149	1000	1033	1288	1072	856	839	2260	1810	587	941	847	720	988	1440	867	1545	766	1072	1007	1074	998	2121	870	717	766	1759	860	1058	1784	1231	1042	960	1032	714	426	2438	2991	1133	1656	979	1732	1558	1125	1823	1074	1540	1030	1459	1217	913	1061	761	1238	848	996	1219	1075	962	1395	557	1063	1499	149	2456	2065	1073	846	996	2594	1021	1017	1039	1074	1846	1056	811	605	1759	3248	841	602	1037	934	1838	1970	846	959	742	624	851	924	534	821	1330	716	1438	1605	845	1472	655	3468	846	1857	1021	3062	967	1033	1048	1437	768	1225	610	1014	1031	986	1035	1352	1846	1033	1044	1499	705	945	1684	996	714	1220	982	1184	1033	1896	1321	934	1833	541	1060	1076	933	851	1018	921	844
968	382	713	635	533	1077	1215	1222	1093	812	1784	0	1109	754	225	857	529	693	1433	2207	412	570	1118	1119	755	935	618	2535	990	963	849	326	866	755	978	1077	1841	391	843	948	694	1121	1169	2673	754	526	1566	854	1310	1440	1063	713	775	701	965	360	2621	739	1577	1071	331	446	1095	1027	987	1181	801	767	1210	1139	753	3369	987	979	755	834	949	1285	1458	1291	774	1092	419	1040	1161	1084	630	762	963	801	1205	1081	563	1119	762	1408	801	1602	1253	682	590	527	1058	751	2567	784	751	598	942	983	945	1402	219	1849	905	987	1106	1113	510	986	408	1119	1074	784	753	1088	477	1073	1101	1119	601	1070	974	0	929	741	985	1219	1326	2199	849	1851	982	249	842	82	562	741	97	753	367	833	492	1164	1202	817	1064	912	983	812	931	1238	982	563	1470	1075	1016	1815	944	2670	1051	1107	812	955	859	982	804	753	619	812	978	1206	2690	2136	1324	1504	1222	1211	681	248	989	825	1122	1192	1051	1497	1322	963	1560	1296	524	501	1004	489	1429	2522	989	227	1210	1289	983	753	769	528	1069	563	1181	1994	1222	1118	831	1330	619	1229	961	364	1089	1987	241	1114	1121	1309	859	603	753	325	958	1211	230	1327	978	1063	970	1055	839	1207	995
225	1039	420	1670	645	197	1258	291	217	343	847	1109	0	519	1218	1831	1050	1456	323	2941	1425	565	172	106	1630	1055	1330	1701	164	417	1907	960	478	682	213	288	734	718	267	1777	1705	198	177	1792	519	647	1615	349	201	366	245	664	459	1632	212	765	1579	791	626	1577	794	1295	166	104	196	349	615	595	1471	316	529	2382	168	140	569	278	1673	578	2138	1111	351	218	709	94	76	29	1663	374	417	585	179	253	662	20	374	542	585	2699	317	427	1316	1210	261	469	1459	441	469	848	228	191	374	2070	1063	742	226	196	213	171	654	167	771	106	244	406	368	169	1341	36	230	106	1341	43	211	1109	1050	498	130	286	217	1197	1907	2719	288	915	620	1086	1141	749	1115	368	1009	278	675	430	165	292	207	1045	203	343	1039	1131	133	601	375	236	1341	946	1627	1791	238	4	343	1786	250	172	681	368	1419	297	331	298	1683	3001	244	398	293	192	1442	1235	195	433	142	578	78	450	314	417	731	188	647	1155	165	686	321	3310	195	1110	270	2313	135	529	638	645	181	662	347	918	287	172	279	625	1419	294	200	954	308	898	941	180	198	1296	267	550	529	1328	1155	192	1084	305	213	245	139	71	274	176	186
300	865	193	1383	539	388	819	770	393	192	1031	754	519	0	933	1588	540	1308	804	2423	1146	448	633	469	1129	569	820	2204	355	211	1450	762	669	766	538	682	1172	428	319	1616	1436	427	486	2304	0	533	1201	169	682	749	642	146	566	1142	523	402	2092	279	1135	1063	429	1089	612	415	329	441	130	89	988	405	10	2615	351	458	662	306	1154	533	1619	748	232	392	492	425	594	508	1377	200	211	102	686	661	194	537	200	656	102	2262	802	288	808	1068	649	62	1915	79	62	332	509	331	205	1552	807	1179	302	329	407	629	526	352	593	469	650	122	234	609	1133	489	395	469	833	476	532	754	564	36	453	765	702	1451	1450	2202	606	658	162	700	629	238	800	234	533	307	538	833	674	329	372	555	323	192	554	737	451	506	798	645	839	1061	1531	2303	628	515	192	1624	338	504	193	234	916	313	248	481	2202	2483	763	850	771	697	932	955	330	91	454	445	441	969	611	211	1210	668	532	651	358	552	790	2791	330	853	750	2040	456	10	134	534	389	194	442	1426	768	633	313	1047	916	776	504	485	356	1399	687	636	427	881	276	180	10	883	663	697	832	620	538	642	403	447	300	684	339
1109	271	857	457	586	1218	1441	1283	1236	958	1950	225	1218	933	0	655	754	471	1538	2343	214	654	1196	1246	905	1160	821	2513	1120	1135	889	284	894	736	1057	1134	1951	523	963	723	504	1261	1304	2661	933	582	1790	1009	1420	1568	1128	914	823	834	1047	530	2664	954	1615	1277	505	226	1174	1148	1124	1341	997	959	1431	1296	934	3536	1117	1080	772	956	1127	1466	1624	1513	909	1236	510	1161	1259	1191	451	903	1135	993	1287	1145	753	1224	903	1575	993	1567	1311	805	793	338	1121	920	2661	951	920	816	1025	1118	1111	1571	157	1960	1035	1124	1249	1191	571	1116	453	1246	1139	942	887	1167	253	1183	1247	1246	800	1182	1055	225	1154	915	1088	1281	1434	2357	889	1955	1043	303	1040	308	783	951	141	887	592	954	550	1194	1286	932	1207	1137	1121	958	1155	1461	1085	626	1590	1142	1237	1992	722	2657	1118	1216	958	731	975	1071	1008	887	804	930	1138	1356	2718	2236	1411	1616	1282	1291	869	23	1125	994	1254	1378	1170	1566	1463	1135	1571	1407	581	720	1136	541	1538	2639	1125	114	1274	1113	1085	934	968	584	1207	753	1340	2062	1283	1196	951	1333	804	1290	1047	588	1246	2062	277	1191	1261	1535	990	766	934	479	1184	1290	141	1465	1057	1128	1084	1173	963	1289	1130
1748	792	1502	245	1186	1856	2035	1841	1876	1602	2598	857	1831	1588	655	0	1351	449	2141	2526	445	1270	1779	1873	1258	1770	1322	2876	1753	1789	976	872	1434	1234	1647	1694	2553	1172	1591	289	170	1899	1936	3042	1588	1184	2353	1657	2029	2193	1699	1567	1394	1161	1640	1186	3156	1596	2126	1753	1160	536	1760	1773	1761	1988	1652	1614	1972	1943	1590	4182	1751	1690	1312	1586	1522	2121	1939	2138	1549	1876	1142	1786	1862	1803	246	1547	1789	1649	1870	1712	1408	1834	1547	2225	1649	1300	1865	1440	1297	648	1689	1573	3233	1604	1573	1453	1619	1754	1763	1904	788	2562	1669	1761	1888	1775	1178	1749	1064	1873	1709	1592	1527	1752	490	1798	1888	1873	1294	1800	1646	857	1764	1570	1700	1840	2041	2999	976	2059	1615	942	1694	930	1354	1598	792	1527	1206	1584	1157	1715	1872	1558	1846	1747	1759	1602	1767	2080	1698	1230	2207	1714	1787	2645	508	3037	1692	1830	1602	289	1601	1671	1660	1527	1260	1559	1787	1999	3180	2309	1997	2224	1840	1871	1325	633	1762	1647	1885	2034	1793	2124	2098	1789	2039	2017	1184	1285	1770	1145	2145	2748	1762	740	1837	487	1696	1590	1622	1186	1844	1408	1988	2605	1842	1779	1580	1802	1260	1848	1644	1215	1893	2617	913	1772	1899	2132	1625	1419	1590	951	1775	1871	764	2098	1647	1699	1706	1795	1594	1873	1767
839	856	646	1112	761	928	688	1271	932	707	1488	529	1050	540	754	1351	0	1221	1344	1924	922	722	1138	1009	590	418	280	2694	890	724	949	764	1046	1040	1018	1155	1708	540	810	1473	1181	966	1026	2806	540	751	1037	706	1222	1284	1123	410	932	611	1003	439	2629	336	1644	619	430	974	1115	947	867	956	493	488	692	929	532	3035	886	964	980	796	630	967	1125	793	714	931	635	958	1122	1035	1109	685	724	514	1204	1143	394	1067	685	1131	514	1767	1304	691	268	1036	1126	582	2450	613	582	212	984	869	736	1060	714	1714	824	867	945	1133	734	887	708	1009	1133	643	702	1110	1006	1018	933	1009	293	1007	1013	529	412	555	962	1266	1241	1914	949	1670	1064	638	518	446	91	365	621	702	166	797	730	1290	1195	803	912	396	861	707	417	730	960	759	1336	1130	498	1480	1471	2804	1109	1046	707	1480	830	997	453	702	376	790	782	1007	2732	1953	1294	1389	1271	1214	392	777	869	632	994	864	974	1497	1141	724	1690	1208	750	117	895	738	1331	2280	869	740	1253	1733	964	532	459	753	929	394	957	1965	1269	1138	800	1494	376	1277	988	195	884	1938	655	1139	966	784	787	521	532	443	430	1214	734	1152	1018	1123	922	980	795	1204	877
1410	443	1182	453	826	1512	1903	1428	1535	1278	2265	693	1456	1308	471	449	1221	0	1750	2729	383	920	1381	1512	1333	1618	1287	2428	1403	1488	1196	545	1023	814	1258	1284	2157	880	1240	321	422	1552	1582	2594	1308	827	2259	1340	1646	1823	1296	1323	1001	1250	1253	926	2712	1386	1692	1743	908	246	1363	1412	1418	1661	1397	1354	1902	1614	1312	3834	1401	1316	905	1237	1573	1824	2053	1957	1216	1535	821	1425	1476	1427	446	1222	1488	1386	1470	1307	1153	1456	1222	1902	1386	1696	1449	1104	1260	248	1284	1279	2814	1305	1279	1259	1233	1409	1454	2005	523	2165	1323	1418	1545	1377	825	1399	726	1512	1305	1283	1195	1356	218	1425	1548	1512	1265	1429	1257	693	1611	1282	1327	1427	1656	2648	1196	2302	1213	655	1440	775	1254	1377	599	1195	1057	1235	806	1289	1474	1205	1504	1595	1416	1278	1612	1911	1325	870	1828	1311	1708	2330	250	2589	1290	1455	1278	330	1246	1288	1421	1195	1261	1209	1469	1660	2733	2572	1597	1838	1426	1470	1328	450	1418	1349	1530	1748	1429	1706	1744	1488	1595	1635	827	1191	1421	793	1757	2995	1418	487	1426	923	1322	1312	1372	828	1497	1153	1660	2178	1429	1381	1230	1361	1261	1434	1260	1045	1567	2194	627	1373	1552	1995	1283	1128	1312	930	1649	1470	500	1742	1258	1296	1342	1429	1246	1474	1421
506	1348	737	1987	958	419	1441	370	419	650	680	1433	323	804	1538	2141	1344	1750	0	3196	1743	884	371	335	1932	1283	1624	1525	461	646	2225	1275	735	948	493	482	413	1042	590	2070	2020	385	324	1590	804	961	1766	639	125	180	460	941	749	1940	500	1087	1296	1055	495	1828	1117	1604	387	412	479	463	875	866	1682	462	812	2117	465	458	846	600	1953	643	2398	1254	669	420	1030	399	279	349	1980	689	646	847	286	453	968	314	689	515	847	3021	369	751	1612	1508	474	764	1135	732	764	1135	521	478	619	2330	1382	422	539	479	407	374	970	465	1088	335	452	706	688	394	1650	359	422	335	1638	363	494	1433	1280	790	450	368	107	951	2225	3002	538	1236	868	1409	1433	1014	1438	688	1319	601	991	554	278	615	434	1277	484	650	1267	1292	453	916	123	445	1577	811	1903	1590	463	326	650	2078	574	470	935	688	1719	621	571	393	1418	3281	171	91	373	289	1736	1555	477	712	350	694	386	267	285	646	666	139	962	1454	452	1001	27	3573	477	1429	361	2625	453	812	903	960	415	968	461	627	367	371	602	672	1719	367	496	1265	490	595	1261	379	385	1460	584	865	812	1647	1385	289	1403	266	493	460	463	381	596	281	469
2717	2584	2563	2335	2653	2783	1829	3186	2778	2610	3077	2207	2941	2423	2343	2526	1924	2729	3196	0	2348	2634	3051	2878	1451	1917	1666	4616	2776	2550	1553	2533	2963	2923	2939	3078	3492	2436	2724	2796	2402	2813	2872	4724	2423	2644	1678	2591	3084	3089	3044	2276	2851	1511	2923	2338	4490	2150	3556	1367	2320	2539	3029	2837	2746	2746	2328	2345	1553	2737	2413	4303	2772	2875	2884	2711	1299	2642	803	2072	2628	2777	2520	2846	3016	2931	2340	2597	2550	2358	3109	3064	2314	2960	2597	2825	2358	1636	3219	2615	1688	2680	3048	2477	4199	2502	2477	2103	2905	2750	2581	870	2420	3496	2724	2746	2791	3046	2626	2773	2565	2878	3053	2541	2619	3025	2540	2912	2774	2878	1667	2899	2933	2207	1920	2447	2871	3182	3104	3450	1553	510	2988	2437	2330	2155	1833	2191	2290	2619	2028	2711	2617	3214	3097	2722	2768	1920	2740	2610	1933	2002	2869	2661	3154	3050	1623	2992	2943	4723	3030	2937	2610	2799	2745	2913	2264	2619	1614	2707	2629	2812	4614	432	3182	3219	3187	3119	1566	2354	2747	2507	2855	2554	2863	3390	2941	2550	3614	3071	2642	1844	2777	2621	3177	392	2747	2414	3167	2545	2874	2413	2303	2646	2790	2314	2748	3821	3184	3051	2715	3418	1614	3193	2907	2082	2705	3783	2438	3053	2813	1858	2694	2443	2413	1883	1815	3119	2426	2957	2939	3044	2825	2869	2708	3107	2756
1322	422	1071	244	786	1431	1611	1475	1450	1172	2164	412	1425	1146	214	445	922	383	1743	2348	0	860	1395	1457	953	1338	937	2649	1332	1349	829	472	1076	900	1258	1325	2157	738	1173	557	290	1474	1516	2803	1146	783	1946	1223	1627	1779	1323	1121	1015	868	1248	743	2840	1152	1793	1389	717	218	1374	1358	1337	1555	1206	1169	1574	1510	1147	3750	1330	1286	952	1167	1199	1679	1671	1701	1122	1450	720	1372	1464	1398	238	1117	1349	1203	1486	1338	963	1431	1117	1789	1203	1422	1501	1017	911	380	1314	1133	2860	1165	1133	1010	1226	1331	1325	1625	362	2166	1247	1337	1462	1390	773	1329	655	1457	1334	1156	1100	1366	202	1391	1460	1457	912	1391	1256	412	1332	1128	1295	1473	1641	2571	829	1929	1238	514	1248	488	937	1153	347	1100	769	1165	752	1373	1486	1142	1420	1315	1334	1172	1335	1645	1292	828	1799	1337	1384	2205	617	2799	1314	1424	1172	564	1185	1275	1214	1100	897	1141	1352	1570	2885	2202	1612	1823	1473	1489	964	193	1338	1208	1466	1590	1380	1758	1676	1349	1735	1614	782	869	1349	742	1745	2620	1338	315	1467	898	1291	1147	1176	784	1420	963	1555	2252	1475	1395	1162	1496	897	1482	1250	774	1460	2256	487	1389	1474	1707	1202	980	1147	567	1351	1489	341	1677	1258	1323	1294	1382	1174	1489	1343
489	484	277	1104	97	592	1228	652	614	362	1345	570	565	448	654	1270	722	920	884	2634	860	0	549	602	1219	950	968	2007	485	586	1409	398	329	336	409	507	1297	204	322	1240	1140	633	667	2134	448	94	1613	428	766	922	492	532	220	1195	397	297	2051	650	1010	1338	317	737	527	502	497	741	569	523	1347	694	455	2919	483	426	258	318	1335	916	1842	1190	298	615	151	515	605	537	1097	308	586	546	638	511	386	571	308	982	546	2172	682	187	945	672	488	399	2010	415	399	598	375	489	545	1778	498	1306	403	497	625	544	95	481	206	602	503	382	278	519	783	530	627	602	967	531	406	570	944	414	435	648	780	1733	1409	2337	411	352	607	567	808	620	559	278	606	316	114	608	636	288	584	931	496	362	938	1170	432	59	940	504	1170	1410	1121	2131	480	563	362	1249	330	418	619	278	1027	290	554	740	2125	2624	760	963	651	643	1070	670	498	457	615	850	522	927	830	586	1012	753	94	790	503	127	885	2978	498	545	639	1749	431	455	558	94	578	386	740	1424	651	549	311	794	1027	659	395	552	647	1419	377	545	633	1301	362	283	455	843	1025	643	519	829	409	492	435	524	327	640	501
367	988	491	1636	609	366	1410	137	387	442	986	1118	172	633	1196	1779	1138	1381	371	3051	1395	549	0	278	1702	1191	1414	1571	304	569	1944	923	364	577	140	125	776	733	327	1700	1665	370	347	1673	633	614	1774	470	282	479	91	779	384	1695	152	799	1515	912	506	1696	827	1244	23	246	342	522	744	717	1610	488	643	2483	307	175	475	341	1767	750	2247	1274	424	388	701	243	127	158	1629	454	569	713	91	91	743	154	454	706	713	2720	169	463	1397	1141	107	575	1465	553	575	948	175	333	522	2180	1038	784	331	342	384	4	625	305	743	278	86	512	435	30	1289	176	401	278	1422	193	143	1118	1186	605	180	132	287	1308	1944	2806	167	899	756	1107	1230	870	1109	435	1074	340	646	258	93	335	374	1179	348	442	1175	1290	182	570	463	78	1470	1095	1532	1672	93	175	442	1708	307	143	812	435	1495	348	484	468	1603	3090	218	461	138	94	1524	1211	341	557	314	749	229	380	465	569	581	275	615	1235	312	655	381	3414	341	1084	117	2265	176	643	761	612	348	743	520	876	134	0	337	454	1495	143	158	1017	477	870	922	9	370	1452	357	618	643	1368	1289	94	1057	453	140	91	230	224	343	94	333
170	1085	410	1701	690	100	1168	393	115	318	766	1119	106	469	1246	1873	1009	1512	335	2878	1457	602	278	0	1596	978	1289	1783	130	333	1893	1000	565	761	303	393	725	731	283	1834	1741	92	76	1868	469	690	1520	303	212	322	349	610	530	1604	299	765	1624	729	710	1511	795	1339	272	100	143	243	550	536	1390	210	478	2321	133	208	645	290	1622	472	2077	1013	345	116	736	87	170	124	1695	361	333	520	276	359	633	124	361	443	520	2695	418	441	1277	1265	365	428	1463	396	428	801	309	143	297	2009	1094	733	214	143	109	277	695	134	809	0	349	370	366	275	1386	112	127	0	1302	99	300	1119	974	454	194	388	232	1135	1893	2671	384	942	548	1089	1098	688	1135	366	984	291	716	536	261	315	114	970	148	318	962	1037	196	645	351	341	1268	856	1693	1867	342	103	318	1843	272	256	613	366	1383	315	250	193	1737	2951	309	391	395	288	1401	1264	141	379	36	473	84	516	233	333	827	199	691	1118	118	728	324	3251	141	1142	373	2351	201	478	576	689	89	633	241	957	390	279	294	730	1383	396	282	931	207	929	969	287	92	1202	260	535	478	1316	1079	289	1116	230	303	349	170	85	283	272	133
1426	1134	1215	1022	1223	1517	1002	1830	1521	1287	2052	755	1630	1129	905	1258	590	1333	1932	1451	953	1219	1702	1596	0	851	317	3226	1474	1313	459	1081	1547	1482	1574	1702	2298	1014	1378	1477	1098	1556	1615	3350	1129	1213	1209	1292	1808	1874	1675	1000	1439	99	1559	924	3209	913	2203	538	902	1116	1679	1529	1453	1544	1081	1078	824	1518	1121	3557	1470	1533	1456	1365	265	1536	721	1205	1285	1521	1090	1541	1700	1613	1024	1258	1313	1103	1775	1695	968	1646	1258	1708	1103	1235	1862	1241	323	1244	1676	1167	3040	1199	1167	802	1537	1454	1326	672	970	2305	1403	1453	1535	1697	1196	1470	1123	1596	1685	1227	1270	1673	1126	1597	1523	1596	298	1587	1569	755	848	1142	1533	1825	1828	2475	459	1118	1607	987	1102	704	505	947	839	1270	628	1366	1184	1822	1767	1366	1502	837	1447	1287	860	1125	1530	1237	1926	1684	688	2026	1570	3348	1661	1627	1287	1482	1398	1559	1035	1270	213	1354	1372	1596	3305	1405	1872	1979	1830	1784	213	918	1455	1221	1583	1432	1556	2072	1731	1313	2227	1794	1212	477	1481	1186	1919	1772	1455	966	1813	1494	1534	1121	1047	1216	1518	968	1545	2548	1828	1702	1368	2014	213	1836	1546	685	1474	2525	987	1702	1556	1093	1364	1085	1121	433	789	1784	977	1742	1574	1675	1497	1561	1365	1775	1463
830	1221	753	1530	1020	879	289	1328	871	760	1231	935	1055	569	1160	1770	418	1618	1283	1917	1338	950	1191	978	851	0	558	2756	893	644	1284	1120	1226	1287	1107	1250	1578	826	889	1883	1600	904	962	2846	569	1012	669	721	1176	1171	1209	435	1117	911	1092	738	2573	303	1681	555	745	1373	1172	955	858	829	447	480	419	821	559	2706	890	1020	1198	876	751	742	1127	379	801	870	920	962	1131	1051	1528	769	644	479	1232	1228	563	1075	769	924	479	2085	1359	837	567	1414	1217	632	2300	645	632	373	1079	865	682	1060	1098	1583	861	858	882	1187	998	891	1014	978	1216	691	801	1170	1408	1031	865	978	586	1016	1101	935	6	603	1013	1323	1196	1646	1284	1770	1176	992	435	854	432	339	1022	801	569	877	1002	1402	1219	899	864	22	852	760	15	312	1011	1002	1237	1211	294	1188	1865	2845	1195	1050	760	1890	907	1070	380	801	668	883	727	895	2701	2037	1287	1301	1329	1244	641	1183	860	635	951	645	978	1494	1024	644	1772	1164	1010	500	890	1013	1262	2299	860	1131	1308	2147	1018	559	435	1014	888	563	830	1906	1325	1191	883	1616	668	1333	1072	573	792	1865	1015	1195	904	378	842	675	559	850	102	1244	1120	1040	1107	1209	960	984	869	1230	868
1119	994	923	1077	990	1207	757	1545	1210	987	1736	618	1330	820	821	1322	280	1287	1624	1666	937	968	1414	1289	317	558	0	2961	1170	998	726	919	1297	1264	1291	1426	1984	770	1087	1493	1152	1245	1305	3078	820	980	1036	986	1502	1560	1395	687	1185	358	1276	672	2909	596	1919	456	655	1047	1391	1227	1147	1228	765	764	650	1203	812	3255	1166	1241	1219	1073	367	1219	878	929	991	1210	858	1239	1402	1315	1076	963	998	788	1482	1416	671	1347	963	1390	788	1533	1578	960	28	1144	1397	862	2725	893	862	489	1256	1149	1013	816	834	1991	1104	1147	1224	1409	963	1167	912	1289	1405	924	979	1386	1069	1298	1211	1289	30	1287	1286	618	554	835	1240	1541	1522	2160	726	1392	1333	804	785	544	191	630	714	979	362	1074	955	1555	1473	1079	1192	541	1141	987	564	854	1238	996	1614	1403	471	1715	1537	3076	1381	1326	987	1499	1107	1272	718	979	111	1065	1060	1282	3012	1676	1574	1668	1546	1492	111	840	1149	911	1274	1115	1254	1776	1416	998	1958	1488	979	180	1176	960	1611	2013	1149	845	1528	1642	1242	812	732	983	1209	671	1229	2245	1544	1414	1077	1755	111	1552	1262	416	1159	2219	813	1415	1245	854	1067	795	812	373	515	1492	848	1428	1291	1395	1201	1260	1072	1482	1158
1925	2243	2053	2843	2012	1884	2951	1434	1896	2013	2045	2535	1701	2204	2513	2876	2694	2428	1525	4616	2649	2007	1571	1783	3226	2756	2961	0	1863	2116	3382	2238	1681	1784	1677	1538	1458	2212	1894	2663	2836	1866	1813	183	2204	2021	3289	2040	1605	1689	1572	2351	1787	3201	1693	2302	757	2483	1075	3267	2324	2437	1592	1801	1897	1979	2313	2288	3172	1969	2215	2807	1866	1746	1782	1907	3324	2169	3814	2777	1989	1897	2142	1794	1625	1705	2835	2021	2116	2282	1524	1552	2302	1681	2021	2028	2282	4071	1402	2003	2941	2280	1568	2147	1341	2125	2147	2515	1711	1891	2075	3748	2372	1460	1902	1897	1887	1575	2038	1865	2128	1783	1563	2083	1997	1595	2469	1724	1905	1783	2965	1740	1683	2535	2751	2176	1751	1439	1587	2038	3382	4344	1629	2286	2320	2556	2785	2442	2486	1997	2605	1906	2053	1406	1537	1895	1897	2746	1903	2013	2740	2811	1753	1993	1618	1566	3040	2194	2423	177	1586	1705	2013	2670	1873	1705	2380	1997	3030	1909	2031	1909	605	4631	1476	1548	1433	1512	3068	2517	1896	2126	1814	2217	1777	1276	1811	2116	1003	1615	2023	2780	1866	2053	1551	4974	1896	2403	1454	3327	1748	2215	2332	2019	1872	2302	1977	1035	1436	1571	1902	1212	3030	1428	1709	2549	1983	1106	2297	1568	1866	2978	1929	2173	2215	2840	2856	1512	2380	1792	1677	1572	1801	1771	1911	1526	1887
63	970	280	1577	576	112	1105	438	137	189	864	990	164	355	1120	1753	890	1403	461	2776	1332	485	304	130	1474	893	1170	1863	0	265	1765	881	502	681	265	391	855	603	163	1724	1618	149	183	1956	355	576	1470	185	336	450	345	500	446	1479	255	635	1739	626	788	1413	665	1222	288	61	38	281	451	430	1311	236	364	2434	3	158	563	167	1510	497	1973	973	216	138	613	70	240	157	1571	231	265	420	338	361	508	183	231	514	420	2565	468	315	1157	1154	358	308	1592	278	308	686	255	29	218	1906	971	863	85	38	145	301	579	3	690	130	349	247	237	288	1268	138	152	130	1182	123	260	990	889	335	145	433	355	1248	1765	2557	350	818	457	958	980	585	1007	237	858	169	600	545	325	197	108	883	43	189	877	987	145	532	481	342	1178	940	1592	1955	334	160	189	1732	157	216	518	237	1262	194	181	261	1846	2838	407	520	439	350	1282	1139	37	268	133	471	86	614	345	265	883	322	576	997	18	612	452	3146	37	1019	417	2229	152	364	473	575	95	508	280	1075	435	304	173	753	1262	443	234	804	204	1050	845	310	149	1148	131	405	364	1187	993	350	993	345	265	345	92	92	159	336	31
202	1044	310	1588	684	234	841	702	228	230	821	963	417	211	1135	1789	724	1488	646	2550	1349	586	569	333	1313	644	998	2116	265	0	1653	944	721	864	519	653	985	618	335	1802	1639	262	321	2202	211	680	1204	162	534	562	608	313	638	1334	507	607	1942	412	1041	1183	635	1279	554	323	227	234	234	236	1056	204	214	2406	262	416	749	327	1312	335	1751	709	297	227	667	328	492	417	1583	280	0	210	596	624	406	437	280	445	210	2468	731	400	990	1243	620	215	1727	185	215	512	501	236	51	1683	1003	992	268	227	240	566	676	264	763	333	613	205	314	553	1324	398	223	333	1015	381	513	963	640	221	405	697	554	1239	1653	2360	601	850	222	912	808	373	1005	314	738	330	692	808	582	363	220	636	221	230	628	721	404	644	618	606	935	856	1701	2201	596	412	230	1810	346	473	290	314	1100	349	85	283	2063	2637	643	677	704	608	1109	1157	228	141	306	264	343	849	417	0	1146	521	679	839	257	706	628	2926	228	1049	681	2246	411	214	266	680	244	406	235	1273	699	569	337	1018	1100	706	485	692	161	1238	879	575	262	883	276	369	214	1091	746	609	1027	429	519	608	349	349	317	593	236
1727	1159	1487	782	1381	1829	1457	2058	1838	1575	2438	849	1907	1450	889	976	949	1196	2225	1553	829	1409	1944	1893	459	1284	726	3382	1765	1653	0	1147	1715	1598	1806	1916	2616	1212	1641	1243	849	1871	1927	3522	1450	1374	1664	1597	2100	2196	1898	1344	1621	377	1792	1146	3458	1286	2420	988	1117	1039	1921	1812	1751	1888	1433	1419	1282	1855	1444	3977	1761	1789	1605	1629	693	1917	993	1650	1556	1838	1261	1825	1968	1885	787	1535	1653	1449	2027	1917	1264	1919	1535	2077	1449	817	2089	1486	719	1196	1895	1474	3356	1509	1474	1152	1770	1750	1655	969	1014	2623	1685	1751	1852	1939	1358	1761	1257	1893	1909	1526	1538	1914	1030	1871	1842	1893	698	1864	1802	849	1280	1454	1793	2054	2118	2864	0	1106	1820	1096	1462	841	885	1312	895	1538	916	1629	1340	2012	2021	1621	1814	1268	1746	1575	1290	1573	1790	1409	2240	1910	1145	2428	1396	3519	1886	1903	1575	1245	1659	1802	1400	1538	615	1612	1698	1931	3534	1375	2138	2285	2057	2034	648	891	1753	1539	1887	1813	1839	2324	2061	1653	2410	2086	1372	833	1775	1338	2217	1800	1753	989	2044	1098	1792	1444	1398	1376	1826	1264	1889	2817	2057	1944	1629	2179	615	2065	1785	966	1806	2803	1084	1942	1871	1550	1641	1359	1444	578	1234	2034	1010	2070	1806	1898	1767	1844	1632	2028	1761
880	104	642	713	316	986	1409	1003	1007	740	1735	326	960	762	284	872	764	545	1275	2533	472	398	923	1000	1081	1120	919	2238	881	944	1147	0	610	455	786	853	1688	335	719	857	745	1028	1065	2383	762	313	1782	799	1160	1320	851	785	543	1028	777	392	2380	861	1330	1359	379	340	902	900	891	1126	854	811	1455	1080	766	3314	879	820	487	714	1266	1280	1778	1434	682	1008	278	914	995	932	706	684	944	842	1014	866	613	965	684	1366	842	1850	1030	571	891	307	842	733	2388	760	733	748	755	884	911	1720	133	1697	798	891	1019	918	306	878	191	1000	861	740	660	894	387	926	1020	1000	906	928	784	326	1113	736	830	1001	1173	2129	1147	2176	765	127	897	381	822	847	254	660	601	712	285	910	1014	686	977	1098	889	740	1111	1396	827	359	1336	865	1262	1792	772	2379	841	959	740	866	728	805	883	660	935	687	930	1131	2433	2460	1140	1356	1002	1017	994	295	892	804	1013	1202	920	1286	1227	944	1287	1147	313	774	899	274	1277	2848	892	169	995	1352	825	766	831	315	973	613	1126	1781	1004	922	708	1050	935	1010	779	570	1031	1784	109	917	1028	1497	755	582	766	651	1167	1017	144	1227	786	851	833	922	722	1017	896
544	656	476	1311	334	610	1488	407	635	503	1325	866	478	669	894	1434	1046	1023	735	2963	1076	329	364	565	1547	1226	1297	1681	502	721	1715	610	0	213	264	261	1135	532	385	1340	1331	636	641	1812	669	342	1870	566	642	834	275	791	113	1520	266	626	1770	923	721	1655	646	905	349	478	535	782	799	757	1637	738	679	2846	502	358	124	393	1664	999	2169	1408	443	636	461	486	474	450	1303	472	721	770	450	284	681	471	472	1006	770	2454	430	388	1275	789	262	607	1798	606	607	901	255	524	670	2104	738	1144	458	535	640	360	359	500	460	565	283	560	436	342	948	456	651	565	1297	467	267	866	1220	633	372	405	649	1667	1715	2666	198	623	828	879	1134	887	833	436	935	391	375	301	456	358	609	1209	537	503	1212	1403	371	312	825	290	1470	1421	1168	1809	271	478	503	1348	374	309	861	436	1357	373	654	751	1828	2953	575	825	405	449	1399	905	534	634	594	965	483	689	792	721	694	633	344	1118	520	377	745	3308	534	779	403	1922	365	679	800	340	591	681	780	1177	408	364	384	468	1357	413	282	881	706	1184	639	355	636	1550	444	556	679	1161	1311	449	753	783	264	275	413	481	403	454	532
713	478	578	1126	279	793	1564	614	818	635	1527	755	682	766	736	1234	1040	814	948	2923	900	336	577	761	1482	1287	1264	1784	681	864	1598	455	213	0	470	472	1348	500	539	1128	1140	825	837	1927	766	288	1949	703	854	1043	488	865	235	1443	469	601	1941	986	897	1659	612	714	562	668	709	962	893	849	1682	916	775	3058	681	553	118	543	1629	1169	2142	1515	569	819	407	678	685	654	1118	591	864	868	663	497	723	677	591	1194	868	2304	635	480	1239	586	475	710	2001	719	710	932	455	698	817	2080	589	1356	622	709	825	574	305	679	359	761	497	678	555	555	755	657	834	761	1259	666	472	755	1280	731	566	613	862	1877	1598	2596	410	506	928	785	1121	955	702	555	905	541	310	481	669	506	790	1268	710	635	1274	1500	564	287	1038	503	1502	1616	955	1924	484	683	635	1137	534	510	948	555	1308	518	810	939	1985	2883	788	1038	612	662	1358	743	709	755	787	1122	677	892	993	864	836	845	290	1093	700	304	958	3255	709	623	612	1721	560	775	887	286	775	723	961	1371	615	577	534	597	1308	620	483	856	879	1383	514	569	825	1635	596	616	775	1071	1362	662	599	986	470	488	599	676	554	667	708
320	855	375	1500	471	361	1342	256	386	346	1060	978	213	538	1057	1647	1018	1258	493	2939	1258	409	140	303	1574	1107	1291	1677	265	519	1806	786	264	470	0	143	905	594	219	1578	1530	381	380	1787	538	475	1715	390	388	573	105	681	256	1563	15	663	1652	816	629	1592	690	1111	117	226	303	532	660	627	1527	490	549	2589	266	107	359	233	1649	757	2136	1228	313	387	561	232	218	185	1493	345	519	628	229	125	625	207	345	746	628	2580	288	332	1273	1015	111	477	1603	462	477	837	36	292	468	2070	900	914	254	303	388	135	486	264	604	303	114	416	320	110	1157	192	402	303	1298	204	5	978	1102	507	120	252	398	1407	1806	2682	85	760	678	968	1110	776	969	320	945	231	507	296	228	217	363	1093	307	346	1092	1236	120	431	571	111	1377	1157	1420	1785	91	214	346	1587	200	49	727	320	1369	232	440	494	1736	2968	354	580	256	234	1401	1072	302	474	334	736	225	519	527	519	676	378	476	1111	280	516	499	3298	302	945	240	2133	113	549	672	473	342	625	530	1016	254	140	226	509	1369	263	34	889	466	1010	783	136	381	1393	265	497	549	1231	1202	234	919	519	0	105	173	222	238	232	297
451	910	516	1563	550	471	1483	149	494	490	1111	1077	288	682	1134	1694	1155	1284	482	3078	1325	507	125	393	1702	1250	1426	1538	391	653	1916	853	261	472	143	0	875	705	363	1601	1587	482	465	1652	682	556	1854	532	404	602	45	825	310	1687	158	783	1544	960	504	1735	808	1162	122	341	429	635	803	770	1670	598	692	2599	393	237	382	376	1786	863	2276	1362	456	495	658	342	252	268	1555	488	653	771	196	34	763	273	488	828	771	2678	177	465	1407	1050	33	621	1540	605	621	978	174	419	603	2210	976	884	394	429	493	123	570	391	684	393	43	560	461	118	1206	283	509	393	1431	299	149	1077	1245	651	247	147	407	1427	1916	2815	96	846	820	1075	1247	919	1058	461	1075	375	590	155	205	358	477	1237	434	490	1235	1373	248	515	583	51	1521	1220	1425	1650	57	290	490	1609	343	182	870	461	1500	374	571	586	1618	3100	317	573	148	193	1534	1146	428	616	428	854	330	433	590	653	536	398	558	1245	403	596	495	3436	428	1019	143	2181	241	692	815	554	452	763	633	928	150	125	370	367	1500	156	177	1018	581	930	866	115	482	1532	408	634	692	1346	1345	192	993	578	143	45	303	326	382	201	422
