NAME : VRPTW_INSTANCE_240.txt
COMMENT : Bangkok Supermarket
TYPE : VRPTW
DIMENSION : 262
DAYS : Monday
EDGE_WEIGHT_TYPE : EXPLICIT
VEHICLES : 36
EDGE_WEIGHT_FORMAT : FULL_MATRIX
CAPACITY : 1000
EDGE_WEIGHT_SECTION
0	404	1128	310	221	2206	190	464	1126	371	580	1424	93	202	475	211	224	301	414	622	1507	1064	97	1195	365	991	976	206	422	215	993	215	246	300	891	347	190	969	300	165	386	1430	124	399	975	408	214	1627	620	1083	1300	124	609	398	227	1622	239	489	371	569	1005	1621	745	320	2392	1115	401	1623	1014	78	17	165	1002	193	938	213	447	503	256	284	97	639	441	212	495	436	197	412	741	368	439	239	399	1221	153	613	199	216	1172	586	165	465	240	277	358	154	826	530	216	2274	258	988	1056	386	202	133	221	2005	539	125	34	1028	385	1908	839	900	608	347	197	631	543	964	538	135	1149	223	431	1427	366	972	399	215	1121	581	487	976	442	578	104	80	1321	1058	558	444	977	402	722	830	111	284	236	189	993	2068	409	581	172	1813	348	202	78	153	1068	196	390	24	1190	737	1025	26	448	996	493	395	283	408	239	1822	112	840	343	25	78	215	474	390	2012	193	322	300	411	428	419	2305	97	577	996	955	378	437	422	2174	359	639	947	418	508	502	86	413	530	1016	371	288	348	3176	484	499	1175	248	2453	413	370	288	636	1054	479	371	840	1037	736	366	1010	672	439	1005	211	165	865	78	1060	781	201	132	298	21	578	230	532	84	2066	904
404	0	733	660	625	2153	540	256	775	62	687	1828	483	243	880	588	628	706	756	980	1104	955	453	1141	660	944	820	346	790	619	633	618	468	147	907	735	589	1072	147	440	42	1190	323	802	1129	31	618	1618	913	731	944	323	484	801	461	1961	643	570	62	944	939	1960	355	676	1991	919	97	1499	943	426	420	440	1348	242	820	616	586	614	471	183	453	703	783	219	599	778	574	91	997	759	774	465	17	1180	352	928	377	595	809	650	440	629	642	183	671	267	426	632	595	2219	662	1373	918	42	243	536	457	1970	812	467	438	633	687	1534	976	497	674	735	478	969	631	620	810	539	1053	458	771	1115	759	814	17	455	1002	674	684	628	572	896	482	484	1317	654	936	579	576	790	356	431	468	183	641	271	869	1722	783	674	455	1729	734	243	426	501	941	599	793	429	818	582	1378	417	746	916	888	34	192	7	465	1419	491	491	739	417	426	618	805	17	1667	595	687	147	785	198	71	2148	453	676	847	1253	133	782	796	1785	48	703	1069	786	624	897	339	787	801	930	62	692	728	2836	880	894	1565	452	2281	19	760	642	916	656	823	62	491	924	420	758	938	1076	540	939	473	440	808	426	1027	415	262	535	644	401	896	462	910	348	1683	505
1128	733	0	1329	1346	2050	1274	725	276	757	1141	2532	1195	975	1602	1284	1343	1425	1407	1627	493	986	1186	1206	1384	1089	829	1004	1523	1341	246	1334	1189	830	1161	1428	1302	1398	830	1114	744	856	1025	1514	1511	722	1334	1659	1497	270	339	1025	792	1513	1186	2678	1363	1052	757	1678	1053	2677	503	1347	1268	793	727	1346	1049	1158	1144	1114	2073	942	899	1332	1114	1104	1191	854	1186	1104	1430	952	1089	1426	1270	716	1689	1491	1417	1188	734	1257	1034	1533	1035	1291	229	1075	1114	1161	1356	859	1398	1000	412	1280	1291	2107	1382	2106	913	744	975	1255	1183	1919	1391	1200	1160	100	1412	820	1372	253	1090	1428	1143	1594	1090	311	1389	1259	1072	1183	1418	606	1490	824	734	1181	995	1119	1373	632	1098	1508	1188	1208	1423	267	1670	1107	324	1523	421	411	1201	854	1361	959	914	1056	1460	1119	1128	1617	1426	975	1158	1234	944	1316	1506	1152	185	758	2105	1144	1466	1016	1583	752	858	728	1188	704	1197	355	1440	1144	1158	1334	1532	744	1005	1310	1363	830	1461	729	708	1846	1186	1127	855	1958	756	1431	1472	1052	772	1104	1663	1457	1114	1592	1070	1463	1382	1014	757	1409	1461	2158	1576	1591	2298	1086	1938	720	1454	1315	1485	352	1468	757	355	963	476	1455	1043	1800	1056	1053	1130	1114	995	1158	1164	368	947	1253	1311	1128	1508	1187	1583	1081	956	375
310	660	1329	0	216	2057	387	607	1269	610	439	1207	219	507	357	107	188	227	103	321	1752	1008	357	1085	545	895	966	328	476	224	1153	187	518	522	760	124	173	764	522	221	630	1452	339	246	735	654	193	1462	319	1228	1439	339	646	246	500	1608	211	407	610	569	923	1608	1016	18	2595	1121	621	1543	933	361	306	221	1007	418	903	189	332	387	527	490	357	517	130	511	390	126	117	633	885	377	129	511	650	1100	309	304	296	105	1326	480	221	315	179	487	521	456	1085	796	106	2125	217	911	1023	630	507	219	495	1847	258	377	282	1233	550	2057	623	1128	494	124	187	321	432	1109	257	224	1074	497	121	1515	364	963	650	489	1068	452	713	1270	339	269	205	265	1167	1306	549	334	1232	408	908	1090	358	490	213	390	956	2177	131	452	206	1695	119	507	361	377	1026	194	243	296	1355	764	1015	320	602	925	263	662	484	662	511	2033	198	1000	156	318	361	189	579	644	2120	183	40	522	132	599	649	2230	357	444	978	1032	583	128	143	2347	612	517	1168	128	386	272	395	134	251	948	610	211	401	3265	259	272	1073	245	2388	663	147	22	341	1315	170	610	1000	986	881	154	931	536	366	923	199	221	795	361	947	963	400	216	18	328	269	502	254	394	2227	1164
221	625	1346	216	0	2262	189	659	1330	591	630	1203	153	412	255	130	28	80	297	456	1728	1177	203	1275	329	1078	1113	371	273	9	1201	30	338	515	954	169	60	977	515	271	606	1587	323	180	952	629	25	1670	523	1287	1503	323	762	179	322	1453	18	572	591	393	1101	1453	964	214	2612	1262	618	1725	1111	222	206	271	838	404	1061	29	507	566	346	494	203	703	318	427	564	316	132	629	671	185	325	332	620	1294	325	494	347	126	1380	659	271	503	41	488	304	369	1046	598	125	2330	37	788	1181	606	412	90	318	2054	474	210	187	1246	334	2116	837	1121	676	169	268	486	611	1167	473	86	1251	320	314	1613	175	1109	620	314	1236	639	503	1183	509	461	166	141	1371	1279	377	506	1198	219	934	1050	196	494	15	391	1115	2264	246	639	264	1891	173	412	222	195	1189	35	171	196	1401	889	853	211	385	1099	288	616	491	629	332	2042	159	1047	147	210	222	28	367	611	2208	47	198	515	247	632	638	2412	203	632	1129	834	591	313	256	2388	580	703	953	263	567	296	295	250	467	1121	591	68	193	3366	278	291	969	346	2567	635	182	200	550	1274	348	591	1047	1152	937	174	1109	453	524	1101	289	271	967	222	1137	993	403	92	219	226	461	324	348	288	2277	1124
2206	2153	2050	2057	2262	0	2382	1898	1773	2104	1636	2797	2173	2266	2384	2133	2236	2284	2018	2051	2468	1199	2302	1019	2561	1224	1344	2011	2532	2267	1843	2231	2446	2072	1316	2163	2205	1304	2072	2046	2117	1210	2106	2280	1379	2122	2237	597	1845	1783	1766	2106	1672	2281	2428	3599	2262	1717	2104	2620	1219	3599	2299	2066	2655	1295	2058	704	1214	2285	2219	2046	3041	2095	1333	2233	1766	1708	2455	2051	2302	1569	2011	2246	1714	2011	2132	2062	2929	2434	1995	2439	2136	987	2061	1906	2009	2136	1827	1621	2046	1761	2231	2057	2546	2236	2270	2713	2137	68	2271	2882	1243	2117	2266	2221	2422	215	1831	2330	2208	2046	2575	1986	1446	2132	1599	2163	2025	1976	1665	1790	1831	2228	1100	2424	2007	1518	2421	1351	2136	2416	1155	1631	2693	2579	1769	1922	2150	2231	890	2286	2599	1769	2298	2464	1947	2274	2314	2051	2264	2071	1285	1774	2112	1631	2043	437	2157	2266	2285	2352	1218	2232	2281	2215	1880	1571	3038	2232	2635	1239	2224	2186	2043	2146	2439	2384	2150	1853	2201	2231	2285	2233	2629	2143	1752	2219	2088	2072	2111	1958	2082	586	2302	1636	1315	3089	2031	2017	2113	2284	2138	1569	3149	2090	1705	2227	2242	2110	1834	1223	2104	2268	2455	2298	2228	2232	2987	1960	721	2135	2176	2068	1808	2366	2010	2104	1853	1229	1821	2187	1218	2505	1767	1219	2006	2046	1358	2285	1148	1929	2064	2217	2049	2227	1922	2431	2133	2251	2142	2299
190	540	1274	387	189	2382	0	647	1297	523	747	1331	209	300	381	282	213	247	479	645	1619	1252	97	1376	179	1173	1167	397	249	179	1160	210	153	468	1066	359	215	1121	468	337	533	1620	313	346	1111	553	205	1797	704	1253	1469	313	800	345	139	1440	204	666	523	403	1190	1439	847	389	2528	1305	562	1810	1199	124	174	337	821	371	1127	207	615	673	160	459	97	812	502	322	668	499	275	571	554	229	507	148	540	1400	343	680	387	282	1338	761	337	625	229	452	168	274	936	411	281	2450	214	832	1246	533	300	172	137	2178	644	75	177	1174	196	2070	986	1034	782	359	357	675	716	1135	643	166	1335	138	497	1608	233	1162	540	133	1310	751	329	1036	613	646	232	150	1493	1174	396	613	1088	255	883	940	82	459	201	375	1182	2242	435	751	338	1995	362	300	124	41	1258	196	337	174	1352	928	846	164	259	1182	465	522	460	546	148	1955	233	1009	335	165	124	208	285	530	2186	206	378	468	436	606	573	2493	97	746	1187	765	547	498	445	2326	503	812	789	452	677	473	209	439	636	1203	523	244	189	3353	455	467	1025	423	2642	554	371	366	728	1158	534	523	1009	1225	912	362	1195	561	616	1190	375	337	1051	124	1240	943	386	176	384	176	646	141	535	198	2223	1012
464	256	725	607	659	1898	647	0	672	206	478	1813	506	406	908	574	650	732	682	901	1172	701	549	884	805	687	574	291	886	656	548	640	630	194	657	713	606	838	194	401	219	984	342	810	911	225	642	1361	783	629	845	342	227	809	618	2086	673	366	206	1033	682	2085	522	625	1988	688	160	1252	687	522	482	401	1466	275	566	639	410	417	636	191	549	476	705	381	402	700	561	165	1171	829	691	625	239	924	333	814	320	581	725	427	401	457	660	198	806	397	557	850	581	1964	692	1446	669	219	406	571	612	1714	677	572	490	631	829	1460	758	547	450	713	424	871	421	509	675	576	799	614	692	962	824	569	239	608	750	460	874	824	394	787	493	536	1062	741	1021	402	682	863	304	562	565	191	672	275	617	1606	738	460	413	1476	710	406	522	606	690	625	803	486	750	331	1489	487	892	659	866	288	188	250	625	1429	501	394	729	487	522	641	932	246	1550	616	643	194	739	59	186	1912	549	465	600	1407	134	705	750	1742	240	476	1294	733	428	875	442	741	667	675	206	714	812	2712	860	874	1628	361	2050	240	739	594	776	771	742	206	394	671	279	741	682	1105	353	682	409	401	551	522	771	357	263	568	588	473	787	620	859	453	1626	628
1126	775	276	1269	1330	1773	1297	672	0	777	1000	2473	1177	1013	1580	1245	1322	1404	1332	1539	736	738	1201	953	1433	859	591	963	1544	1327	143	1312	1242	829	954	1381	1278	1197	829	1072	771	584	1009	1482	1320	755	1314	1392	1382	44	173	1009	656	1481	1235	2732	1345	931	777	1695	819	2732	665	1287	1360	529	735	1069	813	1173	1144	1072	2116	933	671	1312	1003	979	1246	842	1201	947	1352	988	966	1347	1233	727	1771	1495	1336	1239	770	1004	1005	1427	991	1253	73	930	1072	1047	1332	849	1442	1025	593	1386	1253	1830	1364	2115	662	771	1013	1241	1230	1644	1280	1221	1155	288	1460	789	1192	422	940	1381	1093	1496	956	162	1278	1246	817	1231	1340	371	1491	586	770	1228	739	976	1456	868	988	1406	1165	1202	1170	526	1684	997	560	1529	418	595	1217	842	1343	941	675	947	1399	976	1084	1340	1378	1013	1173	1256	693	1297	1475	1150	127	584	2143	1147	1519	781	1532	803	843	768	1239	839	1173	287	1400	1147	1173	1313	1573	781	892	1288	1307	829	1400	699	728	1582	1201	986	614	2029	750	1354	1411	1081	802	947	1801	1392	988	1541	1087	1402	1272	776	777	1387	1474	2061	1527	1541	2299	1024	1681	758	1407	1259	1364	610	1386	777	287	719	393	1410	807	1778	947	819	1076	1072	784	1173	927	360	929	1239	1251	1132	1406	1236	1514	1098	958	588
371	62	757	610	591	2104	523	206	777	0	625	1789	444	236	847	544	591	671	704	929	1146	908	431	1090	656	891	778	290	772	585	638	581	467	89	849	691	551	1011	89	389	20	1165	278	764	1067	43	581	1564	855	733	949	278	432	763	458	1955	608	508	0	926	888	1954	409	627	2021	884	50	1457	893	403	388	389	1339	194	773	580	525	552	472	124	431	642	731	211	537	726	530	53	1005	735	721	464	45	1128	301	872	322	551	816	588	389	567	605	125	664	249	475	656	551	2171	628	1352	875	20	236	501	454	1919	753	448	404	657	682	1547	915	530	613	691	426	915	569	618	751	504	1006	455	719	1106	734	773	45	451	957	612	696	688	510	840	440	451	1263	697	917	517	621	767	360	479	446	124	606	220	824	1725	736	612	404	1683	690	236	403	483	896	563	755	396	829	536	1367	387	743	866	845	86	133	59	464	1450	449	490	697	387	403	581	796	45	1669	558	638	89	737	146	49	2112	431	614	805	1255	75	730	749	1805	34	642	1097	737	562	854	315	739	742	881	0	656	707	2838	837	852	1542	394	2247	56	716	592	857	704	770	0	490	878	405	715	887	1044	478	888	419	389	755	403	974	420	210	499	593	371	840	460	862	326	1700	553
580	687	1141	439	630	1636	747	478	1000	625	0	1529	537	688	793	500	605	662	436	585	1619	577	673	647	925	455	562	409	903	634	917	599	826	551	324	559	571	398	551	415	645	1051	499	682	441	663	605	1050	394	965	1154	499	350	682	808	2045	632	117	625	1007	485	2045	999	452	2360	721	600	1103	496	659	591	415	1447	519	486	601	132	79	836	517	673	80	443	675	92	440	498	610	1293	809	425	819	670	664	450	448	396	504	1068	69	415	126	602	521	909	646	1035	1107	505	1704	643	1341	601	645	688	585	802	1431	305	700	577	1059	939	1760	289	1008	66	559	390	526	57	859	303	592	637	804	434	1168	797	560	670	796	636	23	1066	1299	138	437	514	596	746	1207	988	136	1156	841	749	1040	683	517	633	487	535	1831	530	23	411	1261	553	688	659	719	600	598	681	585	1110	421	1454	605	998	490	666	709	508	684	819	1826	514	786	595	604	659	601	995	671	1776	585	476	551	530	516	634	1791	673	14	568	1464	557	447	536	2072	649	80	1527	513	73	673	631	531	299	513	625	645	824	2889	666	676	1490	332	1949	678	579	446	371	1244	461	625	786	557	666	588	494	957	154	485	372	415	364	659	508	787	485	581	428	602	437	810	605	639	1940	1105
1424	1828	2532	1207	1203	2797	1331	1813	2473	1789	1529	0	1345	1613	954	1249	1200	1122	1141	946	2932	2075	1394	2056	1320	1923	2089	1528	1126	1210	2360	1209	1470	1707	1763	1104	1238	1611	1707	1418	1805	2574	1512	1025	1488	1829	1210	2238	1140	2433	2641	1512	1830	1026	1462	1085	1185	1561	1789	997	1966	1088	2167	1189	3800	2248	1810	2506	1977	1417	1409	1418	940	1596	2009	1211	1484	1520	1474	1680	1394	1604	1122	1629	1530	1126	1263	1822	1317	1104	1138	1467	1821	2045	1498	1081	1497	1241	2532	1595	1418	1446	1185	1676	1290	1572	2250	1606	1241	2858	1166	685	2116	1805	1613	1291	1462	2586	1224	1390	1389	2434	1297	3259	1502	2319	1595	1104	1390	1003	1555	2315	1226	1288	2106	1463	1134	2692	1098	2088	1821	1460	2130	1551	1460	2367	1497	1092	1348	1345	2026	2482	991	1489	2401	1083	2112	2254	1382	1680	1187	1576	2052	3357	1076	1551	1404	2562	1106	1613	1417	1361	2108	1228	1034	1400	2562	1934	892	1414	1281	1984	949	1819	1675	1831	1467	3235	1339	2207	1093	1413	1417	1209	1191	1813	3302	1232	1170	1707	1074	1803	1834	3151	1394	1541	2092	1167	1777	1120	1064	3553	1782	1604	1685	1081	1514	940	1498	1073	1230	2006	1789	1136	1152	4417	956	941	563	1452	3321	1836	1078	1219	1169	2477	1090	1789	2207	2062	2088	1077	1978	771	1535	1966	1404	1418	1876	1417	1937	2168	1587	1292	1225	1429	1092	1463	958	1490	3432	2328
93	483	1195	219	153	2173	209	506	1177	444	537	1345	0	295	407	117	148	229	322	529	1588	1054	147	1170	388	968	979	220	399	150	1048	138	311	365	857	257	106	914	365	133	460	1446	170	319	909	484	139	1587	534	1133	1350	170	620	319	292	1595	168	459	444	535	987	1595	831	228	2463	1124	468	1609	996	144	87	133	977	253	933	137	406	464	320	342	147	603	349	303	459	345	104	479	759	327	348	304	476	1193	172	523	200	123	1226	553	133	415	160	336	373	246	909	595	122	2241	188	940	1053	460	295	65	287	1968	458	171	63	1096	402	1963	780	974	573	257	148	538	507	1014	457	71	1134	289	340	1463	320	975	476	280	1113	542	534	1068	404	488	23	59	1284	1138	521	404	1059	362	782	913	153	342	167	238	988	2111	316	542	132	1789	257	295	144	184	1063	121	311	76	1248	748	996	100	463	981	406	478	338	486	304	1894	24	894	256	99	144	138	471	468	2055	114	229	365	318	479	489	2295	147	536	997	952	439	346	329	2236	437	603	995	325	468	415	179	320	449	1002	444	213	319	3215	397	412	1122	218	2446	491	280	196	552	1138	387	444	894	1028	784	277	993	605	410	987	167	133	849	144	1033	841	250	62	208	109	488	295	439	177	2124	987
202	243	975	507	412	2266	300	406	1013	236	688	1613	295	0	658	412	421	492	610	823	1324	1086	220	1246	420	1042	973	280	548	405	873	413	231	211	969	550	390	1087	211	317	242	1389	197	593	1114	259	411	1704	805	969	1184	197	607	592	222	1720	431	579	236	703	1047	1719	554	519	2227	1094	282	1645	1054	195	212	317	1105	173	953	410	562	608	236	221	220	730	638	25	596	633	399	288	770	524	634	227	244	1279	247	804	297	418	1049	674	317	593	438	214	429	51	640	451	418	2333	449	1132	1064	242	0	331	217	2072	716	229	236	875	446	1777	969	734	698	550	358	828	640	854	714	332	1179	218	628	1342	526	968	244	214	1139	683	468	774	552	770	303	274	1398	876	696	556	792	554	595	644	233	221	428	202	1007	1961	612	683	330	1856	551	0	195	262	1082	393	584	223	1060	727	1135	204	506	1031	694	222	228	248	227	1655	312	726	545	205	195	412	562	234	1905	393	522	211	613	352	285	2313	220	681	997	1018	281	635	624	2027	210	730	894	620	616	703	118	616	705	1049	236	481	489	3074	685	699	1325	373	2454	258	572	485	817	865	677	236	726	1057	641	568	1049	849	535	1047	363	317	908	195	1119	654	205	331	493	190	770	223	735	124	1926	717
475	880	1602	357	255	2384	381	908	1580	847	793	954	407	658	0	339	259	177	368	388	1981	1365	439	1435	422	1249	1322	617	245	261	1454	269	529	771	1109	234	302	1080	771	510	861	1805	577	111	1022	884	268	1787	551	1538	1753	577	989	111	518	1252	239	764	847	247	1278	1252	1213	342	2868	1476	874	1896	1289	463	460	510	659	659	1260	270	689	744	534	749	439	872	372	675	747	373	350	885	640	170	388	525	875	1446	575	499	590	332	1632	837	510	671	248	743	389	619	1297	728	332	2451	219	556	1380	861	658	346	517	2171	552	436	442	1502	408	2368	937	1376	850	234	495	451	789	1418	552	342	1430	518	377	1852	159	1318	875	514	1425	808	598	1416	696	475	416	395	1500	1531	226	691	1449	167	1189	1301	427	749	241	645	1313	2508	272	808	499	2038	239	658	463	408	1384	285	114	451	1654	1112	662	463	426	1282	174	869	746	884	525	2297	408	1299	200	462	463	268	357	866	2452	293	318	771	273	885	893	2582	439	799	1334	719	846	366	270	2643	835	872	987	293	743	174	544	273	549	1304	847	193	224	3605	166	168	725	571	2742	889	214	356	587	1524	375	847	1299	1344	1187	205	1287	198	722	1278	514	510	1152	463	1297	1248	657	348	371	478	475	519	275	536	2531	1374
211	588	1284	107	130	2133	282	574	1245	544	500	1249	117	412	339	0	105	173	208	411	1690	1051	249	1146	446	949	993	283	402	134	1122	99	410	459	824	147	73	851	459	173	562	1472	265	236	832	586	104	1541	427	1203	1418	265	651	236	392	1571	132	445	544	516	973	1571	940	114	2552	1144	561	1597	983	254	204	173	961	349	938	100	378	436	419	431	249	574	234	420	435	230	14	573	798	311	235	404	579	1164	249	410	254	7	1299	530	173	373	104	427	424	363	1015	689	7	2201	145	892	1058	562	412	111	387	1925	362	269	180	1185	454	2034	712	1071	547	147	155	421	482	1083	361	116	1124	389	226	1512	300	989	579	381	1110	509	610	1184	380	375	110	158	1242	1241	498	378	1164	345	865	1020	250	431	133	327	992	2169	199	509	161	1761	145	412	254	270	1064	99	230	193	1324	775	973	217	509	972	301	586	426	591	403	1986	101	968	156	215	254	101	496	572	2112	86	111	459	201	556	586	2284	249	502	1008	964	528	230	212	2315	541	574	1067	207	437	310	297	203	354	994	544	155	323	3265	293	308	1065	232	2439	594	172	86	449	1245	271	544	968	1027	853	171	981	534	398	973	175	173	840	254	1008	922	338	108	102	227	375	394	324	295	2200	1094
224	628	1343	188	28	2236	213	650	1322	591	605	1200	148	421	259	105	0	82	269	434	1732	1155	218	1251	357	1055	1094	360	297	36	1194	9	360	513	929	146	44	950	513	257	606	1570	318	174	924	630	10	1644	495	1279	1495	318	746	173	344	1471	27	550	591	412	1078	1471	970	186	2610	1244	616	1702	1088	234	211	257	858	401	1040	11	483	542	369	490	218	679	291	434	540	288	109	627	698	206	298	354	621	1269	316	468	335	100	1373	635	257	478	17	484	333	376	1051	624	100	2304	43	800	1161	606	421	91	340	2028	446	228	190	1244	362	2109	810	1121	652	146	250	462	587	1159	445	89	1229	342	287	1601	196	1090	621	335	1214	615	530	1194	485	434	157	147	1345	1282	395	483	1202	240	930	1055	213	490	28	386	1095	2253	221	615	248	1866	149	421	234	216	1168	28	165	201	1395	872	872	217	413	1077	274	619	486	631	354	2041	149	1040	128	217	234	9	394	613	2197	33	170	513	223	625	637	2389	218	607	1109	859	587	286	232	2383	582	679	981	238	543	282	303	225	439	1099	591	65	219	3354	264	278	979	328	2544	636	161	172	522	1279	321	591	1040	1131	929	154	1086	458	502	1078	271	257	944	234	1113	988	397	92	191	232	434	346	328	297	2271	1129
301	706	1425	227	80	2284	247	732	1404	671	662	1122	229	492	177	173	82	0	283	406	1809	1222	279	1310	355	1116	1167	441	251	87	1277	91	400	594	985	136	126	989	594	337	686	1645	400	102	952	709	90	1689	503	1361	1577	400	823	101	386	1398	62	616	671	345	1142	1398	1045	218	2691	1318	697	1764	1152	299	287	337	788	482	1111	92	546	604	408	571	279	739	299	507	604	298	182	708	665	150	310	395	700	1325	399	466	416	167	1455	698	337	536	73	566	326	450	1127	644	167	2352	43	721	1231	686	492	170	383	2074	470	282	267	1325	353	2192	847	1201	713	136	327	446	649	1241	470	166	1293	384	298	1681	136	1163	700	379	1281	674	535	1261	550	435	239	222	1394	1360	326	547	1278	180	1012	1131	270	571	65	468	1164	2335	210	674	327	1922	141	492	299	262	1237	108	93	277	1477	948	800	291	395	1142	218	696	568	709	395	2122	231	1123	101	290	299	91	359	692	2278	116	196	594	211	708	717	2452	279	666	1181	805	669	293	217	2466	661	739	971	231	604	226	375	213	465	1164	671	18	181	3435	207	220	897	405	2608	715	137	217	534	1355	321	671	1123	1199	1011	127	1150	375	570	1142	347	337	1010	299	1171	1071	480	171	235	306	435	387	292	368	2354	1205
414	756	1407	103	297	2018	479	682	1332	704	436	1141	322	610	368	208	269	283	0	224	1840	1013	457	1069	626	888	987	416	533	306	1221	270	616	615	743	149	265	715	615	316	724	1477	438	262	670	748	276	1421	226	1292	1500	438	692	263	598	1614	287	433	704	602	920	1614	1112	94	2669	1145	711	1532	931	463	410	316	1027	515	918	273	353	401	625	582	457	517	27	614	407	22	219	723	949	430	28	610	745	1079	404	202	384	205	1392	489	316	324	256	579	600	559	1179	890	205	2085	287	905	1035	724	610	317	594	1806	189	476	386	1312	629	2118	573	1214	498	149	278	218	442	1174	189	321	1072	595	18	1560	416	985	745	588	1072	454	800	1371	364	167	309	366	1132	1396	582	357	1324	456	986	1184	457	582	290	485	968	2224	96	454	301	1670	143	610	463	474	1036	282	263	399	1424	802	1030	423	676	927	230	760	575	757	609	2111	301	1071	188	421	463	272	642	739	2168	273	101	615	95	681	740	2218	457	444	997	1074	672	25	100	2413	708	517	1248	76	397	237	499	95	185	949	704	271	464	3303	230	239	1054	322	2378	758	159	125	253	1408	67	704	1071	994	949	170	930	521	400	920	286	316	800	463	932	1039	494	314	117	432	167	601	183	498	2290	1257
622	980	1627	321	456	2051	645	901	1539	929	585	946	529	823	388	411	434	406	224	0	2064	1148	648	1166	760	1006	1148	641	618	466	1434	439	795	839	850	287	447	757	839	540	948	1636	660	328	672	972	444	1456	216	1500	1704	660	888	329	778	1547	441	616	929	633	1045	1548	1336	306	2885	1307	935	1630	1056	659	615	540	1004	739	1070	442	539	574	803	807	648	662	199	830	585	204	424	948	1027	522	210	789	969	1166	628	152	609	405	1601	650	540	500	417	804	729	773	1404	1050	406	2118	432	830	1182	948	823	507	774	1836	281	661	591	1533	755	2320	622	1438	652	287	502	75	609	1384	282	509	1192	776	211	1746	506	1146	969	769	1205	607	941	1591	553	151	520	562	1190	1620	612	545	1549	535	1206	1408	644	807	444	710	1116	2411	215	607	525	1737	285	823	659	651	1177	456	336	604	1636	989	995	627	789	1058	216	983	799	981	788	2330	511	1285	310	625	659	441	733	964	2355	451	301	839	213	903	965	2306	648	597	1153	1098	896	199	203	2621	932	662	1363	203	568	214	708	211	286	1081	929	404	569	3475	225	221	947	545	2471	983	274	341	251	1633	160	929	1285	1133	1163	283	1056	458	593	1045	510	540	941	659	1035	1258	718	505	337	637	151	780	118	706	2495	1482
1507	1104	493	1752	1728	2468	1619	1172	736	1146	1619	2932	1588	1324	1981	1690	1732	1809	1840	2064	0	1471	1544	1688	1691	1580	1317	1424	1858	1722	738	1723	1505	1231	1654	1837	1694	1891	1231	1531	1128	1258	1424	1906	2002	1104	1722	2126	1955	744	703	1424	1273	1905	1506	2936	1747	1522	1146	2011	1543	2934	772	1769	951	1265	1131	1775	1539	1519	1522	1531	2360	1340	1390	1721	1577	1574	1504	1262	1544	1587	1865	1306	1559	1860	1676	1119	1933	1847	1853	1505	1111	1739	1445	1985	1457	1697	668	1554	1531	1624	1747	1265	1712	1361	683	1511	1697	2520	1766	2439	1396	1128	1324	1640	1505	2358	1849	1552	1542	561	1719	805	1860	626	1571	1837	1565	2040	1565	804	1847	1643	1552	1505	1853	955	1850	1312	1111	1505	1475	1597	1633	679	1561	1958	1586	1587	1905	449	2008	1570	531	1875	873	680	1558	1262	1744	1364	1402	1124	1880	1597	1546	2046	1836	1324	1519	1584	1427	1703	1897	1532	611	1249	2400	1518	1763	1506	1991	1112	1268	1101	1505	409	1595	840	1843	1519	1519	1722	1842	1119	1087	1700	1782	1231	1881	1161	1104	2187	1544	1604	1343	2209	1168	1865	1893	876	1151	1587	1813	1880	1584	2000	1436	1883	1839	1503	1146	1796	1808	2115	1983	1998	2635	1518	2251	1097	1862	1735	1947	463	1904	1146	840	1450	955	1861	1532	2174	1519	1543	1555	1531	1488	1519	1653	831	1354	1640	1734	1503	1958	1506	2006	1444	848	607
1064	955	986	1008	1177	1199	1252	701	738	908	577	2075	1054	1086	1365	1051	1155	1222	1013	1148	1471	0	1162	221	1430	161	161	858	1448	1179	743	1148	1287	883	317	1131	1116	532	883	920	920	510	950	1254	672	923	1153	698	939	726	829	950	480	1254	1271	2617	1183	605	908	1567	114	2617	1117	1023	2015	232	860	560	103	1140	1079	920	2011	922	135	1149	677	621	1295	866	1162	496	1020	1064	619	1017	1045	864	1806	1361	1002	1281	938	272	912	1001	865	1056	810	528	920	694	1155	872	1421	1063	1102	1538	1057	1264	1197	1917	76	920	1086	1113	1265	1022	869	1189	1074	946	1448	1351	592	988	516	1131	912	1081	576	680	868	1120	100	1267	1011	722	1351	168	938	1260	59	559	1538	1411	672	997	1033	1107	437	1170	1549	676	1160	1396	768	1106	1175	866	1183	903	87	1346	1107	559	923	775	1126	1086	1140	1217	48	1142	1252	1078	866	372	2022	1091	1512	90	1244	988	859	948	1281	1551	1036	700	1165	1090	1140	1150	1526	946	1295	1129	1047	883	1107	761	883	1241	1162	569	133	2006	835	1024	1114	1683	942	496	1980	1090	622	1250	1082	1107	865	69	908	1204	1367	2351	1243	1253	2067	836	1391	937	1152	1011	908	1239	1037	908	700	30	640	1161	100	1534	652	114	891	920	213	1140	199	762	895	1110	995	1082	997	1273	1181	1093	1538	1144
97	453	1186	357	203	2302	97	549	1201	431	673	1394	147	220	439	249	218	279	457	648	1544	1162	0	1292	268	1088	1073	304	342	194	1065	212	164	372	987	361	200	1056	372	257	442	1523	217	382	1056	463	208	1721	676	1157	1374	217	705	381	145	1537	222	585	431	495	1103	1536	774	363	2444	1210	468	1721	1112	28	83	257	918	274	1035	209	540	596	173	362	0	734	483	239	589	479	239	477	644	306	484	157	451	1318	250	660	297	252	1244	681	257	554	236	355	262	186	860	448	252	2370	238	921	1153	442	220	141	139	2100	604	27	95	1086	288	1978	924	950	703	361	284	667	637	1039	603	139	1247	141	476	1511	307	1068	451	133	1219	675	393	982	536	625	168	92	1416	1096	485	537	1012	337	790	864	15	362	219	277	1091	2146	432	675	262	1911	364	220	28	57	1166	193	372	87	1259	833	943	71	352	1094	491	437	363	458	156	1872	172	914	347	72	28	210	383	441	2090	197	358	372	434	509	480	2403	0	670	1093	861	451	479	444	2236	413	734	854	446	601	499	115	437	595	1114	431	270	275	3257	481	495	1112	342	2551	466	379	335	696	1085	519	431	914	1135	815	373	1108	629	535	1103	301	257	963	28	1157	850	288	144	349	80	625	147	546	105	2132	937
1195	1141	1206	1085	1275	1019	1376	884	953	1090	647	2056	1170	1246	1435	1146	1251	1310	1069	1166	1688	221	1292	0	1556	205	383	995	1549	1279	964	1245	1430	1053	326	1203	1216	449	1053	1039	1103	627	1090	1325	585	1110	1251	483	950	944	1031	1090	657	1325	1413	2684	1278	710	1090	1654	202	2684	1329	1097	2193	429	1045	464	197	1273	1208	1039	2092	1076	337	1247	769	710	1439	1031	1292	572	1070	1226	713	1069	1143	1050	1929	1456	1053	1424	1124	51	1047	1014	996	1150	1024	618	1039	773	1249	1037	1543	1217	1319	1694	1151	1087	1290	1972	293	1103	1246	1224	1407	829	901	1320	1200	1168	1572	1516	555	1209	599	1203	1022	1093	665	901	900	1231	137	1409	1063	891	1444	389	1124	1401	214	636	1679	1626	768	1018	1147	1227	217	1392	1635	770	1380	1488	983	1323	1304	1031	1279	1052	303	1473	1166	636	1038	618	1197	1246	1273	1344	262	1243	1324	1205	1080	568	2098	1221	1634	227	1295	1173	1023	1135	1424	1751	1149	920	1239	1220	1273	1247	1637	1130	1425	1229	1122	1053	1165	944	1070	1148	1292	644	354	2110	1015	1076	1170	1850	1123	572	2132	1146	708	1300	1226	1165	900	215	1090	1292	1469	2419	1296	1304	2108	953	1309	1124	1221	1093	915	1460	1079	1090	920	247	856	1230	203	1587	760	202	1003	1039	338	1273	138	981	1045	1220	1075	1214	1018	1416	1219	1235	1702	1363
365	660	1384	545	329	2561	179	805	1433	656	925	1320	388	420	422	446	357	355	626	760	1691	1430	268	1556	0	1353	1341	572	195	321	1293	358	194	616	1245	488	373	1295	616	516	662	1786	484	434	1278	679	352	1975	852	1389	1604	484	972	433	199	1300	338	846	656	330	1369	1299	924	543	2619	1476	700	1989	1378	291	350	516	688	532	1303	355	794	852	192	614	268	991	647	445	847	644	442	707	376	252	654	196	664	1580	518	820	564	445	1469	941	516	802	370	607	32	412	1018	306	444	2629	340	749	1421	662	420	343	203	2357	803	241	356	1285	27	2194	1158	1136	961	488	536	802	895	1274	802	337	1514	202	643	1759	266	1336	664	205	1487	930	181	1067	792	787	411	329	1672	1255	332	792	1167	257	1015	1021	254	614	336	541	1359	2381	564	930	518	2175	493	420	291	212	1434	350	426	351	1478	1099	721	338	87	1361	556	636	616	667	196	2046	410	1146	456	340	291	356	150	653	2325	362	528	616	566	758	705	2671	268	924	1361	602	693	641	572	2436	630	991	623	584	856	561	363	568	796	1381	656	362	199	3494	545	555	946	603	2819	677	493	526	879	1228	673	656	1146	1403	1058	482	1374	557	796	1369	555	516	1230	291	1420	1074	551	347	545	348	787	198	643	351	2340	1089
991	944	1089	895	1078	1224	1173	687	859	891	455	1923	968	1042	1249	949	1055	1116	888	1006	1580	161	1088	205	1353	0	269	790	1351	1082	842	1048	1225	851	159	1015	1018	372	851	836	905	671	884	1138	511	913	1053	673	793	841	965	884	460	1138	1208	2500	1082	509	891	1461	47	2501	1154	908	2164	386	847	648	58	1069	1004	836	1903	871	189	1049	571	512	1234	828	1088	377	892	1022	514	889	945	853	1727	1260	873	1219	927	238	842	856	791	954	932	419	836	580	1053	834	1341	1012	1152	1489	955	1291	1095	1793	226	905	1042	1023	1202	1032	731	1116	996	1037	1369	1507	432	1057	402	1015	821	937	467	777	730	1030	186	1204	883	879	1249	273	927	1196	209	442	1474	1455	569	855	946	1024	377	1248	1443	571	1227	1293	816	1156	1100	828	1083	847	188	1508	983	442	836	822	1009	1042	1069	1140	205	1045	1136	1002	986	386	1910	1017	1431	81	1117	975	820	938	1219	1687	948	773	1051	1016	1069	1050	1437	933	1457	1031	932	851	983	746	874	1336	1088	451	249	1913	816	897	989	1837	924	377	1927	965	512	1123	1020	983	729	95	891	1098	1271	2510	1117	1126	1937	750	1493	928	1034	901	761	1310	905	891	773	162	692	1043	61	1409	558	47	801	836	136	1069	85	822	840	1019	883	1010	855	1211	1047	1030	1694	1202
976	820	829	966	1113	1344	1167	574	591	778	562	2089	979	973	1322	993	1094	1167	987	1148	1317	161	1073	383	1341	269	0	770	1378	1114	585	1086	1185	764	387	1090	1052	626	764	846	788	489	856	1211	760	789	1090	859	950	575	697	856	369	1211	1170	2565	1121	558	778	1506	227	2565	961	982	1901	159	729	678	222	1049	993	846	1952	818	90	1087	636	586	1193	751	1073	486	998	950	580	995	985	731	1716	1298	980	1180	805	433	824	1008	782	999	664	500	846	663	1097	759	1335	955	943	1423	999	1409	1137	1877	101	788	973	1042	1164	1175	867	1099	991	786	1361	1254	654	826	496	1090	844	1087	545	520	865	1049	258	1166	988	633	1289	6	805	1159	190	541	1435	1252	627	998	959	1028	597	1008	1490	633	998	1333	609	947	1087	751	1121	803	84	1284	1077	541	851	913	1085	973	1049	1129	129	1078	1207	993	718	246	1966	1003	1425	190	1216	854	746	813	1179	1418	963	538	1121	1002	1049	1088	1448	813	1231	1065	1006	764	1077	633	749	1339	1073	551	29	1930	709	1002	1085	1581	813	486	1866	1062	590	1223	983	1078	861	185	778	1148	1298	2328	1214	1225	2038	766	1481	802	1113	966	922	1077	1021	778	538	135	482	1120	216	1501	599	227	824	846	226	1049	336	602	793	1038	951	992	998	1173	1164	994	1440	983
206	346	1004	328	371	2011	397	291	963	290	409	1528	220	280	617	283	360	441	416	641	1424	858	304	995	572	790	770	0	616	369	839	350	435	200	701	424	316	807	200	110	310	1228	94	518	835	334	353	1438	568	921	1136	94	404	518	418	1815	384	302	290	756	802	1815	700	345	2271	910	294	1418	810	282	222	110	1196	119	731	350	282	329	443	166	304	455	442	269	317	437	270	307	948	548	432	428	333	1023	53	582	32	290	1016	399	110	314	369	164	565	237	763	706	290	2079	403	1159	849	310	280	286	411	1812	468	331	221	906	592	1752	689	800	423	424	140	625	362	801	466	292	944	413	430	1242	541	765	333	406	915	404	684	972	272	550	205	261	1132	979	741	276	907	583	583	768	318	166	383	84	786	1893	457	404	124	1612	422	280	282	360	862	336	511	223	1041	533	1216	233	655	792	579	355	158	346	428	1707	212	685	439	232	282	351	678	329	1837	327	360	200	459	274	324	2099	304	402	789	1160	255	441	470	2032	299	455	1138	456	336	588	231	461	457	812	290	424	538	2995	572	587	1339	107	2246	345	451	312	572	992	482	290	685	831	571	452	807	814	256	802	130	110	662	282	863	640	88	283	310	223	550	420	582	240	1917	841
422	790	1523	476	273	2532	249	886	1544	772	903	1126	399	548	245	402	297	251	533	618	1858	1448	342	1549	195	1351	1378	616	0	269	1408	303	355	715	1227	383	333	1240	715	531	782	1844	545	292	1203	802	298	1939	748	1500	1717	545	1019	291	352	1200	270	844	772	155	1374	1199	1086	469	2774	1523	810	1998	1384	370	404	531	581	613	1329	302	780	839	357	703	342	977	547	570	837	546	405	819	417	102	559	354	789	1567	564	705	599	398	1586	932	531	776	301	696	164	524	1178	496	398	2600	260	584	1450	782	548	336	353	2323	721	324	398	1423	175	2320	1099	1282	950	383	536	672	884	1382	721	329	1524	353	547	1849	117	1374	789	352	1506	912	359	1251	782	675	418	355	1642	1415	149	779	1329	82	1132	1181	326	703	269	611	1384	2488	451	912	527	2164	389	548	370	289	1458	306	286	400	1601	1147	602	399	181	1371	403	770	703	795	354	2200	414	1256	345	399	370	301	115	779	2432	319	447	715	453	849	822	2685	342	905	1395	561	793	541	456	2575	752	977	745	473	840	406	457	454	716	1393	772	265	80	3598	393	400	779	613	2838	803	378	464	780	1395	564	772	1256	1422	1157	367	1381	362	796	1374	557	531	1239	370	1411	1192	623	339	483	413	675	352	500	446	2472	1252
215	619	1341	224	9	2267	179	656	1327	585	634	1210	150	405	261	134	36	87	306	466	1722	1179	194	1279	321	1082	1114	369	269	0	1198	37	328	510	959	179	63	984	510	271	600	1587	319	188	959	623	31	1676	532	1284	1500	319	762	187	312	1452	27	575	585	392	1104	1452	957	222	2607	1263	613	1728	1114	213	199	271	837	399	1063	35	510	569	337	489	194	707	327	420	567	324	136	624	665	183	334	323	614	1298	323	504	346	131	1376	662	271	508	50	484	297	362	1039	589	130	2336	44	790	1183	600	405	86	309	2060	482	201	181	1241	326	2113	844	1115	680	179	269	496	614	1164	481	81	1254	311	323	1611	175	1110	614	304	1238	643	494	1175	512	470	164	135	1377	1272	376	510	1191	218	930	1043	187	489	24	387	1117	2262	255	643	264	1895	183	405	213	185	1191	37	179	190	1397	889	853	204	378	1102	297	609	487	623	322	2036	157	1043	157	203	213	35	362	605	2205	50	206	510	257	629	632	2415	194	636	1130	831	586	322	265	2384	575	707	944	272	571	305	288	259	475	1124	585	76	189	3364	286	300	972	347	2569	629	192	207	558	1267	357	585	1043	1154	934	184	1112	458	527	1104	290	271	969	213	1141	989	399	88	226	219	470	314	358	281	2274	1117
993	633	246	1153	1201	1843	1160	548	143	638	917	2360	1048	873	1454	1122	1194	1277	1221	1434	738	743	1065	964	1293	842	585	839	1408	1198	0	1185	1101	694	916	1261	1151	1155	694	949	631	685	879	1358	1271	614	1186	1425	1288	101	311	879	567	1357	1094	2593	1217	838	638	1560	807	2592	531	1171	1452	562	597	1139	803	1037	1011	949	1978	801	653	1184	905	888	1105	710	1065	873	1243	848	874	1238	1109	589	1629	1362	1228	1098	629	1015	878	1329	868	1130	178	849	949	951	1205	716	1302	887	467	1243	1130	1902	1236	1982	671	631	873	1111	1090	1701	1184	1084	1023	206	1320	915	1134	302	862	1261	973	1395	870	65	1182	1116	832	1091	1230	508	1359	579	629	1087	756	894	1313	757	890	1306	1037	1070	1181	443	1550	899	458	1396	277	469	1081	710	1215	810	669	1088	1284	894	962	1406	1258	873	1037	1119	702	1169	1351	1017	202	518	2006	1013	1379	770	1414	661	711	627	1098	908	1045	154	1278	1013	1037	1185	1435	640	1033	1161	1190	694	1285	569	588	1689	1065	903	612	1887	615	1244	1295	1194	662	873	1658	1278	897	1423	950	1286	1175	769	638	1260	1339	2202	1408	1422	2168	907	1795	616	1287	1141	1273	522	1278	638	154	720	272	1290	797	1652	848	807	957	949	749	1037	918	218	798	1109	1134	998	1306	1095	1402	961	1077	473
215	618	1334	187	30	2231	210	640	1312	581	599	1209	138	413	269	99	9	91	270	439	1723	1148	212	1245	358	1048	1086	350	303	37	1185	0	356	503	924	151	34	947	503	248	597	1561	309	183	922	620	6	1639	496	1269	1486	309	737	182	339	1479	35	543	581	420	1072	1479	961	185	2601	1235	606	1695	1082	227	202	248	865	391	1033	2	477	536	364	480	212	673	293	426	534	290	102	617	702	213	299	350	612	1263	307	470	326	95	1363	629	248	473	25	475	334	368	1041	621	94	2299	52	810	1153	597	413	82	335	2023	445	222	181	1234	363	2100	807	1112	646	151	242	465	581	1150	444	80	1222	337	288	1591	203	1082	612	330	1207	609	530	1186	479	436	147	139	1341	1273	403	476	1193	247	920	1046	206	480	35	376	1087	2244	225	609	239	1861	154	413	227	211	1161	19	174	192	1385	863	880	209	415	1070	282	610	477	622	349	2032	139	1031	135	208	227	2	398	604	2188	24	170	503	227	616	627	2383	212	601	1102	865	577	288	236	2374	572	673	981	241	537	290	294	230	438	1092	581	75	224	3345	272	286	988	320	2537	627	167	169	522	1270	323	581	1031	1124	919	161	1079	467	495	1072	262	248	938	227	1107	979	388	83	188	223	436	341	334	289	2262	1119
246	468	1189	518	338	2446	153	630	1242	467	826	1470	311	231	529	410	360	400	616	795	1505	1287	164	1430	194	1225	1185	435	355	328	1101	356	0	437	1133	507	353	1215	437	412	471	1615	340	500	1219	487	351	1870	837	1198	1412	340	815	499	19	1493	355	731	467	507	1237	1492	735	523	2427	1313	513	1848	1244	170	238	412	883	367	1156	353	693	748	9	440	164	883	641	256	740	638	401	519	541	366	644	6	472	1459	384	819	437	412	1277	829	412	712	377	433	210	233	827	284	412	2514	366	934	1271	471	231	299	24	2247	768	141	255	1090	222	2000	1085	942	851	507	443	821	787	1084	767	295	1376	22	634	1573	374	1180	472	30	1342	826	250	898	688	784	332	255	1564	1065	504	690	977	387	823	831	160	440	351	384	1211	2190	582	826	419	2047	510	231	170	144	1287	339	490	245	1285	940	915	223	278	1224	619	442	444	474	7	1854	336	956	486	224	170	354	343	461	2134	347	516	437	583	580	515	2523	164	823	1208	787	510	637	592	2241	440	883	703	597	754	626	205	586	759	1244	467	397	318	3303	608	620	1130	494	2667	484	521	496	859	1041	675	467	956	1258	872	513	1240	698	682	1237	458	412	1096	170	1298	882	392	302	511	224	784	16	687	195	2145	900
300	147	830	522	515	2072	468	194	829	89	551	1707	365	211	771	459	513	594	615	839	1231	883	372	1053	616	851	764	200	715	510	694	503	437	0	795	606	471	943	0	300	110	1178	195	684	992	133	503	1521	766	785	1002	195	402	683	425	1908	532	434	89	866	852	1907	499	538	2097	882	103	1439	858	344	318	300	1289	111	749	502	444	475	443	36	372	575	641	187	461	636	445	114	978	669	631	432	133	1089	213	782	232	466	872	520	300	485	526	36	620	205	564	658	466	2139	551	1289	857	110	211	425	420	1883	664	392	331	731	641	1608	841	612	545	606	336	825	496	667	662	429	978	421	629	1142	666	759	133	416	935	540	679	775	430	751	359	379	1217	784	856	437	710	702	421	568	388	36	530	132	802	1774	648	540	315	1656	604	211	344	427	876	485	676	325	890	519	1315	319	704	833	761	162	45	146	432	1529	368	541	614	319	344	503	749	130	1718	479	551	0	650	142	127	2104	372	541	789	1219	78	640	661	1874	102	575	1101	649	485	770	259	652	654	850	89	578	645	2884	753	768	1476	305	2243	145	631	504	769	793	681	89	541	853	443	631	853	969	400	852	329	300	715	344	931	480	122	423	505	304	751	427	774	270	1765	642
891	907	1161	760	954	1316	1066	657	954	849	324	1763	857	969	1109	824	929	985	743	850	1654	317	987	326	1245	159	387	701	1227	959	916	924	1133	795	0	877	896	242	795	730	866	827	795	999	373	877	929	737	636	931	1077	795	442	999	1115	2358	956	402	849	1329	204	2358	1158	772	2286	526	810	788	215	970	903	730	1766	795	297	925	451	392	1142	767	987	253	745	952	398	743	822	818	1615	1133	727	1126	889	339	749	699	696	829	1028	305	730	450	926	773	1231	933	1169	1407	829	1384	967	1647	372	866	969	907	1109	1113	579	1014	892	1099	1260	1640	275	1096	283	877	709	780	349	851	578	914	343	1111	738	1017	1120	389	889	1103	368	316	1379	1463	453	700	834	915	431	1293	1310	453	1261	1165	842	1174	998	767	957	767	319	1657	840	316	727	937	871	969	970	1036	356	922	998	899	1079	412	1771	917	1320	228	970	936	758	901	1126	1792	835	824	913	916	970	926	1319	893	1605	909	796	795	839	711	841	1474	987	322	375	1788	774	750	844	1968	879	253	1837	820	390	975	932	839	577	247	849	968	1148	2668	971	979	1786	644	1634	892	894	768	603	1348	755	849	824	311	726	904	217	1262	451	204	690	730	169	970	188	859	763	903	750	912	700	1118	896	940	1827	1227
