NAME : VRPTW_INSTANCE_359.txt
COMMENT : Bangkok Supermarket
TYPE : VRPTW
DIMENSION : 263
DAYS : Monday
EDGE_WEIGHT_TYPE : EXPLICIT
VEHICLES : 33
EDGE_WEIGHT_FORMAT : FULL_MATRIX
CAPACITY : 1000
EDGE_WEIGHT_SECTION
0	38	212	933	2130	584	155	306	379	1827	171	190	931	428	523	3008	608	165	1352	434	1109	1677	348	288	35	607	21	1321	205	481	309	243	439	90	1111	185	496	134	1627	202	581	434	155	413	424	258	83	119	978	88	2275	1171	1218	991	1870	497	963	2051	972	1994	394	439	395	474	379	522	525	418	1319	402	215	1054	401	298	1727	205	737	437	992	24	306	185	390	255	374	1064	153	1046	113	1116	436	172	1017	840	210	127	242	1629	300	39	424	490	381	203	1901	996	1087	1431	146	1132	400	503	1185	1156	156	1429	1067	447	2204	201	1327	492	155	92	1185	1433	167	495	2203	1321	1726	215	395	548	1657	367	300	111	172	1087	358	582	442	1896	248	543	1190	371	352	283	820	2150	314	289	413	408	1213	1010	437	1456	133	367	582	400	1353	637	1771	993	199	155	662	2755	255	1903	464	202	1727	1727	583	133	145	583	257	404	910	373	370	400	3679	1075	110	787	641	1147	309	1542	371	22	3293	582	236	724	1138	59	2107	1765	737	408	506	571	609	353	428	1213	554	315	2283	383	978	732	171	408	1652	401	101	778	961	1344	419	503	3561	210	438	522	1092	96	1354	863	288	1705	437	961	411	379	210	258	368	408	656	202	2036	418	1532	1179	186	362	1497	471	437	1419	346	1056	196
38	0	248	951	2163	591	159	286	345	1832	132	167	959	465	510	3047	574	172	1376	396	1129	1641	315	264	3	618	46	1332	168	456	285	281	477	120	1105	147	460	163	1636	236	590	453	159	383	393	219	45	105	1016	81	2288	1209	1254	1007	1832	461	989	2086	997	2006	360	416	433	446	345	560	564	389	1353	364	177	1092	440	263	1759	178	764	433	1030	16	283	147	352	281	340	1078	115	1081	98	1154	412	176	1036	877	213	144	243	1592	338	0	393	459	351	176	1862	1013	1125	1470	109	1169	370	473	1147	1193	159	1455	1105	455	2242	236	1364	502	184	124	1224	1463	139	459	2215	1332	1764	178	433	534	1696	333	338	95	176	1082	323	592	480	1858	258	553	1228	410	319	319	858	2187	288	305	452	378	1250	1048	413	1495	117	332	592	362	1392	675	1795	1016	220	184	625	2782	281	1889	477	236	1759	1759	593	170	127	590	255	443	937	339	336	369	3715	1096	87	822	604	1184	347	1572	410	16	3328	592	198	718	1172	29	2125	1775	764	447	470	534	636	332	465	1250	519	291	2271	348	996	716	132	378	1662	363	79	813	987	1378	439	514	3596	213	414	502	1130	73	1316	829	264	1686	413	987	381	345	247	294	333	440	617	176	2074	389	1569	1216	163	329	1519	494	413	1399	312	1077	232
212	248	0	957	2025	675	315	395	591	1905	378	322	887	327	694	2833	747	315	1324	613	1114	1821	560	490	245	685	202	1380	416	682	511	55	303	131	1068	395	708	100	1686	25	669	484	315	624	635	464	294	250	775	225	2314	1021	1006	1022	2034	709	932	1929	945	2039	606	637	199	587	591	330	349	627	1106	611	425	848	257	459	1628	415	704	584	845	236	506	395	598	295	587	1106	361	926	252	916	637	328	1029	701	231	153	254	1798	187	248	635	702	512	412	2092	1018	883	1240	337	990	611	713	1351	1014	317	1389	902	551	2049	190	1179	577	222	125	988	1362	322	707	2243	1380	1567	426	199	721	1484	580	187	253	328	1041	570	666	248	2105	366	626	1035	211	564	205	618	2007	520	197	234	618	1075	807	639	1263	333	580	665	609	1162	493	1743	985	288	222	872	2696	295	1903	539	25	1628	1628	663	154	277	675	280	219	875	586	583	610	3536	1077	319	680	852	936	189	1464	211	232	3164	666	443	866	925	272	2117	1818	704	234	719	781	585	440	327	1075	704	518	2271	544	994	763	378	617	1709	610	262	672	934	1239	276	586	3431	231	639	715	891	306	1562	1075	490	1735	637	934	620	591	171	194	581	360	862	343	1870	627	1393	1024	317	575	1488	486	637	1452	559	1055	177
933	951	957	0	1428	407	797	1237	992	988	1007	1118	298	677	694	2614	1478	782	480	1254	190	2465	970	858	950	362	952	447	997	869	859	916	743	967	2022	997	1091	990	743	977	401	498	797	948	957	1048	957	1052	1161	1022	1357	893	1473	70	2584	1090	244	1427	227	1083	994	841	906	1386	992	900	839	930	1631	1097	1002	1244	778	1184	1042	904	316	623	793	939	849	997	1096	686	998	163	993	669	1046	1210	857	783	95	707	1129	1028	1161	2341	784	952	957	991	1286	899	2479	62	1238	1352	1036	827	951	963	1935	837	798	580	922	525	1736	777	976	465	786	961	1232	689	1087	1089	1285	447	1347	1000	906	700	1381	1006	784	1044	783	1996	991	392	903	2270	696	422	933	822	976	754	1067	1621	883	1150	858	939	850	1169	864	1381	869	1006	391	1101	1290	718	873	153	733	786	1251	1891	686	2836	480	977	1042	1042	386	841	1077	410	1181	875	261	1001	996	950	3065	169	903	565	1203	1387	786	804	822	944	2628	392	1035	546	1503	936	1174	867	316	844	1100	1187	390	1283	677	850	1413	865	3213	1253	54	1666	1007	938	763	1096	1030	561	229	769	1227	452	2895	1129	861	810	1204	909	1809	1243	858	2637	851	229	936	992	790	762	1006	605	1281	1124	1650	930	1077	925	1114	983	581	473	851	2350	980	160	790
2130	2163	2025	1428	0	1796	2054	2412	2341	1716	2269	2314	1244	1709	2097	1391	2738	2038	977	2546	1262	3798	2312	2190	2161	1747	2141	1485	2279	2259	2199	1970	1722	2113	2979	2269	2459	2110	1497	2051	1787	1778	2054	2314	2324	2338	2191	2236	1559	2203	1512	1061	1708	1428	3959	2459	1244	211	1247	1457	2348	2222	1854	2599	2341	1748	1702	2299	1842	2433	2287	1575	1768	2427	405	2201	1430	1996	1211	2148	2188	2269	2427	1892	2345	1443	2252	1099	2233	1457	2236	2046	1340	1334	2255	2164	2280	3715	1850	2164	2324	2373	2510	2195	3895	1390	1529	1233	2272	1066	2312	2351	3285	1043	2056	872	1213	1873	631	1929	919	1814	1980	2105	1400	742	2297	2457	1487	1485	745	2286	1854	2109	923	2349	1850	2232	2046	2949	2334	1773	1816	3698	1969	1789	1067	1815	2319	1854	1624	461	2223	2203	1805	2304	979	1533	2243	1241	2133	2349	1772	2435	1253	1537	795	1283	1961	1980	2634	856	1892	3845	1805	2051	405	405	1765	2000	2266	1799	2305	1824	1278	2347	2341	2312	1640	1266	2158	1348	2589	1665	1844	625	1815	2150	1200	1773	2320	1974	1855	2163	1161	1473	1430	1800	2469	2557	1551	2460	1709	979	2682	2207	4173	2512	1376	2779	2269	2303	1484	2432	2229	1356	1254	787	2198	1802	1467	2255	2240	2212	1479	2157	3233	2664	2190	3726	2231	1254	2302	2341	1923	1877	2349	1723	2655	2330	759	2299	705	1076	2309	2328	1007	1707	2231	3453	2320	1270	1935
584	591	675	407	1796	0	431	872	585	1243	621	752	561	510	301	2891	1080	419	882	853	597	2058	564	455	591	49	605	741	605	468	454	651	582	641	1695	608	685	674	1045	688	11	205	431	541	550	651	587	697	1148	670	1699	1064	1453	446	2183	684	552	1769	548	1416	587	436	706	1002	585	757	710	524	1594	691	609	1236	595	798	1397	510	408	216	912	583	444	608	690	379	591	502	610	860	690	1241	451	415	502	775	793	699	825	1939	548	592	550	587	902	505	2098	465	1247	1470	660	1004	543	561	1529	1021	431	978	1033	136	2027	485	1189	97	463	637	1287	1054	717	683	1627	741	1592	607	706	314	1585	599	548	687	415	1671	585	26	724	1934	335	51	1098	621	570	505	1014	1933	477	845	673	532	1057	1168	459	1499	491	600	28	694	1397	671	1280	523	398	463	849	2297	379	2476	137	688	1397	1397	36	529	718	3	842	683	522	594	589	543	3419	574	528	642	802	1368	555	1171	621	589	2995	26	641	260	1436	570	1556	1184	408	658	694	781	339	915	510	1057	1014	460	2860	860	460	1303	621	531	1071	690	669	634	542	1067	951	90	3263	793	455	415	1227	536	1443	872	455	2261	446	542	529	585	506	500	599	409	876	754	1908	524	1342	1088	749	576	987	255	446	1975	574	560	498
155	159	315	797	2054	431	0	443	331	1673	218	322	829	399	381	2995	697	16	1235	491	979	1743	298	194	159	459	177	1172	224	376	214	322	435	229	1264	215	460	271	1476	316	430	303	0	341	353	283	159	265	1021	239	2128	1142	1285	851	1915	460	853	1989	859	1846	344	328	451	589	331	562	548	339	1399	395	232	1103	410	391	1649	155	635	283	965	151	206	215	387	166	330	921	202	992	258	1149	331	17	885	810	366	280	397	1672	310	160	353	421	491	150	1910	860	1130	1447	239	1096	332	423	1234	1119	2	1317	1055	295	2171	188	1293	343	118	228	1214	1340	290	458	2056	1172	1700	231	451	407	1646	329	310	255	17	1241	315	432	492	1860	101	393	1166	398	304	273	865	2106	230	438	451	333	1172	1050	334	1473	78	329	432	395	1369	622	1651	871	96	118	640	2648	166	2047	319	316	1649	1649	434	167	286	430	412	448	804	331	326	331	3629	947	108	732	608	1209	321	1452	398	158	3231	432	265	570	1222	139	1970	1615	635	441	471	550	508	487	399	1172	636	222	2430	468	844	874	218	333	1502	394	238	723	849	1275	562	355	3500	366	334	401	1128	111	1325	798	194	1840	330	849	335	331	212	250	330	344	645	327	2014	339	1489	1154	319	315	1371	356	330	1554	301	929	194
306	286	395	1237	2412	872	443	0	465	2106	270	120	1233	703	743	3217	359	457	1657	296	1414	1428	450	475	287	902	289	1614	305	634	490	449	693	300	842	291	525	303	1917	370	872	739	443	527	532	297	285	187	1132	219	2571	1416	1317	1293	1651	527	1267	2321	1276	2289	479	608	589	192	465	717	742	542	1386	410	307	1196	648	155	2011	388	1040	695	1240	298	494	291	396	560	456	1364	274	1316	192	1279	598	459	1322	1095	167	248	154	1419	562	285	532	580	134	391	1741	1300	1237	1613	217	1385	514	609	974	1409	442	1733	1295	736	2443	493	1574	786	460	308	1354	1730	155	525	2499	1614	1960	309	589	763	1872	444	562	194	459	821	445	875	636	1821	543	836	1430	605	450	560	981	2402	480	273	628	528	1469	1167	596	1635	382	443	875	405	1537	887	2077	1299	505	460	631	3057	560	1604	762	370	2011	2011	876	421	160	871	131	612	1214	453	454	513	3932	1381	345	1064	632	1260	567	1836	605	293	3558	875	290	970	1204	303	2411	2057	1040	629	532	554	913	48	703	1469	327	491	1987	204	1283	431	270	528	1943	409	207	1055	1266	1625	384	798	3826	167	598	699	1253	336	1279	890	475	1400	602	1266	532	465	493	538	444	703	602	119	2261	542	1788	1419	123	455	1804	777	602	1113	442	1362	485
379	345	591	992	2341	585	331	465	0	1727	231	382	1098	730	339	3323	523	345	1464	294	1182	1476	33	153	348	630	391	1284	187	181	142	618	766	466	1287	209	128	508	1573	581	590	563	331	66	68	169	300	395	1344	397	2238	1468	1595	1030	1618	129	1108	2290	1109	1954	15	175	764	501	0	884	876	85	1698	108	179	1423	740	321	1936	182	911	369	1292	355	153	209	112	491	9	1079	242	1307	388	1476	160	331	1087	1137	508	480	528	1374	638	345	68	119	414	187	1585	1051	1454	1778	291	1420	54	144	950	1442	329	1556	1385	476	2492	516	1617	537	446	470	1542	1610	348	127	2167	1284	2025	178	764	349	1976	22	638	385	331	1270	22	600	808	1530	386	573	1493	723	27	604	1187	2420	118	627	773	70	1493	1374	155	1804	272	22	601	113	1700	953	1866	1099	424	446	310	2881	491	1977	538	581	1936	1936	607	477	388	582	526	767	1066	12	11	54	3936	1158	274	1050	276	1522	648	1725	723	359	3529	600	181	573	1517	319	2127	1716	911	765	139	222	793	486	730	1493	456	134	2369	339	1045	839	231	70	1601	108	364	1040	1101	1575	765	550	3799	508	158	256	1454	286	993	484	153	1735	166	1101	74	0	538	579	21	667	320	366	2341	85	1806	1482	384	16	1572	637	166	1454	32	1143	520
1827	1832	1905	988	1716	1243	1673	2106	1727	0	1841	1987	1220	1658	1390	3099	2250	1661	956	2021	912	3054	1720	1646	1832	1225	1848	540	1816	1552	1636	1872	1727	1884	2938	1824	1773	1916	273	1922	1247	1421	1673	1664	1667	1849	1822	1938	2123	1912	588	1748	2428	918	3080	1771	1151	1834	1130	357	1721	1552	1886	2211	1727	1888	1827	1644	2591	1833	1817	2200	1758	2009	1491	1723	1303	1411	1707	1825	1629	1824	1838	1613	1736	825	1834	1545	1930	2147	1566	1656	954	1662	2037	1943	2069	2856	1749	1833	1667	1665	2114	1719	2841	939	2187	2211	1888	1687	1673	1628	2537	1687	1673	1016	1827	1379	2257	1716	1768	1338	1704	1880	2154	1231	1950	1771	528	540	2026	1814	1886	1377	2127	1747	1749	1927	1656	2914	1737	1247	1887	2457	1579	1287	1788	1800	1724	1713	2045	2098	1654	2086	1840	1658	1672	2126	1572	2237	1725	1748	1247	1838	2164	1704	922	1045	1640	1704	1868	1694	1613	3697	1371	1922	1491	1491	1248	1768	1956	1244	2085	1855	1198	1739	1735	1673	3243	950	1761	1530	1820	2345	1754	1288	1800	1831	2769	1247	1844	1154	2476	1809	703	244	1303	1825	1777	1844	1375	2145	1658	1672	2183	1638	4086	2055	973	2532	1841	1657	268	1833	1908	1528	1139	1465	2182	1328	3006	2037	1569	1475	2147	1771	2164	1716	1646	3462	1561	1139	1654	1727	1734	1716	1747	1576	1913	1986	2265	1644	1763	1783	1985	1726	797	1426	1561	3180	1731	971	1729
171	132	378	1007	2269	621	218	270	231	1841	0	163	1048	586	472	3176	479	235	1452	277	1191	1529	206	205	136	655	176	1359	44	375	221	413	604	247	1113	23	335	285	1660	363	622	520	218	281	290	86	89	163	1149	167	2319	1333	1384	1057	1710	336	1072	2199	1078	2035	246	344	566	381	231	693	696	292	1479	233	51	1224	569	177	1864	118	854	430	1154	147	224	23	220	377	224	1121	18	1197	156	1287	336	230	1096	1001	279	251	300	1469	467	132	290	350	281	121	1731	1069	1258	1602	62	1291	267	371	1027	1315	217	1535	1233	487	2365	356	1487	543	294	252	1357	1558	125	334	2247	1359	1889	53	566	492	1825	215	467	153	230	1092	209	627	613	1727	315	591	1354	542	208	444	991	2307	213	396	585	279	1370	1181	335	1627	141	214	627	231	1524	801	1867	1087	308	294	494	2866	377	1859	527	363	1864	1864	630	297	159	619	301	576	1023	222	221	267	3833	1161	111	936	475	1314	476	1670	542	149	3441	627	65	700	1297	117	2175	1801	854	580	345	403	726	305	586	1370	417	222	2246	249	1056	691	0	279	1687	232	133	927	1068	1487	533	556	3710	279	336	435	1263	112	1184	708	205	1640	339	1068	283	231	371	418	215	549	485	154	2201	292	1689	1342	163	216	1584	575	339	1354	200	1143	355
190	167	322	1118	2314	752	322	120	382	1987	163	0	1122	606	632	3155	430	337	1543	297	1296	1505	362	366	168	781	176	1493	204	538	383	372	604	205	956	186	465	222	1797	300	751	620	322	439	446	214	165	78	1089	110	2451	1336	1298	1173	1712	466	1154	2229	1162	2168	397	507	522	285	382	652	669	452	1379	351	208	1158	562	138	1912	277	928	578	1158	180	386	186	337	445	374	1244	163	1223	80	1233	499	338	1203	1009	138	168	150	1475	468	166	446	501	197	278	1774	1180	1196	1561	103	1301	425	526	1029	1325	322	1619	1222	615	2367	386	1493	666	346	213	1306	1623	38	464	2379	1493	1885	210	522	654	1806	363	468	82	338	935	360	754	570	1817	423	716	1352	523	363	460	934	2320	376	264	554	438	1384	1123	498	1584	262	362	754	347	1483	802	1961	1182	387	346	598	2946	445	1724	642	300	1912	1912	756	315	48	750	144	540	1101	372	371	424	3849	1263	225	967	590	1234	475	1730	523	175	3469	754	201	855	1197	183	2291	1936	928	553	473	513	800	165	606	1384	383	386	2108	222	1164	551	163	438	1823	350	89	958	1152	1527	397	678	3737	138	500	598	1208	216	1272	839	366	1519	502	1152	441	382	390	437	364	596	578	22	2191	452	1703	1340	5	370	1686	661	502	1232	354	1244	379
931	959	887	298	1244	561	829	1233	1098	1220	1048	1122	0	564	860	2348	1527	812	439	1319	308	2566	1070	948	957	512	946	693	1052	1016	956	836	612	938	1947	1045	1215	948	955	911	550	538	829	1069	1080	1109	979	1047	902	1014	1498	594	1209	352	2716	1214	68	1209	90	1245	1104	978	778	1406	1098	731	669	1054	1371	1193	1059	980	656	1217	841	968	194	752	502	944	945	1045	1188	678	1102	435	1032	370	1043	933	992	819	279	441	1097	996	1126	2472	700	960	1080	1128	1311	962	2654	314	969	1055	1061	528	1068	1107	2046	538	831	502	630	628	1476	741	681	570	776	931	948	512	1098	1213	1430	693	1064	1057	778	874	1086	1107	700	1041	819	1919	1092	536	760	2492	737	547	634	706	1077	686	831	1375	980	1084	725	1059	554	905	999	1084	908	1107	535	1195	994	514	855	178	743	776	1389	1823	678	2791	561	911	841	841	527	813	1076	564	1150	744	41	1104	1099	1067	2859	270	937	314	1345	1125	699	627	706	948	2439	536	1092	776	1257	952	1256	1058	194	713	1225	1313	323	1281	564	554	1466	964	3156	1297	279	1643	1048	1059	970	1192	1033	313	81	509	1130	558	2708	1097	996	972	931	938	2004	1433	948	2619	986	81	1058	1098	744	703	1107	533	1411	1134	1373	1054	800	626	1118	1086	615	473	986	2335	1078	248	750
428	465	327	677	1709	510	399	703	730	1658	586	606	564	0	670	2596	1034	385	1003	860	812	2105	697	585	462	496	435	1119	607	742	603	274	73	403	1382	592	859	402	1420	352	500	309	399	733	746	666	500	527	661	495	2025	747	954	746	2296	859	613	1624	628	1756	742	693	229	889	730	248	200	728	1089	792	616	747	101	726	1308	554	390	534	569	448	593	592	783	242	729	836	567	618	525	774	700	399	735	415	550	455	577	2055	142	465	746	811	803	548	2308	733	766	1054	574	705	725	807	1612	729	401	1064	655	435	1779	230	901	425	293	395	832	1035	591	857	1954	1119	1304	616	229	696	1247	729	142	524	399	1355	714	490	229	2253	358	459	769	146	703	146	515	1722	622	522	182	725	785	685	705	1081	468	729	488	792	977	222	1420	677	305	293	1039	2369	242	2227	383	352	1308	1308	483	295	557	511	602	198	555	730	725	724	3250	774	482	361	1007	871	138	1137	146	450	2865	490	646	757	928	470	1809	1544	390	167	870	950	286	750	0	785	982	611	2591	812	705	1090	586	724	1441	791	523	353	616	922	568	426	3133	550	704	740	756	476	1722	1182	585	2062	697	616	725	730	218	170	729	101	1044	623	1617	728	1104	757	601	714	1173	257	697	1780	700	751	232
523	510	694	694	2097	301	381	743	339	1390	472	632	860	670	0	3175	862	379	1174	632	882	1779	330	267	511	350	544	947	439	180	253	694	731	607	1585	451	410	650	1234	697	310	390	381	280	285	463	483	605	1331	590	1899	1330	1618	720	1890	409	853	2069	849	1615	335	164	802	824	339	892	861	259	1745	447	438	1417	725	626	1698	355	696	137	1167	510	248	451	451	450	347	757	469	1138	597	1444	180	366	789	1019	721	650	750	1647	643	511	285	304	729	353	1797	747	1437	1706	529	1273	287	272	1248	1293	379	1272	1279	257	2317	535	1464	303	478	607	1498	1355	594	408	1828	947	1872	436	802	26	1852	358	643	594	366	1565	347	324	835	1644	340	314	1362	731	334	598	1183	2227	267	812	788	272	1334	1356	187	1734	392	359	325	452	1630	875	1560	821	418	478	558	2581	450	2309	329	697	1698	1698	333	541	615	297	758	790	822	351	346	287	3719	863	424	901	509	1538	653	1472	731	516	3296	324	461	235	1574	481	1795	1377	696	775	417	500	603	776	670	1334	795	253	2699	666	748	1154	472	271	1262	446	572	892	843	1364	941	311	3564	721	183	116	1426	437	1144	573	267	2072	174	843	268	339	562	581	358	577	590	626	2189	259	1629	1351	632	337	1262	470	174	1789	341	852	546
3008	3047	2833	2614	1391	2891	2995	3217	3323	3099	3176	3155	2348	2596	3175	0	3576	2980	2256	3440	2494	4641	3290	3173	3043	2846	3009	2801	3201	3301	3189	2783	2571	2954	3487	3185	3452	2933	2865	2855	2880	2794	2995	3318	3330	3259	3087	3081	2100	3053	2890	1855	2025	2640	4866	3452	2380	1266	2393	2849	3334	3255	2633	3407	3323	2503	2486	3309	2062	3389	3210	2054	2606	3291	1636	3150	2483	3047	2030	3031	3178	3185	3379	2832	3323	2684	3157	2036	3082	1952	3266	2993	2546	2185	3050	2986	3063	4631	2708	3047	3330	3392	3343	3144	4904	2597	2006	1611	3153	1907	3312	3381	4184	1886	2997	2161	1942	2920	879	2822	1712	2872	2889	2947	1874	1968	3153	3450	2870	2801	1303	3210	2633	3194	1351	3323	2708	3082	2993	3459	3309	2865	2585	4818	2939	2865	1829	2638	3296	2733	2242	1015	3210	2953	2601	3309	1841	2065	3273	1593	3065	3323	2863	3389	1685	2375	2176	2461	2899	2889	3633	1915	2832	4291	2847	2855	1636	1636	2855	2878	3109	2894	3088	2614	2389	3324	3319	3311	1030	2483	3077	2281	3598	2043	2699	1872	2638	3031	1030	2865	3238	3123	2189	3058	2545	2854	2483	2604	3463	3545	2571	3258	2596	1841	3537	3198	4535	3377	2572	3465	3176	3308	2855	3387	3088	2291	2394	1845	2885	2863	1152	3050	3271	3276	1979	3070	4303	3742	3173	4270	3262	2394	3309	3323	2805	2758	3324	2656	3640	3176	985	3309	1550	1841	3150	3307	2344	2714	3262	4041	3295	2478	2821
608	574	747	1478	2738	1080	697	359	523	2250	479	430	1527	1034	862	3576	0	714	1930	230	1665	1074	532	626	577	1119	599	1802	481	699	630	800	1035	636	865	484	491	650	2094	723	1083	998	697	586	583	430	549	508	1491	540	2759	1766	1666	1524	1291	493	1551	2658	1557	2474	528	698	945	175	523	1074	1096	606	1724	417	476	1553	992	311	2334	574	1332	871	1588	590	639	484	411	850	514	1582	495	1652	510	1638	683	709	1569	1439	526	595	514	1059	898	574	583	593	234	579	1396	1539	1595	1973	467	1731	577	630	616	1755	696	2014	1650	953	2796	809	1923	1012	759	644	1714	2035	442	493	2687	1802	2314	478	945	873	2231	503	898	510	709	856	514	1090	993	1528	794	1057	1782	953	528	888	1341	2750	609	630	981	592	1814	1526	678	1995	620	502	1091	412	1897	1233	2344	1565	784	759	482	3345	850	1464	1000	723	2334	2334	1095	740	479	1078	490	967	1502	511	515	576	4280	1636	589	1394	512	1612	906	2145	953	588	3899	1090	442	1097	1544	576	2636	2237	1332	981	491	451	1204	321	1034	1814	67	626	1857	229	1528	407	479	592	2122	417	511	1386	1547	1953	726	1025	4167	526	681	775	1612	588	1001	755	626	1213	689	1547	596	523	817	864	503	1015	436	412	2618	606	2134	1770	435	525	2058	1054	689	935	521	1619	804
165	172	315	782	2038	419	16	457	345	1661	235	337	812	385	379	2980	714	0	1218	508	963	1760	311	204	172	445	187	1159	241	383	224	318	422	235	1276	232	473	276	1464	317	417	287	16	352	364	300	175	278	1011	251	2115	1127	1277	836	1931	474	836	1972	842	1833	357	335	444	605	345	553	537	349	1392	410	249	1093	399	408	1632	171	618	277	950	164	215	232	402	150	344	906	219	976	271	1139	338	15	869	795	376	288	408	1688	300	173	364	432	507	165	1925	844	1120	1435	255	1081	343	433	1250	1104	18	1300	1040	282	2155	178	1278	329	109	234	1202	1323	305	472	2043	1159	1684	248	444	406	1632	343	300	268	15	1253	329	419	484	1872	86	380	1151	389	317	262	855	2090	240	445	442	344	1157	1040	341	1461	95	343	419	411	1357	608	1635	854	81	109	654	2631	150	2061	305	317	1632	1632	420	164	299	418	423	440	787	345	340	342	3612	931	125	716	622	1201	311	1435	389	170	3215	419	282	564	1216	154	1955	1602	618	432	484	565	491	502	385	1157	653	232	2443	485	829	888	235	344	1489	409	251	707	832	1259	567	341	3484	376	341	405	1117	128	1337	808	204	1856	336	832	345	345	203	239	344	328	659	342	1999	349	1473	1139	334	328	1354	340	336	1569	315	912	186
1352	1376	1324	480	977	882	1235	1657	1464	956	1452	1543	439	1003	1174	2256	1930	1218	0	1713	295	2940	1440	1323	1375	835	1368	546	1449	1349	1327	1274	1050	1367	2386	1446	1568	1381	685	1348	876	932	1235	1423	1432	1503	1391	1470	1255	1438	1104	811	1538	464	3064	1567	392	1013	381	880	1467	1319	1217	1822	1464	1163	1101	1406	1703	1566	1455	1321	1095	1627	626	1359	621	1097	810	1363	1316	1446	1564	1097	1469	466	1437	634	1465	1246	1334	1222	385	815	1528	1427	1558	2821	1138	1377	1432	1470	1725	1353	2957	430	1297	1263	1473	756	1425	1442	2412	751	1236	105	914	989	1381	1170	813	928	1197	1360	1238	293	1516	1566	1041	546	1082	1453	1217	1181	1172	1476	1138	1463	1222	2358	1461	864	1197	2729	1136	890	849	1145	1446	1121	1217	1242	1351	1521	1163	1414	727	1249	1341	1289	1311	1477	863	1569	1222	938	419	366	1156	1197	1730	1418	1097	3228	933	1348	626	626	858	1240	1498	885	1581	1182	449	1472	1466	1425	2617	310	1343	722	1682	1460	1137	384	1145	1367	2169	864	1489	1017	1617	1366	830	743	621	1151	1576	1664	746	1705	1003	727	1867	1333	3594	1702	426	2075	1452	1413	688	1565	1453	724	392	508	1569	915	2433	1528	1338	1290	1251	1346	2282	1720	1323	3051	1328	392	1411	1464	1175	1137	1476	967	1759	1553	1346	1406	813	846	1538	1454	195	882	1328	2766	1449	322	1180
434	396	613	1254	2546	853	491	296	294	2021	277	297	1319	860	632	3440	230	508	1713	0	1442	1252	302	398	399	894	431	1572	267	473	401	659	873	486	1027	276	284	513	1864	593	856	784	491	358	357	210	360	363	1386	388	2529	1605	1594	1299	1436	286	1339	2476	1344	2244	301	469	812	231	294	942	954	378	1672	191	260	1455	835	159	2140	353	1125	642	1426	412	410	276	184	653	285	1354	295	1473	361	1529	455	501	1347	1274	428	463	430	1195	734	395	357	375	179	359	1478	1315	1493	1853	287	1565	348	411	751	1589	490	1799	1500	729	2638	630	1760	789	571	493	1601	1831	290	285	2457	1572	2160	261	812	644	2089	273	734	360	501	1013	284	864	860	1527	582	832	1624	802	298	715	1229	2582	379	552	839	364	1645	1419	449	1877	412	273	865	186	1776	1072	2124	1347	584	571	342	3130	653	1684	780	593	2140	2140	869	566	338	851	414	827	1292	282	286	348	4109	1414	387	1213	353	1532	743	1943	802	411	3718	864	227	867	1490	389	2407	2007	1125	836	286	277	999	287	860	1645	163	396	2077	93	1305	567	277	364	1892	191	352	1204	1334	1764	676	802	3987	428	453	549	1504	389	984	612	398	1440	460	1334	368	294	643	690	274	826	309	275	2470	378	1964	1613	302	295	1835	846	460	1159	291	1398	628
1109	1129	1114	190	1262	597	979	1414	1182	912	1191	1296	308	812	882	2494	1665	963	295	1442	0	2655	1160	1047	1127	552	1127	393	1184	1059	1049	1068	872	1136	2182	1182	1282	1156	647	1135	592	676	979	1139	1147	1235	1138	1228	1211	1197	1213	864	1516	168	2773	1281	239	1278	218	950	1185	1031	1040	1568	1182	1013	951	1121	1679	1287	1189	1288	912	1368	889	1091	424	813	800	1116	1038	1182	1286	857	1188	190	1177	648	1222	1237	1047	964	95	749	1299	1197	1330	2530	933	1130	1147	1181	1469	1085	2661	135	1276	1332	1218	800	1141	1153	2126	805	979	398	924	713	1614	942	919	653	958	1130	1248	536	1266	1280	1143	393	1258	1187	1040	888	1314	1196	933	1220	964	2155	1182	582	1030	2437	878	611	905	959	1166	908	1137	1488	1072	1310	989	1130	804	1213	1054	1360	1052	1197	581	1291	1277	809	683	139	909	958	1440	1700	857	3007	664	1135	889	889	576	1009	1254	600	1352	1006	289	1191	1186	1141	2902	40	1086	620	1392	1432	934	646	959	1121	2459	582	1222	722	1566	1115	1003	753	424	975	1290	1377	530	1461	812	804	1600	1055	3381	1439	137	1840	1191	1129	662	1286	1207	619	228	666	1376	640	2724	1299	1051	998	1236	1090	1987	1424	1047	2815	1041	228	1127	1182	952	920	1196	754	1471	1304	1548	1121	983	899	1292	1173	393	640	1041	2528	1170	62	954
1677	1641	1821	2465	3798	2058	1743	1428	1476	3054	1529	1505	2566	2105	1779	4641	1074	1760	2940	1252	2655	0	1501	1620	1644	2104	1670	2703	1519	1600	1615	1874	2109	1711	1423	1528	1373	1725	2962	1797	2064	2028	1743	1516	1508	1460	1610	1583	2543	1613	3618	2841	2679	2498	322	1374	2580	3727	2583	3339	1472	1624	2018	1236	1476	2145	2170	1534	2708	1375	1511	2597	2067	1379	3393	1598	2374	1843	2663	1657	1625	1528	1378	1906	1470	2537	1547	2723	1584	2692	1609	1752	2560	2514	1596	1669	1579	289	1972	1641	1508	1476	1309	1604	716	2522	2642	3031	1532	2806	1514	1507	531	2830	1742	3032	2724	1952	3871	1877	2998	2013	1822	1718	2769	3079	1515	1376	3549	2703	3388	1512	2018	1778	3301	1464	1972	1584	1752	1438	1479	2075	2064	1200	1830	2049	2857	2028	1494	1959	2399	3825	1590	1687	2055	1526	2888	2579	1601	3051	1665	1464	2076	1372	2956	2308	3338	2576	1837	1822	1224	4356	1906	1340	2012	1797	3393	3393	2082	1810	1553	2055	1555	2040	2536	1468	1473	1515	5354	2632	1640	2463	1274	2636	1980	3192	2028	1656	4969	2075	1478	1982	2538	1639	3561	3104	2374	2056	1365	1280	2249	1385	2105	2888	1123	1608	1650	1293	2519	1212	1529	1526	2992	1376	1583	2454	2574	3017	1759	2026	5238	1596	1605	1666	2665	1642	1006	1338	1620	1039	1615	2574	1528	1476	1887	1935	1464	2078	1189	1486	3690	1534	3208	2845	1510	1486	3041	2094	1615	973	1491	2618	1874
348	315	560	970	2312	564	298	450	33	1720	206	362	1070	697	330	3290	532	311	1440	302	1160	1501	0	122	318	608	361	1270	162	185	114	586	733	435	1280	183	162	478	1562	550	569	534	298	77	84	153	270	369	1311	370	2227	1435	1563	1010	1647	162	1081	2259	1083	1942	47	170	731	499	33	851	842	92	1666	126	155	1390	706	312	1907	149	882	348	1259	325	125	183	126	458	33	1060	215	1276	362	1443	157	298	1065	1105	485	452	505	1402	604	315	84	145	409	154	1618	1029	1420	1745	267	1388	63	165	976	1410	295	1531	1352	451	2460	483	1584	512	412	439	1509	1582	327	160	2155	1270	1992	153	731	343	1943	36	604	359	298	1261	21	578	775	1564	354	550	1461	689	6	570	1154	2389	90	602	740	77	1461	1341	153	1771	238	37	579	130	1667	919	1844	1075	391	412	343	2858	458	1980	512	550	1907	1907	584	444	365	561	505	734	1039	34	29	62	3906	1135	242	1018	310	1490	615	1697	689	329	3500	578	161	566	1486	288	2111	1705	882	731	173	255	763	474	697	1461	465	107	2372	338	1023	835	206	77	1589	126	338	1008	1074	1545	739	525	3769	485	156	257	1421	254	1027	515	122	1741	162	1074	81	33	505	546	36	634	351	347	2308	92	1774	1449	363	16	1551	607	162	1459	11	1120	487
288	264	490	858	2190	455	194	475	153	1646	205	366	948	585	267	3173	626	204	1323	398	1047	1620	122	0	266	496	306	1178	172	193	21	506	626	378	1317	184	279	422	1474	485	458	412	194	148	160	203	228	348	1215	337	2137	1318	1478	901	1769	279	960	2137	963	1853	162	151	643	565	153	756	742	145	1588	244	171	1297	604	363	1785	91	760	244	1143	269	19	184	241	343	155	956	203	1155	339	1343	148	189	951	988	466	409	492	1525	504	265	160	227	468	91	1738	918	1324	1638	263	1269	140	229	1097	1291	191	1413	1238	334	2340	382	1465	395	312	380	1407	1461	328	277	2065	1178	1874	169	643	287	1828	158	504	336	189	1297	143	466	685	1668	234	436	1344	592	129	467	1059	2267	37	569	645	140	1341	1244	149	1664	157	159	467	247	1560	807	1730	957	280	312	461	2741	343	2051	392	485	1785	1785	472	356	353	452	498	642	917	157	151	139	3784	1020	177	898	424	1402	515	1576	592	275	3377	466	198	497	1410	235	2009	1617	760	635	290	375	640	508	585	1341	560	28	2440	413	910	889	205	139	1502	243	314	888	954	1422	704	408	3646	466	150	238	1322	192	1136	603	0	1822	149	954	141	153	406	443	159	517	473	359	2190	145	1654	1332	366	138	1439	484	149	1538	130	1005	388
35	3	245	950	2161	591	159	287	348	1832	136	168	957	462	511	3043	577	172	1375	399	1127	1644	318	266	0	617	43	1331	171	458	287	278	474	117	1105	150	463	160	1636	233	589	451	159	385	396	222	48	105	1013	81	2287	1206	1251	1006	1835	464	987	2083	995	2005	363	418	430	448	348	557	561	391	1350	367	181	1089	437	266	1757	180	762	434	1027	13	285	150	355	279	343	1078	118	1078	98	1151	414	176	1035	874	212	142	242	1595	335	3	396	462	353	178	1865	1012	1122	1467	112	1166	372	476	1150	1190	159	1453	1102	454	2239	233	1361	502	182	121	1221	1461	141	462	2215	1331	1761	181	430	536	1692	336	335	95	176	1082	326	591	477	1861	258	552	1225	407	321	317	855	2184	290	303	449	381	1247	1045	415	1491	119	335	591	365	1389	672	1793	1014	218	182	628	2781	279	1889	476	233	1757	1757	593	167	127	590	254	440	935	342	339	372	3712	1094	89	819	607	1181	344	1570	407	13	3325	591	201	719	1169	31	2124	1774	762	444	473	537	634	333	462	1247	522	293	2271	351	995	717	136	380	1662	366	79	810	985	1375	437	514	3594	212	416	504	1127	75	1319	832	266	1687	415	985	383	348	244	292	336	438	620	177	2071	391	1566	1213	164	331	1517	492	415	1401	315	1075	229
607	618	685	362	1747	49	459	902	630	1225	655	781	512	496	350	2846	1119	445	835	894	552	2104	608	496	617	0	628	713	642	516	496	657	569	659	1717	644	732	691	1019	699	40	203	459	588	597	690	616	723	1123	695	1669	1022	1430	405	2231	731	503	1720	499	1387	632	484	701	1036	630	744	695	570	1574	735	646	1211	586	833	1348	547	363	261	873	608	486	644	734	389	636	465	644	816	716	1212	499	442	457	739	815	719	847	1987	547	619	597	635	937	542	2147	422	1221	1434	691	961	589	609	1576	979	459	930	996	168	1981	494	1145	115	479	655	1256	1005	747	730	1597	713	1548	644	701	363	1543	643	547	713	442	1693	629	29	716	1982	360	65	1057	615	614	506	993	1885	520	861	666	578	1013	1142	506	1463	522	644	28	738	1362	645	1236	475	416	479	897	2251	389	2506	146	699	1348	1348	25	544	745	52	865	677	474	638	633	589	3370	528	558	604	850	1345	553	1122	615	614	2946	29	678	294	1419	598	1519	1157	363	651	741	828	303	945	496	1013	1054	502	2889	897	415	1333	655	578	1044	734	696	595	493	1019	961	104	3214	815	503	465	1199	566	1492	921	496	2295	493	493	576	630	514	503	644	397	924	784	1863	570	1296	1047	778	621	943	238	493	2008	618	514	507
21	46	202	952	2141	605	177	289	391	1848	176	176	946	435	544	3009	599	187	1368	431	1127	1670	361	306	43	628	0	1342	213	498	327	237	442	74	1089	192	506	117	1648	190	602	454	177	428	438	263	91	101	973	69	2295	1175	1209	1010	1866	507	979	2059	988	2015	406	457	390	461	391	518	524	433	1307	409	223	1048	403	290	1737	221	752	459	997	37	324	192	396	271	386	1084	159	1053	96	1111	454	194	1035	845	189	106	220	1626	304	45	438	504	370	219	1902	1015	1082	1429	144	1137	415	518	1181	1161	178	1444	1069	469	2208	211	1331	513	171	78	1181	1446	156	505	2223	1342	1729	223	390	569	1658	379	304	95	194	1066	370	603	437	1903	269	564	1194	371	364	289	815	2156	331	268	411	423	1219	1004	455	1453	153	378	603	407	1351	641	1788	1010	218	171	670	2770	271	1884	484	190	1737	1737	604	141	129	604	236	401	926	385	382	414	3685	1093	128	795	650	1139	312	1554	371	31	3301	603	242	746	1126	73	2126	1785	752	407	516	579	624	336	435	1219	546	333	2264	377	996	714	176	423	1673	408	88	787	977	1354	399	524	3569	189	456	542	1087	114	1360	875	306	1688	455	977	426	391	218	265	379	420	661	190	2039	433	1538	1182	171	375	1515	488	455	1401	358	1073	205
1321	1332	1380	447	1485	741	1172	1614	1284	540	1359	1493	693	1119	947	2801	1802	1159	546	1572	393	2703	1270	1178	1331	713	1342	0	1340	1124	1172	1343	1188	1370	2430	1345	1354	1399	306	1398	742	899	1172	1227	1232	1381	1328	1437	1593	1409	960	1256	1901	377	2777	1353	625	1547	603	676	1281	1112	1348	1739	1284	1347	1287	1207	2062	1392	1343	1672	1220	1534	1166	1245	763	934	1192	1322	1164	1345	1395	1092	1292	284	1349	1041	1430	1627	1127	1155	419	1132	1528	1430	1560	2540	1217	1333	1232	1246	1640	1241	2603	399	1662	1724	1400	1192	1233	1211	2173	1196	1172	639	1317	878	1927	1193	1302	829	1188	1366	1640	839	1458	1352	887	0	1615	1341	1348	941	1688	1302	1217	1427	1155	2405	1290	739	1348	2305	1073	778	1296	1263	1275	1183	1508	1786	1193	1566	1302	1219	1192	1597	1134	1751	1232	1303	739	1397	1670	1164	748	515	1127	1188	1482	1735	1092	3217	858	1398	1166	1166	738	1250	1458	742	1578	1317	667	1295	1290	1233	3108	427	1269	996	1432	1817	1220	928	1263	1328	2647	739	1373	724	1942	1311	857	443	763	1287	1360	1438	835	1656	1119	1192	1735	1176	3602	1591	434	2045	1359	1218	330	1392	1410	993	612	1026	1655	818	2904	1528	1130	1050	1624	1277	1916	1392	1178	2999	1122	612	1215	1284	1209	1188	1302	1041	1521	1495	1889	1207	1342	1290	1490	1279	479	895	1122	2713	1281	446	1206
205	168	416	997	2279	605	224	305	187	1816	44	204	1052	607	439	3201	481	241	1449	267	1184	1519	162	172	171	642	213	1340	0	334	185	449	630	286	1146	21	293	326	1639	403	607	518	224	238	246	59	122	207	1184	210	2300	1355	1422	1046	1693	294	1072	2212	1077	2016	202	304	600	398	187	726	726	249	1519	196	9	1260	597	194	1874	95	858	407	1176	181	190	21	184	388	180	1107	55	1213	200	1321	296	233	1088	1022	322	294	344	1450	494	168	246	306	299	99	1704	1059	1293	1633	105	1312	224	327	1011	1335	222	1534	1258	474	2386	379	1508	532	314	291	1389	1563	167	292	2228	1340	1912	10	600	458	1850	171	494	197	233	1126	165	613	647	1690	315	578	1376	572	164	468	1026	2325	175	440	617	235	1389	1215	294	1658	145	171	613	195	1555	826	1862	1083	318	314	457	2865	388	1882	519	403	1874	1874	617	325	203	603	344	608	1025	179	177	223	3850	1154	124	953	436	1352	503	1675	572	184	3455	613	40	669	1338	148	2161	1781	858	611	303	365	731	336	607	1389	417	186	2270	255	1047	717	44	235	1666	195	177	943	1068	1499	577	545	3724	322	296	395	1297	131	1148	666	172	1658	299	1068	239	187	396	442	172	564	450	192	2224	249	1707	1365	204	172	1577	578	299	1373	156	1137	380
481	456	682	869	2259	468	376	634	181	1552	375	538	1016	742	180	3301	699	383	1349	473	1059	1600	185	193	458	516	498	1124	334	0	171	696	792	571	1465	352	230	615	1406	678	476	507	376	115	115	337	417	532	1390	526	2072	1448	1660	899	1715	229	1015	2223	1014	1788	172	48	827	682	181	934	914	96	1775	282	329	1473	775	498	1858	279	841	264	1278	461	175	352	288	501	191	937	379	1268	524	1512	45	367	965	1125	650	600	674	1472	680	456	115	123	594	280	1638	924	1498	1795	437	1394	126	93	1068	1415	374	1445	1382	390	2454	560	1589	447	492	573	1573	1520	501	228	2001	1124	1999	327	827	182	1966	203	680	521	367	1447	196	488	867	1520	383	470	1477	770	187	639	1235	2371	168	759	824	111	1461	1417	43	1822	350	204	490	287	1718	960	1739	991	448	492	381	2759	501	2157	462	678	1858	1858	496	543	533	465	677	823	981	194	191	127	3873	1039	370	1020	333	1583	691	1636	770	467	3456	488	343	403	1598	427	1975	1550	841	813	237	320	736	659	742	1461	632	165	2550	521	924	1020	375	110	1435	282	499	1010	1006	1512	895	458	3724	650	42	76	1492	384	1003	443	193	1912	46	1006	106	181	586	618	203	660	411	525	2316	96	1765	1465	538	185	1441	588	46	1632	195	1026	568
309	285	511	859	2199	454	214	490	142	1636	221	383	956	603	253	3189	630	224	1327	401	1049	1615	114	21	287	496	327	1172	185	171	0	528	645	399	1332	199	265	443	1468	507	458	421	214	130	142	212	248	367	1235	358	2131	1333	1498	900	1760	265	967	2148	968	1846	149	130	664	574	142	776	761	125	1609	239	184	1317	623	374	1794	110	769	241	1158	290	11	199	237	361	145	954	220	1168	359	1363	127	208	953	1004	485	430	511	1516	524	286	142	208	478	110	1724	919	1344	1656	280	1283	123	209	1091	1305	211	1417	1255	337	2353	402	1480	398	332	401	1426	1468	345	263	2059	1172	1889	182	664	272	1844	151	524	356	208	1312	135	467	705	1650	249	437	1359	612	120	486	1079	2280	24	590	665	122	1355	1264	128	1683	179	151	468	242	1578	825	1732	961	298	332	447	2745	361	2060	397	507	1794	1794	473	377	372	451	516	662	925	148	142	122	3795	1023	199	912	409	1423	535	1583	612	296	3387	467	209	485	1431	256	2006	1610	769	656	276	362	650	522	603	1355	563	8	2450	420	911	901	221	121	1495	238	333	902	960	1433	725	411	3656	485	129	218	1341	213	1119	584	21	1830	128	960	122	142	426	463	151	533	460	375	2205	125	1667	1348	383	129	1440	495	128	1546	123	1007	409
243	281	55	916	1970	651	322	449	618	1872	413	372	836	274	694	2783	800	318	1274	659	1068	1874	586	506	278	657	237	1343	449	696	528	0	248	172	1115	429	739	150	1648	81	644	454	322	645	657	500	326	298	735	271	2273	967	977	982	2085	739	882	1874	896	1999	633	649	153	641	618	283	297	647	1082	645	459	810	201	507	1572	438	655	577	790	267	522	429	633	272	614	1067	396	871	299	874	651	333	985	646	286	205	310	1848	136	281	657	725	565	434	2136	976	844	1194	378	935	634	733	1401	960	324	1337	850	532	1996	168	1125	553	215	166	945	1308	370	737	2201	1343	1514	459	153	720	1434	608	136	299	333	1087	598	639	201	2140	357	601	982	156	590	161	577	1953	539	247	182	639	1020	767	653	1218	351	608	639	644	1117	438	1692	938	278	215	906	2643	272	1954	514	81	1572	1572	636	154	325	651	335	168	825	613	610	633	3482	1031	343	624	884	904	137	1409	156	265	3109	639	479	853	903	302	2071	1779	655	181	749	815	538	495	274	1020	755	535	2320	593	951	817	413	639	1671	644	307	617	884	1183	311	561	3377	286	653	723	850	331	1597	1101	506	1788	650	884	641	618	144	155	609	314	899	393	1819	647	1338	970	367	601	1440	448	650	1506	585	1009	155
439	477	303	743	1722	582	435	693	766	1727	604	604	612	73	731	2571	1035	422	1050	873	872	2109	733	626	474	569	442	1188	630	792	645	248	0	398	1336	613	894	389	1486	329	572	380	435	775	787	688	516	526	601	495	2086	733	888	813	2308	895	665	1628	680	1819	779	743	168	883	766	175	130	771	1021	820	639	686	47	731	1324	586	448	596	554	461	636	613	810	290	765	904	586	624	525	720	749	437	798	404	533	444	557	2069	138	477	787	854	801	581	2334	798	708	1012	585	696	766	852	1624	720	437	1106	629	503	1765	252	889	496	321	391	781	1065	594	893	2015	1188	1287	639	168	757	1220	763	138	525	437	1308	749	562	160	2295	408	531	751	97	738	163	451	1715	663	489	116	767	779	627	754	1038	498	763	561	820	934	199	1464	735	346	321	1073	2400	290	2187	454	329	1324	1324	556	307	556	583	583	134	606	765	761	765	3245	833	507	377	1043	806	130	1164	97	461	2866	562	667	828	857	487	1863	1610	448	103	905	983	352	740	73	779	986	654	2547	818	769	1063	604	766	1507	819	526	369	669	935	519	498	3134	533	753	796	700	499	1760	1228	626	2030	747	669	767	766	233	188	763	172	1074	623	1597	771	1098	740	599	749	1225	330	747	1750	735	810	250
90	120	131	967	2113	641	229	300	466	1884	247	205	938	403	607	2954	636	235	1367	486	1136	1711	435	378	117	659	74	1370	286	571	399	172	398	0	1059	265	580	44	1676	116	637	473	229	503	513	333	165	128	905	99	2318	1130	1136	1028	1915	580	975	2025	985	2039	481	528	326	486	466	456	467	508	1233	480	295	979	356	336	1711	295	746	512	952	111	396	265	467	281	460	1106	231	1019	127	1046	526	246	1046	803	162	61	194	1677	263	120	513	579	402	293	1963	1029	1014	1367	206	1095	490	593	1231	1119	230	1439	1018	507	2161	196	1287	545	182	7	1117	1430	198	578	2246	1370	1681	296	326	632	1604	453	263	128	246	1035	444	636	374	1974	308	596	1147	318	439	259	748	2114	404	209	353	497	1178	938	528	1391	222	453	636	478	1289	596	1787	1014	243	182	741	2759	281	1870	513	116	1711	1711	636	127	157	640	215	341	920	459	456	489	3643	1101	201	764	722	1067	270	1535	318	106	3264	636	312	800	1052	147	2139	1812	746	350	590	650	620	348	403	1178	588	405	2246	423	1009	707	247	497	1701	479	134	756	974	1325	334	556	3532	162	528	611	1021	187	1431	949	378	1684	527	974	500	466	194	238	454	404	731	224	1988	508	1497	1135	200	449	1520	495	527	1399	433	1080	187
