NAME : VRPTW_INSTANCE_147.txt
COMMENT : Bangkok Supermarket
TYPE : VRPTW
DIMENSION : 282
DAYS : Saturday
EDGE_WEIGHT_TYPE : EXPLICIT
VEHICLES : 36
EDGE_WEIGHT_FORMAT : FULL_MATRIX
CAPACITY : 1000
EDGE_WEIGHT_SECTION
0	451	131	1070	214	626	1898	371	314	1031	258	246	492	603	1724	183	2954	78	625	1464	835	581	350	308	818	392	402	1686	154	1183	2949	172	1042	525	412	1166	2766	1726	1005	350	2008	60	330	1891	84	153	527	1055	539	1111	347	307	256	124	367	207	600	752	1511	1236	582	1866	153	328	367	1058	101	231	454	25	603	1994	202	1066	568	223	284	1074	1315	530	1375	492	2033	486	1090	255	815	1380	194	201	617	1429	352	885	484	537	1239	212	1732	1248	650	620	608	37	525	537	404	2141	2205	172	952	1221	747	1888	851	1682	170	598	1223	466	667	540	1715	328	1041	1038	372	152	1698	1425	196	225	1461	985	1531	294	988	436	204	366	644	62	1647	368	201	1761	957	591	402	124	609	201	529	210	1642	1121	1190	1626	831	23	431	307	784	449	440	1852	67	244	1121	94	1083	2065	422	234	986	432	441	21	46	2155	1721	668	910	962	255	2119	4047	328	207	482	1321	580	869	488	1033	369	196	402	815	404	584	1321	172	810	408	1606	255	508	571	891	46	609	584	116	2216	964	1795	288	2214	307	854	255	281	1116	434	415	133	1187	216	632	854	254	815	611	701	650	43	135	121	76	430	623	298	649	214	584	103	1011	589	301	506	86	1126	371	133	218	668	371	1941	242	359	171	680	189	172	271	503	214	170	819	410	255	101	264	1073	193	153	199	135	83	1843	531
451	0	477	677	242	331	1937	500	390	1084	371	211	612	153	1478	516	2603	530	419	1035	719	131	693	355	931	610	744	1472	511	1031	2598	286	1494	604	558	864	2619	1945	575	722	1557	464	434	2222	506	491	670	660	317	1560	485	354	705	364	517	390	158	973	1909	1271	131	1415	315	481	517	1117	547	529	555	475	600	1544	553	655	517	501	387	787	1489	307	929	41	1894	609	673	245	617	1760	630	523	420	1706	487	544	215	139	1620	540	1766	1109	628	600	157	423	604	314	459	1972	1760	286	999	775	890	1437	1302	1348	564	1044	1137	171	717	324	1271	481	648	1293	718	540	1247	1415	364	576	1648	556	1516	371	1330	71	389	515	976	443	1715	517	493	1325	539	938	606	364	740	350	303	659	2016	701	1067	1803	390	474	390	342	1161	599	170	2044	445	497	711	394	927	1909	488	613	567	403	437	472	479	1977	1426	1098	1357	535	245	1682	3748	124	390	644	870	135	878	41	643	711	364	475	617	746	133	870	286	917	560	1157	245	503	641	441	479	311	133	562	1784	964	1352	389	2053	144	1139	537	545	1411	263	531	393	737	404	304	893	537	617	160	910	628	483	355	568	509	390	522	346	404	401	136	503	609	137	694	630	497	1446	500	393	239	550	500	2236	691	522	504	459	351	286	723	623	242	332	926	565	245	547	186	673	384	595	528	355	415	1678	305
131	477	0	1134	240	709	1767	500	220	902	377	268	365	629	1831	54	3039	146	552	1511	954	599	238	228	950	261	292	1799	282	1302	3034	197	1044	655	543	1259	2890	1603	1050	253	2018	71	455	1791	203	23	658	1118	482	1127	228	227	300	234	243	122	608	878	1439	1367	603	1878	241	208	244	1189	190	100	584	123	488	2015	328	1122	464	92	404	1169	1441	473	1405	517	2157	358	1143	338	922	1298	168	71	543	1314	233	964	450	588	1157	341	1601	1369	536	507	632	112	655	480	296	2262	2237	197	823	1252	878	1896	846	1770	87	576	1349	535	797	480	1747	208	1105	917	263	273	1715	1556	314	109	1333	1031	1662	412	888	442	119	243	536	73	1778	244	70	1802	1009	488	271	234	741	315	474	262	1558	1173	1312	1498	867	124	342	231	698	320	417	1726	67	114	1178	93	1200	2187	309	348	1038	340	560	126	170	2274	1819	621	889	1009	338	2160	4148	355	122	614	1339	592	998	518	1098	258	314	290	922	294	602	1339	197	941	539	1606	338	400	701	915	170	690	602	138	2261	839	1829	195	2335	337	737	123	150	1003	525	545	255	1195	121	707	726	123	922	636	572	536	103	243	144	190	341	525	222	742	121	598	52	1071	610	218	378	210	1020	500	255	280	571	500	1831	287	490	41	606	302	197	294	376	240	146	950	541	338	190	304	1135	314	150	71	243	77	1963	476
1070	677	1134	0	895	457	2491	887	1066	1691	863	869	1278	550	921	1180	1928	1144	983	427	638	595	1363	1031	1059	1287	1415	961	1057	719	1923	937	2069	865	917	329	2126	2600	186	1387	1118	1103	856	2899	1092	1151	957	18	915	2108	1161	1031	1293	952	1193	1063	616	1224	2573	1183	582	973	917	1158	1192	1107	1144	1200	874	1095	1232	1042	1077	77	1143	1172	855	329	1563	909	445	643	1450	1276	101	815	487	2430	1264	1189	991	2378	1162	221	837	548	2290	1054	2322	793	1247	1224	551	1054	865	912	1127	1481	1195	937	1609	341	1072	1021	1892	695	1216	1662	899	603	870	923	723	1158	29	1965	1388	1095	794	1227	903	1240	2295	189	1302	836	2006	736	1062	1191	1651	1084	1596	1192	1162	731	159	1611	1282	952	975	892	905	1251	2689	128	790	2443	335	1093	1047	1018	1830	1271	818	2686	1088	1171	82	1042	653	1440	1154	1138	143	1061	757	1091	1080	1473	810	1739	1969	191	815	1081	3093	786	1063	964	507	615	890	635	37	1382	903	1144	487	1417	590	507	937	1043	923	836	815	1150	867	382	1080	470	590	1186	1165	1551	789	1065	1568	801	1815	1210	1220	2087	650	882	962	516	1078	441	1508	1210	487	548	1580	1247	1110	940	1190	1102	1047	1122	1022	475	1074	603	1148	71	576	1352	1296	1081	2123	887	962	858	1134	887	2909	1281	922	1166	995	901	937	1325	1288	895	996	1050	928	815	1144	830	26	918	1223	1194	940	1062	1215	905
214	242	240	895	0	482	1869	406	237	998	254	32	471	395	1625	284	2807	291	460	1272	782	369	469	209	876	424	522	1603	309	1123	2802	44	1254	550	463	1035	2721	1789	811	491	1796	222	342	2018	280	256	586	879	362	1325	320	208	470	162	351	180	386	862	1679	1265	372	1655	116	308	351	1096	314	307	484	236	524	1786	358	882	462	282	283	949	1412	351	1171	283	1988	466	903	143	723	1535	387	294	455	1522	323	732	287	348	1395	354	1700	1196	565	534	399	183	550	359	334	2082	2002	44	914	1017	817	1675	1061	1541	324	801	1195	302	686	364	1512	308	866	1115	494	329	1488	1436	209	344	1504	791	1541	278	1117	221	178	349	763	200	1697	352	269	1564	769	718	426	162	667	199	349	425	1794	933	1144	1665	630	235	312	199	935	442	236	1900	203	286	938	152	1019	2013	361	411	798	320	410	234	248	2092	1599	858	1115	769	143	1922	3929	118	180	549	1111	367	877	281	859	488	209	342	723	524	372	1111	44	865	461	1392	143	419	595	683	248	462	372	321	2023	904	1593	221	2159	98	946	321	336	1217	316	449	200	974	197	474	809	320	723	402	744	565	242	158	327	280	311	499	196	527	193	371	262	832	378	458	489	274	1243	406	200	72	541	406	2047	456	413	271	514	192	44	484	483	0	103	874	465	143	314	64	895	224	353	299	158	174	1784	351
626	331	709	457	482	0	2269	439	695	1415	406	463	928	307	1153	759	2331	697	742	876	415	344	946	661	729	903	999	1142	600	703	2326	517	1612	454	478	553	2288	2260	449	961	1512	666	401	2498	640	729	543	445	645	1652	787	660	837	504	820	661	387	840	2138	997	328	1365	475	779	820	864	693	788	442	652	930	1463	620	472	848	763	398	469	1283	635	836	321	1563	924	500	373	291	2004	821	772	745	2003	790	259	544	202	1863	597	2097	782	960	931	314	615	454	641	777	1640	1640	517	1330	691	714	1403	1435	1061	784	1210	822	182	510	652	1156	779	429	1594	971	638	1187	1117	448	818	1969	430	1215	378	1596	403	660	818	1242	649	1443	820	749	1180	383	1196	902	504	585	439	631	796	2265	535	743	2126	345	650	717	647	1405	908	501	2365	654	768	521	615	600	1578	806	681	410	730	314	647	631	1645	1118	1292	1513	405	373	1535	3447	395	661	539	833	368	620	304	420	966	448	790	291	1002	339	833	517	713	483	1161	373	832	471	446	631	20	339	741	1622	1295	1229	686	1721	402	1428	802	818	1699	195	442	509	751	678	45	1224	802	291	314	1218	960	668	492	745	651	717	853	649	84	674	356	714	410	327	921	946	628	1724	439	509	429	880	439	2529	827	473	745	777	448	517	871	939	482	584	722	488	373	693	419	466	463	779	775	492	633	1346	633
1898	1937	1767	2491	1869	2269	0	2255	1633	871	2111	1868	1411	1992	3390	1719	4319	1898	1533	2654	2642	1946	1607	1660	2716	1506	1575	3399	2049	2967	4314	1859	2199	2408	2304	2765	4556	782	2317	1645	2693	1838	2199	1432	1968	1745	2423	2472	1625	2339	1564	1661	1965	1976	1538	1718	1912	2635	1734	3127	1963	2620	1958	1581	1538	2952	1941	1669	2338	1889	1350	2802	2092	2433	1425	1674	2141	2704	3195	1634	2451	1948	3832	1417	2432	2013	2554	1564	1820	1701	1528	1039	1559	2446	1724	2069	1539	2107	171	3045	1314	1345	1988	1873	2408	1628	1535	3907	3082	1859	955	2356	2645	2587	2065	3180	1762	1880	3060	2102	2549	1617	2712	1581	2469	1071	1597	2035	2553	3305	2053	1695	688	2308	3410	2141	1353	1866	1721	1539	1434	1836	3545	1537	1697	2826	2332	1489	1495	1976	2506	2048	1638	1955	1611	2440	2999	604	2159	1891	1568	1670	1520	1450	1767	673	1831	1654	2481	1826	2863	3847	1509	2099	2348	1558	2280	1893	1937	3910	3301	1768	1981	2301	2013	3106	5543	1901	1718	2379	2307	1923	2745	1965	2470	1595	2053	1528	2554	1573	1952	2307	1859	2707	2300	2326	2013	1454	2454	2113	1937	2248	1952	1866	3232	974	2790	1653	3989	1904	1233	1645	1617	1158	2164	2300	2008	2154	1703	2238	1060	1645	2554	1990	1228	1314	1869	1981	1869	1953	1569	1415	1673	2341	1707	1936	1806	2421	1967	1699	1395	1976	1249	2255	2008	1941	1389	2255	1240	1959	2251	1729	1508	2037	1859	1925	1399	1869	1795	2716	2303	2013	1941	1911	2475	2060	1847	1704	1981	1825	3614	1637
371	500	500	887	406	439	2255	0	628	1384	152	420	844	605	1392	554	2672	403	857	1312	485	612	717	607	470	759	767	1342	249	829	2667	404	1195	154	58	889	2398	2096	888	707	1948	431	67	2229	326	523	180	878	753	1224	691	605	472	278	717	536	650	473	1803	872	603	1801	301	674	717	697	374	601	83	387	924	1902	236	909	868	589	124	793	1009	742	1275	528	1666	838	939	281	507	1692	525	572	853	1790	695	671	662	486	1554	211	2087	889	968	936	613	388	154	750	727	1779	2078	404	1302	1128	411	1836	1031	1405	536	840	854	382	296	758	1596	674	861	1406	737	282	1624	1055	203	595	1833	868	1162	135	1333	538	533	715	1002	427	1295	717	567	1617	822	946	767	278	260	210	739	442	1954	974	829	1997	758	385	718	598	1115	805	606	2223	433	607	957	429	733	1701	751	283	850	724	130	382	344	1795	1416	947	1124	843	281	1969	3724	436	536	146	1263	625	497	513	850	735	203	731	507	769	611	1263	404	459	59	1583	281	821	200	849	344	432	611	448	2051	1301	1668	606	1849	421	1220	624	649	1476	279	45	247	1163	551	470	1199	623	507	615	1072	968	409	273	448	342	717	906	593	412	547	621	473	846	607	654	860	314	1478	0	247	339	947	0	2293	465	34	542	908	220	404	516	856	406	462	468	64	281	374	390	899	194	483	570	273	433	1482	742
314	390	220	1066	237	695	1633	628	0	762	480	242	235	522	1848	217	2993	359	334	1406	1020	481	339	35	1097	221	382	1831	464	1358	2988	226	1239	778	680	1245	2956	1565	952	383	1855	272	568	1833	399	214	803	1049	275	1331	94	35	521	353	127	107	476	1057	1544	1497	491	1720	327	92	126	1324	401	195	709	320	297	1867	514	1040	253	169	509	1164	1617	268	1277	423	2224	231	1056	381	954	1385	381	210	324	1316	96	930	273	526	1247	520	1464	1432	342	311	523	279	778	274	99	2316	2102	226	678	1127	1033	1732	1041	1738	289	763	1433	513	917	272	1618	92	1038	904	362	467	1565	1671	424	259	1275	934	1777	508	946	330	110	125	596	257	1923	127	178	1684	924	564	216	353	886	418	270	483	1638	1082	1381	1434	762	321	121	48	795	213	263	1671	253	150	1097	222	1254	2248	124	548	951	120	647	322	360	2325	1809	782	1068	915	381	2038	4135	299	107	762	1193	468	1112	431	1033	354	424	105	954	383	487	1193	226	1087	678	1436	381	196	823	788	360	674	487	358	2146	673	1702	26	2394	293	749	189	183	1020	548	672	389	1039	101	679	573	189	954	526	523	342	308	356	365	389	120	309	45	750	102	477	272	998	498	377	253	400	1057	628	389	309	354	628	1845	508	628	213	387	408	226	512	247	237	166	1096	682	381	401	287	1062	434	369	218	356	231	2019	271
1031	1084	902	1691	998	1415	871	1384	762	0	1239	998	540	1159	2557	857	3588	1038	707	1926	1775	1112	770	789	1847	645	749	2556	1184	2106	3583	987	1542	1536	1433	1936	3702	953	1531	816	2146	973	1327	1431	1105	881	1554	1672	784	1673	692	790	1127	1105	667	847	1083	1778	1405	2256	1128	2040	1086	710	667	2081	1082	806	1467	1025	485	2215	1229	1642	567	809	1269	1866	2340	791	1744	1100	2973	547	1647	1142	1695	1212	974	838	700	861	688	1613	877	1220	1114	1243	703	2182	455	484	1156	1004	1536	787	664	3056	2485	987	85	1622	1778	2025	1369	2386	906	1129	2191	1242	1677	776	2050	710	1666	541	766	1174	1929	2433	1181	839	641	1519	2539	1269	804	1013	850	669	686	969	2676	667	831	2148	1532	726	632	1105	1637	1176	796	1110	1393	1662	2134	767	1355	1026	703	800	855	582	914	1010	964	787	1694	956	2002	2991	637	1242	1552	691	1409	1028	1072	3061	2488	1048	1321	1507	1142	2470	4781	1036	847	1510	1615	1090	1873	1115	1664	762	1181	657	1695	748	1118	1615	987	1838	1430	1731	1142	587	1582	1330	1072	1395	1118	1010	2592	152	2134	781	3136	1037	574	782	754	706	1298	1429	1138	1450	832	1388	191	783	1695	1158	422	455	1005	1110	1014	1090	703	571	802	1483	836	1103	944	1619	1133	865	525	1112	799	1384	1138	1070	556	1384	1356	1119	1380	865	697	1166	987	1092	529	998	923	1847	1433	1142	1082	1042	1678	1189	995	843	1110	956	2760	795
258	371	377	863	254	406	2111	152	480	1239	0	268	702	495	1466	432	2711	312	706	1277	578	493	608	457	622	626	660	1428	194	926	2706	254	1207	298	209	921	2513	1980	832	608	1878	313	88	2147	244	400	332	851	603	1253	548	455	433	142	575	393	527	618	1751	1017	487	1732	153	531	575	844	297	475	230	280	774	1844	215	872	716	459	29	827	1160	592	1217	404	1780	696	899	133	559	1628	440	448	702	1687	552	661	514	388	1488	194	1943	992	817	786	502	265	298	600	579	1885	2036	254	1156	1065	563	1762	1029	1439	428	807	973	290	437	607	1548	531	835	1293	630	232	1557	1194	62	480	1709	812	1300	35	1245	398	390	574	903	304	1445	576	438	1580	773	849	632	142	413	63	589	394	1890	933	935	1872	680	277	566	448	1037	665	458	2102	310	474	924	295	825	1810	604	278	802	573	183	275	246	1898	1469	898	1108	787	133	1937	3792	290	393	296	1188	503	634	391	825	627	62	584	559	662	493	1188	254	610	208	1497	133	670	343	761	246	393	493	358	2026	1152	1624	458	1958	273	1111	496	520	1375	213	195	125	1074	409	424	1053	495	559	504	945	817	300	134	361	257	565	754	443	409	405	500	360	812	491	558	718	231	1384	152	125	187	795	152	2199	423	162	418	758	75	254	469	713	254	316	620	213	133	297	240	871	65	396	448	134	303	1587	592
246	211	268	869	32	463	1868	420	242	998	268	0	477	364	1612	311	2785	324	440	1243	778	337	493	211	888	439	546	1591	338	1116	2780	76	1287	560	477	1017	2714	1801	782	518	1764	254	354	2039	312	283	600	853	339	1358	329	210	502	189	361	198	353	882	1706	1272	340	1623	141	319	361	1104	346	330	495	269	520	1754	386	855	454	304	295	932	1428	328	1140	251	1982	473	875	146	713	1561	419	320	435	1539	332	710	260	321	1420	380	1698	1190	560	528	368	215	560	336	335	2074	1971	76	914	986	832	1643	1093	1520	354	833	1193	282	694	342	1482	319	840	1131	519	360	1456	1439	228	371	1515	762	1544	288	1139	189	196	359	785	232	1706	361	292	1534	741	742	439	189	681	217	326	457	1819	905	1139	1674	599	268	304	199	961	451	208	1911	234	306	911	183	1012	2006	363	440	770	313	414	267	280	2083	1581	888	1147	741	146	1892	3910	87	198	564	1079	335	882	250	834	513	228	345	713	548	340	1079	76	876	476	1359	146	415	604	651	280	443	340	353	1993	899	1563	228	2152	69	964	342	356	1236	306	462	226	942	214	454	808	342	713	371	757	560	274	183	359	312	304	487	198	512	210	339	292	805	347	486	495	306	1263	420	226	81	527	420	2065	489	429	297	492	211	76	516	489	32	126	886	481	146	346	46	869	245	385	324	183	204	1777	328
492	612	365	1278	471	928	1411	844	235	540	702	477	0	728	2081	326	3206	507	390	1592	1254	683	308	268	1307	134	320	2066	647	1594	3201	453	1225	997	893	1474	3192	1334	1149	364	1979	436	789	1634	569	346	1013	1260	395	1335	153	269	625	565	127	308	668	1243	1398	1716	695	1851	549	170	127	1541	552	276	927	488	166	2008	693	1245	207	274	731	1395	1806	395	1445	639	2460	7	1259	613	1190	1227	468	308	378	1100	149	1156	447	751	1094	705	1243	1667	209	192	727	464	997	397	152	2552	2256	453	459	1301	1238	1855	1030	1960	386	753	1665	746	1138	388	1781	170	1250	687	319	639	1707	1896	642	323	1040	1132	2002	732	774	546	311	128	451	430	2135	126	295	1857	1129	441	116	565	1096	638	399	599	1469	1281	1615	1198	960	489	233	281	667	49	460	1437	425	250	1302	416	1489	2483	124	712	1155	219	876	491	534	2561	2038	730	1028	1115	613	2206	4360	533	308	970	1346	665	1336	650	1246	311	642	137	1190	320	689	1346	453	1297	889	1554	613	155	1043	969	534	907	689	486	2318	474	1866	250	2630	528	551	253	226	817	784	889	597	1184	293	909	361	254	1190	730	302	209	469	571	491	555	232	275	280	985	296	677	411	1208	702	392	18	575	867	844	597	541	311	844	1632	614	840	332	425	627	453	599	11	471	386	1306	892	613	552	523	1272	650	479	314	571	416	2254	399
603	153	629	550	395	307	1992	605	522	1159	495	364	728	0	1400	666	2478	682	459	888	722	46	839	488	997	744	889	1406	654	1001	2473	439	1646	684	660	776	2567	2051	430	871	1406	617	544	2354	655	642	760	532	375	1710	615	487	856	511	646	536	82	1068	2056	1300	32	1263	463	615	646	1159	697	676	646	628	687	1391	692	519	599	647	506	711	1558	368	776	112	1851	726	534	382	595	1903	783	672	464	1828	616	454	288	126	1764	677	1821	1082	707	682	7	576	684	372	577	1917	1607	439	1076	623	966	1286	1454	1237	716	1197	1128	227	777	383	1118	615	523	1414	864	685	1094	1425	500	725	1749	412	1523	488	1468	193	536	645	1116	596	1746	646	641	1174	403	1080	737	511	822	487	363	810	2158	559	1046	1899	241	626	496	474	1307	722	267	2142	598	642	575	547	901	1860	604	754	429	510	517	625	630	1918	1330	1251	1510	392	382	1531	3639	277	536	741	718	69	915	115	519	857	500	594	595	891	40	718	439	982	663	1010	382	601	714	288	630	291	40	715	1634	1028	1200	525	2000	297	1269	682	688	1539	334	629	537	588	549	266	972	682	595	9	1030	707	635	501	721	659	496	587	480	391	546	56	656	480	26	845	745	646	1579	605	537	388	606	605	2359	842	632	654	486	490	439	875	737	395	483	991	668	382	697	338	543	520	748	678	501	569	1627	364
1724	1478	1831	921	1625	1153	3390	1392	1848	2557	1466	1612	2081	1400	0	1886	1354	1778	1859	997	907	1447	2069	1814	1204	2050	2123	129	1636	586	1349	1656	2515	1270	1381	624	1208	3413	1107	2074	1645	1776	1407	3614	1705	1854	1331	939	1774	2504	1939	1813	1863	1602	1972	1806	1479	1428	3193	973	1431	1537	1590	1930	1971	1050	1757	1921	1326	1746	2077	1494	1628	992	1992	1900	1443	691	1416	1766	1182	1458	591	2078	1003	1497	909	3084	1905	1900	1865	3144	1942	945	1680	1339	2946	1603	3219	557	2102	2075	1404	1725	1270	1771	1931	576	1467	1656	2473	1178	1272	1605	2381	404	1893	2226	674	1335	1166	1782	1220	1930	938	2740	2093	1672	1404	842	1527	1940	3122	1110	839	1430	2712	1548	1804	1970	2367	1763	1170	1972	1882	1126	1074	2315	2051	1602	1287	1523	1762	1834	3346	1008	621	3279	1238	1744	1868	1801	2502	2061	1645	3518	1769	1908	957	1740	666	555	1959	1672	1064	1881	1288	1741	1712	560	217	2338	2489	1111	1497	1294	2332	1549	1806	1367	1316	1470	1014	1444	935	2089	1527	1944	909	2125	1441	1316	1656	1195	1388	1567	1497	1982	1237	1301	1712	1174	1441	1824	1288	2428	1223	1838	663	1554	2567	1939	1958	2835	1311	1358	1591	1394	1822	1174	2368	1939	909	1402	2369	2102	1766	1591	1826	1719	1868	1987	1802	1099	1818	1457	1824	986	1426	2025	2100	1692	2850	1392	1591	1563	2007	1392	3663	1857	1419	1872	1882	1534	1656	1908	2093	1625	1725	1195	1389	1497	1757	1566	943	1532	1861	1902	1591	1754	371	1763
183	516	54	1180	284	759	1719	554	217	857	432	311	326	666	1886	0	3089	182	551	1552	1009	634	186	232	999	212	240	1854	330	1357	3084	244	1027	708	595	1311	2945	1548	1091	206	2045	122	510	1739	249	32	709	1164	489	1115	202	232	313	289	210	137	640	921	1395	1419	639	1907	295	181	211	1240	226	50	637	171	460	2047	373	1166	445	55	459	1222	1483	482	1441	556	2211	319	1186	391	976	1250	164	18	541	1259	206	1014	468	632	1110	387	1554	1424	508	481	669	167	708	488	277	2316	2272	244	779	1289	926	1923	828	1821	73	554	1403	584	850	487	1783	181	1151	862	211	317	1746	1608	369	59	1279	1072	1715	466	836	476	136	210	484	127	1826	211	39	1841	1052	436	224	289	791	369	482	280	1510	1215	1367	1443	906	173	336	239	650	278	441	1671	121	80	1222	146	1255	2242	286	387	1080	332	615	175	218	2329	1872	588	863	1051	391	2198	4201	397	137	665	1370	626	1052	558	1144	206	369	268	976	242	638	1370	244	991	591	1631	391	379	754	950	218	740	638	161	2301	800	1866	194	2390	380	682	74	102	949	578	598	310	1224	129	756	685	73	976	672	518	508	150	298	167	234	335	509	229	795	131	633	87	1116	646	179	337	256	967	554	310	330	555	554	1777	301	543	14	603	357	244	298	336	284	185	1000	593	391	226	349	1180	369	160	16	298	131	2018	484
2954	2603	3039	1928	2807	2331	4319	2672	2993	3588	2711	2785	3206	2478	1354	3089	0	3020	2891	1669	2212	2523	3275	2958	2553	3213	3329	1458	2899	1928	5	2846	3843	2574	2675	1790	1517	4519	2065	3292	1819	2997	2671	4824	2955	3059	2647	1946	2834	3843	3088	2958	3137	2830	3120	2982	2540	2777	4463	2316	2510	1816	2805	3084	3119	2404	3009	3115	2620	2979	3151	1655	2903	1962	3063	3089	2694	1884	2745	2830	1867	2571	1563	3205	1951	2704	2165	4334	3147	3101	2900	4306	3090	2075	2762	2469	4193	2877	4158	1909	3162	3141	2479	2946	2574	2832	3055	1403	1416	2846	3511	1971	2617	1875	3695	1272	3115	3511	2029	2505	2490	2842	1628	3084	1956	3893	3301	2937	1816	2157	2765	3148	4211	2080	2125	2678	3924	2664	2981	3118	3570	2980	2419	3120	3076	1506	2077	3526	3209	2830	2615	2758	2826	3102	4596	1932	1972	4352	2251	2977	2974	2945	3736	3200	2746	4596	2985	3090	1906	2946	1992	1481	3082	2955	2053	2988	2552	2974	2953	1355	1264	3609	3794	2095	2704	1307	1249	2705	2982	2677	2012	2541	2358	2562	1960	3295	2765	3072	2165	3331	2517	2012	2846	2543	2681	2051	2704	3075	2548	2261	2953	2349	2517	3065	1190	3440	1560	2991	1426	2718	3742	3128	3140	4014	2520	2646	2829	2165	2998	2333	3415	3127	2165	2476	3509	3162	2997	2819	3069	2968	2975	3035	2949	2305	2994	2530	3045	1998	2504	3251	3224	2943	4047	2672	2829	2759	3039	2672	4838	3129	2703	3075	2893	2769	2846	3178	3216	2807	2910	2544	2684	2704	3009	2742	1934	2775	3104	3104	2819	2964	1521	2826
78	530	146	1144	291	697	1898	403	359	1038	312	324	507	682	1778	182	3020	0	683	1541	881	660	316	360	827	393	364	1736	159	1228	3015	249	963	553	436	1231	2802	1694	1083	304	2087	89	373	1836	77	162	541	1130	603	1033	374	359	179	192	388	253	678	739	1443	1250	661	1945	228	354	389	1070	44	232	483	55	634	2073	195	1142	608	234	334	1138	1301	594	1453	571	2070	500	1166	329	872	1316	128	200	674	1387	379	956	555	615	1176	213	1734	1291	682	653	687	109	553	601	441	2182	2284	249	962	1300	751	1967	772	1748	138	521	1257	541	692	603	1793	354	1115	1004	335	138	1777	1445	255	204	1437	1063	1551	348	935	513	250	388	599	107	1651	389	212	1839	1034	543	406	192	622	262	593	135	1578	1198	1231	1602	909	56	480	361	724	461	513	1824	109	258	1197	157	1129	2105	455	204	1063	479	489	57	66	2197	1782	595	832	1040	329	2197	4105	407	253	496	1400	659	894	567	1107	333	255	436	872	366	663	1400	249	820	431	1684	329	545	597	970	66	680	663	46	2294	982	1873	333	2253	385	816	256	284	1073	503	445	191	1265	258	705	867	256	872	690	685	682	54	204	48	61	479	668	352	714	257	662	96	1087	668	250	520	88	1077	403	191	297	713	403	1893	165	385	175	738	251	249	192	518	291	236	828	432	329	44	343	1148	247	84	195	204	138	1885	596
625	419	552	983	460	742	1533	857	334	707	706	440	390	459	1859	551	2891	683	0	1243	1139	413	644	325	1319	481	676	1866	758	1446	2886	480	1566	988	915	1235	3024	1629	827	696	1589	594	790	1999	708	548	1037	964	105	1662	375	326	853	620	390	432	379	1322	1789	1682	429	1462	577	390	389	1522	721	525	928	637	272	1622	809	936	191	501	732	1171	1866	116	1079	422	2304	393	942	576	1032	1615	715	543	12	1446	372	914	206	540	1484	809	1361	1525	273	257	455	588	988	108	296	2375	1874	480	625	943	1267	1465	1367	1678	624	1088	1556	590	1114	100	1407	390	958	1039	664	771	1322	1832	668	589	1320	814	1934	723	1161	352	435	389	841	576	2123	389	512	1491	825	827	466	620	1115	657	120	813	1854	959	1484	1463	648	637	216	322	1056	414	260	1706	574	480	989	531	1343	2316	305	854	846	222	829	638	670	2377	1782	1091	1385	801	576	1833	4075	426	432	1003	968	390	1289	439	957	656	668	312	1032	677	419	968	480	1306	915	1164	576	236	1030	629	670	723	419	689	1948	570	1492	358	2458	438	930	513	499	1185	674	897	658	804	431	708	526	514	1032	457	668	273	629	617	695	701	217	145	332	820	431	402	603	911	434	701	402	707	1244	857	658	520	150	857	1975	839	869	547	54	651	480	846	395	460	455	1316	919	576	721	466	971	685	703	551	617	547	2083	117
1464	1035	1511	427	1272	876	2654	1312	1406	1926	1277	1243	1592	888	997	1552	1669	1541	1243	0	1043	926	1727	1373	1471	1627	1777	1083	1469	1033	1664	1316	2484	1293	1344	616	2177	2868	460	1758	730	1490	1278	3227	1497	1526	1384	435	1201	2529	1497	1372	1700	1352	1527	1424	930	1646	2944	1537	917	594	1313	1499	1527	1489	1547	1564	1301	1490	1512	629	1493	405	1426	1536	1272	673	1947	1200	212	997	1584	1592	377	1213	902	2791	1655	1559	1253	2685	1498	649	1147	927	2652	1471	2491	1092	1517	1499	886	1444	1293	1200	1449	1569	767	1316	1851	304	1491	655	2303	630	1597	2062	1222	1002	1292	1209	305	1499	452	2274	1753	1506	431	1540	1312	1612	2557	480	1597	1252	2352	1081	1424	1525	2002	1470	1916	1527	1528	304	507	1968	1619	1352	1401	1300	1196	1656	3045	344	1110	2693	646	1488	1360	1360	2195	1595	1144	2936	1473	1530	355	1424	997	1552	1473	1555	478	1374	1183	1486	1480	1548	810	2129	2373	502	1213	659	2890	1156	1424	1392	363	938	1291	994	463	1746	1312	1467	902	1779	921	363	1316	1456	1350	570	1213	1448	1293	623	1480	887	921	1580	752	1776	363	1411	1656	1174	2143	1571	1576	2410	1064	1309	1367	501	1438	853	1759	1570	902	883	1892	1517	1502	1341	1585	1505	1361	1388	1366	902	1434	929	1533	466	910	1729	1609	1485	2457	1312	1367	1247	1387	1312	3216	1688	1347	1539	1238	1308	1316	1728	1601	1272	1367	1462	1355	1213	1547	1210	413	1328	1616	1564	1341	1445	1354	1195
835	719	954	638	782	415	2642	485	1020	1775	578	778	1254	722	907	1009	2212	881	1139	1043	0	757	1186	989	429	1196	1238	856	733	347	2207	802	1631	365	474	481	1940	2557	740	1183	1755	892	507	2714	806	977	434	639	1036	1637	1102	988	956	720	1132	954	800	622	2285	590	741	1611	718	1089	1132	479	857	1051	418	856	1292	1671	722	696	1217	1033	551	392	928	1026	1083	720	1206	1249	728	641	157	2178	1007	1026	1140	2265	1106	438	934	608	2040	697	2471	415	1327	1297	729	843	365	1033	1114	1307	1795	802	1690	966	459	1660	1485	964	1005	1319	418	548	284	1043	1347	1089	622	1871	1208	767	1433	702	640	1059	2281	725	801	542	1816	787	951	1131	1479	882	1032	1133	1013	1333	667	1424	1200	720	410	639	1022	928	2440	761	361	2443	716	853	1073	978	1600	1224	884	2676	888	1045	720	868	248	1234	1142	764	684	1084	394	851	817	1320	948	1430	1588	706	641	1660	3240	740	954	466	1128	780	251	701	611	1205	640	1123	157	1240	753	1128	802	414	480	1463	641	1188	336	819	817	431	753	927	1722	1668	1404	1004	1381	738	1689	1071	1093	1952	477	451	702	1090	970	458	1584	1070	157	729	1517	1327	877	710	928	821	1073	1234	976	330	966	769	938	637	740	1132	1272	793	1958	485	702	712	1266	485	2774	950	512	996	1178	651	802	1002	1266	782	872	420	482	641	857	734	661	642	963	1026	710	879	1009	1024
581	131	599	595	369	344	1946	612	481	1112	493	337	683	46	1447	634	2523	660	413	926	757	0	803	447	1018	703	852	1452	642	1043	2518	413	1624	700	668	823	2612	2005	470	837	1427	591	548	2312	637	611	773	577	328	1691	574	447	836	496	605	501	43	1079	2020	1331	16	1285	447	574	604	1186	678	641	658	605	640	1417	683	562	552	612	507	757	1579	321	807	92	1895	682	576	373	634	1865	756	639	418	1784	575	501	241	151	1726	669	1775	1123	660	635	44	552	700	325	533	1962	1638	413	1029	655	984	1306	1431	1284	686	1170	1167	242	799	336	1149	574	568	1370	828	672	1119	1460	492	692	1702	452	1559	489	1428	157	501	603	1077	570	1776	605	607	1208	446	1042	696	496	837	479	316	790	2119	601	1087	1852	280	604	451	434	1270	679	223	2095	572	605	619	520	941	1904	560	744	472	465	531	602	610	1964	1377	1220	1484	434	373	1565	3686	253	501	751	742	23	943	102	565	821	492	550	634	854	6	742	413	1003	670	1025	373	555	732	316	610	327	6	691	1670	981	1232	485	2045	274	1226	646	651	1496	349	639	524	605	514	305	925	646	634	47	986	660	612	486	697	640	451	540	440	427	511	11	628	525	20	813	700	629	1538	612	524	370	560	612	2315	822	637	622	441	481	413	853	693	369	452	1012	675	373	678	317	588	512	722	644	486	541	1672	317
350	693	238	1363	469	946	1607	717	339	770	608	493	308	839	2069	186	3275	316	644	1727	1186	803	0	367	1138	176	53	2035	475	1534	3270	429	926	868	752	1497	3115	1379	1268	55	2194	294	680	1553	393	217	857	1347	607	1031	270	367	359	468	254	303	805	1032	1217	1564	811	2059	480	258	255	1384	352	163	798	331	473	2204	508	1346	493	191	634	1408	1589	602	1608	731	2382	301	1366	577	1160	1067	214	174	633	1079	273	1200	612	814	927	528	1448	1599	517	498	841	344	868	607	348	2491	2436	429	702	1457	1061	2071	729	2007	181	450	1571	770	1008	603	1950	258	1334	689	25	451	1903	1760	545	129	1121	1249	1867	643	650	646	303	255	298	305	1958	255	201	2012	1232	250	194	468	936	548	604	348	1325	1394	1541	1287	1081	333	434	378	468	261	596	1508	300	197	1403	332	1433	2415	341	501	1260	424	791	336	373	2505	2058	447	740	1228	577	2368	4387	577	303	812	1530	793	1210	734	1327	19	545	332	1160	55	808	1530	429	1132	746	1775	577	427	913	1117	373	927	808	274	2473	745	2033	326	2564	562	504	157	156	767	764	760	483	1378	289	942	623	157	1160	844	380	517	309	478	276	377	433	563	370	981	292	801	247	1298	817	95	310	404	781	717	483	517	604	717	1593	352	701	200	691	536	429	321	313	469	367	1140	748	577	352	534	1362	543	247	171	478	316	2194	606
308	355	228	1031	209	661	1660	607	35	789	457	211	268	488	1814	232	2958	360	325	1373	989	447	367	0	1077	256	412	1798	454	1327	2953	202	1259	755	660	1210	2925	1599	918	409	1827	271	545	1868	393	225	784	1014	256	1348	129	1	528	335	162	107	443	1043	1576	1473	457	1692	305	127	161	1301	400	217	687	317	317	1837	505	1005	265	189	486	1129	1601	249	1245	387	2193	264	1022	353	921	1419	393	228	315	1351	131	895	244	491	1280	509	1490	1401	361	330	489	272	755	255	124	2284	2070	202	705	1095	1014	1704	1060	1703	303	784	1404	479	893	254	1586	127	1003	939	391	460	1535	1645	403	279	1308	900	1751	484	980	295	110	160	629	254	1902	162	195	1652	889	597	251	335	866	396	249	488	1671	1047	1350	1467	728	317	122	13	826	247	230	1705	252	174	1062	214	1222	2216	152	542	916	124	620	318	355	2293	1775	807	1091	880	353	2006	4100	265	107	743	1162	434	1086	396	998	383	403	134	921	413	452	1162	202	1066	658	1409	353	214	800	755	355	640	452	364	2113	696	1670	41	2362	260	784	214	211	1056	516	651	372	1010	106	644	599	214	921	492	558	361	307	337	370	384	121	315	13	717	106	443	278	963	464	400	286	394	1092	607	372	281	360	607	1881	514	609	226	378	387	202	522	280	209	149	1075	662	353	400	256	1027	415	378	236	337	227	1987	252
818	931	950	1059	876	729	2716	470	1097	1847	622	888	1307	997	1204	999	2553	827	1319	1471	429	1018	1138	1077	0	1211	1183	1117	670	625	2547	874	1326	330	416	903	2037	2504	1137	1116	2177	878	534	2558	752	972	294	1058	1214	1304	1156	1075	816	744	1180	1002	1060	224	2068	428	1005	2032	771	1137	1180	248	787	1049	392	828	1394	2098	631	1111	1338	1042	593	819	560	1203	1500	949	1324	1300	1143	745	572	1991	927	1018	1316	2175	1160	847	1118	870	1861	613	2550	646	1438	1407	1005	843	330	1211	1196	1461	2224	874	1766	1374	83	2079	1214	1351	965	1117	546	776	220	1219	1775	1137	1041	1816	1155	688	1853	634	673	1031	2259	1120	738	599	1695	982	999	1179	1398	879	828	1180	1019	1763	1064	1338	1221	744	211	680	1200	807	2246	1177	582	2425	1071	826	1188	1069	1465	1265	1062	2642	885	1062	1141	891	573	1374	1220	639	1085	1195	495	824	781	1486	1298	1247	1332	1098	745	2088	3498	893	1002	336	1531	1036	201	932	1029	1155	673	1199	572	1185	1015	1531	874	16	419	1865	745	1291	290	1174	781	735	1015	864	2148	1770	1834	1074	1519	880	1624	1073	1100	1862	671	427	710	1471	1016	774	1665	1072	572	1006	1512	1438	849	741	863	768	1187	1376	1063	655	1013	1029	913	1048	1007	1059	1322	743	1847	470	710	807	1416	470	2651	817	468	989	1368	690	874	865	1318	876	931	9	415	745	787	855	1080	662	891	1015	741	891	1181	1202
392	610	261	1287	424	903	1506	759	221	645	626	439	134	744	2050	212	3213	393	481	1627	1196	703	176	256	1211	0	197	2027	542	1541	3208	396	1101	913	803	1456	3136	1365	1173	232	2054	332	709	1612	461	239	919	1270	459	1207	129	256	495	484	100	245	696	1132	1330	1628	713	1923	478	129	101	1450	437	162	842	383	296	2074	585	1262	318	169	655	1372	1695	456	1493	643	2402	127	1278	558	1147	1168	338	194	469	1100	129	1145	484	744	1031	600	1342	1611	342	321	744	370	913	460	191	2502	2314	396	569	1345	1138	1931	904	1954	262	625	1599	721	1055	454	1833	129	1258	691	190	529	1772	1815	564	196	1085	1155	1921	659	725	552	247	102	378	332	2038	101	191	1902	1146	353	17	484	1002	562	459	472	1418	1303	1557	1247	983	384	283	269	584	86	482	1480	326	152	1319	331	1437	2430	176	597	1172	271	807	387	430	2512	2021	613	910	1136	558	2255	4349	511	245	875	1403	688	1256	651	1253	182	564	173	1147	198	708	1403	396	1203	799	1632	558	254	959	1006	430	882	708	366	2364	597	1917	221	2577	501	529	138	110	801	740	804	511	1246	228	891	478	138	1147	747	321	342	362	491	370	446	282	389	264	951	232	698	299	1219	719	258	140	469	836	759	511	488	429	759	1628	485	750	222	524	550	396	467	141	424	326	1211	802	558	437	485	1283	568	353	197	491	325	2203	460
402	744	292	1415	522	999	1575	767	382	749	660	546	320	889	2123	240	3329	364	676	1777	1238	852	53	412	1183	197	0	2088	523	1586	3324	483	905	917	800	1551	3165	1330	1318	70	2236	347	732	1499	442	271	904	1399	645	1015	307	412	391	521	286	353	852	1070	1167	1609	860	2102	533	297	287	1429	399	215	848	382	487	2249	554	1398	515	243	686	1462	1624	641	1656	781	2433	314	1417	630	1213	1016	255	228	664	1026	308	1253	655	866	876	574	1417	1651	529	512	891	398	917	645	381	2543	2483	483	685	1505	1105	2113	709	2061	232	433	1621	823	1057	641	1997	297	1386	640	29	498	1947	1807	598	183	1076	1299	1913	696	596	695	354	288	244	359	1999	287	253	2061	1283	196	214	521	982	601	643	384	1273	1445	1592	1242	1130	384	470	423	417	277	642	1461	353	246	1455	385	1485	2467	371	544	1311	460	843	387	423	2557	2112	415	712	1279	630	2416	4441	629	353	858	1575	841	1259	785	1380	33	598	364	1213	2	857	1575	483	1177	795	1816	630	452	962	1165	423	980	857	321	2522	735	2081	371	2615	614	452	206	202	714	818	809	535	1422	339	995	611	206	1213	894	346	529	361	531	322	425	469	586	416	1035	343	849	300	1350	867	125	319	453	727	767	535	570	626	767	1540	385	750	254	720	589	483	349	323	522	419	1185	796	630	399	587	1414	595	291	224	531	369	2245	645
1686	1472	1799	961	1603	1142	3399	1342	1831	2556	1428	1591	2066	1406	129	1854	1458	1736	1866	1083	856	1452	2035	1798	1117	2027	2088	0	1590	517	1453	1631	2438	1212	1327	644	1169	3392	1147	2036	1752	1741	1363	3571	1662	1822	1267	977	1776	2422	1921	1797	1811	1567	1953	1782	1487	1341	3135	859	1436	1639	1559	1910	1952	948	1713	1892	1272	1708	2072	1604	1578	1034	1989	1872	1403	696	1297	1768	1259	1456	502	2062	1049	1470	880	3033	1863	1869	1870	3114	1924	955	1679	1335	2895	1553	3228	474	2100	2072	1411	1690	1212	1773	1917	521	1588	1631	2471	1241	1189	1707	2311	519	1857	2168	577	1321	1100	1784	1322	1910	974	2714	2058	1624	1501	719	1490	1906	3106	1148	711	1392	2672	1543	1780	1951	2331	1729	1040	1953	1854	1233	1107	2277	2029	1567	1217	1487	1763	1784	3294	1059	540	3265	1262	1706	1859	1785	2457	2043	1641	3503	1735	1881	1005	1710	609	482	1946	1618	1099	1872	1246	1703	1671	515	340	2283	2422	1146	1470	1416	2392	1534	1782	1305	1386	1476	935	1440	969	2055	1490	1930	880	2090	1446	1386	1631	1109	1333	1652	1470	1974	1177	1333	1671	1163	1446	1782	1414	2431	1330	1820	607	1538	2536	1911	1931	2802	1287	1306	1553	1453	1799	1167	2365	1910	880	1409	2348	2100	1729	1557	1784	1677	1859	1988	1786	1080	1795	1463	1788	1021	1432	1986	2084	1649	2812	1342	1553	1538	2011	1342	3628	1806	1368	1840	1892	1499	1631	1857	2078	1603	1701	1109	1334	1470	1713	1545	984	1494	1819	1871	1557	1722	270	1765
154	511	282	1057	309	600	2049	249	464	1184	194	338	647	654	1636	330	2899	159	758	1469	733	642	475	454	670	542	523	1590	0	1078	2894	280	1015	395	277	1110	2645	1853	1019	461	2054	211	230	1980	82	303	382	1045	665	1066	502	453	239	150	522	358	669	597	1565	1092	639	1909	200	482	522	912	125	380	326	159	756	2027	51	1065	717	375	207	1015	1160	655	1401	549	1914	640	1091	271	738	1449	276	348	751	1542	507	856	596	562	1309	58	1884	1138	803	773	659	186	395	663	557	2028	2224	280	1106	1248	596	1936	834	1628	297	614	1101	472	533	667	1735	482	1029	1163	494	38	1737	1286	159	361	1596	999	1392	225	1084	516	355	521	755	216	1496	523	353	1771	963	697	553	150	463	171	653	202	1711	1125	1078	1761	859	158	576	450	867	602	546	1984	221	397	1117	242	981	1950	576	103	992	578	350	156	112	2044	1651	709	913	975	271	2128	3967	400	358	337	1363	646	735	541	1020	492	159	556	738	525	643	1363	280	662	272	1664	271	659	439	933	112	587	643	201	2219	1119	1812	438	2098	379	974	404	432	1228	406	289	117	1241	369	617	1008	403	738	662	843	803	180	157	201	98	575	769	442	602	366	647	243	1005	645	406	661	73	1228	249	117	276	814	249	2044	230	228	320	813	165	280	278	658	309	307	670	273	271	125	336	1064	141	234	345	157	235	1732	656
1183	1031	1302	719	1123	703	2967	829	1358	2106	926	1116	1594	1001	586	1357	1928	1228	1446	1033	347	1043	1534	1327	625	1541	1586	517	1078	0	1922	1146	1929	696	811	419	1598	2904	878	1531	1763	1239	855	3058	1152	1325	749	729	1347	1919	1443	1326	1295	1067	1474	1297	1083	849	2617	514	1026	1627	1065	1431	1474	517	1203	1398	757	1203	1621	1650	1064	794	1543	1379	899	389	952	1338	1138	1023	866	1589	820	983	413	2516	1353	1373	1448	2613	1447	600	1246	905	2379	1039	2796	81	1654	1624	1007	1190	696	1344	1450	960	1721	1146	2021	1058	689	1686	1797	745	1353	1650	189	865	583	1354	1330	1431	717	2219	1556	1111	1459	512	988	1406	2626	870	583	890	2162	1101	1295	1473	1826	1230	886	1475	1360	1284	815	1771	1545	1067	702	987	1333	1269	2778	845	77	2788	925	1201	1403	1315	1945	1566	1200	3021	1236	1391	793	1215	104	889	1479	1102	821	1415	742	1198	1165	972	674	1766	1906	858	983	1567	2909	1070	1297	787	1223	1066	430	1006	707	1553	988	1461	413	1588	1037	1223	1146	615	817	1543	983	1519	659	1018	1165	722	1037	1274	1605	1993	1369	1344	1036	1070	2037	1418	1440	2300	810	792	1050	1231	1314	738	1915	1417	413	1006	1863	1654	1225	1058	1275	1168	1403	1553	1314	627	1310	1054	1286	751	1024	1479	1612	1140	2305	829	1050	1054	1582	829	3121	1290	853	1343	1480	999	1146	1342	1606	1123	1216	616	818	983	1203	1071	745	990	1310	1374	1058	1226	662	1335
2949	2598	3034	1923	2802	2326	4314	2667	2988	3583	2706	2780	3201	2473	1349	3084	5	3015	2886	1664	2207	2518	3270	2953	2547	3208	3324	1453	2894	1922	0	2840	3838	2569	2669	1785	1514	4514	2060	3287	1816	2992	2666	4819	2950	3054	2641	1941	2829	3838	3083	2953	3132	2825	3115	2977	2536	2772	4458	2311	2505	1813	2800	3079	3114	2399	3004	3110	2614	2974	3147	1652	2897	1957	3058	3084	2688	1879	2740	2825	1863	2566	1559	3200	1947	2699	2160	4329	3142	3096	2895	4301	3085	2070	2758	2464	4188	2872	4154	1904	3158	3137	2474	2941	2569	2827	3051	1399	1413	2840	3506	1967	2612	1872	3690	1267	3109	3506	2024	2500	2484	2837	1624	3079	1951	3888	3296	2932	1812	2152	2760	3143	4206	2075	2120	2672	3919	2659	2976	3113	3565	2975	2414	3115	3071	1502	2072	3520	3204	2825	2610	2753	2821	3097	4591	1927	1967	4347	2246	2972	2969	2940	3731	3195	2741	4591	2980	3085	1902	2941	1987	1476	3078	2950	2048	2983	2547	2969	2948	1351	1259	3604	3789	2090	2699	1304	1253	2700	2977	2672	2007	2536	2353	2557	1956	3290	2760	3067	2160	3326	2512	2007	2840	2538	2676	2048	2699	3070	2543	2256	2948	2344	2512	3060	1187	3436	1556	2986	1422	2713	3737	3122	3135	4009	2515	2641	2824	2161	2993	2328	3410	3122	2160	2471	3504	3158	2992	2814	3064	2963	2970	3030	2944	2300	2989	2525	3040	1993	2499	3246	3219	2938	4042	2667	2824	2754	3034	2667	4833	3124	2698	3070	2888	2763	2840	3173	3211	2802	2905	2538	2679	2699	3004	2737	1929	2770	3099	3099	2814	2959	1517	2821
172	286	197	937	44	517	1859	404	226	987	254	76	453	439	1656	244	2846	249	480	1316	802	413	429	202	874	396	483	1631	280	1146	2840	0	1211	552	458	1070	2742	1761	855	450	1840	178	343	1981	243	214	582	921	385	1283	300	201	428	140	330	151	429	849	1637	1271	416	1699	103	286	330	1099	273	270	484	194	520	1830	330	925	464	246	284	983	1403	374	1215	327	2009	448	946	162	750	1494	343	255	473	1489	304	770	318	390	1354	328	1690	1217	563	532	443	140	552	383	324	2106	2046	0	904	1062	813	1719	1017	1578	281	757	1212	340	691	387	1557	286	907	1084	455	297	1532	1445	201	303	1480	835	1551	282	1079	264	149	328	725	156	1699	330	231	1608	812	679	399	140	664	193	373	383	1754	976	1164	1641	674	193	315	194	894	421	270	1876	159	252	981	108	1042	2035	350	380	841	321	422	192	209	2116	1633	814	1071	813	162	1966	3963	162	151	542	1155	411	886	325	901	449	201	330	750	485	416	1155	0	863	456	1435	162	416	598	727	209	498	416	277	2067	898	1638	205	2182	142	913	285	302	1183	344	448	179	1018	168	512	799	285	750	446	717	563	198	139	283	242	314	507	189	558	164	415	217	874	423	415	471	238	1206	404	179	92	549	404	2012	414	407	230	534	184	0	441	465	44	70	873	460	162	273	106	937	214	309	258	139	129	1808	375
