NAME : VRPTW_INSTANCE_193.txt
COMMENT : Bangkok Supermarket
TYPE : VRPTW
DIMENSION : 284
DAYS : Wednesday
EDGE_WEIGHT_TYPE : EXPLICIT
VEHICLES : 36
EDGE_WEIGHT_FORMAT : FULL_MATRIX
CAPACITY : 1000
EDGE_WEIGHT_SECTION
0	543	104	1221	120	624	333	640	626	586	298	1235	964	174	1040	258	214	385	124	353	496	1077	990	46	235	582	185	228	172	154	212	359	439	1480	393	694	410	1121	221	793	189	423	2418	214	2119	1604	1964	1054	37	412	250	1627	609	1489	543	839	2189	404	1014	438	236	883	428	577	145	238	239	350	1871	374	737	2379	365	652	210	1115	2206	1158	37	437	307	506	935	109	206	775	1627	1432	419	976	503	402	190	190	165	1116	581	388	435	39	196	236	199	218	1190	1009	321	97	255	2094	208	963	1126	404	401	1606	2057	371	150	1001	637	695	46	192	102	306	964	202	17	3823	2304	309	119	491	198	383	211	977	1627	217	118	22	428	2263	826	1029	356	154	1655	1803	347	373	183	135	660	348	609	641	600	437	618	284	530	122	135	929	1635	572	1424	171	1126	201	216	431	4065	23	1426	477	1321	218	1720	1853	332	424	538	444	437	1606	350	306	362	993	1216	481	1185	407	264	155	2678	243	529	631	481	383	101	201	504	954	2461	314	362	390	395	284	404	165	1825	211	244	949	307	578	145	586	1026	305	1221	587	607	410	521	815	51	153	533	745	1231	173	228	2200	215	896	1989	590	1882	484	197	284	207	153	2127	199	14	582	221	88	110	165	418	1136	22	647	310	620	495	426	109	220	206	3572	221	1720	22	395	328	438	1380	404	538	1681	189	202	394	948
543	0	484	686	607	81	876	623	562	468	419	1110	812	372	836	450	486	910	455	697	679	603	523	571	613	573	362	317	377	600	626	594	106	1805	683	963	679	621	332	839	356	547	1996	333	1594	1068	1631	1188	515	546	295	2046	302	1799	0	737	1745	440	504	444	777	368	459	45	680	338	780	545	1557	597	383	2276	587	110	482	615	1671	1699	515	457	838	37	432	646	362	291	1083	1787	577	545	45	536	483	483	678	1196	43	675	866	554	449	770	353	760	1064	745	826	637	330	1551	476	1417	956	520	676	1066	1821	569	658	1334	411	679	571	354	604	427	507	719	554	3510	2075	242	656	51	359	812	482	855	1083	758	607	565	459	1735	978	526	571	574	1549	1299	554	581	713	566	204	562	302	802	860	107	425	463	322	655	445	1296	1128	231	1772	591	1266	436	486	442	3827	556	953	670	778	760	1438	2113	506	524	335	104	461	1066	776	429	793	870	1706	470	1242	525	278	417	2302	784	422	468	241	812	631	578	694	1498	2055	747	793	615	168	463	440	678	1679	482	579	440	433	464	680	50	1137	431	686	206	65	679	1009	611	591	686	10	942	1073	372	317	1659	611	1079	1445	895	1339	240	642	463	564	578	1814	353	551	573	332	631	493	678	518	1674	550	1189	432	639	47	533	646	584	362	3425	762	1445	550	654	215	444	1074	608	335	1442	438	640	577	798
104	484	0	1170	223	566	413	689	666	481	193	1283	1002	118	1070	305	113	425	163	447	409	1050	964	150	176	629	165	169	110	253	310	435	387	1443	322	632	335	1086	202	859	161	324	2413	153	2075	1530	1979	1138	68	314	191	1619	601	1449	484	882	2177	300	974	333	322	841	468	513	201	153	325	254	1889	286	729	2439	275	595	109	1080	2156	1235	68	333	354	447	897	171	205	693	1564	1403	485	959	441	303	89	89	193	1193	519	315	417	87	243	289	183	304	1238	1028	344	168	252	2033	107	964	1165	304	327	1534	2093	440	173	1103	535	747	150	134	206	201	874	235	102	3847	2342	271	182	433	125	362	110	1021	1564	303	221	114	468	2218	908	993	264	104	1711	1769	253	282	232	89	578	255	601	557	533	377	515	334	431	177	170	899	1600	554	1393	125	1211	241	116	327	4105	98	1402	391	1261	304	1745	1804	391	323	438	380	332	1534	325	201	340	1037	1235	376	1260	307	216	175	2685	328	424	527	388	361	154	135	419	1021	2461	291	340	466	357	334	300	193	1875	110	168	909	202	473	201	531	1106	200	1170	563	549	335	623	839	150	207	474	832	1274	119	169	2143	162	984	1925	534	1822	392	171	334	133	107	2147	183	101	629	202	166	14	193	317	1190	93	710	205	520	437	325	171	152	205	3628	306	1746	93	478	270	333	1396	478	438	1714	229	303	300	986
1221	686	1170	0	1266	604	1548	1007	943	1019	1090	1163	951	1056	893	1065	1168	1595	1118	1286	1309	309	354	1243	1295	994	1036	1001	1062	1248	1260	1161	783	2411	1345	1590	1336	213	1001	1178	1032	1185	1445	1017	910	529	1258	1510	1196	1188	980	2698	696	2396	686	974	1173	1080	241	1071	1449	346	983	662	1362	1024	1452	1204	1224	1253	612	2170	1245	575	1164	217	986	2360	1196	1084	1522	723	316	1327	1023	591	439	2411	1110	433	730	1180	1167	1167	1363	1462	655	1337	1545	1236	1089	1453	1023	1432	1131	766	1513	1318	981	886	1159	2090	1004	1162	1335	501	1572	1128	1343	1811	917	1034	1243	1038	1267	1096	617	1405	1234	3064	1811	912	1338	736	1044	1493	1164	1009	439	1431	1267	1243	983	1050	1366	248	1230	1260	1523	648	1215	1237	1397	1252	669	1223	696	1402	1492	792	948	1066	903	1337	1107	1942	478	690	2393	1277	1579	1077	1168	1072	3470	1236	425	1305	166	1432	1176	2667	1082	1159	909	790	1089	497	1457	1098	1474	1015	2388	1080	1474	1166	958	1080	1807	1455	1004	988	864	1492	1314	1262	1324	2173	1527	1430	1474	1169	826	1066	1080	1363	1580	1164	1259	296	1102	1020	1362	638	1448	1100	0	662	621	1336	1635	810	1267	1369	696	1375	1093	1055	1001	983	1295	1470	795	1541	672	861	1328	1066	1247	1264	1451	1023	1230	994	1001	1310	1179	1363	1155	2357	1230	1868	1100	1204	733	1170	1327	1266	1023	3198	1435	1194	1230	1212	899	1071	867	1154	909	1248	1083	1279	1226	946
120	607	223	1266	0	684	288	577	575	703	416	1166	909	265	993	227	334	396	152	240	612	1096	1008	74	342	524	247	311	267	46	100	274	501	1551	501	791	521	1149	274	707	256	543	2405	300	2151	1675	1928	948	155	532	331	1669	615	1564	607	780	2184	523	1048	556	191	922	387	646	181	340	194	469	1832	491	740	2294	482	711	330	1142	2246	1095	155	557	317	571	968	155	245	861	1684	1496	344	985	571	522	310	310	225	1016	648	497	505	152	182	250	254	177	1123	976	359	140	285	2148	329	1000	1069	525	511	1674	2000	294	220	881	749	627	74	279	20	424	1059	249	128	3775	2243	365	158	556	295	457	331	916	1684	176	2	119	387	2296	722	1060	474	264	1577	1824	466	491	215	247	748	466	615	754	703	506	732	243	639	170	162	998	1660	591	1490	278	1018	193	336	550	4000	134	1437	593	1377	177	1676	1936	274	544	648	516	556	1673	429	424	438	932	1229	600	1087	527	335	190	2649	197	645	747	582	458	163	313	619	910	2442	394	438	302	445	243	523	225	1751	331	358	983	426	695	181	645	923	423	1266	613	669	521	416	779	90	188	597	638	1169	263	311	2249	321	786	2046	685	1934	585	291	243	321	262	2086	254	127	524	274	126	230	225	538	1107	137	612	429	741	561	546	155	332	245	3491	180	1673	137	297	401	557	1345	319	648	1627	185	85	512	893
624	81	566	604	684	0	956	646	583	514	495	1098	804	454	817	516	567	992	532	761	747	533	457	650	693	602	442	399	459	675	698	652	184	1872	758	1032	753	545	410	862	436	616	1927	415	1512	992	1579	1214	596	616	377	2122	302	1864	81	740	1674	508	427	508	857	292	504	65	761	420	860	619	1508	670	357	2257	661	28	562	539	1590	1778	596	522	920	119	358	727	439	255	1003	1857	628	487	126	606	564	564	760	1214	56	750	946	635	521	852	431	840	1053	717	908	719	403	1470	557	1495	940	589	751	989	1782	625	740	1385	443	700	650	436	682	503	468	801	635	3456	2036	319	738	133	441	892	562	850	1003	838	684	645	504	1654	1012	451	645	656	1534	1220	629	655	795	647	198	637	302	865	929	189	462	527	370	736	522	1370	1049	237	1842	672	1292	508	567	508	3783	637	881	739	697	840	1395	2173	564	592	382	186	526	989	856	505	873	864	1787	531	1256	594	359	494	2240	864	474	507	299	892	713	659	762	1579	1990	828	873	671	240	527	508	760	1656	562	659	364	509	511	761	40	1161	507	604	205	17	753	1082	602	672	768	92	982	1056	454	399	1577	692	1115	1365	968	1258	297	724	527	645	660	1764	431	632	602	410	712	575	760	586	1755	631	1270	508	692	129	602	727	664	439	3395	842	1403	631	712	297	509	1031	662	382	1406	511	713	648	790
333	876	413	1548	288	956	0	825	836	858	584	1390	1156	508	1248	512	481	182	430	418	660	1384	1297	305	405	779	514	561	505	318	335	513	771	1381	528	734	552	1436	547	910	520	648	2683	547	2438	1937	2190	1076	364	637	583	1437	903	1402	876	1025	2467	675	1334	707	99	1206	662	910	215	564	96	572	2090	567	1028	2472	562	984	481	1430	2531	825	364	703	144	839	1254	241	524	1105	1959	1310	589	1273	836	631	466	466	246	1165	915	528	400	329	470	153	526	116	1349	1245	227	245	568	2426	483	773	1312	642	544	1939	2233	543	263	875	931	866	305	525	283	587	1287	219	323	4017	2469	638	230	824	529	379	482	1155	1959	117	287	312	662	2583	870	1347	563	370	1775	2113	563	575	196	365	990	560	903	773	675	770	906	525	836	237	441	839	1948	879	1308	368	1135	481	483	702	4214	323	1725	642	1653	116	1928	1789	543	661	842	777	700	1939	373	586	369	1170	964	743	1242	642	597	468	2916	92	810	909	801	380	259	405	660	625	2717	354	369	532	723	525	675	246	1958	482	443	1269	586	851	215	918	1066	585	1548	900	940	552	295	1048	284	211	865	775	1403	507	561	2530	388	905	2321	630	2213	804	336	525	422	366	2340	526	327	779	547	248	410	246	657	818	330	324	589	834	828	658	241	417	524	3673	113	1924	330	508	661	708	1611	552	842	1869	473	309	600	1142
640	623	689	1007	577	646	825	0	67	1015	804	595	332	612	423	385	786	968	528	416	1083	735	663	619	863	60	544	600	623	533	496	312	568	2120	1010	1322	1022	820	521	216	556	970	1879	608	1776	1515	1365	567	649	963	598	2245	358	2129	623	202	1681	894	766	917	746	693	223	665	757	669	749	919	1264	962	398	1751	951	656	780	814	1902	1502	649	926	892	613	697	726	498	902	1445	2070	236	600	627	951	765	765	794	573	658	1004	1074	678	448	827	529	738	550	437	937	711	465	1869	775	1577	492	943	1014	1496	1422	285	785	804	997	61	619	607	594	816	1114	824	657	3198	1666	524	731	604	637	1022	780	338	1445	737	580	656	223	1922	374	759	937	784	1022	1418	922	954	792	765	827	927	358	1231	1222	602	1000	357	885	741	519	1569	1274	411	2063	803	645	448	788	913	3426	664	1014	1066	1160	738	1103	2491	308	958	898	619	928	1493	990	818	1002	354	1789	960	624	947	567	515	2093	750	955	1036	796	1022	728	823	1094	1384	1904	954	1002	293	510	357	894	794	1186	780	858	718	821	1008	757	616	514	818	1007	446	643	1022	753	251	648	764	619	369	592	609	600	1944	846	479	1793	1223	1658	797	837	357	823	784	1515	529	654	60	521	697	703	794	950	1606	662	1126	823	1138	609	964	726	841	498	2938	740	1100	662	321	585	918	790	272	898	1050	460	522	966	317
626	562	666	943	575	583	836	67	0	966	768	618	337	580	417	367	757	970	509	439	1050	677	602	610	842	62	514	564	591	533	502	324	513	2105	985	1297	995	760	487	279	524	934	1854	573	1725	1449	1355	632	632	927	559	2244	291	2113	562	216	1649	853	702	875	752	626	198	603	751	632	755	887	1257	932	332	1784	920	591	751	754	1847	1538	632	884	892	554	632	718	468	838	1382	2059	248	542	568	915	737	737	785	633	596	978	1062	663	430	826	498	742	572	411	933	703	430	1809	746	1576	500	906	988	1431	1431	293	774	868	944	117	610	574	590	780	1050	817	644	3200	1678	480	724	546	603	1009	751	355	1382	742	577	644	198	1870	441	696	906	764	1052	1368	891	923	787	746	766	896	291	1198	1196	548	948	342	834	733	499	1555	1221	346	2050	784	710	428	759	871	3440	650	965	1034	1095	742	1100	2470	301	920	847	564	887	1428	976	781	988	371	1798	917	680	911	527	491	2079	757	908	986	744	1009	718	801	1063	1410	1883	940	988	311	458	342	853	785	1210	751	834	653	785	960	751	553	578	782	943	381	580	995	787	216	640	758	559	434	607	577	564	1886	826	546	1731	1200	1598	745	820	342	799	765	1510	498	640	62	487	689	680	785	913	1629	648	1144	786	1097	551	927	718	819	468	2966	745	1098	648	345	539	876	775	289	847	1055	440	528	933	322
586	468	481	1019	703	514	858	1015	966	0	287	1558	1260	462	1295	695	382	794	596	906	315	1035	965	632	459	957	518	443	455	727	780	856	464	1392	404	577	385	1027	524	1222	504	230	2423	443	1912	1226	2093	1545	549	239	436	1690	756	1378	468	1168	2162	184	909	151	783	784	803	452	647	383	785	295	2022	321	850	2730	320	533	384	1023	1957	1643	549	155	751	452	854	630	558	429	1322	1392	879	1001	436	240	402	402	611	1578	462	398	635	564	652	709	526	766	1512	1211	696	633	570	1783	383	1124	1411	225	388	1244	2289	848	595	1574	108	1076	632	455	687	280	510	641	583	3969	2543	492	639	452	429	598	383	1297	1322	765	701	594	803	2044	1319	938	312	489	1999	1667	306	307	661	497	358	311	756	383	488	429	74	723	145	628	595	936	1496	685	1373	490	1622	642	380	157	4294	579	1369	319	1049	766	1906	1667	783	209	133	414	158	1246	572	280	587	1312	1444	116	1635	226	460	578	2748	788	61	53	231	597	611	453	329	1401	2491	562	587	886	509	723	184	611	2138	383	418	855	280	7	647	509	1503	282	1019	667	501	385	1101	1063	631	649	463	1257	1528	465	443	1908	473	1408	1661	547	1586	231	525	723	436	493	2278	526	582	957	524	636	476	611	210	1524	574	1100	277	186	450	216	630	442	558	3888	768	1913	574	911	430	151	1541	890	133	1910	635	778	284	1244
298	419	193	1090	416	495	584	804	768	287	0	1383	1091	199	1145	443	103	551	323	629	288	1020	938	344	215	744	264	204	189	442	497	595	351	1400	265	560	263	1040	284	995	251	165	2409	196	2000	1398	2015	1298	261	159	209	1627	628	1397	419	982	2161	107	922	140	502	787	581	432	369	135	505	131	1933	183	747	2552	172	523	102	1034	2068	1392	261	141	495	386	851	348	310	555	1455	1375	631	951	374	147	118	118	341	1343	440	257	455	277	390	441	278	485	1337	1083	456	349	339	1925	100	1001	1251	138	259	1407	2164	593	322	1293	347	865	344	199	400	11	713	376	295	3893	2416	296	358	376	169	405	102	1118	1455	483	414	307	581	2140	1068	945	156	215	1820	1716	139	169	389	219	445	146	628	431	455	325	324	473	254	348	324	879	1544	566	1361	223	1373	383	101	134	4179	291	1372	273	1159	485	1799	1731	534	153	259	319	142	1408	370	13	387	1134	1299	184	1406	143	243	313	2704	508	231	334	239	404	329	192	301	1162	2465	347	387	627	357	473	107	341	1974	102	175	859	17	279	369	469	1261	14	1090	563	479	263	814	909	343	372	410	999	1364	202	204	2041	222	1151	1810	481	1718	243	268	473	175	220	2192	278	294	744	284	351	189	341	146	1311	286	854	18	344	377	159	348	190	310	3730	486	1803	286	646	253	140	1440	634	259	1783	373	493	172	1075
1235	1110	1283	1163	1166	1098	1390	595	618	1558	1383	0	298	1199	289	980	1375	1547	1123	971	1668	856	838	1213	1458	654	1132	1180	1210	1121	1078	893	1094	2715	1603	1915	1613	950	1105	483	1143	1549	1470	1190	1651	1686	880	549	1245	1543	1174	2825	808	2725	1110	402	1337	1464	973	1483	1321	984	814	1141	1348	1248	1324	1505	769	1550	744	1172	1539	1094	1369	947	1809	1947	1245	1493	1474	1115	945	1318	1087	1334	1540	2663	822	755	1131	1531	1355	1355	1388	440	1132	1596	1668	1273	1043	1413	1116	1316	46	412	1525	1303	1048	1866	1364	2157	165	1521	1606	1651	844	872	1378	1007	1519	540	1213	1192	1184	1395	1520	1415	1252	2631	1080	1090	1323	1111	1221	1617	1370	265	1540	1316	1169	1251	814	1784	595	947	1524	1379	440	1284	1509	1541	1381	1360	1296	1514	808	1814	1814	1129	1529	952	1418	1334	1114	2163	1197	879	2656	1399	579	1043	1377	1479	2833	1259	933	1652	1328	1316	592	3086	902	1534	1431	1144	1496	1646	1585	1397	1596	249	2347	1523	403	1526	1140	1108	1602	1325	1503	1570	1328	1617	1321	1418	1680	1883	1466	1549	1596	868	1052	952	1464	1388	592	1370	1451	963	1401	1553	1348	1083	498	1397	1163	903	1102	1613	1247	498	1242	1355	1110	681	76	1196	1180	1901	1442	641	1827	1817	1680	1328	1432	952	1416	1380	991	1116	1249	654	1105	1289	1297	1388	1527	2114	1257	1664	1402	1703	1115	1541	1318	1435	1087	2347	1318	579	1257	884	1144	1483	437	849	1431	497	1055	1102	1551	314
964	812	1002	951	909	804	1156	332	337	1260	1091	298	0	911	106	705	1089	1301	846	743	1377	644	603	947	1178	384	846	889	922	865	829	644	795	2443	1318	1631	1328	740	816	321	855	1256	1574	900	1583	1481	1038	576	970	1250	881	2577	510	2450	812	131	1395	1168	735	1187	1078	720	536	845	1086	956	1081	1215	935	1261	455	1470	1250	802	1083	735	1726	1797	970	1197	1224	816	692	1055	801	1046	1364	2397	569	520	832	1238	1070	1070	1122	513	836	1311	1399	1001	768	1159	829	1070	252	197	1268	1039	760	1739	1078	1909	162	1227	1320	1452	1093	618	1111	966	1220	291	947	903	925	1103	1239	1153	981	2866	1340	796	1060	813	932	1347	1084	57	1364	1070	911	982	536	1724	500	714	1235	1101	739	1214	1219	1251	1122	1083	1001	1225	510	1523	1528	831	1230	680	1119	1070	837	1893	1093	582	2388	1122	638	766	1091	1183	3103	988	822	1361	1117	1070	772	2806	636	1240	1132	846	1200	1448	1314	1104	1326	65	2120	1226	522	1232	848	827	1768	1083	1205	1271	1030	1347	1056	1138	1390	1698	1591	1278	1326	624	754	680	1168	1122	883	1084	1169	712	1108	1254	1086	787	514	1105	951	606	808	1328	1061	201	976	1094	813	556	273	908	889	1794	1163	586	1682	1536	1539	1030	1158	680	1135	1102	1183	829	978	384	816	1026	1016	1122	1233	1924	985	1452	1109	1406	817	1248	1055	1155	801	2640	1073	767	985	649	848	1187	477	603	1132	719	778	854	1260	16
174	372	118	1056	265	454	508	612	580	462	199	1199	911	0	973	244	178	540	134	444	471	932	846	210	282	551	67	54	11	276	324	398	272	1545	408	720	416	968	95	798	56	361	2297	39	1959	1429	1871	1099	143	353	76	1732	488	1548	372	797	2060	301	857	330	411	724	388	404	307	79	414	307	1783	351	614	2363	339	482	171	962	2042	1333	143	335	466	335	780	273	113	601	1455	1509	432	842	330	341	160	160	308	1144	409	401	531	182	192	398	82	393	1153	924	461	266	151	1924	166	1081	1073	335	409	1431	1996	395	288	1113	493	672	210	17	255	210	795	349	184	3743	2247	153	284	320	33	476	172	934	1455	392	264	195	388	2102	870	875	325	220	1632	1651	310	342	341	207	487	315	488	619	617	265	479	274	379	282	132	1005	1482	438	1498	239	1175	184	179	325	4010	184	1284	454	1151	393	1642	1896	335	351	389	270	336	1431	439	211	455	951	1353	376	1207	339	98	116	2574	417	401	501	317	476	259	241	482	1126	2346	406	455	429	239	274	301	308	1791	172	263	792	214	455	307	417	1062	211	1056	446	437	416	681	739	225	314	362	802	1184	3	54	2032	272	953	1817	628	1712	320	288	274	233	223	2042	82	180	551	95	260	130	308	344	1301	178	817	216	543	324	357	273	254	113	3546	395	1643	178	451	156	331	1290	436	389	1616	175	326	354	895
1040	836	1070	893	993	817	1248	423	417	1295	1145	289	106	973	0	782	1151	1387	920	839	1433	584	555	1026	1247	470	910	947	985	950	917	735	832	2514	1382	1694	1390	679	878	427	918	1308	1469	958	1485	1422	941	666	1043	1303	937	2661	538	2519	836	230	1288	1216	690	1232	1167	694	611	864	1168	1012	1170	1272	841	1320	460	1441	1308	811	1145	675	1631	1902	1043	1243	1310	844	657	1135	867	1048	1292	2471	659	471	861	1291	1134	1134	1201	592	854	1375	1475	1076	843	1243	893	1158	249	127	1350	1120	823	1653	1140	1993	125	1279	1383	1390	1022	706	1189	1069	1247	389	1026	964	1008	1157	1231	1234	1058	2783	1273	848	1141	843	992	1422	1146	147	1292	1158	995	1059	611	1626	605	666	1293	1172	717	1115	1277	1309	1204	1154	1015	1283	538	1576	1590	867	1259	757	1151	1150	909	1967	1000	610	2462	1192	723	840	1153	1229	3036	1064	729	1418	1059	1158	683	2870	718	1291	1164	881	1246	1385	1388	1159	1401	144	2212	1270	590	1284	903	898	1670	1172	1242	1302	1063	1422	1134	1206	1446	1800	1488	1352	1401	716	798	757	1216	1201	843	1146	1234	676	1163	1290	1168	805	604	1159	893	630	823	1390	1163	236	1056	1175	837	663	239	971	947	1704	1233	689	1602	1601	1457	1063	1232	757	1202	1173	1093	893	1054	470	878	1106	1085	1201	1284	2025	1061	1549	1163	1449	846	1299	1135	1222	867	2594	1161	681	1061	744	896	1233	372	696	1164	643	851	943	1316	116
258	450	305	1065	227	516	512	385	367	695	443	980	705	244	782	0	407	619	142	247	707	875	788	246	478	326	180	253	254	194	194	162	349	1737	627	937	640	933	172	557	193	604	2178	254	1936	1504	1709	855	265	595	260	1882	393	1745	450	582	1957	544	838	572	417	719	170	493	389	316	421	546	1615	584	515	2133	573	540	401	927	2037	1298	265	578	540	420	758	355	138	733	1493	1691	188	761	425	584	385	385	420	899	493	620	694	295	62	470	169	404	935	755	571	340	133	1951	397	1216	868	579	632	1498	1799	152	407	904	709	442	246	245	237	454	945	453	276	3565	2046	230	361	405	275	641	402	720	1493	403	228	277	170	2082	626	847	561	398	1406	1603	547	578	426	380	628	551	393	856	838	368	701	29	591	369	134	1187	1441	377	1682	418	931	63	409	567	3808	282	1213	690	1188	404	1463	2106	90	596	603	383	579	1497	608	456	620	736	1454	618	964	583	240	133	2427	423	634	729	512	641	353	438	718	1128	2217	572	620	191	282	29	544	420	1571	402	474	775	459	688	389	476	817	456	1065	403	503	640	572	559	276	396	441	562	974	241	253	2047	461	712	1855	837	1737	514	453	29	438	399	1871	169	272	326	172	326	319	420	589	1330	280	836	461	787	411	601	355	456	138	3323	407	1462	280	220	290	573	1125	194	603	1423	75	215	592	690
214	486	113	1168	334	567	481	786	757	382	103	1375	1089	178	1151	407	0	451	270	561	300	1078	994	259	126	725	243	209	166	366	423	546	403	1369	230	542	238	1105	273	964	233	210	2458	195	2079	1494	2044	1250	180	200	224	1572	656	1371	486	973	2215	198	989	231	402	854	562	506	267	155	404	141	1958	177	781	2537	166	595	6	1099	2151	1289	180	229	392	451	915	248	288	651	1545	1337	591	998	441	189	24	24	237	1302	514	223	379	186	347	338	259	384	1330	1100	357	250	329	2015	11	931	1251	190	231	1502	2174	549	219	1215	449	845	259	187	316	105	815	273	207	3918	2425	316	257	439	161	326	5	1112	1545	383	332	218	562	2219	1020	1011	154	112	1807	1785	141	171	286	116	539	144	656	449	439	384	425	437	357	247	275	835	1614	601	1325	120	1324	343	2	225	4188	202	1431	282	1246	384	1818	1718	495	210	362	382	227	1503	289	105	306	1128	1220	272	1369	193	258	273	2742	407	330	431	336	325	228	95	311	1061	2510	261	306	577	392	437	198	237	1968	5	93	925	104	374	267	536	1217	103	1168	604	550	238	718	917	253	270	476	945	1362	181	209	2129	127	1097	1902	451	1806	339	168	437	79	117	2216	259	207	725	273	254	104	237	204	1214	197	752	107	407	441	212	248	97	288	3723	386	1820	197	590	292	232	1464	587	362	1794	332	416	187	1073
385	910	425	1595	396	992	182	968	970	794	551	1547	1301	540	1387	619	451	0	505	579	546	1462	1375	378	340	917	568	594	533	437	472	657	812	1201	415	569	440	1505	605	1073	569	567	2797	577	2499	1945	2324	1256	403	557	615	1278	993	1221	910	1170	2571	621	1395	650	226	1263	783	938	239	575	223	499	2227	478	1121	2646	477	1021	453	1498	2581	848	403	643	79	873	1317	275	592	1102	1988	1133	731	1361	867	555	444	444	232	1343	944	418	236	362	566	150	583	231	1506	1372	98	288	640	2458	457	610	1460	569	432	1952	2387	682	251	1053	881	1014	378	557	382	551	1264	190	369	4167	2627	688	266	859	551	231	454	1304	1988	231	394	362	783	2642	1046	1412	482	344	1943	2187	488	490	202	348	989	482	993	637	523	803	853	638	803	263	517	656	2019	957	1130	331	1316	573	452	645	4378	366	1811	530	1685	231	2070	1606	669	586	806	806	639	1952	240	549	230	1320	835	678	1419	568	638	540	3045	222	755	847	787	232	285	358	543	611	2836	236	230	680	776	638	621	232	2124	454	382	1330	547	787	239	956	1244	547	1595	973	975	440	468	1175	349	232	899	952	1556	540	594	2568	330	1086	2348	469	2247	791	283	638	375	339	2481	583	373	917	605	299	416	232	584	766	371	305	550	733	862	580	275	362	592	3847	229	2067	371	663	695	651	1742	700	806	2018	563	446	515	1285
124	455	163	1118	152	532	430	528	509	596	323	1123	846	134	920	142	270	505	0	310	571	960	873	128	335	469	97	169	140	150	191	275	349	1596	485	794	499	1008	122	695	108	475	2295	162	2009	1523	1840	980	123	466	186	1750	488	1603	455	724	2066	429	904	460	330	776	310	493	266	214	334	411	1748	447	615	2276	436	559	265	1002	2101	1246	123	463	426	419	825	230	94	712	1533	1551	321	856	419	454	247	247	289	1032	496	479	556	157	80	355	103	314	1078	886	445	217	138	1998	261	1087	1009	452	490	1521	1939	278	274	979	627	585	128	144	149	333	914	326	141	3702	2187	213	239	404	167	502	266	862	1533	313	152	145	310	2154	750	918	424	255	1549	1688	412	442	304	237	600	415	488	719	696	354	614	171	512	244	11	1047	1522	454	1542	276	1054	80	273	454	3949	146	1307	552	1227	314	1599	1963	227	470	522	364	464	1521	468	334	481	879	1338	505	1098	455	186	38	2554	337	535	635	446	502	224	295	581	1055	2337	432	481	307	294	171	429	289	1714	266	332	839	336	588	266	493	946	333	1118	472	517	499	562	693	156	274	445	677	1116	131	169	2101	318	829	1896	695	1785	449	312	171	296	256	2005	103	137	469	122	205	177	289	463	1245	143	752	339	666	409	474	230	313	94	3466	317	1598	143	323	251	460	1256	316	522	1562	68	197	458	830
353	697	447	1286	240	761	418	416	439	906	629	971	743	444	839	247	561	579	310	0	850	1066	982	311	583	378	395	472	451	199	141	127	597	1770	742	1030	761	1135	402	494	409	771	2293	468	2130	1743	1780	709	382	761	486	1854	592	1786	697	612	2089	736	1050	768	353	941	307	741	410	524	355	701	1678	727	698	2072	718	784	557	1128	2240	1107	382	771	509	667	972	391	365	981	1720	1708	194	940	673	751	537	537	458	780	740	738	732	389	265	456	392	350	931	849	571	376	377	2172	554	1187	896	751	752	1735	1814	161	456	669	935	451	311	452	261	639	1192	474	365	3599	2052	475	391	653	478	688	557	738	1720	350	243	357	307	2276	484	1055	709	504	1364	1784	699	726	437	486	875	700	592	993	943	616	923	234	819	404	312	1218	1629	596	1704	519	778	277	563	762	3799	371	1385	830	1417	350	1514	2163	203	770	830	630	771	1733	663	640	670	753	1380	813	853	754	474	331	2509	356	846	945	747	689	401	552	857	971	2320	629	670	129	530	234	736	458	1544	557	596	990	642	898	410	721	686	639	1286	627	749	761	357	655	331	416	688	398	985	441	472	2262	562	546	2080	924	1957	749	532	234	559	502	1926	392	363	378	402	363	457	458	763	1190	373	710	644	967	658	773	391	571	365	3271	352	1509	373	94	531	769	1207	150	830	1451	281	156	746	729
496	679	409	1309	612	747	660	1083	1050	315	288	1668	1377	471	1433	707	300	546	571	850	0	1281	1202	538	275	1022	538	488	460	651	709	845	629	1125	133	285	108	1289	563	1264	527	132	2674	478	2212	1541	2298	1548	469	134	496	1389	914	1119	679	1266	2421	238	1170	240	613	1037	859	681	482	421	614	163	2217	123	1030	2834	134	772	306	1284	2264	1378	469	227	527	651	1105	483	584	729	1633	1110	892	1223	637	145	323	323	434	1603	691	132	344	461	648	509	553	600	1622	1370	454	493	620	2096	310	809	1538	160	116	1559	2452	849	424	1482	423	1143	538	476	592	276	825	447	485	4177	2704	584	488	644	447	321	305	1403	1633	599	609	493	859	2347	1318	1196	146	347	2103	1951	160	129	479	364	640	156	914	148	183	599	389	737	406	474	576	632	1779	850	1095	335	1621	644	298	240	4467	478	1627	19	1353	600	2086	1445	796	155	401	590	222	1561	306	274	317	1419	1129	229	1669	155	530	574	2980	616	310	364	452	320	467	299	15	1125	2735	312	317	876	643	737	238	434	2259	305	254	1110	270	311	482	728	1516	273	1309	844	731	108	941	1197	522	481	671	1241	1651	474	488	2220	296	1392	1975	234	1898	454	340	737	290	350	2476	553	486	1022	563	502	397	434	161	1228	476	840	270	192	644	145	483	280	584	4016	600	2090	476	887	540	240	1726	887	401	2071	633	697	117	1361
1077	603	1050	309	1096	533	1384	735	677	1035	1020	856	644	932	584	875	1078	1462	960	1066	1281	0	87	1089	1202	733	895	882	940	1069	1068	939	674	2406	1285	1566	1282	96	857	887	895	1149	1393	898	1064	838	1081	1208	1060	1149	862	2648	483	2398	603	675	1141	1042	146	1042	1286	251	758	599	1223	923	1290	1148	1025	1200	368	1904	1190	509	1073	91	1176	2168	1060	1056	1385	635	181	1187	870	651	725	2391	877	136	647	1139	1071	1071	1235	1156	589	1277	1457	1100	914	1314	879	1271	823	457	1391	1175	823	1133	1067	2009	696	1122	1279	808	1343	905	1216	1534	949	753	1089	916	1101	1029	767	1275	1093	2943	1592	779	1196	644	930	1402	1073	702	725	1270	1097	1100	758	1210	1078	113	1174	1151	1232	728	1157	1185	1260	1139	681	1165	483	1398	1462	696	974	869	897	1199	949	1900	565	506	2375	1170	1276	903	1079	1042	3303	1096	352	1272	475	1271	944	2702	871	1125	907	701	1060	804	1365	1031	1381	707	2286	1064	1166	1127	834	924	1713	1292	1002	1018	832	1401	1177	1164	1296	2004	1457	1334	1381	941	693	869	1042	1235	1305	1073	1172	183	1036	1033	1223	553	1146	1033	309	489	549	1282	1423	516	1116	1230	612	1097	789	931	882	1209	1197	1180	1061	1499	923	830	1220	869	1152	1154	1272	879	1088	733	857	1164	1062	1235	1120	2203	1091	1708	1034	1219	643	1135	1187	1173	870	2975	1274	958	1091	983	787	1043	601	923	907	993	911	1090	1180	638
990	523	964	354	1008	457	1297	663	602	965	938	838	603	846	555	788	994	1375	873	982	1202	87	0	1001	1117	657	808	796	854	982	981	855	590	2328	1203	1487	1201	158	770	825	808	1071	1472	812	1149	881	1136	1155	973	1070	777	2564	396	2321	523	620	1222	964	134	965	1199	190	674	523	1135	839	1202	1067	1074	1119	284	1919	1109	434	988	151	1258	2082	973	978	1297	553	126	1099	783	597	786	2311	795	83	567	1060	986	986	1147	1110	513	1195	1372	1013	826	1226	792	1183	801	428	1304	1087	735	1207	983	1924	674	1044	1197	855	1379	821	1129	1465	883	685	1001	830	1014	948	733	1188	1005	3006	1630	692	1109	562	845	1317	989	661	786	1182	1009	1012	674	1295	1014	111	1093	1065	1232	815	1076	1104	1173	1052	616	1084	396	1322	1383	613	907	782	825	1111	861	1818	652	418	2296	1084	1225	815	994	964	3354	1009	438	1193	517	1183	981	2629	785	1047	835	618	983	851	1280	950	1296	668	2199	989	1125	1048	748	836	1783	1205	930	951	756	1316	1089	1079	1218	1916	1532	1248	1296	858	607	782	964	1147	1316	989	1088	137	954	963	1135	474	1093	951	354	402	472	1201	1339	456	1029	1143	531	1028	774	844	796	1287	1112	1117	1130	1418	995	754	1134	782	1067	1068	1325	792	1001	657	770	1077	976	1147	1041	2115	1004	1621	953	1147	561	1057	1099	1088	783	3009	1186	993	1004	900	702	966	627	840	835	1019	824	1003	1100	596
46	571	150	1243	74	650	305	619	610	632	344	1213	947	210	1026	246	259	378	128	311	538	1089	1001	0	271	563	208	261	209	112	170	329	466	1501	431	726	449	1136	242	763	214	468	2419	248	2137	1635	1955	1016	83	457	282	1636	615	1512	571	820	2192	451	1031	484	206	902	415	607	143	279	210	394	1861	417	742	2351	408	678	256	1130	2227	1128	83	484	299	534	952	108	220	811	1653	1450	392	984	532	448	236	236	175	1081	610	426	454	77	188	228	220	189	1169	1001	325	94	267	2120	255	970	1109	450	440	1636	2040	344	165	955	682	673	0	226	56	352	1004	207	54	3810	2286	332	115	519	236	404	257	958	1653	188	72	45	415	2281	789	1046	400	192	1630	1816	391	417	180	174	697	392	615	682	635	466	663	268	574	123	140	949	1650	583	1443	207	1088	195	262	478	4046	60	1435	519	1347	189	1708	1880	311	470	582	474	483	1636	373	352	383	974	1213	527	1151	453	293	165	2672	213	574	677	522	404	108	240	545	930	2460	337	383	358	417	268	451	175	1801	257	284	966	353	624	143	612	989	351	1243	601	635	449	477	805	30	150	560	707	1212	208	261	2224	251	856	2016	621	1907	525	226	268	248	190	2117	220	53	563	242	80	157	175	464	1117	63	625	356	666	524	471	108	259	220	3546	192	1707	63	360	358	484	1372	374	582	1666	184	158	438	931
235	613	176	1295	342	693	405	863	842	459	215	1458	1178	282	1247	478	126	340	335	583	275	1202	1117	271	0	804	339	324	272	384	441	594	528	1267	159	460	178	1231	374	1026	333	242	2577	309	2206	1614	2153	1288	215	231	342	1452	770	1272	613	1058	2337	281	1115	311	344	980	644	633	209	278	345	166	2064	164	896	2610	158	722	131	1225	2277	1187	215	304	292	577	1041	207	381	771	1669	1228	651	1119	568	226	131	131	163	1351	641	155	254	196	415	253	357	329	1413	1203	243	218	426	2139	136	806	1341	237	169	1623	2269	604	151	1207	542	920	271	295	322	213	924	186	220	4023	2518	432	213	565	275	200	131	1197	1669	328	339	226	644	2346	1060	1136	157	81	1884	1912	157	171	212	100	660	154	770	412	365	510	514	506	464	199	343	724	1741	718	1217	64	1360	415	127	306	4282	213	1555	256	1371	329	1921	1628	560	256	466	509	301	1624	163	212	180	1213	1093	342	1420	237	373	350	2856	348	416	511	455	199	191	41	280	951	2627	134	180	625	512	506	281	163	2049	131	42	1051	209	451	209	663	1260	210	1295	723	676	178	673	1016	252	208	603	979	1450	284	324	2254	21	1128	2025	359	1931	458	69	506	49	81	2322	357	222	804	374	227	162	163	252	1095	212	645	212	432	568	252	207	29	381	3801	330	1922	212	630	414	312	1571	638	466	1890	403	427	196	1162
582	573	629	994	524	602	779	60	62	957	744	654	384	551	470	326	725	917	469	378	1022	733	657	563	804	0	484	540	562	481	447	266	514	2063	951	1262	962	815	460	268	495	909	1914	548	1785	1494	1410	614	591	902	538	2193	324	2071	573	257	1711	834	752	857	697	670	163	616	702	609	700	859	1311	902	381	1812	890	613	719	808	1906	1476	591	866	840	561	681	671	438	856	1433	2014	189	599	575	890	704	704	739	627	610	944	1017	620	389	775	469	688	609	471	883	655	404	1864	714	1525	546	882	954	1477	1477	236	728	821	941	121	563	547	540	756	1071	769	600	3250	1722	465	676	552	577	965	720	395	1433	688	526	599	163	1930	410	748	877	725	1082	1429	862	894	737	706	778	867	324	1170	1162	547	943	299	828	686	460	1512	1281	370	2006	745	692	389	727	853	3483	606	1026	1005	1143	688	1153	2432	252	897	842	564	868	1475	933	757	944	411	1742	901	680	887	507	455	2136	702	897	979	739	965	672	764	1034	1349	1943	897	944	250	454	299	834	739	1245	720	798	701	761	950	702	570	563	757	994	406	598	962	725	277	593	710	569	392	649	548	540	1943	787	514	1784	1163	1652	740	779	299	763	725	1563	469	596	0	460	641	644	739	890	1569	604	1085	762	1079	557	904	671	782	438	2998	691	1150	604	284	526	858	832	229	842	1103	401	472	905	369
185	362	165	1036	247	442	514	544	514	518	264	1132	846	67	910	180	243	568	97	395	538	895	808	208	339	484	0	77	78	247	286	338	257	1606	472	785	481	936	37	731	14	428	2249	75	1933	1429	1814	1035	165	420	91	1784	437	1610	362	730	2015	364	828	392	415	697	320	400	329	136	418	375	1725	418	565	2296	406	470	237	930	2021	1336	165	398	492	326	750	294	46	615	1445	1568	367	798	325	408	224	224	339	1078	403	465	582	205	133	421	17	398	1086	864	497	283	87	1911	232	1128	1008	402	474	1429	1933	331	322	1064	540	605	208	65	242	276	816	380	199	3683	2183	123	304	311	95	527	238	868	1445	397	246	208	320	2077	806	844	392	270	1565	1619	377	409	366	254	503	382	437	686	682	260	529	209	423	305	90	1063	1451	393	1557	290	1111	123	245	387	3946	202	1245	521	1139	398	1581	1960	270	418	434	269	399	1429	491	277	506	884	1392	438	1141	406	88	65	2520	422	457	554	353	527	282	298	550	1138	2296	456	506	368	210	209	364	339	1724	238	324	763	281	511	329	403	997	277	1036	405	426	481	659	677	231	337	352	740	1119	64	77	2016	327	892	1807	691	1698	355	336	209	292	272	1983	17	195	484	37	274	179	339	411	1322	197	832	282	608	316	424	294	313	46	3480	400	1582	197	392	154	393	1231	373	434	1553	116	294	421	830
228	317	169	1001	311	399	561	600	564	443	204	1180	889	54	947	253	209	594	169	472	488	882	796	261	324	540	77	0	60	318	361	413	218	1579	438	748	444	916	82	794	63	369	2252	16	1906	1375	1834	1106	198	363	22	1776	447	1580	317	778	2013	296	804	322	464	671	378	349	362	68	468	325	1748	373	572	2348	361	428	203	910	1987	1386	198	329	521	280	728	328	115	551	1401	1546	438	795	276	351	196	196	361	1145	354	431	577	236	210	453	83	446	1134	891	514	320	136	1869	198	1128	1050	342	438	1377	1968	405	342	1142	462	661	261	37	303	215	747	403	238	3708	2220	107	339	266	49	522	204	915	1401	445	310	249	378	2048	878	823	346	268	1616	1599	330	362	396	256	436	336	447	634	644	210	452	281	346	337	164	1044	1430	393	1535	287	1183	200	211	317	3983	239	1234	472	1096	446	1609	1923	341	357	357	216	331	1377	485	217	501	931	1404	367	1207	347	49	141	2533	471	381	477	276	521	314	284	501	1181	2303	452	501	443	189	281	296	361	1771	204	300	739	221	435	362	363	1066	217	1001	399	382	444	727	711	278	368	307	815	1162	54	0	1977	317	965	1762	660	1657	279	337	281	275	271	2007	83	234	540	82	314	180	361	350	1356	233	872	222	541	270	363	328	296	115	3528	449	1612	233	469	102	323	1254	447	357	1587	193	366	370	873
172	377	110	1062	267	459	505	623	591	455	189	1210	922	11	985	254	166	533	140	451	460	940	854	209	272	562	78	60	0	280	328	407	278	1534	397	709	405	976	106	808	67	350	2307	44	1966	1432	1882	1109	140	342	82	1723	498	1537	377	808	2069	292	864	322	409	731	399	408	302	74	412	296	1794	340	624	2374	328	488	160	970	2048	1330	140	326	460	340	787	269	124	602	1460	1498	442	851	335	330	149	149	301	1154	413	390	521	177	201	393	93	391	1164	935	454	262	162	1929	155	1071	1084	324	398	1435	2007	404	282	1120	488	683	209	24	256	200	794	343	181	3754	2258	162	280	326	28	466	161	946	1460	389	266	192	399	2109	879	883	314	210	1643	1659	299	331	336	198	488	304	498	608	606	270	474	284	375	277	139	995	1490	447	1487	230	1184	193	168	316	4022	181	1293	443	1155	391	1653	1885	344	341	384	275	327	1435	429	201	445	962	1345	367	1217	329	106	125	2584	415	394	494	315	466	254	231	471	1122	2356	396	445	438	247	284	292	301	1802	161	252	799	204	447	302	423	1072	201	1062	455	442	405	683	750	223	309	367	811	1196	14	60	2037	262	962	1821	617	1717	318	279	284	223	214	2052	93	177	562	106	256	121	301	334	1296	175	812	206	533	330	347	269	244	124	3557	393	1654	175	459	162	322	1300	445	384	1627	184	330	343	906
154	600	253	1248	46	675	318	533	533	727	442	1121	865	276	950	194	366	437	150	199	651	1069	982	112	384	481	247	318	280	0	58	228	494	1597	543	836	562	1125	270	661	258	576	2368	309	2128	1667	1887	905	186	566	336	1712	587	1610	600	736	2149	550	1026	583	224	903	348	640	227	354	228	504	1790	529	710	2248	519	701	362	1118	2225	1111	186	584	359	565	946	201	237	862	1670	1542	298	955	566	556	342	342	271	971	642	539	551	190	159	294	252	212	1078	936	404	186	271	2132	360	1044	1025	557	553	1664	1955	249	265	850	767	582	112	289	65	451	1064	295	166	3731	2198	358	204	550	308	503	363	871	1670	212	48	158	348	2273	678	1037	511	305	1531	1797	501	528	260	287	750	503	587	794	746	502	752	207	655	216	157	1044	1634	567	1536	320	975	171	369	577	3955	172	1408	631	1363	212	1633	1982	232	577	665	513	584	1664	475	452	484	887	1268	627	1042	560	336	185	2609	230	668	770	593	503	208	353	658	934	2404	440	484	256	435	207	550	271	1705	363	397	962	453	719	227	635	879	451	1248	590	660	562	412	738	133	234	590	595	1124	274	318	2232	363	744	2033	730	1918	596	335	207	360	303	2043	252	164	481	270	172	262	271	570	1136	174	641	456	773	555	578	201	372	237	3445	215	1630	174	251	400	583	1305	273	665	1583	165	51	548	850
212	626	310	1260	100	698	335	496	502	780	497	1078	829	324	917	194	423	472	191	141	709	1068	981	170	441	447	286	361	328	58	0	185	521	1645	601	891	620	1128	304	612	299	634	2348	354	2130	1691	1857	848	243	623	377	1750	585	1659	626	699	2133	605	1033	637	250	913	327	668	277	403	253	562	1759	587	704	2198	577	724	419	1121	2232	1103	243	639	396	593	953	254	269	897	1686	1588	259	950	596	613	400	400	323	916	669	596	601	248	177	335	288	241	1035	910	448	239	295	2145	417	1081	988	614	610	1686	1915	211	319	795	817	542	170	335	120	506	1102	343	224	3695	2157	388	255	578	357	555	420	832	1686	241	103	216	327	2276	622	1042	569	363	1483	1795	559	586	307	345	786	561	585	852	803	533	802	199	703	268	197	1092	1634	572	1582	378	918	190	426	631	3911	230	1402	690	1380	241	1600	2033	208	633	713	545	639	1685	528	507	536	848	1295	682	988	617	373	222	2582	254	720	821	638	555	262	411	716	937	2382	493	536	210	459	199	605	323	1660	420	455	970	509	772	277	658	823	506	1260	598	685	620	383	713	190	283	617	537	1084	321	361	2242	421	686	2048	785	1931	640	392	199	418	361	2011	288	222	447	304	225	319	323	627	1145	232	652	511	830	583	636	254	430	269	3396	244	1596	232	199	436	638	1277	229	713	1546	188	25	606	814
359	594	435	1161	274	652	513	312	324	856	595	893	644	398	735	162	546	657	275	127	845	939	855	329	594	266	338	413	407	228	185	0	500	1826	751	1053	767	1008	334	434	352	751	2177	413	2003	1625	1676	704	380	742	422	1935	466	1838	594	514	1969	699	925	729	434	817	180	639	456	474	436	687	1576	721	571	2022	710	673	540	1002	2113	1233	380	734	582	567	847	428	299	883	1597	1771	76	813	575	730	522	522	498	758	637	745	779	399	206	520	330	426	850	735	632	413	295	2046	537	1267	802	727	758	1616	1730	34	491	745	871	357	329	402	293	606	1097	523	375	3509	1971	390	432	553	431	730	541	647	1597	426	277	371	180	2149	474	929	699	513	1303	1658	687	717	488	494	782	690	466	992	960	523	863	138	754	443	272	1273	1502	474	1765	531	779	214	548	723	3727	382	1258	826	1295	426	1416	2208	88	745	766	538	735	1614	701	607	710	662	1477	774	826	731	402	282	2402	438	795	891	675	731	434	558	854	1091	2207	665	710	31	431	138	699	498	1477	541	599	865	610	849	456	613	671	607	1161	506	642	767	484	538	355	463	586	403	899	395	413	2136	575	555	1956	950	1832	677	555	138	562	512	1827	330	373	266	334	399	448	498	738	1307	382	820	612	940	559	749	428	577	299	3218	428	1412	382	60	451	730	1098	45	766	1361	223	210	734	629
