NAME : VRPTW_INSTANCE_93.txt
COMMENT : Bangkok Supermarket
TYPE : VRPTW
DIMENSION : 224
DAYS : Monday
EDGE_WEIGHT_TYPE : EXPLICIT
VEHICLES : 30
EDGE_WEIGHT_FORMAT : FULL_MATRIX
CAPACITY : 1000
EDGE_WEIGHT_SECTION
0	896	530	1187	910	50	938	228	705	97	423	528	309	183	204	532	280	212	1124	1536	1089	737	176	385	472	1028	135	2597	503	369	205	586	185	588	737	215	150	672	464	584	595	1727	153	447	493	165	401	190	1171	46	208	423	593	590	1221	535	1869	1297	748	590	678	153	146	513	1095	185	118	206	1656	783	257	360	201	407	621	1765	124	255	1707	582	288	347	1605	737	1759	437	190	1606	196	1665	411	367	1938	581	374	1701	394	351	217	891	1166	189	305	353	1227	202	1095	155	172	398	104	1117	1309	288	576	474	404	1744	192	628	2037	476	436	2622	1247	205	509	3824	215	1082	1221	650	1474	211	620	1411	383	2233	216	373	1606	1028	2659	171	221	371	1937	408	1940	39	1727	371	1139	499	368	101	91	395	390	178	449	640	39	408	125	385	871	1871	212	101	226	1964	1137	1032	400	418	493	379	1107	243	1221	404	1236	119	782	352	248	111	155	173	409	1542	2065	608	199	190	37	600	2262	189	1070	541	347	1067	411	154	598	288	639	840	534	358	79	63	942	621	101	495	412	358	2037	404	412	1096
896	0	506	1034	945	936	1535	667	397	988	789	502	602	928	931	515	817	986	1444	717	452	530	721	923	514	1220	892	2309	395	1106	896	329	721	882	530	896	1046	1192	733	324	317	1337	1032	660	902	731	944	805	718	927	795	1266	586	1142	1315	513	2737	411	995	325	573	1032	962	509	448	721	967	899	1866	1535	1154	761	795	967	328	2459	1012	690	1410	330	731	853	767	530	869	681	1058	709	809	1137	960	1096	2498	1456	844	1789	954	826	896	138	402	798	721	1219	893	1059	448	777	725	947	816	451	637	931	331	430	943	862	707	996	1957	434	675	2014	1501	796	1031	3426	932	1025	406	810	2288	798	544	588	1117	1436	801	847	709	1220	2059	912	692	910	2605	943	1548	903	1648	910	1757	911	854	979	807	997	947	719	911	498	904	1261	1015	1247	1374	1752	986	841	926	2519	1042	853	786	760	902	836	1087	930	406	1148	2080	1015	267	836	649	997	777	724	686	928	1947	957	712	1055	899	522	1438	798	1654	478	827	445	780	960	355	731	582	942	504	1217	940	883	474	328	994	904	793	1217	1891	971	793	451
530	506	0	1273	1072	550	1030	346	180	595	285	4	373	482	477	12	617	703	1463	1222	881	708	378	759	467	1292	464	2659	294	624	441	367	424	849	708	438	662	687	667	351	364	1709	623	156	396	388	444	369	1082	573	353	952	642	636	1447	12	2263	909	524	370	183	623	532	18	882	424	637	444	1460	1037	763	620	545	800	432	1952	614	461	1742	212	270	687	1274	708	1353	176	636	1176	556	1560	798	613	2005	1108	345	1947	455	332	437	577	885	540	254	778	1213	629	882	488	374	447	427	894	1097	452	346	320	442	1356	355	498	2205	340	171	2482	1558	356	897	3831	475	1212	906	339	1794	354	116	1093	633	1941	354	348	1176	1292	2525	631	421	742	2100	786	1927	517	1885	742	1614	405	356	577	444	812	448	376	406	115	518	938	618	801	1284	2012	703	440	465	2027	1251	1086	284	256	396	336	1261	463	906	664	1599	630	289	341	350	599	488	380	186	1378	2212	459	428	632	514	84	1944	540	1150	502	334	865	277	655	432	270	156	1032	4	772	600	488	810	432	629	398	289	772	2168	801	289	884
1187	1034	1273	0	295	1236	2119	1085	1303	1268	1442	1268	984	1351	1369	1285	910	1067	659	1020	663	567	1114	851	823	430	1296	1415	979	1554	1353	914	1052	623	567	1360	1278	1820	723	931	921	572	1324	1356	1562	1115	1522	1275	403	1175	1281	1241	645	1743	369	1286	2883	1105	1773	913	1439	1324	1332	1260	674	1052	1144	1355	2725	1964	1348	827	986	858	853	2942	1291	965	522	1083	1290	854	1102	567	1404	1367	1365	1383	990	639	849	1551	3124	1430	1445	767	1523	1417	1362	896	818	998	1295	1505	232	1382	674	1043	1126	1522	1200	692	689	1433	935	955	1523	1340	1125	1701	937	936	1360	1537	628	1279	806	2637	1378	132	904	1601	2593	1286	1379	973	1568	1452	1293	1446	1383	430	1564	1046	1019	856	3118	840	770	1223	621	856	1188	1571	1448	1282	1158	894	1516	1114	1538	1352	1223	1258	1289	1537	832	740	1067	1228	1384	3150	75	189	1423	1417	1562	1443	165	1398	904	1591	2332	1267	1230	1424	1058	1284	1043	1116	1349	677	940	1668	1035	1366	1219	1345	1540	998	2251	774	1415	654	1427	1100	846	1290	1424	374	1275	1517	1155	1232	563	853	1220	1565	1437	1517	895	863	1437	671
910	945	1072	295	0	957	1848	835	1136	986	1202	1067	743	1081	1100	1083	630	777	525	1134	690	417	857	558	605	283	1026	1687	784	1279	1087	742	792	331	417	1095	991	1561	455	758	751	866	1040	1131	1318	856	1266	1016	521	893	1024	947	430	1481	381	1085	2590	1125	1543	741	1249	1040	1056	1057	702	792	858	1089	2496	1679	1056	553	711	564	689	2653	1008	706	813	906	1045	568	1219	417	1496	1139	1081	1436	714	900	554	1277	2847	1137	1196	877	1265	1168	1097	820	849	723	1051	1216	438	1100	702	773	868	1265	934	726	802	1170	760	753	1267	1443	871	1459	1147	733	1133	1824	559	1022	511	2920	1110	174	938	1382	2298	1029	1184	1057	1293	1666	1037	1197	1436	283	1853	760	762	565	2831	546	1065	947	830	565	980	1327	1198	1002	890	599	1258	857	1288	1165	947	963	1005	1248	594	968	777	960	1117	2874	232	224	1182	1180	1318	1196	199	1132	938	1314	2037	982	1088	1174	810	1001	773	858	1119	883	1166	1428	775	1083	944	1151	1740	723	1979	573	1165	673	1187	812	675	1045	1228	79	1074	1229	871	958	532	689	934	1320	1196	1229	1133	569	1196	700
50	936	550	1236	957	0	893	269	728	51	415	549	355	152	173	551	327	235	1157	1583	1138	788	215	424	522	1068	114	2644	545	323	182	630	233	633	788	192	114	635	514	627	639	1777	103	454	474	206	374	192	1222	68	210	413	643	553	1263	554	1822	1339	728	634	688	103	104	534	1144	233	133	182	1625	733	220	409	250	443	667	1714	77	305	1756	617	295	391	1651	788	1801	443	140	1645	245	1716	448	322	1890	557	360	1740	366	340	194	935	1213	239	312	303	1277	151	1144	206	210	371	125	1165	1358	260	619	517	378	1787	229	604	2081	521	442	2673	1282	207	543	3873	184	1129	1267	643	1424	211	634	1457	337	2281	215	359	1645	1068	2710	207	270	411	1886	447	1990	33	1771	411	1150	479	353	50	129	428	363	217	427	657	32	395	79	335	896	1916	235	110	196	1917	1185	1081	393	414	474	366	1153	213	1267	357	1187	81	811	339	291	62	206	212	415	1593	2109	588	248	139	37	616	2310	239	1024	590	335	1116	405	178	645	295	649	886	554	308	100	61	993	667	84	476	404	308	2082	440	404	1145
938	1535	1030	2119	1848	893	0	1048	1156	871	754	1033	1154	768	750	1020	1219	1105	2019	2252	1890	1619	1011	1314	1333	1956	823	3533	1251	570	768	1346	1069	1527	1619	760	884	342	1396	1334	1348	2640	822	879	634	1008	621	852	2045	959	848	1105	1493	400	2154	1022	1436	1930	599	1349	992	822	792	1029	1893	1069	1007	766	895	315	863	1295	1136	1327	1406	926	853	1156	2635	1230	864	1285	2302	1619	2354	860	782	2164	1134	2541	1333	571	1007	1074	716	2622	616	740	759	1604	1912	1124	866	696	2134	761	1893	1076	999	619	919	1909	2112	690	1326	1250	620	2367	1003	546	2973	1264	867	3486	2151	850	1420	4754	741	2019	1936	752	890	844	1000	2123	555	2971	837	713	2164	1956	3526	1098	1103	1302	1070	1335	2857	901	2665	1302	1866	624	709	852	961	1305	623	1011	633	1047	900	1078	856	674	1724	2809	1105	891	736	1032	2073	1955	763	784	634	721	2046	722	1936	537	805	883	1292	731	1076	856	1076	1009	861	2382	3003	584	1086	779	904	1017	2971	1124	131	1397	741	1872	765	1056	1393	864	970	1779	1032	678	986	889	1786	1406	930	632	752	678	2976	1323	752	1894
228	667	346	1085	835	269	1048	0	506	321	370	343	107	301	313	352	279	361	1153	1319	886	572	53	422	287	1011	251	2499	275	508	286	362	77	555	572	292	378	736	384	359	370	1592	369	324	482	63	437	196	1003	262	199	626	446	660	1187	355	2087	1070	715	366	519	369	314	328	891	77	311	289	1663	949	486	306	200	460	404	1923	346	136	1592	355	210	354	1385	572	1531	325	399	1377	211	1500	459	502	2055	801	361	1683	439	333	293	667	951	194	218	564	1085	403	891	142	60	437	157	912	1109	358	350	249	439	1518	47	624	1983	255	321	2453	1261	198	562	3709	319	997	1001	570	1672	204	454	1192	522	2023	211	363	1377	1011	2492	288	82	405	2088	449	1810	237	1665	405	1268	491	363	314	140	469	432	52	454	462	238	615	348	594	949	1803	361	186	320	2080	1046	912	348	350	482	360	1034	331	1001	550	1444	347	565	340	28	331	142	56	300	1358	2001	594	83	397	233	427	2047	194	1179	354	331	865	354	318	384	210	485	778	350	565	279	221	755	404	328	485	363	565	1966	461	363	892
705	397	180	1303	1136	728	1156	506	0	775	443	180	508	662	656	182	760	867	1567	1108	825	739	545	897	550	1378	645	2654	360	796	621	394	582	955	739	617	841	816	774	377	386	1690	804	321	536	555	605	550	1060	748	534	1125	709	776	1517	179	2433	774	598	395	175	804	713	195	823	582	809	624	1481	1194	943	746	697	940	452	2082	794	603	1742	229	451	823	1151	739	1202	341	817	1018	710	1515	937	785	2103	1285	511	2013	617	502	617	502	798	694	435	958	1211	810	823	647	543	609	604	831	1027	627	376	399	602	1212	523	610	2241	417	337	2410	1652	536	1032	3801	654	1259	803	415	1953	535	155	981	804	1823	535	514	1018	1378	2455	794	572	881	2222	923	1906	695	1923	881	1761	545	523	757	617	957	611	542	557	109	696	1112	798	980	1415	2042	867	618	644	2123	1292	1114	447	417	536	502	1314	641	803	835	1766	809	136	511	504	779	647	547	358	1316	2242	572	583	812	692	144	1817	694	1269	565	504	813	438	823	462	451	188	1106	176	951	773	667	791	452	806	538	450	951	2193	942	450	826
97	988	595	1268	986	51	871	321	775	0	444	595	406	164	184	596	358	239	1164	1633	1186	833	267	442	570	1086	143	2673	596	304	202	681	283	659	833	212	67	629	549	679	690	1814	57	493	491	257	384	231	1265	94	249	380	686	547	1283	599	1771	1391	743	685	729	57	104	580	1193	283	137	201	1624	696	170	444	288	457	718	1677	26	352	1790	668	335	417	1702	833	1852	480	97	1697	282	1758	462	305	1862	513	383	1755	375	365	213	987	1264	277	352	255	1316	114	1193	251	262	381	175	1215	1406	270	671	569	388	1839	280	616	2102	572	481	2716	1291	246	553	3905	194	1159	1318	669	1377	249	676	1508	317	2330	252	381	1697	1086	2752	227	319	431	1850	463	2026	84	1794	431	1132	495	374	26	180	437	372	269	443	701	84	360	27	288	894	1940	239	156	208	1889	1215	1118	422	446	491	390	1181	224	1318	334	1139	35	860	363	342	15	251	264	453	1639	2132	602	297	98	88	660	2360	277	1001	638	361	1164	434	186	696	335	689	914	600	262	115	108	1040	718	65	493	433	262	2107	453	433	1194
423	789	285	1442	1202	415	754	370	443	444	0	288	460	286	270	276	631	634	1512	1504	1138	899	360	767	620	1379	302	2851	504	360	243	597	428	923	899	235	507	414	754	584	598	1923	447	129	125	365	162	234	1309	468	217	824	796	355	1557	279	1990	1194	346	600	326	447	349	280	1140	428	540	245	1294	753	586	673	542	800	659	1672	452	504	1938	476	161	708	1557	899	1637	108	443	1457	547	1800	801	348	1745	940	74	2053	174	80	233	850	1159	531	151	550	1418	428	1140	471	350	166	331	1155	1359	207	576	510	159	1641	341	259	2350	527	114	2737	1624	220	904	4047	263	1361	1185	227	1512	214	297	1374	366	2222	207	77	1457	1379	2779	579	449	751	1822	794	2142	392	2032	751	1562	135	86	419	371	798	168	359	122	339	392	803	457	567	1283	2168	634	322	249	1768	1408	1262	23	30	125	65	1400	239	1185	396	1323	479	569	85	393	440	471	360	107	1632	2367	226	442	438	391	299	2228	531	878	677	84	1120	15	576	650	161	289	1147	287	540	502	361	1043	659	499	127	11	540	2330	799	11	1142
528	502	4	1268	1067	549	1033	343	180	595	288	0	370	482	477	17	614	701	1458	1219	876	703	375	755	462	1287	464	2654	289	626	442	362	421	845	703	438	661	691	662	346	359	1704	623	158	400	386	446	369	1077	572	353	950	638	640	1442	17	2265	906	529	365	187	623	532	15	877	421	635	444	1465	1039	762	616	542	796	427	1956	613	457	1737	208	270	683	1270	703	1351	179	636	1173	553	1556	794	615	2009	1107	347	1942	457	334	438	573	881	536	255	778	1208	629	877	485	372	450	425	890	1092	453	341	315	444	1354	352	502	2200	335	173	2477	1554	355	894	3826	475	1207	902	344	1797	354	120	1089	635	1938	354	351	1173	1287	2520	629	418	739	2104	782	1922	516	1880	739	1611	409	359	577	442	809	451	373	409	118	517	936	617	802	1281	2007	701	439	466	2031	1247	1081	286	259	400	339	1256	464	902	666	1601	629	288	343	347	598	485	377	189	1374	2208	464	425	632	513	88	1941	536	1154	497	336	860	279	653	427	270	161	1027	7	773	598	487	805	427	628	401	292	773	2163	798	292	879
309	602	373	984	743	355	1154	107	508	406	460	370	0	406	419	382	252	388	1092	1227	785	465	152	390	180	934	354	2397	207	614	393	280	123	482	465	399	456	840	303	280	290	1486	458	393	578	158	541	303	896	332	305	666	342	765	1103	385	2177	994	800	284	556	458	414	356	791	123	365	396	1753	1054	563	246	201	432	312	2030	432	97	1489	318	306	316	1296	465	1455	399	492	1308	214	1393	429	608	2161	854	460	1602	543	433	400	584	857	201	310	657	979	499	791	175	162	541	257	812	1008	465	273	171	542	1438	153	718	1890	170	393	2346	1193	304	526	3604	426	900	912	644	1772	310	489	1102	628	1926	317	462	1308	934	2385	313	91	373	2195	416	1704	326	1572	373	1252	587	463	404	230	450	536	151	553	486	327	660	433	688	912	1708	388	288	427	2186	948	809	440	437	578	458	940	438	912	656	1540	428	541	440	78	418	175	155	377	1253	1907	686	112	490	322	458	1954	201	1285	247	430	764	445	358	289	306	526	690	377	660	341	315	650	312	400	581	454	660	1869	434	454	792
183	928	482	1351	1081	152	768	301	662	164	286	482	406	0	21	480	456	387	1307	1609	1186	868	254	568	586	1210	55	2765	558	208	43	652	304	766	868	50	223	490	628	645	659	1878	160	356	327	249	222	123	1301	218	133	541	733	408	1401	483	1808	1339	579	656	591	160	63	468	1191	304	285	41	1474	648	301	528	369	590	700	1624	168	391	1868	599	211	527	1672	868	1797	340	160	1631	369	1798	594	203	1773	655	220	1884	214	206	52	950	1244	357	227	297	1374	149	1191	308	244	219	153	1211	1410	108	637	541	226	1790	254	453	2216	550	341	2753	1430	132	692	3986	32	1251	1289	508	1375	131	544	1481	222	2318	129	219	1631	1210	2791	354	341	554	1791	592	2094	144	1904	554	1296	331	211	138	194	577	211	255	278	576	144	519	173	322	1048	2046	387	124	44	1799	1305	1188	266	292	327	228	1280	61	1289	250	1155	197	764	202	329	157	308	251	315	1660	2242	438	322	155	146	534	2339	357	900	654	201	1165	278	330	682	211	551	1014	486	293	251	124	1056	700	226	328	275	293	2212	587	275	1192
204	931	477	1369	1100	173	750	313	656	184	270	477	419	21	0	474	476	409	1329	1615	1196	882	267	589	599	1231	74	2783	565	195	35	659	320	786	882	39	241	469	647	652	666	1894	177	347	307	263	201	127	1314	239	135	559	748	387	1422	478	1806	1342	559	663	580	177	81	464	1201	320	307	33	1453	636	315	547	389	611	709	1611	186	407	1885	601	207	547	1678	882	1799	330	173	1632	388	1812	615	189	1755	669	203	1905	193	190	40	955	1251	377	222	301	1389	159	1201	327	257	198	169	1220	1420	86	644	550	205	1793	265	432	2236	559	332	2766	1451	134	713	4004	10	1270	1295	490	1368	132	536	1487	209	2326	129	201	1632	1231	2804	375	356	575	1777	613	2111	165	1923	575	1316	310	194	158	211	599	189	268	258	568	165	537	191	325	1070	2066	409	141	23	1781	1323	1205	251	279	307	211	1299	40	1295	237	1151	216	761	186	341	177	327	265	306	1672	2262	417	338	167	167	526	2345	377	882	667	186	1175	264	351	691	207	541	1034	481	295	273	145	1068	709	247	308	259	295	2232	609	259	1202
532	515	12	1285	1083	551	1020	352	182	596	276	17	382	480	474	0	624	708	1472	1232	893	720	382	766	478	1302	464	2671	306	619	439	379	430	859	720	435	663	677	676	363	376	1721	623	148	386	392	436	369	1094	576	353	955	654	627	1458	3	2258	918	512	382	173	623	531	26	893	430	640	441	1447	1029	763	629	551	807	444	1943	614	469	1755	224	268	694	1283	720	1361	169	635	1182	562	1572	805	608	1994	1109	338	1958	448	326	434	588	896	546	252	775	1225	627	893	493	379	440	429	906	1108	447	358	332	434	1364	359	487	2216	352	163	2493	1568	355	905	3843	472	1224	916	327	1787	353	106	1103	627	1951	353	341	1182	1302	2536	636	428	750	2090	793	1940	518	1897	750	1620	396	350	577	447	819	441	380	397	110	519	940	618	798	1292	2024	708	441	462	2016	1263	1098	276	248	386	329	1273	459	916	658	1593	631	295	335	357	599	493	384	180	1390	2224	448	434	630	516	76	1953	546	1140	514	328	877	269	659	444	268	146	1043	12	769	603	489	822	444	631	388	281	769	2180	808	281	895
280	817	617	910	630	327	1219	279	760	358	631	614	252	456	476	624	0	195	880	1368	896	509	272	142	310	758	402	2317	442	649	467	489	207	310	509	476	373	944	195	495	501	1458	414	603	730	266	657	411	930	264	424	465	357	862	947	627	2070	1182	976	492	796	414	426	599	904	207	241	469	1911	1054	457	91	90	182	495	2034	381	157	1431	566	471	76	1444	509	1637	602	455	1506	87	1415	180	647	2217	667	605	1434	653	578	478	770	1001	101	483	601	964	472	904	160	281	655	318	928	1105	552	489	400	659	1611	293	871	1760	391	598	2372	994	421	282	3547	486	802	1069	844	1714	428	729	1251	663	2038	436	605	1506	758	2407	144	198	126	2209	169	1669	317	1448	126	1000	737	603	372	273	197	648	273	692	732	318	466	380	634	669	1591	195	341	494	2244	858	761	608	616	730	606	827	510	1069	684	1465	359	790	581	268	374	160	272	576	1313	1786	845	196	456	314	701	2080	101	1350	364	574	873	617	203	469	471	762	560	621	612	245	331	731	495	313	732	623	612	1757	183	623	904
212	986	703	1067	777	235	1105	361	867	239	634	701	388	387	409	708	195	0	925	1562	1091	704	325	218	494	852	346	2458	596	542	416	658	286	445	704	426	222	868	381	662	669	1628	283	645	706	315	610	400	1120	170	417	280	552	785	1051	711	1876	1365	960	661	866	283	337	685	1099	286	103	416	1860	906	280	285	190	223	674	1877	253	295	1589	704	490	219	1637	704	1823	638	322	1685	177	1600	230	543	2086	477	587	1517	602	564	428	952	1193	188	506	440	1143	343	1099	222	328	607	305	1123	1300	495	655	557	613	1799	348	839	1871	552	636	2555	1052	414	315	3696	420	950	1260	860	1534	420	805	1443	555	2234	426	586	1685	852	2589	75	304	211	2054	234	1835	248	1568	211	930	711	581	262	270	199	598	327	661	818	248	277	249	472	660	1715	0	311	432	2114	1009	933	610	627	706	591	966	449	1260	569	1280	222	922	564	366	253	222	323	610	1505	1905	821	288	325	247	781	2275	188	1234	554	560	1068	621	58	648	490	829	701	708	454	136	276	927	674	175	708	623	454	1882	219	623	1099
1124	1444	1463	659	525	1157	2019	1153	1567	1164	1512	1458	1092	1307	1329	1472	880	925	0	1645	1215	917	1152	746	1017	247	1259	1702	1207	1465	1329	1192	1086	613	917	1339	1139	1793	796	1207	1203	1140	1206	1477	1607	1147	1524	1288	1019	1090	1302	942	874	1711	329	1474	2450	1651	1856	1193	1646	1206	1261	1445	1227	1086	1028	1330	2781	1783	1157	849	970	718	1152	2701	1177	1018	1015	1340	1351	804	1729	917	2015	1479	1242	1961	964	1284	715	1468	2969	1069	1482	624	1518	1456	1341	1329	1374	980	1363	1326	884	1264	1227	1040	1162	1522	1191	1250	1310	1412	1206	1167	1527	1959	1173	1747	1033	1149	1474	2104	139	1299	615	2946	1339	553	1464	1723	2266	1306	1579	1576	1478	2111	1313	1482	1961	247	2122	953	1070	761	2886	720	1282	1163	783	761	555	1614	1479	1188	1147	730	1514	1153	1567	1570	1163	967	1173	1352	321	930	925	1209	1350	2998	589	718	1489	1497	1607	1485	498	1367	1464	1490	1996	1145	1547	1459	1136	1178	1040	1152	1453	1336	1088	1723	1074	1246	1161	1547	2200	980	2144	1011	1452	1198	1497	980	1132	1351	1617	506	1466	1344	1057	1186	1057	1152	1100	1609	1503	1344	1089	720	1503	1225
1536	717	1222	1020	1134	1583	2252	1319	1108	1633	1504	1219	1227	1609	1615	1232	1368	1562	1645	0	482	882	1372	1422	1073	1398	1565	1878	1050	1801	1582	957	1350	1277	882	1584	1682	1910	1209	963	950	970	1685	1375	1619	1380	1654	1488	627	1556	1481	1832	1025	1858	1388	1230	3405	361	1706	953	1282	1685	1631	1224	472	1350	1576	1585	2528	2238	1787	1285	1384	1458	915	3175	1660	1291	1113	1031	1429	1371	84	882	388	1395	1718	427	1396	683	1449	1792	3211	2036	1554	1738	1664	1534	1584	660	370	1391	1420	1882	790	1723	472	1392	1379	1657	1476	447	335	1629	971	1069	1653	320	1364	1713	1740	1063	1389	1363	1640	1481	1480	2861	1619	1098	320	1523	2983	1485	1259	129	1813	718	1489	1557	427	1398	1412	1498	1315	1416	3322	1432	1126	1553	1488	1416	2108	1628	1564	1631	1456	1497	1656	1370	1626	1213	1553	1834	1661	1913	1713	1536	1562	1505	1615	3232	1075	927	1498	1474	1619	1547	1160	1621	320	1844	2763	1655	972	1544	1294	1646	1392	1375	1398	455	1699	1674	1337	1715	1549	1238	730	1391	2371	1009	1535	505	1493	1555	937	1429	1296	1182	1220	1885	1559	1539	660	915	1623	1621	1507	1885	1627	1464	1507	473
1089	452	881	663	690	1138	1890	886	825	1186	1138	876	785	1186	1196	893	896	1091	1215	482	0	400	937	941	616	969	1137	1857	641	1389	1166	545	904	795	400	1170	1229	1553	728	556	542	886	1241	1017	1261	944	1272	1071	285	1103	1068	1356	545	1490	1003	892	2954	445	1402	541	995	1241	1199	877	11	904	1114	1169	2307	1832	1330	809	920	976	489	2796	1213	836	967	669	1032	893	563	400	812	1035	1276	746	932	690	967	1382	2882	1560	1174	1429	1279	1151	1171	324	160	928	1027	1441	475	1284	11	937	946	1274	1042	36	223	1225	564	648	1272	766	933	1377	1542	637	1028	1601	1233	1068	998	2977	1201	700	249	1215	2558	1072	952	380	1402	1146	1078	1177	746	969	1644	1031	867	935	2954	951	1095	1110	1244	935	1642	1271	1182	1187	1016	1015	1271	935	1257	911	1111	1359	1214	1473	1245	1333	1091	1072	1200	2904	696	515	1128	1108	1261	1168	765	1209	249	1432	2325	1204	709	1160	859	1200	937	940	1030	497	1523	1339	889	1275	1106	924	1184	928	2016	549	1150	22	1125	1089	505	1032	996	724	880	1445	1102	1101	178	489	1168	1263	1138	1445	1462	982	1138	10
737	530	708	567	417	788	1619	572	739	833	899	703	465	868	882	720	509	704	917	882	400	0	614	542	285	690	814	1956	414	1076	858	347	565	404	0	863	866	1299	331	364	354	1025	890	802	1024	618	1002	768	434	742	770	960	151	1226	795	721	2579	769	1217	346	872	890	866	696	409	565	741	860	2165	1513	960	419	549	576	287	2492	859	483	1040	516	760	497	962	0	1193	814	928	1095	559	930	567	1071	2625	1165	915	1282	1005	888	865	412	530	559	761	1088	518	940	409	581	624	1003	715	435	598	930	368	395	1003	1154	618	1157	1503	376	808	1887	971	769	600	3148	889	521	612	1040	2210	775	812	775	1090	1531	782	917	1095	690	1924	651	528	536	2659	551	1243	765	1185	536	1275	1033	919	838	679	615	998	613	1006	784	766	966	859	1121	880	1307	704	745	891	2650	552	378	883	872	1024	911	578	903	612	1118	1967	844	677	896	543	847	581	616	800	807	1507	1122	548	927	761	778	1577	559	1750	223	886	377	885	710	279	760	857	412	710	1095	735	763	225	287	804	1026	896	1095	1461	582	896	409
176	721	378	1114	857	215	1011	53	545	267	360	375	152	254	267	382	272	325	1152	1372	937	614	0	411	332	1020	202	2529	329	462	244	416	67	564	614	250	325	706	402	413	424	1629	315	334	465	10	409	160	1046	211	167	581	483	628	1200	386	2033	1124	706	420	544	315	262	360	942	67	265	246	1649	902	433	314	185	447	457	1879	292	150	1626	406	199	348	1439	614	1585	332	345	1430	193	1544	447	457	2018	752	341	1694	408	314	252	721	1004	176	211	510	1124	350	942	117	11	408	105	963	1160	320	404	303	410	1572	23	608	2003	308	328	2498	1263	165	551	3744	275	1022	1054	572	1621	172	481	1246	476	2075	179	342	1430	1020	2536	254	94	395	2045	439	1846	183	1687	395	1244	474	342	260	86	451	402	2	432	493	184	569	294	541	935	1826	325	135	277	2043	1073	945	338	344	465	342	1056	290	1054	504	1392	294	611	319	78	277	117	2	305	1406	2023	579	82	343	179	456	2101	176	1142	399	310	915	346	277	436	199	508	797	382	512	231	167	802	457	276	468	352	512	1990	447	352	943
385	923	759	851	558	424	1314	422	897	442	767	755	390	568	589	766	142	218	746	1422	941	542	411	0	409	644	517	2239	567	745	586	600	348	227	542	596	438	1057	213	609	612	1414	493	744	860	405	780	541	932	356	555	424	397	975	840	769	2067	1266	1110	603	938	493	528	741	951	348	307	587	2037	1124	497	163	226	44	595	2095	461	297	1372	696	608	74	1501	542	1713	743	534	1593	219	1401	39	745	2302	628	736	1316	775	709	597	860	1062	236	621	659	938	553	951	296	420	778	445	976	1138	670	604	524	782	1682	433	1000	1659	512	739	2351	864	552	139	3477	599	732	1137	984	1745	559	872	1311	759	2069	566	736	1593	644	2384	216	340	16	2273	27	1620	424	1352	16	864	867	733	462	400	75	770	413	820	873	424	433	458	690	527	1499	218	463	609	2329	791	723	744	753	860	738	747	626	1137	777	1487	432	920	713	411	458	296	411	717	1321	1690	976	338	536	422	843	2119	236	1444	450	706	919	753	259	568	608	905	482	763	672	328	444	768	595	385	863	758	672	1666	47	758	951
472	514	467	823	605	522	1333	287	550	570	620	462	180	586	599	478	310	494	1017	1073	616	285	332	409	0	830	534	2230	190	794	574	193	290	408	285	579	613	1014	233	204	205	1309	625	533	743	337	717	483	715	486	485	772	179	941	980	479	2338	872	949	195	646	625	590	452	623	290	502	576	1902	1234	715	247	310	453	186	2210	597	219	1318	323	476	339	1146	285	1328	543	661	1195	323	1213	446	788	2340	972	631	1480	720	604	580	460	703	317	478	825	802	671	623	321	342	717	435	645	836	645	201	152	717	1304	334	880	1744	132	537	2166	1102	484	523	3430	606	750	766	780	1945	490	580	952	808	1761	496	633	1195	830	2205	426	253	396	2376	430	1527	495	1425	396	1256	753	635	572	404	483	713	331	723	564	496	771	597	857	886	1556	494	466	608	2364	794	642	603	595	743	628	797	619	766	836	1709	587	538	611	259	584	321	334	526	1075	1756	845	274	660	491	547	1795	317	1464	68	602	594	606	482	160	476	623	565	469	830	487	489	472	186	552	746	617	830	1715	457	617	623
1028	1220	1292	430	283	1068	1956	1011	1378	1086	1379	1287	934	1210	1231	1302	758	852	247	1398	969	690	1020	644	830	0	1158	1639	1018	1389	1225	991	952	456	690	1234	1074	1700	631	1007	1001	958	1134	1328	1485	1017	1416	1169	773	1000	1181	943	670	1618	203	1304	2537	1407	1725	991	1474	1134	1173	1276	981	952	949	1226	2669	1750	1115	706	848	629	945	2701	1103	875	856	1148	1218	684	1482	690	1768	1332	1174	1715	846	1067	623	1390	2936	1105	1360	675	1412	1333	1236	1099	1129	860	1228	1283	645	1195	981	918	1031	1414	1077	1004	1063	1310	1007	982	1418	1712	1038	1627	1021	963	1327	1931	281	1178	539	2887	1241	312	1218	1578	2301	1185	1407	1329	1403	1880	1193	1361	1715	0	1954	861	930	657	2884	622	1125	1067	726	657	758	1493	1359	1106	1032	653	1407	1021	1450	1394	1067	964	1100	1313	418	876	852	1099	1251	2963	356	471	1358	1361	1485	1362	264	1267	1218	1420	2034	1073	1344	1338	990	1101	918	1021	1309	1100	1059	1600	938	1177	1065	1374	1965	860	2086	813	1330	952	1365	900	927	1218	1449	278	1295	1299	972	1086	814	945	1026	1488	1372	1299	1043	633	1372	979
135	892	464	1296	1026	114	823	251	645	143	302	464	354	55	74	464	402	346	1259	1565	1137	814	202	517	534	1158	0	2709	515	263	70	607	250	712	814	80	208	542	573	602	614	1823	159	352	360	196	265	95	1247	175	111	522	678	460	1348	467	1846	1302	615	611	588	159	70	450	1142	250	246	70	1521	700	301	472	315	541	654	1678	155	335	1812	564	197	474	1630	814	1761	338	172	1598	314	1744	545	258	1828	652	245	1832	259	225	82	908	1199	303	214	326	1319	168	1142	253	192	262	99	1163	1361	153	593	496	268	1752	204	493	2162	503	339	2700	1381	108	644	3931	84	1196	1246	528	1421	111	537	1437	277	2272	112	244	1598	1158	2738	306	286	503	1845	541	2039	97	1849	503	1265	366	238	119	138	530	254	203	314	565	98	503	159	354	1006	1992	346	68	92	1854	1249	1133	280	303	360	251	1225	109	1246	304	1197	178	740	224	278	141	253	199	312	1608	2187	474	267	168	98	523	2295	303	955	602	221	1116	292	287	634	197	549	959	469	325	209	72	1005	654	197	362	291	325	2157	539	291	1144
2597	2309	2659	1415	1687	2644	3533	2499	2654	2673	2851	2654	2397	2765	2783	2671	2317	2458	1702	1878	1857	1956	2529	2239	2230	1639	2709	0	2368	2965	2768	2291	2467	2015	1956	2775	2676	3236	2136	2307	2295	971	2728	2758	2973	2530	2937	2690	1596	2581	2696	2581	2056	3158	1438	2671	4152	2173	3174	2289	2809	2728	2743	2648	1863	2467	2544	2770	4119	3364	2734	2238	2397	2237	2226	4332	2695	2380	916	2454	2703	2256	1918	1956	2197	2770	2769	2300	2400	1210	2229	2963	4535	2743	2858	1133	2938	2830	2777	2175	1950	2409	2707	2898	1446	2787	1863	2456	2541	2937	2615	1864	1712	2849	2313	2351	2938	2118	2540	3110	701	2333	2764	995	1569	2695	2163	1248	2793	1515	2001	2995	3941	2701	2755	1933	2980	1692	2709	2860	2300	1639	968	2447	2435	2248	4511	2223	768	2634	921	2248	2202	2983	2861	2689	2572	2268	2931	2529	2951	2721	2634	2603	2693	2929	2014	772	2458	2643	2799	4561	1460	1589	2833	2825	2973	2856	1492	2813	2001	3002	3673	2669	2554	2838	2472	2689	2456	2531	2755	1446	628	3076	2450	2770	2630	2722	1822	2409	3665	2176	2828	1863	2836	2497	2226	2703	2800	1759	2660	2912	2558	2644	1863	2226	2621	2976	2847	2912	613	2242	2847	1859
503	395	294	979	784	545	1251	275	360	596	504	289	207	558	565	306	442	596	1207	1050	641	414	329	567	190	1018	515	2368	0	754	533	95	325	597	414	536	653	917	417	87	100	1425	644	394	630	339	631	438	806	532	433	874	354	851	1163	307	2360	794	806	99	465	644	583	282	644	325	571	536	1751	1196	761	406	406	611	154	2155	622	300	1452	134	391	493	1114	414	1256	409	673	1103	420	1295	606	746	2249	1062	535	1662	638	510	536	392	685	407	386	837	925	676	644	382	335	633	430	662	864	586	78	42	631	1242	318	756	1911	58	402	2235	1292	433	693	3550	569	919	730	627	1934	436	402	922	767	1760	441	537	1103	1018	2276	521	297	552	2313	591	1645	512	1592	552	1428	639	542	590	416	635	630	327	620	380	513	868	624	867	1067	1718	596	457	566	2272	958	791	492	475	630	529	970	573	730	797	1713	622	355	520	254	607	382	332	399	1131	1918	719	317	671	509	368	1780	407	1379	211	510	621	491	566	145	391	446	750	296	838	545	495	538	154	600	632	503	838	1874	614	503	646
369	1106	624	1554	1279	323	570	508	796	304	360	626	614	208	195	619	649	542	1465	1801	1389	1076	462	745	794	1389	263	2965	754	0	223	849	513	956	1076	219	327	339	830	841	855	2086	259	474	321	458	209	317	1509	390	321	607	941	261	1585	622	1639	1517	531	853	687	259	222	615	1394	513	441	220	1337	442	342	727	568	761	901	1416	288	598	2072	776	374	715	1862	1076	1970	454	224	1797	565	2007	766	11	1569	659	287	2059	194	294	218	1140	1440	556	385	225	1582	201	1394	511	452	204	362	1413	1613	174	833	741	212	1968	461	394	2404	752	459	2961	1594	321	857	4191	188	1450	1480	530	1183	318	656	1672	14	2514	313	284	1797	1389	2999	529	549	733	1582	767	2301	331	2095	733	1387	319	275	283	400	741	198	463	276	696	331	581	292	230	1186	2239	542	332	189	1596	1505	1394	351	382	321	297	1476	181	1480	43	976	320	914	285	536	289	511	460	438	1867	2433	397	530	220	335	655	2531	556	701	862	291	1369	361	490	884	374	650	1209	628	209	417	322	1263	901	366	322	351	209	2406	757	351	1395
205	896	441	1353	1087	182	768	286	621	202	243	442	393	43	35	439	467	416	1329	1582	1166	858	244	586	574	1225	70	2768	533	223	0	628	301	777	858	10	263	476	632	620	634	1874	203	313	291	241	195	95	1289	245	101	581	727	395	1414	442	1841	1307	546	632	547	203	105	428	1171	301	315	2	1452	665	344	534	379	611	678	1637	208	388	1867	566	172	540	1645	858	1764	296	204	1597	380	1787	614	216	1774	698	180	1900	189	164	12	922	1219	367	187	336	1368	192	1171	314	233	192	153	1190	1390	84	612	519	198	1758	240	423	2226	529	298	2740	1450	100	714	3986	36	1256	1262	467	1401	98	502	1454	236	2294	94	179	1597	1225	2778	376	336	572	1801	611	2090	168	1913	572	1332	296	172	177	197	600	184	245	245	533	168	560	213	360	1076	2054	416	127	33	1800	1308	1187	223	249	291	187	1286	45	1262	265	1185	236	726	161	315	197	314	242	272	1644	2251	405	318	198	169	491	2312	367	899	641	159	1146	235	358	661	172	508	1022	445	331	279	142	1041	678	262	293	232	331	2220	608	232	1172
586	329	367	914	742	630	1346	362	394	681	597	362	280	652	659	379	489	658	1192	957	545	347	416	600	193	991	607	2291	95	849	628	0	403	593	347	630	735	1010	425	16	12	1342	731	482	721	425	726	533	718	612	528	939	320	946	1123	379	2450	713	888	3	524	731	674	357	548	403	645	630	1827	1291	842	437	468	644	65	2250	707	363	1375	168	486	528	1023	347	1174	498	762	1028	481	1204	638	841	2342	1131	629	1619	733	605	631	305	591	471	481	926	845	766	548	454	423	728	519	566	769	682	21	112	726	1158	407	845	1851	110	492	2141	1269	528	716	3466	664	865	638	706	2028	531	466	830	862	1666	536	632	1028	991	2182	585	371	587	2408	622	1561	599	1532	587	1450	731	637	676	501	672	726	414	714	437	599	934	709	956	1078	1655	658	547	661	2365	899	726	585	567	721	624	919	668	638	892	1805	706	355	615	339	693	454	419	490	1036	1855	807	392	759	595	432	1687	471	1473	181	605	526	584	635	68	486	511	716	368	928	621	583	448	65	680	724	596	928	1808	648	596	550
185	721	424	1052	792	233	1069	77	582	283	428	421	123	304	320	430	207	286	1086	1350	904	565	67	348	290	952	250	2467	325	513	301	403	0	496	565	308	333	770	336	402	413	1573	337	396	533	64	474	224	999	208	232	556	428	691	1133	433	2055	1116	774	407	597	337	301	406	910	0	246	303	1717	947	439	247	123	385	436	1927	310	87	1566	421	266	283	1420	565	1578	395	372	1429	133	1496	385	508	2076	738	409	1627	473	381	310	708	980	116	277	536	1069	380	910	65	78	473	151	932	1125	381	395	292	475	1561	87	675	1937	293	391	2452	1196	230	488	3684	329	958	1036	638	1655	237	532	1225	527	2047	245	409	1429	952	2489	212	37	331	2095	375	1790	205	1621	331	1191	541	409	282	114	392	466	68	499	539	206	547	311	568	874	1760	286	181	333	2101	1009	885	405	411	533	409	991	347	1036	553	1420	304	636	386	79	296	65	68	369	1365	1958	647	17	370	201	505	2077	116	1201	359	378	882	413	247	413	266	562	730	428	541	219	199	762	436	276	535	420	541	1925	386	420	911
588	882	849	623	331	633	1527	555	955	659	923	845	482	766	786	859	310	445	613	1277	795	404	564	227	408	456	712	2015	597	956	777	593	496	0	404	786	661	1253	182	607	605	1188	712	874	1030	561	964	715	737	567	726	632	297	1172	638	861	2281	1171	1269	595	1033	712	735	832	806	496	528	778	2213	1348	725	249	397	237	564	2322	680	419	1144	731	762	241	1359	404	1597	877	753	1498	397	1187	227	955	2522	831	905	1130	961	878	788	790	934	409	771	885	721	772	806	465	575	962	626	832	970	861	605	556	966	1557	582	1172	1450	538	872	2132	710	724	211	3251	796	505	1016	1123	1971	731	966	1175	971	1890	739	906	1498	456	2163	432	474	234	2500	217	1393	627	1138	234	879	1038	905	676	581	275	955	565	995	956	627	646	677	917	491	1282	445	650	804	2548	563	502	901	904	1030	906	522	820	1016	990	1712	653	945	882	534	674	465	565	853	1125	1476	1144	482	755	624	933	1948	409	1658	414	874	773	908	481	541	762	1005	256	853	898	543	641	617	564	605	1032	916	898	1449	242	916	805
737	530	708	567	417	788	1619	572	739	833	899	703	465	868	882	720	509	704	917	882	400	0	614	542	285	690	814	1956	414	1076	858	347	565	404	0	863	866	1299	331	364	354	1025	890	802	1024	618	1002	768	434	742	770	960	151	1226	795	721	2579	769	1217	346	872	890	866	696	409	565	741	860	2165	1513	960	419	549	576	287	2492	859	483	1040	516	760	497	962	0	1193	814	928	1095	559	930	567	1071	2625	1165	915	1282	1005	888	865	412	530	559	761	1088	518	940	409	581	624	1003	715	435	598	930	368	395	1003	1154	618	1157	1503	376	808	1887	971	769	600	3148	889	521	612	1040	2210	775	812	775	1090	1531	782	917	1095	690	1924	651	528	536	2659	551	1243	765	1185	536	1275	1033	919	838	679	615	998	613	1006	784	766	966	859	1121	880	1307	704	745	891	2650	552	378	883	872	1024	911	578	903	612	1118	1967	844	677	896	543	847	581	616	800	807	1507	1122	548	927	761	778	1577	559	1750	223	886	377	885	710	279	760	857	412	710	1095	735	763	225	287	804	1026	896	1095	1461	582	896	409
215	896	438	1360	1095	192	760	292	617	212	235	438	399	50	39	435	476	426	1339	1584	1170	863	250	596	579	1234	80	2775	536	219	10	630	308	786	863	0	272	467	640	623	636	1880	211	307	282	248	185	98	1295	255	103	590	733	386	1423	438	1841	1307	536	634	541	211	113	425	1174	308	325	10	1442	661	352	543	388	620	682	1632	217	396	1874	566	169	550	1646	863	1764	290	210	1596	389	1792	624	212	1767	706	171	1909	179	155	1	924	1221	376	184	340	1374	198	1174	322	239	182	161	1193	1394	75	614	522	188	1759	245	413	2235	532	293	2745	1460	102	724	3993	37	1264	1263	458	1399	99	496	1455	232	2296	95	169	1596	1234	2784	386	343	581	1796	620	2097	178	1921	581	1341	286	162	186	205	610	174	251	235	529	178	569	222	363	1086	2063	426	135	30	1793	1316	1194	215	241	282	178	1295	39	1263	262	1184	246	723	152	320	206	322	248	267	1648	2259	395	326	205	179	487	2314	376	892	646	151	1149	227	368	664	169	502	1031	442	334	289	152	1045	682	271	283	224	334	2228	618	224	1176
150	1046	662	1278	991	114	884	378	841	67	507	661	456	223	241	663	373	222	1139	1682	1229	866	325	438	613	1074	208	2676	653	327	263	735	333	661	866	272	0	663	568	734	745	1831	71	560	547	315	436	298	1296	126	316	317	717	582	1273	666	1725	1447	797	739	796	71	160	646	1236	333	134	262	1660	687	107	463	316	445	769	1663	55	393	1801	730	402	424	1752	866	1909	547	103	1756	307	1786	452	331	1865	446	443	1738	425	427	274	1040	1312	306	419	227	1338	125	1236	292	321	432	239	1258	1447	324	726	623	440	1893	341	666	2094	625	547	2743	1269	313	536	3912	250	1165	1369	731	1345	316	743	1558	340	2375	319	442	1756	1074	2779	232	367	428	1839	456	2042	148	1789	428	1080	550	434	88	239	421	424	327	498	768	147	296	50	260	858	1936	222	222	265	1892	1223	1134	486	510	547	451	1184	280	1369	351	1100	32	925	425	398	67	292	322	520	1673	2127	655	345	107	151	727	2407	306	1012	680	423	1207	498	179	745	402	756	917	667	238	130	174	1078	769	62	549	496	238	2104	441	496	1237
672	1192	687	1820	1561	635	342	736	816	629	414	691	840	490	469	677	944	868	1793	1910	1553	1299	706	1057	1014	1700	542	3236	917	339	476	1010	770	1253	1299	467	663	0	1105	998	1012	2324	592	538	292	706	298	546	1718	704	539	945	1182	82	1891	679	1691	1588	304	1014	656	592	531	687	1555	770	765	475	998	438	680	1010	855	1078	1072	1267	618	856	2329	889	539	1016	1959	1299	2017	519	561	1829	856	2212	1083	333	1331	977	385	2374	297	411	465	1262	1571	843	538	544	1817	538	1555	790	695	298	628	1570	1774	392	990	919	297	2028	695	213	2702	935	526	3151	1918	541	1179	4445	458	1728	1594	422	1171	534	660	1780	328	2628	527	382	1829	1700	3193	843	801	1044	1412	1081	2542	633	2389	1044	1725	283	379	605	673	1063	304	706	296	707	633	919	622	537	1521	2530	868	603	449	1355	1779	1648	425	444	292	389	1761	433	1594	328	1028	651	951	403	763	616	790	705	522	2047	2726	247	787	556	635	676	2629	843	464	1076	412	1535	427	812	1061	539	631	1498	689	526	735	614	1455	1072	694	290	414	526	2694	1076	414	1557
464	733	667	723	455	514	1396	384	774	549	754	662	303	628	647	676	195	381	796	1209	728	331	402	213	233	631	573	2136	417	830	632	425	336	182	331	640	568	1105	0	437	437	1264	606	696	866	401	810	560	738	455	569	629	183	1026	802	678	2258	1058	1099	426	850	606	608	650	738	336	436	634	2048	1246	652	105	263	251	405	2227	574	251	1243	552	594	167	1287	331	1501	701	647	1385	268	1221	242	827	2400	835	743	1300	809	715	642	657	848	275	602	796	769	663	738	319	413	809	479	763	928	714	434	376	812	1469	417	1008	1600	359	696	2177	892	567	299	3360	656	623	924	947	1909	574	783	1097	844	1861	581	744	1385	631	2212	339	308	206	2400	225	1477	499	1284	206	1027	874	744	561	435	288	803	402	835	773	500	635	572	829	653	1424	381	506	662	2426	676	568	733	733	866	743	655	677	924	868	1659	552	770	721	361	565	319	403	678	1124	1621	978	320	648	496	751	1908	275	1528	254	712	706	739	397	380	594	822	394	670	806	439	508	556	405	507	868	747	806	1588	256	747	737
584	324	351	931	758	627	1334	359	377	679	584	346	280	645	652	363	495	662	1207	963	556	364	413	609	204	1007	602	2307	87	841	620	16	402	607	364	623	734	998	437	0	14	1358	728	468	708	422	715	525	733	611	520	942	336	934	1140	363	2445	714	873	18	508	728	668	342	559	402	645	623	1811	1282	841	446	471	653	81	2240	705	366	1391	151	476	536	1028	364	1175	485	758	1027	484	1218	647	833	2329	1133	618	1635	722	594	623	308	598	474	471	922	861	761	559	455	419	717	515	576	779	673	8	110	715	1160	403	831	1868	110	478	2153	1284	520	727	3481	656	882	643	690	2021	523	449	835	854	1673	528	620	1027	1007	2195	588	371	595	2397	631	1576	595	1549	595	1461	718	626	673	498	681	715	411	702	420	596	937	706	952	1090	1672	662	542	653	2352	916	743	572	554	708	612	936	660	643	884	1799	704	340	603	336	690	455	416	477	1048	1872	793	392	755	592	416	1693	474	1461	196	594	537	571	637	85	476	494	732	352	923	621	579	462	81	679	711	583	923	1825	656	583	561
595	317	364	921	751	639	1348	370	386	690	598	359	290	659	666	376	501	669	1203	950	542	354	424	612	205	1001	614	2295	100	855	634	12	413	605	354	636	745	1012	437	14	0	1344	740	482	723	433	730	539	719	621	533	950	331	948	1132	376	2458	703	886	10	519	740	681	355	545	413	655	636	1824	1296	852	449	479	656	68	2254	716	374	1379	162	490	540	1015	354	1165	499	770	1018	492	1204	650	847	2343	1142	632	1627	736	608	637	296	585	482	485	934	848	774	545	465	431	731	527	562	765	687	22	121	729	1148	415	845	1857	119	492	2139	1279	533	729	3468	670	873	631	703	2034	537	461	823	867	1659	542	635	1018	1001	2180	596	381	599	2411	634	1563	607	1539	599	1462	732	640	685	510	685	729	422	716	431	608	945	718	964	1090	1661	669	555	667	2367	906	732	587	568	723	626	927	674	631	898	1812	715	344	618	348	701	465	427	491	1034	1861	807	402	767	603	428	1680	482	1475	192	608	523	585	645	75	490	506	726	365	935	631	591	448	68	689	725	598	935	1814	660	598	547
