NAME : VRPTW_INSTANCE_111.txt
COMMENT : Bangkok Supermarket
TYPE : VRPTW
DIMENSION : 309
DAYS : Friday
EDGE_WEIGHT_TYPE : EXPLICIT
VEHICLES : 39
EDGE_WEIGHT_FORMAT : FULL_MATRIX
CAPACITY : 1000
EDGE_WEIGHT_SECTION
0	568	202	368	265	184	307	1994	1137	1942	1994	113	223	599	1935	217	397	539	14	1263	993	316	37	170	1743	231	306	631	947	3006	552	1486	539	314	29	1741	1080	1116	1883	447	1213	977	619	358	481	373	1213	2065	599	1265	165	1803	216	118	1844	1120	1215	165	533	214	1019	907	458	89	1142	891	193	1480	367	506	1218	308	1126	193	394	328	343	3087	91	548	178	62	1389	1509	228	474	216	173	25	2155	190	165	1357	759	434	582	586	406	1550	118	566	211	481	995	2119	982	78	305	1101	1426	980	1727	2235	244	213	814	1444	1471	89	288	3146	330	415	1643	214	152	379	737	1091	674	474	1116	379	421	401	1049	1426	527	589	507	1648	217	219	979	152	495	307	135	538	3084	1089	412	404	1130	530	82	410	26	185	97	2255	351	722	401	373	253	605	411	1905	152	498	607	420	206	314	677	441	212	102	549	464	308	2037	306	983	491	737	393	401	489	1439	379	474	668	367	582	1973	408	314	437	1058	422	284	992	353	127	196	2142	647	309	192	373	948	101	170	371	85	1234	563	348	85	277	1492	79	153	1731	1244	1220	404	1756	373	314	386	155	425	1606	349	309	404	492	46	315	3299	1904	1606	284	213	246	135	1910	946	539	131	1187	153	152	140	415	85	2167	304	284	838	2341	76	119	206	889	418	305	541	352	97	246	815	488	675	261	309	1788	439	312	698	206	122	1727	153	601	148	254	962	364	139	22	1124	464	1761	1770	1905	1685	1144	1144	510	1615	1360	350	1079	1929	217
568	0	740	580	551	387	422	1430	581	1819	1430	674	599	69	2363	785	920	319	575	1455	1145	780	569	673	1199	580	435	541	1011	2881	1097	1193	45	469	595	1196	604	1227	1478	122	839	1131	767	901	663	587	1049	1909	69	702	404	1256	597	636	1647	1454	1072	404	42	497	1384	354	763	553	629	329	501	1284	791	689	727	442	1238	501	580	561	699	2933	619	316	392	556	1739	1024	341	789	501	397	592	1969	738	404	1726	740	206	606	54	525	1031	636	1079	496	672	557	1954	1529	603	439	1461	1233	1527	1396	1703	781	595	261	1793	2002	553	445	3104	539	631	1086	501	659	578	401	1659	932	989	1671	601	787	577	857	1257	1064	30	943	1764	785	498	782	659	74	860	578	321	2997	1322	548	665	1123	313	612	667	592	596	662	2156	561	996	577	587	805	137	535	2099	659	1060	1159	611	596	762	1144	525	658	632	299	455	438	1469	435	742	669	401	690	689	91	1465	601	989	160	508	22	1559	641	762	876	566	613	497	901	913	695	481	1574	1213	271	472	587	797	665	673	603	616	1133	40	569	616	473	1293	610	435	1769	713	1535	841	1496	815	469	623	417	445	1038	898	429	522	672	597	451	3078	2190	1039	497	499	814	578	1558	1015	319	585	642	709	659	702	631	616	1648	438	497	367	2003	628	682	392	1457	518	439	720	570	662	814	636	113	977	311	439	1307	432	436	388	392	678	1396	435	601	503	821	446	594	706	574	612	455	1876	2084	1380	1295	588	630	291	1265	1728	563	581	1361	785
202	740	0	354	273	356	386	2171	1319	2116	2171	97	201	780	1735	155	388	637	189	1372	886	393	183	76	1931	223	378	661	876	3174	487	1685	716	366	190	1929	1278	1255	2086	618	1416	1111	779	162	437	356	1402	2244	780	1419	342	1991	196	246	2031	946	1402	342	709	276	838	1089	355	187	1336	1069	387	1670	215	454	1415	376	1265	387	381	324	478	3260	231	646	352	187	1206	1708	403	360	274	347	177	2338	22	342	1170	941	575	769	766	422	1745	246	363	275	432	1196	2299	791	235	375	920	1615	788	1927	2428	266	197	996	1261	1274	187	359	3295	515	584	1825	273	266	366	940	943	795	271	930	354	292	581	1244	1613	328	764	326	1528	155	279	1176	266	672	121	168	635	3244	1192	417	561	1296	629	229	567	192	175	114	2422	348	832	581	356	68	794	422	1757	266	401	418	593	190	160	479	631	343	230	653	663	378	2207	378	1182	445	940	316	327	669	1591	354	271	856	393	757	2176	573	160	262	1254	595	476	1177	179	119	395	2304	481	499	391	356	1140	169	76	543	228	1414	742	340	228	334	1682	228	354	1635	1435	1284	235	1951	206	366	553	327	478	1766	157	383	422	445	207	376	3483	1731	1765	476	274	175	168	2111	874	637	160	1374	60	266	82	584	228	2362	375	476	1034	2540	201	96	407	749	438	375	481	343	114	173	1013	646	778	429	378	1988	497	382	788	407	83	1927	354	789	242	178	1154	342	98	185	1318	663	1883	1591	2099	1887	1326	1338	616	1817	1173	346	1275	2099	155
368	580	354	0	103	331	165	1960	1145	2244	1960	375	160	642	1782	496	725	348	358	1628	650	679	332	284	1762	143	151	310	582	3315	840	1711	577	116	388	1760	1181	1468	2045	476	1388	1334	963	463	118	7	1488	2357	642	1170	338	1817	166	484	2118	881	1499	338	566	166	805	927	182	278	1209	893	520	1749	255	146	1307	144	1478	520	27	40	709	3386	457	357	335	306	1164	1604	355	209	163	334	366	2436	370	338	1148	1064	374	887	625	79	1609	484	564	170	121	1123	2408	1031	446	148	883	1695	1028	1934	2271	581	167	836	1219	1469	278	149	3480	659	759	1635	165	517	12	909	1262	1039	490	1185	21	219	731	1308	1705	584	610	386	1306	496	161	1233	517	535	454	239	345	3405	1456	66	758	1455	344	449	763	386	197	378	2568	22	1088	731	7	414	686	75	1593	517	755	696	757	176	257	588	746	581	466	370	737	148	1980	151	1218	128	909	113	110	547	1778	21	490	733	74	602	2129	756	257	330	1145	760	601	1286	514	416	512	2054	795	455	501	7	1218	436	284	714	451	1533	600	20	451	131	1760	446	418	1372	1290	1587	301	2001	286	116	732	324	163	1520	472	157	81	130	411	133	3571	1639	1518	601	166	521	239	2107	582	348	246	1213	376	517	389	759	451	2222	149	601	938	2549	435	382	448	1078	95	148	183	16	378	519	1066	467	1042	350	146	1887	183	148	474	448	363	1934	418	899	229	526	1027	17	406	349	1193	737	2120	1522	1954	1856	1151	1210	344	1810	1150	21	1161	1871	496
265	551	273	103	0	246	135	1961	1129	2157	1961	279	72	607	1820	404	629	374	255	1525	744	577	230	198	1748	50	123	391	684	3226	754	1642	541	99	285	1745	1141	1368	1993	437	1330	1233	864	405	218	108	1406	2272	607	1184	249	1804	77	381	2037	941	1415	249	530	73	855	905	236	175	1178	876	421	1669	240	245	1271	118	1379	421	129	63	606	3300	354	384	249	203	1221	1568	278	260	69	247	263	2354	286	249	1200	974	354	796	591	152	1583	381	541	76	219	1075	2324	1005	343	119	936	1615	1002	1870	2254	483	76	812	1277	1461	175	108	3385	561	660	1628	70	415	113	848	1206	936	458	1156	115	240	634	1229	1622	545	580	392	1401	404	69	1155	415	496	385	138	372	3314	1353	152	657	1361	368	346	663	283	102	280	2478	87	986	634	108	339	642	154	1679	415	674	653	659	84	220	593	653	478	364	393	650	122	1988	123	1144	228	848	160	164	504	1682	115	458	695	119	572	2079	656	220	325	1108	662	505	1199	446	319	415	2071	739	384	404	108	1136	335	198	615	348	1445	565	83	348	79	1680	343	324	1472	1265	1484	290	1927	267	99	632	234	205	1534	410	130	152	230	309	114	3492	1710	1533	505	72	431	138	2046	684	374	146	1193	285	415	296	660	348	2200	120	505	894	2486	332	287	359	1016	167	119	281	86	280	430	988	442	939	281	120	1852	224	124	519	359	269	1870	324	809	128	436	994	100	312	246	1161	650	2019	1587	1932	1801	1136	1179	360	1749	1202	86	1126	1879	404
184	387	356	331	246	0	196	1817	963	1913	1817	287	257	424	2045	401	568	379	190	1329	981	458	182	294	1575	248	203	515	902	2983	732	1398	361	230	212	1572	930	1151	1763	265	1095	1023	644	518	449	338	1159	2027	424	1080	20	1634	253	274	1790	1184	1169	20	354	173	1094	733	482	170	982	714	214	1422	450	477	1065	209	1162	214	349	293	433	3055	252	386	7	169	1463	1361	46	505	177	11	206	2108	352	20	1438	733	254	556	410	331	1391	274	708	170	452	854	2078	1147	235	204	1175	1368	1145	1629	2072	418	250	639	1518	1628	170	193	3150	340	446	1469	176	305	337	612	1274	746	617	1286	350	475	411	982	1376	684	409	605	1636	401	177	908	305	316	474	205	378	3074	1166	347	455	1125	368	243	460	209	238	274	2236	309	803	411	338	418	439	340	1924	305	683	774	440	247	409	795	416	334	265	384	405	206	1856	203	898	458	612	406	411	313	1452	350	617	500	294	403	1851	446	409	533	903	442	281	955	526	309	201	1959	825	149	188	338	889	285	294	403	248	1201	386	311	248	202	1433	240	104	1694	1080	1328	497	1681	467	230	422	29	312	1422	513	202	328	460	220	220	3245	1956	1422	281	174	431	205	1807	902	379	210	1017	322	305	315	446	248	2009	203	281	684	2245	252	295	118	1073	338	204	514	315	274	431	741	303	764	77	208	1642	319	209	535	118	290	1629	104	568	139	438	800	336	319	187	964	405	1808	1832	1744	1568	970	984	345	1511	1441	310	923	1749	401
307	422	386	165	135	196	0	1826	996	2094	1826	363	198	480	1942	493	701	251	303	1524	798	620	281	309	1614	176	13	327	708	3165	844	1547	415	48	334	1612	1019	1347	1880	313	1222	1219	841	531	270	172	1333	2204	480	1050	209	1670	199	423	1960	1046	1345	209	404	110	968	774	344	232	1051	743	407	1591	375	299	1146	20	1358	407	173	140	618	3233	396	260	201	254	1329	1443	206	370	111	203	316	2280	393	209	1312	922	220	747	464	139	1453	423	676	112	276	958	2254	1140	381	17	1047	1537	1137	1770	2121	549	198	681	1384	1597	232	27	3341	537	642	1493	112	457	166	745	1328	939	593	1289	186	365	607	1150	1550	677	451	524	1449	493	107	1075	457	372	504	222	249	3260	1359	158	649	1316	243	387	654	331	212	359	2421	143	994	607	172	454	522	149	1749	457	774	783	637	202	355	726	610	505	408	267	590	16	1852	13	1057	279	745	269	269	383	1646	186	593	571	105	443	1965	642	355	459	984	639	477	1138	564	400	395	1937	863	296	383	172	1063	400	309	598	391	1384	439	150	390	56	1602	384	297	1500	1135	1512	425	1839	402	48	618	201	120	1399	534	7	136	281	353	32	3412	1803	1398	477	112	522	222	1942	709	251	231	1061	382	457	386	642	390	2069	16	477	774	2384	383	372	314	1135	143	17	335	152	359	521	909	310	953	192	18	1727	132	16	404	314	358	1770	297	757	163	528	867	177	399	295	1034	590	2004	1687	1801	1691	1002	1052	231	1645	1314	145	1001	1743	493
1994	1430	2171	1960	1961	1817	1826	0	860	2052	0	2103	2019	1395	3690	2207	2305	1616	2003	2393	2324	2146	1998	2103	350	1998	1838	1761	2143	2842	2488	1353	1456	1867	2019	352	1015	2126	1065	1553	1150	2123	1918	2332	2003	1965	1604	2032	1395	808	1833	297	2018	2045	1772	2747	1649	1833	1463	1919	2710	1088	2135	1984	910	1103	1887	1610	2201	2021	894	1843	2133	1887	1950	1954	2028	2810	2033	1607	1822	1987	3020	748	1770	2161	1922	1827	2019	1995	2168	1833	3027	1739	1609	1749	1408	1887	598	2045	2501	1918	2014	1125	2040	2958	2017	1842	2775	1602	2956	1299	490	2183	2016	1180	3070	3423	1984	1853	3239	1860	1905	362	1922	2062	1954	1373	3077	2111	2415	3102	1978	2179	1856	1516	1661	2493	1407	2345	2768	2207	1918	1503	2062	1500	2291	2008	1618	3035	2350	1908	1952	1896	1618	2027	1951	2017	2021	2090	2340	1946	2169	1856	1965	2235	1395	1895	3163	2062	2469	2589	1881	2019	2180	2548	1777	2039	2045	1592	1696	1840	126	1838	1431	2006	1373	2073	2069	1505	2136	1978	2415	1330	1886	1414	1058	1921	2180	2284	1009	1881	1845	1686	2343	2121	1868	325	2641	1686	1863	1965	1576	2086	2103	1902	2031	1746	1431	1955	2031	1881	1608	2025	1850	2658	792	2621	2250	1538	2228	1867	1916	1846	1798	485	2328	1831	1884	2008	2018	1850	2747	3366	492	1845	1921	2235	2008	1286	2149	1616	2015	821	2139	2062	2131	1905	2031	552	1841	1845	1201	1568	2046	2111	1800	2874	1874	1842	2040	1955	2090	2235	1527	1528	2182	1742	1841	709	1780	1837	1527	1800	2108	1299	1850	1727	1932	2242	1060	1977	2133	2002	927	1696	2576	3302	442	1083	853	906	1616	1206	3027	1948	983	151	2207
1137	581	1319	1145	1129	963	996	860	0	1694	860	1247	1180	539	2920	1347	1446	822	1145	1686	1622	1290	1143	1253	618	1161	1009	1011	1459	2689	1629	957	602	1041	1161	616	289	1422	1048	703	590	1380	1107	1481	1209	1151	1012	1740	539	341	978	675	1179	1184	1457	1992	1052	978	610	1079	1934	229	1326	1132	190	253	1027	1151	1370	1232	292	1015	1432	1027	1140	1132	1177	2709	1173	814	967	1133	2274	525	916	1353	1082	972	1161	1762	1315	978	2269	964	776	930	553	1079	479	1184	1660	1078	1219	371	1772	2110	1157	1013	2007	1116	2107	1075	1126	1323	1176	323	2327	2584	1132	1021	2991	1007	1062	506	1082	1202	1141	549	2217	1300	1571	2249	1165	1360	1011	854	1163	1645	556	1520	2175	1347	1079	808	1202	647	1437	1159	825	2841	1603	1102	1108	1231	821	1167	1107	1158	1178	1233	2029	1128	1363	1011	1151	1382	534	1089	2545	1202	1609	1737	1038	1178	1343	1723	934	1180	1185	797	851	1011	913	1009	735	1214	549	1258	1256	650	1540	1165	1571	470	1071	563	1112	1077	1343	1455	247	1038	988	992	1488	1263	1008	1046	1784	828	1002	1151	867	1227	1253	1054	1171	1144	577	1136	1171	1050	1155	1165	991	2126	176	1860	1420	1252	1395	1041	1069	992	992	546	1476	1002	1076	1216	1159	1023	2779	2686	551	988	1081	1375	1159	1190	1463	822	1166	82	1284	1202	1275	1062	1171	1080	1012	988	361	1620	1187	1254	940	2013	1069	1013	1257	1137	1233	1375	763	687	1366	890	1013	790	975	1009	782	940	1252	1075	991	911	1085	1382	220	1161	1276	1145	191	851	1990	2596	811	907	7	185	812	937	2270	1130	229	811	1347
1942	1819	2116	2244	2157	1913	2094	2052	1694	0	2052	2021	2148	1753	3802	2007	1880	2125	1956	1035	2892	1764	1977	2110	1720	2146	2105	2342	2795	1070	1992	748	1788	2137	1940	1718	1413	947	1027	1849	1104	1086	1340	2224	2361	2252	770	156	1753	2033	1908	1761	2141	1870	281	3061	751	1908	1800	2084	2955	1693	2387	2016	1504	1742	1751	549	2309	2390	1413	2112	941	1751	2261	2207	1646	1144	1886	2125	1910	1993	3323	1352	1890	2407	2088	1911	1960	289	2096	1908	3284	1185	1971	1363	1765	2233	1511	1870	2437	2081	2365	1368	214	2689	1885	2107	3037	593	2690	754	1825	1895	2139	1714	3378	3163	2016	2100	1302	1611	1532	1808	2086	1851	2250	1418	2511	1381	2358	2751	2264	2362	1541	962	562	2363	1795	2442	3543	2007	2089	1037	1851	1809	2167	2067	2127	1178	1169	2252	1556	824	2117	1890	1549	1940	2116	2006	339	2222	1377	1541	2252	2133	1682	2243	3836	1851	2066	2380	1524	2133	2255	2582	1506	1775	1886	2109	1507	2108	2175	2105	1077	2370	1418	2314	2319	1784	615	2264	2358	1679	2199	1800	1076	1543	2255	2375	1462	1522	1661	957	2172	1998	1752	2374	2320	1799	1760	2252	1034	1947	2110	1574	1890	711	1780	2225	1890	2114	543	1891	1835	3577	1564	1359	2344	514	2312	2137	1563	1923	2185	2107	2204	2102	2230	2372	1918	2124	1387	3845	2116	1661	2085	2013	2067	816	2796	2125	2066	1634	2056	1851	2034	1532	1890	1695	2106	1661	1519	886	1917	2020	1798	2357	2236	2107	2426	2228	2006	2015	1194	1900	1435	1901	2110	1348	2182	2110	2205	1798	2036	754	1835	1348	2034	2017	1561	2250	2020	1964	1503	1507	776	3708	1628	968	1696	1509	2091	850	3288	2223	1473	2133	2007
1994	1430	2171	1960	1961	1817	1826	0	860	2052	0	2103	2019	1395	3690	2207	2305	1616	2003	2393	2324	2146	1998	2103	350	1998	1838	1761	2143	2842	2488	1353	1456	1867	2019	352	1015	2126	1065	1553	1150	2123	1918	2332	2003	1965	1604	2032	1395	808	1833	297	2018	2045	1772	2747	1649	1833	1463	1919	2710	1088	2135	1984	910	1103	1887	1610	2201	2021	894	1843	2133	1887	1950	1954	2028	2810	2033	1607	1822	1987	3020	748	1770	2161	1922	1827	2019	1995	2168	1833	3027	1739	1609	1749	1408	1887	598	2045	2501	1918	2014	1125	2040	2958	2017	1842	2775	1602	2956	1299	490	2183	2016	1180	3070	3423	1984	1853	3239	1860	1905	362	1922	2062	1954	1373	3077	2111	2415	3102	1978	2179	1856	1516	1661	2493	1407	2345	2768	2207	1918	1503	2062	1500	2291	2008	1618	3035	2350	1908	1952	1896	1618	2027	1951	2017	2021	2090	2340	1946	2169	1856	1965	2235	1395	1895	3163	2062	2469	2589	1881	2019	2180	2548	1777	2039	2045	1592	1696	1840	126	1838	1431	2006	1373	2073	2069	1505	2136	1978	2415	1330	1886	1414	1058	1921	2180	2284	1009	1881	1845	1686	2343	2121	1868	325	2641	1686	1863	1965	1576	2086	2103	1902	2031	1746	1431	1955	2031	1881	1608	2025	1850	2658	792	2621	2250	1538	2228	1867	1916	1846	1798	485	2328	1831	1884	2008	2018	1850	2747	3366	492	1845	1921	2235	2008	1286	2149	1616	2015	821	2139	2062	2131	1905	2031	552	1841	1845	1201	1568	2046	2111	1800	2874	1874	1842	2040	1955	2090	2235	1527	1528	2182	1742	1841	709	1780	1837	1527	1800	2108	1299	1850	1727	1932	2242	1060	1977	2133	2002	927	1696	2576	3302	442	1083	853	906	1616	1206	3027	1948	983	151	2207
113	674	97	375	279	287	363	2103	1247	2021	2103	0	215	709	1832	129	350	611	102	1295	956	319	105	104	1855	232	358	668	931	3080	481	1588	647	356	95	1853	1193	1168	1993	552	1322	1025	686	246	475	378	1304	2148	709	1365	270	1915	208	151	1934	1040	1304	270	640	255	934	1017	418	134	1255	1000	290	1572	297	496	1331	359	1178	290	403	339	388	3165	134	620	282	121	1303	1622	333	428	255	277	87	2241	81	270	1267	844	526	671	695	431	1664	151	457	253	472	1108	2202	869	137	357	1016	1518	867	1831	2348	207	207	924	1358	1358	134	339	3206	417	488	1754	253	176	387	849	989	712	366	1003	380	366	484	1146	1516	414	696	420	1605	129	259	1078	176	603	194	144	609	3152	1117	431	467	1202	602	132	474	97	178	16	2328	364	753	484	378	140	717	434	1844	176	412	494	497	199	241	576	534	252	135	624	566	360	2144	358	1085	484	849	366	376	598	1500	380	366	780	396	690	2083	478	241	354	1171	499	379	1079	240	40	298	2246	538	420	296	378	1043	76	104	446	131	1318	672	358	131	320	1584	131	266	1702	1357	1223	325	1853	294	356	457	257	471	1709	236	363	431	485	110	362	3386	1825	1709	379	253	158	144	2015	930	611	135	1299	40	176	27	488	131	2280	356	379	951	2443	104	8	319	789	446	357	528	361	16	157	916	588	701	364	360	1901	488	364	767	319	16	1831	266	692	202	164	1075	367	35	101	1237	566	1802	1687	2018	1793	1254	1257	585	1721	1270	362	1192	2036	129
223	599	201	160	72	257	198	2019	1180	2148	2019	215	0	650	1789	336	565	444	211	1486	770	524	186	127	1798	22	187	461	726	3215	684	1654	584	169	238	1795	1177	1338	2020	480	1353	1200	839	334	263	163	1405	2267	650	1247	254	1855	7	333	2037	929	1411	254	574	101	837	954	239	136	1220	927	399	1670	196	286	1309	184	1349	399	187	125	566	3292	307	454	257	162	1206	1606	297	258	97	255	215	2352	214	254	1181	963	409	784	634	221	1627	333	482	102	261	1106	2319	943	299	184	919	1615	940	1887	2302	422	9	860	1262	1405	136	170	3364	541	634	1682	98	365	172	869	1135	897	396	1091	165	219	614	1232	1621	479	626	351	1426	336	101	1159	365	539	313	88	442	3298	1311	219	626	1344	437	299	632	237	38	218	2465	150	944	614	163	266	679	222	1691	365	602	585	636	17	163	548	641	433	315	462	647	187	2048	187	1153	272	869	170	178	544	1659	165	396	735	191	619	2107	628	163	280	1147	638	488	1192	374	256	396	2134	668	404	388	163	1136	278	127	589	301	1437	609	143	301	142	1682	297	314	1508	1311	1432	244	1935	217	169	605	237	277	1597	339	194	222	273	263	182	3493	1706	1596	488	99	362	88	2065	725	444	92	1242	216	365	229	634	301	2245	184	488	930	2502	282	222	357	944	237	184	320	146	218	361	992	493	896	309	186	1889	296	190	591	357	203	1887	314	800	119	367	1036	151	246	202	1203	647	1985	1579	1978	1825	1187	1221	428	1768	1183	148	1165	1939	336
599	69	780	642	607	424	480	1395	539	1753	1395	709	650	0	2423	812	933	389	607	1415	1214	787	604	715	1152	633	494	610	1081	2814	1113	1124	65	528	624	1149	539	1182	1411	169	770	1090	735	942	728	648	984	1842	0	691	439	1211	648	656	1579	1519	1009	439	76	549	1447	309	824	593	571	292	510	1217	844	755	665	501	1193	510	643	621	695	2866	641	385	428	594	1803	963	377	850	553	433	624	1901	776	439	1789	691	271	568	16	590	977	656	1126	548	737	489	1887	1571	626	498	1524	1166	1569	1327	1653	799	645	215	1858	2049	593	503	3041	530	614	1045	552	677	640	335	1686	907	1035	1710	663	845	560	792	1191	1106	42	998	1833	812	550	718	677	110	898	622	391	2932	1287	613	652	1068	382	635	653	622	644	695	2091	622	972	560	648	842	71	600	2169	677	1082	1198	593	646	813	1197	500	667	654	368	425	497	1438	494	676	735	335	750	750	110	1410	663	1035	92	571	47	1492	625	813	929	503	594	494	843	949	726	490	1550	1246	292	482	648	736	692	715	591	639	1072	41	629	639	530	1226	633	457	1838	661	1508	894	1427	867	528	610	453	511	1018	937	488	586	737	624	511	3009	2258	1020	494	551	841	622	1489	1084	389	629	594	745	677	736	614	639	1594	497	494	299	1934	653	716	410	1483	584	498	786	631	695	841	576	178	957	351	498	1246	499	496	452	410	713	1327	457	561	549	848	387	655	738	607	554	425	1826	2151	1327	1227	546	572	360	1196	1791	623	520	1332	812
1935	2363	1735	1782	1820	2045	1942	3690	2920	3802	3690	1832	1789	2423	0	1812	1921	2098	1921	2894	1393	2042	1908	1769	3530	1802	1928	1930	1578	4825	1824	3421	2358	1894	1926	3528	2960	2874	3808	2255	3140	2727	2473	1599	1710	1776	3128	3940	2423	2882	2039	3582	1793	1971	3748	943	3123	2039	2347	1885	985	2708	1599	1888	2992	2672	2123	3395	1594	1687	3088	1922	2882	2123	1783	1802	2169	4929	1962	2106	2044	1902	682	3386	2086	1573	1881	2040	1911	4044	1751	2039	664	2662	2156	2497	2406	1842	3390	1971	1381	1887	1700	2895	3997	1143	1968	1925	915	3341	1141	3662	4042	1915	1795	2618	640	793	1888	1920	4869	2246	2299	3393	1882	1982	1785	2657	1468	2421	1468	1139	1761	1580	2307	2977	3334	1445	2392	1440	1293	1812	1883	2910	1982	2314	1657	1843	2096	4863	2716	1819	2267	2979	2098	1961	2273	1927	1806	1849	4080	1801	2431	2307	1776	1700	2462	1832	1040	1982	1740	1422	2313	1797	1637	1257	2364	2052	1958	2123	2398	1926	3688	1928	2917	1705	2657	1672	1673	2324	3223	1761	1468	2513	1855	2385	3896	2286	1637	1511	2926	2315	2211	2897	1640	1843	2130	3722	1489	2193	2126	1776	2872	1895	1769	2263	1959	3124	2381	1794	1959	1894	3408	1961	2078	1534	3071	2666	1547	3683	1577	1894	2269	2022	1928	3218	1616	1935	1845	1703	1943	1912	5186	680	3214	2211	1883	1801	1843	3844	1571	2098	1840	2991	1792	1982	1812	2299	1959	4000	1926	2211	2715	4275	1933	1830	2129	1533	1851	1925	1663	1792	1849	1799	2748	2249	2372	2097	1924	3670	1944	1927	2166	2129	1819	3662	2078	2519	1905	1796	2809	1768	1823	1915	2975	2398	3400	581	3731	3613	2925	2993	2107	3549	665	1800	2943	3581	1812
217	785	155	496	404	401	493	2207	1347	2007	2207	129	336	812	1812	0	233	740	212	1227	1040	252	224	212	1948	356	488	795	1031	3057	351	1620	754	485	190	1946	1273	1123	2044	664	1377	977	668	216	588	499	1316	2140	812	1482	383	2009	330	175	1938	1071	1311	383	748	384	958	1118	511	262	1342	1105	343	1583	367	606	1412	488	1133	343	523	462	361	3148	178	749	395	246	1320	1698	445	515	384	390	195	2238	134	383	1278	850	649	688	800	557	1749	175	432	382	584	1182	2195	794	192	486	1038	1529	792	1866	2435	118	329	1027	1374	1289	262	469	3164	442	487	1854	383	174	508	916	874	659	350	917	499	447	497	1170	1522	368	804	456	1678	0	389	1106	174	711	159	273	738	3121	1045	555	456	1183	731	183	462	192	302	135	2305	486	691	497	499	134	813	558	1896	174	284	422	502	321	315	574	561	241	168	752	609	489	2251	488	1121	597	916	470	481	703	1464	499	350	877	523	798	2136	474	315	401	1254	503	418	1085	173	94	357	2359	439	520	359	499	1063	120	212	452	178	1315	778	480	179	449	1595	184	356	1789	1448	1129	380	1872	354	485	457	372	600	1823	197	493	556	597	188	492	3383	1853	1823	418	383	29	273	2053	1030	740	264	1395	119	174	108	487	179	2362	486	418	1036	2474	160	121	407	672	572	486	635	483	135	29	950	705	635	478	489	1973	617	493	896	407	136	1866	356	710	331	36	1166	486	94	215	1324	609	1740	1708	2103	1843	1355	1345	714	1763	1282	485	1277	2145	0
397	920	388	725	629	568	701	2305	1446	1880	2305	350	565	933	1921	233	0	937	398	1029	1267	163	420	444	2024	583	698	1016	1264	2910	183	1573	883	701	368	2021	1327	959	2031	809	1379	812	570	399	820	728	1239	2020	933	1622	548	2086	558	293	1840	1257	1227	548	880	598	1138	1223	743	469	1411	1219	423	1501	595	840	1466	700	968	423	753	689	300	3009	316	945	561	446	1488	1737	604	746	599	556	384	2127	367	548	1439	782	822	650	924	781	1807	293	582	596	817	1227	2077	826	333	697	1216	1448	826	1824	2491	152	557	1137	1540	1319	469	679	2990	453	444	1945	597	264	737	957	790	500	520	919	729	676	478	1119	1432	498	935	662	1897	233	603	1065	264	846	354	492	936	2961	845	782	399	1059	927	325	403	371	528	349	2162	714	515	478	728	354	917	784	2096	264	199	500	466	549	545	739	557	267	302	946	627	700	2360	698	1095	830	957	704	714	831	1307	729	520	981	746	930	2124	427	545	617	1317	467	460	1005	329	309	443	2481	449	649	451	728	1010	301	444	427	320	1214	905	708	320	664	1513	328	490	2016	1525	904	601	1801	578	701	422	543	815	1952	377	702	780	830	353	705	3265	2028	1953	460	597	214	492	2014	1262	937	484	1484	351	264	336	444	320	2409	697	460	1107	2418	321	342	528	589	795	697	869	711	349	216	927	861	456	640	701	2001	831	704	1095	528	361	1824	490	675	538	212	1246	716	318	406	1393	627	1546	1877	2158	1829	1454	1415	907	1734	1443	713	1342	2256	233
539	319	637	348	374	379	251	1616	822	2125	1616	611	444	389	2098	740	937	0	539	1670	830	836	520	560	1432	421	259	221	692	3192	1089	1513	341	275	568	1430	907	1466	1786	278	1158	1351	971	779	390	352	1355	2221	389	822	398	1485	447	647	1962	1170	1375	398	329	361	1113	620	518	477	913	579	584	1597	599	411	1019	261	1477	584	335	349	806	3247	622	9	386	495	1453	1311	357	545	362	390	554	2284	644	398	1447	1000	164	840	374	272	1297	647	908	363	401	871	2267	1375	606	261	1185	1545	1372	1715	1943	784	445	537	1506	1817	477	278	3401	686	792	1299	364	680	340	716	1578	1102	830	1528	365	566	747	1163	1566	919	347	734	1444	740	358	1088	680	316	755	473	2	3302	1517	292	812	1395	10	613	816	565	462	604	2460	336	1163	747	352	705	454	279	1782	680	1023	1028	780	451	591	935	723	713	635	24	677	259	1633	259	1054	394	716	460	455	341	1735	365	830	478	276	341	1865	796	591	678	864	782	628	1188	815	645	567	1706	1113	384	555	352	1094	639	560	753	617	1429	354	346	617	303	1606	610	478	1454	979	1696	647	1815	629	275	774	399	184	1172	783	253	269	396	583	262	3397	1884	1170	628	363	769	473	1874	695	0	482	896	632	680	635	792	617	1902	261	628	681	2319	615	619	468	1386	258	261	435	346	604	768	933	225	1130	323	259	1592	164	255	158	468	606	1715	478	843	408	776	738	365	646	532	898	677	2124	1785	1633	1608	827	913	38	1583	1448	338	876	1524	740
14	575	189	358	255	190	303	2003	1145	1956	2003	102	211	607	1921	212	398	539	0	1274	981	323	25	156	1753	220	301	625	936	3020	551	1500	546	308	31	1750	1092	1128	1897	454	1226	989	632	347	471	364	1227	2079	607	1270	172	1813	204	125	1858	1106	1229	172	540	207	1005	916	445	80	1152	899	207	1495	353	496	1229	304	1139	207	385	318	355	3101	98	547	184	53	1375	1521	234	461	209	179	16	2169	178	172	1343	773	438	596	594	398	1561	125	553	204	470	1007	2133	972	88	300	1087	1440	970	1740	2245	246	202	823	1430	1460	80	283	3159	344	429	1652	207	160	369	750	1084	685	461	1106	369	408	415	1063	1440	515	596	493	1636	212	212	993	160	503	296	123	538	3098	1100	404	417	1143	529	90	423	28	173	87	2268	342	732	415	364	242	615	403	1892	160	495	596	433	194	300	664	455	222	109	549	478	304	2044	301	997	481	750	381	389	497	1452	369	461	677	360	590	1986	422	300	423	1069	436	298	1006	343	119	210	2149	638	318	206	364	962	99	156	385	93	1248	571	339	92	271	1506	87	164	1720	1255	1229	390	1770	359	308	399	160	420	1612	337	305	397	482	53	310	3313	1890	1612	298	206	241	123	1923	936	539	119	1197	141	160	129	429	92	2178	300	298	849	2354	80	108	218	883	411	300	531	342	87	241	829	493	685	267	304	1800	434	307	697	218	110	1740	164	615	142	248	972	354	130	9	1134	478	1773	1756	1916	1698	1153	1155	510	1629	1346	341	1090	1937	212
1263	1455	1372	1628	1525	1329	1524	2393	1686	1035	2393	1295	1486	1415	2894	1227	1029	1670	1274	0	2251	979	1299	1399	2047	1494	1529	1842	2210	1951	1079	1158	1411	1551	1247	2045	1424	267	1662	1414	1243	325	698	1424	1744	1633	811	1192	1415	1996	1314	2107	1478	1154	1127	2286	769	1314	1418	1464	2167	1549	1712	1352	1541	1579	1117	938	1587	1769	1517	1535	259	1117	1652	1587	919	2072	1179	1674	1323	1325	2514	1657	1331	1723	1467	1321	1270	1322	1350	1314	2463	739	1507	849	1419	1652	1796	1154	1609	1460	1744	1322	1250	1753	1186	1530	2245	910	1754	1368	2371	1109	1476	1510	2566	2193	1352	1516	1976	991	883	2051	1465	1123	1638	1166	1512	589	1549	1787	1641	1661	924	876	859	1523	1447	1682	2900	1227	1469	897	1123	1405	1375	1398	1670	1972	184	1663	874	501	1659	1186	869	1248	1447	1285	1236	1609	542	924	1633	1361	1353	1659	3122	1123	1175	1505	892	1468	1532	1768	948	1052	1172	1664	1005	1533	2490	1529	971	1754	1166	1653	1662	1378	430	1641	1549	1389	1613	1447	1748	882	1532	1628	1451	890	1050	709	1357	1260	1128	2665	1413	1285	1140	1633	828	1219	1399	926	1185	680	1418	1607	1185	1517	948	1189	1226	2994	1652	327	1606	1216	1578	1551	906	1323	1641	2225	1402	1529	1649	1755	1223	1545	2386	3055	2231	1050	1464	1220	1398	1537	2209	1670	1393	1671	1318	1123	1296	883	1185	2254	1529	1050	1352	1815	1206	1291	1216	1382	1661	1530	1805	1611	1285	1222	924	1479	594	1359	1534	1823	1648	1536	1805	1216	1311	1368	1226	855	1399	1221	1473	1626	1278	1284	1529	1005	517	2902	2074	1493	1692	1546	1632	1355	2467	1609	1474	2410	1227
993	1145	886	650	744	981	798	2324	1622	2892	2324	956	770	1214	1393	1040	1267	830	981	2251	0	1275	956	852	2203	765	787	616	184	3963	1317	2330	1159	755	1006	2201	1736	2109	2616	1073	1984	1971	1607	885	532	643	2131	3002	1214	1521	988	2249	777	1097	2757	472	2144	988	1146	815	498	1441	538	907	1735	1396	1165	2388	673	503	1845	780	2119	1165	632	689	1335	4031	1073	835	985	933	711	2131	1002	528	811	985	983	3077	909	988	734	1715	951	1537	1198	659	2101	1097	802	818	528	1701	3052	1134	1067	785	527	2334	1130	2540	2711	1152	780	1363	756	1392	907	792	4129	1306	1403	2053	813	1127	643	1524	1506	1665	803	1285	632	594	1379	1947	2348	882	1174	626	656	1040	810	1871	1127	1125	918	858	827	4056	2073	640	1397	2105	834	1066	1402	1005	808	966	3217	671	1708	1379	643	913	1274	649	956	1127	1211	977	1403	787	725	681	1396	1200	1079	853	1386	784	2311	787	1850	523	1524	600	592	1145	2426	632	803	1306	693	1167	2693	1398	725	655	1693	1406	1249	1935	959	993	1159	2334	1112	1095	1149	643	1862	1031	852	1358	1067	2182	1176	670	1067	779	2398	1064	1068	748	1790	2170	667	2627	689	755	1374	974	717	1843	906	791	663	521	1030	768	4206	1064	1838	1249	814	1054	858	2703	178	830	862	1701	937	1127	957	1403	1067	2686	786	1249	1510	3148	1045	961	1099	1381	658	785	466	666	966	1052	1706	1038	1657	991	782	2408	723	782	839	1099	941	2540	1068	1550	872	1056	1566	646	976	971	1721	1386	2754	981	2419	2438	1626	1735	854	2410	732	671	1703	2205	1040
316	780	393	679	577	458	620	2146	1290	1764	2146	319	524	787	2042	252	163	836	323	979	1275	0	349	423	1862	537	620	946	1248	2809	345	1421	740	631	293	1859	1164	871	1872	676	1217	724	432	464	788	684	1096	1900	787	1478	438	1924	517	198	1708	1324	1087	438	739	530	1210	1069	737	403	1250	1067	279	1361	608	811	1302	623	880	279	706	640	140	2902	225	844	450	376	1571	1573	486	747	532	446	314	2002	370	438	1527	633	706	491	778	722	1644	198	673	527	786	1063	1956	972	238	620	1290	1307	971	1671	2328	134	515	985	1624	1469	403	603	2912	289	284	1786	530	163	691	794	953	407	597	1073	688	682	315	967	1295	598	792	708	1921	252	536	910	163	706	409	440	836	2870	799	728	240	940	826	234	246	295	485	310	2058	664	440	315	684	386	765	727	2147	163	356	625	305	507	553	822	393	125	214	842	464	623	2204	620	937	797	794	684	694	689	1213	688	597	828	684	787	1965	267	553	651	1155	306	302	862	407	281	299	2329	595	513	309	684	857	246	423	264	231	1082	761	660	231	593	1374	237	365	2022	1363	907	627	1657	599	631	260	437	739	1802	443	623	721	798	270	631	3145	2105	1804	302	530	252	440	1861	1247	836	433	1324	339	163	318	284	231	2245	619	302	947	2270	244	314	394	752	735	620	844	664	310	254	767	732	385	523	623	1838	752	626	994	394	334	1671	365	516	465	255	1087	674	299	333	1231	464	1490	1959	1995	1669	1297	1253	803	1578	1531	663	1180	2100	252
37	569	183	332	230	182	281	1998	1143	1977	1998	105	186	604	1908	224	420	520	25	1299	956	349	0	140	1752	194	278	601	910	3041	569	1514	542	284	56	1750	1095	1153	1906	447	1236	1014	656	343	445	338	1245	2099	604	1261	165	1812	179	151	1877	1087	1248	165	535	182	986	913	421	54	1154	895	225	1512	334	470	1232	280	1163	225	359	293	380	3121	124	528	176	27	1357	1525	228	437	184	171	35	2188	174	165	1325	792	424	615	590	373	1563	151	545	179	445	1013	2152	971	114	277	1069	1457	968	1753	2246	268	176	820	1412	1456	54	260	3182	365	452	1650	182	185	343	758	1093	711	453	1107	343	386	436	1079	1459	511	591	477	1611	224	188	1009	185	498	295	98	519	3120	1126	379	441	1165	510	116	447	54	148	93	2290	316	758	436	338	240	614	378	1869	185	509	596	456	169	281	651	473	248	134	531	493	281	2038	278	1011	455	758	356	364	493	1476	343	453	676	335	584	1996	445	281	406	1071	458	316	1026	345	130	227	2141	643	317	222	338	979	119	140	407	118	1268	567	313	118	247	1524	113	171	1694	1255	1254	372	1786	341	284	422	152	396	1604	335	282	372	456	79	286	3331	1870	1604	316	181	254	98	1936	910	520	94	1195	141	185	133	452	118	2180	277	316	851	2368	104	112	225	893	386	277	505	316	93	254	844	483	711	258	281	1805	411	284	678	225	109	1753	171	634	118	261	973	328	137	16	1136	493	1798	1737	1917	1708	1150	1156	492	1641	1328	316	1092	1931	224
170	673	76	284	198	294	309	2103	1253	2110	2103	104	127	715	1769	212	444	560	156	1399	852	423	140	0	1868	148	301	588	828	3172	556	1655	651	289	169	1865	1224	1268	2044	551	1374	1126	780	230	376	287	1383	2234	715	1346	283	1927	122	249	2014	951	1385	283	643	199	849	1024	314	125	1277	1002	363	1651	200	396	1359	299	1278	363	312	252	488	3255	228	569	291	134	1219	1654	341	324	197	287	149	2325	87	283	1186	928	501	752	701	349	1686	249	414	198	373	1145	2288	856	226	298	931	1596	854	1893	2367	307	122	930	1274	1333	125	282	3304	499	579	1759	196	276	297	894	1019	815	322	999	287	263	569	1219	1596	391	697	337	1502	212	202	1149	276	606	196	95	558	3247	1221	346	562	1294	552	223	568	169	99	114	2420	276	856	569	287	144	734	350	1745	276	475	487	585	114	145	512	611	352	231	576	633	301	2137	301	1151	386	894	263	273	605	1598	287	322	794	318	690	2133	570	145	267	1197	588	454	1162	255	142	367	2231	556	441	361	287	1118	179	0	536	223	1403	676	269	223	257	1663	221	309	1598	1374	1326	234	1926	203	289	548	267	402	1693	228	307	349	386	192	300	3469	1735	1692	454	197	236	95	2075	827	560	87	1310	92	276	109	579	223	2304	298	454	978	2508	198	109	361	826	365	298	427	272	114	235	984	575	805	364	301	1935	420	305	711	361	88	1893	309	771	170	241	1094	274	127	148	1259	633	1905	1600	2039	1846	1260	1279	539	1780	1189	275	1218	2029	212
1743	1199	1931	1762	1748	1575	1614	350	618	1720	350	1855	1798	1152	3530	1948	2024	1432	1753	2047	2203	1862	1752	1868	0	1779	1627	1607	2031	2559	2207	1007	1217	1659	1766	2	703	1781	773	1319	804	1784	1600	2093	1822	1768	1254	1710	1152	705	1589	63	1796	1780	1443	2596	1299	1589	1225	1696	2545	844	1943	1745	612	871	1616	1263	1988	1843	571	1633	1788	1616	1756	1750	1736	2540	1771	1424	1579	1744	2876	398	1528	1969	1700	1583	1768	1683	1926	1589	2875	1411	1394	1437	1167	1695	250	1780	2277	1695	1832	810	1723	2722	1756	1631	2616	1253	2720	972	511	1912	1794	938	2928	3201	1745	1640	2936	1572	1606	167	1700	1793	1757	1072	2808	1791	2187	2859	1782	1977	1561	1172	1311	2259	1172	2139	2709	1948	1696	1163	1793	1262	2047	1774	1435	2743	2011	1717	1654	1549	1432	1766	1652	1764	1795	1841	2018	1745	1847	1561	1768	1992	1138	1704	3094	1793	2198	2348	1582	1795	1961	2341	1480	1762	1782	1407	1402	1629	462	1627	1092	1826	1072	1875	1873	1262	1786	1782	2187	1075	1688	1179	787	1623	1961	2073	707	1582	1564	1344	2096	1869	1599	657	2387	1435	1594	1768	1237	1829	1868	1609	1770	1396	1192	1754	1770	1668	1260	1764	1593	2627	500	2283	2038	1208	2013	1659	1620	1604	1607	509	2087	1621	1691	1828	1762	1641	2516	3264	519	1564	1698	1975	1774	985	2036	1432	1781	557	1893	1793	1883	1606	1770	485	1630	1564	917	1321	1788	1862	1541	2604	1684	1631	1867	1755	1841	1976	1200	1306	1864	1504	1631	408	1589	1627	1372	1541	1861	972	1593	1414	1701	1982	783	1778	1882	1754	630	1402	2226	3184	232	756	611	608	1425	869	2876	1747	682	412	1948
231	580	223	143	50	248	176	1998	1161	2146	1998	232	22	633	1802	356	583	421	220	1494	765	537	194	148	1779	0	165	440	716	3214	704	1646	567	146	248	1777	1162	1343	2007	463	1341	1206	842	357	251	147	1401	2264	633	1226	246	1836	26	343	2033	936	1408	246	557	83	846	935	240	142	1203	908	401	1665	211	275	1293	161	1354	401	170	106	575	3290	317	431	248	169	1214	1591	285	261	80	246	226	2348	236	246	1190	961	389	783	617	201	1610	343	503	85	250	1092	2316	964	308	162	927	1611	961	1877	2284	438	26	842	1270	1425	142	148	3366	542	637	1662	80	377	155	858	1158	905	417	1113	151	227	615	1226	1617	501	608	366	1421	356	83	1153	377	522	335	97	419	3299	1321	199	631	1344	414	309	637	247	54	234	2465	131	953	615	147	289	664	202	1691	377	624	608	638	34	182	564	640	443	326	439	643	164	2027	165	1145	261	858	168	174	527	1661	151	417	719	169	600	2094	632	182	296	1131	641	488	1190	396	273	397	2113	691	393	387	147	1131	293	148	592	312	1435	591	125	311	120	1677	307	311	1500	1293	1445	261	1928	234	146	608	230	254	1575	362	171	201	262	272	159	3488	1711	1574	488	82	382	97	2054	715	421	103	1223	236	377	248	637	311	2227	162	488	915	2493	293	240	352	967	216	162	310	128	234	380	986	473	905	295	163	1874	274	167	568	352	221	1877	311	798	113	387	1019	136	264	210	1186	643	1991	1585	1960	1813	1168	1205	405	1758	1193	130	1149	1918	356
306	435	378	151	123	203	13	1838	1009	2105	1838	358	187	494	1928	488	698	259	301	1529	787	620	278	301	1627	165	0	326	699	3176	839	1560	429	35	332	1625	1032	1354	1894	327	1236	1225	848	521	258	159	1344	2215	494	1061	215	1684	189	422	1972	1033	1356	215	418	104	955	787	330	229	1064	756	412	1603	362	287	1160	7	1365	412	160	126	622	3244	396	268	208	252	1316	1457	215	356	104	210	314	2291	386	215	1299	931	233	756	478	129	1467	422	664	105	264	972	2265	1128	381	3	1033	1549	1125	1783	2135	546	187	695	1371	1584	229	19	3350	543	648	1506	105	457	153	758	1319	944	581	1278	173	351	614	1162	1561	666	464	511	1439	488	100	1086	457	386	495	216	257	3270	1364	147	654	1325	251	386	659	330	203	354	2431	130	998	614	159	445	536	138	1737	457	768	773	643	192	343	713	618	506	408	276	600	3	1864	0	1069	267	758	256	256	397	1655	173	581	584	94	457	1978	648	343	446	998	646	484	1148	556	396	401	1948	854	308	389	159	1075	397	301	604	390	1394	452	136	390	45	1614	383	303	1491	1148	1515	412	1851	389	35	623	206	119	1411	524	6	126	269	352	19	3424	1790	1410	484	105	517	216	1955	700	259	225	1075	375	457	381	648	390	2083	2	484	788	2397	382	367	321	1127	134	3	323	139	354	516	920	323	957	203	5	1741	132	6	411	321	352	1783	303	766	160	523	881	163	394	293	1047	600	2011	1674	1814	1704	1016	1065	240	1659	1300	131	1014	1755	488
631	541	661	310	391	515	327	1761	1011	2342	1761	668	461	610	1930	795	1016	221	625	1842	616	946	601	588	1607	440	326	0	471	3410	1145	1735	562	316	656	1605	1121	1652	2000	493	1378	1530	1149	773	277	310	1572	2440	610	954	531	1656	466	748	2182	990	1591	531	550	419	948	824	422	549	1119	780	729	1817	551	284	1228	323	1663	729	285	336	945	3467	721	224	521	574	1269	1515	510	444	418	524	637	2505	675	531	1270	1201	371	1034	595	239	1490	748	851	421	288	1090	2487	1311	707	326	1014	1765	1308	1935	2118	867	467	747	1321	1719	549	343	3612	851	958	1464	419	783	298	937	1567	1261	787	1469	315	491	918	1381	1785	883	569	653	1223	795	414	1306	783	536	764	524	219	3518	1681	244	969	1598	228	712	974	654	493	667	2676	313	1318	918	310	724	676	239	1563	783	1063	997	949	475	563	841	907	833	733	242	871	323	1766	326	1274	275	937	392	383	559	1935	315	787	699	271	563	2077	959	563	613	1077	951	791	1399	825	708	716	1818	1102	569	703	310	1309	717	588	915	716	1641	576	321	716	354	1826	709	619	1235	1176	1839	590	2037	582	316	935	525	207	1297	782	324	239	277	677	315	3619	1677	1293	791	420	822	524	2093	474	221	532	1088	676	783	687	958	716	2085	327	791	900	2538	706	676	625	1387	223	326	291	319	667	821	1148	444	1279	483	322	1793	196	320	235	625	659	1935	619	1040	482	827	950	324	702	616	1105	871	2311	1585	1816	1825	1016	1118	253	1803	1270	315	1087	1657	795
947	1011	876	582	684	902	708	2143	1459	2795	2143	931	726	1081	1578	1031	1264	692	936	2210	184	1248	910	828	2031	716	699	471	0	3865	1339	2204	1031	671	964	2029	1590	2049	2468	953	1850	1916	1543	908	465	576	2027	2898	1081	1343	912	2075	733	1059	2645	650	2043	912	1018	748	662	1287	521	857	1581	1241	1101	2278	675	440	1692	693	2060	1101	559	623	1290	3927	1033	696	906	885	895	1974	915	520	745	907	941	2967	897	912	917	1630	830	1455	1066	570	1937	1059	868	752	465	1561	2946	1248	1024	698	701	2225	1244	2407	2537	1136	735	1215	940	1546	857	708	4049	1238	1341	1878	747	1092	573	1403	1597	1620	849	1404	568	591	1311	1839	2242	938	1040	671	753	1031	743	1763	1092	1001	930	813	690	3965	2037	555	1341	2025	698	1025	1346	963	765	938	3124	602	1669	1311	576	914	1145	561	1093	1092	1237	1044	1338	743	721	773	1318	1159	1041	713	1298	696	2129	699	1736	456	1403	564	554	1023	2354	568	849	1171	608	1034	2544	1338	721	681	1544	1340	1180	1842	979	970	1093	2150	1175	998	1082	576	1760	1001	828	1296	1027	2087	1046	603	1027	701	2288	1023	997	792	1629	2155	683	2506	698	671	1314	900	609	1662	927	702	573	454	988	681	4087	1233	1656	1180	748	1050	813	2564	6	692	818	1539	918	1092	937	1341	1027	2515	699	1180	1372	3009	1008	937	1021	1455	565	698	405	599	938	1048	1601	911	1622	898	694	2248	612	694	679	1021	916	2407	997	1465	811	1053	1417	583	955	926	1568	1298	2703	1159	2250	2295	1463	1580	721	2274	915	602	1554	2024	1031
