NAME : VRPTW_INSTANCE_99.txt
COMMENT : Bangkok Supermarket
TYPE : VRPTW
DIMENSION : 288
DAYS : Sunday
EDGE_WEIGHT_TYPE : EXPLICIT
VEHICLES : 36
EDGE_WEIGHT_FORMAT : FULL_MATRIX
CAPACITY : 1000
EDGE_WEIGHT_SECTION
0	1010	556	284	46	185	474	484	1359	101	23	306	636	1098	865	2052	212	382	3762	1024	1112	258	1117	239	133	382	1248	900	258	2315	1194	1708	609	1941	612	19	345	248	1869	276	322	2211	153	522	648	1388	176	508	606	368	290	425	1626	119	371	816	255	215	103	341	116	1014	402	21	397	395	59	935	411	91	1240	1190	376	582	1991	525	1948	495	1869	391	224	525	155	399	131	137	345	415	517	443	3140	124	103	1926	1149	620	177	124	432	705	349	737	628	891	264	404	1891	253	372	899	1098	124	210	348	696	829	1054	766	404	351	587	371	491	650	242	587	199	600	359	155	1028	37	776	186	815	2591	1303	981	541	1296	1467	78	121	486	957	878	412	193	492	641	399	537	185	1058	210	464	777	201	715	726	1722	432	2182	591	266	155	141	202	671	148	170	109	300	428	210	1075	1441	1124	193	348	167	977	1149	1442	201	204	3006	288	362	77	59	119	1727	584	582	106	2550	365	400	535	1706	949	496	496	1894	583	395	1810	1036	23	54	581	258	46	405	830	231	124	840	865	359	202	402	1190	1533	204	1055	22	54	1724	78	258	208	525	582	1067	593	122	1492	3822	39	540	1621	470	691	1635	332	195	211	445	22	85	206	1391	1016	996	408	624	428	1409	644	2132	368	93	428	1841	347	309	485	437	687	464	165	165	367	407	574	203	306	1330	153	609	497	531	2775	1001	236	1308
1010	0	995	838	1028	824	1461	542	2207	985	1026	1314	408	177	752	2443	857	1388	3048	1939	419	839	1414	1110	918	1306	1450	1376	839	1542	228	702	455	2734	1611	1022	1044	772	1244	956	945	1205	1161	770	372	385	1095	1437	783	1075	726	921	880	1129	896	1130	763	1074	1049	1292	1113	19	1018	1029	928	1326	1012	75	1015	932	2196	957	1363	761	1021	1189	944	1155	1189	1172	1081	907	1064	1169	1054	1077	1022	901	750	858	2616	1044	1050	2880	314	830	856	901	927	1648	1044	380	398	199	752	1165	2780	1260	1079	1723	177	901	1206	1039	1263	226	1294	302	947	1032	440	1085	1146	1095	1238	440	810	1255	929	863	1016	988	823	1191	593	1894	463	233	779	2275	2149	1023	1131	1148	270	603	856	884	539	1202	610	1435	824	1985	1075	691	244	854	503	547	911	927	1808	632	1211	863	939	1054	342	975	1106	1118	859	750	976	505	462	1257	884	1040	1163	1210	314	510	854	1071	2278	1126	1287	1027	1012	1128	1010	453	462	968	1770	1073	1170	763	1519	1411	1156	1157	958	478	979	802	33	1033	1045	477	839	1028	1006	1147	1107	901	755	762	929	1200	1320	957	525	1102	178	1021	1027	760	1088	839	970	907	464	127	1588	1129	1415	3102	1029	775	664	1449	734	1628	1330	1198	976	1294	1021	1094	1088	940	830	217	916	416	750	2374	1625	1125	1075	990	750	899	1044	702	1150	924	1696	691	858	858	1285	1006	1500	850	1314	323	1161	463	1156	759	2284	210	1232	304
556	995	0	735	602	526	703	534	1226	454	545	678	605	1149	1234	1581	666	713	4002	1006	1282	706	1640	389	627	504	1757	1444	706	2505	1222	1594	813	1739	1020	546	234	473	2130	280	234	2074	594	226	769	1364	731	594	1022	233	492	143	1815	596	857	1321	591	382	659	533	545	1008	165	572	895	524	500	936	155	492	1290	1566	853	991	1788	227	1901	205	2102	307	378	1003	436	296	452	692	881	901	247	907	3474	680	659	1948	1254	186	449	590	133	776	230	924	768	806	484	288	1805	639	232	752	1149	590	713	229	269	768	1561	899	909	222	601	238	198	118	734	601	537	272	861	579	1461	521	1188	593	1123	2831	1078	1092	961	1687	1159	634	596	203	1090	538	876	668	528	207	570	558	526	1060	388	830	851	647	505	473	1876	133	2560	362	490	579	655	756	700	408	460	582	768	832	346	1295	1456	1610	668	230	557	1477	1254	1254	647	392	3232	356	496	633	500	590	1936	578	562	451	2738	234	296	231	2132	1493	206	207	1953	537	913	1700	1028	561	528	540	706	602	157	1338	395	590	1215	1239	861	577	506	1566	1442	419	1123	541	512	1533	597	706	347	1003	560	1102	1016	578	1942	4058	529	219	1433	679	307	2110	795	590	345	420	541	600	762	1702	1386	1096	901	603	832	1470	816	2068	233	463	832	1615	233	527	206	130	1035	830	469	469	488	155	635	414	678	1299	594	821	205	235	3119	1097	731	1286
284	838	735	0	268	209	743	406	1643	344	308	558	541	890	580	2293	76	635	3480	1304	860	29	908	510	150	666	1022	732	29	2041	989	1539	390	2225	793	303	575	270	1588	478	513	2039	418	613	465	1194	274	792	323	606	271	592	1358	381	124	586	157	480	256	624	397	837	613	290	165	679	329	763	619	276	1509	908	544	299	1854	770	1745	735	1591	654	490	268	428	660	404	269	204	166	599	174	2857	239	256	2191	917	730	287	171	601	984	578	505	439	767	266	663	2171	512	610	1182	890	171	409	576	931	703	826	554	183	576	483	612	730	846	437	483	198	849	138	163	755	292	495	454	537	2310	1205	757	258	1439	1743	242	383	726	727	886	143	91	419	870	293	821	209	1336	476	191	593	93	691	721	1460	601	1902	618	550	163	147	221	532	377	451	377	36	146	431	809	1229	878	91	576	445	741	917	1318	93	470	2726	555	646	247	329	384	1454	493	500	336	2275	603	661	623	1435	779	737	737	1655	515	197	1636	857	302	338	511	29	268	611	603	503	171	556	581	138	476	686	908	1360	479	844	305	333	1588	334	29	426	268	501	867	767	392	1228	3541	322	633	1488	742	759	1384	524	465	432	724	306	340	258	1107	732	775	168	527	146	1674	911	1932	606	342	146	1718	577	252	726	604	895	191	269	269	651	613	857	321	558	1141	418	386	737	617	2493	782	432	1117
46	1028	602	268	0	208	476	511	1376	147	60	297	663	1110	847	2091	203	375	3749	1035	1113	246	1077	276	124	403	1209	857	246	2308	1207	1729	616	1961	586	58	389	278	1857	322	369	2232	150	566	662	1404	129	524	585	411	317	471	1622	113	344	779	267	255	56	358	130	1031	448	31	366	414	103	953	456	131	1243	1169	344	563	2017	566	1962	537	1859	429	264	496	193	437	170	90	306	387	561	418	3118	79	57	1928	1156	665	214	128	479	715	393	742	641	916	293	443	1902	248	415	922	1110	128	180	392	738	854	1016	775	372	396	612	414	533	695	212	612	220	640	329	165	1000	83	754	186	805	2579	1333	989	521	1266	1496	36	115	528	964	918	387	180	520	684	420	557	208	1067	250	455	792	195	751	764	1720	479	2157	631	287	165	121	158	692	194	202	108	280	415	256	1071	1453	1090	180	392	176	941	1156	1469	195	244	2995	325	383	33	103	115	1720	611	610	152	2543	409	439	579	1677	905	538	538	1900	612	360	1830	1053	45	86	610	246	0	451	793	268	128	822	847	329	207	423	1169	1552	239	1067	62	94	1750	66	246	255	496	610	1081	566	123	1461	3809	77	584	1647	474	734	1600	304	197	257	474	63	72	160	1375	996	1005	378	650	415	1410	645	2147	411	139	415	1869	391	332	527	484	667	455	200	200	389	453	590	243	297	1346	150	615	539	575	2753	1011	206	1324
185	824	526	209	208	0	649	302	1497	181	202	490	455	915	753	2088	141	565	3623	1178	944	180	1115	343	132	527	1231	930	180	2161	1011	1522	435	2070	794	197	376	79	1730	274	305	2025	337	418	465	1203	307	659	513	408	110	383	1468	304	331	795	87	308	243	497	292	828	408	205	370	543	193	749	413	114	1408	1086	552	484	1809	572	1763	536	1722	470	317	477	271	474	253	276	373	375	407	382	3029	247	243	2096	972	532	81	97	392	865	379	565	446	708	88	475	2044	437	413	1023	915	97	389	376	728	645	1035	586	386	374	403	416	530	638	421	403	17	652	338	65	952	165	685	368	677	2449	1126	803	448	1474	1562	212	306	527	781	733	351	149	311	665	213	677	0	1216	306	336	593	123	554	574	1557	392	2085	450	415	65	163	294	485	196	307	294	242	320	237	917	1258	1086	149	376	343	951	972	1260	123	300	2862	381	506	215	193	304	1573	402	402	166	2396	405	475	429	1631	978	538	538	1717	406	392	1624	850	209	223	403	180	208	405	812	337	97	730	755	338	380	545	1086	1347	320	874	197	207	1541	264	180	232	477	402	883	774	305	1430	3683	206	438	1438	641	575	1590	513	376	238	559	197	270	318	1263	907	817	375	442	320	1581	817	1947	408	183	320	1660	377	123	527	395	873	336	64	64	508	406	726	112	490	1144	337	437	538	424	2667	822	415	1123
474	1461	703	743	476	649	0	919	932	477	453	192	1064	1563	1311	1843	680	126	4218	573	1587	722	1409	367	600	198	1557	1152	722	2784	1657	2146	1082	1524	360	458	494	690	2329	536	568	2647	325	815	1113	1845	498	157	1047	479	736	649	2099	363	796	1162	727	398	489	181	359	1467	556	461	806	179	455	1388	565	535	766	1623	342	1029	2402	514	2405	514	2334	396	394	935	397	406	407	484	712	834	823	874	3564	510	488	1451	1621	860	605	598	651	254	496	1211	1095	1319	710	415	1432	231	479	537	1563	598	359	500	651	1261	1379	1236	805	508	1023	472	519	726	343	1023	665	538	772	630	1433	485	1208	290	1281	3051	1694	1452	986	987	1137	500	360	512	1430	1197	846	656	924	635	856	221	649	598	396	932	1239	671	1084	1078	2196	651	2592	936	254	630	596	562	1118	486	355	368	749	889	496	1548	1905	1475	656	499	307	1318	1622	1851	671	398	3467	372	208	496	455	361	2196	1014	1008	493	3019	479	406	828	2092	1196	515	514	2366	1000	781	2251	1489	451	427	1000	722	476	569	1171	367	598	1286	1310	772	271	198	1623	1975	364	1523	457	442	2136	409	722	501	935	1007	1529	369	354	1865	4279	445	825	2033	27	970	1975	304	279	496	297	457	404	533	1843	1456	1466	822	1054	889	935	169	2587	479	471	889	2240	494	764	509	656	337	932	605	605	216	570	186	611	192	1784	325	1083	515	827	3198	1471	346	1764
484	542	534	406	511	302	919	0	1689	445	497	780	152	661	730	2102	386	851	3473	1403	754	391	1250	567	422	764	1340	1114	391	1983	749	1230	282	2237	1096	493	516	236	1596	420	417	1732	629	325	237	927	604	896	569	549	193	421	1289	600	515	924	270	532	544	749	578	550	505	504	557	784	476	470	504	399	1655	1052	855	536	1507	685	1487	648	1570	641	538	612	522	640	512	577	610	544	303	524	2940	546	545	2341	745	434	317	394	429	1107	516	389	233	407	219	638	2255	726	553	1204	661	394	691	512	795	346	1150	369	577	506	104	559	640	651	723	104	292	759	539	356	982	457	712	656	600	2300	824	576	521	1777	1682	514	602	640	567	487	502	409	13	730	112	897	302	1447	532	379	339	375	287	323	1360	429	2036	253	668	356	449	579	201	432	564	588	440	412	434	761	996	1169	409	513	626	1060	745	958	375	529	2704	586	744	517	476	598	1407	100	100	429	2217	547	641	326	1631	1159	650	650	1476	109	599	1333	572	507	512	106	391	511	495	942	564	394	714	736	539	663	778	1052	1057	559	626	491	493	1239	563	391	428	612	100	621	1076	597	1458	3530	497	340	1137	907	410	1644	814	662	434	759	491	569	609	1170	875	584	554	139	412	1832	1082	1667	549	451	412	1358	517	181	642	428	1169	379	322	322	743	495	959	308	780	866	629	292	650	321	2586	587	717	846
1359	2207	1226	1643	1376	1497	932	1689	0	1318	1335	1123	1801	2346	2223	1257	1571	1058	5120	371	2430	1617	2329	1154	1492	977	2480	2066	1617	3656	2428	2820	1921	591	1149	1340	1172	1506	3226	1271	1271	3293	1232	1442	1919	2585	1424	851	1961	1139	1550	1285	2961	1269	1715	2094	1584	1189	1403	1018	1246	2218	1189	1353	1730	963	1319	2142	1192	1388	422	2544	1260	1940	2991	1017	3128	1051	3220	1048	1180	1861	1227	1049	1248	1406	1642	1756	1461	1792	4491	1427	1402	790	2434	1409	1428	1479	1280	677	1172	2050	1908	2026	1526	1051	579	1153	1135	485	2346	1479	1290	1176	975	1983	2307	2052	1731	1182	1780	1129	1060	1149	1276	1780	1515	956	1695	1502	2363	1355	2128	1197	2170	3946	2292	2264	1898	1370	446	1407	1267	1059	2252	1746	1762	1552	1688	1026	1668	823	1497	373	1191	1821	2028	1559	1731	1700	3043	1280	3522	1583	1093	1502	1497	1488	1884	1302	1196	1269	1657	1788	1274	2413	2670	2406	1552	1175	1200	2249	2434	2472	1559	1197	4359	1120	997	1402	1319	1265	3070	1762	1750	1331	3891	1141	1048	1451	3025	2108	1050	1049	3161	1731	1710	2926	2240	1340	1305	1733	1617	1376	1201	2103	1160	1479	2198	2223	1695	1172	957	2544	2669	1177	2314	1338	1312	2745	1313	1617	1280	1861	1748	2304	1176	1254	2797	5179	1322	1440	2648	923	1526	2903	1232	1185	1274	940	1337	1309	1461	2750	2373	2273	1745	1796	1788	498	792	3294	1139	1317	1788	2813	1171	1585	1056	1283	1031	1821	1437	1437	993	1201	786	1416	1123	2520	1232	1925	1050	1454	4126	2276	1279	2505
101	985	454	344	147	181	477	445	1318	0	92	337	593	1087	919	1962	268	407	3802	997	1125	315	1211	167	200	345	1338	999	315	2341	1180	1675	615	1893	670	92	247	213	1908	175	221	2176	193	431	637	1368	277	478	667	273	259	324	1649	173	448	904	267	135	204	317	137	990	302	118	479	362	48	911	310	70	1230	1249	449	641	1945	434	1928	402	1902	310	145	603	90	316	72	237	439	493	429	515	3197	226	204	1917	1150	524	128	173	332	685	251	745	620	850	233	319	1862	284	277	846	1087	173	287	250	602	790	1144	763	489	252	549	277	397	549	316	549	198	511	442	187	1099	67	840	215	853	2628	1247	979	602	1358	1399	179	174	392	960	798	483	256	451	545	379	496	181	1035	132	506	762	252	647	653	1738	332	2246	514	235	187	220	303	642	46	126	159	368	480	108	1098	1428	1209	256	249	182	1064	1150	1393	252	126	3041	211	325	178	48	169	1754	542	538	16	2577	270	317	445	1779	1047	403	403	1893	533	483	1778	1012	108	84	532	315	147	304	919	160	173	895	920	442	219	364	1249	1502	141	1047	87	64	1677	154	315	107	603	537	1052	655	163	1570	3861	79	449	1574	466	601	1718	398	220	109	384	87	159	307	1437	1072	993	489	582	480	1403	643	2110	273	9	480	1789	249	288	392	337	731	506	129	129	327	306	545	138	337	1307	193	617	404	441	2834	997	311	1287
23	1026	545	308	60	202	453	497	1335	92	0	287	649	1117	888	2032	236	363	3786	1001	1134	282	1137	218	157	358	1268	917	282	2338	1213	1723	630	1917	600	5	330	260	1893	266	313	2226	134	520	667	1406	186	485	629	351	304	416	1649	102	394	837	275	195	115	317	94	1031	389	28	419	371	45	952	397	99	1217	1214	368	606	2004	506	1966	476	1892	371	204	548	134	378	110	147	365	438	517	466	3164	139	116	1904	1169	616	185	146	424	682	333	758	647	905	278	383	1867	234	355	875	1117	146	204	333	678	843	1075	785	426	336	601	354	473	636	234	601	217	580	382	177	1051	40	800	166	839	2615	1313	1001	565	1286	1444	95	104	468	978	881	435	217	505	624	416	513	202	1034	190	488	795	224	722	732	1744	424	2205	595	242	177	165	218	686	138	147	91	324	452	199	1097	1460	1146	217	332	145	998	1170	1454	224	184	3029	267	338	93	45	101	1750	597	595	100	2573	348	380	534	1729	966	478	478	1914	594	416	1826	1052	16	30	592	282	60	392	851	210	146	864	889	382	181	378	1214	1548	182	1075	6	34	1736	68	282	198	548	594	1085	583	102	1515	3846	17	538	1634	447	690	1656	322	175	199	421	6	74	219	1414	1040	1016	431	637	452	1387	622	2149	351	82	452	1852	331	324	467	429	672	488	176	176	343	394	551	208	287	1347	134	630	479	530	2799	1021	229	1325
306	1314	678	558	297	490	192	780	1123	337	287	0	930	1404	1120	1978	499	77	4027	765	1411	538	1232	292	421	234	1378	980	538	2599	1500	2009	913	1714	347	292	446	543	2139	449	491	2511	153	737	954	1693	305	297	856	444	589	589	1916	187	605	974	560	309	302	179	201	1318	515	289	614	229	303	1239	525	382	952	1430	198	839	2282	538	2253	525	2146	393	310	742	280	405	279	294	519	642	740	682	3372	321	301	1633	1453	806	462	425	593	446	449	1040	934	1186	562	413	1624	53	446	707	1404	425	167	451	701	1126	1196	1071	612	459	884	440	527	732	154	884	505	587	580	460	1241	325	1016	123	1095	2861	1584	1286	795	1032	1305	317	185	520	1262	1117	655	474	786	668	703	352	490	790	305	748	1083	493	980	982	2016	593	2400	840	188	460	413	370	972	362	240	196	562	703	392	1366	1747	1288	474	450	155	1132	1454	1731	493	304	3277	322	226	312	303	186	2011	878	875	353	2833	443	405	750	1902	1026	526	525	2197	871	589	2112	1340	282	268	870	538	297	525	984	288	425	1095	1119	580	119	250	1430	1835	270	1361	293	287	2015	232	538	396	742	874	1373	339	184	1676	4088	284	751	1912	199	903	1792	143	117	393	349	293	225	341	1652	1264	1301	629	918	703	1116	355	2437	444	330	703	2127	446	611	517	599	394	748	457	457	237	527	351	476	0	1634	153	913	527	748	3005	1307	156	1613
636	408	605	541	663	455	1064	152	1801	593	649	930	0	547	759	2131	531	1001	3400	1530	684	530	1334	705	572	901	1411	1221	530	1900	627	1082	300	2336	1248	645	635	388	1540	548	536	1583	780	379	205	793	755	1031	646	667	346	516	1213	752	640	1013	417	671	696	890	728	418	611	657	680	921	627	341	608	550	1789	1061	1007	615	1355	786	1349	750	1505	763	677	716	667	760	659	728	745	663	357	635	2900	697	697	2472	649	464	468	546	523	1242	635	363	220	256	371	757	2372	876	670	1316	547	546	844	630	874	197	1227	313	701	623	58	677	742	714	876	58	444	854	667	507	1025	609	766	806	611	2231	673	488	609	1929	1764	666	753	743	489	399	619	555	144	810	254	1027	455	1576	672	474	249	522	201	251	1271	523	2021	257	811	507	599	727	101	577	709	739	573	518	571	712	870	1231	555	631	775	1137	649	805	522	669	2629	719	882	669	627	750	1335	52	55	577	2133	664	761	375	1646	1264	752	753	1360	70	726	1186	440	659	663	68	530	663	600	1031	703	546	748	767	667	812	915	1061	911	701	518	643	644	1087	715	530	566	716	56	503	1229	748	1490	3455	648	388	984	1050	400	1686	967	813	572	885	643	722	758	1144	892	491	675	14	518	1968	1224	1527	667	600	518	1205	636	333	745	520	1321	474	473	473	880	599	1093	455	930	729	780	312	752	370	2552	492	870	712
1098	177	1149	890	1110	915	1563	661	2346	1087	1117	1404	547	0	678	2618	923	1480	2876	2064	264	897	1346	1225	992	1421	1364	1340	897	1370	99	673	500	2883	1680	1112	1175	874	1067	1082	1076	1160	1251	923	450	308	1160	1554	768	1208	828	1064	703	1217	925	1086	843	1189	1123	1402	1208	159	1157	1115	951	1440	1108	215	1155	1028	2313	831	1430	753	1028	1333	855	1297	1011	1302	1196	907	1172	1300	1158	1147	1055	922	901	875	2439	1114	1124	3000	140	992	959	981	1070	1765	1176	389	470	372	854	1297	2915	1352	1212	1861	0	981	1282	1171	1418	388	1223	336	969	1165	566	1218	1289	1253	1313	566	900	1402	960	945	924	1081	771	1283	532	1719	583	147	779	2327	2307	1099	1219	1289	189	780	879	950	660	1355	707	1558	915	2108	1189	719	325	924	669	716	738	1070	1640	789	1320	945	1009	1111	462	1084	1212	1207	905	779	1093	367	343	1171	950	1172	1259	1144	139	578	924	1185	2105	1247	1401	1103	1108	1217	833	584	596	1071	1599	1206	1301	917	1375	1370	1299	1300	815	617	1003	761	146	1122	1139	615	897	1110	1146	1102	1221	981	686	688	960	1296	1437	831	496	1214	48	1112	1123	784	1173	897	1087	907	598	50	1656	1220	1287	2930	1122	929	700	1554	902	1503	1404	1292	1093	1420	1112	1180	1147	782	727	125	938	551	779	2489	1730	1042	1208	1092	779	932	1176	799	1292	1068	1775	719	958	958	1401	1146	1618	959	1404	264	1251	504	1299	913	2108	117	1307	238
865	752	1234	580	847	753	1311	730	2223	919	888	1120	759	678	0	2816	654	1195	2906	1880	483	607	667	1086	731	1247	697	682	607	1498	761	1330	461	2806	1282	884	1127	775	1021	1022	1046	1787	993	1048	556	959	816	1371	264	1160	746	1099	848	956	515	425	668	1054	823	1204	977	739	1150	870	510	1260	909	708	1153	848	2069	334	1053	283	1700	1323	1427	1286	1037	1223	1064	393	1006	1227	983	826	618	480	1028	438	2278	801	824	2743	611	1162	832	749	1108	1559	1130	418	539	827	760	1229	2744	1080	1165	1762	678	749	957	1126	1469	784	545	497	517	1124	720	1168	1279	1352	980	720	736	1402	541	731	272	872	127	1029	162	1741	1215	538	326	1832	2315	817	958	1276	496	1154	465	671	741	1404	666	1402	753	1909	1051	416	588	668	961	1010	971	1108	1333	980	1131	731	725	751	673	945	1032	954	566	438	990	377	935	505	671	1126	1023	465	612	1249	668	1044	2159	1129	1227	821	909	959	921	745	762	908	1729	1157	1228	1052	902	706	1288	1288	1237	791	546	1406	748	883	919	785	607	847	1144	438	1079	749	25	9	541	1052	1267	334	1162	1057	635	886	914	1462	911	607	985	393	764	691	1251	969	731	2967	903	1066	1378	1314	1137	926	1052	1040	991	1302	886	915	784	531	154	560	494	749	438	2227	1476	1612	1160	917	438	1611	1128	710	1277	1109	1402	416	818	818	1232	1145	1437	857	1120	931	993	449	1288	1046	1915	569	975	905
2052	2443	1581	2293	2091	2088	1843	2102	1257	1962	2032	1978	2131	2618	2816	0	2218	1950	5487	1503	2809	2264	3168	1815	2161	1747	3300	2938	2264	3982	2664	2818	2384	1137	2180	2035	1719	2048	3667	1815	1783	3181	2002	1776	2323	2737	2198	1693	2599	1690	2072	1718	3320	2026	2408	2867	2164	1836	2142	1805	1980	2460	1680	2059	2440	1749	1993	2407	1675	2022	1672	3147	2171	2568	2828	1528	3170	1560	3624	1661	1827	2561	1897	1653	1921	2164	2397	2453	1798	2468	5031	2167	2141	1877	2747	1672	2007	2129	1709	1654	1716	2484	2328	2245	2061	1648	1511	1976	1686	1334	2618	2129	2110	1718	1362	2235	3106	2443	2451	1718	2146	1685	1565	1463	2114	2146	2102	1452	2404	2130	3039	2026	2767	1978	2700	4337	2277	2605	2535	2588	817	2127	2025	1570	2614	1841	2436	2213	2093	1423	2150	1631	2088	1542	1841	2409	2377	2201	1959	1909	3354	1709	4138	1875	1837	2130	2183	2246	2232	1922	1893	2018	2323	2406	1864	2843	2853	3170	2213	1718	1957	3027	2747	2451	2201	1847	4719	1766	1761	2124	1993	2020	3448	2120	2103	1967	4205	1693	1652	1775	3713	2986	1559	1559	3341	2074	2446	2911	2476	2045	2004	2079	2264	2091	1683	2881	1823	2129	2796	2820	2404	1951	1730	3147	2726	1852	2606	2030	1998	2653	2053	2264	1868	2561	2101	2568	2197	2006	3518	5540	2014	1761	2582	1820	1733	3678	2121	1968	1863	1641	2030	2052	2237	3269	2967	2603	2450	2134	2406	1751	1791	3290	1690	1968	2406	2652	1717	2107	1570	1707	2099	2409	2025	2025	1750	1682	1657	1976	1978	2677	2002	2393	1558	1781	4683	2601	2114	2673
212	857	666	76	203	141	680	386	1571	268	236	499	531	923	654	2218	0	577	3550	1236	911	47	975	434	79	594	1092	789	47	2105	1021	1560	423	2152	757	231	499	212	1657	403	440	2062	354	557	485	1223	238	721	399	530	223	523	1419	316	192	656	117	403	202	554	328	858	539	221	229	608	254	782	545	200	1446	983	508	374	1865	694	1778	659	1657	577	413	342	352	583	329	223	237	236	544	250	2931	191	203	2131	960	672	216	95	532	916	503	546	460	769	212	586	2103	451	534	1108	923	95	360	500	856	705	896	586	244	500	474	536	654	775	391	474	134	773	196	88	832	217	572	390	603	2379	1203	796	334	1418	1667	182	319	650	768	852	218	27	397	795	276	749	141	1269	400	252	614	18	663	689	1517	532	1978	575	477	88	87	199	536	301	377	311	104	216	355	868	1265	952	27	500	377	813	960	1323	18	393	2794	479	573	187	254	319	1517	480	485	259	2339	527	584	567	1512	837	661	661	1702	495	251	1659	879	232	265	492	47	203	538	672	427	95	630	655	196	410	614	983	1382	404	878	233	259	1599	270	47	351	342	485	897	733	326	1305	3610	249	577	1497	678	709	1459	481	400	356	648	233	276	232	1178	806	813	235	517	216	1614	849	1964	530	265	216	1725	501	214	650	535	852	252	196	196	578	539	787	251	499	1168	354	421	661	562	2568	819	385	1145
382	1388	713	635	375	565	126	851	1058	407	363	77	1001	1480	1195	1950	577	0	4101	696	1488	616	1284	339	499	232	1432	1028	616	2676	1576	2081	990	1649	307	368	486	616	2214	504	542	2583	229	790	1030	1768	379	258	930	480	662	636	1994	264	679	1036	637	362	379	186	274	1392	554	365	687	220	376	1313	564	455	875	1502	222	914	2351	553	2328	545	2222	416	360	814	341	427	344	369	589	715	795	756	3441	397	378	1556	1530	852	533	502	639	380	489	1118	1010	1257	635	435	1551	128	481	658	1480	502	238	492	708	1197	1253	1148	684	500	956	474	548	756	219	956	580	593	654	537	1309	400	1089	197	1172	2936	1649	1363	871	980	1258	394	262	541	1339	1173	730	552	858	681	778	318	565	718	358	826	1158	570	1043	1042	2094	639	2467	900	225	537	491	443	1046	427	299	272	638	780	452	1444	1823	1349	552	491	225	1192	1531	1799	570	358	3353	360	230	390	376	263	2088	949	945	423	2909	479	427	804	1967	1073	546	545	2275	940	660	2185	1414	358	342	939	616	375	565	1045	336	502	1169	1194	654	188	243	1502	1908	323	1438	368	360	2084	309	616	455	814	944	1449	306	260	1739	4162	359	804	1980	140	954	1849	179	189	452	348	368	303	412	1726	1338	1378	702	989	780	1039	281	2512	480	400	780	2194	487	685	538	645	333	826	530	530	241	567	303	545	77	1709	229	990	546	803	3075	1384	223	1688
3762	3048	4002	3480	3749	3623	4218	3473	5120	3802	3786	4027	3400	2876	2906	5487	3550	4101	0	4785	2720	3504	3057	3967	3629	4143	2916	3296	3504	1505	2824	2765	3212	5693	4158	3781	3972	3621	1893	3867	3877	2624	3898	3778	3236	2758	3722	4271	3171	4006	3581	3894	2187	3860	3422	3143	3536	3932	3730	4104	3878	3031	3973	3770	3415	4157	3801	3090	3974	3731	4975	2606	3947	3189	2939	4155	2428	4118	1905	4086	3941	3290	3892	4087	3871	3733	3518	3386	3756	3345	915	3708	3730	5641	2755	3861	3695	3641	3902	4464	3973	3089	3241	3247	3602	4087	5650	3987	4011	4646	2876	3641	3864	3969	4268	3264	3007	3104	3419	3965	3400	4015	4109	4113	3885	3400	3606	4231	3447	3618	2822	3764	3013	3934	2949	1174	3249	2911	3232	4579	5156	3721	3863	4108	2912	3646	3371	3570	3478	4203	3469	4297	3623	4815	3930	3299	3151	3562	3545	3592	2137	3902	1770	3654	4027	3618	3627	3658	3302	3819	3923	3858	3470	3334	3853	2717	2639	2880	3570	3970	3926	3023	2755	3096	3562	3924	770	4004	4122	3726	3801	3864	2066	3423	3439	3789	1282	4003	4088	3775	2284	3277	4119	4120	2170	3465	3446	2699	3015	3782	3816	3462	3504	3749	3964	3141	3961	3641	2932	2907	3447	3956	4162	2606	2805	3943	2893	3783	3808	2984	3815	3504	3847	3290	3442	2926	4126	3873	2513	64	3799	3788	3017	4220	3777	2536	3953	3945	3853	4183	3783	3820	3689	2375	2764	2908	3399	3400	3334	5128	4382	2386	4006	3802	3334	3059	3973	3544	4110	3901	4285	3299	3685	3685	4126	3965	4337	3711	4027	2815	3898	3206	4119	3770	1197	2909	3881	2817
1024	1939	1006	1304	1035	1178	573	1403	371	997	1001	765	1530	2064	1880	1503	1236	696	4785	0	2122	1281	1958	843	1156	651	2110	1695	1281	3338	2152	2587	1612	959	778	1006	895	1199	2893	983	993	3075	887	1199	1623	2323	1070	519	1616	865	1245	1031	2646	924	1367	1729	1263	879	1056	684	908	1948	928	1015	1379	634	991	1870	933	1065	292	2195	891	1597	2795	780	2877	807	2893	767	871	1508	907	770	925	1055	1285	1406	1215	1444	4137	1078	1056	946	2140	1193	1117	1147	1027	321	896	1742	1609	1771	1220	775	866	801	862	292	2064	1147	932	900	797	1721	1939	1753	1378	907	1501	855	816	958	916	1501	1196	739	1344	1174	2006	1026	1780	851	1840	3615	2084	1969	1554	1085	699	1063	922	813	1953	1544	1416	1215	1404	831	1366	506	1178	59	880	1489	1740	1225	1492	1469	2736	1027	3164	1339	764	1174	1157	1135	1603	990	871	927	1315	1451	972	2095	2398	2040	1215	899	859	1883	2140	2257	1225	885	4030	818	672	1059	991	921	2750	1486	1476	1012	3573	867	770	1210	2662	1736	807	805	2878	1460	1354	2693	1970	1003	972	1462	1281	1035	941	1738	847	1147	1855	1880	1344	828	634	2195	2427	859	2028	1004	981	2538	970	1281	978	1508	1474	2025	805	912	2432	4845	989	1202	2438	567	1313	2534	866	840	972	645	1004	965	1106	2410	2027	1981	1394	1522	1451	468	423	3051	865	995	1451	2622	895	1278	810	1031	664	1489	1123	1123	670	942	452	1111	765	2259	887	1614	807	1212	3771	1984	919	2242
1112	419	1282	860	1113	944	1587	754	2430	1125	1134	1411	684	264	483	2809	911	1488	2720	2122	0	875	1132	1281	989	1470	1133	1165	875	1229	312	854	510	2988	1646	1128	1262	924	858	1160	1165	1304	1262	1060	517	487	1134	1604	649	1297	880	1176	535	1226	859	908	861	1245	1113	1441	1228	400	1258	1125	875	1488	1136	423	1258	1058	2351	574	1400	644	1230	1439	948	1402	821	1382	1253	798	1215	1383	1197	1129	986	842	1038	794	2225	1098	1113	3038	144	1148	1005	988	1183	1810	1263	381	524	588	904	1381	2986	1361	1301	1948	264	988	1268	1259	1548	581	1010	384	889	1254	681	1306	1394	1395	1297	681	927	1514	893	956	695	1103	597	1297	375	1548	847	205	681	2256	2436	1094	1228	1393	195	994	807	937	758	1483	762	1618	944	2161	1243	670	434	917	850	901	613	1183	1390	941	1360	956	998	1077	584	1133	1252	1219	865	724	1156	115	452	942	937	1260	1279	938	144	831	917	1238	1950	1311	1450	1099	1136	1227	653	704	720	1110	1464	1294	1384	1057	1110	1189	1404	1404	799	747	923	925	396	1135	1160	743	875	1113	1248	921	1276	988	498	492	893	1315	1488	574	693	1262	242	1129	1147	1005	1179	875	1150	798	723	303	1619	1233	1027	2776	1142	1070	932	1581	1076	1244	1383	1307	1156	1490	1129	1186	1113	521	493	212	859	683	724	2522	1756	1135	1297	1128	724	1157	1263	846	1395	1182	1753	670	999	999	1452	1248	1670	1015	1411	471	1262	507	1403	1052	1884	216	1292	446
258	839	706	29	246	180	722	391	1617	315	282	538	530	897	607	2264	47	616	3504	1281	875	0	936	482	125	641	1051	757	0	2062	995	1541	396	2199	784	277	545	243	1612	448	483	2042	396	587	466	1199	264	767	351	576	246	563	1378	359	152	615	133	451	238	599	373	839	583	265	192	654	302	764	589	247	1488	935	534	326	1852	740	1752	705	1613	625	461	298	400	630	377	255	219	195	574	204	2884	223	238	2172	928	704	258	142	572	961	548	515	440	761	240	633	2147	492	580	1155	897	142	394	546	901	697	855	560	209	546	473	582	700	817	423	473	169	819	162	133	785	265	524	432	559	2334	1198	766	286	1436	1715	222	361	696	737	867	172	65	404	840	279	795	180	1313	447	210	594	63	674	703	1478	572	1930	596	524	133	125	215	526	348	424	355	62	170	401	828	1237	908	65	546	421	771	928	1314	63	441	2749	527	620	226	302	361	1474	481	487	306	2297	573	632	597	1464	805	707	707	1668	501	220	1639	859	277	312	497	0	246	581	632	475	142	583	608	162	453	660	935	1362	451	851	279	306	1586	312	0	397	298	488	873	759	369	1258	3565	295	607	1486	720	735	1414	511	443	402	696	280	318	251	1132	759	784	196	516	170	1654	890	1939	576	313	170	1715	547	230	696	575	883	210	239	239	625	583	833	292	538	1145	396	393	708	592	2520	790	417	1122
1117	1414	1640	908	1077	1115	1409	1250	2329	1211	1137	1232	1334	1346	667	3168	975	1284	3057	1958	1132	936	0	1353	1018	1441	154	266	936	1849	1426	1987	1046	2918	1205	1134	1458	1177	1336	1372	1412	2424	1173	1516	1156	1618	972	1529	687	1484	1172	1498	1341	1146	783	326	1060	1333	1026	1385	1190	1402	1507	1109	745	1444	1177	1364	1514	1157	2063	648	1070	719	2361	1643	2045	1612	1402	1507	1341	647	1271	1515	1248	1005	772	741	1500	742	2280	1001	1027	2672	1270	1634	1191	1053	1507	1658	1462	1053	1131	1463	1171	1520	2764	1217	1488	1939	1346	1053	1076	1460	1813	1412	122	1137	731	1462	1282	1488	1608	1749	1080	1282	1106	1717	779	1061	443	1145	593	1201	821	1975	1874	1206	729	1523	2537	1041	1147	1603	1163	1729	771	973	1263	1757	1150	1580	1115	1967	1328	871	1224	993	1527	1569	1478	1507	1303	1496	1339	1061	993	922	1270	1254	1276	1153	873	842	1315	1019	1581	219	973	1460	1217	204	1270	1916	993	1321	2377	1402	1424	1044	1177	1152	1359	1303	1317	1208	2052	1481	1516	1524	778	232	1614	1614	1798	1342	730	2056	1413	1123	1164	1337	936	1077	1507	308	1345	1053	661	657	779	1228	1460	648	1823	1316	1302	1138	1171	2128	1116	936	1312	647	1319	1359	1174	1166	544	3121	1154	1535	2046	1424	1648	584	1104	1211	1316	1536	1139	1117	933	907	644	1228	740	1321	842	2186	1537	2223	1484	1205	842	2278	1460	1145	1603	1510	1335	871	1171	1171	1433	1509	1583	1226	1232	1595	1173	1034	1614	1518	1919	1237	1079	1569
239	1110	389	510	276	343	367	567	1154	167	218	292	705	1225	1086	1815	434	339	3967	843	1281	482	1353	0	363	196	1486	1128	482	2502	1315	1785	770	1726	639	221	155	357	2074	169	204	2284	211	453	780	1495	386	329	834	160	402	297	1809	222	609	1055	431	36	326	187	171	1117	224	244	636	216	183	1038	234	238	1088	1417	463	808	2035	295	2054	270	2066	153	28	763	84	162	108	350	582	653	459	678	3365	352	326	1774	1297	514	275	339	301	540	158	900	766	958	377	168	1704	250	163	679	1225	339	332	160	468	902	1293	910	644	167	669	158	268	456	350	669	361	365	598	355	1263	220	1006	205	1020	2793	1327	1126	769	1319	1232	312	222	262	1109	836	646	421	570	420	523	336	343	884	37	674	900	419	717	711	1894	301	2413	569	115	355	378	431	768	148	80	211	532	648	133	1259	1563	1364	421	159	170	1216	1297	1484	419	43	3206	49	177	309	183	216	1916	658	650	179	2738	158	163	466	1943	1176	271	271	2037	639	634	1890	1139	230	189	639	482	276	234	1069	8	339	1063	1088	598	188	211	1417	1616	37	1187	217	185	1770	240	482	139	763	648	1188	632	202	1731	4026	200	465	1666	350	615	1874	406	201	133	216	217	241	424	1604	1240	1138	647	696	648	1265	520	2233	160	169	648	1873	156	435	260	307	671	674	283	283	176	236	393	267	292	1433	211	774	272	465	3001	1142	347	1414
133	918	627	150	124	132	600	422	1492	200	157	421	572	992	731	2161	79	499	3629	1156	989	125	1018	363	0	516	1141	817	125	2185	1090	1621	495	2074	692	152	443	211	1736	354	395	2123	274	544	548	1290	182	642	473	471	238	486	1498	237	247	706	157	334	131	474	248	920	489	141	278	529	180	843	496	139	1367	1058	444	449	1919	634	1846	600	1737	510	344	402	279	516	255	159	254	292	535	315	3007	126	132	2052	1034	655	184	38	495	836	446	620	525	819	219	520	2023	372	475	1031	992	38	289	444	800	755	946	657	289	445	517	476	596	732	320	517	135	711	242	68	900	143	645	310	683	2458	1246	869	408	1362	1595	107	239	591	843	865	283	59	432	741	320	671	132	1189	330	332	679	71	685	705	1596	495	2051	582	399	68	31	162	589	239	301	232	169	295	298	947	1335	1008	59	444	297	865	1035	1373	71	323	2873	409	495	111	180	239	1597	520	522	194	2419	468	518	556	1579	865	602	602	1777	529	288	1721	942	152	187	526	125	124	489	721	355	38	707	732	242	330	535	1058	1443	330	948	155	183	1651	191	125	294	402	522	965	669	246	1369	3689	171	564	1549	598	705	1518	412	320	299	574	155	197	188	1257	883	885	288	558	295	1534	769	2032	471	196	295	1775	444	241	591	499	782	332	164	164	500	491	708	220	421	1233	274	494	603	551	2643	891	315	1210
382	1306	504	666	403	527	198	764	977	345	358	234	901	1421	1247	1747	594	232	4143	651	1470	641	1441	196	516	0	1582	1197	641	2687	1512	1979	960	1558	534	363	300	549	2249	356	382	2476	271	624	975	1691	475	133	988	282	595	455	1995	304	747	1164	612	232	437	57	272	1313	359	378	767	21	342	1234	368	414	891	1572	433	965	2222	323	2250	319	2246	197	225	897	255	208	274	448	691	789	633	821	3521	463	437	1578	1491	663	466	501	456	343	302	1090	960	1152	570	216	1517	228	281	519	1421	501	365	305	475	1097	1394	1104	770	314	866	274	323	532	367	866	544	360	730	525	1403	378	1157	241	1194	2970	1511	1320	923	1184	1102	436	302	316	1302	1004	791	575	767	450	717	154	527	691	232	844	1096	581	901	891	2084	456	2560	750	116	525	522	534	965	339	220	301	682	811	330	1444	1759	1478	575	305	232	1324	1491	1673	581	236	3384	185	20	432	342	299	2099	854	845	360	2922	283	208	637	2076	1244	320	319	2232	834	754	2084	1336	364	328	834	641	403	372	1176	199	501	1223	1248	730	213	20	1572	1811	208	1383	361	335	1958	344	641	335	897	844	1384	536	287	1857	4203	345	633	1855	174	775	1986	378	229	329	116	361	341	514	1773	1398	1333	780	892	811	1068	330	2429	282	343	811	2057	300	627	313	461	532	844	471	471	20	374	199	462	234	1629	271	963	321	636	3157	1336	367	1610
1248	1450	1757	1022	1209	1231	1557	1340	2480	1338	1268	1378	1411	1364	697	3300	1092	1432	2916	2110	1133	1051	154	1486	1141	1582	0	420	1051	1745	1437	1983	1116	3070	1359	1265	1584	1288	1235	1494	1532	2401	1312	1620	1223	1620	1110	1674	770	1611	1279	1614	1278	1284	900	436	1170	1464	1161	1527	1326	1436	1630	1241	864	1586	1307	1406	1637	1281	2218	600	1220	803	2361	1773	2014	1741	1308	1639	1473	755	1403	1647	1379	1141	903	856	1604	851	2130	1135	1161	2826	1274	1739	1309	1175	1624	1808	1588	1105	1200	1518	1280	1652	2919	1361	1616	2085	1364	1175	1219	1586	1941	1470	196	1188	852	1587	1362	1616	1736	1868	1225	1362	1220	1848	900	1180	439	1273	649	1341	859	1850	1913	1231	820	1668	2681	1173	1285	1731	1189	1809	881	1093	1353	1883	1245	1724	1231	2120	1459	963	1278	1111	1608	1653	1416	1624	1156	1590	1477	1180	1118	1057	1339	1380	1410	1290	989	941	1440	1017	1572	193	1093	1586	1355	282	1275	1941	1111	1452	2247	1535	1565	1176	1307	1289	1283	1384	1399	1335	1940	1609	1648	1628	632	387	1742	1742	1747	1425	855	2046	1445	1255	1296	1420	1051	1209	1629	420	1478	1175	697	688	900	1368	1601	600	1826	1449	1323	1269	1302	2138	1252	1051	1436	755	1401	1383	1329	1303	404	2981	1286	1640	2060	1572	1745	429	1253	1352	1441	1674	1270	1253	1070	839	640	1252	857	1399	941	2341	1688	2188	1611	1333	941	2289	1586	1250	1731	1627	1489	963	1289	1289	1574	1631	1729	1343	1378	1603	1312	1103	1743	1622	1770	1261	1224	1577
900	1376	1444	732	857	930	1152	1114	2066	999	917	980	1221	1340	682	2938	789	1028	3296	1695	1165	757	266	1128	817	1197	420	0	757	2033	1430	2006	958	2654	939	915	1246	999	1521	1167	1210	2469	936	1345	1067	1634	741	1278	597	1268	1003	1304	1467	912	609	257	889	1111	803	1141	959	1367	1300	889	567	1199	960	1316	1308	952	1797	784	811	623	2369	1422	2108	1394	1574	1281	1119	504	1049	1290	1026	777	563	573	1331	590	2536	778	803	2408	1289	1461	998	855	1313	1399	1249	998	1041	1389	997	1296	2498	971	1273	1686	1340	855	832	1248	1595	1331	288	1079	548	1251	1165	1271	1391	1546	832	1165	923	1493	594	870	548	931	572	961	809	2191	1819	1193	617	1287	2286	822	913	1385	1151	1601	612	781	1127	1541	1005	1332	930	1703	1106	747	1158	806	1400	1437	1601	1313	1556	1346	1101	870	789	698	1173	1044	1048	921	696	704	1106	1059	1617	415	781	1248	981	287	1290	1886	806	1100	2600	1177	1182	824	960	918	1506	1182	1194	998	2246	1266	1291	1355	1030	48	1395	1395	1898	1215	537	2085	1381	902	942	1211	757	857	1302	244	1120	855	667	673	594	988	1216	784	1834	1090	1293	920	952	2121	887	757	1103	504	1196	1344	908	932	794	3359	934	1365	2032	1169	1491	850	848	971	1107	1298	920	887	703	1056	719	1216	566	1207	704	1920	1275	2293	1268	991	704	2267	1247	982	1384	1316	1068	747	979	979	1192	1303	1330	1035	980	1601	936	947	1396	1349	2173	1225	832	1575
258	839	706	29	246	180	722	391	1617	315	282	538	530	897	607	2264	47	616	3504	1281	875	0	936	482	125	641	1051	757	0	2062	995	1541	396	2199	784	277	545	243	1612	448	483	2042	396	587	466	1199	264	767	351	576	246	563	1378	359	152	615	133	451	238	599	373	839	583	265	192	654	302	764	589	247	1488	935	534	326	1852	740	1752	705	1613	625	461	298	400	630	377	255	219	195	574	204	2884	223	238	2172	928	704	258	142	572	961	548	515	440	761	240	633	2147	492	580	1155	897	142	394	546	901	697	855	560	209	546	473	582	700	817	423	473	169	819	162	133	785	265	524	432	559	2334	1198	766	286	1436	1715	222	361	696	737	867	172	65	404	840	279	795	180	1313	447	210	594	63	674	703	1478	572	1930	596	524	133	125	215	526	348	424	355	62	170	401	828	1237	908	65	546	421	771	928	1314	63	441	2749	527	620	226	302	361	1474	481	487	306	2297	573	632	597	1464	805	707	707	1668	501	220	1639	859	277	312	497	0	246	581	632	475	142	583	608	162	453	660	935	1362	451	851	279	306	1586	312	0	397	298	488	873	759	369	1258	3565	295	607	1486	720	735	1414	511	443	402	696	280	318	251	1132	759	784	196	516	170	1654	890	1939	576	313	170	1715	547	230	696	575	883	210	239	239	625	583	833	292	538	1145	396	393	708	592	2520	790	417	1122
2315	1542	2505	2041	2308	2161	2784	1983	3656	2341	2338	2599	1900	1370	1498	3982	2105	2676	1505	3338	1229	2062	1849	2502	2185	2687	1745	2033	2062	0	1318	1334	1734	4217	2780	2333	2491	2149	513	2389	2395	1364	2459	2280	1747	1263	2302	2819	1755	2526	2106	2404	695	2421	2004	1824	2075	2467	2297	2653	2432	1526	2487	2325	2005	2703	2346	1586	2487	2273	3550	1257	2549	1767	1596	2669	1044	2631	465	2610	2475	1892	2432	2611	2413	2306	2115	1973	2258	1928	1222	2278	2298	4232	1252	2359	2227	2191	2411	3020	2493	1607	1754	1741	2129	2610	4204	2554	2530	3175	1370	2191	2443	2488	2773	1759	1762	1613	2013	2483	1905	2535	2623	2615	2468	1905	2143	2743	2033	2163	1495	2312	1619	2495	1504	390	1765	1413	1810	3299	3663	2284	2424	2623	1417	2141	1951	2128	1987	2708	1989	2838	2161	3373	2465	1852	1654	2114	2040	2087	632	2411	946	2153	2573	2163	2188	2239	1804	2354	2466	2417	2037	1896	2381	1243	1141	1636	2128	2489	2482	1745	1252	1627	2114	2459	736	2535	2666	2288	2346	2424	588	1927	1942	2327	235	2523	2612	2276	1216	2030	2633	2634	713	1967	2044	1292	1509	2336	2366	1964	2062	2308	2478	1828	2497	2191	1524	1502	2033	2515	2705	1257	1337	2481	1389	2334	2356	1567	2375	2062	2375	1892	1945	1420	2750	2432	1372	1559	2349	2289	1578	2783	2273	1505	2545	2506	2382	2715	2334	2381	2273	989	1377	1408	1989	1902	1896	3715	2953	1081	2526	2343	1896	1672	2493	2071	2625	2410	2900	1852	2219	2219	2669	2478	2885	2239	2599	1317	2459	1730	2633	2271	997	1408	2463	1317
1194	228	1222	989	1207	1011	1657	749	2428	1180	1213	1500	627	99	761	2664	1021	1576	2824	2152	312	995	1426	1315	1090	1512	1437	1430	995	1318	0	578	599	2960	1779	1208	1260	967	1048	1169	1161	1062	1347	996	545	210	1259	1645	864	1293	921	1143	672	1313	1025	1175	940	1279	1221	1494	1303	214	1239	1212	1051	1531	1203	286	1236	1123	2404	887	1529	850	939	1412	756	1377	984	1388	1287	1004	1264	1385	1251	1245	1155	1021	976	974	2416	1212	1222	3090	169	1059	1052	1078	1149	1855	1260	488	566	426	947	1382	2999	1447	1296	1944	99	1078	1380	1256	1491	454	1303	435	1069	1249	651	1303	1369	1323	1411	651	995	1480	1059	1042	998	1176	859	1379	621	1677	552	244	877	2426	2377	1197	1315	1370	283	822	979	1049	747	1429	801	1646	1011	2197	1280	819	418	1022	731	776	690	1149	1647	860	1412	1042	1107	1210	548	1176	1305	1303	1005	879	1182	425	247	1245	1049	1257	1354	1226	168	519	1022	1276	2055	1335	1492	1201	1203	1313	804	667	678	1164	1544	1290	1386	990	1411	1459	1379	1380	732	697	1102	664	194	1218	1234	695	995	1207	1227	1190	1312	1078	771	771	1059	1391	1527	887	403	1305	147	1207	1217	702	1270	995	1177	1004	680	128	1754	1315	1338	2877	1217	1002	623	1647	963	1555	1502	1387	1183	1507	1207	1276	1246	809	797	222	1037	633	879	2580	1824	943	1293	1185	879	852	1261	893	1372	1147	1872	819	1052	1052	1492	1227	1708	1051	1500	171	1347	603	1379	986	2093	214	1405	145
