NAME : VRPTW_INSTANCE_212.txt
COMMENT : Bangkok Supermarket
TYPE : VRPTW
DIMENSION : 270
DAYS : Monday
EDGE_WEIGHT_TYPE : EXPLICIT
VEHICLES : 35
EDGE_WEIGHT_FORMAT : FULL_MATRIX
CAPACITY : 1000
EDGE_WEIGHT_SECTION
0	975	101	121	1391	589	258	1129	503	404	1120	103	639	224	215	214	607	101	1627	201	399	1068	404	77	255	382	357	1788	1419	404	183	600	496	585	599	153	367	170	639	33	1087	653	1023	608	404	24	205	412	289	371	460	341	403	1777	1132	885	152	201	84	22	611	942	386	155	3881	996	639	1369	451	1126	395	612	644	133	374	210	695	650	202	97	1160	428	1606	1273	1002	1321	1109	818	395	309	747	351	124	428	413	1994	1072	403	253	241	210	581	247	154	122	581	548	352	2208	753	245	1213	404	1230	201	166	580	1643	379	783	178	1001	683	608	170	494	399	4009	1221	412	2664	550	2113	1145	582	1083	212	527	865	789	1578	978	152	227	221	815	193	1088	202	367	631	1027	605	206	309	376	415	1426	1715	185	1577	3802	201	267	152	394	1007	221	214	1169	1041	152	529	288	477	1090	91	207	617	1572	202	147	404	582	907	964	305	759	364	89	404	625	322	475	652	1624	365	1524	305	2972	497	103	153	1705	1529	300	550	189	1126	172	216	244	891	122	440	255	371	124	120	1700	395	961	367	1606	300	305	474	264	985	2758	372	124	1190	550	153	1074	197	487	368	111	1322	1816	1090	154	431	582	386	334	372	93	2652	212	210	815	307	984	1466	213	193	152	1069	1028	1333	608	1062	193	439	479	789	418
975	0	1031	1065	531	865	1218	2062	1408	614	234	930	1333	1185	1112	1110	1473	1064	2579	780	609	2043	1343	1050	783	1297	1332	841	2391	1343	1150	1549	1399	879	826	1100	1342	1144	863	1006	119	664	75	845	1255	996	1102	1277	987	618	604	722	616	803	162	445	901	780	942	992	1303	583	611	844	2958	769	1333	444	1010	163	1369	502	1541	842	1282	1059	1199	1467	1176	926	186	551	1513	383	620	1183	791	471	641	1135	515	1246	860	551	1270	1683	2047	1265	1005	1078	1104	872	732	867	1077	872	1171	1252	1689	530	1204	249	1199	508	780	1141	1555	2569	1274	1710	933	810	1459	852	1144	1399	1341	3062	1017	569	1736	546	1632	687	392	121	1106	1156	1155	1614	1218	768	901	1074	839	252	1143	124	1159	1274	1311	648	1484	1170	1140	1290	581	461	769	867	2447	2880	780	1134	901	1339	628	1183	1111	216	667	901	1157	1124	1386	775	961	1161	851	1320	853	1111	1266	867	134	65	1132	218	1338	1025	1379	1273	1161	1425	853	868	1270	2498	1250	2064	1403	923	860	775	570	675	546	792	814	944	1168	1187	911	1062	1020	783	618	860	914	753	641	572	1224	1513	675	1132	1415	875	794	1789	1279	860	219	546	1100	381	1152	586	1268	1062	2119	953	126	867	1213	392	611	1309	1280	1030	1697	828	1163	252	1225	432	2435	1109	927	901	339	201	374	852	1864	782	1212	1390	1613	1262
101	1031	0	174	1468	545	186	1118	410	489	1190	204	540	154	114	112	637	141	1603	252	481	1020	319	110	267	407	317	1828	1361	319	124	523	402	539	562	193	321	154	596	78	1147	641	1075	568	303	82	104	312	383	448	478	436	432	1835	1185	973	254	252	185	108	513	940	465	187	3908	976	540	1439	379	1178	362	630	551	200	279	287	611	549	166	198	1214	480	1549	1310	999	1276	1091	908	483	208	838	253	173	480	312	1952	1025	303	344	316	108	536	300	254	163	536	457	255	2184	846	173	1263	304	1314	252	147	534	1631	281	782	137	977	734	567	154	401	316	4044	1186	483	2737	567	2086	1240	641	1134	110	437	794	689	1548	957	254	301	217	853	111	1148	219	272	533	1021	630	141	208	402	493	1474	1756	181	1584	3829	252	327	254	312	1002	152	113	1232	1033	254	439	187	385	1073	70	129	575	1531	303	84	303	538	953	1015	205	819	313	12	366	529	221	471	611	1636	269	1468	317	2998	404	205	173	1742	1575	368	567	240	1107	126	136	158	850	178	366	267	448	173	221	1768	483	961	266	1549	368	205	477	233	962	2819	277	173	1249	567	193	1097	120	576	271	162	1352	1896	1150	254	330	641	465	295	277	9	2693	311	132	853	339	1070	1429	112	152	254	1096	1099	1380	567	962	256	339	386	689	317
121	1065	174	0	1454	705	237	1017	501	468	1195	136	699	207	263	262	486	34	1521	311	467	983	387	64	375	262	283	1889	1342	387	167	561	494	701	718	35	298	108	756	110	1174	774	1117	726	439	115	257	439	234	448	577	383	516	1862	1225	930	175	311	122	98	674	1062	459	275	3988	1117	699	1443	552	1221	310	728	636	239	383	118	785	674	149	139	1251	529	1718	1377	1123	1439	1230	861	451	369	786	371	240	529	444	2112	987	433	191	144	262	698	353	201	19	698	629	368	2329	790	228	1308	460	1282	311	109	499	1530	394	668	291	1122	566	725	108	492	380	4112	1341	495	2729	667	2234	1170	675	1177	263	609	968	803	1699	1099	175	129	343	921	203	1174	94	378	694	1148	484	189	367	256	490	1521	1816	306	1457	3909	311	153	175	372	1127	204	263	1251	1161	175	611	348	474	1211	203	207	734	1690	231	154	433	699	1006	1059	366	847	301	164	324	695	375	365	770	1740	377	1445	190	3081	494	142	273	1808	1627	392	667	300	1248	283	215	247	1009	5	540	375	448	240	153	1776	451	1081	405	1718	392	366	360	382	1106	2838	382	240	1277	667	35	1186	199	537	382	12	1201	1873	1176	201	487	675	459	261	381	165	2752	252	210	921	186	1032	1369	263	307	175	1179	1101	1429	725	1072	295	496	474	803	454
1391	531	1468	1454	0	1391	1648	2375	1869	988	302	1320	1840	1614	1565	1563	1772	1463	2900	1219	992	2432	1787	1457	1251	1642	1737	805	2796	1787	1574	1990	1861	1404	1353	1486	1750	1551	1392	1424	427	1194	547	1372	1729	1415	1554	1747	1308	1020	1104	1073	1099	542	480	548	1279	1219	1337	1403	1809	1094	1005	1289	2812	1279	1840	148	1518	502	1765	1025	2008	1267	1739	1413	1722	1956	1588	1319	449	1009	1992	670	1120	1672	1280	618	1003	1607	697	1706	1295	1009	1742	2086	2435	1736	1340	1423	1557	1397	1173	1254	1470	1397	1681	1710	1996	701	1635	488	1682	223	1219	1549	1954	2858	1735	2032	1395	1321	1710	1379	1551	1860	1784	2861	1506	985	1274	1061	1965	511	848	515	1559	1665	1686	2104	1642	1281	1279	1424	1306	784	1578	417	1545	1731	1820	1144	1789	1597	1612	1636	975	513	755	1327	2689	2736	1219	1480	1279	1780	1128	1611	1563	333	1162	1279	1666	1594	1846	1267	1402	1594	1379	1771	1223	1537	1737	1392	664	588	1604	680	1751	1459	1779	1784	1632	1785	1382	1121	1727	2896	1620	1977	1864	1315	1308	806	588	1099	1061	1231	1301	1405	1602	1626	1439	1451	1526	1251	1020	1295	1302	366	1003	1079	1694	1992	1099	1604	1768	1355	1307	1418	1737	1295	375	1061	1486	839	1584	918	1727	1455	2322	433	416	1254	1700	848	1005	1714	1737	1464	1518	1202	1597	784	1580	448	2791	1562	1392	1279	795	378	518	1379	2364	1211	1701	1848	2103	1737
589	865	545	705	1391	0	668	1631	712	668	1089	651	502	653	529	528	1183	677	2083	480	651	1451	711	646	374	952	823	1500	1740	711	646	891	704	14	42	732	819	697	51	595	981	212	871	30	552	590	526	578	843	607	332	714	383	1607	973	1051	675	480	643	610	476	488	626	462	3490	457	502	1309	224	957	873	366	810	528	627	797	334	681	700	641	1008	491	1020	992	530	733	574	1011	692	468	974	591	500	491	566	1407	1458	567	820	828	523	11	478	645	700	11	344	600	1646	989	658	1026	471	1313	480	690	1006	2136	608	1313	414	448	1272	25	697	706	715	3654	642	589	2583	338	1546	1360	598	923	524	337	340	813	1006	437	675	815	378	616	607	988	764	621	478	543	1176	651	474	947	632	1208	1433	408	2116	3411	480	856	675	719	531	653	527	1080	549	675	337	474	701	559	502	623	33	986	684	616	569	6	740	817	468	726	803	551	869	434	490	1005	67	1190	615	1853	862	2580	711	646	452	1400	1287	537	338	482	587	423	624	620	304	708	242	374	607	500	654	1603	692	512	538	1020	537	468	1015	324	436	2581	625	500	1068	338	732	736	620	756	610	694	1897	1818	989	645	470	598	626	805	626	552	2340	670	623	616	883	1119	1880	527	398	675	755	1021	1115	25	1032	513	462	706	811	549
258	1218	186	237	1648	668	0	964	263	663	1374	344	505	34	139	140	557	211	1433	438	657	837	150	203	448	340	155	2012	1174	150	76	342	257	659	693	225	151	132	718	224	1333	798	1261	695	230	234	144	221	470	628	657	596	616	2021	1371	1142	393	438	325	249	485	1102	643	373	4086	1118	505	1623	464	1364	205	807	399	382	153	345	643	445	94	342	1401	667	1631	1493	1158	1381	1235	1075	653	217	1003	153	358	667	230	2056	842	219	426	364	145	658	486	406	218	658	480	147	2314	1008	13	1449	280	1489	438	129	355	1473	169	646	304	1114	688	692	132	254	144	4225	1307	665	2920	745	2213	1396	827	1321	144	463	859	567	1673	1098	393	351	395	1038	76	1334	197	149	506	1178	542	52	212	338	672	1660	1940	361	1449	4007	438	343	393	138	1161	37	141	1418	1188	393	465	203	237	1218	256	57	701	1640	449	110	218	661	1139	1201	216	1005	137	192	200	519	206	345	735	1805	150	1282	247	3175	256	348	359	1925	1761	551	745	426	1250	292	51	48	967	242	447	448	628	358	363	1953	653	1124	204	1631	551	216	362	392	1100	3005	152	358	1436	745	225	1275	65	744	157	229	1250	2074	1336	406	304	827	643	138	151	187	2876	464	54	1038	298	1242	1251	142	316	393	1276	1283	1566	692	835	440	315	237	567	245
1129	2062	1118	1017	2375	1631	964	0	984	1448	2157	1143	1330	983	1104	1105	603	1028	524	1327	1452	423	935	1052	1378	766	810	2898	676	935	999	815	988	1622	1657	981	813	968	1681	1104	2163	1758	2121	1658	1110	1113	1108	1086	1081	1446	1588	1341	1531	2839	2224	1827	1165	1327	1135	1107	1327	2059	1451	1283	5004	2083	1330	2395	1418	2222	761	1740	975	1256	1020	1003	1538	1148	951	1149	2248	1545	2544	2392	2117	2326	2200	1757	1422	1166	1678	1052	1253	1545	1099	2994	416	1094	1058	984	1110	1621	1371	1200	1010	1621	1387	1042	3275	1674	975	2310	1190	2171	1327	974	634	514	1042	352	1255	2078	689	1656	968	985	930	5122	2266	1497	3627	1678	3171	1972	1681	2179	1109	1377	1776	1145	2632	2063	1165	987	1334	1937	1031	2161	926	1024	1344	2138	587	988	1160	773	1481	2523	2825	1297	515	4925	1327	927	1165	923	2120	984	1106	2230	2150	1165	1378	1158	981	2183	1182	1013	1664	2587	1209	1035	1092	1624	2017	2064	1166	1844	828	1117	763	1379	1147	653	1698	2752	1029	713	826	4098	981	1150	1277	2821	2631	1404	1678	1316	2214	1243	1011	1012	1926	1018	1401	1378	1446	1253	1156	2725	1422	2080	1111	2544	1404	1166	656	1348	2065	3791	1021	1253	2264	1678	981	2203	1018	1488	1036	1023	526	2758	2163	1200	1203	1681	1452	830	1020	1115	3758	1235	1012	1937	841	1928	467	1106	1268	1165	2196	2063	2433	1656	1266	1312	1214	975	1147	1119
503	1408	410	501	1869	712	263	984	0	899	1584	599	348	294	304	307	731	474	1389	650	890	744	120	462	625	553	312	2163	1031	120	336	182	8	699	747	488	292	395	755	472	1526	890	1442	742	163	480	315	137	734	856	813	845	791	2207	1553	1383	649	650	580	500	343	1191	873	580	4197	1166	348	1831	487	1543	344	950	141	609	131	608	555	205	356	596	1585	865	1559	1643	1239	1352	1282	1318	894	275	1249	163	577	865	148	2014	750	149	690	624	312	701	696	658	481	701	411	158	2315	1256	272	1625	240	1723	650	392	359	1463	134	729	477	1152	886	737	395	9	128	4352	1309	886	3133	891	2208	1649	1028	1501	310	405	794	306	1673	1146	649	612	569	1201	311	1529	454	138	361	1254	709	313	270	553	901	1830	2093	544	1495	4118	650	598	649	138	1240	297	306	1617	1260	649	406	284	26	1268	470	300	744	1613	704	361	148	705	1314	1382	278	1205	272	421	323	395	249	493	774	1899	142	1144	474	3286	7	602	560	2069	1924	771	891	639	1293	465	291	261	977	506	470	625	856	577	618	2156	894	1215	187	1559	771	278	521	535	1142	3194	133	577	1627	891	488	1405	310	986	142	493	1362	2300	1531	658	242	1028	873	316	133	416	3020	716	297	1201	534	1480	1174	308	481	649	1414	1496	1735	737	572	661	251	26	307	163
404	614	489	468	988	668	663	1448	899	0	727	333	953	628	595	593	861	475	1966	262	17	1452	806	469	340	684	749	1453	1811	806	587	1005	890	674	652	501	762	562	703	438	715	596	674	670	775	428	584	790	375	62	356	111	290	1399	776	485	295	262	348	415	922	792	42	330	3567	916	953	974	666	775	779	447	1040	289	767	446	921	1018	600	331	799	198	1639	961	855	1317	1006	421	34	659	357	738	323	198	787	1952	1455	779	391	464	588	667	228	267	483	667	817	741	2084	367	650	862	748	826	262	560	968	1955	767	1096	448	938	860	674	562	889	802	3676	1180	91	2262	410	2004	763	250	731	590	797	1007	1164	1499	902	295	461	381	527	595	714	561	760	938	886	870	611	662	677	48	1075	1380	386	1840	3488	262	521	295	798	862	625	594	787	904	295	798	642	873	986	429	610	680	1537	243	552	779	665	581	620	655	397	762	478	792	915	681	817	707	1382	757	1913	645	2668	893	327	352	1381	1184	147	410	271	1029	455	619	645	907	465	666	340	62	323	315	1307	34	803	738	1639	147	655	805	449	919	2370	765	323	818	410	501	817	601	96	758	468	1527	1412	716	267	770	250	42	726	765	484	2311	219	614	527	614	581	1830	592	451	295	798	633	987	674	1435	242	774	875	1163	786
1120	234	1190	1195	302	1089	1374	2157	1584	727	0	1059	1541	1341	1282	1280	1556	1200	2680	939	728	2179	1508	1191	961	1404	1474	821	2537	1508	1302	1713	1576	1102	1050	1228	1486	1286	1090	1154	153	892	267	1070	1439	1144	1272	1459	1076	749	805	823	804	682	242	378	1022	939	1074	1135	1510	813	737	1007	2921	1000	1541	248	1218	262	1506	722	1722	992	1455	1168	1420	1662	1321	1057	226	720	1735	490	847	1407	1015	434	747	1318	504	1421	1017	720	1453	1876	2182	1447	1102	1182	1274	1095	891	994	1210	1095	1381	1426	1842	514	1361	297	1389	288	939	1283	1694	2653	1450	1807	1108	1041	1517	1076	1286	1575	1506	3000	1241	709	1548	759	1796	522	556	254	1276	1365	1386	1810	1417	1000	1022	1181	1017	484	1302	142	1289	1447	1520	873	1571	1324	1322	1397	706	445	754	1040	2507	2843	939	1240	1022	1503	855	1338	1281	110	892	1022	1366	1305	1561	999	1122	1319	1077	1531	969	1264	1448	1090	368	296	1314	382	1484	1182	1518	1484	1343	1542	1081	985	1443	2640	1371	2047	1580	1053	1025	782	553	822	759	950	1036	1119	1326	1349	1146	1192	1226	961	749	1017	1042	580	747	801	1406	1735	822	1314	1527	1062	1026	1644	1453	1017	174	759	1228	585	1309	671	1443	1194	2158	733	142	994	1406	556	737	1451	1453	1187	1636	946	1322	484	1337	313	2554	1279	1104	1022	541	94	393	1076	2067	934	1406	1564	1809	1447
103	930	204	136	1320	651	344	1143	599	333	1059	0	742	310	318	317	588	142	1652	200	331	1119	494	142	288	378	416	1757	1478	494	268	682	592	649	656	170	429	231	699	130	1038	686	984	667	507	123	309	514	197	313	469	253	403	1726	1091	802	50	200	19	100	713	960	323	190	3861	1032	742	1307	537	1087	446	616	739	132	472	158	788	752	270	9	1116	401	1672	1248	1022	1378	1141	733	317	412	660	451	151	401	516	2046	1123	506	169	187	313	645	235	65	150	645	645	451	2242	665	333	1174	507	1151	200	230	635	1655	478	792	260	1041	639	668	231	590	488	3981	1269	360	2595	558	2150	1052	541	1043	315	624	945	890	1620	1014	50	176	273	793	288	1038	230	466	733	1049	590	292	412	371	354	1387	1684	243	1570	3782	200	231	50	482	1028	307	317	1115	1064	50	626	391	573	1122	183	299	676	1624	105	238	506	645	875	926	408	712	431	192	459	725	426	496	711	1624	464	1580	321	2955	593	7	199	1678	1494	261	558	191	1160	257	308	338	947	133	528	288	313	151	19	1640	317	978	470	1672	261	408	488	331	1024	2702	470	151	1141	558	170	1065	289	405	467	135	1294	1741	1040	65	534	541	323	394	470	196	2620	120	303	793	303	902	1504	316	273	50	1056	966	1296	668	1162	176	542	574	890	521
639	1333	540	699	1840	502	505	1330	348	953	1541	742	0	518	435	436	1049	665	1711	692	940	1055	430	639	617	844	621	2002	1291	430	546	516	345	488	544	703	605	619	530	619	1452	712	1350	531	275	622	443	288	923	896	736	939	746	2101	1457	1420	789	692	724	649	31	984	917	629	3968	914	0	1776	323	1443	664	834	374	686	364	817	232	206	592	734	1491	847	1217	1494	1020	1032	1025	1365	961	332	1308	353	647	847	277	1680	1062	287	883	842	438	492	725	780	682	492	162	360	2003	1319	505	1517	238	1729	692	613	707	1799	343	1075	511	891	1191	525	619	349	438	4142	1011	907	3067	787	1892	1714	998	1405	437	176	468	315	1365	895	789	828	572	1095	501	1457	694	365	24	1027	1031	531	333	842	937	1706	1936	568	1842	3890	692	836	789	447	1019	520	435	1549	1030	789	175	353	356	1014	563	504	529	1289	831	546	288	498	1218	1293	335	1160	584	553	647	71	323	818	548	1672	362	1405	753	3062	352	741	607	1902	1788	807	787	685	1031	507	497	470	700	703	314	617	896	647	757	2084	961	1009	302	1217	807	335	842	507	885	3081	364	647	1546	787	703	1239	509	1049	354	687	1707	2274	1459	780	212	998	917	616	365	549	2839	832	501	1095	803	1506	1482	436	505	789	1257	1462	1612	525	533	717	202	361	313	260
224	1185	154	207	1614	653	34	983	294	628	1341	310	518	0	124	125	556	180	1457	405	623	866	183	169	419	333	172	1982	1206	183	42	376	287	645	676	198	172	106	704	190	1300	776	1229	679	245	200	127	240	442	594	629	562	586	1989	1340	1108	360	405	291	215	497	1079	609	342	4059	1100	518	1589	455	1332	222	780	431	348	177	318	645	469	73	308	1369	634	1626	1463	1136	1371	1217	1041	619	215	969	171	325	634	247	2047	871	236	397	338	130	643	454	373	188	643	482	166	2300	974	22	1418	287	1454	405	101	382	1493	191	659	278	1097	681	677	106	284	177	4197	1294	632	2886	717	2199	1363	794	1289	129	465	856	595	1660	1080	360	325	367	1008	48	1302	177	172	518	1156	543	19	211	331	638	1629	1911	332	1463	3980	405	322	360	171	1139	3	126	1385	1167	360	467	199	267	1199	225	30	685	1630	416	76	236	646	1108	1170	213	973	161	160	220	528	209	354	720	1780	173	1313	239	3148	286	314	327	1896	1730	518	717	393	1232	265	28	48	955	212	439	419	594	325	330	1920	619	1101	216	1626	518	213	367	368	1083	2973	176	325	1403	717	198	1248	36	710	178	199	1256	2040	1304	373	312	794	609	153	175	155	2847	430	29	1008	285	1208	1278	127	290	360	1248	1249	1535	677	865	407	324	267	595	261
215	1112	114	263	1565	529	139	1104	304	595	1282	318	435	124	0	2	676	229	1570	345	586	964	230	203	331	449	294	1891	1290	230	128	437	296	521	553	270	290	196	580	189	1230	660	1151	555	189	194	10	198	489	551	533	549	500	1915	1262	1080	368	345	299	219	410	965	569	275	3955	978	435	1530	330	1253	344	680	445	305	173	381	533	435	182	312	1293	564	1504	1370	1020	1247	1096	1016	592	106	948	143	272	564	198	1923	969	189	448	407	8	519	392	368	247	519	373	146	2176	956	129	1337	197	1418	345	189	490	1612	171	783	181	974	792	553	196	295	229	4098	1170	581	2831	618	2075	1351	728	1211	6	354	736	575	1535	959	368	393	275	919	82	1232	273	166	431	1040	664	126	104	446	596	1546	1820	245	1587	3876	345	406	368	228	1023	124	1	1318	1050	368	356	86	280	1079	166	96	562	1505	417	114	189	522	1026	1091	103	906	276	126	340	432	112	478	596	1670	162	1400	354	3044	299	319	256	1801	1644	466	618	334	1110	169	95	92	830	268	315	331	551	272	335	1857	592	987	152	1504	466	103	492	259	961	2901	171	272	1332	618	270	1146	95	685	163	251	1380	1996	1234	368	223	728	569	276	171	122	2753	425	95	919	392	1176	1383	3	189	368	1150	1193	1451	553	848	356	233	283	575	202
214	1110	112	262	1563	528	140	1105	307	593	1280	317	436	125	2	0	676	228	1572	343	584	966	232	202	329	449	295	1889	1292	232	128	439	298	519	552	270	292	196	579	187	1228	658	1149	554	190	193	8	200	488	549	531	547	498	1913	1260	1078	366	343	297	218	411	963	567	273	3953	977	436	1528	330	1251	345	678	447	303	176	381	533	437	183	311	1291	562	1503	1368	1018	1246	1094	1014	590	106	946	145	270	562	200	1922	971	190	447	407	6	518	390	366	247	518	373	148	2174	954	130	1335	198	1416	343	189	492	1613	174	785	179	973	792	552	196	297	231	4096	1168	579	2829	616	2074	1349	725	1209	4	354	736	577	1534	957	366	392	273	917	82	1230	273	168	431	1038	665	126	105	446	594	1544	1818	243	1588	3874	343	406	366	230	1021	125	0	1316	1048	366	356	86	282	1077	164	97	560	1504	416	114	191	521	1024	1089	103	904	277	125	341	433	113	479	595	1668	164	1402	355	3042	301	317	254	1799	1642	464	616	332	1109	166	96	93	829	267	314	329	549	270	334	1855	590	986	153	1503	464	103	492	258	959	2899	173	270	1330	616	270	1144	96	683	165	251	1381	1994	1232	366	224	725	567	277	174	120	2751	423	96	917	392	1174	1385	1	187	366	1148	1191	1449	552	850	354	234	285	577	204
607	1473	637	486	1772	1183	557	603	731	861	1556	588	1049	556	676	676	0	510	1128	787	867	750	624	540	861	230	428	2314	1119	624	548	653	730	1177	1199	455	445	487	1234	593	1569	1261	1535	1205	777	600	675	761	486	867	1056	751	991	2239	1636	1224	597	787	585	585	1033	1546	869	760	4428	1604	1049	1793	1004	1636	388	1205	811	716	685	433	1200	936	493	596	1657	982	2179	1818	1607	1914	1717	1153	832	771	1074	700	723	982	773	2590	750	763	470	407	679	1174	823	635	487	1174	1037	692	2815	1071	561	1722	837	1569	787	495	443	1097	706	268	771	1608	171	1204	487	726	616	4535	1823	920	3027	1146	2720	1379	1103	1592	679	1020	1412	1012	2184	1585	597	414	829	1371	594	1567	418	684	1054	1633	28	550	767	235	898	1934	2241	793	984	4349	787	357	597	606	1612	555	677	1632	1647	597	1022	755	712	1698	684	581	1213	2169	632	571	762	1176	1439	1481	770	1258	466	632	408	1072	763	238	1249	2211	688	1199	322	3527	724	595	760	2242	2044	840	1146	777	1734	761	584	601	1488	485	990	861	867	723	596	2122	832	1564	758	2179	840	770	210	865	1592	3188	685	723	1670	1146	455	1650	580	891	696	496	715	2157	1569	635	859	1103	870	433	684	631	3170	658	582	1371	301	1324	1034	677	786	597	1638	1462	1847	1204	1239	764	871	709	1014	791
101	1064	141	34	1463	677	211	1028	474	475	1200	142	665	180	229	228	510	0	1529	299	472	981	362	31	356	282	274	1883	1337	362	138	542	467	672	690	54	287	89	728	83	1174	752	1114	698	406	89	223	408	265	451	561	395	503	1863	1223	944	187	299	126	78	640	1043	462	256	3979	1094	665	1448	520	1218	306	713	611	229	354	152	751	644	129	143	1250	523	1688	1370	1103	1410	1207	875	460	335	800	340	224	523	412	2084	984	401	222	178	227	669	344	208	23	669	595	338	2305	805	201	1305	426	1294	299	88	494	1542	364	682	263	1098	596	697	89	465	356	4105	1314	495	2737	651	2209	1188	672	1174	228	575	936	774	1673	1075	187	164	319	912	172	1174	101	348	660	1127	506	161	333	277	493	1518	1810	282	1476	3900	299	185	187	348	1107	177	229	1253	1141	187	577	314	447	1188	175	177	706	1663	244	121	401	670	1001	1056	332	846	288	131	318	661	341	375	742	1725	347	1440	204	3071	467	147	253	1801	1623	389	651	287	1224	254	185	217	981	38	507	356	451	224	161	1780	460	1062	372	1688	389	332	373	355	1082	2841	352	224	1277	651	54	1174	168	548	352	22	1225	1884	1176	208	453	672	463	251	352	132	2747	262	180	912	209	1044	1372	228	278	187	1168	1106	1425	697	1044	287	463	448	774	421
1627	2579	1603	1521	2900	2083	1433	524	1389	1966	2680	1652	1711	1457	1570	1572	1128	1529	0	1828	1969	656	1371	1549	1869	1281	1286	3410	591	1371	1480	1206	1394	2072	2113	1486	1284	1460	2130	1600	2682	2230	2635	2112	1537	1609	1576	1511	1603	1960	2080	1861	2029	3361	2741	2352	1678	1828	1642	1607	1716	2535	1967	1778	5508	2540	1711	2919	1861	2738	1240	2233	1337	1758	1456	1520	1936	1510	1438	1657	2765	2051	2921	2899	2590	2739	2657	2282	1941	1615	2203	1492	1751	2051	1524	3390	649	1521	1578	1502	1577	2072	1873	1712	1512	2072	1800	1483	3704	2199	1445	2825	1619	2696	1828	1466	1080	202	1476	872	1735	2531	1207	2108	1460	1392	1368	5634	2698	2011	4151	2170	3597	2493	2193	2694	1576	1794	2176	1463	3062	2520	1678	1504	1821	2442	1506	2680	1428	1462	1730	2610	1111	1466	1608	1288	1997	3038	3337	1784	502	5429	1828	1445	1678	1363	2593	1458	1572	2751	2619	1678	1795	1611	1393	2641	1671	1487	2116	2998	1725	1518	1519	2076	2527	2578	1615	2360	1296	1604	1238	1771	1592	1156	2148	3238	1467	536	1331	4600	1387	1659	1770	3330	3146	1913	2170	1816	2670	1723	1483	1478	2364	1523	1844	1869	1960	1751	1667	3249	1941	2558	1546	2921	1913	1615	1164	1825	2519	4316	1458	1751	2784	2170	1486	2699	1493	2010	1473	1526	820	3282	2682	1712	1627	2193	1967	1308	1456	1601	4273	1750	1486	2442	1354	2453	258	1573	1747	1678	2696	2585	2948	2108	1496	1816	1637	1387	1465	1543
201	780	252	311	1219	480	438	1327	650	262	939	200	692	405	345	343	787	299	1828	0	250	1266	569	278	105	570	555	1587	1611	569	369	774	642	481	477	346	563	370	524	230	895	489	825	491	517	220	335	533	371	210	269	255	205	1583	935	742	206	0	201	221	661	760	229	70	3680	834	692	1187	420	929	595	418	790	71	519	358	680	757	399	191	964	230	1495	1072	822	1193	942	682	269	399	619	487	80	230	529	1856	1270	522	356	387	337	475	48	171	317	475	562	491	2042	629	424	1015	485	1074	0	365	777	1841	516	980	185	845	838	493	370	641	566	3808	1077	235	2487	359	1952	1026	389	885	339	541	799	904	1424	817	206	377	125	614	364	896	401	511	677	848	788	390	402	564	254	1227	1515	123	1766	3601	0	431	206	564	827	403	344	980	863	206	543	382	626	922	183	381	501	1433	205	330	523	474	707	766	395	567	558	245	603	657	422	674	533	1429	508	1718	501	2772	644	193	90	1504	1330	122	359	12	961	193	389	410	763	310	417	105	210	80	195	1516	269	777	481	1495	122	395	671	196	828	2567	517	80	998	359	346	875	372	358	508	304	1495	1650	898	171	508	389	229	532	517	250	2452	190	384	614	494	836	1667	342	189	206	869	848	1133	493	1173	33	512	628	903	527
399	609	481	467	992	651	657	1452	890	17	728	331	940	623	586	584	867	472	1969	250	0	1451	800	465	326	687	746	1447	1809	800	582	999	882	657	634	500	759	559	686	432	712	578	669	652	765	423	576	780	383	45	338	121	272	1397	772	494	295	250	346	411	908	776	24	319	3560	899	940	976	651	770	778	430	1031	281	759	449	906	1007	596	329	795	180	1622	952	840	1300	990	431	49	648	369	730	314	180	777	1936	1454	769	397	468	579	650	214	266	482	650	803	732	2069	379	644	857	736	833	250	557	966	1960	758	1100	436	921	869	656	559	881	796	3670	1163	74	2266	393	1988	776	240	726	581	782	989	1153	1482	885	295	465	367	516	589	711	561	751	924	870	876	605	651	681	33	1070	1374	373	1848	3482	250	525	295	791	846	620	585	786	889	295	784	631	865	970	420	604	663	1520	244	546	770	647	573	613	644	391	759	471	790	901	671	819	689	1371	748	1912	646	2660	884	325	340	1374	1179	133	393	259	1012	444	612	638	889	464	651	326	45	314	314	1308	49	787	728	1622	133	644	807	434	902	2371	757	314	815	393	500	805	594	111	749	466	1537	1417	714	266	758	240	25	724	757	476	2306	220	607	516	616	589	1831	583	439	295	787	634	981	656	1424	231	762	867	1153	776
1068	2043	1020	983	2432	1451	837	423	744	1452	2179	1119	1055	866	964	966	750	981	656	1266	1451	0	746	993	1285	798	710	2849	372	746	897	561	750	1440	1485	950	702	898	1497	1037	2155	1615	2091	1481	900	1047	972	873	1132	1432	1494	1360	1453	2844	2200	1895	1156	1266	1105	1051	1062	1921	1443	1206	4919	1908	1055	2426	1227	2194	674	1643	681	1201	827	1020	1283	853	867	1122	2228	1495	2264	2330	1972	2086	2025	1824	1433	990	1746	865	1185	1495	886	2734	7	884	1096	1012	972	1441	1313	1185	969	1441	1152	856	3054	1746	850	2281	981	2248	1266	902	488	767	845	503	1141	1895	900	1477	898	748	744	5062	2051	1477	3705	1581	2945	2095	1651	2151	970	1148	1522	809	2413	1888	1156	1009	1232	1874	913	2155	890	833	1075	1989	723	879	984	805	1473	2493	2777	1198	895	4840	1266	956	1156	741	1974	868	966	2234	1997	1156	1149	990	751	2010	1091	894	1484	2344	1210	937	882	1445	1973	2032	991	1827	707	1024	664	1117	966	651	1515	2629	839	465	812	4008	743	1126	1193	2762	2595	1368	1581	1253	2036	1128	888	876	1721	987	1210	1285	1432	1185	1137	2759	1433	1944	913	2264	1368	991	673	1224	1885	3822	829	1185	2258	1581	950	2111	902	1515	844	985	947	2843	2157	1185	985	1651	1443	733	828	1020	3713	1233	892	1874	854	1998	430	967	1151	1156	2113	2085	2399	1477	875	1261	995	746	811	904
404	1343	319	387	1787	711	150	935	120	806	1508	494	430	183	230	232	624	362	1371	569	800	746	0	353	561	435	198	2119	1062	0	226	206	115	700	742	371	179	279	759	371	1459	869	1382	740	176	380	240	153	617	768	762	745	730	2146	1492	1289	543	569	475	397	418	1175	784	501	4175	1168	430	1757	490	1484	236	906	249	520	85	490	611	320	239	491	1523	793	1616	1599	1226	1390	1286	1222	799	244	1151	120	492	793	166	2060	751	159	573	505	238	700	617	555	367	700	454	111	2343	1157	161	1568	255	1633	569	277	301	1430	106	652	411	1159	774	736	279	112	8	4322	1333	802	3057	845	2238	1546	956	1441	236	442	844	427	1699	1148	543	494	505	1149	211	1462	334	90	438	1244	604	202	238	436	813	1776	2048	475	1438	4096	569	478	543	18	1229	186	232	1547	1252	543	444	244	95	1270	386	196	744	1651	599	256	158	705	1256	1322	246	1134	158	328	218	463	221	389	777	1883	96	1173	355	3263	112	497	484	2029	1874	688	845	558	1298	399	188	161	996	392	472	561	768	492	513	2085	799	1198	176	1616	688	246	415	485	1147	3132	86	492	1562	845	371	1370	206	891	102	379	1279	2216	1464	555	268	956	784	198	85	323	2981	613	193	1149	414	1387	1171	234	419	543	1375	1418	1681	736	691	576	280	93	428	186
77	1050	110	64	1457	646	203	1052	462	469	1191	142	639	169	203	202	540	31	1549	278	465	993	353	0	329	311	283	1865	1346	353	126	540	454	641	659	86	294	95	696	54	1161	723	1099	667	385	61	196	388	286	441	536	395	480	1850	1208	943	190	278	123	58	613	1016	454	231	3958	1064	639	1439	488	1202	319	688	600	210	338	179	720	625	131	140	1235	505	1656	1350	1076	1379	1178	875	456	308	802	321	201	505	391	2053	997	381	244	207	201	637	324	206	54	637	566	320	2275	807	191	1289	400	1291	278	92	505	1566	347	707	231	1068	628	666	95	452	347	4086	1283	484	2731	627	2179	1193	657	1159	202	545	904	758	1643	1045	190	192	291	893	153	1162	127	332	634	1100	536	150	307	306	484	1502	1792	253	1503	3879	278	217	190	341	1080	166	203	1242	1113	190	547	287	435	1159	144	161	675	1631	246	102	381	639	984	1040	304	833	294	100	329	633	316	398	710	1700	331	1451	230	3050	455	146	226	1782	1606	374	627	267	1195	223	170	201	950	68	476	329	441	201	161	1771	456	1035	350	1656	374	304	398	324	1052	2830	336	201	1265	627	86	1151	152	546	335	51	1256	1880	1164	206	427	657	454	260	336	101	2730	262	165	893	239	1043	1389	202	247	190	1147	1098	1409	666	1029	269	437	436	758	400
255	783	267	375	1251	374	448	1378	625	340	961	288	617	419	331	329	861	356	1869	105	326	1285	561	329	0	637	584	1564	1620	561	391	768	617	375	373	408	588	410	420	275	901	401	820	387	477	267	321	497	471	281	211	354	169	1585	931	803	304	105	284	278	586	687	302	101	3641	746	617	1207	326	922	628	363	760	157	499	443	583	706	431	278	962	242	1392	1044	747	1092	857	747	354	356	691	463	138	242	491	1759	1290	485	452	474	323	370	116	271	377	370	477	469	1957	702	435	1006	432	1121	105	404	801	1892	491	1036	150	754	925	388	410	616	560	3777	981	289	2509	301	1864	1097	404	880	325	456	694	854	1333	728	304	462	56	590	372	904	456	491	601	772	859	407	361	631	320	1215	1492	87	1832	3562	105	511	304	559	752	417	329	991	786	304	458	343	603	837	198	391	396	1336	310	351	486	369	695	760	353	580	580	264	633	576	382	726	430	1373	486	1729	559	2731	621	281	102	1476	1314	193	301	107	875	162	397	411	662	376	325	0	281	138	287	1531	354	706	444	1392	193	353	727	110	737	2571	496	138	1002	301	408	830	383	436	485	366	1574	1685	906	271	451	404	302	562	497	268	2428	295	393	590	562	891	1696	327	144	304	829	875	1120	388	1119	139	452	607	854	485
382	1297	407	262	1642	952	340	766	553	684	1404	378	844	333	449	449	230	282	1281	570	687	798	435	311	637	0	241	2131	1170	435	320	523	549	946	968	229	262	257	1003	365	1400	1035	1354	975	568	372	448	556	335	679	838	581	776	2082	1459	1100	398	570	372	359	825	1324	685	537	4238	1376	844	1648	775	1456	220	989	657	499	481	238	979	756	266	385	1483	780	1950	1626	1385	1683	1490	1029	660	548	950	490	502	780	566	2359	800	556	303	221	452	943	611	434	260	943	816	483	2587	950	342	1544	620	1453	570	264	364	1278	501	414	541	1379	347	974	257	546	427	4355	1593	730	2912	928	2490	1297	914	1412	451	799	1185	853	1954	1357	398	223	602	1172	367	1399	188	480	846	1410	224	326	544	6	715	1757	2058	565	1196	4159	570	164	398	417	1389	332	450	1471	1423	398	801	531	530	1471	455	356	982	1938	443	341	555	945	1250	1297	546	1078	281	401	243	860	542	147	1018	2000	482	1263	94	3333	545	385	535	2054	1865	638	928	560	1507	531	360	381	1257	262	761	637	679	502	390	1980	660	1343	544	1950	638	546	126	635	1364	3047	481	502	1502	928	229	1443	354	733	490	271	945	2047	1401	434	644	914	686	237	480	400	2992	468	358	1172	76	1203	1150	450	556	398	1435	1309	1667	974	1102	552	656	527	854	583
357	1332	317	283	1737	823	155	810	312	749	1474	416	621	172	294	295	428	274	1286	555	746	710	198	283	584	241	0	2142	1063	198	193	298	309	814	848	253	21	188	874	326	1445	949	1380	850	351	336	298	334	482	724	795	666	748	2134	1490	1213	458	555	400	341	606	1252	736	498	4226	1272	621	1722	618	1484	50	947	418	490	257	353	783	516	156	417	1518	785	1779	1624	1308	1535	1389	1144	733	368	1068	276	475	785	346	2209	714	336	439	359	300	813	603	482	266	813	621	267	2469	1071	165	1570	417	1565	555	191	222	1320	279	491	449	1269	576	847	188	305	189	4360	1462	767	3011	884	2368	1446	940	1440	299	606	1006	612	1828	1253	458	350	534	1167	221	1445	197	258	627	1329	409	179	362	242	767	1782	2069	498	1294	4147	555	317	458	179	1312	173	296	1525	1340	458	608	356	290	1372	386	203	856	1794	514	232	335	816	1263	1321	367	1116	40	319	48	647	353	199	890	1951	262	1167	172	3316	305	421	487	2057	1886	658	884	543	1404	436	200	203	1122	287	601	584	724	475	434	2054	733	1273	336	1779	658	367	221	540	1255	3114	257	475	1548	884	253	1415	208	820	269	281	1103	2157	1447	482	437	940	737	22	256	315	3006	535	202	1167	234	1315	1113	296	461	458	1414	1380	1689	847	864	550	449	287	613	365
1788	841	1828	1889	805	1500	2012	2898	2163	1453	821	1757	2002	1982	1891	1889	2314	1883	3410	1587	1447	2849	2119	1865	1564	2131	2142	0	3182	2119	1952	2324	2155	1514	1458	1924	2148	1958	1473	1817	755	1292	778	1471	2001	1808	1882	2026	1827	1451	1357	1562	1396	365	679	1199	1732	1587	1767	1807	1976	1027	1446	1643	2117	1152	2002	677	1702	678	2183	1214	2283	1655	2048	1894	1811	2175	1986	1752	661	1360	1635	520	1005	1388	1079	1252	1481	1888	1316	2010	1667	1360	2016	1549	2854	2014	1844	1914	1883	1510	1540	1697	1899	1510	1843	2018	1327	1328	1999	592	1931	1000	1587	1953	2362	3407	2036	2545	1711	1189	2299	1477	1958	2155	2119	2224	1252	1400	1253	1274	1329	1292	1216	721	1885	1835	1671	2312	1197	1166	1732	1910	1618	975	1936	760	1982	2040	1978	1008	2323	1970	1894	2124	1417	385	72	1651	3288	2039	1587	1970	1732	2119	1008	1980	1889	718	1014	1732	1835	1883	2145	1079	1758	1955	1473	1365	1688	1912	2015	1504	882	833	1886	1055	2142	1824	2190	1933	1915	2253	1456	532	2035	3292	2078	1230	2160	1750	1656	106	273	1496	1274	1599	1088	1723	1961	1975	1377	1887	1717	1564	1451	1667	1743	564	1481	1002	1976	1635	1496	1886	2245	1634	1186	1121	2046	1667	665	1274	1924	764	1947	1427	2032	1884	2956	896	758	1697	1939	1216	1446	2119	2047	1829	864	1663	1957	975	2057	1130	3254	1888	1702	1732	750	900	466	1477	2528	1596	1935	2149	2310	2004
1419	2391	1361	1342	2796	1740	1174	676	1031	1811	2537	1478	1291	1206	1290	1292	1119	1337	591	1611	1809	372	1062	1346	1620	1170	1063	3182	0	1062	1241	859	1038	1727	1776	1310	1051	1251	1781	1386	2505	1920	2436	1770	1194	1396	1300	1167	1502	1787	1824	1723	1789	3195	2546	2263	1517	1611	1463	1403	1305	2222	1800	1548	5228	2188	1291	2785	1516	2539	1032	1969	932	1550	1136	1387	1523	1086	1217	1480	2575	1841	2454	2661	2269	2315	2303	2192	1794	1298	2114	1174	1531	1841	1179	2935	372	1179	1465	1380	1299	1729	1659	1544	1327	1729	1415	1166	3286	2115	1188	2624	1271	2616	1611	1254	843	773	1150	863	1471	2171	1262	1765	1251	1037	1062	5382	2302	1830	4071	1908	3174	2467	2000	2496	1297	1415	1755	997	2654	2168	1517	1377	1565	2210	1250	2506	1251	1143	1313	2283	1093	1221	1292	1176	1830	2834	3110	1533	1008	5149	1611	1325	1517	1062	2270	1208	1292	2588	2289	1517	1416	1302	1044	2290	1431	1231	1772	2567	1572	1280	1178	1734	2314	2376	1300	2177	1054	1366	1018	1359	1272	1022	1800	2929	1148	114	1178	4317	1032	1484	1533	3091	2934	1719	1908	1599	2311	1459	1225	1208	1986	1346	1499	1620	1787	1531	1496	3118	1794	2246	1214	2454	1719	1300	1045	1547	2162	4177	1138	1531	2609	1908	1310	2431	1240	1878	1152	1343	1185	3210	2509	1544	1270	2000	1800	1086	1137	1362	4043	1594	1229	2210	1223	2366	341	1294	1480	1517	2437	2444	2740	1765	960	1610	1277	1040	999	1194
404	1343	319	387	1787	711	150	935	120	806	1508	494	430	183	230	232	624	362	1371	569	800	746	0	353	561	435	198	2119	1062	0	226	206	115	700	742	371	179	279	759	371	1459	869	1382	740	176	380	240	153	617	768	762	745	730	2146	1492	1289	543	569	475	397	418	1175	784	501	4175	1168	430	1757	490	1484	236	906	249	520	85	490	611	320	239	491	1523	793	1616	1599	1226	1390	1286	1222	799	244	1151	120	492	793	166	2060	751	159	573	505	238	700	617	555	367	700	454	111	2343	1157	161	1568	255	1633	569	277	301	1430	106	652	411	1159	774	736	279	112	8	4322	1333	802	3057	845	2238	1546	956	1441	236	442	844	427	1699	1148	543	494	505	1149	211	1462	334	90	438	1244	604	202	238	436	813	1776	2048	475	1438	4096	569	478	543	18	1229	186	232	1547	1252	543	444	244	95	1270	386	196	744	1651	599	256	158	705	1256	1322	246	1134	158	328	218	463	221	389	777	1883	96	1173	355	3263	112	497	484	2029	1874	688	845	558	1298	399	188	161	996	392	472	561	768	492	513	2085	799	1198	176	1616	688	246	415	485	1147	3132	86	492	1562	845	371	1370	206	891	102	379	1279	2216	1464	555	268	956	784	198	85	323	2981	613	193	1149	414	1387	1171	234	419	543	1375	1418	1681	736	691	576	280	93	428	186
183	1150	124	167	1574	646	76	999	336	587	1302	268	546	42	128	128	548	138	1480	369	582	897	226	126	391	320	193	1952	1241	226	0	417	329	639	667	160	197	73	697	149	1264	759	1195	671	277	159	127	275	401	554	602	520	556	1953	1305	1066	317	369	249	173	523	1060	569	308	4032	1088	546	1551	457	1298	239	753	474	310	216	280	660	508	54	265	1334	599	1631	1433	1118	1370	1204	999	577	230	926	206	289	599	280	2047	902	270	358	302	131	637	418	330	148	637	499	202	2291	932	65	1384	311	1413	369	67	410	1511	228	668	256	1086	664	669	73	326	220	4168	1289	593	2847	691	2192	1320	758	1255	131	480	865	636	1653	1068	317	288	341	976	47	1265	149	211	544	1139	537	23	226	317	598	1596	1879	304	1472	3953	369	290	317	214	1121	39	129	1348	1151	317	482	211	309	1186	194	42	678	1628	373	39	269	639	1075	1135	227	936	190	127	242	551	228	359	713	1758	211	1348	226	3122	329	271	295	1866	1697	480	691	357	1220	244	49	80	950	172	441	391	554	289	287	1881	577	1082	245	1631	480	227	369	349	1072	2936	215	289	1367	691	160	1221	36	668	216	157	1255	2000	1267	330	336	758	569	171	214	123	2816	387	45	976	265	1166	1305	129	269	317	1221	1210	1502	669	906	369	347	309	636	292
600	1549	523	561	1990	891	342	815	182	1005	1713	682	516	376	437	439	653	542	1206	774	999	561	206	540	768	523	298	2324	859	206	417	0	189	879	926	538	278	454	936	566	1666	1063	1588	921	339	576	447	313	777	969	968	936	937	2352	1699	1483	730	774	664	590	516	1367	985	707	4371	1347	516	1962	667	1691	304	1110	170	722	276	648	733	334	413	681	1730	999	1733	1803	1416	1533	1464	1416	995	439	1342	314	696	999	325	2192	567	324	733	656	445	880	822	746	542	880	594	306	2498	1347	354	1775	420	1830	774	454	222	1285	291	593	618	1334	820	917	454	186	208	4522	1492	1006	3261	1049	2390	1731	1162	1648	443	588	973	368	1855	1327	730	647	712	1355	412	1668	488	283	532	1432	627	394	433	526	1014	1983	2253	682	1330	4292	774	616	730	210	1418	379	439	1753	1439	730	589	442	190	1449	591	395	924	1794	786	452	323	885	1463	1528	441	1340	267	531	281	570	413	421	955	2075	289	971	469	3460	182	686	690	2233	2080	891	1049	763	1475	606	387	364	1160	566	649	768	969	696	701	2291	995	1390	356	1733	891	441	452	689	1323	3338	278	696	1768	1049	538	1572	405	1086	292	556	1225	2417	1670	746	424	1162	985	314	278	526	3184	803	392	1355	530	1583	991	440	625	730	1578	1622	1888	917	586	779	433	185	369	343
496	1399	402	494	1861	704	257	988	8	890	1576	592	345	287	296	298	730	467	1394	642	882	750	115	454	617	549	309	2155	1038	115	329	189	0	692	740	482	289	389	748	464	1518	882	1434	734	155	472	307	129	728	847	805	837	783	2199	1544	1375	642	642	572	492	340	1184	865	571	4189	1159	345	1823	480	1534	342	941	149	601	123	602	551	207	350	588	1576	856	1555	1634	1231	1347	1275	1310	886	267	1241	154	569	856	140	2009	757	141	683	619	304	693	688	650	475	693	406	150	2310	1248	266	1617	233	1714	642	386	362	1468	126	731	468	1145	884	730	389	3	124	4345	1303	877	3125	882	2203	1641	1020	1493	302	399	790	312	1667	1139	642	606	560	1193	303	1521	448	130	358	1246	708	306	261	550	892	1822	2084	535	1499	4110	642	593	642	134	1233	290	298	1608	1253	642	401	275	20	1261	462	293	737	1608	696	353	140	698	1305	1374	270	1197	269	413	322	391	240	492	767	1891	134	1151	470	3278	7	594	552	2061	1916	763	882	631	1286	457	284	254	971	499	463	617	847	569	611	2148	886	1208	179	1555	763	270	519	526	1135	3186	125	569	1619	882	482	1397	302	978	133	486	1364	2292	1523	650	235	1020	865	312	125	408	3012	708	289	1193	530	1472	1181	299	473	642	1406	1488	1726	730	578	653	244	22	312	156
