NAME : VRPTW_INSTANCE_160.txt
COMMENT : Bangkok Supermarket
TYPE : VRPTW
DIMENSION : 253
DAYS : Friday
EDGE_WEIGHT_TYPE : EXPLICIT
VEHICLES : 30
EDGE_WEIGHT_FORMAT : FULL_MATRIX
CAPACITY : 1000
EDGE_WEIGHT_SECTION
0	165	395	489	1119	404	199	1092	328	1036	928	1507	209	284	127	82	741	1565	422	243	780	721	609	362	2633	390	1005	214	368	83	978	1420	1260	779	745	2853	1773	220	1253	924	300	1011	120	759	226	1805	538	383	37	985	525	395	395	491	1095	146	215	283	1166	676	1627	199	588	399	502	1083	385	495	383	215	88	412	422	185	568	943	1765	948	1380	529	1729	540	1001	652	289	2372	462	301	1383	748	541	101	375	242	135	1684	200	1987	1914	1022	204	404	212	809	101	312	687	1935	214	548	582	231	481	779	1525	86	366	837	848	218	139	411	410	1668	1626	691	91	202	2077	815	412	963	1303	239	1927	404	1727	1033	582	1025	344	395	661	309	262	155	1028	700	19	128	149	600	397	424	78	197	165	1064	394	1468	493	1968	442	46	393	436	1116	197	852	946	246	532	914	345	428	994	1959	394	2882	1209	1797	119	544	199	201	1126	245	412	770	679	686	206	19	31	367	998	373	1054	355	995	2306	2816	586	265	344	236	767	707	364	1114	1642	152	103	2216	191	140	438	185	203	637	737	406	1604	617	447	1755	458	916	1975	891	633	853	1300	101	1013	617	584	283	431	388	437	239	390	304	402	1221	188	1974	265	1126	412	941	582
165	0	522	629	1254	543	157	1214	463	1186	781	1665	372	443	103	201	901	1729	404	168	933	808	772	212	2796	527	1165	238	326	170	1129	1551	1389	943	759	2992	1926	92	1410	1045	455	1168	225	606	359	1927	600	232	175	1135	666	241	241	626	1258	60	144	443	1316	767	1757	124	603	318	635	1173	528	630	232	237	99	393	454	144	699	1009	1913	1108	1521	594	1882	698	1161	788	291	2536	359	215	1525	912	471	147	366	184	123	1845	196	2144	2062	1172	240	543	323	963	66	348	581	2074	164	611	739	175	419	934	1666	200	325	672	691	243	85	397	396	1832	1784	753	227	159	2240	979	412	1123	1370	166	2092	249	1891	1118	739	1177	354	522	651	463	118	319	1171	819	147	77	35	461	326	416	114	233	301	1222	359	1629	389	2132	451	175	307	558	1239	233	688	1041	178	593	998	318	590	1154	1795	359	3041	1360	1943	73	606	355	365	1285	171	393	890	588	579	368	147	135	226	848	334	1217	326	1156	2461	2979	723	323	316	285	927	862	321	1279	1477	246	83	2367	41	256	461	339	236	573	900	325	1747	658	386	1916	592	1005	2140	1028	795	959	1458	147	1163	753	720	138	455	237	571	182	526	340	321	1378	171	2138	323	1285	393	1092	716
395	522	0	592	731	60	594	697	511	995	1303	1382	250	197	424	326	454	1310	798	638	441	936	524	735	2324	42	895	591	756	468	934	1029	1308	520	1073	2470	1419	603	921	1025	162	926	297	1126	469	1853	821	754	419	951	155	762	762	616	813	531	610	207	807	887	1649	593	926	794	633	706	75	619	754	592	424	788	759	580	688	606	1398	648	1366	810	1374	526	889	732	350	2163	857	696	1365	521	933	375	748	440	530	1367	374	1647	1845	986	576	60	199	767	460	662	785	1552	609	829	284	437	872	450	1145	325	754	1147	1205	594	445	784	784	1463	1294	956	427	597	1782	561	778	654	951	634	1660	769	1462	661	284	979	337	0	1016	153	638	334	653	305	412	448	524	800	511	793	473	572	444	743	778	1165	888	1682	360	360	788	617	721	572	1130	1120	453	816	1116	730	229	877	2220	778	2554	852	1425	449	828	385	269	803	640	788	375	1074	787	355	412	410	747	1369	760	902	739	880	2183	2512	674	605	729	593	677	679	753	906	1926	276	492	2126	523	266	782	392	577	1025	615	801	1573	920	838	1444	595	543	1731	936	552	464	972	375	976	709	681	574	775	760	583	439	41	656	797	888	581	1695	605	803	788	906	689
489	629	592	0	1091	547	538	1133	166	561	1238	1056	387	401	616	526	582	1225	533	581	691	362	264	756	2332	553	574	450	564	459	507	1389	774	567	612	2723	1587	632	1058	450	434	562	548	1109	270	1321	347	776	463	510	601	795	795	34	839	580	572	391	1040	316	1138	574	516	652	49	1243	522	35	775	452	577	532	412	539	96	1188	1611	745	892	336	1546	159	572	163	740	1960	733	617	896	504	709	582	500	727	521	1428	673	1758	1433	546	436	547	564	353	580	403	1174	1829	548	349	523	716	656	673	1426	531	562	1263	1208	448	628	519	520	1272	1400	425	405	539	1768	583	490	773	1514	579	1586	805	1391	1212	523	554	778	592	627	441	674	358	966	817	498	616	599	1087	878	511	515	440	329	874	558	1202	753	1650	857	515	658	113	1148	440	1301	527	732	347	528	530	401	569	2395	558	2606	1072	1659	606	351	295	374	931	580	532	870	857	1173	302	498	518	743	1314	560	653	536	569	1841	2502	97	371	532	402	359	260	566	761	2063	570	546	1740	666	537	438	306	441	754	372	656	1117	449	636	1485	50	1097	1606	402	269	991	1092	582	538	131	97	764	435	780	67	725	554	405	653	1031	510	1646	372	931	532	469	101
1119	1254	731	1091	0	714	1314	154	1111	1140	2035	1262	932	855	1155	1056	517	910	1486	1361	400	1445	855	1467	1706	729	960	1293	1461	1183	1098	305	1514	560	1690	1739	739	1333	400	1373	828	1022	1028	1857	1122	1979	1420	1486	1137	1124	594	1494	1494	1125	524	1261	1334	860	225	1402	1756	1318	1566	1512	1141	442	734	1127	1486	1294	1155	1478	1415	1302	1164	620	692	445	1460	1409	696	942	952	1148	1047	1764	1580	1419	1451	627	1640	1107	1438	1157	1253	788	1096	991	1760	1142	1276	714	931	1006	1191	1339	1392	821	1330	1425	584	1156	1578	420	420	1055	1459	1857	1934	1295	1176	1472	1472	1151	685	1517	1131	1317	1221	567	1457	413	692	1357	1174	1501	1009	475	584	1120	1009	731	1671	818	1370	1019	133	449	1137	1179	1255	1472	1184	1476	1198	1273	1121	379	1478	664	1610	1150	975	1088	1508	1176	139	1273	1825	1545	1170	1418	1577	1431	742	939	2874	1478	1897	257	707	1181	1426	1044	949	384	1362	1478	385	1788	1396	1012	1137	1137	1478	2100	1464	881	1440	943	1956	1901	1123	1282	1431	1281	894	984	1459	761	2606	1008	1220	1969	1255	997	1441	1058	1278	1724	823	1519	1598	1526	1546	873	1124	466	1292	1232	867	391	446	1107	1134	1148	1135	1298	1436	1491	1125	1157	730	1335	1514	380	1297	1177	1282	384	1478	1093	1152
404	543	60	547	714	0	600	692	478	935	1325	1323	232	167	450	343	401	1258	791	646	399	897	466	755	2281	21	835	588	755	471	875	1016	1251	465	1050	2450	1386	619	880	973	132	866	319	1150	448	1796	793	775	423	892	122	785	785	572	762	546	619	176	775	849	1591	604	907	799	590	725	26	576	776	589	444	782	743	588	642	643	1370	600	1308	782	1342	472	829	682	398	2108	866	705	1306	463	934	399	741	479	538	1324	411	1611	1785	927	572	0	229	708	479	650	840	1532	616	801	229	475	872	405	1123	343	753	1183	1232	591	471	777	777	1407	1255	924	423	603	1736	505	768	607	981	643	1610	792	1412	685	229	919	390	60	1001	121	657	320	627	310	422	472	542	847	561	785	483	568	430	699	775	1119	896	1635	419	374	795	580	715	568	1171	1075	492	789	1074	727	171	817	2266	775	2515	819	1399	472	800	364	251	761	648	782	377	1078	842	332	422	423	765	1392	759	842	737	820	2124	2469	626	593	727	584	618	622	753	848	1969	303	505	2066	549	287	766	373	574	1023	555	807	1514	895	839	1400	553	567	1678	881	494	478	931	399	917	661	633	607	760	781	543	478	22	645	802	848	585	1646	593	761	782	847	642
199	157	594	538	1314	600	0	1291	375	1100	752	1593	387	465	234	275	911	1705	249	50	963	666	725	218	2791	588	1101	95	178	132	1046	1617	1271	941	601	3044	1954	103	1428	924	488	1097	311	596	280	1802	451	238	177	1049	720	257	257	528	1254	99	33	462	1351	628	1640	40	445	199	533	1279	580	532	238	94	204	238	299	15	593	1132	1950	1116	1417	445	1910	637	1099	687	434	2485	266	106	1422	900	344	255	209	338	64	1850	335	2160	1967	1085	105	600	409	888	170	197	730	2127	15	461	763	328	285	960	1716	278	177	724	691	99	225	241	241	1787	1798	601	192	2	2231	973	254	1134	1493	46	2069	267	1870	1228	763	1093	496	594	496	498	139	309	1219	899	182	211	124	593	483	259	123	100	237	1236	209	1629	296	2118	595	238	194	449	1314	100	763	901	334	444	853	164	602	1093	1857	209	3047	1393	1985	201	456	314	373	1299	50	238	970	480	728	338	182	189	208	825	185	1166	173	1094	2380	2970	626	186	162	147	869	789	174	1245	1528	341	114	2276	197	336	304	297	100	442	855	207	1644	503	251	1918	495	1112	2107	922	745	1052	1472	255	1077	651	620	282	298	242	473	336	587	190	202	1396	28	2121	186	1299	238	1008	613
1092	1214	697	1133	154	692	1291	0	1129	1246	1988	1403	922	848	1112	1022	586	1064	1482	1335	458	1493	916	1425	1838	704	1072	1281	1448	1163	1200	350	1619	643	1714	1800	862	1298	554	1452	817	1131	991	1807	1126	2100	1446	1444	1114	1225	580	1449	1449	1166	662	1228	1307	855	379	1448	1878	1290	1581	1491	1182	288	715	1168	1444	1282	1117	1473	1423	1277	1213	476	802	560	1580	1434	821	993	1064	1208	982	1917	1554	1394	1572	707	1627	1066	1433	1098	1228	935	1042	1118	1902	1247	1265	692	891	1092	1154	1338	1291	892	1306	1451	610	1098	1565	484	519	1021	1446	1786	1878	1283	1132	1468	1467	1304	829	1554	1116	1294	1366	658	1457	531	542	1331	1326	1456	1163	324	610	1226	938	697	1681	807	1331	1010	250	394	1110	1137	1219	1387	1107	1474	1170	1261	1117	516	1468	818	1585	1298	891	1057	1485	1207	27	1261	1745	1613	1111	1443	1638	1420	756	1050	2773	1468	2017	411	806	1140	1452	1045	940	530	1337	1473	323	1770	1295	1012	1110	1107	1440	2051	1452	1002	1430	1054	2108	2033	1176	1281	1420	1275	978	1058	1446	893	2515	967	1189	2118	1209	962	1448	1057	1267	1715	904	1498	1728	1551	1532	1020	1160	330	1445	1317	932	283	601	1066	1238	1203	1188	1242	1442	1449	1158	1098	704	1333	1493	533	1277	1327	1281	530	1473	1192	1203
328	463	511	166	1111	478	375	1129	0	726	1096	1217	272	313	455	374	630	1353	412	420	718	431	369	593	2453	479	727	291	425	293	671	1415	932	636	584	2791	1668	467	1135	597	349	721	401	958	104	1477	318	614	299	676	562	632	632	164	934	414	409	304	1093	383	1299	409	455	507	174	1202	452	168	613	293	415	408	312	375	240	1117	1681	817	1057	306	1625	270	725	326	595	2113	588	460	1061	582	586	425	371	569	355	1531	520	1854	1599	712	276	478	436	512	416	266	1015	1885	386	324	526	558	528	706	1476	380	423	1100	1056	290	466	397	397	1418	1492	445	241	377	1890	660	373	842	1460	417	1717	643	1519	1163	526	719	638	511	561	359	509	215	994	777	336	453	433	922	723	394	349	279	164	945	425	1305	612	1774	725	358	511	115	1148	279	1135	638	574	315	619	390	373	719	2232	425	2720	1129	1724	442	324	148	254	1006	420	408	839	738	1015	168	336	356	582	1172	422	797	397	721	2006	2628	260	223	392	248	499	414	425	889	1903	427	379	1906	500	395	339	154	281	647	494	512	1283	423	504	1592	130	1046	1745	565	383	951	1174	425	704	290	257	599	334	618	109	567	479	266	508	1106	347	1773	223	1006	408	634	254
1036	1186	995	561	1140	935	1100	1246	726	0	1772	507	883	857	1160	1056	685	826	1059	1142	810	638	471	1317	1915	952	186	1010	1107	1017	60	1376	373	614	991	2493	1358	1194	906	358	878	122	1069	1657	829	877	799	1336	1014	50	918	1356	1356	572	668	1139	1133	850	984	629	663	1135	967	1198	569	1457	919	569	1336	1012	1124	1060	927	1100	515	1488	1420	696	372	793	1325	503	193	420	1249	1433	1277	1174	370	559	1227	1120	1036	1262	1082	1125	1200	1459	878	16	996	935	1054	233	1132	950	1702	1677	1109	794	770	1252	1183	782	1328	1061	1106	1823	1757	1007	1175	1047	1048	783	1140	768	959	1101	1365	591	1015	728	1745	1139	1153	1366	979	1448	770	19	1272	995	1068	880	1235	888	1009	1083	1048	1164	1157	1636	1402	1035	1071	1001	885	786	1094	916	1294	1243	1332	1053	1206	656	1250	1001	1862	564	1269	803	637	1075	765	205	2954	1094	2210	994	1483	1155	799	836	877	815	1141	1060	1106	1363	1702	832	1048	1066	1302	1848	1102	292	1079	202	1280	2067	476	927	1078	961	319	332	1110	452	2621	1084	1103	1181	1221	1050	949	850	1002	1247	389	1201	581	865	1169	1155	605	1355	1135	232	443	1231	913	1120	22	455	483	1318	949	1340	626	1260	953	953	1198	894	1072	1227	927	815	1060	94	493
928	781	1303	1238	2035	1325	752	1988	1096	1772	0	2279	1134	1211	879	982	1663	2449	712	702	1708	1188	1463	569	3542	1308	1812	812	674	881	1726	2330	1843	1693	894	3774	2701	707	2179	1506	1229	1796	1007	185	1019	2307	982	549	918	1723	1447	541	541	1217	2007	781	724	1209	2094	1175	2193	735	835	589	1215	1915	1308	1220	549	810	880	712	844	761	1260	1721	2693	1868	2030	986	2657	1366	1811	1354	1014	3196	507	649	2039	1652	547	928	739	894	804	2603	946	2912	2588	1755	829	1325	1103	1589	846	835	941	2856	738	989	1510	892	589	1707	2448	981	676	384	157	812	858	724	724	2510	2550	1066	944	750	2980	1726	757	1886	2069	706	2813	534	2614	1856	1510	1769	1068	1303	764	1237	668	1060	1952	1596	909	855	783	743	930	737	852	828	986	1988	681	2381	485	2866	1142	952	585	1129	2014	828	499	1394	881	977	1318	708	1352	1807	1261	681	3799	2137	2724	854	983	1066	1122	2051	701	712	1666	429	936	1091	909	905	560	76	678	1891	702	1808	3031	3719	1305	873	706	849	1594	1498	672	1985	915	1027	825	2902	780	1038	823	1048	825	551	1590	583	2252	945	604	2670	1189	1752	2841	1559	1479	1723	2224	928	1749	1320	1295	749	823	544	1170	893	1308	834	587	2147	776	2867	872	2051	712	1689	1283
1507	1665	1382	1056	1262	1323	1593	1403	1217	507	2279	0	1331	1288	1626	1514	970	541	1567	1638	1064	1134	903	1811	1496	1342	503	1507	1613	1500	553	1406	616	891	1485	2231	1178	1683	903	826	1300	497	1521	2162	1316	811	1306	1832	1490	556	1268	1850	1850	1071	740	1624	1627	1282	1050	1131	608	1627	1472	1702	1070	1666	1313	1068	1831	1509	1594	1567	1435	1593	1020	1760	1271	865	409	1300	1157	967	507	926	1684	929	1782	1673	394	869	1735	1581	1542	1717	1569	897	1651	1189	500	524	1492	1323	1487	705	1607	1454	2143	1539	1603	1301	1113	1708	1690	1037	1286	1518	1611	2318	2261	1505	1643	1555	1555	358	961	1265	1438	1594	987	853	1522	887	1943	1635	757	1861	637	1676	1113	509	1696	1382	1571	1300	1725	1353	1153	1376	1521	1633	1639	2100	1846	1542	1552	1496	1368	886	1601	760	1800	871	1740	1517	1710	1158	1396	1496	2350	1013	1726	1310	1095	1580	1167	516	3450	1601	1803	1037	1342	1625	1306	1309	1328	878	1637	1567	1375	1871	2143	1300	1521	1538	1799	2356	1607	480	1585	514	804	1627	978	1427	1582	1459	741	805	1615	522	3120	1530	1585	748	1697	1497	1457	1325	1498	1754	782	1706	395	1368	1676	889	1103	1608	694	731	877	1485	880	1581	529	960	987	1791	1456	1836	1123	1715	1343	1457	1703	908	1565	842	1428	878	1567	591	998
209	372	250	387	932	232	387	922	272	883	1134	1331	0	78	304	187	531	1359	559	436	576	703	428	571	2424	226	828	360	529	255	823	1237	1151	570	823	2658	1568	428	1045	837	104	842	189	968	219	1700	573	592	215	835	342	605	605	404	886	355	411	75	964	655	1509	398	676	581	419	954	208	408	592	361	280	551	511	376	482	852	1563	738	1244	562	1524	381	823	546	366	2177	652	493	1245	541	708	255	510	386	330	1475	320	1779	1760	871	343	232	178	651	305	417	819	1741	402	581	376	377	646	573	1329	190	527	1043	1057	362	324	545	545	1472	1418	712	198	390	1868	607	535	754	1201	432	1720	614	1520	911	376	871	395	250	769	115	471	88	833	543	228	318	358	770	519	552	282	340	197	855	546	1258	682	1760	470	199	578	385	944	340	1050	903	395	568	890	499	219	814	2158	546	2672	1006	1597	313	579	136	19	918	437	551	610	855	819	107	228	236	574	1204	531	866	508	817	2134	2607	481	360	499	352	591	551	526	914	1845	200	311	2056	392	167	534	142	346	794	550	588	1463	671	613	1546	376	793	1772	774	454	710	1091	255	862	516	484	474	528	597	360	384	226	412	583	1013	367	1766	360	918	551	789	489
284	443	197	401	855	167	465	848	313	857	1211	1288	78	0	368	249	457	1293	633	514	498	738	390	646	2352	166	787	437	606	333	797	1160	1144	500	883	2579	1490	504	969	843	36	806	243	1044	281	1693	626	667	292	810	268	679	679	422	815	430	489	9	886	690	1496	476	741	659	439	893	141	426	667	438	349	625	578	454	497	804	1485	664	1223	615	1446	362	782	550	396	2120	731	571	1224	475	785	317	584	437	408	1401	368	1703	1728	846	420	167	199	624	377	489	854	1662	481	634	299	429	722	496	1251	252	604	1111	1132	439	389	619	619	1414	1342	759	276	468	1798	537	608	679	1146	510	1654	688	1454	852	299	843	415	197	837	45	546	163	755	475	303	384	432	822	557	625	359	417	269	779	622	1186	760	1690	477	268	656	419	870	417	1114	927	447	622	920	575	146	772	2221	622	2598	928	1519	381	633	198	93	842	515	625	540	932	855	166	303	310	650	1281	608	816	585	775	2092	2536	488	432	575	427	553	528	603	854	1911	245	386	2020	460	215	602	209	423	869	505	666	1439	728	690	1473	399	734	1708	767	418	645	1016	317	837	524	493	538	596	672	386	435	166	484	661	937	446	1698	432	842	625	765	500
127	103	424	616	1155	450	234	1112	455	1160	879	1626	304	368	0	118	822	1662	483	259	845	838	725	313	2717	432	1123	292	412	182	1102	1451	1387	869	828	2895	1836	194	1325	1051	375	1132	132	701	352	1932	644	331	157	1110	572	338	338	619	1183	138	232	370	1225	795	1754	211	671	415	629	1069	436	623	332	292	41	472	512	219	695	908	1820	1029	1506	636	1792	661	1119	779	199	2481	461	311	1510	843	568	52	440	119	179	1763	101	2058	2039	1147	288	450	224	932	64	401	560	1977	246	654	655	108	513	848	1570	116	411	743	782	297	21	474	473	1776	1700	798	215	237	2165	906	484	1041	1269	256	2022	345	1822	1015	655	1150	262	424	729	381	221	273	1076	718	119	25	119	476	276	491	134	281	291	1139	443	1551	492	2058	361	108	405	561	1137	281	746	1066	121	637	1031	398	514	1111	1853	443	2958	1269	1848	33	650	325	302	1201	262	472	788	689	560	328	119	98	328	945	419	1168	407	1113	2427	2902	713	364	397	329	885	830	407	1219	1542	147	123	2340	99	164	523	311	285	669	851	422	1730	714	479	1837	585	902	2076	1018	750	855	1373	52	1138	745	711	169	517	337	564	116	431	394	418	1292	239	2066	364	1201	472	1066	710
82	201	326	526	1056	343	275	1022	374	1056	982	1514	187	249	118	0	704	1543	504	315	732	786	611	412	2600	327	1011	297	448	165	997	1355	1300	750	825	2793	1725	277	1210	971	257	1022	38	808	279	1848	611	432	117	1007	465	442	442	533	1064	205	287	251	1115	739	1664	269	669	474	546	1004	326	537	432	297	102	494	502	261	612	862	1712	911	1409	602	1680	554	1007	690	222	2364	533	373	1411	724	620	68	457	205	211	1647	147	1944	1935	1043	286	343	134	825	136	392	649	1875	290	621	539	195	560	733	1466	5	447	862	892	301	139	493	492	1659	1585	763	159	278	2047	787	495	924	1222	312	1903	450	1703	953	539	1045	272	326	743	264	314	170	970	629	95	135	199	585	352	506	152	279	223	1023	475	1433	564	1940	367	37	467	487	1046	279	865	1006	213	605	978	426	395	998	1972	475	2843	1159	1742	133	618	231	186	1085	317	494	699	754	649	226	95	86	422	1049	454	1052	436	1000	2316	2784	623	343	425	317	773	724	444	1100	1661	70	167	2234	212	61	519	221	285	716	736	481	1631	694	526	1720	501	837	1957	926	637	777	1258	68	1034	657	623	288	512	438	481	203	326	385	477	1178	267	1947	344	1085	494	962	624
741	901	454	582	517	401	911	586	630	685	1663	970	531	457	822	704	0	856	1033	961	129	929	337	1102	1895	422	532	864	1027	781	633	808	1050	79	1192	2161	1046	960	516	865	447	582	692	1499	668	1560	922	1124	745	657	312	1136	1136	616	363	887	938	458	463	887	1342	927	1079	1094	631	773	403	617	1124	866	805	1027	942	902	649	811	1052	207	1044	911	1002	428	524	630	799	1710	1170	1016	1039	126	1201	770	988	873	859	943	803	1249	1456	683	846	401	618	508	834	884	1239	1255	926	925	172	867	1140	102	848	706	1025	1566	1589	865	843	1018	1019	1012	887	1007	719	914	1343	116	998	223	1060	957	1209	1146	1011	762	172	666	791	454	1188	440	1003	602	387	411	759	840	890	1248	963	1019	813	846	685	325	1036	729	1198	1238	810	726	1093	676	596	846	1562	1030	884	921	1060	993	312	511	2663	1036	2140	499	1094	837	927	604	542	388	962	1027	424	1353	1241	576	759	767	1105	1735	1027	498	1002	515	1756	2080	607	830	994	839	394	472	1026	464	2361	685	842	1718	917	660	969	621	850	1272	319	1100	1223	1027	1111	1015	620	671	1277	732	350	546	561	770	673	630	619	989	964	1129	623	871	424	881	1096	485	888	1248	831	388	1027	619	636
1565	1729	1310	1225	910	1258	1705	1064	1353	826	2449	541	1359	1293	1662	1543	856	0	1757	1755	889	1436	985	1915	1109	1279	689	1637	1779	1586	836	960	1092	797	1781	1705	639	1774	510	1184	1291	734	1536	2302	1430	1351	1548	1936	1561	854	1163	1952	1952	1252	500	1704	1737	1291	685	1416	1149	1730	1724	1860	1258	1351	1259	1250	1936	1639	1640	1755	1637	1700	1231	1503	738	666	919	1540	622	1084	687	1153	1655	872	1941	1803	905	818	1933	1611	1721	1724	1664	356	1654	658	961	840	1620	1258	1471	904	1664	1619	2094	1005	1719	1546	1028	1717	1878	871	801	1546	1777	2402	2397	1636	1682	1743	1743	262	428	1559	1521	1707	548	758	1715	668	1597	1752	364	1962	165	1378	1028	815	1647	1310	1833	1286	1818	1413	842	1185	1582	1677	1712	2103	1819	1736	1629	1621	1468	604	1777	267	1965	427	1661	1559	1864	1338	1049	1621	2408	1391	1735	1550	1462	1744	1149	685	3514	1777	1394	653	810	1672	1551	1392	1364	561	1755	1755	1157	2083	2096	1371	1582	1594	1912	2524	1776	585	1751	686	1060	1277	1180	1577	1746	1599	866	974	1779	464	3205	1534	1660	1103	1751	1506	1663	1409	1625	1979	859	1866	936	1635	1856	352	1275	1343	421	1048	970	1235	465	1611	839	1179	1193	1832	1661	1941	1290	1722	1280	1619	1862	531	1679	421	1577	561	1755	863	1209
422	404	798	533	1486	791	249	1482	412	1059	712	1567	559	633	483	504	1033	1757	0	239	1109	510	778	356	2862	782	1103	209	86	339	1014	1792	1159	1045	359	3193	2077	328	1545	812	664	1084	542	605	367	1662	287	367	390	1010	902	387	387	509	1346	349	260	627	1492	485	1522	279	210	163	506	1500	767	512	366	208	450	10	132	264	548	1366	2086	1227	1332	287	2034	675	1102	641	683	2484	228	213	1340	993	175	499	49	587	305	1943	584	2266	1890	1043	222	791	633	879	419	149	955	2281	240	296	909	577	123	1100	1870	508	86	811	704	205	475	15	14	1803	1904	412	371	247	2298	1072	44	1250	1726	240	2119	396	1923	1451	909	1057	745	798	247	674	340	471	1379	1100	410	461	373	794	728	26	360	228	365	1354	53	1718	239	2181	844	468	176	421	1503	228	879	740	582	281	677	85	746	1100	1920	53	3131	1531	2127	450	290	441	542	1415	235	10	1168	326	952	473	410	423	327	789	77	1187	78	1100	2325	3034	594	205	88	206	893	792	92	1293	1579	575	361	2204	441	562	114	428	222	239	899	163	1557	294	110	2004	483	1334	2139	850	790	1263	1585	499	1037	607	584	513	113	368	467	585	782	152	162	1515	245	2178	204	1415	10	976	571
243	168	638	581	1361	646	50	1335	420	1142	702	1638	436	514	259	315	961	1755	239	0	1012	688	774	174	2841	633	1147	132	158	181	1089	1663	1304	991	597	3092	2003	89	1477	956	536	1141	350	547	328	1831	469	194	223	1091	767	213	213	570	1305	120	28	511	1400	653	1673	47	444	159	574	1317	626	573	193	130	234	228	310	59	632	1164	1999	1166	1455	464	1959	684	1145	727	456	2532	219	58	1460	950	309	287	206	352	108	1900	359	2210	2006	1127	145	646	449	933	198	219	721	2174	36	479	812	343	253	1009	1764	317	157	681	642	135	247	233	233	1835	1848	616	242	47	2281	1023	253	1184	1526	3	2119	224	1919	1265	812	1135	519	638	484	545	111	358	1267	943	225	234	140	573	489	253	164	141	287	1286	192	1679	250	2168	618	279	151	488	1359	141	724	924	346	462	873	154	652	1139	1813	192	3097	1442	2033	225	474	364	423	1349	3	228	1013	439	719	388	225	229	161	775	167	1214	161	1141	2422	3020	667	219	151	183	917	834	153	1295	1482	378	149	2316	203	376	311	347	140	410	903	167	1682	511	220	1968	537	1150	2156	960	793	1093	1522	287	1119	691	660	275	306	198	516	350	633	213	162	1446	75	2171	219	1349	228	1051	652
780	933	441	691	400	399	963	458	718	810	1708	1064	576	498	845	732	129	889	1109	1012	0	1045	459	1141	1883	419	650	927	1094	831	759	699	1177	196	1293	2085	993	1001	481	993	479	703	713	1538	741	1682	1023	1162	790	783	285	1173	1173	725	389	927	988	501	387	1002	1463	975	1173	1154	741	647	409	726	1162	929	834	1102	1028	953	764	700	986	223	1164	1011	949	543	642	752	791	1756	1228	1069	1158	254	1272	793	1062	879	906	926	810	1212	1557	808	910	399	627	637	866	960	1211	1172	979	1027	201	874	1210	28	760	733	1092	1583	1624	929	866	1094	1094	1070	856	1116	773	966	1342	223	1077	220	935	1009	1228	1181	1033	640	201	791	773	441	1280	470	1041	656	277	314	799	865	926	1240	950	1097	856	908	750	303	1107	725	1257	1244	776	758	1152	777	469	908	1570	1155	891	1021	1183	1062	364	629	2660	1107	2116	429	1022	864	1028	670	589	362	1014	1102	312	1422	1213	639	799	804	1147	1778	1095	605	1071	633	1836	2071	724	904	1062	908	523	599	1092	545	2367	700	883	1809	943	681	1054	685	913	1349	448	1161	1337	1129	1179	1003	724	554	1309	860	474	429	531	793	799	750	736	1006	1049	1167	726	877	420	956	1156	449	943	1258	904	362	1102	746	752
721	808	936	362	1445	897	666	1493	431	638	1188	1134	703	738	838	786	929	1436	510	688	1045	0	593	848	2541	901	746	572	585	656	610	1737	655	901	352	3027	1882	769	1367	320	774	705	818	1107	508	1152	224	863	685	597	962	883	883	331	1132	748	695	729	1373	48	1013	706	353	672	314	1605	871	329	862	574	797	516	388	675	281	1540	1919	1068	843	227	1843	502	749	310	1007	2063	738	693	853	834	647	823	509	958	684	1691	922	2028	1400	622	568	897	865	540	783	469	1389	2151	667	215	885	947	619	1025	1758	791	584	1322	1205	568	842	504	504	1421	1681	131	630	665	1984	909	471	1099	1874	687	1780	893	1597	1572	885	643	1057	936	441	783	799	643	1317	1178	722	827	773	1259	1114	485	708	575	562	1193	560	1468	745	1862	1149	761	684	319	1508	575	1387	235	959	231	193	563	762	751	2425	560	2830	1401	1973	816	221	577	686	1245	686	516	1233	762	1387	599	722	743	823	1263	577	853	562	750	1849	2699	322	484	566	523	614	499	589	996	2082	847	731	1714	850	818	398	578	573	640	661	673	1064	244	617	1737	345	1457	1772	406	585	1353	1393	823	619	301	309	944	401	865	354	955	901	476	672	1343	643	1851	484	1245	516	578	293
609	772	524	264	855	466	725	916	369	471	1463	903	428	390	725	611	337	985	778	774	459	593	0	940	2084	481	400	652	794	614	411	1144	790	309	876	2459	1322	802	793	547	408	416	618	1319	446	1331	612	961	597	427	465	978	978	297	575	737	757	383	782	553	1125	753	780	875	310	1069	449	297	961	654	694	774	666	721	316	1057	1346	482	842	601	1281	106	395	293	786	1765	956	820	842	243	953	679	739	814	689	1168	748	1496	1337	462	635	466	589	242	710	635	1244	1568	738	613	336	805	897	436	1168	615	792	1439	1416	652	742	763	764	1063	1136	678	550	727	1521	321	737	511	1352	770	1349	988	1150	1047	336	456	805	524	891	409	846	454	725	658	625	733	749	1197	945	758	662	637	488	610	794	941	980	1405	862	616	878	373	928	637	1460	696	823	612	723	759	294	386	2567	794	2352	813	1396	726	616	418	425	667	773	774	697	1105	1244	404	625	640	933	1539	792	445	766	389	1706	2259	271	592	761	613	163	161	794	522	2245	627	695	1630	800	594	693	435	640	1008	129	880	1053	713	872	1227	310	941	1382	430	28	823	827	679	452	293	283	892	689	965	320	812	482	635	876	767	698	1404	592	667	774	381	300
362	212	735	756	1467	755	218	1425	593	1317	569	1811	571	646	313	412	1102	1915	356	174	1141	848	940	0	2993	739	1319	307	271	328	1263	1764	1475	1139	706	3205	2135	142	1615	1126	662	1315	438	397	498	1997	624	21	358	1266	878	39	39	744	1454	215	184	645	1526	815	1843	186	565	204	748	1374	739	748	21	305	311	347	460	219	807	1200	2124	1309	1628	621	2091	854	1316	902	475	2702	196	154	1634	1103	338	360	342	353	251	2046	392	2350	2180	1301	320	755	536	1106	276	385	616	2287	208	634	944	349	305	1141	1879	412	271	507	486	309	293	357	356	2003	1989	763	393	216	2435	1173	386	1325	1558	177	2279	49	2079	1318	944	1310	535	735	576	670	100	505	1383	1031	343	288	215	442	446	378	289	315	451	1426	302	1828	221	2324	625	383	190	663	1450	315	550	1082	343	617	1026	287	790	1311	1639	302	3243	1570	2154	285	628	523	561	1489	176	347	1102	416	613	543	343	337	31	637	280	1382	289	1312	2597	3174	841	393	284	357	1086	1007	265	1458	1310	459	260	2490	217	469	455	506	314	437	1069	208	1855	649	282	2116	711	1208	2320	1134	960	1167	1662	360	1294	865	835	221	450	26	690	352	738	380	206	1583	246	2328	393	1489	347	1226	827
2633	2796	2324	2332	1706	2281	2791	1838	2453	1915	3542	1496	2424	2352	2717	2600	1895	1109	2862	2841	1883	2541	2084	2993	0	2302	1796	2729	2878	2666	1934	1546	2112	1854	2889	1079	980	2850	1404	2272	2342	1836	2586	3387	2523	2178	2658	3014	2635	1949	2169	3028	3028	2360	1538	2778	2821	2352	1540	2523	2035	2812	2833	2956	2367	2100	2289	2358	3014	2731	2701	2858	2744	2784	2341	2313	1061	1688	1903	2650	1018	2186	1794	2262	2674	836	3037	2892	1888	1890	3037	2665	2823	2761	2744	957	2692	721	1643	1931	2712	2281	2508	2013	2729	2720	3075	1130	2805	2656	2062	2756	2981	1875	1339	2602	2876	3461	3479	2729	2738	2847	2847	1147	1036	2666	2602	2793	563	1819	2820	1676	2248	2838	762	3038	945	2150	2062	1907	2652	2324	2943	2336	2894	2488	1716	2118	2652	2735	2783	3122	2831	2841	2704	2713	2555	1581	2879	1166	3062	682	2642	2621	2959	2445	1813	2713	3453	2475	2773	2660	2551	2843	2206	1793	4542	2879	311	1494	1086	2732	2661	2476	2433	1520	2841	2858	2067	3188	3078	2453	2652	2661	2993	3616	2876	1694	2851	1793	1375	195	2290	2675	2845	2695	1974	2083	2878	1571	4250	2578	2734	1553	2812	2555	2770	2494	2717	3087	1962	2962	1818	2745	2957	881	2382	2168	801	2145	2071	2097	1352	2665	1931	2289	2303	2883	2767	3019	2396	2760	2303	2720	2958	1436	2766	690	2676	1520	2858	1964	2319
390	527	42	553	729	21	588	704	479	952	1308	1342	226	166	432	327	422	1279	782	633	419	901	481	739	2302	0	854	578	745	459	891	1030	1265	486	1047	2466	1404	604	900	983	130	884	302	1133	444	1810	792	759	411	908	139	768	768	578	783	531	606	175	793	852	1606	590	902	787	595	729	33	582	759	579	427	773	738	575	649	639	1387	621	1324	781	1360	484	847	692	377	2129	853	692	1323	483	923	381	733	459	525	1345	391	1630	1804	943	562	21	210	724	462	643	819	1548	603	800	250	455	861	426	1139	326	743	1164	1214	581	453	768	768	1428	1275	924	413	590	1757	526	760	628	980	629	1631	775	1433	687	250	936	369	42	995	120	641	313	644	317	408	454	526	826	540	777	469	558	423	720	765	1140	883	1655	399	358	782	583	727	558	1151	1081	472	788	1079	717	186	836	2245	765	2535	838	1416	455	799	360	245	781	635	773	386	1066	821	329	408	408	749	1375	748	862	727	839	2143	2489	634	586	716	576	635	636	742	869	1948	285	490	2085	531	270	761	368	564	1013	573	794	1531	893	828	1421	558	569	1699	893	509	483	951	381	933	669	641	588	754	764	547	458	1	638	790	868	573	1667	586	781	773	863	650
1005	1165	895	574	960	835	1101	1072	727	186	1812	503	828	787	1123	1011	532	689	1103	1147	650	746	400	1319	1796	854	0	1019	1139	1001	163	1191	555	455	1092	2324	1184	1187	721	511	801	63	1018	1683	821	1033	869	1340	990	187	797	1358	1358	594	482	1125	1135	781	798	727	812	1133	1044	1226	597	1295	823	592	1339	1021	1091	1102	976	1099	558	1343	1241	515	513	862	1149	467	8	472	1184	1386	1307	1187	508	411	1277	1078	1073	1215	1073	962	1149	1299	950	192	1003	835	986	224	1106	977	1642	1495	1112	867	643	1205	1227	622	1142	1015	1137	1824	1781	1017	1140	1090	1090	699	969	870	939	1103	1237	427	1059	547	1582	1144	1037	1368	851	1290	643	167	1199	895	1151	801	1230	851	830	941	1020	1131	1140	1597	1344	1080	1053	1007	871	601	1131	747	1327	1116	1248	1015	1232	683	1074	1007	1852	718	1223	872	782	1105	673	21	2956	1131	2083	808	1303	1123	872	809	825	629	1147	1102	956	1421	1643	798	1020	1036	1309	1888	1134	113	1110	17	1306	1957	510	945	1107	973	238	314	1140	272	2629	1027	1085	1234	1196	994	1000	825	1009	1311	283	1231	693	951	1208	999	623	1203	1041	367	374	1078	729	1078	186	501	521	1289	998	1344	642	1212	855	979	1227	707	1073	1105	945	629	1102	180	535
214	238	591	450	1293	588	95	1281	291	1010	812	1507	360	437	292	297	864	1637	209	132	927	572	652	307	2729	578	1019	0	168	131	957	1598	1176	887	536	3013	1910	199	1381	828	465	1011	335	667	207	1706	361	326	180	959	702	346	346	437	1197	177	128	432	1314	534	1544	136	379	229	441	1291	565	441	326	2	255	199	220	102	500	1158	1912	1065	1323	355	1867	559	1016	595	488	2405	308	168	1328	842	347	298	160	407	117	1795	391	2110	1874	994	17	588	424	802	229	110	819	2097	101	372	726	396	285	921	1686	300	166	813	764	4	289	197	196	1709	1748	514	164	95	2167	917	198	1086	1517	129	2001	356	1802	1242	726	1003	548	591	446	475	234	274	1191	895	203	275	203	687	559	209	160	19	179	1189	187	1572	335	2054	647	260	230	356	1303	19	856	807	405	355	761	139	562	1011	1944	187	2990	1355	1949	263	367	260	344	1251	130	199	964	495	817	289	203	218	292	887	171	1088	148	1012	2290	2907	534	90	138	51	790	705	166	1174	1613	367	171	2183	280	353	231	243	14	435	781	236	1550	423	253	1860	404	1125	2034	828	670	1055	1424	298	987	558	528	371	224	330	384	405	578	102	231	1350	70	2055	90	1251	199	919	520
368	326	756	564	1461	755	178	1448	425	1107	674	1613	529	606	412	448	1027	1779	86	158	1094	585	794	271	2878	745	1139	168	0	289	1059	1766	1227	1046	444	3180	2073	245	1542	879	633	1124	485	549	360	1737	360	282	339	1057	871	303	303	544	1353	274	182	601	1480	557	1592	202	297	91	543	1451	733	547	282	167	383	77	197	194	592	1309	2077	1226	1394	359	2030	694	1137	687	611	2524	169	127	1401	997	179	434	76	510	240	1951	513	2270	1950	1091	185	755	581	916	349	161	869	2265	166	370	893	501	116	1087	1854	451	2	739	649	166	402	86	85	1836	1907	493	332	176	2315	1074	115	1247	1670	160	2142	312	1944	1401	893	1103	674	756	326	644	254	442	1359	1061	353	389	297	707	647	107	298	188	344	1351	34	1726	188	2199	773	411	101	456	1471	188	802	817	505	354	758	34	729	1133	1857	34	3143	1520	2116	379	364	424	512	1413	155	77	1131	327	866	454	353	364	243	750	9	1217	28	1134	2380	3053	635	202	33	187	920	824	5	1314	1519	517	293	2263	362	508	187	409	182	269	919	94	1620	378	84	2014	515	1285	2168	906	809	1219	1584	434	1085	652	626	429	183	284	497	508	745	160	91	1512	181	2199	202	1413	77	1021	614
83	170	468	459	1183	471	132	1163	293	1017	881	1500	255	333	182	165	781	1586	339	181	831	656	614	328	2666	459	1001	131	289	0	960	1486	1220	813	662	2912	1822	188	1297	879	356	1002	204	720	188	1761	463	350	50	966	589	365	365	456	1128	124	157	330	1219	613	1588	146	505	328	464	1163	449	460	350	131	140	329	340	121	529	1027	1818	987	1350	455	1778	534	998	618	366	2379	398	238	1355	775	465	175	291	301	77	1722	272	2031	1892	1002	120	471	294	796	128	229	737	1995	147	473	631	290	404	828	1584	170	287	825	813	135	186	327	327	1677	1669	617	65	134	2107	847	329	1004	1386	177	1950	375	1750	1113	631	1008	424	468	577	366	232	178	1087	773	74	171	140	630	458	340	56	113	131	1106	313	1502	428	1996	522	130	324	389	1186	113	850	886	302	457	849	264	471	991	1954	313	2919	1261	1852	159	470	196	242	1169	182	329	843	607	735	215	74	92	326	953	293	1059	274	993	2294	2847	553	185	263	154	765	695	285	1130	1631	236	86	2198	208	222	355	178	119	558	744	336	1576	538	370	1791	422	996	1992	857	636	930	1342	175	994	582	549	306	349	354	400	299	458	222	331	1266	114	2000	185	1169	329	923	546
978	1129	934	507	1098	875	1046	1200	671	60	1726	553	823	797	1102	997	633	836	1014	1089	759	610	411	1263	1934	891	163	957	1059	960	0	1341	418	563	962	2486	1347	1139	881	351	817	104	1010	1609	773	933	759	1283	957	26	859	1302	1302	520	640	1084	1080	789	949	597	721	1081	930	1149	518	1406	859	517	1283	959	1066	1014	882	1046	466	1433	1404	655	432	753	1312	443	169	372	1189	1473	1229	1122	431	507	1183	1061	989	1203	1027	1122	1141	1457	937	51	943	875	994	172	1075	900	1642	1658	1055	755	712	1193	1137	731	1302	1002	1057	1770	1708	955	1116	1001	1002	812	1131	738	902	1047	1379	543	969	688	1694	1086	1172	1313	992	1396	712	47	1212	934	1033	819	1181	829	966	1027	990	1106	1101	1578	1343	989	1015	948	829	751	1047	909	1246	1258	1272	994	1157	605	1205	948	1807	559	1210	763	627	1026	705	178	2902	1047	2226	962	1466	1097	760	778	817	784	1088	1014	1052	1322	1643	774	990	1009	1250	1803	1054	276	1031	175	1334	2089	425	876	1029	908	260	272	1061	436	2570	1024	1047	1238	1164	990	905	792	949	1207	331	1153	642	830	1122	1156	552	1301	1161	212	383	1177	891	1061	41	407	433	1260	904	1287	573	1200	893	904	1150	866	1018	1244	876	784	1014	37	444
1420	1551	1029	1389	305	1016	1617	350	1415	1376	2330	1406	1237	1160	1451	1355	808	960	1792	1663	699	1737	1144	1764	1546	1030	1191	1598	1766	1486	1341	0	1745	839	1992	1450	570	1632	504	1641	1133	1254	1326	2150	1428	2172	1722	1783	1440	1367	897	1789	1789	1423	715	1561	1636	1166	392	1696	1951	1620	1870	1815	1438	562	1037	1424	1783	1599	1453	1784	1721	1604	1457	787	486	693	1663	1711	537	1236	1183	1434	1330	1746	1883	1722	1653	907	1945	1403	1743	1444	1555	727	1386	827	1889	1381	1581	1016	1228	1271	1489	1644	1639	542	1633	1726	888	1444	1883	716	210	1354	1764	2136	2224	1600	1472	1777	1777	1221	612	1814	1435	1620	1128	838	1763	660	710	1659	1141	1796	1014	617	888	1357	1287	1029	1975	1122	1668	1324	422	735	1439	1475	1554	1738	1457	1782	1499	1578	1427	590	1783	693	1913	1085	1241	1388	1811	1477	323	1578	2096	1822	1457	1720	1860	1736	1048	1171	3118	1783	1699	385	474	1478	1728	1350	1254	564	1665	1784	665	2092	1643	1318	1439	1438	1777	2394	1769	1096	1746	1174	2018	1741	1414	1587	1736	1586	1163	1262	1764	954	2864	1304	1520	2061	1549	1296	1746	1364	1583	2029	1097	1823	1773	1828	1851	806	1424	662	1278	1496	1153	633	526	1403	1373	1437	1427	1587	1741	1788	1425	1444	1030	1640	1818	504	1601	1121	1588	564	1784	1342	1444
1260	1389	1308	774	1514	1251	1271	1619	932	373	1843	616	1151	1144	1387	1300	1050	1092	1159	1304	1177	655	790	1475	2112	1265	555	1176	1227	1220	418	1745	0	982	971	2794	1681	1374	1265	349	1171	492	1321	1761	1036	549	872	1492	1232	394	1254	1512	1512	768	1032	1334	1304	1135	1353	674	368	1311	1007	1317	758	1823	1232	764	1491	1177	1348	1163	1030	1276	692	1840	1754	1069	222	871	1652	783	563	610	1512	1502	1387	1322	236	924	1302	1356	1151	1501	1271	1426	1447	1749	753	372	1166	1251	1328	554	1347	1089	1947	2017	1276	863	1116	1490	1272	1149	1687	1305	1226	1966	1859	1172	1398	1151	1151	968	1459	777	1173	1271	1593	962	1117	1101	2111	1302	1366	1523	1222	1811	1116	393	1546	1308	1085	1175	1410	1131	1382	1436	1268	1385	1356	1850	1652	1133	1277	1172	1096	1156	1205	1237	1397	1474	1619	1288	1328	830	1623	1172	2024	460	1505	878	543	1200	1080	576	3079	1205	2419	1361	1821	1374	869	1069	1140	1182	1302	1163	1465	1414	1946	1075	1268	1289	1454	1917	1219	650	1202	572	1213	2244	676	1085	1203	1124	663	630	1231	802	2736	1342	1305	1065	1428	1308	1044	1080	1172	1293	739	1319	417	897	1268	1441	802	1713	1311	376	763	1590	1266	1356	381	643	677	1527	1047	1495	823	1498	1266	1095	1317	1255	1245	1449	1085	1182	1163	431	678
779	943	520	567	560	465	941	643	636	614	1693	891	570	500	869	750	79	797	1045	991	196	901	309	1139	1854	486	455	887	1046	813	563	839	982	0	1180	2159	1032	996	499	813	495	507	740	1534	685	1486	913	1160	781	587	385	1174	1174	601	315	924	969	499	473	861	1267	960	1076	1116	615	843	464	602	1160	889	849	1040	947	933	625	889	1047	181	968	902	989	408	447	595	859	1643	1195	1044	963	68	1217	817	1002	927	891	909	857	1224	1377	612	869	465	673	449	876	897	1305	1261	955	915	236	920	1157	168	860	752	1043	1612	1625	887	889	1030	1031	942	861	987	749	943	1297	40	1008	207	1131	987	1154	1183	955	836	236	594	855	520	1186	489	1039	635	427	491	798	885	929	1306	1024	1029	849	869	709	309	1052	689	1222	1189	879	769	1117	669	650	869	1613	986	938	912	1021	1011	354	434	2717	1052	2106	505	1093	881	918	628	578	370	991	1040	501	1369	1307	602	798	807	1140	1766	1045	419	1020	438	1679	2036	579	846	1012	858	335	424	1045	389	2411	737	879	1639	961	710	974	645	873	1283	263	1123	1145	1017	1129	977	609	747	1216	675	315	622	539	817	602	599	592	1037	970	1165	615	925	487	895	1119	470	916	1197	846	370	1040	551	609
745	759	1073	612	1690	1050	601	1714	584	991	894	1485	823	883	828	825	1192	1781	359	597	1293	352	876	706	2889	1047	1092	536	444	662	962	1992	971	1180	0	3335	2195	687	1669	663	918	1054	863	851	603	1413	270	713	708	949	1144	732	732	579	1444	700	617	875	1652	365	1307	635	157	501	565	1776	1025	578	712	537	791	369	322	615	567	1670	2222	1358	1176	281	2154	772	1094	632	1025	2414	536	572	1186	1117	403	835	392	939	649	2021	927	2355	1724	974	543	1050	941	878	764	433	1313	2442	594	266	1108	929	408	1277	2038	830	445	1101	943	532	823	363	364	1773	2002	223	671	599	2329	1196	346	1386	2023	598	2129	739	1943	1734	1108	995	1085	1073	139	929	699	740	1570	1357	737	808	726	1147	1084	344	697	550	632	1486	410	1795	530	2208	1184	791	516	515	1732	550	1187	512	935	272	430	443	958	1096	2153	410	3174	1685	2272	797	264	687	803	1543	594	369	1420	468	1311	718	737	754	675	965	435	1196	437	1095	2182	3049	618	482	446	508	935	820	450	1331	1808	895	705	2037	797	876	306	680	545	351	969	498	1388	164	425	2070	572	1616	2124	758	876	1529	1701	835	972	611	605	872	313	713	568	936	1048	440	499	1643	591	2198	482	1543	369	929	587
