NAME : VRPTW_INSTANCE_109.txt
COMMENT : Bangkok Supermarket
TYPE : VRPTW
DIMENSION : 212
DAYS : Wednesday
EDGE_WEIGHT_TYPE : EXPLICIT
VEHICLES : 28
EDGE_WEIGHT_FORMAT : FULL_MATRIX
CAPACITY : 1000
EDGE_WEIGHT_SECTION
0	995	309	288	721	489	3351	522	172	1149	283	309	540	1221	152	1161	1822	1685	210	2820	530	2028	437	127	522	140	358	465	420	314	399	365	283	408	753	1122	779	1727	28	309	608	417	3480	1864	96	308	97	935	192	349	612	410	77	3664	101	1606	464	829	1173	395	206	2296	358	177	308	2611	2156	2177	78	243	1394	1095	437	644	130	568	411	1263	170	1539	214	1229	1780	328	288	22	1423	550	1917	227	258	1321	193	1038	717	410	1703	399	219	1033	309	92	306	618	1067	485	309	505	560	661	1170	1727	465	352	201	199	148	312	481	309	103	418	611	245	246	219	1752	53	84	1347	300	1744	577	986	171	31	412	761	1126	1731	905	152	368	720	1761	97	397	942	439	1056	807	97	322	197	456	745	410	154	620	968	258	133	346	2276	2546	1727	702	212	404	347	1476	24	185	935	547	284	916	577	116	1016	1645	1153	1232	440	222	119	1996	190	557	67	537	737	42	464	364	185	227	1807	39	1242	1144	590	85	83	534	202	1370	39	373	320	671	927
995	0	788	978	750	584	2620	871	867	229	769	705	1274	405	1016	644	1447	1396	1101	1959	863	1049	1015	1121	871	900	1354	672	774	755	1227	1311	769	1078	1486	2076	438	848	1014	705	502	752	2657	1009	991	975	950	211	1184	1344	965	1087	996	2719	1096	902	599	1750	2045	880	789	1449	1354	866	975	1627	1160	1595	991	1141	2221	294	1015	1595	1126	557	1087	1322	1145	727	1013	709	818	1098	978	1010	1056	460	1176	1192	783	570	856	383	605	1079	873	1223	1011	49	974	973	974	949	139	888	788	583	441	759	331	848	1378	1103	842	800	993	974	1222	983	1008	1071	994	1140	762	1011	989	1034	1015	558	788	963	1421	150	1098	1027	1099	1753	613	2296	375	1016	1134	307	978	1092	624	56	988	124	961	1006	1001	1119	653	989	1226	978	1181	795	783	884	1106	1822	2053	848	1490	974	1350	1102	2310	1007	816	184	1068	775	104	557	1111	162	2624	253	718	765	1187	1113	1198	1003	1097	1016	645	269	1038	599	1129	1092	1192	877	1021	2235	844	1444	1010	1035	1040	997	997	1021	1130	993	1661	205
309	788	0	515	783	455	3043	659	326	979	54	297	821	1092	247	855	1520	1388	509	2524	663	1837	652	400	659	169	626	493	117	37	695	674	54	654	1044	1420	489	1444	338	297	551	110	3177	1744	374	530	341	788	450	611	774	660	262	3387	397	1535	192	1136	1483	153	210	2001	626	330	530	2360	1938	1868	258	545	1703	958	652	811	417	538	660	1005	478	1249	475	921	1603	599	515	331	1116	330	1843	430	72	1220	338	753	408	657	1589	694	478	832	530	357	527	773	888	230	0	476	356	358	1029	1444	774	620	330	242	413	532	760	535	260	660	785	547	135	478	1452	362	277	1060	10	1650	637	820	476	333	666	1034	821	2011	620	247	644	574	1667	380	173	743	642	874	535	262	554	502	468	489	704	210	858	1010	72	179	616	1972	2240	1444	1002	189	712	616	1785	332	252	780	762	45	694	548	398	852	1924	990	924	528	426	397	1697	452	779	367	230	518	346	192	639	486	430	1650	348	1473	836	897	271	387	741	214	1062	348	646	549	951	778
288	978	515	0	491	395	3482	261	189	1079	467	306	325	1108	439	1296	2021	1896	173	2897	272	1952	149	358	261	382	503	321	632	500	249	364	467	140	553	1103	890	1785	271	306	499	620	3577	1721	192	20	197	859	408	506	330	146	363	3695	314	1427	594	773	1073	643	312	2376	503	185	20	2603	2108	2338	364	199	1265	998	149	855	337	445	146	1516	282	1617	86	1369	1694	120	0	275	1609	608	1735	478	443	1178	180	1123	879	142	1557	245	80	1004	22	195	18	339	1012	733	515	401	601	868	1072	1785	407	129	192	280	141	24	265	21	391	145	326	197	391	80	1853	263	372	1424	504	1580	846	925	205	297	154	832	1259	1500	998	439	159	672	1598	335	509	921	151	1005	1048	384	39	208	331	997	248	434	345	734	443	356	130	2468	2733	1785	532	490	399	126	1352	269	266	868	261	473	922	450	341	952	1663	1076	1373	245	473	348	2090	103	273	230	706	760	293	594	154	184	478	1700	265	1355	1327	467	373	228	247	485	1552	266	157	34	737	854
721	750	783	491	0	343	3370	238	552	749	729	488	647	709	847	1283	2084	1993	664	2703	226	1559	415	827	238	742	994	289	872	750	679	842	729	496	814	1512	901	1597	717	488	308	850	3405	1264	645	474	626	559	885	997	259	504	779	3415	784	947	729	1174	1402	936	599	2198	994	547	474	2285	1748	2310	778	689	1540	633	415	1342	812	281	504	1734	770	1474	573	1358	1297	573	491	719	1667	632	1251	943	718	735	531	1045	979	495	1101	675	568	754	472	638	475	240	717	1008	783	323	601	1047	697	1597	855	562	526	577	607	471	617	479	806	482	290	686	655	568	1734	721	796	1296	774	1109	1298	634	694	743	516	1306	1245	1546	954	847	585	485	1125	799	660	699	389	717	1269	800	484	700	315	1246	670	825	491	247	718	711	569	2501	2749	1597	847	865	871	563	1629	713	579	580	400	739	748	272	810	649	2084	734	1365	281	938	816	1949	583	427	687	860	661	745	729	581	675	943	1278	716	1834	1400	854	794	694	379	873	1607	717	577	479	1212	559
489	584	455	395	343	0	3142	320	324	688	404	187	691	737	575	991	1773	1671	534	2525	316	1566	435	614	320	457	829	95	533	419	643	744	404	494	909	1498	589	1409	497	187	119	511	3213	1375	449	391	413	468	679	824	436	503	523	3304	578	1121	386	1169	1461	607	308	2007	829	322	391	2207	1715	2035	520	572	1641	617	435	1132	609	84	503	1391	602	1255	440	1066	1311	515	395	496	1354	303	1432	715	399	832	307	780	645	495	1214	639	438	609	390	434	390	425	617	672	455	21	277	704	692	1409	800	519	295	298	435	390	638	399	545	488	460	571	340	438	1502	511	542	1065	448	1255	1033	531	542	518	515	1204	953	1780	668	575	549	277	1272	584	318	527	410	610	926	541	417	559	70	903	642	545	619	555	399	428	522	2202	2458	1409	907	573	782	517	1729	491	308	475	504	414	537	95	600	558	2055	687	1073	189	709	604	1732	436	532	484	517	393	525	386	544	531	715	1328	501	1712	1080	859	539	499	477	586	1294	501	545	409	1110	462
3351	2620	3043	3482	3370	3142	0	3459	3312	2680	3069	3176	3807	2817	3270	2192	1671	1847	3538	831	3453	2362	3568	3438	3459	3212	3647	3237	2939	3037	3712	3717	3069	3611	4034	4451	2593	1786	3380	3176	3096	2937	449	2855	3402	3488	3364	2822	3479	3627	3566	3620	3304	1310	3439	3103	2901	4180	4524	2999	3192	1208	3647	3314	3488	1676	2119	1209	3299	3578	4738	2810	3568	3680	3458	3145	3619	2408	3521	1896	3479	2123	2493	3595	3482	3374	1975	2874	3154	3435	3095	2928	3312	2364	2634	3613	2881	3710	3480	2622	3487	3384	3486	3552	2677	2924	3043	3149	2886	2711	2779	1786	3815	3609	3298	3219	3431	3489	3747	3495	3297	3610	3594	3579	3123	3480	1640	3404	3316	2079	3051	3001	3407	2749	3512	3376	3630	4035	2228	4912	2485	3270	3638	2897	3002	3421	2981	2670	3545	2673	2655	3300	3516	3539	3211	2738	3717	3239	3761	3396	3095	3219	3609	1279	1055	1786	4013	3195	3756	3606	4822	3373	3236	2798	3646	3068	2625	3149	3438	2741	4905	2704	2120	3331	3433	3437	1421	3460	3674	3405	2814	2749	3390	2901	3633	3519	3435	2619	3390	4356	2229	3927	3310	3426	3619	3219	2016	3390	3637	3509	3966	2819
522	871	659	261	238	320	3459	0	368	921	604	370	428	914	663	1310	2084	1976	432	2828	12	1767	179	613	0	575	763	225	765	632	442	604	604	260	621	1286	906	1713	512	370	369	747	3521	1496	435	242	424	710	666	766	120	268	589	3580	569	1185	664	948	1199	807	452	2313	763	363	242	2464	1943	2355	589	454	1358	820	179	1117	594	316	268	1655	543	1567	346	1386	1506	335	261	515	1666	615	1489	732	587	960	348	1099	944	259	1332	438	341	886	240	432	243	115	871	890	659	311	594	976	890	1713	618	323	348	423	390	238	390	246	617	247	141	451	524	341	1818	511	603	1380	649	1345	1096	783	466	538	280	1068	1272	1460	989	663	347	569	1362	587	582	815	152	867	1183	611	248	469	254	1145	434	648	310	475	587	544	330	2518	2775	1713	638	696	633	325	1446	509	418	726	198	613	841	314	596	805	1857	912	1392	142	727	602	2045	360	227	476	794	710	538	664	343	445	732	1497	509	1596	1388	628	602	479	171	698	1607	509	339	244	974	708
172	867	326	189	552	324	3312	368	0	1002	277	162	507	1062	297	1121	1834	1707	238	2747	375	1882	327	292	368	209	505	293	443	311	400	445	277	329	734	1214	719	1641	175	162	443	431	3419	1699	125	204	88	784	356	499	471	335	227	3567	254	1435	413	898	1222	459	124	2224	505	4	203	2493	2021	2158	226	279	1426	939	327	814	285	400	335	1330	281	1464	166	1193	1631	286	189	175	1423	453	1746	400	254	1155	21	964	695	332	1537	397	168	901	204	110	201	474	925	548	326	339	453	679	1015	1641	522	304	29	93	127	206	445	208	254	334	476	279	203	168	1691	187	243	1271	315	1575	746	841	230	198	342	888	1084	1689	835	297	330	576	1592	262	330	812	319	915	860	248	229	252	285	811	405	280	532	798	254	179	301	2282	2548	1641	702	328	485	300	1512	169	78	787	438	284	798	408	277	870	1757	1003	1197	270	395	282	1932	149	454	159	519	624	203	413	325	226	400	1651	177	1389	1141	617	242	175	419	330	1367	178	331	223	795	777
1149	229	979	1079	749	688	2680	921	1002	0	952	843	1346	188	1191	843	1625	1590	1222	1972	911	880	1086	1277	921	1071	1504	759	981	944	1323	1433	952	1158	1542	2182	667	894	1164	843	580	958	2679	783	1128	1073	1089	219	1341	1496	995	1167	1161	2666	1246	679	799	1849	2120	1086	944	1483	1504	1000	1072	1542	1029	1724	1157	1260	2278	130	1086	1772	1277	634	1167	1548	1283	824	1129	902	631	1196	1079	1161	1251	649	947	1359	963	353	987	589	834	1158	644	1319	1126	181	1071	1111	1072	976	95	1102	979	679	623	985	118	894	1486	1197	974	949	1121	1071	1300	1080	1177	1149	1025	1259	932	1126	1086	1181	1181	689	978	733	1617	162	1227	1180	1180	1890	817	2279	601	1191	1226	428	748	1247	808	251	1058	110	1190	1174	1096	1246	748	1217	1320	1154	1224	719	963	1051	1201	1975	2192	894	1559	1158	1470	1196	2366	1157	964	214	1118	959	332	631	1265	132	2743	29	911	844	1354	1268	1267	1124	1147	1158	860	471	1189	799	1222	1218	1359	670	1169	2389	1059	1533	1176	1176	1091	1179	1195	1170	1221	1088	1796	225
283	769	54	467	729	404	3069	604	277	952	0	242	778	1058	249	878	1561	1431	473	2539	608	1817	601	386	604	149	618	439	166	34	657	648	0	607	1003	1403	499	1452	310	242	504	153	3197	1710	337	481	301	756	441	604	720	613	248	3393	377	1494	188	1112	1454	207	158	2016	618	281	481	2356	1924	1900	244	511	1671	925	601	826	400	487	613	1058	453	1260	432	946	1580	556	467	304	1154	308	1803	431	25	1183	288	761	436	609	1554	655	434	811	481	319	479	719	862	285	54	425	330	402	997	1452	745	576	279	190	373	484	717	486	252	612	732	512	80	434	1470	335	265	1070	45	1612	667	791	444	309	619	1026	843	1965	628	249	600	539	1629	363	145	721	590	849	586	252	506	470	414	542	665	211	808	957	25	149	573	2011	2279	1452	963	205	687	572	1755	304	202	749	710	9	678	498	381	823	1916	962	949	473	427	382	1714	409	729	335	256	499	323	188	596	451	431	1623	320	1478	872	863	259	356	689	228	1099	320	603	501	941	746
309	705	297	306	488	187	3176	370	162	843	242	0	631	912	388	992	1735	1619	398	2596	372	1724	406	436	370	270	660	199	397	266	545	607	242	437	858	1374	585	1486	321	0	304	378	3273	1556	286	312	247	627	501	653	489	445	336	3407	404	1308	303	1056	1372	450	121	2073	660	161	311	2331	1859	2037	333	438	1569	786	406	949	434	271	445	1285	441	1314	316	1066	1474	421	306	319	1320	303	1619	531	230	1015	152	818	589	439	1396	542	316	738	311	269	310	486	764	526	297	206	297	606	862	1486	680	434	137	112	288	312	571	319	358	437	505	438	166	316	1547	338	356	1121	288	1440	846	681	393	339	454	1050	955	1786	692	388	463	416	1457	406	217	650	388	754	813	354	340	414	177	777	548	358	613	722	230	241	434	2177	2439	1486	837	388	646	431	1656	314	123	629	505	252	636	281	423	711	1919	846	1071	233	525	427	1785	303	528	315	428	465	348	303	458	387	531	1498	326	1546	1038	765	352	333	480	400	1261	327	462	332	957	620
540	1274	821	325	647	691	3807	428	507	1346	778	631	0	1342	684	1622	2339	2210	331	3213	439	2196	260	540	428	668	544	602	939	813	154	327	778	198	227	864	1215	2099	513	631	775	930	3897	1910	453	318	481	1131	556	559	393	189	615	3993	506	1583	918	527	774	932	631	2693	544	504	319	2885	2371	2663	617	308	949	1248	260	902	512	720	189	1803	425	1937	346	1695	1934	222	325	519	1930	932	1878	639	754	1382	502	1446	1202	197	1748	153	344	1295	319	467	320	412	1290	1023	821	691	923	1180	1319	2099	268	203	515	600	408	318	61	311	637	203	366	305	708	344	2176	494	615	1745	811	1750	988	1202	376	532	178	712	1585	1192	1322	684	177	966	1767	532	833	1217	288	1285	1344	631	290	355	622	1285	139	694	194	847	754	648	205	2788	3055	2099	215	752	331	206	1037	516	585	1144	248	783	1229	721	527	1225	1437	1338	1699	509	636	532	2411	369	223	473	1026	1075	521	918	182	357	639	1923	503	1237	1648	210	618	458	268	739	1874	504	175	298	626	1127
1221	405	1092	1108	709	737	2817	914	1062	188	1058	912	1342	0	1283	1031	1812	1778	1265	2084	903	853	1089	1348	914	1162	1566	790	1110	1055	1342	1471	1058	1166	1522	2198	834	1039	1232	912	619	1086	2793	652	1186	1098	1150	304	1413	1561	967	1176	1244	2727	1314	497	924	1861	2108	1212	1023	1612	1566	1059	1098	1586	1040	1897	1240	1300	2249	134	1089	1859	1345	668	1175	1727	1339	992	1168	1090	591	1219	1108	1230	1439	770	778	1441	1065	166	1045	776	996	1166	498	1337	1165	361	1096	1171	1098	948	266	1239	1092	724	739	1142	74	1039	1512	1215	1032	1023	1171	1096	1303	1105	1263	1155	998	1298	1025	1165	1250	1247	1264	869	1089	570	1725	290	1277	1251	1188	1936	1004	2192	781	1283	1244	518	586	1318	918	413	1061	281	1354	1259	1118	1292	786	1375	1336	1248	1200	620	1065	1138	1221	2155	2367	1039	1550	1260	1507	1215	2338	1226	1036	316	1102	1066	501	662	1335	261	2766	159	1099	864	1436	1339	1417	1167	1130	1221	1002	612	1259	924	1239	1264	1441	592	1236	2449	1245	1541	1259	1236	1078	1279	1383	1237	1237	1111	1841	314
152	1016	247	439	847	575	3270	663	297	1191	249	388	684	1283	0	1092	1710	1566	353	2768	670	2062	589	172	663	121	382	573	332	270	537	465	249	560	890	1183	736	1692	174	388	691	338	3415	1933	249	459	244	986	209	365	759	563	76	3634	187	1695	435	915	1269	276	267	2246	382	302	459	2605	2173	2083	75	378	1498	1153	589	581	196	659	563	1124	276	1496	366	1155	1821	478	439	169	1320	556	2006	182	232	1397	318	1001	644	563	1775	537	371	1057	460	243	457	764	1103	362	247	594	575	560	1227	1692	573	502	321	279	301	463	627	461	49	571	760	381	259	371	1694	191	69	1307	242	1824	458	1028	308	153	564	788	1059	1870	868	0	517	768	1842	163	392	966	589	1091	679	55	475	331	557	611	550	38	773	1091	232	147	496	2165	2436	1692	832	76	500	498	1577	173	272	982	700	245	926	669	176	1060	1678	1198	1157	566	179	173	1939	343	709	217	472	748	163	435	513	326	182	1859	183	1228	1047	710	67	228	686	56	1270	183	522	473	707	977
1161	644	855	1296	1283	991	2192	1310	1121	843	878	992	1622	1031	1092	0	812	752	1345	1683	1307	1383	1395	1254	1310	1023	1474	1084	759	846	1521	1527	878	1429	1849	2274	408	672	1189	992	978	753	2323	1538	1210	1304	1171	840	1301	1456	1427	1437	1118	2584	1252	1517	708	1990	2332	834	1000	1165	1474	1123	1303	1654	1377	1046	1113	1385	2545	936	1395	1577	1273	1016	1437	772	1331	458	1288	75	1236	1406	1296	1183	412	699	1760	1266	903	1197	1122	261	447	1431	1433	1518	1289	679	1303	1191	1302	1416	773	775	855	1003	717	556	959	672	1623	1421	1109	1028	1238	1305	1561	1310	1113	1429	1451	1386	930	1289	608	1213	1131	322	863	1543	1329	792	1320	1187	1447	1876	37	2768	328	1092	1449	802	1555	1235	790	664	1374	759	610	1116	1332	1346	1055	683	1526	1058	1597	1396	903	1028	1420	1218	1468	672	1823	1020	1566	1418	2630	1182	1044	812	1483	877	580	1023	1253	806	2763	872	82	1172	1264	1252	853	1269	1509	1213	624	621	1200	708	1444	1326	1266	1343	1199	2266	245	1734	1125	1234	1457	1045	353	1199	1449	1324	1798	831
1822	1447	1520	2021	2084	1773	1671	2084	1834	1625	1561	1735	2339	1812	1710	812	0	176	2028	1472	2082	1927	2141	1882	2084	1683	2062	1862	1404	1526	2216	2175	1561	2161	2564	2856	1185	1025	1851	1735	1776	1410	1936	2220	1894	2033	1861	1649	1911	2041	2204	2168	1760	2455	1894	2273	1432	2620	2977	1434	1709	1093	2062	1837	2033	1851	1821	486	1756	2064	3208	1731	2141	2039	1906	1810	2168	737	1982	907	1993	740	1866	2117	2021	1845	418	1470	2479	1852	1586	1973	1840	1070	1146	2163	2148	2214	1995	1477	2033	1878	2031	2195	1567	1348	1520	1787	1495	1162	1744	1025	2281	2136	1829	1741	1934	2035	2277	2039	1746	2164	2225	2066	1631	1995	757	1875	1768	956	1530	2267	1763	1597	1993	1841	2175	2424	847	3520	1135	1710	2161	1610	2277	1872	1518	1472	2124	1555	1041	1751	2060	2019	1832	1120	2225	1685	2349	2208	1586	1698	2133	455	728	1025	2522	1633	2210	2133	3287	1846	1755	1622	2240	1556	1391	1818	1886	1608	3268	1655	732	1942	1851	1883	851	1971	2263	1885	1315	1426	1854	1432	2157	2005	1852	1993	1862	2700	697	2413	1762	1904	2215	1654	478	1862	2163	2053	2366	1641
1685	1396	1388	1896	1993	1671	1847	1976	1707	1590	1431	1619	2210	1778	1566	752	176	0	1893	1633	1975	1973	2022	1738	1976	1547	1910	1757	1271	1397	2082	2031	1431	2037	2433	2698	1092	1084	1713	1619	1685	1279	2111	2230	1760	1909	1729	1590	1763	1889	2097	2043	1620	2615	1752	2254	1316	2470	2828	1292	1584	1230	1910	1711	1909	1963	1887	660	1616	1927	3062	1687	2022	1873	1763	1715	2043	561	1841	937	1863	688	1888	1988	1896	1707	340	1368	2476	1701	1456	1942	1715	1013	1032	2039	2146	2080	1866	1431	1909	1745	1907	2089	1524	1204	1388	1687	1396	1030	1707	1084	2139	2008	1705	1616	1802	1911	2148	1915	1604	2040	2116	1929	1504	1866	833	1737	1626	951	1398	2262	1596	1545	1856	1702	2050	2265	783	3397	1059	1566	2032	1530	2273	1729	1401	1415	2006	1511	890	1609	1935	1882	1727	966	2091	1544	2230	2132	1456	1564	2005	614	886	1084	2387	1490	2065	2004	3140	1709	1630	1563	2124	1426	1330	1723	1743	1559	3102	1619	679	1833	1701	1740	964	1840	2146	1749	1193	1344	1714	1316	2027	1869	1701	2011	1724	2529	592	2274	1621	1767	2099	1510	399	1724	2034	1929	2209	1582
210	1101	509	173	664	534	3538	432	238	1222	473	398	331	1265	353	1345	2028	1893	0	2983	443	2100	290	220	432	346	330	474	624	507	188	211	473	233	542	976	950	1878	183	398	647	619	3653	1887	136	190	174	1003	254	334	488	232	283	3805	180	1598	637	660	988	606	348	2460	330	238	190	2728	2248	2373	286	41	1200	1149	290	686	193	597	233	1473	118	1700	96	1415	1845	136	173	189	1626	690	1907	333	447	1342	245	1200	908	235	1723	188	100	1132	192	154	189	500	1149	696	509	544	691	866	1224	1878	284	161	260	323	111	194	274	186	306	247	478	41	415	100	1924	162	283	1507	499	1749	701	1064	47	200	229	671	1309	1520	1069	353	168	802	1767	206	559	1045	303	1141	1018	299	185	37	478	956	199	363	436	907	447	330	153	2481	2750	1878	493	421	250	157	1284	186	306	1008	387	476	1034	602	205	1092	1524	1221	1419	410	329	211	2166	98	388	144	729	862	190	637	165	26	333	1857	173	1188	1345	390	287	127	382	408	1571	173	175	189	576	997
2820	1959	2524	2897	2703	2525	831	2828	2747	1972	2539	2596	3213	2084	2768	1683	1472	1633	2983	0	2820	1543	2961	2924	2828	2688	3150	2618	2437	2510	3141	3180	2539	3015	3434	3943	2041	1115	2846	2596	2458	2429	708	2044	2853	2900	2812	2144	2975	3134	2925	3024	2786	982	2916	2315	2355	3643	3968	2516	2636	523	3150	2748	2899	852	1295	1009	2781	3024	4162	2101	2961	3256	2940	2511	3024	2141	2989	1283	2911	1628	1694	3016	2897	2841	1612	2294	2341	2946	2563	2175	2743	1784	2125	3016	2084	3138	2911	1950	2899	2834	2898	2909	1988	2458	2524	2528	2298	2238	2058	1115	3268	3027	2728	2660	2873	2900	3157	2907	2785	3010	2954	3025	2577	2911	1075	2870	2801	1476	2531	2200	2999	2069	2966	2848	3035	3555	1712	4247	1915	2768	3057	2259	2200	2902	2427	2014	2935	1987	2247	2787	2927	2991	2595	2329	3143	2733	3138	2691	2563	2687	3027	1277	1207	1115	3427	2698	3220	3024	4249	2839	2677	2123	3024	2540	1988	2513	2921	2055	4445	1993	1627	2713	2943	2920	829	2895	3052	2864	2296	2138	2861	2355	3051	2968	2946	1815	2855	3945	1801	3361	2795	2885	2996	2724	1632	2856	3055	2920	3475	2143
530	863	663	272	226	316	3453	12	375	911	608	372	439	903	670	1307	2082	1975	443	2820	0	1756	191	623	12	582	774	222	768	636	454	616	608	272	631	1298	903	1706	521	372	362	750	3514	1484	444	253	433	701	677	778	121	280	597	3570	578	1173	665	960	1209	812	456	2306	774	370	253	2454	1933	2352	597	465	1367	810	191	1128	604	310	280	1658	554	1561	357	1382	1495	347	272	524	1664	613	1477	742	591	948	355	1094	943	271	1320	450	352	877	251	441	254	114	862	894	663	306	591	977	880	1706	630	335	355	428	400	249	401	257	625	259	144	462	528	352	1813	520	611	1374	653	1333	1106	774	477	548	292	1080	1269	1464	985	670	359	562	1350	597	583	807	164	858	1186	619	259	480	252	1149	446	655	318	463	591	550	342	2516	2772	1706	649	703	645	337	1456	518	423	716	207	617	834	307	606	795	1869	902	1388	142	737	612	2039	371	236	486	794	705	547	665	355	456	742	1486	518	1608	1386	639	611	489	180	705	1605	519	351	255	986	698
2028	1049	1837	1952	1559	1566	2362	1767	1882	880	1817	1724	2196	853	2062	1383	1927	1973	2100	1543	1756	0	1942	2156	1767	1944	2384	1631	1818	1805	2191	2310	1817	2018	2373	3049	1433	905	2044	1724	1454	1797	2220	510	2008	1944	1970	1098	2220	2376	1819	2027	2037	1968	2126	835	1648	2712	2961	1924	1822	1216	2384	1880	1943	826	256	1789	2033	2138	3096	954	1942	2643	2157	1506	2027	2155	2164	1036	2006	1401	262	2066	1952	2041	1690	1508	801	2235	1831	842	1868	1229	1599	2018	589	2186	2003	1005	1942	1992	1943	1800	961	1922	1837	1556	1487	1759	880	905	2358	2064	1854	1829	2000	1941	2156	1951	2051	2007	1849	2136	1805	2003	1180	2062	2057	1073	1838	686	2469	1042	2107	2059	2040	2770	1378	2977	1319	2062	2093	1308	682	2126	1672	1096	1913	973	1922	2049	1965	2125	1623	1971	2186	2025	2051	1433	1831	1926	2069	2115	2246	905	2403	2022	2347	2064	3184	2037	1844	1095	1955	1823	1145	1502	2144	1012	3614	879	1409	1711	2230	2147	1196	2002	1983	2039	1681	1319	2069	1648	2088	2097	2235	317	2049	3270	1628	2393	2052	2057	1931	2045	1653	2050	2087	1958	2676	1105
437	1015	652	149	415	435	3568	179	327	1086	601	406	260	1089	589	1395	2141	2022	290	2961	191	1942	0	498	179	529	611	343	768	634	264	434	601	81	473	1109	986	1845	419	406	515	754	3648	1675	340	129	347	870	542	618	200	89	513	3733	455	1362	708	771	1035	786	443	2442	611	323	130	2625	2113	2441	513	301	1206	991	0	973	475	459	88	1657	408	1688	227	1469	1681	168	149	423	1726	697	1665	617	579	1139	314	1204	995	80	1511	259	222	1035	129	345	132	213	1029	875	652	434	683	998	1062	1845	440	152	322	411	289	126	214	128	540	68	188	297	523	222	1932	410	521	1497	642	1523	986	941	332	444	101	892	1357	1379	1084	589	171	707	1540	477	622	958	28	1024	1187	533	115	327	365	1139	255	584	208	642	579	501	159	2584	2846	1845	475	639	460	154	1295	418	399	883	112	609	973	460	482	965	1679	1079	1474	249	612	488	2165	249	127	377	828	825	439	708	168	309	617	1675	412	1422	1444	451	523	373	97	635	1668	413	163	116	799	867
127	1121	400	358	827	614	3438	613	292	1277	386	436	540	1348	172	1254	1882	1738	220	2924	623	2156	498	0	613	237	235	585	498	414	387	293	386	451	733	1020	885	1838	116	436	733	501	3578	1990	181	379	206	1063	64	223	689	451	138	3779	44	1727	573	743	1096	449	333	2401	235	296	379	2732	2282	2254	142	233	1325	1223	498	522	28	692	451	1287	115	1647	273	1319	1908	356	358	118	1492	672	2038	119	363	1447	312	1147	807	453	1828	388	278	1159	380	190	377	698	1194	534	400	630	684	731	1298	1838	402	381	322	327	222	383	487	378	141	464	684	236	364	278	1853	107	123	1456	393	1867	488	1114	172	97	449	641	1221	1712	1014	172	388	848	1885	30	514	1069	507	1183	850	138	385	188	577	780	401	199	656	1074	363	243	373	2338	2609	1838	669	249	327	377	1405	123	313	1063	602	385	1040	701	16	1144	1530	1281	1322	550	114	10	2097	255	606	140	630	861	89	573	385	195	119	1935	115	1115	1218	543	129	133	595	228	1442	114	395	386	555	1055
522	871	659	261	238	320	3459	0	368	921	604	370	428	914	663	1310	2084	1976	432	2828	12	1767	179	613	0	575	763	225	765	632	442	604	604	260	621	1286	906	1713	512	370	369	747	3521	1496	435	242	424	710	666	766	120	268	589	3580	569	1185	664	948	1199	807	452	2313	763	363	242	2464	1943	2355	589	454	1358	820	179	1117	594	316	268	1655	543	1567	346	1386	1506	335	261	515	1666	615	1489	732	587	960	348	1099	944	259	1332	438	341	886	240	432	243	115	871	890	659	311	594	976	890	1713	618	323	348	423	390	238	390	246	617	247	141	451	524	341	1818	511	603	1380	649	1345	1096	783	466	538	280	1068	1272	1460	989	663	347	569	1362	587	582	815	152	867	1183	611	248	469	254	1145	434	648	310	475	587	544	330	2518	2775	1713	638	696	633	325	1446	509	418	726	198	613	841	314	596	805	1857	912	1392	142	727	602	2045	360	227	476	794	710	538	664	343	445	732	1497	509	1596	1388	628	602	479	171	698	1607	509	339	244	974	708
140	900	169	382	742	457	3212	575	209	1071	149	270	668	1162	121	1023	1683	1547	346	2688	582	1944	529	237	575	0	470	461	279	178	534	505	149	517	887	1255	648	1601	169	270	571	277	3344	1812	215	400	190	865	293	456	680	521	100	3542	229	1575	336	967	1313	264	149	2165	470	214	400	2500	2060	2036	95	381	1535	1031	529	700	251	541	521	1138	309	1409	326	1090	1702	449	382	163	1283	443	1886	291	126	1275	228	910	577	519	1653	533	330	941	401	201	398	683	984	355	169	476	459	521	1105	1601	606	472	227	166	261	404	608	404	107	525	686	382	139	330	1618	193	118	1219	160	1703	576	909	310	164	525	878	989	1860	777	121	492	647	1720	214	281	850	525	972	676	106	421	336	443	618	544	88	727	984	126	31	467	2136	2405	1601	839	123	543	468	1617	164	163	862	641	148	814	551	232	940	1767	1078	1093	465	286	232	1862	302	655	202	398	634	177	336	488	322	291	1738	179	1337	1003	730	112	221	624	131	1229	180	496	417	792	856
358	1354	626	503	994	829	3647	763	505	1504	618	660	544	1566	382	1474	2062	1910	330	3150	774	2384	611	235	763	470	0	785	714	644	399	218	618	541	678	804	1115	2070	340	660	947	721	3797	2201	380	521	416	1288	177	21	811	537	370	4011	258	1923	806	562	921	648	565	2628	0	507	521	2967	2514	2454	374	311	1161	1444	611	365	228	901	537	1425	230	1876	421	1536	2134	443	503	344	1686	907	2233	212	596	1656	521	1379	1027	543	2038	403	426	1391	523	395	520	824	1423	724	626	843	918	935	1520	2070	308	463	534	556	400	524	511	516	367	556	798	314	599	426	2077	322	352	1687	620	2070	461	1342	301	327	530	408	1442	1629	1246	382	454	1076	2087	262	749	1301	628	1413	1021	366	515	294	784	944	415	417	711	1237	596	478	455	2518	2791	2070	596	454	225	460	1234	348	541	1290	693	616	1274	909	243	1372	1298	1507	1538	733	213	241	2322	414	687	346	854	1095	316	806	454	320	212	2156	335	885	1418	455	358	330	695	429	1638	334	463	519	325	1281
465	672	493	321	289	95	3237	225	293	759	439	199	602	790	573	1084	1862	1757	474	2618	222	1631	343	585	225	461	785	0	585	460	565	680	439	406	816	1423	681	1502	468	199	178	564	3308	1415	408	314	378	539	647	783	343	415	512	3391	545	1142	457	1090	1374	646	314	2100	785	289	313	2289	1788	2129	509	509	1550	677	343	1107	575	124	415	1460	556	1350	378	1160	1373	437	321	468	1443	391	1454	693	429	871	273	875	727	407	1252	560	374	694	312	396	313	333	694	720	493	90	368	774	751	1502	728	438	263	295	385	312	551	321	537	399	366	508	365	374	1598	478	530	1160	485	1285	1030	606	489	491	428	1146	1047	1685	763	573	468	364	1302	554	380	615	317	688	991	532	337	503	30	962	561	547	524	523	429	430	442	2294	2550	1502	818	583	717	437	1638	463	300	549	409	449	630	129	569	632	1984	755	1166	95	688	574	1827	377	437	447	588	488	496	457	463	475	693	1382	470	1661	1167	777	527	460	381	593	1384	470	463	329	1051	535
420	774	117	632	872	533	2939	765	443	981	166	397	939	1110	332	759	1404	1271	624	2437	768	1818	768	498	765	279	714	585	0	134	811	781	166	772	1162	1516	421	1372	449	397	616	24	3083	1758	490	647	458	806	542	697	883	778	365	3314	501	1571	186	1241	1590	106	324	1916	714	447	647	2305	1904	1758	360	660	1813	975	768	857	518	611	778	892	585	1171	592	822	1593	717	632	442	1003	340	1875	508	188	1248	454	684	312	774	1608	810	595	821	647	474	644	880	887	140	117	554	373	242	1043	1372	884	738	445	357	531	649	878	652	357	777	895	661	246	595	1363	473	376	985	128	1676	652	828	589	441	784	1118	727	2129	554	332	761	602	1693	481	219	735	757	872	420	360	672	616	557	380	820	300	975	1089	188	294	734	1857	2126	1372	1117	261	819	734	1895	443	368	794	876	159	674	622	498	859	2007	995	824	630	505	497	1608	569	895	481	148	510	454	186	757	601	508	1649	459	1534	724	1010	370	500	855	286	950	459	764	666	1039	796
314	755	37	500	750	419	3037	632	311	944	34	266	813	1055	270	846	1526	1397	507	2510	636	1805	634	414	632	178	644	460	134	0	691	680	34	640	1037	1433	471	1425	342	266	514	120	3166	1707	371	514	336	752	467	629	749	646	276	3367	407	1498	165	1144	1487	187	190	1987	644	314	514	2334	1908	1866	271	545	1705	921	634	841	429	501	647	1027	485	1232	466	914	1570	590	500	336	1120	296	1805	453	59	1183	321	734	403	643	1553	689	469	799	514	353	512	747	853	260	37	441	321	368	993	1425	778	610	312	223	407	517	751	519	277	645	761	546	111	469	1440	367	292	1042	33	1613	672	784	477	340	653	1052	812	1999	601	270	635	537	1630	392	137	709	622	840	555	278	540	503	434	513	699	232	841	975	59	181	607	1977	2244	1425	998	218	719	606	1788	336	234	744	742	30	662	512	410	816	1942	955	917	499	449	410	1684	444	761	369	223	486	354	165	630	485	453	1615	352	1498	838	896	286	389	721	242	1065	353	637	534	968	742
399	1227	695	249	679	643	3712	442	400	1323	657	545	154	1342	537	1521	2216	2082	188	3141	454	2191	264	387	442	534	399	565	811	691	0	189	657	183	354	858	1119	2030	371	545	743	805	3817	1938	321	252	355	1104	401	412	450	175	471	3944	355	1627	812	525	826	794	520	2619	399	398	252	2851	2353	2554	474	158	1026	1237	264	763	358	689	175	1660	271	1859	233	1592	1931	128	249	377	1811	847	1929	484	631	1400	401	1362	1089	183	1774	4	232	1253	253	337	253	466	1259	885	695	648	843	1053	1310	2030	175	126	415	492	284	253	111	244	492	197	429	156	593	232	2090	350	469	1666	685	1788	835	1171	230	387	163	630	1484	1332	1234	537	98	921	1804	381	730	1170	290	1252	1207	486	227	206	578	1144	16	550	312	903	631	517	122	2667	2936	2030	306	608	206	127	1112	375	476	1114	313	661	1171	692	375	1197	1424	1319	1596	480	481	380	2330	252	300	333	911	1006	376	812	102	214	484	1931	361	1159	1530	219	473	316	322	593	1756	361	104	235	537	1100
365	1311	674	364	842	744	3717	604	445	1433	648	607	327	1471	465	1527	2175	2031	211	3180	616	2310	434	293	604	505	218	680	781	680	189	0	648	356	469	769	1141	2080	337	607	856	781	3844	2086	328	376	370	1213	277	234	629	349	417	4011	281	1787	826	464	809	740	545	2656	218	445	377	2938	2459	2540	421	172	1034	1357	434	576	268	804	350	1576	196	1897	304	1594	2054	269	364	343	1782	893	2093	355	623	1543	455	1396	1082	357	1922	193	307	1343	378	347	376	645	1360	827	674	754	896	1019	1432	2080	110	282	469	524	318	379	298	370	429	371	612	173	603	307	2116	313	407	1705	665	1943	672	1275	216	341	340	468	1492	1437	1264	465	264	1014	1960	303	753	1255	456	1352	1143	424	361	193	687	1073	205	489	501	1075	623	499	274	2630	2901	2080	392	541	40	280	1114	344	507	1219	499	649	1243	810	288	1303	1313	1431	1597	609	353	291	2359	309	488	316	903	1070	327	826	266	219	355	2063	328	993	1505	257	413	295	505	521	1730	327	273	367	373	1207
283	769	54	467	729	404	3069	604	277	952	0	242	778	1058	249	878	1561	1431	473	2539	608	1817	601	386	604	149	618	439	166	34	657	648	0	607	1003	1403	499	1452	310	242	504	153	3197	1710	337	481	301	756	441	604	720	613	248	3393	377	1494	188	1112	1454	207	158	2016	618	281	481	2356	1924	1900	244	511	1671	925	601	826	400	487	613	1058	453	1260	432	946	1580	556	467	304	1154	308	1803	431	25	1183	288	761	436	609	1554	655	434	811	481	319	479	719	862	285	54	425	330	402	997	1452	745	576	279	190	373	484	717	486	252	612	732	512	80	434	1470	335	265	1070	45	1612	667	791	444	309	619	1026	843	1965	628	249	600	539	1629	363	145	721	590	849	586	252	506	470	414	542	665	211	808	957	25	149	573	2011	2279	1452	963	205	687	572	1755	304	202	749	710	9	678	498	381	823	1916	962	949	473	427	382	1714	409	729	335	256	499	323	188	596	451	431	1623	320	1478	872	863	259	356	689	228	1099	320	603	501	941	746
408	1078	654	140	496	494	3611	260	329	1158	607	437	198	1166	560	1429	2161	2037	233	3015	272	2018	81	451	260	517	541	406	772	640	183	356	607	0	422	1031	1022	1900	386	437	582	761	3699	1756	312	127	327	941	488	549	274	9	485	3797	409	1443	732	694	968	779	452	2495	541	326	128	2694	2186	2473	487	235	1147	1065	81	906	425	526	8	1654	351	1738	194	1503	1757	99	140	391	1748	736	1746	566	583	1219	321	1249	1018	2	1592	178	189	1100	128	320	130	289	1098	870	654	494	726	1008	1138	1900	358	77	331	420	260	126	144	122	511	15	258	232	532	189	1978	373	491	1546	644	1605	934	1010	279	410	21	811	1392	1359	1126	560	91	770	1621	433	646	1021	107	1092	1187	505	101	269	424	1134	173	561	212	722	583	491	86	2607	2871	1900	413	618	380	80	1235	387	407	952	155	613	1031	528	435	1035	1600	1151	1508	315	562	441	2213	218	155	343	846	876	403	732	89	256	566	1753	378	1341	1466	375	493	335	154	610	1691	379	83	107	718	937
753	1486	1044	553	814	909	4034	621	734	1542	1003	858	227	1522	890	1849	2564	2433	542	3434	631	2373	473	733	621	887	678	816	1162	1037	354	469	1003	422	0	745	1443	2318	725	858	984	1154	4120	2057	672	546	703	1332	736	697	554	414	825	4200	705	1714	1146	433	588	1148	858	2915	678	731	546	3084	2559	2891	828	512	736	1437	473	1006	705	929	414	2014	618	2160	571	1922	2111	448	553	732	2156	1159	1997	817	978	1545	730	1672	1429	421	1897	354	569	1504	546	687	548	573	1492	1239	1044	907	1148	1403	1505	2318	370	430	742	827	631	545	289	539	845	425	524	510	935	569	2401	704	823	1968	1034	1888	1139	1404	584	741	403	718	1812	980	1548	890	403	1179	1904	731	1061	1429	499	1488	1561	839	518	559	838	1499	343	904	322	977	978	868	432	3014	3281	2318	92	961	454	433	825	729	812	1347	424	1008	1446	929	722	1426	1311	1532	1927	721	815	727	2636	593	395	687	1253	1297	729	1146	408	568	817	2090	715	1208	1874	227	827	670	450	946	2101	715	402	525	650	1329
1122	2076	1420	1103	1512	1498	4451	1286	1214	2182	1403	1374	864	2198	1183	2274	2856	2698	976	3943	1298	3049	1109	1020	1286	1255	804	1423	1516	1433	858	769	1403	1031	745	0	1902	2848	1097	1374	1601	1520	4598	2775	1097	1109	1139	1963	974	823	1257	1022	1158	4780	1026	2445	1587	337	321	1452	1313	3419	804	1214	1109	3703	3211	3257	1162	936	526	2095	1109	869	1003	1547	1022	2185	954	2662	1062	2338	2789	985	1103	1102	2488	1662	2735	1016	1379	2246	1222	2161	1827	1031	2613	863	1064	2105	1110	1116	1110	1276	2116	1527	1420	1504	1666	1740	2168	2848	698	985	1237	1293	1086	1110	896	1101	1161	1042	1229	936	1367	1064	2873	1073	1143	2470	1413	2614	1130	2028	985	1094	1009	437	2241	1227	2028	1183	956	1773	2630	1041	1518	2019	1137	2108	1816	1158	1086	962	1435	1736	863	1216	1039	1706	1379	1255	981	3310	3583	2848	682	1257	729	986	560	1104	1276	1972	1112	1403	2011	1551	1022	2055	572	2178	2341	1339	1018	1023	3117	1072	1087	1081	1651	1839	1081	1587	961	987	1016	2784	1088	592	2223	658	1149	1061	1133	1233	2441	1087	962	1093	490	1958
779	438	489	890	901	589	2593	906	719	667	499	585	1215	834	736	408	1185	1092	950	2041	903	1433	986	885	906	648	1115	681	421	471	1119	1141	499	1022	1443	1902	0	955	805	585	592	407	2703	1446	816	897	776	564	938	1100	1024	1030	747	2898	875	1329	315	1604	1938	520	602	1517	1115	721	896	1884	1498	1454	742	990	2146	709	986	1278	899	624	1030	907	948	761	886	482	1227	1002	890	800	767	291	1612	918	522	995	719	264	169	1024	1311	1117	887	487	896	798	895	1014	574	497	489	603	312	328	760	955	1232	1016	705	628	841	898	1155	904	748	1021	1047	991	537	887	975	829	763	571	494	1400	1063	548	928	807	1040	1523	370	2360	133	736	1045	446	1415	862	390	421	966	558	523	749	925	954	651	554	1124	699	1189	1047	522	646	1015	1612	1869	955	1419	673	1180	1013	2231	798	645	541	1076	500	335	632	881	574	2413	689	488	766	915	881	1217	868	1101	825	272	263	820	315	1040	932	918	1301	814	1955	500	1336	757	845	1049	698	707	815	1044	917	1439	553
1727	848	1444	1785	1597	1409	1786	1713	1641	894	1452	1486	2099	1039	1692	672	1025	1084	1878	1115	1706	905	1845	1838	1713	1601	2070	1502	1372	1425	2030	2080	1452	1900	2318	2848	955	0	1751	1486	1343	1360	1809	1253	1751	1786	1710	1041	1893	2055	1812	1909	1701	1942	1826	1396	1264	2539	2857	1462	1535	601	2070	1641	1786	984	802	919	1696	1919	3048	1024	1845	2221	1851	1396	1909	1367	1893	213	1802	648	877	1904	1785	1746	841	1188	1537	1874	1474	1166	1635	691	1069	1901	1217	2027	1802	843	1785	1733	1785	1796	892	1419	1444	1412	1188	1207	996	0	2163	1914	1620	1556	1767	1786	2043	1794	1703	1895	1841	1919	1481	1802	276	1775	1717	386	1450	1341	1986	967	1864	1756	1920	2478	690	3144	824	1692	1944	1143	1348	1814	1329	901	1819	889	1283	1704	1814	1889	1479	1355	2032	1655	2022	1610	1474	1597	1915	1228	1392	0	2313	1628	2120	1912	3135	1744	1573	1018	1908	1454	872	1398	1833	957	3368	919	652	1597	1870	1833	378	1788	1937	1766	1224	1025	1769	1264	1939	1864	1874	1012	1760	2905	877	2250	1711	1787	1880	1653	820	1761	1942	1806	2393	1039
28	1014	338	271	717	497	3380	512	175	1164	310	321	513	1232	174	1189	1851	1713	183	2846	521	2044	419	116	512	169	340	468	449	342	371	337	310	386	725	1097	805	1751	0	321	617	446	3507	1873	79	291	92	949	181	332	598	388	101	3688	82	1611	490	801	1145	423	225	2322	340	179	291	2632	2174	2206	103	214	1365	1108	419	638	113	575	389	1290	143	1565	193	1256	1795	303	271	6	1452	572	1922	226	285	1330	195	1064	745	389	1712	371	198	1051	293	80	289	605	1083	514	338	513	581	690	1183	1751	436	328	205	215	129	295	454	292	126	397	597	216	270	198	1779	24	105	1373	329	1751	584	1001	142	26	389	740	1154	1703	931	174	343	735	1768	86	422	961	422	1072	835	119	304	168	461	773	383	180	598	965	285	161	321	2305	2574	1751	674	238	377	323	1447	7	200	950	529	311	936	584	102	1031	1622	1167	1260	438	221	106	2023	170	537	42	565	758	28	490	339	157	226	1820	10	1225	1173	561	107	55	517	227	1399	10	348	303	650	941
309	705	297	306	488	187	3176	370	162	843	242	0	631	912	388	992	1735	1619	398	2596	372	1724	406	436	370	270	660	199	397	266	545	607	242	437	858	1374	585	1486	321	0	304	378	3273	1556	286	312	247	627	501	653	489	445	336	3407	404	1308	303	1056	1372	450	121	2073	660	161	311	2331	1859	2037	333	438	1569	786	406	949	434	271	445	1285	441	1314	316	1066	1474	421	306	319	1320	303	1619	531	230	1015	152	818	589	439	1396	542	316	738	311	269	310	486	764	526	297	206	297	606	862	1486	680	434	137	112	288	312	571	319	358	437	505	438	166	316	1547	338	356	1121	288	1440	846	681	393	339	454	1050	955	1786	692	388	463	416	1457	406	217	650	388	754	813	354	340	414	177	777	548	358	613	722	230	241	434	2177	2439	1486	837	388	646	431	1656	314	123	629	505	252	636	281	423	711	1919	846	1071	233	525	427	1785	303	528	315	428	465	348	303	458	387	531	1498	326	1546	1038	765	352	333	480	400	1261	327	462	332	957	620
608	502	551	499	308	119	3096	369	443	580	504	304	775	619	691	978	1776	1685	647	2458	362	1454	515	733	369	571	947	178	616	514	743	856	504	582	984	1601	592	1343	617	304	0	592	3152	1256	567	492	532	361	798	943	471	591	640	3217	697	1004	450	1269	1549	699	423	1944	947	440	492	2112	1609	2012	637	684	1720	502	515	1251	728	55	591	1441	720	1201	552	1053	1198	616	499	615	1359	331	1315	833	502	713	426	748	677	583	1094	739	549	520	490	552	491	456	516	756	551	104	298	759	577	1343	906	617	414	416	551	490	726	499	662	574	499	682	447	549	1455	630	660	1016	545	1136	1147	428	657	637	604	1318	940	1816	650	691	647	200	1154	703	397	446	487	510	986	658	515	673	169	972	740	659	679	481	502	543	621	2196	2446	1343	991	684	893	616	1809	610	426	371	566	513	472	55	719	454	2162	577	1060	267	828	724	1679	549	595	602	575	358	644	450	642	645	833	1211	620	1829	1092	955	656	617	538	698	1299	621	642	508	1224	356
417	752	110	620	850	511	2937	747	431	958	153	378	930	1086	338	753	1410	1279	619	2429	750	1797	754	501	747	277	721	564	24	120	805	781	153	761	1154	1520	407	1360	446	378	592	0	3077	1734	484	635	451	782	547	704	865	766	366	3302	501	1547	162	1242	1590	128	311	1907	721	435	635	2289	1885	1759	361	655	1812	951	754	873	520	588	767	909	585	1160	584	818	1571	708	620	440	1007	316	1851	517	177	1224	441	671	306	763	1584	804	587	799	635	467	632	863	864	164	110	532	348	249	1019	1360	883	729	432	343	523	637	869	640	360	765	878	657	231	587	1355	471	378	974	119	1652	672	804	586	440	773	1126	721	2119	540	338	753	577	1669	483	195	712	742	849	436	362	660	612	536	399	814	304	962	1066	177	288	725	1862	2130	1360	1112	269	819	725	1894	441	355	770	862	147	652	599	500	835	2016	972	820	611	514	499	1601	561	881	477	135	487	453	162	748	596	517	1626	456	1547	726	1006	373	497	840	294	953	457	755	654	1046	772
