NAME : VRPTW_INSTANCE_245.txt
COMMENT : Bangkok Supermarket
TYPE : VRPTW
DIMENSION : 271
DAYS : Saturday
EDGE_WEIGHT_TYPE : EXPLICIT
VEHICLES : 31
EDGE_WEIGHT_FORMAT : FULL_MATRIX
CAPACITY : 1000
EDGE_WEIGHT_SECTION
0	1493	815	272	1198	201	236	1005	1019	456	530	309	697	1761	1138	2033	1190	359	382	213	236	202	196	204	224	2253	1255	2434	1107	2932	849	347	210	1486	422	1120	1791	133	352	1123	830	153	859	412	595	1132	346	1068	306	449	1104	264	1072	885	113	1899	1318	2187	2224	474	307	146	1809	3368	1734	284	447	1976	211	948	333	741	1485	394	394	534	283	109	549	365	239	1143	1124	1606	1237	193	1852	405	490	244	212	1080	1121	1041	1062	351	212	178	1142	623	1126	1228	488	1942	516	332	273	1875	88	903	347	221	1433	746	412	606	212	418	1375	425	835	409	650	4047	207	943	2360	2065	587	196	715	221	1416	26	2506	401	356	308	2628	83	1149	1699	124	404	193	815	309	921	1004	202	402	1811	937	2669	268	155	97	140	1994	813	1766	372	745	990	1616	358	1274	650	349	300	202	31	682	408	1156	199	1515	412	309	642	1947	449	97	815	1169	146	369	1571	1107	1411	1742	201	518	206	104	349	1923	695	832	1444	1037	350	113	236	884	2370	486	955	1559	404	2920	474	2062	503	1088	430	390	977	1014	326	379	436	583	83	264	2009	243	572	671	357	597	309	419	370	1861	1845	153	341	400	647	133	496	940	436	1491	1734	521	601	355	309	451	910	351	172	808	773	130	330	839	395	365	935	2022	111	534	1244	201	523	640	1722	193
1493	0	838	1693	2626	1315	1621	489	2394	1119	1181	1436	1799	1818	2629	892	972	1330	1185	1585	1698	1582	1580	1668	1616	1664	391	1246	1919	2226	980	1569	1485	2795	1261	949	3104	1384	1579	2474	1386	1340	1576	1556	961	1131	1799	613	1468	1476	880	1252	2438	625	1606	433	802	828	768	1066	1428	1611	653	2188	3093	1274	1101	2929	1490	890	1268	2234	612	1698	1590	1283	1268	1603	1974	1602	1701	2486	1380	765	2707	1340	906	1535	1352	1623	1491	668	379	452	2545	1557	1491	1347	383	1496	864	1897	1050	474	1940	1790	1747	887	1580	764	1389	1275	63	1079	1545	1596	1472	1526	1762	1555	962	1691	2124	2739	1671	551	3833	846	1423	1325	2202	1686	661	1510	1769	1129	1586	1449	1466	1529	379	1297	1542	1333	1340	838	1451	2264	1328	1693	1834	479	1953	1578	1756	1372	1591	1483	757	707	3216	1302	1477	617	2836	1852	914	1624	1563	1286	1693	1525	2098	1535	351	1296	2999	1556	1197	1734	806	1108	1591	757	899	1611	1806	3063	510	403	630	1315	977	1287	1454	1569	2882	1973	898	2799	462	1782	1606	1698	2236	936	1677	806	1855	1530	1617	1961	1693	1687	986	1100	1328	1396	518	1177	1587	1446	1005	1487	1252	791	1625	1911	2113	1789	1357	1285	1237	1590	916	1080	1340	1799	1840	1183	1384	1681	553	1446	1388	460	1297	916	1585	1197	1538	597	1413	1358	702	723	1623	1270	968	1367	1598	582	642	1594	1283	2737	1315	1286	1315	470	1567
815	838	0	1075	2014	614	1018	427	1827	670	361	916	1373	1272	1924	1623	452	538	689	984	961	975	971	937	1008	1527	803	1618	1103	2198	883	1042	907	2284	461	380	2593	683	1051	1927	569	681	752	1067	594	495	1160	269	943	655	332	667	1879	281	916	1172	516	1650	1606	603	909	959	1372	2554	2545	537	630	2654	912	187	505	1508	671	1148	1080	917	536	914	1362	1073	964	1946	667	1306	2044	625	1534	1048	949	1023	913	830	569	470	1784	1035	913	738	631	1139	348	1111	593	1311	1160	1147	1088	1537	886	91	594	644	775	886	1058	1198	713	1048	1054	1072	157	1152	1366	3233	938	432	3044	1612	1065	619	1459	953	601	822	1750	416	1058	928	1812	880	639	988	910	527	625	0	930	1719	572	1013	1213	1276	1592	1857	1079	756	899	748	1527	503	2578	512	1196	677	2389	1153	504	1241	1038	533	1013	843	1494	1049	496	660	2309	1067	612	1305	1133	645	899	601	401	959	1180	2351	343	964	1320	614	383	634	825	1042	2602	1460	86	2252	514	1160	916	961	1684	1601	1185	825	1195	1043	2109	1281	1398	1201	373	388	528	619	580	594	1070	996	649	847	667	1554	1023	1103	1487	1167	1020	528	444	1068	1544	1052	681	1156	1213	905	683	1193	405	996	880	1224	468	507	1056	612	1075	304	615	750	472	402	937	508	166	561	1071	523	1466	887	917	1997	614	912	1013	934	961
272	1693	1075	0	948	466	74	1213	752	586	803	293	478	2018	949	2142	1462	630	513	108	324	111	113	309	77	2526	1413	2689	1307	3205	916	211	211	1215	695	1391	1522	404	207	854	1091	394	1099	281	744	1405	109	1319	265	695	1373	444	804	1111	216	2112	1584	2332	2396	630	298	128	1935	3629	1469	554	596	1721	207	1216	606	599	1740	162	239	541	552	213	289	201	324	873	1389	1698	1013	463	1940	289	471	75	206	1200	1314	1244	943	224	206	353	1324	519	1395	1443	646	2122	546	105	106	1968	239	1160	611	439	1636	796	288	457	464	307	1618	294	1105	184	582	4299	312	1144	2229	2186	518	464	605	314	1675	277	2778	658	206	283	2886	196	1330	1972	165	673	463	1075	281	649	1270	156	142	1966	712	2932	153	330	227	394	2123	990	1529	643	650	1139	1343	249	1544	493	218	573	156	252	421	292	1371	420	1307	281	502	438	2199	591	227	967	1438	128	112	1380	1348	1558	1866	466	744	442	252	213	1668	427	1098	1177	1231	89	216	324	613	2595	284	1057	1803	291	3169	294	2332	299	1360	686	659	1239	1190	522	226	374	713	228	444	2133	72	662	423	96	557	582	692	215	1947	2114	394	113	147	675	404	294	1146	374	1761	1883	790	778	206	502	329	1133	610	340	992	971	198	603	1109	660	205	1116	2178	263	541	1086	466	531	614	1959	126
1198	2626	2014	948	0	1399	1014	2155	268	1506	1708	1189	919	2774	416	2959	2369	1519	1441	1050	1092	1056	1059	1107	1022	3395	2315	3632	1911	4068	1747	1057	1146	450	1594	2302	676	1331	1047	267	1908	1338	1845	1078	1665	2284	854	2265	1157	1510	2294	1390	254	2058	1101	3051	2513	3198	3294	1560	1197	1056	2782	4565	568	1479	1525	1305	1141	2141	1521	652	2683	928	1040	1373	1479	1101	659	1025	1090	284	2209	2506	224	1389	2727	1099	1298	1011	1140	2069	2246	2183	722	1069	1140	1301	2247	1211	2317	2079	1577	3034	1046	867	925	2763	1130	2102	1481	1387	2570	1623	1090	1100	1333	1110	2334	1082	2025	936	846	5245	1106	2083	1594	3021	1265	1395	740	1095	2615	1192	3663	1599	1041	1176	3826	1136	2253	2848	1111	1552	1389	2014	1174	406	2103	1003	806	2850	928	3865	938	1278	1117	1280	2969	1918	592	1539	1297	2040	688	880	2460	1093	1063	1489	1003	1170	529	1099	2314	1368	496	1078	1449	965	3144	1517	1117	1877	2356	1056	838	625	2296	2443	2712	1399	1692	1388	1200	1058	1263	686	2029	331	2164	859	1100	1092	418	3539	965	1915	2512	1103	4116	746	3168	959	2266	1628	1542	2051	2112	1469	1041	1195	1623	1173	1390	2973	1010	1197	527	852	1329	1497	1599	1037	2732	3032	1338	858	803	1499	1331	964	2087	1195	2601	2764	1662	1712	1042	1449	1104	2080	1470	1288	1924	1911	1079	1518	2028	1528	1028	2043	3059	1134	1373	609	1399	1367	1385	2907	1071
201	1315	614	466	1399	0	417	825	1217	378	347	393	840	1617	1329	1907	998	214	321	386	383	376	371	353	405	2069	1104	2232	1050	2747	781	484	335	1681	252	926	1988	71	491	1320	691	90	758	533	479	950	546	868	407	368	907	196	1270	697	305	1712	1119	2036	2058	367	388	345	1674	3167	1933	93	353	2133	338	750	153	923	1284	564	529	545	89	303	749	510	386	1340	970	1495	1436	33	1743	520	527	423	339	960	950	863	1230	482	339	185	977	698	929	1149	376	1772	641	533	474	1762	276	702	234	125	1253	698	529	711	190	527	1256	543	639	573	810	3846	356	769	2522	1930	644	13	887	371	1215	209	2316	201	497	399	2426	269	985	1514	303	262	33	614	401	1115	847	401	601	1657	1078	2468	467	188	288	172	1856	660	1966	214	803	852	1802	549	1078	757	483	122	401	229	882	522	971	117	1709	533	201	778	1746	361	288	682	972	345	568	1761	910	1266	1609	0	339	88	228	485	2080	875	633	1642	866	548	305	383	1079	2177	632	854	1436	516	2720	671	1888	650	896	231	245	832	856	208	516	513	485	242	196	1873	423	652	872	555	632	132	241	510	1752	1647	90	542	600	626	71	642	762	513	1321	1583	368	460	496	201	560	723	251	193	650	604	325	150	643	269	509	776	1867	283	545	1424	0	535	661	1524	364
236	1621	1018	74	1014	417	0	1143	810	512	761	221	471	1997	1024	2069	1415	596	440	36	344	42	46	323	12	2484	1339	2628	1313	3163	844	158	137	1267	656	1343	1576	360	157	909	1066	338	1087	231	671	1364	184	1257	195	679	1322	375	861	1043	213	2042	1530	2258	2322	557	226	115	1861	3571	1528	508	522	1740	133	1164	563	671	1680	159	196	472	505	208	356	158	345	927	1361	1626	1085	419	1867	236	404	8	132	1126	1242	1174	1014	169	132	286	1251	469	1343	1443	573	2049	590	178	166	1895	229	1102	583	376	1564	725	237	420	443	253	1605	245	1056	176	645	4237	327	1073	2303	2113	461	417	674	332	1616	247	2733	602	157	211	2827	154	1257	1930	114	641	419	1018	210	701	1241	186	212	1891	710	2875	205	265	219	370	2049	917	1598	607	600	1065	1385	310	1494	459	163	530	186	223	485	238	1301	359	1380	231	434	423	2137	517	219	893	1388	115	184	1454	1283	1484	1792	417	678	383	192	160	1687	460	1045	1235	1159	161	212	344	666	2526	264	983	1789	236	3105	367	2297	281	1313	629	626	1213	1116	454	181	311	639	175	375	2059	6	695	492	167	494	539	651	170	1875	2062	338	187	219	605	360	275	1075	311	1727	1809	758	705	157	434	279	1065	586	274	920	900	200	560	1060	632	161	1043	2103	258	472	1160	417	461	550	1893	56
1005	489	427	1213	2155	825	1143	0	1932	656	723	971	1370	1634	2143	1198	756	853	715	1107	1209	1103	1100	1179	1137	1719	376	1562	1528	2356	646	1106	1009	2352	789	701	2664	895	1115	2019	995	852	1176	1102	507	865	1317	344	1003	1010	631	769	1979	154	1118	899	690	1249	1241	597	963	1125	947	2522	2642	787	633	2578	1014	558	786	1745	674	1232	1131	856	781	1114	1499	1139	1212	2032	1076	885	2226	851	1108	1081	916	1145	1015	460	145	44	2056	1095	1015	863	204	1082	629	1538	580	950	1455	1307	1262	1110	1091	389	912	788	428	706	1091	1171	986	1074	1467	1103	581	1227	1635	3136	1181	78	3345	1192	1006	836	1713	1197	655	1021	1893	642	1123	984	1777	1044	212	1235	1059	861	851	427	986	1807	992	1205	1355	869	1552	1857	1269	888	1102	994	1108	264	2741	825	1092	318	2416	1364	752	1205	1100	801	1205	1036	1625	1081	160	809	2514	1102	713	1303	1073	642	1102	353	683	1125	1326	2576	268	537	894	825	488	798	970	1105	2528	1522	508	2346	91	1303	1118	1209	1777	1384	1226	517	1596	1076	2002	1475	1658	1238	719	614	855	1044	185	692	1127	999	559	1001	769	1133	1147	1432	1636	1309	944	801	763	1129	1118	1164	852	1317	1361	782	895	1230	67	999	1214	809	842	446	1121	713	1091	126	937	875	246	243	1135	787	589	895	1136	175	1070	1105	856	2248	825	856	914	779	1088
1019	2394	1827	752	268	1217	810	1932	0	1277	1545	961	654	2685	582	2696	2208	1362	1216	845	958	853	857	965	820	3258	2071	3439	1862	3935	1492	826	932	477	1433	2138	774	1152	816	113	1786	1146	1749	837	1433	2138	675	2067	929	1382	2123	1180	55	1845	934	2823	2336	2942	3045	1335	969	872	2524	4381	718	1303	1299	1198	927	1967	1351	642	2490	700	804	1125	1302	933	470	793	956	139	2090	2243	459	1212	2462	859	1051	805	926	1819	2015	1958	831	837	926	1096	2012	951	2145	2024	1351	2790	980	689	754	2499	963	1912	1331	1187	2340	1370	849	841	1181	868	2256	839	1854	704	817	5046	966	1858	1846	2760	1009	1214	728	958	2427	1018	3518	1410	809	948	3638	947	2017	2706	917	1400	1212	1827	946	139	1977	838	616	2599	663	3684	778	1075	949	1119	2710	1687	846	1379	1032	1798	657	747	2293	830	832	1318	838	993	339	859	2092	1169	758	837	1239	702	2947	1290	949	1640	2188	872	650	880	2090	2194	2454	1217	1485	1193	1002	827	1151	429	1850	425	1935	669	933	958	158	3316	719	1663	2438	863	3913	618	3047	710	2105	1438	1388	1933	1876	1259	806	951	1388	980	1180	2713	805	1137	369	661	1074	1326	1434	804	2467	2864	1146	681	618	1246	1152	717	1864	951	2476	2512	1514	1486	811	1239	859	1865	1324	1083	1695	1688	912	1348	1858	1380	796	1811	2807	973	1125	787	1217	1120	1129	2696	867
456	1119	670	586	1506	378	512	656	1277	0	601	316	727	1871	1535	1580	1120	561	75	477	692	475	475	659	508	2197	827	2198	1410	2867	405	451	374	1696	559	1046	2008	413	460	1362	986	331	1094	446	159	1130	695	847	349	735	1002	196	1323	587	559	1546	1174	1750	1809	67	309	528	1361	3155	1985	424	40	1988	378	852	475	1167	1266	578	474	247	414	554	857	483	695	1375	1222	1150	1594	411	1396	424	282	512	379	627	740	681	1501	439	379	277	742	470	1017	1493	81	1538	972	688	657	1420	541	731	598	261	1064	322	435	538	564	418	1557	447	773	572	1100	3788	663	581	2798	1616	395	391	1154	677	1218	480	2416	370	467	329	2407	455	748	1656	454	603	411	670	332	1151	1103	623	722	1381	931	2473	677	302	547	526	1548	411	2097	547	529	554	1768	784	1174	578	445	459	623	483	979	424	817	278	1892	446	177	659	1704	26	547	381	1071	528	696	1966	844	974	1293	378	289	295	377	450	1937	865	731	1689	658	672	559	692	1121	2039	569	499	1729	420	2653	871	2061	582	1032	374	586	1109	607	172	470	348	129	412	196	1561	515	1012	997	678	350	468	534	473	1404	1705	331	697	730	270	413	574	589	348	1520	1300	678	211	466	177	437	603	620	285	418	414	570	474	780	621	480	537	1593	567	247	1665	378	242	351	1430	462
530	1181	361	803	1708	347	761	723	1545	601	0	730	1185	1285	1582	1906	663	191	579	732	625	721	716	605	749	1723	1075	1945	855	2402	949	830	682	2015	113	595	2319	400	838	1651	385	436	513	876	616	603	870	629	748	295	587	493	1599	569	611	1532	809	1973	1949	554	724	676	1659	2862	2255	254	562	2480	686	438	197	1164	1010	911	875	829	259	611	1074	857	628	1672	634	1541	1717	342	1783	861	832	768	687	1019	867	767	1427	828	687	523	916	1016	611	911	553	1655	802	855	791	1793	582	451	239	437	1118	903	870	1045	376	867	956	885	321	921	1012	3561	606	696	2683	1909	953	345	1109	619	932	528	1975	231	844	738	2130	609	924	1169	646	169	342	361	740	1451	512	708	930	1593	1421	2160	771	531	596	428	1827	673	2254	168	1107	878	2145	830	752	1091	829	230	708	553	1206	863	831	442	1969	876	459	1122	1472	576	596	742	648	676	896	2004	703	1242	1601	347	367	410	576	832	2427	1220	340	1969	794	879	611	625	1413	1961	979	959	1128	857	2446	962	1540	997	560	228	172	510	826	450	862	841	652	586	493	1850	767	741	1187	886	927	221	110	857	1792	1324	436	864	926	871	400	988	677	841	974	1532	119	551	843	459	898	598	258	533	649	580	633	200	322	201	856	751	1792	574	829	1645	347	820	942	1293	710
309	1436	916	293	1189	393	221	971	961	316	730	0	461	2010	1236	1849	1346	606	255	194	512	198	200	483	223	2427	1134	2496	1411	3104	622	135	108	1389	645	1272	1701	371	144	1048	1084	303	1143	150	475	1322	402	1130	32	737	1240	251	1008	889	363	1863	1433	2044	2117	373	7	287	1644	3448	1672	483	338	1754	110	1083	545	893	1554	261	165	253	476	357	545	168	513	1063	1361	1404	1282	412	1646	132	192	218	110	910	1056	997	1236	124	110	208	1058	316	1259	1524	390	1849	782	398	386	1674	361	992	615	293	1381	503	143	318	508	136	1648	157	985	256	861	4094	487	896	2523	1894	278	400	895	497	1499	333	2662	525	152	13	2701	252	1063	1876	223	654	412	916	15	837	1239	383	417	1682	692	2760	420	206	359	441	1831	728	1780	607	436	859	1476	527	1414	363	129	515	383	319	664	134	1131	288	1584	150	304	395	2002	329	359	691	1309	287	395	1663	1141	1273	1574	393	544	320	206	134	1702	556	960	1376	975	372	362	512	806	2355	269	764	1829	128	2960	588	2263	285	1249	546	638	1225	922	322	158	128	435	227	251	1841	222	865	685	377	294	526	630	159	1653	1968	303	407	428	384	371	276	903	128	1702	1598	762	525	150	304	168	908	627	199	735	727	362	542	991	657	165	853	1893	394	253	1379	393	242	343	1739	189
697	1799	1373	478	919	840	471	1370	654	727	1185	461	0	2454	1116	2042	1806	1044	688	486	802	497	503	787	484	2888	1450	2925	1783	3565	853	357	506	998	1093	1733	1306	801	350	707	1523	750	1556	311	864	1782	512	1573	439	1146	1699	712	685	1314	684	2232	1888	2295	2410	793	468	586	1874	3882	1305	933	760	1295	503	1543	994	910	1993	317	311	517	927	680	465	334	803	712	1809	1590	1077	853	1808	328	454	463	501	1185	1430	1389	1235	357	501	663	1415	308	1718	1915	808	2166	1002	522	570	1844	700	1445	1041	753	1750	735	317	203	909	325	2072	303	1446	297	976	4507	790	1292	2435	2108	376	845	955	792	1943	713	3122	986	344	451	3134	615	1419	2337	573	1091	853	1373	449	514	1687	634	463	1961	240	3200	619	654	690	836	2060	1110	1500	1050	378	1186	1045	685	1873	181	357	962	634	690	499	326	1530	744	1389	311	763	68	2431	748	690	1043	1768	586	476	1497	1571	1561	1805	840	993	776	619	355	1242	244	1420	1016	1355	470	683	802	501	2733	211	1029	2256	332	3373	648	2723	193	1710	1007	1075	1667	1282	780	324	380	811	619	712	2061	466	1132	559	467	443	972	1081	331	1813	2423	750	523	480	619	801	201	1305	380	2159	1873	1205	935	346	763	298	1329	1047	652	1124	1135	669	991	1452	1087	333	1226	2166	730	517	1301	840	515	491	2149	504
1761	1818	1272	2018	2774	1617	1997	1634	2685	1871	1285	2010	2454	0	2507	2710	881	1409	1860	1975	1737	1964	1958	1736	1984	842	1985	1647	915	1400	2152	2097	1948	3161	1365	933	3441	1652	2103	2798	931	1708	936	2150	1842	778	2050	1298	2025	1324	1003	1779	2740	1526	1802	1893	1017	2604	2450	1814	2004	1892	2467	2262	3342	1527	1831	3737	1951	1095	1465	2130	1233	2156	2143	2110	1533	1805	2240	2120	1738	2823	651	2497	2705	1602	2693	2137	2117	2005	1952	2085	1747	1667	2234	2097	1952	1802	1818	2302	1007	747	1809	2195	1728	2035	1968	2683	1778	1264	1414	1721	1774	2141	2146	2328	1555	2145	447	2161	1127	2171	1936	3040	1734	1671	3190	2663	2239	1611	2046	1740	1165	1749	1128	1511	2109	2017	1713	1845	1824	602	1886	1362	1602	1272	2019	2624	773	1883	2116	2295	2693	1641	1932	1806	1791	1627	2574	1774	3219	1405	2390	1933	3332	1941	911	2373	2097	1495	1883	1774	2358	2139	1609	1724	2869	2150	1744	2394	1423	1845	1791	1874	957	1892	2085	2848	1397	2118	2434	1617	1595	1691	1835	2098	3684	2446	1188	3083	1725	2074	1803	1737	2584	2052	2243	2096	296	2134	2128	2067	533	2261	917	1500	1378	786	1816	1733	2129	2125	1891	1835	1779	2609	2003	1579	2317	2081	2210	1485	1380	2122	2704	982	1708	2041	2107	2135	1652	2253	1641	2125	431	2278	1249	1759	2107	1744	2177	1540	1411	1811	1743	1674	1822	1467	1118	1367	2120	1775	2426	1756	2110	2473	1617	2102	2220	1544	1955
1138	2629	1924	949	416	1329	1024	2143	582	1535	1582	1236	1116	2507	0	3080	2220	1392	1462	1058	962	1059	1060	987	1027	3190	2363	3528	1609	3849	1849	1122	1161	861	1471	2160	1042	1257	1113	643	1705	1291	1607	1167	1693	2111	840	2189	1205	1336	2164	1379	603	2024	1027	3038	2389	3281	3344	1576	1242	1019	2880	4434	902	1391	1543	1721	1156	2021	1418	418	2591	999	1123	1465	1394	1029	705	1095	959	667	1995	2630	228	1310	2866	1185	1390	1024	1156	2147	2253	2177	321	1136	1156	1283	2268	1358	2189	1781	1592	3069	815	847	883	2897	1054	2015	1343	1355	2570	1725	1178	1255	1211	1200	2060	1175	1903	1016	592	5143	985	2078	1320	3129	1393	1321	483	971	2514	1124	3468	1528	1108	1224	3709	1100	2274	2657	1089	1415	1310	1924	1223	679	1900	937	819	2915	1203	3731	873	1258	1043	1176	3068	1935	712	1417	1469	2089	1104	780	2319	1262	1129	1391	937	1107	622	1186	2295	1333	387	1167	1433	1140	3053	1539	1043	1916	2220	1019	841	433	2238	2508	2810	1329	1657	1344	1176	1123	1678	872	1921	731	2169	865	1026	962	666	3506	1081	2000	2230	1188	4029	669	2940	1082	2118	1558	1410	1838	2135	1453	1118	1284	1663	1143	1379	3077	1021	943	574	859	1450	1396	1483	1110	2872	2885	1291	838	808	1600	1257	1084	2076	1284	2387	2833	1511	1721	1109	1433	1206	2049	1326	1272	1934	1906	1008	1416	1904	1386	1099	2060	3127	1046	1465	204	1329	1457	1509	2851	1073
2033	892	1623	2142	2959	1907	2069	1198	2696	1580	1906	1849	2042	2710	3080	0	1853	2003	1655	2038	2267	2039	2040	2234	2069	2499	831	1863	2726	2988	1230	1958	1937	2996	1952	1821	3282	1964	1966	2747	2193	1894	2374	1913	1438	2002	2252	1461	1878	2176	1750	1768	2727	1351	2139	983	1693	368	622	1559	1844	2105	252	2679	3317	1903	1585	2858	1941	1727	1923	2739	1496	2080	1957	1614	1895	2134	2375	1984	2270	2750	2241	453	3096	1939	258	1895	1690	2067	1941	953	1054	1154	3079	1943	1941	1857	995	1748	1737	2731	1546	639	2542	2247	2227	212	2120	1573	2059	1819	936	1354	1902	1858	2094	1880	2630	1906	1772	2064	2681	3040	2238	1211	4372	112	1698	1920	2733	2253	1551	2056	2554	1771	1971	1860	2065	2036	987	2182	2031	2023	1939	1623	1862	2557	2172	2202	2263	428	2102	2212	2253	1882	2127	2077	164	1255	3542	1978	1664	1055	2963	2361	1803	1865	1951	1928	2202	2062	2474	1893	1146	1841	3406	1913	1729	1994	1560	1584	2127	1225	1777	2105	2244	3498	1353	664	305	1907	1593	1846	1957	1956	2820	2272	1701	3042	1117	2221	2139	2267	2540	1310	2009	1086	2736	1891	2048	2436	2566	2012	1854	1749	2013	2232	1080	1714	1962	1796	1451	1993	1768	127	2070	2557	2511	2225	1637	1931	1924	1969	258	1927	1894	2256	2275	1480	1964	2008	1233	1796	2279	431	2025	1447	1970	1729	1877	1324	2085	1865	1272	1334	2150	1923	1780	2054	1980	1158	404	2145	1614	3228	1907	1623	1579	1265	2027
1190	972	452	1462	2369	998	1415	756	2208	1120	663	1346	1806	881	2220	1853	0	850	1134	1383	1280	1374	1369	1263	1403	1081	1104	1328	1034	1758	1322	1463	1320	2677	776	73	2982	1058	1471	2314	570	1079	745	1496	1046	174	1533	417	1370	884	128	1094	2262	661	1275	1156	219	1792	1681	1054	1338	1337	1605	2213	2919	908	1080	3096	1324	267	857	1803	488	1558	1504	1367	910	1275	1738	1493	1282	2334	430	1617	2369	998	1818	1478	1396	1421	1326	1213	866	787	2030	1458	1326	1152	937	1587	127	970	1044	1400	1412	1518	1454	1811	1245	412	889	1059	921	1335	1489	1641	1035	1481	793	1504	361	1565	1634	2932	1263	799	3223	1816	1514	998	1738	1275	397	1190	1319	823	1478	1356	1495	1266	943	536	1301	818	998	452	1358	2112	422	1372	1592	1452	2032	1510	1435	1166	1259	1091	1728	924	2907	830	1648	1063	2800	1489	105	1684	1460	890	1372	1214	1869	1480	730	1070	2607	1496	1044	1740	893	1094	1259	1027	76	1337	1559	2631	516	1240	1567	998	831	1041	1224	1464	3044	1871	389	2632	846	1541	1275	1280	2075	1474	1610	1240	883	1474	1842	1623	946	1627	103	800	826	502	940	1027	1493	1436	1101	1240	1094	1760	1421	1313	1851	1548	1470	881	773	1490	1829	665	1079	1527	1589	1358	1058	1619	769	1436	457	1424	711	959	1477	1044	1509	672	902	1164	893	830	1296	860	356	843	1491	906	1607	1237	1367	2260	998	1362	1465	831	1361
359	1330	538	630	1519	214	596	853	1362	561	191	606	1044	1409	1392	2003	850	0	517	571	434	559	554	414	583	1899	1179	2136	849	2577	950	687	538	1835	78	783	2136	242	694	1469	479	303	545	742	625	777	688	807	618	180	778	402	1416	705	428	1698	1001	2097	2092	532	601	501	1761	3053	2069	138	528	2332	541	629	87	974	1199	752	734	754	147	428	892	710	436	1491	767	1614	1526	194	1859	730	741	604	542	1080	991	895	1245	688	542	400	1032	912	802	939	537	1800	622	673	607	1874	399	630	59	334	1266	882	738	924	185	738	1041	753	512	765	827	3752	415	812	2512	2015	858	206	921	428	1121	352	2156	234	699	612	2321	442	1040	1345	482	48	194	538	613	1272	645	523	750	1716	1283	2351	585	400	413	242	1936	749	2063	27	1017	953	1972	640	941	970	687	102	523	378	1022	732	978	330	1779	742	390	984	1661	539	413	796	838	501	717	1816	872	1345	1700	214	412	299	425	689	2279	1055	528	1784	912	701	428	434	1234	2139	833	995	1222	727	2636	772	1702	851	747	254	31	623	926	389	720	728	646	427	402	1957	602	580	1001	708	844	93	94	712	1869	1514	303	681	745	824	242	843	798	728	1131	1649	161	581	698	390	771	734	84	407	730	669	449	88	514	60	710	847	1921	388	754	1459	214	744	870	1473	549
382	1185	689	513	1441	321	440	715	1216	75	579	255	688	1860	1462	1655	1134	517	0	405	619	403	402	586	436	2214	901	2245	1366	2887	471	390	302	1643	525	1060	1955	348	400	1304	961	264	1057	394	231	1132	622	885	287	686	1020	129	1263	635	484	1610	1201	1825	1882	118	247	453	1437	3199	1927	379	83	1965	307	866	434	1092	1306	516	418	249	369	479	789	423	622	1318	1209	1224	1524	353	1470	373	263	441	308	702	805	742	1426	380	308	204	811	454	1037	1455	135	1609	899	615	582	1494	467	757	549	198	1129	379	384	509	502	370	1533	397	780	512	1025	3840	590	642	2723	1691	384	334	1079	604	1255	407	2440	349	407	268	2451	380	817	1669	379	561	353	689	270	1092	1088	547	651	1455	902	2513	602	227	473	459	1623	478	2030	506	530	628	1723	708	1193	551	385	415	547	409	913	374	876	213	1821	394	126	620	1751	77	473	454	1089	453	624	1893	889	1049	1369	321	307	234	302	390	1912	810	744	1632	723	601	484	619	1062	2100	518	573	1707	369	2706	797	2069	532	1042	359	544	1089	676	130	413	308	205	337	129	1636	443	943	928	607	350	424	502	414	1478	1735	264	624	659	307	348	524	648	308	1521	1374	646	270	406	126	392	653	569	210	483	472	495	432	787	576	420	604	1667	494	249	1590	321	241	362	1484	389
213	1585	984	108	1050	386	36	1107	845	477	732	194	486	1975	1058	2038	1383	571	405	0	347	11	17	323	31	2455	1305	2593	1304	3134	815	152	103	1300	629	1312	1609	332	153	943	1044	305	1070	225	636	1336	218	1222	170	661	1290	339	896	1007	207	2006	1497	2224	2287	521	198	112	1829	3537	1563	478	487	1762	98	1132	534	701	1645	181	195	447	475	202	392	160	348	962	1337	1596	1121	390	1838	226	381	39	98	1093	1206	1137	1043	161	98	251	1215	460	1311	1431	538	2014	602	211	192	1866	218	1067	561	341	1528	697	229	419	424	243	1587	239	1024	195	668	4201	326	1037	2333	2081	446	387	701	334	1582	227	2702	569	156	185	2792	130	1221	1901	89	616	390	984	184	735	1216	197	248	1857	726	2841	226	229	210	351	2016	882	1634	581	590	1031	1416	333	1462	459	157	501	197	204	521	229	1265	324	1416	225	398	434	2102	482	210	858	1356	112	220	1488	1247	1450	1760	386	642	349	159	155	1709	488	1012	1269	1123	196	206	347	700	2490	275	952	1771	226	3070	398	2270	293	1282	596	601	1191	1081	418	180	294	604	145	339	2027	40	700	528	203	475	511	622	169	1845	2029	305	220	255	579	332	286	1039	294	1700	1775	733	670	155	398	272	1029	565	238	884	864	197	531	1028	608	162	1007	2069	250	447	1192	386	436	529	1857	22
236	1698	961	324	1092	383	344	1209	958	692	625	512	802	1737	962	2267	1280	434	619	347	0	336	331	32	334	2306	1480	2569	986	2981	1085	499	403	1435	512	1215	1728	315	499	1069	828	374	803	572	828	1192	320	1227	499	424	1212	499	1013	1078	148	2092	1435	2413	2441	707	512	234	2041	3487	1651	432	682	2022	401	1063	456	548	1629	485	540	756	436	154	503	503	3	1093	1132	1842	1092	358	2089	573	703	353	402	1314	1333	1247	846	508	402	415	1359	806	1236	1127	721	2155	280	305	242	2111	155	1052	390	448	1636	979	576	764	250	589	1321	586	946	507	426	4185	29	1152	2139	2297	785	373	505	14	1553	211	2571	574	501	507	2755	261	1366	1756	288	462	358	961	507	887	1019	168	385	2035	1035	2784	199	392	154	217	2225	1036	1629	457	935	1220	1595	213	1373	804	504	429	168	211	623	576	1353	427	1348	572	539	762	2092	685	154	1046	1271	234	357	1390	1280	1639	1975	383	722	425	328	501	1970	725	960	1372	1249	351	149	0	848	2550	604	1191	1505	573	3067	346	2089	620	1176	603	454	975	1235	554	525	631	818	296	499	2240	349	355	589	357	806	434	522	514	2097	1945	374	310	374	876	315	615	1146	631	1518	1959	570	828	500	539	619	1105	378	409	1028	986	151	453	948	437	505	1155	2246	125	756	1044	383	745	854	1890	338
202	1582	975	111	1056	376	42	1103	853	475	721	198	497	1964	1059	2039	1374	559	403	11	336	0	5	312	34	2445	1303	2586	1292	3124	818	163	102	1309	618	1302	1618	321	164	951	1032	296	1058	236	634	1325	219	1215	175	649	1280	334	904	1001	196	2001	1488	2224	2285	518	202	101	1829	3529	1571	468	485	1773	98	1123	524	699	1637	192	206	451	465	191	397	172	338	970	1326	1598	1124	379	1841	236	387	47	98	1094	1203	1133	1041	172	98	244	1212	470	1302	1419	535	2011	594	212	189	1868	207	1060	549	334	1524	700	239	429	412	252	1575	250	1014	206	663	4194	316	1033	2332	2082	454	377	698	323	1574	216	2693	560	167	189	2785	119	1219	1890	77	605	379	975	189	744	1205	189	252	1856	738	2833	221	222	199	339	2017	879	1639	570	599	1030	1426	329	1453	470	167	491	189	192	527	239	1260	316	1418	236	392	446	2095	480	199	857	1347	101	223	1490	1241	1449	1760	376	636	340	150	165	1720	499	1003	1277	1119	200	195	336	708	2485	287	953	1759	236	3063	397	2259	305	1273	587	590	1179	1078	413	191	301	604	134	334	2028	47	690	533	206	483	500	612	180	1848	2020	296	221	258	583	321	298	1035	301	1689	1775	721	666	166	392	282	1024	553	232	881	860	187	521	1019	597	173	1005	2068	238	451	1192	376	441	536	1851	14
196	1580	971	113	1059	371	46	1100	857	475	716	200	503	1958	1060	2040	1369	554	402	17	331	5	0	307	37	2439	1303	2582	1286	3118	819	168	103	1313	612	1297	1622	316	170	956	1027	292	1052	241	633	1320	220	1211	178	643	1276	331	908	999	190	1999	1484	2224	2284	517	204	97	1829	3525	1575	463	483	1779	98	1118	519	699	1633	198	212	454	460	185	400	177	333	974	1320	1599	1126	374	1842	241	390	52	98	1094	1201	1131	1040	177	98	241	1211	474	1297	1413	534	2010	590	212	187	1869	201	1055	543	330	1522	702	244	435	406	257	1570	255	1009	212	660	4191	311	1031	2332	2082	458	371	696	318	1570	210	2688	555	172	192	2781	113	1217	1885	72	599	374	971	191	748	1199	185	255	1856	744	2829	219	219	193	333	2017	877	1642	564	604	1029	1431	327	1448	476	172	485	185	186	531	244	1258	312	1420	241	389	452	2091	479	193	856	1342	97	225	1491	1237	1449	1761	371	633	336	146	171	1726	504	999	1281	1117	202	190	331	713	2482	293	953	1753	241	3060	397	2253	311	1268	583	584	1173	1077	410	196	305	603	129	331	2028	52	686	535	209	486	495	606	186	1849	2015	292	222	260	585	316	303	1033	305	1684	1774	716	665	172	389	287	1021	547	228	879	858	182	516	1014	591	179	1003	2068	233	454	1192	371	443	539	1848	13
204	1668	937	309	1107	353	323	1179	965	659	605	483	787	1736	987	2234	1263	414	586	323	32	312	307	0	312	2295	1448	2548	998	2971	1053	476	374	1442	492	1197	1738	284	477	1076	822	342	805	549	796	1179	315	1201	471	417	1192	466	1020	1049	120	2063	1415	2381	2410	675	483	211	2009	3467	1663	405	650	2017	373	1043	431	574	1606	469	517	726	408	125	505	481	35	1099	1126	1809	1112	329	2056	549	673	332	374	1281	1302	1217	876	485	374	382	1328	780	1217	1136	688	2124	313	300	235	2079	124	1028	374	416	1606	947	552	742	229	564	1323	563	926	490	457	4164	3	1122	2170	2264	758	343	534	18	1531	179	2559	545	478	479	2734	232	1335	1744	260	445	329	937	479	891	1012	155	381	2003	1021	2765	196	359	124	189	2193	1004	1649	437	909	1188	1598	226	1355	782	480	404	155	178	628	551	1324	394	1371	549	506	744	2069	652	124	1013	1253	211	351	1416	1253	1607	1942	353	692	393	296	478	1964	719	938	1382	1218	344	120	32	851	2523	586	1158	1508	548	3045	360	2082	602	1159	575	436	970	1203	522	502	603	786	265	466	2208	328	382	598	350	777	409	500	491	2064	1928	342	306	371	845	284	596	1116	603	1510	1927	555	796	478	506	594	1076	363	376	997	955	125	429	928	421	483	1123	2214	93	726	1072	353	714	825	1865	313
224	1616	1008	77	1022	405	12	1137	820	508	749	223	484	1984	1027	2069	1403	583	436	31	334	34	37	312	0	2473	1336	2619	1301	3152	845	167	134	1277	644	1332	1586	348	166	919	1054	327	1074	240	667	1352	186	1248	197	666	1311	368	871	1036	201	2036	1520	2256	2318	552	227	103	1860	3561	1538	496	518	1752	129	1154	551	671	1670	171	206	474	493	196	363	169	335	938	1349	1626	1091	407	1868	244	408	21	129	1124	1237	1167	1013	178	129	278	1246	478	1332	1431	568	2045	582	180	163	1896	216	1092	571	367	1558	726	245	430	430	261	1592	254	1044	188	641	4228	316	1067	2303	2112	467	405	672	321	1607	235	2722	592	167	213	2818	141	1252	1918	102	628	407	1008	212	712	1228	177	218	1889	723	2865	200	256	206	357	2047	912	1605	595	608	1062	1397	306	1483	469	172	518	177	210	493	246	1294	349	1385	240	426	436	2128	513	206	889	1377	103	189	1457	1274	1481	1791	405	670	373	182	169	1699	472	1035	1245	1153	166	200	334	676	2519	277	982	1777	244	3097	367	2285	294	1302	619	614	1201	1112	447	191	317	636	163	368	2058	18	685	499	172	500	527	639	180	1875	2051	327	189	224	607	348	287	1069	317	1715	1806	745	700	166	426	288	1058	573	265	914	894	188	548	1049	619	171	1038	2100	246	474	1161	405	464	555	1885	48
2253	1664	1527	2526	3395	2069	2484	1719	3258	2197	1723	2427	2888	842	3190	2499	1081	1899	2214	2455	2306	2445	2439	2295	2473	0	1969	944	1689	678	2351	2542	2397	3733	1831	1155	4033	2124	2550	3367	1490	2153	1585	2577	2109	1121	2587	1394	2450	1885	1194	2176	3313	1678	2327	1537	1040	2288	2071	2130	2420	2399	2291	1421	3957	1976	2157	4178	2401	1348	1921	2785	1078	2632	2584	2444	1980	2328	2790	2571	2308	3390	1195	2427	3365	2065	2563	2560	2476	2491	2403	2167	1774	1733	2951	2538	2403	2231	1839	2666	1179	1537	2119	1885	2377	2572	2506	2539	2298	1469	1927	2138	1646	2384	2570	2722	2077	2562	1224	2585	1442	2641	2599	2199	2295	1784	4000	2422	2592	2068	2709	2304	1070	2250	291	1902	2557	2437	941	2333	1842	554	2370	1859	2065	1527	2439	3172	1294	2421	2649	2073	3114	836	2480	2243	2312	2141	2341	1946	3898	1883	2721	2035	3869	2519	1023	2766	2540	1954	2421	2275	2919	2561	1618	2148	3569	2577	2126	2822	958	2172	2312	2049	1125	2399	2616	3569	1450	2050	2282	2069	1909	2118	2297	2543	4126	2944	1470	3678	1793	2600	2327	2306	3134	1493	2690	2236	1123	2556	1356	2653	310	2707	1177	1880	1871	1352	1897	2109	2573	2517	2166	2310	2176	2379	2490	2247	2893	2607	2546	1945	1834	2569	2573	584	2153	2580	2644	2422	2124	2699	1757	2517	802	2090	1744	2023	2555	2126	2591	1678	1934	2242	1917	1866	2348	1924	1436	1878	2570	1892	2136	2286	2444	3190	2069	2439	2537	1234	2433
1255	391	803	1413	2315	1104	1339	376	2071	827	1075	1134	1450	1985	2363	831	1104	1179	901	1305	1480	1303	1303	1448	1336	1969	0	1634	1900	2568	606	1261	1202	2448	1125	1057	2755	1167	1271	2143	1370	1106	1547	1237	670	1228	1523	687	1166	1349	985	994	2111	524	1366	809	995	932	982	789	1127	1351	584	2580	2755	1089	821	2542	1206	929	1102	1989	891	1391	1274	946	1081	1362	1680	1292	1483	2153	1449	514	2416	1135	731	1215	1019	1339	1207	280	241	335	2317	1248	1207	1088	173	1142	978	1914	773	719	1745	1515	1483	733	1344	764	1236	1034	368	716	1225	1248	1285	1204	1840	1233	957	1380	1904	3125	1451	381	3615	836	1074	1117	1969	1467	907	1276	2106	950	1277	1147	1855	1273	165	1535	1278	1196	1135	803	1149	1936	1368	1441	1548	556	1587	1961	1500	1114	1352	1277	757	444	2907	1153	1108	275	2475	1603	1081	1271	1255	1110	1441	1285	1796	1215	377	1056	2718	1237	946	1388	1180	824	1352	446	1028	1351	1523	2794	588	167	525	1104	775	1055	1195	1260	2495	1643	885	2463	289	1500	1366	1480	1912	1311	1352	428	1964	1211	2007	1698	1953	1360	1080	926	1187	1421	252	928	1274	1120	701	1230	994	777	1342	1745	1819	1505	1007	1113	1097	1279	742	1390	1106	1525	1557	831	1167	1354	404	1120	1557	479	1194	653	1276	946	1212	499	1262	1098	455	509	1380	1103	965	1228	1289	332	767	1364	946	2490	1104	950	959	846	1289
2434	1246	1618	2689	3632	2232	2628	1562	3439	2198	1945	2496	2925	1647	3528	1863	1328	2136	2245	2593	2569	2586	2582	2548	2619	944	1634	0	2286	1181	2184	2629	2508	3885	2057	1379	4196	2302	2639	3535	1893	2295	2055	2639	2062	1471	2778	1371	2526	2202	1366	2261	3489	1610	2534	905	1140	1566	1310	2133	2488	2576	1716	960	4157	2155	2167	4136	2513	1507	2118	3110	949	2746	2662	2416	2154	2533	2978	2662	2572	3552	1677	1950	3660	2244	2005	2618	2471	2633	2514	1901	1537	1552	3354	2620	2514	2343	1577	2644	1340	2173	2118	1226	2732	2765	2707	1969	2504	1530	2184	2252	1266	2262	2629	2729	2319	2614	1895	2642	1625	2747	2950	1615	2549	1641	4546	1764	2567	2237	3051	2562	1017	2440	830	2033	2646	2508	220	2497	1576	1084	2524	2113	2244	1618	2511	3325	1722	2632	2829	1481	3114	349	2697	2363	2518	2363	1699	1827	4195	2112	2654	1818	3967	2769	1224	2765	2625	2148	2632	2462	3110	2619	1409	2269	3915	2639	2202	2856	493	2179	2518	1911	1314	2576	2797	3947	1355	1637	1734	2232	1956	2247	2437	2629	4087	3053	1610	3862	1597	2776	2534	2569	3291	619	2763	2023	1866	2614	517	2898	1193	2777	1424	2004	2118	1800	1690	2182	2655	2546	2117	2461	2261	1735	2634	2639	3105	2783	2507	2142	2047	2654	2013	716	2295	2774	2830	2345	2302	2769	1625	2546	1379	1533	2019	1989	2644	2202	2635	1595	2201	2355	1808	1790	2555	2121	1624	2142	2659	1724	1461	2504	2416	3581	2232	2415	2476	796	2571
1107	1919	1103	1307	1911	1050	1313	1528	1862	1410	855	1411	1783	915	1609	2726	1034	849	1366	1304	986	1292	1286	998	1301	1689	1900	2286	0	2304	1792	1451	1318	2325	857	1019	2586	1047	1454	1975	535	1128	352	1519	1461	861	1302	1305	1412	682	1073	1246	1916	1376	1100	2177	1253	2744	2673	1378	1407	1198	2475	3063	2474	987	1377	2998	1318	1029	935	1258	1521	1466	1497	1596	997	1104	1461	1464	986	2002	617	2387	1817	1021	2624	1513	1572	1322	1320	1872	1672	1571	1324	1457	1320	1223	1731	1727	1096	171	1382	2382	882	1288	1228	2630	1085	1162	817	1175	1858	1730	1519	1714	902	1526	473	1532	960	1486	1065	3825	995	1520	2312	2716	1683	1039	1171	994	1431	1086	1981	1059	1458	1412	2415	1182	1739	1233	1222	808	1021	1103	1413	1826	613	1153	1365	2375	2019	2386	1182	1215	1094	970	2630	1525	2317	863	1843	1728	2520	1156	1133	1757	1453	951	1153	1106	1560	1516	1594	1167	1960	1519	1239	1737	1906	1389	1094	1597	1085	1198	1340	1935	1409	2064	2422	1050	1219	1139	1206	1453	2945	1707	1029	2233	1611	1336	1100	986	1787	2506	1578	1814	626	1511	2802	1263	1403	1595	972	1068	824	536	1662	1239	1481	1539	1489	1191	1246	2657	1318	725	1507	1342	1679	942	885	1471	2634	1571	1128	1292	1352	1673	1047	1588	1496	1539	929	2326	748	1402	1457	1239	1559	1402	799	1226	1500	1428	1114	936	954	789	1465	1591	2559	1054	1596	1562	1050	1585	1711	1863	1288
2932	2226	2198	3205	4068	2747	3163	2356	3935	2867	2402	3104	3565	1400	3849	2988	1758	2577	2887	3134	2981	3124	3118	2971	3152	678	2568	1181	2304	0	2998	3220	3076	4411	2510	1831	4709	2803	3228	4045	2160	2832	2242	3255	2773	1800	3265	2047	3128	2558	1867	2852	3990	2332	3005	2004	1699	2724	2477	2800	3097	3077	2808	1110	4631	2655	2828	4852	3080	2022	2600	3449	1690	3311	3262	3113	2658	3006	3468	3249	2983	4067	1860	2988	4031	2744	3092	3237	3147	3170	3081	2789	2395	2365	3599	3216	3081	2909	2455	3337	1850	2141	2789	2351	3041	3250	3184	3062	2976	2136	2604	2816	2221	3040	3247	3396	2755	3239	1831	3262	2119	3320	3261	1845	2970	2426	4590	2898	3263	2746	3372	2980	1700	2928	463	2580	3235	3114	1045	3012	2457	1233	3049	2537	2744	2198	3116	3850	1965	3098	3327	2577	3789	882	3157	2922	2990	2819	2825	2596	4560	2562	3388	2666	4548	3194	1694	3439	3218	2633	3098	2953	3597	3238	2241	2827	4224	3255	2802	3498	1438	2843	2990	2697	1798	3077	3294	4217	2092	2626	2810	2747	2581	2797	2976	3221	4800	3623	2145	4354	2423	3278	3005	2981	3812	1801	3368	2872	1696	3233	1361	3327	910	3385	1855	2558	2549	2018	2528	2785	3251	3192	2830	2989	2852	2862	3169	2906	3569	3285	3215	2624	2513	3247	3101	1192	2832	3258	3322	3085	2803	3376	2400	3192	1467	2611	2421	2687	3234	2802	3267	2329	2611	2920	2568	2522	3026	2603	2113	2555	3248	2531	2598	2963	3113	3839	2747	3108	3203	1763	3111
849	980	883	916	1747	781	844	646	1492	405	949	622	853	2152	1849	1230	1322	950	471	815	1085	818	819	1053	845	2351	606	2184	1792	2998	0	727	718	1848	934	1254	2152	818	735	1556	1329	735	1460	683	333	1379	1024	956	650	1129	1194	600	1529	673	944	1410	1311	1451	1556	419	618	894	1037	3142	2159	818	428	1955	721	1068	863	1516	1320	850	726	383	808	939	1145	753	1088	1563	1523	783	1871	815	1023	664	459	841	721	333	646	644	1858	713	721	672	610	545	1201	1860	413	1315	1366	1021	1007	1052	930	909	994	666	941	124	672	654	969	650	1887	676	1025	834	1475	3718	1056	573	3145	1282	483	795	1516	1070	1299	875	2536	732	740	633	2402	833	611	1842	821	988	815	883	634	1355	1411	992	1033	1108	980	2492	1037	694	934	930	1225	405	2337	933	501	367	1868	1145	1347	672	720	852	992	874	1247	663	783	683	2180	683	581	795	1703	420	934	301	1258	894	1014	2269	906	707	967	781	585	700	759	725	1907	1063	965	1870	592	992	944	1085	1334	1913	784	178	2047	661	2591	1210	2262	789	1254	726	973	1434	495	574	731	565	304	793	600	1231	845	1415	1282	996	417	860	907	738	1030	1808	735	1029	1045	250	818	784	597	565	1764	1020	1046	403	739	581	649	672	1017	677	434	492	951	862	1034	1010	749	471	1315	959	383	1999	781	392	363	1388	806
347	1569	1042	211	1057	484	158	1106	826	451	830	135	357	2097	1122	1958	1463	687	390	152	499	163	168	476	167	2542	1261	2629	1451	3220	727	0	149	1255	736	1390	1567	445	9	913	1166	394	1206	73	608	1430	308	1262	103	796	1361	374	872	1024	359	1997	1558	2165	2244	508	142	264	1759	3580	1537	577	473	1649	146	1203	637	800	1685	129	46	344	572	354	421	32	500	928	1452	1510	1156	496	1747	78	270	150	144	1029	1190	1132	1144	14	144	311	1190	311	1381	1575	525	1979	748	308	317	1778	368	1120	686	404	1515	604	79	266	560	96	1720	87	1101	121	793	4229	479	1031	2421	2007	307	488	813	486	1629	366	2782	640	16	122	2833	269	1196	1989	229	735	496	1042	119	701	1330	344	307	1806	596	2890	360	299	361	487	1947	862	1648	693	442	986	1347	460	1535	308	7	605	344	345	534	81	1266	393	1460	73	430	297	2136	464	361	821	1429	264	291	1544	1274	1397	1689	484	675	424	262	2	1596	423	1081	1241	1109	270	358	499	671	2489	149	880	1902	79	3095	494	2370	166	1364	663	719	1311	1054	450	32	167	566	266	374	1955	155	852	560	274	348	616	725	26	1754	2093	394	315	320	479	445	158	1038	167	1804	1721	848	660	15	430	121	1043	693	299	869	862	350	634	1107	731	30	986	2016	401	344	1273	484	335	405	1874	164
