NAME : VRPTW_INSTANCE_27.txt
COMMENT : Bangkok Supermarket
TYPE : VRPTW
DIMENSION : 298
DAYS : Friday
EDGE_WEIGHT_TYPE : EXPLICIT
VEHICLES : 37
EDGE_WEIGHT_FORMAT : FULL_MATRIX
CAPACITY : 1000
EDGE_WEIGHT_SECTION
0	1067	300	1056	207	904	2291	190	1748	977	206	395	351	133	401	211	119	400	4331	283	101	418	307	867	86	183	1426	629	309	241	264	491	441	359	442	153	582	1646	213	88	534	579	525	1420	395	1001	640	292	154	3598	449	878	189	456	697	307	908	1213	742	1890	1028	484	120	921	283	155	24	1889	379	1691	938	422	283	309	1627	1036	491	215	781	517	211	1062	373	568	178	355	2964	358	368	33	216	208	60	822	1002	59	2852	918	306	1766	152	904	358	924	349	1135	891	83	248	689	227	202	826	1395	116	1386	523	475	1003	1692	350	935	2361	372	85	185	1034	361	197	155	438	552	495	1976	383	753	121	940	609	1056	523	1116	810	1129	1062	1065	650	88	256	1772	891	1648	409	97	364	221	431	1190	1216	1568	543	300	400	368	2166	246	2039	1080	255	54	1849	2005	1221	365	715	623	213	217	444	975	1909	773	938	977	2189	1390	300	665	653	24	1916	839	124	820	217	417	815	1132	1524	2138	2555	2979	1822	208	202	394	404	367	1056	242	1012	328	717	2072	1636	225	609	890	153	456	503	202	999	217	1423	495	603	941	581	135	1171	979	715	773	67	211	1626	210	365	2200	589	404	481	215	1066	309	379	2751	1532	1077	2204	104	2205	1924	145	612	1123	1777	1840	617	411	2220	412	929	1132	85	885	1072	618	46	206	486	217	213	221	216	773	756	284	497	1382	91	521	637	388	133	534	1222	1299	365	1120	308	1213	413	454	300	2040	1190
1067	0	768	866	1212	352	1265	1215	1715	312	1264	1453	1369	1193	1462	1066	1145	1458	3404	795	1147	1393	1018	1807	1011	1201	472	1644	1301	1131	1008	1517	1366	713	1034	1176	502	1488	1270	1112	1320	1252	546	2464	1453	2015	1417	1061	941	2542	1485	573	896	1066	1761	1249	714	305	1320	2954	47	1513	987	1562	1269	953	1091	2933	1396	729	584	1412	795	964	1618	853	1019	1272	310	577	1221	678	1396	1055	1054	1329	1899	1343	1431	1100	1228	1216	1126	459	814	1118	1787	1981	1258	2748	970	352	1375	728	1323	1179	1104	1124	1021	1506	1130	917	1076	754	1142	459	1305	704	950	1520	1413	1897	3033	1399	1011	1245	448	1370	1262	953	1358	1431	1522	1864	1444	1764	1142	777	741	930	545	267	384	396	2128	2071	1608	1112	1136	1735	1104	1491	1459	1004	1392	963	644	193	648	1276	1027	768	1453	1394	1737	1051	1978	903	907	1120	2916	3040	1210	1428	504	1521	1270	1126	1043	853	2767	1835	1949	312	1752	370	768	1707	572	1090	1302	290	963	948	1084	649	775	2195	2587	1970	1592	2083	772	1265	1236	1408	1454	1394	866	1305	510	1023	386	1018	1324	1281	729	240	971	1066	1530	917	1993	1273	358	1025	1020	960	1065	955	208	965	535	837	1127	1218	2628	1220	1392	1968	1656	1465	1510	1272	518	1262	1396	1764	559	902	2019	1001	1979	2959	954	1678	2185	1533	779	1516	664	1942	1405	216	237	1015	701	2130	1683	1040	940	1513	1126	1123	1284	1272	1836	886	792	1525	1320	1007	1297	1651	700	938	1320	651	285	1391	53	1262	305	679	615	768	990	193
300	768	0	857	451	642	1992	468	1640	710	495	694	610	425	701	329	393	699	4050	45	389	649	333	1124	259	456	1129	891	573	432	301	758	641	102	430	427	283	1499	501	358	658	645	238	1703	694	1288	768	408	205	3297	722	670	132	459	992	509	685	916	781	2191	731	753	245	1059	542	192	325	2186	638	1396	730	664	45	288	1521	837	454	503	480	255	459	868	636	530	307	611	2667	620	669	333	466	455	358	581	796	349	2555	1219	516	2046	242	642	617	704	605	1011	795	356	305	842	425	211	734	1174	390	1091	643	297	834	1544	650	1202	2547	638	259	476	755	614	493	192	635	731	763	1854	683	1014	392	731	408	873	231	839	548	870	1359	1349	879	358	443	1664	795	1502	692	255	631	234	131	890	955	1384	496	0	686	633	1971	330	1934	887	193	352	2149	2301	1089	665	439	816	502	417	437	840	2151	1066	1201	710	1993	1102	0	944	434	322	1677	540	195	680	348	119	617	1427	1824	2006	2264	2700	1530	497	486	651	688	633	857	542	743	349	437	1771	1450	513	402	590	213	459	771	211	1278	505	1126	461	538	786	545	189	871	819	490	599	358	479	1911	459	631	2053	888	704	750	503	795	520	638	2457	1235	884	2069	255	2060	2202	217	909	1423	1614	1545	811	144	2062	655	629	833	264	661	1372	919	280	200	754	417	413	515	504	1074	602	36	766	1247	256	637	898	156	169	658	1003	998	630	822	519	916	176	169	0	1740	890
1056	866	857	0	1049	1081	1570	1246	867	1094	1152	1404	1149	1114	1401	893	1175	1407	3377	836	1156	1111	787	1921	1068	1239	804	1339	1365	1267	816	1262	1044	909	684	1209	700	673	1152	1143	896	777	854	2110	1404	2020	938	1261	1044	2886	1257	1259	887	695	1565	1004	187	691	731	2763	875	1265	1071	1916	1340	902	1071	2832	1166	972	1302	1140	836	760	761	20	632	1153	688	930	1058	1436	1174	593	911	1411	2439	1415	1366	1074	1064	1054	1089	1122	64	1068	2334	1853	1017	2786	1081	1081	1153	167	1405	323	372	1050	837	1024	1256	1064	395	1604	1172	755	887	1074	126	713	1349	1983	3400	1182	1068	1146	428	1139	1173	902	1035	1036	1268	1048	1385	1426	1177	127	453	69	836	1120	1035	1234	1901	2088	1235	1143	1279	889	372	676	1268	1070	1180	837	774	790	353	527	593	857	1271	1179	1115	855	1148	38	801	1082	2693	2962	344	1364	499	1110	1154	1246	688	1526	2965	1614	1579	1094	1138	1198	857	1440	1094	1066	881	639	938	291	902	824	242	1939	2416	1182	1701	2032	1487	1152	1255	1170	1267	1178	0	1262	360	772	921	1464	593	1159	457	662	903	695	1274	1064	2031	1154	1101	633	537	187	590	926	749	160	1109	287	1074	1268	2633	1058	1179	1213	1506	1403	1264	1153	369	1019	1166	1916	887	36	1240	1074	1221	2547	1053	1508	2048	767	1459	1108	903	1213	1140	666	684	1073	211	2017	1573	1067	849	1263	1246	1242	1181	1155	1724	318	842	1274	461	1068	878	1344	951	948	896	1474	837	1176	896	1020	691	952	862	857	1424	790
207	1212	451	1049	0	1087	2397	285	1655	1157	108	358	158	114	353	165	257	361	4388	418	229	212	264	897	293	290	1529	439	387	407	242	306	235	534	372	272	711	1580	106	252	356	430	689	1252	358	971	452	482	358	3716	272	1079	319	370	563	109	928	1320	594	1780	1177	301	327	1056	377	260	191	1809	186	1786	1138	219	418	301	1534	1031	425	107	911	696	9	1266	184	488	164	435	3110	430	319	182	16	4	165	1013	1003	151	2998	824	104	1737	360	1087	165	942	431	1067	817	123	222	491	393	408	753	1594	256	1486	347	675	973	1627	303	947	2439	187	292	111	1110	163	138	260	233	349	311	1889	339	563	263	947	637	1035	683	1290	992	1314	928	1039	445	252	420	1679	817	1582	251	304	180	258	568	1315	1263	1533	473	451	248	182	2132	198	1941	1067	314	165	1728	1933	1156	317	800	416	108	383	369	1182	1937	630	750	1157	2157	1553	451	494	849	187	1928	959	258	780	151	570	821	989	1418	2056	2635	3035	1979	108	279	200	247	181	1049	235	1076	277	888	2195	1601	112	641	1012	241	370	319	408	985	108	1570	427	536	906	498	263	1291	945	910	762	146	316	1586	9	180	2128	476	355	299	107	1129	107	186	2838	1636	1064	2123	312	2132	1751	350	488	1027	1722	1991	410	585	2157	209	1051	1245	293	909	986	531	253	274	302	383	381	137	109	686	732	423	314	1314	298	348	447	573	292	356	1421	1421	179	1266	106	1320	597	619	451	2162	1315
904	352	642	1081	1087	0	1576	1012	1949	77	1110	1254	1244	1037	1266	971	952	1260	3737	682	961	1290	959	1531	830	996	824	1526	1075	898	935	1390	1283	552	1020	977	476	1744	1118	924	1285	1248	409	2323	1254	1765	1392	812	755	2807	1350	221	773	1053	1593	1152	902	652	1354	2741	308	1384	799	1233	1044	833	928	2691	1272	1075	239	1303	682	907	1842	1065	1023	1119	395	390	1094	358	1269	1081	949	1093	2107	1109	1240	937	1100	1089	963	118	1021	962	1996	1776	1158	2470	774	0	1251	920	1088	1361	1227	977	942	1473	901	717	1184	562	950	811	1269	452	1135	1780	1224	1626	2687	1270	830	1089	718	1250	1099	833	1277	1370	1395	2122	1249	1650	948	968	806	1134	421	225	94	228	1952	1814	1521	924	900	1971	1227	1747	1313	821	1262	873	555	545	947	1553	1048	642	1304	1265	2055	969	2227	1119	825	958	2714	2790	1411	1237	609	1457	1117	899	1028	504	2450	1671	1836	77	2072	522	642	1569	278	928	1639	443	828	1074	990	532	922	2027	2375	2243	1925	2428	955	1112	1034	1286	1308	1265	1081	1118	764	971	214	1306	1607	1129	793	431	854	1053	1403	717	1732	1121	610	1030	1063	1124	1094	825	558	1140	222	961	970	1007	2360	1093	1262	2254	1478	1270	1381	1119	790	1161	1272	2088	906	1118	2296	815	2264	2828	767	1506	1974	1810	987	1452	502	2237	1294	442	574	833	882	1913	1488	867	841	1385	899	897	1124	1120	1632	998	675	1397	1543	825	1263	1534	515	795	1285	406	633	1262	380	1161	652	491	474	642	1284	545
2291	1265	1992	1570	2397	1576	0	2458	2029	1508	2470	2686	2542	2406	2692	2235	2384	2691	2182	2008	2381	2541	2157	3072	2248	2444	868	2794	2553	2389	2163	2684	2494	1957	2118	2417	1709	1777	2475	2350	2392	2289	1795	3610	2686	3271	2461	2323	2184	1328	2661	1772	2106	2144	2960	2404	1566	1078	2284	4176	1312	2682	2229	2809	2521	2155	2314	4179	2567	618	1757	2566	2008	2108	2000	1575	2082	2476	1513	1837	2407	1784	2570	2080	2233	2584	941	2597	2659	2322	2414	2402	2347	1694	1568	2334	857	3208	2416	4012	2216	1576	2549	1563	2578	1841	1940	2334	2181	2552	2386	2167	1954	1616	2381	911	2379	1969	1696	1776	2641	3161	4240	2575	2248	2455	1301	2539	2475	2155	2485	2525	2689	2033	2674	2902	2382	1589	1793	1632	1791	1373	1635	1467	3325	3329	2722	2350	2395	2037	1940	1779	2648	2243	2570	2139	1861	1107	1225	1542	2065	1992	2645	2571	1554	2209	2163	1584	2084	2340	4126	4291	1807	2656	1598	2611	2476	2381	2126	2008	4025	3027	3077	1508	1549	1100	1992	2876	1832	2312	1097	1451	2174	1830	2252	1880	1683	3382	3811	2034	426	969	803	2472	2477	2576	2645	2570	1570	2533	1350	2154	1652	302	1533	2485	1785	1402	2169	2144	2697	2167	3253	2478	970	2086	2028	1754	2084	2164	1122	1730	1787	1762	2343	2464	3889	2406	2569	1954	2867	2695	2681	2476	1302	2419	2567	527	761	1585	2044	2241	1968	4078	2197	2884	3412	1697	730	2608	1913	1877	2562	1363	1158	2253	1575	3363	2907	2272	2127	2682	2381	2377	2495	2478	3064	1814	2007	2694	1802	2245	2370	2800	1954	2157	2392	1647	998	2568	1219	2420	1078	1935	1860	1992	307	1107
190	1215	468	1246	285	1012	2458	0	1918	1088	202	241	362	172	254	375	75	247	4515	460	89	452	481	676	209	16	1597	597	119	151	442	464	502	503	613	41	751	1826	209	110	641	712	669	1327	241	820	734	247	274	3756	415	947	375	621	588	393	1099	1384	877	1740	1174	455	229	771	98	346	174	1721	382	1864	1004	443	460	492	1797	1226	664	210	944	645	282	1114	372	738	348	167	3103	168	229	172	282	282	160	916	1193	183	2990	768	386	1581	245	1012	367	1115	161	1313	1066	208	423	763	139	300	1001	1458	78	1560	632	561	1189	1872	214	745	2181	366	209	186	1218	377	168	346	503	618	467	2149	236	714	76	1131	800	1244	671	1233	921	1229	941	882	659	110	160	1942	1066	1828	360	214	358	409	599	1352	1404	1755	716	468	347	363	2353	414	2207	1269	445	166	1706	1833	1400	225	899	669	207	134	613	990	1719	668	888	1088	2377	1518	468	601	742	180	2107	1007	313	1004	374	577	1006	1017	1373	2313	2732	3164	1954	203	22	397	354	363	1246	119	1199	501	846	2230	1823	215	800	1056	343	621	473	300	813	212	1566	668	778	1127	749	325	1336	1165	804	961	179	30	1443	281	359	2378	469	257	451	210	1252	388	382	2926	1703	1266	2379	216	2383	1834	261	500	970	1960	1976	663	551	2402	432	1095	1301	204	1076	914	476	191	397	457	134	134	189	209	623	942	459	466	1561	213	633	604	516	315	641	1287	1461	362	1267	386	1384	539	601	468	2200	1352
1748	1715	1640	867	1655	1949	2029	1918	0	1960	1763	2000	1687	1754	1990	1543	1862	2001	3316	1607	1836	1611	1441	2546	1790	1917	1517	1753	2034	1987	1483	1740	1532	1715	1307	1891	1548	258	1760	1836	1352	1241	1696	2327	2000	2563	1317	2010	1791	3216	1759	2124	1625	1297	2023	1567	1049	1485	1093	3076	1730	1748	1805	2666	2016	1616	1755	3221	1691	1566	2168	1640	1607	1443	121	884	1257	1760	1556	1770	1662	2303	1703	1181	1573	2082	2969	2080	1960	1754	1665	1659	1759	1987	929	1737	2879	2319	1580	3289	1824	1949	1688	1031	2077	629	858	1710	1500	1363	1974	1824	924	2465	1859	1477	1352	1901	829	252	1946	2584	4095	1713	1790	1766	1266	1671	1793	1616	1526	1461	1745	238	1979	1787	1865	984	1243	817	1677	1977	1901	2096	2275	2633	1613	1836	2001	24	858	255	1795	1796	1715	1534	1590	1603	1092	505	1205	1640	1804	1711	732	1505	293	829	1520	1754	2982	3362	555	1958	1358	1491	1762	1963	1306	2385	3571	2042	1872	1960	757	2013	1640	1863	1947	1749	961	1506	1654	960	1544	1641	1057	2281	2779	411	1977	2092	2221	1763	1920	1687	1797	1710	867	1891	1206	1421	1784	2042	499	1762	1251	1527	1608	1297	1748	1824	2597	1760	1890	1253	1145	862	1169	1644	1564	834	1968	1049	1740	1946	3123	1662	1713	510	2012	1991	1749	1760	1197	1579	1691	2187	1562	831	480	1802	509	2646	1796	1998	2480	345	2175	1493	1722	570	1645	1527	1505	1795	1071	2474	2096	1775	1560	1744	1963	1959	1791	1762	2221	1039	1616	1751	408	1792	1347	1755	1764	1677	1352	2340	1621	1709	1737	1581	1485	1771	1690	1640	2002	1603
977	312	710	1094	1157	77	1508	1088	1960	0	1183	1330	1315	1110	1343	1038	1027	1336	3674	749	1037	1359	1021	1607	904	1072	776	1597	1152	975	999	1462	1350	623	1076	1052	525	1748	1191	999	1346	1304	474	2397	1330	1842	1452	889	830	2733	1423	271	841	1109	1668	1219	920	617	1405	2819	272	1456	874	1301	1121	902	1001	2768	1343	1021	274	1373	749	968	1856	1078	1077	1193	417	461	1164	369	1340	1132	1017	1170	2030	1186	1316	1010	1171	1160	1037	191	1035	1035	1919	1853	1226	2545	849	77	1322	937	1165	1383	1261	1050	1007	1534	978	792	1221	523	1025	768	1330	529	1156	1784	1299	1703	2747	1341	905	1163	713	1320	1173	902	1343	1434	1466	2127	1325	1721	1023	986	847	1150	484	148	167	166	2028	1891	1589	999	977	1982	1261	1752	1386	895	1334	938	616	502	935	1551	1099	710	1378	1337	2038	1034	2235	1132	889	1031	2791	2867	1429	1313	638	1522	1191	976	1085	543	2520	1746	1907	0	2054	445	710	1642	355	1001	1612	455	899	1107	1056	597	949	2102	2452	2243	1864	2370	878	1185	1110	1357	1381	1336	1094	1194	763	1032	275	1235	1603	1202	834	434	923	1109	1474	792	1809	1195	539	1084	1111	1149	1144	895	521	1163	298	993	1043	1083	2436	1164	1334	2250	1553	1346	1453	1193	785	1230	1343	2023	854	1131	2295	890	2261	2901	841	1581	2051	1808	911	1517	572	2230	1364	438	544	908	901	1990	1565	941	907	1457	976	974	1198	1193	1709	1032	742	1469	1556	899	1324	1605	588	866	1346	380	583	1334	331	1229	617	564	541	710	1214	502
206	1264	495	1152	108	1110	2470	202	1763	1183	0	252	164	73	249	260	200	255	4480	469	176	251	365	788	284	211	1602	428	289	343	337	290	301	564	479	202	769	1689	8	210	448	532	727	1214	252	868	536	430	358	3784	245	1080	368	478	497	202	1026	1391	695	1705	1226	282	318	963	283	315	182	1722	188	1863	1139	245	469	396	1642	1133	532	10	970	723	100	1260	179	596	248	336	3163	328	214	173	97	104	147	1028	1105	148	3050	740	192	1636	348	1110	170	1039	331	1176	925	139	317	561	329	403	861	1596	200	1561	441	678	1079	1735	197	839	2332	176	284	21	1192	178	34	315	302	416	294	1997	233	551	206	1047	730	1140	723	1321	1016	1335	865	936	468	210	355	1786	925	1691	202	295	168	338	621	1378	1355	1640	581	495	194	173	2239	296	2048	1171	390	152	1658	1843	1264	212	878	468	7	321	476	1158	1829	571	734	1183	2264	1593	495	459	857	182	2029	1023	301	887	249	614	921	931	1340	2164	2719	3126	2024	1	190	203	197	172	1152	128	1162	380	921	2260	1708	19	734	1075	300	478	301	403	880	12	1621	534	644	1012	606	309	1356	1051	920	865	140	232	1486	100	169	2236	397	251	279	10	1216	194	188	2919	1709	1168	2231	301	2241	1717	347	415	944	1830	2040	462	615	2265	234	1114	1313	282	1005	899	441	245	345	284	321	320	29	10	598	836	472	294	1423	289	443	436	595	326	448	1424	1485	171	1317	192	1391	619	656	495	2227	1378
395	1453	694	1404	358	1254	2686	241	2000	1330	252	0	321	295	20	511	308	6	4720	678	306	410	617	545	442	257	1821	444	205	369	588	341	484	740	730	279	977	1936	252	340	658	759	907	1098	0	618	724	467	512	3990	297	1183	583	728	359	433	1275	1609	916	1501	1412	330	466	812	229	540	372	1493	324	2086	1238	387	678	646	1880	1385	784	251	1174	885	350	1342	312	846	496	221	3344	202	40	365	345	354	342	1157	1356	357	3231	528	420	1386	486	1254	321	1289	221	1424	1173	365	568	724	362	541	1110	1688	310	1782	655	802	1332	1982	55	589	2102	302	441	258	1426	338	231	540	488	584	341	2235	21	543	311	1298	977	1392	907	1475	1163	1469	701	685	549	340	373	2023	1173	1938	240	448	298	580	825	1584	1598	1892	832	694	226	302	2491	548	2282	1423	628	349	1465	1610	1512	41	1108	604	250	361	728	1202	1580	440	697	1330	2516	1760	694	411	982	375	2280	1234	516	1139	501	808	1172	779	1134	2405	2949	3367	2196	251	219	333	235	303	1404	153	1401	632	1087	2464	1960	246	980	1284	530	728	343	541	627	251	1805	785	895	1264	855	526	1565	1303	1045	1117	349	248	1239	350	299	2480	237	22	327	251	1454	420	324	3146	1928	1420	2472	452	2484	1604	499	273	731	2079	2217	599	789	2511	378	1323	1527	437	1254	678	234	414	580	334	361	363	222	249	383	1089	679	336	1670	446	658	450	756	529	658	1519	1692	303	1505	419	1609	779	838	694	2433	1584
351	1369	610	1149	158	1244	2542	362	1687	1315	164	321	0	227	307	308	365	320	4510	576	340	94	388	862	436	372	1674	281	431	507	379	148	163	692	466	366	867	1635	156	372	338	445	848	1095	321	889	405	595	506	3864	118	1230	478	454	424	146	1046	1468	597	1642	1334	144	470	1103	432	418	331	1686	27	1929	1290	81	576	435	1568	1132	516	154	1066	854	151	1414	27	563	315	473	3265	462	281	321	144	155	298	1169	1109	292	3154	704	132	1646	502	1244	7	1057	470	1128	879	270	361	414	493	554	819	1746	365	1631	336	826	1062	1681	271	897	2423	33	435	184	1248	17	194	418	167	269	153	1923	300	405	371	1057	765	1127	842	1449	1150	1472	783	959	304	372	518	1710	879	1637	118	447	31	408	726	1467	1388	1610	557	610	123	29	2206	333	1966	1164	465	301	1585	1814	1217	280	944	309	157	486	461	1320	1885	485	592	1315	2231	1711	610	338	1002	328	2031	1111	417	868	291	729	933	839	1283	2094	2770	3158	2137	163	347	42	118	29	1149	263	1210	395	1047	2346	1677	148	770	1165	399	454	161	554	915	153	1727	516	617	992	570	421	1442	1031	1064	868	285	390	1489	151	29	2174	356	308	141	154	1262	130	27	2975	1782	1161	2162	454	2177	1592	497	359	901	1784	2148	303	743	2208	70	1203	1395	435	1028	868	427	396	428	144	486	484	172	155	575	831	582	156	1371	441	340	289	729	449	338	1573	1572	26	1422	129	1468	754	778	610	2312	1467
133	1193	425	1114	114	1037	2406	172	1754	1110	73	295	227	0	296	222	146	299	4426	401	118	304	330	811	212	176	1538	498	280	295	297	360	342	491	455	158	702	1670	80	147	470	540	655	1287	295	913	566	374	285	3718	317	1009	301	459	568	223	980	1327	705	1771	1156	353	246	944	266	251	109	1780	253	1801	1068	303	401	353	1633	1095	508	82	902	650	111	1190	246	578	203	329	3092	325	261	100	113	112	74	955	1065	76	2980	802	217	1680	277	1037	233	995	323	1157	907	72	277	601	281	331	843	1525	145	1498	461	606	1048	1717	243	869	2341	243	212	52	1134	238	69	251	341	458	364	1986	278	622	151	1005	682	1106	652	1248	943	1262	934	979	530	147	308	1778	907	1672	275	223	235	285	552	1311	1303	1611	559	425	267	240	2211	261	2042	1135	334	79	1726	1900	1245	258	818	518	80	272	454	1093	1856	642	806	1110	2235	1521	425	532	785	109	1987	957	232	857	216	544	879	1002	1405	2152	2660	3073	1953	74	168	268	271	239	1114	148	1107	348	849	2193	1679	92	685	1008	238	459	372	331	919	84	1550	511	622	982	588	241	1290	1021	847	827	67	202	1534	111	236	2221	464	298	350	82	1160	220	253	2858	1646	1132	2219	230	2225	1790	275	484	1006	1809	1969	513	542	2247	292	1047	1248	211	959	959	502	173	286	355	272	269	90	82	658	802	403	366	1405	218	461	506	522	255	470	1352	1418	237	1247	218	1327	546	584	425	2161	1311
401	1462	701	1401	353	1266	2692	254	1990	1343	249	20	307	296	0	509	318	15	4722	684	315	395	614	556	451	270	1827	424	223	385	586	322	470	749	725	290	984	1928	248	349	645	748	916	1081	20	619	710	484	522	3998	279	1198	588	722	342	424	1274	1615	904	1492	1422	312	476	831	246	544	378	1488	310	2092	1253	372	684	644	1870	1383	779	247	1182	896	345	1359	297	839	495	240	3354	222	34	370	339	349	346	1171	1354	361	3242	519	411	1387	496	1266	308	1288	241	1416	1165	367	566	708	378	552	1103	1704	320	1788	643	815	1327	1974	53	597	2115	288	450	256	1429	324	230	544	475	569	322	2226	18	523	321	1296	977	1388	916	1487	1176	1483	686	687	530	349	389	2013	1165	1930	222	458	283	581	832	1591	1599	1886	826	701	209	288	2485	546	2271	1420	630	354	1455	1605	1505	37	1112	587	246	376	722	1220	1588	422	677	1343	2510	1771	701	391	996	381	2278	1241	520	1134	499	816	1170	764	1125	2395	2953	3369	2207	248	232	318	218	288	1401	159	1403	629	1098	2472	1954	241	980	1291	533	722	325	552	631	246	1815	780	889	1260	848	530	1572	1298	1058	1114	353	262	1239	345	285	2471	220	3	308	247	1456	411	310	3151	1934	1417	2463	461	2475	1587	509	255	723	2072	2228	582	798	2503	363	1330	1534	446	1253	670	222	422	582	315	376	378	219	245	373	1085	685	318	1662	455	647	430	767	535	645	1535	1700	289	1515	409	1615	790	847	701	2441	1591
211	1066	329	893	165	971	2235	375	1543	1038	260	511	308	222	509	0	318	514	4223	288	292	327	107	1034	276	373	1366	578	493	453	77	454	311	425	237	347	563	1451	261	295	347	373	564	1399	511	1128	458	500	314	3556	427	991	203	246	726	184	766	1159	533	1944	1033	451	303	1131	474	146	214	1974	334	1623	1052	346	288	136	1422	874	289	262	760	584	175	1186	336	362	34	541	2959	541	474	212	182	170	216	910	845	193	2848	990	192	1896	333	971	315	779	536	938	690	167	57	523	439	363	625	1501	316	1323	334	597	825	1497	456	1092	2556	340	276	253	944	307	280	146	305	402	459	1773	493	698	322	787	472	883	555	1164	878	1200	1090	1196	551	295	467	1567	690	1453	413	285	335	102	429	1159	1098	1388	340	329	411	336	1988	38	1833	913	158	210	1891	2098	1025	472	637	487	263	428	237	1131	2079	792	883	1038	2012	1415	329	646	756	207	1769	803	169	635	18	441	661	1148	1583	1937	2470	2870	1837	261	379	345	410	335	893	370	910	126	764	2037	1456	270	476	858	125	246	467	363	1138	264	1424	292	402	759	374	166	1134	798	814	606	196	403	1747	175	334	2003	641	511	449	262	963	196	334	2673	1474	910	2003	293	2008	1892	312	653	1192	1587	1845	482	472	2027	339	895	1086	279	745	1152	695	248	130	451	428	425	289	264	852	579	296	463	1186	280	330	585	473	207	347	1329	1264	333	1119	196	1159	496	497	329	2003	1159
119	1145	393	1175	257	952	2384	75	1862	1027	200	308	365	146	318	318	0	313	4439	384	29	448	420	750	135	65	1522	622	190	149	379	485	489	432	554	35	676	1763	209	35	611	672	599	1378	308	895	710	230	204	3684	438	899	299	565	642	367	1026	1309	836	1809	1104	476	158	814	164	273	106	1794	389	1789	957	445	384	426	1740	1155	605	210	870	578	257	1072	380	680	288	236	3036	240	289	107	259	256	104	860	1121	126	2923	836	362	1656	178	952	371	1042	230	1251	1006	156	362	748	135	235	940	1412	3	1485	601	505	1122	1809	272	820	2243	376	135	180	1142	378	174	273	488	604	488	2090	300	743	5	1059	727	1175	600	1170	860	1171	1000	957	669	35	163	1885	1006	1765	387	141	368	340	524	1279	1329	1687	656	393	376	373	2285	356	2152	1199	374	108	1773	1908	1338	286	823	664	208	125	555	960	1791	721	922	1027	2308	1453	393	638	686	113	2033	933	239	938	320	503	934	1075	1442	2253	2657	3088	1888	202	93	404	381	372	1175	166	1123	441	779	2158	1755	218	727	982	272	565	495	235	888	212	1497	608	718	1060	692	251	1262	1098	749	892	125	93	1519	256	369	2317	526	321	473	210	1176	365	389	2851	1629	1196	2319	144	2322	1884	191	554	1039	1895	1909	658	481	2338	434	1021	1226	130	1003	984	541	115	325	479	125	123	199	210	691	875	384	488	1499	139	601	629	448	239	611	1241	1388	371	1197	363	1309	472	530	393	2127	1279
400	1458	699	1407	361	1260	2691	247	2001	1336	255	6	320	299	15	514	313	0	4725	683	312	408	620	545	447	263	1826	440	211	375	591	338	483	745	733	285	982	1937	255	346	657	760	913	1091	6	614	723	474	517	3995	294	1189	588	730	353	434	1278	1614	916	1496	1418	327	471	815	235	545	377	1488	323	2091	1244	385	683	649	1881	1388	786	254	1180	891	352	1348	310	847	499	226	3349	208	41	370	347	356	346	1163	1360	361	3237	522	421	1382	491	1260	321	1292	227	1425	1174	369	571	722	368	547	1111	1695	316	1787	655	808	1334	1983	58	588	2103	301	447	261	1431	337	234	545	488	583	337	2236	21	538	316	1301	981	1395	913	1481	1169	1475	695	682	546	346	379	2024	1174	1939	237	454	297	584	830	1589	1602	1894	834	699	224	301	2493	551	2282	1426	632	354	1459	1605	1514	43	1113	602	253	367	730	1208	1578	434	691	1336	2518	1766	699	406	988	380	2283	1239	520	1141	504	813	1175	773	1128	2406	2954	3372	2201	254	225	332	233	302	1407	158	1405	635	1093	2469	1962	248	984	1289	534	730	340	547	624	253	1811	788	897	1267	856	531	1571	1306	1051	1120	354	254	1235	352	298	2481	231	17	324	254	1458	421	323	3151	1933	1423	2473	457	2485	1598	505	266	726	2081	2223	597	794	2513	377	1328	1533	443	1257	672	228	420	584	331	367	369	225	252	377	1091	684	333	1671	451	658	446	762	534	657	1526	1698	302	1511	419	1614	785	843	699	2439	1589
4331	3404	4050	3377	4388	3737	2182	4515	3316	3674	4480	4720	4510	4426	4722	4223	4439	4725	0	4054	4430	4483	4126	5170	4308	4503	2948	4716	4623	4475	4146	4633	4419	4040	4047	4474	3775	3161	4483	4404	4274	4153	3891	5475	4720	5333	4309	4425	4254	1488	4624	3943	4142	4064	4933	4364	3464	3157	4086	6140	3451	4635	4296	4966	4593	4181	4353	6196	4530	2680	3932	4511	4054	4087	3367	3392	3999	4484	3599	3946	4398	3966	4536	3969	4231	4661	2237	4671	4688	4359	4405	4393	4380	3853	3408	4364	2284	5212	4377	6096	4290	3737	4515	3453	4655	3517	3717	4355	4165	4391	4470	4248	3759	3789	4436	2977	4264	4092	3484	3129	4669	5252	6418	4544	4308	4469	3297	4502	4493	4181	4410	4413	4639	3161	4705	4803	4439	3456	3751	3414	3883	3546	3786	3647	5277	5397	4611	4404	4484	3308	3717	3161	4627	4305	4541	4142	3922	3223	3125	3038	3966	4050	4627	4540	2583	4190	3246	3371	4092	4373	6071	6322	3444	4685	3616	4485	4484	4463	4053	4188	6166	4987	4951	3674	2559	3281	4050	4815	3976	4349	2520	3527	4208	3668	4237	3953	3578	5317	5790	3039	1812	1353	2960	4481	4531	4536	4625	4539	3377	4568	3319	4117	3781	2478	2985	4492	3747	3487	4190	4064	4646	4248	5328	4485	3145	4001	3912	3555	3966	4197	3226	3519	3938	3647	4371	4528	5957	4398	4540	2910	4862	4725	4634	4484	3266	4380	4530	1656	2850	3374	2997	4305	2920	5878	4266	4869	5412	3005	2893	4484	4002	2819	4510	3450	3244	4313	3482	5375	4919	4323	4140	4633	4463	4459	4508	4485	5075	3689	4056	4645	3347	4305	4256	4721	4049	4201	4274	3828	3120	4537	3364	4381	3157	4034	3947	4050	2488	3223
283	795	45	836	418	682	2008	460	1607	749	469	678	576	401	684	288	384	683	4054	0	377	612	288	1125	254	449	1142	856	570	439	257	725	600	147	385	419	301	1471	475	349	613	599	275	1671	678	1280	724	425	211	3317	690	715	100	414	967	470	669	930	736	2171	759	720	246	1081	540	158	306	2172	604	1408	775	627	0	242	1487	815	411	477	501	298	426	913	603	487	268	610	2695	618	651	314	434	422	338	625	777	327	2582	1200	477	2041	249	682	583	687	604	979	758	330	261	798	431	228	696	1218	381	1103	598	342	808	1516	633	1201	2565	605	254	451	757	579	470	158	594	688	730	1823	666	978	384	712	383	849	267	876	589	911	1334	1342	840	349	451	1631	758	1474	663	252	598	191	151	910	950	1362	454	45	657	601	1951	287	1901	865	148	331	2127	2288	1058	648	439	774	475	422	392	885	2157	1039	1165	749	1974	1134	45	912	480	303	1667	557	168	648	307	153	595	1400	1805	1977	2273	2703	1561	471	477	617	658	600	836	525	741	304	475	1792	1428	486	379	608	177	414	738	228	1273	478	1154	417	497	757	501	160	889	791	534	572	335	473	1904	426	598	2026	865	687	717	477	794	481	604	2468	1249	862	2040	253	2032	2169	222	885	1405	1589	1574	769	188	2037	619	647	849	259	644	1355	900	269	158	720	422	418	491	478	1056	572	9	733	1217	252	593	863	201	149	613	1047	1017	598	849	481	930	221	208	45	1760	910
101	1147	389	1156	229	961	2381	89	1836	1037	176	306	340	118	315	292	29	312	4430	377	0	421	395	766	136	83	1518	600	208	178	355	463	461	434	529	54	672	1739	184	37	582	643	601	1364	306	903	681	256	208	3683	416	915	287	539	631	338	1009	1305	808	1807	1106	455	163	842	185	256	84	1797	364	1784	973	419	377	404	1714	1136	580	186	868	584	228	1090	356	655	263	255	3040	258	284	83	230	228	77	872	1103	99	2928	834	333	1667	187	961	346	1025	249	1227	981	128	337	719	164	244	916	1429	27	1479	572	517	1101	1785	267	834	2266	352	135	155	1132	353	151	256	460	576	467	2065	296	722	34	1041	710	1155	601	1179	869	1183	992	966	644	37	192	1860	981	1741	367	143	344	319	520	1277	1316	1666	631	389	356	349	2264	330	2126	1180	356	81	1769	1912	1314	281	813	636	183	154	529	983	1809	709	903	1037	2288	1460	389	621	699	90	2018	929	224	916	293	501	916	1065	1440	2229	2650	3078	1894	177	101	379	362	348	1156	158	1112	416	785	2157	1734	194	710	979	253	539	474	244	899	188	1500	583	693	1039	667	236	1260	1076	761	872	98	113	1527	227	345	2293	517	318	451	186	1165	336	364	2845	1624	1177	2295	147	2298	1870	196	544	1038	1873	1914	631	484	2315	408	1018	1223	131	987	984	536	108	307	457	154	152	177	185	689	854	377	467	1475	140	572	608	454	229	582	1257	1386	347	1199	335	1305	478	531	389	2127	1277
418	1393	649	1111	212	1290	2541	452	1611	1359	251	410	94	304	395	327	448	408	4483	612	421	0	385	946	504	461	1676	253	525	594	386	151	78	738	436	453	890	1569	243	451	259	375	887	1076	410	955	314	678	570	3867	152	1290	517	418	454	143	1020	1473	518	1660	1361	153	538	1197	526	457	400	1720	85	1925	1350	30	612	437	1493	1095	483	241	1086	900	207	1478	98	518	344	567	3284	556	371	391	202	210	371	1221	1075	360	3172	747	134	1703	571	1290	91	1031	564	1066	820	334	372	320	580	620	763	1805	448	1631	259	887	1017	1615	362	976	2508	107	503	269	1241	76	283	457	85	176	156	1848	389	371	454	1026	752	1084	879	1488	1196	1519	797	1025	233	451	606	1634	820	1571	184	515	112	430	756	1481	1368	1555	518	649	194	107	2148	342	1887	1123	485	373	1598	1852	1155	371	948	217	244	572	430	1393	1959	504	556	1359	2173	1743	649	337	1059	397	1991	1126	463	825	309	765	905	845	1307	2020	2756	3132	2164	249	438	77	186	107	1111	357	1199	387	1087	2354	1622	236	759	1181	436	418	163	620	986	240	1750	481	574	946	523	466	1453	984	1119	835	354	481	1543	208	110	2102	409	395	153	241	1251	131	85	2963	1782	1120	2088	523	2105	1566	562	403	937	1720	2172	211	788	2140	33	1218	1403	504	1004	910	488	464	456	151	572	570	263	242	626	795	618	162	1306	509	265	261	780	499	259	1632	1583	106	1446	131	1473	804	818	649	2319	1481
307	1018	333	787	264	959	2157	481	1441	1021	365	617	388	330	614	107	420	620	4126	288	395	385	0	1142	358	478	1291	639	599	547	43	526	349	435	135	450	519	1344	366	394	326	315	550	1461	617	1233	436	584	379	3482	506	1003	232	152	812	247	664	1087	464	2031	989	525	379	1227	579	194	313	2069	411	1542	1063	409	288	54	1320	768	184	367	708	584	273	1201	415	261	132	647	2901	647	579	313	279	268	320	910	740	298	2790	1085	259	2000	405	959	394	678	642	832	585	273	58	513	534	424	520	1503	417	1246	311	624	717	1391	562	1199	2662	422	357	359	860	383	386	194	341	416	531	1670	598	753	423	683	377	776	537	1139	868	1186	1171	1301	590	394	561	1465	585	1347	501	365	418	111	405	1097	1002	1280	236	333	501	418	1880	69	1732	806	139	314	1974	2195	919	577	562	505	367	523	137	1166	2187	874	936	1021	1904	1376	333	718	768	307	1665	744	229	527	115	428	557	1225	1672	1833	2382	2774	1790	365	485	420	499	417	787	478	821	21	746	1968	1348	373	382	799	179	152	539	424	1245	368	1373	188	297	651	274	221	1069	690	822	499	301	507	1850	273	417	1897	735	616	523	367	874	262	411	2586	1397	803	1899	372	1902	1947	380	743	1285	1480	1795	501	476	1920	404	835	1017	362	645	1248	794	336	147	524	523	519	394	368	949	472	297	536	1080	360	305	646	488	262	326	1333	1199	415	1071	262	1087	509	489	333	1933	1097
867	1807	1124	1921	897	1531	3072	676	2546	1607	788	545	862	811	556	1034	750	545	5170	1125	766	946	1142	0	872	685	2230	897	559	695	1108	844	1023	1130	1265	715	1395	2478	790	784	1201	1305	1283	1205	545	291	1259	749	919	4337	811	1389	1048	1266	662	978	1776	2018	1460	1298	1761	834	879	535	587	1023	850	1185	862	2500	1431	920	1125	1162	2426	1901	1319	790	1574	1235	889	1492	850	1385	1012	516	3632	509	586	847	885	892	831	1417	1869	852	3521	529	966	941	882	1531	862	1792	522	1964	1714	871	1088	1245	700	922	1650	1830	753	2197	1198	1103	1859	2524	600	99	1562	840	872	788	1880	879	761	1023	1028	1115	841	2781	566	947	749	1807	1477	1916	1290	1756	1455	1711	779	311	1032	784	686	2569	1714	2480	764	873	837	1083	1249	1968	2076	2423	1368	1124	753	841	3023	1073	2827	1943	1122	838	1305	1269	2053	587	1563	1117	788	708	1264	1292	1044	708	1027	1607	3047	2053	1124	812	1256	855	2784	1644	989	1669	1028	1217	1682	865	962	2950	3374	3823	2483	788	665	868	761	841	1921	665	1866	1160	1420	2822	2491	786	1477	1687	1019	1266	841	922	226	789	2133	1321	1431	1794	1395	1001	1958	1833	1309	1635	847	657	829	889	838	3024	598	555	831	790	1919	966	862	3559	2334	1940	3018	872	3028	1662	907	629	630	2619	2518	1113	1169	3054	913	1725	1932	866	1753	555	511	863	1073	838	708	712	759	788	481	1613	1123	835	2212	874	1203	899	1124	987	1201	1680	2076	842	1855	964	2018	1141	1224	1124	2796	1968
86	1011	259	1068	293	830	2248	209	1790	904	284	442	436	212	451	276	135	447	4308	254	136	504	358	872	0	196	1387	711	315	200	314	573	526	298	492	168	541	1677	292	101	613	649	465	1493	442	1029	720	225	74	3549	529	796	180	510	764	391	911	1174	810	1943	970	566	34	875	286	175	105	1930	463	1655	855	508	254	348	1669	1048	538	294	735	449	297	978	457	617	241	356	2904	364	420	114	302	294	138	744	1012	144	2792	970	391	1788	66	830	443	928	350	1170	932	170	301	773	188	118	866	1312	132	1350	601	393	1024	1723	403	947	2335	455	0	263	1011	446	270	175	523	636	577	2015	432	835	133	948	615	1073	465	1045	737	1053	1127	1090	736	101	213	1815	932	1679	486	10	447	257	389	1143	1204	1587	589	259	477	451	2182	306	2083	1095	274	134	1905	2043	1255	417	693	708	292	178	495	889	1907	841	1019	904	2206	1324	259	743	573	107	1915	797	136	848	285	368	826	1199	1576	2175	2523	2957	1759	286	228	478	481	451	1068	294	995	380	650	2022	1655	304	614	846	183	510	585	118	1020	296	1364	542	646	966	630	147	1126	1003	635	790	151	220	1652	296	448	2232	651	454	563	294	1048	394	463	2716	1493	1092	2240	18	2238	1998	63	677	1173	1804	1778	703	348	2250	498	885	1091	5	887	1119	672	40	231	568	178	174	295	294	824	779	252	578	1416	5	598	719	319	120	613	1139	1252	449	1063	393	1174	343	395	259	1992	1143
183	1201	456	1239	290	996	2444	16	1917	1072	211	257	372	176	270	373	65	263	4503	449	83	461	478	685	196	0	1584	611	126	137	438	478	511	488	611	30	737	1822	218	99	646	715	655	1343	257	832	740	233	260	3741	429	931	365	619	604	399	1091	1370	880	1756	1159	468	215	768	101	338	168	1735	393	1851	988	454	449	487	1796	1219	662	220	931	629	287	1098	383	736	345	172	3087	175	245	166	288	287	158	900	1186	180	2975	784	392	1592	230	996	378	1107	166	1310	1063	207	420	771	125	285	998	1442	68	1547	637	545	1184	1868	230	755	2184	378	196	194	1206	388	178	338	511	626	480	2147	252	729	64	1123	792	1238	656	1217	905	1213	957	894	671	99	147	1941	1063	1824	374	201	370	403	586	1338	1394	1749	713	456	361	375	2348	412	2207	1263	438	163	1722	1847	1397	242	887	679	217	119	611	975	1726	684	903	1072	2372	1503	456	616	726	174	2099	994	304	999	373	563	998	1033	1388	2311	2720	3152	1939	212	38	408	368	375	1239	134	1188	498	830	2215	1817	225	792	1042	336	619	487	285	824	221	1551	665	775	1122	748	316	1322	1160	788	955	177	29	1455	286	371	2375	485	273	464	220	1241	394	393	2913	1690	1260	2377	202	2381	1850	247	516	985	1956	1961	673	536	2398	443	1081	1287	191	1068	929	492	180	389	471	119	119	200	218	639	937	447	479	1558	199	638	618	501	304	646	1271	1447	374	1253	392	1370	524	587	456	2185	1338
1426	472	1129	804	1529	824	868	1597	1517	776	1602	1821	1674	1538	1827	1366	1522	1826	2948	1142	1518	1676	1291	2230	1387	1584	0	1929	1697	1538	1295	1816	1631	1103	1259	1556	846	1265	1607	1488	1539	1443	947	2748	1821	2415	1616	1481	1326	2190	1793	1044	1239	1286	2092	1537	743	213	1459	3307	518	1815	1370	2024	1665	1287	1449	3315	1699	269	1050	1700	1142	1241	1444	802	1226	1608	656	998	1538	1129	1702	1233	1364	1731	1654	1742	1794	1456	1545	1533	1481	932	781	1468	1546	2341	1549	3166	1360	824	1680	745	1725	1120	1149	1466	1313	1708	1535	1313	1148	1117	1519	49	1525	1143	925	1286	1775	2316	3503	1707	1387	1587	447	1671	1608	1287	1623	1669	1822	1616	1809	2040	1521	781	933	873	940	688	854	816	2457	2475	1863	1488	1546	1534	1149	1268	1779	1383	1702	1270	998	281	459	1023	1214	1129	1777	1703	1367	1341	1742	830	1215	1473	3257	3430	1116	1791	730	1756	1607	1529	1267	1319	3217	2158	2217	776	1378	559	1129	2009	1034	1446	891	590	1307	1016	1383	1021	851	2514	2943	1690	1143	1617	705	1603	1615	1709	1776	1702	804	1668	505	1288	834	688	1052	1617	924	544	1301	1286	1830	1313	2401	1610	404	1231	1184	967	1238	1297	278	954	1002	930	1476	1606	3036	1538	1701	1661	1999	1830	1813	1608	465	1552	1699	1330	107	830	1727	1381	1674	3224	1338	2015	2545	1263	666	1753	1061	1618	1695	505	298	1392	745	2497	2040	1409	1258	1814	1529	1525	1627	1609	2197	984	1142	1826	1173	1384	1517	1936	1106	1292	1539	1061	194	1700	445	1553	213	1089	1007	1129	651	281
629	1644	891	1339	439	1526	2794	597	1753	1597	428	444	281	498	424	578	622	440	4716	856	600	253	639	897	711	611	1929	0	627	748	640	138	301	973	680	613	1141	1742	419	636	446	569	1129	823	444	830	441	844	783	4120	184	1507	758	659	273	395	1262	1727	676	1424	1611	145	745	1253	640	698	607	1506	253	2177	1567	231	856	691	1640	1324	723	418	1338	1136	432	1688	257	747	590	656	3537	640	420	597	425	436	573	1450	1308	569	3425	566	385	1536	776	1526	274	1271	655	1256	1021	550	624	390	736	830	970	2024	622	1884	454	1104	1236	1787	423	901	2444	257	711	449	1493	277	449	698	310	310	134	1991	429	124	627	1262	1002	1306	1122	1730	1432	1753	563	899	143	636	757	1775	1021	1743	237	722	264	680	1004	1734	1612	1753	752	891	249	261	2336	595	2015	1347	736	577	1356	1642	1343	422	1201	261	420	730	673	1582	1847	291	310	1597	2362	1990	891	110	1282	605	2212	1379	698	1048	559	1009	1145	601	1080	2165	3003	3368	2414	426	577	239	242	262	1339	479	1449	640	1328	2607	1818	409	1009	1434	678	659	126	830	878	416	2002	721	803	1165	749	703	1707	1202	1344	1072	562	620	1370	433	264	2256	298	423	149	418	1499	382	253	3211	2035	1344	2233	729	2258	1315	774	270	734	1898	2423	260	1024	2301	238	1471	1657	710	1247	722	386	671	704	144	730	730	423	418	478	1028	861	133	1485	716	462	7	1011	731	446	1851	1837	264	1697	382	1727	1036	1059	891	2573	1734
309	1301	573	1365	387	1075	2553	119	2034	1152	289	205	431	280	223	493	190	211	4623	570	208	525	599	559	315	126	1697	627	0	177	561	505	586	595	730	156	852	1944	295	224	738	817	759	1301	205	718	824	270	371	3844	456	989	489	737	564	491	1217	1484	982	1666	1258	495	328	674	32	464	293	1631	447	1965	1042	511	570	611	1912	1345	782	296	1041	725	382	1142	435	854	466	48	3178	49	213	291	381	384	279	973	1312	301	3065	702	482	1473	337	1075	435	1233	43	1431	1183	325	542	844	174	385	1118	1489	193	1661	731	623	1309	1990	206	631	2063	427	315	279	1327	448	255	464	587	698	507	2265	211	736	189	1249	918	1363	762	1300	988	1285	896	777	711	224	177	2058	1183	1946	397	318	420	528	702	1446	1518	1874	833	573	383	426	2473	532	2322	1389	564	286	1638	1739	1518	211	1009	739	293	177	730	997	1600	644	898	1152	2497	1590	573	610	799	299	2224	1107	430	1123	490	675	1125	977	1300	2430	2836	3273	2026	290	114	460	392	425	1365	168	1311	619	924	2319	1942	297	918	1153	462	737	511	385	705	296	1647	785	896	1246	866	442	1431	1284	860	1081	297	97	1339	382	422	2496	442	226	491	296	1364	483	447	3027	1802	1386	2496	318	2501	1806	358	478	898	2079	2052	734	640	2520	501	1192	1399	310	1194	837	427	304	515	498	177	180	268	294	560	1062	568	504	1679	318	732	634	601	428	738	1322	1555	425	1353	482	1484	622	693	573	2290	1446
241	1131	432	1267	407	898	2389	151	1987	975	343	369	507	295	385	453	149	375	4475	439	178	594	547	695	200	137	1538	748	177	0	504	615	638	436	683	141	700	1877	351	161	760	816	593	1466	369	883	860	99	228	3673	566	814	379	697	727	517	1106	1326	980	1843	1088	606	195	679	146	374	240	1803	529	1808	869	588	439	544	1865	1246	731	353	882	554	406	973	519	809	420	197	3002	212	366	244	409	406	250	796	1210	270	2890	879	512	1627	190	898	513	1123	192	1369	1128	301	489	897	14	227	1063	1319	151	1504	750	446	1224	1922	354	777	2135	514	200	324	1186	522	312	374	637	753	618	2213	369	865	144	1145	813	1273	599	1123	811	1107	1069	940	808	161	14	2011	1128	1879	511	196	506	453	555	1282	1388	1787	782	432	498	511	2382	488	2278	1294	474	252	1816	1909	1454	363	872	811	350	24	685	841	1718	807	1038	975	2405	1414	432	750	622	247	2107	950	335	1048	458	522	1024	1149	1477	2373	2681	3128	1850	345	171	544	505	511	1267	269	1176	569	750	2150	1854	359	811	994	379	697	624	227	864	354	1473	735	842	1167	822	347	1269	1203	683	990	271	129	1499	406	507	2432	605	388	602	353	1228	515	529	2869	1643	1291	2438	192	2438	1973	217	639	1076	2004	1876	805	477	2450	577	1033	1240	195	1082	1014	600	211	430	608	24	28	335	352	736	979	435	617	1615	199	749	755	434	319	760	1150	1390	510	1182	513	1326	453	531	432	2121	1282
