NAME : VRPTW_INSTANCE_121.txt
COMMENT : Bangkok Supermarket
TYPE : VRPTW
DIMENSION : 229
DAYS : Monday
EDGE_WEIGHT_TYPE : EXPLICIT
VEHICLES : 33
EDGE_WEIGHT_FORMAT : FULL_MATRIX
CAPACITY : 1000
EDGE_WEIGHT_SECTION
0	435	309	185	410	504	284	119	1158	404	379	580	912	153	167	307	1750	255	474	199	206	79	1459	138	497	1928	418	528	617	185	309	1014	606	1077	1121	826	388	1003	307	79	210	474	23	189	404	553	1124	1661	609	491	152	30	125	33	193	165	29	1190	404	662	964	213	307	127	978	394	135	1941	358	991	2040	176	372	368	330	2766	404	477	365	948	1140	113	963	153	367	348	1919	91	3610	1873	88	987	1009	239	362	1221	123	2012	308	577	288	464	944	116	889	101	204	908	412	1168	2300	972	153	582	19	425	214	192	942	1213	379	529	3415	283	210	304	1067	1057	935	248	2032	1842	328	167	113	451	639	968	208	154	1096	347	948	601	193	891	1345	124	228	1028	948	946	402	862	814	1156	505	119	639	355	37	155	1321	779	437	358	1054	149	382	1344	1120	942	611	621	37	1850	135	959	214	1926	226	404	396	2284	347	212	408	2162	1419	525	614	368	609	908	153	1766	586	201	371	176	182	629	306	486	394	1321	178	612	366	631	216	635	835	1434	182	314	432	611	252	568	1067	2282	400	221	362	30	877	1019	190
435	0	128	400	788	232	609	480	1488	257	145	457	1153	488	455	130	1791	468	644	411	290	356	1625	569	217	2021	62	196	181	400	653	952	192	1065	1093	1206	450	961	590	514	286	434	442	512	249	332	1485	2049	719	431	587	456	492	412	541	450	461	1452	783	263	913	284	134	496	927	139	465	1860	321	988	2290	321	167	166	669	2924	73	211	165	961	1532	477	1196	431	167	143	1588	368	3773	2018	479	1394	1026	625	146	1094	558	2195	129	732	148	710	798	479	1231	334	320	972	84	1026	2254	1009	333	870	426	90	224	334	962	1440	709	196	3572	602	228	132	1038	1066	888	350	1816	2059	164	455	477	69	214	976	228	583	1055	145	1171	459	333	760	1381	464	332	1341	1171	959	90	467	1197	1253	438	480	214	147	406	453	1144	1165	256	149	1436	416	639	1498	1482	962	192	577	406	2087	465	1380	224	1594	303	783	629	2515	145	638	75	2389	1544	877	185	166	719	972	488	2035	514	521	731	336	328	891	589	208	73	1144	334	937	166	195	223	722	1093	1759	328	122	12	192	637	136	658	2205	255	414	146	416	679	1258	487
309	128	0	280	663	287	488	365	1397	254	150	436	1055	378	350	2	1749	354	582	293	194	230	1583	442	273	1966	131	250	308	280	530	931	313	1031	1064	1083	403	934	497	387	192	381	318	388	247	340	1366	1925	642	385	460	332	377	287	416	345	336	1352	658	362	888	191	15	380	902	158	338	1855	248	950	2197	197	164	160	547	2855	123	259	157	917	1407	361	1101	307	160	122	1692	239	3703	1949	360	1267	1020	511	138	1096	431	2117	2	679	22	604	801	364	1114	209	227	915	136	1069	2240	959	225	759	301	151	106	214	917	1348	589	250	3504	481	108	4	1009	1064	861	242	1854	1972	125	350	361	162	331	934	107	455	1030	122	1078	445	213	757	1338	337	219	1230	1078	915	131	585	1073	1228	394	365	331	132	282	328	1164	1041	232	137	1313	310	554	1424	1362	917	304	537	282	1996	338	1252	106	1699	217	658	550	2458	122	510	127	2301	1478	757	312	160	642	915	378	1936	479	398	608	213	206	785	496	262	111	1164	212	844	158	322	106	651	991	1647	206	33	123	304	524	264	781	2200	251	299	138	292	733	1162	383
185	400	280	0	390	550	209	304	1334	479	409	404	794	337	343	277	1578	87	649	17	303	174	1643	245	538	1768	411	421	569	0	252	828	592	895	938	806	532	818	492	219	306	292	209	116	475	403	1086	1648	437	312	272	214	311	200	149	339	209	1086	386	567	778	308	269	313	792	421	90	1756	195	808	1935	84	413	408	268	2627	402	521	405	767	1132	298	842	47	408	376	1969	114	3474	1727	274	998	1168	418	393	1036	248	1879	278	753	266	336	762	301	834	181	320	734	414	1289	2119	794	273	484	197	429	241	65	762	1092	309	422	3277	202	237	277	883	1216	750	79	1850	1722	364	343	298	443	568	786	232	247	911	375	823	427	66	708	1171	97	77	952	823	765	408	864	797	1331	326	304	568	385	197	65	1139	766	297	390	1035	314	566	1197	1082	762	537	436	197	1738	90	993	241	1975	333	386	578	2469	375	286	406	2047	1265	477	585	408	437	734	337	1669	403	123	331	67	74	516	490	527	390	1139	68	795	406	584	245	459	725	1369	74	303	392	537	431	536	1059	2097	475	37	393	201	973	902	370
410	788	663	390	0	907	187	477	1228	813	773	689	565	507	545	661	1513	344	811	382	615	474	1692	293	898	1642	791	801	960	390	141	940	977	947	999	421	782	913	620	347	619	573	421	275	812	746	715	1262	483	597	301	411	473	444	247	544	401	812	6	950	889	622	654	472	900	787	325	1802	549	865	1652	467	770	766	131	2420	780	879	763	816	743	474	618	356	765	740	2328	434	3255	1551	445	608	1358	471	756	1179	316	1661	662	902	647	255	963	475	480	494	615	734	791	1564	2117	812	564	246	428	806	597	455	805	856	118	802	3065	196	593	659	953	1408	863	456	2020	1474	723	545	474	824	957	836	590	273	989	739	612	715	456	907	1138	329	465	627	612	814	783	1247	410	1454	608	478	957	748	447	335	1317	378	664	752	651	544	687	1035	710	805	926	643	447	1471	325	609	597	2334	636	6	714	2424	739	225	784	1784	1130	123	973	766	483	734	507	1372	649	267	64	452	460	311	618	886	769	1317	453	776	764	974	601	522	482	1025	460	682	781	926	476	925	1445	2127	809	385	756	440	1285	665	549
504	232	287	550	907	0	748	492	1379	118	140	688	1339	484	440	289	2021	632	508	565	300	433	1434	640	15	2246	176	421	288	550	786	1185	195	1296	1325	1327	314	1193	526	580	296	657	500	643	114	564	1621	2165	928	656	649	513	503	472	665	437	521	1634	901	441	1145	293	302	506	1159	130	586	2091	531	1218	2481	466	137	142	805	3141	174	28	145	1189	1644	492	1385	565	142	174	1422	473	3989	2234	508	1491	807	616	157	1324	622	2404	289	577	292	884	1029	493	1376	412	313	1195	159	794	2487	1235	356	1034	488	147	312	488	1190	1633	850	421	3789	743	316	288	1270	845	1120	526	2026	2259	186	440	492	163	363	1205	321	658	1287	174	1363	691	488	992	1610	581	501	1501	1363	1187	160	373	1316	1049	664	492	363	164	468	584	1368	1281	485	159	1556	413	549	1710	1616	1190	359	806	468	2281	586	1459	312	1429	289	901	529	2339	174	716	170	2587	1762	1013	240	142	928	1195	484	2218	744	654	859	482	477	1065	525	25	183	1368	482	849	144	293	309	936	1273	1916	477	256	244	359	625	225	583	2435	121	575	157	476	450	1446	462
284	609	488	209	187	748	0	384	1297	664	609	517	628	418	445	485	1499	157	743	198	472	327	1691	222	737	1660	618	614	777	209	45	836	801	869	918	597	672	815	559	249	476	399	302	104	662	563	878	1439	386	422	245	297	384	315	91	443	287	908	183	763	784	479	477	385	797	622	163	1737	363	783	1758	290	610	606	59	2484	608	719	603	736	923	378	679	183	605	576	2170	276	3327	1595	349	794	1286	435	592	1066	242	1729	486	843	473	191	824	381	628	344	479	674	620	1451	2075	746	428	299	303	635	435	274	727	929	102	615	3132	9	431	484	867	1335	756	270	1902	1558	561	445	379	651	772	756	426	207	900	575	664	543	275	767	1103	171	281	755	664	734	613	1073	588	1416	435	385	772	585	316	163	1191	557	477	589	826	432	633	1067	874	727	740	493	316	1567	163	796	435	2177	498	183	655	2470	575	199	613	1878	1148	268	794	606	386	674	418	1485	487	93	124	274	282	345	558	726	597	1191	275	794	603	791	439	421	551	1168	282	509	601	740	444	745	1268	2071	661	199	592	313	1152	735	460
119	480	365	304	477	492	384	0	1053	379	389	691	1009	35	67	363	1866	374	361	318	200	156	1340	183	489	2040	448	606	658	304	401	1132	628	1196	1240	875	305	1122	188	136	205	588	95	299	381	651	1180	1696	727	605	178	93	12	107	296	68	101	1279	471	727	1082	208	367	15	1096	404	251	2060	467	1110	2125	282	376	373	422	2867	433	469	371	1067	1177	6	1061	272	372	364	1880	199	3709	1979	35	1015	902	146	374	1338	160	2112	365	462	343	571	1059	3	956	169	180	1026	437	1087	2419	1090	149	676	106	448	258	302	1061	1309	470	606	3515	384	256	360	1186	951	1054	362	2144	1936	341	67	5	479	693	1087	257	204	1215	363	1047	710	303	1006	1462	239	339	1104	1047	1065	426	864	863	1040	619	1	693	368	111	273	1435	826	533	370	1099	79	263	1450	1174	1061	668	738	111	1940	251	973	258	1886	204	471	279	2168	363	255	435	2252	1529	599	645	373	727	1026	35	1848	701	310	450	285	290	728	186	479	424	1435	287	503	371	671	259	754	930	1501	290	359	480	668	159	602	1073	2401	376	340	374	104	815	1115	76
1158	1488	1397	1334	1228	1379	1297	1053	0	1273	1354	1738	1747	1030	1050	1397	2732	1378	870	1345	1204	1210	698	1103	1385	2830	1437	1647	1640	1334	1278	2132	1570	2163	2213	1340	1065	2112	900	1116	1207	1627	1136	1274	1280	1705	1576	1813	1681	1646	1074	1127	1043	1158	1249	1055	1130	1906	1225	1750	2080	1208	1404	1040	2093	1367	1255	3027	1517	2078	2626	1333	1334	1333	1291	3495	1422	1371	1333	2030	1442	1059	1797	1291	1332	1346	2353	1248	4286	2700	1074	1275	971	918	1347	2357	1092	2754	1398	816	1377	1465	2095	1056	1505	1223	1171	1958	1418	1371	3345	2034	1174	1469	1152	1423	1294	1350	2020	1994	1317	1648	4113	1304	1293	1393	2164	996	2052	1405	3184	2534	1324	1050	1059	1458	1697	2051	1296	1109	2197	1345	1801	1758	1351	2040	2366	1244	1386	1670	1801	2028	1408	1708	1328	792	1660	1053	1697	1345	1162	1283	2471	1299	1587	1344	1448	1090	848	2222	1569	2020	1679	1764	1162	2497	1255	1158	1294	2357	1186	1225	860	1204	1345	1099	1422	2791	2330	1318	1606	1333	1681	1958	1030	2344	1737	1280	1261	1334	1340	1535	901	1381	1417	2471	1336	554	1333	1650	1293	1717	1666	1916	1340	1381	1492	1679	905	1575	1898	3355	1272	1365	1347	1154	1367	1827	1016
404	257	254	479	813	118	664	379	1273	0	114	686	1273	368	324	255	2003	565	407	495	198	340	1369	536	119	2217	194	452	371	479	699	1183	297	1285	1318	1230	209	1187	408	476	193	635	397	560	7	577	1528	2064	886	639	542	409	389	371	578	321	418	1564	807	506	1141	190	269	392	1155	117	501	2103	501	1204	2414	398	94	97	719	3097	183	101	99	1171	1543	379	1322	486	96	133	1515	388	3945	2193	397	1387	774	498	120	1341	516	2354	255	486	249	815	1045	380	1288	321	204	1166	172	820	2492	1212	251	958	387	169	238	423	1171	1571	766	452	3746	660	242	253	1262	816	1114	470	2073	2200	129	324	379	201	438	1188	247	555	1283	132	1301	693	423	1003	1591	494	443	1420	1301	1169	166	491	1219	996	648	378	438	124	367	503	1398	1183	481	120	1458	299	435	1665	1523	1171	426	791	367	2218	501	1350	238	1521	180	807	417	2264	132	613	181	2526	1723	924	333	97	886	1166	368	2146	733	571	769	414	410	995	408	112	186	1398	414	737	98	380	234	898	1203	1831	410	220	267	426	508	306	700	2448	3	509	120	374	494	1381	345
379	145	150	409	773	140	609	389	1354	114	0	575	1198	388	348	152	1898	491	501	424	188	303	1479	517	129	2117	85	339	287	409	648	1073	239	1177	1209	1194	305	1077	466	457	183	530	378	505	106	463	1485	2034	793	532	529	392	401	348	528	344	399	1493	767	403	1031	181	166	404	1045	15	449	1990	399	1097	2340	325	22	21	667	3005	72	112	21	1066	1513	387	1245	426	22	33	1561	338	3854	2100	397	1364	888	526	16	1227	500	2267	152	588	153	743	931	389	1238	281	211	1065	64	919	2380	1109	242	894	364	68	175	347	1066	1493	712	339	3654	604	179	151	1153	930	1004	386	1960	2119	50	348	387	103	343	1082	183	533	1173	34	1223	581	347	890	1487	444	360	1362	1223	1064	55	483	1183	1109	541	388	343	24	343	446	1284	1149	369	20	1423	314	507	1574	1481	1066	327	684	343	2141	449	1338	175	1567	189	767	494	2369	34	591	70	2447	1628	876	262	21	793	1065	388	2077	624	516	723	342	336	924	465	117	72	1284	341	808	21	298	171	802	1132	1777	336	118	154	327	537	224	689	2335	112	435	16	353	582	1306	377
580	457	436	404	689	688	517	691	1738	686	575	0	816	719	712	435	1335	380	995	396	601	537	2003	647	673	1572	513	294	516	404	559	497	603	608	636	1035	832	504	869	624	601	119	602	487	679	142	1257	1839	350	96	675	611	700	584	519	707	607	1110	687	398	456	601	421	703	471	577	490	1419	224	532	1912	409	593	589	561	2489	516	665	587	508	1354	685	848	450	590	553	1976	492	3336	1584	667	1259	1457	819	566	664	652	1776	434	1097	446	478	373	688	997	530	631	536	531	1483	1805	560	604	630	587	542	501	389	511	1069	572	295	3133	508	500	438	581	1500	431	332	1453	1662	560	712	685	527	459	522	495	646	599	554	818	25	387	324	927	499	352	1059	818	506	533	849	1030	1659	83	691	459	562	580	462	746	1009	205	566	1244	675	939	1079	1255	511	433	135	580	1702	490	1285	501	1984	630	687	943	2855	554	675	521	1993	1110	716	565	589	350	536	719	1677	73	485	625	405	400	617	867	664	510	746	403	1193	588	526	504	333	780	1466	400	468	444	433	832	531	993	1763	684	377	566	587	1136	910	744
912	1153	1055	794	565	1339	628	1009	1747	1273	1198	816	0	1042	1072	1053	993	708	1362	777	1091	949	2254	832	1326	1086	1182	1070	1283	794	608	717	1341	635	687	478	1300	674	1173	872	1095	755	930	726	1270	944	523	1080	466	771	848	925	1007	943	719	1071	915	300	570	1202	683	1097	1041	1008	685	1209	785	1371	835	590	1142	876	1204	1200	586	1860	1177	1310	1197	550	684	1004	53	790	1199	1165	2740	892	2700	985	974	687	1909	1031	1182	940	855	1103	1053	1458	1047	458	864	1006	327	963	1102	436	1191	2077	1629	501	1051	333	931	1206	1035	852	534	301	539	1071	2507	629	1031	1053	666	1958	670	813	1730	930	1156	1072	1004	1211	1246	562	1026	814	702	1165	55	836	852	823	676	794	838	280	55	549	1187	1612	484	2018	773	1010	1246	1175	944	775	1105	496	930	1180	574	1060	1244	476	525	534	1216	692	944	944	785	779	1035	2747	1119	570	1269	2952	1165	778	1181	1253	582	448	1318	1200	466	436	1042	882	745	714	567	859	864	282	1172	1315	1166	1105	860	1337	1198	1296	1039	484	83	654	864	1084	1142	1216	1037	1273	1783	1665	1270	765	1182	941	1767	108	1085
153	488	378	337	507	484	418	35	1030	368	388	719	1042	0	44	377	1901	408	325	352	202	182	1306	214	481	2075	453	623	664	337	434	1165	628	1230	1274	901	277	1155	154	170	206	618	129	335	371	675	1206	1717	762	635	206	128	35	138	331	47	136	1311	501	740	1115	208	382	34	1129	403	286	2093	495	1144	2157	310	374	371	456	2902	437	462	369	1101	1199	41	1095	306	370	366	1860	230	3743	2014	70	1035	867	137	375	1369	191	2146	378	427	356	606	1088	38	985	193	177	1061	440	1057	2453	1125	155	710	139	450	271	331	1096	1343	503	623	3550	419	269	373	1220	916	1087	392	2173	1969	342	44	40	482	703	1121	271	234	1248	365	1082	738	333	1036	1497	274	368	1134	1082	1099	429	857	888	1005	648	34	703	369	141	308	1465	851	556	371	1123	74	229	1485	1201	1096	678	770	141	1973	286	989	271	1866	200	501	244	2137	365	283	439	2285	1564	630	648	371	762	1061	0	1879	731	346	483	315	319	762	153	472	429	1465	317	478	370	676	271	788	963	1530	319	369	490	678	149	606	1066	2434	365	373	375	136	791	1149	42
167	455	350	343	545	440	445	67	1050	324	348	712	1072	44	0	349	1917	420	307	359	165	176	1302	251	438	2096	416	598	628	343	464	1168	588	1238	1281	942	237	1159	157	201	169	616	145	356	327	659	1247	1761	775	630	246	148	73	144	355	4	158	1345	538	711	1119	171	355	75	1133	363	303	2098	487	1152	2192	306	333	330	486	2929	400	418	329	1110	1242	70	1124	317	329	327	1816	231	3772	2039	99	1079	842	177	335	1367	228	2174	350	411	328	630	1083	69	1024	182	137	1074	402	1019	2462	1136	125	740	150	411	244	329	1105	1373	534	598	3578	445	243	345	1226	891	1090	391	2164	2000	304	0	70	444	669	1130	246	271	1254	326	1110	729	330	1032	1511	291	365	1171	1110	1108	391	814	930	989	644	66	669	330	146	322	1458	893	541	332	1166	40	227	1510	1242	1105	646	770	146	2006	303	1034	244	1822	159	538	235	2143	326	322	402	2318	1586	666	610	330	775	1074	44	1915	728	367	517	313	316	790	155	428	393	1458	314	496	329	640	244	800	994	1569	316	338	457	646	188	568	1023	2440	321	380	335	144	748	1179	33
307	130	2	277	661	289	485	363	1397	255	152	435	1053	377	349	0	1748	352	582	290	193	228	1583	440	275	1965	133	250	311	277	528	930	316	1029	1063	1081	403	932	496	385	191	379	316	386	249	340	1363	1923	640	383	458	330	375	285	414	344	334	1350	656	364	886	190	13	379	901	160	336	1854	247	948	2194	195	166	161	545	2853	125	261	159	916	1405	359	1098	304	162	124	1695	237	3701	1947	358	1265	1021	510	140	1096	428	2115	1	679	20	601	801	362	1111	207	226	913	139	1071	2239	958	224	757	299	154	105	212	915	1345	586	251	3501	479	107	3	1007	1065	860	240	1854	1970	126	349	360	165	333	933	106	453	1028	124	1075	444	211	756	1336	334	217	1227	1075	914	134	587	1071	1228	393	363	333	134	280	325	1163	1039	231	138	1310	309	554	1422	1360	915	306	536	280	1993	336	1250	105	1701	216	656	550	2458	124	508	130	2299	1476	754	315	161	640	913	377	1933	478	395	606	211	203	783	495	264	114	1163	209	843	159	324	105	649	989	1644	203	34	126	306	523	266	784	2199	252	296	140	290	735	1160	382
1750	1791	1749	1578	1513	2021	1499	1866	2732	2003	1898	1335	993	1901	1917	1748	0	1497	2224	1561	1870	1753	3189	1721	2006	304	1845	1624	1837	1578	1500	856	1934	728	707	1456	2107	838	2052	1741	1872	1368	1773	1567	1997	1470	1374	1739	1142	1366	1744	1773	1869	1772	1577	1914	1764	943	1517	1691	886	1873	1734	1871	873	1902	1615	529	1502	803	1077	1638	1913	1909	1482	1244	1847	1997	1907	832	1563	1860	948	1599	1909	1872	3246	1693	2063	482	1832	1632	2745	1934	1887	832	1740	729	1747	2328	1753	1309	1059	1863	1290	1758	1893	844	1862	2815	648	791	1850	1267	1766	1873	1783	1611	832	819	1444	1624	1857	1495	1780	1750	759	2792	909	1552	1125	806	1873	1917	1860	1861	1769	816	1774	1706	749	1872	938	1336	1610	1073	411	1627	1581	1159	938	834	1862	2156	1464	2906	1357	1867	1769	1881	1771	1594	927	1482	1535	1886	1478	1892	2127	550	1379	832	1748	1215	1771	906	1615	1740	1783	3254	1901	1517	2145	3934	1872	1689	1851	1035	428	1414	1892	1909	1142	844	1901	1039	1277	1557	1492	1625	1626	1201	2050	1996	1839	927	1624	2282	1907	1846	1787	1119	1070	1235	1626	1783	1779	1748	1944	1863	2259	720	2000	1541	1887	1773	2471	932	1940
255	468	354	87	344	632	157	374	1378	565	491	380	708	408	420	352	1497	0	727	70	390	258	1714	275	620	1683	485	457	628	87	203	765	660	823	867	748	617	751	562	267	393	261	278	107	561	409	1018	1587	355	284	304	281	379	275	139	417	273	1002	340	606	714	395	342	381	728	502	127	1688	206	736	1850	167	496	492	214	2540	477	603	489	693	1075	368	756	102	491	458	2047	198	3387	1640	341	950	1252	472	475	981	286	1792	353	831	343	251	717	371	763	267	407	654	491	1376	2045	716	359	404	270	506	326	144	687	1006	246	458	3189	148	323	352	814	1300	686	118	1806	1635	448	420	368	516	617	713	317	271	843	457	736	404	144	662	1091	138	136	875	736	691	485	935	739	1410	297	374	617	467	274	101	1092	710	320	472	974	394	637	1110	1015	687	586	385	274	1653	127	954	326	2053	420	340	652	2528	457	295	482	1961	1178	415	649	492	355	654	408	1585	363	105	281	150	155	433	560	608	466	1092	151	848	489	642	330	380	641	1292	155	381	459	586	484	601	1124	2028	561	56	475	276	1059	816	445
474	644	582	649	811	508	743	361	870	407	501	995	1362	325	307	582	2224	727	0	665	395	477	1007	529	515	2401	586	825	779	649	756	1468	701	1543	1584	1169	197	1461	191	493	396	909	451	660	414	920	1475	1945	1083	921	514	452	359	452	656	310	461	1623	805	905	1419	396	593	358	1434	511	609	2399	775	1457	2462	603	479	479	777	3223	572	502	479	1416	1439	366	1415	625	478	500	1684	535	4062	2338	395	1264	547	344	497	1658	507	2465	583	104	565	932	1368	364	1275	477	364	1382	565	791	2767	1443	393	1029	458	567	495	628	1412	1661	823	826	3870	744	496	578	1529	597	1391	690	2435	2284	481	307	366	602	842	1435	501	548	1556	499	1403	1010	629	1319	1819	598	663	1433	1403	1414	556	846	1156	682	934	360	842	496	453	630	1739	1118	805	495	1379	334	131	1810	1469	1412	827	1067	453	2283	609	1196	495	1690	368	805	99	1876	499	587	571	2595	1890	935	740	479	1083	1382	325	2180	1020	671	796	612	614	1084	192	512	570	1739	614	360	479	787	493	1108	1282	1812	614	557	651	827	342	713	1044	2742	406	687	497	451	601	1467	285
199	411	293	17	382	565	198	318	1345	495	424	396	777	352	359	290	1561	70	665	0	320	191	1658	251	553	1751	424	425	579	17	242	814	604	879	922	796	549	803	506	229	323	282	223	111	492	400	1074	1637	420	302	279	228	325	215	145	355	222	1070	377	572	764	325	281	327	778	436	94	1741	192	793	1919	99	429	424	257	2610	415	537	421	751	1122	312	826	53	424	391	1983	131	3457	1710	288	990	1185	430	408	1023	256	1862	291	769	280	320	751	315	820	198	338	717	428	1306	2103	777	291	469	212	443	257	78	746	1076	297	426	3259	190	253	290	868	1233	735	79	1840	1705	380	359	312	456	576	770	248	252	896	391	806	419	79	696	1154	103	83	938	806	749	422	877	786	1348	316	319	576	401	213	67	1127	756	298	405	1024	331	581	1180	1070	746	544	423	213	1722	94	987	257	1990	351	377	593	2482	391	288	420	2030	1247	465	595	424	420	717	352	1653	392	117	322	82	88	500	505	542	404	1127	83	807	422	593	261	443	709	1354	88	317	403	544	442	547	1070	2082	492	21	408	216	990	886	386
206	290	194	303	615	300	472	200	1204	198	188	601	1091	202	165	193	1870	390	395	320	0	144	1402	340	295	2068	251	444	462	303	504	1082	427	1168	1206	1032	238	1079	304	280	4	521	200	368	197	525	1330	1867	734	532	348	212	212	173	383	161	221	1378	609	548	1035	7	202	215	1050	203	309	2012	384	1083	2228	232	176	173	525	2931	235	275	171	1046	1345	198	1141	300	171	164	1713	198	3777	2030	210	1191	876	340	173	1264	321	2182	195	496	174	634	973	200	1091	128	33	1026	237	987	2388	1080	55	769	189	248	100	259	1043	1391	573	445	3580	469	100	190	1150	922	1008	317	2040	2021	140	165	199	280	504	1064	105	358	1175	163	1122	614	260	925	1459	301	288	1226	1122	1044	227	667	1021	1061	544	200	504	168	169	315	1343	985	410	170	1260	128	360	1501	1325	1043	482	681	169	2035	309	1158	100	1720	31	609	356	2268	163	416	237	2345	1567	727	446	173	734	1026	202	1958	630	380	573	246	245	810	302	284	227	1343	247	651	171	475	97	752	1018	1636	245	177	292	482	351	403	875	2357	194	338	173	177	679	1199	196
79	356	230	174	474	433	327	156	1210	340	303	537	949	182	176	228	1753	258	477	191	144	0	1478	216	425	1942	339	456	537	174	360	992	527	1065	1107	893	359	984	332	158	149	439	88	224	338	494	1189	1732	611	454	232	101	167	58	238	172	105	1234	468	586	943	151	229	170	958	318	164	1923	312	979	2084	129	298	294	380	2794	325	406	291	939	1211	151	999	161	293	272	1853	60	3639	1896	139	1061	994	297	286	1190	202	2043	230	581	209	493	907	154	948	22	153	908	333	1128	2289	968	102	625	71	347	134	152	935	1249	428	457	3443	324	131	225	1052	1042	915	214	1990	1879	252	176	151	372	561	958	129	231	1079	271	981	555	154	855	1345	156	189	1081	981	937	324	785	882	1158	467	157	561	279	52	173	1283	848	376	283	1123	143	404	1366	1184	935	534	594	52	1891	164	1036	134	1860	170	468	412	2318	271	289	329	2202	1436	583	535	294	611	908	182	1813	552	236	429	136	139	667	330	413	315	1283	138	659	292	551	137	634	875	1492	139	235	353	534	310	488	990	2265	336	211	286	62	824	1057	207
1459	1625	1583	1643	1692	1434	1691	1340	698	1369	1479	2003	2254	1306	1302	1583	3189	1714	1007	1658	1402	1478	0	1469	1447	3334	1563	1817	1723	1643	1689	2470	1624	2537	2581	1920	1181	2461	1152	1454	1403	1915	1436	1630	1377	1924	2191	2492	2063	1928	1445	1433	1335	1443	1616	1306	1440	2464	1687	1872	2421	1403	1595	1332	2435	1485	1588	3400	1782	2450	3243	1606	1457	1458	1707	4080	1551	1441	1460	2407	2082	1346	2307	1612	1458	1487	1941	1533	4895	3237	1372	1905	687	1256	1480	2665	1451	3326	1584	906	1568	1880	2376	1343	2070	1480	1371	2360	1541	1024	3759	2428	1400	1936	1446	1539	1502	1630	2401	2533	1747	1817	4714	1695	1503	1580	2527	674	2393	1693	3437	3118	1471	1302	1346	1570	1798	2427	1508	1483	2555	1486	2303	2017	1632	2327	2794	1577	1666	2240	2303	2405	1534	1651	1907	407	1941	1339	1798	1481	1446	1613	2745	1873	1811	1478	2069	1335	1077	2727	2184	2401	1790	2072	1446	3094	1588	1796	1502	1943	1374	1687	1066	921	1486	1500	1549	3399	2822	1805	1672	1458	2063	2360	1306	2957	2027	1639	1703	1614	1617	1999	1153	1448	1552	2745	1616	916	1459	1727	1500	2092	2170	2541	1617	1556	1634	1790	1246	1660	1792	3741	1370	1680	1480	1442	1198	2348	1273
138	569	442	245	293	640	222	183	1103	536	517	647	832	214	251	440	1721	275	529	251	340	216	1469	0	633	1881	555	644	751	245	227	1034	744	1080	1127	697	488	1017	341	60	344	531	140	172	536	646	1000	1527	598	552	28	127	180	168	150	251	118	1097	287	784	983	347	438	179	996	532	157	1948	440	993	1942	278	510	506	248	2693	542	614	503	948	1006	180	885	198	505	486	2050	205	3532	1810	152	851	1076	213	500	1255	23	1936	441	626	421	412	993	181	773	238	333	892	550	1271	2293	962	285	499	152	563	351	283	940	1131	294	645	3340	225	347	437	1075	1126	954	323	2082	1756	466	251	180	588	768	968	345	20	1107	485	873	670	285	938	1324	148	313	920	873	945	540	1000	685	1195	566	185	768	493	173	185	1368	649	536	496	924	252	414	1284	995	940	739	661	173	1758	157	821	351	2056	356	287	437	2260	485	76	545	2071	1368	415	751	506	598	892	214	1664	638	178	268	270	279	554	340	622	531	1368	273	580	504	765	353	630	752	1318	279	450	566	739	223	703	1206	2285	533	270	500	164	995	938	257
497	217	273	538	898	15	737	489	1385	119	129	673	1326	481	438	275	2006	620	515	553	295	425	1447	633	0	2231	161	406	276	538	776	1169	186	1281	1309	1318	320	1177	527	573	290	642	493	633	114	549	1611	2157	914	641	643	506	500	465	655	434	514	1622	892	427	1130	287	288	502	1144	117	576	2076	517	1203	2468	454	127	132	795	3126	160	19	134	1174	1636	488	1373	555	132	162	1432	464	3975	2220	503	1484	821	614	145	1309	615	2390	275	586	279	871	1014	489	1366	404	309	1180	144	809	2471	1220	350	1023	481	132	302	476	1175	1620	840	406	3775	732	306	274	1255	860	1105	513	2012	2246	176	438	488	147	351	1190	310	651	1272	162	1350	676	476	976	1595	571	488	1490	1350	1172	145	376	1307	1062	649	488	351	153	460	574	1353	1273	470	148	1548	410	553	1696	1607	1175	345	791	460	2268	576	1453	302	1439	285	892	533	2351	162	709	155	2574	1748	1003	229	132	914	1180	481	2205	728	644	849	471	465	1053	527	11	168	1353	470	853	134	282	298	922	1261	1905	465	242	229	345	624	212	585	2420	121	563	145	469	465	1434	461
1928	2021	1966	1768	1642	2246	1660	2040	2830	2217	2117	1572	1086	2075	2096	1965	304	1683	2401	1751	2068	1942	3334	1881	2231	0	2071	1866	2085	1768	1654	1119	2176	979	969	1508	2301	1094	2220	1909	2071	1589	1950	1740	2211	1712	1365	1634	1334	1590	1901	1948	2042	1954	1745	2093	1939	950	1647	1946	1141	2072	1951	2043	1129	2123	1793	775	1718	1044	837	1836	2130	2126	1634	949	2071	2221	2124	1064	1551	2034	1035	1783	2126	2089	3516	1882	1780	241	2005	1650	2935	2091	2105	1124	1902	460	1964	2502	1968	1470	1330	2037	1339	1950	2089	1051	2087	3036	741	1013	2042	1398	1946	2099	1988	1809	1061	843	1591	1866	1575	1658	1985	1966	1016	2984	1160	1753	1399	597	2088	2096	2034	2090	2020	1051	1979	1864	1013	2089	1034	1577	1808	1338	653	1804	1782	1186	1034	1066	2086	2411	1518	3076	1583	2041	2020	2099	1953	1775	1228	1542	1765	2103	1482	2075	2294	609	1371	1061	1997	1444	1953	701	1793	1767	1988	3523	2099	1647	2315	4034	2089	1839	2076	764	513	1532	2136	2126	1334	1051	2075	867	1509	1729	1632	1822	1823	1335	2218	2221	2063	1228	1821	2419	2124	2094	1992	1319	1169	1154	1823	1999	2009	1997	2099	2104	2526	864	2213	1732	2105	1953	2697	1002	2116
418	62	131	411	791	176	618	448	1437	194	85	513	1182	453	416	133	1845	485	586	424	251	339	1563	555	161	2071	0	259	211	411	660	1010	188	1120	1149	1212	391	1017	543	498	247	482	422	517	186	392	1497	2054	759	481	571	436	460	391	544	411	442	1481	786	318	970	244	143	464	984	77	466	1921	360	1042	2323	328	107	106	677	2969	15	152	106	1013	1535	445	1227	436	108	91	1562	361	3818	2062	451	1393	963	590	89	1155	541	2236	132	673	145	733	859	448	1245	317	279	1020	21	970	2314	1059	299	890	407	28	204	345	1014	1473	719	259	3617	612	208	134	1094	1004	944	372	1879	2096	114	416	446	33	260	1029	210	570	1112	92	1204	516	345	820	1434	463	350	1361	1204	1011	29	455	1202	1190	488	448	260	91	386	457	1207	1169	309	92	1442	379	588	1540	1493	1014	242	630	386	2121	466	1373	204	1568	259	786	576	2454	92	627	14	2425	1589	887	197	106	759	1020	453	2064	567	527	737	344	337	915	542	151	24	1207	343	888	106	223	202	764	1120	1778	337	109	73	242	602	153	655	2265	193	430	89	396	626	1289	446
528	196	250	421	801	421	614	606	1647	452	339	294	1070	623	598	250	1624	457	825	425	444	456	1817	644	406	1866	259	0	222	421	660	774	310	895	919	1201	637	787	747	598	442	315	543	536	444	154	1458	2035	610	303	668	556	617	514	570	593	557	1369	798	148	739	441	243	621	752	335	506	1670	257	823	2190	366	360	358	671	2784	268	403	357	801	1528	601	1108	465	359	330	1688	442	3631	1878	595	1407	1222	751	337	902	639	2067	249	919	270	662	608	604	1198	439	477	829	280	1206	2068	855	473	826	526	286	353	365	805	1341	702	0	3428	605	355	254	866	1262	715	347	1621	1946	346	598	601	260	176	815	352	653	879	331	1080	289	364	573	1218	510	343	1287	1080	800	286	557	1193	1449	304	606	176	335	509	485	948	1166	145	338	1425	558	805	1369	1456	805	146	427	509	1982	506	1410	353	1695	466	798	799	2701	331	701	271	2278	1404	868	271	358	610	829	623	1946	362	542	739	375	367	832	746	399	266	948	373	1093	358	233	354	604	1021	1703	367	269	185	146	764	238	714	2014	450	418	337	519	856	1170	632
617	181	308	569	960	288	777	658	1640	371	287	516	1283	664	628	311	1837	628	779	579	462	537	1723	751	276	2085	211	222	0	569	822	983	108	1110	1130	1374	581	999	753	695	458	533	624	684	364	374	1646	2215	829	523	769	638	670	593	715	623	643	1583	955	164	950	456	313	674	964	274	640	1855	451	1041	2410	494	307	308	836	3005	227	284	309	1021	1701	655	1323	604	309	301	1467	548	3852	2100	659	1568	1087	802	297	1088	739	2290	309	857	329	857	801	657	1388	516	490	1051	227	1018	2259	1076	510	1020	608	219	405	505	1025	1559	873	222	3649	769	409	313	1078	1123	928	510	1749	2168	325	628	655	185	80	1034	409	764	1089	303	1296	509	503	773	1435	640	496	1488	1296	1019	237	334	1365	1335	525	658	80	300	588	626	1111	1335	353	300	1602	590	794	1592	1642	1025	90	650	588	2202	640	1557	405	1474	471	955	780	2627	303	819	225	2499	1626	1042	58	308	829	1051	664	2162	585	692	901	509	500	1034	752	275	234	1111	507	1096	309	14	404	825	1230	1906	500	303	184	90	813	65	502	2196	372	578	297	598	669	1385	658
185	400	280	0	390	550	209	304	1334	479	409	404	794	337	343	277	1578	87	649	17	303	174	1643	245	538	1768	411	421	569	0	252	828	592	895	938	806	532	818	492	219	306	292	209	116	475	403	1086	1648	437	312	272	214	311	200	149	339	209	1086	386	567	778	308	269	313	792	421	90	1756	195	808	1935	84	413	408	268	2627	402	521	405	767	1132	298	842	47	408	376	1969	114	3474	1727	274	998	1168	418	393	1036	248	1879	278	753	266	336	762	301	834	181	320	734	414	1289	2119	794	273	484	197	429	241	65	762	1092	309	422	3277	202	237	277	883	1216	750	79	1850	1722	364	343	298	443	568	786	232	247	911	375	823	427	66	708	1171	97	77	952	823	765	408	864	797	1331	326	304	568	385	197	65	1139	766	297	390	1035	314	566	1197	1082	762	537	436	197	1738	90	993	241	1975	333	386	578	2469	375	286	406	2047	1265	477	585	408	437	734	337	1669	403	123	331	67	74	516	490	527	390	1139	68	795	406	584	245	459	725	1369	74	303	392	537	431	536	1059	2097	475	37	393	201	973	902	370
309	653	530	252	141	786	45	401	1278	699	648	559	608	434	464	528	1500	203	756	242	504	360	1689	227	776	1654	660	660	822	252	0	859	844	885	935	553	696	836	569	264	509	441	326	143	697	608	837	1395	403	464	247	319	399	342	121	463	309	881	137	809	807	511	520	400	819	661	199	1751	408	800	1730	332	648	644	21	2467	650	757	641	752	879	396	660	223	643	615	2208	312	3308	1582	366	748	1302	437	631	1092	249	1711	528	854	515	192	856	398	590	378	509	684	661	1478	2084	758	458	275	328	676	473	318	743	908	69	661	3115	54	469	526	886	1351	780	315	1930	1536	599	464	396	692	817	772	465	210	919	614	647	584	319	800	1109	205	326	721	647	750	654	1115	544	1423	476	402	817	624	344	203	1220	513	523	628	782	455	642	1056	833	743	785	527	344	1542	199	751	473	2215	529	137	665	2458	614	189	654	1854	1141	227	837	644	403	684	434	1456	525	132	79	317	324	327	567	764	638	1220	318	785	641	836	477	440	529	1132	324	551	645	785	445	789	1311	2083	695	244	631	339	1183	714	477
1014	952	931	828	940	1185	836	1132	2132	1183	1073	497	717	1165	1168	930	856	765	1468	814	1082	992	2470	1034	1169	1119	1010	774	983	828	859	0	1082	146	149	1128	1319	44	1320	1033	1083	560	1038	862	1177	623	1240	1793	458	551	1062	1042	1139	1027	885	1164	1036	936	942	834	52	1084	916	1142	40	1074	892	930	698	133	1605	865	1090	1087	849	2060	1014	1162	1085	167	1391	1126	718	863	1087	1050	2397	937	2899	1174	1102	1359	1951	1238	1064	241	1048	1394	929	1571	939	685	217	1130	1018	991	1110	281	1029	1978	1309	223	1075	752	1026	1039	986	840	183	845	832	775	2693	828	984	933	104	1995	79	778	1081	1329	1056	1168	1127	1022	912	157	979	1026	106	1051	685	493	839	218	466	904	804	998	685	168	1031	1299	1128	2143	539	1133	912	1059	1025	866	396	1123	703	1064	1279	1136	1394	738	1242	183	893	401	1025	1392	892	1425	986	2404	1113	942	1404	3293	1051	1033	1018	1650	723	899	1038	1087	458	281	1165	1417	453	855	891	856	854	699	1318	1161	1008	396	854	1613	1085	990	989	420	735	1332	854	964	940	893	1250	1011	1407	1274	1181	792	1064	1029	1629	762	1197
606	192	313	592	977	195	801	628	1570	297	239	603	1341	628	588	316	1934	660	701	604	427	527	1624	744	186	2176	188	310	108	592	844	1082	0	1205	1228	1397	505	1096	698	686	423	605	609	702	290	464	1678	2239	898	598	759	623	640	578	730	584	629	1641	972	273	1047	420	323	643	1061	224	652	1961	506	1134	2475	511	254	257	860	3091	201	199	259	1111	1721	626	1383	621	258	263	1400	549	3938	2184	634	1581	981	765	253	1194	729	2369	315	773	331	902	905	627	1423	505	451	1135	194	910	2364	1164	479	1062	594	181	392	526	1115	1624	901	309	3736	794	396	317	1175	1016	1024	543	1857	2240	286	588	626	155	189	1125	398	759	1187	264	1358	599	525	875	1528	650	525	1533	1358	1109	204	274	1387	1233	602	627	189	259	573	642	1220	1355	422	257	1626	554	731	1671	1674	1115	196	734	573	2270	652	1562	392	1406	428	972	713	2533	264	816	198	2570	1710	1069	50	257	898	1135	628	2223	669	711	922	527	519	1082	697	189	212	1220	525	1033	258	108	390	897	1283	1951	519	297	202	196	776	71	467	2303	298	607	253	583	561	1445	615
1077	1065	1031	895	947	1296	869	1196	2163	1285	1177	608	635	1230	1238	1029	728	823	1543	879	1168	1065	2537	1080	1281	979	1120	895	1110	895	885	146	1205	0	54	1078	1406	114	1385	1086	1169	651	1101	911	1278	742	1158	1694	483	646	1106	1104	1202	1094	929	1235	1097	823	949	967	162	1170	1016	1204	150	1180	949	868	788	86	1462	942	1193	1190	872	1917	1122	1272	1187	132	1319	1190	627	924	1190	1152	2538	1008	2758	1028	1164	1305	2043	1289	1167	309	1095	1247	1029	1647	1037	699	364	1193	953	1067	1194	221	1138	2090	1224	142	1155	733	1091	1149	1075	916	142	723	847	896	2553	862	1073	1032	43	2088	181	854	1107	1184	1156	1238	1190	1135	1042	112	1067	1069	69	1153	596	608	915	361	326	960	882	911	596	134	1139	1432	1080	2224	636	1197	1042	1162	1092	924	475	1080	810	1166	1208	1208	1460	595	1160	142	1021	493	1092	1249	949	1381	1075	2545	1199	949	1473	3339	1153	1068	1127	1504	576	887	1164	1190	483	221	1230	1280	553	903	905	931	930	673	1383	1271	1115	475	930	1660	1188	1118	1079	449	668	1220	930	1064	1052	1021	1301	1134	1547	1206	1282	857	1167	1096	1744	663	1265
1121	1093	1064	938	999	1325	918	1240	2213	1318	1209	636	687	1274	1281	1063	707	867	1584	922	1206	1107	2581	1127	1309	969	1149	919	1130	938	935	149	1228	54	0	1132	1444	132	1429	1132	1207	687	1145	958	1311	766	1208	1740	532	680	1154	1148	1246	1138	977	1277	1141	866	1002	983	180	1208	1049	1248	166	1211	994	821	824	135	1482	982	1225	1222	923	1912	1152	1302	1220	183	1371	1234	676	968	1222	1185	2547	1050	2750	1031	1209	1358	2079	1336	1199	265	1143	1255	1062	1688	1071	750	362	1237	1005	1108	1233	276	1167	2119	1183	197	1195	787	1135	1178	1112	956	194	762	899	919	2544	912	1110	1065	55	2125	204	894	1053	1202	1189	1281	1234	1163	1061	163	1104	1117	44	1185	646	634	955	368	318	1006	922	961	646	185	1169	1449	1134	2264	670	1241	1061	1194	1135	969	430	1134	840	1199	1260	1250	1504	619	1210	194	1041	527	1135	1270	994	1435	1112	2554	1237	1002	1516	3388	1185	1117	1157	1518	590	941	1185	1222	532	276	1274	1308	585	950	957	972	970	728	1427	1300	1146	430	971	1708	1220	1138	1116	498	720	1262	970	1097	1080	1041	1347	1157	1557	1160	1315	900	1199	1139	1771	711	1308
826	1206	1083	806	421	1327	597	875	1340	1230	1194	1035	478	901	942	1081	1456	748	1169	796	1032	893	1920	697	1318	1508	1212	1201	1374	806	553	1128	1397	1078	1132	0	1178	1089	983	756	1037	933	834	695	1230	1123	306	842	732	955	697	823	868	859	668	943	813	567	426	1349	1083	1039	1073	867	1090	1208	746	1849	944	1016	1328	886	1191	1187	538	2164	1201	1299	1184	969	326	873	515	776	1186	1161	2746	856	2975	1363	847	233	1702	827	1177	1366	719	1416	1082	1246	1067	557	1221	873	169	914	1029	860	1212	1950	2099	936	979	410	843	1227	1019	872	954	665	501	1202	2794	605	1015	1080	1101	1751	1064	865	2186	1201	1144	942	873	1245	1365	986	1011	678	1138	1160	532	1061	873	1169	1155	750	878	330	532	968	1205	1667	13	1751	964	876	1365	1169	863	755	1524	50	1058	1173	229	949	1038	915	301	954	1334	951	863	1174	746	303	1019	2752	1051	426	1069	2538	1160	622	1205	1480	1032	333	1391	1187	732	860	901	1042	979	685	475	870	878	443	982	1307	1190	1524	872	1027	1185	1389	1022	767	419	646	878	1102	1199	1334	828	1343	1865	2142	1226	796	1177	855	1691	524	940
388	450	403	532	782	314	672	305	1065	209	305	832	1300	277	237	403	2107	617	197	549	238	359	1181	488	320	2301	391	637	581	532	696	1319	505	1406	1444	1178	0	1317	238	436	236	758	370	575	216	743	1483	1990	968	768	483	377	310	357	581	237	387	1578	776	709	1273	236	415	311	1287	314	517	2248	621	1322	2426	468	283	284	717	3152	378	306	284	1284	1473	308	1352	520	283	308	1595	419	3997	2256	336	1306	638	371	303	1496	465	2399	404	282	389	849	1202	307	1261	351	213	1262	370	783	2626	1318	258	970	369	371	333	495	1281	1601	766	638	3801	671	334	400	1388	685	1245	554	2256	2231	291	237	308	405	645	1302	340	509	1413	307	1336	844	496	1156	1697	507	526	1408	1336	1282	361	668	1165	827	779	304	645	303	356	531	1567	1128	634	301	1400	240	242	1726	1478	1281	631	918	356	2238	517	1253	333	1601	206	776	217	2064	307	560	376	2550	1796	903	543	284	968	1262	277	2150	866	587	752	481	481	1018	238	316	376	1567	482	536	284	589	329	988	1224	1806	481	375	458	631	376	515	872	2593	209	568	303	359	516	1408	237
1003	961	934	818	913	1193	815	1122	2112	1187	1077	504	674	1155	1159	932	838	751	1461	803	1079	984	2461	1017	1177	1094	1017	787	999	818	836	44	1096	114	132	1089	1317	0	1310	1018	1080	558	1026	846	1180	634	1197	1749	433	550	1045	1030	1128	1017	867	1156	1024	892	914	854	48	1081	919	1130	35	1080	879	938	696	89	1565	858	1094	1091	825	2032	1021	1170	1089	124	1349	1115	674	851	1091	1054	2423	928	2873	1142	1091	1320	1951	1223	1068	277	1031	1360	932	1565	941	659	252	1119	977	984	1106	238	1036	1987	1309	178	1070	718	1015	1046	984	833	140	801	806	787	2668	808	982	935	79	1996	72	771	1112	1290	1059	1159	1116	1031	930	112	977	1008	96	1055	642	502	832	247	441	890	798	955	642	125	1037	1319	1090	2139	540	1122	930	1063	1015	853	436	1085	709	1067	1237	1128	1384	698	1199	140	910	398	1015	1352	879	1388	984	2430	1110	914	1395	3278	1055	1013	1025	1613	686	867	1053	1091	433	238	1155	1375	454	839	865	848	847	664	1308	1168	1014	436	847	1597	1089	1007	988	395	693	1288	847	966	948	910	1235	1025	1432	1280	1184	781	1068	1019	1639	718	1188
307	590	497	492	620	526	559	188	900	408	466	869	1173	154	157	496	2052	562	191	506	304	332	1152	341	527	2220	543	747	753	492	569	1320	698	1385	1429	983	238	1310	0	311	306	771	283	484	413	815	1289	1773	914	786	324	281	183	292	476	161	289	1432	614	852	1270	308	504	181	1284	479	438	2248	644	1298	2271	462	447	445	590	3034	528	509	444	1256	1262	194	1226	460	444	452	1826	383	3872	2152	221	1089	738	155	456	1522	319	2276	498	284	477	750	1240	191	1085	339	271	1213	526	969	2608	1278	276	840	294	533	395	484	1250	1471	636	748	3680	562	394	493	1375	787	1242	545	2321	2093	429	157	194	568	803	1275	397	359	1403	451	1215	886	485	1188	1649	426	521	1242	1215	1253	516	895	970	856	800	187	803	452	295	461	1615	932	697	453	1197	195	75	1625	1284	1250	782	924	295	2092	438	1029	395	1832	287	614	95	1986	451	396	529	2404	1708	744	727	445	914	1213	154	1990	884	494	606	467	471	896	1	520	522	1615	469	347	444	764	394	942	1092	1624	471	481	594	782	155	690	1102	2589	406	528	456	290	741	1278	124
79	514	387	219	347	580	249	136	1116	476	457	624	872	170	201	385	1741	267	493	229	280	158	1454	60	573	1909	498	598	695	219	264	1033	686	1086	1132	756	436	1018	311	0	284	511	80	175	477	611	1057	1587	608	531	73	67	135	108	165	200	58	1143	341	735	982	287	384	135	995	472	140	1953	409	1000	1991	236	450	446	286	2732	484	554	443	955	1066	131	925	175	445	427	1990	156	3573	1845	101	911	1037	204	441	1248	43	1976	386	593	366	439	979	133	827	180	273	906	491	1220	2305	973	225	540	92	504	293	245	948	1173	334	599	3380	251	289	382	1079	1086	953	293	2068	1800	406	201	131	530	716	975	288	78	1109	426	912	646	247	924	1341	129	279	971	912	953	482	940	744	1167	545	137	716	434	113	168	1356	708	498	437	983	197	386	1317	1052	948	688	650	113	1804	140	881	293	1997	296	341	406	2260	426	136	487	2116	1398	466	694	446	608	906	170	1714	621	185	316	231	239	592	309	562	473	1356	233	581	444	709	295	638	794	1372	239	393	511	688	216	647	1146	2292	473	249	441	104	938	979	212
