NAME : VRPTW_INSTANCE_60.txt
COMMENT : Bangkok Supermarket
TYPE : VRPTW
DIMENSION : 305
DAYS : Wednesday
EDGE_WEIGHT_TYPE : EXPLICIT
VEHICLES : 41
EDGE_WEIGHT_FORMAT : FULL_MATRIX
CAPACITY : 1000
EDGE_WEIGHT_SECTION
0	1062	2257	839	486	1096	1321	865	589	591	279	436	202	483	172	443	124	252	215	586	92	592	213	1213	347	212	204	145	1099	497	1627	609	29	364	589	428	2500	418	97	121	453	844	1123	204	437	496	651	431	1011	1181	90	304	109	488	254	1396	394	539	153	868	165	768	385	668	880	215	705	307	46	215	398	202	404	1740	349	401	224	368	486	464	1649	840	621	204	1064	84	456	109	2509	527	314	367	412	218	23	360	1932	432	1727	314	25	641	704	201	400	414	1016	404	499	399	770	154	1693	213	374	258	1727	135	140	425	443	1325	407	412	395	412	631	1944	394	152	283	1035	524	834	956	409	2157	309	438	425	365	154	130	248	153	150	186	91	347	590	91	118	308	97	611	578	1606	205	993	840	2212	248	59	815	371	416	192	2010	1126	1321	2192	865	39	986	1221	1033	893	963	1085	356	196	395	351	2488	835	192	1176	390	2916	264	119	358	428	623	309	1480	357	1321	1126	212	631	79	412	1211	633	22	1036	242	1124	411	1192	1055	176	358	606	264	485	590	613	435	437	371	579	88	1731	222	392	248	412	33	210	996	412	1190	1028	402	955	102	641	401	150	193	396	474	1115	258	1136	202	198	102	582	864	221	118	2041	203	185	1014	522	194	400	669	312	404	113	214	413	292	237	863	422	721	606	474	193	1067	1707	1019	101	283	73	1374	606	330	283	840	170	432	501	402	308	823	189	1145	583	1117	358	413	404	352	2287	223	308	529	899
1062	0	3316	1886	868	2095	2214	1913	1140	1074	1268	1363	1164	1460	1160	1476	1185	939	924	1545	1093	1177	1015	2262	946	1017	1029	929	2031	862	2496	1657	1053	921	1533	1030	3514	1007	977	957	1509	1608	2185	929	1083	1261	449	1091	174	2227	1085	1066	962	1458	881	369	934	1263	1204	1913	1166	1702	719	931	525	898	1404	1082	1071	896	823	1164	819	726	721	1440	896	916	868	1526	2519	1887	779	929	2069	1078	1390	962	3518	1263	764	916	974	950	1038	956	2890	1078	2789	1054	1038	812	1362	1263	821	1082	2058	826	860	1459	359	1150	2664	955	906	1317	2787	965	941	1084	1476	724	726	1419	1383	974	1221	951	934	1116	1340	110	1264	321	142	1082	3191	1356	1092	1084	922	1150	940	1244	921	970	885	1093	945	1549	1106	1103	1066	977	1120	1172	2421	1020	2037	1887	3092	1244	1031	1876	1398	1423	1169	2849	2175	2214	3156	1913	1028	1983	2160	2056	1939	2016	1765	930	1257	1383	957	3543	1883	1169	2223	1399	3978	1264	959	735	1478	1127	1322	2531	724	2214	2175	1189	1221	1091	1020	2264	444	1042	2019	942	340	1419	155	2075	1158	941	1018	1264	865	628	1190	1069	1074	1398	1531	991	1289	948	816	1244	1419	1039	960	2026	974	2225	2032	825	2010	1089	1590	1440	911	1251	1064	602	239	1317	2182	1164	910	1089	1630	1911	897	1103	2894	1020	1220	1997	1253	1169	821	471	1068	1407	961	925	1395	1274	944	1785	1109	1769	1018	602	1251	2073	2683	1974	964	811	1083	2310	1018	1377	1340	1662	895	1081	1452	824	1066	1648	1251	2004	1531	2112	735	1422	1093	945	3328	949	1071	1251	1725
2257	3316	0	1497	2541	1311	1473	1468	2359	2427	2058	1997	2195	1957	2159	1888	2133	2429	2399	1825	2240	2322	2314	1158	2415	2312	2299	2397	1676	2551	1436	1661	2268	2443	1847	2374	1090	2390	2347	2369	1807	1977	1139	2392	2327	2163	2905	2315	3267	1204	2247	2289	2361	1893	2443	3653	2444	2188	2111	1474	2152	1849	2628	2606	3022	2421	2137	2273	2254	2423	2535	2195	2540	3959	2595	1913	2425	2449	2541	1799	1431	1493	2755	2392	1323	2253	1972	2361	1136	2179	2553	2448	2418	2407	2280	2412	1004	2329	547	2303	2281	2676	2192	2058	2537	2316	1359	2534	2554	1858	3022	2194	1018	2401	2459	2009	529	2351	2386	2319	1888	3397	2638	1962	2008	2418	2303	4142	2444	2231	1988	3279	2177	3085	3214	2314	825	1984	2318	2319	2443	2194	2384	2079	2404	2368	2440	2240	2416	1822	2209	2235	2290	2347	2395	2317	1607	2308	1375	1493	1373	2079	2285	1456	1962	1959	2153	1511	1235	1473	1356	1468	2289	1410	1391	1302	1384	1361	2233	2433	2065	2008	2407	257	1496	2153	1204	1977	683	2059	2367	2606	1866	2396	2000	940	2594	1473	1235	2169	2303	2239	2375	1054	2877	2276	1403	2422	3321	1961	3438	1292	2162	2424	2488	2059	2543	2758	2323	2339	2335	1962	1932	2334	3573	2410	2538	2079	1962	2278	2396	1319	2418	1257	1495	2535	1355	2246	1796	1913	2407	2074	2326	2730	3337	2009	1240	2195	2409	2246	1727	1474	2423	2235	1463	2307	2096	1420	2188	2153	2537	2914	2289	1976	2364	2398	2003	2054	2419	1820	2293	1549	2488	2730	2074	1318	1298	1488	2357	2528	2246	1312	2488	1964	1988	1880	2421	2327	1909	2535	2290	1884	2069	1854	1846	1306	2606	1957	2372	2418	757	2410	2285	2195	2005
839	1886	1497	0	1255	739	1137	28	1198	1243	750	794	724	460	808	410	724	957	1030	718	794	1174	972	376	1106	969	956	959	493	1266	1401	439	841	1133	749	1120	1667	1126	912	931	474	1084	393	1020	1092	996	1449	1080	1811	342	801	995	928	709	1075	2197	1149	1043	723	28	795	410	1170	1392	1705	1042	1109	984	820	1043	1202	724	1208	2579	1187	445	1049	1138	1255	394	1418	4	1261	1020	704	809	780	928	1678	1028	1153	1138	1141	940	863	1111	1482	1090	949	1011	859	1413	1149	643	1205	1071	177	1206	1269	487	1561	736	1251	935	1148	582	979	961	945	1079	410	2138	1172	475	518	1141	1183	2784	1149	770	557	1869	1024	1621	1768	1068	1318	532	1085	1079	1133	736	950	755	966	915	1002	794	1107	718	824	782	998	912	1233	1162	1471	963	154	4	1875	755	884	166	488	471	812	1764	289	1137	1400	28	877	692	974	619	446	136	911	1122	645	518	1103	1745	8	812	338	493	2122	740	929	1152	411	1241	691	644	1197	1137	289	699	1183	797	1113	568	1470	861	757	952	1962	474	2023	647	813	1118	1290	740	1255	1417	1186	1099	1097	488	440	898	2477	943	1201	755	475	868	930	572	1141	356	275	1205	142	796	739	445	985	646	1070	1284	1954	582	297	724	1026	796	257	25	1046	782	1769	962	730	746	1033	813	1205	1449	999	488	928	1029	511	755	950	434	1059	411	1290	1284	646	703	921	826	929	1075	805	1084	1290	511	557	1004	1009	1089	742	1205	997	993	655	663	742	766	1152	470	877	1111	1448	942	993	1043	629
486	868	2541	1255	0	1263	1347	1276	280	224	511	543	686	963	448	900	559	615	274	719	574	314	290	1609	149	292	305	473	1576	11	1628	903	504	125	700	170	2919	151	483	484	793	741	1456	285	222	400	639	232	902	1584	570	263	473	648	247	1237	106	397	543	1283	462	1250	541	192	480	286	538	277	528	289	115	686	112	1423	335	856	277	120	0	860	1650	1255	855	285	1241	562	569	473	2932	398	306	121	123	591	468	143	2029	218	2044	247	481	159	500	632	114	228	1430	106	14	768	733	640	1808	589	112	696	2023	354	488	226	900	887	586	887	876	123	361	1600	106	632	720	795	399	789	822	228	2559	764	231	226	124	640	465	502	472	539	460	573	148	722	452	599	261	483	270	307	1557	299	1408	1255	2224	502	426	1185	838	890	443	1984	1526	1347	2644	1276	450	1153	1302	1244	1162	1361	1559	135	636	876	151	2751	1249	443	1579	865	3219	518	485	517	866	279	573	1868	301	1347	1526	698	361	562	166	1491	454	465	1180	607	785	885	950	1259	442	137	189	518	3	240	330	208	213	838	1061	493	1249	592	127	502	887	453	592	1223	123	1610	1479	110	1346	581	755	856	415	644	215	512	817	696	1540	686	302	581	1011	1279	280	599	2027	301	527	1159	388	441	114	691	260	881	478	275	895	510	604	1345	252	1007	189	512	644	1246	2160	1124	457	508	555	1449	189	783	720	794	379	221	632	109	261	781	621	1630	700	1276	517	887	830	144	2678	595	266	385	1385
1096	2095	1311	739	1263	0	406	728	1056	1125	838	732	1121	1026	952	898	982	1325	1176	550	1116	1017	1082	792	1155	1079	1069	1241	1221	1272	662	515	1116	1182	565	1093	1948	1112	1194	1217	673	672	504	1172	1042	869	1734	1031	2081	807	1122	1031	1205	637	1216	2454	1175	887	943	744	950	1121	1480	1305	1738	1205	826	1015	1110	1207	1279	1121	1283	2686	1388	897	1206	1187	1263	737	680	734	1696	1172	36	1126	705	1205	1976	880	1341	1186	1142	1295	1114	1147	841	1045	888	1043	1121	1384	881	928	1280	1035	784	1276	1275	739	1852	1097	600	1289	1197	905	831	1150	1236	1037	898	2092	1503	979	1024	1142	995	2857	1175	1134	894	2040	878	1916	2014	1034	1560	919	1033	1037	1181	1097	1225	866	1248	1237	1280	1115	1156	546	1022	1122	1031	1194	1090	1014	736	1077	775	734	1174	866	1103	577	944	978	940	1033	766	406	1855	728	1117	112	240	121	299	694	1635	1172	940	1024	1145	1500	731	940	801	982	1994	846	1215	1452	842	1090	792	932	1378	406	766	1099	995	1110	1097	373	1652	1108	92	1316	2049	976	2199	94	953	1162	1187	846	1266	1494	1016	1055	1051	944	1068	1184	2268	1299	1284	866	979	1106	1285	167	1142	893	979	1277	665	1126	509	897	1231	956	1049	1556	2078	905	789	1121	1196	1126	784	739	1205	1122	1044	1077	911	109	890	939	1281	1759	1030	991	1209	1175	1032	829	1312	1165	1010	425	1187	1556	956	37	1444	187	1194	1379	1114	347	1187	908	894	573	1233	1043	643	1278	1031	576	936	1400	566	26	1452	973	1364	1157	1636	1300	1026	896	1352
1321	2214	1473	1137	1347	406	0	1128	1088	1158	1042	896	1398	1367	1155	1232	1227	1570	1341	735	1366	1048	1245	1192	1275	1243	1235	1458	1624	1353	306	835	1347	1298	733	1184	2265	1207	1416	1439	971	620	903	1340	1131	954	1910	1123	2230	1209	1370	1167	1424	833	1373	2582	1281	950	1180	1144	1159	1501	1685	1329	1786	1373	822	1151	1347	1377	1395	1398	1398	2727	1553	1220	1371	1302	1347	1062	328	1132	1942	1340	437	1371	872	1424	2297	950	1505	1302	1240	1537	1334	1263	697	1136	1166	1175	1346	1432	872	1193	1396	1132	1190	1390	1355	1035	2023	1363	509	1531	1311	1188	1082	1338	1457	1130	1232	2073	1717	1307	1348	1240	1011	2873	1281	1397	1183	2142	949	2086	2155	1133	1880	1220	1121	1130	1296	1363	1441	1073	1465	1471	1490	1364	1276	731	1235	1378	1166	1416	1114	1051	334	1243	1181	1132	894	1073	1311	972	1263	1307	1138	692	1170	0	2224	1128	1333	446	166	526	691	1100	2014	1290	1206	1348	1263	1611	1128	1138	1204	1305	2137	1056	1437	1656	1168	1111	1015	1304	1535	0	1170	1380	1011	1356	1194	746	1783	1328	381	1560	2105	1304	2296	501	1154	1278	1220	1056	1349	1587	1039	1144	1139	1263	1424	1409	2146	1541	1403	1073	1307	1322	1528	570	1240	1296	1384	1392	1070	1376	680	1220	1434	1225	1152	1739	2153	1188	1194	1398	1369	1376	1143	1139	1371	1378	720	1243	1139	393	960	1137	1397	1945	1163	1317	1429	1340	1359	1030	1556	1553	1106	776	1220	1739	1225	440	1834	332	1410	1591	1359	160	1220	1213	1183	553	1427	1133	821	1393	1166	566	1198	1800	738	382	1656	1302	1652	1275	1934	1542	1161	962	1733
865	1913	1468	28	1276	728	1128	0	1215	1261	770	810	751	489	830	438	749	985	1054	728	820	1190	995	349	1128	992	979	985	498	1288	1388	449	867	1155	759	1140	1644	1147	939	958	492	1091	367	1044	1111	1012	1476	1099	1839	316	828	1016	954	723	1099	2225	1170	1058	747	16	818	432	1198	1411	1729	1067	1120	1004	847	1067	1226	751	1232	2605	1213	472	1073	1160	1276	416	1406	25	1289	1044	693	835	795	954	1656	1044	1179	1160	1162	968	888	1132	1462	1110	921	1032	885	1434	1161	668	1228	1091	154	1229	1291	508	1589	763	1232	963	1170	607	951	986	972	1099	438	2161	1200	503	546	1162	1199	2809	1170	797	582	1895	1040	1649	1796	1087	1293	558	1104	1099	1155	763	976	775	993	942	1029	821	1129	728	848	809	1019	939	1250	1179	1461	986	131	25	1857	775	909	162	515	499	834	1749	262	1128	1383	0	902	685	964	607	437	108	929	1144	670	546	1125	1717	29	834	311	521	2093	760	956	1180	437	1258	710	618	1222	1128	262	726	1199	823	1133	545	1497	886	748	980	1987	502	2050	635	836	1140	1308	760	1277	1441	1202	1119	1117	515	467	925	2495	971	1224	775	503	893	957	560	1162	334	272	1228	114	823	747	472	1011	671	1090	1311	1980	607	271	751	1051	823	283	11	1071	809	1754	985	753	739	1048	835	1228	1477	1020	517	955	1053	539	774	977	452	1078	414	1308	1311	671	691	905	820	955	1102	832	1072	1308	537	582	1009	1035	1108	755	1228	1018	999	680	672	752	754	1180	499	905	1133	1422	970	1014	1059	649
589	1140	2359	1198	280	1056	1088	1215	0	71	465	408	785	1006	468	910	607	792	434	547	681	39	381	1520	291	381	387	642	1587	282	1360	790	615	296	521	175	2830	195	631	641	723	471	1327	442	151	208	913	158	1181	1502	679	284	627	507	435	1509	264	173	570	1225	483	1285	778	249	700	463	266	283	635	466	369	785	368	1646	583	867	455	297	280	819	1382	1196	1091	442	1039	674	427	627	2847	184	544	298	220	762	580	273	1780	157	1888	275	597	344	222	658	368	175	1365	360	284	723	1012	734	1567	758	301	713	1854	493	652	164	910	1037	822	922	926	220	81	1806	264	740	733	1060	187	1069	1101	179	2457	786	150	164	294	734	627	473	643	697	646	679	291	549	517	706	281	631	36	42	1281	388	1343	1196	1954	473	535	1096	866	925	451	1709	1444	1088	2598	1215	565	951	1060	1058	1010	1284	1665	295	667	926	280	2556	1191	451	1497	903	3042	481	641	750	859	43	517	1766	553	1088	1444	788	81	667	192	1329	734	576	967	783	1018	919	1211	1067	461	285	134	481	283	512	50	155	153	866	1105	635	1286	765	380	473	922	563	759	1045	220	1544	1450	364	1263	691	567	867	588	681	193	773	1065	713	1461	785	471	691	982	1219	457	706	1754	389	534	947	176	450	369	963	277	920	632	435	946	456	779	1377	168	877	134	773	681	1044	2119	897	608	721	662	1201	134	800	733	536	557	156	480	364	281	525	650	1673	524	1065	750	921	986	287	2566	767	281	167	1455
591	1074	2427	1243	224	1125	1158	1261	71	0	500	462	792	1028	487	939	624	778	417	610	684	110	378	1573	267	379	387	628	1619	224	1429	844	616	266	585	163	2884	176	622	630	769	540	1386	426	162	269	863	173	1120	1554	681	292	617	564	411	1443	231	239	591	1271	503	1311	745	179	628	443	336	295	637	446	324	792	323	1575	544	896	434	265	224	859	1451	1242	1059	426	1108	676	483	617	2901	248	508	266	193	749	580	249	1851	166	1952	280	596	273	290	681	323	186	1413	315	226	763	957	741	1638	746	267	739	1920	483	640	176	939	969	789	946	947	193	148	1735	231	744	760	992	251	1013	1038	190	2514	812	165	176	264	741	615	505	628	687	627	682	266	613	527	709	288	622	47	111	1348	386	1391	1242	2023	505	535	1148	891	949	473	1776	1496	1158	2644	1261	564	1020	1131	1125	1072	1334	1675	267	689	947	257	2625	1237	473	1548	926	3109	515	630	718	892	55	556	1822	512	1158	1496	797	148	670	179	1394	675	576	1037	769	946	943	1142	1135	481	259	62	515	227	448	119	160	160	891	1128	628	1234	751	336	505	946	563	747	1111	193	1592	1491	319	1314	694	633	896	572	702	198	730	994	739	1512	792	453	694	1021	1266	436	709	1821	388	559	1017	239	471	324	914	285	943	622	418	966	493	765	1404	190	935	62	730	702	1113	2163	968	598	695	665	1272	62	827	760	607	539	166	539	319	288	596	672	1699	587	1135	718	945	979	262	2624	754	290	232	1473
279	1268	2058	750	511	838	1042	770	465	500	0	161	401	552	115	446	205	531	343	308	336	450	256	1098	368	253	241	416	1122	523	1347	400	306	396	309	369	2409	376	373	396	281	585	950	338	343	292	896	331	1243	1074	339	248	382	210	387	1620	406	343	155	779	116	824	649	641	982	370	481	235	309	372	481	401	486	1902	552	405	372	402	511	360	1370	750	901	338	809	338	178	382	2423	328	506	401	393	497	292	369	1664	341	1546	264	303	666	496	216	483	321	924	481	525	264	1014	355	1428	491	412	259	1533	311	415	330	446	1399	677	467	480	393	472	2092	406	380	276	1223	324	1078	1179	318	2047	330	337	330	396	355	399	31	423	429	450	334	369	312	193	353	250	373	498	436	1326	250	901	750	1935	31	270	674	409	470	101	1730	1016	1042	2149	770	290	726	946	789	674	851	1237	385	229	480	363	2279	744	101	1069	450	2730	20	394	620	394	507	61	1357	544	1042	1016	393	472	324	363	1003	824	286	770	521	1267	465	1382	809	115	379	542	20	512	704	466	350	348	409	650	367	1728	501	482	31	467	279	489	758	393	1104	991	482	835	347	362	405	397	247	319	718	1279	259	1031	401	359	347	520	774	370	353	1762	249	107	748	328	101	483	922	251	468	386	343	499	14	516	915	311	509	542	718	247	812	1666	746	368	551	325	1100	542	342	276	568	396	340	221	482	250	552	213	1212	304	857	620	465	651	372	2166	502	245	338	1006
436	1363	1997	794	543	732	896	810	408	462	161	0	561	680	264	560	366	688	451	182	497	381	355	1112	424	353	344	565	1211	553	1199	382	463	451	171	377	2422	393	526	547	326	425	927	450	333	201	1020	321	1355	1094	500	299	532	105	489	1724	448	248	316	821	270	935	789	629	1024	483	345	282	469	486	547	561	551	1964	666	523	482	456	543	434	1222	793	1055	450	707	499	26	532	2439	233	618	456	420	654	445	417	1538	334	1504	311	458	682	371	368	548	319	958	545	556	342	1136	516	1306	649	466	398	1480	442	565	324	560	1414	821	597	617	420	388	2144	448	542	409	1308	229	1200	1286	318	2051	464	324	324	450	516	547	191	571	585	595	495	424	185	346	515	299	526	445	370	1171	352	937	793	1790	191	417	688	538	599	245	1579	1036	896	2192	810	441	620	812	703	621	876	1375	440	381	617	414	2208	787	245	1088	583	2676	180	546	760	498	451	168	1359	652	896	1036	552	388	485	378	949	920	439	656	678	1326	594	1467	718	261	431	516	180	545	766	392	344	340	538	774	520	1694	658	552	191	597	431	646	680	420	1136	1054	546	855	509	228	523	538	400	328	846	1349	398	1053	561	476	509	597	815	482	515	1613	352	269	634	238	243	549	1052	298	600	537	451	635	147	673	1022	298	475	516	846	400	711	1715	616	517	696	485	965	516	471	409	407	530	332	90	546	299	390	366	1319	168	748	760	594	812	426	2162	659	294	248	1132
202	1164	2195	724	686	1121	1398	751	785	792	401	561	0	306	330	313	197	234	413	673	111	785	415	1100	549	414	405	255	918	697	1704	607	182	566	684	629	2357	620	220	231	447	986	1055	401	634	668	725	627	1087	1063	116	501	234	581	447	1473	596	716	247	751	317	583	446	870	1053	406	872	501	158	405	592	0	598	1869	496	282	416	570	686	406	1726	726	581	401	1086	124	575	234	2364	702	474	569	615	216	218	563	1963	629	1653	512	205	839	879	205	595	610	894	599	699	382	837	51	1721	211	576	215	1666	332	240	621	313	1502	448	255	222	615	821	2081	596	56	228	1154	698	898	1044	606	2027	214	634	621	567	51	253	373	262	199	295	113	550	677	268	87	505	220	809	770	1701	407	873	726	2275	373	262	738	236	258	350	2090	1013	1398	2027	751	236	1018	1279	1040	878	857	883	558	192	222	554	2434	722	350	1060	234	2838	382	229	429	328	820	400	1368	514	1398	1013	25	821	124	614	1171	765	221	1075	229	1272	254	1305	1065	336	561	808	382	685	767	804	634	635	236	394	207	1927	219	585	373	255	234	205	997	615	1060	875	597	854	105	728	282	300	173	594	562	1251	215	1019	0	389	105	472	749	412	87	2116	405	294	1054	698	352	595	725	508	243	232	412	237	415	226	676	616	710	808	562	173	1088	1545	1077	244	354	131	1429	808	232	228	965	333	630	603	597	505	949	202	950	677	1145	429	258	256	555	2163	218	504	707	698
483	1460	1957	460	963	1026	1367	489	1006	1028	552	680	306	0	541	136	408	520	698	718	406	996	675	825	817	673	662	562	616	974	1664	531	472	839	740	874	2055	871	524	537	414	1086	834	687	866	845	1014	856	1371	785	413	739	539	650	737	1754	864	896	437	484	525	287	741	1136	1357	698	1024	734	447	697	881	306	887	2171	802	161	707	843	963	307	1684	463	801	687	989	421	682	539	2060	881	778	842	874	511	504	828	1848	862	1409	754	494	1121	1045	348	883	842	616	886	977	361	1121	338	1607	507	850	293	1436	618	547	852	136	1804	735	84	87	874	1023	2385	864	362	276	1456	877	1179	1335	838	1732	221	863	852	839	338	558	537	569	505	602	408	818	720	513	386	743	524	1035	982	1692	666	596	463	2201	537	540	525	143	82	555	2047	739	1367	1720	489	521	939	1225	923	741	597	698	829	339	87	819	2204	460	555	782	102	2580	533	535	727	203	1046	516	1089	820	1367	739	285	1023	415	862	982	1071	505	1004	518	1578	87	1605	951	547	829	1057	533	963	1069	1014	869	868	143	99	510	2212	513	875	537	84	516	501	875	874	770	572	884	601	404	765	161	604	327	831	861	1556	293	742	306	681	404	253	483	704	386	2064	665	471	986	881	557	883	1007	746	85	537	697	70	564	516	381	840	602	1057	861	327	989	1238	1034	547	655	424	1363	1057	210	276	1039	636	862	682	885	743	1023	356	671	732	1052	727	86	416	822	1871	512	740	891	454
172	1160	2159	808	448	952	1155	830	468	487	115	264	330	541	0	458	140	425	239	423	244	462	165	1168	299	162	149	302	1139	460	1460	498	201	325	423	335	2474	334	262	283	360	673	1040	233	325	337	781	315	1131	1141	246	200	269	325	285	1510	343	385	103	836	15	824	533	603	902	262	543	194	209	264	397	330	403	1807	441	414	265	330	448	413	1483	808	791	233	923	243	285	269	2486	371	396	330	342	391	181	305	1780	321	1641	215	194	608	548	193	399	301	984	399	463	325	899	280	1544	385	340	254	1632	198	302	311	458	1330	562	458	459	342	494	2001	343	297	277	1119	367	964	1068	297	2119	326	322	311	325	280	285	86	309	321	335	242	300	427	81	266	204	262	496	447	1435	157	962	808	2049	86	155	750	404	462	20	1842	1084	1155	2196	830	177	841	1062	901	778	919	1200	314	201	459	297	2383	802	20	1136	438	2827	106	282	505	419	507	162	1431	436	1155	1084	328	494	231	324	1105	718	175	886	414	1176	456	1279	921	6	311	517	106	449	617	481	327	327	404	640	256	1689	395	396	86	458	167	383	868	342	1164	1031	398	905	256	476	414	282	214	290	603	1182	254	1097	330	250	256	562	832	264	266	1874	156	78	864	368	22	399	807	206	455	274	238	479	126	410	918	300	609	517	603	214	926	1711	861	254	436	230	1215	517	343	277	667	281	320	334	399	203	651	184	1211	417	972	505	458	566	304	2242	396	201	376	987
443	1476	1888	410	900	898	1232	438	910	939	446	560	313	136	458	0	342	547	649	584	387	896	609	787	751	607	594	552	681	912	1530	396	440	775	607	793	2058	793	507	525	278	956	752	639	778	736	1038	767	1401	751	394	659	522	520	692	1787	797	787	358	438	443	377	760	1061	1323	655	905	651	418	655	830	313	836	2173	786	44	663	780	900	171	1551	412	870	639	862	402	559	522	2067	772	755	779	800	529	466	759	1727	774	1344	674	460	1060	930	267	832	754	582	834	914	229	1151	326	1487	525	788	204	1362	574	538	764	0	1765	762	82	130	800	919	2381	797	359	180	1461	768	1211	1357	750	1720	136	774	764	775	326	544	436	559	505	594	387	752	586	449	373	662	507	942	882	1557	600	561	412	2073	436	494	435	77	80	469	1914	700	1232	1751	438	482	808	1092	799	621	543	829	765	263	130	751	2130	408	469	747	92	2526	429	522	741	67	951	403	1055	798	1232	700	288	919	391	782	884	1066	465	872	542	1564	79	1614	827	464	763	974	429	900	1032	913	782	781	77	217	493	2146	533	826	436	82	474	519	753	800	752	585	833	541	388	630	44	583	258	746	874	1551	204	706	313	639	388	160	435	660	373	1933	599	382	854	773	471	832	1039	664	95	522	648	134	457	540	468	749	473	974	874	258	863	1266	900	526	665	400	1233	974	116	180	905	610	774	553	833	662	890	278	765	599	924	741	76	495	756	1854	532	659	783	574
124	1185	2133	724	559	982	1227	749	607	624	205	366	197	408	140	342	0	346	309	493	138	603	269	1095	412	267	255	266	1016	571	1533	488	137	434	500	467	2389	463	217	240	330	790	999	298	462	474	774	453	1135	1064	143	333	230	397	352	1520	458	523	50	753	125	694	505	728	985	318	675	329	128	319	488	197	494	1860	469	298	325	439	559	342	1555	725	719	298	950	145	381	230	2399	508	432	438	466	314	146	421	1821	458	1603	346	148	719	684	80	490	438	901	492	574	275	893	150	1582	308	447	142	1603	237	258	449	342	1424	524	328	323	466	635	2062	458	176	168	1156	505	957	1080	434	2042	205	460	449	435	150	252	176	274	254	308	137	412	496	107	152	336	217	635	588	1521	260	879	725	2113	176	160	693	278	332	158	1918	1009	1227	2092	749	157	874	1118	915	771	845	1059	424	80	323	412	2364	720	158	1060	307	2792	186	238	479	316	646	213	1362	475	1227	1009	191	635	129	454	1087	754	143	926	336	1239	326	1314	938	147	424	650	186	559	695	622	464	464	278	507	205	1808	318	484	176	328	147	304	877	466	1078	926	491	835	149	548	298	274	84	426	598	1234	142	1020	197	302	149	469	749	323	152	1947	259	97	904	506	160	490	790	339	323	233	307	343	219	332	788	439	599	650	598	84	952	1607	916	224	403	133	1271	650	225	168	772	291	458	415	491	336	756	68	1079	494	1004	479	328	446	417	2170	319	334	515	849
252	939	2429	957	615	1325	1570	985	792	778	531	688	234	520	425	547	346	0	361	834	209	804	416	1332	511	416	414	150	1107	624	1876	820	225	517	839	618	2575	602	169	153	659	1093	1289	351	643	734	494	639	854	1294	203	519	169	737	372	1240	552	774	390	984	418	772	220	808	892	336	944	527	222	333	503	234	508	1653	333	517	346	519	615	634	1898	959	373	351	1292	200	708	169	2580	763	331	518	585	34	244	528	2166	637	1888	524	230	746	937	397	505	622	1125	511	625	596	604	237	1926	39	520	431	1900	300	140	632	547	1340	215	483	444	585	847	1869	552	199	449	937	760	664	815	618	2252	445	646	632	519	237	165	499	149	104	154	210	512	838	343	203	522	169	807	790	1858	411	1104	959	2458	499	280	972	470	487	444	2260	1245	1570	2228	985	252	1218	1464	1252	1099	1091	965	513	387	444	520	2667	955	444	1291	464	3073	515	154	209	562	819	554	1599	362	1570	1245	260	847	216	601	1401	566	250	1271	10	1075	483	1084	1277	428	520	776	515	613	623	825	637	640	470	594	171	1804	30	492	499	483	260	41	1212	585	1287	1092	508	1088	199	889	517	206	372	601	342	1044	431	1250	234	325	199	707	982	343	203	2290	410	431	1250	757	446	504	492	526	470	163	360	456	544	14	860	637	928	776	342	372	1295	1750	1262	188	145	212	1617	776	464	449	1092	239	638	751	508	523	1076	389	1109	833	1348	209	487	219	516	2390	28	524	763	838
215	924	2399	1030	274	1176	1341	1054	434	417	343	451	413	698	239	649	309	361	0	630	301	449	96	1398	150	98	107	211	1314	284	1639	737	231	160	622	259	2697	241	212	216	599	792	1279	11	289	416	569	288	905	1368	296	184	204	538	45	1278	193	445	307	1059	248	984	363	462	676	33	617	197	255	37	182	413	188	1568	214	606	30	162	274	640	1662	1031	666	11	1148	289	477	204	2707	437	166	162	224	332	195	167	1990	282	1880	182	208	426	600	388	185	270	1207	188	286	559	684	368	1757	329	166	451	1871	80	223	280	649	1115	403	626	610	224	495	1764	193	358	477	880	435	748	838	267	2347	513	294	280	161	368	199	320	211	272	211	299	151	634	205	325	187	212	447	436	1596	99	1185	1031	2235	320	157	985	581	629	245	2014	1312	1341	2400	1054	178	1063	1263	1132	1017	1147	1286	154	389	610	159	2621	1025	245	1364	604	3067	340	216	334	625	459	399	1663	202	1341	1312	426	495	289	242	1344	480	194	1104	352	939	624	1040	1151	236	160	417	340	273	386	470	282	285	581	794	220	1516	335	177	320	626	182	331	1102	224	1385	1234	186	1136	307	679	606	155	391	248	398	943	451	1324	413	37	307	777	1055	30	325	2051	99	308	1082	428	245	185	604	190	618	209	1	629	350	348	1079	290	849	417	398	391	1152	1915	1068	186	291	282	1416	417	533	477	813	123	284	537	186	187	798	376	1361	619	1193	334	627	566	155	2473	337	190	433	1111
586	1545	1825	718	719	550	735	728	547	610	308	182	673	718	423	584	493	834	630	0	631	513	535	996	605	533	523	725	1176	728	1041	279	611	632	30	550	2295	567	681	704	309	380	783	628	502	341	1196	490	1536	984	636	480	690	98	669	1906	627	374	445	742	425	937	956	785	1198	661	394	464	612	664	728	673	733	2142	845	557	661	637	719	425	1063	716	1207	628	525	637	155	690	2314	363	797	636	596	801	600	598	1360	504	1342	493	610	850	439	468	730	492	866	726	731	356	1313	635	1127	796	647	476	1312	614	723	494	584	1576	985	641	672	596	506	2319	627	666	477	1490	359	1377	1467	490	1918	525	492	494	631	635	707	339	731	735	759	630	605	3	501	645	481	681	583	506	1028	531	846	716	1626	339	579	585	587	642	407	1425	927	735	2093	728	599	438	638	525	462	776	1413	622	481	672	595	2032	710	407	978	632	2505	321	702	928	517	587	280	1230	832	735	927	658	506	621	552	784	1102	594	474	825	1504	638	1649	539	422	612	669	321	721	946	519	514	510	587	800	674	1823	805	733	339	641	588	793	505	596	1038	991	727	752	642	55	557	705	501	503	1020	1530	476	946	673	653	642	570	736	660	645	1455	531	403	452	371	406	731	1226	479	648	695	630	688	297	820	1016	468	341	669	1020	501	529	1625	439	676	860	624	792	669	525	477	321	701	501	93	728	480	306	471	1306	24	566	928	637	930	607	2022	807	476	379	1152
92	1093	2240	794	574	1116	1366	820	681	684	336	497	111	406	244	387	138	209	301	631	0	683	306	1170	438	305	296	165	1022	585	1672	614	70	455	638	521	2444	511	120	137	453	916	1101	290	530	579	665	522	1028	1136	7	396	135	535	336	1415	485	624	186	822	234	689	388	759	950	295	787	398	47	294	481	111	487	1786	400	348	305	458	574	440	1694	795	581	290	1083	15	514	135	2452	611	373	458	505	178	107	452	1957	524	1704	406	93	727	789	190	484	506	968	488	587	392	781	68	1717	172	464	231	1710	220	151	517	387	1398	401	343	319	505	721	1994	485	59	252	1074	608	844	979	502	2107	262	530	517	456	68	157	305	172	128	208	1	439	635	170	25	400	120	703	668	1659	298	946	795	2252	305	151	787	311	347	265	2057	1083	1366	2124	820	124	1009	1257	1045	894	923	992	447	180	319	443	2475	791	265	1132	321	2892	318	135	366	384	715	351	1438	415	1366	1083	125	721	14	505	1202	678	110	1062	200	1179	342	1229	1069	249	450	699	318	574	662	703	528	529	311	499	106	1816	182	475	305	343	123	168	1005	505	1139	965	486	917	11	687	348	198	167	489	493	1164	231	1091	111	279	11	537	819	302	25	2086	296	230	1041	607	267	484	674	404	333	135	300	336	350	195	782	514	723	699	493	167	1086	1641	1054	141	288	19	1409	699	284	252	904	229	525	552	486	400	888	181	1060	632	1139	366	345	321	443	2240	183	399	615	810
592	1177	2322	1174	314	1017	1048	1190	39	110	450	381	785	996	462	896	603	804	449	513	683	0	389	1492	311	389	394	653	1571	317	1321	761	620	320	487	194	2800	215	640	651	701	432	1295	457	160	179	943	164	1216	1475	682	289	637	478	454	1547	289	139	564	1201	477	1273	800	288	739	479	228	285	638	483	397	785	398	1686	608	854	472	321	314	800	1344	1173	1111	457	1001	677	399	637	2818	151	567	321	244	773	585	294	1740	167	1853	281	602	383	185	649	397	182	1339	390	320	704	1043	734	1527	769	326	702	1818	503	663	171	896	1075	842	912	918	244	48	1845	289	742	722	1099	155	1101	1136	186	2427	775	157	171	318	734	639	460	655	706	660	681	311	516	517	708	285	640	72	14	1244	395	1318	1173	1916	460	541	1069	855	915	445	1672	1417	1048	2573	1190	571	913	1020	1021	976	1257	1662	317	659	918	300	2518	1167	445	1469	893	3005	467	651	772	844	74	499	1736	579	1048	1417	787	48	669	211	1294	768	580	929	794	1057	909	1249	1030	456	307	173	467	317	549	20	167	164	855	1095	643	1314	776	409	460	912	567	769	1009	244	1518	1429	393	1236	694	531	854	601	674	202	800	1104	702	1434	785	486	694	963	1195	474	708	1716	396	525	909	145	443	398	992	281	911	642	450	938	440	790	1364	170	846	173	800	674	1006	2095	858	617	738	665	1162	173	789	722	496	572	165	449	393	285	485	642	1661	490	1026	772	910	993	308	2534	778	285	135	1447
213	1015	2314	972	290	1082	1245	995	381	378	256	355	415	675	165	609	269	416	96	535	306	389	0	1334	142	2	16	267	1286	302	1544	655	237	165	527	215	2639	205	250	263	524	703	1202	95	229	329	665	224	1000	1306	303	103	248	444	134	1372	189	363	253	1001	177	962	452	460	736	128	536	112	259	131	231	415	237	1647	310	565	127	170	290	578	1567	972	746	95	1055	297	382	248	2651	353	262	169	200	384	201	152	1894	223	1801	108	217	450	524	342	233	207	1149	234	304	491	781	365	1662	380	178	406	1789	116	275	217	609	1166	489	597	589	200	431	1839	189	366	430	967	351	844	932	203	2284	473	232	217	165	365	251	236	270	317	280	304	143	539	163	331	106	250	400	374	1502	9	1126	972	2139	236	156	916	548	601	165	1919	1250	1245	2356	995	185	970	1167	1041	931	1084	1298	155	346	589	143	2535	967	165	1302	576	2986	256	262	422	577	412	315	1597	296	1245	1250	423	431	292	199	1260	571	197	1009	406	1013	595	1127	1059	160	154	393	256	290	452	410	225	228	548	774	254	1538	387	231	236	597	184	381	1012	200	1328	1190	233	1071	315	583	565	219	353	187	493	1023	406	1262	415	125	315	724	997	126	331	1956	10	242	987	346	165	234	700	110	592	253	96	609	261	402	1057	220	765	393	493	353	1058	1871	972	228	371	286	1320	393	492	430	720	197	224	442	233	106	704	331	1345	523	1099	422	598	604	147	2407	389	108	351	1107
1213	2262	1158	376	1609	792	1192	349	1520	1573	1098	1112	1100	825	1168	787	1095	1332	1398	996	1170	1492	1334	0	1463	1331	1318	1335	567	1620	1399	730	1216	1490	1026	1464	1312	1473	1288	1308	816	1320	288	1389	1430	1312	1825	1418	2187	46	1178	1346	1304	1014	1443	2572	1503	1355	1090	349	1157	690	1547	1732	2070	1412	1389	1333	1196	1413	1565	1100	1571	2954	1562	822	1418	1496	1609	757	1412	374	1625	1389	768	1185	1093	1304	1327	1341	1527	1495	1491	1316	1237	1466	1347	1430	615	1362	1234	1764	1436	1015	1568	1412	209	1568	1623	843	1937	1112	1144	1311	1506	955	671	1332	1322	1419	787	2496	1548	849	890	1491	1494	3157	1503	1146	930	2245	1338	1997	2145	1409	950	908	1423	1419	1490	1112	1326	1107	1343	1292	1378	1171	1464	995	1192	1159	1348	1288	1557	1482	1507	1325	229	374	1775	1107	1256	425	864	845	1170	1719	87	1192	1104	349	1250	799	1027	681	581	250	1108	1479	1017	890	1459	1413	379	1170	46	868	1758	1090	1305	1529	786	1563	1036	268	1570	1192	87	1075	1494	1173	1459	462	1846	1235	850	1328	2334	848	2400	701	1173	1474	1624	1090	1610	1783	1501	1440	1437	864	785	1274	2806	1319	1564	1107	849	1241	1306	650	1491	127	345	1567	263	1173	1000	822	1361	1020	1413	1661	2329	955	83	1100	1396	1173	633	351	1416	1159	1711	1324	1092	849	1347	1171	1568	1824	1349	862	1304	1397	881	1100	1325	666	1396	655	1624	1661	1020	764	658	943	1305	1452	1182	1092	1624	887	930	1227	1383	1428	1044	1568	1348	1221	1027	761	1021	814	1529	845	1239	1467	1075	1318	1344	1357	858
347	946	2415	1106	149	1155	1275	1128	291	267	368	424	549	817	299	751	412	511	150	605	438	311	142	1463	0	144	156	362	1428	161	1567	766	367	28	590	117	2772	96	361	367	648	694	1318	161	160	323	649	163	954	1437	434	126	354	525	144	1311	47	338	394	1135	313	1104	488	321	613	175	504	142	391	179	123	549	127	1543	301	707	166	33	149	712	1589	1107	800	161	1131	427	450	354	2784	334	257	33	73	483	331	17	1944	154	1911	112	346	309	478	483	125	149	1283	121	163	621	756	501	1718	480	43	547	1893	223	374	155	751	1032	531	740	731	73	359	1728	47	497	571	885	333	817	880	147	2414	615	168	155	27	501	350	356	362	423	360	436	0	608	305	463	125	361	299	299	1509	151	1260	1107	2164	356	287	1041	690	743	294	1933	1380	1275	2495	1128	314	1043	1215	1126	1032	1215	1430	17	488	731	12	2630	1101	294	1432	718	3091	374	367	460	716	311	430	1724	274	1275	1380	559	359	425	100	1362	508	328	1076	502	905	738	1044	1142	293	12	266	374	149	342	331	149	154	690	916	368	1396	485	130	356	740	315	482	1102	73	1463	1329	122	1200	446	646	707	305	495	127	494	926	547	1394	549	186	446	862	1131	169	463	1973	152	377	1054	324	293	125	693	126	734	359	151	750	369	498	1199	174	872	266	494	495	1135	2010	1028	335	430	418	1365	266	634	571	731	272	156	514	122	126	716	473	1487	588	1170	460	740	717	5	2534	488	130	326	1245
212	1017	2312	969	292	1079	1243	992	381	379	253	353	414	673	162	607	267	416	98	533	305	389	2	1331	144	0	13	267	1283	304	1542	652	236	167	524	216	2636	206	250	263	522	702	1200	97	230	328	667	225	1003	1304	302	103	248	442	136	1374	191	362	251	998	174	960	453	462	739	130	535	111	258	133	234	414	240	1650	312	563	129	172	292	575	1565	970	747	97	1052	296	379	248	2648	352	264	172	202	384	200	154	1892	224	1798	108	216	452	523	339	236	207	1146	236	307	488	783	364	1659	380	181	403	1786	117	275	218	607	1168	491	595	587	202	431	1841	191	364	428	969	350	846	935	203	2282	471	232	218	168	364	251	234	270	317	281	303	145	537	160	330	106	250	401	375	1500	7	1124	970	2137	234	155	913	545	599	162	1917	1247	1243	2353	992	184	967	1165	1038	928	1081	1297	157	343	587	145	2532	964	162	1299	574	2983	253	262	424	574	413	312	1594	299	1243	1247	421	431	291	200	1257	573	196	1006	406	1016	593	1129	1057	157	156	394	253	292	455	410	226	228	545	772	253	1540	387	233	234	595	183	381	1009	202	1326	1187	236	1068	314	581	563	220	351	188	495	1026	403	1260	414	126	314	721	994	129	330	1954	8	239	984	345	162	237	702	110	590	253	98	607	258	402	1055	220	762	394	495	351	1056	1868	970	228	372	285	1318	394	490	428	719	198	225	439	236	106	703	328	1343	521	1097	424	595	604	149	2405	389	107	351	1105
204	1029	2299	956	305	1069	1235	979	387	387	241	344	405	662	149	594	255	414	107	523	296	394	16	1318	156	13	0	266	1271	317	1535	640	229	180	515	224	2623	215	247	260	508	698	1186	105	235	326	676	229	1012	1290	294	105	245	431	147	1385	203	362	238	985	161	949	458	474	752	138	534	112	250	141	247	405	253	1662	321	550	138	185	305	562	1558	956	749	105	1041	288	370	245	2635	352	274	184	213	382	193	166	1882	229	1785	112	209	465	524	327	250	212	1133	250	319	475	791	355	1650	378	194	390	1773	117	274	223	594	1182	495	583	576	213	435	1854	203	356	415	981	349	855	945	208	2268	458	237	223	181	355	250	221	269	314	282	295	157	527	149	322	109	247	407	379	1495	8	1110	956	2130	221	148	899	533	587	149	1911	1234	1235	2340	979	178	957	1156	1027	916	1068	1288	170	331	576	157	2520	951	149	1286	562	2970	241	259	428	561	419	299	1581	309	1235	1234	412	435	283	209	1245	585	189	996	404	1029	581	1141	1046	144	168	404	241	305	468	414	232	234	533	761	249	1553	385	247	221	583	176	378	997	213	1312	1174	249	1055	306	572	550	221	339	193	503	1038	390	1246	405	133	306	708	981	137	322	1947	8	226	974	345	149	250	709	113	578	251	107	595	246	400	1043	224	750	404	503	339	1045	1855	961	226	375	277	1309	404	477	415	714	201	230	429	249	109	698	316	1332	512	1086	428	583	599	161	2391	387	109	350	1095
145	929	2397	959	473	1241	1458	985	642	628	416	565	255	562	302	552	266	150	211	725	165	653	267	1335	362	267	266	0	1173	483	1763	754	128	370	725	468	2608	452	49	27	596	956	1259	201	493	591	508	489	870	1301	157	370	36	627	227	1256	404	628	298	987	299	837	239	666	799	189	800	379	143	186	365	255	371	1621	240	514	198	371	473	598	1785	960	491	201	1209	150	587	36	2615	617	220	371	435	121	127	379	2076	486	1863	374	119	613	790	338	368	471	1133	374	484	540	626	227	1838	118	374	389	1867	150	16	482	552	1249	262	505	476	435	697	1830	404	200	412	909	615	690	818	468	2272	427	496	482	371	227	17	385	7	67	43	164	363	729	223	179	374	49	656	639	1736	262	1111	960	2351	385	147	948	475	509	320	2144	1248	1458	2283	985	126	1131	1362	1178	1038	1087	1089	365	331	476	370	2629	956	320	1297	483	3052	403	29	213	549	668	451	1603	259	1458	1248	277	697	161	451	1353	514	132	1180	141	1017	504	1064	1201	304	371	628	403	472	516	674	487	490	475	650	62	1689	123	356	385	505	136	120	1142	435	1304	1127	371	1081	163	779	514	58	323	450	333	999	389	1256	255	176	163	702	984	196	179	2177	262	329	1158	611	321	367	524	378	494	33	210	492	428	137	929	487	865	628	333	323	1212	1800	1161	48	138	153	1516	628	448	412	962	94	488	637	371	374	945	327	1197	720	1262	213	507	357	367	2405	125	375	617	936
1099	2031	1676	493	1576	1221	1624	498	1587	1619	1122	1211	918	616	1139	681	1016	1107	1314	1176	1022	1571	1286	567	1428	1283	1271	1173	0	1587	1876	906	1088	1451	1205	1474	1508	1473	1138	1150	887	1554	784	1303	1458	1403	1582	1447	1920	524	1029	1340	1153	1145	1354	2289	1474	1453	1037	481	1124	336	1325	1741	1972	1315	1549	1332	1064	1314	1497	918	1503	2754	1413	724	1323	1455	1576	777	1893	497	1295	1303	1188	1037	1204	1153	1506	1438	1392	1454	1480	1105	1121	1437	1896	1455	1156	1355	1111	1735	1582	946	1499	1435	450	1502	1590	870	1677	954	1680	1102	1463	884	1227	1235	1157	1445	681	2420	1309	689	704	1480	1590	2973	1474	975	861	2041	1434	1728	1898	1431	1234	813	1454	1445	1451	954	1171	1115	1179	1112	1211	1024	1429	1177	1123	1002	1343	1138	1620	1557	1957	1276	453	497	2312	1115	1156	659	737	685	1150	2227	525	1624	1124	498	1138	1183	1459	1099	935	530	556	1441	941	704	1428	1934	501	1150	526	711	2211	1106	1148	1316	727	1629	1071	736	1433	1624	525	899	1590	1032	1463	978	1672	1121	1246	1107	2181	691	2182	1127	1145	1440	1655	1106	1575	1685	1586	1463	1462	737	523	1125	2824	1107	1491	1115	689	1132	1097	1054	1480	443	247	1500	558	1019	1206	724	1218	932	1427	1448	2151	884	507	918	1298	1019	615	487	1320	1002	2227	1275	1063	1237	1440	1152	1499	1563	1345	695	1151	1313	686	1130	1107	247	1429	899	1655	1448	932	1185	656	1318	1162	1250	1040	1560	1655	796	861	1480	1251	1454	1180	1501	1343	1468	956	195	1198	1247	1316	688	938	1433	1386	1105	1340	1450	357
497	862	2551	1266	11	1272	1353	1288	282	224	523	553	697	974	460	912	571	624	284	728	585	317	302	1620	161	304	317	483	1587	0	1633	914	514	136	709	179	2930	161	493	494	804	745	1467	296	230	408	639	240	898	1595	580	274	483	658	257	1232	117	403	555	1295	474	1262	547	184	470	297	542	288	539	299	123	697	119	1414	340	868	287	132	11	871	1656	1266	860	296	1250	573	579	483	2943	405	313	132	134	600	479	155	2036	226	2054	258	492	148	503	644	121	237	1442	113	2	780	733	651	1816	598	124	708	2033	365	498	235	912	876	592	898	888	134	363	1590	117	643	732	789	406	788	818	238	2570	776	240	235	136	651	474	513	481	549	469	584	160	732	464	610	272	493	271	311	1561	311	1419	1266	2229	513	437	1197	849	902	454	1988	1538	1353	2656	1288	461	1162	1309	1254	1172	1373	1569	146	648	888	163	2760	1261	454	1590	877	3229	530	495	523	877	280	584	1880	306	1353	1538	709	363	573	176	1502	451	476	1189	616	776	896	943	1268	454	149	186	530	11	234	333	217	221	849	1072	503	1237	602	134	513	898	464	601	1233	134	1622	1490	117	1357	592	764	868	425	655	225	515	809	708	1552	697	312	592	1023	1290	290	610	2032	312	538	1168	395	453	121	692	272	892	488	285	907	521	613	1356	261	1018	186	515	655	1255	2171	1132	467	515	566	1456	186	795	732	800	388	229	642	117	273	787	633	1642	709	1285	523	899	839	156	2689	604	277	391	1396
