NAME : VRPTW_INSTANCE_184.txt
COMMENT : Bangkok Supermarket
TYPE : VRPTW
DIMENSION : 267
DAYS : Monday
EDGE_WEIGHT_TYPE : EXPLICIT
VEHICLES : 35
EDGE_WEIGHT_FORMAT : FULL_MATRIX
CAPACITY : 1000
EDGE_WEIGHT_SECTION
0	258	216	424	1083	481	39	202	417	1010	170	438	404	118	1250	1096	83	284	1800	3252	521	499	438	1213	696	366	254	1028	38	1221	1492	1190	1602	554	124	1617	330	60	300	349	1032	25	438	713	631	815	236	1137	154	1170	1234	215	155	479	2764	101	835	344	29	1076	307	893	206	1531	192	820	608	1820	255	393	1266	288	1120	17	192	1022	464	1136	370	314	362	1293	328	155	193	1802	488	283	2678	132	395	133	207	582	428	426	1022	215	1123	3235	203	1088	239	254	908	343	2255	651	215	477	135	976	208	1482	227	620	402	418	1078	916	353	418	196	1606	388	304	1994	1076	1210	133	314	1115	985	927	130	464	853	1460	1137	1078	97	210	154	641	975	404	142	1704	1016	118	255	1189	217	307	517	240	979	502	309	189	441	172	582	784	286	28	2212	322	212	362	1016	976	46	583	382	239	941	529	412	172	631	189	185	104	202	912	189	964	696	248	1391	23	1902	484	669	351	501	466	1092	400	989	304	214	587	201	996	543	367	300	284	395	2070	1606	103	79	1036	713	60	464	103	384	33	600	213	154	3233	1055	314	368	363	1733	1247	300	413	39	582	412	737	930	474	295	135	535	78	885	907	1126	233	1763	1798	1883	1440	1221	1315	204	910	1056	240	401	935	1113	1727	308	611	2068	1727	957
258	0	51	235	1321	337	219	449	671	1268	132	304	662	362	1011	1224	197	529	1890	3436	466	258	309	1449	534	148	7	1282	219	1307	1749	1436	1618	296	238	1479	581	201	551	155	1182	247	306	958	466	1037	359	1260	406	1418	1480	139	283	237	2929	211	1081	145	270	1218	417	1147	52	1786	297	1078	692	1994	448	137	1516	203	1378	243	70	826	692	1375	158	124	158	1535	431	373	67	1894	536	526	2876	128	653	126	57	827	674	243	828	139	1332	3490	147	1334	409	372	1080	109	2449	830	139	237	366	1137	56	1684	351	419	501	245	1316	1087	583	245	438	1631	189	297	2056	1218	1467	126	196	1240	1100	1105	218	692	595	1246	1260	1316	238	54	406	391	1218	228	386	1616	1258	362	448	1445	51	298	402	41	794	261	561	426	307	292	827	561	388	229	2319	193	464	166	1140	1137	294	649	184	360	1061	465	221	292	466	426	361	212	449	999	426	1201	615	372	1143	249	1647	579	777	153	584	214	841	216	1204	216	328	681	438	1240	627	151	551	529	653	2316	1631	348	201	1185	639	198	692	344	633	224	648	141	406	3488	1226	124	149	158	1991	1505	551	160	219	661	221	915	704	362	212	124	468	330	1142	735	1364	285	1581	2015	1659	1575	1307	1540	60	652	1190	41	147	1050	966	1933	215	411	2290	1933	1084
216	51	0	238	1271	328	178	413	624	1225	122	291	619	325	1062	1177	149	481	1848	3386	439	286	295	1399	579	161	44	1235	178	1265	1704	1386	1586	343	217	1523	534	156	504	156	1134	208	293	909	466	986	347	1214	368	1370	1431	95	232	266	2880	185	1032	148	231	1170	368	1108	34	1739	247	1036	648	1944	397	177	1480	171	1335	202	24	875	641	1325	168	164	164	1485	383	323	23	1852	495	478	2825	83	611	82	8	778	626	244	877	95	1281	3444	101	1285	389	361	1030	159	2398	780	95	265	317	1088	8	1633	338	431	454	242	1266	1037	533	242	389	1597	235	308	2018	1170	1426	82	172	1193	1055	1054	198	641	638	1296	1214	1266	211	5	368	426	1168	226	339	1654	1208	325	397	1405	2	309	387	25	842	289	514	377	294	241	778	612	381	188	2276	172	426	211	1094	1088	255	607	230	348	1015	440	225	241	466	377	310	162	413	956	377	1151	596	322	1192	210	1695	533	731	156	539	264	877	217	1153	186	278	636	389	1191	582	199	504	481	611	2266	1597	311	153	1137	619	157	641	308	585	183	658	97	368	3441	1176	164	163	165	1946	1461	504	197	178	617	225	865	755	396	233	80	444	291	1101	782	1314	282	1629	1964	1710	1529	1265	1490	11	695	1142	25	185	1004	1010	1882	186	460	2239	1882	1038
424	235	238	0	1372	115	393	627	781	1403	360	101	799	542	1024	1138	342	633	1756	3383	290	138	110	1495	692	90	231	1379	393	1181	1857	1501	1435	299	454	1622	692	365	664	82	1119	425	104	1036	230	1070	586	1168	577	1494	1546	209	353	131	2856	421	1156	91	447	1145	407	1303	270	1877	340	1218	600	1940	504	180	1682	160	1508	416	259	926	753	1428	79	337	77	1590	410	471	259	1762	437	627	2845	304	798	305	246	908	768	12	930	209	1335	3579	222	1404	626	600	1046	289	2414	819	209	126	478	1088	246	1670	577	196	456	26	1368	1051	658	26	547	1453	372	533	1899	1145	1612	305	124	1150	1007	1075	436	753	509	1302	1168	1368	446	243	577	270	1282	26	509	1793	1321	542	504	1594	236	533	190	216	909	138	674	531	103	350	908	638	620	401	2195	113	635	360	1053	1088	469	547	371	587	973	283	13	350	230	531	427	331	627	886	531	1254	404	391	1124	426	1587	515	698	83	507	290	699	23	1221	151	360	600	541	1308	544	332	664	633	798	2373	1453	527	346	1121	431	374	753	526	737	396	883	211	577	3577	1184	337	90	77	2100	1624	664	163	393	567	13	897	764	568	444	304	283	503	1283	869	1414	519	1676	2017	1691	1487	1181	1564	247	570	1111	216	166	958	1112	1920	146	544	2299	1920	1003
1083	1321	1271	1372	0	1343	1120	969	677	523	1253	1311	731	1028	2331	755	1124	798	1343	2273	1214	1499	1304	131	1761	1368	1315	266	1120	995	604	148	1520	1609	1179	2619	756	1128	785	1336	636	1103	1309	374	1458	310	1192	795	981	182	190	1211	1045	1484	1865	1174	262	1338	1085	685	966	646	1275	558	1044	546	907	958	880	1438	842	1217	509	1100	1251	2096	629	55	1365	1397	1353	217	965	947	1253	1334	1012	800	1666	1195	760	1198	1264	502	656	1366	2096	1211	277	2220	1198	112	1127	1202	521	1420	1271	596	1211	1481	956	575	1264	534	1191	1520	937	1351	5	526	737	1351	887	1486	1471	1336	1622	685	660	1198	1254	777	793	489	1195	629	1879	2541	795	5	1157	1266	981	1641	121	1346	941	2624	84	1028	880	677	1271	1340	1315	1289	2048	1501	777	897	1312	1042	502	1867	1230	1110	1603	1266	944	1445	760	575	1065	956	1465	1195	769	1230	1368	1042	1458	897	965	1108	969	894	897	119	1321	983	2463	1101	2955	911	824	1341	934	1535	2061	1355	235	1223	1019	883	885	115	920	1449	785	798	760	1000	1486	1036	1120	641	1312	1138	629	1042	702	1114	1455	1208	981	2218	523	1397	1371	1354	822	494	785	1450	1120	927	1368	552	2013	1529	1365	1200	1237	1036	547	1970	44	1257	2818	755	2966	878	995	269	1260	1939	718	1289	1440	787	2148	728	1228	1692	1002	728	736
481	337	328	115	1343	0	456	678	791	1417	450	42	823	598	1108	1051	398	647	1650	3301	187	232	45	1461	807	202	332	1371	456	1080	1852	1477	1320	402	534	1735	706	427	680	183	1041	488	43	1023	150	1035	670	1078	627	1474	1522	270	376	232	2768	499	1141	193	507	1063	382	1329	363	1863	353	1235	520	1860	501	296	1711	193	1517	476	345	1034	740	1398	191	447	185	1560	379	492	346	1657	362	639	2771	378	827	380	335	901	771	104	1038	270	1283	3559	280	1383	702	685	981	402	2341	769	271	227	506	1015	334	1608	661	177	408	96	1339	985	656	96	568	1339	487	634	1788	1063	1629	380	168	1061	918	1012	519	740	569	1398	1078	1339	521	332	627	333	1259	111	538	1909	1297	598	501	1613	326	635	75	310	1019	230	691	551	40	367	901	744	708	463	2091	163	682	474	966	1015	527	465	485	672	887	177	127	367	150	551	438	379	678	791	551	1226	288	383	1196	488	1638	452	621	187	438	404	718	126	1176	176	364	525	560	1286	470	446	680	647	827	2340	1339	584	401	1043	315	440	740	584	745	458	985	271	627	3557	1114	447	203	185	2095	1626	680	278	456	488	127	841	865	682	549	379	175	557	1301	982	1382	611	1779	1960	1777	1396	1080	1520	335	628	1026	310	281	871	1225	1858	172	659	2244	1858	919
39	219	178	393	1120	456	0	236	456	1048	133	414	443	149	1212	1117	61	321	1816	3283	510	463	415	1250	664	331	215	1067	0	1236	1531	1229	1607	515	109	1590	369	29	339	316	1057	32	415	751	605	850	236	1158	190	1208	1272	187	160	442	2792	78	873	311	53	1099	318	930	167	1570	196	859	620	1849	281	355	1302	265	1159	24	154	987	499	1174	336	276	329	1331	338	185	155	1819	492	320	2710	95	433	95	169	620	466	396	988	187	1156	3274	176	1126	250	253	936	304	2287	679	186	441	168	1002	170	1515	227	590	413	389	1115	944	388	389	233	1612	351	284	2007	1099	1248	95	288	1136	1004	955	109	499	815	1424	1158	1115	84	173	190	604	1013	374	178	1684	1054	149	281	1226	180	287	497	203	945	466	348	224	417	177	620	746	284	10	2231	295	248	324	1037	1002	77	591	345	239	961	516	381	177	605	224	205	91	236	926	224	1001	683	259	1352	33	1863	496	685	318	511	427	1055	370	1023	282	221	600	236	1034	554	329	339	321	433	2108	1612	135	59	1061	701	21	499	133	422	6	595	186	190	3272	1082	276	333	330	1773	1286	339	375	0	593	381	765	893	445	265	97	522	113	923	875	1164	218	1731	1833	1846	1463	1236	1351	166	871	1078	203	363	954	1084	1760	285	575	2103	1760	978
202	449	413	627	969	678	236	0	294	826	333	635	243	87	1400	1121	284	221	1844	3196	694	699	634	1100	794	568	447	875	236	1279	1322	1060	1704	738	233	1664	232	262	211	552	1039	205	635	595	828	738	224	1167	51	1031	1101	417	316	679	2730	244	709	547	182	1089	424	698	397	1373	350	636	698	1783	310	586	1067	485	939	212	389	1132	406	1019	572	474	565	1169	446	230	390	1844	615	228	2607	331	222	331	404	472	328	628	1131	417	1055	3070	405	956	166	235	896	516	2192	646	417	677	204	973	405	1417	222	823	507	620	964	905	311	620	192	1701	539	368	2058	1089	1020	331	514	1143	1027	907	253	406	1043	1580	1167	964	220	408	51	839	853	606	174	1710	894	87	310	997	415	371	708	438	1081	702	214	202	638	330	472	925	266	227	2237	522	25	515	1049	973	158	688	534	227	981	704	615	330	828	202	294	299	0	980	202	854	869	373	1551	203	2073	579	734	554	603	644	1290	603	916	501	358	671	205	871	640	529	211	221	222	1932	1701	101	281	1044	883	257	406	105	281	232	547	416	51	3067	1037	474	570	566	1561	1072	211	609	236	680	615	727	1070	562	410	333	711	123	699	1001	1013	290	1849	1710	2010	1450	1279	1219	401	1098	1077	438	596	979	1181	1653	505	741	1969	1653	989
417	671	624	781	677	791	456	294	0	625	585	751	95	351	1667	896	474	147	1623	2905	734	887	746	808	1084	750	666	611	456	1086	1082	775	1558	967	504	1958	90	470	119	723	798	435	750	302	934	447	519	944	304	752	818	586	427	869	2447	501	421	722	415	853	428	548	621	1115	442	445	592	1502	292	800	930	620	727	434	601	1420	162	728	750	730	740	881	441	310	603	1621	581	153	2313	542	128	544	616	177	55	778	1419	586	765	2820	572	672	458	530	643	761	1900	419	585	866	308	726	616	1125	517	962	465	765	672	652	151	765	236	1547	803	659	1857	853	838	544	657	920	824	648	520	162	1258	1865	944	672	483	619	304	1033	563	755	284	1992	604	351	292	823	625	663	793	645	1371	889	110	251	753	431	177	1197	560	446	1995	668	269	777	835	726	393	606	797	522	779	748	773	431	934	251	355	467	294	813	251	560	894	410	1809	433	2318	503	587	728	532	883	1478	759	624	631	427	561	240	583	553	784	119	147	128	1654	1547	360	470	804	900	476	162	366	47	450	820	583	304	2817	776	730	753	741	1324	843	119	817	456	586	773	487	1343	852	689	546	756	361	510	1293	721	580	2143	1415	2292	1203	1086	924	612	1316	849	645	806	782	1476	1360	637	1019	1675	1360	777
1010	1268	1225	1403	523	1417	1048	826	625	0	1159	1377	607	910	2215	1198	1080	771	1850	2708	1349	1502	1372	599	1577	1366	1264	257	1048	1434	515	481	1958	1562	1059	2323	712	1069	739	1342	1076	1020	1376	468	1559	626	1011	1245	863	418	497	1202	1050	1483	2348	1070	412	1340	998	1132	1048	175	1215	601	1067	189	1137	1471	917	1403	354	1244	116	1024	1202	1915	706	531	1367	1300	1357	585	1058	932	1203	1842	1176	778	2089	1142	614	1143	1217	547	649	1401	1913	1202	788	2256	1189	420	938	1013	925	1342	1729	853	1202	1481	925	1002	1218	1045	1013	1587	1067	1389	519	933	766	1389	856	1931	1364	1165	2123	1132	216	1143	1280	1223	1193	904	1079	706	1863	2365	1245	519	1046	1220	863	1647	441	1379	897	2268	453	910	917	208	1227	1168	1417	1249	1857	1505	729	872	1379	1055	547	1740	1029	1038	2126	1291	807	1341	1177	1002	974	1170	1358	1012	1157	1364	1395	1055	1559	872	980	1080	826	1251	872	503	1500	1035	2372	1019	2899	1083	1091	1346	1112	1470	2097	1381	694	1256	1053	1107	862	425	1120	1356	739	771	614	1200	1931	923	1076	1082	1501	1070	706	928	671	1043	1156	1200	863	2253	985	1300	1368	1358	744	260	739	1423	1048	1144	1395	862	1882	1353	1228	1145	1372	937	127	1770	545	1096	2576	1189	2797	1385	1434	761	1214	1920	1154	1249	1411	1170	1902	1204	1261	1553	1381	1204	1135
170	132	122	360	1253	450	133	333	585	1159	0	412	562	249	1082	1233	153	454	1922	3414	550	390	416	1383	533	278	133	1193	134	1339	1651	1360	1684	405	108	1466	499	133	469	277	1179	149	414	883	588	984	228	1273	297	1338	1403	196	267	369	2919	89	1004	269	169	1220	423	1031	89	1695	295	970	720	1977	410	263	1396	282	1272	152	106	854	633	1306	286	145	284	1463	441	318	104	1925	577	453	2843	99	548	95	115	752	598	366	854	196	1289	3397	194	1257	277	241	1063	182	2419	807	196	369	302	1127	115	1648	219	549	516	365	1248	1071	522	365	367	1693	218	194	2103	1220	1354	95	289	1251	1116	1084	87	633	711	1290	1273	1248	114	118	297	520	1144	348	312	1575	1185	249	410	1330	124	196	507	143	812	393	478	358	415	281	752	614	260	143	2343	291	352	192	1151	1127	192	684	212	229	1074	553	346	281	588	358	329	184	333	1029	358	1134	712	368	1225	152	1742	599	793	276	609	310	967	338	1157	298	324	703	370	1166	653	200	469	454	548	2239	1693	236	155	1183	734	118	633	231	553	140	540	197	297	3394	1210	145	279	284	1891	1403	469	289	133	690	346	894	760	322	141	95	557	226	1033	743	1297	160	1599	1967	1713	1582	1339	1485	115	765	1196	143	276	1066	958	1893	299	441	2237	1893	1094
438	304	291	101	1311	42	414	635	751	1377	412	0	781	555	1117	1042	356	606	1655	3290	189	233	9	1431	790	178	298	1335	414	1081	1815	1444	1337	399	494	1723	666	385	639	153	1027	446	2	987	193	1005	630	1070	584	1441	1490	229	334	229	2760	458	1106	164	464	1052	348	1288	326	1828	311	1195	507	1848	463	277	1669	150	1478	434	306	1028	704	1367	167	418	159	1529	346	451	307	1661	345	599	2756	337	785	340	297	864	732	89	1031	229	1259	3526	238	1350	661	645	961	376	2325	744	229	224	464	999	297	1588	621	212	380	76	1308	966	618	76	527	1354	462	598	1798	1052	1589	340	127	1053	910	992	479	704	587	1401	1070	1308	480	295	584	349	1226	87	496	1890	1264	555	463	1573	289	599	98	274	1011	232	650	510	2	326	864	739	669	421	2094	122	639	448	957	999	484	452	460	632	877	182	109	326	193	510	397	336	635	786	510	1194	313	345	1211	446	1661	430	606	158	419	391	749	104	1149	134	324	509	519	1253	453	421	639	606	785	2310	1354	541	359	1029	339	398	704	541	706	415	949	230	584	3524	1097	418	179	159	2058	1588	639	263	414	474	109	818	864	655	516	338	182	514	1260	970	1352	573	1776	1938	1785	1389	1081	1493	297	647	1016	274	264	862	1212	1838	130	644	2221	1838	908
404	662	619	799	731	823	443	243	95	607	562	781	0	316	1640	991	472	183	1718	2979	785	895	777	862	1036	758	658	633	443	1180	1088	818	1650	959	470	1890	128	462	147	735	893	417	780	360	969	527	462	1039	267	788	859	595	448	875	2529	475	470	732	395	948	480	506	611	1133	470	419	674	1585	340	797	888	642	716	420	595	1375	256	780	760	707	750	927	496	330	597	1716	648	192	2383	535	34	536	610	250	150	797	1374	595	843	2834	581	714	396	471	736	744	1973	515	595	873	320	820	611	1201	461	987	530	786	726	746	225	786	254	1639	776	610	1952	948	813	536	676	1015	919	740	489	256	1257	1824	1039	726	453	614	267	1039	614	775	290	1914	654	316	340	794	620	614	833	642	1324	897	137	271	783	455	250	1166	498	433	2088	687	219	751	930	820	372	684	770	465	874	798	790	455	969	271	386	472	243	906	271	620	952	452	1787	415	2305	577	676	738	606	869	1489	776	702	654	461	643	262	630	631	762	147	183	34	1689	1639	327	468	898	959	464	256	332	124	438	740	593	267	2831	868	707	761	751	1329	842	147	816	443	666	790	582	1311	805	652	539	806	336	485	1243	775	533	2088	1479	2253	1296	1180	988	607	1314	944	642	804	876	1416	1431	660	983	1733	1431	872
118	362	325	542	1028	598	149	87	351	910	249	555	316	0	1324	1122	201	245	1839	3234	627	612	554	1159	733	481	359	949	149	1267	1402	1126	1673	652	154	1625	274	176	247	466	1048	117	555	654	748	781	190	1166	48	1100	1168	333	250	591	2759	160	772	460	95	1096	379	785	309	1450	286	720	669	1813	285	499	1155	405	1022	126	301	1068	436	1079	485	392	478	1232	400	190	302	1840	569	248	2651	244	300	244	316	526	375	544	1068	333	1095	3149	322	1022	157	205	912	432	2232	657	333	590	162	986	317	1457	184	738	469	536	1023	921	330	536	183	1673	460	312	2045	1096	1106	244	432	1143	1021	927	173	436	956	1514	1166	1023	137	320	48	751	915	522	142	1688	956	0	285	1083	327	315	632	350	1020	615	253	186	558	266	526	850	239	140	2241	440	103	435	1047	986	72	652	454	193	976	636	530	266	748	186	246	219	87	962	186	911	802	323	1471	116	1991	546	716	468	567	559	1203	518	958	421	300	644	194	934	607	447	247	245	300	2001	1673	14	197	1052	818	170	436	17	327	146	545	332	48	3147	1057	392	483	479	1642	1154	247	521	149	647	530	741	996	502	339	246	642	41	784	943	1072	232	1795	1760	1942	1459	1267	1272	314	1011	1080	350	509	972	1133	1697	425	669	2024	1697	987
1250	1011	1062	1024	2331	1108	1212	1400	1667	2215	1082	1117	1640	1324	0	2160	1206	1534	2734	4408	1294	886	1127	2460	664	992	1017	2273	1213	2179	2721	2441	2327	737	1169	913	1581	1202	1551	1028	2143	1232	1120	1964	1088	2049	1204	2186	1372	2420	2485	1132	1293	893	3877	1166	2086	1023	1251	2169	1406	2068	1056	2773	1301	2028	1624	2964	1459	905	2398	1149	2331	1233	1081	388	1703	2385	999	937	1012	2543	1415	1384	1078	2742	1461	1532	3867	1135	1622	1133	1068	1833	1678	1034	395	1132	2338	4469	1144	2339	1277	1203	2065	910	3437	1828	1132	898	1374	2111	1068	2684	1202	980	1472	1050	2326	2071	1594	1050	1444	2359	864	1051	2835	2169	2392	1133	1117	2170	2027	2093	1150	1703	568	335	2186	2326	1186	1066	1372	778	2225	1047	1390	1231	2266	1324	1459	2364	1062	1048	1174	1045	454	886	1560	1433	1118	1299	1833	475	1189	1222	3179	1106	1422	890	2074	2111	1273	1570	870	1203	1994	1282	1021	1299	1088	1433	1371	1224	1400	1898	1433	2211	1333	1371	184	1234	721	1537	1722	1022	1531	798	658	1033	2214	1150	1330	1624	1445	2247	1568	883	1551	1534	1622	3321	2359	1313	1210	2145	1361	1193	1703	1307	1635	1218	1177	1134	1372	4466	2206	937	990	1011	2958	2469	1551	900	1212	1591	1021	1909	334	868	990	1131	1279	1307	2088	534	2374	1119	767	3022	668	2505	2179	2552	1072	520	2133	1045	907	1979	621	2934	1145	662	3299	2934	2026
1096	1224	1177	1138	755	1051	1117	1121	896	1198	1233	1042	991	1122	2160	0	1081	900	727	2251	867	1275	1033	792	1756	1185	1216	979	1116	240	1352	893	767	1435	1220	2699	908	1105	918	1149	122	1122	1039	772	1097	577	1311	49	1097	937	925	1085	966	1270	1718	1194	788	1156	1116	70	812	1250	1201	1280	940	1122	539	816	843	1284	1550	1037	1227	1111	1170	2045	737	789	1176	1341	1164	901	795	945	1172	726	703	894	1738	1139	1024	1143	1175	784	842	1127	2047	1085	504	2799	1077	862	1276	1327	278	1333	1310	479	1085	1265	970	196	1175	663	1304	1196	723	1112	756	269	812	1112	940	736	1413	1400	965	70	1382	1143	1062	25	134	295	1225	737	1614	2440	49	756	1194	1176	1097	1384	777	1116	982	2800	784	1122	843	1391	1176	1403	988	1183	2017	1275	919	936	1041	952	784	1765	1361	1112	1118	1072	1099	1389	85	196	1110	591	1408	1314	165	880	1142	952	1097	936	911	1049	1121	276	936	711	873	866	2245	1119	2655	644	447	1156	643	1403	1702	1132	525	1031	909	545	928	802	601	1376	918	900	1024	1543	736	1121	1079	117	851	1124	737	1127	877	1111	1666	1083	1097	2799	233	1341	1187	1165	1550	1243	918	1281	1117	572	1142	409	1899	1556	1375	1144	884	1102	1160	1960	766	1328	2800	1022	2828	351	240	736	1172	1671	47	1183	1277	180	2187	888	1035	1635	1301	888	140
83	197	149	342	1124	398	61	284	474	1080	153	356	472	201	1206	1081	0	331	1773	3264	448	423	356	1253	685	288	192	1086	60	1191	1555	1238	1553	493	164	1620	384	33	354	268	1026	90	356	760	548	845	296	1120	235	1220	1282	132	114	403	2767	129	883	264	108	1066	272	968	150	1589	145	891	572	1826	261	326	1344	205	1188	78	128	1000	497	1178	291	280	282	1337	292	177	130	1776	439	328	2696	71	466	74	142	629	476	343	1001	132	1145	3294	121	1136	312	313	911	296	2270	656	132	401	168	974	142	1501	287	538	367	335	1119	918	387	335	240	1559	356	329	1959	1066	1284	74	231	1099	965	932	159	497	786	1431	1120	1119	142	144	235	567	1020	321	189	1724	1061	201	261	1263	150	331	437	171	961	426	364	228	358	129	629	748	343	65	2192	239	293	330	999	974	129	541	351	299	922	455	330	129	548	228	177	34	284	881	228	1004	621	216	1340	90	1844	450	643	271	463	412	1018	318	1015	222	174	555	240	1043	506	328	354	331	466	2118	1559	186	4	1029	640	52	497	186	436	60	652	131	235	3292	1057	280	290	283	1797	1313	354	344	61	544	330	742	894	475	294	75	461	161	956	894	1167	270	1749	1826	1849	1429	1191	1348	138	843	1043	171	332	914	1111	1748	226	584	2099	1748	941
284	529	481	633	798	647	321	221	147	771	454	606	183	245	1534	900	331	0	1625	2989	601	740	601	929	971	603	524	755	321	1066	1228	908	1509	824	386	1870	59	331	36	576	817	305	605	430	791	537	432	947	207	889	951	439	279	722	2515	377	552	575	287	868	297	684	481	1258	295	588	513	1568	157	656	1067	473	874	301	459	1302	191	852	603	598	592	1009	313	163	462	1625	469	9	2407	401	197	403	473	299	145	630	1302	439	851	2963	425	805	384	445	674	624	1987	424	438	719	163	752	474	1212	427	815	352	618	794	683	89	618	91	1503	672	556	1845	868	983	403	509	923	810	686	400	191	1112	1743	947	794	362	476	207	886	691	608	143	1928	732	245	157	966	482	559	652	502	1257	742	45	104	608	284	299	1068	479	311	2016	520	199	646	830	751	268	515	666	435	765	615	625	284	791	104	209	322	221	774	104	680	768	270	1671	302	2176	406	532	580	434	743	1330	612	714	484	283	483	93	713	463	650	36	0	197	1788	1503	249	327	822	776	340	191	256	105	315	769	436	207	2961	817	598	606	594	1471	991	36	672	321	500	625	505	1214	743	571	405	623	242	654	1182	842	476	2037	1519	2167	1228	1066	1033	470	1171	856	502	661	763	1377	1454	490	894	1786	1454	770
1800	1890	1848	1756	1343	1650	1816	1844	1623	1850	1922	1655	1718	1839	2734	727	1773	1625	0	1844	1465	1882	1645	1321	2423	1821	1882	1604	1815	582	1862	1445	557	2053	1923	3368	1634	1800	1644	1787	827	1825	1652	1472	1646	1267	2024	679	1817	1505	1462	1752	1659	1883	1261	1894	1462	1796	1823	771	1500	1933	1876	1752	1628	1809	1202	716	1554	1923	2185	1690	1852	1813	1845	2683	1465	1356	1810	2013	1799	1403	1481	1655	1847	17	1353	1618	1487	1823	1751	1827	1847	1503	1569	1744	2686	1752	1067	2957	1747	1456	1995	2040	989	1993	1133	1206	1753	1877	1682	903	1848	952	2017	1755	1406	1730	1346	979	1538	1730	1658	501	2078	2100	285	771	2004	1827	1708	704	817	994	1925	1465	2167	3041	679	1346	1897	1847	1817	1963	1409	1739	1696	3497	1401	1839	1554	2020	1847	2103	1577	1848	2664	1881	1646	1653	1653	1643	1503	2394	2075	1812	445	1715	1823	2056	794	903	1819	1241	2074	2027	863	1474	1763	1643	1646	1653	1614	1740	1844	893	1653	1346	1401	1558	2787	1823	3120	1323	1131	1793	1312	2041	2180	1756	1157	1680	1599	1218	1646	1426	1268	2039	1644	1625	1751	1782	501	1836	1772	822	1373	1820	1465	1841	1605	1811	2384	1751	1817	2958	882	2013	1822	1800	2006	1829	1644	1914	1816	1232	1763	1136	2515	2241	2063	1828	1475	1815	1837	2617	1335	2033	3430	1175	3396	466	582	1193	1845	2218	773	1848	1913	867	2854	1026	1683	2289	1374	1026	854
3252	3436	3386	3383	2273	3301	3283	3196	2905	2708	3414	3290	2979	3234	4408	2251	3264	2989	1844	0	3118	3521	3280	2153	3948	3421	3429	2482	3282	2276	2341	2244	2399	3676	3369	4859	2965	3280	2989	3385	2264	3277	3287	2622	3346	2457	3418	2228	3194	2300	2219	3301	3157	3514	585	3353	2528	3391	3265	2238	3020	2872	3403	2198	3139	2800	2783	1444	3003	3516	2882	3267	2629	3270	3373	4261	2798	2236	3414	3542	3401	2131	3007	3098	3376	1829	2946	2986	620	3331	3011	3334	3382	2729	2867	3373	4263	3301	2140	2091	3291	2333	3362	3430	2355	3546	1005	2608	3301	3509	3117	2301	3382	1779	3414	3447	2943	3357	2278	2349	2906	3357	3062	2344	3617	3544	1933	2238	2717	3334	3297	2242	2385	2332	3380	2798	3865	4677	2228	2278	3344	3383	3194	3635	2394	3360	3115	4891	2357	3234	3003	2751	3386	3548	3240	3396	4225	3521	2984	3066	3289	3146	2729	3994	3462	3275	1470	3307	3170	3592	2336	2301	3251	2837	3612	3421	2415	3131	3386	3146	3346	3066	3086	3237	3196	2520	3066	2370	3115	3064	4496	3275	4894	2873	2685	3392	2878	3632	3940	3375	2280	3264	3108	2783	3055	2387	2839	3585	2989	2989	3011	1696	2344	3239	3261	2262	3090	3296	2798	3245	2915	3277	3717	3298	3194	2096	2210	3542	3423	3402	2280	2509	2989	3517	3283	2816	3386	2522	4133	3726	3548	3336	3135	3229	2783	4158	2233	3466	5013	1525	5075	1916	2276	2004	3379	3923	2275	3396	3511	2431	4365	1549	3268	3845	1336	1549	2382
521	466	439	290	1214	187	510	694	734	1349	550	189	785	627	1294	867	448	601	1465	3118	0	418	180	1326	975	362	459	1272	509	893	1752	1354	1155	587	608	1912	658	481	637	332	862	537	186	923	249	903	744	892	643	1358	1399	353	378	417	2582	572	1034	342	550	882	305	1282	473	1751	343	1176	346	1679	444	464	1664	268	1441	523	447	1217	647	1269	351	588	341	1429	292	474	449	1472	202	593	2594	458	797	461	443	811	702	278	1221	353	1128	3434	356	1265	759	761	814	553	2163	623	353	412	496	842	442	1441	735	333	286	265	1210	818	585	265	542	1170	640	743	1609	882	1565	461	270	876	733	847	598	647	747	1585	892	1210	589	441	643	517	1141	275	529	2073	1176	627	444	1552	437	745	121	429	1200	417	647	525	187	363	811	928	789	513	1905	273	691	623	782	842	564	289	637	746	703	16	299	363	249	525	410	419	694	604	525	1101	175	335	1378	536	1805	303	447	338	282	579	867	292	1030	253	338	355	530	1169	305	599	637	601	797	2202	1170	615	450	864	191	499	647	617	687	508	1088	352	643	3433	942	588	363	342	1993	1539	637	451	510	315	299	688	1051	827	673	461	23	586	1241	1158	1251	704	1965	1797	1963	1210	893	1371	441	806	844	429	452	687	1400	1689	253	832	2082	1689	737
499	258	286	138	1499	232	463	699	887	1502	390	233	895	612	886	1275	423	740	1882	3521	418	0	242	1623	598	136	258	1493	463	1312	1968	1625	1542	171	496	1510	797	438	768	165	1257	494	236	1155	283	1200	615	1303	653	1615	1670	301	463	21	2993	469	1276	165	517	1283	538	1392	307	1994	457	1314	738	2078	623	134	1766	282	1610	487	310	803	874	1555	136	313	148	1717	543	576	309	1889	575	735	2983	367	890	368	295	1025	880	148	807	301	1470	3698	315	1527	667	626	1183	255	2552	955	301	21	579	1226	295	1807	606	195	592	164	1495	1189	775	164	651	1563	320	528	2017	1283	1707	368	245	1286	1143	1213	476	874	379	1168	1303	1495	495	292	653	145	1405	162	606	1697	1445	612	623	1686	284	528	305	261	791	3	778	636	234	463	1025	513	639	473	2323	234	711	318	1189	1226	541	684	320	615	1109	409	137	463	283	636	541	422	699	1019	636	1380	504	516	987	495	1456	653	836	160	645	197	594	149	1354	277	481	738	647	1431	682	286	768	740	890	2500	1563	597	427	1259	533	442	874	595	845	467	866	303	653	3697	1322	313	134	146	2212	1731	768	106	463	705	137	1033	633	515	431	366	407	577	1379	759	1541	535	1547	2153	1553	1622	1312	1697	298	439	1248	261	118	1095	1004	2057	272	444	2434	2057	1140
438	309	295	110	1304	45	415	634	746	1372	416	9	777	554	1127	1033	356	601	1645	3280	180	242	0	1423	798	186	303	1328	414	1071	1809	1437	1329	409	496	1732	661	385	635	160	1017	446	6	981	195	997	632	1061	583	1433	1482	230	331	239	2750	460	1099	171	464	1042	341	1284	330	1821	307	1190	497	1838	457	286	1665	150	1472	434	309	1037	697	1359	175	424	166	1522	338	447	311	1651	336	594	2746	339	781	341	301	858	727	98	1041	230	1250	3519	239	1342	662	647	952	383	2316	735	231	234	460	989	300	1578	623	218	371	85	1300	956	612	85	523	1346	470	603	1789	1042	1584	341	128	1044	900	982	481	697	596	1410	1061	1300	482	298	583	358	1219	95	493	1898	1257	554	457	1568	293	604	92	279	1020	242	645	506	8	322	858	749	671	421	2084	125	638	455	947	989	484	443	467	634	867	173	118	322	195	506	393	335	634	777	506	1187	306	339	1220	446	1670	421	597	165	409	399	757	113	1140	133	319	499	515	1246	444	428	635	601	781	2302	1346	541	359	1019	332	399	697	540	700	415	953	231	583	3517	1087	424	187	167	2052	1582	635	272	415	464	118	809	874	662	521	340	173	514	1256	979	1344	576	1786	1929	1795	1379	1071	1484	301	657	1006	279	273	852	1221	1828	129	653	2212	1828	898
1213	1449	1399	1495	131	1461	1250	1100	808	599	1383	1431	862	1159	2460	792	1253	929	1321	2153	1326	1623	1423	0	1892	1493	1443	345	1250	1027	563	127	1545	1736	1310	2749	887	1258	916	1460	681	1234	1429	505	1572	425	1323	828	1112	191	142	1337	1172	1609	1759	1305	392	1463	1216	722	1087	740	1404	489	1170	652	1008	873	1006	1565	888	1341	561	1231	1379	2227	757	83	1490	1527	1478	112	1086	1076	1382	1310	1123	930	1543	1324	890	1327	1392	633	786	1488	2227	1337	288	2110	1324	184	1258	1333	590	1550	1155	703	1337	1605	1086	629	1393	447	1322	1637	1053	1473	136	594	866	1473	1017	1507	1601	1467	1604	722	702	1327	1378	813	849	555	1326	757	2002	2671	828	136	1288	1395	1112	1764	249	1468	1071	2749	209	1159	1006	724	1399	1471	1430	1417	2179	1625	908	1027	1431	1168	633	1997	1360	1240	1549	1389	1075	1575	811	629	1196	1060	1596	1326	832	1342	1491	1168	1572	1027	1092	1236	1100	963	1027	249	1425	1107	2591	1231	3079	1022	921	1466	1044	1663	2180	1478	309	1346	1144	987	1015	237	1028	1579	916	929	890	879	1507	1167	1249	685	1414	1268	757	1173	833	1244	1582	1335	1112	2109	560	1527	1496	1479	758	511	916	1576	1250	1031	1491	650	2143	1661	1496	1329	1349	1166	644	2101	87	1388	2950	630	3096	861	1027	162	1389	2063	761	1417	1567	851	2279	615	1352	1823	872	615	795
696	534	579	692	1761	807	664	794	1084	1577	533	790	1036	733	664	1756	685	971	2423	3948	975	598	798	1892	0	613	542	1663	665	1841	2090	1854	2127	442	585	945	1007	667	979	643	1709	672	793	1386	881	1509	576	1793	779	1824	1896	673	796	588	3452	597	1503	633	686	1747	945	1421	555	2155	819	1395	1227	2511	944	512	1738	733	1693	679	586	340	1158	1812	624	415	634	1963	961	850	584	2428	1071	972	3374	621	1013	617	581	1260	1108	704	338	673	1819	3834	680	1750	647	571	1597	429	2951	1341	673	592	831	1659	581	2179	576	786	1033	715	1756	1604	1048	715	890	2144	345	426	2583	1747	1743	617	717	1773	1634	1618	571	1158	614	790	1793	1756	609	580	779	608	1646	702	836	1101	1688	733	944	1713	580	422	883	576	287	601	986	885	792	808	1260	238	550	672	2854	710	818	368	1673	1659	703	1184	349	574	1594	971	681	808	881	885	862	714	794	1534	885	1644	1094	894	840	674	1382	1113	1310	637	1118	404	889	685	1684	743	849	1215	896	1665	1162	384	979	971	1013	2724	2144	725	688	1712	1122	651	1158	719	1060	671	518	675	779	3831	1743	415	612	633	2322	1835	979	529	664	1195	681	1427	338	231	401	616	972	729	1451	211	1805	504	1067	2491	1222	2107	1841	2004	584	632	1721	576	526	1584	431	2423	741	154	2756	2423	1616
366	148	161	90	1368	202	331	568	750	1366	278	178	758	481	992	1185	288	603	1821	3421	362	136	186	1493	613	0	146	1357	331	1242	1832	1492	1515	255	378	1550	660	305	631	36	1157	363	181	1020	319	1072	506	1217	521	1481	1537	164	327	118	2901	347	1142	31	385	1187	415	1257	189	1858	324	1178	645	1977	489	102	1632	157	1473	355	184	864	741	1424	11	246	21	1585	422	440	184	1826	482	598	2874	237	754	238	170	890	744	100	868	164	1349	3563	178	1393	551	519	1073	199	2445	836	164	116	442	1120	169	1692	497	271	479	106	1364	1079	640	106	514	1531	284	444	1971	1187	1571	238	124	1198	1055	1101	359	741	512	1257	1217	1364	373	166	521	282	1273	92	469	1712	1312	481	489	1551	159	444	275	137	843	139	641	499	181	328	890	581	536	341	2257	114	579	271	1099	1120	409	595	282	507	1019	358	77	328	319	499	406	286	568	941	499	1249	490	387	1105	364	1586	548	739	29	544	220	730	76	1229	157	349	640	510	1297	584	243	631	603	754	2369	1531	466	292	1160	516	311	741	464	708	335	793	167	521	3561	1215	246	2	20	2075	1594	631	95	331	612	77	917	714	479	354	236	359	444	1243	797	1410	434	1618	2033	1655	1535	1242	1572	172	571	1154	137	92	1006	1038	1942	153	470	2313	1942	1047
254	7	44	231	1315	332	215	447	666	1264	133	298	658	359	1017	1216	192	524	1882	3429	459	258	303	1443	542	146	0	1277	215	1300	1745	1430	1611	301	238	1487	576	196	546	151	1174	244	300	953	462	1031	361	1252	403	1413	1474	131	276	237	2921	210	1075	141	266	1210	409	1144	50	1781	290	1074	684	1986	441	139	1514	196	1374	239	64	833	686	1369	155	131	154	1529	423	367	62	1886	529	521	2869	123	649	122	50	821	669	239	835	131	1325	3486	139	1328	409	374	1073	117	2441	823	131	237	361	1129	50	1677	352	417	493	240	1310	1079	577	240	433	1623	196	302	2049	1210	1464	122	189	1232	1093	1097	218	686	599	1253	1252	1310	237	48	403	393	1212	224	381	1624	1252	359	441	1441	44	303	396	33	801	261	556	420	301	285	821	568	390	226	2311	186	461	174	1132	1129	291	641	192	362	1053	459	218	285	462	420	354	206	447	991	420	1195	609	364	1148	245	1652	572	769	149	576	220	843	212	1197	209	320	673	432	1235	619	159	546	524	649	2310	1623	345	196	1177	633	194	686	342	628	220	653	133	403	3483	1218	131	147	154	1987	1501	546	162	215	653	218	908	711	369	218	120	462	327	1139	743	1358	288	1588	2008	1666	1568	1300	1534	54	655	1182	33	149	1042	973	1926	208	419	2283	1926	1076
1028	1282	1235	1379	266	1371	1067	875	611	257	1193	1335	633	949	2273	979	1086	755	1604	2482	1272	1493	1328	345	1663	1357	1277	0	1067	1218	481	238	1745	1579	1103	2472	701	1082	731	1328	857	1044	1333	349	1502	433	1086	1023	900	182	264	1193	1030	1476	2103	1106	242	1328	1023	910	989	395	1232	503	1038	320	1010	1215	875	1411	581	1218	250	1045	1213	2003	631	274	1356	1338	1345	350	994	918	1215	1595	1082	759	1866	1154	653	1156	1227	470	613	1374	2002	1193	537	2208	1179	163	1016	1092	717	1371	1492	703	1193	1473	919	786	1228	790	1087	1547	985	1361	262	724	720	1361	846	1715	1408	1239	1880	910	405	1156	1255	1003	992	691	1122	631	1868	2453	1023	262	1086	1230	900	1639	201	1352	896	2446	203	949	875	417	1236	1242	1357	1257	1950	1495	721	860	1336	1031	470	1799	1116	1057	1870	1267	852	1383	968	786	1000	1051	1403	1089	961	1288	1372	1031	1502	860	952	1077	875	1070	860	267	1405	990	2418	1042	2930	982	947	1333	1009	1494	2078	1358	458	1227	1018	982	848	179	1007	1393	731	755	653	1061	1715	960	1081	862	1401	1088	631	965	650	1061	1297	1191	900	2206	755	1338	1359	1346	723	281	731	1427	1067	1023	1372	690	1945	1433	1285	1158	1296	966	302	1866	288	1163	2699	957	2884	1138	1218	507	1224	1927	937	1257	1416	976	2023	958	1233	1616	1171	958	933
38	219	178	393	1120	456	0	236	456	1048	134	414	443	149	1213	1116	60	321	1815	3282	509	463	414	1250	665	331	215	1067	0	1235	1531	1228	1606	515	110	1591	368	29	338	316	1056	32	414	751	605	849	237	1157	190	1208	1272	187	159	442	2791	79	873	311	54	1099	317	930	167	1570	195	858	619	1848	281	355	1302	264	1158	24	154	988	499	1173	336	277	329	1330	337	184	156	1818	491	319	2710	95	433	95	169	620	465	395	989	187	1155	3274	176	1126	251	254	935	304	2286	678	186	441	167	1001	170	1514	228	590	412	389	1115	943	387	389	232	1611	351	285	2006	1099	1248	95	288	1135	1003	955	109	499	815	1425	1157	1115	85	173	190	604	1012	374	178	1685	1053	149	281	1226	180	288	497	203	946	466	347	224	416	176	620	747	285	10	2231	295	248	325	1036	1001	77	590	346	240	960	516	381	176	605	224	204	90	236	925	224	1000	682	258	1352	33	1863	495	684	318	510	427	1056	370	1022	281	220	599	236	1034	553	329	338	321	433	2108	1611	135	58	1060	700	21	499	133	422	5	596	185	190	3272	1081	277	333	329	1772	1286	338	376	0	592	381	764	893	446	265	97	521	113	923	876	1163	219	1732	1832	1847	1462	1235	1350	166	871	1077	203	363	953	1085	1759	285	576	2103	1759	977
1221	1307	1265	1181	995	1080	1236	1279	1086	1434	1339	1081	1180	1267	2179	240	1191	1066	582	2276	893	1312	1071	1027	1841	1242	1300	1218	1235	0	1589	1131	527	1480	1344	2786	1083	1219	1089	1208	362	1246	1078	997	1093	810	1449	199	1248	1176	1162	1170	1077	1310	1717	1314	1022	1217	1245	310	919	1479	1293	1513	1046	1350	619	890	981	1345	1787	1108	1466	1234	1262	2106	924	1028	1232	1430	1221	1134	899	1080	1264	586	771	1058	1807	1241	1212	1245	1265	994	1030	1170	2110	1170	738	2989	1164	1102	1424	1466	509	1412	1391	667	1170	1305	1107	433	1265	841	1441	1200	824	1155	996	501	982	1155	1089	497	1496	1519	779	310	1621	1245	1127	217	261	530	1345	924	1617	2477	199	996	1318	1265	1248	1402	1017	1163	1124	2914	1024	1267	981	1629	1264	1522	1009	1266	2085	1310	1092	1083	1079	1062	994	1820	1500	1232	1014	1135	1260	1474	261	433	1243	658	1492	1452	306	903	1188	1062	1093	1083	1036	1158	1279	310	1083	951	851	977	2246	1244	2619	741	552	1214	730	1463	1666	1180	765	1099	1017	636	1077	1042	686	1457	1089	1066	1212	1739	497	1263	1190	356	825	1239	924	1268	1060	1231	1812	1168	1248	2989	472	1430	1244	1222	1783	1483	1089	1336	1236	649	1188	612	1945	1658	1481	1246	905	1240	1391	2037	1004	1453	2857	1184	2846	377	0	958	1262	1672	281	1266	1335	304	2272	1039	1102	1708	1452	1039	313
1492	1749	1704	1857	604	1852	1531	1322	1082	515	1651	1815	1088	1402	2721	1352	1555	1228	1862	2341	1752	1968	1809	563	2090	1832	1745	481	1531	1589	0	459	2109	2046	1555	2832	1172	1548	1201	1804	1236	1506	1814	830	1983	882	1519	1389	1354	424	426	1667	1506	1950	2064	1563	718	1803	1484	1281	1470	683	1698	145	1516	695	1479	1312	1354	1881	548	1696	399	1508	1681	2429	1112	563	1832	1794	1821	464	1476	1391	1683	1851	1560	1233	1723	1621	1102	1622	1695	951	1089	1853	2426	1667	851	1747	1653	512	1446	1522	1126	1832	1425	1167	1667	1948	1390	1178	1696	926	1521	2028	1466	1840	604	1131	1199	1840	1318	2071	1862	1673	2147	1281	409	1622	1733	1373	1397	1093	1575	1112	2340	2879	1389	604	1540	1699	1354	2114	629	1831	1366	2760	603	1402	1354	446	1705	1676	1839	1726	2371	1970	1191	1333	1816	1508	951	2245	1540	1521	2039	1744	1301	1837	1363	1178	1460	1523	1856	1521	1373	1768	1850	1508	1983	1333	1430	1549	1322	1497	1333	684	1881	1470	2873	1504	3393	1459	1407	1809	1486	1958	2556	1836	839	1706	1497	1452	1322	600	1481	1850	1201	1228	1102	717	2071	1415	1550	1240	1876	1552	1112	1420	1123	1525	1670	1665	1354	1745	1118	1794	1834	1822	243	254	1201	1898	1531	1494	1850	1140	2389	1864	1731	1624	1776	1425	639	2285	587	1602	3091	903	3311	1413	1589	670	1692	2398	1317	1726	1887	1391	2417	978	1711	2059	1009	978	1340
1190	1436	1386	1501	148	1477	1229	1060	775	481	1360	1444	818	1126	2441	893	1238	908	1445	2244	1354	1625	1437	127	1854	1492	1430	238	1228	1131	459	0	1653	1728	1279	2689	860	1239	890	1460	776	1210	1442	477	1596	452	1280	931	1078	65	45	1332	1166	1609	1868	1277	355	1462	1190	822	1097	632	1388	409	1168	556	1052	995	1002	1557	761	1344	436	1208	1366	2192	750	103	1490	1505	1478	114	1098	1063	1368	1435	1154	910	1629	1309	843	1311	1379	609	762	1495	2192	1332	397	2082	1318	103	1212	1288	668	1532	1254	740	1332	1606	1069	718	1380	571	1279	1654	1073	1481	150	673	854	1481	998	1617	1578	1428	1728	822	575	1311	1381	914	937	635	1296	750	2004	2640	931	150	1259	1382	1078	1768	219	1474	1051	2675	180	1126	1002	598	1387	1432	1452	1406	2142	1626	881	1010	1445	1164	609	1973	1314	1219	1676	1392	1035	1552	903	718	1169	1101	1572	1282	915	1370	1496	1164	1596	1010	1086	1224	1060	1041	1010	252	1465	1110	2579	1207	3077	1052	972	1466	1076	1650	2194	1483	381	1350	1144	1029	998	195	1064	1558	890	908	843	880	1617	1135	1234	781	1457	1248	750	1141	806	1223	1517	1329	1078	2081	659	1505	1494	1479	673	384	890	1570	1229	1072	1496	700	2119	1623	1465	1313	1377	1137	540	2061	127	1350	2903	719	3068	984	1131	283	1375	2064	858	1406	1560	933	2229	722	1356	1795	939	722	881
1602	1618	1586	1435	1520	1320	1607	1704	1558	1958	1684	1337	1650	1673	2327	767	1553	1509	557	2399	1155	1542	1329	1545	2127	1515	1611	1745	1606	527	2109	1653	0	1712	1716	3052	1538	1584	1538	1487	889	1625	1334	1511	1272	1332	1839	725	1665	1701	1683	1493	1447	1548	1814	1682	1545	1497	1629	837	1297	1993	1619	2026	1411	1864	1005	1201	1394	1614	2311	1415	1992	1611	1590	2340	1398	1551	1504	1741	1495	1649	1275	1483	1592	574	1114	1500	2038	1586	1679	1590	1588	1492	1503	1423	2345	1493	1258	3416	1492	1628	1829	1856	1033	1708	1665	1154	1494	1542	1511	959	1588	1297	1830	1381	1204	1412	1521	1025	1434	1412	1511	57	1795	1877	528	837	2147	1590	1423	744	767	1056	1712	1398	1762	2651	725	1521	1692	1587	1665	1590	1544	1424	1535	3228	1551	1673	1394	2154	1584	1879	1245	1579	2333	1540	1543	1501	1334	1430	1492	2051	1889	1606	955	1427	1688	1778	780	959	1634	1021	1793	1841	806	1158	1445	1430	1272	1501	1427	1519	1704	744	1501	1479	1037	1355	2354	1623	2635	1126	977	1492	1105	1725	1724	1441	1292	1402	1388	1032	1498	1569	1066	1754	1538	1509	1679	2190	57	1666	1553	883	1009	1605	1398	1670	1526	1603	2202	1492	1665	3417	997	1741	1516	1495	2294	2010	1538	1598	1607	1026	1445	1115	2154	1980	1818	1590	1156	1640	1908	2301	1528	1823	3062	1600	2971	759	527	1462	1586	1806	808	1579	1601	796	2545	1448	1403	1979	1840	1448	824
