NAME : VRPTW_INSTANCE_177.txt
COMMENT : Bangkok Supermarket
TYPE : VRPTW
DIMENSION : 230
DAYS : Monday
EDGE_WEIGHT_TYPE : EXPLICIT
VEHICLES : 30
EDGE_WEIGHT_FORMAT : FULL_MATRIX
CAPACITY : 1000
EDGE_WEIGHT_SECTION
0	225	90	1441	783	300	364	814	1978	385	392	196	1165	358	1007	431	25	1169	419	529	196	235	39	425	815	1135	178	414	2289	284	349	399	609	1055	810	166	306	2764	554	495	494	1212	990	1946	442	202	178	76	345	819	1787	1374	308	1190	347	1119	601	205	264	240	281	851	525	404	1316	1746	495	648	34	308	1032	1321	309	201	383	617	474	2019	1936	464	59	255	255	609	717	1076	829	124	650	630	348	101	83	438	836	21	395	206	67	1654	428	3666	393	373	33	408	394	2231	1104	124	464	1575	1192	1478	206	522	758	1098	535	437	91	388	481	373	903	207	428	1112	1123	1962	529	192	1252	367	446	479	165	443	1029	1123	481	1158	759	418	815	248	1190	2233	239	438	97	1403	2045	1221	17	215	328	536	248	964	276	374	1263	2189	359	890	208	1126	309	1213	204	2521	577	102	2228	449	215	201	422	289	611	607	420	412	307	176	978	503	184	214	1606	668	771	579	185	608	409	193	403	395	705	503	404	1994	1044	401	999	4326	225	819	401	203	451	1037	211	133	1928	196	1041	982	1262	170	338	378	304	905	206	1641	417	639
225	0	305	1533	967	513	152	1040	1979	605	562	29	1317	148	1116	638	217	1392	634	567	398	27	187	231	994	1216	259	267	2457	489	339	174	745	1157	1035	123	312	2924	334	539	272	1353	1090	2111	484	422	259	284	570	1044	1999	1589	187	1282	144	1319	647	107	347	16	58	960	745	628	1348	1532	274	550	190	184	1253	1343	522	397	249	448	396	2033	2001	649	167	370	369	579	499	1174	1010	318	739	753	147	145	142	286	805	221	620	359	159	1650	634	3846	168	162	192	630	186	2299	1301	318	649	1722	1395	1703	359	428	545	1195	437	287	215	231	261	162	1122	335	254	1316	970	1975	432	33	1426	206	597	256	322	586	1109	1287	261	1231	965	236	994	327	1395	2300	356	290	220	1620	2264	1267	212	9	124	742	327	1159	377	160	1487	2269	582	1092	17	1322	406	1407	21	2711	605	318	2295	488	97	44	640	148	654	383	638	217	198	244	1056	282	259	102	1597	637	992	786	317	651	183	271	213	620	616	282	628	2019	1252	241	1202	4486	29	1044	176	106	264	1129	270	344	1730	398	1144	942	1488	128	563	587	184	1100	359	1651	632	498
90	305	0	1462	760	263	450	741	2031	329	391	276	1158	444	1024	394	88	1101	373	585	187	311	120	514	795	1163	248	504	2268	257	344	477	620	1075	737	220	300	2747	623	550	577	1211	1011	1928	500	116	248	24	268	745	1735	1320	398	1213	435	1080	651	295	321	321	358	871	467	341	1362	1807	579	660	121	398	947	1370	270	196	423	707	486	2067	1966	447	147	205	205	595	803	1097	806	143	683	647	435	191	168	528	904	85	326	238	154	1710	392	3636	470	459	117	350	481	2259	1067	143	447	1569	1148	1406	238	607	821	1119	620	527	170	435	566	459	817	160	518	1069	1150	2011	615	272	1231	417	455	562	109	456	1059	1108	566	1189	716	508	795	308	1147	2261	191	527	113	1316	1982	1262	97	296	415	498	308	929	324	460	1183	2212	300	850	288	1091	355	1178	285	2485	634	13	2256	507	305	275	371	379	662	681	369	501	396	250	1009	587	255	304	1663	739	687	538	234	659	488	262	493	326	787	587	341	2039	955	448	957	4307	300	745	480	293	541	1061	283	127	1977	187	1060	963	1187	222	262	342	394	871	238	1692	371	728
1441	1533	1462	0	856	1243	1533	1370	864	1260	1077	1522	499	1523	440	1155	1467	1358	1200	972	1277	1560	1464	1490	814	319	1292	1384	1185	1229	1790	1634	844	386	1361	1576	1747	1555	1787	996	1622	406	451	875	1050	1451	1292	1475	1389	1367	1364	1201	1382	251	1507	919	892	1426	1195	1535	1577	591	1222	1297	420	2859	1615	2074	1452	1386	1653	477	1242	1266	1779	1425	1905	817	528	1053	1451	1665	1666	2050	1696	364	824	1324	796	814	1502	1429	1468	1390	903	1463	1331	1234	1456	701	1152	2558	1636	1532	1458	1266	1525	807	888	1324	1053	479	981	1591	1234	1233	1986	343	1236	1388	1371	1764	1605	1532	1631	1622	1441	971	2495	783	1239	1521	660	1739	1008	1618	1570	1006	426	601	1605	316	1023	1461	814	1215	984	808	1653	1380	1539	1949	1734	377	1456	1527	1506	1097	1215	881	1174	1543	1649	750	1291	960	1527	871	1141	861	1524	1602	942	1462	804	1047	1437	1552	1224	1418	888	1788	1225	1492	1366	1303	479	1621	1289	1432	709	999	1541	1086	1258	890	1628	1276	1481	1331	1151	1622	1297	744	1851	1775	960	3069	1558	1367	1628	1426	1473	405	1270	1335	3140	1277	402	2423	1544	1583	1386	1187	1383	891	1234	604	1203	1330
783	967	760	856	0	497	1046	528	1632	464	405	944	426	1036	462	372	806	650	405	622	587	988	819	1053	42	655	714	969	1507	503	1103	1126	306	523	518	948	1059	1987	1294	612	1175	501	489	1168	630	700	714	781	590	525	1074	697	903	652	1020	371	593	880	645	977	1025	394	383	486	965	2488	1172	1421	810	907	828	1003	492	582	1167	1123	1247	1622	1384	320	822	935	936	1341	1348	551	46	662	455	342	1017	825	847	989	877	801	520	607	830	1364	372	2883	1123	1051	813	459	1059	1653	346	662	320	827	459	963	607	915	1508	569	927	986	754	1170	1158	1051	786	902	1021	385	1907	1576	925	941	470	1147	384	1164	853	401	595	356	1158	700	174	1029	42	662	459	1655	927	981	866	1171	1389	843	801	958	1008	278	662	207	611	1059	898	1580	499	188	953	363	592	444	949	1744	642	754	1651	635	895	963	421	922	602	1329	422	1047	889	730	572	1180	716	890	1338	813	686	251	651	602	1128	705	1035	520	978	1181	486	1566	1007	1183	281	3547	981	525	1124	879	1056	548	715	651	2698	587	506	1694	824	953	589	421	902	153	607	1303	408	1070
300	513	263	1243	497	0	629	554	1882	106	176	485	903	620	803	131	319	887	121	494	117	528	339	666	533	961	307	615	2005	36	605	685	402	859	548	466	562	2485	847	461	763	962	798	1666	430	211	307	285	174	557	1488	1076	519	999	606	820	535	452	301	526	571	658	238	147	1199	2044	763	923	331	521	816	1217	10	122	680	811	749	1905	1760	194	349	441	443	847	972	883	544	195	510	441	604	368	376	639	836	314	162	200	358	1572	129	3373	680	636	333	133	651	2048	805	195	194	1313	891	1205	200	649	1056	905	664	638	302	688	748	636	703	405	650	812	1414	1851	659	482	968	667	250	749	356	261	864	849	748	994	458	649	533	305	890	2049	432	635	372	1198	1752	1089	318	503	589	236	305	667	276	640	1016	1993	102	590	497	829	288	916	493	2223	541	256	2045	438	466	497	130	520	547	895	128	655	509	322	817	771	313	463	1531	692	566	278	242	545	692	308	644	162	796	771	147	1867	886	701	699	4044	519	557	686	451	682	853	329	169	2229	117	842	1207	998	469	168	78	516	608	200	1540	119	799
364	152	450	1533	1046	629	0	1172	1913	728	644	179	1365	10	1135	746	362	1515	749	561	511	161	330	88	1069	1213	336	167	2511	601	464	102	794	1170	1167	273	444	2970	260	540	134	1391	1103	2163	490	566	336	430	708	1176	2100	1695	154	1286	27	1409	640	176	402	136	123	983	866	756	1309	1441	134	608	330	149	1396	1298	639	507	320	308	481	1976	1977	738	305	521	519	677	352	1184	1087	434	757	792	31	269	282	176	738	365	752	449	297	1584	741	3908	105	9	333	754	34	2276	1388	434	738	1762	1490	1831	449	343	471	1203	349	177	327	286	119	9	1267	487	128	1411	963	1917	344	183	1491	266	664	121	475	649	1106	1346	119	1222	1065	104	1069	384	1489	2277	506	183	372	1767	2378	1239	354	160	39	846	384	1246	436	12	1625	2254	709	1187	168	1407	458	1490	171	2786	590	464	2272	491	162	194	759	126	645	283	757	75	170	319	1054	142	332	166	1529	579	1136	890	403	642	95	342	76	752	520	142	756	1969	1403	291	1297	4529	171	1176	95	178	123	1136	331	466	1662	511	1159	1021	1620	277	701	698	154	1187	449	1594	748	374
814	1040	741	1370	528	554	1172	0	2160	449	634	1011	894	1164	990	472	824	372	447	978	668	1049	853	1217	565	1183	862	1170	1770	588	1003	1214	729	1051	9	961	969	2261	1364	953	1305	984	1015	1470	940	628	862	764	472	5	1058	650	1072	1179	1151	564	988	998	850	1055	1096	908	325	416	1489	2541	1306	1310	849	1075	307	1524	544	675	1146	1365	1156	2150	1893	551	872	813	815	1172	1521	1079	551	740	892	778	1150	903	898	1194	1301	820	420	754	881	1887	478	3050	1208	1180	848	421	1197	2150	575	740	551	1235	581	665	754	1193	1560	1097	1208	1192	845	1165	1291	1180	261	805	1204	523	1816	2104	1204	1007	834	1150	679	1290	777	701	1118	798	1291	1228	353	1202	565	856	578	2151	814	1189	848	677	1259	1367	828	1030	1133	416	856	507	820	1183	462	2065	464	416	1022	603	823	675	1019	1883	1017	728	2148	948	1011	1014	428	1071	999	1421	430	1206	1064	876	1090	1314	868	1008	1858	1188	196	389	797	998	1223	863	1195	420	1321	1314	416	2092	481	1178	457	3785	1039	5	1216	996	1235	1075	884	706	2687	668	1034	1461	448	962	478	504	1070	483	754	1829	446	1347
1978	1979	2031	864	1632	1882	1913	2160	0	1936	1707	1980	1351	1906	1170	1836	2002	2206	1883	1448	1870	2006	1987	1840	1596	977	1802	1745	1809	1857	2300	2011	1497	1109	2151	2065	2263	2016	2122	1483	1948	1261	1145	1590	1536	2063	1802	2036	2053	2158	2211	2066	1794	989	1894	1773	1380	1879	1714	1974	2002	1264	1944	1981	685	2940	1940	2519	1976	1798	2460	665	1886	1857	2221	1680	2375	133	572	1724	1964	2231	2231	2555	1919	1081	1612	1888	1372	1451	1888	1926	1972	1739	1176	1999	2012	1794	1966	328	1831	3008	2016	1909	1982	1950	1891	701	1740	1888	1724	1293	1840	2453	1794	1569	2273	1064	1564	1737	1890	2194	1936	1909	2416	2184	1791	1823	2832	108	1569	1981	1524	2170	1633	1953	2137	1621	1048	1451	1936	932	1807	1814	1596	1730	1843	700	2216	1730	2071	2784	2577	802	1989	1977	1903	1813	1730	1710	1707	1919	2491	790	1960	1775	1980	1725	1676	1723	1978	2276	1401	2036	695	1529	1885	2012	1911	1834	1369	2092	1911	1848	1782	1807	1084	1943	1796	1881	384	1341	2307	1816	1798	1372	1999	1786	1841	2012	1402	1944	1981	217	2637	2200	1796	3322	2008	2158	2003	1880	1810	1085	1770	1913	3272	1870	1126	2921	2392	2072	2047	1852	1797	1707	1794	342	1887	1581
385	605	329	1260	464	106	728	449	1936	0	241	577	886	720	824	105	400	787	61	583	219	618	424	769	504	994	413	721	1960	141	655	779	440	883	443	545	613	2444	938	552	862	952	826	1626	526	243	413	353	129	452	1405	991	623	1024	706	755	616	552	407	619	663	689	140	47	1251	2131	863	976	418	626	710	1272	96	226	753	917	805	1952	1784	213	439	476	478	881	1074	909	510	293	571	485	705	463	465	745	924	395	75	306	447	1632	109	3315	774	736	418	27	752	2068	744	293	213	1291	820	1103	306	754	1143	931	769	743	400	764	848	736	600	448	755	741	1474	1900	764	573	929	745	311	848	404	327	902	821	848	1030	391	753	504	411	818	2069	470	741	442	1093	1660	1137	401	596	689	186	411	610	380	740	910	2006	34	525	589	769	390	856	585	2160	629	320	2065	534	566	585	44	623	629	989	42	758	614	427	859	871	419	563	1593	787	464	220	348	626	787	414	747	75	897	871	47	1910	789	778	631	4000	609	452	780	551	786	884	435	262	2306	219	866	1229	894	548	127	86	621	554	306	1595	58	905
392	562	391	1077	405	176	644	634	1707	241	0	539	772	634	637	166	417	920	204	349	204	584	425	658	431	789	309	583	1900	154	733	721	232	691	626	552	689	2373	889	321	775	821	628	1556	305	374	309	408	347	636	1459	1060	506	830	618	765	376	475	249	571	619	488	314	289	1023	2084	773	1041	414	510	924	1041	179	196	771	760	866	1728	1589	98	423	590	591	986	960	714	448	268	335	267	615	422	447	605	686	412	315	202	430	1398	160	3284	717	649	418	262	658	1880	744	268	98	1183	846	1245	202	569	1103	737	583	603	351	770	758	649	825	549	630	768	1513	1675	579	537	865	747	74	763	497	87	690	732	758	820	430	636	431	264	846	1881	579	599	484	1305	1750	913	410	553	605	229	264	602	215	656	1092	1828	257	545	549	763	205	847	545	2149	392	389	1877	313	489	560	231	521	388	925	230	650	493	325	642	781	312	485	1357	558	691	269	245	386	723	301	638	315	686	781	289	1691	1023	783	655	3935	577	636	719	474	665	682	313	267	2292	204	675	1354	1056	558	341	155	504	543	202	1365	206	726
196	29	276	1522	944	485	179	1011	1980	577	539	0	1298	174	1102	611	188	1364	606	559	371	44	158	255	971	1206	240	282	2437	463	330	203	727	1144	1006	103	300	2905	361	530	301	1335	1077	2091	475	393	240	255	541	1015	1972	1562	194	1271	169	1294	639	101	331	44	86	946	717	599	1344	1559	303	556	161	192	1224	1341	495	371	257	469	397	2033	1993	625	138	348	347	576	527	1162	987	291	727	736	171	119	113	303	808	192	591	336	130	1651	608	3824	197	188	163	602	212	2292	1276	291	625	1704	1370	1675	336	437	571	1183	447	303	189	243	290	188	1093	311	274	1290	987	1974	441	4	1404	219	576	285	296	567	1098	1267	290	1222	939	257	971	311	1369	2293	333	306	193	1592	2237	1261	182	19	148	716	311	1134	359	187	1458	2260	554	1066	11	1297	389	1382	8	2688	599	289	2288	479	95	32	612	158	646	412	610	241	204	226	1045	310	240	98	1599	639	963	759	295	643	212	253	235	591	626	311	599	2017	1224	255	1177	4467	38	1015	205	100	287	1117	254	316	1754	371	1131	942	1459	109	534	560	191	1075	336	1650	605	515
1165	1317	1158	499	426	903	1365	894	1351	886	772	1298	0	1355	322	787	1189	859	825	839	974	1342	1197	1350	384	452	1058	1252	1146	902	1502	1457	573	346	885	1323	1458	1607	1624	847	1481	93	374	797	887	1113	1058	1177	1013	890	973	728	1212	393	1338	422	776	1218	972	1324	1371	419	809	911	764	2788	1477	1813	1186	1216	1163	817	899	967	1541	1362	1639	1314	1006	711	1193	1345	1346	1750	1617	361	383	1041	629	573	1334	1186	1216	1266	955	1185	945	968	1200	1139	786	2547	1456	1368	1190	883	1369	1255	390	1041	711	410	490	1104	968	1147	1837	364	1156	1264	1118	1537	1464	1368	1154	1308	1309	473	2282	1276	1156	1296	204	1513	723	1474	1258	731	469	102	1464	498	567	1323	384	991	493	1257	1336	1257	1256	1450	1336	655	1182	1309	1331	702	991	390	940	1377	1150	1171	920	478	1306	374	913	378	1303	1455	834	1154	1254	888	1232	1323	843	1240	778	1645	844	1347	1196	1073	487	1484	1058	1227	1129	967	1077	677	1005	780	1456	1046	1335	945	1143	1485	911	1243	1371	1549	463	3168	1336	890	1453	1218	1344	400	1049	1038	3027	974	339	2110	1045	1329	1012	832	1211	411	968	1055	828	1285
358	148	444	1523	1036	620	10	1164	1906	720	634	174	1355	0	1125	737	355	1507	740	551	503	159	324	87	1059	1203	326	160	2501	592	465	111	784	1160	1159	270	445	2960	270	530	143	1381	1093	2153	480	560	326	424	701	1167	2090	1686	144	1276	16	1399	630	167	391	133	123	973	857	748	1301	1451	143	614	324	139	1390	1290	630	498	324	307	486	1969	1968	728	298	518	517	681	359	1174	1077	426	747	782	21	261	276	170	731	359	744	440	290	1577	732	3898	114	16	327	746	37	2267	1378	426	728	1752	1480	1823	440	336	482	1193	342	171	319	292	128	16	1261	484	123	1401	973	1909	337	178	1481	271	653	130	470	639	1097	1336	128	1213	1056	100	1059	374	1479	2268	504	177	367	1761	2369	1230	347	156	30	836	374	1236	426	22	1617	2245	701	1177	164	1397	448	1480	166	2776	581	457	2263	481	153	191	750	115	635	293	748	73	160	310	1044	151	323	157	1522	571	1129	880	394	632	104	332	73	744	514	151	748	1961	1397	297	1288	4519	168	1167	105	169	122	1126	321	458	1673	503	1149	1027	1612	275	694	688	144	1177	440	1586	739	371
1007	1116	1024	440	462	803	1135	990	1170	824	637	1102	322	1125	0	718	1033	1066	764	579	837	1143	1032	1105	426	192	866	1001	1415	788	1356	1234	404	61	981	1148	1312	1850	1395	596	1238	294	52	1069	645	1010	866	1038	952	988	1289	1006	982	200	1109	667	505	1011	771	1120	1164	156	798	862	510	2523	1233	1648	1021	986	1290	554	802	827	1357	1083	1477	1161	959	614	1021	1226	1227	1615	1347	89	443	888	379	377	1104	1002	1040	1012	638	1028	896	800	1027	908	715	2820	1234	1137	1026	831	1133	1245	632	888	614	646	752	1351	800	874	1602	109	880	1009	941	1346	1221	1137	1247	1183	1059	710	2086	1114	881	1101	522	1321	569	1233	1132	567	157	380	1221	238	637	1077	426	792	754	1247	1214	1002	1104	1624	1647	389	1023	1110	1105	669	792	563	746	1147	1339	1191	854	613	1109	627	715	662	1105	1758	561	1023	1242	644	1023	1131	790	1014	504	1405	790	1105	965	879	165	1240	864	1018	886	669	1143	663	827	506	1230	852	1093	896	842	1240	862	1108	1468	1357	654	3402	1140	988	1229	1011	1094	92	848	897	2780	837	44	1986	1250	1155	948	749	982	547	800	842	768	998
431	638	394	1155	372	131	746	472	1836	105	166	611	787	737	718	0	450	778	47	516	239	655	469	775	409	889	414	714	1877	148	733	809	339	777	464	596	690	2358	973	487	880	851	721	1539	470	328	414	416	234	474	1360	951	625	918	722	689	538	569	383	650	697	584	148	145	1150	2171	879	1052	461	628	757	1173	123	240	812	902	879	1850	1678	111	478	563	564	969	1082	803	418	319	477	385	720	493	504	738	851	445	178	300	486	1535	6	3242	804	753	463	114	766	1962	674	319	111	1194	761	1101	300	723	1183	825	737	736	424	819	864	753	659	530	755	681	1544	1797	733	608	841	798	225	867	482	244	799	727	864	926	328	756	409	392	759	1963	555	732	503	1139	1632	1035	448	628	706	105	392	536	352	758	933	1901	136	459	622	697	352	784	618	2092	558	386	1959	478	584	625	75	631	551	1018	74	766	614	430	756	887	419	580	1497	724	526	148	346	549	814	411	754	178	849	888	145	1807	860	832	568	3917	646	474	808	568	788	779	429	298	2359	239	760	1323	903	600	231	52	622	477	300	1495	50	878
25	217	88	1467	806	319	362	824	2002	400	417	188	1189	355	1033	450	0	1181	437	553	219	224	32	427	838	1161	200	421	2312	305	323	390	635	1081	820	146	280	2788	541	519	489	1237	1015	1970	466	205	200	69	353	829	1805	1391	316	1216	346	1139	625	210	289	233	272	877	540	417	1341	1731	491	623	35	316	1036	1346	328	224	362	623	449	2043	1961	487	61	233	233	583	714	1102	851	148	676	656	347	108	79	446	857	5	406	232	67	1678	448	3688	384	371	30	423	392	2257	1124	148	487	1600	1211	1489	232	536	743	1124	549	445	112	368	477	371	905	186	432	1131	1100	1986	544	184	1275	348	471	473	146	468	1055	1146	477	1183	778	421	838	272	1210	2258	217	446	72	1405	2059	1246	13	208	326	556	272	985	301	371	1270	2215	374	909	200	1147	334	1234	196	2542	601	101	2253	473	219	189	439	295	635	596	436	413	316	197	1003	498	206	218	1629	689	775	598	211	632	400	216	405	406	721	499	417	2019	1043	381	1019	4349	214	829	393	208	454	1063	233	155	1910	219	1066	957	1272	149	346	398	313	926	232	1665	435	649
1169	1392	1101	1358	650	887	1515	372	2206	787	920	1364	859	1507	1066	778	1181	0	768	1233	1004	1404	1208	1552	669	1253	1191	1493	1497	916	1375	1567	936	1121	373	1322	1340	1980	1722	1214	1650	952	1106	1234	1215	992	1191	1125	835	367	701	322	1402	1222	1493	440	1222	1339	1161	1406	1450	1036	649	764	1576	2907	1650	1683	1203	1405	411	1621	876	1009	1514	1678	1528	2173	1851	824	1225	1185	1187	1541	1858	1146	647	1081	1097	980	1491	1251	1251	1516	1521	1177	775	1078	1233	1970	783	2714	1561	1523	1202	762	1538	2074	470	1081	824	1097	395	325	1078	1489	1923	1160	1503	1514	1188	1532	1635	1523	491	1176	1533	388	2189	2135	1500	1360	721	1516	944	1636	1145	966	1217	757	1635	1301	514	1534	669	1171	391	2076	1186	1510	1212	598	886	1455	1184	1382	1476	691	1171	503	1128	1527	293	1974	809	465	1375	489	1123	518	1371	1550	1262	1089	2074	1222	1353	1370	756	1407	1232	1776	759	1542	1392	1206	1204	1658	1196	1350	1951	1437	523	651	1123	1231	1575	1189	1530	775	1590	1658	764	2103	644	1545	413	3472	1394	367	1568	1338	1566	1159	1208	1050	3059	1004	1106	1818	186	1324	841	822	1400	523	1078	1896	769	1647
419	634	373	1200	405	121	749	447	1883	61	204	606	825	740	764	47	437	768	0	553	237	649	458	783	444	936	423	727	1904	148	707	806	386	823	440	583	664	2388	968	523	883	891	768	1569	502	297	423	397	191	450	1368	955	634	964	726	706	579	572	402	647	692	631	123	98	1197	2165	883	1027	451	637	725	1220	111	241	795	919	855	1897	1724	158	470	532	533	938	1090	850	451	316	523	432	724	489	496	751	890	432	132	311	478	1582	51	3264	801	756	452	67	770	2007	694	316	158	1231	775	1088	311	746	1176	871	761	749	423	805	868	756	622	501	766	696	1523	1845	757	603	871	785	267	870	455	286	846	761	868	973	343	766	444	409	773	2008	525	746	485	1107	1631	1082	436	624	709	128	409	558	372	760	909	1945	94	476	618	718	376	805	613	2112	597	365	2004	511	586	617	28	638	592	1016	27	773	624	438	803	891	428	583	1543	760	487	166	355	590	813	422	762	132	880	891	98	1854	819	818	584	3945	640	450	807	571	798	826	441	290	2347	237	806	1288	885	587	188	56	632	501	311	1542	3	900
529	567	585	972	622	494	561	978	1448	583	349	559	839	551	579	516	553	1233	553	0	442	595	539	526	627	653	354	422	1980	460	861	662	317	610	970	629	821	2427	818	35	659	851	544	1632	87	632	354	588	666	980	1691	1320	409	725	535	989	80	459	265	567	606	432	663	631	791	1950	654	1116	528	414	1272	793	501	429	816	524	955	1490	1434	427	518	783	783	1120	777	623	650	444	210	289	530	484	529	433	341	551	653	353	521	1125	510	3385	663	561	535	607	556	1732	961	444	427	1218	1079	1557	353	309	1023	642	319	430	442	797	642	561	1175	735	480	1007	1522	1433	318	559	995	772	299	654	689	277	546	842	642	665	720	497	627	281	1080	1733	767	423	623	1653	2011	703	540	562	534	563	281	828	261	571	1430	1702	592	803	563	972	232	1044	560	2290	49	591	1728	81	469	591	580	445	87	826	578	526	393	361	493	660	349	465	1077	209	1041	595	351	83	656	338	514	653	358	661	631	1468	1371	807	903	3981	594	980	656	460	514	575	324	473	2201	442	600	1493	1384	637	659	501	410	776	353	1111	555	455
196	398	187	1277	587	117	511	668	1870	219	204	371	974	503	837	239	219	1004	237	442	0	415	233	549	619	981	194	502	2093	91	529	570	433	890	662	362	485	2569	733	407	646	1025	826	1751	366	192	194	204	243	672	1600	1190	404	1028	489	925	497	335	208	411	457	685	355	254	1194	1931	646	839	224	406	920	1206	127	13	580	701	665	1900	1784	268	239	388	389	782	855	913	632	80	507	462	487	253	265	527	779	214	259	100	247	1554	236	3469	565	519	227	246	534	2076	909	80	268	1385	999	1321	100	551	943	935	565	525	185	584	631	519	802	345	536	920	1320	1845	560	368	1056	563	268	632	294	270	879	928	631	1009	567	534	619	206	998	2077	376	523	282	1301	1868	1089	214	389	472	344	206	768	192	523	1128	2027	206	696	382	931	214	1017	378	2325	491	185	2073	374	349	385	247	404	509	779	245	539	395	208	829	654	201	345	1509	625	665	387	133	506	576	197	528	259	710	654	254	1868	973	597	806	4130	406	672	570	333	566	877	220	64	2121	0	874	1150	1114	367	235	188	401	709	100	1529	236	695
235	27	311	1560	988	528	161	1049	2006	618	584	44	1342	159	1143	655	224	1404	649	595	415	0	196	245	1016	1244	283	289	2481	506	316	166	770	1184	1045	112	291	2949	319	567	272	1378	1117	2135	512	427	283	288	578	1053	2015	1604	213	1310	158	1338	674	135	373	33	48	987	759	639	1376	1516	275	522	200	210	1257	1371	537	415	221	464	368	2061	2029	670	179	359	358	553	500	1201	1032	335	767	778	161	163	153	307	832	228	630	381	170	1677	651	3868	159	171	201	643	196	2327	1320	335	670	1747	1414	1713	381	452	527	1222	462	307	234	203	262	171	1125	326	272	1334	944	2002	456	47	1448	179	620	256	318	610	1136	1311	262	1259	982	252	1016	353	1413	2328	345	311	218	1622	2278	1295	220	33	138	759	353	1178	402	167	1494	2297	594	1110	35	1341	432	1427	39	2732	633	323	2323	515	125	36	654	173	682	372	652	231	224	269	1083	282	283	130	1624	664	996	803	339	679	177	296	228	630	640	282	639	2047	1251	214	1220	4511	10	1053	169	134	279	1157	295	358	1710	415	1171	915	1496	116	571	603	210	1119	381	1679	647	518
39	187	120	1464	819	339	330	853	1987	424	425	158	1197	324	1032	469	32	1208	458	539	233	196	0	394	850	1156	185	390	2324	321	327	361	637	1079	848	129	285	2798	514	506	458	1242	1013	1980	452	236	185	101	382	857	1826	1414	285	1212	314	1157	613	178	277	203	243	876	564	443	1329	1707	460	619	11	285	1067	1333	348	236	348	592	445	2030	1955	499	30	255	254	588	682	1099	864	157	671	656	315	78	47	414	836	34	433	232	35	1662	466	3702	355	339	6	448	360	2251	1141	157	499	1607	1230	1517	232	509	719	1121	522	414	97	351	446	339	937	208	400	1150	1089	1972	516	154	1287	329	475	442	173	471	1049	1156	446	1177	797	389	850	259	1229	2252	239	414	84	1437	2084	1236	24	178	294	574	259	1001	293	340	1300	2211	399	928	170	1164	326	1250	166	2558	586	133	2247	458	187	162	461	263	623	568	459	381	286	179	997	467	190	186	1612	668	806	617	205	620	371	201	373	433	695	468	443	2007	1075	364	1037	4360	186	857	363	176	422	1059	216	171	1890	233	1065	962	1300	133	376	417	282	942	232	1651	456	619
425	231	514	1490	1053	666	88	1217	1840	769	658	255	1350	87	1105	775	427	1552	783	526	549	245	394	0	1072	1170	361	105	2496	635	552	172	785	1136	1211	355	532	2949	299	509	133	1370	1070	2148	464	628	361	496	762	1220	2117	1717	151	1246	87	1421	602	222	409	217	210	956	904	801	1248	1441	128	688	393	148	1453	1234	676	543	406	219	567	1906	1922	755	367	602	601	764	306	1148	1092	477	730	778	84	325	347	103	669	429	800	475	360	1511	770	3897	178	80	397	796	56	2220	1398	477	755	1740	1504	1871	475	274	497	1167	277	105	373	371	115	80	1326	566	50	1426	1017	1846	273	259	1485	351	668	128	550	652	1065	1338	115	1176	1086	28	1072	394	1504	2221	588	113	446	1827	2405	1184	417	238	107	871	394	1256	444	89	1674	2202	753	1203	246	1416	461	1497	248	2784	549	527	2215	464	210	275	796	145	605	300	794	14	165	345	1013	134	356	213	1455	516	1193	915	429	603	159	364	21	800	440	135	801	1901	1470	374	1313	4506	254	1220	164	224	35	1099	347	512	1678	549	1126	1104	1664	360	755	730	154	1198	475	1525	783	286
815	994	795	814	42	533	1069	565	1596	504	431	971	384	1059	426	409	838	669	444	627	619	1016	850	1072	0	619	739	986	1474	537	1138	1150	310	487	555	979	1095	1952	1319	619	1196	458	456	1133	640	738	739	815	630	563	1064	696	924	613	1042	362	593	904	667	1003	1051	368	425	527	932	2510	1193	1455	841	928	863	972	528	614	1198	1135	1281	1585	1342	350	852	972	974	1379	1365	514	23	693	450	342	1039	853	876	1005	868	833	561	634	859	1331	409	2853	1148	1073	844	499	1080	1611	334	693	350	786	452	978	634	925	1533	532	936	1003	783	1200	1179	1073	824	938	1038	381	1939	1539	935	968	437	1177	405	1186	890	420	563	317	1179	665	211	1048	0	684	452	1612	964	997	899	1201	1385	810	833	985	1031	318	684	201	632	1081	924	1537	538	203	981	348	612	425	977	1718	643	789	1609	645	919	991	461	944	601	1352	462	1067	909	755	543	1201	741	914	1306	812	727	293	677	601	1152	730	1054	561	980	1201	527	1527	1045	1213	284	3512	1009	563	1148	904	1075	514	739	683	2724	619	470	1733	846	984	629	458	922	155	634	1268	447	1079
1135	1216	1163	319	655	961	1213	1183	977	994	789	1206	452	1203	192	889	1161	1253	936	653	981	1244	1156	1170	619	0	979	1064	1432	943	1483	1314	558	133	1173	1264	1440	1837	1467	678	1302	389	171	1097	732	1163	979	1175	1120	1180	1423	1171	1063	89	1187	841	573	1109	883	1217	1259	305	980	1035	323	2550	1296	1760	1144	1067	1483	372	962	969	1463	1111	1593	972	802	781	1141	1368	1368	1744	1382	106	636	1022	485	521	1182	1116	1157	1070	606	1157	1068	930	1146	717	885	2828	1316	1212	1150	1004	1206	1096	806	1022	781	669	922	1529	930	916	1667	93	919	1068	1061	1447	1285	1212	1439	1323	1121	887	2175	924	921	1205	656	1423	717	1299	1272	711	107	533	1285	48	829	1141	619	903	924	1098	1354	1061	1233	1815	1788	206	1150	1211	1187	849	903	749	863	1223	1528	1055	1022	804	1211	798	830	821	1207	1811	622	1164	1093	729	1119	1236	963	1099	568	1468	963	1172	1047	990	160	1302	976	1115	698	685	1333	848	950	571	1308	964	1161	1068	844	1302	1035	921	1660	1458	839	3371	1242	1180	1308	1109	1153	111	957	1036	2825	981	149	2118	1437	1271	1115	915	1063	738	930	649	940	1018
178	259	248	1292	714	307	336	862	1802	413	309	240	1058	326	866	414	200	1191	423	354	194	283	185	361	739	979	0	307	2198	275	508	411	486	910	856	284	468	2665	580	321	469	1095	843	1852	266	330	0	245	429	865	1764	1360	211	1040	310	1074	428	165	96	266	314	709	544	449	1144	1774	467	782	174	214	1114	1147	318	186	491	507	614	1845	1775	402	164	433	433	769	667	929	756	137	495	496	308	136	178	332	658	198	453	114	168	1477	409	3588	408	342	180	440	353	2072	1054	137	402	1464	1154	1511	114	369	794	950	383	330	88	482	452	342	994	386	343	1075	1227	1787	378	238	1168	458	338	456	342	327	872	1029	452	999	729	343	739	76	1153	2073	417	328	269	1494	2045	1053	187	251	297	511	76	911	120	348	1323	2035	401	851	248	1073	151	1157	244	2458	401	257	2069	273	180	266	437	217	438	616	435	351	201	16	820	475	7	175	1428	491	858	555	68	435	414	15	340	453	542	476	449	1822	1158	494	961	4227	278	865	409	164	375	886	34	175	1984	194	897	1143	1306	291	421	368	209	852	114	1465	422	506
414	267	504	1384	969	615	167	1170	1745	721	583	282	1252	160	1001	714	421	1493	727	422	502	289	390	105	986	1064	307	0	2397	582	606	267	692	1031	1163	385	580	2847	404	407	238	1269	966	2048	364	610	307	489	731	1173	2039	1644	105	1140	149	1339	498	212	334	256	269	853	850	756	1145	1536	232	775	386	105	1420	1132	625	494	482	204	642	1809	1817	682	360	625	624	835	379	1043	1006	438	628	681	144	313	347	25	571	423	760	416	355	1416	709	3799	271	163	391	748	148	2115	1315	438	682	1638	1424	1815	416	176	603	1062	181	23	343	451	221	163	1297	584	57	1347	1121	1749	176	286	1392	429	585	234	559	567	959	1243	221	1070	1014	76	986	322	1424	2116	609	24	457	1798	2334	1079	410	270	161	805	322	1174	369	174	1631	2097	708	1126	277	1332	380	1412	277	2691	444	516	2111	363	206	311	743	129	500	405	741	108	109	294	907	238	301	206	1361	414	1162	847	373	498	256	306	99	760	355	239	756	1802	1453	457	1235	4403	295	1173	259	214	92	994	286	475	1780	502	1021	1186	1613	392	723	672	109	1117	416	1427	727	233
2289	2457	2268	1185	1507	2005	2511	1770	1809	1960	1900	2437	1146	2501	1415	1877	2312	1497	1904	1980	2093	2481	2324	2496	1474	1432	2198	2397	0	2011	2610	2602	1717	1404	1765	2452	2566	490	2770	1990	2628	1130	1460	348	2032	2202	2198	2289	2075	1765	926	1176	2358	1343	2484	1226	1912	2360	2115	2465	2512	1549	1847	1971	1604	3931	2623	2928	2314	2363	1909	1660	1999	2088	2671	2496	2754	1697	1238	1825	2323	2437	2438	2842	2757	1402	1461	2166	1771	1719	2480	2321	2348	2411	2034	2307	2001	2102	2331	1802	1877	1405	2600	2514	2317	1948	2516	1232	1228	2166	1825	770	1191	1489	2102	2285	2983	1390	2292	2408	2251	2671	2610	2514	1974	2406	2454	1257	3413	1701	2293	2434	1037	2648	1860	2620	2359	1870	1511	1169	2610	1454	1575	2469	1474	2134	1193	1233	2430	2401	2374	2003	1152	1558	2307	2449	2476	1776	2134	1351	2083	2523	1732	1103	1994	1443	2446	1201	2057	1116	2441	472	1970	2262	1236	2033	2375	2459	1915	2385	1913	2792	1917	2493	2342	2214	1552	2631	2199	2370	1830	2084	1964	1740	2141	1915	2601	2187	2481	2001	2256	2631	1971	1602	2141	2684	1351	2040	2475	1765	2598	2360	2490	1453	2191	2157	4173	2093	1408	3181	1613	2457	2075	1927	2358	1406	2102	1696	1907	2414
284	489	257	1229	503	36	601	588	1857	141	154	463	902	592	788	148	305	916	148	460	91	506	321	635	537	943	275	582	2011	0	601	661	386	844	582	450	558	2490	824	427	735	957	782	1671	395	221	275	278	206	591	1509	1099	487	984	578	835	503	424	266	502	548	641	268	183	1175	2022	735	917	313	490	851	1191	45	93	667	777	743	1881	1743	191	329	445	446	848	942	868	549	171	485	421	576	344	356	606	802	299	197	166	338	1545	145	3383	656	608	315	168	622	2033	820	171	191	1312	909	1235	166	613	1034	890	628	604	276	672	720	608	739	407	619	829	1403	1827	623	459	974	651	227	722	356	237	844	851	720	974	476	618	537	270	908	2034	435	601	362	1234	1778	1066	301	480	561	253	270	680	240	613	1050	1979	138	606	474	842	252	929	470	2237	508	252	2030	403	439	476	161	490	516	870	159	625	477	290	797	743	281	435	1503	657	602	296	209	513	667	275	614	197	760	743	183	1845	922	685	716	4050	498	591	661	423	651	836	296	150	2211	91	827	1211	1031	454	199	97	484	621	166	1515	147	763
349	339	344	1790	1103	605	464	1003	2300	655	733	330	1502	465	1356	733	323	1375	707	861	529	316	327	552	1138	1483	508	606	2610	601	0	412	956	1405	1002	236	43	3090	474	828	532	1554	1339	2271	773	411	508	325	557	1008	2041	1625	524	1539	468	1410	936	426	603	349	342	1200	783	653	1652	1553	538	321	338	522	1141	1653	611	537	195	772	153	2348	2282	792	344	190	188	261	745	1425	1149	468	998	979	472	376	331	623	1134	327	629	555	340	1973	732	3970	404	472	332	670	497	2579	1399	468	792	1913	1473	1658	555	766	611	1447	777	624	423	233	530	472	1004	207	585	1395	823	2291	771	327	1573	236	792	517	251	790	1377	1453	530	1505	1046	564	1138	584	1471	2580	190	628	251	1474	2262	1561	333	338	451	835	584	1265	620	465	1402	2538	622	1181	332	1424	653	1511	333	2815	905	349	2575	779	423	298	699	487	946	548	697	539	534	500	1325	543	513	426	1922	965	895	873	532	943	429	524	538	629	955	543	653	2328	1080	241	1285	4650	310	1008	421	424	587	1386	536	465	1684	529	1390	635	1430	228	554	682	521	1208	555	1968	704	833
399	174	477	1634	1126	685	102	1214	2011	779	721	203	1457	111	1234	809	390	1567	806	662	570	166	361	172	1150	1314	411	267	2602	661	412	0	884	1269	1210	269	402	3063	168	640	120	1486	1203	2254	589	593	411	454	743	1218	2169	1760	252	1387	127	1484	741	246	487	160	118	1080	919	803	1411	1364	126	515	365	248	1423	1400	695	568	242	376	402	2076	2080	812	342	505	504	600	344	1284	1168	490	855	885	132	317	316	272	838	394	794	520	333	1683	805	3996	8	104	366	805	119	2378	1464	490	812	1856	1562	1878	520	442	383	1304	447	274	384	205	117	104	1290	479	220	1483	861	2016	442	207	1577	188	747	105	478	734	1208	1435	117	1324	1133	197	1150	468	1561	2379	493	281	381	1786	2438	1342	385	184	128	911	468	1322	520	93	1660	2356	757	1258	191	1484	545	1568	195	2869	692	490	2374	590	231	202	814	219	746	209	811	163	268	395	1155	131	409	235	1627	681	1162	955	476	743	17	420	169	794	613	131	803	2069	1412	206	1369	4623	176	1218	9	246	205	1236	412	517	1574	570	1258	933	1662	271	737	758	252	1263	520	1694	805	455
609	745	620	844	306	402	794	729	1497	440	232	727	573	784	404	339	635	936	386	317	433	770	637	785	310	558	486	692	1717	386	956	884	0	458	719	759	913	2180	1052	310	914	608	396	1369	335	607	486	635	562	728	1374	1003	642	598	767	672	289	645	398	751	798	255	454	484	811	2227	910	1256	626	647	1035	835	403	423	974	829	1083	1511	1357	227	629	822	822	1213	1067	482	333	488	164	50	763	617	651	709	586	630	516	404	636	1198	334	3114	883	797	631	453	800	1647	644	488	227	977	762	1256	404	617	1265	504	628	706	551	968	897	797	959	779	747	690	1713	1459	626	725	700	944	165	905	728	166	463	552	897	592	423	759	310	418	762	1648	810	700	705	1404	1694	696	626	737	759	327	418	510	368	806	1156	1595	466	490	735	656	340	730	731	1999	336	619	1644	338	658	752	414	668	298	1076	413	781	627	501	418	918	486	654	1161	508	835	343	437	298	883	473	769	516	672	918	484	1470	1172	980	587	3741	765	728	881	644	783	450	476	494	2457	433	442	1583	1097	765	558	358	641	459	404	1156	389	769
1055	1157	1075	386	523	859	1170	1051	1109	883	691	1144	346	1160	61	777	1081	1121	823	610	890	1184	1079	1136	487	133	910	1031	1404	844	1405	1269	458	0	1042	1194	1361	1830	1428	629	1269	302	67	1060	680	1065	910	1089	1010	1049	1319	1049	1016	140	1143	714	533	1051	815	1160	1204	204	859	922	455	2544	1263	1693	1068	1021	1350	501	859	879	1400	1102	1523	1100	901	672	1067	1278	1279	1664	1369	27	503	938	417	428	1138	1047	1085	1040	636	1077	955	849	1073	851	774	2807	1270	1170	1073	890	1166	1189	679	938	672	633	797	1400	849	896	1633	48	902	1038	987	1388	1252	1170	1308	1235	1089	758	2125	1053	903	1143	549	1363	622	1264	1184	619	123	415	1252	180	697	1107	487	835	799	1190	1266	1030	1153	1682	1680	335	1071	1151	1141	729	835	617	791	1181	1395	1137	912	670	1150	672	759	701	1147	1759	588	1075	1186	679	1062	1173	849	1050	530	1436	849	1136	1000	922	151	1270	908	1058	831	682	1204	725	874	533	1264	895	1125	955	852	1270	922	1046	1530	1399	707	3377	1181	1049	1264	1051	1122	54	891	948	2807	890	17	2037	1305	1200	1006	807	1017	604	849	783	827	1015
810	1035	737	1361	518	548	1167	9	2151	443	626	1006	885	1159	981	464	820	373	440	970	662	1045	848	1211	555	1173	856	1163	1765	582	1002	1210	719	1042	0	957	967	2255	1361	944	1300	975	1006	1464	932	625	856	761	469	9	1057	648	1067	1169	1146	557	979	992	843	1050	1092	898	317	410	1479	2538	1301	1310	845	1069	317	1515	538	669	1143	1359	1155	2140	1884	543	868	812	814	1172	1516	1069	542	734	883	769	1145	898	893	1188	1292	816	415	748	876	1878	470	3047	1203	1175	843	416	1192	2141	568	734	543	1227	576	669	748	1186	1557	1088	1201	1186	840	1163	1286	1175	270	803	1198	516	1816	2095	1197	1002	826	1147	671	1285	774	693	1109	789	1286	1218	344	1196	555	849	573	2142	813	1183	845	686	1260	1357	824	1026	1128	408	849	499	813	1178	469	2057	458	407	1018	596	816	668	1014	1880	1008	725	2139	940	1006	1010	421	1066	991	1417	423	1200	1058	870	1081	1309	862	1003	1849	1180	203	380	790	989	1219	857	1190	415	1313	1309	410	2082	490	1176	449	3780	1035	9	1212	991	1229	1065	878	700	2686	662	1024	1463	453	958	475	497	1064	474	748	1820	439	1340
166	123	220	1576	948	466	273	961	2065	545	552	103	1323	270	1148	596	146	1322	583	629	362	112	129	355	979	1264	284	385	2452	450	236	269	759	1194	957	0	202	2926	404	598	382	1366	1127	2108	542	333	284	196	488	965	1951	1537	294	1324	267	1285	707	191	380	138	157	992	685	560	1420	1587	385	499	138	292	1156	1419	474	365	219	571	329	2114	2058	628	130	248	246	492	610	1213	993	286	780	775	270	147	108	406	898	151	547	355	123	1737	594	3831	261	282	135	568	307	2356	1270	286	628	1732	1357	1626	355	536	600	1234	547	406	208	222	373	282	1023	214	376	1278	960	2056	541	99	1416	201	600	366	208	594	1157	1284	373	1283	924	359	979	361	1356	2357	233	409	114	1517	2202	1332	148	117	247	702	361	1130	402	279	1398	2319	518	1056	109	1292	435	1379	109	2687	672	232	2352	548	189	79	585	259	715	465	582	341	302	273	1104	392	287	192	1686	729	897	744	322	712	283	299	336	547	726	392	560	2095	1143	235	1165	4488	102	965	274	189	387	1171	308	299	1763	362	1180	863	1406	7	482	544	291	1071	355	1732	582	618
306	312	300	1747	1059	562	444	969	2263	613	689	300	1458	445	1312	690	280	1340	664	821	485	291	285	532	1095	1440	468	580	2566	558	43	402	913	1361	967	202	0	3047	478	788	522	1510	1296	2228	733	370	468	281	518	974	2002	1586	494	1496	447	1369	896	393	562	324	321	1157	742	612	1612	1581	528	362	296	492	1115	1614	567	493	204	752	192	2310	2240	748	303	156	154	303	741	1382	1106	425	955	935	450	337	292	598	1099	284	589	512	300	1936	689	3929	393	453	290	629	479	2536	1358	425	748	1869	1432	1626	512	737	628	1404	747	599	382	238	519	453	978	167	563	1354	863	2252	741	297	1530	237	748	507	209	746	1335	1409	519	1463	1005	542	1095	543	1430	2538	154	603	208	1453	2227	1521	290	309	428	792	543	1222	578	447	1374	2495	580	1139	303	1382	611	1469	304	2773	866	305	2533	739	391	269	657	458	906	551	655	519	503	460	1283	533	472	393	1885	930	866	830	490	903	419	484	517	589	926	533	612	2289	1062	248	1244	4606	284	974	410	391	567	1343	496	421	1718	485	1347	677	1399	194	515	639	491	1165	512	1929	662	809
2764	2924	2747	1555	1987	2485	2970	2261	2016	2444	2373	2905	1607	2960	1850	2358	2788	1980	2388	2427	2569	2949	2798	2949	1952	1837	2665	2847	490	2490	3090	3063	2180	1830	2255	2926	3047	0	3230	2440	3082	1579	1892	819	2485	2685	2665	2768	2561	2255	1369	1658	2816	1750	2943	1716	2355	2825	2579	2931	2978	1994	2334	2457	1956	4374	3077	3407	2788	2820	2392	2008	2479	2564	3145	2933	3233	1890	1456	2301	2796	2920	2921	3326	3198	1824	1941	2641	2219	2177	2938	2792	2820	2860	2444	2783	2487	2572	2804	2081	2359	1012	3062	2972	2791	2433	2972	1347	1717	2641	2301	1209	1681	1948	2572	2725	3441	1809	2731	2857	2723	3142	3064	2972	2462	2888	2905	1747	3887	1908	2732	2903	1516	3119	2329	3075	2841	2338	1927	1641	3064	1852	2062	2921	1952	2599	1684	1348	2913	2850	2851	2465	1527	1932	2782	2917	2936	2259	2599	1838	2548	2982	2205	1235	2478	1931	2914	1690	2520	1606	2910	627	2411	2741	1352	2485	2839	2929	2399	2845	2354	3247	2401	2947	2800	2680	1972	3084	2665	2834	2120	2512	2454	2224	2611	2356	3061	2653	2936	2487	2678	3084	2457	1798	2624	3155	1840	1562	2943	2255	3059	2825	2940	1876	2656	2634	4628	2569	1837	3668	2088	2931	2561	2408	2815	1892	2572	1979	2391	2845
554	334	623	1787	1294	847	260	1364	2122	938	889	361	1624	270	1395	973	541	1722	968	818	733	319	514	299	1319	1467	580	404	2770	824	474	168	1052	1428	1361	404	478	3230	0	799	174	1651	1362	2422	749	737	580	600	892	1369	2334	1924	414	1542	287	1651	897	414	656	322	275	1243	1078	958	1545	1198	181	461	520	410	1558	1529	857	732	278	446	405	2193	2220	980	499	611	609	593	296	1442	1337	653	1017	1052	291	480	473	401	961	545	947	688	490	1795	969	4165	171	258	520	962	262	2518	1632	653	980	2022	1729	2030	688	570	214	1461	571	404	549	240	188	258	1423	594	349	1650	720	2133	567	365	1746	242	916	172	604	903	1362	1603	188	1475	1299	327	1319	637	1728	2519	601	411	518	1913	2598	1483	538	344	293	1077	637	1490	689	248	1803	2501	913	1425	350	1652	713	1737	354	3038	845	636	2514	750	400	352	974	384	901	74	972	296	430	564	1309	178	578	404	1737	813	1300	1120	644	898	168	589	306	947	719	178	958	2192	1530	232	1536	4789	329	1369	171	415	321	1393	581	678	1406	733	1418	879	1811	404	886	922	414	1431	688	1813	967	541
