NAME : VRPTW_INSTANCE_152.txt
COMMENT : Bangkok Supermarket
TYPE : VRPTW
DIMENSION : 283
DAYS : Thursday
EDGE_WEIGHT_TYPE : EXPLICIT
VEHICLES : 38
EDGE_WEIGHT_FORMAT : FULL_MATRIX
CAPACITY : 1000
EDGE_WEIGHT_SECTION
0	981	152	404	1595	283	345	19	196	599	418	101	421	862	378	119	288	805	1035	447	152	1606	1295	1625	436	155	404	909	562	1078	338	948	426	566	153	1622	101	506	78	609	474	539	1019	1041	447	590	400	394	281	979	46	201	369	2548	653	1022	1066	709	315	1421	408	103	93	66	1627	497	422	196	849	1706	153	401	245	394	202	23	819	1680	839	412	1480	206	404	402	88	371	149	133	437	213	1137	965	395	170	381	404	298	201	916	705	1627	341	206	258	178	46	1902	1426	3453	524	661	309	1111	139	404	382	1120	1867	309	785	224	46	820	154	119	1213	308	22	825	390	398	848	394	66	24	309	437	283	622	224	580	308	368	423	85	620	527	492	85	103	111	309	527	92	178	675	538	189	861	149	890	404	405	225	2011	580	365	353	130	1035	184	1922	641	283	425	532	494	650	246	586	622	2383	1161	1606	124	365	23	1190	124	191	1126	1176	1432	506	255	539	482	409	3375	166	212	583	612	830	371	849	482	2210	60	773	344	367	357	400	1083	24	206	525	294	556	101	314	350	362	525	1108	348	923	153	3137	281	101	221	815	44	23	586	437	1017	83	984	214	505	584	820	176	246	152	2748	348	412	185	288	474	368	489	309	399	174	101	225	1138	355	355	201	1189	530	521	1001	135	258	484	1010	103	505	992	1761	300	97	737	1041	923	586
981	0	999	1065	618	1264	1091	996	808	1579	1064	979	1304	990	715	1100	969	223	1214	638	999	923	673	846	672	1067	1339	510	1518	580	1282	520	1080	1544	1134	665	1082	1235	1054	373	1452	868	552	83	982	496	1216	1211	1247	191	989	798	1307	1644	1030	224	155	1011	981	2086	1070	998	983	1001	852	1226	1093	808	539	1633	828	1213	1129	1211	1182	1005	949	932	549	814	1192	774	1339	1081	1066	785	1117	1046	1004	1089	237	58	861	1131	1137	827	958	798	83	844	852	1296	774	1141	844	989	951	558	2593	964	1088	770	206	1115	1339	1363	1039	1073	965	423	1098	989	933	961	1099	634	967	1004	622	821	1214	680	1216	1001	997	965	578	751	1149	1118	563	966	1114	994	988	1177	1508	1217	988	1063	990	974	858	989	869	1600	866	808	1369	1117	575	1218	1070	1119	2666	563	1299	1289	1111	476	842	1477	1350	751	1093	542	1222	1202	791	499	1149	1445	509	923	861	1123	1001	723	1104	1172	596	361	695	1235	726	868	1216	1214	2564	1125	956	521	963	956	785	1769	1209	1522	999	1566	1093	1291	1331	1215	580	993	1111	760	1242	534	1052	998	1093	1300	760	2004	1088	1379	1134	2180	1145	979	1170	387	1024	1005	550	756	182	1022	993	1002	576	1289	933	845	1116	999	1928	1088	1092	803	1152	1452	1125	577	770	1214	846	1052	1119	193	1099	1336	1083	1202	859	843	227	849	766	1217	210	1063	576	602	1004	770	990	251	82	1255	550
152	999	0	557	1617	305	496	164	194	596	571	254	540	730	317	179	439	848	892	546	0	1695	1230	1701	542	296	500	847	630	1010	283	884	578	600	206	1613	187	652	138	627	514	680	953	1067	598	670	539	532	361	1025	106	206	465	2510	509	1072	1102	569	467	1553	560	50	246	216	1703	643	575	194	946	1567	226	541	381	532	266	150	689	1620	770	306	1364	267	500	555	150	282	252	277	589	356	1179	992	276	276	529	295	449	206	926	841	1703	426	267	393	298	106	1940	1396	3398	672	813	247	1150	169	500	396	996	1943	460	740	366	106	693	38	178	1146	459	150	933	284	536	962	531	216	171	460	509	249	775	360	675	459	517	575	67	773	541	639	67	229	41	461	667	59	310	759	678	200	1012	252	816	542	558	361	2138	675	465	453	196	980	305	1814	784	249	577	615	640	802	360	666	775	2358	1240	1695	176	514	166	1110	176	247	1059	1234	1510	652	304	680	628	549	3309	276	76	668	759	701	282	930	628	2130	211	898	495	473	347	539	1015	173	341	424	392	641	99	467	501	459	424	1027	499	770	206	3118	419	254	177	775	164	150	678	562	1060	228	857	367	594	729	693	296	125	0	2687	499	564	272	425	514	517	575	247	537	295	99	361	1171	505	371	343	1053	670	659	1052	185	232	630	1058	229	594	917	1842	242	55	748	1066	773	678
404	1065	557	0	1626	510	81	393	523	757	15	303	297	1241	702	433	135	848	1430	427	557	1441	1545	1503	393	279	382	1173	553	1342	648	1211	22	647	437	1730	406	170	441	749	572	269	1284	1099	110	573	183	181	395	988	450	517	368	2705	1050	1018	1096	1101	108	1084	4	507	311	341	1503	161	28	523	716	2090	426	178	231	181	422	408	1195	1906	1120	779	1823	447	382	18	437	727	364	289	83	227	1145	1029	775	349	96	775	135	517	1026	429	1503	395	447	230	333	450	1879	1592	3644	187	273	650	1127	464	382	573	1483	1733	123	1025	222	450	1193	557	433	1468	122	407	654	759	181	649	188	341	386	123	503	602	218	245	516	123	81	83	490	216	665	152	490	348	516	116	266	497	301	581	269	507	459	364	1174	183	5	245	1679	516	357	353	423	1275	328	2246	296	602	29	523	156	246	335	570	218	2511	1055	1441	452	93	392	1475	440	434	1387	1136	1313	170	477	269	151	174	3594	344	614	551	272	1206	727	732	143	2471	346	501	84	337	599	182	1346	383	260	877	352	533	484	99	78	364	877	1368	75	1327	437	3240	207	303	561	1043	398	408	529	312	1029	332	1353	190	489	233	1193	334	633	557	2958	75	26	402	207	572	93	488	650	181	335	484	245	1171	78	552	238	1570	268	274	995	455	579	151	1011	348	489	1274	1616	639	501	871	1099	1326	529
1595	618	1617	1626	0	1879	1666	1609	1427	2194	1622	1585	1890	1502	1329	1715	1549	797	1702	1215	1617	775	893	606	1244	1670	1936	988	2118	956	1900	977	1637	2154	1748	325	1695	1791	1669	991	2062	1390	965	553	1529	1058	1793	1789	1853	639	1606	1416	1906	1214	1600	608	536	1567	1557	2559	1630	1616	1590	1610	615	1783	1652	1427	957	1950	1442	1789	1724	1789	1794	1619	1471	886	1059	1419	1467	1388	1936	1644	1682	1396	1727	1650	1555	1685	480	629	1467	1739	1708	1433	1536	1416	692	1309	615	1900	1388	1735	1449	1606	365	546	2176	1491	1583	1386	499	1731	1936	1978	1462	724	1542	975	1693	1606	1454	1579	1714	915	1543	1618	1043	1429	1791	1083	1795	1610	1610	1542	1175	1370	1663	1716	1110	1543	1687	1547	1606	1695	2122	1774	1606	1673	1608	1551	1385	1607	1471	2189	1389	1425	1844	1727	1060	1795	1631	1717	3111	1110	1897	1887	1725	879	1446	1580	1889	1370	1651	1114	1778	1715	1390	1062	1663	970	683	775	1477	1696	1614	1042	1719	1785	939	518	607	1791	1340	1390	1775	1789	2207	1733	1574	1078	1464	1475	1396	2352	1767	1395	1609	2114	1668	1887	1948	1792	953	1606	1711	1351	1844	1099	1669	1574	1667	1899	1351	2617	1662	1926	1748	1636	1736	1585	1788	933	1638	1619	1098	1315	597	1630	1464	1594	1148	1834	1454	1450	1734	1617	1596	1662	1653	1413	1742	2062	1698	1155	1386	1791	1451	1669	1717	461	1673	1950	1681	1629	1384	1372	631	1465	1385	1775	615	1673	1148	1033	729	1387	1608	870	554	1783	1098
283	1264	305	510	1879	0	429	270	464	316	526	315	333	999	620	164	455	1088	1126	713	305	1863	1536	1894	696	259	249	1152	334	1316	154	1189	524	295	130	1899	185	521	210	892	208	733	1259	1325	598	864	393	389	129	1261	276	472	224	2812	757	1304	1350	824	472	1327	511	282	308	278	1895	514	513	464	1106	1807	436	398	279	389	98	260	963	1925	1075	608	1647	490	249	498	197	587	172	266	578	290	1420	1249	574	174	435	596	470	472	1198	906	1895	175	490	281	445	276	2185	1694	3704	683	782	548	1394	150	249	98	1272	2134	476	1041	291	276	970	340	164	1452	474	261	1071	587	392	1086	384	278	269	476	717	540	710	266	845	475	437	569	286	695	244	515	286	221	293	471	724	288	432	472	732	461	901	172	1122	396	508	266	1897	845	230	222	154	1285	450	2102	625	540	516	805	514	718	512	860	710	2654	1430	1863	403	428	265	1414	160	98	1365	1456	1700	521	538	733	503	407	3614	181	378	854	774	974	587	637	507	2434	278	671	426	249	90	394	1321	274	254	726	179	827	220	461	433	221	726	868	435	930	130	3411	306	315	145	1075	241	260	852	674	1300	263	1131	371	776	586	970	443	259	305	2993	435	502	467	307	208	429	761	548	393	442	220	266	1422	434	71	283	1308	728	724	1283	415	518	505	1292	221	776	1223	2025	542	287	1019	1325	979	852
345	1091	496	81	1666	429	0	331	486	677	96	247	232	1198	672	359	124	878	1379	454	496	1509	1540	1567	423	207	308	1163	485	1333	569	1202	95	571	361	1756	334	173	372	759	494	338	1274	1131	183	608	126	122	313	1027	389	482	291	2724	998	1059	1132	1052	110	1103	82	445	254	280	1566	163	85	486	775	2046	392	122	150	122	343	345	1153	1908	1105	738	1794	422	308	69	367	688	287	221	158	151	1186	1058	730	271	47	733	133	482	1046	504	1566	315	422	148	308	389	1929	1606	3657	265	353	614	1166	390	308	491	1446	1799	126	1019	144	389	1152	500	360	1462	124	345	718	717	124	717	129	280	325	126	518	570	289	165	558	125	26	154	429	281	586	156	429	277	455	117	334	437	275	526	338	471	516	287	1159	128	79	165	1698	558	280	275	349	1271	305	2223	310	570	88	554	159	309	327	604	289	2535	1113	1509	410	31	330	1461	367	356	1379	1185	1375	173	458	338	149	122	3601	266	558	588	353	1164	688	685	145	2466	285	490	3	261	518	126	1337	322	181	841	270	567	416	92	4	287	841	1286	6	1263	361	3271	125	247	485	1040	333	345	569	352	1068	267	1314	139	520	248	1152	309	563	496	2966	6	74	376	126	494	34	516	614	124	309	416	165	1208	10	471	163	1526	336	339	1037	415	545	150	1052	277	520	1260	1682	604	441	885	1130	1268	569
19	996	164	393	1609	270	331	0	215	586	407	92	403	879	397	107	279	818	1051	455	164	1612	1314	1634	441	138	385	928	544	1097	332	967	414	550	139	1638	85	491	71	625	458	536	1038	1055	439	599	383	376	262	991	58	219	350	2566	669	1034	1080	725	306	1403	396	114	83	52	1635	481	410	215	855	1722	167	384	227	376	186	17	836	1699	858	430	1498	221	385	390	79	390	130	116	429	197	1150	980	412	151	366	422	290	219	932	704	1635	323	221	240	184	58	1915	1443	3472	517	653	328	1124	129	385	368	1138	1875	301	803	207	58	838	169	106	1232	300	16	829	408	381	851	376	52	6	301	448	302	611	206	587	300	353	415	97	608	512	477	97	84	124	301	524	105	180	656	535	207	847	130	909	387	394	207	1993	587	346	334	115	1054	190	1940	625	302	413	541	478	638	252	595	611	2400	1169	1612	141	351	5	1209	112	175	1145	1188	1441	491	270	536	467	392	3394	147	228	592	606	847	390	831	466	2229	46	755	330	348	346	383	1102	9	188	544	275	564	102	304	336	343	544	1102	334	934	139	3154	264	92	217	833	28	17	593	439	1029	66	1001	203	514	568	838	182	250	164	2767	334	400	197	270	458	353	498	328	381	180	102	207	1152	341	341	184	1206	528	519	1013	152	277	469	1022	84	514	1011	1768	319	109	753	1055	937	593
196	808	194	523	1427	464	486	215	0	773	534	253	609	719	188	305	388	653	915	377	194	1509	1099	1509	381	337	600	713	759	882	474	752	545	756	339	1435	293	659	255	436	665	567	824	875	527	484	570	563	477	831	188	13	565	2353	545	877	908	588	417	1587	527	189	250	246	1512	648	547	0	767	1568	97	570	424	563	395	217	672	1483	645	257	1308	100	600	527	269	203	346	312	527	387	984	799	259	367	530	254	392	13	739	710	1512	538	100	438	194	188	1746	1232	3256	586	741	127	956	313	600	561	960	1752	405	588	398	188	670	159	304	1017	404	216	763	237	567	798	565	246	219	405	323	88	726	405	499	404	512	512	180	733	708	642	180	298	181	409	552	180	223	872	565	16	979	346	696	573	526	406	2181	499	561	549	319	838	201	1742	796	88	549	433	645	764	228	481	726	2191	1050	1509	80	513	220	998	307	380	931	1039	1320	659	119	567	634	576	3179	362	177	486	662	683	203	1046	631	2016	241	952	486	561	524	570	887	217	390	355	491	459	245	424	491	558	355	1221	487	864	339	2947	457	253	361	619	239	217	500	424	866	268	829	348	416	735	670	193	318	194	2551	487	539	133	464	665	516	396	127	568	192	245	406	977	497	535	375	1047	556	542	857	72	62	636	864	298	416	799	1652	117	181	559	874	830	500
599	1579	596	757	2194	316	677	586	773	0	771	626	488	1199	913	480	739	1405	1279	1024	596	2164	1810	2202	1005	557	385	1433	287	1590	326	1469	765	147	447	2207	501	704	524	1205	187	1010	1535	1641	860	1177	593	592	376	1578	589	782	391	3103	949	1620	1666	1020	749	1310	756	585	619	592	2203	701	750	773	1410	1946	752	599	543	592	407	576	1173	2201	1352	877	1855	806	385	741	512	868	480	569	836	569	1737	1565	835	474	665	864	754	782	1511	1180	2203	362	806	539	759	589	2501	1992	3979	943	1009	843	1711	463	385	218	1474	2441	757	1335	566	589	1183	633	480	1726	755	577	1369	858	594	1378	585	592	586	757	1032	843	921	539	1154	756	676	830	592	898	91	706	592	532	594	750	1003	593	744	410	1009	772	1055	480	1395	595	754	539	1832	1154	402	404	470	1570	763	2315	761	843	753	1118	703	913	825	1173	921	2954	1739	2164	717	665	581	1675	475	413	1639	1771	2009	704	854	1010	694	607	3878	481	658	1166	1030	1182	868	511	702	2686	593	708	674	424	249	594	1596	591	535	991	409	1140	527	735	680	394	991	630	683	1017	447	3714	555	626	418	1371	557	576	1162	973	1616	575	1336	661	1088	747	1183	758	506	596	3264	683	741	784	553	187	664	1075	843	594	756	527	539	1738	679	245	566	1480	1006	1005	1599	729	823	696	1608	532	1088	1493	2330	838	592	1331	1640	1110	1162
418	1064	571	15	1622	526	96	407	534	771	0	317	308	1252	712	448	145	846	1442	426	571	1430	1549	1494	393	294	395	1179	565	1347	663	1217	15	660	453	1729	421	171	455	752	586	258	1289	1097	100	571	194	192	410	984	464	527	382	2705	1063	1013	1092	1113	117	1078	14	521	324	355	1493	162	30	534	708	2101	436	188	247	192	438	422	1205	1909	1126	790	1832	456	395	30	451	737	379	304	72	243	1141	1027	787	365	108	786	143	527	1025	417	1493	409	456	245	343	464	1873	1593	3645	174	257	660	1123	479	395	588	1493	1723	131	1030	238	464	1204	570	448	1473	131	422	645	770	192	639	199	355	400	131	505	612	203	261	513	131	95	76	503	203	679	153	503	363	530	125	257	511	311	589	259	517	447	379	1181	194	17	261	1673	513	371	367	439	1279	338	2253	293	612	28	522	157	233	342	567	203	2510	1046	1430	463	106	406	1481	455	450	1392	1130	1304	171	485	258	153	184	3596	359	627	548	258	1217	737	738	145	2475	360	501	99	350	615	193	1351	397	275	887	366	531	498	109	93	378	887	1382	91	1341	453	3238	222	317	576	1048	413	422	525	309	1026	346	1363	203	488	230	1204	344	647	571	2960	91	33	411	222	586	106	488	660	192	344	498	261	1168	93	567	253	1581	259	265	991	466	589	153	1007	363	488	1280	1605	649	515	872	1097	1339	525
101	979	254	303	1585	315	247	92	253	626	317	0	359	952	442	170	187	789	1131	399	254	1549	1344	1579	380	90	366	960	540	1130	406	999	325	569	193	1632	141	414	154	615	477	449	1071	1033	347	551	317	310	267	958	147	252	332	2575	750	998	1051	804	214	1337	306	204	9	45	1580	404	322	253	791	1799	173	317	172	310	219	108	907	1724	894	495	1559	219	366	302	156	448	145	67	337	134	1118	958	483	154	286	489	198	252	921	618	1580	317	219	186	136	147	1880	1451	3490	426	561	378	1093	199	366	409	1204	1819	209	826	145	147	908	254	169	1263	208	108	759	473	315	777	312	45	86	209	411	341	520	154	530	208	271	323	186	519	544	399	186	94	213	208	437	194	118	636	447	240	761	145	947	321	304	156	1929	530	326	314	170	1079	139	1995	550	341	325	492	401	549	199	547	520	2401	1114	1549	173	270	92	1249	177	216	1178	1145	1385	414	267	449	389	324	3420	147	311	540	515	919	448	810	388	2265	48	698	247	321	401	317	1134	82	141	603	263	514	192	213	252	325	603	1171	250	1025	193	3150	204	0	296	853	106	108	537	363	997	52	1070	113	462	491	908	135	342	254	2790	250	312	181	211	477	273	449	378	315	134	192	156	1125	257	381	123	1280	441	433	977	181	315	391	987	94	462	1049	1709	368	198	745	1033	1023	537
421	1304	540	297	1890	333	232	403	609	488	308	359	0	1271	797	363	341	1097	1425	675	540	1738	1704	1798	646	272	104	1320	257	1489	488	1358	298	361	343	1967	353	215	402	956	301	565	1431	1349	407	832	114	115	207	1252	452	610	113	2923	1045	1286	1355	1107	336	1015	294	495	360	364	1798	212	281	609	1007	2104	532	120	187	115	292	408	1230	2082	1253	832	1900	576	104	279	390	793	288	296	380	227	1412	1275	811	263	200	824	354	610	1254	725	1798	161	576	173	475	452	2159	1801	3846	481	523	729	1391	383	104	350	1535	2029	350	1185	216	452	1233	560	364	1623	348	408	949	810	115	946	108	364	397	350	726	697	433	204	786	349	218	379	485	409	398	217	485	320	507	341	563	492	445	298	565	598	581	288	1305	114	292	203	1598	786	104	111	347	1438	475	2343	294	697	284	776	214	425	517	828	433	2742	1346	1738	529	207	398	1608	368	313	1537	1415	1607	215	622	565	206	125	3779	264	615	813	561	1242	793	464	213	2624	368	358	229	84	402	115	1494	398	219	947	160	791	442	318	232	114	947	1116	237	1256	343	3484	161	359	449	1211	387	408	797	582	1293	342	1397	303	742	265	1233	475	556	540	3147	237	275	534	154	301	205	736	729	116	474	442	203	1430	228	340	236	1593	565	569	1264	538	672	207	1278	320	742	1408	1912	720	494	1084	1349	1291	797
862	990	730	1241	1502	999	1198	879	719	1199	1252	952	1271	0	556	909	1107	998	232	1008	730	1901	753	1836	1028	1017	1225	513	1332	577	891	525	1264	1264	932	1351	918	1366	869	789	1194	1260	549	1073	1244	1026	1263	1256	1085	1134	824	726	1192	2051	250	1183	1143	179	1136	2282	1245	777	947	928	1841	1357	1265	719	1290	848	817	1264	1106	1256	990	870	50	1115	448	462	655	805	1225	1244	881	516	983	995	1246	1076	1227	1024	468	1007	1239	466	1111	726	910	1372	1841	1150	805	1119	913	824	1867	1065	2847	1296	1455	595	1196	893	1225	1063	275	2062	1124	566	1087	824	60	713	908	681	1124	870	1327	482	1260	1379	1256	928	886	1124	910	647	1445	1085	1081	1123	1223	1230	788	1452	1184	1351	788	956	764	1128	1244	781	943	1471	1257	735	1698	983	442	1266	1244	1086	2869	1081	1192	1181	926	630	919	1115	1502	647	1267	1004	1353	1484	934	1024	1445	1962	1450	1901	789	1222	883	578	905	969	613	1343	1676	1366	791	1260	1342	1271	2718	1007	656	1043	1364	39	516	1635	1341	1515	922	1629	1198	1202	996	1263	582	886	1066	376	1121	1025	829	1143	1203	1186	376	1312	1200	438	932	2719	1144	952	854	602	889	870	1074	1103	1148	945	136	1059	1009	1444	60	911	739	730	2128	1200	1256	848	1150	1194	1225	989	595	1261	911	829	1086	1179	1208	1047	1063	328	1248	1231	1174	786	668	1344	1166	956	1009	482	1994	605	778	810	1072	283	1074
378	715	317	702	1329	620	672	397	188	913	712	442	797	556	0	473	567	605	768	463	317	1507	920	1485	479	525	782	534	933	701	593	572	724	916	506	1302	467	845	423	366	827	704	643	790	693	518	759	752	654	779	359	190	747	2192	426	828	837	451	595	1774	707	338	439	433	1489	834	728	188	803	1399	279	758	613	752	565	396	506	1307	461	125	1122	255	782	708	437	75	525	500	697	576	919	719	161	548	716	133	568	190	637	824	1489	717	255	627	368	359	1666	1079	3084	741	900	71	889	474	782	713	782	1726	581	422	587	359	502	281	472	837	581	395	820	120	756	865	754	433	402	581	375	101	896	594	557	580	698	681	337	906	859	828	337	481	327	586	689	334	401	1052	702	202	1151	525	511	762	705	595	2368	557	744	732	489	665	374	1554	982	101	730	481	831	938	381	515	896	2041	1043	1507	268	699	402	812	473	548	750	996	1302	845	235	704	820	764	3000	544	255	529	808	518	75	1226	817	1831	428	1140	672	746	664	758	706	400	578	179	672	506	401	603	676	740	179	1289	672	776	506	2802	646	442	494	458	418	396	554	548	808	455	655	534	477	920	502	367	416	317	2376	672	720	300	653	827	702	456	71	757	367	401	595	899	682	688	564	880	692	676	811	261	126	822	813	481	477	614	1635	78	333	465	790	711	554
119	1100	179	433	1715	164	359	107	305	480	448	170	363	909	473	0	343	925	1062	559	179	1715	1393	1739	544	153	320	1008	460	1174	236	1046	451	451	34	1738	29	496	50	728	360	615	1116	1161	500	705	375	369	183	1098	116	311	285	2658	682	1141	1186	744	366	1378	435	139	161	126	1740	487	444	305	957	1741	272	378	221	369	91	96	869	1781	934	482	1544	326	320	426	36	452	79	146	484	208	1257	1085	455	102	383	472	356	311	1035	786	1740	248	326	231	288	116	2022	1537	3557	582	704	402	1231	31	320	262	1175	1980	365	890	216	116	873	205	1	1310	363	97	927	460	373	947	367	126	107	365	555	385	648	201	691	363	376	472	136	641	408	485	136	87	152	362	604	140	280	583	614	300	870	79	983	378	432	202	1961	691	285	273	16	1137	293	1993	621	385	447	647	486	668	356	701	648	2496	1275	1715	240	370	102	1280	7	75	1223	1295	1546	496	374	615	474	386	3474	103	256	697	673	880	452	756	475	2301	125	721	357	293	239	375	1179	112	182	600	212	670	80	359	364	279	600	1002	364	912	34	3252	259	170	130	922	78	96	697	533	1136	118	1037	258	619	571	873	286	206	179	2849	364	433	304	264	360	372	604	402	374	285	80	202	1258	367	235	196	1230	608	601	1120	252	362	476	1130	87	619	1085	1873	394	142	855	1161	934	697
288	969	439	135	1549	455	124	279	388	739	145	187	341	1107	567	343	0	758	1299	334	439	1427	1419	1474	304	198	399	1044	581	1213	574	1082	157	650	356	1633	314	290	338	634	565	278	1155	1010	159	490	247	242	362	910	334	382	374	2600	921	944	1014	970	28	1215	139	390	196	230	1474	280	161	388	680	1956	291	244	197	242	359	296	1060	1785	988	645	1688	312	399	142	337	592	288	198	149	170	1070	937	643	282	172	642	15	382	922	451	1474	384	312	203	198	334	1819	1481	3532	240	373	515	1049	374	399	535	1348	1710	22	898	172	334	1059	434	343	1341	20	295	631	625	245	639	247	230	273	22	393	467	341	199	446	20	149	135	372	345	650	272	372	256	398	21	269	380	166	639	277	372	590	288	1042	249	138	200	1811	446	364	356	337	1149	193	2112	424	467	163	435	275	376	205	486	341	2412	1015	1427	319	156	279	1344	350	365	1259	1076	1281	290	343	278	267	245	3477	275	490	472	330	1072	592	803	262	2345	235	613	126	349	546	246	1217	269	205	742	332	450	378	37	127	368	742	1324	122	1209	356	3149	195	187	473	918	291	296	456	244	951	228	1218	85	401	361	1059	199	529	439	2842	122	154	266	200	565	159	395	515	245	199	378	200	1089	133	510	174	1436	272	268	922	321	443	268	936	256	401	1143	1596	504	384	760	1009	1199	456
805	223	848	848	797	1088	878	818	653	1405	846	789	1097	998	605	925	758	0	1230	424	848	916	846	881	456	873	1139	592	1321	710	1125	615	861	1358	958	883	904	1017	882	239	1266	645	667	252	761	275	1004	1000	1057	177	820	641	1109	1866	983	225	262	979	768	1863	852	838	794	816	885	1008	875	653	352	1725	653	1001	928	1000	1000	829	952	1140	602	721	1315	600	1139	864	893	680	932	854	784	889	332	181	764	943	923	732	746	641	211	626	885	1103	600	939	652	820	1097	778	2816	741	865	645	305	943	1139	1187	1104	1121	753	459	897	820	938	812	924	793	754	828	426	722	1002	485	1005	816	819	753	378	614	926	919	340	753	901	774	826	954	1329	999	826	878	833	762	635	828	674	1395	643	649	1147	932	643	1007	853	920	2444	340	1101	1091	934	609	649	1642	1129	614	874	324	1004	979	593	278	926	1664	455	916	692	909	823	860	930	993	737	392	702	1017	553	645	999	1001	2786	937	818	299	740	961	680	1561	991	1729	815	1347	881	1090	1162	1004	711	814	914	699	1047	314	887	786	880	1102	699	1872	875	1341	958	2393	941	789	1009	439	847	829	327	537	212	835	1031	798	359	1069	938	654	971	848	2149	875	874	621	947	1266	912	362	645	1002	654	887	920	336	886	1159	884	1256	636	620	207	681	623	999	211	878	359	701	1033	643	830	189	251	1238	327
1035	1214	892	1430	1702	1126	1379	1051	915	1279	1442	1131	1425	232	768	1062	1299	1230	0	1228	892	2130	894	2061	1247	1187	1367	722	1451	752	998	727	1452	1365	1081	1525	1076	1542	1028	1021	1306	1471	737	1297	1443	1254	1431	1424	1228	1364	994	924	1335	2145	382	1412	1368	328	1328	2440	1434	941	1125	1102	2066	1533	1451	915	1521	680	1012	1433	1273	1424	1135	1039	280	1218	666	661	626	1008	1367	1431	1039	718	1140	1167	1442	1247	1452	1251	656	1164	1417	662	1304	924	1135	1592	2066	1290	1008	1285	1110	994	2068	1233	2889	1501	1657	798	1421	1042	1367	1176	295	2284	1317	792	1258	994	292	881	1062	833	1316	1039	1557	679	1429	1608	1423	1102	1058	1317	1133	852	1640	1252	1307	1316	1403	1427	955	1644	1280	1528	955	1121	929	1320	1456	947	1138	1594	1469	932	1889	1140	651	1434	1432	1253	3019	1307	1338	1327	1079	823	1116	1076	1675	852	1454	1230	1530	1675	1139	1253	1640	2082	1682	2130	979	1401	1054	714	1058	1114	780	1571	1904	1542	999	1471	1518	1441	2738	1165	823	1271	1572	270	718	1749	1518	1540	1096	1782	1378	1350	1106	1431	757	1059	1233	594	1268	1252	986	1332	1384	1330	594	1278	1381	337	1081	2827	1311	1131	986	826	1056	1039	1301	1317	1376	1117	238	1243	1233	1619	292	1108	872	892	2174	1381	1442	1048	1317	1306	1404	1213	798	1429	1107	986	1253	1401	1389	1164	1234	211	1459	1444	1404	978	870	1520	1396	1121	1233	669	2219	808	944	1042	1296	182	1301
447	638	546	427	1215	713	454	455	377	1024	426	399	675	1008	463	559	334	424	1228	0	546	1158	1150	1180	34	471	724	801	907	962	786	837	442	958	587	1304	532	597	526	339	868	278	906	676	351	157	580	576	658	577	478	364	696	2278	888	612	679	915	344	1480	431	516	406	435	1182	588	455	377	402	1835	320	577	513	576	618	469	958	1496	764	583	1502	282	724	442	534	525	544	456	370	476	737	604	605	551	499	586	322	364	599	364	1182	696	282	523	270	478	1492	1168	3219	354	504	452	716	584	724	808	1203	1421	328	646	483	478	951	518	558	1079	330	468	387	570	578	421	581	435	453	328	103	399	539	507	132	329	476	358	499	562	942	579	499	493	516	337	264	504	281	973	276	364	785	544	818	582	432	508	2071	132	687	677	563	882	265	1894	716	399	454	100	583	591	202	153	539	2084	716	1158	369	485	458	1105	565	615	1003	751	987	597	259	278	578	577	3175	543	551	142	388	969	525	1138	570	2071	436	928	456	674	797	580	965	447	505	634	640	118	545	361	456	689	634	1555	450	1228	587	2816	522	399	669	655	482	469	138	127	617	450	1091	382	67	654	951	273	669	546	2539	450	453	274	528	868	488	61	452	578	274	545	508	755	462	781	474	1322	267	249	590	361	389	578	603	493	67	910	1314	444	507	451	676	1173	138
152	999	0	557	1617	305	496	164	194	596	571	254	540	730	317	179	439	848	892	546	0	1695	1230	1701	542	296	500	847	630	1010	283	884	578	600	206	1613	187	652	138	627	514	680	953	1067	598	670	539	532	361	1025	106	206	465	2510	509	1072	1102	569	467	1553	560	50	246	216	1703	643	575	194	946	1567	226	541	381	532	266	150	689	1620	770	306	1364	267	500	555	150	282	252	277	589	356	1179	992	276	276	529	295	449	206	926	841	1703	426	267	393	298	106	1940	1396	3398	672	813	247	1150	169	500	396	996	1943	460	740	366	106	693	38	178	1146	459	150	933	284	536	962	531	216	171	460	509	249	775	360	675	459	517	575	67	773	541	639	67	229	41	461	667	59	310	759	678	200	1012	252	816	542	558	361	2138	675	465	453	196	980	305	1814	784	249	577	615	640	802	360	666	775	2358	1240	1695	176	514	166	1110	176	247	1059	1234	1510	652	304	680	628	549	3309	276	76	668	759	701	282	930	628	2130	211	898	495	473	347	539	1015	173	341	424	392	641	99	467	501	459	424	1027	499	770	206	3118	419	254	177	775	164	150	678	562	1060	228	857	367	594	729	693	296	125	0	2687	499	564	272	425	514	517	575	247	537	295	99	361	1171	505	371	343	1053	670	659	1052	185	232	630	1058	229	594	917	1842	242	55	748	1066	773	678
1606	923	1695	1441	775	1863	1509	1612	1509	2164	1430	1549	1738	1901	1507	1715	1427	916	2130	1158	1695	0	1520	180	1171	1609	1817	1433	1994	1487	1945	1442	1441	2076	1741	1094	1688	1567	1684	1151	1993	1172	1467	845	1330	1025	1624	1622	1788	766	1636	1495	1797	1940	1899	718	769	1894	1420	2105	1443	1671	1557	1589	171	1563	1457	1509	757	2545	1473	1618	1624	1622	1766	1627	1857	1627	1471	1629	2084	1428	1817	1459	1691	1583	1691	1598	1357	1596	692	881	1669	1693	1537	1639	1412	1495	998	1018	171	1812	1428	1631	1428	1636	716	1241	2881	1259	1273	1535	721	1741	1817	1953	1963	311	1410	1338	1599	1636	1842	1664	1714	1507	1412	1626	796	1627	1622	792	1629	1589	1610	1410	1186	1494	1372	1626	1025	1412	1520	1358	1655	1406	2076	1554	1655	1643	1669	1418	1175	1659	1435	2014	1172	1499	1457	1691	1499	1624	1445	1627	2589	1025	1787	1780	1718	1385	1422	2291	1616	1494	1455	1080	1559	1412	1359	1028	1372	1679	464	0	1521	1531	1616	1617	1721	1765	1492	562	229	1567	1392	1172	1561	1614	2944	1686	1685	1027	1190	1865	1583	2146	1552	2165	1590	1836	1512	1769	1950	1623	1486	1605	1630	1615	1759	1054	1703	1436	1508	1792	1615	2714	1504	2257	1741	2224	1619	1549	1827	1306	1639	1627	1020	1191	753	1602	1915	1503	1102	1578	1842	1430	1821	1695	2353	1504	1463	1429	1623	1993	1532	1121	1535	1622	1431	1703	1627	754	1511	1927	1598	2126	1173	1170	727	1511	1497	1560	734	1643	1102	1522	186	1531	1662	1095	846	2152	1020
1295	673	1230	1545	893	1536	1540	1314	1099	1810	1549	1344	1704	753	920	1393	1419	846	894	1150	1230	1520	0	1396	1183	1433	1700	385	1854	220	1483	347	1564	1830	1426	652	1387	1709	1343	810	1744	1424	277	724	1493	1060	1648	1641	1574	864	1279	1097	1664	1313	948	892	797	888	1441	2624	1549	1257	1344	1344	1404	1699	1573	1099	1196	1057	1171	1646	1516	1641	1485	1314	744	391	460	933	577	1128	1700	1556	1357	948	1444	1408	1508	1477	852	732	974	1466	1588	946	1414	1097	641	1452	1404	1636	1128	1530	1236	1279	1247	360	2169	1504	1653	991	830	1393	1700	1625	613	1579	1425	521	1488	1279	727	1196	1392	84	1425	1313	1272	953	1645	1332	1645	1344	1319	1425	1054	1012	1689	1499	1135	1425	1566	1494	1257	1710	1767	1691	1257	1397	1245	1432	1411	1254	1269	1971	1422	1109	1935	1444	415	1651	1549	1500	3218	1135	1660	1649	1409	269	1239	803	1841	1012	1574	1081	1694	1740	1213	1061	1689	1209	1167	1520	1177	1571	1319	179	1393	1468	171	990	1294	1709	1086	1424	1686	1650	2080	1461	1159	1086	1532	742	948	2145	1681	926	1340	2029	1541	1660	1570	1647	215	1316	1485	819	1590	1087	1319	1455	1543	1657	819	2046	1539	1187	1426	1969	1545	1344	1401	501	1337	1314	1122	1278	849	1367	664	1415	1107	1777	727	1236	1304	1230	1457	1539	1568	1172	1552	1744	1574	1097	991	1645	1237	1319	1500	782	1550	1601	1467	771	1413	1395	898	1167	1037	1687	880	1397	1107	318	1548	999	1253	714	723	1024	1122
1625	846	1701	1503	606	1894	1567	1634	1509	2202	1494	1579	1798	1836	1485	1739	1474	881	2061	1180	1701	180	1396	0	1198	1645	1871	1349	2051	1385	1962	1354	1506	2124	1768	930	1713	1641	1704	1121	2037	1235	1371	763	1394	1036	1686	1684	1829	714	1652	1496	1849	1760	1857	664	692	1846	1471	2237	1506	1682	1586	1616	8	1636	1523	1509	794	2438	1484	1681	1671	1684	1798	1648	1794	1474	1395	1603	1969	1436	1871	1522	1713	1561	1724	1632	1421	1639	609	812	1646	1728	1598	1614	1459	1496	926	1095	8	1858	1436	1678	1451	1652	539	1098	2701	1328	1362	1521	640	1764	1871	1987	1874	242	1459	1269	1643	1652	1779	1667	1739	1392	1461	1647	849	1604	1685	857	1691	1616	1632	1459	1193	1484	1458	1670	1049	1461	1580	1419	1667	1493	2117	1627	1667	1673	1678	1468	1236	1670	1461	2083	1235	1501	1568	1724	1417	1687	1508	1671	2737	1049	1838	1831	1744	1286	1446	2151	1703	1484	1521	1093	1632	1502	1383	1039	1458	1499	464	180	1531	1591	1638	1507	1745	1795	1385	497	193	1641	1397	1235	1633	1678	2764	1720	1683	1042	1268	1801	1561	2224	1624	2001	1616	1927	1570	1822	1978	1685	1383	1627	1671	1576	1804	1069	1720	1487	1566	1843	1576	2727	1561	2213	1768	2051	1669	1579	1844	1234	1662	1648	1042	1232	693	1631	1838	1544	1120	1660	1779	1453	1827	1701	2174	1561	1527	1443	1674	2037	1592	1136	1521	1684	1454	1720	1671	662	1570	1960	1640	2040	1235	1229	678	1520	1490	1632	680	1673	1120	1430	158	1518	1673	1047	764	2097	1042
436	672	542	393	1244	696	423	441	381	1005	393	380	646	1028	479	544	304	456	1247	34	542	1171	1183	1198	0	449	697	833	880	994	774	868	408	935	571	1337	517	563	513	373	846	248	938	708	316	185	549	545	635	606	469	368	670	2312	901	640	709	931	313	1445	398	510	388	418	1199	555	421	381	413	1859	316	545	487	545	599	457	978	1530	794	597	1530	283	697	409	520	538	525	435	336	451	766	636	617	530	467	600	292	368	633	345	1199	671	283	497	257	469	1518	1203	3253	320	472	464	745	570	697	789	1228	1438	297	678	457	469	972	516	543	1112	299	456	391	583	547	421	551	418	439	297	133	409	506	482	149	298	445	324	492	528	921	546	492	474	510	306	233	497	264	944	246	366	752	525	849	551	398	483	2037	149	660	651	547	915	251	1925	682	409	421	131	550	557	189	182	506	2117	734	1171	366	454	445	1136	550	597	1036	776	1004	563	266	248	544	546	3209	523	552	168	358	990	538	1107	537	2105	419	894	425	647	781	548	998	434	481	653	616	145	535	330	424	663	653	1544	419	1238	571	2849	495	380	657	688	468	457	158	94	647	432	1114	357	97	620	972	259	664	542	2573	419	420	269	500	846	456	95	464	547	261	535	483	785	430	762	449	1345	236	218	618	358	398	545	632	474	97	941	1329	455	501	485	708	1188	158
155	1067	296	279	1670	259	207	138	337	557	294	90	272	1017	525	153	198	873	1187	471	296	1609	1433	1645	449	0	275	1048	451	1218	377	1087	298	487	160	1722	127	356	166	705	397	476	1159	1119	349	627	245	238	186	1039	193	337	242	2665	804	1078	1135	862	217	1265	281	246	89	92	1646	346	291	337	853	1860	262	246	89	238	161	148	974	1813	981	567	1634	310	275	272	159	524	90	24	333	60	1200	1044	550	85	235	559	212	337	1009	648	1646	229	310	103	222	193	1960	1542	3581	433	550	458	1176	184	275	344	1275	1884	219	916	70	193	976	306	154	1351	218	148	814	545	243	827	238	92	131	219	494	425	495	69	599	218	225	321	232	489	471	343	232	70	257	215	466	239	198	545	475	325	721	90	1033	249	279	70	1855	599	235	224	144	1168	224	2075	488	425	294	568	344	517	280	623	495	2491	1182	1609	257	221	134	1335	161	167	1265	1222	1452	356	357	476	332	254	3510	78	364	614	525	986	524	719	332	2352	97	619	205	231	349	245	1222	131	52	679	174	589	210	209	212	235	679	1127	211	1057	160	3240	126	90	282	943	131	148	607	417	1079	72	1139	112	537	433	976	221	355	296	2880	211	280	271	132	397	223	525	458	244	221	210	70	1209	215	318	47	1343	469	465	1057	266	400	334	1068	70	537	1135	1773	449	243	834	1119	1068	607
404	1339	500	382	1936	249	308	385	600	385	395	366	104	1225	782	320	399	1139	1367	724	500	1817	1700	1871	697	275	0	1314	183	1483	401	1352	387	264	293	1996	318	320	366	980	197	647	1424	1388	490	882	209	208	140	1300	425	603	35	2941	991	1337	1400	1056	400	1079	381	459	364	357	1871	316	372	600	1077	2047	535	215	211	208	235	386	1187	2083	1244	802	1864	585	0	365	353	769	257	298	464	250	1461	1314	776	234	287	792	413	603	1283	812	1871	76	585	200	496	425	2216	1817	3854	570	624	712	1439	333	0	250	1494	2105	412	1187	242	425	1191	525	321	1617	410	387	1024	780	209	1025	201	357	381	412	762	687	535	220	843	411	301	462	454	512	294	320	454	302	472	404	642	459	469	271	647	591	684	257	1294	210	378	219	1652	843	40	51	303	1438	497	2313	395	687	374	824	318	529	548	878	535	2767	1414	1817	523	289	380	1594	323	256	1531	1473	1679	320	633	647	309	222	3779	238	576	866	653	1198	769	446	316	2614	361	422	305	50	307	210	1487	383	228	920	110	842	401	383	310	42	920	1012	314	1180	293	3515	203	366	381	1215	364	386	853	644	1341	335	1355	341	791	369	1191	495	494	500	3151	314	363	547	198	197	289	782	712	210	495	401	219	1475	307	243	255	1542	645	647	1315	533	662	311	1328	302	791	1397	1989	704	461	1109	1388	1225	853
909	510	847	1173	988	1152	1163	928	713	1433	1179	960	1320	513	534	1008	1044	592	722	801	847	1433	385	1349	833	1048	1314	0	1468	169	1107	38	1194	1447	1041	859	1002	1334	958	474	1360	1080	111	589	1130	740	1267	1261	1188	683	893	711	1278	1673	634	726	664	590	1068	2257	1178	872	959	959	1355	1324	1202	713	937	1135	788	1266	1133	1261	1100	928	483	773	84	556	727	746	1314	1184	972	566	1058	1024	1143	1093	743	555	600	1080	1211	570	1040	711	439	1134	1355	1250	746	1147	857	893	1353	591	2551	1151	1306	606	713	1008	1314	1242	529	1567	1052	155	1104	893	465	812	1007	303	1052	928	999	575	1264	1057	1264	959	933	1052	700	626	1332	1115	812	1052	1190	1129	872	1351	1386	1316	872	1012	860	1059	1066	868	890	1585	1078	723	1583	1058	71	1270	1177	1116	2853	812	1275	1263	1023	141	859	1093	1468	626	1203	747	1320	1381	839	740	1332	1541	1009	1433	792	1194	933	303	1008	1083	217	871	1204	1334	705	1080	1311	1270	2466	1076	777	765	1190	486	566	1759	1306	1305	954	1649	1164	1275	1189	1267	174	931	1101	448	1204	759	935	1081	1167	1272	448	1715	1162	940	1041	2305	1163	960	1020	157	951	928	801	926	686	981	491	1035	769	1405	465	856	927	847	1841	1162	1196	791	1169	1360	1197	755	606	1265	857	935	1116	687	1173	1218	1083	692	1068	1050	723	782	651	1312	710	1012	769	111	1507	613	868	415	588	795	801
562	1518	630	553	2118	334	485	544	759	287	565	540	257	1332	933	460	581	1321	1451	907	630	1994	1854	2051	880	451	183	1468	0	1635	452	1506	555	139	428	2173	466	456	510	1155	148	821	1577	1569	663	1065	371	372	281	1483	575	764	212	3110	1088	1520	1582	1156	581	1043	551	598	537	525	2051	456	539	759	1258	2130	704	377	394	372	368	542	1297	2241	1394	937	1982	755	183	535	496	910	414	473	636	432	1644	1494	905	395	457	925	596	764	1461	982	2051	223	755	383	674	575	2399	1987	4016	738	772	862	1621	463	183	275	1605	2284	594	1347	424	575	1304	661	461	1771	592	543	1203	915	372	1202	365	525	541	594	943	843	677	401	1026	593	473	635	596	649	216	463	596	465	610	585	818	600	648	145	821	752	779	414	1443	371	549	400	1590	1026	220	230	444	1596	675	2436	488	843	541	1007	459	660	728	1061	677	2941	1596	1994	686	462	539	1739	460	386	1684	1656	1859	456	804	821	453	382	3934	400	706	1049	817	1307	910	303	461	2760	528	422	482	233	344	372	1640	544	407	1055	276	1025	536	564	486	218	1055	908	490	1229	428	3691	386	540	479	1378	519	542	1036	826	1523	502	1465	524	974	484	1304	673	592	630	3309	490	532	720	381	148	461	965	862	373	672	536	400	1657	482	286	436	1638	820	824	1498	696	819	454	1511	465	974	1545	2167	855	601	1285	1569	1296	1036
1078	580	1010	1342	956	1316	1333	1097	882	1590	1347	1130	1489	577	701	1174	1213	710	752	962	1010	1487	220	1385	994	1218	1483	169	1635	0	1264	131	1362	1610	1207	775	1169	1503	1124	627	1524	1240	58	649	1296	889	1437	1431	1355	768	1060	880	1447	1525	746	805	726	691	1236	2425	1346	1037	1129	1128	1392	1493	1370	882	1061	1058	957	1436	1302	1431	1266	1096	559	611	240	713	612	916	1483	1352	1139	728	1226	1193	1310	1263	796	634	755	1248	1380	726	1209	880	526	1284	1392	1418	916	1316	1026	1060	1321	488	2389	1314	1467	772	769	1173	1483	1404	506	1589	1220	317	1274	1060	541	976	1173	136	1221	1096	1130	733	1434	1189	1434	1128	1102	1220	862	795	1496	1285	962	1220	1359	1295	1038	1516	1547	1485	1038	1180	1025	1228	1226	1034	1060	1753	1237	893	1746	1226	195	1440	1346	1286	3020	962	1443	1432	1190	104	1029	941	1637	795	1371	902	1489	1546	1008	890	1496	1408	1090	1487	961	1363	1102	150	1174	1249	49	932	1257	1503	875	1240	1480	1440	2299	1244	939	914	1349	559	728	1927	1475	1135	1124	1819	1334	1444	1350	1437	5	1099	1270	600	1372	911	1100	1250	1336	1440	600	1841	1332	1015	1207	2171	1332	1130	1181	307	1119	1096	951	1088	762	1150	514	1205	925	1573	541	1026	1084	1010	1677	1332	1364	961	1339	1524	1366	913	772	1435	1026	1100	1286	732	1343	1381	1253	674	1228	1210	806	952	820	1481	791	1180	925	103	1542	780	1033	550	648	858	951
338	1282	283	648	1900	154	569	332	474	326	663	406	488	891	593	236	574	1125	998	786	283	1945	1483	1962	774	377	401	1107	452	1264	0	1143	664	372	218	1894	265	673	261	910	307	850	1209	1349	727	926	546	541	283	1302	310	485	378	2778	643	1347	1382	713	595	1474	649	286	397	362	1964	666	654	474	1187	1677	479	550	418	541	226	317	860	1875	1026	551	1546	529	401	638	254	544	287	376	709	421	1457	1274	509	299	581	537	588	485	1210	1022	1964	329	529	423	516	310	2220	1671	3653	811	921	526	1429	206	401	177	1167	2204	596	1012	425	310	869	321	236	1399	594	318	1161	532	544	1182	536	362	335	596	770	533	855	403	919	595	580	698	299	842	294	666	299	320	293	592	839	297	513	597	849	477	1054	287	1068	548	647	403	2036	919	384	377	238	1244	522	2005	779	533	657	869	666	867	585	923	855	2633	1499	1945	434	572	329	1349	229	213	1312	1506	1770	673	573	850	654	559	3552	305	337	921	902	870	544	750	658	2362	360	821	566	403	108	546	1269	341	388	664	334	893	242	586	573	375	664	769	574	783	218	3395	450	406	118	1050	307	317	924	769	1338	355	1027	488	843	740	869	514	180	283	2938	574	643	519	452	307	573	826	526	545	513	242	403	1452	575	168	411	1189	843	836	1327	446	516	656	1334	320	843	1166	2099	522	295	1031	1348	843	924
948	520	884	1211	977	1189	1202	967	752	1469	1217	999	1358	525	572	1046	1082	615	727	837	884	1442	347	1354	868	1087	1352	38	1506	131	1143	0	1232	1485	1079	836	1040	1372	996	507	1398	1115	72	597	1167	772	1305	1299	1226	698	931	750	1317	1638	658	739	673	612	1106	2295	1216	910	998	997	1360	1362	1239	752	962	1117	826	1304	1171	1299	1138	967	498	735	117	592	700	785	1352	1222	1010	603	1097	1062	1181	1132	750	568	635	1118	1249	605	1078	750	453	1167	1360	1289	785	1185	895	931	1343	563	2514	1188	1341	644	721	1046	1352	1279	521	1569	1090	190	1143	931	480	850	1045	265	1090	966	1026	611	1303	1085	1302	997	971	1090	736	665	1369	1154	845	1090	1228	1166	910	1387	1423	1354	910	1050	898	1097	1101	906	928	1623	1113	762	1620	1097	88	1309	1215	1155	2890	845	1313	1301	1061	112	898	1059	1506	665	1240	781	1358	1418	877	772	1369	1509	1024	1442	830	1232	972	267	1046	1121	178	881	1213	1372	744	1115	1349	1309	2428	1114	814	797	1225	500	603	1798	1344	1266	993	1688	1202	1314	1226	1305	135	969	1139	482	1243	792	972	1119	1205	1310	482	1744	1200	957	1079	2273	1201	999	1057	187	989	967	833	962	699	1020	493	1073	803	1443	480	895	963	884	1803	1200	1234	830	1208	1398	1235	790	644	1303	895	972	1155	692	1212	1256	1122	686	1104	1086	737	821	690	1350	724	1050	803	85	1512	651	906	443	596	808	833
