NAME : VRPTW_INSTANCE_331.txt
COMMENT : Bangkok Supermarket
TYPE : VRPTW
DIMENSION : 306
DAYS : Monday
EDGE_WEIGHT_TYPE : EXPLICIT
VEHICLES : 39
EDGE_WEIGHT_FORMAT : FULL_MATRIX
CAPACITY : 1000
EDGE_WEIGHT_SECTION
0	601	1117	17	333	399	196	652	891	374	1007	1889	1056	1090	359	189	171	281	1014	178	822	223	948	1735	1226	88	224	170	284	948	611	418	396	365	155	314	411	196	22	437	2191	63	419	410	178	214	34	428	810	640	231	2191	466	369	449	216	862	1009	1213	201	413	190	925	485	428	367	581	155	31	640	529	609	1606	170	1137	984	1052	1096	1901	1893	981	431	197	886	347	255	28	600	1994	2086	193	969	428	292	1928	532	1479	1969	205	268	395	1210	237	243	214	985	1092	224	202	2133	1623	207	653	77	428	1075	133	422	350	51	212	185	19	594	1078	120	126	825	2065	1897	524	587	2002	255	968	1090	111	207	1149	309	391	258	977	1499	248	362	403	544	1098	916	964	1926	1215	29	865	700	2216	216	104	3133	1096	355	248	300	288	394	24	2693	170	1075	1064	111	404	978	359	779	1392	199	30	879	422	125	283	233	168	1213	194	540	506	1092	258	978	2184	189	298	1066	309	413	835	400	153	581	1103	737	2063	288	541	274	972	60	1994	1277	506	428	133	403	204	438	312	839	101	319	124	287	113	150	215	486	365	258	308	881	214	101	766	1416	201	1584	431	133	1397	1606	401	288	499	668	412	102	254	607	153	529	508	140	525	1190	2297	1040	307	264	548	1507	223	1646	929	629	1003	650	1738	469	2178	223	101	863	593	2007	584	491	307	582	367	1133	977	1505	1521	402	101	942	135	382	205	225	46	215	358	19	1035	1972	453	352	3009	1002	19	311	160	862
601	0	556	613	594	646	497	51	290	656	505	2350	537	535	629	487	652	687	443	428	606	822	441	1134	1036	689	673	714	503	441	974	574	976	639	470	809	590	497	623	507	1798	597	1009	738	428	547	602	483	344	265	674	2099	140	856	159	644	352	712	1001	484	739	545	497	370	483	562	56	470	630	434	380	1179	1013	714	574	1104	512	541	1328	1987	496	538	669	1151	613	852	610	959	1393	1731	517	500	483	892	1327	69	1544	1616	640	869	893	1342	435	680	393	413	1185	648	689	1819	1488	626	650	659	483	961	534	597	604	649	674	418	610	1169	967	660	653	225	1510	2148	361	1188	1679	681	456	535	707	643	583	541	740	492	377	1639	353	817	737	782	827	469	399	2215	817	626	738	715	1818	548	656	3044	827	942	353	535	496	634	609	2339	714	526	517	707	741	413	629	584	1719	676	611	280	597	724	494	827	484	1001	781	1009	744	1185	492	1109	1602	487	483	520	488	591	720	739	461	56	1518	352	1752	692	775	413	492	615	1393	969	990	483	534	592	640	498	486	728	691	742	660	694	710	750	534	725	852	492	489	1158	647	691	752	1119	484	1058	538	620	1917	1013	735	496	737	965	603	556	851	14	746	380	106	562	681	1045	1750	1311	898	336	438	1788	646	1058	808	803	1089	707	1141	132	1588	646	561	1029	331	1599	57	111	486	584	645	589	840	1551	1281	736	695	1284	516	969	640	647	627	751	630	610	807	1593	927	623	2639	1498	610	484	728	1038
1117	556	0	1132	1151	1000	963	514	329	1212	177	2905	128	31	1004	959	1198	1242	115	961	615	1322	201	729	861	1205	1223	1253	925	201	1529	1125	1510	1195	966	1359	1143	963	1140	1055	1316	1128	1536	1295	961	1100	1126	823	333	498	1226	1871	693	1408	712	1195	623	548	814	951	1296	1095	321	908	823	1118	603	966	1148	920	907	1627	710	1253	22	1209	85	26	784	2431	216	871	1217	1363	1170	1350	1132	1514	939	1285	979	248	823	1406	910	618	1518	1180	1190	1377	1445	1408	901	1232	928	144	1247	1200	1145	1404	1277	1177	1159	1185	823	892	1018	1149	1160	1158	1123	932	1130	1706	900	1144	1133	359	955	2656	889	1694	1266	1234	182	31	1228	1193	36	944	1297	929	269	1669	885	1372	1293	1330	636	296	157	2735	455	1138	754	1221	1333	1101	1145	2776	637	1471	885	943	1053	1189	1130	1872	1253	51	63	1228	1298	143	1004	632	2256	1224	1133	308	1149	1242	917	1350	1029	814	1308	1565	1294	1247	929	1222	1068	959	1040	63	1045	1143	758	1295	965	603	2072	435	1344	1247	1323	867	229	1144	939	678	1545	823	1018	1145	1190	1045	1043	766	1215	1153	1142	1249	1230	1258	1086	1276	1404	929	1046	1378	1198	1215	867	801	951	507	871	1162	2472	710	1292	1053	1288	1241	1156	1093	1349	557	1269	907	663	1106	962	915	1194	1500	1424	865	960	2312	1198	544	795	1340	1168	1226	660	681	1070	1198	1098	1192	579	1115	602	663	1043	810	1202	60	795	1991	995	1293	1198	1534	1057	1498	1190	1199	1132	1293	1187	1130	677	1134	1482	1180	2155	2054	1130	1041	1261	1206
17	613	1132	0	324	415	214	664	903	363	1023	1871	1072	1105	375	207	156	267	1028	187	840	215	964	1746	1243	76	209	152	301	964	595	411	380	355	172	296	403	214	12	433	2209	53	404	397	187	208	24	446	826	656	216	2207	477	352	460	202	869	1026	1231	219	400	184	942	486	446	360	591	172	17	640	530	604	1615	152	1152	998	1067	1111	1916	1880	997	448	181	898	337	246	14	584	2006	2103	210	985	446	279	1939	543	1494	1987	192	257	378	1224	255	228	223	999	1107	211	212	2151	1640	194	647	59	446	1092	151	414	341	48	224	199	4	578	1095	128	136	837	2081	1881	525	575	2020	240	983	1105	96	194	1163	326	377	276	989	1511	259	345	389	531	1116	933	978	1909	1233	30	882	692	2234	209	112	3149	1114	339	259	318	284	384	10	2711	152	1090	1079	96	390	992	375	797	1375	184	15	891	414	111	300	218	169	1231	178	523	495	1107	276	992	2198	207	295	1081	306	405	853	386	168	591	1085	754	2081	273	529	291	988	45	2006	1295	489	446	151	395	191	434	308	857	84	330	133	272	98	140	209	474	348	276	304	892	201	84	783	1434	219	1600	448	119	1380	1615	387	284	487	680	404	98	245	619	137	530	519	133	541	1208	2313	1051	292	276	547	1491	209	1660	946	618	1018	642	1751	481	2191	209	96	877	610	2024	594	503	304	600	356	1148	995	1493	1539	388	97	950	134	367	192	212	54	197	347	4	1053	1990	435	341	3027	984	4	307	142	876
333	594	1151	324	0	708	470	637	858	65	1088	1756	1126	1129	670	454	197	131	1036	290	1030	482	1024	1659	1464	359	165	269	558	1024	384	95	486	48	395	265	81	470	334	152	2354	271	536	145	290	123	301	679	904	757	160	2474	461	295	443	147	716	1196	1443	465	146	148	1047	283	679	53	548	395	333	397	314	873	1496	269	1168	1298	1105	1135	1914	1578	1072	702	187	1218	21	509	310	370	1932	2269	478	1070	679	486	1847	535	1792	2152	153	489	332	1531	469	155	298	1007	1404	142	536	2336	1888	143	330	308	679	1333	428	91	17	368	545	358	320	646	1337	453	460	805	2102	1631	321	752	2200	146	1041	1129	349	154	1176	597	146	528	945	1823	336	245	143	232	1300	1027	993	1678	1363	355	1108	370	2377	122	437	3422	1299	475	336	587	104	64	314	2880	269	1120	1111	349	147	1008	670	992	1158	192	309	861	91	366	553	408	211	1443	360	423	191	1404	528	1294	2181	454	114	1113	106	84	1081	144	375	548	927	865	2267	132	228	495	1066	282	1932	1470	410	679	428	73	155	159	108	1086	328	652	458	135	352	416	129	168	291	528	106	1214	151	328	1038	1617	465	1652	702	212	1329	1496	141	104	182	1000	80	235	508	593	357	314	488	194	825	1442	2343	1373	449	353	298	1250	141	1634	1178	303	1311	318	1702	477	2157	141	234	1182	751	2161	549	491	109	842	54	1183	1224	1178	1748	142	408	1275	221	496	153	140	378	273	38	320	1252	2142	349	30	3189	908	320	110	303	1183
399	646	1000	415	708	0	242	689	889	760	846	2237	902	970	39	259	570	679	925	437	518	461	802	1704	862	437	623	559	168	802	1009	776	711	748	319	704	775	242	411	769	1877	460	708	806	437	585	433	180	667	512	630	1793	571	757	564	612	991	711	857	250	809	561	724	750	180	728	662	319	417	901	792	644	1622	559	1023	589	920	975	1757	2285	811	129	596	537	725	476	428	999	1936	1755	231	788	180	562	1894	594	1084	1640	602	523	778	823	268	641	448	902	696	621	244	1784	1234	601	992	465	180	697	281	786	726	394	220	373	417	891	698	312	297	821	1888	2296	778	784	1659	653	822	970	466	604	1037	123	789	195	959	1117	438	757	799	934	776	731	874	2321	950	391	510	1049	1904	587	326	2734	774	662	438	133	631	772	423	2352	559	951	938	466	800	885	39	475	1785	598	429	861	786	466	177	553	500	857	542	923	894	696	195	585	2048	259	634	940	647	777	481	797	340	662	1483	566	1714	686	931	265	799	459	1936	957	886	180	281	769	601	765	649	482	472	176	306	685	466	442	580	873	754	195	647	539	611	472	385	1083	250	1391	129	530	1716	1622	797	631	886	329	780	479	475	659	500	792	607	520	129	815	2102	699	616	434	832	1905	619	1543	564	1012	605	1007	1660	560	2063	619	481	474	422	1705	665	578	645	240	751	995	613	1887	1161	798	391	645	487	684	602	622	368	601	739	417	701	1655	839	732	2672	1350	417	647	537	476
196	497	963	214	470	242	0	547	776	524	837	2085	889	934	206	16	355	457	867	194	625	362	782	1619	1031	269	405	367	91	782	796	534	580	512	76	509	533	0	216	526	1996	245	595	578	194	348	224	232	641	469	412	2011	387	565	374	389	812	813	1017	13	581	324	744	517	232	487	495	76	224	672	560	684	1509	367	984	829	892	940	1744	2048	808	239	381	773	488	389	223	784	1868	1889	20	793	232	454	1811	433	1322	1773	380	421	592	1065	63	423	209	840	934	398	192	1936	1436	375	750	273	232	884	64	545	487	218	177	133	215	776	887	182	170	707	1899	2079	548	732	1805	433	802	934	297	382	996	127	563	62	857	1360	206	554	571	699	901	739	816	2113	1024	204	670	806	2021	349	184	2957	899	535	206	117	388	534	219	2496	367	918	906	297	573	829	206	583	1581	386	225	757	545	306	88	413	259	1017	383	737	659	934	62	826	2031	16	392	908	405	535	640	570	97	495	1299	559	1866	464	695	95	798	251	1868	1080	703	232	64	528	378	523	406	645	293	255	179	463	298	307	341	636	561	62	404	773	389	293	578	1220	13	1411	239	312	1589	1509	569	388	650	559	539	250	388	507	339	560	428	289	355	998	2126	935	486	208	597	1691	396	1502	735	774	841	764	1603	381	2032	396	253	717	409	1813	498	403	402	389	515	972	783	1646	1326	571	245	863	250	561	380	398	188	412	503	215	838	1776	649	495	2813	1198	215	404	356	719
652	51	514	664	637	689	547	0	239	697	474	2391	503	494	673	537	701	733	399	479	614	873	412	1083	1036	740	720	764	550	412	1014	612	1027	681	521	857	629	547	674	543	1771	648	1060	780	479	595	653	521	328	275	722	2101	190	903	209	692	322	707	1000	533	781	593	480	400	521	603	88	521	681	448	406	1229	962	764	531	1130	474	500	1281	2001	469	578	717	1186	656	903	661	999	1342	1709	567	476	521	943	1275	120	1562	1595	688	921	940	1367	484	727	443	370	1208	696	739	1801	1489	673	673	710	521	970	585	635	646	700	724	470	661	1219	977	711	703	175	1466	2174	387	1239	1661	728	425	494	758	691	539	587	783	540	326	1662	404	863	779	818	823	450	358	2244	796	677	750	738	1792	595	707	3044	822	993	404	581	541	675	660	2315	764	486	478	758	784	372	673	595	1752	725	662	231	635	775	540	878	534	1000	831	1054	782	1208	540	1136	1554	537	527	481	532	629	734	781	512	88	1557	350	1734	738	811	461	467	666	1342	958	1036	521	585	631	688	533	530	743	742	789	711	740	761	802	581	763	899	540	533	1194	695	742	775	1107	533	1019	578	669	1962	962	777	541	775	1004	642	606	902	45	796	406	153	611	718	1049	1706	1346	949	387	463	1818	693	1009	820	835	1113	733	1091	183	1538	693	611	1060	352	1572	87	162	530	613	687	550	849	1564	1273	779	746	1323	566	1020	688	694	678	801	672	661	808	1569	973	665	2614	1543	661	528	778	1069
891	290	329	903	858	889	776	239	0	916	369	2600	372	320	879	767	938	963	218	719	679	1111	323	845	1046	979	955	1002	767	323	1226	820	1265	900	757	1090	839	776	913	747	1640	887	1299	998	719	828	892	711	330	397	956	2101	428	1135	447	926	304	707	1004	763	999	828	446	597	711	819	319	757	920	593	589	1460	735	1002	339	1254	324	325	1056	2106	384	767	953	1349	876	1141	900	1210	1103	1599	795	407	711	1182	1038	359	1642	1491	922	1160	1173	1479	712	960	683	195	1317	929	969	1709	1492	908	833	950	711	1022	819	844	866	938	952	708	900	1456	1029	946	938	68	1250	2327	573	1479	1569	960	325	320	998	925	343	800	1004	761	88	1765	644	1093	998	1019	818	410	202	2407	717	916	827	894	1658	829	943	3029	818	1232	644	795	768	890	899	2194	1002	320	317	998	1003	212	879	675	1934	960	901	39	844	1014	758	1118	772	1004	1071	1281	985	1317	761	1262	1323	767	754	319	757	839	819	1001	749	319	1764	412	1646	968	1012	686	389	905	1103	916	1265	711	819	843	922	737	755	828	981	1008	945	970	1000	1040	815	969	1131	761	758	1359	929	981	892	1057	763	831	767	907	2188	735	997	768	979	1185	852	845	1140	284	1036	589	390	849	894	1079	1494	1502	1188	626	639	1986	927	776	888	1021	1226	902	853	422	1303	927	850	1203	493	1439	317	401	755	765	906	380	906	1665	1240	998	984	1500	805	1259	922	928	916	1038	892	900	828	1452	1202	886	2481	1767	900	753	1017	1214
374	656	1212	363	65	760	524	697	916	0	1151	1694	1189	1191	721	510	219	123	1097	350	1094	498	1088	1708	1526	387	175	281	614	1088	320	113	469	16	451	242	92	524	372	186	2419	311	520	82	350	177	340	738	969	822	168	2533	525	260	507	167	761	1261	1506	521	83	200	1111	330	738	96	608	451	369	428	356	880	1540	281	1229	1350	1167	1197	1972	1525	1136	760	202	1261	43	522	349	305	1981	2334	531	1134	738	489	1894	598	1844	2217	176	497	296	1581	528	160	361	1068	1456	159	576	2401	1949	170	321	337	738	1394	478	95	52	403	587	418	359	615	1398	491	500	864	2162	1568	365	739	2264	147	1104	1191	372	175	1237	652	89	584	1002	1871	399	209	82	174	1365	1091	1055	1614	1428	393	1170	350	2442	175	475	3480	1363	464	399	642	169	37	352	2945	281	1182	1173	372	87	1069	721	1055	1093	205	347	919	95	387	609	413	270	1506	368	371	134	1456	584	1345	2238	510	178	1175	170	93	1142	85	432	608	863	930	2331	121	170	556	1130	318	1981	1535	363	738	478	85	177	195	171	1148	352	693	496	124	375	437	185	112	258	584	170	1256	170	352	1097	1682	521	1714	760	245	1273	1540	81	169	126	1043	81	281	522	654	373	356	550	240	879	1504	2404	1414	444	417	331	1187	160	1690	1240	254	1365	294	1755	540	2212	160	280	1232	816	2226	610	554	173	902	10	1245	1285	1131	1811	82	438	1311	274	483	176	158	417	274	26	359	1316	2207	303	34	3254	851	359	174	317	1232
1007	505	177	1023	1088	846	837	474	369	1151	0	2842	56	148	854	836	1107	1164	183	866	437	1200	63	905	708	1093	1139	1155	788	63	1472	1077	1404	1135	852	1273	1092	837	1030	1012	1298	1026	1425	1233	866	1021	1021	674	197	368	1142	1744	627	1324	644	1112	672	381	662	827	1234	1012	143	874	674	1061	559	852	1038	916	881	1483	886	1155	198	1032	94	151	912	2459	39	718	1129	1187	1108	1227	1025	1457	1108	1242	852	70	674	1289	1085	555	1350	1131	1106	1258	1360	1232	779	1150	836	190	1071	1118	1010	1344	1140	1093	1147	1080	674	722	897	1100	1099	1044	988	827	1022	1601	730	1019	1007	366	1061	2649	862	1570	1204	1153	49	148	1118	1109	212	802	1232	797	349	1497	792	1292	1230	1286	478	121	171	2719	347	1025	576	1211	1317	1022	1022	2664	479	1362	792	803	985	1133	1023	1845	1155	128	117	1118	1235	165	854	455	2224	1135	1027	335	1100	1131	782	1240	941	662	1201	1488	1248	1071	797	1044	1203	836	974	116	981	1093	580	1232	854	559	2015	284	1280	1171	1279	744	52	1041	1108	551	1464	674	897	1093	1105	1002	979	588	1107	1007	1016	1172	1120	1142	1007	1228	1320	797	982	1202	1114	1107	690	688	827	577	718	1068	2388	886	1229	985	1240	1071	1105	998	1226	510	1160	881	604	1015	798	754	1290	1323	1314	771	938	2292	1115	701	619	1308	991	1208	826	611	1216	1115	1002	1015	435	1098	559	597	978	644	1141	152	621	2019	875	1230	1080	1359	965	1389	1106	1116	1016	1198	1125	1022	509	1099	1402	1118	2140	1976	1022	977	1159	1029
1889	2350	2905	1871	1756	2237	2085	2391	2600	1694	2842	0	2882	2885	2203	2078	1751	1680	2790	1989	2711	1775	2779	3327	3099	1819	1712	1721	2168	2779	1376	1781	1525	1710	2038	1585	1762	2085	1869	1853	4080	1849	1532	1611	1989	1823	1864	2315	2654	2497	1707	3961	2218	1530	2200	1737	2391	2898	3091	2090	1610	1834	2790	2003	2315	1787	2302	2038	1860	2033	2013	1792	3130	1721	2922	2723	2862	2891	3653	1430	2825	2308	1727	2513	1736	1764	1863	1391	3605	3974	2079	2820	2315	1676	3500	2292	3177	3858	1744	1714	1498	2889	2124	1699	2015	2761	2831	1730	1992	4017	3455	1755	1801	1811	2315	2933	2021	1757	1746	1869	2017	2041	1870	1353	2934	1934	1949	2553	3851	911	2028	1524	3888	1694	2796	2885	1790	1741	2929	2185	1611	2145	2684	3110	2059	1555	1613	1582	2986	2774	2749	771	3096	1881	2742	1755	4104	1822	1923	4855	2984	1575	2059	2178	1857	1715	1867	4580	1721	2876	2867	1790	1609	2763	2203	2668	781	1721	1862	2608	1757	1785	2169	1687	1909	3091	1706	1360	1614	2831	2145	2710	3907	2078	1869	2870	1863	1762	2712	1611	2029	2302	836	2602	3947	1673	1589	2160	2818	1839	3605	3166	1389	2315	2021	1760	1745	1863	1864	2714	1792	2077	1940	1673	1789	1799	1837	1631	1534	2145	1862	2496	1735	1792	2622	3304	2090	3408	2308	1793	561	3130	1615	1857	1621	2350	1749	1865	1764	2348	1750	2013	2245	1839	2363	3052	4094	2603	1620	2079	1967	859	1733	3363	2800	1591	2766	1727	3410	2233	3869	1733	1860	2595	2470	3892	2303	2248	1865	2459	1704	2939	2849	1516	3398	1614	1855	2439	1890	1552	1744	1731	1899	1675	1719	1870	2921	3861	1448	1726	4898	888	1870	1867	1729	2587
1056	537	128	1072	1126	902	889	503	372	1189	56	2882	0	102	909	887	1152	1206	165	912	489	1252	107	852	738	1143	1182	1202	842	107	1509	1111	1452	1172	902	1317	1127	889	1079	1044	1277	1074	1475	1271	912	1063	1069	729	247	419	1186	1762	664	1368	682	1155	676	420	691	879	1272	1055	197	904	729	1098	590	902	1087	938	909	1538	839	1202	148	1082	56	104	858	2474	94	774	1173	1241	1146	1279	1074	1494	1052	1229	904	124	729	1340	1030	591	1390	1119	1149	1309	1404	1279	830	1193	881	180	1119	1161	1064	1337	1163	1137	1171	1128	729	764	948	1135	1137	1094	1041	875	1070	1650	771	1071	1059	379	1010	2674	890	1622	1197	1196	88	102	1167	1152	161	857	1271	850	338	1540	837	1335	1269	1320	511	177	169	2746	353	1075	627	1235	1296	1064	1074	2677	512	1411	837	857	1024	1170	1071	1827	1202	84	76	1167	1273	160	909	509	2255	1180	1075	341	1135	1180	836	1289	985	691	1250	1530	1282	1119	850	1095	1148	887	1013	75	1019	1128	631	1270	903	590	2053	339	1274	1212	1313	795	107	1089	1052	568	1507	729	948	1129	1149	1035	1018	639	1156	1062	1068	1214	1169	1192	1049	1263	1364	850	1020	1257	1158	1156	744	699	879	531	774	1114	2432	839	1267	1024	1275	1127	1140	1043	1278	541	1209	909	640	1060	854	790	1241	1376	1363	816	964	2321	1158	644	666	1339	1040	1235	770	649	1160	1158	1048	1068	489	1076	590	634	1017	700	1179	96	666	2033	890	1268	1131	1414	1010	1439	1149	1159	1067	1244	1163	1070	549	1083	1445	1156	2119	2019	1070	1015	1207	1082
1090	535	31	1105	1129	970	934	494	320	1191	148	2885	102	0	973	930	1173	1219	101	936	585	1294	170	759	839	1178	1199	1227	895	170	1509	1106	1483	1174	939	1335	1124	934	1113	1036	1321	1102	1509	1274	936	1077	1099	792	303	468	1202	1856	670	1385	689	1171	618	523	792	922	1275	1071	291	891	792	1097	583	939	1121	907	890	1597	738	1227	53	1180	54	6	811	2425	186	840	1192	1332	1149	1322	1105	1494	970	1286	950	219	792	1378	941	596	1492	1179	1166	1350	1421	1380	873	1208	903	128	1219	1177	1115	1402	1260	1153	1146	1159	792	866	990	1130	1139	1131	1094	905	1103	1680	874	1116	1104	344	980	2644	872	1665	1263	1211	151	0	1201	1169	67	914	1276	899	267	1643	859	1349	1272	1312	613	265	136	2722	441	1110	725	1207	1339	1077	1117	2764	614	1444	859	913	1031	1169	1103	1876	1227	20	32	1201	1277	122	973	601	2240	1199	1107	296	1130	1215	888	1324	1004	792	1282	1542	1276	1219	899	1193	1096	930	1018	32	1024	1124	728	1274	937	583	2052	404	1341	1224	1305	839	199	1118	970	662	1522	792	990	1126	1166	1027	1022	736	1188	1123	1113	1226	1203	1231	1063	1257	1381	899	1024	1347	1174	1188	837	788	922	524	840	1137	2448	738	1271	1031	1269	1210	1136	1068	1321	537	1242	890	641	1081	931	892	1217	1470	1397	840	944	2298	1174	574	766	1323	1139	1212	691	657	1099	1174	1073	1162	549	1120	582	640	1021	779	1181	60	767	1985	981	1272	1170	1503	1032	1472	1166	1175	1104	1268	1166	1103	651	1136	1459	1159	2161	2032	1103	1020	1235	1175
359	629	1004	375	670	39	206	673	879	721	854	2203	909	973	0	223	531	640	925	401	541	428	807	1701	896	399	583	520	138	807	970	738	677	709	282	665	737	206	371	732	1906	420	675	767	401	546	393	180	670	511	591	1832	547	719	539	573	970	735	890	214	770	522	735	717	180	690	642	282	378	870	760	631	1614	520	1026	628	924	978	1766	2246	819	136	557	570	687	444	388	960	1936	1785	194	797	180	529	1892	575	1123	1670	563	491	740	861	236	602	413	901	735	582	210	1817	1272	562	956	426	180	732	242	748	687	355	185	338	378	859	734	274	260	811	1900	2256	746	758	1691	614	827	973	428	565	1040	93	749	162	952	1155	405	718	759	895	803	740	873	2282	971	352	541	1012	1932	548	288	2773	801	628	405	102	593	734	384	2384	520	955	942	428	761	885	0	498	1747	559	390	853	748	428	147	517	462	890	505	885	855	735	162	624	2056	223	597	944	610	739	512	757	303	642	1446	571	1746	646	891	236	807	420	1936	984	848	180	242	731	561	729	612	514	434	156	268	646	428	406	541	833	715	162	609	570	572	434	420	1113	214	1404	136	491	1684	1614	757	593	847	358	742	440	443	642	463	760	584	481	167	850	2117	731	582	402	799	1866	580	1548	597	973	645	970	1662	537	2069	580	442	512	424	1732	645	556	607	266	712	1001	647	1848	1195	759	354	671	448	651	563	582	329	563	701	378	730	1684	801	694	2704	1316	378	610	499	514
189	487	959	207	454	259	16	537	767	510	836	2078	887	930	223	0	344	444	862	178	633	364	780	1611	1041	265	393	358	104	780	784	517	577	497	60	500	517	16	209	509	2002	234	593	564	178	333	215	242	640	468	400	2025	374	555	361	377	798	819	1027	12	567	310	745	500	242	471	483	60	218	655	544	692	1499	358	980	845	889	936	1741	2033	808	252	370	790	473	391	215	772	1862	1896	34	793	242	453	1804	422	1338	1780	367	422	583	1081	57	411	192	835	950	386	202	1945	1448	363	733	266	242	896	61	529	472	214	188	116	207	773	899	185	174	699	1897	2067	532	735	1813	421	800	930	293	369	992	143	549	75	849	1377	190	543	557	684	909	739	811	2101	1028	198	680	789	2027	334	186	2971	907	532	190	132	372	518	211	2504	358	914	903	293	560	824	223	590	1569	374	217	749	529	302	100	410	243	1027	378	728	644	950	75	843	2027	0	375	905	388	519	651	556	81	483	1289	559	1875	451	680	92	798	241	1862	1088	694	242	61	512	366	506	390	655	287	270	182	451	294	306	326	621	551	75	387	790	377	287	591	1227	12	1411	252	301	1584	1499	555	372	635	576	523	237	390	497	335	544	415	275	370	1010	2125	951	484	193	580	1679	383	1497	746	758	857	748	1598	369	2027	383	240	733	410	1818	486	391	385	401	500	969	794	1630	1335	557	244	879	235	559	367	385	184	404	487	207	847	1783	639	480	2820	1191	207	388	349	735
171	652	1198	156	197	570	355	701	938	219	1107	1751	1152	1173	531	344	0	111	1089	241	970	285	1046	1769	1386	167	52	77	446	1046	441	292	332	214	294	166	279	355	162	336	2330	111	373	242	241	121	137	586	913	750	60	2361	511	220	492	52	851	1151	1370	356	245	113	1042	431	586	244	619	294	157	571	471	677	1621	77	1217	1155	1141	1179	1978	1724	1086	595	26	1049	203	312	142	430	2035	2231	356	1078	586	297	1959	585	1650	2114	44	295	253	1380	380	71	271	1059	1263	59	363	2285	1790	54	527	119	586	1239	297	288	210	188	378	290	153	518	1242	278	289	877	2153	1727	472	579	2152	84	1065	1173	153	44	1227	476	221	418	1026	1666	315	200	234	379	1246	1028	1041	1758	1345	183	1024	565	2354	122	262	3304	1245	307	315	467	205	246	147	2840	77	1161	1151	153	234	1056	531	929	1225	30	141	933	288	169	444	218	168	1370	168	391	345	1263	418	1149	2255	344	220	1153	226	281	996	231	281	619	948	854	2215	117	378	415	1078	111	2035	1423	361	586	297	271	42	339	229	1000	133	481	284	116	156	219	132	325	216	418	224	1043	49	133	932	1566	356	1684	595	43	1280	1621	232	205	337	832	276	114	311	655	160	471	548	92	696	1354	2390	1201	272	336	472	1338	59	1711	1091	469	1175	511	1791	521	2240	59	109	1033	719	2142	621	541	225	745	214	1222	1138	1342	1679	233	219	1093	142	333	44	61	207	101	209	153	1188	2112	302	205	3155	871	153	229	108	1032
281	687	1242	267	131	679	457	733	963	123	1164	1680	1206	1219	640	444	111	0	1129	314	1060	377	1102	1777	1482	275	59	160	548	1102	340	222	355	124	390	136	204	457	273	283	2409	219	405	130	314	143	247	684	974	817	52	2468	548	172	529	67	841	1236	1465	456	133	154	1110	408	684	184	646	390	269	528	442	756	1619	160	1260	1265	1190	1225	2014	1613	1145	697	88	1161	126	400	253	327	2048	2314	460	1140	684	366	1966	623	1761	2198	77	374	210	1492	475	41	336	1100	1374	58	475	2374	1893	82	444	229	684	1340	402	210	136	300	489	374	264	517	1344	390	401	906	2197	1622	447	622	2239	28	1119	1219	257	75	1269	581	110	520	1051	1778	379	130	122	269	1335	1093	1084	1657	1419	295	1122	474	2432	142	374	3412	1333	345	379	571	195	157	257	2925	160	1207	1198	257	123	1098	640	1019	1126	89	252	962	210	271	545	289	231	1465	245	324	237	1374	520	1260	2286	444	210	1200	209	206	1093	119	375	646	864	923	2304	6	268	507	1138	222	2048	1509	303	684	402	195	79	290	212	1098	239	593	396	7	259	320	157	219	169	520	208	1155	68	239	1036	1654	456	1736	697	149	1230	1619	120	195	230	944	197	207	400	688	253	442	580	171	804	1453	2436	1311	322	399	429	1234	61	1739	1189	361	1285	417	1812	561	2266	61	204	1144	796	2218	648	578	211	845	122	1270	1237	1231	1773	122	328	1201	218	366	77	58	319	151	123	264	1280	2193	240	122	3238	813	264	213	196	1144
1014	443	115	1028	1036	925	867	399	218	1097	183	2790	165	101	925	862	1089	1129	0	854	590	1223	167	782	891	1102	1113	1146	836	167	1414	1010	1404	1081	866	1249	1028	867	1037	939	1422	1022	1432	1180	854	989	1022	745	265	414	1115	1925	581	1297	600	1084	519	561	845	855	1181	984	306	793	745	1003	488	866	1045	806	791	1540	730	1146	131	1186	110	106	889	2325	213	796	1107	1321	1056	1252	1028	1398	1011	1383	885	244	745	1305	970	506	1527	1275	1080	1277	1334	1396	805	1121	821	29	1234	1089	1053	1496	1323	1066	1045	1081	745	899	920	1034	1046	1057	1033	828	1026	1600	906	1048	1037	243	1067	2543	773	1595	1357	1122	157	101	1125	1082	139	859	1183	838	174	1668	778	1260	1179	1214	661	273	52	2621	519	1036	736	1106	1439	989	1047	2842	662	1366	778	857	939	1074	1026	1975	1146	101	99	1125	1183	40	925	599	2140	1114	1029	194	1034	1139	828	1247	920	845	1204	1452	1179	1234	838	1198	1170	862	926	102	931	1028	735	1181	863	488	1956	370	1434	1135	1208	772	223	1039	1011	731	1433	745	920	1030	1080	929	929	743	1111	1070	1045	1136	1127	1158	975	1161	1293	838	932	1334	1087	1111	833	864	855	623	796	1053	2360	730	1177	939	1172	1185	1041	986	1251	443	1165	791	549	997	899	936	1307	1464	1320	758	844	2197	1087	634	785	1224	1150	1111	739	569	1165	1087	991	1157	502	1220	487	551	929	752	1087	161	792	1884	1054	1178	1098	1486	949	1394	1080	1088	1031	1185	1072	1026	689	1234	1370	1065	2262	1942	1026	927	1155	1170
178	428	961	187	290	437	194	479	719	350	866	1989	912	936	401	178	241	314	854	0	748	402	805	1560	1177	263	277	291	275	805	650	343	550	336	119	407	345	194	198	331	2095	169	581	416	0	178	174	389	672	508	282	2185	291	460	273	252	685	922	1157	186	418	160	801	333	389	298	404	119	205	490	378	783	1428	291	981	1021	902	942	1744	1863	844	414	263	967	310	433	182	637	1822	2000	208	836	389	465	1753	359	1512	1884	245	444	495	1258	181	290	36	825	1124	260	330	2061	1598	235	555	231	389	1043	175	356	306	228	327	68	184	745	1047	268	267	654	1916	1919	368	762	1926	297	824	936	279	248	992	318	406	246	806	1554	76	434	411	522	1022	787	805	1961	1107	206	819	612	2119	179	258	3133	1020	514	76	307	198	353	182	2611	291	923	912	279	414	820	401	708	1435	270	183	709	356	296	269	398	83	1157	352	629	481	1124	246	1019	2023	178	199	914	212	347	792	410	97	404	1178	613	1991	321	518	205	836	186	1822	1195	602	389	175	340	244	328	213	797	262	427	270	321	282	327	167	458	456	246	211	966	254	262	749	1340	186	1443	414	202	1521	1428	409	198	473	751	351	132	432	434	317	378	332	150	544	1153	2151	1128	469	96	408	1535	257	1482	889	589	1030	571	1570	296	2013	257	136	910	482	1905	407	317	209	552	340	983	935	1456	1464	410	278	1050	99	541	245	259	213	332	326	184	969	1879	541	318	2924	1113	184	211	301	913
822	606	615	840	1030	518	625	614	679	1094	437	2711	489	585	541	633	970	1060	590	748	0	958	424	1342	441	892	1016	991	543	424	1398	1059	1197	1078	676	1132	1067	625	842	1016	1373	865	1203	1164	748	926	848	397	350	341	1022	1495	648	1187	657	995	922	194	414	621	1166	909	293	920	397	1025	657	676	850	1026	947	1153	1318	991	636	597	530	588	1289	2560	398	413	996	754	1051	978	848	1385	1536	1263	631	366	397	1057	1520	608	963	1147	986	1021	1216	808	590	1032	733	580	645	1003	742	1314	887	978	1210	899	397	356	690	1078	1046	841	716	686	840	1388	362	784	769	633	1396	2661	928	1300	1181	1040	439	585	921	989	650	532	1155	565	708	1087	694	1171	1159	1260	276	320	551	2708	435	829	148	1275	1399	928	793	2443	274	1149	694	538	928	1090	844	1871	991	564	553	921	1162	555	541	43	2184	1001	850	640	1078	927	542	1031	832	414	1006	1359	1218	645	565	609	1580	633	923	553	934	1069	145	1159	688	657	1919	272	1244	1067	1254	555	385	874	1536	455	1327	397	690	1065	985	1008	934	153	919	694	779	1067	922	920	915	1196	1183	565	934	770	996	919	255	595	621	900	413	927	2209	1318	1157	928	1210	661	1077	857	977	620	962	947	654	889	424	439	1600	886	1101	677	1003	2281	1001	1119	209	1312	560	1253	1253	628	1610	1001	861	578	294	1194	659	630	931	278	1084	584	234	2132	717	1158	860	930	841	1175	986	1002	811	1037	1069	840	221	1153	1271	1061	2187	1823	840	931	982	592
223	822	1322	215	482	461	362	873	1111	498	1200	1775	1252	1294	428	364	285	377	1223	402	958	0	1144	1956	1324	142	323	217	423	1144	629	577	250	496	357	318	564	362	204	617	2330	250	246	498	402	390	233	564	1004	832	330	2223	689	357	672	336	1084	1151	1318	373	501	371	1106	692	564	529	804	357	198	842	735	397	1829	217	1343	986	1253	1300	2105	1949	1171	545	297	833	488	31	222	623	2213	2213	348	1156	564	100	2149	753	1474	2097	328	62	363	1191	421	338	438	1195	1097	342	218	2246	1686	339	812	189	564	1157	304	573	495	174	244	403	219	431	1159	181	194	1044	2261	1889	732	371	2119	351	1164	1294	138	328	1355	426	474	408	1196	1462	471	382	490	640	1228	1101	1172	1899	1376	196	970	848	2356	391	178	3152	1225	201	471	421	475	529	222	2813	217	1278	1267	138	489	1186	428	915	1363	293	222	1097	573	120	427	111	380	1318	136	498	611	1097	408	977	2390	364	488	1269	497	567	941	486	363	804	1040	921	2175	380	640	456	1161	232	2213	1409	457	564	304	556	327	620	500	942	161	305	185	378	136	75	397	595	355	408	496	823	332	161	846	1540	373	1774	545	278	1255	1829	488	475	605	628	561	301	30	829	125	735	731	323	588	1276	2489	972	158	487	745	1496	342	1858	1026	735	1019	793	1954	692	2389	342	298	858	771	2153	807	714	496	691	495	1334	1075	1589	1623	489	126	845	343	222	328	343	194	232	492	219	1157	2109	426	488	3132	890	219	500	181	854
948	441	201	964	1024	802	782	412	323	1088	63	2779	107	170	807	780	1046	1102	167	805	424	1144	0	928	733	1035	1077	1094	736	0	1408	1013	1345	1071	794	1211	1029	782	971	948	1359	966	1367	1169	805	958	961	626	140	312	1080	1780	563	1262	581	1050	622	398	688	771	1171	950	139	811	626	998	496	794	979	856	819	1435	893	1094	224	1022	118	174	964	2401	61	673	1067	1165	1044	1171	966	1393	1140	1301	797	84	626	1232	1111	491	1360	1189	1043	1202	1298	1229	723	1087	774	164	1067	1055	958	1400	1173	1031	1085	1020	626	732	840	1036	1036	986	935	767	962	1542	739	964	952	312	1117	2587	799	1514	1260	1091	20	170	1059	1046	238	752	1169	743	316	1500	730	1230	1167	1222	503	106	138	2656	399	967	569	1149	1379	959	966	2706	503	1303	730	752	922	1070	964	1905	1094	150	138	1059	1171	138	807	437	2160	1073	967	287	1036	1072	730	1182	879	688	1142	1425	1184	1067	743	1033	1253	780	910	138	917	1029	569	1168	795	496	1952	236	1336	1108	1216	687	65	981	1140	592	1402	626	840	1030	1043	939	916	578	1048	959	961	1109	1061	1084	945	1164	1258	743	918	1179	1052	1048	672	734	771	638	673	1007	2326	893	1165	922	1177	1040	1041	936	1170	447	1101	819	541	954	761	773	1348	1305	1256	710	875	2230	1053	741	617	1245	984	1146	861	547	1262	1053	941	997	385	1160	496	533	915	609	1077	193	625	1962	917	1166	1023	1334	904	1331	1043	1054	959	1137	1062	962	524	1159	1339	1054	2202	1914	962	914	1099	1010
1735	1134	729	1746	1659	1704	1619	1083	845	1708	905	3327	852	759	1701	1611	1769	1777	782	1560	1342	1956	928	0	1519	1823	1778	1837	1602	928	1990	1600	2100	1693	1602	1910	1620	1619	1757	1523	1534	1728	2137	1787	1560	1653	1735	1523	1047	1191	1778	2406	1269	1949	1287	1749	951	1251	1471	1606	1786	1656	1049	1377	1523	1612	1156	1602	1764	1306	1353	2302	223	1837	707	1933	814	756	527	2542	944	1576	1781	2092	1674	1986	1743	1974	277	1589	1638	976	1523	2025	192	1203	2198	1519	1747	2004	1988	2120	1555	1781	1524	803	1963	1752	1810	1749	1870	1732	1529	1791	1523	1590	1664	1622	1662	1783	1792	1553	1744	2286	1597	1791	1782	913	747	2891	1342	2322	1632	1779	910	759	1840	1750	693	1629	1797	1599	761	2366	1487	1903	1788	1770	1316	1025	832	3000	1078	1761	1478	1572	1537	1653	1788	3230	1318	2070	1487	1626	1582	1676	1742	2057	1837	780	792	1840	1793	821	1701	1361	2597	1788	1744	862	1622	1857	1593	1958	1607	1471	1910	2079	1745	1963	1599	1947	649	1611	1567	792	1567	1620	1484	1792	1594	1156	2500	1152	1710	1781	1763	1526	958	1746	277	1294	2069	1523	1664	1626	1748	1514	1565	1491	1823	1841	1790	1783	1843	1885	1639	1733	1946	1599	1568	2107	1753	1823	1596	1371	1606	718	1576	1741	2971	223	1787	1582	1741	1965	1633	1683	1985	1127	1877	1353	1228	1683	1681	1589	961	2228	2027	1470	1387	2608	1750	327	1512	1743	1889	1603	205	1265	572	1750	1688	1921	1283	1361	1153	1243	1566	1533	1700	758	1506	2127	1560	1788	1829	2262	1642	2097	1747	1750	1761	1870	1687	1744	1374	1437	2008	1682	2272	2549	1744	1563	1855	1934
1226	1036	861	1243	1464	862	1031	1036	1046	1526	708	3099	738	839	896	1041	1386	1482	891	1177	441	1324	733	1519	0	1285	1434	1396	942	733	1822	1497	1573	1511	1092	1540	1505	1031	1243	1456	1052	1276	1570	1593	1177	1355	1255	799	728	773	1440	1065	1088	1595	1097	1416	1324	339	48	1029	1595	1335	600	1361	799	1461	1089	1092	1251	1463	1387	1428	1556	1396	875	569	794	840	1305	3001	679	796	1412	822	1484	1338	1254	1810	1651	909	1033	650	799	1424	1670	1045	680	799	1406	1386	1621	661	1007	1451	1165	894	536	1424	1106	924	452	1400	1651	1301	799	183	1092	1515	1480	1236	1081	1111	1245	1753	185	1165	1150	1016	1341	3095	1368	1627	803	1460	737	839	1314	1409	887	919	1582	968	1049	859	1128	1585	1587	1695	230	637	871	3138	441	1228	361	1716	1080	1356	1177	2008	229	1524	1128	927	1363	1525	1250	1494	1396	823	815	1314	1590	869	896	475	2609	1416	1255	1007	1515	1317	943	1412	1260	48	1396	1767	1653	536	968	588	1575	1041	1359	813	1370	1506	390	1587	1107	1089	2329	685	854	1489	1690	975	670	1282	1651	240	1732	799	1092	1502	1405	1449	1370	386	1316	1028	1160	1489	1315	1300	1344	1631	1591	968	1370	844	1416	1316	479	272	1029	897	796	1342	2577	1556	1585	1363	1645	847	1514	1276	1337	1048	1352	1387	1092	1311	737	87	1495	887	1478	1112	1444	2712	1422	1232	298	1750	508	1694	1378	1068	1636	1422	1279	643	735	906	1091	1069	1367	643	1516	808	249	2572	299	1587	1245	1002	1264	1547	1406	1424	1207	1441	1501	1245	228	833	1679	1493	1815	2211	1245	1368	1381	658
88	689	1205	76	359	437	269	740	979	387	1093	1819	1143	1178	399	265	167	275	1102	263	892	142	1035	1823	1285	0	216	126	349	1035	579	451	312	381	240	268	440	269	66	483	2265	107	332	405	263	255	90	495	896	725	223	2229	553	320	536	220	942	1081	1274	276	408	234	1008	551	495	401	668	240	58	702	594	537	1691	126	1226	1007	1139	1184	1989	1883	1066	490	187	888	368	173	81	571	2082	2155	261	1054	495	203	2015	620	1502	2039	210	181	340	1227	317	234	299	1074	1117	227	207	2199	1671	218	688	51	495	1128	204	451	374	50	225	274	79	509	1130	126	140	913	2152	1862	590	499	2068	247	1054	1178	29	211	1237	366	383	326	1065	1509	335	324	397	545	1167	1000	1052	1884	1294	67	925	729	2290	256	111	3167	1165	269	335	358	337	413	81	2761	126	1163	1152	29	397	1066	399	849	1348	186	80	967	451	37	349	147	237	1274	114	486	512	1117	326	1000	2272	265	350	1154	360	443	895	394	240	668	1047	821	2128	280	544	354	1057	89	2082	1347	449	495	204	432	209	485	362	898	37	323	132	279	30	67	260	493	316	326	358	881	217	37	816	1484	276	1670	490	147	1319	1691	395	337	504	672	439	159	172	695	70	594	595	184	566	1245	2383	1036	221	352	607	1471	226	1735	986	636	1032	676	1827	557	2266	226	156	883	674	2082	670	579	358	641	382	1221	1035	1507	1582	396	53	926	200	296	210	228	80	165	375	79	1102	2044	401	371	3078	931	79	362	100	881
224	673	1223	209	165	623	405	720	955	175	1139	1712	1182	1199	583	393	52	59	1113	277	1016	323	1077	1778	1434	216	0	106	496	1077	390	261	332	173	342	136	245	405	215	313	2371	163	378	190	277	126	190	634	946	785	7	2413	532	185	513	28	851	1195	1418	405	193	128	1078	423	634	216	636	342	210	555	460	709	1626	106	1242	1208	1169	1206	2000	1672	1118	645	29	1101	166	348	195	379	2047	2274	407	1111	634	321	1968	607	1703	2158	33	325	221	1433	427	18	303	1083	1316	27	416	2330	1841	46	491	170	634	1289	348	253	175	240	430	332	206	508	1293	331	341	895	2179	1675	463	591	2197	31	1095	1199	199	30	1252	527	169	468	1043	1719	348	156	181	329	1291	1063	1066	1707	1384	236	1073	525	2395	126	314	3356	1290	314	348	518	199	206	200	2884	106	1188	1178	199	182	1080	583	975	1176	30	194	951	253	213	493	243	198	1418	195	351	295	1316	468	1202	2275	393	214	1180	217	247	1044	179	327	636	904	890	2260	65	327	461	1111	164	2047	1467	325	634	348	236	33	318	220	1049	180	533	336	63	201	263	139	277	181	468	216	1095	25	180	983	1611	405	1714	645	93	1249	1626	180	199	288	885	240	158	347	675	198	460	567	127	748	1403	2417	1252	285	368	455	1286	28	1730	1140	420	1228	469	1807	543	2258	28	154	1086	759	2182	638	562	218	794	172	1249	1187	1291	1726	181	269	1142	178	338	33	29	260	108	169	206	1234	2154	264	166	3198	837	206	221	142	1085
170	714	1253	152	269	559	367	764	1002	281	1155	1721	1202	1227	520	358	77	160	1146	291	991	217	1094	1837	1396	126	106	0	454	1094	453	365	263	279	318	145	350	367	152	412	2359	130	300	286	291	197	143	599	959	792	112	2352	574	200	555	122	926	1177	1383	370	289	186	1082	508	599	318	684	318	145	648	548	604	1693	0	1273	1134	1193	1233	2035	1758	1131	600	81	1013	272	241	143	444	2103	2255	363	1122	599	220	2028	646	1628	2138	116	220	225	1354	403	121	324	1116	1243	126	333	2304	1790	129	597	95	599	1244	303	359	280	165	352	329	151	454	1246	252	264	939	2207	1737	548	503	2172	133	1113	1227	102	115	1283	478	262	428	1090	1635	368	198	277	427	1267	1071	1097	1761	1379	169	1035	631	2383	198	236	3291	1265	233	368	469	282	312	147	2862	0	1214	1204	102	277	1111	520	949	1226	77	141	995	359	113	453	141	230	1383	91	370	396	1243	428	1127	2314	358	297	1206	303	352	1005	273	309	684	933	894	2233	164	427	439	1123	118	2103	1446	336	599	303	341	115	416	306	1009	89	449	257	162	104	160	208	379	196	428	301	1006	118	89	933	1586	370	1733	600	95	1236	1693	275	282	390	798	346	159	241	718	92	548	612	154	688	1360	2442	1160	196	387	549	1346	127	1772	1098	521	1157	576	1855	582	2302	127	154	1009	753	2173	686	602	302	752	278	1274	1147	1385	1692	277	179	1045	197	260	116	128	192	45	275	151	1205	2140	283	272	3179	836	151	306	36	1007
284	503	925	301	558	168	91	550	767	614	788	2168	842	895	138	104	446	548	836	275	543	423	736	1602	942	349	496	454	0	736	887	618	655	601	163	598	619	91	302	605	1916	335	664	669	275	437	313	146	595	426	503	1920	412	653	403	481	837	734	929	93	672	414	685	581	146	573	511	163	310	733	623	704	1503	454	947	745	850	900	1700	2136	757	148	472	706	577	446	311	875	1845	1806	91	739	146	520	1793	445	1236	1690	471	485	679	983	100	514	283	810	848	490	221	1851	1344	467	828	359	146	793	150	631	575	298	199	209	303	848	796	243	229	698	1847	2171	609	784	1720	524	756	895	378	473	959	45	654	29	844	1280	270	644	662	789	818	683	784	2204	953	287	580	886	1942	439	251	2866	816	607	270	36	473	622	307	2412	454	878	866	378	664	797	138	500	1672	476	313	744	631	384	9	487	346	929	462	825	748	848	29	743	1989	104	475	867	488	621	551	661	183	511	1387	505	1780	555	785	98	746	340	1845	998	790	146	150	614	470	601	489	555	377	241	239	555	379	378	430	726	649	29	487	707	481	377	487	1135	93	1356	148	403	1666	1503	660	473	740	496	625	341	445	515	418	623	450	380	268	908	2071	868	559	266	664	1783	487	1468	645	861	755	846	1575	403	1995	487	344	636	353	1735	515	422	485	299	605	929	693	1731	1237	662	317	809	340	633	471	489	268	499	592	303	753	1696	737	584	2729	1280	303	487	441	639
