NAME : VRPTW_INSTANCE_208.txt
COMMENT : Bangkok Supermarket
TYPE : VRPTW
DIMENSION : 260
DAYS : Thursday
EDGE_WEIGHT_TYPE : EXPLICIT
VEHICLES : 36
EDGE_WEIGHT_FORMAT : FULL_MATRIX
CAPACITY : 1000
EDGE_WEIGHT_SECTION
0	306	314	221	172	1817	189	965	300	124	22	1077	1850	26	120	815	1190	204	430	101	939	1121	382	929	525	550	424	288	996	212	474	103	412	1446	358	428	124	83	1033	113	1110	1004	367	639	177	298	481	1671	948	589	368	153	349	2100	1041	135	691	1214	124	372	650	83	1126	122	88	139	408	349	576	813	124	1142	911	245	839	1122	576	610	1052	532	644	767	264	254	393	1912	201	185	631	386	406	358	210	1629	2663	379	1581	244	759	400	535	666	60	366	1095	379	587	404	1011	208	39	395	111	404	404	404	395	517	221	328	1005	248	79	215	650	804	617	101	104	436	1428	77	437	977	891	205	185	503	404	1026	1010	863	133	495	359	617	344	189	481	190	1058	123	244	510	850	46	156	190	1119	454	1996	222	224	1994	319	396	307	367	916	561	426	288	193	1064	393	1221	215	185	1032	133	2016	464	112	314	214	1028	621	1126	2265	236	474	2065	1747	535	97	379	425	1667	1124	221	364	441	493	1846	212	956	607	428	1390	380	2019	94	968	239	205	1697	365	1521	1421	54	109	489	1627	46	261	1001	221	373	118	753	349	1006	1164	355	404	193	212	908	1682	425	385	1627	784	412	1028	580	246	376	482	1727	122	217	1615	367	245	410	304	51	390	206
306	0	17	491	200	1694	263	931	516	333	293	1029	1684	316	424	920	1349	226	124	206	821	1048	399	1086	753	610	152	214	908	506	581	408	147	1276	146	134	333	247	998	358	1251	1163	94	334	196	11	490	1420	1076	488	162	303	128	2169	1003	335	545	1383	370	389	363	247	1263	372	357	394	656	524	459	1066	333	1213	719	213	767	1113	459	436	997	427	876	893	254	523	666	1766	192	276	326	623	129	521	485	1448	2858	153	1466	172	931	252	256	890	268	160	1027	153	483	126	1080	192	284	420	416	126	654	136	656	246	217	264	977	239	384	106	363	1024	312	333	410	131	1358	381	132	793	756	110	276	382	654	992	1256	1118	370	272	606	497	129	384	263	381	998	427	212	240	1052	352	204	386	1267	685	2074	492	189	1838	265	93	13	161	918	857	152	214	412	1003	256	1096	224	276	806	174	1837	600	194	343	187	1226	536	1263	2461	215	581	2154	1842	256	402	153	155	1673	1399	295	163	618	654	1974	506	1163	486	617	1608	114	1938	212	932	213	110	1600	159	1648	1640	268	352	388	1460	352	284	975	491	389	422	747	524	1309	1307	566	126	412	506	913	1788	119	620	1460	1073	147	1226	435	547	478	265	1783	352	187	1476	379	266	253	2	350	638	321
314	17	0	494	215	1706	279	947	531	346	300	1045	1694	323	433	938	1366	221	116	213	804	1063	389	1103	768	627	136	203	923	517	573	417	130	1286	130	120	346	252	1014	361	1269	1180	77	329	211	29	508	1404	1093	472	145	318	112	2186	1019	348	527	1400	373	379	349	252	1280	375	361	397	670	520	474	1080	346	1231	701	206	783	1098	474	419	1013	443	874	910	272	525	669	1748	189	292	316	638	112	517	489	1457	2875	136	1479	165	948	237	259	905	274	143	1042	136	498	110	1097	188	291	410	425	110	669	119	670	251	212	282	993	256	392	107	349	1021	303	336	418	122	1341	390	122	803	769	113	292	398	669	1008	1271	1133	383	255	620	512	113	399	245	380	1013	436	204	246	1048	360	218	385	1284	700	2091	495	184	1849	253	82	30	144	935	862	135	203	426	1019	240	1109	219	292	813	184	1846	617	202	334	183	1243	552	1280	2478	208	573	2171	1859	259	410	136	138	1690	1413	312	147	634	671	1992	517	1159	501	633	1624	97	1921	221	949	206	114	1613	143	1666	1656	275	356	404	1470	360	277	991	494	379	431	763	520	1319	1325	581	110	426	517	930	1806	111	635	1470	1085	130	1243	449	554	495	247	1800	355	182	1488	368	283	237	16	357	652	337
221	491	494	0	393	2028	406	1160	420	317	219	1274	2068	197	180	953	1276	299	609	295	920	1324	359	1026	588	728	571	377	1204	244	348	171	558	1665	488	590	317	245	1226	132	1212	1097	526	822	397	486	682	1743	1066	596	493	360	487	2231	1236	328	716	1290	121	353	790	245	1231	118	139	97	465	194	795	816	317	1287	951	339	1046	1017	795	665	1251	750	425	895	484	33	176	1885	321	400	798	460	559	214	13	1849	2694	510	1791	363	853	483	739	719	228	492	1297	510	804	559	1162	325	219	360	179	559	458	552	434	724	317	548	1197	468	188	386	790	586	785	157	176	613	1355	192	611	1198	1109	381	400	723	458	1220	1013	860	302	601	428	835	481	362	585	140	1258	181	339	717	636	192	376	135	1216	525	2123	1	338	2211	378	571	496	492	1099	372	574	377	347	1265	472	1435	307	400	1252	338	2235	613	310	315	332	1085	836	1231	2299	330	348	2185	1866	739	179	510	572	1835	1077	434	488	564	621	1942	244	740	826	544	1415	531	1942	300	1162	334	380	1902	491	1623	1444	231	138	708	1845	192	303	1192	0	354	178	944	194	885	1262	465	559	347	244	1091	1796	602	462	1845	721	558	1085	801	116	555	587	1870	139	335	1830	355	463	495	489	171	451	411
172	200	215	393	0	1661	67	832	315	140	175	940	1684	196	267	750	1164	257	314	126	974	976	465	900	552	453	350	309	845	328	603	257	342	1278	315	335	140	175	901	274	1071	977	289	507	4	189	355	1619	899	625	330	103	300	2021	908	139	705	1195	287	455	563	175	1084	286	256	306	456	499	411	865	140	1061	901	279	691	1214	411	606	912	368	815	715	106	426	566	1936	231	78	515	423	327	505	383	1459	2666	331	1426	252	740	399	380	690	178	328	951	331	425	324	928	236	178	483	260	324	455	331	459	360	264	162	875	86	231	168	563	973	501	254	256	322	1492	227	327	806	727	157	78	335	455	894	1055	918	179	457	407	452	298	184	445	336	916	269	278	352	1016	209	16	338	1085	484	1922	395	248	1830	358	290	194	329	798	726	350	309	214	923	397	1062	264	78	859	89	1847	413	113	396	238	1031	465	1084	2268	274	603	1998	1682	380	248	331	352	1556	1202	106	329	422	462	1802	328	1123	442	419	1410	308	2080	108	835	274	159	1547	327	1475	1442	172	269	324	1460	209	331	872	393	455	266	628	499	1132	1127	366	324	214	328	791	1624	311	420	1460	882	342	1031	411	411	297	447	1641	277	241	1454	446	98	405	200	223	438	124
1817	1694	1706	2028	1661	0	1628	901	1663	1711	1828	789	277	1844	1856	1285	1463	1895	1663	1786	2429	716	2091	1434	1676	1334	1772	1907	825	1841	2258	1859	1779	476	1825	1724	1711	1836	846	1929	1373	1442	1751	1578	1658	1688	1349	2537	1325	2155	1838	1669	1809	1281	833	1700	2166	1521	1941	2081	1783	1836	1353	1939	1906	1957	1730	2160	1252	1835	1711	1088	2233	1898	982	2790	1252	2054	800	1293	2451	1356	1557	2058	2177	3214	1862	1632	1661	1702	1757	2166	2016	414	2527	1821	237	1858	1497	1933	1491	1671	1838	1837	745	1821	1236	1754	1114	1865	1835	2112	1854	1754	1737	1772	1770	1485	1894	1499	878	1575	1840	1770	1783	2613	1658	1912	1856	1667	2972	1836	1679	921	939	1764	1632	1330	1737	852	1868	1865	1728	1891	1724	1211	1812	1671	1891	1997	788	1856	1896	1486	2665	1837	1677	1999	1401	1682	1281	2030	1869	269	1958	1689	1681	1838	998	2259	1768	1907	1694	782	1939	600	1898	1632	989	1743	419	1484	1771	2030	1863	1622	1196	1353	2235	1897	2258	1383	1270	1491	1851	1821	1774	749	2123	1596	1842	1562	1516	1513	1841	2768	1221	1588	1862	1768	3507	1769	898	1896	1767	192	1836	1374	1884	1832	1925	1337	340	1837	1965	885	2028	2081	1857	1110	2160	2359	1389	1645	1754	1694	1841	1008	1310	1669	1697	340	2051	1779	1622	1263	1995	1490	1892	1038	1935	1864	228	2070	1573	1930	1697	1862	1728	1617
189	263	279	406	67	1628	0	784	256	108	199	895	1662	215	256	685	1097	315	371	176	1039	935	522	832	491	391	415	373	808	299	648	251	407	1258	383	397	108	217	852	300	1004	910	354	554	69	251	302	1683	833	690	397	59	367	1959	860	102	772	1128	312	511	624	217	1017	311	278	328	400	534	388	806	108	998	968	341	652	1272	388	673	868	343	832	648	79	438	572	2003	292	14	570	365	392	542	395	1442	2599	398	1392	316	673	466	415	626	214	395	909	398	398	389	865	298	207	539	251	389	400	397	406	393	324	145	826	68	227	235	624	992	555	284	249	380	1555	223	386	794	702	223	14	318	400	846	994	859	144	524	352	428	365	130	512	371	873	258	339	385	1039	214	73	373	1018	424	1859	408	310	1805	420	351	255	397	744	716	415	373	163	879	463	1032	323	14	860	148	1828	346	166	452	300	964	432	1017	2202	335	648	1934	1617	415	242	398	417	1501	1147	41	396	356	394	1735	299	1145	420	353	1345	373	2144	155	787	336	226	1509	395	1409	1377	207	296	301	1439	214	388	823	406	512	256	576	534	1093	1060	304	389	163	299	737	1559	369	362	1439	834	407	964	396	404	231	514	1579	307	303	1426	503	56	472	264	236	382	58
965	931	947	1160	832	901	784	0	769	848	980	115	1013	992	981	425	779	1087	951	958	1746	189	1295	628	777	439	1053	1124	166	953	1433	988	1055	676	1077	1010	848	1002	68	1078	660	668	1012	969	831	921	483	2147	529	1419	1092	812	1059	1286	75	836	1468	838	1089	1285	1158	1002	652	1086	1052	1101	829	1314	480	972	848	433	1605	1103	182	2038	480	1355	101	505	1573	485	726	1188	1295	2655	1058	784	1042	801	1033	1324	1147	857	2217	1080	666	1068	632	1183	819	788	998	1090	159	1080	453	1029	350	1063	990	1314	981	1029	836	1045	869	802	1092	683	47	746	972	976	1158	1735	1032	1065	984	958	2287	969	970	486	326	968	784	552	836	61	1050	1011	858	1184	825	449	1060	797	1179	1154	115	981	1101	799	1792	976	846	1155	689	781	1207	1161	1072	1124	1176	963	917	1092	116	1362	1050	1124	815	121	1186	384	1093	784	654	921	1197	584	945	1227	1063	840	397	652	1846	1099	1433	1300	1016	819	980	1080	1056	747	1299	747	1094	661	615	1208	953	1891	460	687	1181	1032	2863	938	2	1099	970	752	1090	915	1211	991	1075	542	817	976	1162	48	1160	1285	983	216	1314	1480	704	747	1029	815	953	125	990	955	796	817	1168	1055	840	521	1111	606	1180	897	1087	1065	739	1276	735	1184	933	1004	827	758
300	516	531	420	315	1663	256	769	0	195	323	884	1737	319	245	533	890	500	627	368	1239	947	682	629	238	330	664	578	843	187	749	260	655	1349	620	650	195	378	832	388	812	704	603	807	319	505	334	1933	654	888	633	213	607	1815	843	189	986	913	395	672	879	378	829	390	358	395	146	605	520	550	195	866	1198	538	688	1413	520	897	867	478	809	477	301	442	530	2212	489	242	825	110	642	620	407	1537	2368	638	1425	527	458	685	659	377	358	631	918	638	515	639	741	497	339	694	249	639	147	645	162	635	515	349	801	305	257	466	879	969	811	389	255	636	1727	255	642	925	795	454	242	475	147	826	739	603	169	763	102	552	603	132	750	470	876	244	537	627	1031	280	313	468	820	169	1709	422	513	1867	616	606	509	632	695	598	664	578	111	883	680	1089	510	242	1025	366	1913	194	368	614	502	731	522	829	1970	530	749	1775	1455	659	255	638	666	1416	892	234	631	145	201	1548	187	1126	547	129	1102	621	2318	348	772	532	456	1521	630	1224	1133	352	388	448	1521	280	561	796	420	673	247	554	605	869	865	54	639	111	187	685	1389	625	106	1521	590	655	731	551	348	180	751	1450	403	505	1480	667	277	694	516	309	130	200
124	333	346	317	140	1711	108	848	195	0	143	960	1755	149	152	693	1078	309	452	173	1048	1008	501	815	431	427	475	384	887	191	598	150	466	1354	426	467	0	189	915	233	994	891	415	647	145	323	366	1742	829	697	439	50	413	1977	923	11	792	1104	243	491	696	189	1009	240	205	253	325	468	486	736	0	1018	1002	345	729	1245	486	702	936	441	741	646	186	347	473	2020	295	97	654	296	454	479	304	1539	2563	444	1474	332	647	490	517	572	173	437	981	444	492	452	888	302	158	516	148	452	323	456	323	496	323	251	886	176	129	272	696	902	640	224	147	460	1547	125	464	896	795	260	97	419	323	908	929	788	38	569	275	525	410	68	555	313	943	153	343	488	953	128	131	313	1004	361	1873	318	318	1895	424	426	329	438	795	609	476	384	84	950	485	1118	319	97	966	172	1924	342	172	432	307	926	520	1009	2165	337	598	1944	1625	517	141	444	477	1543	1066	122	436	326	375	1729	191	1057	517	316	1297	431	2138	152	850	339	262	1585	436	1404	1328	166	230	400	1533	128	374	882	317	491	152	633	468	992	1048	249	452	84	191	786	1562	449	293	1533	742	466	926	499	300	253	557	1603	244	310	1513	485	160	499	333	156	307	94
22	293	300	219	175	1828	199	980	323	143	0	1091	1857	23	137	836	1213	181	417	87	916	1134	361	951	548	568	406	266	1007	232	457	119	394	1452	338	412	143	61	1047	101	1132	1027	351	628	179	286	496	1651	970	566	348	168	330	2120	1056	154	669	1236	113	350	633	61	1148	112	81	131	430	335	583	835	143	1162	889	223	851	1102	583	588	1065	539	640	788	272	252	394	1890	179	197	616	408	389	344	210	1634	2685	359	1592	222	781	378	528	689	37	347	1107	359	595	388	1031	186	16	374	129	388	427	386	417	511	198	334	1020	254	97	198	633	798	603	85	121	423	1407	96	423	981	899	189	197	509	427	1041	1032	885	155	475	382	624	325	209	460	174	1071	140	222	504	842	63	158	175	1141	477	2016	220	203	2002	297	382	295	348	932	568	409	266	215	1077	371	1230	192	197	1032	124	2022	485	99	292	193	1051	631	1148	2288	214	457	2086	1768	528	114	359	408	1684	1145	234	344	463	514	1868	232	949	614	450	1413	363	1998	84	982	217	190	1709	346	1543	1443	32	97	496	1633	63	238	1016	219	351	135	768	335	1022	1186	377	388	215	232	924	1704	411	407	1633	803	394	1051	585	255	395	462	1746	108	196	1624	345	254	389	292	57	413	221
1077	1029	1045	1274	940	789	895	115	884	960	1091	0	912	1104	1096	516	823	1194	1041	1067	1838	96	1401	702	887	554	1146	1227	167	1068	1543	1102	1149	598	1174	1101	960	1112	58	1190	708	734	1108	1042	939	1020	595	2202	598	1517	1190	924	1157	1227	45	949	1561	883	1201	1390	1237	1112	696	1199	1164	1214	942	1426	573	1068	960	451	1689	1207	263	2141	573	1448	37	602	1688	581	834	1302	1410	2735	1164	895	1118	915	1126	1435	1261	771	2215	1177	555	1172	726	1282	900	891	1109	1188	72	1177	547	1122	399	1168	1101	1420	1095	1122	949	1139	983	885	1197	787	90	854	1086	1080	1237	1849	1110	1177	1098	1048	2382	1082	1060	498	361	1072	895	647	949	63	1133	1104	971	1276	939	538	1158	911	1272	1265	49	1095	1206	883	1907	1089	955	1266	738	893	1156	1275	1176	1017	1279	1056	1016	1189	212	1476	1143	1227	929	48	1285	309	1199	895	662	1029	1097	699	1054	1334	1169	911	493	696	1852	1204	1543	1253	984	900	1094	1177	1149	664	1386	857	1192	775	728	1190	1068	2006	549	801	1232	1128	2954	1047	112	1204	1074	637	1187	915	1261	1102	1187	641	725	1089	1268	98	1274	1391	1097	331	1426	1582	746	862	1122	929	1068	221	968	1046	910	725	1271	1149	911	608	1226	721	1273	843	1199	1170	636	1381	844	1282	1032	1116	941	870
1850	1684	1694	2068	1684	277	1662	1013	1737	1755	1857	912	0	1876	1905	1428	1665	1898	1634	1804	2362	824	2083	1602	1786	1419	1740	1898	898	1905	2262	1905	1749	407	1803	1692	1755	1856	971	1958	1566	1620	1729	1517	1680	1680	1408	2374	1494	2116	1815	1709	1788	1558	958	1744	2111	1725	1970	2074	1716	1856	1548	1969	1938	1988	1823	2180	1274	1981	1755	1280	2150	1895	1049	2746	1274	2003	913	1318	2494	1494	1585	2100	2228	3090	1865	1667	1598	1791	1728	2183	2057	247	2797	1796	391	1854	1639	1908	1457	1802	1862	1814	854	1796	1263	1725	1283	1867	1862	2104	1902	1725	1829	1743	1861	1455	1895	1523	1002	1602	1884	1771	1716	2655	1597	1938	1902	1637	2897	1880	1648	891	959	1767	1667	1348	1829	976	2037	2016	1777	1849	1810	1233	1793	1724	1852	2018	898	1906	1894	1458	2700	1876	1700	2021	1595	1782	1556	2070	1868	166	1948	1664	1672	1815	1123	2334	1736	1898	1751	892	1916	649	1900	1667	911	1760	185	1573	1788	2027	1864	1801	1234	1548	2497	1896	2262	1658	1532	1457	1897	1796	1742	1013	2292	1635	1819	1654	1615	1774	1905	2807	1242	1679	2073	1743	3408	1790	1010	1894	1769	444	1814	1615	2097	1857	1953	1361	224	1876	1965	1010	2068	2074	1905	1202	2180	2493	1589	1728	1725	1751	1905	1133	1566	1640	1786	224	2182	1749	1801	1274	2050	1558	1853	1303	1962	1864	279	2063	1605	1903	1687	1898	1818	1660
26	316	323	197	196	1844	215	992	319	149	23	1104	1876	0	119	838	1210	193	439	110	922	1148	362	949	540	576	427	279	1022	217	448	99	415	1471	357	434	149	78	1060	86	1131	1024	372	651	200	309	508	1666	970	573	366	179	349	2123	1068	160	678	1232	97	352	653	78	1147	95	62	113	421	322	602	822	149	1166	901	236	866	1099	602	600	1079	557	619	789	290	230	371	1896	194	212	638	400	410	332	187	1654	2677	378	1608	238	778	392	551	681	53	365	1122	378	613	409	1036	201	33	374	110	409	417	407	405	535	211	353	1032	273	80	220	653	779	625	75	103	445	1408	79	445	1002	917	211	212	528	417	1053	1020	872	155	492	373	642	344	213	477	164	1085	122	235	527	824	46	179	164	1139	469	2019	199	217	2020	307	405	318	366	943	545	429	279	214	1091	384	1247	204	212	1054	147	2041	487	123	295	208	1044	648	1147	2280	227	448	2088	1769	551	96	378	428	1692	1129	248	362	462	514	1867	217	930	633	448	1403	383	1999	107	994	229	211	1724	364	1542	1434	50	82	515	1652	46	244	1028	197	353	116	779	322	1001	1184	373	409	214	217	934	1704	434	400	1652	786	415	1044	605	232	402	478	1751	95	211	1641	348	271	403	314	34	403	233
120	424	433	180	267	1856	256	981	245	152	137	1096	1905	119	0	779	1123	309	548	221	1024	1149	457	866	441	548	544	396	1031	100	505	20	532	1505	476	548	152	197	1047	154	1052	940	488	756	272	416	507	1785	898	680	485	201	468	2061	1057	162	789	1142	157	448	770	197	1069	152	126	153	318	359	638	710	152	1111	1015	353	873	1171	638	716	1074	593	595	723	335	206	323	1998	313	247	750	304	526	375	166	1691	2574	497	1619	358	694	510	644	580	172	484	1121	497	644	525	985	320	151	466	8	525	313	524	297	625	328	401	1018	324	40	335	770	757	736	163	16	555	1494	43	556	1048	946	325	247	571	313	1041	907	758	128	611	274	677	463	185	596	231	1081	3	352	617	811	74	252	229	1058	372	1954	181	336	2044	420	516	424	485	919	461	546	396	167	1088	501	1266	320	247	1116	250	2075	434	231	394	327	946	670	1069	2177	344	505	2019	1700	644	23	497	545	1655	1010	274	481	391	447	1786	100	912	669	373	1297	500	2084	212	984	346	326	1726	483	1464	1327	169	155	552	1684	74	352	1013	180	448	2	765	359	886	1103	294	525	167	100	911	1632	543	304	1684	666	532	946	651	148	375	598	1695	170	330	1661	445	311	521	423	90	302	245
815	920	938	953	750	1285	685	425	533	693	836	516	1428	838	779	0	452	994	992	853	1724	608	1194	223	425	314	1070	1058	578	713	1281	793	1067	1102	1059	1038	693	880	458	916	341	286	1014	1095	752	909	444	2297	163	1375	1074	681	1042	1284	471	682	1455	500	923	1183	1241	880	348	919	886	926	520	1138	604	553	693	334	1640	1024	488	1938	604	1352	519	595	1319	72	667	973	1045	2685	974	677	1148	508	1047	1153	940	1282	1970	1070	1061	1001	211	1149	927	388	866	1072	579	1070	576	1043	215	981	851	1209	782	1043	527	1056	561	903	1005	660	427	684	787	919	1241	1474	1135	912	787	1001	2237	785	1011	839	665	908	677	633	527	453	626	588	683	1193	538	600	1041	626	1183	998	536	777	1023	897	1542	805	758	997	362	459	1180	954	994	1527	1104	988	909	1073	309	1053	1069	1058	625	542	1148	810	1003	677	995	833	1613	350	846	1124	984	433	531	348	1579	1018	1281	1251	933	927	787	1070	1072	899	874	644	1074	388	332	1053	713	1629	606	409	807	1035	2827	831	428	1019	910	1115	1071	727	839	859	914	606	1240	805	1064	419	953	1184	781	321	1138	1073	397	487	1043	625	713	300	873	993	504	1240	765	1067	433	658	870	453	1185	916	929	987	1150	1177	660	1155	922	835	526	634
1190	1349	1366	1276	1164	1463	1097	779	890	1078	1213	823	1665	1210	1123	452	0	1387	1431	1249	2126	917	1572	264	688	759	1501	1460	945	1035	1623	1141	1496	1413	1479	1474	1078	1266	777	1275	120	187	1443	1546	1166	1337	891	2745	289	1775	1494	1079	1464	1011	788	1069	1866	60	1279	1562	1684	1266	127	1274	1245	1276	811	1471	1056	568	1078	387	2065	1422	901	2292	1056	1770	844	1048	1568	460	1094	1288	1319	3097	1373	1086	1596	819	1478	1489	1264	1573	1519	1493	1275	1406	431	1561	1377	563	1248	1492	895	1493	1029	1475	428	1380	1229	1584	1129	1475	818	1485	843	1354	1401	1098	756	1110	1143	1332	1684	1706	1583	1277	1136	1440	2616	1142	1450	1251	1079	1320	1086	1085	818	775	481	563	1058	1619	850	1052	1462	1010	1608	1354	862	1121	1421	1347	1783	1169	1168	1352	92	752	894	1277	1395	1728	1502	1423	1338	1494	673	1256	1500	1460	998	866	1557	1131	1397	1086	1415	1238	1847	750	1246	1505	1384	238	982	127	1127	1415	1623	937	629	1377	1138	1493	1504	852	714	1059	1493	751	704	666	1035	1852	1057	762	411	1464	3207	1228	780	1416	1322	1273	1491	357	439	1241	1275	1057	1514	1169	1451	749	1276	1563	1126	755	1471	1053	77	836	1475	998	1035	668	546	1432	818	1514	808	1496	238	1110	1172	871	1609	722	1290	1387	1389	1558	1083	1568	1350	1198	826	1041
204	226	221	299	257	1895	315	1087	500	309	181	1194	1898	193	309	994	1387	0	326	141	739	1225	208	1124	729	707	273	86	1090	409	364	289	259	1491	189	297	309	122	1156	179	1302	1200	233	535	257	226	612	1476	1135	388	194	313	188	2273	1162	318	487	1412	186	197	490	122	1317	191	194	208	612	299	644	1016	309	1312	707	43	940	957	644	407	1165	605	653	952	361	327	465	1711	34	320	502	590	263	295	297	1666	2866	211	1663	65	956	200	481	871	144	192	1201	211	663	263	1180	33	165	227	301	263	609	255	599	472	18	406	1131	341	273	128	490	799	490	158	293	329	1243	273	324	1009	955	131	320	565	609	1149	1213	1065	330	308	564	685	182	377	293	167	1168	312	43	466	826	239	245	173	1313	658	2172	300	40	2050	115	287	235	193	1055	671	277	86	389	1174	192	1295	10	320	1030	168	2055	647	148	139	38	1231	709	1317	2469	34	364	2245	1928	481	287	211	273	1814	1320	356	189	635	684	2037	409	937	674	625	1594	235	1833	163	1089	37	129	1790	192	1711	1625	150	174	562	1674	239	74	1128	299	198	307	885	299	1171	1357	555	263	389	409	1048	1867	319	589	1674	973	259	1231	631	386	542	294	1894	166	40	1682	189	355	211	223	219	595	360
430	124	116	609	314	1663	371	951	627	452	417	1041	1634	439	548	992	1431	326	0	329	797	1049	462	1170	862	678	109	286	907	629	656	532	116	1228	173	61	452	368	1016	476	1329	1247	100	213	310	132	550	1320	1151	492	182	418	160	2213	1020	453	520	1469	488	454	256	368	1338	490	477	512	770	621	470	1178	452	1267	661	301	777	1127	470	406	1007	447	978	971	344	640	782	1713	295	385	203	737	94	615	604	1393	2947	162	1441	263	1023	274	177	996	391	182	1030	162	497	91	1136	293	407	483	540	91	770	109	774	178	313	333	998	333	508	223	256	1121	189	452	534	9	1342	505	19	747	738	230	385	401	770	1010	1365	1231	490	235	722	503	165	498	232	490	1005	551	300	176	1144	476	320	495	1346	795	2123	610	285	1792	328	38	124	182	954	978	105	286	528	1010	282	1072	322	385	736	298	1779	691	317	419	287	1322	554	1338	2551	306	656	2206	1898	177	526	162	111	1698	1516	398	187	718	749	2042	629	1255	492	720	1708	110	1912	336	952	303	230	1582	181	1717	1740	391	471	416	1411	476	369	997	609	454	546	785	621	1433	1385	675	91	528	629	949	1849	7	733	1411	1194	116	1322	433	670	567	234	1825	469	285	1441	443	362	269	125	473	753	428
101	206	213	295	126	1786	176	958	368	173	87	1067	1804	110	221	853	1249	141	329	0	877	1103	345	986	603	567	323	211	971	311	477	204	312	1397	261	326	173	52	1026	164	1163	1062	266	540	128	199	478	1578	995	525	273	173	251	2132	1033	181	618	1276	177	335	549	52	1178	178	156	199	491	376	534	901	173	1171	829	173	818	1095	534	529	1039	492	704	811	233	328	471	1847	123	181	529	465	305	380	287	1577	2736	281	1551	158	819	317	445	744	66	271	1078	281	549	303	1039	130	79	362	213	303	489	303	483	429	152	287	1000	213	180	113	549	860	516	141	206	336	1384	178	336	921	850	103	181	457	489	1020	1096	952	200	402	442	575	246	240	388	214	1043	224	171	422	898	147	111	217	1174	532	2031	296	145	1952	252	295	208	272	921	654	325	211	256	1049	312	1186	150	181	962	45	1965	506	15	275	134	1099	591	1178	2338	165	477	2104	1787	445	198	281	325	1678	1220	217	269	498	545	1897	311	1007	565	489	1469	279	1974	22	960	167	104	1673	270	1571	1500	64	159	449	1580	147	212	997	295	335	219	752	376	1107	1218	423	303	256	311	913	1726	324	463	1580	883	312	1099	530	342	401	389	1754	163	137	1577	327	222	326	204	144	473	219
939	821	804	920	974	2429	1039	1746	1239	1048	916	1838	2362	922	1024	1724	2126	739	797	877	0	1845	569	1863	1462	1423	692	667	1703	1123	615	1005	690	1971	675	736	1048	860	1811	871	2040	1939	734	851	972	832	1310	936	1871	351	659	1049	693	2989	1816	1057	277	2152	869	577	647	860	2055	875	898	880	1341	750	1266	1730	1048	2031	246	704	1574	432	1266	390	1804	1240	964	1687	1063	927	993	974	754	1048	768	1323	712	728	928	2115	3598	668	2217	723	1695	576	951	1603	880	661	1827	668	1292	716	1897	747	900	563	1017	716	1337	700	1322	962	725	1084	1792	1044	996	805	647	1008	771	862	1010	790	546	997	778	1509	1527	817	1048	1193	1337	1806	1927	1776	1069	562	1295	1300	693	1116	566	801	1802	1027	705	962	972	966	966	804	2052	1392	2892	920	732	2527	624	782	834	660	1740	1199	695	667	1128	1808	577	1854	729	1048	1452	892	2486	1382	881	630	743	1967	1348	2055	3201	711	615	2970	2655	951	1005	668	689	2492	1997	1080	659	1374	1422	2774	1123	1055	1289	1364	2321	714	1117	899	1747	710	814	2364	662	2447	2351	887	869	1204	2147	966	678	1791	920	576	1022	1568	750	1762	2095	1293	716	1128	1123	1734	2598	792	1322	2147	1640	690	1967	1230	1036	1271	565	2604	855	740	2202	579	1066	572	819	940	1324	1091
1121	1048	1063	1324	976	716	935	189	947	1008	1134	96	824	1148	1149	608	917	1225	1049	1103	1845	0	1430	798	967	618	1156	1252	142	1128	1580	1154	1160	502	1191	1110	1008	1150	150	1234	803	830	1122	1030	974	1040	642	2168	694	1533	1205	969	1173	1269	138	997	1569	978	1246	1419	1230	1150	791	1243	1209	1259	1015	1469	588	1158	1008	542	1686	1235	285	2162	588	1455	89	622	1743	671	870	1353	1467	2724	1194	936	1109	986	1137	1477	1312	676	2292	1191	479	1198	817	1299	898	978	1149	1204	30	1191	565	1133	495	1198	1143	1450	1147	1133	1021	1151	1055	884	1227	818	180	889	1136	1106	1230	1905	1101	1219	1149	1055	2391	1132	1067	442	332	1099	936	666	1021	155	1228	1196	1022	1284	1008	550	1175	963	1281	1307	74	1149	1234	883	1960	1136	991	1308	834	969	1205	1326	1205	934	1304	1067	1034	1205	300	1543	1152	1252	984	67	1303	213	1230	936	601	1063	1008	767	1089	1364	1197	1007	516	791	1933	1233	1580	1304	1047	898	1145	1191	1158	687	1480	900	1208	846	802	1261	1128	2061	561	872	1327	1141	2957	1084	187	1232	1101	577	1203	996	1356	1142	1230	664	632	1136	1298	188	1324	1419	1149	394	1469	1669	840	929	1133	984	1128	309	1037	1053	981	632	1358	1160	1007	616	1283	778	1282	891	1242	1198	550	1410	882	1299	1051	1163	1012	916
382	399	389	359	465	2091	522	1295	682	501	361	1401	2083	362	457	1194	1572	208	462	345	569	1430	0	1311	897	913	371	185	1294	554	198	437	358	1676	290	412	501	313	1364	302	1493	1387	362	644	466	404	820	1392	1330	236	282	515	302	2476	1370	512	358	1594	301	10	532	313	1509	306	330	311	775	230	845	1161	501	1516	594	194	1145	749	845	322	1371	808	568	1148	570	372	471	1541	237	527	588	759	373	212	365	1846	3031	304	1861	233	1140	208	637	1037	328	282	1406	304	866	376	1384	232	345	21	450	376	770	360	754	633	203	613	1339	549	431	323	532	689	580	296	442	462	1046	432	453	1192	1152	330	527	767	770	1357	1358	1207	516	323	730	886	297	569	310	232	1374	460	196	629	699	403	453	236	1502	828	2374	359	225	2238	136	427	412	282	1264	689	375	185	575	1380	196	1492	202	527	1197	376	2234	844	355	70	232	1403	914	1509	2634	197	198	2445	2127	637	439	304	369	2022	1436	563	277	824	875	2229	554	809	875	810	1753	352	1637	367	1297	197	328	1992	282	1904	1782	335	301	766	1859	403	134	1336	359	10	454	1094	230	1235	1547	736	376	575	554	1257	2064	455	759	1859	1081	358	1403	828	473	745	311	2099	287	231	1875	20	564	219	396	375	758	564
929	1086	1103	1026	900	1434	832	628	629	815	951	702	1602	949	866	223	264	1124	1170	986	1863	798	1311	0	442	506	1238	1196	789	783	1369	884	1233	1299	1215	1211	815	1003	648	1016	186	77	1180	1293	902	1074	638	2487	108	1511	1230	814	1200	1219	660	806	1602	298	1021	1301	1425	1003	206	1016	986	1020	562	1219	817	421	815	370	1801	1159	710	2038	817	1506	713	803	1344	207	831	1039	1084	2833	1109	822	1339	566	1215	1237	1013	1474	1776	1229	1221	1142	173	1296	1125	337	986	1228	771	1229	791	1211	320	1116	967	1323	872	1211	569	1222	597	1100	1137	837	620	846	885	1067	1425	1490	1326	1018	878	1179	2356	883	1188	1062	888	1055	822	837	569	644	436	441	796	1355	597	817	1198	746	1344	1096	731	864	1157	1094	1563	909	904	1095	191	501	1107	1027	1131	1687	1238	1161	1075	1229	511	1046	1237	1196	736	736	1293	1008	1133	822	1219	973	1787	486	982	1243	1120	213	749	206	1382	1151	1369	1163	845	1125	880	1229	1240	939	690	794	1229	488	440	919	783	1640	822	500	584	1200	2948	964	630	1153	1057	1253	1227	597	616	979	1016	808	1425	909	1188	612	1026	1302	869	544	1219	949	236	575	1211	736	783	504	771	1171	564	1425	661	1233	213	870	927	607	1345	885	1031	1123	1322	1296	819	1303	1087	938	575	776
525	753	768	588	552	1676	491	777	238	431	548	887	1786	540	441	425	688	729	862	603	1462	967	897	442	0	386	902	810	891	349	935	460	893	1421	857	887	431	607	830	595	628	510	841	1032	556	741	463	2171	497	1114	871	451	845	1659	842	426	1217	702	598	888	1115	607	648	593	566	593	124	783	674	319	431	748	1432	769	751	1605	674	1132	879	639	908	355	525	600	642	2436	722	477	1057	139	879	801	576	1608	2137	876	1443	761	271	920	877	141	585	869	936	876	660	877	640	729	564	907	447	877	130	883	155	852	745	562	797	532	466	704	1115	1058	1042	601	455	871	1934	465	877	1048	894	692	477	651	130	824	503	372	402	1001	167	697	841	370	987	672	892	438	768	845	1129	496	550	669	630	71	1547	589	745	1902	845	842	746	870	678	628	902	810	347	899	914	1141	740	477	1170	604	1968	242	603	833	735	505	648	648	1739	760	935	1605	1287	877	458	876	904	1322	672	464	868	168	182	1354	349	1211	695	154	866	859	2524	583	780	763	693	1516	868	1037	897	579	596	620	1580	496	785	790	588	889	444	585	783	724	676	186	877	347	349	668	1213	860	140	1580	417	893	505	716	485	335	989	1312	611	738	1516	885	503	929	753	522	139	433
550	610	627	728	453	1334	391	439	330	427	568	554	1419	576	548	314	759	707	678	567	1423	618	913	506	386	0	758	762	521	514	1025	557	755	1041	751	725	427	602	503	660	653	580	703	787	453	598	132	1986	474	1077	767	401	734	1568	513	415	1150	801	670	902	927	602	661	667	632	679	404	895	323	663	427	608	1329	732	371	1662	323	1045	536	302	1135	300	360	754	856	2376	683	386	836	372	734	907	715	1230	2279	762	1097	705	388	846	619	456	593	765	589	762	301	731	475	689	581	929	549	731	410	744	442	595	715	347	472	379	544	618	927	1296	823	651	552	687	1946	541	697	663	507	607	386	332	410	496	806	713	430	883	392	334	733	369	873	740	547	548	730	588	1355	553	463	740	671	367	1470	730	701	1544	811	674	598	766	371	925	756	762	381	553	845	770	715	386	793	540	1598	154	558	843	691	686	274	661	1885	726	1025	1547	1233	619	550	762	760	1116	1022	350	767	236	205	1365	514	1453	336	261	1077	724	2533	545	442	727	609	1191	764	1040	1109	586	658	303	1207	553	779	467	728	902	550	224	895	1111	709	311	731	381	514	362	1178	679	367	1207	804	755	686	374	673	175	875	1188	671	694	1156	894	357	850	612	582	399	349
424	152	136	571	350	1772	415	1053	664	475	406	1146	1740	427	544	1070	1501	273	109	323	692	1156	371	1238	902	758	0	211	1014	635	568	526	13	1335	87	48	475	350	1119	444	1403	1315	60	274	346	164	634	1269	1227	383	90	451	84	2308	1123	478	414	1536	454	364	226	350	1414	458	452	477	801	553	573	1212	475	1356	571	238	882	1018	573	301	1112	548	911	1044	406	600	738	1621	250	427	230	770	23	543	569	1498	3011	68	1550	208	1084	170	283	1040	374	90	1136	68	600	26	1224	246	394	391	535	26	799	20	798	287	257	410	1100	391	503	209	226	1047	219	421	528	104	1236	501	92	855	846	220	427	501	799	1113	1403	1264	510	130	751	608	91	531	125	440	1111	547	238	285	1064	469	351	446	1418	833	2215	572	233	1899	242	90	162	90	1051	944	4	211	557	1116	180	1181	266	427	838	305	1884	753	316	337	238	1379	656	1414	2614	245	568	2297	1986	283	521	68	2	1800	1540	448	95	770	807	2123	635	1175	597	768	1760	44	1809	336	1055	242	219	1691	90	1797	1792	376	439	513	1518	469	298	1099	571	363	542	880	553	1428	1459	715	26	557	635	1046	1935	103	767	1518	1206	13	1379	539	648	631	127	1920	434	236	1549	352	419	163	151	460	782	473
288	214	203	377	309	1907	373	1124	578	384	266	1227	1898	279	396	1058	1460	86	286	211	667	1252	185	1196	810	762	211	0	1114	495	372	376	197	1490	123	244	384	205	1192	264	1373	1273	185	483	308	219	658	1389	1203	317	122	382	129	2331	1198	392	407	1488	270	175	415	205	1387	275	280	291	695	342	665	1101	384	1370	623	43	968	914	665	322	1196	629	700	1019	406	403	535	1636	88	381	441	671	206	333	377	1661	2946	143	1678	57	1031	113	456	952	228	121	1229	143	686	207	1237	81	249	206	387	207	692	195	683	451	68	441	1168	386	359	147	415	838	430	244	380	287	1183	358	279	1007	968	157	381	586	692	1185	1298	1151	409	224	646	704	123	451	209	239	1198	399	43	446	858	325	300	244	1385	739	2232	378	65	2052	52	248	226	122	1100	747	215	0	467	1204	105	1308	76	381	1014	225	2050	714	214	133	76	1310	736	1387	2549	52	372	2307	1991	456	373	143	210	1858	1406	414	117	709	755	2106	495	970	693	700	1677	181	1771	232	1126	49	154	1810	121	1780	1707	233	259	587	1674	325	87	1166	377	175	393	928	342	1256	1428	633	207	467	495	1093	1932	278	670	1674	1060	197	1310	645	470	604	210	1949	250	73	1690	164	405	125	211	306	677	424
996	908	923	1204	845	825	808	166	843	887	1007	167	898	1022	1031	578	945	1090	907	971	1703	142	1294	789	891	521	1014	1114	0	1018	1448	1035	1018	533	1050	968	887	1020	182	1108	827	832	981	889	843	901	524	2038	693	1392	1065	845	1033	1393	176	875	1427	1004	1120	1283	1088	1020	818	1118	1084	1135	925	1342	449	1113	887	594	1544	1099	157	2022	449	1313	130	485	1626	632	739	1234	1352	2584	1058	810	967	893	995	1349	1192	719	2372	1051	587	1062	777	1159	756	921	1020	1063	127	1051	428	992	517	1062	1015	1314	1029	992	931	1009	963	742	1092	685	193	758	1016	970	1088	1788	960	1092	1031	913	2249	1012	925	333	196	963	810	528	931	181	1204	1155	903	1142	913	410	1035	846	1139	1178	118	1031	1097	741	1841	1014	860	1180	856	884	1323	1205	1069	1023	1167	925	895	1065	278	1442	1011	1114	869	120	1164	250	1095	810	499	931	1078	674	957	1228	1062	1002	381	818	2004	1097	1448	1420	1150	756	1026	1051	1016	821	1450	774	1068	756	717	1352	1018	1943	422	781	1347	1000	2815	953	165	1096	965	702	1063	1070	1377	1014	1104	528	689	1014	1163	200	1204	1283	1032	306	1342	1608	870	831	992	869	1018	285	1131	912	888	689	1296	1018	1002	475	1170	667	1141	1010	1115	1063	636	1273	753	1158	911	1039	920	793
212	506	517	244	328	1841	299	953	187	191	232	1068	1905	217	100	713	1035	409	629	311	1123	1128	554	783	349	514	635	495	1018	0	587	120	623	1510	570	635	191	294	1017	252	969	855	577	832	333	497	497	1883	822	780	581	240	561	1988	1027	197	890	1052	253	546	860	294	988	248	225	245	225	436	655	609	191	1047	1115	452	861	1256	655	816	1049	610	622	652	373	260	343	2096	411	286	833	217	615	454	231	1697	2476	591	1603	455	610	609	708	485	269	579	1099	591	656	614	924	418	248	562	108	614	219	614	199	688	427	436	986	366	136	425	860	783	819	262	116	637	1585	137	639	1067	952	414	286	596	219	1010	807	658	154	708	185	691	557	188	693	325	1058	97	451	680	844	170	317	322	973	283	1879	244	434	2039	520	599	505	580	881	433	636	495	157	1064	601	1260	420	286	1148	333	2078	381	319	493	425	852	674	988	2079	443	587	1941	1622	708	122	591	636	1602	912	304	577	325	381	1700	0	940	685	303	1198	590	2175	298	956	446	415	1703	578	1380	1228	265	254	573	1686	170	453	981	244	546	103	737	436	804	1019	225	614	157	0	872	1552	625	218	1686	571	623	852	675	161	350	695	1628	268	428	1653	543	347	620	505	190	210	269
474	581	573	348	603	2258	648	1433	749	598	457	1543	2262	448	505	1281	1623	364	656	477	615	1580	198	1369	935	1025	568	372	1448	587	0	489	555	1854	486	609	598	431	1501	366	1555	1442	556	842	605	584	950	1510	1403	361	479	625	496	2565	1509	609	483	1637	358	205	726	431	1573	362	395	354	811	153	1006	1159	598	1612	711	368	1295	669	1006	485	1516	966	391	1227	710	342	379	1556	397	649	787	804	570	133	359	2028	3037	501	2025	409	1196	406	828	1067	435	479	1555	501	1023	572	1483	395	445	179	500	572	805	557	781	823	367	762	1475	690	493	491	726	496	779	373	494	656	1009	496	648	1372	1319	495	649	927	805	1495	1353	1200	600	519	772	1047	491	660	506	285	1520	507	369	818	501	476	588	285	1560	870	2459	347	394	2415	328	620	593	479	1389	583	573	372	656	1526	395	1658	362	649	1386	517	2417	932	490	239	398	1433	1067	1573	2643	367	0	2524	2205	828	494	501	567	2141	1395	687	474	895	951	2288	587	611	1036	878	1759	548	1595	496	1435	368	493	2150	479	1967	1787	442	368	922	2038	476	297	1471	348	205	502	1224	153	1146	1606	799	572	656	587	1382	2137	649	805	2038	1039	555	1433	995	459	851	507	2196	354	398	2046	216	698	417	578	446	796	678
103	408	417	171	257	1859	251	988	260	150	119	1102	1905	99	20	793	1141	289	532	204	1005	1154	437	884	460	557	526	376	1035	120	489	0	514	1505	457	531	150	178	1054	135	1069	957	470	741	262	401	511	1765	914	660	466	198	449	2076	1064	161	769	1160	138	428	752	178	1086	133	106	135	337	345	636	730	150	1125	995	333	877	1154	636	695	1079	591	591	738	331	199	323	1978	293	243	734	322	508	360	158	1690	2593	478	1622	338	711	490	632	599	153	465	1126	478	643	507	998	300	132	446	12	507	332	506	317	613	307	396	1025	318	26	317	752	753	720	142	5	539	1475	29	540	1045	946	308	243	568	332	1048	928	778	131	591	293	676	444	190	576	213	1087	23	332	605	806	56	242	211	1075	391	1969	173	316	2046	400	499	409	465	928	469	528	376	175	1093	481	1268	300	243	1110	234	2075	447	215	374	307	965	671	1086	2196	323	489	2035	1716	632	8	478	527	1666	1030	272	462	406	461	1803	120	908	667	388	1317	482	2066	196	991	326	308	1731	464	1481	1347	150	135	550	1684	56	332	1021	171	429	17	772	345	903	1120	310	507	175	120	919	1648	527	323	1684	686	514	965	647	154	383	578	1709	150	310	1663	425	307	501	407	70	321	245
412	147	130	558	342	1779	407	1055	655	466	394	1149	1749	415	532	1067	1496	259	116	312	690	1160	358	1233	893	755	13	197	1018	623	555	514	0	1344	73	57	466	337	1122	431	1399	1310	53	288	339	159	633	1277	1223	376	76	442	71	2307	1126	469	412	1530	441	351	238	337	1410	444	439	464	791	539	576	1203	466	1355	573	224	885	1011	576	299	1115	550	897	1040	402	586	724	1623	237	420	244	761	23	530	555	1508	3005	55	1557	194	1078	159	292	1032	362	76	1140	55	602	26	1222	232	382	379	523	26	790	11	788	295	243	408	1102	386	491	198	238	1033	233	408	516	112	1232	490	101	863	852	209	420	503	790	1116	1395	1254	500	129	742	611	77	523	123	427	1115	535	224	293	1051	457	343	432	1414	824	2214	559	219	1908	229	93	158	77	1052	930	17	197	548	1120	169	1188	252	420	849	295	1894	747	305	323	225	1372	658	1410	2608	231	555	2296	1985	292	509	55	14	1802	1529	442	82	763	800	2120	623	1162	600	761	1753	34	1807	326	1057	228	208	1697	77	1794	1784	364	426	515	1527	457	284	1101	558	350	530	881	539	1415	1455	707	26	548	623	1046	1933	110	758	1527	1195	0	1372	543	636	625	124	1920	421	222	1557	339	414	153	146	448	773	466
1446	1276	1286	1665	1278	476	1258	676	1349	1354	1452	598	407	1471	1505	1102	1413	1491	1228	1397	1971	502	1676	1299	1421	1041	1335	1490	533	1510	1854	1505	1344	0	1397	1287	1354	1449	651	1552	1301	1332	1322	1121	1275	1272	1016	2066	1196	1714	1409	1307	1382	1557	639	1343	1714	1474	1565	1666	1323	1449	1288	1564	1533	1584	1445	1773	870	1645	1354	1029	1767	1487	670	2346	870	1604	586	914	2091	1161	1181	1697	1828	2738	1457	1265	1203	1412	1323	1776	1654	188	2708	1390	331	1447	1307	1502	1052	1454	1456	1408	528	1390	861	1320	996	1459	1457	1697	1502	1320	1451	1338	1482	1049	1487	1118	679	1198	1483	1363	1323	2251	1201	1533	1502	1231	2510	1479	1243	483	559	1359	1265	943	1451	655	1727	1685	1378	1447	1428	830	1386	1327	1449	1612	568	1506	1486	1052	2294	1473	1295	1615	1332	1409	1524	1667	1460	563	1540	1258	1264	1409	793	1942	1331	1490	1355	563	1510	292	1492	1265	519	1353	570	1196	1382	1619	1456	1509	836	1288	2371	1488	1854	1629	1432	1052	1496	1390	1337	956	1976	1233	1413	1278	1244	1666	1510	2402	838	1302	1824	1337	3036	1384	674	1486	1361	490	1407	1444	1852	1451	1548	957	183	1473	1557	687	1665	1666	1505	837	1773	2140	1335	1344	1320	1355	1510	801	1443	1235	1406	183	1829	1344	1509	867	1651	1168	1450	1229	1556	1456	251	1655	1202	1497	1279	1494	1439	1259
358	146	130	488	315	1825	383	1077	620	426	338	1174	1803	357	476	1059	1479	189	173	261	675	1191	290	1215	857	751	87	123	1050	570	486	457	73	1397	0	123	426	278	1144	365	1385	1292	74	361	313	156	635	1317	1211	342	15	409	17	2314	1149	431	399	1511	373	282	302	278	1397	377	375	396	750	465	603	1161	426	1357	585	151	912	972	603	293	1142	572	823	1027	391	516	653	1626	170	394	318	722	84	456	486	1564	2981	22	1600	125	1056	108	349	998	303	13	1170	22	627	86	1224	164	324	311	467	86	748	72	744	348	171	409	1123	374	436	153	302	960	307	342	460	172	1211	434	163	914	892	165	394	527	748	1138	1355	1212	458	143	701	640	17	487	130	355	1142	479	151	345	979	401	313	360	1399	787	2218	489	150	1961	157	139	160	15	1065	860	91	123	510	1148	114	1230	181	394	909	253	1951	728	257	251	157	1345	681	1397	2584	159	486	2297	1984	349	452	22	87	1820	1481	420	17	737	778	2112	570	1090	629	732	1721	62	1792	278	1079	156	164	1737	12	1786	1753	307	360	534	1580	401	210	1122	488	282	473	893	465	1354	1441	673	86	510	570	1059	1929	166	720	1580	1142	73	1345	575	571	610	131	1928	353	154	1605	271	399	107	144	388	732	440
