NAME : VRPTW_INSTANCE_355.txt
COMMENT : Bangkok Supermarket
TYPE : VRPTW
DIMENSION : 200
DAYS : Thursday
EDGE_WEIGHT_TYPE : EXPLICIT
VEHICLES : 28
EDGE_WEIGHT_FORMAT : FULL_MATRIX
CAPACITY : 1000
EDGE_WEIGHT_SECTION
0	385	351	640	124	410	308	1851	379	1222	255	215	351	745	1727	449	33	409	939	540	618	366	180	298	687	372	97	871	133	825	424	186	153	1164	541	1671	735	395	437	437	420	284	1948	35	2627	193	1321	563	399	465	212	341	585	206	910	189	255	189	1447	2117	356	59	1052	1321	167	590	506	2661	658	1839	485	437	106	603	362	606	474	330	128	1915	928	29	1766	1121	381	481	405	155	248	423	434	133	2066	88	1144	422	38	370	402	336	288	394	1532	737	256	400	649	266	425	135	411	891	37	382	651	170	1205	1335	76	1190	252	396	464	491	896	962	921	33	2817	1708	183	3259	2220	46	24	197	477	46	599	448	33	183	223	1003	464	304	958	173	2682	152	430	135	33	395	525	153	620	986	431	556	2196	2040	617	362	212	581	225	1010	224	609	213	482	113	206	358	239	1796	85	173	494	309	154	437	1321	46	185	202	371	1866	1627	924	2690	383	1608	481	882	977	222	568	618
385	0	501	804	505	571	550	2195	484	1594	640	451	490	952	2092	812	368	441	1321	805	315	255	557	548	891	482	288	1088	355	1205	574	200	232	1542	378	1605	917	663	761	647	732	638	2330	365	2973	555	1685	846	427	815	472	375	949	592	1294	563	221	563	1832	2497	482	376	1437	1685	228	469	550	3001	808	2164	538	645	425	972	494	725	123	668	260	2295	1284	367	1406	1504	485	535	566	343	619	635	760	453	2432	299	1527	734	363	491	242	721	533	418	1865	1121	220	225	1034	478	798	517	700	1260	366	232	430	259	1531	1672	362	1506	220	24	829	859	545	1344	1271	368	3169	1972	202	3492	2583	378	366	356	530	378	602	506	374	322	229	1386	829	548	1073	540	3049	401	644	454	368	663	817	538	736	1369	645	923	2558	2342	985	494	472	946	364	1390	335	993	363	535	272	592	29	223	2082	387	538	546	647	437	803	1685	378	382	446	682	2223	1988	684	2940	231	1233	534	1022	1195	228	948	853
351	501	0	313	412	71	115	1731	53	1393	456	140	15	1087	1902	453	322	133	1075	319	812	281	457	125	1031	47	369	1208	229	855	79	370	372	1165	361	1329	1082	733	340	148	733	576	1953	322	2830	496	1261	883	136	425	563	665	567	421	1033	472	525	472	1499	2110	28	292	1140	1261	334	353	174	2875	324	2081	152	146	253	603	21	258	508	633	386	1910	858	373	1660	1160	54	149	66	216	350	139	343	239	2000	375	1179	735	319	34	321	519	118	141	1771	877	525	335	787	617	656	416	738	863	319	314	480	282	1461	1572	420	1458	521	495	708	502	825	995	836	322	3006	2008	379	3567	2392	396	335	176	147	396	271	124	320	211	497	1047	708	117	1310	310	2837	502	148	239	322	733	842	392	272	1032	149	556	2371	2305	611	21	563	567	154	1032	178	758	161	151	367	421	473	510	2078	435	306	160	615	505	453	1261	396	530	554	690	2058	1552	717	2990	315	1550	150	1232	1311	495	627	353
640	804	313	0	666	242	333	1524	320	1452	654	427	321	1336	1947	516	616	370	1123	225	1118	561	696	345	1284	323	676	1445	534	836	234	684	684	1086	560	1136	1341	986	379	205	961	803	1844	617	2886	741	1122	1111	383	463	843	971	567	637	1074	710	837	710	1447	1985	325	586	1141	1122	647	500	284	2942	30	2189	285	204	534	608	314	103	790	863	696	1792	745	666	1788	1117	319	287	247	525	536	218	384	511	1829	681	1129	964	614	315	592	688	353	392	1882	949	837	608	871	902	829	666	981	790	614	591	653	596	1598	1687	715	1609	833	794	884	551	1023	961	714	616	3047	2183	693	3741	2425	687	629	488	291	687	307	307	613	524	809	1018	884	337	1583	538	2846	793	213	509	616	986	1069	630	103	1005	213	577	2406	2435	610	314	843	571	467	984	491	854	474	287	676	637	777	822	2231	725	535	281	848	788	526	1122	687	825	839	927	2115	1387	809	3156	592	1718	289	1500	1543	807	676	156
124	505	412	666	0	458	336	1767	451	1098	138	272	417	677	1603	369	151	496	817	525	715	482	57	324	623	444	217	795	232	718	474	308	274	1058	653	1742	677	323	392	461	322	171	1837	154	2505	84	1227	472	488	397	191	385	499	94	789	68	348	68	1330	2008	424	161	933	1227	291	695	581	2541	688	1722	559	462	165	511	427	650	598	225	245	1806	843	137	1889	1008	453	555	454	257	176	448	389	172	1968	205	1032	324	156	438	521	217	319	485	1414	615	349	520	528	253	302	11	326	795	153	501	767	291	1090	1216	152	1078	346	518	342	404	1020	852	839	151	2694	1608	304	3163	2096	128	147	293	552	128	677	525	147	289	319	890	342	333	917	131	2558	176	452	173	151	323	431	50	665	874	453	466	2072	1928	525	427	191	494	318	901	325	488	307	557	233	94	479	334	1689	135	133	568	205	150	354	1227	128	219	197	278	1743	1533	1038	2590	502	1732	556	834	898	318	463	614
410	571	71	242	458	0	129	1676	96	1393	484	195	81	1136	1900	441	383	172	1070	264	883	343	499	142	1081	94	436	1253	294	833	16	441	442	1133	400	1287	1133	781	316	90	774	615	1918	383	2832	540	1218	925	179	406	620	732	544	454	1026	513	594	513	1475	2071	89	353	1125	1218	404	376	164	2880	254	2095	146	87	308	582	76	195	573	674	454	1872	816	434	1692	1135	95	144	4	284	371	86	320	289	1952	442	1153	776	380	82	381	539	142	187	1785	877	595	395	789	676	680	461	784	830	380	376	514	353	1480	1586	482	1481	591	563	733	489	870	971	793	383	3005	2038	450	3599	2388	456	396	246	144	456	255	134	380	281	567	1025	733	132	1366	345	2828	563	94	288	383	781	884	432	210	1010	95	538	2368	2324	589	76	620	545	224	1006	249	762	231	146	435	454	543	580	2103	495	341	151	656	563	444	1218	456	592	612	733	2059	1505	734	3019	377	1591	146	1287	1355	565	617	287
308	550	115	333	336	129	0	1652	169	1278	355	106	129	1013	1786	338	286	247	959	257	848	365	373	12	959	162	356	1128	218	743	146	386	376	1058	471	1415	1013	660	234	129	647	488	1849	287	2715	416	1166	798	248	314	509	645	457	325	917	388	526	388	1388	2008	142	257	1026	1166	348	468	283	2761	353	1970	262	129	202	491	136	314	580	547	380	1807	761	335	1770	1049	170	259	126	218	243	115	236	177	1909	358	1068	649	285	149	408	411	20	251	1660	761	526	419	672	568	551	338	659	759	284	397	591	301	1353	1461	384	1353	522	548	604	388	926	884	742	286	2890	1909	392	3469	2276	354	299	194	258	354	378	238	282	230	496	935	604	3	1251	217	2721	459	121	175	286	660	757	307	328	919	122	444	2255	2197	500	136	509	457	186	922	215	643	187	261	360	325	521	510	1974	392	213	269	530	454	338	1166	354	494	505	608	1943	1461	832	2890	398	1654	260	1170	1229	494	511	318
1851	2195	1731	1524	1767	1676	1652	0	1772	1358	1638	1745	1746	2098	1519	1402	1853	1848	1254	1412	2468	2011	1741	1652	2086	1769	1942	2114	1841	1095	1681	2008	1986	805	2069	2199	2149	1913	1433	1586	1815	1749	692	1856	2252	1775	569	1879	1856	1387	1932	2147	1268	1674	1228	1745	2106	1745	862	708	1758	1835	1085	569	1973	2021	1795	2351	1542	1978	1789	1589	1778	1256	1746	1628	2232	1775	1972	623	924	1878	3304	924	1771	1790	1679	1851	1603	1593	1434	1748	387	1936	899	1815	1856	1755	2053	1579	1667	1864	1793	1332	2107	2066	1367	1985	1610	1757	1870	981	1853	2045	2172	1936	1756	1701	1912	1818	2103	2196	1628	1363	2540	1003	930	1853	2311	2308	2010	3603	1772	1882	1861	1841	1793	1882	1832	1798	1847	1873	2075	1001	1628	1654	2392	1677	1995	1942	1585	1746	1853	1913	1856	1719	1627	1013	1584	1300	1773	2262	1242	1746	1932	1273	1838	952	1867	1403	1837	1790	1954	1674	2165	2090	2231	1901	1678	1788	1781	1910	1415	569	1882	1985	1948	1827	1680	303	2327	3044	2045	3243	1791	2300	2150	2074	1320	1400
379	484	53	320	451	96	169	1772	0	1446	504	179	40	1122	1956	507	348	81	1128	359	798	248	499	179	1064	7	384	1244	250	908	94	372	379	1216	311	1293	1114	768	392	185	773	618	2004	347	2883	535	1309	923	86	478	592	678	620	467	1087	513	530	513	1552	2159	28	320	1194	1309	338	299	130	2928	326	2132	108	182	288	656	32	250	479	675	398	1960	906	398	1609	1213	1	104	92	233	401	179	395	279	2045	392	1231	776	344	19	285	569	170	92	1822	931	530	300	841	643	704	457	776	914	345	281	428	287	1510	1623	444	1507	526	474	756	556	778	1048	883	348	3059	2053	382	3612	2446	422	361	190	101	422	226	74	347	220	504	1100	756	170	1337	357	2891	527	187	278	348	768	883	435	263	1085	188	610	2425	2354	664	32	592	620	164	1084	181	811	174	105	380	467	457	516	2126	462	353	116	656	534	507	1309	422	552	581	730	2111	1598	663	3036	281	1501	104	1261	1348	502	680	382
1222	1594	1393	1452	1098	1393	1278	1358	1446	0	979	1294	1406	958	509	955	1248	1520	329	1227	1728	1568	1043	1267	978	1439	1312	908	1313	645	1409	1405	1369	633	1723	2567	1023	989	1090	1329	891	955	1011	1252	1439	1039	864	844	1517	999	1138	1327	885	1027	379	1034	1397	1034	518	1187	1418	1254	370	864	1390	1741	1557	1491	1483	769	1538	1332	1232	844	1414	1511	1695	932	1337	1018	860	1233	2988	506	1447	1535	1392	1336	1054	1323	1086	1219	1329	1299	521	889	1254	1427	1610	899	1276	1518	491	516	1398	1612	605	1157	797	1087	940	756	1251	1592	1843	1387	403	350	1232	469	1396	1610	764	911	2119	570	896	1248	1612	965	1399	2411	1002	1218	1246	1360	1534	1218	1647	1516	1244	1370	1377	521	764	1276	1203	1118	1459	1198	1320	1218	1248	989	849	1078	1522	524	1320	876	980	1044	843	1414	1138	881	1379	584	1396	636	1370	1536	1329	1027	1571	1388	923	1207	1122	1543	951	1161	950	864	1218	1226	1164	935	666	1054	2103	1824	1592	2827	1536	1126	899	1377	781	1304
255	640	456	654	138	484	355	1638	504	979	0	331	465	689	1487	256	275	565	686	476	853	589	102	342	641	496	352	792	334	580	501	441	408	920	749	1768	701	354	320	460	309	157	1698	279	2400	139	1092	456	559	297	295	508	375	49	656	107	486	107	1192	1869	475	276	797	1092	420	778	631	2439	680	1632	609	462	253	382	475	660	727	214	381	1667	715	273	2011	869	505	605	481	357	118	449	315	243	1832	341	893	311	281	487	630	82	343	558	1322	483	487	632	395	353	200	127	336	662	277	612	867	410	1007	1123	291	1002	484	652	251	282	1143	713	714	275	2584	1554	438	3114	1980	267	275	383	603	267	727	579	270	391	458	751	251	352	954	148	2438	304	450	242	275	354	415	102	675	735	451	340	1958	1850	396	475	295	370	404	763	419	355	394	607	368	49	614	472	1622	273	152	616	203	271	240	1092	267	347	310	281	1633	1399	1133	2535	613	1861	606	866	888	457	326	571
215	451	140	427	272	195	106	1745	179	1294	331	0	144	947	1804	390	189	233	985	362	744	293	320	100	890	171	251	1067	112	799	209	280	270	1124	430	1469	942	592	314	229	594	439	1917	189	2725	356	1247	745	228	379	425	544	521	290	947	334	420	334	1442	2078	152	159	1067	1247	242	449	309	2767	444	1963	287	228	113	551	155	391	492	496	274	1877	842	239	1720	1105	180	283	190	112	240	215	314	100	1992	255	1125	597	187	165	338	402	86	227	1653	783	420	346	692	481	532	277	599	830	186	324	550	196	1338	1454	288	1332	417	451	582	440	863	940	827	189	2905	1875	286	3433	2296	261	202	95	280	261	405	253	186	128	390	989	582	103	1172	183	2748	368	222	99	189	592	704	256	405	973	223	502	2274	2181	562	155	425	519	97	982	124	658	93	284	254	290	421	404	1949	300	179	295	477	368	386	1247	261	399	417	551	1955	1546	808	2857	324	1591	283	1093	1171	388	553	425
351	490	15	321	417	81	129	1746	40	1406	465	144	0	1090	1915	467	321	118	1088	334	801	266	463	138	1033	33	365	1212	227	870	86	363	366	1180	346	1325	1084	736	356	162	738	582	1969	321	2842	500	1277	888	121	440	564	661	582	428	1046	478	518	478	1514	2125	13	292	1154	1277	327	339	166	2887	331	2092	144	160	256	617	10	262	495	639	381	1925	873	372	1645	1175	41	140	76	212	361	154	358	244	2015	372	1194	740	318	22	307	529	130	125	1782	890	518	320	800	617	665	421	743	879	318	300	465	275	1471	1582	419	1467	515	482	717	516	810	1010	852	321	3019	2016	372	3574	2405	396	334	171	138	396	263	114	320	205	491	1062	717	130	1310	318	2851	502	162	243	321	736	848	399	276	1046	163	571	2384	2315	626	10	564	582	148	1047	170	770	156	142	363	428	462	504	2087	435	314	152	620	506	467	1277	396	528	554	695	2070	1568	703	2998	300	1535	141	1233	1315	489	640	366
745	952	1087	1336	677	1136	1013	2098	1122	958	689	947	1090	0	1355	910	778	1154	866	1165	931	1079	641	1001	61	1114	774	136	878	1021	1151	843	813	1295	1257	2415	66	354	1005	1135	380	534	1935	780	2126	597	1529	245	1144	962	537	580	981	700	880	626	733	626	1406	2115	1097	804	1040	1529	855	1322	1251	2135	1360	1289	1229	1136	834	964	1101	1328	1075	475	779	1928	1251	731	2311	1187	1124	1225	1132	900	804	1122	1000	848	2188	762	1214	378	783	1110	1103	680	997	1139	1022	767	734	1095	745	499	565	675	355	1158	782	1084	1350	888	702	861	692	650	735	976	522	912	1485	1095	1267	778	2338	1025	832	2541	1809	707	767	943	1222	707	1344	1193	778	925	734	1098	522	1010	297	799	2283	611	1125	849	778	354	283	707	1342	1085	1126	945	1781	1424	977	1101	537	974	971	1146	967	716	959	1227	786	700	944	735	1149	670	802	1238	489	595	893	1529	707	604	554	409	1439	1813	1621	1987	1084	2102	1225	203	243	735	866	1260
1727	2092	1902	1947	1603	1900	1786	1519	1956	509	1487	1804	1915	1355	0	1460	1754	2029	830	1723	2203	2076	1547	1776	1390	1948	1814	1269	1821	1119	1916	1907	1871	994	2233	3044	1421	1462	1594	1834	1372	1454	954	1757	938	1540	1166	1299	2027	1502	1628	1802	1381	1535	876	1538	1888	1538	694	1094	1928	1760	815	1166	1894	2250	2065	1000	1978	470	2046	1837	1740	1340	1923	2012	2196	1424	1838	994	1295	1736	3492	895	1957	2043	1899	1845	1564	1829	1589	1728	1355	1801	897	1370	1759	1936	2118	1408	1785	2028	418	1025	1889	2120	1114	1639	1301	1592	1416	1205	1756	2099	2353	1893	660	503	1731	722	1888	2109	1264	1415	2622	1014	1333	1754	1104	907	1900	2088	493	1720	1750	1869	2042	1720	2154	2025	1749	1878	1870	958	1264	1785	1544	1628	958	1692	1825	1727	1754	1462	1312	1585	2022	967	1825	1376	470	747	1338	1923	1628	1378	1888	1010	1905	1146	1879	2045	1831	1535	2070	1880	775	1706	1631	2051	1444	1655	1456	1166	1720	1717	1653	1419	180	1241	2613	1524	2100	3325	2044	1485	1223	1870	1285	1796
449	812	453	516	369	441	338	1402	507	955	256	390	467	910	1460	0	454	586	629	296	1067	684	353	330	869	500	542	996	460	408	457	616	590	735	808	1652	932	600	138	374	534	403	1527	457	2394	394	874	666	586	56	549	754	137	280	585	361	703	361	1053	1691	481	439	687	874	584	806	606	2445	546	1676	588	377	386	161	474	561	873	452	573	1489	479	476	2106	715	507	586	441	476	201	368	133	359	1621	536	735	536	457	487	729	232	342	590	1368	441	704	736	357	608	350	360	573	447	454	714	928	555	1082	1171	510	1094	701	818	401	50	1254	550	472	454	2564	1673	617	3229	1947	479	460	480	585	479	694	570	448	505	672	599	401	338	1190	276	2387	545	365	357	454	600	626	319	573	583	365	112	1927	1919	173	474	549	133	488	591	513	338	482	587	555	280	783	688	1716	499	278	593	447	517	16	874	479	588	560	519	1621	1179	1170	2642	715	1981	587	1099	1083	671	175	389
33	368	322	616	151	383	286	1853	348	1248	275	189	321	778	1754	454	0	376	962	525	615	334	207	276	720	341	88	905	100	838	396	168	138	1176	508	1639	767	428	431	415	453	315	1962	3	2656	224	1328	597	365	466	244	359	591	226	932	218	257	218	1464	2130	325	29	1071	1328	144	557	474	2691	633	1870	453	414	87	611	332	578	452	363	119	1928	932	50	1740	1136	350	449	378	122	254	401	429	117	2074	84	1159	455	5	339	371	357	265	360	1563	759	258	370	670	295	453	161	444	899	3	351	619	140	1237	1366	99	1223	255	378	493	497	870	976	923	0	2845	1742	166	3293	2247	74	13	164	445	74	566	416	5	149	226	1017	493	282	989	177	2708	180	407	119	0	428	559	173	593	1001	408	562	2223	2072	624	332	244	587	192	1023	190	631	180	450	101	226	340	242	1829	113	175	462	342	186	443	1328	74	209	233	405	1894	1633	892	2723	352	1585	449	913	1010	224	580	600
409	441	133	370	496	172	247	1848	81	1520	565	233	118	1154	2029	586	376	0	1204	437	756	191	548	256	1096	86	394	1280	275	989	166	363	377	1297	229	1265	1142	804	474	263	818	667	2085	374	2954	580	1389	966	13	558	618	679	701	524	1163	562	520	562	1633	2240	105	350	1273	1389	333	221	114	2997	370	2197	98	260	331	736	113	285	419	722	401	2041	987	423	1527	1294	81	94	169	254	469	258	476	328	2125	404	1312	821	371	101	221	634	245	23	1887	1005	520	237	914	665	766	503	816	995	372	221	347	285	1571	1687	465	1565	517	428	815	635	698	1129	964	376	3132	2104	374	3660	2520	448	387	211	90	448	193	65	376	231	498	1181	815	248	1356	416	2967	549	266	328	376	804	927	487	295	1165	267	690	2499	2415	745	113	618	701	183	1166	188	883	195	95	387	524	416	508	2182	486	412	106	702	560	585	1389	448	568	604	772	2183	1677	585	3087	221	1420	94	1284	1386	496	758	452
939	1321	1075	1123	817	1070	959	1254	1128	329	686	985	1088	866	830	629	962	1204	0	897	1493	1268	764	949	866	1121	1034	865	1016	330	1086	1125	1091	452	1415	2239	924	782	763	1003	676	697	1088	965	1766	770	699	682	1203	672	893	1100	556	736	52	758	1142	758	556	1267	1101	963	174	699	1106	1426	1235	1820	1154	1084	1216	1006	933	515	1096	1183	1414	688	1061	1073	570	954	2696	330	1129	1213	1069	1038	746	998	759	917	1321	1022	356	675	967	1109	1311	604	958	1204	788	203	1143	1314	294	924	529	805	732	461	964	1293	1536	1097	581	610	961	625	1141	1335	512	584	1829	299	604	962	1934	1198	1121	2703	1318	943	961	1058	1213	943	1324	1196	957	1071	1118	271	512	958	1151	816	1763	942	994	916	962	782	671	789	1194	266	994	547	1297	1349	514	1096	893	551	1074	335	1094	331	1065	1215	1050	736	1296	1131	1192	938	819	1221	704	904	626	699	943	976	917	710	994	959	1789	2113	1294	2548	1215	1062	895	1118	455	975
540	805	319	225	525	264	257	1412	359	1227	476	362	334	1165	1723	296	525	437	897	0	1106	600	541	261	1118	356	604	1265	472	617	271	642	630	889	663	1357	1178	827	166	174	785	633	1665	527	2662	588	957	929	444	241	716	881	342	472	849	554	777	554	1242	1815	345	498	921	957	604	630	403	2717	256	1964	392	176	438	383	334	292	825	690	631	1617	560	569	1946	907	359	392	267	474	365	180	171	408	1688	605	921	787	526	342	641	493	276	452	1658	724	777	654	647	777	630	522	813	587	524	633	775	558	1378	1463	616	1391	773	802	683	327	1134	747	534	525	2824	1970	648	3525	2202	584	537	451	394	584	469	393	521	487	746	804	683	259	1429	394	2629	682	172	406	525	827	888	481	301	790	171	351	2184	2212	385	334	716	346	441	775	470	632	443	393	610	472	776	761	2013	619	393	393	679	667	308	957	584	721	718	758	1890	1241	975	2939	634	1853	393	1342	1357	744	451	96
618	315	812	1118	715	883	848	2468	798	1728	853	744	801	931	2203	1067	615	756	1493	1106	0	568	755	844	875	795	526	1062	637	1434	887	466	484	1773	663	1866	879	741	1041	954	837	797	2547	612	3040	735	1939	907	742	1081	600	401	1204	810	1475	755	367	755	2032	2720	795	633	1630	1939	502	757	864	3056	1123	2210	853	953	691	1221	807	1040	367	805	495	2519	1547	592	1386	1719	799	849	878	632	866	942	1039	722	2683	531	1743	838	612	804	549	928	829	733	1926	1303	366	532	1224	572	965	726	789	1508	614	542	678	547	1593	1745	563	1554	369	327	981	1109	619	1566	1538	615	3246	1949	461	3415	2684	591	607	655	845	591	911	821	620	618	397	1602	981	846	962	791	3158	557	951	724	615	741	890	760	1051	1585	952	1174	2658	2355	1235	807	600	1200	667	1616	639	1181	664	850	514	810	340	381	2080	580	790	860	789	594	1056	1939	591	519	576	793	2317	2245	882	2886	542	1171	848	936	1161	398	1178	1160
366	255	281	561	482	343	365	2011	248	1568	589	293	266	1079	2076	684	334	191	1268	600	568	0	539	368	1018	249	307	1211	255	1093	342	237	266	1417	179	1382	1056	744	598	429	783	649	2209	331	2986	558	1531	921	178	670	546	548	813	541	1232	551	379	551	1736	2370	256	320	1358	1531	223	247	296	3023	561	2204	285	427	336	844	268	475	230	696	300	2169	1126	367	1430	1399	249	282	339	231	522	420	599	350	2274	320	1419	786	328	261	44	668	353	168	1897	1064	379	54	973	579	781	492	768	1120	331	33	285	197	1571	1699	394	1557	376	240	824	734	569	1234	1107	334	3173	2068	249	3613	2570	389	341	210	277	389	349	255	337	198	365	1283	824	364	1249	451	3026	469	429	351	334	744	885	493	485	1266	430	795	2547	2406	855	268	546	812	197	1276	174	937	204	282	293	541	233	370	2160	420	448	292	675	493	679	1531	389	475	526	734	2221	1826	558	3048	33	1297	281	1185	1318	362	845	630
180	557	457	696	57	499	373	1741	499	1043	102	320	463	641	1547	353	207	548	764	541	755	539	0	360	588	491	270	755	288	680	515	362	327	1019	709	1786	645	290	397	494	275	119	1793	211	2448	46	1195	426	541	388	195	405	477	74	738	14	389	14	1283	1965	472	218	885	1195	347	749	629	2484	720	1665	607	495	217	485	474	687	653	176	297	1764	818	191	1945	964	501	603	495	313	178	481	393	220	1933	258	989	277	213	485	578	173	357	538	1358	564	390	577	478	255	245	47	286	764	210	558	823	348	1034	1159	198	1022	387	571	285	383	1076	811	816	207	2637	1556	357	3113	2040	178	203	347	600	178	726	573	204	345	362	847	285	370	890	157	2502	202	484	221	207	290	385	66	702	831	485	442	2016	1873	499	474	195	471	372	861	380	437	361	605	287	74	532	376	1635	177	161	615	157	169	337	1195	178	244	208	234	1686	1501	1095	2538	559	1786	604	805	856	361	427	632
298	548	125	345	324	142	12	1652	179	1267	342	100	138	1001	1776	330	276	256	949	261	844	368	360	0	947	172	348	1115	212	736	158	381	370	1053	478	1428	1001	647	230	140	634	475	1844	278	2704	403	1163	785	256	307	498	636	451	312	908	375	519	375	1381	2003	152	247	1017	1163	343	477	295	2750	365	1958	274	140	191	484	146	327	580	534	373	1802	758	325	1777	1042	180	271	139	212	230	126	231	166	1906	350	1062	636	276	159	412	399	15	259	1648	751	519	422	662	556	538	325	646	754	275	400	598	297	1341	1449	374	1340	515	547	591	380	931	877	740	277	2880	1896	387	3457	2266	344	289	191	269	344	390	249	273	226	488	928	591	9	1239	204	2712	449	132	164	277	647	744	294	341	912	133	437	2245	2185	494	146	498	450	185	916	214	632	185	272	352	312	518	503	1962	382	200	280	517	443	329	1163	344	483	494	595	1932	1459	841	2877	401	1659	272	1157	1216	486	502	326
687	891	1031	1284	623	1081	959	2086	1064	978	641	890	1033	61	1390	869	720	1096	866	1118	875	1018	588	947	0	1057	714	197	820	1002	1096	782	752	1286	1196	2358	65	299	959	1082	335	484	1944	721	2175	543	1517	213	1085	920	478	519	946	649	877	574	672	574	1412	2123	1040	746	1039	1517	794	1261	1193	2186	1308	1339	1172	1083	777	931	1044	1273	1014	427	718	1935	1226	672	2253	1182	1066	1167	1076	841	754	1069	955	792	2187	701	1209	333	724	1053	1042	637	942	1080	1068	754	673	1034	725	438	529	621	305	1136	723	1023	1288	828	742	901	632	694	674	915	489	873	1424	1082	1241	720	2386	1085	770	2602	1850	648	708	884	1164	648	1286	1135	720	866	672	1088	489	956	324	746	2325	551	1072	793	720	299	247	654	1288	1075	1073	909	1822	1479	944	1044	478	939	912	1134	908	694	901	1169	726	649	883	673	1207	610	749	1180	439	535	852	1517	648	543	494	360	1479	1804	1560	2048	1023	2046	1168	231	304	674	835	1212
372	482	47	323	444	94	162	1769	7	1439	496	171	33	1114	1948	500	341	86	1121	356	795	249	491	172	1057	0	378	1237	243	902	93	368	374	1211	316	1301	1107	761	387	183	766	610	1999	340	2875	528	1304	916	90	472	585	673	614	459	1080	506	525	506	1546	2154	21	313	1188	1304	333	306	137	2920	329	2124	115	180	281	650	26	254	479	667	392	1955	901	391	1614	1207	9	111	90	227	394	176	389	271	2042	386	1225	768	337	14	287	561	163	96	1814	923	525	301	834	637	697	449	769	909	338	281	434	282	1503	1615	438	1499	522	473	748	549	782	1042	879	341	3052	2046	378	3604	2439	415	354	184	109	415	234	82	340	215	499	1094	748	164	1330	349	2884	521	184	270	341	761	875	428	267	1079	185	604	2418	2347	658	26	585	614	158	1079	176	804	168	113	375	459	455	511	2118	455	345	124	648	527	500	1304	415	545	574	722	2104	1594	669	3028	282	1506	112	1254	1341	497	674	381
97	288	369	676	217	436	356	1942	384	1312	352	251	365	774	1814	542	88	394	1034	604	526	307	270	348	714	378	0	905	141	923	447	92	57	1262	486	1657	756	437	518	480	481	362	2046	85	2708	274	1416	616	382	554	239	296	679	304	1006	277	173	277	1544	2215	366	109	1149	1416	85	547	502	2740	690	1912	482	480	169	698	375	627	383	401	30	2013	1021	79	1678	1218	386	478	431	152	342	467	516	200	2162	14	1242	484	85	379	337	433	335	375	1608	833	173	332	745	276	514	229	462	987	88	317	588	114	1278	1412	89	1259	169	301	549	586	808	1060	1012	88	2900	1762	87	3306	2306	94	82	194	474	94	587	444	94	164	141	1100	549	352	963	265	2770	163	474	202	88	437	580	250	641	1084	475	651	2282	2106	712	375	239	675	220	1108	206	705	210	479	16	304	262	157	1856	115	264	491	380	186	531	1416	94	175	220	431	1950	1721	862	2741	317	1516	477	892	1013	140	665	674
871	1088	1208	1445	795	1253	1128	2114	1244	908	792	1067	1212	136	1269	996	905	1280	865	1265	1062	1211	755	1115	197	1237	905	0	1004	1059	1269	976	945	1308	1390	2537	183	476	1102	1246	483	642	1906	906	2010	713	1549	335	1270	1051	667	716	1054	808	886	740	869	740	1383	2085	1219	930	1039	1549	987	1453	1374	2015	1471	1171	1352	1248	956	1033	1222	1442	1211	583	911	1904	1300	859	2444	1193	1246	1348	1249	1027	909	1234	1096	968	2180	892	1219	481	909	1232	1237	773	1112	1266	916	796	870	1229	789	632	646	792	469	1201	908	1217	1484	1019	609	768	821	551	871	1112	597	993	1620	1118	1320	905	2225	890	965	2406	1710	834	893	1069	1345	834	1469	1316	904	1053	869	1114	597	1125	295	912	2182	742	1237	968	905	476	377	821	1457	1103	1237	1019	1681	1294	1045	1222	667	1047	1097	1167	1095	766	1085	1350	918	808	1080	870	1018	798	915	1361	598	723	980	1549	834	736	685	520	1341	1823	1756	1851	1217	2234	1348	219	107	871	932	1361
133	355	229	534	232	294	218	1841	250	1313	334	112	227	878	1821	460	100	275	1016	472	637	255	288	212	820	243	141	1004	0	862	306	171	158	1195	421	1539	867	528	407	340	548	403	1986	98	2731	313	1331	694	265	460	343	437	596	286	982	301	308	301	1499	2151	229	75	1113	1331	134	462	375	2769	548	1954	354	339	82	622	237	488	414	455	163	1949	929	148	1680	1165	252	349	290	24	277	326	406	103	2078	147	1187	551	95	243	296	414	198	261	1646	812	308	299	722	393	526	241	542	907	96	278	536	95	1322	1447	194	1311	304	358	571	508	813	1002	916	100	2917	1837	176	3390	2315	173	112	64	346	173	466	316	100	57	278	1048	571	215	1087	201	2772	277	334	104	100	528	655	238	502	1031	335	573	2292	2161	634	237	343	594	92	1047	93	685	80	351	143	286	325	292	1921	212	198	363	434	285	452	1331	173	302	331	501	1966	1633	806	2819	279	1537	350	1012	1110	276	608	537
825	1205	855	836	718	833	743	1095	908	645	580	799	870	1021	1119	408	838	989	330	617	1434	1093	680	736	1002	902	923	1059	862	0	846	1005	976	339	1214	1926	1066	819	516	753	719	664	1124	841	2057	705	529	790	991	430	857	1075	288	624	278	681	1066	681	645	1292	884	829	306	529	977	1207	995	2118	866	1411	979	756	783	252	876	909	1276	684	953	1090	254	848	2514	306	909	977	833	880	587	751	514	759	1255	914	326	720	842	888	1137	508	749	995	1118	267	1068	1145	276	905	516	707	775	145	839	1123	1334	954	902	940	871	938	1064	1213	533	358	1662	141	283	838	2212	1521	1004	3034	1590	844	842	887	978	844	1074	967	832	910	1038	192	533	743	1318	665	2011	881	746	757	838	819	764	676	918	176	745	299	1572	1679	244	876	857	288	896	185	921	309	890	979	937	624	1177	1053	1522	854	668	982	692	846	413	529	844	922	876	733	1291	832	1568	2444	1123	2390	979	1224	1115	1037	257	681
424	574	79	234	474	16	146	1681	94	1409	501	209	86	1151	1916	457	396	166	1086	271	887	342	515	158	1096	93	447	1269	306	846	0	449	451	1144	392	1271	1149	797	330	99	790	631	1928	396	2848	556	1227	941	174	420	634	743	558	470	1042	530	604	530	1487	2081	92	366	1140	1227	413	364	149	2896	245	2111	132	96	322	596	80	182	573	690	465	1883	826	447	1681	1148	93	130	20	294	388	97	334	304	1960	453	1165	792	393	83	379	556	158	182	1801	893	604	394	805	690	696	477	800	841	393	375	505	361	1497	1602	495	1498	600	566	750	504	863	984	802	396	3020	2055	458	3615	2404	469	409	255	131	469	238	123	393	290	576	1038	750	149	1380	361	2843	576	103	303	396	797	900	449	196	1023	104	552	2383	2341	603	80	634	559	233	1018	256	778	241	132	446	470	547	589	2120	509	357	136	672	577	460	1227	469	605	626	749	2075	1512	721	3036	375	1582	132	1301	1371	574	632	288
186	200	370	684	308	441	386	2008	372	1405	441	280	363	843	1907	616	168	363	1125	642	466	237	362	381	782	368	92	976	171	1005	449	0	35	1343	414	1613	819	517	576	500	569	454	2130	164	2799	366	1490	698	349	622	317	317	753	392	1097	370	158	370	1632	2298	360	177	1238	1490	37	485	476	2831	694	2002	458	499	230	775	371	623	290	492	71	2096	1091	171	1585	1304	374	454	436	168	420	488	575	259	2237	105	1327	571	163	373	260	523	366	341	1698	924	158	252	836	344	607	320	546	1063	166	241	509	88	1367	1502	178	1347	154	210	642	661	716	1144	1080	168	2992	1842	11	3380	2399	186	166	197	450	186	553	421	173	161	135	1186	642	383	1012	341	2863	240	496	261	168	517	664	339	636	1169	497	726	2375	2192	788	371	317	750	216	1191	193	796	210	455	76	392	172	145	1940	204	339	467	470	269	606	1490	186	239	295	518	2043	1794	782	2819	241	1423	454	947	1084	133	748	703
153	232	372	684	274	442	376	1986	379	1369	408	270	366	813	1871	590	138	377	1091	630	484	266	327	370	752	374	57	945	158	976	451	35	0	1314	444	1634	790	483	556	495	533	418	2100	134	2763	331	1465	664	364	599	283	301	727	360	1063	335	152	335	1600	2268	365	151	1205	1465	44	511	489	2795	696	1966	470	494	207	748	375	628	325	456	35	2066	1067	136	1621	1273	381	466	437	160	392	482	555	238	2211	70	1296	535	133	377	291	489	356	356	1662	890	153	285	802	313	572	286	511	1036	136	271	541	92	1331	1466	142	1311	149	244	606	635	752	1114	1057	137	2956	1808	30	3349	2363	150	134	195	462	150	569	432	143	160	125	1155	606	373	988	314	2827	206	490	240	137	483	630	306	641	1138	491	700	2339	2157	761	375	283	723	218	1161	198	762	210	467	40	360	205	138	1906	168	312	479	434	234	579	1465	150	208	262	483	2007	1769	815	2786	272	1459	465	921	1053	123	718	695
1164	1542	1165	1086	1058	1133	1058	805	1216	633	920	1124	1180	1295	994	735	1176	1297	452	889	1773	1417	1019	1053	1286	1211	1262	1308	1195	339	1144	1343	1314	0	1526	2096	1347	1139	824	1046	1035	998	792	1179	1903	1043	247	1084	1301	746	1193	1412	603	964	423	1020	1406	1020	367	955	1194	1166	291	247	1314	1509	1288	1978	1114	1374	1274	1049	1118	574	1184	1174	1609	1012	1292	753	345	1187	2825	130	1216	1273	1134	1212	923	1047	823	1093	922	1253	112	1036	1180	1196	1462	847	1067	1306	1120	534	1407	1470	582	1239	842	1047	1092	302	1177	1448	1645	1289	997	980	1211	1052	1404	1550	850	686	1984	212	380	1176	2034	1595	1342	3030	1415	1184	1180	1216	1274	1184	1358	1267	1170	1240	1377	197	850	1059	1587	1002	1795	1220	1040	1091	1176	1139	1063	1015	1181	210	1040	623	1403	1659	563	1184	1193	605	1222	160	1248	623	1217	1274	1276	964	1514	1392	1556	1193	1004	1276	1022	1184	742	247	1184	1261	1213	1056	1174	518	1863	2446	1449	2712	1275	1496	1345	1377	596	930
541	378	361	560	653	400	471	2069	311	1723	749	430	346	1257	2233	808	508	229	1415	663	663	179	709	478	1196	316	486	1390	421	1214	392	414	444	1526	0	1227	1233	923	702	491	960	823	2315	506	3150	732	1618	1100	225	784	725	716	927	704	1377	722	547	722	1859	2470	332	492	1493	1618	402	94	277	3189	551	2375	280	487	498	962	342	460	295	871	478	2271	1216	544	1299	1520	311	279	398	397	670	487	704	506	2352	499	1539	963	502	330	155	826	465	220	2067	1213	546	166	1122	758	946	662	947	1225	505	174	120	375	1743	1868	573	1731	544	356	992	858	471	1355	1193	508	3333	2247	426	3792	2726	567	516	366	276	567	276	271	511	364	535	1406	992	471	1420	605	3178	648	494	507	508	923	1063	658	465	1390	495	915	2704	2581	971	342	725	927	345	1393	331	1088	355	278	472	704	366	539	2337	598	601	282	850	672	806	1618	567	653	705	911	2382	1905	385	3226	174	1191	277	1359	1497	533	978	668
1671	1605	1329	1136	1742	1287	1415	2199	1293	2567	1768	1469	1325	2415	3044	1652	1639	1265	2239	1357	1866	1382	1786	1428	2358	1301	1657	2537	1539	1926	1271	1613	1634	2096	1227	0	2406	2062	1515	1310	2061	1903	2735	1638	3979	1825	2034	2212	1276	1598	1883	1929	1688	1741	2188	1800	1762	1800	2461	2835	1319	1612	2228	2034	1589	1139	1164	4044	1106	3318	1186	1308	1581	1728	1315	1109	1509	1961	1662	2671	1760	1688	1586	2164	1291	1190	1291	1518	1652	1321	1520	1569	2577	1669	2169	2063	1634	1305	1375	1815	1429	1283	3013	2079	1761	1389	2004	1930	1957	1746	2068	1841	1635	1391	1188	1545	2735	2820	1731	2745	1759	1582	2011	1685	1369	2030	1722	1639	4124	3317	1624	4876	3501	1712	1651	1475	1193	1712	1072	1223	1638	1497	1745	2087	2011	1419	2621	1632	3891	1814	1320	1569	1639	2062	2171	1720	1095	2077	1320	1704	3486	3569	1727	1315	1883	1693	1447	2039	1454	1990	1458	1189	1649	1741	1594	1752	3368	1751	1629	1177	1943	1825	1662	2034	1712	1832	1869	2020	3218	2204	1016	4292	1391	1690	1190	2550	2641	1743	1807	1270
735	917	1082	1341	677	1133	1013	2149	1114	1023	701	942	1084	66	1421	932	767	1142	924	1178	879	1056	645	1001	65	1107	756	183	867	1066	1149	819	790	1347	1233	2406	0	354	1021	1137	398	544	1997	768	2187	599	1580	278	1131	983	523	541	1011	708	936	630	700	630	1467	2177	1089	794	1097	1580	834	1301	1242	2195	1364	1350	1220	1139	828	996	1095	1327	1040	487	757	1989	1292	718	2262	1242	1115	1216	1129	888	814	1124	1016	844	2245	743	1269	396	771	1103	1079	700	996	1125	1086	816	701	1070	790	479	594	675	364	1201	770	1059	1322	870	767	926	677	715	702	940	555	937	1443	1145	1306	767	2400	1072	807	2575	1874	694	755	931	1212	694	1334	1183	768	911	704	1150	555	1010	259	802	2348	594	1128	845	767	354	312	710	1342	1137	1129	974	1846	1478	1009	1095	523	1003	959	1196	954	758	947	1217	766	708	910	703	1201	656	805	1229	499	581	915	1580	694	582	538	420	1504	1866	1591	2026	1059	2050	1216	166	284	705	900	1272
395	663	733	986	323	781	660	1913	768	989	354	592	736	354	1462	600	428	804	782	827	741	744	290	647	299	761	437	476	528	819	797	517	483	1139	923	2062	354	0	674	783	106	197	1866	430	2317	245	1348	183	794	646	199	340	697	355	774	276	443	276	1337	2044	743	453	938	1348	522	981	898	2341	1009	1502	876	784	480	691	747	974	781	148	448	1847	1012	384	2064	1056	770	871	777	550	462	770	670	493	2060	424	1082	106	433	756	774	369	643	789	1206	615	445	768	556	185	303	321	50	936	432	754	1024	548	871	1016	350	843	444	684	288	614	1208	927	1019	428	2518	1325	507	2868	1946	360	417	592	868	360	992	839	428	577	433	947	288	656	601	447	2418	276	774	494	428	0	155	356	988	932	774	660	1920	1680	705	747	199	691	620	979	619	516	608	873	451	355	648	439	1424	325	450	884	153	251	583	1348	360	282	222	86	1580	1649	1299	2303	754	1877	872	515	582	434	606	920
437	761	340	379	392	316	234	1433	392	1090	320	314	356	1005	1594	138	431	474	763	166	1041	598	397	230	959	387	518	1102	407	516	330	576	556	824	702	1515	1021	674	0	241	625	477	1615	434	2529	443	934	767	477	91	584	769	227	324	717	408	689	408	1159	1773	369	409	809	934	541	690	480	2581	409	1814	463	244	349	265	360	422	805	533	547	1572	529	466	2001	820	393	461	317	417	219	237	5	318	1678	515	838	627	433	373	642	328	244	481	1506	578	690	652	495	646	464	387	656	524	431	630	821	502	1219	1309	508	1230	686	763	517	179	1161	655	512	431	2697	1806	579	3363	2079	476	441	409	461	476	563	450	425	440	657	709	517	235	1275	269	2515	562	233	317	431	674	726	344	434	693	232	222	2059	2057	272	360	584	228	410	691	438	476	407	462	528	324	731	673	1852	505	269	467	523	541	147	934	476	604	590	601	1757	1232	1051	2777	631	1888	462	1186	1193	656	308	262
437	647	148	205	461	90	129	1586	185	1329	460	229	162	1135	1834	374	415	263	1003	174	954	429	494	140	1082	183	480	1246	340	753	99	500	495	1046	491	1310	1137	783	241	0	763	604	1829	415	2768	538	1127	913	270	332	638	772	465	438	958	508	647	508	1392	1982	173	385	1049	1127	463	463	242	2819	226	2043	228	3	331	504	161	201	657	663	503	1783	727	464	1780	1053	185	226	93	335	343	13	245	306	1861	484	1070	765	413	169	469	504	149	278	1734	814	648	482	729	697	647	462	779	743	412	462	604	413	1437	1536	513	1441	644	641	701	419	961	890	703	415	2938	2007	508	3567	2320	484	428	303	228	484	322	222	411	340	618	944	701	133	1378	336	2756	589	10	305	415	783	872	427	215	929	9	463	2300	2279	510	161	638	467	287	922	315	705	291	228	483	438	618	632	2064	522	332	230	648	583	379	1127	484	623	634	727	1996	1414	817	2985	463	1681	228	1295	1345	616	548	206
420	732	733	961	322	774	647	1815	773	891	309	594	738	380	1372	534	453	818	676	785	837	783	275	634	335	766	481	483	548	719	790	569	533	1035	960	2061	398	106	625	763	0	159	1760	455	2240	238	1248	151	810	585	261	436	619	324	668	260	519	260	1230	1937	746	473	832	1248	567	1010	904	2268	987	1434	882	764	487	609	749	960	847	99	497	1740	921	416	2138	950	775	878	770	572	426	750	620	494	1956	467	977	2	459	759	817	302	632	806	1132	510	521	813	453	267	209	316	57	840	457	797	1068	585	800	939	392	778	519	752	186	541	1276	824	931	453	2438	1288	560	2842	1858	393	444	611	875	393	1000	847	451	602	505	843	186	643	656	429	2329	332	753	495	453	106	109	341	975	828	754	582	1833	1624	622	749	261	612	638	876	641	413	626	879	497	324	714	513	1376	366	433	890	117	300	517	1248	393	350	286	50	1495	1547	1342	2270	797	1958	878	564	582	505	517	880
284	638	576	803	171	615	488	1749	618	955	157	439	582	534	1454	403	315	667	697	633	797	649	119	475	484	610	362	642	403	664	631	454	418	998	823	1903	544	197	477	604	159	0	1755	318	2345	91	1191	310	659	449	199	415	508	166	677	104	445	104	1235	1930	590	330	833	1191	445	866	748	2378	828	1555	726	605	336	506	592	801	743	59	384	1729	834	287	2039	929	619	722	611	428	270	591	473	339	1919	349	955	161	321	603	686	177	473	656	1248	505	447	684	428	241	167	163	180	767	318	666	934	454	921	1051	278	908	444	655	191	420	1171	786	838	315	2537	1437	447	2994	1945	268	309	464	719	268	844	692	312	459	423	815	191	484	797	270	2411	245	594	340	315	197	268	183	815	799	595	471	1921	1758	520	592	199	501	489	838	496	386	478	724	379	166	616	435	1517	252	274	734	45	207	386	1191	268	279	221	124	1588	1496	1207	2420	667	1872	722	708	741	423	429	727
1948	2330	1953	1844	1837	1918	1849	692	2004	1011	1698	1917	1969	1935	954	1527	1962	2085	1088	1665	2547	2209	1793	1844	1944	1999	2046	1906	1986	1124	1928	2130	2100	792	2315	2735	1997	1866	1615	1829	1760	1755	0	1965	1570	1812	726	1769	2089	1538	1954	2169	1395	1744	1091	1792	2183	1792	532	179	1982	1953	928	726	2102	2293	2068	1673	1869	1423	2056	1833	1908	1366	1973	1939	2400	1758	2076	70	1105	1970	3610	829	2004	2055	1919	2003	1711	1831	1613	1883	414	2037	804	1759	1966	1984	2254	1620	1858	2095	1316	1254	2184	2262	1326	1993	1589	1825	1816	1090	1963	2240	2432	2079	1398	1292	1989	1468	2181	2338	1585	1478	2776	986	1132	1962	1619	1838	2129	2979	1104	1965	1965	2007	2057	1965	2132	2052	1956	2032	2155	946	1585	1849	2201	1790	1302	1990	1824	1881	1962	1866	1760	1797	1944	963	1823	1415	1109	1691	1355	1973	1954	1397	2014	939	2040	1369	2009	2056	2061	1744	2302	2170	1723	1970	1793	2057	1771	1953	1534	726	1965	2029	1976	1790	1084	540	2640	2443	2241	3503	2057	2119	1907	2155	1381	1692
35	365	322	617	154	383	287	1856	347	1252	279	189	321	780	1757	457	3	374	965	527	612	331	211	278	721	340	85	906	98	841	396	164	134	1179	506	1638	768	430	434	415	455	318	1965	0	2659	227	1331	599	364	469	245	357	594	230	935	221	255	221	1467	2134	325	30	1075	1331	141	555	473	2694	633	1873	452	415	88	614	331	578	448	365	116	1932	935	51	1736	1139	349	448	378	120	258	402	432	119	2077	81	1162	458	3	339	368	361	266	359	1566	762	256	367	674	296	456	165	446	902	3	349	616	137	1240	1368	99	1225	252	375	496	501	867	979	926	3	2848	1744	163	3295	2250	74	13	163	444	74	565	415	9	147	223	1021	496	283	989	180	2711	180	408	121	3	430	561	176	593	1004	409	566	2227	2075	627	331	245	590	191	1026	188	634	179	449	98	230	337	239	1831	114	178	461	344	187	446	1331	74	209	233	407	1897	1636	889	2725	349	1582	448	914	1012	222	584	602
2627	2973	2830	2886	2505	2832	2715	2252	2883	1439	2400	2725	2842	2126	938	2394	2656	2954	1766	2662	3040	2986	2448	2704	2175	2875	2708	2010	2731	2057	2848	2799	2763	1903	3150	3979	2187	2317	2529	2768	2240	2345	1570	2659	0	2435	2036	2139	2951	2438	2501	2650	2319	2446	1813	2438	2759	2438	1560	1625	2854	2666	1753	2036	2791	3173	2996	113	2917	839	2976	2772	2652	2279	2850	2949	3085	2308	2729	1635	2223	2633	4379	1819	2884	2973	2831	2755	2485	2763	2525	2643	1971	2694	1817	2238	2662	2863	3026	2324	2712	2951	1113	1955	2760	3026	2043	2502	2205	2495	2276	2138	2659	3007	3267	2796	1448	1301	2621	1485	2759	2992	2163	2350	3514	1949	2261	2656	225	1258	2792	1533	494	2614	2651	2783	2972	2614	3087	2953	2652	2789	2745	1891	2163	2713	2229	2544	431	2571	2760	2642	2656	2317	2162	2493	2960	1901	2759	2313	502	803	2276	2850	2501	2316	2804	1941	2819	2071	2794	2975	2724	2446	2954	2753	1076	2595	2548	2982	2329	2537	2389	2036	2614	2591	2526	2290	772	2028	3533	1136	3007	4195	2974	2199	1931	2746	2220	2735
193	555	496	741	84	540	416	1775	535	1039	139	356	500	597	1540	394	224	580	770	588	735	558	46	403	543	528	274	713	313	705	556	366	331	1043	732	1825	599	245	443	538	238	91	1812	227	2435	0	1225	388	572	432	157	372	514	119	746	34	373	34	1298	1985	508	240	897	1225	355	776	666	2469	764	1646	643	539	249	520	511	730	656	141	297	1784	853	197	1952	984	537	639	536	338	224	525	439	256	1960	261	1009	240	230	522	595	197	399	569	1339	573	374	593	490	214	243	79	243	795	227	575	843	363	1012	1142	192	998	372	570	275	421	1083	834	853	224	2626	1524	360	3079	2032	180	218	375	637	180	762	609	221	369	348	867	275	412	844	202	2496	177	528	257	224	245	347	110	745	851	529	479	2008	1848	534	511	157	509	401	884	407	448	390	641	290	119	532	361	1607	168	205	652	121	141	378	1225	180	217	173	194	1676	1531	1116	2507	576	1788	640	759	815	348	457	679
