NAME : VRPTW_INSTANCE_96.txt
COMMENT : Bangkok Supermarket
TYPE : VRPTW
DIMENSION : 303
DAYS : Thursday
EDGE_WEIGHT_TYPE : EXPLICIT
VEHICLES : 42
EDGE_WEIGHT_FORMAT : FULL_MATRIX
CAPACITY : 1000
EDGE_WEIGHT_SECTION
0	124	118	978	382	1025	237	101	1221	404	595	317	306	2815	373	474	419	101	366	525	602	477	199	395	404	245	124	535	258	97	222	211	1087	2339	807	173	753	447	1226	202	211	835	214	1994	595	1737	390	403	366	1109	1606	1065	2939	213	128	1149	409	524	407	239	449	21	1807	330	395	441	145	1116	958	103	590	420	185	578	284	207	240	1947	1001	622	309	284	1133	807	341	22	426	1041	91	135	352	223	1073	103	395	529	438	410	438	756	508	862	1974	228	1426	386	2088	929	434	125	1888	186	818	1041	399	581	617	495	131	411	449	298	284	1016	309	307	1010	1606	330	128	165	404	925	1076	160	135	545	527	1010	1056	623	348	382	677	862	334	393	1213	165	1190	706	928	76	891	214	556	368	358	474	1029	411	942	235	1994	192	402	236	394	255	135	1649	300	426	419	372	155	413	412	429	631	368	358	566	394	255	609	373	1280	309	903	133	182	359	309	1627	379	1096	118	60	135	1067	351	3127	788	535	978	897	451	283	1080	152	621	210	490	191	363	212	254	160	1214	1862	1221	298	531	201	246	407	190	810	584	352	46	495	153	369	612	1389	367	205	929	617	1671	405	609	474	197	376	1399	295	304	111	690	14	1029	452	104	97	620	410	79	477	366	211	123	101	413	620	1907	495	101	373	218	358	718	639	175	1126	369	1521	309	441	639	463	432	170	24	436	46	420	368	359	484	208	328	258	1067	152	221	1096	577	1010	193	85
124	0	152	867	501	915	332	194	1118	429	716	436	425	2693	442	598	321	224	437	431	523	552	103	323	452	344	0	517	142	217	318	169	1009	2216	709	131	641	466	1190	297	265	720	162	1895	503	1613	307	455	437	995	1521	954	2834	308	245	1037	460	428	324	339	369	143	1701	225	516	465	266	1032	1058	151	496	322	97	588	171	302	214	1833	882	681	213	171	1241	731	463	145	474	923	107	173	466	319	956	150	323	510	460	499	462	644	386	789	1850	169	1307	509	1975	815	389	243	1775	308	745	923	314	496	525	409	234	500	527	324	408	901	333	336	900	1521	225	245	125	323	873	960	284	11	455	414	900	941	649	411	502	773	789	452	485	1095	125	1078	599	804	152	795	269	466	439	424	432	918	458	824	335	1895	288	454	160	440	353	237	1554	195	474	532	280	126	463	466	538	635	439	426	445	458	138	488	442	1239	205	801	172	143	275	213	1533	444	982	152	162	234	1191	416	3003	739	517	867	792	496	168	963	176	520	263	543	313	483	267	352	284	1104	1754	1118	323	513	80	340	455	313	787	500	297	128	569	257	440	611	1270	438	299	815	525	1583	454	488	598	251	444	1305	412	333	172	628	137	918	410	152	168	665	459	129	552	437	265	152	224	463	666	2028	569	224	442	126	424	660	548	145	1009	488	1404	205	326	647	387	458	291	144	366	128	322	439	275	394	261	251	358	952	176	122	982	493	901	84	141
118	152	0	1010	454	1058	191	77	1267	521	603	325	314	2773	488	502	346	160	481	444	506	590	254	300	522	349	152	642	228	137	180	302	986	2325	725	262	783	563	1109	311	329	780	300	2045	655	1709	304	521	481	1136	1673	1096	2860	170	149	1179	527	445	319	344	520	114	1847	274	463	558	179	1019	913	17	648	347	246	693	245	316	339	1971	1014	738	365	245	1102	707	405	116	544	1057	193	250	343	180	1092	17	300	636	554	518	555	788	479	759	1952	310	1372	437	2021	869	529	151	1915	221	716	1058	314	648	677	561	240	519	560	414	341	956	425	424	1044	1673	274	149	254	316	813	1096	224	162	460	473	1045	1080	740	465	389	626	759	411	499	1159	254	1126	746	898	51	946	332	618	483	475	360	1060	529	958	339	2045	301	520	308	512	360	244	1705	247	544	502	295	248	531	530	405	745	483	473	528	510	285	616	488	1164	253	951	248	273	277	365	1684	495	1122	0	176	246	1105	468	3103	882	642	1010	939	569	248	1100	34	670	328	608	227	372	330	359	224	1144	1899	1267	414	638	194	199	525	228	692	652	248	72	609	260	483	725	1339	482	315	869	677	1735	523	619	502	315	491	1309	295	421	228	775	125	1060	339	219	215	738	528	38	590	481	329	6	160	531	738	1907	608	160	488	277	475	608	700	270	1072	441	1466	253	393	755	537	550	249	137	515	72	347	483	277	546	326	400	362	1091	34	274	1122	645	1047	168	33
978	867	1010	0	1283	47	1199	1061	281	906	1567	1294	1283	2087	1054	1434	831	1075	1057	859	962	1137	778	934	988	1088	867	757	799	1076	1185	797	1236	1469	903	822	227	893	1639	1047	952	700	787	1051	419	993	893	1004	1058	137	768	88	2525	1175	1106	171	1001	846	897	1086	569	999	837	809	1302	913	1122	1205	1924	1014	419	831	792	888	797	1050	802	971	169	1144	671	797	2109	1078	1267	1000	999	151	902	915	1330	1186	151	1014	934	753	904	1152	911	222	623	1133	1162	770	952	1323	1617	753	673	1103	910	1160	1104	151	885	454	404	517	1026	1155	1133	897	1229	782	894	907	36	768	809	1106	829	902	1304	150	1120	855	882	719	36	106	982	1022	1358	1636	1133	1234	1157	824	829	911	274	513	1020	212	954	459	1059	1035	1074	53	990	153	1083	1051	1045	1005	750	981	1091	1027	736	817	999	1279	859	843	1002	1014	1405	871	1059	1044	629	1047	728	418	1054	1650	819	148	917	819	885	671	721	1045	128	1010	984	1021	1983	1028	2283	599	757	0	112	997	789	152	1024	368	948	1045	1164	1339	954	1091	1120	970	888	281	893	753	817	1207	992	1162	1375	460	976	994	1139	1042	1060	844	903	1058	1047	753	404	809	993	411	1434	948	1054	1306	1274	904	944	519	988	53	1061	927	954	1070	993	996	1137	1058	952	1009	1075	1002	1074	2874	1143	1075	1054	760	1035	1139	390	831	784	1270	1041	819	727	895	569	915	1111	990	605	994	831	1059	885	518	948	671	1098	114	1024	756	128	464	50	846	1007
382	501	454	1283	0	1329	365	379	1492	444	342	234	234	3194	291	198	796	296	282	897	959	306	544	754	376	194	501	637	641	317	359	492	1432	2697	1180	477	1072	483	1493	236	330	1218	505	2238	867	2109	758	361	282	1419	1807	1371	3314	361	308	1454	367	898	774	196	714	367	2080	712	21	463	278	1469	811	437	866	797	527	591	666	233	480	2251	1336	464	627	666	926	1155	57	365	382	1370	414	377	280	362	1398	437	754	635	467	219	462	1070	888	1204	2340	521	1808	83	2470	1311	631	304	2187	241	1162	1370	768	839	886	767	274	216	278	400	119	1398	406	394	1311	1807	712	308	471	770	1234	1400	230	512	914	910	1311	1373	574	305	239	597	1204	50	196	1596	471	1572	1010	1304	405	1152	328	826	282	299	793	1336	378	1276	199	2238	239	359	547	374	192	272	1884	682	382	69	746	457	370	358	349	650	282	290	947	313	612	963	291	1557	690	1180	376	475	730	627	1859	304	1408	454	340	276	705	302	3493	926	637	1283	1186	404	665	1404	478	914	334	400	234	229	329	192	230	1594	2142	1492	404	636	581	369	374	232	1069	836	699	403	323	253	282	647	1772	282	236	1311	886	1879	372	960	198	335	292	1763	258	396	354	876	368	1336	774	375	349	514	375	430	306	282	330	461	296	370	511	1599	319	296	291	552	299	1043	903	463	1509	13	1904	690	824	644	717	456	212	359	682	403	797	282	730	764	334	613	184	1384	478	563	1408	831	1306	575	427
1025	915	1058	47	1329	0	1246	1109	242	949	1614	1341	1330	2058	1098	1481	875	1123	1102	901	1002	1180	825	979	1031	1134	915	797	846	1123	1233	844	1263	1430	935	869	274	935	1672	1094	999	728	834	1006	464	969	937	1047	1102	94	735	42	2514	1223	1154	124	1045	887	941	1133	615	1047	790	855	1349	955	1170	1230	1971	1062	464	875	840	926	843	1097	849	924	174	1184	719	843	2156	1112	1314	1048	1042	143	950	962	1378	1234	131	1061	979	793	947	1196	954	270	666	1166	1130	818	950	1370	1607	777	717	1151	863	1208	1138	142	929	498	448	562	1074	1200	1177	942	1276	801	939	952	21	735	855	1154	876	946	1338	127	1168	903	923	760	21	81	1019	1067	1406	1684	1166	1280	1201	831	876	923	321	533	1067	238	1001	505	1103	1080	1117	14	1033	175	1130	1006	1092	1048	798	1025	1137	1074	695	864	1042	1325	904	891	1045	1058	1453	908	1103	1089	671	1091	776	463	1098	1681	865	178	964	867	930	719	681	1089	87	1058	1032	1068	2029	1072	2245	627	797	47	150	1039	836	129	1071	415	995	1087	1211	1386	1000	1137	1168	983	840	242	938	793	865	1254	1036	1209	1415	504	1022	1042	1182	1089	1104	882	902	1103	1094	777	448	773	1036	456	1481	994	1099	1321	1321	949	991	555	1036	14	1105	974	1002	1108	1036	1043	1180	1102	999	1056	1123	1045	1113	2921	1186	1123	1098	808	1080	1177	434	878	796	1317	1037	865	771	931	615	957	1159	1038	650	1042	875	1103	930	565	995	719	1145	85	1071	804	87	508	41	894	1054
237	332	191	1199	365	1246	0	140	1450	599	423	162	154	2945	514	344	511	173	506	594	629	594	428	439	574	352	332	756	419	155	15	449	1083	2513	865	411	972	644	1128	336	402	948	451	2226	830	1891	456	567	505	1326	1843	1285	2990	24	126	1368	574	598	469	346	686	217	2034	455	366	633	137	1124	726	184	824	512	416	776	433	339	474	2162	1206	756	540	433	911	811	308	217	591	1249	328	357	162	13	1283	185	439	750	632	507	631	976	666	855	2137	466	1538	317	2171	1033	669	132	2105	143	814	1249	468	818	851	731	283	506	562	501	247	1119	512	506	1232	1843	455	126	403	464	871	1287	191	343	604	648	1232	1270	802	502	217	442	855	338	483	1325	403	1282	932	1081	180	1124	403	791	507	507	442	1249	579	1149	344	2226	327	565	472	565	361	286	1883	431	591	429	459	392	578	572	214	833	507	502	711	539	471	808	514	1192	435	1133	355	419	436	540	1861	524	1312	191	264	291	941	503	3286	1020	756	1199	1124	618	437	1291	188	851	403	644	148	204	402	360	191	1295	2086	1450	503	752	385	9	575	152	704	820	376	208	613	290	507	818	1507	506	340	1033	851	1907	573	810	344	392	517	1428	129	505	325	926	232	1249	425	329	310	777	578	203	594	505	402	194	173	578	776	1718	611	173	514	449	507	687	874	412	1238	355	1630	435	574	837	700	624	227	236	673	208	512	507	436	719	401	565	359	1282	188	449	1312	814	1234	360	191
101	194	77	1061	379	1109	140	0	1311	494	532	252	241	2849	440	426	424	90	432	521	580	536	288	375	484	290	194	634	297	65	125	312	1057	2395	802	274	835	538	1160	258	296	857	314	2086	689	1782	381	481	432	1189	1703	1148	2936	115	71	1231	487	522	396	284	546	84	1895	350	387	530	101	1091	866	62	684	425	276	670	317	262	341	2026	1074	690	400	317	1047	778	328	85	504	1115	192	232	276	126	1149	62	375	628	528	458	528	838	550	829	2024	327	1449	360	2099	946	536	74	1969	143	786	1116	391	678	711	591	190	459	505	390	264	1033	401	397	1094	1703	350	71	266	392	874	1153	151	205	537	549	1094	1135	708	420	317	582	829	337	438	1236	266	1203	793	971	42	984	298	651	434	428	424	1112	490	1016	280	2086	248	479	333	474	300	194	1743	322	504	429	373	256	491	488	345	725	434	426	602	463	333	677	440	1218	329	993	230	283	354	400	1721	448	1176	77	143	197	1028	422	3176	889	634	1061	985	530	319	1157	99	711	296	565	150	299	296	300	151	1222	1948	1311	391	631	254	148	486	151	739	681	321	67	555	206	434	707	1416	433	262	946	711	1768	484	679	426	284	442	1384	224	395	204	791	99	1112	403	202	189	697	489	68	536	432	296	83	90	491	697	1840	553	90	440	309	428	674	734	276	1149	366	1543	329	468	732	561	521	179	107	535	67	425	434	354	578	294	425	301	1146	99	309	1176	674	1095	233	59
1221	1118	1267	281	1492	242	1450	1311	0	1080	1796	1532	1521	2079	1237	1658	1110	1314	1242	1141	1244	1305	1023	1212	1162	1298	1118	905	1065	1318	1436	1025	1499	1392	1176	1055	496	1057	1913	1262	1164	966	1017	779	631	1035	1171	1179	1243	226	497	224	2629	1426	1349	188	1175	1127	1175	1298	784	1243	589	1083	1512	1079	1362	1462	2177	1269	634	1110	1036	1020	1066	1265	1022	775	396	1281	912	1066	2354	1354	1483	1243	1170	349	1139	1142	1572	1437	315	1268	1212	903	1071	1336	1078	486	903	1408	1146	1001	1116	1542	1732	1008	862	1345	706	1397	1381	348	1163	655	611	733	1252	1339	1308	1094	1453	1024	1089	1102	245	497	1083	1349	1063	1180	1581	310	1353	1107	1164	1000	245	281	1105	1209	1594	1892	1408	1445	1345	1027	1063	1131	520	760	1270	339	1165	672	1244	1221	1353	248	1163	413	1295	779	1262	1180	986	1157	1300	1252	455	1089	1170	1479	1136	1076	1175	1188	1651	988	1244	1230	911	1226	981	696	1237	1921	1092	318	1143	1051	1161	912	439	1227	240	1267	1219	1246	2179	1214	2203	672	905	281	327	1162	1058	308	1283	599	1160	1203	1400	1575	1165	1300	1353	1191	649	0	1090	902	1077	1459	1166	1398	1656	656	1252	1243	1304	1265	1244	967	1068	1243	1262	1008	611	531	1167	688	1658	1162	1238	1532	1514	1099	1172	646	1230	248	1340	1158	1185	1200	1166	1248	1305	1243	1164	1266	1314	1175	1204	3091	1308	1314	1237	1003	1221	1420	591	1062	1004	1480	1193	1092	1005	1011	778	1082	1339	1231	812	1243	1110	1244	1161	741	1160	899	1307	274	1283	1001	240	662	233	1108	1259
404	429	521	906	444	949	599	494	1080	0	782	580	572	2930	160	636	732	426	166	841	944	230	375	751	82	278	429	193	544	448	585	277	1425	2366	1103	304	726	45	1618	270	199	1058	291	1805	491	1827	731	98	167	1043	1365	992	3182	578	474	1071	95	835	748	281	360	413	1662	633	465	36	463	1441	1235	507	493	732	364	176	573	269	230	1852	996	281	373	573	1366	1152	456	412	93	1019	334	272	632	587	1041	507	751	191	33	257	34	717	710	1212	2034	296	1607	513	2297	1156	235	467	1785	471	1168	1019	736	452	504	406	316	260	228	107	454	1237	96	97	929	1365	633	474	307	748	1302	1042	416	430	868	783	930	1007	221	138	625	987	1212	407	268	1406	307	1417	651	1068	480	744	196	454	167	146	859	958	83	937	281	1805	277	99	326	77	274	312	1450	606	93	413	699	303	95	108	719	234	167	156	777	146	432	687	160	1668	617	784	273	292	699	373	1424	148	1034	521	351	307	1100	142	3176	482	193	906	800	96	566	1045	556	552	198	149	469	607	198	274	416	1454	1726	1080	107	193	485	607	86	466	1208	446	726	451	233	309	168	221	1564	167	268	1156	504	1438	87	679	636	210	159	1695	580	100	293	442	400	958	837	302	307	243	86	482	230	167	199	526	426	95	245	2026	237	426	160	362	146	1089	516	286	1326	435	1706	617	700	238	350	28	384	390	316	451	732	167	699	413	200	320	280	1017	556	378	1034	443	920	506	490
595	716	603	1567	342	1614	423	532	1796	782	0	280	291	3368	633	145	935	495	624	1015	1039	641	792	859	717	512	716	974	830	499	430	772	1462	2928	1280	745	1346	822	1413	540	639	1371	781	2556	1165	2312	879	703	624	1700	2137	1655	3387	439	471	1738	709	1020	891	511	1011	574	2385	876	322	803	450	1512	477	591	1162	936	776	933	848	538	774	2538	1597	788	895	848	584	1204	326	572	724	1636	664	654	261	431	1668	592	859	971	807	559	803	1346	1082	1239	2556	797	1961	268	2586	1455	948	473	2477	409	1203	1636	891	1142	1185	1063	543	556	616	725	344	1541	732	721	1598	2137	876	471	737	886	1220	1671	446	728	1023	1071	1598	1648	914	645	215	326	1239	374	537	1748	737	1702	1293	1501	573	1458	638	1124	624	640	838	1619	720	1538	513	2556	538	701	816	715	514	544	2204	850	724	392	883	723	712	700	229	992	624	631	1131	655	850	1204	633	1486	855	1479	653	748	859	895	2180	645	1687	603	582	550	529	642	3707	1263	974	1567	1479	746	851	1675	608	1202	642	740	405	233	638	514	446	1712	2444	1796	728	973	785	419	715	406	1012	1141	795	590	656	531	623	989	1931	624	541	1455	1185	2208	714	1204	145	639	634	1822	308	723	624	1202	583	1619	826	640	613	848	717	601	641	624	639	608	495	712	844	1312	652	495	633	808	640	1066	1205	736	1661	348	2052	855	995	986	1019	796	456	579	985	590	936	624	859	1056	642	898	507	1660	608	814	1687	1135	1596	766	592
317	436	325	1294	234	1341	162	252	1532	580	280	0	11	3096	459	183	664	218	450	752	791	513	516	598	534	303	436	759	550	219	164	507	1244	2647	1026	476	1070	624	1268	311	402	1101	514	2300	901	2034	613	523	449	1426	1895	1382	3152	170	191	1465	530	756	627	299	750	295	2120	599	228	609	171	1287	665	312	897	665	501	750	569	311	517	2264	1318	677	622	569	823	973	179	294	547	1358	393	394	53	165	1391	313	598	755	610	422	607	1072	802	1016	2276	530	1693	167	2331	1188	704	193	2205	134	977	1358	625	882	922	800	289	420	482	499	137	1274	509	500	1326	1895	599	191	468	622	1026	1394	181	448	764	797	1326	1373	757	458	65	407	1016	224	397	1480	468	1440	1021	1222	292	1197	402	861	450	458	604	1346	538	1259	298	2300	305	521	546	528	309	291	1951	572	547	303	612	455	534	525	139	810	450	451	853	484	572	924	459	1335	578	1213	392	480	590	622	1928	471	1413	325	312	297	783	457	3428	1041	759	1294	1210	573	571	1397	333	933	405	586	131	47	402	308	181	1454	2176	1532	502	757	504	162	534	133	847	883	537	309	532	284	450	800	1661	450	313	1188	922	1963	532	925	183	398	461	1590	32	500	362	964	306	1346	588	374	348	714	536	320	513	449	402	330	218	534	711	1591	529	218	459	533	458	848	943	470	1392	228	1786	578	718	809	760	600	204	303	728	309	665	450	590	790	404	632	304	1384	333	538	1413	877	1325	485	311
306	425	314	1283	234	1330	154	241	1521	572	291	11	0	3086	453	192	654	207	444	743	783	509	505	589	527	295	425	750	539	208	156	496	1237	2636	1018	465	1059	617	1265	302	393	1091	503	2289	891	2023	604	516	443	1415	1885	1371	3144	162	180	1454	523	746	617	292	739	284	2109	588	229	601	160	1279	674	301	886	655	490	743	558	303	507	2253	1307	673	611	558	834	966	179	283	541	1347	382	384	60	157	1380	302	589	746	602	418	600	1061	792	1009	2265	519	1683	170	2322	1178	694	182	2194	123	969	1347	615	872	911	789	279	416	478	490	133	1265	500	491	1315	1885	588	180	457	613	1021	1382	171	437	754	786	1315	1362	751	451	76	415	1009	222	393	1470	457	1431	1010	1212	281	1186	393	850	444	452	597	1335	532	1248	291	2289	297	515	535	521	302	281	1940	562	541	303	602	444	527	518	147	802	444	445	842	478	561	913	453	1331	568	1203	382	470	581	611	1917	465	1402	314	301	288	793	450	3417	1031	750	1283	1199	567	560	1386	323	922	396	581	121	58	393	301	171	1445	2165	1521	493	748	493	154	527	123	844	872	528	298	528	274	444	792	1651	444	305	1178	911	1953	525	914	192	389	455	1583	26	491	351	954	295	1335	580	364	338	709	529	309	509	443	393	319	207	527	707	1602	525	207	453	522	452	841	933	459	1383	227	1776	568	708	802	749	593	194	292	718	298	655	444	581	780	394	621	297	1373	323	527	1402	866	1314	474	300
2815	2693	2773	2087	3194	2058	2945	2849	2079	2930	3368	3096	3086	0	3049	3275	2433	2911	3049	2356	2352	3151	2654	2511	3004	3019	2693	2819	2558	2897	2938	2724	2077	777	2111	2728	2214	2930	2458	2971	2899	1996	2709	2018	2454	1104	2489	3018	3050	1971	2309	2022	1063	2930	2917	1966	3017	2350	2478	3015	2570	2832	1838	2498	3208	2947	2945	2007	3532	2787	2449	2432	2672	2955	2534	2976	2753	1556	1954	3198	2590	2534	3755	2243	3156	2834	3021	1944	2781	2827	3107	2937	1936	2786	2511	2814	2938	3138	2945	2226	2306	2235	933	2696	1410	3200	930	1914	2700	2918	1619	2989	2255	1945	2477	2497	2447	2526	2921	3141	3139	2884	3099	1829	2886	2897	2079	2309	2498	2917	2732	2483	2355	1937	2974	2682	2351	2299	2079	1981	3052	3014	3158	3271	2235	3144	3134	1621	2732	1682	2294	1889	2811	2297	2902	2486	3051	3029	2561	2045	3008	2009	3011	2018	2965	3018	2665	2995	3026	2923	2119	2526	3021	3218	2485	2746	3019	3030	3148	2948	3051	3036	2249	3051	2584	2251	3049	2399	2519	2235	2827	2733	2509	2590	2138	3044	1973	2773	2853	2919	3877	3020	576	2686	2819	2087	2199	3026	2534	1935	2763	2387	2895	3079	2995	3143	2901	3026	2974	1685	1777	2079	2880	2814	2614	2949	3009	2995	2584	2506	2576	2803	3159	2943	3052	2919	1438	3051	2973	1914	2447	2266	3009	2257	3275	2889	3050	1729	3066	2893	2844	2603	2829	2045	2568	2822	2847	3132	3011	2783	3151	3050	2899	2767	2911	3019	3136	4623	3162	2911	3049	2650	3029	2395	2443	2745	1707	3180	1324	2519	2380	2972	2582	2946	2984	2837	2614	2803	2432	3051	2509	2517	2895	2626	3033	1975	2763	2637	1973	2507	2099	2624	2790
373	442	488	1054	291	1098	514	440	1237	160	633	459	453	3049	0	488	763	356	9	874	964	111	425	760	85	163	442	351	578	381	502	336	1451	2504	1149	345	862	194	1597	182	176	1133	351	1965	635	1949	748	69	9	1191	1524	1140	3259	497	399	1221	76	870	765	168	492	374	1820	665	312	173	379	1474	1096	472	636	764	409	301	608	178	299	2007	1133	250	462	608	1217	1172	312	372	91	1160	335	269	513	504	1183	472	760	351	178	98	173	856	784	1229	2164	362	1702	366	2386	1231	380	392	1940	373	1185	1160	755	599	650	542	250	102	91	165	324	1315	164	152	1078	1524	665	399	345	764	1299	1184	323	447	897	840	1079	1151	297	35	495	862	1229	260	108	1495	345	1495	791	1170	439	899	173	595	9	20	847	1106	87	1073	171	1965	192	68	395	84	155	246	1610	636	91	254	723	334	79	67	597	360	9	16	850	25	492	797	0	1653	646	936	269	337	717	462	1584	12	1182	488	313	244	941	29	3311	639	351	1054	950	115	603	1188	522	692	179	129	370	479	175	155	323	1527	1885	1237	169	352	514	522	82	366	1178	594	723	417	127	234	9	356	1661	9	179	1231	650	1597	81	792	488	190	2	1744	466	156	273	602	364	1106	825	291	282	262	84	451	111	9	176	495	356	79	261	1866	127	356	0	420	20	1090	664	326	1412	284	1801	646	753	356	487	167	287	352	451	417	764	9	717	545	181	422	158	1162	522	436	1182	590	1070	526	455
474	598	502	1434	198	1481	344	426	1658	636	145	183	192	3275	488	0	846	373	479	935	974	502	665	781	572	368	598	828	722	383	347	637	1421	2814	1209	612	1215	677	1419	397	496	1282	647	2415	1027	2207	796	558	479	1568	1993	1522	3334	353	359	1606	564	938	809	367	873	454	2247	777	179	658	333	1466	613	488	1024	847	649	789	743	395	636	2405	1471	655	764	743	729	1153	181	452	579	1509	535	518	191	348	1539	489	781	826	662	417	657	1215	975	1194	2447	663	1874	122	2514	1369	806	359	2343	290	1155	1509	807	1003	1047	925	407	414	476	580	204	1456	588	576	1464	1993	777	359	605	805	1195	1542	317	609	947	976	1464	1518	773	500	131	417	1194	229	395	1661	605	1623	1160	1396	465	1319	495	986	479	495	783	1486	575	1412	368	2415	397	556	684	570	369	407	2062	749	579	254	794	591	567	555	213	848	479	486	1028	511	727	1083	488	1489	756	1342	517	614	772	764	2038	501	1556	502	453	413	602	497	3600	1117	828	1434	1344	602	744	1546	514	1067	500	598	284	140	495	369	317	1637	2306	1658	584	827	671	343	570	285	1004	1002	720	476	519	393	479	845	1841	479	398	1369	1047	2063	569	1082	0	497	489	1771	215	578	489	1058	461	1486	768	507	479	710	572	493	502	479	496	508	373	567	707	1440	514	373	488	679	495	1024	1066	602	1573	204	1967	756	895	842	879	651	322	456	846	476	847	479	772	919	499	762	362	1529	514	687	1556	996	1461	656	485
419	321	346	831	796	875	511	424	1110	732	935	664	654	2433	763	846	0	500	758	110	215	874	356	105	766	660	321	774	188	480	504	454	693	2018	389	429	617	763	931	614	586	437	441	1881	602	1385	66	772	759	935	1572	906	2520	496	495	982	776	106	65	655	534	430	1656	99	806	766	525	712	1168	362	592	1	367	872	158	620	502	1739	784	997	396	158	1377	421	749	433	789	833	429	494	673	503	872	362	105	766	760	820	763	630	209	482	1636	438	1028	784	1675	523	620	497	1691	567	438	834	56	619	622	547	547	821	849	633	686	610	642	647	867	1572	99	495	427	71	594	876	565	316	136	143	867	873	946	732	725	882	482	750	805	815	427	779	616	583	391	841	590	582	760	745	242	873	772	735	651	1881	605	771	411	755	670	551	1565	127	789	837	51	434	779	783	717	910	760	747	224	778	309	414	763	969	117	821	493	440	76	396	1548	765	920	346	473	549	1448	736	2781	926	774	831	794	809	165	880	331	580	583	858	574	710	588	669	565	798	1699	1110	631	768	249	515	771	575	576	628	160	392	890	570	761	882	996	760	618	523	622	1623	769	423	846	572	765	983	633	643	493	795	432	873	229	473	488	974	774	365	874	759	586	340	500	779	975	2216	890	500	763	371	745	384	644	448	728	782	1121	117	104	927	558	760	584	443	557	392	1	760	76	525	582	460	674	884	331	356	920	622	877	237	369
101	224	160	1075	296	1123	173	90	1314	426	495	218	207	2911	356	373	500	0	347	601	666	447	298	460	406	201	224	582	353	26	159	292	1146	2440	884	259	852	471	1249	173	228	926	298	2084	685	1836	462	401	347	1207	1688	1163	3018	151	47	1246	408	602	478	195	535	80	1902	418	306	461	48	1179	871	142	680	501	282	603	377	177	310	2045	1102	604	404	377	1039	867	249	78	425	1141	175	188	257	161	1173	142	460	577	459	368	459	854	605	918	2074	314	1518	289	2175	1018	503	40	1986	85	875	1141	472	668	706	584	111	368	416	327	188	1105	338	332	1107	1688	418	47	251	475	965	1176	65	236	619	617	1107	1155	634	338	283	597	918	251	347	1305	251	1277	803	1026	110	981	230	645	349	345	514	1127	412	1043	191	2084	163	400	328	397	211	115	1737	389	425	341	450	238	412	408	339	660	349	342	661	379	356	710	356	1308	397	996	186	265	434	404	1714	364	1194	160	97	119	968	340	3227	851	582	1075	992	452	377	1180	187	715	229	483	90	263	228	210	65	1298	1958	1314	329	579	299	182	408	89	827	669	408	108	467	122	349	644	1483	348	177	1018	706	1754	406	710	373	219	358	1469	200	331	155	762	88	1127	494	163	140	616	411	134	447	347	228	167	0	412	615	1807	465	0	356	315	345	764	728	255	1218	283	1613	397	533	665	547	452	89	84	517	108	501	349	434	574	228	416	211	1166	187	319	1194	663	1106	287	131
366	437	481	1057	282	1102	506	432	1242	166	624	450	444	3049	9	479	758	347	0	869	958	115	422	754	93	154	437	359	574	373	493	334	1445	2507	1144	342	865	201	1590	174	172	1131	349	1971	638	1950	743	78	0	1195	1531	1144	3256	488	390	1225	84	865	760	159	494	367	1826	661	303	181	370	1469	1087	465	639	759	406	310	604	170	298	2012	1135	257	461	604	1208	1166	303	364	100	1162	330	264	503	495	1186	465	754	358	186	94	181	858	782	1223	2166	361	1700	358	2384	1228	384	383	1945	364	1179	1162	750	603	653	545	243	98	93	166	315	1312	166	154	1082	1531	661	390	342	759	1292	1187	314	442	892	837	1082	1155	307	35	485	853	1223	251	102	1494	342	1492	793	1170	432	904	168	598	2	21	840	1110	95	1075	161	1971	184	76	393	92	145	238	1616	631	100	246	718	331	87	76	588	369	1	13	848	34	490	798	9	1646	642	941	264	334	711	461	1591	21	1185	481	306	236	936	29	3313	647	359	1057	953	124	599	1191	515	695	175	139	361	469	170	146	314	1524	1890	1242	170	359	510	513	91	357	1171	598	717	410	131	226	2	365	1660	1	170	1228	653	1605	89	792	479	186	11	1740	457	158	268	608	357	1110	819	286	276	271	92	444	115	0	172	488	347	87	270	1860	131	347	9	418	21	1084	667	323	1411	275	1799	642	749	365	490	174	278	345	454	410	759	1	711	548	176	423	149	1165	515	433	1185	594	1074	521	448
525	431	444	859	897	901	594	521	1141	841	1015	752	743	2356	874	935	110	601	869	0	118	984	465	155	877	768	431	877	298	580	589	564	583	1968	282	539	658	871	844	723	697	365	550	1902	678	1326	140	882	869	951	1615	928	2416	582	592	999	886	13	125	763	626	535	1668	209	907	876	623	601	1212	460	668	109	477	979	268	728	612	1732	790	1108	498	268	1426	314	849	538	899	841	539	605	756	588	881	460	155	869	869	929	873	673	246	376	1581	547	947	880	1580	442	721	595	1688	664	333	842	129	700	697	634	655	930	959	744	785	527	752	757	895	1615	209	592	537	130	502	886	667	426	29	140	895	888	1054	842	811	932	376	853	914	735	537	688	669	542	491	894	700	663	871	855	238	897	883	748	759	1902	714	882	519	866	778	659	1596	238	899	941	153	545	890	893	792	1015	871	857	229	889	415	454	874	877	227	868	604	550	167	498	1580	876	936	444	581	657	1535	847	2719	1013	877	859	836	919	275	890	424	648	694	969	671	797	698	777	667	702	1706	1141	741	871	360	597	881	672	518	710	219	496	1001	678	871	987	918	870	726	442	697	1663	880	465	935	683	876	874	720	753	603	880	538	897	234	583	598	1084	884	467	984	869	697	437	601	890	1085	2278	1001	601	874	480	855	300	718	558	648	884	1037	227	168	1032	651	869	688	550	653	496	109	871	167	612	692	562	782	899	424	464	936	704	907	347	470
602	523	506	962	959	1002	629	580	1244	944	1039	791	783	2352	964	974	215	666	958	118	0	1073	570	207	974	847	523	989	400	643	627	667	486	2002	242	639	768	976	725	804	788	394	654	1997	797	1352	215	978	958	1047	1724	1027	2361	621	650	1095	982	130	198	841	744	609	1757	312	966	979	681	513	1189	524	787	215	580	1087	371	809	715	1808	882	1204	611	371	1408	208	907	611	996	933	629	696	787	625	973	523	207	982	972	1012	976	784	361	268	1611	652	944	933	1546	452	835	654	1767	720	224	934	208	819	815	752	733	1013	1046	843	843	529	852	856	998	1724	312	650	637	199	383	978	730	519	90	251	998	984	1160	934	845	919	268	917	995	738	637	671	784	600	557	1008	792	782	960	946	208	998	980	843	837	1997	794	977	626	963	857	737	1698	337	996	1008	244	642	986	989	811	1126	960	948	335	981	524	566	964	759	327	979	695	651	247	611	1683	967	1032	506	661	737	1566	938	2736	1132	989	962	945	1018	379	982	481	766	786	1066	726	833	790	856	730	676	1792	1244	841	984	458	631	978	728	412	829	259	567	1090	756	961	1098	920	960	807	452	815	1770	976	577	974	774	966	804	759	852	690	999	614	998	216	672	683	1184	981	535	1073	958	788	499	666	986	1186	2271	1090	666	964	586	946	182	837	658	654	946	1028	327	287	1142	768	972	755	626	769	567	215	960	247	731	784	675	860	995	481	570	1032	823	1011	440	536
477	552	590	1137	306	1180	594	536	1305	230	641	513	509	3151	111	502	874	447	115	984	1073	0	537	868	149	246	552	402	690	474	582	446	1560	2596	1260	457	954	247	1696	278	287	1244	462	2015	721	2049	858	134	115	1273	1563	1222	3370	579	486	1301	136	981	875	252	585	476	1882	776	324	226	463	1584	1115	573	723	875	521	314	719	274	408	2079	1225	164	569	719	1218	1281	344	473	137	1249	445	379	565	584	1271	573	868	403	234	90	227	946	895	1337	2261	472	1811	389	2495	1342	465	480	2011	450	1293	1249	865	683	734	634	349	92	31	269	375	1426	266	256	1160	1563	776	486	456	873	1403	1272	405	558	1008	952	1160	1237	275	145	536	902	1337	293	115	1605	456	1606	880	1277	540	971	284	683	113	131	950	1189	147	1165	256	2015	289	133	505	157	236	345	1659	747	137	249	833	446	135	123	644	368	113	127	961	101	603	901	111	1753	757	1013	380	448	826	569	1633	112	1265	590	417	344	885	140	3405	678	402	1137	1030	143	714	1275	623	781	291	109	445	523	286	237	405	1638	1948	1305	273	404	626	600	145	441	1275	676	829	519	19	330	113	374	1769	114	275	1342	734	1638	144	895	502	301	109	1856	526	260	382	661	467	1189	929	401	390	208	143	553	0	115	287	597	447	135	205	1822	17	447	111	532	131	1196	746	438	1522	304	1909	757	864	356	577	223	369	455	543	519	875	113	826	639	292	526	237	1247	623	547	1265	673	1150	637	557
199	103	254	778	544	825	428	288	1023	375	792	516	505	2654	425	665	356	298	422	465	570	537	0	385	415	365	103	433	169	297	414	98	1049	2155	730	79	554	406	1262	316	254	709	84	1798	402	1565	360	422	422	909	1419	865	2834	404	328	949	425	459	377	361	266	221	1608	257	561	410	344	1066	1154	252	396	357	17	519	198	321	146	1747	805	646	112	198	1332	777	514	222	437	843	131	172	552	415	875	251	385	426	403	498	407	556	361	838	1795	83	1285	566	1963	806	294	325	1688	383	794	844	364	393	424	306	270	500	515	280	466	891	288	294	810	1419	257	328	81	377	936	878	348	94	492	415	810	856	589	391	581	870	838	493	489	1076	81	1070	507	765	248	696	257	365	424	405	510	830	421	746	357	1798	310	422	63	404	372	272	1455	232	437	563	326	93	429	434	628	561	424	409	426	436	70	420	425	1308	242	705	173	88	330	112	1433	424	896	254	212	267	1246	396	2949	640	433	778	698	456	190	882	279	423	250	507	387	562	255	371	348	1101	1663	1023	278	428	117	437	420	386	869	398	373	220	551	291	425	535	1245	424	318	806	424	1482	418	418	665	241	427	1325	495	290	190	526	210	830	489	168	194	618	422	229	537	422	254	255	298	429	620	2104	551	298	425	24	405	723	447	98	991	530	1383	242	329	576	284	403	345	213	264	220	357	424	330	292	249	148	378	868	279	21	896	391	810	145	240
395	323	300	934	754	979	439	375	1212	751	859	598	589	2511	760	781	105	460	754	155	207	868	385	0	775	640	323	817	220	437	434	479	692	2113	429	447	717	786	877	597	586	517	468	1985	685	1476	41	778	754	1040	1669	1010	2562	427	446	1086	783	161	40	634	600	402	1761	148	762	787	476	721	1068	317	675	106	392	904	197	602	528	1844	889	1003	450	197	1280	412	703	404	797	938	427	494	601	433	977	317	0	810	781	805	784	729	314	468	1729	469	1102	732	1733	597	670	449	1796	517	424	939	49	697	705	619	526	806	841	647	639	682	657	660	970	1669	148	446	444	34	551	982	524	321	165	244	970	978	970	731	656	785	468	711	788	890	444	843	712	680	350	936	589	660	756	743	145	977	781	841	630	1985	587	777	446	764	650	530	1666	162	797	802	79	448	787	788	636	947	756	744	329	778	354	516	760	922	153	919	493	460	60	450	1649	764	1024	300	454	530	1380	735	2870	994	817	934	894	820	207	985	276	669	584	866	523	643	587	649	524	856	1804	1212	646	812	269	442	779	525	497	706	64	360	886	549	757	920	1073	756	600	597	705	1722	777	524	781	572	763	1009	566	656	486	866	407	977	129	469	478	988	782	328	868	754	586	293	460	787	989	2126	885	460	760	405	743	338	728	465	803	741	1192	153	208	961	623	780	548	419	617	360	106	756	60	599	582	511	653	989	276	391	1024	699	979	245	329
404	452	522	988	376	1031	574	484	1162	82	717	534	527	3004	85	572	766	406	93	877	974	149	415	775	0	231	452	268	579	431	560	319	1459	2446	1145	338	805	110	1629	237	194	1114	334	1884	571	1901	759	16	93	1125	1441	1073	3240	554	452	1153	13	872	776	235	436	409	1743	667	396	88	437	1479	1178	507	573	767	402	218	608	234	275	1934	1075	231	431	608	1301	1183	395	407	22	1099	349	282	587	562	1121	507	775	268	94	177	89	796	764	1241	2111	342	1672	450	2359	1211	315	445	1867	437	1197	1099	765	533	584	484	296	180	146	135	402	1294	129	121	1011	1441	667	452	339	775	1322	1122	384	455	902	830	1011	1087	228	75	573	940	1241	344	191	1468	339	1475	730	1135	477	826	191	533	93	78	873	1040	6	1015	237	1884	246	18	374	11	225	292	1528	639	22	338	730	332	15	26	673	278	93	86	831	66	477	756	85	1682	650	866	283	327	727	431	1503	72	1116	522	346	288	1019	77	3255	555	268	988	881	46	602	1125	557	631	195	92	434	556	193	225	384	1509	1808	1162	138	269	517	582	5	431	1215	527	744	450	155	284	94	272	1629	93	234	1211	584	1514	5	749	572	208	84	1740	538	125	296	522	397	1040	851	310	308	216	7	484	149	93	194	528	406	15	216	1948	158	406	85	406	78	1111	597	319	1387	368	1771	650	744	275	428	83	349	386	393	450	767	93	727	490	197	383	230	1097	557	422	1116	524	1001	533	490
245	344	349	1088	194	1134	352	290	1298	278	512	303	295	3019	163	368	660	201	154	768	847	246	365	640	231	0	344	464	487	227	339	302	1332	2508	1050	291	879	322	1450	48	135	1062	315	2048	672	1928	634	222	154	1224	1624	1176	3178	335	240	1259	228	767	651	5	519	238	1887	568	214	306	218	1361	957	332	671	661	347	447	515	43	286	2056	1144	405	438	515	1094	1052	187	236	246	1177	243	192	356	342	1205	332	640	461	308	168	305	875	721	1106	2155	331	1646	246	2319	1158	439	233	1992	210	1063	1177	643	644	691	572	113	169	215	212	176	1244	220	209	1116	1624	568	240	287	649	1162	1207	160	352	789	758	1116	1178	457	156	346	710	1106	147	149	1435	287	1422	815	1130	298	958	133	631	155	158	710	1141	236	1084	9	2048	56	220	359	225	10	109	1695	537	246	199	615	273	232	225	442	507	155	152	784	188	434	777	163	1509	547	986	191	288	604	438	1671	174	1213	349	187	111	897	155	3307	752	464	1088	991	273	512	1210	381	719	139	293	206	328	134	9	160	1448	1948	1298	216	463	424	359	231	203	1028	642	595	281	266	91	155	497	1608	155	46	1158	691	1695	230	773	368	140	165	1643	306	210	177	690	232	1141	689	199	177	425	234	315	246	154	135	356	201	232	424	1793	264	201	163	369	158	958	709	275	1350	182	1744	547	670	506	522	298	124	220	487	281	661	155	604	569	139	420	13	1189	381	382	1213	636	1111	426	317
124	0	152	867	501	915	332	194	1118	429	716	436	425	2693	442	598	321	224	437	431	523	552	103	323	452	344	0	517	142	217	318	169	1009	2216	709	131	641	466	1190	297	265	720	162	1895	503	1613	307	455	437	995	1521	954	2834	308	245	1037	460	428	324	339	369	143	1701	225	516	465	266	1032	1058	151	496	322	97	588	171	302	214	1833	882	681	213	171	1241	731	463	145	474	923	107	173	466	319	956	150	323	510	460	499	462	644	386	789	1850	169	1307	509	1975	815	389	243	1775	308	745	923	314	496	525	409	234	500	527	324	408	901	333	336	900	1521	225	245	125	323	873	960	284	11	455	414	900	941	649	411	502	773	789	452	485	1095	125	1078	599	804	152	795	269	466	439	424	432	918	458	824	335	1895	288	454	160	440	353	237	1554	195	474	532	280	126	463	466	538	635	439	426	445	458	138	488	442	1239	205	801	172	143	275	213	1533	444	982	152	162	234	1191	416	3003	739	517	867	792	496	168	963	176	520	263	543	313	483	267	352	284	1104	1754	1118	323	513	80	340	455	313	787	500	297	128	569	257	440	611	1270	438	299	815	525	1583	454	488	598	251	444	1305	412	333	172	628	137	918	410	152	168	665	459	129	552	437	265	152	224	463	666	2028	569	224	442	126	424	660	548	145	1009	488	1404	205	326	647	387	458	291	144	366	128	322	439	275	394	261	251	358	952	176	122	982	493	901	84	141
535	517	642	757	637	797	756	634	905	193	974	759	750	2819	351	828	774	582	359	877	989	402	433	817	268	464	517	0	597	601	741	348	1453	2226	1112	387	606	158	1695	448	359	1029	356	1615	366	1715	789	285	359	891	1172	838	3131	733	629	914	280	868	805	466	283	549	1479	680	658	180	625	1460	1421	632	371	774	429	136	623	448	304	1680	868	387	378	623	1557	1191	647	548	271	884	449	402	810	742	900	632	817	7	173	446	179	593	698	1254	1908	351	1540	705	2234	1125	159	623	1611	640	1211	884	792	322	372	311	478	449	408	260	640	1200	250	259	776	1172	680	629	393	806	1365	900	586	514	905	790	776	861	233	331	808	1165	1254	599	459	1349	393	1377	525	999	611	576	358	337	360	340	944	807	268	811	466	1615	453	287	371	267	461	475	1260	659	271	605	753	396	279	292	898	146	359	349	762	335	466	618	351	1739	669	623	404	375	760	378	1234	340	884	642	493	469	1285	335	3039	289	0	757	646	259	614	903	675	434	357	298	640	790	359	462	586	1420	1546	905	257	5	550	764	272	636	1302	313	807	579	400	478	360	115	1494	359	446	1125	372	1245	273	608	828	366	351	1689	756	259	431	259	534	807	922	432	447	314	271	605	402	359	359	646	582	279	318	2216	404	582	351	412	340	1152	377	375	1275	628	1639	669	717	168	262	185	557	527	242	579	774	359	760	326	358	314	468	870	675	426	884	312	763	579	615
258	142	228	799	641	846	419	297	1065	544	830	550	539	2558	578	722	188	353	574	298	400	690	169	220	579	487	142	597	0	340	408	267	881	2097	570	241	572	576	1098	439	402	578	254	1844	487	1485	192	584	574	920	1497	882	2691	398	362	963	588	293	208	482	385	275	1637	88	654	579	389	899	1131	238	479	188	180	688	29	445	315	1750	790	810	230	29	1326	607	599	277	601	835	247	310	571	408	871	238	220	589	572	640	576	580	253	668	1726	253	1167	642	1833	672	449	362	1696	432	624	835	195	493	509	411	377	641	665	445	541	759	454	459	834	1497	88	362	239	209	768	874	417	134	324	271	834	861	759	546	615	842	668	592	627	955	239	935	547	674	257	761	405	458	576	559	356	847	585	735	478	1844	431	584	227	567	496	380	1512	62	601	674	157	246	591	595	633	729	576	562	308	592	133	393	578	1141	72	756	310	252	162	230	1493	579	905	228	304	377	1321	551	2878	777	597	799	738	621	25	878	232	485	398	671	438	597	403	495	417	961	1686	1065	443	592	63	426	583	438	715	500	222	246	705	400	576	702	1131	575	442	672	509	1555	581	396	722	388	580	1166	522	455	313	653	272	847	335	292	310	786	586	229	690	574	402	225	353	591	787	2136	705	353	578	187	559	555	533	260	868	627	1263	72	183	744	408	572	428	281	398	246	188	576	162	391	397	290	501	873	232	172	905	493	839	65	238
97	217	137	1076	317	1123	155	65	1318	448	499	219	208	2897	381	383	480	26	373	580	643	474	297	437	431	227	217	601	340	0	140	301	1121	2432	863	265	851	493	1223	199	249	909	305	2090	690	1825	441	426	373	1207	1697	1163	2997	132	32	1247	432	581	457	221	542	76	1905	401	326	483	49	1155	863	120	685	481	283	625	362	203	321	2045	1098	630	406	362	1035	843	268	75	450	1138	180	202	254	141	1171	120	437	595	482	395	481	853	593	894	2064	320	1502	304	2156	1000	516	27	1986	92	851	1139	451	675	712	590	134	395	443	348	206	1087	359	354	1108	1697	401	32	257	453	939	1174	86	229	597	601	1108	1153	658	364	285	586	894	273	373	1288	257	1259	804	1014	89	987	251	651	374	371	489	1127	437	1040	218	2090	188	425	332	422	237	139	1744	372	450	364	430	245	437	433	333	682	375	367	647	405	352	705	381	1282	380	1000	200	272	413	406	1721	390	1194	137	109	143	981	365	3217	866	601	1076	994	477	363	1178	163	718	250	508	98	266	250	237	86	1279	1960	1318	349	597	288	164	433	98	801	677	385	94	493	148	375	665	1467	374	202	1000	712	1763	431	705	383	239	384	1447	197	352	170	774	87	1127	468	175	155	641	436	115	474	373	249	144	26	437	640	1811	491	26	381	316	371	739	734	263	1201	304	1596	380	517	687	555	475	114	87	526	94	481	375	413	579	249	422	238	1165	163	319	1194	670	1108	274	111
222	318	180	1185	359	1233	15	125	1436	585	430	164	156	2938	502	347	504	159	493	589	627	582	414	434	560	339	318	741	408	140	0	434	1084	2503	862	396	958	630	1135	323	387	941	436	2212	815	1882	451	554	493	1313	1828	1272	2988	10	111	1354	560	593	464	334	671	202	2020	446	361	619	123	1125	740	172	809	505	402	761	423	326	459	2149	1194	744	525	423	924	811	303	202	578	1236	313	341	169	2	1271	173	434	735	618	496	617	963	656	855	2128	451	1532	314	2167	1027	654	118	2092	133	815	1237	462	803	837	717	268	496	551	486	241	1113	497	491	1219	1828	446	111	388	459	875	1274	179	330	600	640	1219	1257	788	489	221	456	855	330	473	1319	388	1277	918	1072	166	1110	389	776	494	494	442	1236	566	1137	331	2212	314	552	458	552	349	272	1869	422	578	422	452	377	564	559	225	819	494	489	702	527	457	796	502	1198	426	1119	339	404	429	525	1847	511	1299	180	249	277	946	490	3278	1005	741	1185	1110	605	427	1278	179	837	388	631	138	208	387	348	179	1291	2073	1436	488	737	372	24	561	141	711	806	372	193	602	276	494	803	1501	494	326	1027	837	1893	560	798	347	378	504	1427	131	490	310	911	217	1236	425	314	295	764	564	189	582	493	387	183	159	564	763	1728	600	159	502	435	494	689	859	397	1232	349	1624	426	565	823	685	610	215	221	658	193	505	494	429	704	387	550	347	1269	179	435	1299	799	1220	348	178
