NAME : VRPTW_INSTANCE_318.txt
COMMENT : Bangkok Supermarket
TYPE : VRPTW
DIMENSION : 226
DAYS : Tuesday
EDGE_WEIGHT_TYPE : EXPLICIT
VEHICLES : 30
EDGE_WEIGHT_FORMAT : FULL_MATRIX
CAPACITY : 1000
EDGE_WEIGHT_SECTION
0	534	491	217	199	155	404	83	846	1117	747	153	412	244	152	1189	255	422	248	2047	183	672	111	390	1115	1317	155	1000	506	202	559	430	155	309	394	122	505	464	28	408	212	363	194	891	94	402	518	1996	264	985	1883	394	372	1965	202	221	153	1213	738	180	538	1417	995	522	1625	189	2664	1088	224	1972	1129	1064	1105	834	147	176	203	145	2741	1034	1004	46	1026	609	23	1909	479	173	1421	73	201	404	1199	153	284	346	359	891	94	221	371	85	133	310	1150	1195	461	196	815	1418	419	376	681	464	1017	378	542	910	395	572	173	261	1024	152	300	130	82	446	24	1247	434	221	949	1731	852	612	125	839	210	395	231	231	948	97	555	215	916	153	221	1016	1066	131	961	388	1190	309	201	437	1816	355	1627	1144	218	437	486	1576	118	1322	364	140	24	692	365	439	83	210	152	33	1010	212	613	1863	409	366	2180	225	369	186	1058	1469	127	103	1229	153	624	609	1000	629	1762	737	39	193	613	29	25	1281	995	358	371	221	352	2158	1448	133	1149	199	364	845	447	399	124	1147	237	248	891	704
534	0	395	333	348	492	452	460	703	894	1155	472	292	463	675	1574	772	775	354	2103	646	689	636	451	892	1395	492	1210	413	633	783	684	492	668	458	620	311	670	525	804	708	339	645	576	443	645	1045	1783	356	749	1813	335	752	1565	710	425	472	1348	880	403	4	1677	866	481	1365	386	2898	775	443	2049	1305	705	1264	651	474	373	339	624	2947	1505	1012	578	1110	607	533	2219	181	384	1035	602	549	805	1596	472	622	605	759	576	443	425	746	612	555	255	1023	1521	936	561	926	1808	773	801	704	730	797	697	320	834	816	238	384	779	1215	675	658	608	608	842	521	1562	158	425	1091	1460	598	165	622	1036	446	816	468	419	1088	436	427	479	838	472	739	1199	868	478	854	452	1377	254	481	174	1492	784	1234	1543	737	186	398	1882	642	1714	364	650	532	472	358	329	487	732	675	520	775	708	818	1482	280	359	1855	471	628	640	860	1174	626	632	832	472	374	618	1450	446	1353	710	521	359	656	563	549	1735	838	338	746	425	345	1847	1733	470	1351	432	364	1181	272	455	646	1489	755	354	576	1022
491	395	0	436	434	566	119	413	1056	1275	1236	547	124	262	638	1678	624	888	504	2413	478	295	598	130	1273	1686	566	819	20	445	976	354	566	768	132	496	639	863	465	888	704	136	467	967	415	321	880	2171	521	1130	1474	109	845	1951	692	555	547	1611	487	497	394	1288	1222	773	1757	485	3119	1169	272	2349	910	584	1513	1014	349	446	422	480	3186	1221	1324	533	717	898	473	1835	213	462	1427	560	637	886	1690	547	730	309	838	967	415	555	842	573	596	260	1383	1671	951	641	1188	1908	885	548	993	894	1176	826	663	1171	881	205	462	629	821	638	758	471	570	558	467	1721	463	555	1344	1244	360	313	496	1258	285	881	276	261	1341	428	64	295	1176	547	598	1433	1243	364	1202	132	1613	264	308	230	1888	539	1624	1635	598	216	7	1501	605	1367	128	631	472	834	127	619	408	598	638	459	1157	704	442	1873	136	126	2251	282	321	467	1235	1569	499	588	1225	547	737	905	1491	138	1739	1020	456	447	261	509	487	1770	525	141	842	555	145	2242	1915	360	1578	545	128	1320	577	125	612	1627	611	504	967	670
217	333	436	0	18	163	399	166	689	946	848	142	320	289	344	1281	471	476	71	1987	373	692	307	388	944	1257	163	1116	455	376	541	536	163	358	395	327	305	427	217	491	374	302	379	692	143	499	735	1840	91	808	1902	327	441	1761	376	121	142	1177	816	73	337	1559	849	371	1452	58	2686	894	259	1920	1234	951	1077	665	231	41	20	341	2750	1243	908	255	1092	485	223	2072	333	50	1216	276	228	491	1298	142	314	443	443	692	143	121	437	285	222	180	1009	1253	606	237	755	1514	473	560	574	463	844	405	341	779	497	435	50	477	1132	344	348	323	280	620	211	1299	218	121	909	1666	772	443	329	821	251	497	283	244	906	126	498	280	784	142	436	997	901	223	821	387	1177	177	273	286	1628	539	1422	1244	434	292	433	1736	312	1509	318	317	223	504	316	248	202	427	344	214	833	374	711	1662	311	317	1994	281	469	371	893	1285	333	304	1021	142	425	490	1131	559	1555	614	218	26	639	246	238	1416	961	297	437	121	295	1975	1488	216	1142	116	318	903	241	397	315	1213	453	71	692	854
199	348	434	18	0	153	392	148	703	961	840	132	321	277	327	1275	452	470	81	1994	355	685	290	381	960	1264	153	1103	453	359	542	522	153	352	387	308	322	429	199	484	359	299	361	710	125	485	717	1855	101	823	1897	325	434	1779	361	121	132	1181	805	66	352	1544	863	384	1468	52	2686	911	247	1926	1222	956	1081	680	215	24	12	323	2751	1225	917	238	1082	496	205	2057	340	37	1234	259	220	483	1291	132	308	430	435	710	125	121	430	268	209	182	1022	1250	594	229	761	1508	467	542	583	462	860	401	358	791	488	442	37	459	1120	327	341	305	263	603	192	1296	235	121	913	1668	774	454	311	823	238	488	270	233	911	108	496	267	796	132	418	999	916	207	834	380	1179	180	259	293	1645	522	1440	1237	416	299	431	1720	296	1492	314	301	204	521	312	264	185	409	327	196	849	359	699	1679	312	313	2010	268	456	354	908	1302	314	287	1039	132	442	499	1121	559	1573	625	200	14	631	227	219	1406	959	294	430	121	292	1992	1486	200	1144	113	314	899	259	389	299	1209	435	81	710	839
155	492	566	163	153	0	503	178	693	966	687	21	463	359	213	1124	387	323	144	1904	338	790	186	490	964	1172	0	1152	584	358	423	576	0	203	496	275	381	319	177	331	222	430	350	757	165	544	625	1842	151	838	2006	459	283	1832	230	84	21	1076	878	90	496	1572	841	371	1474	106	2556	948	332	1831	1279	1107	971	685	268	131	165	300	2626	1170	850	165	1164	454	177	2065	493	116	1289	171	70	330	1140	21	163	487	282	757	165	84	280	174	68	330	995	1106	444	76	669	1356	320	531	526	334	867	260	417	755	334	594	116	392	1174	213	192	285	170	602	169	1154	359	84	810	1809	917	607	278	707	319	334	348	328	808	145	630	336	760	21	355	885	914	253	806	489	1063	328	324	446	1671	509	1494	1085	352	451	562	1731	190	1472	440	180	177	552	439	311	207	343	213	179	862	222	759	1726	456	440	2034	343	511	342	906	1323	280	190	1101	21	494	453	968	698	1632	581	185	139	732	172	181	1253	1088	425	280	84	421	2010	1348	251	1024	67	440	754	333	500	189	1063	370	144	757	859
404	452	119	399	392	503	0	334	1063	1298	1151	486	161	161	542	1593	509	818	470	2387	364	293	505	14	1296	1656	503	763	124	330	925	246	503	699	12	389	648	815	376	810	613	119	353	1003	341	209	762	2197	489	1154	1506	117	770	2018	598	509	486	1571	439	447	453	1227	1227	761	1791	439	3058	1208	179	2319	867	697	1469	1027	256	398	381	371	3130	1108	1306	442	700	881	383	1766	281	412	1486	468	571	807	1602	486	664	191	761	1003	341	509	769	480	521	250	1389	1597	857	573	1153	1821	814	429	972	837	1197	762	677	1167	799	307	412	515	771	542	689	364	478	442	380	1648	483	509	1304	1328	462	406	389	1208	193	799	175	177	1301	359	169	193	1172	486	486	1386	1261	272	1204	16	1564	254	207	278	1936	420	1686	1547	485	266	112	1429	511	1272	94	540	382	851	99	615	321	487	542	371	1180	613	365	1934	172	98	2301	181	205	353	1253	1608	392	493	1283	486	757	886	1394	246	1806	1008	366	403	240	418	395	1671	591	121	769	509	118	2290	1847	271	1527	495	94	1246	582	5	519	1550	497	470	1003	575
83	460	413	166	148	178	334	0	837	1102	823	166	329	181	236	1265	314	484	217	2083	207	614	195	320	1100	1351	178	981	429	212	602	401	178	366	325	164	469	498	66	477	294	282	213	857	22	368	585	1991	236	966	1829	313	436	1927	285	216	166	1255	700	159	463	1411	993	514	1609	161	2725	1058	156	2010	1105	982	1150	819	90	131	148	176	2799	1078	1023	130	985	614	74	1916	396	136	1382	157	242	474	1276	166	333	311	427	857	22	216	435	169	187	227	1151	1263	542	242	847	1495	480	395	694	510	1001	430	506	914	468	488	136	321	1001	236	356	158	165	458	63	1314	374	216	989	1656	773	530	167	885	143	468	170	157	987	43	477	157	920	166	280	1062	1054	75	961	318	1240	227	145	354	1791	374	1588	1221	278	354	408	1581	201	1345	285	222	73	666	286	409	37	272	236	61	991	294	583	1827	326	287	2156	165	335	205	1046	1447	170	187	1187	166	589	616	1082	550	1721	744	61	147	555	109	91	1364	924	277	435	216	271	2136	1513	72	1200	196	285	912	407	330	208	1217	297	217	857	701
846	703	1056	689	703	693	1063	837	0	278	940	693	933	977	879	1226	1074	672	623	1410	1028	1346	866	1055	276	735	693	1805	1076	1044	509	1225	693	666	1062	967	417	487	863	737	844	947	1039	270	816	1188	1278	1153	603	180	2514	962	701	1205	866	626	693	737	1497	678	706	2247	165	324	783	677	2285	338	948	1364	1921	1380	688	69	917	711	709	991	2313	1849	351	858	1762	256	865	2753	862	703	691	861	674	743	1264	693	646	1133	728	270	816	626	694	861	742	812	326	1095	921	685	403	1437	672	1222	243	556	188	620	393	147	776	940	703	1079	1820	879	664	975	857	1291	855	1113	593	626	537	2143	1301	863	970	568	940	776	972	931	534	794	1105	970	148	693	1044	662	222	907	151	1054	809	809	962	832	994	1201	881	1222	1042	844	1056	2418	868	2165	970	846	865	231	966	448	874	1031	879	863	196	844	1399	1085	920	967	1351	970	1159	1031	214	645	973	874	558	693	328	262	1237	1139	1025	171	869	697	1300	865	872	1487	1540	944	694	626	946	1324	1227	901	804	647	970	846	481	1062	864	1089	1059	623	270	1539
1117	894	1275	946	961	966	1298	1102	278	0	1183	965	1156	1229	1157	1416	1350	945	885	1327	1298	1570	1143	1292	1	754	966	2053	1294	1311	772	1479	966	944	1299	1239	652	763	1132	1010	1123	1180	1308	329	1080	1441	1556	899	865	144	2700	1189	977	944	1145	895	965	814	1737	944	896	2504	194	595	508	941	2294	200	1200	1300	2164	1515	802	283	1177	972	966	1262	2301	2127	445	1132	1991	534	1134	3018	1069	966	469	1136	951	1017	1458	965	925	1387	1004	329	1080	895	970	1137	1018	1048	215	1261	1193	963	604	1610	945	1492	509	828	101	897	621	301	1050	1131	966	1355	2066	1157	943	1245	1133	1559	1124	1267	816	895	692	2271	1476	1039	1242	766	1194	1050	1226	1181	689	1059	1317	1225	296	965	1320	809	63	1168	239	1291	915	1045	1219	1045	716	1471	635	1421	1317	1058	1276	2682	1145	2438	1204	1123	1135	447	1199	698	1139	1307	1157	1132	118	1123	1647	819	1143	1200	1073	1224	1413	1300	69	368	1244	1150	406	965	541	540	1467	1340	779	435	1137	958	1529	1138	1143	1699	1726	1176	970	895	1180	1046	1343	1162	926	917	1204	1064	719	1298	1142	1266	1334	885	329	1801
747	1155	1236	848	840	687	1151	823	940	1183	0	709	1145	990	613	442	736	380	806	1545	833	1405	647	1136	1181	898	687	1603	1252	871	445	1119	687	490	1140	781	926	524	774	356	539	1104	849	1160	822	1105	712	1861	801	1120	2590	1134	406	2127	556	735	709	741	1420	774	1160	1920	991	783	1613	790	1962	1278	972	1450	1741	1794	635	983	894	819	852	808	2057	1241	807	708	1704	730	767	2306	1180	804	1630	683	619	357	453	709	536	1058	405	1160	822	735	411	671	644	1017	1076	476	311	611	589	671	382	943	700	448	1117	459	949	882	356	1282	804	735	1637	613	501	807	672	1015	771	535	1002	735	582	2479	1595	1289	782	454	958	356	976	978	584	810	1300	959	887	709	736	545	1120	878	945	1135	651	1015	945	1134	1868	928	1815	398	735	1139	1231	2006	642	1651	1108	611	768	974	1109	866	830	727	613	780	1133	539	1285	2000	1139	1110	2193	970	1073	844	1113	1536	781	660	1493	709	984	718	308	1373	1959	769	784	826	1345	733	755	585	1740	1099	411	735	1093	2153	748	880	598	733	1108	192	919	1146	633	419	736	806	1160	1266
153	472	547	142	132	21	486	166	693	965	709	0	442	344	226	1145	392	343	126	1917	336	774	196	473	963	1185	21	1143	565	354	439	566	21	223	479	274	370	333	172	353	240	411	347	749	150	533	636	1843	135	835	1990	439	304	1825	247	74	0	1090	866	69	476	1567	843	370	1473	85	2574	942	316	1844	1269	1086	986	682	256	110	143	298	2644	1176	859	168	1151	457	172	2062	471	95	1280	178	90	352	1161	0	183	476	303	749	150	74	301	182	85	309	998	1126	465	97	681	1378	340	529	532	351	865	279	407	758	356	573	95	398	1165	226	213	283	177	599	164	1174	340	74	824	1789	897	586	277	723	304	356	333	311	822	130	611	323	764	0	360	900	914	241	809	472	1079	307	311	425	1667	508	1486	1106	357	430	543	1728	201	1473	421	194	173	546	420	300	197	348	226	173	859	240	748	1719	435	421	2030	329	501	339	905	1319	280	199	1092	0	484	458	989	678	1623	586	179	118	716	173	178	1274	1070	406	301	74	401	2007	1368	238	1041	53	421	774	320	483	201	1083	376	126	749	854
412	292	124	320	321	463	161	329	933	1156	1145	442	0	224	564	1584	587	786	386	2290	443	414	523	161	1154	1564	463	919	144	417	862	401	463	666	167	444	516	747	389	791	623	63	436	852	326	362	856	2053	402	1011	1597	45	745	1857	615	442	442	1491	590	386	292	1385	1099	649	1642	373	3006	1056	219	2226	1017	653	1395	892	286	336	308	435	3070	1251	1200	457	835	774	398	1926	122	352	1327	485	533	790	1598	442	625	331	742	852	326	442	742	497	500	140	1260	1568	872	539	1067	1816	783	555	869	783	1056	720	541	1047	788	174	352	593	925	564	655	423	494	581	390	1616	341	442	1224	1347	454	256	446	1141	229	788	235	199	1222	335	180	252	1052	442	558	1316	1122	298	1079	162	1496	144	261	118	1781	542	1527	1544	557	106	123	1590	530	1431	82	552	397	713	77	495	334	555	564	384	1038	623	525	1775	12	77	2145	240	351	433	1115	1457	449	514	1124	442	616	781	1410	238	1646	896	381	334	373	435	413	1693	643	65	742	442	74	2135	1807	292	1463	434	82	1217	453	163	537	1526	572	386	852	735
244	463	262	289	277	359	161	181	977	1229	990	344	224	0	381	1432	366	663	358	2259	221	432	344	147	1228	1527	359	827	274	193	783	249	359	546	150	233	579	677	216	652	451	161	213	957	193	211	632	2126	378	1089	1647	187	615	2005	437	381	344	1435	529	319	464	1274	1139	661	1732	314	2906	1162	29	2188	945	847	1330	950	96	274	269	218	2980	1043	1191	281	810	772	223	1796	332	287	1465	307	423	649	1441	344	515	158	604	957	193	381	614	319	367	210	1299	1439	696	424	1023	1660	660	340	858	692	1128	612	612	1068	640	398	287	373	843	381	537	209	317	379	220	1491	438	381	1168	1489	620	473	234	1066	40	640	13	49	1166	214	322	33	1073	344	339	1244	1187	113	1111	145	1421	212	46	306	1896	325	1669	1386	338	299	256	1459	349	1258	149	379	222	783	152	532	162	338	381	211	1115	451	422	1914	227	153	2263	20	184	211	1178	1559	237	332	1264	344	696	776	1234	399	1796	902	206	285	373	257	234	1511	750	158	614	381	149	2247	1692	112	1382	364	149	1089	512	156	358	1392	352	358	957	580
152	675	638	344	327	213	542	236	879	1157	613	226	564	381	0	1054	201	334	351	1987	230	792	41	528	1155	1264	213	1055	652	266	505	517	213	247	531	171	594	435	174	300	76	513	247	966	245	498	413	2014	361	1035	1989	544	279	2041	56	298	226	1146	826	285	678	1442	1016	567	1662	299	2554	1153	366	1907	1189	1215	1036	879	288	302	335	200	2637	970	983	106	1114	627	166	1909	631	293	1498	79	206	295	1061	226	245	448	259	966	245	298	282	67	147	461	1162	1074	314	194	775	1279	331	391	683	410	1060	317	631	920	276	724	293	205	1083	0	242	196	70	468	174	1128	559	298	892	1871	998	763	173	770	353	276	367	377	890	244	700	349	926	226	178	942	1102	273	977	526	1110	460	335	588	1868	371	1703	1006	175	589	632	1581	34	1295	513	34	167	759	514	524	231	164	0	180	1058	76	693	1932	561	515	2229	361	465	240	1093	1519	172	50	1313	226	706	624	853	776	1842	748	183	318	732	129	151	1132	1128	509	282	298	502	2203	1335	277	1065	279	513	730	546	537	29	1023	188	351	966	735
1189	1574	1678	1281	1275	1124	1593	1265	1226	1416	442	1145	1584	1432	1054	0	1162	805	1233	1354	1269	1845	1089	1579	1415	881	1124	2007	1694	1308	809	1553	1124	922	1583	1221	1317	912	1217	793	981	1545	1285	1480	1263	1541	1085	1915	1226	1393	3019	1575	840	2329	997	1164	1145	724	1849	1208	1579	2284	1223	1156	1758	1223	1564	1555	1414	1250	2146	2231	664	1283	1336	1255	1287	1247	1675	1534	980	1150	2128	1072	1209	2617	1614	1239	1885	1125	1054	794	46	1145	966	1496	842	1480	1263	1164	844	1113	1084	1454	1256	200	745	1047	825	233	808	1364	1013	846	1376	880	1334	1126	797	1717	1239	1161	2044	1054	933	1247	1114	1432	1213	243	1418	1164	726	2921	2036	1716	1222	659	1400	797	1418	1420	729	1251	1742	1401	1129	1145	1167	620	1357	1320	1181	1577	597	1452	1387	1567	2029	1351	2047	62	1166	1574	1673	2340	1083	1960	1550	1053	1210	1321	1550	1266	1273	1159	1054	1222	1399	981	1713	2197	1578	1551	2314	1412	1510	1281	1352	1730	1220	1101	1781	1145	1353	1059	293	1814	2187	1067	1227	1261	1784	1175	1198	319	2182	1540	844	1164	1534	2264	414	1322	557	1165	1550	400	1322	1588	1075	162	1164	1233	1480	1671
255	772	624	471	452	387	509	314	1074	1350	736	392	587	366	201	1162	0	523	502	2175	146	701	207	496	1348	1456	387	879	633	179	703	395	387	447	497	152	758	636	254	478	261	526	156	1141	334	390	274	2213	517	1224	1856	554	468	2217	236	466	392	1333	686	433	775	1247	1214	756	1857	444	2697	1335	367	2092	1015	1207	1221	1070	307	430	456	152	2788	783	1184	225	968	825	247	1708	683	428	1672	215	400	471	1163	392	446	355	444	1141	334	466	472	213	332	526	1362	1211	424	389	974	1377	520	210	883	608	1252	516	795	1120	445	761	428	6	910	201	443	167	217	285	260	1268	687	466	1084	1805	970	824	149	958	358	445	354	388	1083	346	679	335	1126	392	34	1126	1296	299	1176	494	1288	526	325	648	2057	193	1878	1109	36	644	617	1381	206	1095	516	232	248	938	519	691	285	44	201	257	1248	261	550	2112	589	520	2420	348	363	156	1288	1709	146	200	1482	392	875	822	926	756	2015	947	254	448	643	227	233	1190	1056	523	472	466	514	2395	1479	307	1241	445	516	881	702	504	210	1155	17	502	1141	549
422	775	888	476	470	323	818	484	672	945	380	343	786	663	334	805	523	0	428	1654	562	1094	352	804	943	933	323	1390	906	595	193	843	323	120	809	498	556	186	451	65	262	752	578	841	476	819	645	1745	422	848	2306	782	54	1876	288	358	343	812	1153	403	780	1770	774	434	1429	418	2242	993	640	1573	1524	1427	701	696	567	452	483	528	2318	1227	684	396	1442	423	445	2221	809	435	1351	377	252	72	824	343	161	765	78	841	476	358	52	368	296	652	901	783	249	247	461	1039	3	724	436	116	860	79	582	668	106	911	435	525	1418	334	130	521	367	801	445	832	622	358	561	2132	1240	911	500	436	626	106	651	641	560	461	953	636	674	343	506	607	884	551	730	802	776	649	622	762	1660	705	1548	770	504	768	884	1898	349	1589	761	315	447	639	761	492	501	494	334	455	867	262	1023	1757	779	762	2009	645	786	571	876	1313	500	365	1190	343	629	414	679	1021	1691	510	461	456	1035	418	439	962	1407	747	52	358	743	1976	1029	551	732	359	761	431	543	814	341	740	514	428	841	1068
248	354	504	71	81	144	470	217	623	885	806	126	386	358	351	1233	502	428	0	1916	420	763	318	460	883	1186	144	1184	524	428	477	603	144	315	466	367	257	361	256	451	366	372	428	644	194	566	756	1776	20	749	1973	396	399	1717	373	71	126	1107	886	68	359	1623	782	303	1392	58	2621	843	328	1849	1303	1004	1009	602	293	87	90	385	2684	1283	836	278	1163	414	260	2133	385	81	1172	294	195	452	1252	126	270	510	405	644	194	71	394	300	211	245	942	1197	583	206	684	1467	425	611	502	403	784	353	294	709	462	488	81	508	1201	351	305	368	296	675	248	1242	215	71	839	1727	834	483	370	755	319	462	352	314	837	174	565	347	715	126	468	929	838	284	753	459	1110	242	339	339	1574	590	1379	1198	466	347	502	1797	323	1561	389	320	260	449	386	193	254	457	351	254	774	366	780	1615	376	388	1939	349	536	420	830	1229	373	319	980	126	376	418	1096	624	1514	543	259	74	710	274	272	1381	1029	367	394	71	366	1919	1427	277	1076	79	389	849	200	468	324	1159	485	0	644	916
2047	2103	2413	1987	1994	1904	2387	2083	1410	1327	1545	1917	2290	2259	1987	1354	2175	1654	1916	0	2210	2680	2001	2375	1327	731	1904	3041	2433	2240	1489	2478	1904	1747	2382	2144	1796	1584	2074	1697	1917	2286	2225	1629	2067	2448	2239	1025	1897	1436	3887	2307	1709	1778	1942	1880	1917	842	2783	1942	2106	3421	1260	1643	1213	1949	1094	1525	2231	104	3174	2791	954	1473	2173	1990	2005	2174	1046	2786	1092	2033	3068	1515	2071	3843	2244	1976	1641	2020	1847	1704	1395	1917	1764	2391	1731	1629	2067	1880	1706	2013	1914	2153	1127	1168	1797	1850	1236	1358	1657	2378	1420	1585	1386	1675	1783	1270	1732	2332	1976	2177	3067	1987	1754	2164	2011	2455	2067	1114	1972	1880	1098	3554	2699	2266	2146	1218	2219	1732	2250	2222	1100	2046	2470	2240	1267	1917	2160	1049	1315	2158	1260	2374	900	2149	2228	2206	1427	2359	1672	1409	2158	2218	2411	3533	1999	3192	2304	1965	2072	1640	2301	1800	2112	2148	1987	2077	1417	1917	2661	1661	2278	2303	1511	2245	2415	2217	1319	1351	2147	2014	1692	1917	1733	1508	1618	2517	1759	1398	2083	1983	2625	2052	2069	1646	2925	2281	1706	1880	2281	1448	958	2155	951	1896	2304	1354	1849	2384	1991	1226	2167	1916	1629	2723
183	646	478	373	355	338	364	207	1028	1298	833	336	443	221	230	1269	146	562	420	2210	0	577	209	351	1296	1482	338	831	487	38	721	288	338	463	352	66	675	636	166	531	307	381	16	1063	229	271	413	2179	438	1165	1761	408	507	2134	285	403	336	1370	595	355	648	1237	1179	705	1807	361	2783	1263	223	2131	964	1062	1261	1015	171	337	355	37	2867	872	1181	180	883	792	163	1726	543	339	1589	190	376	526	1274	336	447	226	488	1063	229	403	509	196	304	393	1333	1300	524	369	985	1490	559	193	862	625	1198	534	712	1093	507	617	339	152	857	230	456	53	198	264	174	1356	578	403	1111	1673	826	685	63	994	215	507	208	245	1110	247	534	190	1099	336	121	1168	1248	168	1144	349	1338	394	181	510	1994	172	1796	1219	120	506	471	1393	212	1142	370	247	163	869	374	613	171	122	230	166	1191	307	462	2034	445	374	2359	203	240	11	1240	1648	62	196	1394	336	795	792	1049	611	1929	920	161	354	516	166	157	1319	925	378	509	403	369	2338	1564	176	1294	381	370	959	614	359	220	1248	133	420	1063	524
672	689	295	692	685	790	293	614	1346	1570	1405	774	414	432	792	1845	701	1094	763	2680	577	0	760	304	1568	1949	790	547	277	538	1213	312	790	979	297	623	929	1105	644	1080	868	400	561	1262	625	311	903	2466	782	1425	1216	384	1044	2231	849	801	774	1863	223	739	688	1016	1512	1051	2052	731	3337	1464	458	2612	624	616	1760	1306	527	690	674	598	3412	1097	1598	704	422	1173	650	1570	507	705	1715	727	855	1076	1850	774	947	350	1032	1262	625	801	1044	738	799	536	1673	1864	1100	856	1446	2067	1091	542	1265	1124	1470	1045	955	1456	1063	475	705	705	543	792	969	597	737	510	649	1918	756	801	1595	1105	366	585	622	1497	471	1063	444	462	1593	644	264	458	1460	774	688	1674	1537	544	1490	305	1853	539	472	525	2180	545	1909	1795	689	512	293	1240	765	1159	378	797	648	1128	382	902	593	694	792	639	1452	868	253	2158	427	381	2542	450	339	565	1529	1864	624	747	1513	774	1030	1178	1625	278	2020	1299	633	696	60	680	658	1892	358	404	1044	801	403	2535	2121	544	1814	787	378	1517	865	295	773	1815	695	763	1262	493
111	636	598	307	290	186	505	195	866	1143	647	196	523	344	41	1089	207	352	318	2001	209	760	0	491	1141	1275	186	1040	613	243	514	492	186	255	494	146	567	436	134	325	108	473	225	943	204	470	439	2007	330	1018	1961	504	298	2018	93	270	196	1161	801	251	639	1435	1006	550	1649	265	2582	1133	328	1922	1173	1175	1051	863	250	265	297	175	2663	987	985	66	1090	617	125	1909	590	257	1475	38	192	320	1097	196	245	418	280	943	204	270	300	26	125	420	1155	1105	353	181	782	1316	349	383	678	418	1045	327	603	914	304	683	257	212	1066	41	249	169	29	459	133	1159	523	270	904	1834	959	722	148	785	314	304	330	337	902	203	661	312	920	196	179	959	1089	234	969	489	1129	419	298	547	1852	362	1680	1043	176	548	593	1579	6	1302	473	38	127	737	474	497	190	166	41	140	1042	108	670	1911	521	475	2214	323	437	218	1080	1503	148	13	1288	196	680	615	892	736	1818	740	143	281	699	89	111	1172	1092	468	300	270	461	2189	1364	238	1085	250	473	758	516	500	13	1055	192	318	943	725
390	451	130	388	381	490	14	320	1055	1292	1136	473	161	147	528	1579	496	804	460	2375	351	304	491	0	1290	1645	490	767	137	317	912	241	490	686	7	375	641	803	362	796	598	115	340	998	328	204	749	2191	479	1148	1518	117	757	2016	584	497	473	1559	445	435	452	1230	1219	751	1785	427	3045	1203	165	2307	872	710	1457	1020	242	386	370	357	3117	1101	1295	428	708	871	369	1768	283	401	1484	454	558	793	1588	473	651	182	747	998	328	497	755	466	508	243	1381	1583	843	560	1141	1807	801	419	962	824	1190	749	671	1158	785	313	401	502	776	528	676	350	464	434	366	1635	477	497	1292	1342	476	410	375	1196	179	785	160	163	1289	345	182	179	1163	473	472	1373	1254	258	1195	2	1552	246	193	277	1932	409	1685	1533	472	266	123	1431	496	1270	89	526	368	845	95	607	307	473	528	356	1174	598	367	1932	172	94	2298	167	198	340	1246	1604	378	479	1281	473	750	876	1380	259	1805	998	352	392	250	403	381	1657	605	117	755	497	112	2286	1834	257	1514	483	89	1232	575	9	505	1536	484	460	998	573
1115	892	1273	944	960	964	1296	1100	276	1	1181	963	1154	1228	1155	1415	1348	943	883	1327	1296	1568	1141	1290	0	754	964	2051	1293	1309	770	1477	964	942	1297	1237	650	761	1130	1008	1121	1178	1306	328	1078	1439	1554	900	863	143	2699	1188	975	946	1143	893	963	813	1735	942	895	2502	193	593	510	939	2293	200	1198	1300	2162	1514	801	281	1175	970	965	1260	2301	2125	444	1130	1990	532	1133	3016	1067	964	470	1134	949	1015	1456	963	923	1385	1002	328	1078	893	968	1135	1016	1047	215	1260	1191	961	602	1608	944	1490	507	826	100	895	619	299	1048	1130	964	1353	2064	1155	941	1244	1131	1557	1122	1266	814	893	691	2270	1475	1038	1240	764	1192	1048	1224	1179	687	1057	1315	1224	294	963	1318	807	61	1167	237	1290	914	1043	1217	1044	718	1469	637	1420	1315	1057	1275	2680	1143	2437	1202	1121	1133	445	1197	696	1137	1305	1155	1130	117	1121	1646	821	1141	1199	1074	1223	1411	1298	68	370	1243	1148	406	963	539	538	1466	1338	780	433	1136	956	1527	1136	1141	1698	1725	1175	968	893	1178	1048	1342	1160	925	915	1202	1062	717	1296	1140	1265	1333	883	328	1799
1317	1395	1686	1257	1264	1172	1656	1351	735	754	898	1185	1564	1527	1264	881	1456	933	1186	731	1482	1949	1275	1645	754	0	1172	2314	1706	1511	760	1747	1172	1019	1651	1416	1084	853	1343	982	1195	1557	1497	990	1335	1717	1547	1034	1168	816	3159	1579	988	1530	1221	1148	1185	162	2051	1211	1399	2704	617	922	927	1218	1554	949	1499	663	2445	2095	262	804	1441	1259	1274	1446	1578	2115	388	1304	2336	793	1340	3146	1525	1245	1187	1292	1116	989	928	1185	1035	1660	1012	990	1335	1148	984	1285	1184	1425	541	684	1103	1120	504	1005	936	1655	697	857	774	948	1075	588	1019	1617	1245	1459	2339	1264	1026	1435	1283	1732	1336	659	1255	1148	372	2855	1984	1560	1419	501	1487	1019	1518	1490	373	1314	1744	1508	587	1185	1439	354	717	1426	600	1644	284	1422	1496	1486	1199	1635	1300	915	1436	1497	1684	2828	1273	2504	1575	1240	1341	950	1572	1080	1380	1426	1264	1346	806	1195	1930	1397	1552	1574	1450	1513	1683	1489	717	956	1419	1287	1160	1185	1036	785	1065	1794	1426	685	1352	1252	1894	1322	1339	1201	2203	1553	984	1148	1552	1397	650	1423	330	1164	1575	708	1132	1654	1266	720	1447	1186	990	1999
155	492	566	163	153	0	503	178	693	966	687	21	463	359	213	1124	387	323	144	1904	338	790	186	490	964	1172	0	1152	584	358	423	576	0	203	496	275	381	319	177	331	222	430	350	757	165	544	625	1842	151	838	2006	459	283	1832	230	84	21	1076	878	90	496	1572	841	371	1474	106	2556	948	332	1831	1279	1107	971	685	268	131	165	300	2626	1170	850	165	1164	454	177	2065	493	116	1289	171	70	330	1140	21	163	487	282	757	165	84	280	174	68	330	995	1106	444	76	669	1356	320	531	526	334	867	260	417	755	334	594	116	392	1174	213	192	285	170	602	169	1154	359	84	810	1809	917	607	278	707	319	334	348	328	808	145	630	336	760	21	355	885	914	253	806	489	1063	328	324	446	1671	509	1494	1085	352	451	562	1731	190	1472	440	180	177	552	439	311	207	343	213	179	862	222	759	1726	456	440	2034	343	511	342	906	1323	280	190	1101	21	494	453	968	698	1632	581	185	139	732	172	181	1253	1088	425	280	84	421	2010	1348	251	1024	67	440	754	333	500	189	1063	370	144	757	859
1000	1210	819	1116	1103	1152	763	981	1805	2053	1603	1143	919	827	1055	2007	879	1390	1184	3041	831	547	1040	767	2051	2314	1152	0	804	802	1553	581	1152	1294	760	897	1401	1464	976	1352	1128	882	816	1766	1000	617	928	2952	1204	1911	1067	878	1335	2770	1103	1196	1143	2201	332	1137	1210	469	1966	1487	2551	1135	3563	1971	857	2962	138	1090	2091	1776	894	1098	1096	868	3660	791	2003	1010	266	1594	977	1022	1030	1108	2245	1021	1201	1346	2000	1143	1279	673	1314	1766	1000	1196	1337	1028	1132	1007	2126	2079	1296	1196	1815	2204	1387	669	1675	1457	1952	1366	1432	1893	1322	1015	1108	878	43	1055	1288	878	1030	593	983	2138	1243	1196	1943	1296	870	1126	895	1825	865	1322	832	874	1942	1022	804	836	1898	1143	888	1997	2012	906	1937	767	2164	1010	845	1037	2699	687	2443	1949	890	1025	815	694	1042	680	856	1076	977	1606	862	1358	947	900	1055	973	1937	1128	405	2692	931	861	3064	834	647	824	2004	2371	894	1027	2042	1143	1514	1596	1740	826	2558	1724	967	1110	562	992	977	1966	716	884	1337	1196	879	3053	2351	911	2118	1177	856	1758	1334	762	1050	2021	883	1184	1766	337
506	413	20	455	453	584	124	429	1076	1294	1252	565	144	274	652	1694	633	906	524	2433	487	277	613	137	1293	1706	584	804	0	454	996	351	584	786	137	507	659	882	480	905	719	155	476	985	432	319	886	2190	541	1149	1454	128	862	1966	706	574	565	1631	472	516	412	1273	1242	793	1775	504	3138	1187	285	2369	893	574	1533	1034	363	465	441	491	3205	1218	1344	548	699	918	488	1821	231	481	1444	575	655	902	1706	565	748	311	855	985	432	574	860	587	613	281	1403	1689	966	659	1208	1924	903	551	1013	913	1195	845	683	1191	898	216	481	638	805	652	776	482	585	558	483	1738	483	574	1364	1227	346	325	508	1277	299	898	288	275	1361	446	48	307	1196	565	608	1453	1263	378	1223	139	1633	284	320	249	1905	542	1640	1651	607	235	22	1487	619	1358	145	646	487	854	145	639	423	608	652	474	1176	719	431	1889	156	144	2268	294	322	476	1255	1587	510	602	1241	565	756	925	1505	124	1754	1041	470	466	244	524	501	1784	506	159	860	574	163	2260	1933	375	1598	564	145	1337	597	130	627	1644	620	524	985	661
202	633	445	376	359	358	330	212	1044	1311	871	354	417	193	266	1308	179	595	428	2240	38	538	243	317	1309	1511	358	802	454	0	751	251	358	494	318	97	681	663	181	567	343	355	23	1069	234	233	439	2196	447	1177	1723	381	541	2137	321	418	354	1402	559	367	636	1214	1196	719	1819	371	2820	1270	200	2163	933	1028	1293	1028	160	343	357	67	2904	876	1206	207	847	811	181	1709	522	347	1593	220	401	561	1312	354	476	188	523	1069	234	418	543	228	330	378	1352	1338	563	395	1013	1529	592	183	884	655	1210	565	717	1112	543	592	347	184	827	266	486	76	229	247	189	1394	575	418	1142	1635	791	664	95	1026	193	543	182	223	1140	254	500	165	1118	354	156	1201	1262	160	1162	315	1372	380	158	491	2002	162	1799	1258	156	486	438	1375	246	1133	342	281	180	877	346	621	174	159	266	181	1202	343	427	2039	420	346	2368	177	201	27	1254	1658	95	230	1396	354	801	811	1087	577	1930	940	175	359	478	190	177	1357	886	352	543	418	343	2348	1601	168	1328	396	342	996	618	325	254	1286	167	428	1069	501
559	783	976	541	542	423	925	602	509	772	445	439	862	783	505	809	703	193	477	1489	721	1213	514	912	770	760	423	1553	996	751	0	989	423	259	918	655	509	116	586	255	441	841	736	714	589	961	838	1553	463	689	2429	867	241	1712	467	421	439	654	1296	480	788	1948	592	348	1244	491	2144	843	756	1413	1684	1473	548	544	691	531	554	685	2209	1420	491	544	1584	284	583	2408	858	515	1199	531	361	263	837	439	275	905	268	714	589	421	236	524	425	721	712	738	429	363	271	1039	195	896	265	96	694	188	525	484	297	960	515	706	1578	505	265	674	522	973	579	778	625	421	391	2204	1311	937	658	283	743	297	771	751	389	569	1039	759	490	439	683	461	709	675	548	911	639	718	747	813	1481	876	1390	787	680	821	973	2083	513	1780	854	480	583	529	853	462	627	670	505	589	705	441	1172	1590	853	854	1826	766	928	728	702	1137	658	526	1052	439	548	272	752	1101	1535	339	596	529	1156	563	580	1021	1502	836	236	421	833	1791	954	673	602	431	854	408	519	921	506	708	692	477	714	1240
430	684	354	536	522	576	246	401	1225	1479	1119	566	401	249	517	1553	395	843	603	2478	288	312	492	241	1477	1747	576	581	351	251	989	0	576	737	236	346	828	894	403	817	594	346	271	1205	420	40	592	2376	623	1338	1472	356	790	2244	572	616	566	1643	309	556	685	1024	1385	906	1982	554	3071	1410	278	2403	704	881	1535	1200	313	516	516	317	3155	867	1424	448	598	1013	406	1548	523	527	1707	466	631	812	1556	566	714	92	773	1205	420	616	791	475	564	448	1545	1588	809	627	1244	1771	840	232	1095	895	1377	807	862	1312	794	552	527	398	599	517	728	323	475	214	411	1644	683	616	1380	1417	630	652	345	1269	285	794	253	298	1378	442	383	255	1317	566	387	1445	1436	326	1356	240	1618	451	264	513	2144	233	1910	1502	388	502	347	1211	496	1030	322	530	406	1033	327	781	368	394	517	400	1365	594	182	2156	411	327	2510	255	66	277	1428	1808	345	479	1505	566	945	1015	1322	449	2034	1143	394	529	256	427	409	1585	671	347	791	616	339	2495	1852	330	1575	596	322	1247	761	241	504	1536	391	603	1205	337
155	492	566	163	153	0	503	178	693	966	687	21	463	359	213	1124	387	323	144	1904	338	790	186	490	964	1172	0	1152	584	358	423	576	0	203	496	275	381	319	177	331	222	430	350	757	165	544	625	1842	151	838	2006	459	283	1832	230	84	21	1076	878	90	496	1572	841	371	1474	106	2556	948	332	1831	1279	1107	971	685	268	131	165	300	2626	1170	850	165	1164	454	177	2065	493	116	1289	171	70	330	1140	21	163	487	282	757	165	84	280	174	68	330	995	1106	444	76	669	1356	320	531	526	334	867	260	417	755	334	594	116	392	1174	213	192	285	170	602	169	1154	359	84	810	1809	917	607	278	707	319	334	348	328	808	145	630	336	760	21	355	885	914	253	806	489	1063	328	324	446	1671	509	1494	1085	352	451	562	1731	190	1472	440	180	177	552	439	311	207	343	213	179	862	222	759	1726	456	440	2034	343	511	342	906	1323	280	190	1101	21	494	453	968	698	1632	581	185	139	732	172	181	1253	1088	425	280	84	421	2010	1348	251	1024	67	440	754	333	500	189	1063	370	144	757	859
309	668	768	358	352	203	699	366	666	944	490	223	666	546	247	922	447	120	315	1747	463	979	255	686	942	1019	203	1294	786	494	259	737	203	0	691	397	476	192	338	136	189	632	478	800	357	710	614	1779	311	834	2192	661	84	1857	214	244	223	908	1045	285	672	1689	788	385	1441	300	2359	968	522	1669	1427	1308	799	678	451	332	364	427	2433	1192	737	288	1334	409	333	2155	691	316	1323	273	132	137	940	223	45	655	93	800	357	244	79	266	179	532	928	903	293	127	528	1156	117	637	449	163	852	71	507	688	153	794	316	450	1320	247	10	417	264	714	331	952	518	244	648	2012	1120	798	399	532	509	153	534	522	647	341	833	520	694	223	425	708	886	435	747	684	881	530	506	645	1660	617	1524	885	422	651	764	1828	253	1535	641	220	334	591	641	408	385	412	247	342	855	189	918	1743	659	642	2016	529	677	470	877	1311	400	267	1151	223	565	403	782	901	1666	518	348	338	919	309	328	1066	1288	627	79	244	623	1987	1148	434	839	242	641	551	452	695	246	860	435	315	800	980
394	458	132	395	387	496	12	325	1062	1299	1140	479	167	150	531	1583	497	809	466	2382	352	297	494	7	1297	1651	496	760	137	318	918	236	496	691	0	377	648	809	366	801	602	122	340	1005	333	199	749	2198	485	1155	1512	123	762	2023	587	503	479	1565	438	441	458	1222	1227	758	1793	433	3050	1210	169	2314	865	710	1463	1027	246	392	377	359	3122	1097	1302	432	701	878	373	1761	289	407	1491	457	564	798	1592	479	657	179	752	1005	333	503	760	469	513	250	1388	1588	846	565	1148	1810	806	417	968	830	1198	754	678	1165	789	317	407	502	769	531	681	352	468	430	370	1639	484	503	1298	1339	475	415	378	1202	183	789	164	168	1296	351	182	182	1170	479	473	1379	1261	262	1202	7	1558	254	196	284	1939	407	1692	1537	473	273	124	1424	500	1264	96	529	372	852	102	614	311	474	531	361	1181	602	360	1939	178	101	2305	170	194	341	1253	1611	380	482	1288	479	758	883	1383	259	1812	1005	356	398	243	407	385	1660	600	124	760	503	119	2293	1839	261	1520	489	96	1237	582	7	508	1541	485	466	1005	567
122	620	496	327	308	275	389	164	967	1239	781	274	444	233	171	1221	152	498	367	2144	66	623	146	375	1237	1416	275	897	507	97	655	346	275	397	377	0	624	570	110	470	248	386	81	1011	185	326	425	2117	384	1107	1817	415	444	2084	227	344	274	1305	655	300	623	1303	1116	644	1747	308	2725	1209	227	2066	1029	1080	1196	956	159	288	310	29	2808	917	1115	114	944	728	106	1790	534	288	1539	124	310	465	1227	274	381	276	426	1011	185	344	446	131	238	374	1269	1245	476	303	919	1444	495	255	798	559	1139	469	661	1029	448	616	288	158	923	171	390	26	133	328	118	1300	539	344	1046	1711	852	674	3	929	216	448	219	245	1044	200	555	200	1035	274	118	1104	1188	149	1081	373	1274	375	188	497	1938	234	1746	1172	117	495	489	1457	149	1199	379	184	106	813	381	560	133	113	171	112	1132	248	524	1983	445	382	2302	213	293	73	1180	1591	6	133	1346	274	743	728	1008	632	1880	856	108	305	563	102	96	1283	965	382	446	344	373	2280	1507	156	1231	322	379	901	564	384	157	1194	135	367	1011	590
505	311	639	305	322	381	648	469	417	652	926	370	516	579	594	1317	758	556	257	1796	675	929	567	641	650	1084	381	1401	659	681	509	828	381	476	648	624	0	406	513	603	593	532	682	388	447	789	1006	1551	240	510	2103	545	551	1460	606	296	370	1038	1086	325	315	1853	583	175	1153	316	2590	589	550	1740	1512	1015	956	378	534	338	324	642	2637	1540	704	534	1347	298	518	2373	450	336	915	547	403	606	1344	370	435	737	568	388	447	296	544	552	447	398	744	1243	770	416	618	1549	554	864	393	478	550	477	36	535	628	535	336	765	1413	594	469	624	547	925	506	1279	177	296	783	1771	902	476	627	738	544	628	576	530	780	428	688	577	539	370	725	894	613	528	563	641	1070	394	571	416	1323	844	1121	1293	722	429	639	2036	571	1814	555	562	517	205	551	71	506	714	594	511	536	593	995	1358	503	552	1689	575	763	675	604	982	630	569	723	370	120	308	1232	726	1256	400	516	321	884	531	529	1512	1132	528	544	296	531	1671	1440	521	1047	316	555	917	67	648	571	1216	741	257	388	1155
464	670	863	427	429	319	815	498	487	763	524	333	747	677	435	912	636	186	361	1584	636	1105	436	803	761	853	319	1464	882	663	116	894	319	192	809	570	406	0	490	250	381	728	650	657	484	863	804	1587	347	662	2321	754	214	1690	406	308	333	757	1198	368	675	1871	599	259	1254	378	2259	806	650	1511	1594	1357	654	509	588	419	441	598	2323	1383	548	455	1484	236	488	2344	742	403	1164	447	263	256	938	333	191	806	240	657	484	308	206	442	332	607	736	851	435	268	350	1145	186	819	259	77	676	134	426	497	288	844	403	640	1488	435	194	586	439	894	483	892	512	308	490	2088	1196	822	572	394	637	288	667	643	488	463	925	656	503	333	613	571	703	573	557	802	750	604	644	697	1479	798	1361	887	610	705	860	2016	436	1727	742	406	488	458	740	353	527	599	435	493	682	381	1076	1572	738	742	1832	662	830	642	695	1131	573	447	1004	333	460	227	832	986	1505	331	499	416	1049	472	487	1108	1388	723	206	308	721	1801	1070	571	715	320	742	514	410	812	430	819	624	361	657	1159
28	525	465	217	199	177	376	66	863	1132	774	172	389	216	174	1217	254	451	256	2074	166	644	134	362	1130	1343	177	976	480	181	586	403	177	338	366	110	513	490	0	436	238	339	176	900	82	374	522	2015	274	999	1855	369	400	1973	227	237	172	1240	710	190	528	1395	1014	539	1641	197	2693	1098	197	1999	1103	1040	1133	849	119	178	202	130	2770	1028	1028	68	998	629	8	1891	461	177	1429	95	227	433	1227	172	311	318	388	900	82	237	400	108	161	293	1170	1223	486	223	841	1445	448	359	703	492	1032	406	550	931	423	552	177	260	998	174	329	113	105	428	8	1276	433	237	977	1704	826	596	113	867	183	423	203	204	975	92	528	186	936	172	219	1044	1082	103	981	360	1219	293	172	420	1828	338	1635	1172	217	420	459	1556	140	1307	339	165	7	703	340	449	56	210	174	5	1024	238	586	1872	387	341	2193	196	341	168	1074	1482	116	124	1235	172	632	630	1026	603	1769	758	10	195	584	45	25	1306	966	334	400	237	327	2172	1477	105	1177	215	339	874	453	371	147	1175	236	256	900	682
408	804	888	491	484	331	810	477	737	1010	356	353	791	652	300	793	478	65	451	1697	531	1080	325	796	1008	982	331	1352	905	567	255	817	331	136	801	470	603	250	436	0	225	754	547	901	473	795	583	1809	448	913	2286	783	53	1941	248	380	353	855	1126	418	809	1723	840	491	1494	433	2258	1057	631	1614	1487	1439	743	760	555	463	496	499	2338	1165	745	376	1414	486	430	2167	824	447	1414	354	263	7	808	353	182	743	49	901	473	380	59	344	292	662	966	786	185	255	520	1025	64	683	501	182	925	128	631	733	41	926	447	479	1381	300	146	494	344	760	432	839	655	380	611	2132	1244	933	472	481	617	41	639	634	610	459	952	623	739	353	465	648	949	539	796	795	811	660	609	777	1725	665	1611	753	462	783	883	1846	321	1532	760	286	431	697	760	537	490	452	300	441	932	225	994	1822	785	761	2074	633	762	541	941	1378	471	338	1251	353	682	478	645	1023	1755	575	447	470	1020	399	421	930	1401	749	59	380	743	2042	1041	540	765	377	760	437	584	806	312	740	470	451	901	1026
212	708	704	374	359	222	613	294	844	1123	539	240	623	451	76	981	261	262	366	1917	307	868	108	598	1121	1195	222	1128	719	343	441	594	222	189	602	248	593	381	238	225	0	576	323	952	298	574	433	1967	373	1007	2066	606	208	2022	25	304	240	1075	902	307	712	1508	974	543	1625	322	2477	1132	434	1835	1263	1276	964	850	356	335	369	277	2560	1006	926	170	1191	589	230	1967	681	323	1482	144	190	219	989	240	199	524	185	952	298	304	211	132	154	511	1116	998	248	177	713	1208	259	461	636	347	1029	255	628	875	199	778	323	264	1157	76	187	273	134	538	236	1052	580	304	823	1941	1064	808	249	699	421	199	438	443	822	292	767	420	881	240	244	869	1066	341	934	596	1035	510	406	637	1838	442	1686	934	241	639	698	1641	103	1346	577	72	232	743	578	521	295	231	76	244	1029	0	770	1910	620	579	2196	431	542	317	1058	1488	249	120	1301	240	698	585	788	842	1826	704	248	348	807	195	217	1069	1201	571	211	304	564	2168	1258	343	990	288	577	653	551	608	94	947	252	366	952	805
