NAME : VRPTW_INSTANCE_181.txt
COMMENT : Bangkok Supermarket
TYPE : VRPTW
DIMENSION : 320
DAYS : Friday
EDGE_WEIGHT_TYPE : EXPLICIT
VEHICLES : 37
EDGE_WEIGHT_FORMAT : FULL_MATRIX
CAPACITY : 1000
EDGE_WEIGHT_SECTION
0	583	33	405	165	217	240	30	1171	754	587	532	1079	82	617	1816	285	609	152	1560	865	1469	860	584	777	1888	3316	1019	23	91	312	540	170	504	1356	226	252	285	1321	502	1067	843	419	152	1876	978	715	1975	2765	131	2194	639	436	532	115	1340	1960	1005	523	747	183	320	733	1011	223	1607	1028	2206	876	1144	103	90	2489	1111	314	380	745	1957	366	441	211	944	803	3141	891	1151	1903	1743	301	219	152	1648	86	119	97	1958	300	391	196	1190	1392	1804	3370	203	484	590	185	839	1438	640	410	962	239	782	244	428	406	412	811	201	1115	37	364	1221	1981	584	223	284	1037	432	1944	1090	1166	622	116	1514	810	529	101	631	1005	819	772	464	1190	121	672	965	432	367	220	373	650	544	412	910	97	374	287	636	205	1172	2289	827	206	568	288	624	258	255	544	992	2325	87	2130	1191	650	923	1062	253	217	365	438	193	199	208	781	583	646	91	1251	344	124	236	965	239	1028	918	248	208	413	368	1010	140	437	586	829	609	543	506	288	145	447	133	1460	965	1782	46	2487	398	258	631	1516	190	208	1891	383	258	217	408	350	1003	613	103	497	207	454	134	1731	447	28	223	443	1336	500	348	1271	957	284	310	603	1994	854	586	680	2234	464	1076	1009	1586	584	121	964	1540	202	203	358	1993	410	369	2021	1193	404	578	475	609	499	153	786	206	330	499	1137	1234	404	488	1968	606	1035	807	325	524	623	1410	287	641	1581	2044	1617	1020	215	1578	1127	594	256	367	124	1727	599	606	1126	851	491	330	31	348	154	437	255	284
583	0	587	686	418	376	804	590	1067	1091	72	72	578	627	62	1256	842	342	676	1001	791	921	757	47	1254	1354	3000	899	594	494	693	721	684	697	1080	636	834	297	742	684	1528	1395	988	676	1454	463	231	2261	2624	597	2159	72	154	72	690	1430	1554	478	297	996	749	459	283	535	602	2120	1051	1641	1147	625	649	640	2082	1114	475	207	994	2241	596	426	375	367	1253	3111	319	847	2191	1987	799	507	676	1065	633	694	640	2446	548	693	498	1101	1663	1614	3077	778	674	65	406	780	1480	331	529	442	638	316	638	511	528	678	1068	485	603	587	470	658	1398	20	608	577	549	845	1417	585	617	692	691	2040	1015	1108	680	535	559	1036	982	473	1101	699	965	437	452	813	608	591	648	315	606	526	640	589	729	379	603	1059	1716	301	409	540	452	66	501	837	315	915	1751	631	1798	982	648	698	1522	817	376	594	443	395	397	418	770	39	1071	494	1820	567	500	639	565	804	1051	880	334	606	826	593	487	716	674	64	673	342	52	691	452	716	432	489	1992	512	1298	612	2081	426	501	535	1636	509	500	2302	858	501	799	528	833	496	1049	649	681	789	669	538	1761	135	589	608	656	907	1054	574	1142	455	515	602	379	1418	998	60	944	1998	473	1021	1500	1112	740	699	1357	1259	688	395	582	1444	530	822	1445	1612	849	446	128	342	684	451	1125	409	558	684	1437	725	443	1071	2322	612	1184	680	695	703	527	1901	295	799	1027	1791	1858	464	605	1023	1317	1101	838	597	699	1340	1182	127	991	276	671	558	611	574	646	452	837	515
33	587	0	371	169	214	255	4	1203	785	595	539	1095	111	624	1827	301	631	180	1571	896	1481	890	591	751	1903	3344	1050	14	92	345	508	140	472	1384	192	254	292	1328	470	1041	827	406	180	1899	992	710	1942	2798	98	2228	646	437	539	103	1307	1984	1019	510	780	166	297	725	1028	190	1586	1061	2216	842	1159	130	117	2514	1144	290	382	778	1925	335	468	212	951	775	3175	899	1177	1871	1710	327	193	180	1653	114	107	125	1935	333	358	227	1223	1359	1835	3400	213	452	598	200	871	1472	661	383	976	205	798	211	459	378	446	777	230	1130	3	394	1231	1985	589	190	253	1053	400	1960	1105	1178	592	104	1494	843	533	113	607	1024	852	805	493	1223	112	639	959	410	336	187	342	622	530	445	932	125	343	318	620	172	1204	2298	823	226	542	265	631	289	257	530	1024	2333	58	2158	1220	622	951	1035	237	214	334	415	193	215	230	813	589	616	92	1239	314	151	203	986	253	1061	950	254	175	381	337	1024	129	471	594	858	631	549	474	265	131	425	117	1442	983	1801	74	2512	426	289	607	1549	165	183	1863	354	289	219	380	321	1018	583	130	465	211	488	106	1698	451	5	190	476	1358	483	318	1302	972	315	278	586	2002	887	593	646	2264	493	1109	985	1606	552	112	992	1568	232	198	327	2006	383	338	2029	1165	373	557	484	631	467	173	817	226	363	467	1168	1249	382	487	1937	578	1002	837	358	492	599	1387	293	608	1593	2074	1584	1031	182	1590	1161	570	258	336	112	1752	597	617	1157	852	459	363	31	318	186	414	257	315
405	686	371	0	411	394	569	375	1538	1150	731	675	1262	480	744	1925	613	881	544	1672	1229	1600	1216	714	589	2036	3631	1377	384	386	717	144	281	112	1672	182	513	488	1389	116	848	799	500	544	2125	1148	685	1621	3140	273	2588	758	544	675	383	935	2219	1164	443	1152	370	228	670	1212	181	1454	1419	2301	498	1311	495	483	2751	1500	213	506	1150	1603	90	775	410	1036	576	3538	995	1450	1550	1370	679	231	544	1685	482	382	492	1767	688	21	572	1562	1026	2158	3695	517	101	729	476	1206	1837	900	172	1127	169	980	163	793	171	814	425	570	1289	368	723	1332	2002	699	181	137	1229	190	2100	1269	1299	258	383	1385	1215	742	453	370	1226	1224	1177	812	1562	391	297	908	257	202	184	95	318	446	803	1161	492	98	686	488	199	1537	2360	797	521	296	243	749	634	516	446	1361	2394	336	2431	1528	318	1243	841	386	394	91	269	399	492	533	1156	709	392	386	1237	119	493	171	1210	566	1419	1293	466	196	176	92	1173	390	837	725	1167	881	675	118	243	375	284	325	1344	1180	1983	444	2749	737	634	370	1921	252	244	1618	256	634	489	172	255	1179	375	495	112	489	852	284	1327	575	377	181	840	1575	508	112	1634	1138	663	105	453	2058	1256	723	291	2577	812	1453	833	1794	189	391	1339	1858	600	377	103	2118	172	214	2085	926	219	378	644	881	113	484	1181	521	718	113	1532	1411	253	671	1652	288	631	1153	730	133	367	1227	484	240	1701	2379	1242	1146	189	1698	1532	473	516	88	382	1996	754	774	1484	880	112	718	394	112	556	260	515	663
165	418	169	411	0	59	399	172	1127	836	426	370	935	223	454	1660	441	491	285	1404	818	1315	804	422	890	1739	3232	966	176	76	383	520	283	485	1270	274	418	123	1159	478	1177	990	573	285	1758	829	554	2029	2728	201	2184	476	270	370	273	1325	1846	854	379	797	334	238	575	871	250	1740	1017	2049	909	996	246	235	2377	1096	240	214	795	2010	342	364	47	781	904	3138	730	1053	1957	1782	430	180	285	1483	228	277	238	2082	300	406	186	1151	1436	1747	3293	367	462	429	64	795	1442	516	346	812	282	638	286	385	342	443	836	178	968	170	314	1063	1816	420	254	274	894	505	1798	944	1011	571	273	1652	848	695	266	531	871	861	810	401	1151	281	706	802	336	452	252	345	578	403	412	787	238	344	386	501	241	1126	2129	664	110	480	204	461	239	421	403	950	2164	216	2037	1119	578	838	1171	403	59	341	337	33	81	124	748	420	733	76	1407	312	125	282	840	398	1017	884	86	244	484	342	860	298	459	425	757	491	380	484	204	299	342	95	1601	829	1647	200	2376	325	239	531	1544	160	167	1987	485	239	383	344	454	856	704	246	474	373	469	150	1704	282	171	254	456	1211	647	318	1222	811	269	305	470	1833	873	424	702	2168	401	1043	1130	1452	559	281	1070	1456	317	56	329	1841	347	458	1860	1288	491	462	316	491	476	88	870	110	328	476	1216	1089	307	654	2045	533	1031	742	393	502	522	1534	124	622	1426	1972	1653	863	248	1423	1170	718	421	343	281	1617	764	450	1072	685	465	328	193	318	267	340	420	269
217	376	214	394	59	0	454	218	1152	891	393	335	912	280	418	1627	498	490	344	1371	843	1285	827	385	905	1712	3238	988	223	126	440	491	310	457	1278	281	468	99	1119	449	1188	1022	611	344	1749	804	498	2016	2752	223	2217	438	223	335	317	1291	1840	827	320	848	373	198	518	852	251	1761	1052	2014	893	971	303	292	2371	1130	204	168	846	1998	317	386	18	743	914	3171	692	1057	1945	1764	489	166	344	1441	285	320	295	2099	348	392	237	1177	1421	1765	3301	420	433	394	105	821	1480	511	307	786	287	618	289	419	303	493	818	228	944	214	348	1029	1772	380	257	259	874	509	1772	921	980	531	317	1676	896	746	318	478	856	910	858	427	1177	326	692	748	287	463	255	318	533	344	456	779	295	317	445	442	247	1149	2092	610	149	430	167	425	285	471	344	976	2127	254	2040	1133	533	848	1182	441	0	316	287	26	116	164	778	383	739	126	1444	286	183	286	831	454	1052	913	71	250	488	316	833	342	507	390	774	490	343	455	167	341	290	114	1627	813	1629	255	2370	351	285	478	1588	154	155	1991	500	285	433	305	471	832	712	303	445	424	516	166	1666	241	217	257	502	1201	679	292	1245	787	314	290	412	1794	917	389	685	2182	427	1072	1147	1435	528	326	1128	1463	376	20	303	1810	308	469	1821	1292	501	407	286	490	447	142	925	149	374	447	1270	1066	259	702	2041	487	1002	761	449	473	469	1551	97	591	1394	1984	1635	830	251	1391	1218	738	472	318	325	1613	812	422	1094	637	436	374	241	292	326	291	471	314
240	804	255	569	399	454	0	250	1184	603	796	745	1250	177	830	2003	46	756	134	1750	896	1653	904	798	746	2059	3364	1052	242	330	266	713	288	680	1427	393	93	509	1530	681	1028	719	309	134	1991	1158	953	2012	2743	323	2138	853	665	745	189	1479	2066	1189	763	645	204	549	973	1176	409	1503	999	2395	969	1320	155	164	2588	1083	540	610	644	1995	561	557	447	1153	792	3070	1099	1244	1941	1805	135	442	134	1860	171	189	164	1870	364	550	328	1196	1454	1822	3408	51	665	801	398	868	1374	793	625	1145	406	959	411	506	620	393	917	340	1289	256	466	1417	2195	802	405	481	1204	515	2111	1262	1355	816	189	1400	721	308	141	855	1159	723	686	559	1196	180	779	1202	661	445	402	569	857	785	437	1050	164	571	199	875	390	1189	2487	1063	398	788	519	837	363	91	785	1010	2522	252	2201	1245	857	1006	1023	225	454	560	668	429	406	392	798	798	675	330	1087	546	304	402	1106	3	999	927	473	391	502	563	1192	179	425	797	898	756	759	685	519	194	678	371	1341	1124	1927	199	2586	517	363	855	1416	416	435	1859	430	363	91	622	399	1179	639	155	677	86	448	357	1877	672	250	405	442	1468	409	548	1287	1134	373	499	841	2196	790	798	799	2261	559	1077	946	1731	759	180	770	1605	153	443	556	2173	625	440	2222	1179	471	810	686	756	678	353	631	398	385	678	976	1402	634	287	1969	816	1168	868	279	701	848	1331	512	807	1767	2082	1685	1217	399	1765	1017	556	93	561	188	1830	397	806	1156	1078	674	385	224	548	170	666	93	373
30	590	4	375	172	218	250	0	1201	780	597	541	1096	106	626	1829	296	631	176	1573	894	1483	889	593	752	1904	3343	1048	9	95	341	512	141	476	1383	196	251	294	1331	474	1041	825	404	176	1899	993	713	1945	2795	101	2225	648	440	541	101	1311	1984	1020	514	776	165	302	729	1029	194	1585	1058	2218	845	1160	125	112	2513	1141	294	385	774	1927	340	467	215	953	776	3172	901	1177	1873	1712	322	197	176	1655	110	105	120	1935	330	362	225	1220	1362	1834	3398	209	457	600	201	869	1469	661	387	977	209	799	214	457	383	442	780	228	1131	7	392	1233	1988	592	194	257	1055	402	1961	1107	1180	596	101	1494	840	529	109	611	1025	848	802	492	1220	109	642	963	414	338	191	347	627	534	442	932	120	348	313	625	176	1202	2300	826	227	547	270	633	287	254	534	1022	2336	58	2157	1219	627	950	1036	235	218	339	420	196	216	230	811	592	617	95	1237	319	150	206	987	249	1058	948	257	178	383	341	1025	126	467	596	857	631	552	479	270	129	430	121	1441	984	1802	69	2512	425	287	611	1546	169	188	1864	355	287	215	385	322	1019	585	125	469	207	485	111	1702	454	1	194	473	1358	482	322	1300	974	313	282	590	2004	884	596	650	2263	492	1106	985	1606	556	109	987	1567	228	202	331	2008	388	339	2031	1166	375	561	486	631	471	173	812	227	360	471	1164	1251	386	484	1939	583	1005	835	354	496	603	1387	296	613	1595	2073	1587	1033	186	1592	1157	570	254	340	110	1752	594	619	1156	855	464	360	26	322	181	419	253	313
1171	1067	1203	1538	1127	1152	1184	1201	0	812	994	1014	840	1125	1016	1424	1179	729	1095	1251	309	1140	326	1020	1923	1354	2185	169	1195	1157	919	1643	1341	1609	377	1384	1275	1071	1256	1601	2209	1890	1494	1095	1006	871	1285	3146	1601	1291	1092	1026	1105	1014	1259	2436	1039	905	1330	656	1322	1347	1341	779	1368	2672	251	1762	2034	901	1125	1130	1503	207	1355	1107	655	3128	1468	765	1134	1071	1960	2045	1039	405	3074	2907	1060	1307	1095	1526	1126	1263	1121	3045	871	1532	977	40	2559	638	2224	1211	1585	1002	1062	333	474	735	1454	884	1395	819	1400	747	1451	792	1963	976	873	1206	817	1090	1805	1047	1371	1401	805	1603	1369	851	1009	1671	1259	2562	580	1401	1187	1565	716	598	593	726	40	1259	1830	1402	1413	1539	1368	1470	1655	1354	765	632	1121	1469	984	1437	1355	17	1903	1307	1017	1544	1318	1018	915	1274	1354	178	1934	1258	1062	208	1655	381	2205	1379	1152	1467	1408	1142	1046	1005	391	1028	1815	1157	2197	1437	1057	1393	638	1187	251	257	1083	1358	1584	1467	894	1274	761	1003	396	729	1030	1607	1318	1287	1405	1215	2500	738	1100	1151	1501	802	915	1565	692	1286	1295	3041	1552	915	1261	1452	1517	851	1781	1125	1597	1250	738	1261	2798	1073	1199	1371	746	706	1594	1443	102	841	887	1432	1428	1690	478	1007	1829	1076	726	116	2131	946	1679	1259	1010	493	1046	1166	1454	1504	1455	1540	1711	2352	1576	1476	1000	729	1599	1056	821	1017	841	1599	863	890	1389	1427	3135	1612	2153	397	906	1625	1556	2513	1077	1742	1237	903	2779	998	1363	1238	600	1732	1276	1469	1266	821	1513	942	86	1199	1588	841	1196	1443	1062	1415	1276	887
754	1091	785	1150	836	891	603	780	812	0	1044	1018	1285	673	1081	2027	570	842	606	1799	640	1687	676	1060	1308	2020	2958	753	771	807	452	1291	875	1255	1157	968	688	878	1669	1254	1569	1183	867	606	1787	1237	1307	2592	2226	880	1584	1103	1013	1018	771	2077	1835	1277	1200	163	804	1062	1347	1203	973	1937	566	2407	1573	1363	656	668	2314	637	1059	975	164	2576	1120	671	874	1336	1365	2493	1283	1058	2523	2400	476	969	606	1997	670	773	660	2315	559	1134	655	804	2050	1399	2981	652	1237	1052	789	616	831	879	1161	1235	981	1065	987	582	1156	416	1521	666	1328	788	621	1518	2322	1078	972	1038	1236	1118	2054	1298	1439	1376	771	1819	231	679	697	1366	1158	214	224	630	804	764	1381	1527	1168	1048	969	1127	1401	1226	484	1031	660	1128	466	1325	955	823	2527	1391	753	1310	1027	1087	619	685	1226	685	2561	814	1873	959	1401	845	1565	828	891	1119	1171	867	783	738	546	1065	1271	807	1422	1098	711	978	1077	606	566	606	860	956	1105	1122	1273	770	417	1050	736	842	1038	1258	1027	786	1177	871	1754	1144	1816	710	2313	664	619	1366	828	941	958	2382	1033	619	694	1158	1003	1242	1234	656	1249	689	422	887	2474	999	779	972	434	1358	961	1102	906	1205	595	1063	1298	2266	334	1052	1400	1837	630	696	1468	1632	1335	764	275	1301	552	892	1112	2158	1161	1043	2290	1736	1074	1298	965	842	1251	749	34	753	542	1251	383	1410	1139	731	2523	1356	1767	696	442	1276	1357	1811	885	1390	1802	1689	2282	1342	965	1801	430	1127	686	1121	773	1606	785	1020	826	1349	1244	542	759	1102	599	1173	687	595
587	72	595	731	426	393	796	597	994	1044	0	57	531	623	37	1234	832	271	665	978	720	892	685	25	1288	1321	2937	826	601	503	663	776	703	750	1010	665	835	303	735	738	1566	1415	1000	665	1399	418	298	2320	2552	617	2087	60	187	57	699	1498	1497	437	364	942	760	502	352	481	632	2150	982	1622	1202	584	643	635	2026	1044	517	232	941	2301	641	374	389	357	1291	3038	304	777	2250	2049	780	538	665	1064	628	703	634	2482	515	737	479	1029	1722	1543	3012	775	727	8	403	710	1410	259	581	399	668	254	669	461	580	636	1123	466	559	596	428	636	1398	52	638	615	498	882	1382	539	587	754	699	2068	958	1104	680	604	500	979	926	418	1029	706	1017	485	508	845	637	638	714	383	561	458	634	635	704	451	631	986	1703	355	398	605	491	43	473	837	383	843	1738	643	1734	909	714	626	1560	830	393	640	499	408	392	405	703	33	1110	503	1834	612	492	669	500	797	982	810	340	635	862	639	445	724	629	8	600	271	56	745	491	726	489	507	2019	453	1252	612	2024	380	473	604	1568	536	530	2349	887	473	800	580	861	449	1086	643	735	790	622	559	1833	158	597	638	610	850	1072	618	1069	406	483	641	450	1407	936	12	997	1928	418	949	1533	1063	797	706	1314	1190	671	413	627	1417	582	853	1434	1656	882	514	111	271	738	445	1078	398	520	738	1383	682	496	1071	2375	677	1248	609	664	758	596	1936	302	857	1001	1722	1919	437	634	998	1255	1129	838	643	707	1280	1183	54	918	306	725	520	616	618	633	508	837	483
532	72	539	675	370	335	745	541	1014	1018	57	0	588	570	85	1291	782	285	615	1035	731	950	699	52	1231	1379	2983	846	545	446	623	725	646	698	1049	607	781	246	789	686	1509	1357	944	615	1451	475	299	2270	2584	559	2107	107	131	0	643	1458	1548	495	325	924	704	447	349	536	574	2092	989	1679	1151	641	591	583	2079	1053	462	174	922	2251	586	354	331	411	1234	3060	359	816	2200	2001	734	480	615	1117	576	647	582	2425	478	681	433	1048	1672	1576	3056	723	675	59	350	719	1419	281	528	456	610	306	612	439	527	606	1072	419	617	540	398	693	1450	61	580	558	554	825	1440	596	645	708	643	2010	944	1052	626	566	552	964	911	401	1048	651	963	509	458	788	580	583	672	346	534	503	582	580	662	423	573	1008	1759	373	348	562	435	92	432	783	346	858	1794	586	1780	940	672	653	1502	773	335	585	450	351	339	355	706	53	1053	446	1777	556	441	611	547	745	989	820	284	577	805	584	503	668	602	55	619	285	19	693	435	670	441	450	1961	505	1309	558	2077	354	432	566	1571	478	472	2294	829	432	746	528	803	506	1029	591	683	736	596	501	1799	100	541	580	584	902	1014	563	1093	463	445	585	417	1462	928	54	945	1967	401	963	1475	1119	748	651	1285	1230	624	355	572	1475	529	796	1489	1600	824	475	59	285	686	393	1053	348	486	686	1365	739	445	1017	2322	633	1203	623	625	707	557	1878	246	808	1059	1761	1871	495	576	1056	1248	1071	784	588	652	1330	1129	99	941	343	673	486	561	563	585	459	783	445
1079	578	1095	1262	935	912	1250	1096	840	1285	531	588	0	1094	518	761	1276	498	1117	518	712	411	666	547	1816	810	2459	715	1097	1006	1044	1299	1218	1275	659	1191	1308	815	419	1262	2096	1922	1498	1117	885	116	683	2831	2204	1134	1851	506	718	588	1195	1966	989	114	864	1138	1261	1034	734	82	1159	2674	964	1152	1724	77	1110	1105	1512	988	1049	761	1137	2812	1172	705	904	313	1821	2766	318	460	2762	2553	1193	1066	1117	723	1098	1199	1101	3011	901	1268	922	881	2236	1206	2546	1242	1253	533	895	723	1314	459	1107	137	1195	296	1197	780	1107	961	1644	911	42	1097	795	254	1039	564	1165	1146	49	1412	865	13	171	1260	1195	2587	1113	1555	1159	1087	134	1138	1095	720	881	1201	1544	670	1030	1373	1164	1168	1207	876	882	257	1101	1165	1105	912	1157	826	1257	637	873	1106	1023	513	888	1310	876	772	1292	1149	1266	664	1207	501	2090	1332	912	1171	1020	923	880	874	769	553	1641	1006	2327	1143	965	1196	220	1251	964	795	850	1160	1392	1170	101	1219	939	536	578	498	587	1269	1023	1225	1009	1024	2536	141	721	1094	1510	740	888	1087	1525	1062	1058	2880	1412	888	1277	1107	1384	82	1617	1110	1260	1265	920	1078	2263	688	1095	1165	915	356	1578	1149	868	125	883	1173	924	983	1045	538	1522	1527	720	861	2059	533	1316	1201	1557	804	1103	933	1158	923	1108	1380	1008	2187	1410	1004	628	498	1263	927	1314	873	890	1263	1534	154	1022	1537	2900	1177	1744	614	1039	1281	1080	2463	816	1373	527	1316	2423	192	1161	525	1326	1651	1311	1174	1204	790	1648	492	754	504	1250	890	1110	1149	1080	1030	1310	883
82	627	111	480	223	280	177	106	1125	673	623	570	1094	0	655	1840	218	610	70	1586	823	1491	822	623	804	1904	3284	979	97	159	239	618	223	582	1330	298	215	331	1358	581	1094	839	412	70	1867	997	777	2026	2713	207	2133	678	487	570	133	1414	1948	1027	596	672	198	402	799	1022	300	1614	970	2231	939	1162	23	12	2475	1054	396	433	671	2009	447	424	271	980	836	3077	926	1132	1955	1801	220	301	70	1687	5	137	15	1971	257	465	177	1143	1449	1762	3335	152	563	627	221	796	1374	644	492	983	312	799	317	395	488	349	877	186	1131	114	339	1250	2021	626	299	364	1050	487	1958	1105	1191	703	133	1517	738	481	68	712	1011	746	701	439	1143	133	737	1025	514	419	296	454	732	618	360	910	15	454	207	712	282	1127	2319	886	226	650	369	662	229	216	618	947	2355	146	2105	1158	732	899	1089	262	280	446	519	255	231	222	734	623	690	159	1233	425	131	309	965	176	970	870	296	284	470	448	1031	150	376	623	799	610	584	585	369	162	527	212	1461	974	1786	37	2473	382	229	712	1444	272	291	1922	426	229	183	490	392	1020	655	23	576	171	395	216	1807	495	105	299	385	1333	502	429	1226	974	249	389	679	2027	787	623	748	2195	439	1027	1028	1590	662	133	882	1512	121	270	438	2014	493	419	2053	1229	454	657	512	610	578	177	705	226	285	578	1057	1247	485	449	2009	688	1107	774	252	603	704	1425	334	718	1605	2008	1676	1049	292	1602	1053	616	218	447	141	1714	561	635	1085	901	570	285	86	429	76	518	217	249
617	62	624	744	454	418	830	626	1016	1081	37	85	518	655	0	1209	866	299	699	953	747	870	711	32	1307	1301	2938	849	630	531	700	782	728	757	1020	686	866	331	704	745	1583	1440	1028	699	1392	404	270	2323	2567	641	2108	23	204	85	727	1491	1492	420	360	978	788	516	326	473	652	2171	1011	1596	1209	567	676	668	2020	1072	531	253	977	2304	654	411	415	327	1308	3058	275	786	2253	2050	815	557	699	1032	660	731	667	2500	552	750	514	1052	1725	1556	3015	808	735	30	435	738	1437	283	589	383	688	254	689	498	588	673	1129	501	545	625	465	611	1366	45	658	632	488	899	1363	525	565	754	728	2090	993	1136	711	597	497	1014	961	454	1052	735	1026	449	514	865	658	650	710	377	599	464	667	647	741	439	653	1008	1674	321	431	603	507	7	509	868	377	868	1710	670	1735	925	710	644	1577	858	418	652	504	434	424	438	733	35	1126	531	1861	625	525	689	503	830	1011	838	369	656	880	651	429	753	666	33	625	299	75	752	507	754	494	532	2041	449	1239	643	2019	417	509	597	1598	558	550	2361	908	509	831	589	882	436	1104	676	742	821	659	583	1821	178	625	658	647	845	1098	631	1089	395	520	657	440	1378	970	32	1005	1937	454	974	1552	1052	802	735	1351	1198	706	437	640	1394	590	873	1405	1670	901	508	143	299	745	477	1115	431	558	745	1419	667	504	1102	2383	675	1247	634	701	765	589	1955	330	861	977	1730	1920	413	655	974	1289	1150	869	655	736	1277	1214	75	939	269	732	558	646	631	668	514	868	520
1816	1256	1827	1925	1660	1627	2003	1829	1424	2027	1234	1291	761	1840	1209	0	2031	1258	1869	255	1411	351	1368	1242	2507	211	2232	1358	1831	1735	1805	1925	1937	1909	1087	1892	2055	1536	545	1895	2773	2649	2233	1869	755	845	1252	3375	2324	1850	2188	1189	1410	1291	1930	2440	854	813	1486	1873	1993	1707	1282	842	1858	3374	1619	391	2330	687	1857	1852	1204	1616	1723	1462	1871	3356	1836	1466	1623	891	2500	2984	937	1029	3310	3081	1952	1763	1869	379	1845	1934	1849	3692	1661	1936	1674	1461	2801	1484	2353	1991	1890	1232	1630	1429	1868	1219	1755	858	1894	1044	1895	1541	1756	1722	2252	1662	720	1828	1555	598	440	1249	1865	1830	810	2097	281	749	649	1852	1930	3296	1836	2310	1903	1660	876	1860	1823	1481	1461	1937	2177	1089	1671	2069	1864	1830	1782	1488	1644	1001	1849	1827	1865	1483	1860	1406	500	1153	1615	1703	1705	1202	1644	2057	1488	1427	534	1877	1222	1215	1782	1193	2766	2063	1627	1835	1659	1642	1616	1617	1489	1244	2316	1735	3067	1811	1709	1895	952	2004	1619	1477	1573	1863	2078	1833	810	1955	1699	1236	1294	1258	1284	1902	1705	1958	1645	1741	3249	898	461	1835	1202	1499	1644	1660	2102	1765	1757	3510	2114	1644	2022	1756	2090	826	2298	1857	1894	2011	1680	1792	2655	1387	1828	1865	1675	718	2306	1817	1403	870	1641	1852	1509	271	1754	1237	2146	1614	1481	1489	2752	505	1929	1937	2292	1112	1860	1646	1824	202	1756	2078	289	2839	2104	1595	1343	1258	1897	1667	2053	1615	1651	1897	2233	620	1671	2288	3490	1765	2285	1334	1800	1910	1656	3151	1536	1976	235	1432	2957	796	1861	238	1996	2357	2058	1837	1939	833	2400	1210	1350	1049	1884	1651	1846	1817	1833	1669	2057	1641
285	842	301	613	441	498	46	296	1179	570	832	782	1276	218	866	2031	0	780	166	1779	896	1680	906	834	762	2083	3361	1051	287	374	268	757	332	724	1432	438	117	548	1563	726	1040	715	319	166	2003	1186	995	2034	2728	370	2118	889	705	782	235	1517	2077	1218	808	621	245	596	1016	1200	455	1500	987	2423	1003	1347	195	206	2596	1071	587	651	620	2018	606	577	489	1187	811	3046	1133	1254	1964	1833	119	489	166	1895	213	235	204	1869	382	594	358	1189	1482	1816	3404	96	709	836	437	868	1353	817	671	1173	451	987	456	520	666	393	953	371	1315	302	486	1448	2229	839	451	527	1229	551	2134	1287	1385	861	234	1394	700	278	187	902	1181	700	666	576	1189	225	815	1244	708	482	448	615	903	830	444	1070	204	616	199	921	436	1184	2517	1105	434	834	565	873	387	115	830	1007	2552	299	2204	1247	903	1015	1036	258	498	606	714	472	444	427	797	835	702	374	1071	592	341	447	1126	48	987	923	513	437	539	608	1221	223	425	833	905	780	796	729	565	238	725	417	1335	1148	1946	243	2595	539	387	902	1388	462	481	1869	464	387	127	668	434	1206	666	195	721	124	448	403	1917	711	296	451	444	1485	419	594	1282	1161	394	544	887	2227	772	833	837	2255	576	1070	954	1750	802	225	728	1608	172	486	601	2199	671	476	2253	1195	506	857	722	780	723	391	597	434	400	723	939	1427	681	268	1985	862	1206	874	280	745	894	1334	552	850	1795	2079	1713	1248	445	1793	989	573	116	606	233	1841	375	839	1154	1117	718	400	269	594	199	713	117	394
609	342	631	881	491	490	756	631	729	842	271	285	498	610	299	1258	780	0	624	1011	449	907	415	296	1378	1303	2749	560	630	551	547	960	765	928	793	765	820	392	835	918	1666	1448	1021	624	1269	418	569	2501	2306	690	1821	313	382	285	723	1727	1356	455	603	718	792	663	623	420	739	2216	712	1650	1376	571	623	620	1886	773	674	394	716	2482	798	207	476	494	1395	2775	442	568	2430	2242	694	656	624	1168	614	728	615	2566	402	881	433	762	1904	1303	2815	753	904	279	437	439	1139	39	762	410	772	227	776	286	760	473	1300	423	538	633	296	696	1499	322	743	748	450	995	1354	510	624	965	724	2123	719	1058	677	841	403	742	691	227	762	728	1178	733	707	944	742	797	939	626	392	301	615	795	606	707	731	722	1751	614	404	827	640	302	393	822	626	573	1786	688	1551	665	939	376	1661	862	490	797	700	491	420	401	436	303	1224	551	1841	766	488	772	356	758	712	539	418	735	975	797	454	746	455	279	333	0	302	925	640	754	694	587	2069	368	1176	615	1885	241	393	841	1300	643	645	2478	974	393	791	761	943	433	1196	623	914	779	439	641	2077	349	630	743	431	727	1108	773	809	390	386	778	700	1470	683	283	1167	1706	227	679	1615	980	989	728	1117	978	607	509	784	1421	763	949	1495	1779	982	751	273	0	917	458	874	404	392	917	1151	647	687	1044	2531	898	1458	338	542	941	833	2018	397	1052	1023	1504	2113	507	737	1021	1000	1201	823	799	732	1126	1154	223	656	536	905	392	640	773	587	708	822	386
152	676	180	544	285	344	134	176	1095	606	665	615	1117	70	699	1869	166	624	0	1616	797	1519	800	668	828	1926	3264	953	166	227	186	684	276	649	1316	362	199	384	1397	648	1116	836	413	0	1868	1024	836	2068	2673	273	2085	722	542	615	176	1476	1946	1055	662	613	230	473	860	1043	367	1617	928	2261	992	1186	50	63	2470	1012	467	489	611	2051	515	428	333	1021	865	3026	966	1126	1997	1848	149	371	0	1728	66	179	55	1979	242	529	194	1110	1496	1733	3312	130	630	670	272	770	1324	660	563	1011	375	825	381	385	558	306	932	206	1155	183	338	1283	2063	673	365	433	1071	536	1978	1128	1221	772	176	1517	682	442	99	783	1027	688	644	435	1110	172	792	1083	584	467	362	522	802	685	332	920	55	523	142	780	348	1098	2353	944	267	720	439	706	232	200	685	917	2388	208	2092	1139	802	889	1111	284	344	514	589	318	279	260	704	668	728	227	1216	495	176	373	976	134	928	838	351	350	520	516	1058	184	336	666	785	624	630	652	439	200	598	282	1459	992	1798	106	2468	387	232	783	1387	343	361	1947	468	232	174	560	434	1045	693	50	643	163	357	286	1871	546	174	365	348	1341	510	498	1196	1000	245	456	748	2062	736	667	805	2168	435	992	1043	1602	729	172	812	1497	56	335	507	2039	563	465	2088	1257	500	727	556	624	645	226	638	267	267	645	989	1269	556	420	2042	759	1168	758	200	670	775	1436	388	784	1633	1985	1725	1083	358	1631	993	638	201	516	181	1711	531	673	1059	951	638	267	153	498	38	589	201	245
1560	1001	1571	1672	1404	1371	1750	1573	1251	1799	978	1035	518	1586	953	255	1779	1011	1616	0	1199	113	1154	986	2253	384	2344	1165	1576	1479	1557	1676	1681	1659	949	1637	1801	1280	311	1646	2520	2393	1977	1616	781	594	1005	3145	2322	1594	2111	933	1155	1035	1674	2221	892	560	1235	1648	1738	1453	1038	600	1603	3119	1426	645	2086	441	1603	1598	1325	1431	1469	1206	1647	3125	1583	1218	1367	636	2247	2956	682	847	3079	2853	1703	1508	1616	312	1591	1678	1595	3439	1411	1682	1421	1290	2565	1412	2455	1737	1640	976	1375	1215	1713	971	1504	605	1639	792	1639	1295	1504	1479	2007	1409	476	1572	1306	342	554	993	1609	1575	568	1842	458	505	394	1607	1675	3041	1617	2058	1648	1417	641	1641	1602	1236	1290	1681	1928	858	1420	1814	1609	1577	1540	1239	1399	768	1595	1574	1616	1239	1604	1234	740	910	1360	1457	1450	946	1393	1803	1239	1231	775	1621	1249	1047	1540	980	2514	1808	1371	1582	1408	1386	1361	1363	1270	989	2063	1479	2811	1557	1455	1640	722	1751	1426	1272	1318	1607	1824	1580	558	1699	1457	980	1075	1011	1028	1652	1450	1702	1394	1485	2994	658	495	1581	1323	1250	1393	1417	1941	1510	1502	3265	1859	1393	1768	1504	1834	577	2044	1603	1644	1757	1439	1537	2455	1131	1572	1609	1433	557	2050	1563	1246	621	1391	1598	1263	466	1541	981	1898	1610	1236	1303	2498	434	1682	1681	2068	1014	1608	1391	1570	446	1505	1823	491	2590	1849	1349	1087	1011	1647	1412	1826	1360	1403	1647	2026	390	1419	2034	3251	1520	2052	1113	1553	1661	1412	2898	1280	1731	43	1412	2728	540	1606	39	1800	2102	1804	1584	1683	802	2146	954	1172	800	1635	1403	1591	1563	1580	1418	1803	1391
865	791	896	1229	818	843	896	894	309	640	720	731	712	823	747	1411	896	449	797	1199	0	1085	45	745	1625	1387	2468	156	888	848	630	1335	1035	1300	545	1075	985	765	1128	1292	1913	1612	1204	797	1158	702	1017	2837	1910	983	1385	760	810	731	956	2130	1215	741	1036	478	1021	1039	1072	635	1059	2397	272	1781	1725	786	823	828	1718	325	1046	807	476	2819	1159	456	825	869	1659	2340	827	418	2766	2597	779	998	797	1434	824	960	820	2765	566	1223	670	334	2249	939	2515	919	1276	728	753	28	690	464	1147	708	1086	592	1090	438	1144	503	1654	668	752	899	507	964	1743	771	1061	1091	667	1296	1417	725	881	1366	956	2290	428	1138	886	1267	577	452	421	416	334	956	1521	1166	1108	1232	1059	1161	1352	1061	465	460	820	1160	698	1148	1045	308	1908	1056	708	1242	1009	749	607	984	1061	133	1942	952	1309	353	1352	218	1908	1080	843	1157	1104	833	736	696	103	752	1510	848	1944	1128	749	1084	491	899	272	93	775	1049	1277	1158	733	972	471	728	140	449	749	1299	1009	985	1102	905	2229	581	1175	847	1716	492	607	1267	861	977	985	2744	1247	607	967	1145	1213	694	1477	823	1288	956	448	951	2496	779	892	1061	454	721	1303	1134	406	669	580	1123	1137	1662	343	732	1520	1372	416	234	1839	993	1371	956	890	714	751	857	1145	1528	1148	1234	1685	2052	1269	1179	709	449	1291	747	661	708	537	1291	826	810	1084	1155	2832	1308	1845	115	617	1316	1258	2228	771	1434	1195	1188	2470	826	1054	1195	614	1435	986	1160	964	981	1248	671	262	963	1279	537	890	1134	763	1111	986	580
1469	921	1481	1600	1315	1285	1653	1483	1140	1687	892	950	411	1491	870	351	1680	907	1519	113	1085	0	1041	902	2175	436	2326	1052	1485	1390	1454	1612	1595	1594	847	1556	1706	1192	295	1580	2447	2306	1887	1519	742	494	946	3101	2256	1509	2020	851	1073	950	1584	2188	855	464	1169	1536	1648	1377	984	492	1522	3041	1313	743	2027	336	1508	1503	1317	1319	1393	1123	1534	3081	1510	1115	1280	564	2173	2879	605	735	3034	2811	1601	1427	1519	402	1496	1588	1500	3366	1309	1609	1324	1179	2516	1326	2432	1642	1574	891	1283	1101	1604	868	1434	508	1558	693	1559	1191	1434	1372	1948	1312	369	1483	1204	269	666	911	1528	1498	460	1766	503	398	305	1550	1584	2960	1504	1959	1554	1362	530	1528	1489	1131	1179	1591	1863	824	1351	1734	1528	1505	1485	1175	1294	657	1500	1502	1514	1183	1523	1124	846	859	1267	1398	1373	863	1293	1708	1175	1118	881	1532	1201	937	1485	867	2440	1719	1285	1509	1340	1299	1269	1269	1156	905	1989	1390	2720	1484	1361	1559	610	1654	1313	1159	1229	1526	1747	1508	460	1609	1350	895	962	907	944	1587	1373	1612	1327	1399	2911	550	475	1488	1315	1148	1293	1362	1831	1428	1420	3203	1778	1293	1674	1434	1752	475	1969	1508	1578	1662	1331	1452	2438	1048	1482	1528	1326	452	1963	1490	1137	519	1290	1522	1204	578	1428	896	1836	1546	1131	1191	2421	371	1621	1591	1956	922	1509	1305	1497	525	1435	1743	603	2522	1770	1290	1000	907	1581	1319	1715	1267	1300	1581	1912	277	1349	1938	3198	1463	2006	1000	1449	1596	1357	2822	1193	1672	116	1344	2685	456	1525	114	1687	2020	1709	1512	1593	738	2050	865	1060	741	1569	1300	1500	1490	1483	1350	1709	1290
860	757	890	1216	804	827	904	889	326	676	685	699	666	822	711	1368	906	415	800	1154	45	1041	0	710	1626	1347	2464	161	884	839	638	1318	1030	1284	527	1066	991	745	1082	1276	1915	1622	1210	800	1131	656	982	2829	1925	975	1411	723	783	699	955	2110	1192	696	1009	515	1020	1021	1037	589	1048	2407	315	1739	1713	740	824	828	1699	363	1029	782	513	2811	1144	440	809	825	1658	2366	784	385	2757	2586	791	984	800	1388	823	959	819	2774	564	1210	663	354	2239	945	2513	924	1260	693	740	61	727	428	1128	663	1076	549	1081	431	1125	513	1641	661	707	893	498	918	1697	737	1051	1078	621	1289	1379	679	835	1345	955	2301	469	1154	886	1242	531	493	460	404	354	955	1509	1125	1087	1226	1049	1145	1330	1033	468	414	819	1144	707	1119	1036	323	1866	1018	695	1219	992	713	601	990	1033	158	1899	947	1297	340	1330	175	1910	1081	827	1142	1082	818	723	684	131	718	1506	839	1960	1112	741	1075	445	906	315	136	758	1039	1270	1143	687	972	481	694	95	415	717	1282	992	984	1079	894	2241	535	1140	844	1697	478	601	1242	903	964	972	2744	1243	601	972	1127	1209	648	1473	824	1271	961	457	941	2473	751	887	1051	462	682	1308	1119	418	623	576	1110	1108	1618	387	698	1507	1374	404	263	1843	956	1353	955	929	701	756	842	1130	1488	1129	1228	1641	2050	1264	1153	680	415	1274	737	698	695	536	1274	871	765	1063	1168	2828	1286	1828	76	626	1300	1232	2234	751	1417	1151	1186	2458	781	1044	1151	660	1437	992	1145	963	956	1263	635	268	922	1263	536	886	1119	765	1089	992	576
584	47	591	714	422	385	798	593	1020	1060	25	52	547	623	32	1242	834	296	668	986	745	902	710	0	1276	1333	2959	852	597	498	672	756	695	731	1035	653	833	298	737	718	1552	1407	995	668	1418	433	274	2299	2578	608	2112	55	172	52	695	1474	1517	451	340	961	755	486	327	500	620	2139	1007	1629	1182	598	644	636	2046	1069	501	220	959	2279	624	391	382	359	1277	3064	308	802	2228	2027	786	525	668	1064	628	699	635	2469	526	720	484	1054	1701	1568	3035	775	708	18	402	734	1434	284	562	413	656	276	657	478	561	650	1103	471	574	592	442	643	1398	27	626	601	516	868	1394	555	597	731	695	2057	978	1104	679	579	521	998	945	437	1054	703	998	468	488	833	626	620	690	359	576	482	635	618	712	426	620	1012	1707	335	400	582	476	39	481	836	359	868	1743	637	1756	935	690	651	1546	825	385	623	478	401	392	407	727	7	1095	498	1829	595	493	657	523	798	1007	835	336	623	849	622	459	720	644	16	626	296	42	725	476	721	468	499	2009	474	1268	611	2044	395	481	579	1592	525	518	2332	876	481	799	561	850	465	1073	644	715	788	638	550	1807	146	593	626	626	870	1065	602	1095	423	493	626	425	1411	957	13	978	1953	437	974	1520	1080	776	703	1329	1215	676	405	611	1427	563	841	1437	1640	869	490	112	296	718	445	1094	400	532	718	1402	697	477	1070	2356	654	1225	634	674	738	571	1923	297	836	1010	1746	1897	446	623	1007	1277	1118	837	626	703	1301	1182	80	944	294	705	532	613	602	637	488	836	493
777	1254	751	589	890	905	746	752	1923	1308	1288	1231	1816	804	1307	2507	762	1378	828	2253	1625	2175	1626	1276	0	2608	4089	1781	754	827	1005	636	613	636	2133	625	653	1004	1976	649	290	313	444	828	2647	1705	1274	1285	3490	689	2878	1325	1103	1231	672	994	2734	1726	1032	1381	606	800	1259	1757	656	867	1746	2886	467	1872	801	798	3264	1830	784	1056	1380	1270	674	1219	914	1616	75	3801	1571	1928	1216	1114	879	750	828	2274	802	668	806	1194	1061	575	972	1937	777	2561	4139	713	648	1288	941	1598	2115	1406	762	1687	620	1523	619	1200	761	1131	482	978	1847	749	1140	1911	2591	1264	650	677	1779	410	2670	1825	1871	753	672	796	1461	654	739	928	1761	1460	1428	1240	1937	671	432	1495	847	443	651	681	834	1036	1160	1677	806	685	943	1072	658	1926	2948	1386	975	862	802	1313	1031	654	1036	1746	2983	693	2908	1963	834	1700	284	544	905	675	859	896	958	980	1533	1272	205	827	705	697	901	620	1731	743	1746	1666	971	655	429	677	1734	654	1162	1284	1603	1378	1234	645	802	642	874	796	756	1717	2534	785	3263	1176	1031	928	2137	753	758	1118	405	1031	663	761	436	1735	214	801	649	673	1184	741	1377	1130	753	650	1176	2102	347	692	2025	1691	1053	655	1038	2647	1534	1282	478	2997	1240	1819	245	2341	654	671	1390	2316	876	884	686	2698	761	435	2673	433	406	958	1188	1378	647	923	1329	975	1089	647	1643	1969	841	587	1223	825	725	1579	1019	644	928	647	1002	641	2280	2812	1007	1719	655	2277	1737	190	653	673	664	2503	577	1324	1887	1467	656	1089	748	692	862	850	652	1053
1888	1354	1903	2036	1739	1712	2059	1904	1354	2020	1321	1379	810	1904	1301	211	2083	1303	1926	384	1387	436	1347	1333	2608	0	2020	1313	1906	1813	1843	2048	2021	2030	994	1986	2118	1618	695	2016	2881	2730	2307	1926	569	910	1381	3529	2133	1936	2033	1283	1505	1379	2004	2605	660	885	1606	1861	2069	1812	1417	883	1953	3472	1570	408	2463	744	1920	1915	993	1555	1828	1553	1860	3509	1946	1508	1706	1000	2607	2802	1040	981	3462	3237	1996	1858	1926	587	1908	2008	1911	3800	1705	2045	1732	1388	2947	1333	2142	2052	2010	1321	1703	1408	1775	1266	1870	927	1989	1105	1990	1576	1870	1749	2383	1721	773	1904	1599	705	629	1343	1959	1931	854	2200	75	799	737	1985	2004	3389	1816	2362	1969	1796	903	1840	1807	1517	1388	2010	2300	1243	1787	2166	1959	1940	1919	1611	1674	1022	1911	1937	1906	1617	1953	1337	557	1291	1683	1833	1806	1294	1696	2120	1611	1384	585	1955	1025	1147	1919	1175	2875	2140	1712	1944	1776	1725	1688	1684	1474	1336	2424	1813	3137	1919	1775	1990	968	2060	1570	1443	1654	1956	2180	1943	879	2028	1724	1325	1285	1303	1375	2023	1806	2033	1763	1826	3339	935	292	1903	991	1545	1696	1796	2011	1858	1851	3639	2209	1696	2087	1870	2182	885	2403	1920	2015	2075	1703	1879	2836	1478	1903	1959	1700	667	2386	1925	1319	930	1689	1956	1640	429	1728	1326	2272	1426	1517	1433	2853	407	2057	2010	2277	987	1911	1733	1933	151	1871	2175	437	2959	2202	1725	1426	1303	2017	1736	2044	1683	1691	2017	2193	656	1785	2346	3631	1898	2435	1324	1836	2032	1791	3255	1618	2107	346	1252	3112	890	1956	350	1945	2450	2121	1947	2013	674	2457	1290	1288	1176	2005	1691	1919	1925	1889	1786	2121	1689
3316	3000	3344	3631	3232	3238	3364	3343	2185	2958	2937	2983	2459	3284	2938	2232	3361	2749	3264	2344	2468	2326	2464	2959	4089	2020	0	2312	3339	3281	3097	3704	3485	3674	1962	3505	3453	3142	2620	3663	4378	4075	3672	3264	1594	2570	3141	5249	1057	3421	1651	2933	3109	2983	3416	4422	1483	2573	3298	2818	3483	3411	3193	2477	3482	4858	2403	2174	4125	2445	3287	3291	1027	2325	3423	3135	2818	5231	3547	2877	3223	2766	4119	1610	2777	2181	5179	4985	3243	3404	3264	2604	3286	3421	3283	5230	3027	3630	3119	2179	4651	1559	155	3387	3651	2941	3172	2495	2183	2732	3506	2592	3514	2684	3518	2889	3504	2970	4048	3114	2451	3347	2951	2541	2604	2982	3486	3497	2472	3735	1951	2457	2517	3691	3417	4747	2736	3585	3350	3533	2443	2748	2757	2851	2179	3417	3928	3106	3441	3677	3485	3546	3648	3315	2932	2480	3283	3545	3164	3364	3473	2178	2300	3094	3131	3541	3390	2935	3059	3452	3315	2354	2300	3402	1202	2126	3648	2395	4373	3545	3238	3546	3433	3237	3154	3123	2565	2966	3959	3281	4374	3516	3193	3513	2437	3366	2403	2438	3166	3476	3715	3546	2560	3434	2938	2944	2486	2749	2990	3670	3390	3446	3424	3327	4685	2491	1852	3304	1029	2919	3059	3533	2323	3389	3393	5206	3699	3059	3435	3505	3665	2535	3928	3287	3660	3424	2915	3379	4721	3075	3342	3486	2921	2105	3771	3523	2082	2565	3035	3528	3372	2388	2639	2947	3916	1120	2851	2298	4307	1977	3730	3417	3082	1776	3219	3256	3533	2081	3507	3680	2383	4510	3715	3446	3000	2749	3663	3179	2957	3131	2999	3663	2843	2347	3425	3612	5277	3613	4185	2510	3084	3685	3526	4695	3146	3791	2300	1282	4855	2638	3480	2305	2597	3900	3454	3549	3424	1668	3697	2885	2208	2961	3650	2999	3344	3523	3229	3442	3454	3035
1019	899	1050	1377	966	988	1052	1048	169	753	826	846	715	979	849	1358	1051	560	953	1165	156	1052	161	852	1781	1313	2312	0	1043	1000	786	1479	1189	1445	406	1227	1141	906	1135	1437	2070	1766	1360	953	1034	730	1118	2990	1764	1136	1261	859	936	846	1112	2270	1083	767	1161	590	1177	1182	1174	647	1210	2551	261	1715	1875	782	980	984	1576	272	1190	939	589	2972	1305	602	970	921	1815	2214	886	332	2919	2747	933	1146	953	1423	980	1116	976	2920	722	1372	823	202	2401	785	2358	1075	1421	834	901	183	612	567	1289	741	1238	660	1242	591	1285	658	1803	821	752	1053	659	969	1717	879	1213	1240	675	1449	1336	727	886	1504	1112	2443	526	1288	1042	1396	584	548	529	565	202	1112	1671	1243	1245	1386	1210	1307	1487	1185	621	486	976	1305	853	1268	1197	163	1849	1144	857	1376	1153	850	761	1140	1185	71	1882	1106	1158	208	1487	226	2065	1236	988	1304	1241	979	885	845	254	859	1665	1000	2092	1274	902	1236	501	1054	261	147	919	1200	1430	1304	756	1128	627	835	227	560	862	1443	1153	1141	1237	1055	2382	600	1081	1002	1574	640	761	1396	812	1126	1133	2900	1402	761	1123	1287	1368	715	1632	980	1432	1112	603	1103	2630	904	1047	1213	609	646	1459	1280	256	699	735	1271	1259	1618	429	838	1669	1216	565	146	1996	909	1514	1112	983	566	908	1003	1291	1459	1289	1388	1640	2208	1424	1307	831	560	1435	898	769	857	693	1435	880	786	1222	1308	2987	1444	1989	229	773	1461	1387	2383	911	1578	1156	1031	2619	858	1205	1156	638	1592	1142	1306	1120	853	1399	774	107	1039	1424	693	1045	1280	919	1248	1142	735
