NAME : VRPTW_INSTANCE_232.txt
COMMENT : Bangkok Supermarket
TYPE : VRPTW
DIMENSION : 307
DAYS : Sunday
EDGE_WEIGHT_TYPE : EXPLICIT
VEHICLES : 39
EDGE_WEIGHT_FORMAT : FULL_MATRIX
CAPACITY : 1000
EDGE_WEIGHT_SECTION
0	1003	185	772	1114	306	22	993	1975	2148	1062	422	90	193	1251	233	2886	1575	88	374	399	1003	165	91	991	637	625	1380	113	1715	307	1190	474	315	176	659	624	1347	1231	154	492	1056	401	214	533	1801	530	201	67	497	1996	185	33	1226	481	1106	185	194	347	254	1994	358	463	2158	1001	223	496	1702	24	1954	941	166	192	477	491	577	540	1723	672	29	210	995	1001	179	589	459	431	1601	1931	772	371	1532	1993	510	1144	540	247	355	491	369	419	533	390	529	1078	1097	948	262	581	964	347	1535	395	309	1096	815	124	398	309	2517	745	434	650	1126	1149	1183	819	529	404	201	1419	978	153	309	1005	258	400	334	154	1019	901	54	402	91	1225	264	705	111	178	359	88	374	1659	1814	165	2393	103	215	1718	400	155	317	815	373	1555	418	430	553	1903	1144	420	330	364	394	582	275	346	1977	436	996	130	863	204	314	230	364	483	185	345	46	481	610	649	363	192	212	549	199	390	170	149	1144	385	576	1185	46	1930	77	91	248	378	1016	1427	206	244	1213	595	910	1727	651	1521	1640	404	1953	649	2701	1064	153	978	517	404	2233	399	1010	826	438	201	264	593	363	408	347	1182	104	595	390	382	3189	419	802	428	1098	397	3380	957	1221	309	609	351	945	1112	639	1075	2128	1348	221	308	1204	1013	413	1163	1109	394	2819	1749	199	1413	172	978	155	367	202	2080	271	1965	1149	1075	401	679	581	1606	79	217	309	258	1078	534	103	717	1432	1305	349	213	789	481	394	165
1003	0	1075	1768	408	934	1015	89	2476	1541	158	843	1076	867	657	1096	2195	629	1091	1101	1183	0	856	928	89	1241	895	2375	1116	2716	938	892	1461	1315	848	803	431	384	865	1008	546	71	1181	987	514	1088	791	839	1013	1177	1283	818	1018	226	1169	768	818	1194	1059	749	1038	1067	1303	1158	60	1084	1178	799	1020	2810	1475	1131	833	1170	550	496	804	798	1461	1024	1080	152	60	1066	469	1026	768	2456	998	1749	865	1011	993	775	141	804	1145	1356	1167	1295	843	514	1180	804	749	1155	124	1211	494	1365	1059	2391	947	1304	96	536	890	1399	698	1875	1098	706	1127	765	146	824	1088	483	1329	839	531	1157	851	698	54	1128	1037	1263	1008	718	184	1023	1037	928	841	751	741	971	868	899	1091	1096	802	1649	856	2066	1030	1201	978	1184	853	1318	536	1086	1718	1017	787	473	2362	141	843	825	1086	1080	476	748	1064	2478	937	151	1131	145	973	1246	1215	1087	969	818	1058	1018	1170	1051	855	1069	1074	1013	866	803	906	1138	1128	141	1386	473	1212	1018	1093	1014	928	770	791	767	2005	798	1116	801	429	1737	958	973	1013	1454	914	1057	1360	1935	74	1155	35	776	914	1231	1183	65	227	945	839	751	475	1069	1025	1060	2018	967	451	1180	676	2530	1422	1691	895	128	1362	2676	194	277	698	433	1060	1388	352	909	81	1196	1894	1109	939	414	49	1185	1437	107	1187	2041	759	803	2244	857	35	870	1008	1034	1120	1252	2748	146	81	1188	1105	480	770	1018	1203	934	818	749	1376	1037	1046	601	943	1053	1081	221	1170	1080	856
185	1075	0	703	1240	202	163	1080	1790	2310	1157	603	122	365	1397	399	3043	1606	188	198	213	1075	232	183	1078	457	809	1365	179	1679	200	1361	393	285	236	837	661	1391	1398	337	532	1135	215	101	569	1947	454	363	120	316	2144	290	152	1302	300	1271	290	190	181	350	2021	190	285	2213	1064	38	315	1716	163	1802	758	92	250	296	530	602	460	1743	492	199	26	1092	1064	8	622	308	603	1447	1950	799	553	1694	2048	443	1213	460	75	326	311	223	600	569	204	450	1242	1282	1040	137	606	1143	181	1380	580	259	1171	965	283	361	387	2678	931	414	488	1290	1218	1349	1004	632	259	363	1438	1164	285	387	1069	74	244	189	337	1184	948	131	246	183	1391	330	635	118	210	544	188	199	1661	1998	232	2575	279	301	1860	215	299	334	965	200	1739	269	605	604	1718	1213	601	507	191	224	615	329	178	1791	316	1093	169	931	110	171	312	191	669	290	179	224	300	461	550	195	8	395	731	308	574	99	110	1213	349	613	1370	224	2059	257	183	309	552	1184	1242	331	60	1376	648	741	1864	837	1684	1823	589	1958	464	2847	1142	183	1046	449	589	2296	213	1071	926	315	363	330	718	195	256	181	1019	126	635	204	404	3351	392	650	612	1182	471	3537	1061	1264	387	724	185	770	1232	526	1152	2237	1162	39	201	1325	1078	228	1346	1182	208	2964	1797	308	1251	226	1046	218	221	381	2108	349	1798	1218	1152	216	863	613	1605	258	302	205	426	1242	359	276	903	1554	1475	185	29	875	300	224	232
772	1768	703	0	1878	884	757	1764	1746	2840	1835	1110	693	943	1991	779	3585	2309	688	763	687	1768	912	840	1762	852	1262	707	660	985	881	1868	309	457	919	1335	1363	2094	1923	820	1233	1824	690	801	1271	2536	1123	962	755	778	2724	953	753	1994	772	1808	953	578	789	1021	2723	788	581	2915	1761	704	776	2414	752	1322	1003	637	935	768	1231	1305	1123	2443	610	756	704	1768	1761	711	1325	897	1150	1005	2650	401	1059	2234	2749	1119	1908	1123	642	419	784	506	1107	1271	683	1115	1783	1657	1720	565	1309	1359	789	944	1028	464	1863	1559	893	375	1070	3208	1275	1113	979	1832	1913	1879	1363	1301	481	962	2139	1512	925	1070	1766	667	846	530	820	1727	1649	745	846	840	1922	1017	1293	797	902	1031	688	768	2355	2353	912	2961	775	610	2462	686	928	478	1559	778	1950	876	1142	1303	1727	1908	1108	1051	772	798	1317	1021	783	1746	956	1769	642	1626	812	543	600	771	1089	953	789	767	771	1005	1180	789	705	848	1205	968	1050	630	640	1908	388	1315	1738	767	2687	781	840	997	1101	1710	1232	979	675	1919	1346	577	2476	1247	2221	2210	1056	2652	726	3428	1832	619	1741	1123	1056	2995	687	1769	1599	951	962	1017	1362	789	861	789	704	801	1336	683	1106	3870	360	419	1086	1868	534	4075	1730	1967	1070	1381	791	1097	1881	1137	1843	2898	1213	675	881	1972	1774	696	1580	1875	678	3548	2500	968	881	911	1741	898	852	823	2810	577	1423	1913	1843	682	1196	1315	2297	778	609	886	1007	1783	550	768	1275	2197	1986	796	704	1559	771	798	912
1114	408	1240	1878	0	1154	1132	321	2817	1162	256	803	1201	935	248	1122	1852	889	1193	1324	1397	408	1007	1064	322	1515	754	2404	1222	2763	1158	516	1588	1423	1004	652	714	671	475	1061	782	358	1396	1174	766	734	1085	917	1147	1424	935	951	1139	413	1412	404	951	1306	1281	889	1236	1291	1508	1237	468	1261	1424	1081	1137	3037	1782	1271	991	1412	788	775	1100	1059	1693	1126	1253	261	468	1231	744	1285	744	2681	1230	1770	845	605	1086	1062	430	1100	1316	1459	1414	1462	805	766	1393	1097	393	849	312	1363	774	1146	1281	2615	906	1422	386	348	990	1503	858	1511	916	960	1423	392	430	441	876	613	1498	917	860	893	967	858	462	1307	1277	1428	1061	385	572	1151	1278	1064	450	916	1084	1123	1033	878	1193	1320	1117	1254	1007	1658	1103	1272	634	1399	959	1401	348	1311	1386	1265	756	715	2711	430	804	835	1308	1312	750	923	1285	2819	1198	261	1242	478	1157	1408	1283	1309	889	951	1279	1112	1413	1347	1178	1294	1242	1043	762	934	870	1276	1259	430	1490	739	887	1112	818	1097	1064	936	787	440	2320	915	1293	408	680	1964	630	820	606	1061	872	1321	1612	1623	364	1263	435	1066	872	1274	1397	473	354	1205	917	916	523	1294	1269	1281	2247	1117	721	1393	894	2178	1518	1889	844	322	1398	2342	243	618	858	517	1282	1712	61	1226	371	1024	2214	1279	1159	102	455	1404	1162	397	1399	1737	917	934	2478	1015	435	1022	1241	1068	1306	1313	3008	430	371	1402	951	754	1101	1100	1273	1155	871	393	1583	1110	870	319	547	1276	1255	434	1413	1312	1007
306	934	202	884	1154	0	293	953	1750	2269	1035	647	294	413	1338	539	2991	1429	356	170	249	934	216	236	950	391	855	1562	358	1867	4	1351	579	486	211	860	505	1224	1378	452	390	999	247	105	420	1880	252	395	249	274	2080	277	284	1159	261	1248	277	389	127	304	1840	137	368	2049	915	186	274	1530	297	1888	693	293	212	260	385	441	258	1560	539	332	189	974	915	197	466	170	623	1532	1766	1001	605	1658	1884	242	1067	258	244	527	265	380	644	420	246	248	1219	1332	918	326	445	1250	127	1467	657	459	1030	922	334	560	310	2633	1011	235	362	1264	1072	1328	1074	543	410	395	1256	1228	304	310	920	217	131	354	452	1161	789	268	133	236	1367	256	433	195	178	607	356	166	1471	2034	216	2591	409	486	1786	250	325	535	922	156	1826	133	631	464	1665	1067	644	545	154	158	459	242	131	1752	130	975	356	789	107	341	499	156	745	277	125	352	262	311	353	139	195	507	776	291	639	300	307	1067	549	461	1419	352	1967	381	236	241	578	1170	1215	323	210	1346	507	813	1785	899	1650	1850	656	1768	461	2777	1005	375	903	247	656	2136	249	922	816	132	395	256	650	139	130	127	1095	201	483	246	264	3307	592	757	671	1051	664	3484	951	1098	310	641	128	672	1137	336	1014	2120	1122	216	5	1229	930	252	1439	1040	252	2891	1630	291	1326	201	903	210	92	502	1927	539	1854	1072	1014	253	953	456	1413	384	487	3	456	1219	441	409	975	1457	1459	121	188	754	262	158	216
22	1015	163	757	1132	293	0	1007	1953	2170	1077	445	69	215	1271	249	2907	1583	81	354	377	1015	170	93	1005	617	648	1372	102	1704	294	1213	457	301	179	682	631	1357	1253	174	499	1069	379	197	539	1821	523	221	47	476	2016	197	11	1239	460	1128	197	179	328	266	2002	339	440	2170	1012	201	475	1708	5	1932	920	144	196	457	498	582	532	1730	650	40	189	1010	1012	158	595	442	453	1580	1938	767	394	1554	2004	504	1156	532	225	341	471	347	442	539	368	522	1100	1120	962	240	586	983	328	1513	417	293	1108	836	143	385	319	2539	767	433	633	1148	1161	1205	840	543	382	221	1425	1000	168	319	1017	236	383	312	174	1041	910	32	385	93	1247	272	700	98	177	382	81	354	1664	1836	170	2416	120	214	1738	378	172	308	836	354	1576	402	453	562	1882	1156	443	353	345	375	589	281	327	1955	423	1011	116	875	189	292	228	345	505	197	326	63	460	595	640	344	170	232	572	212	412	148	128	1156	371	583	1208	63	1949	96	93	254	400	1038	1405	221	222	1235	604	887	1746	674	1543	1662	427	1958	627	2721	1077	139	990	511	427	2245	377	1021	841	425	221	272	610	344	391	329	1160	93	602	368	386	3211	406	781	450	1112	397	3401	973	1230	319	626	332	926	1130	628	1088	2145	1326	198	295	1222	1025	392	1184	1121	372	2840	1759	212	1391	175	990	158	351	221	2088	270	1943	1161	1088	379	700	587	1610	97	215	296	280	1100	511	119	739	1450	1328	330	192	802	460	375	170
993	89	1080	1764	321	953	1007	0	2535	1466	88	797	1071	845	570	1068	2131	690	1080	1122	1202	89	854	924	2	1278	832	2355	1107	2701	957	802	1459	1308	848	737	460	446	775	985	562	76	1200	997	534	1018	831	818	1010	1205	1215	811	1011	241	1196	679	811	1187	1079	742	1089	1088	1320	1184	149	1092	1206	867	1012	2837	1522	1130	833	1196	567	526	844	862	1487	1012	1087	62	149	1071	496	1057	724	2482	1057	1725	824	926	1021	812	183	844	1152	1348	1195	1302	798	534	1199	843	659	1072	51	1213	523	1294	1079	2417	903	1299	124	458	876	1392	695	1804	1031	731	1169	675	187	734	1016	465	1337	818	607	1078	840	695	144	1137	1062	1269	985	630	255	1018	1062	924	752	751	797	972	870	858	1080	1117	877	1560	854	1979	1012	1184	910	1203	840	1305	458	1107	1633	1044	742	489	2424	183	797	789	1106	1103	503	751	1084	2537	968	61	1123	179	982	1251	1198	1108	918	811	1078	1005	1197	1093	905	1090	1080	985	809	795	862	1137	1125	183	1378	497	1127	1005	1041	998	924	771	752	680	2056	786	1124	711	446	1763	893	909	927	1364	869	1123	1391	1878	87	1146	114	814	869	1250	1202	155	178	975	818	751	435	1090	1051	1080	2044	967	475	1199	690	2463	1412	1709	848	105	1339	2614	107	352	695	399	1080	1441	268	957	99	1167	1946	1115	957	338	138	1205	1358	139	1205	1986	798	795	2273	857	114	869	1031	1007	1169	1234	2784	187	99	1207	1043	507	849	1002	1186	952	792	659	1394	1019	979	539	853	1073	1088	205	1197	1103	854
1975	2476	1790	1746	2817	1750	1953	2535	0	3975	2623	2385	1902	2144	3037	2170	4665	2652	1960	1612	1576	2476	1961	1952	2533	1359	2593	2242	1938	2281	1746	3096	1738	1856	1957	2608	2102	2570	3117	2125	2052	2546	1575	1790	2060	3548	1738	2133	1909	1489	3748	2025	1942	2654	1504	2987	2025	1886	1649	2054	2938	1637	1528	3275	2428	1752	1489	2628	1953	1137	1057	1833	1961	1507	2045	2044	1722	2686	1325	1988	1765	2581	2428	1796	2075	1585	2370	1049	2830	2143	2338	3380	3140	1763	2563	1722	1733	1860	1496	1659	2381	2060	1585	1727	2958	3070	2521	1753	2045	2915	1649	1056	2371	1826	2556	2654	2060	1843	2052	4329	2720	1879	1412	3002	2566	3067	2794	2255	1635	2133	2472	2954	2043	2052	2435	1718	1619	1685	2125	2901	2291	1921	1617	1952	3104	2004	1738	1888	1923	2332	1960	1614	2520	3781	1961	4342	2065	2014	3443	1575	2063	1939	2654	1618	3520	1618	2377	2111	138	2563	2382	2284	1625	1604	2069	1987	1648	2	1660	2581	1918	2357	1806	1702	2017	1625	2459	2025	1651	2013	1504	1484	1638	1632	1783	2182	2515	2039	2363	1833	1858	2563	1847	2081	3158	2013	3568	2046	1952	1990	2323	2916	551	2071	1731	3080	2141	1187	3428	2626	3374	3600	2378	2750	1326	4412	2548	1916	2440	1758	2378	3390	1576	2430	2463	1653	2133	2004	2372	1632	1620	1648	1062	1897	2098	1585	1965	4995	1866	1350	2399	2603	2093	5150	2580	2481	2052	2351	1646	1107	2782	1591	2551	3622	629	1755	1745	2866	2446	1562	3126	2558	1581	4517	2897	2039	984	1947	2440	1952	1659	2166	3010	2032	850	2566	2551	1574	2650	2065	2461	2046	2014	1748	2197	2958	1470	2061	2693	3074	3200	1650	1762	2383	1504	1604	1961
2148	1541	2310	2840	1162	2269	2170	1466	3975	0	1383	1743	2238	1955	938	2065	745	1741	2209	2433	2496	1541	2087	2126	1468	2650	1577	3204	2238	3572	2273	971	2592	2420	2087	1509	1873	1634	920	2045	1926	1476	2496	2265	1916	469	2237	1950	2199	2544	318	2024	2179	1429	2530	1042	2024	2320	2390	1975	1873	2401	2593	1627	1598	2338	2544	1913	2173	4101	2931	2314	2078	2529	1932	1931	2253	1862	2794	2151	2328	1412	1598	2301	1900	2417	1719	3750	1934	2613	1796	615	1574	2213	1500	2253	2383	2447	2534	2517	1746	1916	2490	2249	1070	1249	1469	2411	1930	1645	2390	3683	1814	2430	1483	1348	2030	2488	1959	369	1596	2102	2570	1021	1498	966	1511	1732	2553	1950	1820	1394	2024	1959	1591	2383	2399	2482	2045	1128	1721	2196	2400	2126	924	2015	2247	2192	2120	1819	2209	2429	1999	861	2087	748	2100	2243	582	2498	2010	2372	1348	2422	1388	2391	1722	1864	3871	1500	1745	1821	2417	2427	1906	2027	2393	3977	2333	1412	2260	1636	2248	2462	2251	2418	1750	2024	2388	2131	2532	2496	2338	2405	2313	2005	1636	2007	1796	2318	2297	1500	2476	1893	1193	2131	642	2105	2126	2033	1771	1136	3467	1980	2368	935	1834	3051	620	1596	626	829	1788	2065	2730	654	1478	2277	1574	2218	1788	1571	2496	1600	1513	2341	1950	2015	1620	2405	2393	2390	3329	2184	1876	2490	2024	1041	2492	2951	1758	1423	2309	1235	1404	1654	1959	1634	2392	2868	1203	2383	1479	932	3365	2350	2274	1128	1582	2506	1493	1487	2495	774	1601	2007	3560	2099	1574	2100	2361	2030	1897	2267	4108	1498	1479	2500	1671	1910	2014	2107	2244	2270	1890	1070	2668	2107	1582	958	854	2386	2330	1595	2532	2427	2087
1062	158	1157	1835	256	1035	1077	88	2623	1383	0	840	1142	907	503	1124	2044	683	1148	1205	1284	158	929	997	90	1365	854	2414	1176	2763	1039	759	1532	1378	923	756	546	446	725	1046	645	102	1283	1076	619	932	918	882	1082	1290	1129	883	1082	206	1281	639	883	1257	1162	815	1067	1171	1402	1136	217	1170	1291	868	1082	2921	1610	1204	908	1281	650	612	932	856	1571	1081	1165	67	217	1148	582	1143	769	2566	1043	1782	870	855	974	899	185	932	1230	1417	1280	1380	841	619	1281	931	623	1055	117	1289	610	1301	1162	2501	946	1371	133	460	943	1461	770	1719	1045	816	1257	632	187	688	1023	533	1415	882	624	1073	909	770	211	1216	1146	1347	1046	600	338	1090	1147	997	701	827	885	1047	946	905	1148	1200	889	1508	929	1911	1075	1248	823	1286	908	1371	460	1190	1609	1129	786	572	2512	185	840	841	1189	1187	589	828	1167	2625	1054	66	1193	267	1061	1328	1262	1191	954	883	1161	1072	1282	1181	993	1173	1157	1041	838	866	906	1211	1197	185	1448	582	1104	1072	953	1063	997	847	801	653	2144	856	1203	660	530	1846	806	930	857	1314	912	1119	1476	1790	108	1216	190	902	912	1195	1284	220	236	1061	882	827	489	1173	1136	1162	2129	1041	561	1281	771	2377	1481	1790	889	74	1398	2526	116	372	770	459	1163	1529	198	1045	115	1084	2034	1193	1040	256	202	1288	1351	146	1287	1898	764	866	2357	933	190	943	1115	1064	1144	1296	2871	187	115	1289	1064	593	866	1067	1250	1035	851	623	1476	1082	995	451	800	1156	1166	282	1282	1187	929
422	843	603	1110	803	647	445	797	2385	1743	840	0	509	240	884	331	2486	1470	470	772	812	843	430	432	795	1029	209	1601	499	1961	650	776	849	677	436	238	629	1225	823	302	540	872	814	595	571	1426	771	252	483	896	1614	370	455	1038	880	702	370	578	736	366	1881	748	885	1976	867	638	895	1630	447	2360	1335	585	436	877	545	624	787	1636	1094	418	626	774	867	596	614	817	75	2011	1839	967	52	1131	1814	744	977	787	669	705	888	787	3	571	804	778	676	686	746	680	626	645	736	1944	106	687	919	461	324	747	399	2112	378	622	1008	725	981	777	430	402	821	252	1349	582	343	399	868	678	772	753	302	619	820	475	774	432	819	422	904	497	468	78	470	771	1615	1397	430	1972	359	503	1354	814	323	633	461	766	1187	779	56	553	2306	977	2	102	759	782	611	443	737	2386	761	775	521	738	579	733	511	759	139	370	734	396	880	951	906	752	609	262	130	359	68	588	564	977	734	597	774	396	1587	367	432	428	79	607	1840	327	663	812	573	1331	1370	255	1118	1219	72	1889	1063	2318	882	535	831	752	72	2034	812	877	620	766	252	422	368	752	774	736	1599	488	603	804	524	2781	753	1216	52	897	601	2978	723	1110	399	414	739	1319	820	920	895	1825	1755	641	651	904	872	826	808	934	809	2439	1595	359	1828	445	831	437	734	288	1963	533	2384	981	895	816	337	613	1572	368	503	649	191	676	956	365	335	1117	892	735	629	627	880	782	430
90	1076	122	693	1201	294	69	1071	1902	2238	1142	509	0	283	1341	278	2976	1636	67	320	329	1076	222	147	1068	578	709	1321	64	1648	294	1280	390	240	230	747	683	1412	1321	223	551	1131	332	190	590	1891	539	291	64	437	2086	259	62	1301	421	1196	259	119	301	328	2054	311	380	2228	1071	160	436	1756	65	1863	878	76	247	418	549	631	547	1779	590	90	148	1076	1071	119	646	425	520	1511	1988	727	457	1623	2062	523	1217	547	168	282	433	279	505	590	320	536	1168	1177	1027	172	635	1024	301	1444	473	228	1170	905	212	324	378	2607	818	467	609	1217	1221	1273	894	609	314	291	1474	1054	235	378	1076	185	362	245	223	1110	965	52	364	147	1315	327	719	119	220	443	67	321	1708	1895	222	2478	163	191	1808	331	241	260	905	322	1622	385	519	617	1833	1217	506	419	313	346	639	333	299	1903	420	1076	65	934	187	224	205	313	560	259	300	114	421	579	647	316	130	280	634	275	472	80	59	1217	310	635	1265	114	2018	146	147	308	468	1105	1352	288	173	1303	659	822	1816	730	1612	1723	486	2004	576	2791	1139	87	1050	530	486	2305	329	1080	907	421	291	327	678	316	373	302	1093	119	655	320	431	3279	348	712	511	1175	372	3470	1039	1285	378	693	305	892	1198	629	1150	2212	1276	149	295	1290	1084	345	1228	1183	323	2909	1816	275	1323	223	1050	208	335	264	2140	245	1876	1221	1150	331	749	638	1654	145	193	298	348	1168	449	159	793	1518	1395	304	151	865	421	346	222
193	867	365	943	935	413	215	845	2144	1955	907	240	283	0	1061	235	2693	1468	261	531	572	867	198	191	843	790	449	1509	290	1856	416	998	656	489	206	472	541	1231	1038	141	421	913	573	354	460	1611	573	33	247	655	1805	149	224	1085	639	913	149	375	496	180	1887	508	650	2026	875	399	655	1610	218	2147	1096	359	211	637	423	511	588	1624	858	197	387	839	875	358	513	583	239	1795	1832	882	194	1339	1861	548	1009	588	434	524	648	562	237	460	564	577	885	926	797	455	515	842	496	1728	245	490	956	625	84	568	234	2324	597	439	776	933	1013	990	661	383	597	33	1324	817	110	234	878	440	535	527	141	826	793	242	537	191	1032	227	728	256	236	194	261	530	1577	1638	198	2210	169	342	1530	574	89	468	625	526	1412	544	240	463	2066	1009	238	141	518	542	508	248	496	2145	535	840	311	737	339	507	354	519	332	149	494	180	640	723	706	512	370	157	370	145	225	363	342	1009	555	498	1014	180	1746	161	191	224	187	823	1599	119	426	1020	498	1101	1540	487	1328	1460	242	1865	823	2510	922	331	846	556	242	2094	572	884	671	539	33	227	422	512	538	496	1375	247	512	564	353	2996	583	996	258	950	495	3187	797	1108	234	448	499	1084	938	711	934	1955	1515	404	418	1028	885	585	1026	970	569	2629	1625	145	1606	214	846	203	497	173	1972	389	2158	1013	934	575	541	509	1528	165	343	416	65	885	722	176	561	1254	1113	495	390	647	640	542	198
1251	657	1397	1991	248	1338	1271	570	3037	938	503	884	1341	1061	0	1215	1652	1089	1322	1505	1572	656	1168	1215	571	1714	776	2463	1352	2829	1342	335	1716	1546	1167	682	937	890	272	1172	987	605	1572	1343	977	550	1299	1049	1294	1612	746	1107	1279	635	1599	265	1107	1435	1461	1052	1397	1472	1675	1337	717	1423	1612	1282	1275	3199	1992	1414	1156	1598	994	993	1315	1253	1870	1258	1413	509	717	1389	963	1481	840	2845	1406	1836	933	357	1202	1275	668	1315	1472	1578	1602	1614	886	977	1566	1311	273	722	559	1510	993	1076	1461	2778	976	1550	629	435	1128	1622	1031	1298	891	1164	1632	242	668	259	830	796	1650	1049	1085	803	1114	1031	711	1468	1466	1579	1172	304	819	1294	1467	1215	248	1088	1315	1279	1198	963	1322	1501	1330	1020	1168	1409	1221	1381	470	1574	1103	1512	435	1493	1213	1457	848	926	2935	668	885	941	1489	1497	968	1098	1465	3039	1397	509	1372	722	1326	1558	1391	1490	937	1107	1460	1241	1600	1557	1401	1476	1400	1143	808	1090	947	1419	1400	668	1609	955	738	1241	708	1220	1215	1106	890	349	2529	1066	1454	208	896	2135	486	827	357	832	944	1509	1800	1450	611	1392	684	1279	944	1354	1572	721	581	1404	1049	1088	688	1476	1460	1462	2416	1271	939	1566	1088	1970	1632	2047	914	565	1484	2145	486	854	1031	698	1463	1930	305	1446	616	982	2426	1437	1343	271	704	1580	1046	639	1572	1568	1074	1090	2648	1178	684	1182	1428	1168	1458	1415	3188	668	616	1577	944	972	1320	1223	1382	1339	995	273	1751	1228	854	319	325	1457	1415	663	1600	1497	1168
233	1096	399	779	1122	539	249	1068	2170	2065	1124	331	278	235	1215	0	2810	1702	213	597	606	1096	367	310	1066	856	492	1290	233	1644	540	1094	532	362	377	556	775	1464	1146	102	651	1138	609	446	691	1757	753	267	296	715	1945	350	259	1309	699	1029	350	289	574	402	2120	585	642	2252	1106	438	714	1845	246	2049	1155	338	390	696	652	741	764	1859	848	208	425	1056	1106	396	745	691	379	1705	2067	658	282	1456	2087	731	1236	764	441	384	711	517	328	691	597	754	1004	933	1018	417	745	747	574	1639	251	379	1182	788	252	424	460	2434	559	639	881	1053	1241	1101	641	613	546	267	1559	801	302	460	1109	462	632	487	102	948	1028	278	633	310	1144	438	923	344	393	252	213	598	1812	1651	367	2245	130	181	1686	607	287	307	788	598	1349	651	368	697	2105	1236	330	287	589	620	740	456	573	2171	670	1057	251	969	437	470	186	589	323	350	573	187	699	844	877	590	407	83	429	354	270	337	313	1236	412	730	1020	187	1917	158	310	429	334	932	1619	339	451	1140	732	1053	1701	492	1443	1487	277	2100	849	2648	1148	255	1076	739	277	2317	606	1116	891	672	267	438	635	590	640	575	1308	338	745	597	567	3100	426	922	307	1172	276	3301	1010	1341	460	668	579	1169	1133	870	1160	2147	1547	426	542	1220	1116	622	956	1197	599	2769	1855	354	1532	379	1076	362	600	62	2205	202	2091	1241	1160	608	485	740	1763	155	181	543	277	1004	703	130	541	1439	1211	577	428	874	699	620	367
2886	2195	3043	3585	1852	2991	2907	2131	4665	745	2044	2486	2976	2693	1652	2810	0	2247	2949	3157	3224	2195	2818	2860	2133	3364	2322	3940	2979	4307	2995	1716	3335	3163	2817	2253	2566	2202	1663	2787	2633	2126	3224	2994	2618	1118	2938	2686	2935	3264	918	2755	2916	2043	3252	1783	2755	3061	3114	2703	2258	3125	3325	1931	2247	3070	3265	2388	2911	4840	3635	3052	2807	3251	2639	2628	2953	2329	3522	2890	3061	2084	2247	3035	2596	3132	2459	4488	2343	3355	2538	1355	1940	2915	2127	2953	3118	3190	3255	3254	2489	2618	3218	2950	1810	1983	2143	3148	2626	2371	3114	4421	2558	3172	2123	2078	2767	3232	2683	380	2339	2811	3275	1761	2124	1709	2252	2448	3290	2686	2368	2129	2758	2683	2240	3116	3118	3219	2787	1868	2380	2933	3119	2860	1666	2740	2927	2925	2849	2562	2949	3154	2490	1475	2818	1050	2842	2987	1222	3226	2745	3117	2078	3145	2033	3109	2463	2567	4556	2127	2488	2561	3142	3150	2603	2751	3117	4667	3046	2084	3001	2309	2977	3199	2995	3143	2496	2755	3112	2870	3253	3200	3028	3128	3046	2748	2381	2738	2540	3056	3035	2127	3220	2592	1920	2870	1130	2846	2860	2759	2511	1878	4173	2713	3101	1674	2533	3784	1238	2341	1367	1508	2532	2479	3452	344	2126	3017	2230	2919	2532	1839	3224	2247	2207	3054	2686	2740	2341	3128	3112	3115	4063	2917	2573	3218	2739	341	3236	3688	2502	2070	3055	493	2086	2252	2683	2350	3116	3564	1884	3077	2124	1238	4066	3083	2996	1799	2230	3233	2203	2123	3224	334	2054	2738	4295	2828	2230	2831	3081	2773	2254	3012	4839	2124	2124	3228	2414	2607	2520	2848	2988	2992	2628	1810	3400	2849	2326	1594	1599	3110	3063	2285	3253	3150	2818
1575	629	1606	2309	889	1429	1583	690	2652	1741	683	1470	1636	1468	1089	1702	2247	0	1664	1575	1659	629	1414	1491	691	1635	1522	2956	1685	3283	1433	1402	2000	1874	1405	1428	953	245	1353	1609	1085	614	1656	1508	1045	1279	1215	1437	1571	1616	1430	1391	1584	482	1613	1293	1391	1755	1539	1324	419	1544	1781	646	603	1605	1618	193	1589	3198	1788	1678	1389	1615	1086	1005	1221	172	1897	1600	1604	733	603	1598	989	1465	1395	2856	369	2343	1489	1378	494	1211	507	1221	1667	1916	1607	1809	1470	1045	1659	1226	1282	1732	740	1743	1002	1983	1539	2796	1573	1857	567	1142	1476	1957	1267	2003	1721	1196	1496	1281	504	1326	1705	1091	1840	1437	188	1756	1431	1267	601	1644	1497	1782	1609	1270	676	1585	1497	1491	1328	1311	1083	1520	1416	1523	1664	1570	258	2102	1414	2400	1621	1786	1171	1660	1437	1891	1142	1559	2276	1471	1414	1021	2523	507	1470	1445	1562	1545	996	1302	1545	2655	1385	732	1697	736	1497	1767	1801	1563	1599	1391	1539	1599	1615	1431	1214	1544	1603	1621	1495	1379	1531	1686	1680	507	1944	1001	1775	1599	1135	1602	1491	1329	1415	1324	2269	1381	1634	1286	981	2163	1126	1600	1387	1918	1541	436	1775	1932	603	1721	639	1209	1541	751	1659	593	856	1392	1437	1311	1102	1544	1483	1540	2428	1518	981	1659	1206	2588	1983	2155	1522	610	1958	2682	788	362	1267	1057	1538	1674	831	1271	591	1041	2152	1633	1432	823	597	1656	2034	551	1665	2013	244	1379	2639	1412	639	1428	1479	1640	504	1840	3087	504	591	1664	1733	998	274	1606	1788	1427	1427	1282	1845	1627	1670	845	1414	1532	1604	843	1615	1545	1414
88	1091	188	688	1193	356	81	1080	1960	2209	1148	470	67	261	1322	213	2949	1664	0	387	392	1091	251	174	1078	644	663	1292	29	1626	356	1245	395	231	261	708	712	1436	1289	172	580	1143	395	254	620	1871	596	276	110	503	2065	274	83	1314	487	1166	274	114	368	343	2082	378	434	2247	1090	227	502	1789	75	1892	942	126	277	483	579	664	605	1811	642	67	214	1081	1090	186	676	492	490	1542	2019	686	417	1594	2081	578	1232	605	228	269	499	320	466	620	383	594	1139	1126	1035	214	668	961	368	1475	424	229	1184	886	205	313	397	2578	762	513	676	1187	1237	1242	840	615	353	276	1506	1000	240	397	1094	248	429	287	172	1081	990	91	431	174	1285	352	774	169	258	399	0	388	1745	1845	251	2431	112	134	1791	394	240	228	886	389	1561	451	486	642	1893	1232	467	387	380	413	670	362	366	1961	484	1082	51	952	249	268	149	380	508	274	367	80	487	645	708	383	197	225	590	288	427	126	102	1232	299	664	1214	80	2007	103	174	335	437	1073	1409	293	237	1274	683	863	1801	680	1582	1675	439	2039	636	2770	1152	70	1066	585	439	2322	392	1098	912	485	276	352	674	383	439	369	1129	166	683	383	467	3248	332	746	466	1185	318	3443	1042	1310	397	693	373	958	1194	692	1163	2210	1335	213	358	1285	1102	408	1168	1197	386	2889	1838	288	1358	256	1066	239	401	207	2169	190	1914	1237	1163	394	691	669	1691	101	136	360	326	1139	499	106	739	1511	1361	372	217	876	487	413	251
374	1101	198	763	1324	170	354	1122	1612	2433	1205	772	320	531	1505	597	3157	1575	387	0	83	1101	353	340	1120	262	981	1459	375	1748	166	1504	474	428	351	997	670	1378	1535	529	559	1167	81	177	588	2049	365	521	307	124	2248	418	343	1325	108	1405	418	368	43	458	1981	33	206	2203	1079	160	123	1665	355	1717	567	277	357	105	554	605	363	1699	369	393	172	1144	1079	201	632	139	760	1362	1902	939	725	1820	2039	365	1232	363	180	464	117	260	769	588	84	356	1376	1458	1088	255	608	1338	43	1296	763	395	1197	1084	447	486	474	2798	1117	396	294	1422	1237	1485	1187	712	282	521	1398	1345	432	474	1085	150	82	247	529	1318	950	322	83	340	1525	417	530	277	317	721	387	5	1600	2169	353	2736	474	492	1955	85	451	497	1084	16	1929	113	765	633	1535	1232	769	671	15	37	624	406	39	1614	194	1145	363	956	194	242	502	14	853	418	45	417	108	279	419	32	190	587	902	434	752	281	299	1232	478	628	1545	417	2138	450	340	399	711	1324	1069	464	156	1506	676	642	1955	1016	1811	1989	768	1897	299	2946	1173	373	1069	368	768	2292	83	1086	987	189	521	417	816	32	98	43	925	286	650	84	434	3472	520	591	788	1219	650	3650	1121	1253	474	810	42	572	1307	380	1182	2289	983	178	165	1400	1095	83	1538	1207	90	3061	1783	434	1155	340	1069	342	96	576	2068	535	1685	1237	1182	88	1053	621	1540	452	493	170	584	1376	275	472	1086	1628	1614	48	169	924	108	37	353
399	1183	213	687	1397	249	377	1202	1576	2496	1284	812	329	572	1572	606	3224	1659	392	83	0	1183	409	382	1199	257	1020	1387	375	1670	244	1559	407	387	409	1043	753	1462	1593	550	639	1248	4	230	669	2118	447	566	332	122	2317	473	365	1407	108	1464	473	349	123	521	2065	116	122	2287	1162	175	120	1748	377	1641	549	270	417	104	634	688	444	1782	298	413	188	1223	1162	219	714	210	807	1285	1985	885	764	1882	2123	448	1315	444	166	417	122	195	809	669	9	438	1435	1495	1167	220	691	1353	123	1219	794	352	1279	1148	488	434	542	2863	1144	479	328	1482	1319	1543	1218	784	210	566	1481	1377	481	542	1167	144	163	190	550	1376	1033	344	163	382	1583	484	608	316	376	756	392	89	1682	2209	409	2783	492	479	2026	1	498	463	1148	100	1951	192	811	713	1505	1315	810	714	98	114	706	475	118	1578	276	1223	359	1038	248	192	488	96	883	473	124	437	107	331	493	115	206	608	942	490	787	272	295	1315	427	710	1582	437	2213	471	382	465	757	1380	1029	518	156	1566	756	566	2027	1050	1873	2032	802	1979	251	3017	1254	364	1151	451	802	2376	0	1168	1064	270	566	484	884	115	178	123	849	325	732	9	512	3536	469	508	824	1300	622	3717	1198	1337	542	881	123	572	1382	450	1263	2369	948	180	244	1475	1177	16	1558	1288	9	3132	1867	490	1080	397	1151	397	180	593	2151	516	1615	1319	1263	4	1076	703	1622	471	480	249	630	1435	192	488	1116	1703	1671	130	185	1002	107	114	409
1003	0	1075	1768	408	934	1015	89	2476	1541	158	843	1076	867	656	1096	2195	629	1091	1101	1183	0	856	928	89	1241	895	2375	1116	2716	939	892	1461	1316	848	803	431	384	864	1008	546	70	1181	987	514	1088	791	839	1013	1177	1283	818	1018	226	1169	768	818	1194	1059	749	1038	1067	1303	1158	60	1084	1178	799	1020	2810	1475	1132	833	1170	550	497	804	798	1462	1024	1080	151	60	1066	469	1026	768	2456	998	1749	865	1011	993	775	141	804	1145	1356	1167	1295	843	514	1180	804	748	1155	124	1211	494	1365	1059	2391	947	1304	96	536	890	1399	698	1875	1098	706	1127	764	146	824	1088	483	1329	839	531	1157	851	698	55	1128	1037	1263	1008	718	185	1023	1037	928	841	751	741	971	868	899	1091	1096	802	1649	856	2066	1030	1201	978	1184	853	1318	536	1086	1718	1017	787	473	2363	141	843	825	1086	1080	477	748	1065	2478	938	151	1131	145	973	1246	1215	1087	969	818	1058	1018	1171	1051	855	1069	1074	1013	866	803	906	1139	1128	141	1386	473	1212	1018	1093	1014	928	771	791	767	2005	798	1116	801	429	1737	958	973	1013	1454	914	1057	1360	1935	74	1155	35	777	914	1231	1183	65	227	945	839	751	475	1069	1025	1060	2018	967	451	1180	676	2530	1422	1692	895	127	1362	2675	194	277	698	433	1060	1388	352	909	81	1195	1894	1109	939	414	49	1185	1437	107	1187	2041	759	803	2245	857	35	870	1008	1034	1120	1253	2748	146	81	1188	1105	480	770	1018	1203	934	818	748	1376	1037	1045	601	943	1053	1081	221	1171	1080	856
165	856	232	912	1007	216	170	854	1961	2087	929	430	222	198	1168	367	2818	1414	251	353	409	856	0	76	852	602	639	1541	271	1870	219	1151	605	462	10	647	461	1190	1183	267	329	912	409	178	370	1717	388	178	158	474	1915	64	169	1081	459	1054	64	342	313	118	1833	325	507	2006	850	254	473	1538	175	2033	907	276	26	456	328	412	401	1560	706	193	246	863	850	224	426	387	409	1677	1768	937	389	1473	1840	365	996	401	308	504	465	455	427	370	402	390	1025	1115	812	360	416	1040	313	1611	444	449	950	740	125	546	158	2454	795	274	578	1072	1001	1134	857	400	491	178	1255	1011	88	158	854	300	343	421	267	967	743	170	345	76	1174	105	555	117	38	392	251	351	1493	1821	0	2383	243	381	1628	411	109	477	740	345	1611	349	416	394	1879	996	428	328	338	357	419	112	315	1962	336	864	282	713	161	402	396	339	531	64	311	200	459	524	516	329	234	315	559	81	423	283	272	996	533	414	1202	200	1826	217	76	86	363	972	1421	110	286	1157	437	966	1632	682	1464	1638	440	1788	652	2617	920	306	829	373	440	2084	409	858	695	340	178	105	485	329	344	314	1247	112	433	402	216	3128	570	882	455	958	563	3311	830	1063	158	491	316	889	999	517	931	2006	1332	271	221	1092	862	419	1225	963	408	2734	1594	81	1479	15	829	14	304	317	1919	437	2021	1001	931	413	740	418	1440	220	383	219	239	1025	583	247	758	1321	1262	311	248	649	459	357	0
91	928	183	840	1064	236	93	924	1952	2126	997	432	147	191	1215	310	2860	1491	174	340	382	928	76	0	922	599	641	1464	194	1794	238	1179	535	387	86	661	538	1265	1216	216	406	984	383	164	446	1766	444	183	85	464	1962	114	92	1153	448	1088	114	266	305	181	1909	317	467	2080	924	213	463	1615	99	1983	906	208	102	445	405	489	455	1637	673	120	202	930	924	174	502	401	424	1629	1845	861	385	1511	1915	423	1069	455	257	429	457	399	429	446	374	444	1059	1117	881	298	493	1015	305	1562	427	376	1022	783	107	471	230	2494	781	343	594	1107	1074	1166	849	464	435	183	1332	1006	102	230	928	256	348	364	216	1000	819	95	350	0	1208	180	617	66	87	381	174	339	1570	1829	76	2400	181	306	1679	384	116	400	783	335	1596	361	428	470	1875	1069	429	332	327	352	496	188	305	1954	365	931	206	787	149	344	321	327	516	114	303	131	449	547	567	322	187	270	562	131	413	214	200	1069	458	490	1205	131	1883	153	0	162	374	1002	1408	150	242	1192	513	925	1685	676	1501	1650	429	1864	632	2666	992	230	902	430	429	2157	382	932	762	368	183	180	541	322	353	306	1203	58	510	374	292	3167	495	831	448	1028	488	3354	895	1139	230	551	309	898	1059	561	1003	2070	1323	223	240	1151	936	395	1207	1035	379	2783	1669	131	1434	81	902	64	311	268	1996	362	1982	1074	1003	386	720	494	1516	156	307	239	247	1059	542	183	748	1380	1292	305	204	719	449	352	76
991	89	1078	1762	322	950	1005	2	2533	1468	90	795	1068	843	571	1066	2133	691	1078	1120	1199	89	852	922	0	1275	831	2352	1104	2698	954	803	1457	1306	846	736	457	447	775	983	560	78	1198	995	532	1020	828	816	1007	1203	1217	808	1008	243	1193	679	808	1184	1077	740	1091	1086	1318	1186	148	1090	1204	868	1010	2835	1520	1128	830	1194	565	523	842	863	1485	1010	1085	63	148	1069	494	1054	722	2480	1058	1723	822	927	1022	810	185	842	1150	1346	1193	1300	796	532	1196	841	660	1072	49	1211	521	1293	1077	2415	901	1297	125	457	874	1390	693	1807	1030	729	1167	675	188	735	1015	463	1335	816	608	1078	838	693	143	1135	1059	1267	983	630	253	1016	1060	922	752	749	795	969	868	856	1078	1115	878	1560	852	1981	1010	1182	912	1201	837	1303	457	1105	1633	1042	740	486	2422	185	795	787	1104	1101	501	749	1082	2535	965	62	1121	177	979	1249	1196	1105	916	808	1076	1003	1195	1091	902	1088	1077	982	807	793	860	1135	1122	185	1376	494	1126	1003	1044	996	922	769	750	680	2054	784	1122	712	444	1760	895	908	928	1365	868	1124	1388	1881	88	1144	112	812	868	1252	1199	154	176	973	816	749	433	1088	1049	1077	2042	965	473	1196	687	2465	1410	1706	846	107	1337	2616	107	352	693	397	1077	1438	270	954	101	1169	1944	1113	955	339	138	1203	1357	141	1203	1988	800	793	2270	855	112	866	1028	1005	1171	1231	2782	188	101	1204	1042	505	849	1000	1184	950	790	660	1392	1016	978	541	854	1071	1086	203	1195	1101	852
637	1241	457	852	1515	391	617	1278	1359	2650	1365	1029	578	790	1714	856	3364	1635	644	262	257	1241	602	599	1275	0	1238	1559	629	1809	387	1741	620	636	598	1249	818	1465	1767	791	733	1311	254	435	751	2248	450	776	569	141	2449	666	605	1455	157	1637	666	607	294	695	2022	281	293	2278	1209	418	142	1697	618	1577	306	526	601	160	727	752	438	1738	278	655	431	1310	1209	461	783	233	1011	1227	1934	1113	984	2042	2118	466	1360	438	422	663	145	428	1026	751	267	437	1608	1716	1251	476	755	1600	294	1165	1025	601	1334	1308	706	672	698	3012	1379	555	144	1653	1365	1717	1448	918	428	776	1450	1606	686	698	1215	397	260	435	791	1550	1071	584	258	599	1755	647	551	538	564	981	644	262	1618	2423	602	2983	736	737	2150	256	706	716	1308	265	2192	261	1018	802	1277	1360	1027	927	273	247	776	631	293	1360	317	1310	615	1102	450	441	745	273	1114	666	295	679	157	204	420	277	449	849	1159	680	1013	528	550	1360	668	784	1803	679	2314	712	599	632	965	1561	824	712	406	1734	840	529	2145	1276	2035	2240	1029	1910	146	3138	1315	621	1207	464	1029	2375	257	1214	1165	310	776	647	1030	277	261	293	794	547	804	267	626	3684	706	549	1048	1366	877	3856	1295	1347	698	1016	290	315	1491	364	1322	2437	731	431	386	1581	1226	240	1800	1341	266	3250	1860	680	1012	587	1207	593	299	838	2108	774	1506	1365	1322	257	1315	772	1556	714	738	389	839	1608	303	733	1348	1805	1849	294	428	1093	157	247	602
625	895	809	1262	754	855	648	832	2593	1577	854	209	709	449	776	492	2322	1522	663	981	1020	895	639	641	831	1238	0	1688	691	2054	858	606	1024	853	644	102	775	1277	662	491	708	909	1021	804	733	1295	967	462	689	1105	1475	578	659	1061	1089	555	578	765	945	568	1920	957	1088	1976	931	845	1104	1695	649	2541	1545	784	644	1086	714	782	983	1693	1298	618	833	795	931	802	767	1025	240	2195	1890	1064	256	974	1819	939	1016	983	873	876	1098	984	212	733	1011	974	532	477	782	877	785	488	945	2129	242	868	956	409	533	916	593	1945	210	814	1216	580	1019	621	236	531	1017	462	1422	377	552	593	931	883	982	950	491	482	914	679	983	641	664	623	1087	705	677	266	663	980	1693	1189	639	1768	551	673	1235	1021	532	798	409	976	988	988	228	705	2515	1016	211	311	968	991	766	643	946	2595	968	796	713	817	788	931	679	968	173	578	943	595	1090	1157	1100	962	815	442	79	566	236	786	762	1016	904	750	564	595	1484	564	641	631	278	455	2048	533	869	665	715	1527	1258	78	960	1014	224	1953	1271	2174	919	725	891	947	224	2022	1020	941	668	973	462	623	454	962	983	946	1791	696	752	1011	714	2609	917	1406	198	921	733	2813	740	1172	593	505	949	1528	786	1119	932	1749	1964	846	860	857	933	1033	621	972	1016	2295	1619	566	2018	654	891	646	943	465	1998	692	2576	1019	932	1023	210	769	1656	564	673	858	399	532	1158	557	158	1048	723	945	835	699	1090	991	639
1380	2375	1365	707	2404	1562	1372	2355	2242	3204	2414	1601	1321	1509	2463	1290	3940	2956	1292	1459	1387	2375	1541	1464	2352	1559	1688	0	1270	368	1559	2264	986	1085	1550	1781	2003	2728	2330	1369	1871	2423	1391	1467	1911	2978	1810	1537	1385	1484	3149	1566	1372	2594	1477	2237	1566	1201	1481	1634	3374	1481	1287	3534	2379	1376	1482	3077	1366	1457	1685	1284	1566	1473	1870	1952	1812	3100	1307	1356	1373	2346	2379	1372	1967	1596	1662	1270	3309	634	1560	2637	3368	1803	2517	1812	1317	1043	1489	1198	1599	1911	1382	1803	2217	1956	2306	1235	1956	1575	1481	1234	1499	1106	2465	2060	1486	1005	1689	3559	1615	1778	1687	2263	2521	2296	1697	1892	1177	1537	2795	1810	1528	1689	2382	1346	1541	1216	1369	2169	2282	1371	1542	1464	2336	1644	1985	1438	1541	1526	1292	1464	3026	2564	1541	3166	1344	1174	2922	1387	1524	1064	2060	1474	2061	1572	1648	1934	2257	2517	1600	1577	1467	1496	1960	1653	1475	2242	1648	2347	1258	2240	1475	1225	1160	1466	1527	1566	1481	1359	1476	1711	1878	1483	1370	1373	1656	1579	1533	1277	1279	2517	1017	1955	2020	1359	3172	1361	1464	1626	1622	2138	1800	1580	1352	2344	1976	1203	2946	1644	2621	2464	1533	3323	1429	3834	2432	1234	2353	1808	1533	3604	1387	2387	2179	1644	1537	1644	1925	1483	1557	1481	1196	1439	1975	1382	1752	4191	976	1074	1561	2460	1016	4415	2301	2602	1689	1956	1484	1789	2420	1838	2443	3425	1813	1346	1560	2505	2390	1398	1767	2479	1378	3956	3128	1579	1264	1544	2353	1528	1543	1350	3460	1122	1674	2521	2443	1383	1545	1958	2970	1357	1172	1564	1563	2217	1257	1338	1637	2717	2376	1488	1374	2156	1476	1496	1541
113	1116	179	660	1222	358	102	1107	1938	2238	1176	499	64	290	1352	233	2979	1685	29	375	375	1116	271	194	1104	629	691	1270	0	1602	358	1275	366	202	280	737	732	1459	1319	200	600	1169	378	254	641	1901	602	305	121	488	2095	298	101	1340	473	1196	298	84	360	367	2104	369	410	2271	1114	215	487	1809	96	1862	924	105	296	469	599	683	611	1831	617	96	204	1108	1114	178	697	486	519	1512	2040	669	446	1624	2106	586	1257	611	209	241	485	293	496	641	366	600	1168	1152	1061	188	687	980	360	1446	451	200	1209	916	233	285	421	2608	786	526	667	1217	1262	1272	865	642	325	305	1526	1025	266	421	1118	232	423	260	200	1110	1012	103	425	194	1314	374	782	179	274	428	29	377	1763	1871	271	2459	140	127	1821	376	267	206	916	379	1582	446	516	664	1872	1257	497	417	369	403	690	383	357	1939	484	1109	21	976	251	241	141	369	535	298	358	110	473	639	711	374	187	252	619	313	455	104	80	1257	272	685	1240	110	2036	133	194	356	467	1103	1387	320	222	1304	706	836	1831	706	1612	1702	467	2058	616	2800	1178	40	1091	593	467	2347	375	1123	939	484	305	374	703	374	433	360	1101	178	704	366	485	3278	305	717	494	1211	308	3472	1070	1332	421	721	364	944	1222	693	1189	2238	1314	198	359	1314	1126	391	1189	1222	368	2919	1861	313	1329	275	1091	258	397	232	2190	181	1885	1262	1189	376	714	689	1709	131	129	362	356	1168	474	134	764	1541	1391	364	206	902	473	403	271
