NAME : VRPTW_INSTANCE_94.txt
COMMENT : Bangkok Supermarket
TYPE : VRPTW
DIMENSION : 222
DAYS : Tuesday
EDGE_WEIGHT_TYPE : EXPLICIT
VEHICLES : 33
EDGE_WEIGHT_FORMAT : FULL_MATRIX
CAPACITY : 1000
EDGE_WEIGHT_SECTION
0	190	170	1058	789	425	214	617	189	517	524	1221	425	437	1420	1031	1036	1894	46	1117	245	428	773	1236	613	737	978	1137	218	246	933	428	124	611	76	629	574	984	288	37	2515	399	608	1315	253	964	1017	279	1627	258	88	208	1455	1358	124	389	814	402	962	1114	365	482	213	2190	204	1994	121	491	1585	414	978	215	611	120	580	215	408	617	153	489	837	464	1137	606	221	425	401	1119	1120	199	37	103	503	379	390	639	246	150	394	348	39	1300	379	957	464	288	428	2758	193	155	208	503	282	88	942	83	641	1558	171	395	1150	1010	309	1240	312	929	1145	171	284	368	373	1247	1917	650	547	254	190	30	256	301	991	820	197	993	298	481	366	1164	1727	25	438	410	346	532	442	1151	496	192	214	189	351	408	418	404	359	1126	353	170	1406	1381	202	618	174	599	351	404	1120	214	192	255	404	1476	1190	640	1185	322	1221	34	582	1231	1808	213	1190	395	814	424	1652	306	1851	968	206	1070	287	190	407	255	330	165	605	1266	59	1116	217	990	28	124	60	1727	192	957	1127	366
190	0	87	1174	781	446	210	791	373	629	489	1400	446	495	1602	879	1221	1816	191	1304	209	470	964	1354	680	928	1164	1324	403	155	1098	597	313	785	183	597	763	1097	366	174	2668	345	783	1266	66	1149	1203	114	1797	437	110	282	1602	1549	313	576	924	255	1147	952	364	452	134	2370	283	2168	77	464	1428	479	1164	210	443	229	747	183	438	791	41	663	1028	647	1324	621	409	446	254	1286	1237	387	170	217	473	382	337	706	153	62	397	355	165	1469	382	1144	647	366	606	2949	371	346	203	473	255	110	1133	208	590	1638	163	522	1309	1037	492	1052	126	1095	1314	163	459	363	229	1372	1827	659	634	158	267	170	160	247	1173	934	197	1183	381	451	363	1280	1912	165	501	360	471	635	613	1004	465	362	282	375	363	438	452	257	172	1297	165	87	1235	1512	300	703	344	764	362	352	968	383	362	445	257	1287	1352	734	1306	378	1400	177	751	1398	1983	134	1352	241	924	455	1488	385	1714	1158	397	1256	129	5	544	217	497	337	514	1445	180	1233	374	1179	171	313	180	1912	362	1144	952	363
170	87	0	1209	701	360	122	728	327	546	413	1339	360	408	1589	960	1167	1759	192	1253	125	382	923	1389	593	894	1111	1273	358	236	1028	598	291	723	198	521	719	1134	282	140	2682	271	721	1198	144	1097	1152	114	1729	428	126	200	1621	1506	291	528	962	232	1094	944	279	374	211	2308	201	2103	111	386	1416	392	1111	123	441	252	680	97	351	728	92	602	986	633	1273	536	366	360	231	1289	1272	345	137	236	395	297	263	619	235	36	312	269	133	1470	297	1094	633	282	599	2914	363	318	115	395	327	126	1090	151	520	1690	77	548	1319	1105	441	1108	200	1098	1316	77	454	279	203	1403	1775	576	548	241	186	141	243	170	1116	970	109	1145	297	373	278	1316	1893	149	414	286	498	550	550	1086	387	305	199	358	276	351	365	234	241	1297	231	0	1236	1540	333	616	289	697	275	278	951	324	305	410	234	1338	1360	648	1339	291	1339	143	752	1401	1979	211	1360	225	962	369	1482	300	1687	1119	361	1205	216	82	565	133	499	283	601	1383	134	1268	310	1134	143	291	133	1893	305	1094	958	278
1058	1174	1209	0	1807	1450	1272	1168	1037	1385	1575	1442	1450	1423	869	1472	1226	2949	1022	1230	1303	1434	960	180	1548	880	1179	1250	1025	1063	1406	689	975	1167	1011	1674	973	77	1288	1095	1550	1457	1160	2354	1196	1175	1188	1288	1862	844	1083	1237	506	1250	975	1001	250	1429	1185	2111	1410	1532	1061	2215	1231	2118	1105	1539	2588	1396	1179	1273	1606	957	1207	1273	1428	1168	1137	1124	981	741	1250	1616	1009	1450	1428	478	63	1011	1095	973	1552	1420	1448	1571	1065	1176	1434	1391	1096	606	1420	1146	741	1288	723	2309	891	976	1265	1552	956	1083	1031	1129	1694	566	1229	663	405	549	1034	1932	1224	436	509	1229	815	1414	1402	207	2975	1661	1460	1065	1223	1088	1064	1360	1248	239	1255	1000	1290	1531	1412	106	1171	1069	1418	1468	712	1415	1135	1525	1546	1089	1245	916	1391	1428	1433	1431	1255	526	1257	1209	2370	356	876	1518	1089	1222	1392	1462	2136	1096	1089	958	1431	2167	452	1514	136	1335	1442	1092	580	526	1068	1061	452	1415	250	1441	2637	1301	2888	995	979	1218	1153	1177	652	1313	756	1084	1023	1487	1115	59	1128	1088	1086	975	1116	1171	1089	1146	2083	1412
789	781	701	1807	0	364	589	835	770	486	296	1305	364	385	1923	1537	1236	1169	833	1333	576	373	1151	1977	316	1174	1203	1345	782	936	948	1121	839	832	858	195	978	1737	520	754	3139	440	836	552	814	1190	1243	705	1558	962	809	584	2129	1630	839	848	1578	618	1181	878	427	329	912	2174	589	1934	807	317	1211	412	1203	588	686	908	764	606	384	835	794	782	1197	1092	1345	191	798	364	620	1740	1865	795	756	891	309	411	446	308	934	737	396	442	757	1894	411	1205	1092	520	1093	3016	920	832	597	309	1028	809	1271	706	233	2335	641	1163	1798	1796	789	1469	843	1568	1756	641	992	425	623	1977	1217	145	397	940	601	764	942	534	1164	1579	606	1347	517	330	427	1908	2173	788	390	424	1119	454	742	1665	317	717	577	893	438	384	376	618	859	1729	849	701	1171	2096	991	377	718	764	438	432	817	711	717	852	618	1644	1826	413	1923	476	1305	756	1253	1845	2342	912	1826	640	1578	369	1315	507	1330	1323	827	1284	894	775	1163	567	1051	723	1286	1331	730	1861	678	1284	765	839	729	2173	717	1205	994	427
425	446	360	1450	364	0	239	610	417	289	156	1184	0	95	1648	1284	1058	1504	470	1154	238	50	896	1623	251	899	1013	1170	434	595	834	770	477	605	496	230	699	1379	163	392	2828	172	607	903	493	999	1055	400	1520	605	453	219	1796	1439	477	535	1217	373	992	933	86	124	568	2125	225	1901	456	122	1358	105	1013	238	541	545	542	263	24	610	450	516	952	755	1170	181	450	0	374	1421	1510	443	394	528	134	68	171	275	594	393	56	91	395	1586	68	1005	755	163	748	2853	559	473	246	135	677	453	1043	342	267	1972	290	800	1471	1435	461	1330	536	1240	1441	290	635	89	362	1626	1539	225	241	600	236	402	602	216	994	1219	254	1112	163	124	89	1553	1923	427	106	162	755	274	464	1412	133	364	213	533	83	24	28	374	564	1416	553	360	1243	1750	628	294	362	550	84	167	905	362	364	506	374	1539	1504	336	1569	115	1184	393	911	1530	2061	568	1504	390	1217	24	1446	153	1558	1087	475	1104	571	441	802	231	694	367	961	1220	367	1505	329	1070	403	477	366	1923	364	1005	1002	89
214	210	122	1272	589	239	0	654	300	434	312	1263	239	286	1584	1074	1103	1680	254	1193	40	260	882	1449	470	863	1050	1212	329	356	939	624	307	649	273	419	675	1198	170	177	2712	185	648	1103	263	1035	1091	194	1639	450	219	102	1659	1458	307	486	1029	248	1031	941	162	271	329	2227	107	2016	218	281	1402	271	1050	1	462	327	599	33	228	654	210	533	944	639	1212	418	342	239	248	1309	1333	325	178	310	292	179	175	497	355	154	194	150	177	1485	179	1035	639	170	615	2872	390	321	7	292	440	219	1045	146	427	1772	52	609	1346	1208	398	1189	313	1120	1333	52	479	163	222	1459	1703	459	429	361	97	185	363	92	1048	1034	17	1104	185	270	162	1377	1879	207	292	196	560	435	478	1201	285	262	97	375	156	228	242	250	350	1311	340	122	1243	1591	412	496	249	614	155	190	937	275	262	395	250	1413	1384	529	1398	171	1263	180	776	1420	1983	329	1384	252	1029	246	1476	186	1651	1079	349	1144	338	204	619	47	532	247	724	1305	156	1329	251	1084	187	307	155	1879	262	1035	975	162
617	791	728	1168	835	610	654	0	428	353	765	611	610	522	1091	1646	453	1988	643	546	691	563	319	1308	519	356	404	563	402	860	324	548	525	5	673	808	196	1117	507	620	2326	751	10	1365	858	389	445	836	1010	509	705	552	1369	828	525	254	1002	899	383	1542	649	735	827	1579	547	1378	735	732	1967	505	404	655	1107	677	71	686	589	0	761	127	362	454	563	675	403	610	900	960	1215	424	625	671	744	641	745	529	860	733	643	631	629	1090	641	395	454	507	498	2243	534	487	656	744	865	705	439	582	861	1734	666	705	1034	1387	312	1836	917	817	969	666	520	655	875	1290	2046	710	440	867	558	626	869	722	394	993	653	513	494	735	653	1253	1338	641	511	748	694	383	178	1764	743	429	557	504	624	589	581	901	963	939	955	728	1852	1381	706	461	447	72	626	749	1516	408	429	396	901	2065	1052	432	1253	540	611	617	597	1055	1511	827	1052	906	1002	587	2056	500	2146	489	431	496	903	788	677	693	558	454	1191	654	610	1210	418	461	625	525	610	1338	429	395	1602	653
189	373	327	1037	770	417	300	428	0	393	555	1032	417	386	1283	1217	848	1921	214	931	341	397	595	1207	529	568	790	951	31	431	748	353	108	423	244	646	392	968	254	198	2425	466	420	1318	438	776	830	441	1439	193	278	223	1383	1179	108	203	810	540	774	1242	392	514	398	2001	216	1805	310	519	1702	359	790	301	755	256	396	321	393	428	339	301	659	346	951	578	41	417	540	1018	1095	26	202	247	532	398	457	554	431	321	410	371	207	1190	398	771	346	254	332	2587	163	78	298	532	445	278	763	176	674	1571	286	406	1061	1087	119	1426	498	832	1040	286	222	398	512	1209	1955	624	448	438	215	203	440	391	802	811	290	817	254	513	395	1139	1579	214	382	472	370	416	258	1336	527	52	231	130	370	393	398	542	545	1017	538	327	1543	1333	306	515	56	416	371	469	1237	61	52	95	542	1660	1097	526	1154	302	1032	195	495	1128	1684	398	1097	539	810	405	1777	264	1942	792	58	883	477	371	399	347	282	54	773	1077	195	1091	91	808	202	108	195	1579	52	771	1272	395
517	629	546	1385	486	289	434	353	393	0	430	896	289	194	1437	1506	783	1650	561	880	457	239	666	1545	175	688	742	895	390	750	545	700	496	349	593	459	493	1322	264	499	2657	456	353	1028	690	728	783	627	1232	574	585	346	1663	1172	496	388	1178	642	720	1216	354	408	718	1835	346	1613	605	402	1624	188	742	433	826	625	281	467	273	353	615	298	714	646	895	321	403	289	643	1265	1440	411	503	611	412	340	452	192	750	567	336	343	507	1412	340	739	646	264	662	2579	556	471	438	413	800	585	793	445	514	1937	469	794	1328	1481	354	1605	745	1100	1279	469	599	360	624	1538	1702	357	88	757	361	509	759	465	716	1175	441	867	249	408	358	1481	1691	533	182	447	762	32	264	1632	413	352	346	522	334	273	261	643	783	1251	773	546	1525	1647	690	133	364	284	336	452	1181	335	352	442	643	1820	1354	133	1490	269	896	498	810	1368	1856	718	1354	655	1178	265	1717	247	1793	842	439	830	758	625	781	455	656	373	1120	932	478	1435	314	812	509	496	478	1691	352	739	1290	358
524	489	413	1575	296	156	312	765	555	430	0	1326	156	242	1804	1255	1210	1373	566	1306	291	201	1053	1750	340	1056	1165	1321	576	644	972	906	600	760	586	108	856	1502	307	488	2977	144	762	790	518	1151	1207	409	1646	736	529	339	1939	1593	600	689	1336	329	1144	785	164	42	622	2256	345	2027	522	36	1202	259	1165	311	442	639	695	322	180	765	505	673	1109	900	1321	183	592	156	330	1569	1636	582	489	622	23	157	152	357	642	449	145	185	488	1737	157	1159	900	307	888	3006	684	602	319	23	740	529	1199	447	119	2083	362	916	1616	1517	612	1242	547	1386	1590	362	766	160	330	1757	1402	202	365	648	352	496	649	243	1144	1340	330	1268	311	43	162	1679	2080	519	254	129	868	410	621	1383	28	504	331	662	186	180	185	329	564	1566	553	413	1095	1885	724	399	499	702	184	137	752	506	504	648	329	1439	1650	444	1698	258	1326	490	1051	1679	2216	622	1650	350	1336	178	1291	302	1402	1243	613	1255	598	483	922	281	823	502	990	1361	465	1631	473	1225	498	600	464	2080	504	1159	864	162
1221	1400	1339	1442	1305	1184	1263	611	1032	896	1326	0	1184	1089	933	2240	223	2352	1243	216	1298	1133	534	1523	1014	612	281	199	1003	1458	358	1030	1118	616	1270	1343	672	1418	1108	1228	2165	1342	618	1751	1467	291	260	1447	439	1065	1310	1160	1425	411	1118	836	1367	1505	286	2112	1238	1305	1427	969	1156	779	1342	1299	2505	1079	281	1263	1707	1266	664	1295	1166	611	1369	737	487	924	199	1194	1001	1184	1505	1047	1466	1023	1232	1263	1309	1227	1337	1011	1459	1343	1226	1223	1237	1081	1227	313	924	1108	983	1712	1108	1080	1265	1309	1448	1310	413	1193	1402	1979	1277	1212	1142	1819	912	2447	1527	1008	1035	1277	1066	1244	1482	1483	2431	1216	964	1466	1167	1233	1467	1325	238	1350	1262	442	1094	1305	1242	1492	1039	1246	1078	1336	1219	916	789	2353	1310	1038	1165	1083	1214	1166	1155	1507	1573	1004	1565	1339	2421	1518	1279	948	1056	649	1217	1339	2074	1017	1038	981	1507	2676	1131	905	1474	1135	0	1225	994	1093	1305	1427	1131	1513	1367	1159	2603	1098	2632	446	1023	223	1509	1398	1175	1300	1083	1063	1764	49	1219	1462	1029	354	1232	1118	1219	1039	1038	313	2186	1242
425	446	360	1450	364	0	239	610	417	289	156	1184	0	95	1648	1284	1058	1504	470	1154	238	50	896	1623	251	899	1013	1170	434	595	834	770	477	605	496	230	699	1379	163	392	2828	172	607	903	493	999	1055	400	1520	605	453	219	1796	1439	477	535	1217	373	992	933	86	124	568	2125	225	1901	456	122	1358	105	1013	238	541	545	542	263	24	610	450	516	952	755	1170	181	450	0	374	1421	1510	443	394	528	134	68	171	275	594	393	56	91	395	1586	68	1005	755	163	748	2853	559	473	246	135	677	453	1043	342	267	1972	290	800	1471	1435	461	1330	536	1240	1441	290	635	89	362	1626	1539	225	241	600	236	402	602	216	994	1219	254	1112	163	124	89	1553	1923	427	106	162	755	274	464	1412	133	364	213	533	83	24	28	374	564	1416	553	360	1243	1750	628	294	362	550	84	167	905	362	364	506	374	1539	1504	336	1569	115	1184	393	911	1530	2061	568	1504	390	1217	24	1446	153	1558	1087	475	1104	571	441	802	231	694	367	961	1220	367	1505	329	1070	403	477	366	1923	364	1005	1002	89
437	495	408	1423	385	95	286	522	386	194	242	1089	95	0	1576	1354	967	1547	483	1063	297	44	816	1592	184	825	923	1079	397	636	739	736	464	517	512	294	624	1354	149	408	2770	264	520	936	549	908	964	467	1425	579	482	231	1748	1350	464	473	1196	459	901	1026	167	216	606	2030	234	1806	491	211	1445	26	923	285	634	556	452	316	80	522	491	435	870	708	1079	194	413	95	460	1365	1481	411	411	540	223	150	261	211	635	437	144	160	413	1525	150	916	708	149	708	2763	541	452	292	223	707	482	958	354	341	1956	332	786	1419	1444	406	1420	597	1188	1383	332	609	171	445	1592	1589	239	152	642	249	418	644	290	901	1197	298	1029	141	216	171	1524	1845	444	11	255	745	180	386	1482	223	334	227	512	151	80	68	460	630	1357	619	408	1336	1712	635	213	336	460	153	259	995	326	334	466	460	1631	1450	251	1538	119	1089	408	868	1472	1991	606	1450	474	1196	70	1534	132	1633	1004	443	1013	624	490	783	292	668	343	1007	1125	384	1476	294	983	419	464	383	1845	334	916	1097	171
1420	1602	1589	869	1923	1648	1584	1091	1283	1437	1804	933	1648	1576	0	2203	809	3080	1410	742	1624	1609	773	841	1609	752	804	749	1255	1565	1121	1009	1297	1094	1420	1871	952	897	1502	1449	1257	1743	1089	2457	1654	811	779	1699	1239	1164	1491	1501	576	562	1297	1116	969	1817	824	2525	1655	1767	1546	1427	1494	1388	1524	1768	2985	1553	804	1585	2030	1381	1161	1603	1624	1091	1561	1145	732	956	749	1753	1242	1648	1816	406	852	1259	1451	1390	1781	1655	1734	1620	1567	1571	1663	1635	1455	268	1655	784	956	1502	996	1458	1230	1272	1581	1781	1492	1491	680	1449	1915	1251	1565	1140	463	1405	1198	2581	1704	559	371	1565	1142	1661	1788	783	3137	1792	1526	1571	1496	1447	1571	1674	873	946	1573	604	1495	1766	1659	852	326	1443	1567	1746	1181	1469	1191	2283	1778	1325	1509	1231	1630	1624	1622	1819	1748	366	1745	1589	2824	738	1335	1552	1336	1164	1632	1744	2520	1316	1325	1189	1819	2823	417	1524	815	1548	933	1445	863	342	419	1546	417	1813	969	1628	3060	1504	3207	622	1235	769	1650	1603	1103	1631	1109	1337	1704	960	1457	850	1346	693	1446	1297	1458	326	1325	784	2547	1659
1031	879	960	1472	1537	1284	1074	1646	1217	1506	1255	2240	1284	1354	2203	0	2040	2260	1002	2111	1057	1320	1747	1625	1534	1689	1980	2133	1244	786	1965	1265	1123	1640	973	1343	1571	1406	1242	1034	3003	1128	1637	1869	816	1967	2015	886	2656	1181	946	1160	1978	2313	1123	1404	1269	927	1967	1123	1197	1235	818	3204	1161	3018	918	1248	1506	1343	1980	1075	872	973	1612	1042	1283	1646	899	1519	1809	1360	2133	1429	1243	1284	925	1812	1527	1222	1029	977	1250	1216	1125	1559	786	941	1228	1197	1025	1993	1216	1955	1360	1242	1302	3644	1133	1161	1069	1250	793	946	1913	1080	1305	1677	1037	1094	1791	1004	1334	525	761	1644	1847	1037	1186	1194	929	1671	2227	1456	1503	778	1146	1026	776	1067	2004	1290	1066	1946	1257	1234	1194	1559	2529	1008	1362	1143	1066	1510	1474	128	1243	1223	1160	1157	1206	1283	1298	926	725	1843	735	960	1230	1817	965	1568	1205	1631	1204	1135	1201	1245	1223	1259	926	726	1842	1603	1600	1245	2240	1036	1376	1909	2507	818	1842	906	1269	1300	1499	1259	1886	1923	1218	2068	753	883	1134	1062	1184	1197	503	2287	1048	1525	1244	1968	1027	1123	1049	2529	1223	1955	1003	1194
1036	1221	1167	1226	1236	1058	1103	453	848	783	1210	223	1058	967	809	2040	0	2340	1053	97	1141	1010	312	1317	927	389	60	111	817	1265	322	812	926	458	1078	1242	468	1200	960	1046	2064	1204	458	1725	1287	73	38	1278	663	859	1124	1001	1248	393	926	646	1144	1350	73	1992	1101	1183	1235	1164	996	990	1157	1179	2408	953	60	1104	1559	1069	517	1133	1038	453	1187	569	263	706	111	1099	814	1058	1350	855	1253	836	1051	1067	1190	1093	1198	929	1266	1167	1094	1084	1055	913	1093	90	706	960	765	1796	906	888	1104	1190	1247	1124	195	1017	1298	1772	1110	995	948	1595	728	2273	1346	796	847	1110	857	1107	1325	1280	2411	1129	862	1272	1006	1051	1274	1174	73	1127	1100	240	947	1183	1106	1281	979	1061	956	1200	1004	808	624	2151	1190	862	1007	884	1076	1038	1029	1352	1393	815	1386	1167	2302	1325	1075	862	879	508	1079	1202	1962	842	862	787	1352	2506	943	823	1266	993	223	1043	770	914	1210	1235	943	1356	1144	1035	2500	953	2565	238	832	48	1322	1219	957	1144	870	885	1557	272	1041	1250	858	142	1050	926	1041	979	862	90	2055	1106
1894	1816	1759	2949	1169	1504	1680	1988	1921	1650	1373	2352	1504	1547	3080	2260	2340	0	1933	2434	1651	1527	2307	3124	1475	2337	2319	2441	1938	1960	2024	2275	1973	1986	1950	1276	2144	2876	1667	1858	4307	1496	1991	623	1818	2308	2355	1708	2469	2108	1884	1712	3296	2727	1973	2017	2709	1572	2297	1148	1538	1416	1948	3049	1718	2798	1870	1409	957	1574	2319	1679	1472	2004	1919	1682	1527	1988	1844	1948	2348	2256	2441	1355	1954	1504	1573	2909	3009	1947	1858	1987	1396	1529	1505	1461	1958	1795	1515	1558	1857	3062	1529	2328	2256	1667	2252	4039	2057	1974	1686	1396	2069	1884	2411	1820	1255	3449	1726	2289	2966	2845	1954	1919	1818	2736	2925	1726	2138	1534	1594	3129	119	1311	1561	1961	1726	1865	1963	1596	2267	2714	1697	2488	1667	1417	1536	3053	3310	1886	1554	1484	2241	1618	1910	2367	1402	1868	1704	2034	1557	1527	1523	1570	1809	2898	1802	1759	1182	3255	2089	1529	1866	1916	1556	1490	1063	1866	1868	2009	1570	1958	2995	1555	3071	1619	2352	1860	2414	3015	3499	1948	2995	1591	2709	1516	1052	1657	678	2466	1979	2389	1887	1811	2296	1642	2196	1870	2230	2364	1836	3005	1832	2414	1867	1973	1835	3310	1868	2328	1289	1536
46	191	192	1022	833	470	254	643	214	561	566	1243	470	483	1410	1002	1053	1933	0	1132	282	474	783	1201	659	742	994	1153	241	216	963	409	128	638	32	671	588	948	334	79	2490	437	634	1357	248	981	1033	292	1653	246	80	254	1429	1367	128	407	777	423	980	1133	409	524	184	2212	250	2018	115	533	1607	460	994	255	626	74	611	251	453	643	150	516	847	455	1153	652	242	470	422	1100	1085	220	77	57	545	422	428	685	216	165	438	392	77	1282	422	973	455	334	415	2762	180	165	247	545	240	80	952	130	682	1518	207	360	1128	964	332	1229	304	909	1127	207	268	411	394	1214	1954	695	592	223	236	69	225	338	1010	784	237	1000	344	523	410	1129	1720	47	485	449	310	576	472	1121	538	226	259	184	395	453	464	425	351	1109	345	192	1422	1350	158	663	210	630	396	443	1143	248	226	267	425	1466	1169	684	1151	368	1243	77	563	1212	1794	184	1169	414	777	470	1671	352	1879	975	220	1086	269	192	374	292	309	200	566	1289	103	1081	255	1001	68	128	104	1720	226	973	1141	410
1117	1304	1253	1230	1333	1154	1193	546	931	880	1306	216	1154	1063	742	2111	97	2434	1132	0	1231	1106	366	1308	1025	435	143	22	900	1342	412	867	1004	551	1156	1340	544	1209	1053	1129	1992	1298	551	1820	1369	157	101	1365	635	929	1205	1091	1212	296	1004	728	1167	1441	162	2088	1195	1279	1312	1098	1086	939	1239	1275	2505	1048	143	1193	1651	1144	612	1223	1133	546	1269	660	308	763	22	1197	895	1154	1441	831	1252	917	1133	1143	1286	1187	1292	1027	1342	1251	1189	1178	1138	871	1187	159	763	1053	823	1699	979	966	1193	1287	1318	1205	215	1102	1395	1764	1198	1050	926	1625	812	2357	1429	795	819	1198	925	1202	1415	1267	2505	1226	960	1349	1095	1133	1351	1265	169	1149	1189	229	1040	1279	1200	1277	893	1142	1052	1295	1063	906	715	2219	1286	947	1097	959	1170	1133	1125	1442	1475	789	1468	1253	2398	1302	1145	959	964	603	1173	1296	2059	928	947	865	1442	2590	915	920	1259	1087	216	1126	810	879	1134	1312	915	1445	1167	1130	2597	1046	2662	237	911	50	1401	1302	1011	1234	932	970	1622	258	1125	1249	946	153	1132	1004	1125	893	947	159	2149	1200
245	209	125	1303	576	238	40	691	341	457	291	1298	238	297	1624	1057	1141	1651	282	1231	0	266	921	1482	480	903	1088	1250	370	361	971	661	345	685	299	399	715	1229	197	208	2750	155	685	1080	255	1073	1129	171	1671	488	238	139	1695	1497	345	527	1060	209	1069	901	154	251	336	2261	144	2048	232	262	1362	285	1088	39	422	353	634	31	232	691	217	571	983	679	1250	412	382	238	209	1347	1365	365	208	336	272	173	146	505	360	160	188	147	207	1524	173	1073	679	197	653	2912	427	360	43	272	452	238	1084	183	402	1799	74	640	1384	1226	438	1157	300	1159	1372	74	516	154	184	1492	1672	450	445	366	136	215	368	56	1085	1066	52	1144	212	249	153	1409	1920	235	304	168	591	456	516	1184	264	302	133	413	155	232	246	211	332	1351	322	125	1203	1626	438	510	290	649	154	161	897	315	302	435	211	1379	1422	545	1431	189	1298	211	814	1459	2023	336	1422	215	1060	249	1436	211	1613	1119	389	1181	333	203	652	9	568	287	723	1340	189	1361	290	1123	217	345	188	1920	302	1073	934	153
428	470	382	1434	373	50	260	563	397	239	201	1133	50	44	1609	1320	1010	1527	474	1106	266	0	853	1605	214	859	965	1121	412	615	784	750	467	558	502	262	658	1364	147	397	2796	220	560	921	520	950	1006	434	1470	589	465	219	1770	1392	467	500	1204	418	944	982	126	172	586	2074	224	1851	472	169	1404	57	965	259	590	548	494	287	38	563	469	472	908	728	1121	183	428	50	419	1390	1493	423	400	532	181	108	218	239	613	413	101	123	401	1552	108	958	728	147	724	2805	547	459	266	181	691	465	997	344	305	1962	309	790	1442	1438	429	1378	566	1211	1409	309	619	130	405	1606	1565	228	194	620	237	407	622	253	945	1206	273	1067	144	173	130	1536	1881	432	56	211	748	224	421	1448	180	344	214	519	114	38	23	419	597	1384	587	382	1292	1728	629	250	345	502	116	215	953	340	344	482	419	1587	1474	291	1551	106	1133	397	886	1498	2023	586	1474	433	1204	26	1493	133	1598	1042	455	1055	597	464	790	260	678	350	984	1170	372	1488	306	1023	408	467	371	1881	344	958	1052	130
773	964	923	960	1151	896	882	319	595	666	1053	534	896	816	773	1747	312	2307	783	366	921	853	0	1073	836	82	252	389	564	986	451	502	654	321	804	1110	206	923	766	791	2009	1014	316	1684	1027	242	279	1037	973	566	859	785	1079	585	654	396	848	1129	248	1811	918	1019	958	1465	779	1300	894	1019	2253	796	252	882	1344	787	388	908	873	319	926	381	64	396	389	984	556	896	1129	667	995	578	794	788	1031	914	1007	847	987	916	920	898	799	781	914	221	396	766	456	1992	620	619	881	1032	955	859	169	771	1158	1520	877	685	750	1289	484	2012	1085	555	671	877	560	924	1101	1045	2364	1022	754	993	785	793	995	964	305	833	875	222	756	1019	922	1028	1028	799	806	1014	697	697	432	1854	1029	622	792	603	892	873	868	1131	1132	640	1126	923	2118	1116	782	779	637	391	894	1014	1793	607	622	518	1131	2249	760	751	1020	808	534	787	461	754	1192	958	760	1130	848	875	2336	764	2450	197	566	328	1052	963	646	926	566	642	1256	583	790	991	631	221	792	654	790	1028	622	221	1855	922
1236	1354	1389	180	1977	1623	1449	1308	1207	1545	1750	1523	1623	1592	841	1625	1317	3124	1201	1308	1482	1605	1073	0	1711	997	1275	1326	1194	1243	1524	856	1150	1307	1191	1848	1112	257	1460	1273	1383	1635	1300	2526	1377	1272	1278	1468	1928	1017	1263	1412	374	1288	1150	1158	430	1609	1283	2291	1586	1708	1241	2238	1405	2160	1285	1715	2768	1565	1275	1450	1786	1137	1352	1451	1600	1308	1318	1274	1086	898	1326	1786	1178	1623	1608	496	117	1182	1273	1152	1728	1595	1625	1733	1245	1356	1608	1566	1275	572	1595	1242	898	1460	887	2241	1066	1150	1443	1728	1136	1263	1122	1305	1869	456	1407	841	405	659	1197	2097	1404	522	520	1407	987	1590	1582	60	3151	1831	1623	1245	1398	1266	1245	1538	1346	420	1433	1081	1462	1707	1588	74	1116	1248	1587	1645	891	1575	1290	1671	1721	1260	1420	1090	1566	1600	1605	1612	1435	544	1437	1389	2549	192	1056	1678	1261	1366	1567	1639	2317	1265	1260	1125	1612	2329	438	1672	55	1508	1523	1270	735	505	971	1241	438	1596	430	1613	2817	1472	3068	1080	1149	1302	1333	1358	829	1491	928	1256	1191	1566	1293	121	1298	1175	1264	1150	1294	1116	1260	1242	2263	1588
613	680	593	1548	316	251	470	519	529	175	340	1014	251	184	1609	1534	927	1475	659	1025	480	214	836	1711	0	862	891	1037	533	820	656	860	622	516	689	331	669	1483	326	586	2832	420	521	853	733	878	932	648	1310	720	664	411	1837	1320	622	558	1333	624	869	1107	337	335	790	1923	414	1691	675	325	1491	202	891	470	776	730	448	500	250	519	676	474	882	814	1037	180	548	251	625	1440	1604	551	590	714	330	319	420	26	819	622	308	337	592	1588	319	892	814	326	825	2716	692	603	477	330	888	664	956	531	392	2095	517	936	1503	1610	514	1574	780	1275	1454	517	747	341	614	1706	1528	202	89	826	429	597	828	466	856	1332	483	1031	315	336	341	1646	1857	622	179	407	899	143	439	1662	334	481	408	660	328	250	235	625	812	1427	801	593	1414	1818	804	66	488	448	330	413	1063	468	481	594	625	1776	1529	110	1656	303	1014	586	977	1543	2028	790	1529	641	1333	234	1588	308	1638	1007	582	975	809	675	928	474	806	496	1191	1045	563	1600	440	970	597	622	562	1857	481	892	1197	341
737	928	894	880	1174	899	863	356	568	688	1056	612	899	825	752	1689	389	2337	742	435	903	859	82	997	862	0	331	458	537	939	527	433	615	358	762	1119	200	842	760	758	1972	1006	352	1714	990	322	355	1008	1052	515	821	770	1018	628	615	377	766	1107	328	1800	913	1020	912	1532	764	1373	856	1020	2249	802	331	863	1323	740	421	887	875	356	890	393	127	331	458	1001	528	899	1107	607	917	548	761	742	1033	911	998	875	940	884	918	893	766	733	911	298	331	760	390	2021	573	581	861	1034	901	821	225	744	1165	1442	854	615	686	1208	465	1970	1047	482	614	854	505	919	1079	971	2391	1040	777	946	768	759	947	948	386	751	854	259	751	1020	917	950	1025	763	815	1008	631	720	439	1794	1031	600	778	559	888	875	872	1109	1093	584	1088	894	2105	1046	727	808	614	427	890	1007	1787	587	600	483	1109	2209	700	784	943	804	612	754	381	699	1169	912	700	1107	766	879	2329	760	2457	235	533	401	1009	927	576	909	504	618	1194	661	760	912	614	284	758	615	760	1025	600	298	1838	917
978	1164	1111	1179	1203	1013	1050	404	790	742	1165	281	1013	923	804	1980	60	2319	994	143	1088	965	252	1275	891	331	0	161	760	1206	317	752	867	409	1020	1202	409	1151	910	989	2061	1155	408	1702	1229	14	41	1223	721	799	1066	948	1221	429	867	588	1090	1297	22	1946	1053	1137	1176	1224	943	1051	1100	1134	2366	907	0	1050	1508	1010	471	1080	992	404	1129	517	206	645	161	1061	756	1013	1298	822	1208	778	993	1008	1146	1045	1149	895	1207	1111	1047	1035	998	891	1045	33	645	910	705	1840	846	829	1050	1146	1187	1066	153	960	1257	1729	1056	934	914	1538	671	2216	1289	753	816	1056	797	1059	1272	1240	2387	1092	823	1213	952	993	1215	1122	74	1074	1046	213	897	1137	1057	1237	992	1003	911	1152	944	769	572	2090	1145	806	954	824	1028	992	984	1299	1335	784	1329	1111	2256	1290	1014	827	822	462	1030	1153	1918	787	806	728	1299	2449	911	789	1224	944	281	986	712	886	1212	1176	911	1302	1090	989	2457	903	2530	204	774	93	1264	1162	897	1091	809	829	1496	330	984	1205	804	114	992	867	984	992	806	33	2006	1057
1137	1324	1273	1250	1345	1170	1212	563	951	895	1321	199	1170	1079	749	2133	111	2441	1153	22	1250	1121	389	1326	1037	458	161	0	920	1363	417	890	1025	569	1177	1354	565	1230	1070	1150	1996	1315	568	1828	1390	176	121	1385	614	951	1226	1110	1226	287	1025	748	1188	1459	180	2104	1212	1294	1333	1076	1105	916	1259	1291	2519	1064	161	1212	1669	1166	629	1242	1149	563	1290	678	331	785	0	1210	916	1170	1459	848	1272	938	1154	1165	1302	1204	1309	1039	1364	1272	1206	1195	1159	883	1204	180	785	1070	845	1684	1001	987	1212	1302	1340	1226	237	1122	1410	1782	1217	1073	942	1647	832	2377	1449	814	835	1217	947	1219	1434	1285	2513	1239	973	1370	1114	1154	1372	1284	180	1170	1208	249	1058	1294	1217	1296	891	1163	1067	1312	1086	920	733	2241	1302	967	1116	980	1187	1149	1141	1461	1496	804	1489	1273	2414	1318	1167	972	984	619	1190	1313	2074	948	967	886	1461	2610	931	932	1278	1104	199	1146	833	894	1138	1333	931	1464	1188	1146	2612	1063	2674	258	932	68	1422	1323	1034	1253	955	990	1645	240	1145	1268	965	176	1153	1025	1145	891	967	180	2166	1217
218	403	358	1025	782	434	329	402	31	390	576	1003	434	397	1255	1244	817	1938	241	900	370	412	564	1194	533	537	760	920	0	458	723	338	126	396	270	664	361	957	272	229	2402	492	393	1333	469	746	799	472	1412	187	307	248	1363	1148	126	172	802	570	744	1271	415	535	426	1972	241	1777	340	540	1730	371	760	330	786	278	373	351	411	402	369	275	628	323	920	591	16	434	570	994	1083	24	233	270	553	419	483	557	458	352	430	394	238	1165	419	740	323	272	313	2556	167	91	327	553	467	307	732	207	695	1563	316	405	1039	1091	90	1456	528	810	1016	316	214	420	542	1194	1974	637	449	465	241	233	467	419	772	802	319	786	270	534	418	1126	1550	243	393	497	372	414	234	1362	548	72	256	133	391	411	414	572	575	993	568	358	1573	1316	321	515	81	392	393	494	1265	72	72	71	572	1690	1074	523	1140	320	1003	226	476	1104	1657	426	1074	570	802	421	1805	281	1967	761	49	853	506	402	395	376	273	82	795	1048	226	1078	105	777	232	126	226	1550	72	740	1302	418
246	155	236	1063	936	595	356	860	431	750	644	1458	595	636	1565	786	1265	1960	216	1342	361	615	986	1243	820	939	1206	1363	458	0	1179	557	340	854	188	752	798	986	497	254	2582	500	851	1419	142	1192	1244	252	1870	425	166	411	1514	1568	340	622	813	389	1192	1048	515	607	33	2426	409	2235	146	619	1525	617	1206	357	543	199	826	333	585	860	145	733	1050	629	1363	773	458	595	387	1225	1126	436	250	198	628	533	492	847	2	202	548	505	246	1411	533	1183	629	497	578	2949	366	378	349	628	110	166	1156	306	744	1503	306	440	1237	887	548	1033	160	1035	1255	306	439	516	366	1266	1968	812	767	7	394	245	9	402	1225	825	341	1199	511	606	514	1169	1883	225	640	515	392	761	688	905	620	438	413	383	512	585	598	390	194	1241	195	236	1314	1410	229	837	421	845	511	507	1074	461	438	478	390	1274	1283	864	1198	517	1458	256	702	1335	1931	33	1283	371	813	603	1577	516	1829	1175	434	1297	91	160	471	370	459	412	371	1505	273	1123	463	1207	246	340	273	1883	438	1183	1028	514
933	1098	1028	1406	948	834	939	324	748	545	972	358	834	739	1121	1965	322	2024	963	412	971	784	451	1524	656	527	317	417	723	1179	0	851	848	330	993	985	471	1365	775	933	2379	998	334	1413	1165	310	345	1130	700	832	1020	838	1514	703	848	578	1273	1172	297	1756	895	953	1146	1293	835	1077	1049	947	2146	732	317	939	1367	1000	353	972	818	324	1072	448	446	749	417	835	726	834	1173	1106	1444	746	937	994	956	882	993	652	1179	1038	880	881	942	1195	882	337	749	775	801	2067	859	810	942	956	1189	1020	451	890	1045	1969	960	1019	1193	1686	635	2128	1224	1006	1105	960	841	900	1151	1496	2097	858	608	1186	847	940	1188	992	251	1261	940	523	761	953	899	1478	1302	957	728	991	1013	563	491	2084	958	742	841	829	872	818	807	1174	1268	1073	1259	1028	2065	1564	1031	589	760	334	875	994	1717	720	742	721	1174	2350	1198	546	1471	797	358	930	868	1182	1529	1146	1198	1182	1273	810	2244	763	2277	509	755	369	1216	1095	988	971	874	768	1516	389	920	1440	724	428	939	848	920	1302	742	337	1835	899
428	597	598	689	1121	770	624	548	353	700	906	1030	770	736	1009	1265	812	2275	409	867	661	750	502	856	860	433	752	890	338	557	851	0	316	545	414	999	381	623	607	461	2089	805	538	1671	646	740	781	702	1468	173	488	568	1035	1048	316	327	478	830	744	1542	742	864	537	1966	561	1802	520	870	2014	709	752	625	1036	373	564	634	747	548	556	466	559	106	890	930	322	770	829	691	746	327	463	382	883	749	795	883	559	574	761	721	466	873	749	722	106	607	50	2399	235	305	619	883	494	488	659	478	1026	1237	591	182	723	839	346	1585	695	500	718	591	145	746	801	856	2308	975	773	563	556	458	564	716	794	474	609	683	608	863	744	788	1325	448	731	812	199	729	464	1366	877	406	576	248	720	747	751	832	739	700	736	598	1831	979	328	832	408	583	721	808	1549	410	406	269	832	1827	762	831	802	656	1030	458	154	803	1386	537	762	823	478	759	2080	618	2274	662	295	831	641	599	144	669	100	404	765	1079	476	741	443	717	456	316	477	1325	406	722	1550	744
124	313	291	975	839	477	307	525	108	496	600	1118	477	464	1297	1123	926	1973	128	1004	345	467	654	1150	622	615	867	1025	126	340	848	316	0	520	152	698	459	903	319	151	2405	490	516	1380	374	853	905	402	1533	142	205	261	1351	1239	0	282	740	521	852	1233	435	557	309	2086	255	1895	240	564	1701	438	867	309	732	152	499	318	456	525	274	400	718	342	1025	650	122	477	520	1004	1036	103	153	145	577	444	480	647	340	274	458	415	158	1183	444	845	342	319	310	2636	84	38	302	577	341	205	824	162	719	1496	276	323	1039	988	213	1357	431	815	1029	276	171	439	491	1157	2001	696	545	347	247	150	349	400	884	742	293	872	324	556	437	1079	1603	148	462	499	281	517	361	1239	571	144	269	68	416	456	463	523	478	1009	472	291	1527	1287	197	614	134	519	417	494	1236	162	144	138	523	1594	1078	627	1098	363	1118	147	469	1116	1688	309	1078	516	740	470	1770	334	1958	847	94	958	398	313	324	353	225	125	668	1165	161	1032	183	873	148	0	162	1603	144	845	1250	437
611	785	723	1167	832	605	649	5	423	349	760	616	605	517	1094	1640	458	1986	638	551	685	558	321	1307	516	358	409	569	396	854	330	545	520	0	667	804	194	1115	502	614	2328	746	6	1363	852	394	450	831	1015	504	699	546	1369	833	520	249	999	894	388	1537	644	730	822	1585	542	1383	730	727	1963	500	409	649	1102	672	68	680	584	5	755	122	365	451	569	671	398	605	894	960	1213	419	619	665	739	636	740	526	855	727	638	626	624	1092	636	400	451	502	495	2248	529	481	650	740	860	699	443	577	856	1733	660	701	1034	1383	307	1831	912	817	969	660	516	650	870	1289	2043	707	437	862	552	621	864	716	399	990	647	517	489	730	648	1251	1341	635	506	743	690	379	173	1758	738	423	552	499	619	584	577	896	957	940	949	723	1847	1380	701	458	441	70	621	744	1511	402	423	391	896	2059	1052	430	1252	535	616	612	595	1056	1514	822	1052	900	999	582	2051	494	2142	493	426	501	897	783	673	688	553	449	1186	660	605	1209	412	465	620	520	605	1341	423	400	1597	648
76	183	198	1011	858	496	273	673	244	593	586	1270	496	512	1420	973	1078	1950	32	1156	299	502	804	1191	689	762	1020	1177	270	188	993	414	152	667	0	692	612	936	363	104	2489	454	664	1377	234	1006	1057	290	1682	257	75	282	1425	1388	152	434	764	425	1005	1133	431	545	156	2238	278	2046	105	554	1607	489	1020	275	624	54	641	267	480	673	142	546	868	467	1177	678	270	496	424	1103	1074	248	102	38	566	446	445	716	188	167	461	415	101	1286	446	997	467	363	424	2779	192	190	266	566	208	75	974	158	700	1500	225	350	1128	938	360	1208	287	912	1131	225	278	434	397	1204	1969	721	624	195	264	94	197	353	1037	772	256	1020	374	543	432	1117	1731	69	514	467	299	608	502	1091	558	258	287	202	419	480	491	428	333	1113	329	198	1418	1342	138	694	242	660	419	460	1145	280	258	291	428	1446	1170	716	1141	396	1270	104	567	1215	1800	156	1170	415	764	497	1670	382	1884	996	246	1111	247	184	368	308	313	232	533	1316	129	1070	288	1024	93	152	130	1731	258	997	1136	432
629	597	521	1674	195	230	419	808	646	459	108	1343	230	294	1871	1343	1242	1276	671	1340	399	262	1110	1848	331	1119	1202	1354	664	752	985	999	698	804	692	0	919	1602	392	593	3058	252	807	685	625	1188	1243	514	1640	832	636	436	2027	1631	698	763	1437	423	1180	776	264	147	730	2253	443	2020	630	138	1165	317	1202	418	503	745	737	430	255	808	613	729	1163	986	1354	151	680	230	424	1651	1734	672	594	728	126	253	259	340	750	558	239	283	594	1815	253	1198	986	392	978	3038	782	698	426	126	849	636	1248	550	61	2187	469	1017	1702	1625	691	1298	651	1471	1671	469	861	261	428	1853	1309	143	381	755	451	602	757	351	1174	1441	436	1319	394	149	263	1778	2138	625	304	236	971	434	680	1471	134	594	429	758	282	255	253	423	665	1646	655	521	1082	1979	830	397	591	742	281	244	731	593	594	736	423	1484	1734	441	1795	344	1343	595	1141	1760	2285	730	1734	445	1437	246	1260	384	1339	1295	704	1290	704	591	1022	389	920	594	1095	1375	569	1730	559	1270	603	698	568	2138	594	1198	871	263
574	763	719	973	978	699	675	196	392	493	856	672	699	624	952	1571	468	2144	588	544	715	658	206	1112	669	200	409	565	361	798	471	381	459	194	612	919	0	923	562	589	2163	810	188	1522	828	395	446	833	1101	393	662	579	1182	787	459	190	813	922	395	1606	715	820	767	1632	573	1451	696	820	2051	602	409	676	1137	601	244	701	675	196	727	195	268	278	565	802	354	699	922	777	1019	376	593	599	833	712	802	683	798	713	719	695	598	919	712	385	278	562	331	2198	438	422	674	834	778	662	371	567	964	1539	671	555	847	1215	278	1815	887	626	789	671	394	721	895	1094	2195	842	582	805	579	592	806	757	434	803	668	429	553	820	719	1057	1224	600	615	811	554	525	238	1683	831	416	586	415	690	675	672	924	933	760	927	719	1912	1187	607	618	432	256	692	810	1590	400	416	321	924	2050	868	598	1057	606	672	586	406	877	1368	767	868	924	813	678	2133	561	2257	404	368	499	857	762	521	720	416	436	1092	720	587	1014	424	416	591	459	587	1224	416	385	1649	719
984	1097	1134	77	1737	1379	1198	1117	968	1322	1502	1418	1379	1354	897	1406	1200	2876	948	1209	1229	1364	923	257	1483	842	1151	1230	957	986	1365	623	903	1115	936	1602	923	0	1218	1021	1624	1383	1108	2283	1120	1146	1162	1212	1844	775	1007	1165	573	1248	903	940	173	1353	1155	2034	1338	1460	984	2216	1159	2111	1029	1467	2511	1327	1151	1199	1529	882	1152	1199	1357	1117	1061	1066	949	681	1230	1546	941	1379	1352	497	140	943	1020	897	1480	1348	1374	1506	988	1101	1362	1318	1022	641	1348	1117	681	1218	660	2347	820	906	1191	1480	879	1007	1006	1055	1621	619	1155	588	435	509	969	1861	1147	424	530	1155	745	1342	1325	283	2901	1592	1396	988	1151	1013	988	1285	1217	164	1181	980	1220	1458	1340	183	1207	994	1350	1394	638	1351	1075	1462	1473	1020	1173	845	1319	1357	1363	1355	1178	542	1180	1134	2293	431	800	1455	1019	1168	1320	1388	2059	1027	1020	891	1355	2096	484	1452	213	1264	1418	1018	523	559	1121	984	484	1339	173	1370	2560	1231	2811	973	910	1195	1076	1101	579	1238	686	1014	951	1465	1042	136	1059	1064	1012	903	1043	1207	1020	1117	2007	1340
288	366	282	1288	520	163	170	507	254	264	307	1108	163	149	1502	1242	960	1667	334	1053	197	147	766	1460	326	760	910	1070	272	497	775	607	319	502	363	392	562	1218	0	260	2670	249	502	1065	426	895	951	364	1474	443	337	86	1635	1328	319	386	1057	397	890	1045	153	267	466	2067	88	1853	351	270	1488	125	910	169	600	407	446	203	139	507	356	395	825	594	1070	331	287	163	397	1262	1348	280	263	391	283	153	241	353	496	305	162	133	266	1429	153	898	594	0	585	2745	399	312	174	284	562	337	921	205	424	1815	205	643	1310	1294	306	1353	480	1080	1283	205	473	159	375	1463	1701	376	269	503	103	270	506	217	901	1059	176	986	15	266	157	1391	1785	296	150	248	600	268	340	1368	279	201	84	372	128	139	145	399	518	1259	508	282	1353	1587	485	339	199	459	130	248	1027	200	201	343	399	1574	1344	368	1407	48	1108	260	748	1372	1911	466	1344	406	1057	152	1570	18	1706	961	312	1003	496	362	642	196	532	204	869	1148	236	1343	167	954	271	319	235	1785	201	898	1097	157
37	174	140	1095	754	392	177	620	198	499	488	1228	392	408	1449	1034	1046	1858	79	1129	208	397	791	1273	586	758	989	1150	229	254	933	461	151	614	104	593	589	1021	260	0	2549	362	612	1278	240	975	1029	252	1629	290	88	177	1491	1376	151	401	851	370	973	1082	330	446	221	2197	173	1998	116	455	1552	386	989	178	581	153	580	178	375	620	141	492	855	493	1150	573	234	392	369	1152	1157	213	4	136	467	343	353	613	254	126	359	313	9	1332	343	970	493	260	460	2779	225	178	171	467	303	88	959	55	604	1595	134	432	1184	1043	317	1227	300	962	1178	134	316	332	341	1284	1880	617	524	261	159	10	263	264	999	857	160	1011	271	445	331	1201	1753	35	410	373	383	512	443	1155	460	191	182	218	316	375	386	372	346	1159	339	140	1376	1418	237	595	173	598	317	367	1087	212	191	274	372	1461	1224	619	1222	291	1228	3	615	1264	1839	221	1224	364	851	392	1620	278	1816	986	225	1082	283	173	443	218	365	165	620	1273	24	1153	210	1005	11	151	25	1753	191	970	1098	331
2515	2668	2682	1550	3139	2828	2712	2326	2425	2657	2977	2165	2828	2770	1257	3003	2064	4307	2490	1992	2750	2796	2009	1383	2832	1972	2061	1996	2402	2582	2379	2089	2405	2328	2489	3058	2163	1624	2670	2549	0	2890	2323	3685	2704	2069	2036	2779	2383	2262	2564	2647	1068	1760	2405	2297	1788	2914	2081	3621	2817	2937	2574	2324	2641	2397	2592	2940	4096	2745	2061	2713	3111	2439	2393	2723	2804	2326	2628	2358	1978	2078	1996	2958	2386	2828	2913	1407	1490	2398	2551	2452	2954	2821	2880	2846	2584	2655	2831	2796	2554	1245	2821	2042	2078	2670	2097	1632	2324	2391	2707	2954	2483	2564	1936	2567	3095	1415	2680	2147	1365	2010	2367	3480	2740	1592	1387	2680	2234	2822	2885	1344	4356	3000	2745	2586	2638	2545	2586	2805	2130	1772	2698	1860	2666	2936	2820	1453	1143	2533	2762	2896	2198	2689	2397	3040	2949	2474	2656	2337	2793	2804	2805	2916	2777	1412	2777	2682	3896	1195	2369	2780	2481	2398	2795	2893	3634	2471	2474	2330	2916	3712	1328	2757	1415	2719	2165	2546	1936	1298	859	2574	1328	2904	1788	2812	4156	2676	4363	1878	2369	2022	2674	2670	2123	2758	2184	2479	2573	2183	2564	1493	2504	1951	2543	2405	2565	1143	2474	2042	3610	2820
